_RESULTS/REVERSE_NEW/MHZ/TZ/1comp/MHZ_TZ_z_0_kriged_reverse_1comp_spherical.asc
ncols 100
nrows 81
xllcorner 5.5967107548124995
yllcorner 50.982328804812504
cellsize 0.00017565037499993607
nodata_value 1.7014100000000001E+038
[rows 0 to 18 of 81, columns 0 to 41 of 100]
0.06019775352702391 0.05881297269757918 0.05756301167816912 0.05652851340693031 0.055793864140661384 0.05543073363321418 0.055494853826194714 0.055963243698127975 0.05674671663169451 0.05773589114293497 0.05883196114655943 0.05995338486398703 0.06105647059381628 0.06212745970396049 0.06313534437386767 0.06405308432086462 0.06485646774579677 0.06552340868802657 0.06603359094475168 0.06636837566134865 0.06651087372414986 0.06695620716378446 0.06746030242594589 0.06785378439825344 0.06824208944771956 0.06858150867553374 0.06870778898031399 0.06861904778491315 0.06833537055777124 0.06787955554363002 0.0672769106826522 0.06655516781333572 0.06574449819108998 0.0648755628344863 0.06397362609668866 0.06308433046659512 0.062256112501088985 0.06153532137091151 0.06096904794176217 0.06062281573880375 0.060522175017892026 0.06066922542694517
0.05885839622832514 0.05727546814205974 0.0558181703387405 0.054572564253661145 0.05365445226351874 0.05320256413417496 0.05333293410890409 0.0540005124849432 0.05504165603672338 0.05629583786724252 0.057646993802459835 0.05901253837750769 0.06032821873472019 0.0615386943436462 0.06264578865331692 0.06365429110558093 0.06454316932552887 0.06529402056859515 0.06589292894752323 0.06633895518464844 0.06668838528793322 0.0671236722134714 0.06757215659109629 0.06792889397263059 0.06829659583334502 0.06853957139543274 0.06854907864373175 0.06834109761590362 0.06793518712144626 0.06735336291480122 0.06662025632560904 0.06573592720612029 0.06472687927225966 0.06364386742447983 0.06253829463237486 0.06146239648706289 0.06046941748233747 0.059613053574009554 0.0589509265829317 0.058558885425764214 0.05847109486060392 0.058693176814583345
0.057528570200589775 0.05576716231642281 0.054107683339746325 0.05262282868269283 0.05144332342185791 0.050821548432931865 0.05105246219810011 0.052018437208506046 0.05337670394017743 0.054910672544587716 0.05650923556456012 0.058103272301720923 0.05963819081943016 0.061064489427627294 0.062334487921086944 0.06342944475468805 0.06439951129691261 0.06523667523321165 0.06593560510308097 0.06650763184886782 0.0669947155141316 0.06744673401184456 0.06783288323670371 0.06812556744247175 0.06842922130591397 0.068549228893036 0.06843933682913045 0.06811232121803303 0.06758593257711622 0.06684835554212842 0.0658950246610741 0.0647753474568035 0.06354029655828437 0.06224130622160033 0.06093050260678834 0.05966164250063088 0.05849158976997094 0.05748155544550047 0.056703890633231675 0.05625007122936977 0.05616893452705188 0.05647283458348454
0.05628874475763816 0.05439371978505071 0.052577390196624996 0.05087683801169336 0.04936410579286496 0.0483499570551177 0.04879401785392332 0.05023169908328677 0.051925463174496624 0.05370631915658718 0.05551173154140547 0.057296836051543065 0.05901918023552744 0.06063540117604822 0.06210098939773229 0.06337129890717262 0.06442332055329253 0.06533470286821393 0.06611734019247043 0.06677947888705925 0.06733903987730415 0.06780647702265588 0.0681595799860724 0.06839767371614787 0.0686114460781996 0.06861274306892919 0.06838808755431881 0.06794123610355718 0.0672161072633188 0.06623399022898675 0.06504452693618366 0.06369843365315508 0.0622460221612675 0.06073809112368165 0.05922571113128162 0.057761763618897344 0.056403995843310004 0.05521936157520097 0.05429887370431958 0.0537572062059086 0.05367192682781381 0.05406946828714823
0.055198713559176944 0.05323843957778169 0.05136210018327396 0.04958855057412706 0.04792986504766962 0.04640212135205064 0.04723052681347518 0.04901314840929935 0.05087669140522213 0.05279089224961307 0.05472546661229803 0.05664585683033552 0.0585133678338945 0.060285946048784976 0.061919318814464386 0.06336851771515914 0.06458985782607264 0.06556886564598977 0.06640760857373237 0.0671229617168939 0.0677180123039735 0.06818872223825614 0.06851522563276982 0.06870963494067435 0.06883132823671838 0.06872767294380243 0.0683822491601659 0.06771369409220893 0.066748094233012 0.0655336614416864 0.06412113239284396 0.06256191085383554 0.06090647795307355 0.05920325703097911 0.05750047859010299 0.05584717715168469 0.05429724630939457 0.05291745014483644 0.05181730287111292 0.05114304533687729 0.051032902650785514 0.05154720261469086
0.05428389545866178 0.052330808360830386 0.050506858381109396 0.048859001222029824 0.04748589277482119 0.04670491686155388 0.047157354584431196 0.04855191226038069 0.050300757079998884 0.05220333393987784 0.054179399176498985 0.05617544745107119 0.05814376648344083 0.06003716928905936 0.061807950537016355 0.06340838762347457 0.06479200034707971 0.06591517476152431 0.06678828707143143 0.06752577116180138 0.06812928881295117 0.06858819445337368 0.06888327640626232 0.06903964292307573 0.06908028820268065 0.06887129653519344 0.06830816835977681 0.06740869221377113 0.06621903530462993 0.06478940413425513 0.06317183329930737 0.0614182661669091 0.059579030366486985 0.05770142280637056 0.05582919249348421 0.054005101215907264 0.05227355522651652 0.050690811153196146 0.049368297017551986 0.048482006555483965 0.0483001081707023 0.049016587168142785
0.053533082901842305 0.05163800496340956 0.0499356660861227 0.04850238338406116 0.04746837600966527 0.047049042380303885 0.047429990693541625 0.04852803357443508 0.05008204411083401 0.051896321483460614 0.05385524799731552 0.05588172553800012 0.057914103213357104 0.05989662522442171 0.061775837030129566 0.06349960493549463 0.06501737458281538 0.06628097218295123 0.0672454035932347 0.06797847158047071 0.06856770354626797 0.06899881641097627 0.06925266247258326 0.06937259514240798 0.06934282972398646 0.06894282763801868 0.06816579548875387 0.06705590929187925 0.06566258097088544 0.0640384308997333 0.062237236402749085 0.060312033326728166 0.058313454577303865 0.05628835474486277 0.054278065521942136 0.05231865447165952 0.05044276515393947 0.04868897238631058 0.04713063152396938 0.045908300817054014 0.04571528382831752 0.047564575960078244
0.05291100280470052 0.05109188643357313 0.04952258186712385 0.048286500671723936 0.04749185125821885 0.04726170380395626 0.04765589495802706 0.04862876679648128 0.050049920524247685 0.051779481437523166 0.053705266208321355 0.05574047445845332 0.05781362526079553 0.05986131291403717 0.06182428001415501 0.063645674263426 0.06527058954428011 0.06664628763021381 0.06772265122495055 0.0684700111239325 0.06902470496083418 0.06941202592352468 0.06961267327211619 0.06970203202048669 0.06953447021573352 0.06894603326525736 0.06797917613743229 0.06668233788785308 0.06510833926252411 0.06331254757731747 0.061351010524615134 0.05927868395416068 0.05714779618994066 0.05500633114401052 0.05289650838784442 0.05085241598257971 0.0489006853456195 0.047074466844224575 0.04539733531954445 0.04422132486606102 0.04417942926181394 0.047929215883231714
0.05237667818008627 0.05062396202224705 0.049163653867779156 0.048075259413850546 0.04744116131214406 0.04733338700873771 0.04777557528646238 0.048720381463423605 0.050085989227982596 0.05177087192608722 0.05367758786193604 0.05572052551266226 0.057824647929872845 0.059922118704759185 0.061949512527467505 0.06384614337465035 0.06555335645469541 0.06701448951454296 0.06817522314421058 0.06898411767886699 0.06948836147754188 0.06981644372381687 0.06995260971973466 0.06997536021514629 0.06965181223695342 0.06890123208621118 0.06777050836843809 0.06631195400212082 0.06458169860493572 0.06263800030908123 0.06053960184418219 0.05834421130162593 0.056107119663489566 0.05387990528348066 0.05170916160111422 0.04963481528588248 0.04769277955347672 0.04593227033203835 0.04478206615935618 0.04487321821532756 0.04661292732003908 0.050851516252420535
0.051897453815231816 0.050184162927697326 0.048794024535146044 0.04780372052488555 0.04728044574364706 0.04726937528032596 0.047777905204902604 0.048756072372661025 0.050130316733158285 0.05181772624484164 0.05373278768699756 0.05579484164011235 0.05792964901695986 0.06006826076854442 0.062144394548265924 0.06408425177628267 0.06583075904318246 0.06733261019762649 0.06853874230802942 0.06939840017469624 0.06988501450534355 0.07015784084010418 0.07024989115529354 0.07016198170504775 0.06971211770719447 0.06882692463712717 0.06755951028430168 0.06596548363233731 0.0641039344765621 0.06203588270180739 0.05982289719121309 0.05752594930902465 0.0552045071096381 0.052915810893283316 0.05071425969844544 0.048650978747608334 0.04677779345505671 0.045453656079017184 0.04553432756144825 0.047100396911007925 0.05041658940297438 0.05577356470688534
0.051456445907598125 0.049745209775773236 0.04837992621492715 0.04744231971462875 0.04699731479636967 0.04707631139209391 0.04766919870635873 0.04872652780325045 0.05016242528684444 0.051896434634833996 0.053849604401787196 0.05594645977705332 0.05809999001886511 0.06022596325681315 0.06227119216660309 0.06418459864557036 0.06591586005245025 0.06741461621977812 0.06863007840294208 0.06951112667358382 0.07000726109876902 0.07022509192344242 0.07027500388478092 0.0701202727585624 0.06964384825462003 0.06871258096579252 0.0673627743502432 0.06566033714212934 0.06369260749268738 0.061523081000223016 0.05921584021374972 0.05683502565846517 0.05444457162959328 0.05208868479050963 0.049807888179088586 0.047696550505824074 0.045969793393405387 0.04566236654370182 0.04696616121863145 0.04995479345337063 0.05483195579176718 0.06183250998319312
0.05105653864021349 0.049302520753058965 0.04790972650597684 0.046978523383103064 0.04658769232660173 0.04676373285853311 0.047473812367875214 0.04864598146115404 0.05018938140347989 0.05200777396976873 0.054010786397427575 0.05609014494688526 0.05818837426943543 0.060255015509176134 0.06224198227290151 0.0641022925534556 0.06578896946870758 0.06725419628517516 0.06844887161689969 0.06932274880760281 0.0698252506371753 0.0699911538549475 0.06999546488865252 0.06979115601461239 0.06931719403822226 0.0684057337208773 0.06708113166076657 0.06538431663926281 0.06336210820520279 0.06111352350632492 0.05873067012295334 0.05625770216306695 0.053704685821473606 0.05117057516977537 0.04876186135107605 0.04659673654810187 0.04553085051186846 0.04623688344977463 0.048729981943543194 0.0531448867633147 0.05972673253027998 0.06879241830128842
0.05071970903032756 0.04887233365450555 0.04738780556407102 0.04640539132398458 0.04604695939264577 0.04634419535441962 0.047221494651051917 0.048557284248787906 0.0502392466533184 0.052127422908327316 0.054112763639143906 0.056143435295358986 0.05817442957500635 0.06016298377849392 0.06206770215782473 0.06384739789531248 0.0654600198077934 0.06686172563817112 0.06800630056365689 0.0688453068412074 0.06932920547817963 0.06948030636336266 0.06944672778971646 0.0692132543028077 0.06875899358564619 0.06790492497412007 0.06664324324013378 0.06501157974598071 0.063053053997904 0.060815384161378945 0.05829589220600864 0.05559836718498775 0.0528383844658677 0.050127857275890746 0.04759136864661785 0.04557948108435799 0.04531341358081219 0.04694730125994253 0.05059138404876538 0.056474582000911246 0.06495098373864173 0.07649850599088166
0.05049992751796114 0.048512813664580254 0.046856439859066165 0.045733485921944685 0.045379734003278195 0.04585558253754333 0.04697741621507032 0.04852795187602431 0.050304872986041305 0.05220181708864268 0.05416180038580766 0.056133014760139766 0.058078748184226 0.05996513550738028 0.06176020761285898 0.06342985368680334 0.06493821223307941 0.06624666365805089 0.06731285699835705 0.06809061170474649 0.06853776414381754 0.06871566147179574 0.06866458396556546 0.06842482572559652 0.06799704013011523 0.06723846068978767 0.06607804084291982 0.06454885492349374 0.06268292114254703 0.060401803567143024 0.05774958603209445 0.054850804767887416 0.05189747301704411 0.049021126873921364 0.0463362246866214 0.044758484972624774 0.04514772238242562 0.047594581378345734 0.052339736132039544 0.05974143863663108 0.07030476312841104 0.08473464498778215
0.050488265271071114 0.04834391591197503 0.046434392606287976 0.04500739872110779 0.0446002466080468 0.04540077955595691 0.04687243726570922 0.048600130905898556 0.05042907043518942 0.052307525411838675 0.05420257483006436 0.05608484174233087 0.05791836998012498 0.059675675143532864 0.06133054133857133 0.06285828407496458 0.064231065384844 0.06541666929937726 0.06637767728754711 0.06706988588898263 0.06752113753487429 0.06772977771240135 0.06768357657286093 0.06746274296812381 0.06706573631181555 0.06643138003962468 0.06541088954656038 0.06401482726473674 0.06212761831131285 0.05977180198076568 0.05704830705033823 0.05406560109861158 0.0509590041921259 0.04792094747242936 0.045175509859545424 0.044047005114706536 0.044907846811117556 0.04799967930308595 0.05377468976861691 0.06274416299416931 0.07555620989267058 0.09319746971439824
0.05079504513988711 0.04855543063623463 0.04641924548299016 0.0444749759180356 0.04379595808485522 0.045304278986577184 0.047086758575564366 0.04889784845843719 0.050712582942845766 0.05251681131748199 0.05429582271052317 0.05603285254949414 0.057709257100144185 0.059301864377530385 0.06078520587759666 0.062138927139491484 0.06334359650353506 0.06437647270473314 0.06520712925627517 0.0658340004762886 0.06631670464937102 0.06655243380370374 0.06654199731723294 0.0663905289279604 0.06608128908238978 0.06559078946273109 0.06476553095883397 0.06340801489540814 0.061478205706910836 0.05907134826318972 0.05629917709984413 0.05327187007485042 0.050096387675017603 0.04691352704920873 0.044270095372998725 0.04344456486958233 0.04455111855756177 0.04800738916389205 0.05473760034372643 0.06535335111534574 0.08049412454840016 0.10150071611026974
0.05149916418749848 0.04932191723033204 0.047250381145961445 0.04541718541568052 0.0448410087380398 0.04619646312826284 0.04785733249337969 0.049547910306266645 0.05122588490050825 0.05287298599560891 0.05447444616842329 0.05601554959175731 0.057481231214253165 0.0588563155509875 0.06012565182330131 0.06127279355315295 0.06227840484932847 0.06312752898726533 0.06382862377740503 0.0644490308604926 0.06496521193932431 0.0652920444774524 0.06541238722591836 0.06539957121690534 0.06522852575352264 0.06487497812665775 0.06417781401548033 0.06283445170472693 0.06091073329072389 0.05850244790620737 0.05571515347855647 0.05265774469486385 0.04943632933062493 0.04614975253612337 0.043672546049158545 0.04307249500658783 0.04427707455300533 0.0475460610228304 0.05533268901601609 0.06767681517610012 0.08498361574830449 0.10917754943817676
0.05258754006361553 0.050627272388181155 0.04888624641130575 0.04761941816090473 0.04730136501564776 0.047983416902121157 0.04918015375420352 0.05055551436365861 0.05197530451283588 0.05338182133304969 0.05474345091977393 0.056038705666539894 0.05725106437691087 0.0583672946998417 0.05937675076346267 0.06027052686375268 0.06103981679580994 0.06170404317912918 0.062343524432143305 0.06299375364395186 0.06361772087679339 0.0640784249743709 0.06436360954777036 0.06452370662691975 0.06452678372945694 0.06431160165837747 0.06362379241027599 0.06235239854403726 0.06048272969926934 0.058109379235195 0.05533918080735951 0.05228388840248162 0.049053507815034675 0.04575427624281966 0.04351099710359036 0.04315106451014498 0.04467727762956499 0.0485086836533703 0.05681595905004841 0.07003679975577606 0.08887445511074446 0.11563451905713942
0.053955925351917 0.0522759832944865 0.050881884988383495 0.049972278274175844 0.049703862050098836 0.050037040308003995 0.050807342813952966 0.051809211356162815 0.052904136987328376 0.05401188961924319 0.055084701134075986 0.05609204011849501 0.05701357271185338 0.05783618286873632 0.05855261048028365 0.059160734484697775 0.059707888227429035 0.060279745139367284 0.06091888164770221 0.06161135253567007 0.062323194271229065 0.06293410578551151 0.06342090512642393 0.06379511138225148 0.06401450264731089 0.06388009933489305 0.06320192000674175 0.06199949662003384 0.06022138316487208 0.05791565011863687 0.05519190076359741 0.052167423164030356 0.04896060119630866 0.04571474462861058 0.043729071532353864 0.04365247075836771 0.04568002618431787 0.0503690234927957 0.05883689901810091 0.07216361568541653 0.09174168771173988 0.12010536751880241
