_RESULTS/REVERSE_NEW/MHZ/TZ/1comp/MHZ_TZ_z_180_kriged_reverse_1comp.asc
ncols 100
nrows 81
xllcorner 5.5967107547500001
yllcorner 50.982328804750004
cellsize 0.00017565049999994641
nodata_value 1.7014100000000001E+038
[rows 57 to 75 of 81, columns 0 to 42 of 100]
11.549324807121174 11.549000514984797 11.548432935885925 11.547534568395262 11.54620003634528 11.54431214786863 11.541759832527628 11.538474043927996 11.534484211002137 11.529988183670163 11.52541438779515 11.521442927010058 11.51895138825214 11.518865293052933 11.521918811208364 11.528359660158413 11.53765455113905 11.548265850532278 11.557587691507317 11.56218076598656 11.558548804580028 11.544729999905654 11.522490999887633 11.498584803029281 11.48266488806251 11.481740007843179 11.495494650177559 11.517031363222891 11.537976417056186 11.55294678427449 11.560583488509717 11.562177942228354 11.559922545949416 11.55579220457281 11.551107826295635 11.546520832040057 11.542183393856993 11.537962759620669 11.533633999400763 11.529032949344453 11.524171060719981 11.519310823756843 11.514987020906513
11.548992738470597 11.548613228829293 11.547959464407624 11.546917878086168 11.54534646671162 11.543080950025354 11.539956475494977 11.535853887288052 11.53077479170926 11.52493556531569 11.518850250902334 11.513357248217476 11.50954723267495 11.50857335363912 11.511361349604954 11.518272685685293 11.528795759679458 11.541344845678658 11.553246681823984 11.561024410573427 11.561172628328082 11.551644389414777 11.533840994904464 11.513721241186381 11.499902667039946 11.498701129272439 11.50997540603022 11.527779619066704 11.544852075571084 11.556543223739318 11.561738762524177 11.561662185161596 11.558325063912958 11.55351939045952 11.548415398705854 11.543544546305268 11.538959228337909 11.534438819793507 11.529679678058484 11.524451868145738 11.518724670740331 11.512757707823628 11.507137011333644
11.548704391998875 11.548261585146049 11.54750829529172 11.546304253524497 11.54446969148478 11.54179105565562 11.538046189400644 11.533061362069095 11.526806053085547 11.519512100262737 11.511777322946884 11.504596398827312 11.4992691573077 11.497170286005371 11.499411799393426 11.506471665032521 11.517882717757546 11.532069970610078 11.546405471682771 11.557552665179225 11.562220672730295 11.55845138479747 11.547210185814064 11.533167586034438 11.523092643280961 11.521957749399267 11.52976789784926 11.54208619767569 11.553456726681471 11.560411279318865 11.56220981818152 11.559939191519355 11.555294903769305 11.549757362995887 11.544247726739586 11.539109128766675 11.534248398027978 11.529326619333816 11.523942255471407 11.517791439988923 11.510807383074923 11.503271603173147 11.495866461009523
11.548473884792086 11.547971304499491 11.54712304298152 11.545764259650767 11.543680084641723 11.540610504667177 11.536278486005491 11.530457025493227 11.523082438269757 11.514396624192699 11.505068830825401 11.496228848191862 11.489356336847683 11.486014349749814 11.487471801502041 11.494307016971057 11.506103343405899 11.52133106057728 11.53747212228179 11.551420286937756 11.5602003743444 11.562026199650386 11.557450415884597 11.549789927741061 11.543831980020869 11.543071004563368 11.547584419960813 11.55444787881199 11.56006936167605 11.562235229406713 11.560632471581071 11.556228564207723 11.550390844858635 11.544261096722588 11.538481173297562 11.533178524948692 11.528091860835724 11.522746422977821 11.51663056043782 11.509361401241911 11.500841843486048 11.491396073311217 11.481840195230584
11.548309095946134 11.547761118378604 11.546839872217953 11.545361261961233 11.543082600488113 11.539706550721023 11.534911301973617 11.528425357996932 11.520155213268358 11.510345256809876 11.4997126857218 11.4894812850895 11.48125551234144 11.47672721645848 11.47727094393959 11.48353466928434 11.49514913079769 11.510652414277974 11.527672631689303 11.543365404263078 11.555084771379105 11.5612265856428 11.562000744211156 11.55957868514022 11.557086776080586 11.556777082260076 11.558743132762665 11.56125252655427 11.562225084399122 11.560504042660096 11.55617155553797 11.550126205634403 11.543468038549634 11.53704207793747 11.531231521319727 11.52595435668428 11.520780056147128 11.515094601330569 11.508273673084814 11.499856007445512 11.489720278030987 11.478246979891205 11.466407667085349
11.548214327278405 11.54764479045573 11.546687898929294 11.545148517792448 11.54276772359259 11.539225943048494 11.534173902989224 11.52731133572401 11.518522269936595 11.508044215916682 11.496609575176567 11.485478837388213 11.476305988089283 11.470832134465399 11.470470883267359 11.47590113824341 11.486796326842658 11.501784804376298 11.518670851271864 11.534884368347404 11.548091149535525 11.556854062495288 11.561126203941768 11.562227612701449 11.562082860489365 11.562057630317135 11.562239920878179 11.561708714873097 11.559436174386265 11.555027612473319 11.548873775148381 11.54184277975828 11.53484224513514 11.528485432590111 11.522939976177724 11.517939182850737 11.512897233488156 11.507070228126118 11.499729428427198 11.490342997329678 11.478771688990241 11.465455347930677 11.451519268078854
11.548193177286121 11.547633674698462 11.546690526818159 11.545167608561309 11.542804043884056 11.539276831224733 11.53423099181268 11.5273573687039 11.518527171531478 11.50796058154819 11.496367411094836 11.484979282874136 11.475414795596537 11.46937620245799 11.468244320955561 11.472689380948617 11.482425629625787 11.496198480585791 11.512021839237411 11.527614336082582 11.540938820856532 11.550714922485227 11.556723214234985 11.559699257550399 11.560769433376732 11.560726165109049 11.559650507356553 11.557128295996208 11.552796595132355 11.546754118965662 11.539601031728731 11.532189896376495 11.52529430238901 11.51935496561542 11.514369145260888 11.509916981633591 11.505280707371409 11.499606752409196 11.492080868347774 11.482115990840533 11.469561210875455 11.454906496321223 11.439402198751134
11.548251756771492 11.54774028758085 11.546868872788421 11.545450645588007 11.543237245347813 11.539921216947137 11.535163713772121 11.528666462758066 11.52029719954311 11.51024810767002 11.499169084665786 11.488199199391206 11.478840533108263 11.472673942856074 11.470982108130999 11.474392999488266 11.482663954288576 11.494686028904844 11.50871706361995 11.522782248766172 11.535135785935418 11.544653374079958 11.551014924539214 11.554573501740624 11.555947957603959 11.555578002974496 11.553541004285574 11.549724788209174 11.544162105437678 11.537247232409394 11.52970523143408 11.52237227781197 11.515925298568366 11.510677295404543 11.506494869799933 11.502838307395075 11.49888786727259 11.493709711181817 11.48643244028441 11.476435835110763 11.463563584455418 11.448335662765574 11.432074582037966
11.548402441811023 11.547983231794175 11.547247918809598 11.546027531229983 11.544098114181056 11.541183069361324 11.536976978496757 11.531207642771381 11.523745619940133 11.514744909540893 11.50476390507144 11.49479710926817 11.486165658249883 11.480265530778027 11.478233364135185 11.480633071315214 11.487271057358052 11.497208808231232 11.508975002151807 11.520914142916606 11.531567418907278 11.53996829898168 11.545750283169124 11.549023390013422 11.550089210796312 11.549173995033065 11.546353012944248 11.541688485610212 11.535438162231342 11.528160384952905 11.520642135547641 11.513695287966254 11.507921762358023 11.503539288311107 11.500318404462442 11.49763437470821 11.494601221510472 11.490241680200642 11.483662577940693 11.474237329788767 11.461810692626292 11.446905762344583 11.43084890930627
11.548667945381991 11.548392969679364 11.547864455637603 11.546936741173136 11.545417288616228 11.54306902027719 11.53962929146338 11.534859383719228 11.52863395168978 11.521059514557919 11.512580703609489 11.504013905815372 11.496460563238491 11.491096637969738 11.488889607597562 11.49033286433591 11.495290559666557 11.503010580401202 11.512304289719397 11.521834272431917 11.530416463781288 11.537238557978972 11.541923963973945 11.544431944743886 11.544867189374811 11.543326934281664 11.539883902700444 11.534696607389558 11.528141997489936 11.520856815990687 11.513643728232644 11.507278992469741 11.502300851401067 11.498855950030077 11.496650588304808 11.495012009793053 11.493028422669237 11.48972065838362 11.484212358784076 11.475898884707414 11.464632666833435 11.450911824180075 11.43599544176005
11.549084631143367 11.549016491060318 11.548773464295 11.548234126390115 11.547238067619933 11.545588428409578 11.543065751990175 11.539463894952128 11.534657802206022 11.528698572205258 11.521905303980276 11.51490313101328 11.508563256586548 11.503837346889805 11.501527161960762 11.502064914832873 11.505382851680457 11.510920023571265 11.517763816095847 11.52487541108194 11.531320654602666 11.53642925206399 11.539835798308626 11.541409339732704 11.54113438334217 11.53903085817758 11.535167583131333 11.529750395022596 11.52320776779766 11.51619628196267 11.509497813581639 11.503839056106965 11.499698973159777 11.497171950595757 11.495930259091743 11.495291466323065 11.494360409222407 11.492198084896023 11.487981945347713 11.481155241449502 11.471584278284665 11.459718281507964 11.446687950011329
11.54970289391791 11.549917156092581 11.55004679595982 11.549989932869213 11.549612140999551 11.548750232493786 11.547221769848747 11.544847470964072 11.541497002032667 11.537161008496705 11.532030636676502 11.526543384858924 11.521352695425206 11.517207063675897 11.514767931943789 11.514428533358496 11.516200258594214 11.519707654855807 11.524290764161867 11.52917348924989 11.533635300898789 11.537128078187687 11.539308007496663 11.539993992081634 11.539100586384949 11.536603124031455 11.532564954774868 11.527207081667864 11.520963633853663 11.51446804116409 11.50845054795981 11.503572628861571 11.500253882505316 11.498551325551515 11.498131106732554 11.498338012560232 11.498333690175107 11.49725694477758 11.494369592480627 11.48918269049075 11.481581352967282 11.471950024424919 11.461249740272873
11.550581520779028 11.551164553551258 11.551755743525352 11.552260746049328 11.55255797129933 11.552506994482973 11.551956341053929 11.550752542135493 11.548761719006235 11.545916498382427 11.542284337530234 11.538125824970894 11.53389837224075 11.530179773944008 11.527527425006676 11.526324459247956 11.526672382953173 11.528368959179017 11.530973492523842 11.533927627525651 11.536682614798922 11.538789031104661 11.539928220386324 11.53989546046775 11.53856856476103 11.535899160807588 11.531943388191571 11.526915453600752 11.521222957830382 11.515443917500921 11.510231364260806 11.506166547403051 11.50360759481189 11.502585761735908 11.502784834082549 11.5036083583209 11.504307857309197 11.504128511520555 11.50243690133405 11.498823308220008 11.493194449460773 11.485863557628136 11.477604895409868
11.551772991716987 11.552809302311031 11.553929071108222 11.555022531810854 11.555959892171277 11.556613190546901 11.55686890652653 11.556622486117009 11.555765336281786 11.554193223848786 11.55185736676191 11.548841535364069 11.545412703332756 11.541997082330553 11.539077256777755 11.537053251425323 11.53612797231567 11.536260695764037 11.537197425929941 11.538554564249218 11.539916278023425 11.540909828476801 11.54124168296828 11.540700251780583 11.539147534985844 11.536523869574133 11.532876007448115 11.528396381781135 11.523444344932713 11.518520189685225 11.514181389879854 11.510917846749233 11.509024621341448 11.508515979741816 11.509111014674334 11.51029460965508 11.511430144351976 11.511885583537323 11.5111408567939 11.508867742108688 11.504994672230982 11.49976563266383 11.49377354984914
11.553298750820726 11.55484116679657 11.55648314478201 11.5580573174922 11.559392288547023 11.560368768930616 11.560953529328021 11.561176347256206 11.561051982477771 11.560505587154053 11.559378492739741 11.557533506338935 11.554989630102002 11.551985361906898 11.548924676887403 11.546240956636455 11.54425482068097 11.54308840800689 11.542657691813195 11.542726202480026 11.542984375153189 11.543120535252953 11.54286515856019 11.542009101803707 11.540409851353774 11.538002183761746 11.534820694767955 11.531026524821852 11.526918350076716 11.522906885363167 11.519445111903227 11.516927113541467 11.515585843699117 11.515424988588876 11.516209378175343 11.517516772415007 11.5188314122179 11.519647567527343 11.519555980877803 11.518304326367105 11.515840304049284 11.51234629394913 11.50825565360189
11.555118456318143 11.55713742273953 11.55913428892757 11.560804806326411 11.56187516336702 11.562238787266958 11.562054938233352 11.56170904649735 11.561597461038081 11.561847919801906 11.562191401836088 11.562111052988493 11.561163271402016 11.559233355808317 11.556574408217436 11.553656997526586 11.550957292595545 11.548796941166163 11.54728122971544 11.546323288697328 11.545714099556207 11.545198051217659 11.544529659836613 11.543506222488126 11.541984690390297 11.539894916212466 11.537256140487798 11.534193205881499 11.53093996335604 11.527815914326316 11.525170694460774 11.523305879789847 11.52239681468169 11.522441150739123 11.523252727118177 11.524502762634748 11.525793039690233 11.526736433202474 11.527023475464858 11.526466953985736 11.525029726864332 11.52284286524682 11.520210143779849
11.557104670295331 11.559422034303546 11.561326864137014 11.562226521948745 11.561616333724794 11.559394243471248 11.556137081920197 11.553079360651704 11.551612114711341 11.552489814046222 11.555317357060794 11.55877010161807 11.56137511768547 11.562237710348459 11.561279223123023 11.559020277305113 11.556194804228534 11.553434993731582 11.551117803273476 11.549353862748694 11.548057235373205 11.547037236793022 11.546075741737903 11.544977604403119 11.543598511805206 11.541860820541551 11.539765268064679 11.537399029505085 11.534933599046754 11.53260406215689 11.530666472830154 11.52934005751894 11.528750299375641 11.528891938758367 11.529625193671457 11.53070645522475 11.531842237016003 11.532748485565724 11.533199617659108 11.533060703283269 11.5323053364962 11.531023989236191 11.52942186215666
11.559041286919 11.56127050206663 11.562239847495194 11.560785716982048 11.555889208482931 11.547354687964932 11.536540676832534 11.526523323332038 11.521045882362081 11.522478051086939 11.530254258056614 11.541215667899293 11.551555685077851 11.558695992346816 11.561918189097073 11.561896101254654 11.559878059814633 11.557053538290937 11.554248244765079 11.551876506284414 11.550030258742318 11.548607800313773 11.547426535622797 11.546299571183724 11.54507862748934 11.543674828245871 11.54206797388241 11.540308937329124 11.538513730539291 11.53684525544737 11.535481251150177 11.534573083597834 11.534206078336364 11.534374097067502 11.534977208844142 11.535843157018995 11.536764912698889 11.537542140935276 11.538015818649718 11.538090970671554 11.537748331564114 11.53704769085682 11.536123103987043
11.560663983436774 11.56219936790862 11.560954945303887 11.55471051162753 11.541352011085761 11.520223399712883 11.493913097741794 11.469125384477351 11.4547039151083 11.456753254667195 11.474443747796544 11.500568983783452 11.526311335939962 11.545755528277873 11.55717648378492 11.561777530017617 11.561875780890656 11.559671922089484 11.556735181189033 11.553949711401081 11.551668606888281 11.54991572146568 11.548556848109172 11.547415290612932 11.546336400329396 11.545216957174667 11.544014731606335 11.542747575173461 11.541485080734278 11.540332386206753 11.539406088563247 11.538805452478757 11.538585629851841 11.538740785112104 11.539202575822909 11.539854287949087 11.54055562866786 11.541170370035916 11.54158983344057 11.5417485773794 11.541632152426507 11.541278256178686 11.540771747124062
