_RESULTS/REVERSE_NEW/MHZ/TZ/1comp/MHZ_TZ_z_90_kriged_reverse_1comp_test3.asc
ncols 100
nrows 81
xllcorner 5.5967107548124995
yllcorner 50.982328804812504
cellsize 0.00017565037499993607
nodata_value 1.7014100000000001E+038
[rows 0 to 19 of 81, columns 44 to 87 of 100]
8.51459944017396 8.510223234280433 8.505763268384827 8.501563947686746 8.497880849871084 8.494854912562628 8.492516448968457 8.490811071551146 8.489634658141348 8.488865919864702 8.488389945535484 8.4881111237366 8.487957226780432 8.487877803191221 8.487839891051898 8.487823202735854 8.487815953754675 8.487811744931372 8.487807451563235 8.487801881957461 8.48779494692798 8.487787141487841 8.487779216660993 8.487771979316781 8.487766190592179 8.487762542306456 8.487761685400562 8.487764275106684 8.487770992388832 8.487782505360482 8.487799350098443 8.487821736564015 8.487849317372097 8.48788098591648 8.487914784211677 8.487947989469689 8.487977408547783 8.487999848844115 8.488012671855758 8.488014295231984 8.488004509384927 8.487984519752137 8.487956701990136 8.487924138048722
8.522435878125547 8.516964420102338 8.511299238229029 8.505895632361547 8.501108800815151 8.497147261522823 8.49407030438248 8.491819338413416 8.490264402102813 8.489248801147141 8.488621868606016 8.4882572237555 8.488058852048342 8.487959320602503 8.487914278839357 8.487896196770611 8.487888937668657 8.487883709777828 8.48787632088138 8.487865407019287 8.487851290713925 8.487835217577569 8.487818832429273 8.487803838126084 8.487791817367338 8.487784196745334 8.487782310269063 8.487787494634864 8.487801135124197 8.487824588361779 8.487858939977196 8.487904609019102 8.487960876569893 8.488025474782187 8.488094400551164 8.488162094297506 8.488222042348868 8.488267737717884 8.488293807489452 8.488297033806832 8.488276996793187 8.48823615948927 8.488179369190958 8.488112912857956
8.53045371492334 8.524005286656815 8.517179380954888 8.51055655010247 8.504615755691836 8.499655887982101 8.495781153018687 8.492937071739636 8.49097027422076 8.48968757360283 8.488899896196775 8.488447102062203 8.488206650922809 8.4880918320097 8.488045063685052 8.488030156726191 8.488025619869529 8.488019688724343 8.4880069466293 8.487986091452921 8.487958406400365 8.487926640447622 8.487894167500503 8.487864402718506 8.487840489254578 8.487825242368292 8.48782128036169 8.48783121515533 8.487857745322955 8.487903507365527 8.487970603160601 8.488059827361381 8.48816974747286 8.488295904330329 8.488430454385476 8.488562526707392 8.488679405324431 8.488768405578412 8.488819068427759 8.488825142348784 8.488785828338823 8.488705942094498 8.488594944440512 8.488465105029892
8.537940487952547 8.530772840896487 8.522957078659081 8.51520998970095 8.50815725831743 8.502210925021519 8.497537096599796 8.494095778274463 8.491715373331749 8.490168062275702 8.489226387393362 8.48869555346167 8.488425157061933 8.488307668319244 8.488270688286448 8.488267901298379 8.488271295962642 8.488265440147819 8.488243576156366 8.488204937373094 8.488152740346685 8.488092540310033 8.488030876485512 8.487974276461598 8.487928708589644 8.487899492318798 8.487891550587465 8.487909772056094 8.487959189670123 8.488044704688793 8.488170202448126 8.488337106395802 8.488542660436948 8.488778445042525 8.48902972953177 8.489276165257422 8.489494014097744 8.489659653456728 8.489753650298312 8.489764423331774 8.48969053434834 8.489540981026353 8.4893334031815 8.489090683766372
8.544258175932749 8.536709852137053 8.52816439107319 8.519481076974607 8.511448419021661 8.50460799770721 8.499200868070648 8.495210940322941 8.492454978580849 8.490675048034669 8.489608209374584 8.489026531080496 8.488752047841324 8.488655712704455 8.488648934322006 8.488673631165328 8.488693810982575 8.48868948063997 8.488652469780632 8.488583367204496 8.488488918045679 8.488379600205505 8.488267447081675 8.488164369044894 8.488081209620946 8.488027596247381 8.488012397803038 8.48804437883449 8.488132523278187 8.488285539373077 8.488510270422987 8.488809101147517 8.48917689162806 8.489598357001741 8.49004697398065 8.490486299170927 8.490874008038809 8.491168150543311 8.491334345156945 8.491352191647064 8.491219256655322 8.490951570001764 8.49058048416748 8.490146710895313
8.549020719341188 8.541405601146588 8.532406550290151 8.523024158552287 8.514211188671704 8.506640655368333 8.500631505800488 8.496196163690717 8.493145699832919 8.491198325861182 8.490061064950968 8.489476654660413 8.48924139457362 8.489204696190445 8.48926038763271 8.48933657098984 8.489387314780222 8.489386852255201 8.489325562584076 8.489206663253025 8.489042859164833 8.488852771488613 8.488657478850863 8.488477745583184 8.488332430042526 8.488238227548598 8.488210451113991 8.488264152475299 8.488414673670427 8.488676784557581 8.489061935672078 8.489573798343475 8.490203038147268 8.490922930058359 8.49168767287459 8.49243486489337 8.493092557475093 8.493589906328829 8.493869197830428 8.493896412728185 8.493667717587227 8.49321024620023 8.492576944741867 8.491836729236855
8.552167117247395 8.544666679559352 8.535427885177379 8.52558041921401 8.516221248241385 8.508135932915517 8.501709594849116 8.4969800248766 8.49375608594493 8.491739000416926 8.490612968681594 8.490096906622057 8.48996424142268 8.490043057662064 8.490207820770697 8.490370042563463 8.490471170243746 8.490478003005961 8.49037943865065 8.490183123021925 8.489911153492018 8.489594861607635 8.489269437667922 8.48896948379165 8.488726403148732 8.488567945658497 8.48851945866568 8.488605703803717 8.488851732923761 8.489281421580824 8.489912894022195 8.49075116819904 8.491779658673861 8.49295326271661 8.49419608736764 8.495406072364238 8.496466894939934 8.49726523693431 8.497709680424173 8.497746875193837 8.49737127810752 8.496626278624314 8.495596403168209 8.494392229381097
8.553883602371036 8.54649620570673 8.537126988352634 8.527009578995818 8.517342592162697 8.508984356196441 8.502359895311578 8.497521271473232 8.494275554301185 8.492313552067271 8.491304647345777 8.490950225414313 8.491003958204617 8.491272450641569 8.4916082024336 8.49190237226601 8.492080237400886 8.492098985948646 8.491945975403398 8.491635589583808 8.491203765832916 8.490700524878573 8.490181879672715 8.48970295025771 8.48931381612209 8.489058702211324 8.488977847727847 8.489110278099512 8.489495084072198 8.490168976247892 8.491158929594542 8.492470542007203 8.494074877678988 8.49589827902053 8.497819978277052 8.49968071198441 8.50130222081373 8.502513838312119 8.503180065944184 8.503223037726007 8.502635553439426 8.501482533842832 8.49989054920474 8.498026864690054
8.554435206877125 8.547013161073005 8.537532725546154 8.527295723440185 8.517544767289067 8.509158155468427 8.502565762520248 8.497817966337621 8.494718309785263 8.492953071648326 8.492184625252213 8.492102822630725 8.49244406019529 8.49299235072089 8.493574523764625 8.494056600958665 8.494343371855607 8.49437980805755 8.494151612003439 8.493682549633833 8.493027586461931 8.49226254295977 8.49147240735895 8.490741103830462 8.49014512712431 8.48975208357206 8.489623266397968 8.489817610178008 8.490393368846364 8.491404104923038 8.492887247989408 8.494846389060447 8.497231900930434 8.499927076991366 8.502747145360827 8.505455260346517 8.507793669694866 8.509522504918934 8.510456377357555 8.510491326711346 8.50961920046948 8.507929333182277 8.505597226194626 8.502859562663796
8.554036497684029 8.546384001674769 8.536774837688116 8.52653913155871 8.516904056052967 8.50871493087043 8.502371765299921 8.497907415960633 8.495119838012108 8.493695912876602 8.493297725503094 8.493608274874772 8.494347756014216 8.495275170917843 8.496186957545344 8.49691859235693 8.4973497839508 8.497410594142433 8.497084897663918 8.496408427418793 8.495460424149957 8.494349972190351 8.49319993626426 8.49213242904522 8.491259386678706 8.490679988065246 8.490483863747121 8.490756320557965 8.49158022812007 8.493029551660383 8.495152100199908 8.497943606668976 8.501320582715149 8.505103239325045 8.509019350072103 8.512733615321563 8.515896563293204 8.518198028246674 8.519409422717416 8.519407725157196 8.518185039957643 8.51585052989908 8.51262448297822 8.50881672546714
8.552845699279404 8.544813320306893 8.535071813274612 8.524943281742983 8.515591170280548 8.507786599292542 8.501873537273646 8.497855995416115 8.495525515597231 8.494573877297741 8.49466775408741 8.495485882122757 8.496731505861396 8.498134986164759 8.49945722314582 8.500498035192889 8.501108127283 8.501200493798882 8.500756986978478 8.49982721613661 8.498518893222082 8.496980868842073 8.495382292632241 8.49389294820081 8.492669797291343 8.49185253363932 8.49156706131997 8.491931796427906 8.4930592608867 8.495045872932144 8.497946705933973 8.501738891406996 8.506285436009211 8.51131682895813 8.516446206273255 8.521222094814252 8.525204059580846 8.528032173782595 8.529464627285437 8.529380991925377 8.527773536482526 8.524750639074574 8.520551390483 8.51554507525359
8.551047743294037 8.542574346436192 8.53272757498532 8.522794810968996 8.51384615803287 8.506555350930075 8.501196783652937 8.497740807521122 8.495973449166426 8.495594524899412 8.496277795706932 8.497697898346555 8.499538646621676 8.501497518210103 8.503295353112723 8.504692794705221 8.50550952427766 8.505640638935384 8.505065818281162 8.503849052483842 8.502128315732556 8.500096107274647 8.497974132912546 8.495988005445563 8.494348721173655 8.493245288961326 8.492847706693738 8.493313733608696 8.494789278253458 8.497392731973381 8.501179153351371 8.506090349993897 8.511908895606364 8.518242246812287 8.524559557132774 8.530283118511127 8.534903653463628 8.538064879427058 8.539575067390368 8.539356064310553 8.537393105273527 8.533745321588922 8.52861170623041 8.522384535130515
8.548922730950835 8.540022887776374 8.530112109038008 8.520429350880063 8.51194180747963 8.505220907046173 8.500470278087425 8.497627790283937 8.49647603001618 8.49672442133019 8.498053805292914 8.500132707689808 8.50262194979118 8.505182256291462 8.507491702333812 8.50927106575963 8.510309941383145 8.51048667668079 8.509778734355072 8.508262995794167 8.506105933733515 8.503543446167125 8.50085228229781 8.498319128648488 8.49621603889363 8.494788802472074 8.494258209898268 8.494826218855922 8.49667379738385 8.499937753607615 8.50466157864713 8.510729665172457 8.51781148888368 8.525354051776816 8.532654625812015 8.53901163303316 8.5438961656294 8.547046892278232 8.548419524427871 8.548029127066386 8.54582693413807 8.541735259048268 8.535818778449544 8.528440963286817
8.546833757786066 8.537561838140284 8.527615072850011 8.518184254329226 8.510141676177199 8.503966458137745 8.499799802721368 8.497552434982515 8.497005860154378 8.497878990143564 8.499857709247044 8.502601149653866 8.505743615366836 8.508906665918158 8.51172556042838 8.513883839188088 8.515145108040526 8.515374138730063 8.514546226464637 8.512747558179198 8.51016746240708 8.507080170075225 8.503815100479665 8.500720986148528 8.49813453867282 8.496363144682013 8.495682901218625 8.49634270338946 8.49855789753937 8.502477508165942 8.508119273295032 8.515286122708563 8.52350151868267 8.532017603970408 8.539940524470481 8.546464172849264 8.551114673979578 8.55384370458472 8.554864375893233 8.55432066656889 8.55206367288347 8.547752390871434 8.541209571380312 8.53273516382313
8.545150910302176 8.535572292003138 8.525587024989804 8.51635102089464 8.508663488474387 8.502931998473164 8.499250012563284 8.497508805037606 8.497490913390566 8.498923379911965 8.501494186174636 8.504849965632534 8.508596391461538 8.512315765646763 8.515603163661247 8.518110037701764 8.519580060179178 8.519868682640329 8.518949003084028 8.516911463062115 8.513959698746937 8.510397077103143 8.50659844009779 8.50297055122449 8.499913851486957 8.497798388161577 8.496957098523271 8.49768615502309 8.500232700637703 8.504750739065882 8.511218909848324 8.51933889925196 8.528464510248025 8.537633649047581 8.545761780031652 8.551977754230075 8.555949272568725 8.557949905510917 8.558520213186092 8.557905706659975 8.555736481556494 8.551272577562932 8.544034321646684 8.534300098606657
8.54417056862554 8.534350873835347 8.524293345450497 8.515142904096095 8.50765754986676 8.50220130723509 8.498838506623738 8.497449931739611 8.497821112712266 8.499685602633143 8.502731139033196 8.506590585677305 8.510841594461665 8.515029864731968 8.518714759369562 8.521521267978155 8.523178601442021 8.523536299162245 8.522564736829887 8.520353306251463 8.517110614931148 8.513157820234076 8.50890420042925 8.504805745229008 8.501320809552618 8.498879010724144 8.497868628133421 8.498631578139843 8.501443611636024 8.506457849563581 8.513605522790659 8.522478461406836 8.53225668373618 8.541772124759026 8.549779919678457 8.555401271564724 8.55851649682797 8.559763286447152 8.559968689986441 8.559343169032415 8.557134388795529 8.552131497061758 8.54362888553565 8.532062260449157
8.544070600659918 8.534078356790136 8.523894471635142 8.514684117797556 8.507202670700828 8.501803209984596 8.498541924854534 8.497298916520776 8.497865014172334 8.499979511760774 8.503329565234166 8.50753617323372 8.512153182282438 8.516695076860469 8.520690579407402 8.523741924856116 8.52556586526187 8.526006312050209 8.525029189047693 8.522718346625554 8.519279438822885 8.515040264127567 8.510431611813402 8.505946249150224 8.502090550379267 8.499347340683217 8.498156940414757 8.498905250747246 8.501894850299848 8.507275836542593 8.514931540767197 8.524349979123738 8.534557035513469 8.54421836659922 8.551987944870705 8.557040124290065 8.559487070903442 8.560252080006249 8.560252449752625 8.559423197657553 8.556497051149623 8.549881668120781 8.53892528126047 8.524541476874846
8.544900649840544 8.534815729406915 8.524446817273622 8.515014490048376 8.507313831862037 8.501722139781352 8.498309830533104 8.49696687678873 8.497492564473587 8.499632781691732 8.50307651533435 8.507438490134431 8.512256717963576 8.517022287009546 8.521238130730252 8.524484183245121 8.526461612491838 8.527004299219211 8.526069800894103 8.5237326360179 8.520189703664217 8.515765773713591 8.510899914509533 8.506107491131207 8.501931159736161 8.498899916802335 8.49750390727436 8.498173967381755 8.501241659460552 8.506857078799086 8.514862449654569 8.524659091501093 8.535154307154196 8.54490491723308 8.552530603004554 8.557294550888862 8.559479172977861 8.560084556324403 8.559804306409626 8.558046417259161 8.553033639233702 8.543099404938578 8.528097377896742 8.509790512929182
8.546584030989305 8.536508134218963 8.52590864576495 8.516097244092306 8.507952077430595 8.50191061413576 8.498080433726804 8.496372582287846 8.496599045129335 8.498514952044092 8.501816120483893 8.506119743918186 8.510959047159371 8.515811546622903 8.520159157638412 8.52355736150756 8.525684132481745 8.526354179032351 8.525509485828465 8.52321030284096 8.519639364436841 8.515109512553446 8.510055378674743 8.505001366000245 8.500516367703543 8.49717209846788 8.49551188840912 8.49601930595017 8.4990639165843 8.504804423786883 8.513052126863366 8.523139348379722 8.533886922410453 8.543788984994007 8.551470317169999 8.556264739524675 8.558484618726576 8.558928955536288 8.557760869323323 8.553738601154416 8.544785564025595 8.529628476753322 8.50910180583849 8.486093131729502
8.548916734437233 8.538984004830253 8.52814042059128 8.517821485006206 8.509029883244345 8.502298084380882 8.497793385655811 8.495459469251346 8.495126254659706 8.496562202553863 8.499476668806086 8.503499880001481 8.508173097677505 8.512971572902014 8.517361759591441 8.520872129806802 8.523147909513542 8.523972097598945 8.52325968444083 8.521047619730469 8.517495954413887 8.512895182995134 8.507663293892072 8.502323150708248 8.49746569013951 8.49371067206388 8.491669046433483 8.491896754409524 8.49482066144156 8.500622561238679 8.50909148285678 8.519496577029805 8.530579254351492 8.540776599380928 8.548702724302801 8.553684644654275 8.555890821024175 8.555680927694507 8.55252507253895 8.54461718921084 8.529944952968417 8.508088998136719 8.481184720591655 8.453324021695376
