_RESULTS/POSTPROCESSED/Berg/TZ/3comp/Berg_TZ_z_250_kriged_reverse_3comp_spherical.asc
ncols 100
nrows 90
xllcorner 5.6208707817415728
yllcorner 50.959635321741573
cellsize 0.00013419651685393446
nodata_value 1.7014100000000001E+038
[rows 20 to 39 of 90, columns 43 to 85 of 100]
24.608933977785536 24.687553756938957 24.775971401569603 24.837274669816964 24.91765481581452 25.04571863359018 25.222604757384214 25.44675378821121 25.714367375955515 26.02055051475639 26.360351926272212 26.729471811057792 27.121034993519682 27.53120847769334 27.964827076097777 28.418942172824778 28.89417459315005 29.387565473956034 29.89320293497172 30.39520963259182 30.853225510439806 31.17747388955409 31.191541525975413 30.89971284547109 30.452028363481325 29.916375142523083 29.332316451762395 28.72421849180389 28.109932679457717 27.503624817842155 26.916935937518566 26.35958101822154 25.86294748488818 25.470143910036352 25.18004083905462 24.988709891802415 24.89188637314871 24.884545472880763 24.96087579947851 25.11428512248789 25.329216697212846 25.553530406070067 25.724512642707115
24.323395294578205 24.612412161847967 24.8663118378565 25.019912293035556 25.143703620525354 25.29370696025106 25.483012022307864 25.714140876766333 25.98351397704478 26.285117020783872 26.612697836768916 26.96094230763618 27.318691760483787 27.674532102092176 28.041153447974676 28.426976853752763 28.835988080345743 29.26808520793746 29.723800249147033 30.199580747749927 30.683487358005657 31.15148870237658 31.176437734464415 30.78888346122493 30.334450705144754 29.824179069582467 29.263805003499822 28.674431911527705 28.07396062267121 27.47747596260199 26.897632798315644 26.34814515726055 25.88445522486787 25.525360415176674 25.26891189840282 25.110642238432735 25.045586727062574 25.06756448666868 25.16910596627814 25.341117287785618 25.561183002153815 25.77308745841535 25.891345435465972
23.811720452162437 24.532548167689388 24.98768403255252 25.230414955856943 25.389028974118517 25.557094625332468 25.758500314748495 25.996861582315656 26.261805903736736 26.539774225826196 26.827863455046437 27.121764041420043 27.409045029386732 27.68398876263477 27.95867281700059 28.253998376658817 28.580514321722095 28.944565744633344 29.345023370089034 29.772798024242636 30.211797915940707 30.596531514626303 30.666673638389106 30.399208413270294 30.011177234233006 29.565082156897333 29.06272613680706 28.516535160966015 27.94846982504143 27.376605860351894 26.815795519349933 26.294377201274937 25.870038338435215 25.549285315002557 25.33025471117102 25.20774661869913 25.17635392710329 25.228574562191397 25.354840532639177 25.541297230275845 25.761607979654254 25.929283221134902 26.010159875316134
23.95980893031327 24.751611010252965 25.23618585386984 25.49420908198895 25.659573088156286 25.837562557167548 26.03937242560627 26.25517210523951 26.482161993339265 26.714388983331027 26.945646012314427 27.16835842703916 27.366788851502683 27.540415357487348 27.700252919233005 27.87563340730093 28.093598156580313 28.373243400069143 28.713137649138037 29.098073324810287 29.497005716572723 29.822863701708545 29.95056825119244 29.83227683786017 29.549266676110932 29.173746797642885 28.746350721243758 28.262072483173856 27.741483947709916 27.2067791596998 26.675699021905565 26.19766307412878 25.81739367651442 25.53875183175764 25.360149705417157 25.27579553757251 25.279718003191526 25.3630724135597 25.51399396603424 25.716001039278456 25.915843117951155 26.033833092129388 26.086154655372095
24.80020914572914 25.22976841052973 25.568827297577208 25.77128329603341 25.91744577114281 26.07263891832261 26.248896125575005 26.435757726964894 26.625329227251598 26.81005593284182 26.981219890277707 27.12413868519919 27.223739754051522 27.27800990486471 27.297267718786124 27.325255939566812 27.421478679949885 27.62754449674441 27.935378810394027 28.316101090289976 28.719457109353225 29.059020138450254 29.251152154605514 29.249439675963945 29.06596295837675 28.748319272237875 28.366722646018243 27.940517112716893 27.468871487908086 26.978056688659493 26.487273799032657 26.0599197011879 25.72714198669157 25.49359395489405 25.358170465181285 25.314661969746005 25.356198486204214 25.473951102288222 25.66048769050863 25.87193828332206 26.028105917423893 26.104572535401793 26.134279974984132
25.318711068039974 25.603262333751204 25.818672008680128 25.91764302945047 26.022541779858415 26.194040296899313 26.37021622922577 26.539095472589842 26.697879904340887 26.839597849511815 26.95306898270427 27.017194174676977 27.01611555476479 26.950434039198434 26.830666427427158 26.695883398581877 26.6457829878459 26.784892092984453 27.105752537192103 27.532679527955317 27.97719062622249 28.352891680479935 28.595844381658527 28.66934889050055 28.575280890703496 28.33819068974006 27.99280144333932 27.601468233955746 27.163708852418278 26.698680474101934 26.24041222648345 25.86290155657877 25.583746128321856 25.404459812666396 25.32168452131548 25.32508051079361 25.407774510721975 25.574748983011485 25.793338305256007 25.995583955264646 26.111343236784613 26.15416382171239 26.166236854986487
25.498023122011592 25.74667194335462 25.84872670324345 25.646615620997824 25.91124866975438 26.217893628500065 26.413834681404946 26.57297947304546 26.71040662500731 26.820199162029635 26.885184922536837 26.88473711279819 26.81451204127968 26.658277641202748 26.405107797764288 26.074737458989176 25.80337823196337 25.896805028199005 26.31824324758581 26.83442837826823 27.327069193896765 27.730195547901587 28.00187288285037 28.118524523429056 28.075712209305863 27.88438846672085 27.57408335360687 27.178538240929594 26.747933026575026 26.294315605600115 25.85723008609077 25.512696946753415 25.281423035747874 25.166172951336662 25.155110574829404 25.23717520508218 25.412310023573415 25.656233005245365 25.90915925045993 26.092488624406446 26.17721081269678 26.193349593292524 26.190763800430766
25.450832087584256 25.691475059260995 25.765704468458217 25.68663905141092 25.920075414607464 26.214849329495753 26.412419243459695 26.566797991832498 26.69311134088784 26.78194898800305 26.817394975138413 26.7916192206357 26.6854613803137 26.478655186078427 26.14788594311382 25.666774011173572 25.032537374735952 25.141732536857926 25.735509392706856 26.301981747247638 26.801378099658802 27.198610881263726 27.461291822480515 27.561367684195552 27.5050230728842 27.312879344758674 27.013134388719518 26.63722167854664 26.210000417167915 25.759434392284202 25.338297465179416 25.022339793715364 24.829061980730287 24.764238093113804 24.825047041916523 25.00263058508745 25.286180645334554 25.628058962899036 25.958374905790393 26.16384363848382 26.236059743982665 26.232072595921412 26.21691084648028
25.2448689650386 25.509909849682703 25.670982757384625 25.805257692592736 25.99757439834427 26.199104563257286 26.374523066682382 26.51878169481018 26.635881887078934 26.71544433855468 26.745326441577582 26.70661072327879 26.58527301889299 26.37024743211736 26.051286112773525 25.62252836920786 25.149963436360483 25.143365969544273 25.53996386381816 25.98357258762461 26.39255248239682 26.709926446209625 26.89463975736843 26.932909627315954 26.833689780603002 26.617496245981904 26.312268057053977 25.946137830919064 25.544501083167763 25.10061305004102 24.690313193676996 24.399096884430154 24.242052613902327 24.22390759988936 24.3492829733225 24.6316753293037 25.026933208356404 25.475339038740596 25.897434417797054 26.161348150636577 26.26562356438564 26.274706430032502 26.25173996706248
24.944602022488326 25.26226017913144 25.514711294487707 25.73388710471206 25.93389208130664 26.104120250181285 26.264655634209632 26.408304803044384 26.524155898820435 26.60655828654747 26.62989357549816 26.575135202557604 26.44164287027665 26.242429220188612 25.989913683721117 25.698527909313306 25.446517121414438 25.387273912113244 25.550258497143485 25.81480558531738 26.059420462733247 26.227972261491335 26.28973072621317 26.233001077636576 26.059130552868087 25.79533912365101 25.473047662426584 25.1087930603651 24.725314037550287 24.32168136532491 23.920855946461025 23.6508659484641 23.52783739394538 23.555789977666926 23.75735390534417 24.130142978574874 24.63379623967193 25.200942073443695 25.73406468268493 26.07896415370698 26.23831933262381 26.287310369645017 26.2890496769466
24.617720585919443 24.98422112513049 25.285848629762096 25.53722094054635 25.74607966999197 25.914108486797797 26.06326104929042 26.20965148079259 26.343097521468817 26.43114778961327 26.450526148462455 26.39451650188037 26.263122994414402 26.08732160121951 25.889039211625104 25.68967838937554 25.536194692154673 25.490131729817776 25.552546725388435 25.655010606434516 25.740993360922555 25.762577764933464 25.689880419981968 25.517524723688194 25.255803247891734 24.918562667030645 24.535572943632864 24.142179201530396 23.77008207342358 23.4085041156953 23.04205108459646 22.789904796127338 22.698049206995464 22.77757721505348 23.055087351124428 23.51007156203035 24.111155413760713 24.804928719802767 25.46796185413569 25.910290720984236 26.148261090897858 26.253950536199465 26.290966416482398
24.30728811453738 24.684944705827874 24.996161573988466 25.25071740050527 25.458296713633498 25.62726465762446 25.764926047290132 25.913437520475057 26.06672897206937 26.212414533955897 26.28104945504485 26.22293312707909 26.07547195668774 25.89749227715125 25.727416334538333 25.585542750076257 25.49837365612066 25.471639850967442 25.459027848002 25.449064235373402 25.40898937183995 25.303824342740633 25.11220307527807 24.8319458556086 24.475110872842933 24.061885179465612 23.6132821761204 23.16342180886039 22.748435514101132 22.3940619704683 22.073883400696996 21.83945787892093 21.771658037892692 21.903414448719708 22.24575413890479 22.779713498708762 23.4755205961452 24.288445995782602 25.08564232462697 25.6433671846927 25.981249543853597 26.160646329295105 26.2421994338778
24.017821937342205 24.370617258457205 24.661211306988427 24.896764130405725 25.08719268054833 25.239349468448314 25.36965298071155 25.517871460874336 25.742057458448457 25.997397620457974 26.158214317592748 26.079509020274678 25.86912014297364 25.665206379754242 25.512220145085983 25.419965519419158 25.387408971833537 25.344739697275397 25.286045727016 25.206282991369495 25.081799924851566 24.882738103767583 24.5937433900408 24.2172824477639 23.766608973476714 23.26576637708455 22.745703616830532 22.234716525782854 21.768948846613437 21.37780582426893 21.050212785209645 20.84275392448926 20.789485201825713 20.95725919579967 21.349617667191723 21.952418451768192 22.738593420896493 23.660363170915872 24.57910796060709 25.267944904894918 25.723772591342847 25.99362350956803 26.131752375741463
23.738474021821947 24.04386979722855 24.293379452757417 24.490717224130286 24.641531836538118 24.757068634877246 24.882843830417382 25.07486443111005 25.35664138491879 25.74028968809385 26.11426937042729 25.89256065234989 25.592308571943533 25.373949209511228 25.252104867393083 25.221907192484753 25.201876847557763 25.156735438986082 25.088842542305382 24.979579790021216 24.801751271336787 24.530608686937345 24.159315475436756 23.69342566853822 23.150004440942737 22.55806661172025 21.954294655676527 21.37542104747529 20.85306731492638 20.418811443384964 20.057673076119926 19.820875122774257 19.775109402504974 19.973222148006574 20.406991872785092 21.063082255557834 21.920466907763604 22.921591308917392 23.951234030629536 24.781056092893856 25.369348481062666 25.746184746077816 25.956474953901505
23.457736739959227 23.7054523797188 23.898733570891924 24.039877332234987 24.134331589579343 24.218891826829896 24.372453307688318 24.59649233616379 24.88738804198166 25.251085914492126 25.564266839427397 25.41586011340684 25.16843736163854 25.005622096612285 24.95543413855232 24.975065578682027 24.98016376998708 24.970603078385032 24.924503719805482 24.81246112265377 24.604033444945976 24.279134276768787 23.83591763642378 23.28344613802843 22.64530011911993 21.95695706006843 21.260732219219182 20.600379521438043 20.01086675499005 19.52087231489211 19.118929678999763 18.836418865514617 18.75658198918606 18.972723766347926 19.44215751565304 20.14444933327118 21.045837306666165 22.0956524464945 23.218709743782835 24.189157564698817 24.920715120481642 25.420271898364277 25.721074258888404
23.170399723652714 23.35611511237316 23.48888120899309 23.57138162693477 23.61956723372177 23.722316039008902 23.890769474114624 24.11330923490552 24.371013847989204 24.62076502077878 24.776285807780436 24.751552606627637 24.63995573935201 24.576858722645692 24.61741829395731 24.68603649454805 24.765585685701 24.82969236505944 24.83759623718408 24.748626960046504 24.528951544604613 24.1638571282712 23.652782725904306 23.01107845687544 22.27051144668822 21.47434135238238 20.671549019191872 19.911840558772383 19.240553483673636 18.68546388864651 18.236114036979988 17.91046906835535 17.79507963336848 17.980241433045734 18.478529492483265 19.20748963994158 20.1308798098678 21.21823669670933 22.414801099198097 23.50874141858584 24.388801116673818 25.02447937797061 25.434451875193957
22.9077424824851 23.036875015524352 23.113533479265843 23.140819192919903 23.190010201111537 23.305896529361643 23.47603256994642 23.681987926686254 23.89723264877508 24.080511744342214 24.17732962781905 24.172625468798124 24.12826591445139 24.133275036741406 24.231989539677695 24.382640691648394 24.57869983326448 24.757238751653404 24.853188885063958 24.813794240268845 24.603971422404374 24.20825956236422 23.62754250615728 22.887748766639614 22.031666695802947 21.112722053842358 20.188535468307865 19.31593583466417 18.547418730926974 17.916038047717365 17.411377086685906 17.050036334441717 16.902137293835747 17.048760831593878 17.524460366085183 18.262653030207694 19.202863427263928 20.31748717981153 21.56616198410082 22.775717379285695 23.79171107873817 24.571236745743988 25.106194436854413
22.69920041387112 22.783185547388396 22.810561622112107 22.818178814638102 22.883349981037032 23.010698021253823 23.182115438431804 23.37536867154321 23.56238520461509 23.70899839953521 23.77990127415383 23.762253847975167 23.691126202023963 23.672376242367925 23.78711793966776 24.064479288367878 24.43464335064735 24.77092497763107 24.98242541224139 25.012161044992947 24.827803712583986 24.411219912386358 23.76703486418958 22.927358826845996 21.94520117018253 20.885710087165194 19.82209463067622 18.819388930411915 17.93703374537595 17.213216783827974 16.643955228411674 16.25051833589785 16.075248242259452 16.17551357169735 16.602144939563203 17.337243909015413 18.29206328609632 19.42568843424386 20.70386551119499 22.017018166509754 23.16114019642405 24.075346833666643 24.745020803648572
22.55641197407354 22.608753174699466 22.60107913189029 22.6245014695506 22.71038339994258 22.85452427782899 23.03684529399461 23.234152153702652 23.41528248853822 23.541917261277774 23.58850213510243 23.52545852529328 23.36762874108904 23.223817340478064 23.30174860174942 23.79805248333845 24.42175934805032 24.947008957348533 25.284077051875304 25.390243173147415 25.232944956539978 24.790884946429543 24.069736698680174 23.114832807305195 21.998043202820067 20.79632860736186 19.582740336608033 18.430045968375353 17.41434004049931 16.576381046399774 15.930009204629766 15.49203247253633 15.290988531771447 15.354992645998156 15.75001621151952 16.461096577383493 17.430672842786407 18.57697485154082 19.870476209880906 21.25414805894043 22.518311118112102 23.56123192137425 24.359127886127936
22.488399006529956 22.51971842896174 22.514633945313488 22.563206251779516 22.676626917066194 22.8471004715254 23.054161207427153 23.262671918018142 23.44594913083384 23.573873459462654 23.606831538326166 23.518684309220113 23.303595557671976 22.94037522671666 22.803604106703666 23.782192520432798 24.690516499608755 25.376731170521182 25.818099280025436 25.98972991416891 25.86028088869211 25.393127058971864 24.57855348038547 23.48128765453858 22.205388778584698 20.842515806416458 19.470610896728 18.162347432160704 16.987155702585 15.99535003679036 15.237956700153829 14.744240484052916 14.534965990346832 14.599644098921921 14.986421866002223 15.680602685168369 16.652542253535774 17.805883303042158 19.101541025916198 20.50883494300873 21.88171643210297 23.04545491182664 23.96186899742019
