_RESULTS/CROSS_VALIDATION_POSTPROCESSED_CLR/Berg/TZ/5comp/4/Berg_TZ_z_180_kriged_reverse_5comp_spherical_4.asc
ncols 100
nrows 90
xllcorner 5.6208707817415728
yllcorner 50.959635321741573
cellsize 0.00013419651685393446
nodata_value 1.7014100000000001E+038
[rows 0 to 18 of 90, columns 44 to 87 of 100]
3.5521748492486287 3.47886398085556 3.4048343662382017 3.3302805861486315 3.255337759942982 3.2420455510104826 3.32601910068549 3.408495300892959 3.4885921200879997 3.566529125259122 3.642286982873944 3.715331578325565 3.7849265140764667 3.850597179490989 3.911937953387058 3.9685913571257116 4.020430269287672 4.067099054288201 4.108190369606474 4.143282221939535 4.1719364779392025 4.193697933118569 4.2080940459276555 4.2146353685025035 4.2154799252604205 4.216194705145194 4.216913297140995 4.217555582987938 4.218033428369591 4.218252681263873 4.218257236596452 4.218257236596452 4.218257236596452 4.218257236596452 4.218257236596452 4.218257236596452 4.218257236596452 4.218257236596452 4.218257236596452 4.218257236596452 4.218257236596452 4.218257236596452 4.218257236596452 4.218257236596452
3.535387772845266 3.4693023725652186 3.4017015518591407 3.3370084931351465 3.286216340151058 3.2852474162900487 3.342791215848245 3.4181881772292995 3.4965339770404724 3.5736144228439124 3.647755627145842 3.7191966485304726 3.7874459912336285 3.852003008862837 3.912409601306606 3.9682267304474057 4.019223445747003 4.0651834973599685 4.105694872361144 4.14033252158188 4.168655332727076 4.190204212416398 4.2045012843979785 4.211050164135826 4.212179778471988 4.213304777357352 4.214502764913041 4.215684575139529 4.216753076738981 4.217605551607322 4.218135732663177 4.218257236596452 4.218257236596452 4.218257236596452 4.218257236596452 4.218257236596452 4.218257236596452 4.218257236596452 4.218257236596452 4.218257236596452 4.218257236596452 4.218257236596452 4.218257236596452 4.218257236596452
3.518884156638478 3.465556322481475 3.4144360452217546 3.3693370680357964 3.340851477241102 3.346047633855828 3.386857937017568 3.449050234010611 3.520143490315289 3.593164775729716 3.6645276345454416 3.7324342952041993 3.7975661233391462 3.859562640574454 3.9178199774610145 3.971809842239554 4.021106583712111 4.065562662517901 4.104782672217 4.138324203988586 4.165732260576218 4.186535080228735 4.200241994285945 4.206343085287439 4.207724821389702 4.209287341090493 4.210993433116264 4.212743184692317 4.214429020038198 4.215938522446831 4.217156746845636 4.217968004267393 4.218257236596452 4.218257236596452 4.218257236596452 4.218257236596452 4.218257236596452 4.218257236596452 4.218257236596452 4.218257236596452 4.218257236596452 4.218257236596452 4.218257236596452 4.218257236596452
3.5010644471372325 3.4624926556483127 3.4291746584472635 3.4045893441648842 3.394186794197661 3.4039609882417743 3.438085264287524 3.490754621022581 3.553678308903387 3.620801075295806 3.6882294031699954 3.7533469470586827 3.8145199252245976 3.872749189036478 3.9277963688150006 3.9790176793856697 4.02585331687826 4.068082017919498 4.105762564415182 4.138182447131487 4.1644897591789976 4.184008812462244 4.196241620247168 4.2008689285756695 4.202212439867166 4.204240266354039 4.206487756367549 4.2088377246801985 4.211170464972493 4.213362628772248 4.215289797992311 4.216828338841754 4.217856636032253 4.2182558332262365 4.218257236596452 4.218257236596452 4.218257236596452 4.218257236596452 4.218257236596452 4.218257236596452 4.218257236596452 4.218257236596452 4.218257236596452 4.218257236596452
3.479877658820265 3.456511962040153 3.4401935797773637 3.4331933643187083 3.4382396843133494 3.457026179166282 3.4893488967719284 3.535830831725794 3.592053055138847 3.653460067931424 3.716425166533488 3.7782058003356984 3.836708176960517 3.890715082339326 3.942140091536496 3.9923609809737064 4.039980467049918 4.083627426341362 4.122264838697833 4.154780262509146 4.1802524324107875 4.197960026322157 4.207382752848969 4.208390740602814 4.2064843502707605 4.204684061818245 4.20369132490478 4.204351304974056 4.207092793445113 4.209994823315769 4.2126521049330545 4.2149328150338405 4.216708952760657 4.217856825648649 4.218257236596452 4.218257236596452 4.218257236596452 4.218257236596452 4.218257236596452 4.218257236596452 4.218257236596452 4.218257236596452 4.218257236596452 4.218257236596452
3.4721395099636645 3.4597989313316564 3.4543477195717163 3.457910399798209 3.472825576721874 3.500616528430564 3.537469694891966 3.5806070585275434 3.631981729691926 3.6885616096678886 3.74724203977547 3.805432145598997 3.8619992506063965 3.9181744954056263 3.972498958302127 4.025440331092198 4.075260153326381 4.120357005922239 4.159621459997962 4.191872678959122 4.216111919337091 4.231566513866697 4.237691333096233 4.23503487933995 4.2297029119284595 4.223425983546862 4.216982051175227 4.211304578075121 4.207457844478723 4.206611398945687 4.209367155338619 4.21240307508355 4.214932923690594 4.216828775323124 4.217968485462901 4.218257236596452 4.218257236596452 4.218257236596452 4.218257236596452 4.218257236596452 4.218257236596452 4.218257236596452 4.218257236596452 4.218257236596452
3.492543529714701 3.4904943838452622 3.493646682245071 3.503270597079756 3.5207676830627923 3.54691163795826 3.5813024980755706 3.6234134830245064 3.67149893122627 3.724259794070538 3.779324607386118 3.8387545120873847 3.9012504811022892 3.9635431577280147 4.022653412718501 4.078207422285505 4.1300785966460145 4.176473087948021 4.216149839173772 4.247868185731162 4.270545622457209 4.283353942920041 4.285722217430957 4.279677526587361 4.2707145309353045 4.259703128239658 4.247512991806538 4.235182707257489 4.223888659873868 4.214913432432066 4.209616161372704 4.209406513123855 4.212651768820661 4.215290104421562 4.217157507699153 4.218136247900187 4.218257236596452 4.218257236596452 4.218257236596452 4.218257236596452 4.218257236596452 4.218257236596452 4.218257236596452 4.218257236596452
3.5388920030412545 3.5466311718848056 3.5573979741382407 3.5718563131972094 3.5908111277655483 3.614212065087962 3.642245973912455 3.6749006271660623 3.7120718390919896 3.760573174964133 3.8205954030262252 3.8869182766057557 3.9560159843232316 4.024582389703479 4.089538710984324 4.148489261925873 4.202429325397731 4.250097964488366 4.290093200431044 4.321107571267709 4.341968942145598 4.351789885969121 4.350051741219844 4.3411891184386935 4.328352864289233 4.312303886098187 4.294023209922884 4.274676037709093 4.255571823165749 4.238124718212657 4.22381776218861 4.214172786660372 4.210726714970039 4.213362005699473 4.215938969499757 4.217606420128552 4.21825281838275 4.218257236596452 4.218257236596452 4.218257236596452 4.218257236596452 4.218257236596452 4.218257236596452 4.218257236596452
3.6088688754044638 3.6250839540506736 3.642135013102649 3.6605761428503976 3.6804789930831086 3.70137199753165 3.723130793276624 3.7462948707070747 3.773434835209691 3.8137672271803793 3.874191864003728 3.9479291342617215 4.024038146830856 4.099166756382503 4.170160166433209 4.234049904602883 4.290246358746695 4.339296901944209 4.3796399556751595 4.409880346039233 4.428749346000479 4.4352958427467 4.430113719623729 4.418433440636214 4.401435625193851 4.379989266729057 4.355212714741142 4.328425775971339 4.301097365357651 4.274795434301313 4.251143738031513 4.231787526835455 4.218368305759617 4.2125066408337775 4.21442820427721 4.216753573757905 4.218034096804382 4.218257236596452 4.218257236596452 4.218257236596452 4.218257236596452 4.218257236596452 4.218257236596452 4.218257236596452
3.6787953325402274 3.7002767855620586 3.721694615372102 3.7433989585423877 3.7648716027633977 3.7860715254270754 3.8069784591091542 3.8291290572800056 3.8600966848302667 3.898392608114 3.9497168255495687 4.019957010249626 4.103117404766953 4.185010986575307 4.26209857342859 4.331459001459081 4.390893742831592 4.44175154657056 4.48283449041956 4.512438859262028 4.5292192924024635 4.532290365470406 4.52499972765656 4.5102670625286585 4.488760553370246 4.461484556045377 4.429730207163652 4.395009159606277 4.358983255170164 4.323400617966787 4.290043937646527 4.260692477705561 4.2370966570626685 4.220962829355742 4.213945645490972 4.215683698959423 4.2175560116868995 4.218254786647049 4.218257236596452 4.218257236596452 4.218257236596452 4.218257236596452 4.218257236596452 4.218257236596452
3.739821502336571 3.765172067785197 3.789786918988435 3.813463793346157 3.8355512298885426 3.8563017946151046 3.876841196111379 3.9065745324130114 3.946067600850685 3.9925207652167005 4.045258767759283 4.109693594525293 4.186367445635329 4.2736115438794 4.356352190234839 4.431167632520733 4.495103247486923 4.548618964841865 4.591697203972166 4.622447562402866 4.63907419738067 4.641576206272472 4.633557443517707 4.615539863241576 4.589100265356913 4.555467325995438 4.516155429129975 4.472918701220929 4.427654305542553 4.382320952283221 4.338878608561774 4.299248757591373 4.2652914282625485 4.238794469238664 4.221471007947375 4.214961930592076 4.216912522086079 4.218127142874546 4.218257236596452 4.218257236596452 4.218257236596452 4.218257236596452 4.218257236596452 4.2181998667974545
3.792890364060492 3.8210317824742113 3.847711194328833 3.872037088277477 3.893617958644645 3.912991145243863 3.9390497614976447 3.976377206195587 4.021698172412444 4.0731043877853805 4.129169482531185 4.196093635789819 4.273864737720416 4.359970849754554 4.448721042547952 4.5293975243811495 4.598779275300599 4.655622960082864 4.701181792604566 4.733429035746945 4.7508009256839 4.756028731229088 4.749540606924638 4.731115366023021 4.701032296343113 4.660549082906906 4.612972715078762 4.560532547645708 4.505413736761233 4.449818464797202 4.3958996361451685 4.3457238728656975 4.301255459137555 4.264353721850134 4.2367781640164175 4.220197484016307 4.2161916403412585 4.2178623950009015 4.218257236596452 4.218257236596452 4.218008654715678 4.215599100532287 4.211516981810124 4.2067614445586585
3.8388207660601514 3.8692276488352233 3.8968570292712092 3.9204332596509275 3.9400941467128052 3.9605509491304285 3.9912002932604724 4.031388173177966 4.080138512692839 4.135901404558421 4.196603637019666 4.266638711031408 4.348756604082819 4.440216990124445 4.537315967605982 4.624582004665739 4.699996151675029 4.761273003391152 4.809953876489372 4.8442287319573225 4.865331214732173 4.873838038609521 4.868908595597181 4.850221888265615 4.818158660196153 4.773760229116527 4.718529747253382 4.656071585120633 4.590405105916094 4.524006586584719 4.459229561190386 4.398279010299707 4.343208941017387 4.295932480124089 4.258237499242187 4.2318037041620045 4.2182190434240265 4.217532964924649 4.217836269838817 4.213673374190685 4.2061681547151695 4.196641183767879 4.186320602681866 4.176313360257031
3.8773761605164503 3.910963770630433 3.938936563391553 3.9600198745932627 3.9756698004082063 3.996293554791923 4.027335752978244 4.0687897063241225 4.119964057572242 4.179477795174573 4.245306730397067 4.319235576972561 4.406571522942072 4.504596564116501 4.609976382575964 4.714362645765604 4.797189326204455 4.864072362197705 4.916714077439445 4.956070930323939 4.982478041907299 4.994650480559706 4.9913555722843865 4.972025301347035 4.9372182086376855 4.88844575802931 4.827754172357947 4.757365698314274 4.68056269142658 4.602815179518217 4.526840263528145 4.454958903503111 4.389287662560653 4.331766448503211 4.284187044410523 4.248219170597624 4.225432907877234 4.214233932381155 4.2063199586832605 4.19332606143721 4.1775891778329 4.160587962974312 4.143679237339683 4.128097804483178
3.9070142470249727 3.943966440716946 3.9718409260250858 3.9891723011784057 3.9991834092170566 4.017061164227116 4.046186755471503 4.0872014036789 4.1396327706304765 4.202184536062515 4.272839611318891 4.351686589963554 4.445131240847197 4.55089380230849 4.665408042576343 4.784566817620455 4.888212426067422 4.962563862482487 5.0227188084079195 5.069537015572837 5.101779277674344 5.118294170995332 5.116806854503912 5.096187073334756 5.057456333869156 5.002971586765929 4.935581300158446 4.858121395730678 4.77317489154227 4.683953769823285 4.596535418534752 4.51368815646117 4.437548533977566 4.370046262613106 4.312946610936465 4.267647941302082 4.230063063112557 4.200477854907458 4.180206587227939 4.15805934963748 4.133703809480846 4.108821207047098 4.084918611085533 4.063383483354704
3.9347135108313447 3.972426025133857 3.994714330887473 4.00057039688129 4.005318270796706 4.020020590740874 4.0460957572980565 4.085179198831565 4.1382779986258 4.20342969766554 4.278292106316859 4.362106454737524 4.462118730391662 4.576790639442262 4.701979398349366 4.833272949160236 4.961077230700615 5.058211867670432 5.129561157726161 5.184510356092917 5.222802177985591 5.245223725549564 5.245699713787667 5.22242596830092 5.17784982102348 5.115785312849373 5.040168965440788 4.954534212981299 4.861853700993481 4.764560014033934 4.665944067102122 4.5722798222768795 4.485986574080505 4.408938472818935 4.342343172705027 4.280737706407282 4.224600218400768 4.17703319780681 4.14110445387548 4.109417121618645 4.076011259945155 4.0427823598810475 4.011413206375251 3.9834746564747943
3.973231035361604 4.00153339234129 4.006549009220567 3.9969457527084993 3.996971858912 4.012281170016563 4.042806601840739 4.087112137494478 4.143402994457453 4.211612973109447 4.289420972112453 4.375481484661991 4.477049280744219 4.593914290784804 4.723771909551278 4.864777953814925 5.014817955013821 5.1451164270428045 5.237842596827408 5.303439884825188 5.345543596506818 5.378404442517414 5.379167753088965 5.350158412672336 5.296697196866404 5.224595092206534 5.139025191466006 5.044159300295641 4.9432220510189255 4.838684120421342 4.732460397002124 4.628463750299799 4.532568080042358 4.446294223835689 4.363444878043444 4.283425414230255 4.209353186281721 4.144343684932778 4.0915236767524625 4.049031318213519 4.006096552779128 3.963990980546655 3.924602715153976 3.8897240328023477
4.031332271824022 4.033330542243834 4.020508236268769 4.003366389922096 4.0015422892943615 4.017991745061217 4.05223460323817 4.1020864271591595 4.164341021633701 4.235816639278373 4.3161900270392675 4.404369327112608 4.507630865037969 4.626594248904673 4.760634182970659 4.907946422021403 5.065978599318569 5.220299776029203 5.345369800430252 5.432714300850215 5.491826330558651 5.523010603122846 5.517451597701335 5.477395744433528 5.410887215344391 5.3259244920407465 5.228776580294604 5.123954354608172 5.014642712060386 4.90312604361705 4.7910997240603885 4.67994269369054 4.57527709099804 4.474328315397695 4.373551771710739 4.276019157031787 4.184811349691534 4.103042899621956 4.0338778158048845 3.9786436560339515 3.9256549432472623 3.874069837063108 3.8260152403813477 3.7835515192110685
4.1103120357490335 4.0881100759921445 4.053982075738643 4.02386281848562 4.015854875475696 4.031405559520886 4.068765515080543 4.124262281373213 4.19333299688436 4.271289612784915 4.354564572702951 4.445343127664887 4.552002959615499 4.675283728980876 4.814343557747819 4.968107154946688 5.134924382495996 5.306914294425913 5.45519982861059 5.56625485909249 5.642829128916147 5.674568313079649 5.65683594200904 5.599202909256266 5.514995824395644 5.4146732306801875 5.3050277825701215 5.190296615596296 5.073190270813367 4.9555401710868905 4.838669333246363 4.723601388968312 4.6083536578737085 4.490367296432722 4.37293057142183 4.259025306107928 4.1516802389345555 4.053996155257413 3.9691651550698133 3.900132303792145 3.836523682678702 3.7747792193151275 3.7173004398191583 3.680452624079737
