_RESULTS/CROSS_VALIDATION_POSTPROCESSED/MHZ/TZ/1comp/2/MHZ_TZ_z_63_kriged_reverse_1comp_spherical_2.asc
ncols 100
nrows 81
xllcorner 5.5967107548124995
yllcorner 50.982328804812504
cellsize 0.00017565037499993607
nodata_value 1.7014100000000001E+038
[rows 0 to 18 of 81, columns 43 to 85 of 100]
1.922661644617469 1.922661644617469 1.922661644617469 1.922661644617469 1.922661644617469 1.922661644617469 1.922661644617469 1.922661644617469 1.922661644617469 1.922661644617469 1.922661644617469 1.922661644617469 1.922661644617469 1.922661644617469 1.922661644617469 1.922661644617469 1.922661644617469 1.922661644617469 1.922661644617469 1.922661644617469 1.922661644617469 1.922661644617469 1.922661644617469 1.922661644617469 1.922661644617469 1.922661644617469 1.922661644617469 1.922661644617469 1.922661644617469 1.922661644617469 1.922661644617469 1.922661644617469 1.922661644617469 1.922661644617469 1.922661644617469 1.922661644617469 1.922661644617469 1.922661644617469 1.922661644617469 1.922661644617469 1.922661644617469 1.922661644617469 1.922661644617469
1.922661644617469 1.922661644617469 1.922661644617469 1.922661644617469 1.922661644617469 1.922661644617469 1.922661644617469 1.922661644617469 1.922661644617469 1.922661644617469 1.922661644617469 1.922661644617469 1.922661644617469 1.922661644617469 1.922661644617469 1.922661644617469 1.922661644617469 1.922661644617469 1.922661644617469 1.922661644617469 1.922661644617469 1.922661644617469 1.922661644617469 1.922661644617469 1.922661644617469 1.922661644617469 1.922661644617469 1.922661644617469 1.922661644617469 1.922661644617469 1.922661644617469 1.922661644617469 1.922661644617469 1.922661644617469 1.922661644617469 1.9220800827493205 1.9205177736137564 1.9186568826019497 1.9170449129778726 1.9160669080555914 1.9159327241597555 1.9166700636406988 1.9181235532499046
1.922661644617469 1.922661644617469 1.922661644617469 1.922661644617469 1.922661644617469 1.922661644617469 1.922661644617469 1.922661644617469 1.922661644617469 1.922661644617469 1.922661644617469 1.922661644617469 1.922661644617469 1.922661644617469 1.922661644617469 1.922661644617469 1.922661644617469 1.922661644617469 1.922661644617469 1.922661644617469 1.922661644617469 1.922661644617469 1.922661644617469 1.922661644617469 1.922661644617469 1.922661644617469 1.922661644617469 1.922661644617469 1.922661644617469 1.922661644617469 1.922661644617469 1.922661644617469 1.9225635924437454 1.920355545858844 1.9160505115357824 1.910661696684896 1.905094623220604 1.9001185651341055 1.8963420138176448 1.8941929298843738 1.8939046007427005 1.8955078248014388 1.898829873470948
1.922661644617469 1.922661644617469 1.922661644617469 1.922661644617469 1.922661644617469 1.922661644617469 1.922661644617469 1.922661644617469 1.922661644617469 1.922661644617469 1.922661644617469 1.922661644617469 1.922661644617469 1.922661644617469 1.922661644617469 1.922661644617469 1.922661644617469 1.922661644617469 1.922661644617469 1.922661644617469 1.922661644617469 1.922661644617469 1.922661644617469 1.922661644617469 1.922661644617469 1.922661644617469 1.922661644617469 1.922661644617469 1.922661644617469 1.922661644617469 1.922661644617469 1.9206238235369728 1.9146872198654086 1.9060929182872264 1.8960445461620727 1.8856601874271623 1.8759388472697216 1.867729822811014 1.86170572148395 1.8583402073201898 1.8578917368655805 1.8603944460714394 1.8656569331191506
1.922661644617469 1.922661644617469 1.922661644617469 1.922661644617469 1.922661644617469 1.922661644617469 1.922661644617469 1.922661644617469 1.922661644617469 1.922661644617469 1.922661644617469 1.922661644617469 1.922661644617469 1.922661644617469 1.922661644617469 1.922661644617469 1.922661644617469 1.922661644617469 1.922661644617469 1.922661644617469 1.922661644617469 1.922661644617469 1.922661644617469 1.922661644617469 1.922661644617469 1.922661644617469 1.922661644617469 1.922661644617469 1.922661644617469 1.922419088798738 1.9177611743369367 1.9082238302069627 1.8951973928504955 1.8800548848901262 1.8641133058662995 1.8485967009164168 1.834600882904942 1.823060101985132 1.8147165862559704 1.810094536485026 1.8094805780387035 1.8129126006031318 1.8201782561706066
1.922661644617469 1.922661644617469 1.922661644617469 1.922661644617469 1.922661644617469 1.922661644617469 1.922661644617469 1.922661644617469 1.922661644617469 1.922661644617469 1.922661644617469 1.922661644617469 1.922661644617469 1.922661644617469 1.922661644617469 1.922661644617469 1.922661644617469 1.922661644617469 1.922661644617469 1.922661644617469 1.922661644617469 1.922661644617469 1.922661644617469 1.922661644617469 1.922661644617469 1.922661644617469 1.922661644617469 1.922661644617469 1.922082146574786 1.9155804658894877 1.9030112779861732 1.8858654919494007 1.8656530076807083 1.8438626601598718 1.821923855879297 1.8011691001577215 1.7827967986528552 1.7678343653276936 1.7571027409336206 1.7511846566726057 1.7503998829684853 1.754790754777737 1.7641202045457622
1.922661644617469 1.922661644617469 1.922661644617469 1.922661644617469 1.922661644617469 1.922661644617469 1.922661644617469 1.922661644617469 1.922661644617469 1.922661644617469 1.922661644617469 1.922661644617469 1.922661644617469 1.922661644617469 1.922661644617469 1.922661644617469 1.922661644617469 1.922661644617469 1.922661644617469 1.922661644617469 1.922661644617469 1.922661644617469 1.922661644617469 1.922661644617469 1.922661644617469 1.922661644617469 1.922661644617469 1.9221815902036143 1.9150248051380814 1.9004328552949286 1.8799532115173587 1.8551907581548823 1.8277669836538304 1.7992816922607444 1.7712760085579697 1.745195066205794 1.7223488997017793 1.7038709464651163 1.6906752989084153 1.6834160956084976 1.6824543515203183 1.6878379773586374 1.6992990320754715
1.922661644617469 1.922661644617469 1.922661644617469 1.922661644617469 1.922661644617469 1.922661644617469 1.922661644617469 1.922661644617469 1.922661644617469 1.922661644617469 1.922661644617469 1.922661644617469 1.922661644617469 1.922661644617469 1.922661644617469 1.922661644617469 1.922661644617469 1.922661644617469 1.922661644617469 1.922661644617469 1.922661644617469 1.922661644617469 1.922661644617469 1.922661644617469 1.922661644617469 1.922661644617469 1.922578546936532 1.9163132256766513 1.901118752170318 1.8785505506932383 1.8502607039686865 1.817955848420672 1.7833590854760595 1.7481749170091887 1.7140552248057712 1.682563517886647 1.655134482515996 1.6330268597433626 1.6172702999403903 1.6086108834218158 1.6074640207347743 1.613885047465877 1.6275651230129375
1.922661644617469 1.922661644617469 1.922661644617469 1.922661644617469 1.922661644617469 1.922661644617469 1.922661644617469 1.922661644617469 1.922661644617469 1.922661644617469 1.922661644617469 1.922661644617469 1.922661644617469 1.922661644617469 1.922661644617469 1.922661644617469 1.922661644617469 1.922661644617469 1.922661644617469 1.922661644617469 1.922661644617469 1.922661644617469 1.922661644617469 1.922661644617469 1.922661644617469 1.922661644617469 1.9189261426731306 1.9049042055418832 1.8819084138476692 1.8515879118875984 1.81568371204909 1.7759892611221202 1.7343163898846374 1.6924653720763558 1.6521963280559855 1.6151976473744576 1.5830460501015549 1.5571534638825053 1.5386994319231875 1.5285548114640832 1.527211020345182 1.53473389138198 1.5507571241966582
1.922661644617469 1.922661644617469 1.922661644617469 1.922661644617469 1.922661644617469 1.922661644617469 1.922661644617469 1.922661644617469 1.922661644617469 1.922661644617469 1.922661644617469 1.922661644617469 1.922661644617469 1.922661644617469 1.922661644617469 1.922661644617469 1.922661644617469 1.922661644617469 1.922661644617469 1.922661644617469 1.922661644617469 1.922661644617469 1.922661644617469 1.922661644617469 1.922661644617469 1.9216398141516797 1.910840485009123 1.8894214836850511 1.858978602101577 1.8212372430512116 1.7780091694967353 1.7311564064380847 1.6825625205495562 1.6341100630710315 1.5876608842623392 1.5450332754859197 1.5079669987697462 1.478065964602513 1.4567118557916874 1.444953513107026 1.4433947987442992 1.452117305652117 1.4706691475974591
1.922661644617469 1.922661644617469 1.922661644617469 1.922661644617469 1.922661644617469 1.922661644617469 1.922661644617469 1.922661644617469 1.922661644617469 1.922661644617469 1.922661644617469 1.922661946454356 1.9226630568295302 1.9226634154362998 1.9226625961817199 1.922661660265424 1.922661644617469 1.922661644617469 1.922661644617469 1.922661644617469 1.922661644617469 1.922661644617469 1.922661644617469 1.922661644617469 1.922661644617469 1.9172575688193811 1.8996693409597303 1.8713340107999423 1.8339133308890636 1.789190036802105 1.7390261348353 1.6853303451659158 1.630035602620633 1.5750861085820487 1.52243094248256 1.4740170598364755 1.4317684375874289 1.3975319453137591 1.3729702949076596 1.3593984193320245 1.357596524163935 1.3676714055239123 1.3890357426957736
1.922661644617469 1.922661644617469 1.922661644617469 1.922661644617469 1.922661644617469 1.922661644617469 1.922661644617469 1.9226631880912362 1.9226767747211344 1.9226983820492625 1.9227215782016738 1.9227411959248881 1.922753509918527 1.92275637475961 1.92274930830998 1.9227335108686634 1.9227118177705504 1.9226885910779936 1.9226695627266346 1.922661644617469 1.922661644617469 1.922661644617469 1.922661644617469 1.922661644617469 1.9218725774600247 1.9105105319049482 1.8867271102069336 1.8520724644771978 1.8082567053090377 1.7571003555778935 1.7004935643599106 1.6403665108783432 1.5786730151751096 1.5173884768937769 1.458521084607251 1.404130233945852 1.3563360703706822 1.317288202003061 1.289047143301164 1.2733438329150553 1.2712531155291713 1.2829250686262077 1.307543210135942
1.922661644617469 1.922661644617469 1.922661644617469 1.922661644617469 1.922661644617469 1.9226665722102343 1.9226963938328705 1.922744807672333 1.9228025969239968 1.9228614140163736 1.9229140339338586 1.922954607916957 1.9229788941004313 1.9229844397715967 1.9229706927385242 1.9229390270213222 1.9228926793474104 1.9228366050762538 1.9227772721967886 1.9227224177329187 1.9226807915807296 1.9226619093110588 1.922661644617469 1.922661644617469 1.9192194849122193 1.9025305297020185 1.8732564791922288 1.8329906295130407 1.7834747547241534 1.7265483658098366 1.664107653484279 1.5980772354900734 1.530398073244405 1.4630351603176457 1.39800807843115 1.3374440775282601 1.2836417321714595 1.239104465050801 1.2064535281102917 1.1880976832295373 1.1856414882759507 1.1993161036376683 1.227885194787297
1.922661644617469 1.922661644617469 1.922661644617469 1.9226621364367587 1.9226903991875364 1.9227540434063815 1.922841935678746 1.922943281409644 1.9230478598373675 1.9231463060786103 1.9232304272023528 1.9232935289233029 1.9233307203135313 1.9233391593030433 1.9233182046032027 1.9232694509517922 1.923196642126914 1.9231054753032273 1.923003325638356 1.9228989277199497 1.9228020498969145 1.922723190517814 1.9226733150045348 1.922661644617469 1.9155810465647054 1.8943507944127012 1.8603921686208866 1.81532791686571 1.7609169869117196 1.699001674010767 1.6314646908081463 1.5601996819657005 1.4870996124451297 1.4140691787510855 1.3430699954512828 1.2762096353700774 1.2158816579334482 1.1649332456118862 1.1267346588511897 1.1048334656854393 1.1018748968646892 1.1182603362662695 1.151903172315365
1.922661644617469 1.922661644617469 1.922666987620285 1.9227182148059723 1.9228140089956662 1.92294228982051 1.9230909859148475 1.9232482300704457 1.923402625241381 1.9235435816973214 1.9236617127783449 1.9237492601989277 1.9238005034716572 1.9238120977387911 1.92378328612519 1.9237159493469345 1.9236144835081446 1.92348552817776 1.9233375908787382 1.9231806244287604 1.9230256096112452 1.922884181961111 1.9227683243862155 1.922397871982421 1.9117730689362864 1.8868739918966113 1.8491269266494907 1.800172861471819 1.7418610378788915 1.676023036057422 1.6042595674973614 1.5284293093670531 1.450590978601404 1.3725368009302645 1.2960098169353298 1.2229660544811498 1.1557038396300001 1.0972272712830518 1.0517273748108786 1.0246501065230142 1.0209191535327022 1.0413545726038218 1.0819065298438448
1.922661644617469 1.9226701981112637 1.9227367351700286 1.922858950557032 1.9230242403155622 1.9232196989888952 1.9234322368695604 1.9236487759066703 1.9238565420273646 1.9240434630987802 1.924198664444933 1.9243130280806808 1.9243797527722624 1.9243948301611031 1.9243573499542377 1.924269571846034 1.9241367487719936 1.9239667388591217 1.9237694822755582 1.9235564321059635 1.9233400163589442 1.9231331817247665 1.9229490410645644 1.9218175143770042 1.9092497217687239 1.8847882113219967 1.8485452139953042 1.800823675939876 1.7424276317155394 1.674613789338084 1.5990462114631634 1.51772016119325 1.4328659880271208 1.3468514641105214 1.2621096896578148 1.1811346572576866 1.1064975473122847 1.0395620753125752 0.9842830547286897 0.9487997474063493 0.9436673920265638 0.9710039128223895 1.0213758060147695
1.9226680561939855 1.922738687224194 1.9228775402366762 1.9230719334107205 1.9233086482350585 1.9235739488227606 1.9238536651513674 1.9241333706890875 1.9243986871917813 1.9246357428970284 1.9248317891084301 1.9249759412693221 1.9250599594627538 1.925078937587119 1.9250317562374952 1.9249211906252501 1.9247536461719998 1.924538587830473 1.924287793875185 1.9240145785161193 1.9237330968111854 1.923457794388996 1.9252634165736775 1.9306217061223934 1.9259895655816164 1.9080957483765286 1.8765865004337041 1.8315714585438243 1.7737165595324376 1.7042840210681771 1.6250472432704717 1.5381956056762582 1.4462023535071855 1.3516747677323369 1.2572126568689244 1.1653087382446365 1.078345409176925 0.9988308270527709 0.9303892248918139 0.879872784001434 0.8713677524666538 0.9126451102302438 0.9762681905262045
1.9227233505372132 1.9228653644963203 1.9230766158393249 1.923344076632721 1.9236539891826263 1.9239918265752887 1.9243423149677248 1.9246895610263512 1.9250173391427317 1.925309594449975 1.9255511968291747 1.9257289261076362 1.9258325800704683 1.9258560021465378 1.9257977788709233 1.9256614085014616 1.9254548895288648 1.9251898519976465 1.9248804657448635 1.9245423652025473 1.9249513948962176 1.9324403147181768 1.9466482957201552 1.9634505922443275 1.96867352174736 1.9589545344111206 1.93358261326103 1.8924359357924248 1.8360001564744284 1.765496933122062 1.6828327991110208 1.5904627072116335 1.4912203190521982 1.3881126998955398 1.2841093391112224 1.1819553459881444 1.0840324478898022 0.992283617295947 0.9082251895761216 0.8333368175387872 0.8133069732423429 0.8816215960589555 0.9556934985853286
1.9228252986136507 1.923037443093497 1.9233206003239796 1.9236615320184483 1.9240460736603748 1.9244590138400581 1.9248840200955262 1.9253036670640402 1.9256996495579042 1.9260532842470777 1.9263463966726544 1.9265626233576059 1.9266890113374913 1.9267176019100885 1.9266465524389316 1.9264804127963582 1.9262294542551652 1.9259082937561698 1.925534253353071 1.927914442422056 1.9405835491010894 1.9618948892274835 1.9895556255355706 2.0193919398454447 2.0366372071385683 2.037200845065381 2.019890628603063 1.9841975719874425 1.9304095268063253 1.8596371091139592 1.7739259454639187 1.6760768029797066 1.569428828886886 1.4575964056608877 1.3441974103756047 1.2326243554680705 1.1259148453077203 1.0268238467402135 0.9385184017233468 0.868851750225418 0.8512333097715115 0.8984716602135348 0.9664845947821376
