_RESULTS/CROSS_VALIDATION_POSTPROCESSED/MHZ/TZ/1comp/2/MHZ_TZ_z_125_kriged_reverse_1comp_spherical_2.asc
ncols 100
nrows 81
xllcorner 5.5967107548124995
yllcorner 50.982328804812504
cellsize 0.00017565037499993607
nodata_value 1.7014100000000001E+038
[rows 0 to 19 of 81, columns 43 to 85 of 100]
20.061473672504203 20.061473672504203 20.061473672504203 20.061473672504203 20.061473672504203 20.061473672504203 20.061473672504203 20.061473672504203 20.061473672504203 20.061473672504203 20.061473672504203 20.061473672504203 20.061473672504203 20.061473672504203 20.061473672504203 20.061473672504203 20.061473672504203 20.061473672504203 20.061473672504203 20.061473672504203 20.061473672504203 20.061473672504203 20.061473672504203 20.061473672504203 20.061473672504203 20.061473672504203 20.061473672504203 20.061473672504203 20.061473672504203 20.061473672504203 20.061473672504203 20.061473672504203 20.061473672504203 20.061473672504203 20.061473672504203 20.061473672504203 20.061473672504203 20.061473672504203 20.061473672504203 20.061473672504203 20.061473672504203 20.061473672504203 20.061473672504203
20.061473672504203 20.061473672504203 20.061473672504203 20.061473672504203 20.061473672504203 20.061473672504203 20.061473672504203 20.061473672504203 20.061473672504203 20.061473672504203 20.061473672504203 20.061473672504203 20.061473672504203 20.061473672504203 20.061473672504203 20.061473672504203 20.061473672504203 20.061473672504203 20.061473672504203 20.061473672504203 20.061473672504203 20.061473672504203 20.061473672504203 20.061473672504203 20.061473672504203 20.061473672504203 20.061473672504203 20.061473672504203 20.061473672504203 20.061473672504203 20.061473672504203 20.061473672504203 20.061473672504203 20.061473672504203 20.061473672504203 20.059700583367874 20.05493436391781 20.049251553720705 20.044323893460916 20.041331942309856 20.04092130783061 20.043177342310322 20.04762172430075
20.061473672504203 20.061473672504203 20.061473672504203 20.061473672504203 20.061473672504203 20.061473672504203 20.061473672504203 20.061473672504203 20.061473672504203 20.061473672504203 20.061473672504203 20.061473672504203 20.061473672504203 20.061473672504203 20.061473672504203 20.061473672504203 20.061473672504203 20.061473672504203 20.061473672504203 20.061473672504203 20.061473672504203 20.061473672504203 20.061473672504203 20.061473672504203 20.061473672504203 20.061473672504203 20.061473672504203 20.061473672504203 20.061473672504203 20.061473672504203 20.061473672504203 20.061473672504203 20.061174769384422 20.0544391972735 20.041281766810943 20.02476511834379 20.0076471295594 19.992298910456903 19.980620393451844 19.973962993265634 19.97306916881985 19.97803725780095 19.988316713575358
20.061473672504203 20.061473672504203 20.061473672504203 20.061473672504203 20.061473672504203 20.061473672504203 20.061473672504203 20.061473672504203 20.061473672504203 20.061473672504203 20.061473672504203 20.061473672504203 20.061473672504203 20.061473672504203 20.061473672504203 20.061473672504203 20.061473672504203 20.061473672504203 20.061473672504203 20.061473672504203 20.061473672504203 20.061473672504203 20.061473672504203 20.061473672504203 20.061473672504203 20.061473672504203 20.061473672504203 20.061473672504203 20.061473672504203 20.061473672504203 20.061473672504203 20.05525803394225 20.03710822788535 20.010720874088182 19.979699405982654 19.94744682238539 19.917073263440844 19.89128789765555 19.872285242493184 19.861639159724643 19.860218902906695 19.868139847708928 19.88475679529532
20.061473672504203 20.061473672504203 20.061473672504203 20.061473672504203 20.061473672504203 20.061473672504203 20.061473672504203 20.061473672504203 20.061473672504203 20.061473672504203 20.061473672504203 20.061473672504203 20.061473672504203 20.061473672504203 20.061473672504203 20.061473672504203 20.061473672504203 20.061473672504203 20.061473672504203 20.061473672504203 20.061473672504203 20.061473672504203 20.061473672504203 20.061473672504203 20.061473672504203 20.061473672504203 20.061473672504203 20.061473672504203 20.061473672504203 20.060734231932344 20.046514020807393 20.017275905649466 19.977075654746972 19.92995487735359 19.87988800820696 19.83069659170135 19.785932280023804 19.748735289972235 19.721681278833604 19.70663518317977 19.704633393428466 19.71581381100733 19.73940629817772
20.061473672504203 20.061473672504203 20.061473672504203 20.061473672504203 20.061473672504203 20.061473672504203 20.061473672504203 20.061473672504203 20.061473672504203 20.061473672504203 20.061473672504203 20.061473672504203 20.061473672504203 20.061473672504203 20.061473672504203 20.061473672504203 20.061473672504203 20.061473672504203 20.061473672504203 20.061473672504203 20.061473672504203 20.061473672504203 20.061473672504203 20.061473672504203 20.061473672504203 20.061473672504203 20.061473672504203 20.061473672504203 20.059706876708383 20.039843160429495 20.00122670370123 19.948086394985634 19.88474441966913 19.815597312500184 19.745059023529663 19.677460431891184 19.61690410102827 19.56708039936446 19.53106089367002 19.511094940881357 19.50844182848142 19.523269617271797 19.55464124519702
20.061473672504203 20.061473672504203 20.061473672504203 20.061473672504203 20.061473672504203 20.061473672504203 20.061473672504203 20.061473672504203 20.061473672504203 20.061473672504203 20.061473672504203 20.061473672504203 20.061473672504203 20.061473672504203 20.061473672504203 20.061473672504203 20.061473672504203 20.061473672504203 20.061473672504203 20.061473672504203 20.061473672504203 20.061473672504203 20.061473672504203 20.061473672504203 20.061473672504203 20.061473672504203 20.061473672504203 20.060010106823707 20.03814201179977 19.993269642459627 19.92963705770891 19.85165714270894 19.763937297589912 19.671270687443652 19.578581453168134 19.49081295673482 19.41275234400758 19.348794193159534 19.302661132703243 19.27711725845478 19.273724192628595 19.292691118219366 19.332854012257247
20.061473672504203 20.061473672504203 20.061473672504203 20.061473672504203 20.061473672504203 20.061473672504203 20.061473672504203 20.061473672504203 20.061473672504203 20.061473672504203 20.061473672504203 20.061473672504203 20.061473672504203 20.061473672504203 20.061473672504203 20.061473672504203 20.061473672504203 20.061473672504203 20.061473672504203 20.061473672504203 20.061473672504203 20.061473672504203 20.061473672504203 20.061473672504203 20.061473672504203 20.061473672504203 20.061220357901462 20.042085648464948 19.99538751307696 19.925250538926814 19.83599377533777 19.732200889184835 19.618767554845554 19.500912776142183 19.384137228741526 19.27410943981305 19.176462764408498 19.096496820210124 19.038799397287317 19.006836711703585 19.00258992603086 19.02632568691151 19.076564009158627
20.061473672504203 20.061473672504203 20.061473672504203 20.061473672504203 20.061473672504203 20.061473672504203 20.061473672504203 20.061473672504203 20.061473672504203 20.061473672504203 20.061473672504203 20.061473672504203 20.061473672504203 20.061473672504203 20.061473672504203 20.061473672504203 20.061473672504203 20.061473672504203 20.061473672504203 20.061473672504203 20.061473672504203 20.061473672504203 20.061473672504203 20.061473672504203 20.061473672504203 20.061473672504203 20.050074206442364 20.00706062964995 19.93574544455467 19.840215021501763 19.724824215085192 19.594292386120646 19.453781645969666 19.308942007107657 19.16590076273675 19.031165528884316 18.911406344195438 18.813090240523138 18.74197167702835 18.702497377687013 18.697248099779916 18.726573393450263 18.78853974196039
20.061473672504203 20.061473672504203 20.061473672504203 20.061473672504203 20.061473672504203 20.061473672504203 20.061473672504203 20.061473672504203 20.061473672504203 20.061473672504203 20.061473672504203 20.061473672504203 20.061473672504203 20.061473672504203 20.061473672504203 20.061473672504203 20.061473672504203 20.061473672504203 20.061473672504203 20.061473672504203 20.061473672504203 20.061473672504203 20.061473672504203 20.061473672504203 20.061473672504203 20.05835787351767 20.02531394046975 19.959151837367138 19.863660229734297 19.742836297412158 19.601011522381082 19.442977795171025 19.27410592034009 19.10044161378247 18.928752247299148 18.7664807912724 18.621545821046894 18.501921224793552 18.41496031945318 18.36651895912136 18.360067327801115 18.396079559080604 18.471945343181815
20.061473672504203 20.061473672504203 20.061473672504203 20.061473672504203 20.061473672504203 20.061473672504203 20.061473672504203 20.061473672504203 20.061473672504203 20.061473672504203 20.061473672504203 20.061474592599993 20.06147797737879 20.0614790705265 20.06147657317715 20.061473720204205 20.061473672504203 20.061473672504203 20.061473672504203 20.061473672504203 20.061473672504203 20.061473672504203 20.061473672504203 20.061473672504203 20.061473672504203 20.044974231623154 19.99091110247289 19.90262451896735 19.783723483864854 19.63805387976051 19.469844566051766 19.283864618446575 19.08558888169537 18.881362091404714 18.678536714595552 18.485531975464582 18.31172030499878 18.167006390910743 18.06096850019702 18.001557180342918 17.993624786592072 18.03784263342102 18.13053977270966
20.061473672504203 20.061473672504203 20.061473672504203 20.061473672504203 20.061473672504203 20.061473672504203 20.061473672504203 20.061478377506322 20.061519793720144 20.06158565880347 20.061656366133946 20.061716164821433 20.06175369995088 20.061762432430914 20.061740892769784 20.061692739336905 20.06162661416022 20.06155581333133 20.061497809390584 20.061473672504203 20.061473672504203 20.061473672504203 20.061473672504203 20.061473672504203 20.059067786878913 20.024301046575278 19.95076969403878 19.841755327429787 19.700640770757577 19.531052860889545 19.337023248774255 19.123172104078286 18.894920276752302 18.658732178104927 18.422378461038917 18.195173268520158 17.988069704497004 17.81338425772083 17.683821172233994 17.61056552250217 17.600745670958602 17.655366429434498 17.768988709808813
20.061473672504203 20.061473672504203 20.061473672504203 20.061473672504203 20.061473672504203 20.061488693369444 20.061579598207448 20.061727174064817 20.061903322735418 20.06208259827547 20.06224297948947 20.062366642308024 20.062440661191616 20.062457563015965 20.06241566538289 20.062319154651178 20.06217789304795 20.062006980938385 20.061826130618435 20.061658925204725 20.061532038276788 20.061474479375303 20.061473672504203 20.061473672504203 20.050970288198116 19.999744021622487 19.90866152017227 19.780757819946707 19.619150810301107 19.427184791412245 19.208596026760794 18.967710547732697 18.709689969775194 18.440846032220126 18.169043397193047 17.90418675861166 17.658704282744612 17.44772994391063 17.288327842016198 17.19687834916231 17.18453875161318 17.25292884607712 17.393420390884174
20.061473672504203 20.061473672504203 20.061473672504203 20.0614751717273 20.061561324940698 20.061755326105725 20.062023228640214 20.062332121274316 20.0626508476808 20.062950867048407 20.06320721628647 20.06339950308626 20.06351283127388 20.063538545898144 20.063474694153303 20.063326132294094 20.063104261755253 20.062826435512456 20.062515122022322 20.062196937487496 20.061901655358227 20.06166128081725 20.061509247474383 20.061473672504203 20.039844937869724 19.97445231109314 19.86813264507713 19.723668176945637 19.543890361820722 19.331815663429673 19.09080284880388 18.824745316931647 18.5383224312949 18.237349705338932 17.929289250923937 17.624000248763917 17.33477995180378 17.07952021281136 16.881053684976095 16.764374389650307 16.74844607029207 16.8361618834572 17.01252377288074
20.061473672504203 20.061473672504203 20.061489959669025 20.061646113771936 20.061938107414402 20.062329099088906 20.062782278476448 20.063261466817643 20.063731930241268 20.064161406949594 20.064521310326164 20.064788020130035 20.0649441244279 20.064979443828502 20.06489167510334 20.06468654152729 20.06437742252559 20.063984529417308 20.06353376672872 20.06305544971027 20.06258303671804 20.062151993718718 20.061798856588652 20.060669546676245 20.028175736576483 19.9512269845744 19.832385084657123 19.674194159787746 19.479490491235516 19.25098077144611 18.990707011729317 18.702007328941487 18.3897938147749 18.05907996749507 17.716022028057278 17.369456401263484 17.032139757221845 16.723343035340946 16.472202651862062 16.317922057952583 16.296370185478384 16.413538536501303 16.639880977568154
20.061473672504203 20.061499746237864 20.06170256762158 20.062075089731493 20.062578863551458 20.063174524018486 20.063822156109794 20.064481897492996 20.065114831421006 20.065684197764487 20.066156897734636 20.066505189992036 20.06670838800232 20.06675430237194 20.06664016514569 20.066372847606907 20.065968325023753 20.06545050130601 20.064849623956984 20.06420055877817 20.06354115744429 20.062910870985146 20.06234967563241 20.058899856691 20.020428788285265 19.94472954209631 19.830532604069166 19.67632814730245 19.481416319094148 19.245984698165703 18.971321038677512 18.660036975776688 18.31630137260411 17.946103223913397 17.55761374953161 17.161833208463882 16.773315874654635 16.40334626128115 16.08082337905443 15.86498908596894 15.833169255174637 16.00088770163891 16.299011923640123
20.06149321701399 20.06170851784546 20.062131750203438 20.062724214578832 20.063445574374487 20.064253927151338 20.065106067897183 20.06595803641054 20.066766047917127 20.06748788620703 20.06808477438547 20.06852362074206 20.068779382564177 20.068837152594227 20.068693529842047 20.068356946217673 20.067846866255174 20.067192059624333 20.06642834170594 20.065596218655244 20.064738780027128 20.06390002795713 20.069398679261667 20.0856821414788 20.07160838104005 20.016882137013013 19.91910225604365 19.776193227512394 19.586722359526767 19.350232129043807 19.067351039952904 18.74001759581656 18.371682889957437 17.967481544140423 17.53438755263698 17.08144027925019 16.620323148834885 16.16727787306025 15.750119498606061 15.424174715505304 15.367674196797523 15.637464779822407 16.032694745703647
20.06166176859024 20.062094639187325 20.0627384846819 20.063553529539373 20.064497780037453 20.065526917819938 20.066594378898902 20.067651749310482 20.068649642583157 20.069539228392067 20.070274518783602 20.070815352110536 20.07113074701361 20.071202012297892 20.07102485718712 20.070609901461463 20.069981430502963 20.06917476686381 20.06823296613309 20.067203561624307 20.06844889616091 20.091197198419085 20.13408340540066 20.1843461799467 20.199870956354022 20.17094442723801 20.094658308539458 19.96851392378424 19.790424694059016 19.559255394649394 19.27505961649766 18.93925772765792 18.554851510330156 18.126564470131598 17.660881172003975 17.1659740319279 16.651527996533268 16.12851206707109 15.609099513594993 15.108950201186614 14.968521141379803 15.435732661439298 15.907486284314071
20.061972518618735 20.06261910117259 20.063481994271317 20.06452075963406 20.06569214916097 20.066949752984225 20.068243786876554 20.069521187736967 20.07072626691816 20.071802234855333 20.0726938894173 20.07335155796713 20.073735937354343 20.07382288493661 20.07360681174202 20.073101518598012 20.072338166273955 20.071361114077586 20.070222956554183 20.077461327387436 20.115820569240245 20.179712912433477 20.261477269556586 20.348232600716575 20.397710006672295 20.39931897720128 20.34967015847277 20.245740357681814 20.085038311726468 19.865744164871803 19.587420235276667 19.251171297383106 18.859912234705728 18.41858829663025 17.934307127497227 17.416419862798517 16.87672475244233 16.330445451626034 15.801089570603525 15.350866812017323 15.23195957222378 15.546068308090641 15.973456871491926
20.06238783206975 20.063241816485966 20.064319768759123 20.065581146980907 20.06698206229303 20.068474618384222 20.07000628339388 20.07151947925938 20.072951722554926 20.074236831341977 20.075307830365574 20.076102034779915 20.076568116457977 20.07667375445324 20.076411378441826 20.07579962137495 20.074879817947096 20.073709107734132 20.084692092519578 20.134254529304386 20.21598734190653 20.32172706888001 20.443184239276533 20.568525862957113 20.656028813273124 20.69264421200641 20.674530439936404 20.598153465853 20.460542939882327 20.259449747252773 19.993930473716706 19.664946982167066 19.27564160862504 18.831721986595056 18.341826578494594 17.818020929552038 17.276879729716796 16.74244232728799 16.254594894199084 15.888561912624066 15.756313581141518 15.890076629523337 16.202289049763277
