_RESULTS/CROSS_VALIDATION_POSTPROCESSED/MHZ/TZ/1comp/2/MHZ_TZ_z_0_kriged_reverse_1comp_spherical_2.asc
ncols 100
nrows 81
xllcorner 5.5967107548124995
yllcorner 50.982328804812504
cellsize 0.00017565037499993607
nodata_value 1.7014100000000001E+038
[rows 57 to 75 of 81, columns 0 to 41 of 100]
0.08221052019292262 0.08362637672954823 0.08603252971742568 0.08937833686365954 0.0933301946837231 0.09745839901716268 0.10163355950780067 0.10570629865724046 0.10951044437292273 0.11286575861072211 0.11558023562316802 0.11745515274866275 0.11829946990210877 0.11796246010860859 0.1163868578490748 0.11366227501524609 0.1100365710225871 0.10600235016605909 0.10222122963259155 0.09914334303873167 0.09682017975701895 0.09521217148052688 0.09428945912002114 0.09399001299302939 0.0942367978553824 0.09494843800373573 0.09604474676143132 0.09744924359536201 0.09909051910317454 0.10090369155849148 0.10286970518758008 0.10532526321136325 0.10776633960297935 0.10995618834579221 0.11181291862751644 0.11376041499007157 0.11583561759149338 0.11797238427099596 0.12009567129211014 0.12211923748241789 0.12394635974549537 0.1254747568984328
0.08536799632466677 0.08686100320517631 0.08929706603414717 0.09267540343775545 0.09690029684250108 0.10147057945180593 0.10617577741915743 0.11089334915605906 0.11547810336775813 0.11975886624913555 0.1235312514161552 0.12654843049139866 0.12851935243897702 0.12913788264773324 0.12817262908820196 0.12560297765949996 0.12172134925412471 0.11731696051591643 0.11304191748796792 0.10928798551377665 0.10621303394299521 0.10387177244387893 0.10225006744608886 0.10129301136336491 0.10092457565927095 0.10105962705901214 0.10161051993085016 0.10249058202738967 0.10361642439817235 0.10491043584322922 0.10630413654800909 0.1078633947372511 0.10944387011786398 0.11070005619424847 0.11184386944891281 0.11311611760934474 0.11446346266499384 0.11583206366507516 0.11716384003666248 0.11839483564640217 0.1194563800555889 0.12027944383793054
0.08845464884061263 0.09021035863497784 0.0928133926585556 0.0962606507089378 0.10057994150227162 0.10561225228290674 0.11089377856616596 0.11631098055332123 0.12174760565487885 0.12705594559069106 0.1320397843132702 0.1364242982312512 0.1398159315667737 0.14168752063987755 0.14149213269560407 0.13898582947762778 0.13464827384138922 0.1294265655521097 0.12426116308547029 0.11960859128764051 0.11569224946795507 0.11257699394889895 0.11024617571654136 0.1086391407205473 0.10767288051053733 0.10725398364423654 0.10728479766092416 0.10766663562190411 0.10830216647143517 0.10909857495887895 0.1099723698805789 0.11085565617757205 0.11152162287850344 0.11193545433584133 0.11244502980575978 0.11303182153356699 0.11365598105187494 0.11428014250234297 0.1148651144891779 0.11536822642858405 0.115744475944094 0.11595022890930487
0.09131722461649104 0.09330160738565707 0.09612685782215326 0.09979600940913055 0.10430794787688337 0.10965305737445147 0.11555710462979438 0.12169283586950982 0.1279976916828642 0.1343750757783204 0.14066977180712115 0.1466301153779933 0.15179904429246718 0.1553646603861379 0.1561463044947449 0.1534142892208257 0.1480149339134421 0.14156264954047873 0.13525707202291698 0.129604005879294 0.12481099414174586 0.12093229566865786 0.11792635824897145 0.11571428107456398 0.11419971508015922 0.11327805152924174 0.11284033139525071 0.11277480816565358 0.11296838727810034 0.11330990611920014 0.11369669185046616 0.11404435586039774 0.11406894419046995 0.11384759945602047 0.11369268335627157 0.11357209123250821 0.11346579485725315 0.11335687119810572 0.11322599742717158 0.11304977066354975 0.11280211815030024 0.11245783568161224
0.09387096363025516 0.09603480846261439 0.09902968831562477 0.10286258148763916 0.1075389219226838 0.11305901280208458 0.11941246486207749 0.12629189878156485 0.13345032048956512 0.14083460618208957 0.1483561579047805 0.15585090254427147 0.16296704830536676 0.1688293404089115 0.17134474616124507 0.16822054408686468 0.16092717695833827 0.15279511978081273 0.1452130540111422 0.13859242680602085 0.1330220243809795 0.1284775263909851 0.12489383784774757 0.12216934492098316 0.12019350730907148 0.11885162832360695 0.11802509137987902 0.11759010699647901 0.11741697119043008 0.11737243449675182 0.11732808766738342 0.11720434059220697 0.11710838733278006 0.11652923977628225 0.11566376323438596 0.11479629852124205 0.11393650032714331 0.11309186169828654 0.11226280635628816 0.11144199765051167 0.11061703194267046 0.10977466374189665
0.09603777371977797 0.09832188079261697 0.10142028514991469 0.10534099707815171 0.11009197245540768 0.11567812192348002 0.12209815780550898 0.1293409683128486 0.13714743763731718 0.1452826681724888 0.15371495115231 0.16239243617643498 0.17121080007501197 0.17991250699979022 0.1867492338268004 0.1819838512566342 0.1714977543929903 0.16167100180713184 0.15309963360595524 0.14580680038073654 0.13971805811207752 0.1347324002176786 0.13074181904442714 0.12764578339356467 0.12533106114849277 0.123679623821917 0.12256903284934165 0.12186786189170179 0.12143128298354416 0.1211002270432534 0.12074221678668427 0.12055626625775409 0.12042598219104968 0.11970278278511011 0.1184098989223359 0.11675708151808196 0.11510227497675019 0.11350563433891825 0.11198504380778532 0.11054411504688937 0.10917790756479595 0.10787863415591704
0.09775051322408634 0.1000882377907018 0.10321425957724611 0.10713429928433575 0.11185420375364248 0.11737706685772992 0.12370019340189257 0.1308118585511813 0.1386877957264569 0.14717462642466123 0.15597682039641358 0.16504053222812562 0.17437947222212977 0.18407616988542458 0.19282425486576224 0.1874963947190469 0.17653363875142145 0.16659814934155595 0.1579592460200915 0.15057942478966468 0.14437369130770678 0.13924437846052531 0.1350902634849348 0.13180944945050477 0.1293020806153956 0.1274687228792481 0.12619369804005073 0.12534682211632567 0.12477434356506223 0.12436378330237974 0.12419778323390679 0.12416121178717315 0.124009344538585 0.12308230529918625 0.12146245368661227 0.11936306312484021 0.11698452275829023 0.11460946550579808 0.11239765835906446 0.1103555506617582 0.1084744916176716 0.10673732492282521
0.09895667542137516 0.10127746127894548 0.10435034292738021 0.10817550410227818 0.11275219803999643 0.11807545038312454 0.12413224698889172 0.1308968622423773 0.1383245992059019 0.14634220925008318 0.15482766574371495 0.1635468401869338 0.17220496113183376 0.18000901790821913 0.18452197046429075 0.18214885097810196 0.17506755863243811 0.16700228055121535 0.15935930803056605 0.15254620785470704 0.14666367353060025 0.14170635923923738 0.13762679160906144 0.13435883259541848 0.13182659267035718 0.1299464874813521 0.12862487263797978 0.12775716058768186 0.12738158443056571 0.12744424264197934 0.12773885969357343 0.12800283031327225 0.12783992304874853 0.1266048175116839 0.12453320169680568 0.1219655554285983 0.11916487254188188 0.11630618691524548 0.11349882765128777 0.1108633800798622 0.10848081200676225 0.10633406462708353
0.09962098956193888 0.1018544181839739 0.10479406943454392 0.10843195853571207 0.11275725542257305 0.11775226661824335 0.12338740674674238 0.1296144505521121 0.1363571988660955 0.1435717884201438 0.15116362162171812 0.15887966867912726 0.16622221784615823 0.17213241594859882 0.17504904506299301 0.17384249748875238 0.16950234328668837 0.16366902818570467 0.15754076554786708 0.15173043650982926 0.14651081200190724 0.141988176168874 0.13818758058311348 0.13509287836534412 0.1326656318130198 0.13085819820873745 0.12972666950667872 0.12928821837667426 0.12949537292417004 0.13023581205257975 0.13125369462035527 0.13206587372791323 0.13188208648551494 0.1301372281696841 0.1274324017923982 0.12430379750344082 0.1210523853564584 0.11783660224133749 0.1147448083454693 0.11183070752404702 0.10912985717729067 0.10666775709862715
0.09972663643580246 0.10180643015198274 0.10453869699222987 0.1079056808373238 0.11188457524090498 0.116442834019464 0.12155196395957527 0.12718458872117355 0.13327279562025565 0.13970398908058285 0.14629124588154155 0.1527251879869863 0.15850596309891613 0.16289235078585082 0.16501251339644535 0.1644419325458869 0.1617731732864123 0.15773875003483862 0.1531117621604957 0.14844190678033553 0.14405589610820918 0.14012920522601782 0.13675719215594084 0.13401654202203253 0.13194722080695911 0.13057628202500965 0.12992503666999536 0.13001010372929062 0.13083640408348324 0.1323683298552331 0.1344217054066199 0.13627653921473984 0.13599808335743516 0.13331613853717444 0.1297824800074416 0.12607613751833752 0.1224242398596523 0.1189204086089479 0.11561301723645918 0.11253181517593067 0.10969759911133115 0.10712640184270675
0.09933452942572252 0.10119865804667805 0.1036706933096214 0.10672714005801338 0.11034333145810384 0.11448902259322716 0.11912263606740371 0.12418335182268539 0.12957986892345139 0.13517430524955307 0.14075989491198268 0.14603377410460067 0.15057586235537615 0.15386713107178754 0.15540119118107704 0.15504422092611575 0.1532665093755561 0.15044462341302342 0.1470352074747812 0.1434416199885203 0.13996211179876147 0.13679950806531185 0.13408793025414717 0.13191731943396984 0.13035152700193844 0.12944077400007303 0.12923014153080642 0.12976540738468453 0.1310968486366393 0.13328002332460648 0.13636325714512754 0.14017420275970352 0.13949781036247494 0.13527845612907363 0.13104547811746475 0.12697066477736085 0.12309473930852761 0.11944057379016124 0.11602511896030743 0.11286226300186546 0.10996397406350025 0.10734098281574621
0.09884142829963374 0.10044302513155896 0.10262103353979687 0.10534353587532085 0.1085761167232278 0.11227727165555867 0.11639266823368617 0.12084776875992248 0.12553832223613992 0.13031854209612112 0.13498796507797903 0.13928108991502403 0.14286997018892583 0.1453969335566296 0.14655106377322044 0.14631022699014815 0.14508761762410516 0.14309540956997768 0.1406125743464281 0.1379223978309474 0.1352651308832243 0.13282598243450325 0.1307417313001202 0.12911305912394858 0.12801650996125988 0.1275141603293313 0.1276607846275861 0.1285085617346067 0.13010841017002342 0.1325024282215093 0.13567327479497254 0.13900171548477175 0.1385204616917106 0.1348348265863111 0.13077575096162056 0.12678353959397773 0.12295580719388416 0.11933333978787208 0.11594041749477561 0.11279447169044496 0.10990939281184835 0.10729704708807644
0.09835843385399569 0.09966454053857332 0.10151621264560061 0.10387376319773503 0.10669437967730498 0.10992770936087695 0.1135106619974899 0.11736126094921615 0.121371587675592 0.12540041323270582 0.12926727971698407 0.1327518251193485 0.13560461242679936 0.1375762742908642 0.13846573563800246 0.13828123923011185 0.13741087119269255 0.13599273275526516 0.13420011675952848 0.13222792007285528 0.1302591525301305 0.12844910117505334 0.12692258093584655 0.12577786284600753 0.1250926607319498 0.12492957310228099 0.12533937951017343 0.12636016883009576 0.12800721821051048 0.13023784155742182 0.132841274924259 0.13484071244875062 0.1346172821719255 0.1323210549367439 0.12908122689701246 0.1255607544700555 0.1220309554436074 0.1186122926632288 0.11536747497837836 0.11233419559573286 0.10953791921995751 0.10699758063357667
0.09793774018699575 0.09892273425811315 0.1004252203139352 0.10239876795322923 0.10479387984796291 0.10755399391362117 0.11061109992055301 0.11388102936696635 0.11725875126980866 0.12061450781266386 0.12379241639130396 0.12661413334543362 0.1288907268856815 0.13044474854306348 0.1311402672808293 0.13097736927165712 0.13032535501028003 0.12930033196329557 0.1280112450973709 0.12659123668405772 0.12517560291665247 0.1238880122129814 0.1228345670698133 0.12210302618239412 0.12176434015787763 0.12187418971383061 0.12247245830640094 0.12357789614183862 0.12517297548999734 0.12716993961360482 0.12931629339940587 0.13063248896637933 0.1304949892291908 0.12895608966462718 0.12649037018754117 0.12356089046271732 0.12046220847862692 0.1173629363300384 0.11436155947412122 0.11151920146552001 0.10887653303210995 0.10646257182227807
0.097634583067977 0.09827901429708882 0.09941726835967701 0.10099730357041554 0.10296463813704043 0.10525887309389664 0.10781017103348606 0.11053586515290491 0.11333761370499666 0.11609986619386793 0.11869083169338604 0.12096745953434299 0.12278576305571379 0.1240166039681906 0.12456460544849131 0.1244097572305663 0.12388342941963162 0.12312149809421058 0.12219241333832845 0.12118662216047907 0.1202022657494347 0.11933455219054279 0.118669451278633 0.11828075843630041 0.11822894634703977 0.11856012876933816 0.11930341814481661 0.12046470878947105 0.12201472309544802 0.12387097253872598 0.1256332711016823 0.12657363866586488 0.12647767408015992 0.1253679788490003 0.12347475723290242 0.12108635113896035 0.11844241992376675 0.11571223153551138 0.1130095480132046 0.11041117196813345 0.10797049926173294 0.10572622012725627
0.09750629664330202 0.09779538698310723 0.09856018626711203 0.09974408108112741 0.10128905511466846 0.10313272838323789 0.10520560294875214 0.10742871901745267 0.10971210017049936 0.11195457260909222 0.11404572016735393 0.11587074994715992 0.11731868994602106 0.11829345145175549 0.11872596075088714 0.11858562980459339 0.1181188112760051 0.11752531615656625 0.11684722367929674 0.11614530153696953 0.11548962663460016 0.11495173393299792 0.11459901741289731 0.11449114387284724 0.11467767923163702 0.11519590456287465 0.11606777668993265 0.11729518350397364 0.11885349508491576 0.12062515401590015 0.12200381476320267 0.12271197131485552 0.1226404919783847 0.12180104479666302 0.12031984413813827 0.11837831747409618 0.11615449314051418 0.11379493179861204 0.11141091936667305 0.10908458431490443 0.10687660856472335 0.10483267855742903
0.09750533321549189 0.09753394137187828 0.09791982517778072 0.09870924857263572 0.09984174522428373 0.10125422713580966 0.10287883666437571 0.10464134922532627 0.1064604211148353 0.10824807922483097 0.10991189179878134 0.11135916171316154 0.11250315986093813 0.11327083989798048 0.11361077374281718 0.11349953764440317 0.11305552947344617 0.11256090358897826 0.11205159024832527 0.11156749989975742 0.1111578239864683 0.11087530675132806 0.11077164584182804 0.11089405145532205 0.11128261843393907 0.11196800035377649 0.11296892799293216 0.11428946839906631 0.11591086319332579 0.11743017209728551 0.11852195676510648 0.11907274874649194 0.11901748219773046 0.11836294698021135 0.11718517022432419 0.1156028161703947 0.11374549903070717 0.11173226451425863 0.10966275522041911 0.10761661016504168 0.1056564175409918 0.10383149194880767
0.09750533321549189 0.09750533321549189 0.09756034272155988 0.09795892856018212 0.09869059008622168 0.09969226296902439 0.10089832807750405 0.10223949572497396 0.10364249239543284 0.10503079375188955 0.10632662960524851 0.10745436952064995 0.10834515332113824 0.10894227677544831 0.10920647552651663 0.1091200377492569 0.1087131842816605 0.10826589441889375 0.10786364111647374 0.10753149797125901 0.10730323905282174 0.1072171581414818 0.10731244833277892 0.10762626031663489 0.10819134353795387 0.10903408944448927 0.1101728814769857 0.11161696461913846 0.11312331888066875 0.11436127781269875 0.11523699098308195 0.11567392555795575 0.1156302375497715 0.1151102285496991 0.1141631053868527 0.1128698104532115 0.11132535745311734 0.10962416817067035 0.10785149833461684 0.10608022677352089 0.10437095786935016 0.10277366909885188
0.09750533321549189 0.09750533321549189 0.09750533321549189 0.09755654399072328 0.09789859070288706 0.0985085916133723 0.09932324186827449 0.10027785152368913 0.10130622318854328 0.10234138304170755 0.10331726040360187 0.10417130947018638 0.10484789769865659 0.10530207384331952 0.10550313758792172 0.1054373494455834 0.10510921539155288 0.10467220468634171 0.10433075771778733 0.10410076072764923 0.10400466012466167 0.10406989395326365 0.10432611788249758 0.10480286275344819 0.1055276519391004 0.1065245756318023 0.10781339657086686 0.10921685465470671 0.11046134867307951 0.11147192069587747 0.11217938111015546 0.1125298849929962 0.11249491621597596 0.11207737750975708 0.11131094472658838 0.11025300238959637 0.10897438243840674 0.10754966311180925 0.10605026439569139 0.1045407174413298 0.10307740962088045 0.10170886305292172
