_KRIGING/CROSS_VALIDATION_CLASSIC_80-20/MHZ/IZ/train_4/MHZ_IZ_4_train_z_710.asc
ncols 100
nrows 81
xllcorner 5.5967107548124995
yllcorner 50.982328804812504
cellsize 0.00017565037499993607
nodata_value 1.7014100000000001E+038
[rows 36 to 53 of 81, columns 0 to 39 of 100]
0.018932838266685792 0.020104001911668085 0.021292895147639296 0.022398408261316366 0.023296311227368111 0.023847724584782543 0.023912234716309266 0.023364997824812606 0.022116337842870565 0.020131551193432212 0.017448044546510638 0.014186703213168256 0.01055463192585096 0.0068371731895021104 0.0033783507586419292 0.00055047487347767432 -0.0012846302707187063 -0.0018187216104187387 -0.00083931035567025303 0.0017348715714962104 0.0058306212383050227 0.011213596184141833 0.017500664484770251 0.024191219361705957 0.030714694302729301 0.03648900402979896 0.040982754515841241 0.043773173784601077 0.044592033468478759 0.043353377226289735 0.040159440470639046 0.035284329395992964 0.029138286162863097 0.022218131739733554 0.01505126502342205 0.0081411107617141709 0.0019211030819926422 -0.0032776249286819714 -0.0072422887960952309 -0.0098784687095409274
0.017226161345596319 0.018123264549326418 0.019031611188001923 0.019860978067899215 0.020499528878771461 0.02082105396363626 0.020696393702930332 0.020008526445153413 0.018670068171118437 0.016641228111337558 0.013945727891768095 0.010681953341502654 0.0070267690293444041 0.0032300318043114173 -0.00040113484669185295 -0.0035279013352968736 -0.0058132336696431475 -0.0069600224902510999 -0.0067494071732581706 -0.0050742589756166689 -0.0019628564872097853 0.0024113985873699395 0.0077368532457479378 0.013587611627019186 0.01946286038181097 0.024837380302295903 0.029217241526409449 0.0321935964887681 0.033487438161270561 0.032979264548363058 0.030719667251940891 0.026919628656754818 0.021922306249541862 0.016160778229935585 0.010108140535956073 0.0042271472885010708 -0.0010738403936939311 -0.0054733601870309845 -0.0087548619833260066 -0.010809863912470491
0.015413136168193758 0.016031843550494418 0.016657246980800317 0.017210264900596045 0.017591698711757947 0.017688263534008153 0.017382346212687 0.016565104696169619 0.01515189444287976 0.013098394387500961 0.01041531928864628 0.0071793577700464406 0.0035380537888468622 -0.00029320151018449869 -0.0040430921668904996 -0.0074051434971085517 -0.010066007362955376 -0.011738697514612123 -0.012197158490900611 -0.011307883211730152 -0.0090541547084662943 -0.0055489681109298361 -0.0010338013712146432 0.0041379376075569851 0.0095319393410369935 0.014675541244733581 0.019106977790040502 0.022425231123718387 0.024333954356768578 0.024673519691658929 0.02343680577006535 0.020766667674764788 0.016935748490702701 0.012311915825647612 0.0073146628515009804 0.0023689273006040068 -0.002137233690129664 -0.0058857789662219717 -0.008649230395355062 -0.010297588571613558
0.013544980009284335 0.013893668654028829 0.014247859820832293 0.014539568777932915 0.014682094762967585 0.014574910709440808 0.014111847612768263 0.013192311429846865 0.011734743036572765 0.0096910055863264621 0.0070599479282130451 0.0038981376898562792 0.00032575765326323114 -0.0034740422468637899 -0.0072634455197200798 -0.010766174002089707 -0.013690822001461961 -0.01575946951192414 -0.016738744899610108 -0.016469775102888634 -0.014893116922822081 -0.012064916626602612 -0.0081612544603029413 -0.0034688790765284305 0.0016377829940147637 0.0067315477417169978 0.01137567007172105 0.015170176337745783 0.017795383515260388 0.019046738974532434 0.018856159697090674 0.017296939878792855 0.014571734638964967 0.010985687395732829 0.006908976928106908 0.0027345032772936317 -0.0011631520489950031 -0.0044620162180793177 -0.0069163556142397276 -0.0083678593661573875
0.011671052810252408 0.011768813454664989 0.011875242130991143 0.011933135598053451 0.01186781489602981 0.011590980442475002 0.011007468565429696 0.010024756613845304 0.0085646297750748834 0.0065759777662710295 0.0040473015947515567 0.0010172501943447043 -0.0024185643843593618 -0.0061060643783440727 -0.0098377014170466237 -0.013364499403684893 -0.016414879856815667 -0.018719086630426734 -0.02003710999497052 -0.020187216372782507 -0.019071651934035039 -0.016695933346652342 -0.013178468490056605 -0.0087481117554780996 -0.0037286197334595317 0.0014892990763743508 0.0064857853806049304 0.010855238402668083 0.01424990732507056 0.016417840359525898 0.017229911727627084 0.016692115421243187 0.01494149266336614 0.01222656889144208 0.0088755481764371258 0.0052572943982452935 0.0017409831678228127 -0.0013399044950572758 -0.0037147723196338522 -0.0051917045822208185
0.0098372927353373718 0.0097113015967877636 0.0096019978899350156 0.0094624130543783658 0.009229138645116014 0.0088252817004692841 0.0081659789089608414 0.0071664075353666812 0.0057518799672950371 0.0038692370908167961 0.0014984121044627485 -0.0013372264925747279 -0.004563276435644581 -0.00805093327601894 -0.011619103308401407 -0.015042811815216661 -0.018068094320099232 -0.020432781677213852 -0.021891728335138499 -0.022244183047368887 -0.021360287175118814 -0.019203250783696391 -0.015843741966765718 -0.011463537101082583 -0.0063465542768313121 -0.00085695980704594832 0.004594090289078312 0.0095896306294613043 0.013751009680309373 0.01677912774608506 0.018487041814107069 0.018819270463770577 0.017855077313880946 0.015795488301481087 0.012936342622298813 0.0096317963483403268 0.0062539827389661851 0.0031547539606007202 0.00063458413743550102 -0.0010779753746339993
0.0080855091526421952 0.0077681132708821987 0.0074802219077980681 0.007184368879765396 0.0068274591359233361 0.0063429763823023566 0.0056554636781760426 0.0046872849339037737 0.0033673948145064303 0.0016415368577364642 -0.00051701360488079495 -0.0030973071250892104 -0.0060425057862412423 -0.0092449882055450627 -0.012546076952077934 -0.01574142327904629 -0.018592620397717446 -0.020844961185211924 -0.022250442589725333 -0.022594219906185209 -0.021721847020832769 -0.019563960474285186 -0.016154751534092709 -0.011640780076383334 -0.0062775122438472331 -0.00041239751159674598 0.0055448098250143185 0.011161718661992087 0.016028337283826605 0.019801602540080843 0.022243193377428999 0.023245161412402071 0.022839660613118845 0.021191524347895119 0.018575159518771617 0.01533967351150442 0.011867842435415943 0.0085351541331743774 0.0056746350672446377 0.003551658769488486
0.0064532875717944471 0.0059791284299891556 0.0055515003330092461 0.0051415714472475005 0.0047054701191502346 0.0041859020123126145 0.0035158125513650162 0.0026241508784554668 0.0014435687029426547 -8.0366368136658428E-005 -0.0019791305657713421 -0.0042513216983423585 -0.0068540184411161609 -0.0096967291872723238 -0.012639267651920222 -0.015494762240233079 -0.018038676366638556 -0.020024162504993559 -0.021203299749915139 -0.021352826233942884 -0.020301985151695678 -0.017959224289836401 -0.014333928590743034 -0.0095493255208938255 -0.0038433297219233886 0.0024445791203342448 0.0089004399024585623 0.015074629688985736 0.020528061905151301 0.024879805187590615 0.027849481105691104 0.029288257887602503 0.029193853145092402 0.02770743539370682 0.025093210943260308 0.021704233634024878 0.017940038861559149 0.014202688984536554 0.01085756982034855 0.0082039068309245067
0.0049741724539682508 0.0043776167314610037 0.0038477798425332888 0.0033635107229445793 0.0028890096774386864 0.0023750065093442463 0.0017618113086192155 0.00098432138190202023 -2.1110421062120466E-005 -0.0013082506823303419 -0.0029115437180784465 -0.0048364421738928409 -0.0070505408892479193 -0.0094767476640937598 -0.011989842187568461 -0.014417750417337921 -0.016548636681312373 -0.018144442003978078 -0.018960758699951036 -0.018771965271434737 -0.01739945794720768 -0.014739782014548897 -0.010788714791529735 -0.0056571191421383171 0.00042514206307595059 0.007119692032454078 0.014005053909830562 0.020615167035647891 0.026486823010112792 0.031209958746434147 0.034473780803586124 0.036101934909169159 0.036071420967731277 0.034512459477407831 0.031689578165160076 0.027967210422259359 0.023765483143191796 0.019513162263771727 0.015604701446432778 0.012367066864134468
0.0036777939209415023 0.0029908609150299248 0.0023926013290878345 0.0018685529064774997 0.0013898401287445461 0.00091404979171594292 0.00038785470164914848 -0.00024852271440364837 -0.0010550608628405456 -0.0020841330547200498 -0.0033715822750135793 -0.0049273504436042614 -0.0067265885585520713 -0.0087024134350567328 -0.010741654797493699 -0.012684988217877252 -0.014332701629011207 -0.015456931364104282 -0.015820495405981433 -0.015201471453999416 -0.01342151658155466 -0.010374785171944734 -0.0060534158603311738 -0.0005651877757746615 0.005860692813866919 0.012882521920054846 0.020070636244843454 0.026946001122317847 0.033028763181341153 0.037890595857415194 0.04120349934663603 0.042777801401704257 0.042583524301716885 0.040751830342561329 0.037556469212781829 0.033378401575437644 0.028659421256810869 0.02385212955177704 0.019373758935376462 0.015570127086644431
0.0025896848427538477 0.0018405724448831151 0.0012022547399178907 0.00066596907946189776 0.00020867459326923132 -0.00020626001008081096 -0.00062670664861064207 -0.0011076818911115172 -0.0017055445724322715 -0.0024706763463509251 -0.003439017782845305 -0.0046230535924150495 -0.0060030919863925669 -0.0075199394565294841 -0.0090702851147921593 -0.010506208496573549 -0.011640129582563691 -0.012256154056658697 -0.012128086513149589 -0.011043404938431173 -0.0088313079490693613 -0.0053917456521875573 -0.00072137834742641571 0.0050680483816624433 0.011743133381899779 0.018957120194415006 0.026274169618006465 0.033208191483488331 0.039272190258495682 0.044031860176556664 0.047155870842450986 0.048455276087508631 0.047905866918239864 0.045649882496797967 0.0419768247927986 0.037286548220138299 0.032040637190699134 0.026709785700654437 0.021725143872135311 0.017440396545392783
0.0017306707061781612 0.0009428990298858686 0.00028655632304405709 -0.00024237406186752852 -0.00066208863917227578 -0.0010043742694169633 -0.0013124157354826582 -0.0016369360830187085 -0.0020307162439306137 -0.0025416709865234421 -0.0032048201386384589 -0.0040336961676586958 -0.0050119692376489056 -0.0060863269899202044 -0.0071618718381097068 -0.0081014226426671665 -0.008730044425958372 -0.0088457975331596994 -0.0082370453639060703 -0.0067056965784890454 -0.0040945758461971293 -0.00031589943584556246 0.0046231660651213091 0.010602378130272566 0.01738198857965953 0.024611141664697578 0.03185227152424272 0.038620134351920327 0.044431434050397761 0.048858723306959201 0.051580910775631067 0.05242265945905214 0.05137634687951198 0.048602891967096551 0.044411168892786651 0.039219266570941796 0.033503813298343066 0.027745384678871776 0.022378313308764358 0.017752002318222881
0.0011158711807545685 0.00030799473768519658 -0.00035086422450006371 -0.00086087106433896388 -0.0012362433056226085 -0.0015046957080015466 -0.0017053264008565772 -0.0018849079870294771 -0.0020926517922608134 -0.0023736302318328184 -0.0027611850093946788 -0.0032688295505023113 -0.0038823743305544667 -0.0045532457505298718 -0.0051941894515818987 -0.0056786783029642851 -0.0058452979413148032 -0.0055080751665098904 -0.004473092546967844 -0.0025608011918652196 0.00036770934768926011 0.0043834211284362323 0.0094650013725187943 0.015481737644617438 0.022187970263522344 0.029232085686170112 0.036181197159178641 0.042560124769297908 0.047900628125083972 0.051794580110993277 0.053943427175525055 0.054196244993714532 0.05257009909719218 0.049249080300317966 0.044561837328154885 0.038941011788929253 0.032870983011694499 0.026832155071542324 0.021250316254665724 0.016458344663884655
0.00075349258671258967 -6.071610309807407E-005 -0.00071269674479373935 -0.0011995854173542653 -0.0015323507337291209 -0.0017352334190656182 -0.0018436671665340854 -0.0019006776364771105 -0.0019518584565606512 -0.0020391297743929671 -0.0021936099425170774 -0.0024280880493261769 -0.0027297790331500815 -0.0030542603067310603 -0.0033216901501935681 -0.0034165286458340827 -0.0031919390956914873 -0.0024797599653970936 -0.0011063501051954416 0.0010862742501936695 0.0042156905214478513 0.0083335296713800133 0.0134029053348583 0.019283037002474884 0.025725043063437897 0.032381788230871206 0.038832778988902222 0.044622653113281951 0.049309227258917732 0.052514877413663258 0.053973747679515099 0.053567290290182229 0.051342061843779679 0.04750636077341075 0.0424057263360125 0.036480873161379407 0.030214601687581832 0.02407600871196211 0.018470574469880791 0.013703394099324723
0.00064368365022232643 -0.00016733502067128869 -0.00080829426107784097 -0.0012740446401217076 -0.0015729040321217358 -0.0017260709840195287 -0.0017655657371743461 -0.0017307303035349053 -0.0016634209214943796 -0.0016021248070307026 -0.0015753411253656979 -0.0015946980559548574 -0.0016484410328994059 -0.0016961121928424638 -0.0016654141882584128 -0.0014523539348768044 -0.00092571682961331558 6.3347718147421794E-005 0.0016663952273015536 0.0040179979251467879 0.0072129090885525993 0.011282748396555492 0.016175742155650069 0.021743465293622977 0.027738267566818853 0.033824003942285991 0.03960087204851942 0.044642822768475116 0.048543559537643971 0.050965083611042239 0.05168157117596836 0.050611442352515884 0.04783191940752754 0.043572995076984367 0.038191088449140514 0.032126115059569887 0.025848552764101224 0.019804767984096694 0.014369040779496633 0.0098093679703754322
0.00077775416522821161 -2.4051983038425595E-005 -0.00065394699235432618 -0.0011051620280827512 -0.0013838446365599666 -0.0015084391600277691 -0.0015076551089845958 -0.0014170885824160706 -0.0012746640696574274 -0.0011151549946100403 -0.00096413235561501609 -0.00083179634456795326 -0.00070727532535813653 -0.00055412476340044314 -0.00030789823796886773 0.00012325792573994465 0.00085408470679187998 0.0020131133330798801 0.0037288380743939753 0.0061117534191402478 0.009233776090701612 0.013107527869586161 0.017668727117391175 0.022765285942776908 0.02815642901931123 0.033524130358424081 0.038497450796434324 0.042688175480702778 0.045733880588181064 0.047342676992014027 0.047332847624137059 0.045660746172771077 0.042431759529061669 0.037891678322749006 0.032399031546048368 0.02638221031256055 0.020287878930918907 0.014528702729919241 0.0094384970948571123 0.0052415069992794994
0.0011380138970288889 0.00034879290226252913 -0.00027281297282766293 -0.00071900797810983685 -0.00099415302987387877 -0.0011141148170382975 -0.0011042822763862037 -0.00099634676201662553 -0.00082404372138056292 -0.00061813649118083736 -0.00040099620987110729 -0.00018121004523447004 5.1255767200442115E-005 0.00032870211383295711 0.00070741256125608776 0.0012666432342873513 0.0021041458077697417 0.0033277085573543697 0.0050426433521612857 0.0073358072195533752 0.010257563002751963 0.013803920958393612 0.017901769710037818 0.022400385190198824 0.027072114571846106 0.03162417376438395 0.035721917896553185 0.03902195385671095 0.041211416557611708 0.042048061834599387 0.041394959047320629 0.03924379219923349 0.035722182757057158 0.031082855600241238 0.025675467647871403 0.019904934407635494 0.014182517516759835 0.0088772752948721168 0.0042754463142880283 0.0005539321397916297
0.0016983887709147161 0.00092332634386127488 0.00030569325994891927 -0.00014621159388644722 -0.00043527329412748617 -0.0005748837609509394 -0.00058703297134107824 -0.00049929276438742676 -0.00034091612016090567 -0.00013834781759439196 8.9502888521830748E-005 0.00033582671538243125 0.000609856344213483 0.00093965569938511684 0.0013731574419525716 0.0019768169794591173 0.0028313057793275809 0.0040238635547032164 0.0056373079669584936 0.0077362643201711878 0.010351872725001404 0.013466939834703234 0.01700405806503813 0.020819428266648538 0.024704830597890332 0.02839931270210308 0.031610750166444851 0.03404567291572716 0.035443961354095693 0.035613586250173329 0.034459867466338612 0.032004015088862942 0.028387054644360421 0.023857456398613003 0.018743504912029446 0.013414138903984046 0.008234118940825208 0.0035204974280454715 -0.00049277032003927634 -0.0036766099301936139
