_KRIGING/CROSS_VALIDATION_CLASSIC_80-20/MHZ/IZ/train_4/MHZ_IZ_4_train_z_125.asc
ncols 100
nrows 81
xllcorner 5.5967107548124995
yllcorner 50.982328804812504
cellsize 0.00017565037499993607
nodata_value 1.7014100000000001E+038
[rows 38 to 56 of 81, columns 43 to 85 of 100]
13.191582894437463 13.305028965018451 13.093408457142685 12.592771166481125 11.868652605808762 11.007325456313094 10.104620076475555 9.2539430095470863 8.5352540986484229 8.0065966879322268 7.6993307975383765 7.6175735930308486 7.7416265132747508 8.034504117708023 8.4502035618424465 8.9421521672625879 9.4703709769021707 10.006258216082287 10.534439441336955 11.05173190992428 11.563807790219613 12.080515867547811 12.610977322882992 13.159499545391405 13.723089191679856 14.290960557953568 14.846011576880686 15.367858521840972 15.836745729848332 16.237515992870605 16.562849238162229 16.815133908630287 17.006589796735486 17.157565181771076 17.2932355549165 17.439192217837061 17.616593166560079 17.837634830674894 18.102082694675836 18.395474256723624 18.689392334111851 18.943923587410453 19.112099211565127
12.690649790292998 12.637584541155892 12.268847000633293 11.633987453958321 10.811215455201324 9.8972993754837582 8.9951962049958958 8.2011979234751742 7.5934748955387885 7.2236724673188881 7.1127032112532085 7.2511637039723809 7.6040249692809212 8.1185491803069088 8.7339040608518737 9.3907663038563189 10.03934732310028 10.644692891243363 11.188703111002859 11.668962279388698 12.095031820364001 12.483243408927862 12.85117911740199 13.212938035230525 13.576007582301621 13.940157480291703 14.298342642348658 14.639219914321373 14.950614340646517 15.223146882875747 15.453261101430257 15.645039693984181 15.810444115017532 15.967895019528083 16.139391987853692 16.346609086329472 16.606570139335759 16.927587379488116 17.306133044888931 17.725208011623497 18.154585091780039 18.553055522838921 18.872522254523425
12.451532313901202 12.238229260025044 11.719451364225268 10.957753539786937 10.043243676310638 9.0822452426428661 8.1838742298263902 7.4464536062786708 6.9457450284460549 6.7266984272330346 6.7998432976694794 7.1426716796032217 7.7055361832389311 8.4208643096791125 9.2140084560834392 10.013893537841401 10.761806188615248 11.417136143329369 11.959522273746739 12.387535988951687 12.714620380909537 12.963393228803337 13.159563884286122 13.326610726765225 13.482067002657573 13.635848943372334 13.790622098745702 13.943822127636093 14.090684225564829 14.227520192264029 14.354512965073557 14.477449969390698 14.608048266877788 14.762790236720484 14.960445547975258 15.218669389111911 15.550215359824744 15.959371841319532 16.43921946846352 16.970217492510166 17.520466736007045 18.047780665631613 18.503445068151152
12.475096753677924 12.111803335159637 11.453555224217094 10.574998769862354 9.5769834581975655 8.5741507879898311 7.6806380874586724 6.9959304363282051 6.5929143994155126 6.5098591182094312 6.7474194967841008 7.2709327010289595 8.0174158389058938 8.9059328919309735 9.8495206691038444 10.766728926583497 11.591048288378664 12.27700844547471 12.802410580718941 13.16686831801692 13.387433713428212 13.492476982603346 13.515121644396924 13.48741816375265 13.43612450247598 13.380536725295691 13.332370884455612 13.297321343408099 13.277667539292889 13.275196117669935 13.293742972333749 13.340810969348489 13.427941564598793 13.569766660494871 13.781900802286994 14.078023502831627 14.466629189739502 14.947980316033622 15.511787156827612 16.136059787315361 16.787440854175934 17.423142764202201 17.994395984556316
12.728072272150268 12.226785030034378 11.441193045993732 10.456786771650549 9.3836980861553272 8.3434191097719292 7.4538472327644145 6.8147672868215974 6.4958692215443588 6.5290304288213479 6.9059186559242827 7.5811113553390168 8.4800393599147768 9.5103141776714057 10.574527670012007 11.582500158256863 12.46120255310441 13.16112074240343 13.658542080555364 13.953975623073038 14.067530077879745 14.032464537585636 13.888250459224802 13.674351074736625 13.425596825723661 13.169602078324708 12.92622545038107 12.708706000999603 12.525865024742709 12.384669632141087 12.292499993790646 12.258614504371682 12.294521814837308 12.413200453687917 12.627317903791784 12.946765844216852 13.375933685901607 13.911185453241764 14.538988575928684 15.235073006890904 15.964881950072577 16.685419466954315 17.348417024091397
13.14861264696605 12.521087868627919 11.620125263328775 10.540568444334099 9.4001558665440363 8.3256039431192104 7.4372330994315146 6.834289216100407 6.5830712841911829 6.709575512587894 7.1976641785796236 7.9928858873829949 9.0111749361779374 10.150909737135315 11.306351586245309 12.380392407522926 13.29481377403205 13.996825736345329 14.461384529793058 14.689531465021652 14.703610527132845 14.540608558606117 14.24497549624196 13.862138563632421 13.433587681479622 12.993972127241353 12.570208205379622 12.182236305834481 11.844835679252318 11.569824406278912 11.368026826013203 11.250545277343853 11.229081179195276 11.31526705679221 11.519160417280457 11.847190316502823 12.299929418364835 12.870089797336446 13.541116483539954 14.286686747112867 15.071322250029723 15.85219162878634 16.582030619021847
13.655874320439253 12.912270098685648 11.90661734458045 10.74146271632209 9.540340891896804 8.433476184870873 7.5422445301853616 6.9645512208051725 6.763213967304206 6.9590197847937239 7.5294084866995474 8.4128486774414633 9.5180766474584875 10.736631725557192 11.956678744661188 13.076033108240253 14.012593685716057 14.710967079154152 15.144803842422792 15.315110932177223 15.245415038262635 14.975029336665187 14.551780150692448 14.025398240476839 13.442438445105797 12.843155250159334 12.260328493225497 11.719683778826973 11.241336414848723 10.841620509483571 10.534729339584434 10.333750520267992 10.25088198872557 10.296817155458376 10.479455790065375 10.802212432127774 11.262251895926454 11.848987633956224 12.54314398737894 13.316618200308412 14.133290164838133 14.950822065393725 15.72337089707084
14.162029237966856 13.310453715780184 12.209160330066631 10.966657334542486 9.7104004438920146 8.5723757610918465 7.6736566752809638 7.1100539534423319 6.9408937112759803 7.1825278738730622 7.8074677516268736 8.749155882193751 9.9115139707197564 11.181688794621362 12.443994420227419 13.592988324528395 14.543916138311442 15.239337949366764 15.65147959844581 15.780585147537842 15.650144253315824 15.300233954817397 14.780309126445223 14.142619461650579 13.437090775940661 12.708078881160665 11.99298252210475 11.322367230793514 10.721052280640187 10.209560122758948 9.8054019864612485 9.5238336780826494 9.3779127714790391 9.3778771380840631 9.5300126228937394 9.8352686217136096 10.287913706687279 10.874509307032156 11.573432245401289 12.355109957270582 13.183054313496129 14.015695214491071 14.808925227127464
14.584728602010436 13.631789930795733 12.442810280400227 11.130472117487535 9.8242645836350029 8.6562082742043938 7.7457590337113587 7.1859362251375121 7.0326234346744005 7.2985619783934048 7.9528605749204324 8.9259966877531056 10.119440017604878 11.418342991984424 12.705342142297694 13.873464571900746 14.836429417456291 15.535200163250989 15.940354653927916 16.050550149417301 15.887937682546504 15.491730136728131 14.911214655510001 14.199342809290254 13.407698332749334 12.583225118888013 11.766692872087038 10.99256151229298 10.289723512675851 9.6825653165256025 9.1918727982614747 8.8352686036254013 8.6270609342280657 8.5775588614362785 8.6920374431842689 8.9696033020454813 9.4022206864573015 9.9741232488326155 10.661775952210981 11.434480781109029 12.255649529967059 13.084700574943474 13.879473574121645
14.858006806660434 13.81025739464409 12.541754453003131 11.167543792579075 9.817282279520736 8.6213527145429083 7.6963489636474618 7.1318688506673116 6.9804477512842453 7.2520516521335745 7.9138825931594612 8.89544402194241 10.098013657568213 11.407024565331753 12.705479346530971 13.886480314067349 14.863244378023751 15.575513562950915 15.99195137225299 16.108792873351909 15.945565354718756 15.53902773925736 14.936555340980284 14.190042361282057 13.3510728410856 12.467711767746202 11.582884004797659 10.734013906430715 9.953435789329852 9.2690622268327054 8.704889740111966 8.281085972831093 8.0135882196938635 7.9133055601974691 7.9851260481974569 8.2269752349386422 8.6291585828674719 9.1741653749347023 9.8370370080353009 10.586326889722271 11.385614270516214 12.195483817715253 12.975844027551513
14.939967632098949 13.805948798386542 12.468097755728518 11.041993291485337 9.6556353975465026 8.4361774742492486 7.4962001857762086 6.9213275667725584 6.7608801655384392 7.022869153301289 7.6740130279165797 8.64470833734444 9.8381417669669595 11.142129652483966 12.441922193345615 13.632171952353843 14.626534648250376 15.36387848867469 15.81071513969756 15.960100917530976 15.82777141028245 15.446582474919543 14.860401937406891 14.118448647403591 13.270770830082554 12.365180018493051 11.445598437508151 10.551507233525095 9.7180406075313925 8.9762622626127548 8.353260890202689 7.871866334053137 7.5499670866685884 7.3995589462144213 7.4257456078230319 7.6259355603262966 7.9894443781812532 8.4976376308599235 9.1246615737892469 9.8387277539107298 10.603856807632759 11.381949655941641 12.135036911362619
14.816248812504 13.608709300734184 12.215619841321491 10.751236089023708 9.3401273352107523 8.1047250920834593 7.152558071699703 6.5648149973783934 6.3877752818476017 6.6282885391650472 7.2539151541099383 8.1976550324068391 9.3665115488233539 10.652586980620574 11.945084887337792 13.141558471727677 14.156988552235953 14.929740669145511 15.424036476089587 15.629160301033387 15.556096825306518 15.232581761106061 14.697612497802417 13.996327547980261 13.175880190719504 12.282583874832575 11.360277820419261 10.449617379822861 9.5878724452765507 8.808822506678851 8.1424436142266252 7.6142463425050888 7.2442951074467121 7.0460750325716379 7.0254461130604895 7.1799284559983798 7.49850759549423 7.9620580362669982 8.5443830665779217 9.2137827202401343 9.9350039205293292 10.671401000462353 11.387135624012839
14.499073098721876 13.236882391304356 11.808216901431376 10.324120916484947 8.9040169256493158 7.6642361257671761 6.7063460117560361 6.1067428573867044 5.9088852873173003 6.1192246189687669 6.7073796951207019 7.6104905847843343 8.7410744695956772 9.9972095581678779 11.273579932564122 12.471876286417775 13.509263325528863 14.324041913539945 14.878162054153901 15.156773286234252 15.165430840954402 14.925836506766476 14.471052596309683 13.841001181079385 13.078801936069961 12.228185349703125 11.331920957073461 10.430984524754985 9.5640881140662906 8.7672153122728069 8.0729153541226459 7.509271044140605 7.0986178608881856 6.856214082632798 6.7891189766849136 6.8955225490338021 7.1646986044033412 7.5776475502407061 8.1083850957738477 8.7257424734952949 9.395488335323769 10.082565822130164 10.75325417486788
14.022489867378923 12.731804796092213 11.293707642790407 9.8141142995799591 8.4056528019774319 7.1773043577960483 6.2239106068366201 5.6168351416177513 5.3969905619178258 5.5711652515605463 6.1121411284862992 6.9625551985939325 8.0419175399536407 9.2557544384261785 10.505579182291338 11.698351101528369 12.754267051046227 13.612094375464805 14.231720962737757 14.594070042670685 14.698913763538831 14.56135408050822 14.207793876198096 13.6721085639027 12.992496436828755 12.209202902462106 11.363050322232976 10.494518305030606 9.643040233697505 8.8462120006716845 8.1387234802148249 7.5509802346276871 7.1075357123650011 6.8255633692626017 6.713640268557568 6.7710848861500343 6.9880060363030569 7.3461029712876762 7.8201385716346721 8.3799138138148699 8.9925182580980234 9.6246219416739862 10.244601793368101
13.435027786311263 12.149390424797254 10.734452739827351 9.2890771883368863 7.9175375414361069 6.7203606214995748 5.7850549922478702 5.1778369954176613 4.9374072674316114 5.0716002280083838 5.5573523657620338 6.3439713538429228 7.3592172627751902 8.5173147485452212 9.7277733526695318 10.903845002329438 11.969597329215093 12.864892227241087 13.547962977621626 13.99569603184155 14.202064101490308 14.17536566707339 13.934975883935383 13.508215674605685 12.927741732364392 12.229611446885967 11.45194751993936 10.63396884880315 9.8150952118628432 9.033873845645811 8.3265919760774949 7.7255906716128653 7.2574377068444793 6.9412133456729448 6.7871915114326331 6.7961572364205329 6.9595045605459349 7.2601338230599186 7.6740438658616874 8.1724191211678612 8.7239600027337314 9.2972012192698124 9.8625991291608806
12.791301366689996 11.550523860334078 10.196667417863079 8.8196504581867323 7.5139510330598434 6.3707014388148737 5.4696366503726086 4.871839118113483 4.6141888916112501 4.7062450442710082 5.1299724576669608 5.8423353856962716 6.7803735139768992 7.8680311354563992 9.0237895379685611 10.168096651253897 11.229702963086382 12.150270068760488 12.886960664374849 13.413073626491581 13.717083754401695 13.800629057712392 13.676034369926935 13.363876629557959 12.890921041149674 12.288542753574365 11.59155299843075 10.837218075978001 10.064219111237749 9.3113497142340798 8.6158644058612524 8.011535053326762 7.5266039739121977 7.1819062316729552 6.9894503827664458 6.9516953131666961 7.0616564506310073 7.3038443084313931 7.6559122428952113 8.0907944184202201 8.5790652787436805 9.0912519803275398 9.5998735819085805
12.144101147266998 10.991995265872831 9.7403380638634935 8.4683118873413079 7.2593173333735965 6.1943369641205903 5.3450627536154043 4.7675782006974581 4.4973797951074106 4.5463867843656569 4.9023371309094612 5.530639906385832 6.3784068770700273 7.3800822087659528 8.4638858259299781 9.5582202820154389 10.597272097730013 11.525244860660472 12.298945650014929 12.888746538090864 13.278196866711788 13.462721796967042 13.447885176904322 13.247625818216996 12.882727165944974 12.379598558498477 11.769282488578973 11.086497521642464 10.368502712593292 9.6536253538607486 8.9794077768768794 8.3804653656622285 7.8862682766781171 7.5191317366299204 7.2927066184732228 7.211203136070611 7.2694717531195723 7.4539331662852151 7.7442230444209335 8.115322395413731 8.5398965921332959 8.9905687337901625 9.4418984892779925
11.538186009629012 10.519385428663998 9.4113185271985742 8.2808197701427169 7.1991396765668547 6.2365613829250854 5.4566338809244375 4.9106823451400254 4.6332800617860048 4.6392762234454246 4.9227779086128329 5.4582137464886875 6.2033088192610224 7.1035304707085647 8.0973737729135191 9.1217786925999143 10.117019879707055 11.030569182329675 11.819662009760041 12.452549029789287 12.908630461873399 13.177808833127138 13.259435977778637 13.161174941289543 12.897973726732836 12.491196599161896 11.967824310107119 11.359553167164233 10.701613388960052 10.031187970611981 9.3854238560720855 8.7991549355005176 8.3025657624271787 7.9190868822894247 7.6638116397158571 7.5426609961240318 7.5524128729235773 7.681581352462425 7.912007103805756 8.2209279229828081 8.5832522494319612 8.9737623040056338 9.3690196667748928
11.006487492171509 10.162757262554315 9.2365896299286909 8.2811311337812441 7.3546713268689681 6.5164678913292633 5.8219880428091644 5.318120147467436 5.0389661830291779 5.0027780926820178 5.2104532519475484 5.645780855500079 6.2773729044973532 7.0619695035648995 7.9486248350199942 8.88319127346983 9.8125380869675567 10.688058047178998 11.468199082877886 12.119964542502721 12.61950789667674 12.952067936358752 13.1115286366033 13.099845676655404 12.926481124280588 12.607864281690439 12.166788681615245 11.631594139126848 11.034985025424724 10.412399475931657 9.7999501661348773 9.2320757834476801 8.7391411331728079 8.3452767349879977 8.0667419917841556 7.9110308593799736 7.8768305108702474 7.954815979323925 8.1291439831709695 8.3794199961706486 8.6828682759776292 9.0164382515381813 9.3586254250013816
