_RESULTS/CROSS_VALIDATION_POSTPROCESSED_80-20/Berg/GZ/7comp/5/Berg_GZ_z_500_kriged_reverse_7comp_spherical_5.asc
ncols 100
nrows 90
xllcorner 5.6208707817415728
yllcorner 50.959635321741573
cellsize 0.00013419651685393446
nodata_value 1.7014100000000001E+038
[rows 54 to 71 of 90, columns 42 to 83 of 100]
0.16175926789450723 0.16077585371380138 0.16088692914120506 0.16154280517646508 0.15970149576731574 0.14987330199004426 0.10640411789281437 0.07722865258912345 0.05917778413743289 0.04857048496210037 0.04316502672945981 0.04059424088311753 0.040222155362984194 0.04241800149851165 0.047968367496509796 0.05844877975701602 0.07660979152225358 0.10639757240573314 0.12262194302684669 0.07577848015487598 0.04795481191391296 0.03113140207515386 0.020681837329689663 0.013952132658290206 0.009400637083417209 0.006152000165395463 0.003920148457418555 0.002531310772639345 0.0017255460804771903 0.0013111475966207983 0.001139148700260835 0.0011205966110879927 0.0012285544925301985 0.0014748024000385527 0.001904581897519426 0.0026014735827567513 0.003698226524316359 0.0053892312280176356 0.007878463810184458 0.011392843991295993 0.016113008822143646 0.022065471365461466
0.1624107529827757 0.16907549476056985 0.17643863250215774 0.18477613272828886 0.18940277027151053 0.1781507330108245 0.14725482065458698 0.11775340532476772 0.09778543418980659 0.08613690543488949 0.08152979548772529 0.08221628426289457 0.08651991331458497 0.09582868503265946 0.11237034069966677 0.13957545458968998 0.18060575463102563 0.23303615870847813 0.24922629044045025 0.1930354933758767 0.13499720889620606 0.09381210000373841 0.06619319856948251 0.04745364686855453 0.033808628226612535 0.02259148780617126 0.01393699565061925 0.008391972525770458 0.005319607318898616 0.003795655907872399 0.0030605487156120364 0.0027688776937739037 0.00277556066483152 0.0030370226549169873 0.00357107499249857 0.004442943799483543 0.005766343907548949 0.007801933171439685 0.010630643757672842 0.01437777671870749 0.01909296660849306 0.024651604546191745
0.15537617317537364 0.16718343535493924 0.17945911713753163 0.19166317269175426 0.2007116592236573 0.19701046927402854 0.1795966661713054 0.15855015423576124 0.14300484621106546 0.1349327589629556 0.13514461680010503 0.1443727287475606 0.1599778690163675 0.18385351169824748 0.21970059010793133 0.2699797895550796 0.33319132541757523 0.393788426778655 0.41256663175476954 0.3680378139624836 0.29329549262826204 0.22441240818979105 0.17130542428217474 0.1327025027129148 0.10343365106590797 0.07242115440372157 0.04167381593043949 0.023598320897682913 0.014489459452319707 0.009851623821265131 0.00749120577550344 0.0063315324663897965 0.005885860375395741 0.00594243278457816 0.00642780802120341 0.0073468521844659695 0.008842561200547033 0.01118189355031247 0.01424853303213703 0.018065171418236287 0.022554313315923693 0.02746710359065816
0.14121938600438158 0.1558871254480667 0.171029083270896 0.18583496429046006 0.19848949594482526 0.20483188713010847 0.20081174735855725 0.1920286097620827 0.18632817501908863 0.18701823531545755 0.1968157206201262 0.21913375725342601 0.2539152382026305 0.30037150824738806 0.36133848811888325 0.43597314092358486 0.517438213760005 0.5849980158202475 0.6086467755325389 0.5775245661712913 0.5083949605750215 0.4242726789333983 0.3471801929621017 0.28494832126654834 0.23637205439356862 0.17607081556254572 0.09531434688556 0.054231445172578024 0.033407877364940636 0.022428929314508104 0.016436606340217184 0.013190130657608937 0.011535039160940886 0.010880349957763973 0.010942965462587183 0.011629969814600655 0.013210809290464134 0.015691485321743782 0.018770964990337972 0.022373377341235533 0.02631178159225351 0.03025499610816121
0.12197648601163012 0.13762841103247908 0.1539934858263388 0.170414119549815 0.18580467105366216 0.19907409380327817 0.20731160516015856 0.21135889047005557 0.21790247773161234 0.23047550880415882 0.2528501557981004 0.28985402766594415 0.3470731709162936 0.4198157026567194 0.5057775025840536 0.6019790323736292 0.6975302112731404 0.771779051510755 0.8018777650237476 0.7796079369755711 0.7183579384654675 0.6377239712037485 0.5464588480885322 0.4566274631478636 0.3648830417174227 0.2592911037686313 0.16268155159264922 0.0999029280504265 0.06388558788528494 0.04345022830315399 0.03165802602964929 0.024732513158051857 0.020661961151268542 0.01842600617731406 0.017421709406972324 0.017613859082294226 0.019055968461844073 0.02135060141626633 0.024075811490882695 0.027063144557074748 0.030049068950530018 0.03267359620192348
0.10294414507990067 0.11550929501085937 0.13155998534195412 0.14834745261776439 0.1651778283191145 0.18156123740577887 0.1974881516111986 0.2122288735404803 0.22991046890191505 0.2538950371152799 0.2881813486860747 0.3380662326906075 0.4096209117150036 0.5032113354317076 0.6085164570547561 0.7193214380695374 0.8230204437312066 0.9010798104891347 0.9357491233828946 0.9200823186900109 0.8618407568490474 0.7769135252726292 0.6793418878918247 0.569690075324721 0.44918519540622787 0.33048526977920056 0.22690744705560648 0.15119472510897108 0.10193742904310277 0.07129470936050188 0.05235903744150147 0.040565668392340465 0.03315652140801347 0.02850671881262763 0.02601872748020052 0.025373679002612764 0.02630454870151088 0.02793002143370663 0.02981164372191649 0.03170873600285444 0.03332520877245411 0.03432812022062619
0.08760407770797027 0.09596357340477771 0.10761791886072615 0.12268664733634262 0.13934484306141529 0.15661735736063176 0.1746163937038024 0.1946470949545526 0.2195936305018967 0.25118087320117316 0.2930204962671426 0.3486364694740236 0.4223751788503988 0.5195305976989705 0.6326243749275661 0.7471199694338292 0.8503833665157728 0.9265386019322653 0.9615252641122736 0.9491689660699928 0.8935419956388383 0.8055899346779117 0.698310577283658 0.5901540885476577 0.48040477539829163 0.3706931513644869 0.2718818155939992 0.19369958176975316 0.1376188735814348 0.0995537451139155 0.07429381944728322 0.05758655161196739 0.046472589026537225 0.03950560049029787 0.03565140927690515 0.03410011923247263 0.03419282131852981 0.034685571367871725 0.035245767492348805 0.035614524275190115 0.03563504735557429 0.03544047783920058
0.07538291916039894 0.08093214357581444 0.08863668963018856 0.0989393434433499 0.11194200725932581 0.12772587083877374 0.1452696697843268 0.16474618409319805 0.19028942602809587 0.2237420763118639 0.26533629581066737 0.3177919476666137 0.38420191067440296 0.46753405774860946 0.5692417160193928 0.674656908046966 0.7676330704824536 0.8350978604366562 0.8659698451963287 0.8549465675412159 0.8047028172712292 0.7318259225823422 0.6485219596820552 0.5581848273036802 0.4622710922529319 0.3682518264951658 0.28356255952421283 0.21341022499491938 0.15894522795029947 0.11896575230764415 0.09055000042935785 0.07066062947270056 0.05746477050882872 0.04907823404476373 0.04408410831212238 0.04163481608562483 0.04045820884336465 0.03947518778699855 0.03863721532292524 0.03784005049802429 0.03696192492640237 0.035895686927139465
0.06575353950240238 0.06954933378267673 0.07429081241442283 0.08114436798184087 0.09017615765439621 0.10144619957748746 0.1149829240725492 0.13100567759576548 0.15153113575630836 0.1786250353837344 0.2137488742577394 0.25698740395730785 0.30962255712889564 0.37280274744843195 0.4465787682237514 0.5285775209395853 0.6031860933739267 0.6567431498862973 0.6840983513148501 0.6845109723552524 0.6605551780842345 0.6175657157054623 0.561282436892962 0.4922328681381989 0.4158811304582302 0.33935806839405835 0.2688695547476844 0.20863324788438242 0.16024543780313985 0.12308833429956563 0.09569422419965158 0.07656456705722826 0.06348712204766013 0.054808607536636356 0.04941187312060955 0.04644092797856649 0.04423635749197118 0.04234753903696944 0.04063221423169064 0.038964519029047136 0.0372360714380629 0.035544756914108216
0.055308696246006636 0.05752647192368 0.059939708185620076 0.06406756526896783 0.07016292779208085 0.07825948757620743 0.08838629178100824 0.10046718951805642 0.11497808470259913 0.13358172338284965 0.1569320173338287 0.18675258641947914 0.22357602901882412 0.2665673897372111 0.3152233969959197 0.3681979998674893 0.4229959409008758 0.47012292375664644 0.5014466042188513 0.5146100048755226 0.5098195809353236 0.48940499853568675 0.45470897777930414 0.40656325430143625 0.3506729389858996 0.2927942220594492 0.23786951068021422 0.1893433371194989 0.1490648390775871 0.11791208273698403 0.09471048792821424 0.07788699045535209 0.06600674284523085 0.05793079138777904 0.05284303363449861 0.04941926142910982 0.04643296582199571 0.043744849766826154 0.041231222584646565 0.03878463681026208 0.036561565262700754 0.03512372853160093
0.0436362794106452 0.04461257637548109 0.04575560777678506 0.04772494682202005 0.05131906679261822 0.0565833545600269 0.06358684964331553 0.07236065943213744 0.08293984700748494 0.0965704594626369 0.11363784098237609 0.13376968488410607 0.15661847227747133 0.18372162952116816 0.21494633358770968 0.24893305567762386 0.2839384246259383 0.3179856753913731 0.3470949368991571 0.3651304686138615 0.37108450889725025 0.36514500909027464 0.34570631000934565 0.31512767253272894 0.27739313655457926 0.2366760233404414 0.19720104608784256 0.1619686529881631 0.1322962762574069 0.10843012038322652 0.08992838455509838 0.07603491593402732 0.06594748093502416 0.05896873505616812 0.054312259922609976 0.05033959530951641 0.04674278129232665 0.04341797254006592 0.04027273996039019 0.03766424620186409 0.03583867018098049 0.03476368933529811
0.032126357305678026 0.032270101421010146 0.03273857264473473 0.03357108206250353 0.03544964327556794 0.03865066840227305 0.043241367524384594 0.04929981065284862 0.05685221630272625 0.06636651312385984 0.07861974548862806 0.09351245937064478 0.11044449470147422 0.12807113640403078 0.14665256169449148 0.16700493785469164 0.18827490532788402 0.20928959761704677 0.22866278143440136 0.24496913388590025 0.2553219595721263 0.2563351704800177 0.24751069629269914 0.23063682305569655 0.20827281035435732 0.18319733196741358 0.15791608652401856 0.13433048381366294 0.11361455828151897 0.09627936524554354 0.08235019821461968 0.07157037947637973 0.06357247414360008 0.05795532326950796 0.05330905542112575 0.04902897172829944 0.04505561851101179 0.04149651717913525 0.03868526128288274 0.03659814139414433 0.03521004272442361 0.0345168630396152
0.022175821693342018 0.02188083688911816 0.021962515890872437 0.022425524051555068 0.023344530378224516 0.025186261756867816 0.028080234071614082 0.032114645279972834 0.037374188457227835 0.04394534669541457 0.05247117127944685 0.06315352319310202 0.07574829727899489 0.08950557529871518 0.10300989644199858 0.11537684854656532 0.12819635983152636 0.1409869560728022 0.15304044494549848 0.16363411673410652 0.17137854376849385 0.1745318755528426 0.1723688101032163 0.1647484832562523 0.1529881765216102 0.13868916375337723 0.12341636049781855 0.10847295527287767 0.09478542849857083 0.08289656907839635 0.07303421985652252 0.06521313634409812 0.059335540490366545 0.054505262450351026 0.04992691495871416 0.0458014771109152 0.04231446586020037 0.03947052578945314 0.037262411929957204 0.035682846760862794 0.034734371050495594 0.0344369703438014
0.014443486903817302 0.013992284454929286 0.013895032281180497 0.014150158862065332 0.014763572893911257 0.01580999445232088 0.017590862159219123 0.020216592333465105 0.02379072267994754 0.028401891838202357 0.03425300563798026 0.04179019981680038 0.05099640112885118 0.06151721064974453 0.07252105801191573 0.08263089988826583 0.09084720691532132 0.09893452386797287 0.10677797957968738 0.11365858201736216 0.11838890808954398 0.12048282524587475 0.11973636368372395 0.11625438214892714 0.11043437485098685 0.10289355882158804 0.09434669985300757 0.08551196539540751 0.07705297082108441 0.06943605323463803 0.06294195184720426 0.057761118869795874 0.05348421442668694 0.049461290620533935 0.04580867939954317 0.04260572153962016 0.039899190485959975 0.03771509631014262 0.03606972591455826 0.03497957840088446 0.034470553768232 0.0344369703438014
0.008933239725427313 0.0084898863520614 0.008339254093934108 0.008473094623020459 0.008897643523300502 0.00963269204352739 0.010739669175704548 0.012431107269415346 0.014828973156995407 0.018046807514831106 0.02217568150579785 0.027479973138595033 0.03418203192049456 0.04216970978800684 0.0510020918911545 0.05980838357356505 0.06729919744221498 0.07282306300487147 0.07796630064032807 0.0822089605774398 0.08518854209071865 0.08664585973855828 0.08646517746773283 0.0846966433654503 0.08154950290634298 0.0773575016169348 0.07252570818720895 0.06747290306120146 0.06258378995904759 0.0581808042312679 0.05451864501528772 0.051307827325386475 0.048119280888304826 0.045090085913444905 0.042326089978968064 0.03990396356694127 0.03787780025677137 0.03628710472868548 0.03516514491444815 0.03454732376090448 0.0344369703438014 0.0344369703438014
0.0052806915432920005 0.004917390814640525 0.004775453462499517 0.004842815942040439 0.00512422782764113 0.005640886706707583 0.006429844074704682 0.007547890187206243 0.009154042611204215 0.011390036476158811 0.014376623271545343 0.018213161295885964 0.023138004852635778 0.02924122138815528 0.036332157926199024 0.04389419431721142 0.051032682567337104 0.05633120216400654 0.059563355839826256 0.062236172530481935 0.0641802298593025 0.06524867217964535 0.06537466478896155 0.0645832795979524 0.06298909194059678 0.060780116910273185 0.05819240138851742 0.05548197697147508 0.05290119964380211 0.05067049018642287 0.04844690342097627 0.046098863701732565 0.043752811978925873 0.04151801347783644 0.03948408978854688 0.03772236149004398 0.036289826111462184 0.0352347490098131 0.03460321901105824 0.0344369703438014 0.0344369703438014 0.0344369703438014
0.0030031760240071532 0.0027355095991453663 0.0026245289267221774 0.002657368267455032 0.002837148547384757 0.0031828857800249846 0.0037302742852557674 0.004532672702692419 0.005661023119701943 0.00722723093816013 0.00939872426484986 0.012305059959875783 0.016046395086544017 0.0208045875875054 0.026584584927769044 0.03308118484506805 0.03951669157019552 0.04482213656676869 0.04783642330194796 0.0495550234171218 0.05087160980503881 0.051700445000314156 0.0520027315011132 0.051793166438930206 0.05113958139600862 0.05015596723837093 0.04899098032306716 0.047815279801043865 0.04667105970267405 0.0452684161181522 0.04367371587313561 0.04198604246696946 0.040300991625545284 0.038705502563678815 0.03727568512563637 0.03607733068843027 0.0351685543863085 0.03460404277449001 0.0344369703438014 0.0344369703438014 0.0344369703438014 0.0344369703438014
0.0016544368169276722 0.00147063077411875 0.0013924244619807518 0.0014081231528097556 0.0015196143654310442 0.0017423779670128344 0.0021070546692477012 0.002662176120441508 0.003477202776338179 0.004644210564478739 0.0062754219107022365 0.008516469272069642 0.011530097415797382 0.01540095924936759 0.020178816372846287 0.025702846307918883 0.03147290347052791 0.03666767786464517 0.040264565420951325 0.04169424167014495 0.042620063109259 0.04330315781851309 0.04372160009905636 0.04388724209750547 0.043846390033669726 0.04367751490982448 0.04342348380411801 0.04289933941130477 0.04211770396233878 0.04113533404928488 0.04002046939872325 0.03884675270614981 0.03768808289649425 0.036615119301128596 0.03569373752118028 0.0349854118113173 0.034549333169012306 0.0344369703438014 0.0344369703438014 0.0344369703438014 0.0344369703438014 0.0344369703438014
