_RESULTS/CROSS_VALIDATION_POSTPROCESSED_80-20/Berg/GZ/7comp/5/Berg_GZ_z_125_kriged_reverse_7comp_spherical_5.asc
ncols 100
nrows 90
xllcorner 5.6208707817415728
yllcorner 50.959635321741573
cellsize 0.00013419651685393446
nodata_value 1.7014100000000001E+038
[rows 57 to 75 of 90, columns 43 to 85 of 100]
13.955152945778135 13.734665593176146 13.51122907277887 13.307597482415403 13.12594737572641 12.93945810556997 12.731005891573622 12.461258159799383 12.140510823979564 11.783124214210476 11.40405305357795 11.091063943502828 10.921076789262777 10.880080443975288 10.951314507865801 11.121800454211966 11.375876487398973 11.69600604078742 12.064396336977097 12.420912369884412 12.668307801898429 12.7909652612788 12.773702958989325 12.611441585929342 12.624823059144171 13.426587797659451 14.130298504241761 14.690127864218287 15.101501441615579 15.373691970394551 15.558716246921684 15.683810920400946 15.755183522102186 15.775726563184222 15.752177818158772 15.744599573227367 15.755146093425164 15.764703261451315 15.76405800398851 15.743293427346968 15.692776453230284 15.604044387610733 15.470396532544775
14.033649563023134 13.88571186311597 13.73441107899902 13.597460806458479 13.491275467390487 13.393987948479833 13.263199924128752 13.061661202595367 12.800630966531346 12.493712943049424 12.154437910355268 11.809314050206094 11.572444164628223 11.450951375435068 11.431369049322061 11.499669436358488 11.641133789169515 11.840521107191162 12.081324994505614 12.344273021354152 12.589509483985795 12.725790416683616 12.751495403298504 12.737035686109902 12.915290948806705 13.437809168267423 14.048431113232807 14.59115655301125 15.021136421333486 15.329311237789323 15.521026101764116 15.609471858572336 15.630598111161826 15.59667068576509 15.557013175847615 15.536724546440036 15.52342383347414 15.503950652796512 15.471790354235868 15.419606075432101 15.340089076235566 15.226651105550623 15.081217421835477
14.073374589392387 13.992717735953054 13.907673915689326 13.83108734307627 13.775603225226021 13.749819644635378 13.706266548228257 13.583142757926705 13.390707640608518 13.142366973893363 12.850925814931408 12.524337133899557 12.21234739287767 12.006317348552543 11.895112800602153 11.864592387062787 11.900846024911292 11.990038087370182 12.117603806180785 12.267579822601505 12.423957035165834 12.575539042478226 12.685527370184921 12.804113450805895 13.056484084614842 13.476360599842478 13.976636248039192 14.457958438694565 14.864487475053828 15.172592294942197 15.376060640266958 15.477602889218556 15.484078688907497 15.442594197517492 15.395025898716591 15.358375433793887 15.320753286469992 15.274179402516372 15.21372486751907 15.133798753624461 15.028752426113098 14.92669067693219 14.898676376531
14.110561615647363 14.051938235090402 14.01892317460762 13.99811294278644 13.990561702800782 14.004304664902762 14.033198133664568 13.997397219957698 13.882578827399636 13.701747364869052 13.462426870481146 13.172502922127393 12.841144789559658 12.550095774579711 12.349077994434834 12.224275415990547 12.162582361039876 12.151454651310448 12.17844251537618 12.231114072219802 12.2986626050434 12.377665497676112 12.49759581876894 12.704327737593438 13.000636370066063 13.380953967412204 13.808129607302316 14.226539585162534 14.591652700382483 14.876706953272736 15.06881966659078 15.164244368419439 15.198553010466636 15.20468466632967 15.193504216805884 15.170065890873568 15.126417023247058 15.063211058251591 14.979782749585905 14.889298191651868 14.841981244334207 14.854483710109218 14.894287777302406
14.166310517496091 14.115979014228634 14.091362132010996 14.094794845693837 14.127290631650652 14.178760919113667 14.244788280596946 14.277260872792693 14.246307715059952 14.134179070820768 13.951390144100268 13.708099416894354 13.413558278231502 13.07919940495013 12.791652513021814 12.577445578767962 12.424248332424067 12.320606237366603 12.255690197031763 12.220126007047323 12.218175115400824 12.254916750663309 12.345304629768316 12.512915351730399 12.7676117249135 13.10073849773678 13.478267187872284 13.844634161941006 14.165112134069085 14.416066635892562 14.584687305014516 14.697445371117347 14.770623141895141 14.811949344848486 14.829018098191513 14.819797011921674 14.781935514761397 14.74193311811714 14.718453431138014 14.72616897821474 14.779432045725867 14.866307063237837 14.894650919447622
14.240392041371965 14.195536539944767 14.175694588837128 14.182326128649139 14.216393451014428 14.278076516110277 14.365306826645877 14.432848666650386 14.446399925584702 14.403158935328442 14.28475563221532 14.096864986019627 13.848999400697181 13.550136178757233 13.21231318831122 12.913262068432255 12.673885035789953 12.4884309784832 12.352223302825106 12.26062230073551 12.211125304291546 12.204936124270183 12.25614118864369 12.373062356757003 12.55602660664851 12.794871709384106 13.067532625839878 13.344412863158253 13.59520522555945 13.803261923583834 13.977588403984049 14.116368460498595 14.222464971108383 14.303107331910786 14.367176531927651 14.415101633420049 14.45670449434868 14.50500305385468 14.573432657210336 14.675648087437713 14.804762855411576 14.880823459824862 14.894650919447622
14.333214357109838 14.29320381282386 14.27601098432811 14.283567276512674 14.314938290835237 14.36900156748607 14.443881337139027 14.51770245087443 14.543441763241399 14.519122190270508 14.444488108593825 14.315254564701426 14.12180236060564 13.872443636808446 13.577299248445277 13.247834054313333 12.945705368728758 12.701876833940718 12.510424720356458 12.36681804675563 12.26799827807822 12.217200431862107 12.223091624014563 12.285743352963369 12.401271564476932 12.559512686053576 12.743591885977738 12.935255431300948 13.130967241962615 13.320358422866107 13.495528654643623 13.653371835792537 13.79521965081692 13.926123200333073 14.047687312663621 14.161109742013824 14.276479936628132 14.405095900852455 14.559101589757484 14.724870497677644 14.838566312907625 14.891432428474708 14.894650919447622
14.437688384266353 14.403249539670055 14.383595247683925 14.386123174517799 14.410147861859906 14.454396271013243 14.516982401698877 14.590995166653615 14.627612145143804 14.614663252874246 14.553252864805586 14.444887231875034 14.29094696656629 14.094120080635472 13.853555416469629 13.575693967157912 13.271915551776361 12.972815864430604 12.726559762133524 12.530339565151438 12.381287037001512 12.285561015361502 12.243153823795053 12.25104570401769 12.303507968184505 12.397086822521999 12.526599284587277 12.68171906283111 12.851959318847655 13.028449964700034 13.205161833950593 13.379458565831998 13.552111854397298 13.72516392273885 13.894838650414897 14.066664593863848 14.249261588829823 14.452323870677098 14.640889262643237 14.781419484995325 14.86782060336094 14.894650919447622 14.894650919447622
14.535049699790271 14.5064678047466 14.485781540242307 14.482284343001888 14.498461429883488 14.53290787082045 14.5837172864828 14.648506902340994 14.6993976442604 14.701446335950907 14.6558837467175 14.564825383837194 14.431320505758938 14.258570857676583 14.050465429328597 13.812659819659206 13.552165931856125 13.277309698151498 12.997634383459534 12.747602822231013 12.552212781118383 12.412983846832997 12.328081283916791 12.295452460716243 12.311951586002442 12.372763859564245 12.47140719723727 12.60036757630221 12.752147091185462 12.92036840431857 13.100643997568554 13.291084842893902 13.492206319180067 13.699314800821766 13.912898439126067 14.138810871125726 14.368342067369715 14.565454279766266 14.722041351897053 14.83160094226395 14.88806488661718 14.894650919447622 14.894650919447622
14.620526453729676 14.59703672828537 14.579818243546578 14.571038484875135 14.579009331232964 14.603738894854922 14.643292748163908 14.695341859729949 14.753017700522475 14.773248508395953 14.746802287928048 14.675984287040691 14.563976075225963 14.415026455933866 14.234050438736501 14.025792880821506 13.796769438198334 13.554494418539626 13.307221878365247 13.06774584584883 12.85132202965846 12.674971924746693 12.555847484681276 12.491223481586346 12.477433071727898 12.50999487148812 12.583630920521562 12.692646999102442 12.831565854771428 12.9958322584388 13.182423578082147 13.390271387724075 13.615171899709422 13.853744496769545 14.092788493398892 14.313684110628971 14.508880781372618 14.67118324059501 14.79376963568978 14.87021713693521 14.894650919447622 14.894650919447622 14.894650919447622
14.69126275334387 14.672188246740504 14.658497740708478 14.650848441345094 14.651290744046383 14.666494898337486 14.695366051309072 14.735595087342515 14.784602958796361 14.824242207823582 14.819526175882949 14.771483767198845 14.683307097123055 14.559160732762852 14.404263173345107 14.224492955941509 14.025161478221962 13.812932591710137 13.597971680860113 13.394150925189862 13.210106205878475 13.053769323485556 12.93205035040191 12.850375554153306 12.812308632559185 12.81981974893216 12.872569823233288 12.966299814988492 13.096936021774628 13.261207508356234 13.453743114896263 13.664123506468853 13.879637742301687 14.09235121766294 14.294495726489176 14.478507134448378 14.637080522645832 14.763212552691659 14.850240068037756 14.891880437224497 14.894650919447622 14.894650919447622 14.894650919447622
14.744786650479236 14.72951426489123 14.719015560218354 14.713833068598925 14.714164315681478 14.721112316359797 14.739954370318511 14.769317047696372 14.806658415254944 14.849189705388676 14.868237659653829 14.844896726795085 14.782265748302517 14.684324670379361 14.555993450264692 14.403090733232924 14.231771507849514 14.0502418425411 13.870201465844204 13.69932532585868 13.544988369844774 13.414002226071537 13.312263298185242 13.244418998485486 13.21360262466644 13.221284449516011 13.267267344134027 13.34982380143408 13.465939470111953 13.611609084683069 13.77845626982332 13.955762250389617 14.136348517290967 14.312915573307375 14.478170911935647 14.624930813214245 14.746197535879752 14.835221804635898 14.885558142561688 14.894650919447622 14.894650919447622 14.894650919447622 14.894650919447622
14.779027030014765 14.766980806500051 14.759391492335599 14.756707836487262 14.758999031870282 14.765976267400779 14.777366295236655 14.796871850056077 14.82375805882728 14.855391945079436 14.887736664101139 14.89047844422536 14.854559012049421 14.783698259081934 14.682457320449954 14.55622846747654 14.414828386702307 14.267464029463465 14.12030193833218 13.980080444415718 13.853266951011086 13.745782853754745 13.662735226236734 13.608170040184097 13.584879674751726 13.594293411705088 13.63646693371002 13.710168275912496 13.812929409917912 13.93696888337333 14.074794479302454 14.220273931936678 14.366890819407077 14.50791425423263 14.636536802366168 14.74598521915379 14.829610578308456 14.880964457733878 14.894650919447622 14.894650919447622 14.894650919447622 14.894650919447622 14.894650919447622
14.792331806396728 14.78294587937489 14.778021338627045 14.777927150934683 14.782587433272434 14.79152471977514 14.803938061179158 14.81879790216688 14.836558487310167 14.85849582903072 14.882132517619553 14.903127865889394 14.89458782734693 14.85121218585925 14.778046613668275 14.683925314660653 14.575823294455228 14.460679713551503 14.344527489750114 14.233045801388947 14.13195518235027 14.046459566143021 13.981038616447258 13.93926079324487 13.923638717115894 13.93554470443549 13.975195916088367 14.040521726691646 14.125359786853004 14.225324154146868 14.33549254333664 14.450354268537158 14.563980551111028 14.670176980571444 14.762615439636356 14.834946667403667 14.880896817394174 14.894650919447622 14.894650919447622 14.894650919447622 14.894650919447622 14.894650919447622 14.894650919447622
14.783491406325163 14.776185532450373 14.773708744519457 14.776360341073408 14.783885492645386 14.795552859246092 14.810279016269437 14.826766247364429 14.84362700500325 14.859481494995435 14.874255543851717 14.887875548693755 14.89782056155291 14.885367243315192 14.846150820106589 14.785733347363431 14.710203515276394 14.625927087135354 14.539084770176563 14.454725061826085 14.377852658613897 14.313084032050197 14.264389488320864 14.234948054233469 14.22703518335216 14.241366399439107 14.27529419688544 14.326727781609078 14.392847899208505 14.469977478750392 14.553719438681503 14.63910317424118 14.720729152781464 14.792904578870763 14.84976665534763 14.885392863281737 14.894650919447622 14.894650919447622 14.894650919447622 14.894650919447622 14.894650919447622 14.894650919447622 14.894650919447622
14.75175274515487 14.745911757436685 14.745691429807842 14.751329443330233 14.76233180167499 14.777610579424346 14.795688118122573 14.814902726998861 14.833573183664694 14.850183306613426 14.86434029882532 14.875749276054714 14.884251901138157 14.89061263185017 14.884870943599445 14.8573188621417 14.813467939326038 14.759143779996538 14.70014023026419 14.641515312156391 14.587580320743609 14.542462339442421 14.509609053581348 14.490597149130247 14.48642260289682 14.497350660894675 14.522685738485444 14.560799002511098 14.609190988745697 14.664582548072417 14.723025356905028 14.780022933598524 14.83065429087873 14.869694431134098 14.891728224297118 14.894650919447622 14.894650919447622 14.894650919447622 14.894650919447622 14.894650919447622 14.894650919447622 14.894650919447622 14.894650919447622
14.701164617409553 14.694340106444539 14.695249112340052 14.703781151068354 14.718931412549166 14.739051909934439 14.762200842191305 14.786457534061604 14.810135894979078 14.831895911455707 14.850783100726881 14.866226789651535 14.878017673494142 14.886274268492471 14.891399607064079 14.892895841310793 14.880185033237419 14.854880746476889 14.822356452274779 14.787423071473963 14.753760966524748 14.724610499984623 14.70260378044816 14.68962866617968 14.686765570549179 14.69424997593472 14.711464131943131 14.736958732959554 14.76850251832024 14.803155324510273 14.837358606594474 14.86703702032088 14.887705209585148 14.894650919447622 14.894650919447622 14.894650919447622 14.894650919447622 14.894650919447622 14.894650919447622 14.894650919447622 14.894650919447622 14.894650919447622 14.894650919447622
14.641113128331021 14.631880263649318 14.633113131025757 14.644639246541754 14.664916351432753 14.691516017342174 14.72173259034143 14.753048941694374 14.783380960638254 14.811154676715601 14.835295507333388 14.855184375309102 14.87060691891657 14.881703831660282 14.88892076452488 14.89295080106719 14.894659057961663 14.894505677756545 14.886996201372027 14.873718658828194 14.858207638602089 14.843308308528785 14.831385514955828 14.824130507291441 14.822509268922676 14.826732153405455 14.836247187851331 14.84975758016719 14.865262039142227 14.880114851891225 14.89110155026259 14.894650919447622 14.894650919447622 14.894650919447622 14.894650919447622 14.894650919447622 14.894650919447622 14.894650919447622 14.894650919447622 14.894650919447622 14.894650919447622 14.894650919447622 14.894650919447622
14.571934207862117 14.55937500682677 14.561059279354893 14.576698730592282 14.60378472040817 14.63861227463886 14.677390472950503 14.716894618418896 14.754665283754317 14.788970885254017 14.818699524957166 14.84325356504646 14.862465870415518 14.876535076972955 14.88597089062579 14.891538415173095 14.89418881586611 14.894962888421691 14.894857803409108 14.89465877385188 14.894645820087678 14.893303971189113 14.890959414815457 14.88913199447903 14.888688553897298 14.889817735881902 14.89202444368615 14.89414433561183 14.894650919447622 14.894650919447622 14.894650919447622 14.894650919447622 14.894650919447622 14.894650919447622 14.894650919447622 14.894650919447622 14.894650919447622 14.894650919447622 14.894650919447622 14.894650919447622 14.894650919447622 14.894650919447622 14.894650919447622
