_RESULTS/POSTPROCESSED/Berg/TZ/6comp/Berg_TZ_z_710_kriged_reverse_6comp_spherical.asc
ncols 100
nrows 90
xllcorner 5.6208707817415728
yllcorner 50.959635321741573
cellsize 0.00013419651685393446
nodata_value 1.7014100000000001E+038
[rows 38 to 56 of 90, columns 41 to 81 of 100]
0.024313309111475768 0.013563090206879399 0.007006671761268647 0.003338367535582604 0.0014854856186318445 0.0006139886549348911 0.00023580671646099697 8.573131115616551e-05 3.067334294679067e-05 1.1335074215512915e-05 4.607307083124122e-06 2.217030143504084e-06 1.3348368084945383e-06 1.0403470141705044e-06 1.030606682507289e-06 1.2023909906451349e-06 1.494276717753556e-06 1.8350716554540078e-06 2.2949498893964596e-06 2.9786354612650827e-06 4.042179955565947e-06 5.632335248721242e-06 8.076046899543975e-06 1.1549749580031775e-05 1.6078281416571172e-05 2.1676105716120544e-05 2.7730037995114074e-05 3.298024854861078e-05 3.5951785738797284e-05 3.541937624356309e-05 3.088484460788955e-05 2.463382990510836e-05 1.9614541137321993e-05 1.5940200423448915e-05 1.364172873073418e-05 1.2356636970777401e-05 1.1739656085435357e-05 1.1698469477055907e-05 1.2645792878211625e-05 1.5799026526301333e-05 2.4137530325172814e-05
0.02620407131721664 0.014489618354862838 0.007437831274972132 0.003550429747676365 0.0015680289641939 0.0006358517050805092 0.00024010924645053166 8.630564989005935e-05 3.068245908224765e-05 1.1449050451633844e-05 4.734867848079675e-06 2.2886278306941727e-06 1.3607403864948897e-06 1.025485668004768e-06 9.560591038532417e-07 1.0733818381577342e-06 1.279448555088656e-06 1.3360101457706791e-06 1.4896373401350332e-06 1.7720049484385705e-06 2.1865778961280356e-06 2.7714606371821653e-06 3.64269972382153e-06 4.828086907309465e-06 6.485032480539924e-06 8.701519641316817e-06 1.1148558157829493e-05 1.3224651930311488e-05 1.4309703509412465e-05 1.4022061717078258e-05 1.2414912536012036e-05 1.0392975194544839e-05 8.586819480556629e-06 7.242999787700423e-06 6.337634300238675e-06 5.751152550504621e-06 5.358573770863247e-06 5.125141740383527e-06 5.10538102601902e-06 5.734830468246437e-06 8.15696858353257e-06
0.030529815852616025 0.01686757672795591 0.00862080372969454 0.0041030320058491904 0.0017993263057903607 0.0007204064609129895 0.000267467064610714 9.492168999384375e-05 3.396982032304937e-05 1.2764316090873878e-05 5.25910311167656e-06 2.493285920947203e-06 1.4297565325847464e-06 1.0104131297937526e-06 8.754984640775071e-07 9.097471505107341e-07 9.951581099050215e-07 9.862777804870506e-07 1.0293739007938901e-06 1.1334328306956928e-06 1.2852953112670568e-06 1.4960680992032665e-06 1.7882343982605127e-06 2.148817811454521e-06 2.823713264994924e-06 3.8741711538121995e-06 5.0051390825495895e-06 5.907473529523705e-06 6.318921750193638e-06 6.107826109971943e-06 5.401874846072999e-06 4.6918619411191875e-06 4.048365364627738e-06 3.5440323471527967e-06 3.1990702548769483e-06 2.9814241753137483e-06 2.7718341302622306e-06 2.5724413167101144e-06 2.3749401312050924e-06 2.2870108567018014e-06 2.712367780515646e-06
0.038212691068043696 0.021231095098379102 0.010840354927585448 0.005126640016608462 0.0022176393754268133 0.0008857813481695945 0.0003269888606796406 0.00011752365892872776 4.2514426100635075e-05 1.5951430884678862e-05 6.433779940315113e-06 2.9149469146041894e-06 1.5584898833174375e-06 1.0041567188380101e-06 7.985813960968914e-07 7.517627360391378e-07 7.546933548976823e-07 7.553645993053394e-07 7.604493404432709e-07 7.86959997578012e-07 8.376478950506192e-07 9.140307306881306e-07 1.0137273463959426e-06 1.064570039012232e-06 1.4281394601075674e-06 2.036481803913997e-06 2.6220580818518337e-06 3.0423662104258055e-06 3.1854225770126594e-06 3.0172452888043137e-06 2.6925780784721723e-06 2.383507304239161e-06 2.1084162603945197e-06 1.9264137213135818e-06 1.82003113044118e-06 1.7743294692439128e-06 1.7113944997646356e-06 1.6007649233193902e-06 1.4486998600516162e-06 1.2688818753371454e-06 1.0974115482807641e-06
0.05129876156232799 0.02877468968471625 0.014694219783685649 0.00689737142987234 0.002955870077383225 0.0011816636777595133 0.0004515240458891992 0.00016658762177497834 6.097546668976074e-05 2.2770518432632514e-05 8.909534906716938e-06 3.7789470107748784e-06 1.7951141768899787e-06 1.0203556694257334e-06 7.56893687627311e-07 6.881851925372877e-07 6.730364117580575e-07 6.539885239859467e-07 6.293582473707166e-07 6.14086755126898e-07 6.182948140251636e-07 6.520260433728326e-07 7.192239257196727e-07 8.062095752028121e-07 1.0082191941425737e-06 1.32342652718903e-06 1.625340234433497e-06 1.8209363331000443e-06 1.8540876141913137e-06 1.7279061170301896e-06 1.570509121005522e-06 1.4060481596312135e-06 1.2476329542065988e-06 1.186300655269247e-06 1.2089294879873208e-06 1.2609044443529098e-06 1.2941524695812745e-06 1.292484949256171e-06 1.2560306818859009e-06 1.235751269932572e-06 1.484217024819233e-06
0.07395395754983715 0.04189403748728046 0.021342796186741585 0.009949044788648371 0.004258120380802652 0.0017533787054217662 0.0006970871270427607 0.0002687098742416865 0.00010125294943049813 3.801722881908796e-05 1.4488596583051644e-05 5.698617447862399e-06 2.313119050001393e-06 1.0885741767117035e-06 8.008619726374765e-07 7.606198927422081e-07 7.322822675809738e-07 6.795880164926292e-07 6.127357728219734e-07 5.551703293170779e-07 5.249112133478374e-07 5.403326699704869e-07 6.108265903780947e-07 7.187092627202259e-07 8.667421449611434e-07 1.0421219012072697e-06 1.189905917083566e-06 1.2604973968279217e-06 1.233748525141077e-06 1.158770125341094e-06 1.076983971710394e-06 9.828750738387418e-07 8.771293483564586e-07 8.648891346854736e-07 9.677161319453144e-07 1.0910485283837833e-06 1.2121054425783978e-06 1.3291534945558582e-06 1.4644542125647629e-06 1.7089967458778432e-06 2.457750399360936e-06
0.11357682081508141 0.06408501517044164 0.0323945461107117 0.01511036320866539 0.0066506710153124175 0.002868337796172619 0.0011994050430010905 0.00048734951784704914 0.00019320924889182687 7.477427923746276e-05 2.8598541682386472e-05 1.0893358777836476e-05 3.989662496525334e-06 1.4025727823582633e-06 1.149158095829313e-06 1.128822055323468e-06 1.0378937012031754e-06 8.933336042351453e-07 7.319306984210088e-07 5.950023995227426e-07 5.132735715638585e-07 5.117260312478508e-07 5.946737362775512e-07 7.23406203573077e-07 8.555344801334057e-07 9.638294275697661e-07 1.018131653525315e-06 1.0043689542613125e-06 9.417602786870377e-07 8.91732068977882e-07 8.579318512225646e-07 8.299588526460043e-07 8.022181259933991e-07 8.375782370713917e-07 9.615080178816211e-07 1.1500773393922121e-06 1.3810001363373369e-06 1.6641379336552284e-06 2.0566042294477445e-06 2.7239694552095466e-06 4.23679439364794e-06
0.17277839294095187 0.09555701214469453 0.0493056082577183 0.023796478044768424 0.011116738419488731 0.005098240419156824 0.002277266492604138 0.0009859872763825382 0.0004143102248285103 0.00016908022373945323 6.792601947696266e-05 2.6943921036362273e-05 1.0529253220104256e-05 4.656039007400221e-06 3.0151424190133446e-06 2.447978530947102e-06 1.996947605828295e-06 1.5432635787492194e-06 1.1207500448122328e-06 7.8335750670521e-07 5.766402620653264e-07 5.555050569156394e-07 6.811720433704789e-07 8.590015096698885e-07 9.94144462243544e-07 1.0473710564767391e-06 1.0076822632047628e-06 9.042560739779002e-07 8.179479899212834e-07 7.787970899620431e-07 7.855459266631147e-07 8.227830486299104e-07 8.768457365831247e-07 9.82250026296229e-07 1.1701772133218927e-06 1.449983322250954e-06 1.860434355423958e-06 2.4220712462638585e-06 3.254986515301966e-06 4.646130598553681e-06 7.479058245162296e-06
0.19856549500077728 0.1252920270595433 0.07048969033896506 0.03711174039036727 0.018876095773997428 0.009376137445706874 0.004532426220254363 0.0020987725261991915 0.0009422061844255178 0.0004133172521768201 0.00017943754154427813 7.769361527626183e-05 3.438527799884437e-05 1.7044931812718136e-05 1.0231683539544974e-05 7.0985063079036325e-06 5.102041288062103e-06 3.549864963013614e-06 2.3165051612825704e-06 1.400590009605134e-06 7.862156029761278e-07 7.570264208831139e-07 1.016545604656144e-06 1.2730697574717684e-06 1.3928833610243708e-06 1.3349509767185977e-06 1.1418232145825352e-06 9.371441753850403e-07 7.99189545110061e-07 7.602753710123546e-07 8.170031576533641e-07 9.402117040598637e-07 1.102528002734814e-06 1.3396637103113445e-06 1.6808572622018554e-06 2.152101492322981e-06 2.8835785118559877e-06 3.964058901626764e-06 5.611841411843263e-06 8.31793921725888e-06 1.3458849263983113e-05
0.22259831252665863 0.15269176890646438 0.09505169109156682 0.05585276865750921 0.03142970415731188 0.01713981272427107 0.008991622342705988 0.004507693711834993 0.002187406199135328 0.001045054482971376 0.0004976375842743678 0.0002387039569643067 0.0001174802750219056 6.246917607142624e-05 3.7024824757483815e-05 2.3968845749270288e-05 1.5987411553345414e-05 1.0458518555746496e-05 6.514286338306222e-06 3.843994197098886e-06 2.2934985090197445e-06 1.949183387004549e-06 2.1759800977138668e-06 2.4069757463220096e-06 2.3710937064808126e-06 2.0205508566027086e-06 1.558417459939984e-06 1.142374120934686e-06 8.701163487160147e-07 8.166070955815311e-07 9.712891231191152e-07 1.2522894927442648e-06 1.6117460077899396e-06 2.1100207320640306e-06 2.786589494198473e-06 3.693631615676384e-06 5.034032991077465e-06 7.1362990892797734e-06 1.0350729087173024e-05 1.549408217040796e-05 2.4751795290861914e-05
0.2415465151258273 0.17754734756425364 0.1225160934784519 0.08071842759233316 0.050716949439821274 0.030453202014323548 0.017398504920805434 0.009519027325822495 0.005029003829257531 0.0026261658977430173 0.0013788181907917745 0.00073164311870358 0.0003950154137220722 0.0002241146764069872 0.0001358007388546065 8.701591877071037e-05 5.693365310199914e-05 3.683071045205441e-05 2.3160988268201834e-05 1.431993469663138e-05 9.275208643936308e-06 7.040351976661449e-06 6.1832900027260424e-06 5.644640113559878e-06 4.873131471357422e-06 3.80182053395485e-06 2.6944415605884672e-06 1.7507907862155185e-06 1.088106764608116e-06 9.766019225896015e-07 1.411410959195452e-06 2.02807928587021e-06 2.7949031574343856e-06 3.838721928354468e-06 5.234674530879487e-06 7.122826762731711e-06 9.776999089094209e-06 1.3912506788652376e-05 2.0185650326055496e-05 2.9857126667671796e-05 4.645392551814903e-05
0.26217384737304966 0.19867363704924274 0.15008081481474117 0.11095466312163293 0.07798366261247083 0.05152563537146365 0.032173940788225525 0.019247705318860806 0.011098543469667568 0.006321968775471204 0.003658725307240337 0.0021370196033301233 0.0012590286760546692 0.0007658515480163319 0.0004864190152905834 0.0003211255119974922 0.00021548669540644215 0.00014343663813249803 9.354580036068281e-05 6.002363396331526e-05 3.9076325129351125e-05 2.7058904546609714e-05 2.0035337879410506e-05 1.5449209000269566e-05 1.213676350490233e-05 8.951402576736817e-06 6.079336752109099e-06 3.82301861405724e-06 2.3152524602767134e-06 2.041935726899049e-06 2.926383911709708e-06 4.183668442002232e-06 5.812832015804239e-06 8.020003174138743e-06 1.098800366794911e-05 1.5032791997888961e-05 2.0664039060179035e-05 2.8985826124580675e-05 4.120488106422878e-05 5.9184492011006475e-05 8.869867556840156e-05
0.28406794370368205 0.22270216010892838 0.1775305553928131 0.14321144026463972 0.11173681061532625 0.08159349314674527 0.05584525097559689 0.036354879726548724 0.022817307400119582 0.014128728588571 0.008950955080301222 0.005728401051736426 0.0036758520511429513 0.0024116887548465095 0.0016342938812771253 0.0011425119433097978 0.0008122457846332022 0.0005727070516279424 0.00039275551722910775 0.0002577682153435581 0.00016371578763282185 0.00010420701126015447 6.919620501093532e-05 4.825322576675583e-05 3.502775939990616e-05 2.5210774865362007e-05 1.725418304459018e-05 1.1531512344515514e-05 8.188992243514516e-06 7.319275973378852e-06 8.45340392643066e-06 1.0749153082050977e-05 1.413431555222134e-05 1.8826659146398788e-05 2.5213461558011033e-05 3.394178718080246e-05 4.60411554761313e-05 6.332642212865795e-05 8.710939626606037e-05 0.00011987688901800406 0.0001716957384559852
0.3026609866539692 0.2482478964882899 0.2086567151646223 0.180192523465132 0.15077588398318142 0.11960931986795753 0.08932266714164046 0.06279858726618537 0.04243017697743783 0.028388727964171315 0.01949757741583524 0.013603540744058354 0.00949198906253126 0.0067409557743016236 0.004926198638366243 0.003712737271325548 0.0028604513273820234 0.002192166871109679 0.0016072083780503145 0.0010806666337882436 0.000671858333604853 0.0004054168966360552 0.00024999806211241555 0.000161783386331723 0.00011051685240389128 7.881681924152003e-05 5.575225382233199e-05 3.9838038012085017e-05 3.055045628004781e-05 2.696288438442974e-05 2.7684669030124965e-05 3.137599171726165e-05 3.8017655457590634e-05 4.77858592698915e-05 6.13322957917748e-05 7.986147857802243e-05 0.0001052824575170106 0.00014051678571569545 0.00018760992801623643 0.00024608899364415415 0.00033638833269210175
0.31390285776278104 0.27014769211918627 0.24047230003931297 0.22081990753841438 0.1987591453915648 0.1703022447118418 0.13546777727470424 0.09932747919307355 0.06985412867422705 0.049695448708687646 0.03658763839579033 0.027655175743723948 0.0209234295955806 0.016074850312742577 0.012706149073874717 0.01041831541278548 0.008861710059939049 0.00767160446170743 0.0063484070400223365 0.004537880930787125 0.0027355874868170453 0.0015385788097964672 0.0008867183600172781 0.0005443952952237326 0.0003589607878760263 0.0002529476384009128 0.000185773152587741 0.0001392821983194775 0.00011031328965388303 9.554521592950885e-05 9.10368197715355e-05 9.464947833151599e-05 0.0001062018642516529 0.00012523516904582315 0.0001525688515390821 0.00019012466591627211 0.0002410118181882966 0.0003097823474712661 0.000397655359499647 0.0005060761636771574 0.0006631138101210757
0.31396602328117396 0.28279866818934346 0.26594129078842993 0.25786796530794265 0.24974635520786148 0.23468560764679605 0.2016488562714153 0.1496474220919219 0.10649695190188083 0.07843862330709023 0.06088612123926306 0.049156937029699095 0.04004002002484547 0.03318220581532322 0.028397991700474055 0.025429626259792174 0.024065271597194987 0.02405394609157392 0.02393148594389553 0.018826369186314054 0.010248905713102437 0.005237100420353727 0.0028671568321845292 0.0017200519172891119 0.0011266233540057839 0.0007959107683045521 0.0005941712611822335 0.00046150639359264603 0.00037048124175749015 0.0003140817636248602 0.000282819299013677 0.0002770843925229887 0.00029173510979961937 0.0003240721843155633 0.0003741770200626089 0.0004442420620673121 0.0005382897659536618 0.0006620540469440322 0.0008146629137748387 0.0010136677390048968 0.0012927510775775088
0.3005591246624734 0.28180021447331166 0.2767817584655018 0.27946476288477967 0.2869361174539807 0.29268812218744783 0.28497334106569955 0.20226273942402073 0.1469882320768017 0.11245393754092375 0.09164552094522099 0.07857531758258827 0.06856786944137928 0.06072952735853269 0.055425129684167726 0.05292191110635324 0.0537097397550924 0.058684405746681025 0.06961195633598702 0.06745538384307734 0.029182281582600757 0.014236043335014192 0.007832313009786289 0.004809340706508687 0.003244474304609874 0.0023534818659189855 0.0017765195803338249 0.0013892457209986856 0.0011179854728991653 0.0009198116084367682 0.0008022885565384561 0.000753398639017797 0.000754684526453065 0.0007963475766884033 0.0008745271173130583 0.0009893532857089388 0.001143620778737216 0.0013424298153897275 0.0016040914381785518 0.0019474876385145875 0.0024126515482185817
0.27409727362949765 0.2657159399395172 0.2687543108022248 0.2770390291385396 0.2901875464784916 0.29912289928655705 0.2809403051061982 0.22874540250464062 0.1791472165162137 0.1450691982005505 0.12393716235745225 0.11145173079761485 0.10359935770025729 0.09700121268370489 0.09265826951843183 0.09139968367843573 0.09393316026346728 0.09984195226707597 0.10526661995054745 0.08813182755508307 0.05121273115801314 0.02849897770890419 0.01720924831361223 0.011423431967983483 0.008256136089196335 0.006337513215843599 0.004900969096443667 0.003740790030304464 0.002903235243129751 0.0023483440999811415 0.0020154703308780716 0.0018398844759745416 0.0017766045253157336 0.0017984785539977514 0.0018903258787340913 0.002044304192965869 0.0022578890619883176 0.0025542946861024335 0.0029946285228520933 0.003541349424691197 0.004255143382591165
0.23783891488780573 0.2369625448702913 0.2434739524693079 0.25297344900376073 0.26420396698524234 0.2720508629466762 0.2613065905122123 0.2309737175311695 0.1961198273251566 0.16924723577393755 0.15179742559713733 0.1415212065427554 0.13753928932990622 0.13484328316554173 0.13277745691417697 0.13209933018978318 0.13180829329945964 0.12914124094876506 0.11832107411995454 0.0938475501966247 0.06473981345913372 0.04347115390436519 0.03045501677898555 0.022672536803130694 0.018026893459408052 0.01511335412150084 0.01216674470830776 0.00879255288555998 0.006451148362826374 0.005110719689741959 0.004365315558493161 0.003927737662484888 0.0037027119081141685 0.003633307416148291 0.0036828337252847077 0.0038322109768283374 0.004096453593997767 0.0045340387824578604 0.005222642347530526 0.0060157666892246935 0.0070070883123469286
