_RESULTS/CROSS_VALIDATION_POSTPROCESSED/MHZ/TZ/6comp/1/MHZ_TZ_z_125_kriged_reverse_6comp_spherical_1.asc
ncols 100
nrows 81
xllcorner 5.5967107548124995
yllcorner 50.982328804812504
cellsize 0.00017565037499993607
nodata_value 1.7014100000000001E+038
[rows 38 to 56 of 81, columns 43 to 85 of 100]
16.52040544676641 16.81451160562674 17.008655505167212 17.10076800273253 17.09492427878537 16.996391125655368 16.787769904428565 16.510469688353215 16.197975716209886 15.862794037037458 15.537142257815173 15.196224289696728 14.833748162718821 14.46082693266963 14.089870809488728 13.777167724789766 13.549177741467977 13.3909693105879 13.318358017301293 13.357290143413387 13.542861252172303 13.910509849897837 14.47741292984977 15.22634341585491 16.10771212453523 17.059709679718438 18.05343014593069 19.034617682636462 19.946216097521003 20.746231650485242 21.40292059599734 21.896024178195432 22.216675534314223 22.366016860440045 22.35337277719922 22.200938745778135 21.94398842285441 21.60525116401966 21.20724174955447 20.821850095568287 20.482332923413836 20.197412754278833 19.97432522585378
17.097211659168828 17.345430044448833 17.47772319168364 17.490207743026776 17.38436481172124 17.168584838513222 16.83278387549819 16.436583172644436 16.09963655421107 15.847675118530871 15.620432982203678 15.360261074210236 15.062071978614805 14.739705596707362 14.415101509692985 14.123769049697774 13.931537530971976 13.827653442923546 13.812480291287061 13.905592336735664 14.129278559307688 14.502110814661373 15.029347399407381 15.695438139540045 16.46400978752684 17.28681853714515 18.145688569935533 19.003539277201003 19.809565453587414 20.521866162368028 21.11177602970668 21.56006024908618 21.85681620167714 22.000663228372115 21.997760085411237 21.861169992089653 21.61164639245525 21.282460664630346 20.90698564451578 20.5572643274812 20.25168440757559 19.999190501655047 19.807563197951286
17.770181445719366 17.972047870197205 18.043888910076884 17.980155833881486 17.779647076051123 17.445451504053054 16.971931756712095 16.3986685876383 16.014054770476452 15.927163347576464 15.818615656671705 15.63703882759617 15.39857767522997 15.127375833156151 14.84853209629109 14.590936163601098 14.409893976565671 14.342702885070976 14.366901788368535 14.492521628136117 14.732921794450588 15.096785956220064 15.582813140915055 16.175810607947184 16.84640024492454 17.55566346279438 18.293513099288795 19.033264807148466 19.735588265845013 20.361287188846 20.88057989446862 21.275816206771786 21.537307857365825 21.662765281766912 21.657040830683098 21.5331839459525 21.30908258963877 21.00263046307133 20.660292776745017 20.3468476452513 20.076971138896134 19.85962142812223 19.702869121555736
18.52614121242903 18.685284739475687 18.70245190337841 18.572204103513712 18.295377190756838 17.88480902310219 17.347975793685432 16.678745299948844 16.230666479301817 16.237504338476622 16.177555630660326 16.036958838467864 15.837622612053034 15.605361761791533 15.36811305132553 15.152341240307948 14.983412523079712 14.924622753324119 14.970928060693723 15.110675910393704 15.350970063269784 15.69429658455034 16.13543158071376 16.659275783525832 17.240666598047287 17.847463240864577 18.476482540291546 19.10770320306066 19.706916654074064 20.24377756000448 20.690950930313786 21.027933972941803 21.246191834893565 21.34481324126852 21.330153267018176 21.2138438862571 21.009964080635257 20.73506624853591 20.453084832723306 20.193359616897173 19.968814897974383 19.791374346074363 19.672214289994994
19.34381420515916 19.46743318574185 19.44150410292254 19.26667228156084 18.952104974906277 18.515979402837477 17.991498466591132 17.439384096010198 17.020501073000478 16.82980059739406 16.702223947143096 16.550107902564417 16.362866799474183 16.15389604707966 15.947171274363313 15.765446496966224 15.628971939489924 15.56524602855585 15.616140187532565 15.754150799110947 15.98021713018414 16.292773795274872 16.68415243547418 17.139397621816794 17.636235411003884 18.148027738059902 18.678051701412183 19.209247568330095 19.711450882736585 20.157206799108558 20.524486365191496 20.79911863529619 20.971260683702596 21.041639729687674 21.016553263684017 20.905393876225208 20.71780114032622 20.485478520392085 20.26147931677002 20.05908032939704 19.890278957458975 19.766346621153364 19.697700913394016
20.214524432462223 20.324760490132032 20.275570545946103 20.07016595091046 19.726903106910974 19.27700496355826 18.767147259234793 18.265594243687772 17.834057553396406 17.540731641444257 17.32960088565725 17.139174100191216 16.944357408006866 16.745556885860662 16.559086286365453 16.402441232567437 16.292872611704453 16.247361563883135 16.287422567134723 16.412887637319862 16.61429712127457 16.887725737236885 17.22432473957347 17.60964896777314 18.023746308176104 18.445355294215187 18.883326686815614 19.32074995504676 19.730837369451706 20.08863416364659 20.3750565062368 20.581087885218956 20.705697599266866 20.75028793885692 20.716391486015333 20.609867785853105 20.441375125196917 20.262578315491368 20.094032088312165 19.947178160262194 19.833150695839034 19.762571893484964 19.741816200835366
21.144292178185925 21.25300827866983 21.1837975323745 20.94424899941383 20.564971677148556 20.08893116045722 19.565272646236593 19.046651055609484 18.60420519919475 18.25729960872911 17.985133270850294 17.755001180276953 17.544514765248678 17.34776380573515 17.174042185282644 17.035437309142523 16.945583444264344 16.91849501369453 16.967417218653708 17.072864794943243 17.239542552680263 17.466407519375306 17.743661937152847 18.057260624478847 18.38910088349768 18.724467142138447 19.075787095391465 19.42543876133177 19.750301372163616 20.027711651583434 20.23931546318299 20.38177639839221 20.459934437284414 20.47625810229529 20.432419731163108 20.32963885148062 20.201061159364425 20.07390291387886 19.95859810449473 19.865655980754834 19.805421405614613 19.783124937804704 19.769732439478705
22.09645889533064 22.219022959664105 22.129250979665706 21.841389614096542 21.407493915004768 20.884771781080154 20.32190309464487 19.76568441815869 19.296533230063606 18.923303991348916 18.613327181392155 18.35251551848598 18.126348698208925 17.92805769293952 17.76233795714932 17.63673691916096 17.561244026354963 17.546844570168435 17.60424205167525 17.7183380885582 17.852091381143847 18.025152834221146 18.238281596658688 18.477961855357787 18.7276542653114 18.98162015404459 19.25116911209163 19.518286122846543 19.76380551860957 19.96952150559762 20.115025598903845 20.20375425843595 20.246136722882685 20.24087263360057 20.18604240319748 20.09988773114017 20.01218196711799 19.93110962978251 19.865397176430328 19.82416053110573 19.805653898584342 19.788987659716188 19.77376819685522
23.024097644134983 23.188011323371374 23.07146751306124 22.70583175803097 22.19261269445999 21.60656614899471 20.99133739807027 20.407364898410776 19.906784183640575 19.501062142867635 19.17415741466058 18.895466274272387 18.658312243466288 18.45820202332471 18.297869035346594 18.181761774696252 18.116702835956144 18.11082166293029 18.17231708570676 18.29157967172271 18.42267907815 18.561890384584515 18.709621191349918 18.873810772159352 19.04169517365958 19.22049479107491 19.412847213113675 19.60236311497159 19.773192671792 19.911151210708688 20.004266154776168 20.05731592539512 20.074665267287966 20.052929536777746 20.003083994595688 19.950099497589893 19.900758042915285 19.862447602507473 19.84098183469312 19.82315176146791 19.805613483421414 19.78895327815582 19.773739977509354
23.854259100773987 24.123829407306626 23.957210696324346 23.458684673853213 22.84959577747491 22.199853644848613 21.547297417731933 20.950713700021055 20.42922095207001 19.991241873692125 19.637901343782573 19.35521202905017 19.115200666882203 18.91587701735011 18.760258597237396 18.651407635221556 18.593899384972502 18.593484085167013 18.65615094843638 18.774390471429598 18.898278713110958 19.020895566280068 19.138814636523175 19.246508933551354 19.340645207495722 19.450159620295707 19.571512535642015 19.69116948258944 19.796766265191287 19.878721491783008 19.932669736142653 19.958882770297347 19.955462282380676 19.9335560450379 19.90949910701776 19.888249453505804 19.872590997485098 19.856140487105346 19.838822031989256 19.821221174171487 19.80392643137561 19.78751920525611 19.772564254098025
24.428059420880583 24.913160793943927 24.610562874624414 23.965806605859203 23.299087189259748 22.62019916670245 21.97322761159424 21.37997288681814 20.852538679697265 20.39823301938288 20.019280637049874 19.71410103335703 19.47666112026641 19.283858894889626 19.134714723940082 19.032566252144196 18.980925332098835 18.98395165398697 19.04593639965024 19.159132915811693 19.27164854223659 19.374833059459124 19.465019292188483 19.536883971318268 19.598207919091653 19.66692202169715 19.73709315618256 19.802201150227937 19.8564240599235 19.895531762170286 19.916855264184345 19.91862136733536 19.913582368947726 19.905726760785267 19.895206284398686 19.882358656414894 19.86763208960635 19.851539756985833 19.83463270198386 19.81748185005704 19.80066446251967 19.784752797620303 19.770303813369438
24.54659598907444 24.80828252057848 24.61517230151372 24.0907043439917 23.471029964477673 22.842215629582192 22.238783234103515 21.67659575671609 21.166574877318965 20.715574985945707 20.326930184668637 20.00361987717301 19.745043455930176 19.548662975237736 19.409713221524814 19.316236331665014 19.27071861411141 19.27667403634509 19.337408069535986 19.44309871120575 19.541179863933642 19.623215223093084 19.685409629993313 19.72535064820096 19.764945322299194 19.807124774434314 19.84736348324627 19.881108779122435 19.904213039327313 19.912978032699534 19.91313910647985 19.91063878906151 19.905440482481332 19.89757715932024 19.887225456213194 19.87470000273801 19.86041773111046 19.84486411219968 19.828567707294393 19.812081316565223 19.79596728058361 19.780785189188467 19.767080867267826
24.34150824711951 24.452290061832013 24.298261294491677 23.90954791546502 23.408419090927474 22.872227819618146 22.33830162703729 21.82805674858933 21.355040261261834 20.927907914297734 20.551692428851517 20.228610722303596 19.959227666719574 19.7467616791758 19.592523237721824 19.49677272146777 19.457516424185897 19.468138752882556 19.52888519587437 19.625796792358116 19.70762458651559 19.767821247179075 19.802579270895247 19.824078214707292 19.846959432618867 19.868330038633353 19.884828941917775 19.893820893213718 19.899290997966208 19.90212734115803 19.902290089042204 19.899777522097374 19.894623166424157 19.886930835390576 19.876905783642197 19.864857717167155 19.85118392191034 19.83634676274147 19.82085277543211 19.805235064454045 19.79003858828839 19.77580745870873 19.763073443400483
23.97162554235362 24.005124559973893 23.861638597695816 23.570397675039697 23.18183281145425 22.743954180948474 22.29104141232583 21.845750477398905 21.423174064170368 21.033445372577226 20.683190373158574 20.37641822721499 20.115166632642005 19.900010122791713 19.734495789688395 19.624857434021138 19.57060471638912 19.57085529893594 19.624661258479886 19.7073763216019 19.770551128964023 19.808549594263873 19.824548230475727 19.838595154118764 19.851653902523342 19.863275792377955 19.873069779615165 19.880718618525236 19.885990315019313 19.888739515013945 19.888897664652767 19.886461011413918 19.88148971055588 19.8741190873475 19.864570436298507 19.853151103332717 19.84024398275619 19.826291661458214 19.811779612458835 19.79722051925701 19.783140222846445 19.770065064001866 19.75851015813189
23.48945278010242 23.48380457219041 23.365498798712412 23.143500064514303 22.843133063581632 22.49415003589598 22.12227031784593 21.74708386769866 21.382907146573725 21.04009430142329 20.72606169932775 20.446000550882193 20.203384041304577 20.00034120900037 19.838047613883955 19.721320057695685 19.657463535544373 19.646670835167303 19.688508653886423 19.74616617685869 19.783625464041556 19.800066009324592 19.813455138453662 19.826449937483854 19.838581617102655 19.84942043421494 19.858589738286682 19.865778783508215 19.87075205702416 19.873353070434945 19.87350287207958 19.871196986881426 19.866505177313996 19.85957435327588 19.8506305065007 19.83997564371814 19.82797904546059 19.81506474612605 19.801697542268407 19.788369069580085 19.775584615202337 19.763850749470667 19.753663557784428
22.93993677965772 22.92462566772802 22.82773554563251 22.65623491783728 22.42505032628202 22.152526495253184 21.856236901553775 21.551019347012456 21.24872484936763 20.958652615372543 20.688074832750786 20.442657861837578 20.22676442862682 20.04366275535791 19.895660979417165 19.785195214598115 19.717425293157035 19.70032921183066 19.731620956860425 19.763311729923245 19.77763724051326 19.789535006032153 19.80162368536074 19.813431199195175 19.824509903376004 19.83444916237987 19.842887647085703 19.84952440278616 19.854127471251317 19.85653916406483 19.85667815809063 19.85453979704756 19.850196087980624 19.843795500125722 19.835561178531794 19.825786093454802 19.81482479179801 19.803082560584343 19.79100321939296 19.779056544179536 19.767725890094976 19.757496190929082 19.74884224548292
22.356128718630405 22.33537975077371 22.25569986360361 22.123334915624866 21.947981452340855 21.740966483483668 21.513458909635798 21.27547054649192 21.035618749379754 20.801274830766094 20.578790216625585 20.37366481988648 20.190636181549557 20.033708492540015 19.90614035775375 19.810517775244858 19.750374929876795 19.731400948868423 19.74906801965902 19.75883577057746 19.76846259697782 19.778839523897158 19.78950573132418 19.800012085593814 19.809932839507386 19.818877248817902 19.826500711798488 19.832514805980768 19.836695507710164 19.838889077109748 19.839015567511538 19.837070384905243 19.833124370667402 19.82732244163665 19.819880346536852 19.81107907859558 19.801256919496613 19.790799586136185 19.780129187899405 19.76969264195866 19.759949970930165 19.751362656249647 19.744382010556006
21.746804841510723 21.72148992736712 21.65545511460004 21.55456560849435 21.425691835891854 21.27563633131318 21.1106549885399 20.936373180069285 20.757972779186233 20.580430570183754 20.40865906179882 20.247512629662594 20.101691925755702 19.975596273215203 19.873159816061175 19.79768548941979 19.752247496269877 19.740136321760847 19.745103996887376 19.75176040965118 19.75968200289699 19.768433209275393 19.777578034485753 19.786691420547083 19.795370432047275 19.803245147770333 19.80998897022934 19.815327926865724 19.8190484912546 19.82100354899874 19.82111634625415 19.81938246632926 19.815869941259116 19.810717506710443 19.804130898481244 19.79637712791561 19.787776869572273 19.7786953151791 19.76953196182181 19.760709772419982 19.75266401559266 19.74583092318963 19.740636140881794
21.12591895664486 21.088551839858905 21.032506885824894 20.95745356532085 20.868418072372403 20.769038200283486 20.661594056538995 20.547724686932217 20.4291824133066 20.308349419324987 20.18842369218723 20.073328644446843 19.96745909578751 19.87536599761932 19.80144373163742 19.74964546186425 19.72628332325459 19.73569494761189 19.740789720486656 19.745602574168732 19.75173602046645 19.758781630506896 19.766329699956465 19.773980390666992 19.781354503850622 19.78810380163059 19.793920668375826 19.798546806624078 19.801780624577596 19.8034830110163 19.803581293700436 19.802071288550984 19.79901741710465 19.794550891633058 19.788865985701463 19.782214471447755 19.77489841336068 19.76726161306862 19.75968004759844 19.752551614595085 19.746285406962024 19.741290615943836 19.737965031019318
