_RESULTS/CROSS_VALIDATION_POSTPROCESSED/MHZ/TZ/5comp/3/MHZ_TZ_z_180_kriged_reverse_5comp_spherical_3.asc
ncols 100
nrows 81
xllcorner 5.5967107548124995
yllcorner 50.982328804812504
cellsize 0.00017565037499993607
nodata_value 1.7014100000000001E+038
[rows 0 to 18 of 81, columns 0 to 43 of 100]
30.737550106619242 30.429116971556997 30.136438324229715 29.88133663015739 29.693249433423397 29.60370652407343 29.631804983472488 29.771221051396875 29.994847340592745 30.270842960869395 30.57316843438191 30.88355084975969 31.189792399371708 31.48369954923005 31.759551201383037 32.01311372851109 32.24103475922786 32.44047167519975 32.60885982258374 32.74376231513306 32.84276639625745 32.9034048600053 32.92312170628497 32.92312170628497 32.92312170628497 32.92176754351176 32.9136263788598 32.898225437663264 32.87542217551761 32.84496018440164 32.80665075872694 32.76055497841172 32.70716589172413 32.64729638459888 32.581295528518964 32.512882201498996 32.446974385955244 32.38895898851694 32.34416942909725 32.31707570247636 32.310319909032174 32.32392887311663 32.355093633811656 32.40081238960433
30.524423287458074 30.168380152849906 29.81775536031932 29.49638259927822 29.244702516241674 29.118450103325465 29.15861340753253 29.350969479849955 29.641678288368844 29.980683095516593 30.33605379328438 30.689546926199558 31.03068543670749 31.35310092291202 31.652581440587753 31.926049983553266 32.171019888156394 32.385294885923265 32.56679655714001 32.71345865364114 32.82315585111446 32.89364861445655 32.92253292632555 32.92312170628497 32.92311982291304 32.91898285092816 32.90705048459465 32.88719018846973 32.85898088386654 32.82189820103126 32.77545881568432 32.71578746311681 32.64214842685046 32.55749295658566 32.46576065146146 32.37201892956045 32.282486700550436 32.20433934304042 32.145118718660314 32.11157808216639 32.108044377818516 32.13489754179489 32.188075539885084 32.26001549853786
30.35631381681506 29.956110216868037 29.54573143823891 29.144361551313956 28.797324378581912 28.602477967779382 28.666651889124772 28.948946422086046 29.329918981012014 29.73902829152935 30.14616529496623 30.538196442518363 30.908726440235686 31.25417442387012 31.572182522797032 31.86091809393718 32.11874646044981 32.34406829583145 32.535233437341134 32.69049026664188 32.80795030132177 32.88555696749464 32.921051741936644 32.92312170628497 32.922541214925616 32.91532777834966 32.899854115453984 32.875713454873015 32.84220609674276 32.79432410905107 32.72698339154016 32.641631724584386 32.540452142687506 32.426629780784204 32.304604436500526 32.18029910716336 32.061309870728834 31.956941997902476 31.877767887881358 31.834159369514335 31.83348771784859 31.876960206587306 31.958401651376068 32.06622117985899
30.25090007773314 29.819179648874222 29.36158347427682 28.88442485361353 28.41082238689288 28.06162066009007 28.19133305621805 28.629758597324333 29.11037739352323 29.579642944287666 30.025506941512166 30.444165459476675 30.834025718565115 31.19413787729361 31.523680377971182 31.82176854923987 32.0873804047878 32.31932846518479 32.516249008920816 32.67659585162507 32.798632183974384 32.880416711993846 32.91978129057829 32.92312170628497 32.9212679990475 32.91136196525921 32.8927032196758 32.86384188256008 32.81480665679266 32.743287396965215 32.650038710549666 32.53636581433768 32.40446792509153 32.25772496696063 32.10096431059114 31.940769373962496 31.78590064084196 31.6478188063124 31.540939692561317 31.48139645606607 31.482467657971196 31.547427657580535 31.666158406717702 31.81988550656647
30.22166940142288 29.780590935450647 29.308086756442865 28.80375002548279 28.267647504154997 27.711503003428007 27.972020322965534 28.523506570202308 29.044787407259737 29.53411536785881 29.991800124344657 30.41822207815145 30.81357010006252 31.17777584599825 31.510501980966136 31.81115103974122 32.07888170167081 32.31262559213655 32.51110063429833 32.672818544823464 32.79608487925348 32.87899030167157 32.91939155762854 32.92312170628497 32.91974291979308 32.907601322074385 32.88418579373663 32.837406722862475 32.7656145178045 32.668948486480716 32.54786767637213 32.40356212863959 32.238274826690336 32.05554846087041 31.860444578188137 31.659841961028377 31.463016110401735 31.282802958323725 31.137478984845973 31.051869425448476 31.051624141764638 31.145752925870596 31.315510554549807 31.52826825627496
30.27274856160317 29.84783865838877 29.40082115908992 28.941891827439807 28.503802192811133 28.211730871590966 28.31482073018468 28.702905622429693 29.157909604385644 29.613270567480853 30.050627724749813 30.463594944998658 30.849389894739538 31.206449768961342 31.53360817821385 31.82977278734029 32.09378962401417 32.32438355324918 32.52013043729286 32.67944106442356 32.800547036691086 32.8814831640426 32.92006264420987 32.92311771807165 32.91833645070573 32.9022943768887 32.861311766708106 32.79324212849418 32.69781895470646 32.574777195590016 32.424362893209945 32.24774140825787 32.04728940281583 31.82677019741591 31.59142538968532 31.348089156679375 31.105596672922463 30.876143547434364 30.679086728951443 30.549054577958536 30.538891106536063 30.676578568862194 30.919425362373804 31.206674740382685
30.39704103102889 30.00816934127204 29.613770382552485 29.235249779284256 28.91825693486405 28.747414127653144 28.802928021183256 29.055156694989787 29.40907506194858 29.798843910979723 30.192435739294805 30.574713333387738 30.93796391325284 31.277790369666715 31.591322815204464 31.876397921013773 32.13116055968475 32.35385990992328 32.54273869953092 32.69596751188916 32.811599839053876 32.887534629128204 32.92147822992935 32.923048753373855 32.916230752696165 32.8846661657305 32.82422781275201 32.734575670753216 32.614937463410975 32.464728979187406 32.28408867981153 32.07429774363224 31.838055490603356 31.579584163807812 31.304554930930838 31.019876052022145 30.733507358070362 30.454817854765842 30.19735504196471 29.99269227006014 29.943924037683633 30.16137828438177 30.510048161725972 30.882268388654172
30.57934887322379 30.236373131990295 29.902247145362487 29.600689788072692 29.369147205772823 29.255094168026503 29.291198292073954 29.466306293540175 29.736344631551724 30.056965554928734 30.397512736617387 30.73933244015831 31.071233408328762 31.386225511963318 31.6796274271115 31.948021648276452 32.18867592952035 32.39921546891098 32.577430207529765 32.72115511716871 32.82818924109195 32.89623378115574 32.92283700279853 32.92297793079778 32.90470460714247 32.85571101409732 32.77606463692742 32.66483994822369 32.52083427354883 32.343229767466774 32.1321733863132 31.88924026461835 31.617736866902746 31.322791810990775 31.011181845026652 30.69086052671257 30.370210516013696 30.057129476187683 29.758178856680228 29.47840554384671 29.269022795244965 29.695020942292956 30.151113161619662 30.592312442461722
30.80174809336279 30.506182019986426 30.228225278240924 29.988639664253615 29.814088362970136 29.731756210611053 29.75753318338586 29.886201331896057 30.094887120231057 30.355515337085016 30.643933704017893 30.942394640833086 31.23860602229908 31.52408506563125 31.79280370096346 32.04026148016095 32.26289010144013 32.45767685940413 32.6219240388316 32.753090231159725 32.84867964430153 32.90615795873491 32.92312170628497 32.91768157381414 32.884057977875116 32.818366943579946 32.720057484007704 32.587691034262164 32.419698703537534 32.21509739644791 31.974139962317118 31.69886542168978 31.39349990741248 31.0646395357035 30.721134504418313 30.373619291891394 30.033758361210598 29.713643580748194 29.427034394714507 29.20134563495026 29.155228824640467 29.458983253183103 29.904486103375238 30.36657677590835
31.047653908596256 30.796379507920868 30.566573772947375 30.374795202994843 30.239506116488307 30.177176205949834 30.196581967856922 30.294902242063692 30.45903878596818 30.67093323733986 30.912700343919287 31.169275514999345 31.428935321005934 31.682816564679733 31.924210908046767 32.14807870862773 32.3501637795855 32.52676086594526 32.67458757312253 32.790644132844236 32.8721073560779 32.916241220042224 32.9230457875796 32.90482926591408 32.856956312678165 32.77557292067344 32.659542391780214 32.50697691083341 32.31598425893354 32.085446078346564 31.815759266327554 31.509516412155364 31.172082090586688 30.811990618430517 30.441059568204267 30.074132945791348 29.728570654078517 29.424255836945456 29.186482949600357 29.05643374307535 29.101881307959797 29.35863957544884 29.756207237413324 30.20725922095989
31.303501533870946 31.091655829321624 30.90192140174552 30.74708695824999 30.640073249510312 30.591450613808192 30.60654062921926 30.68365446955317 30.814674054162367 30.987559501804668 31.18920676576597 31.40743147783549 31.632058132039603 31.85492560628577 32.06909899407993 32.26881382166482 32.44919558256625 32.6060324022718 32.735600566838876 32.83452979510133 32.899694023923175 32.92811522979861 32.922479597607506 32.88993243442503 32.82770248036705 32.730773042165985 32.59791127618013 32.42666799498398 32.21432703220027 31.95960692801682 31.662990274436105 31.327557816653 30.95980262430426 30.57035491734715 30.17447149942381 29.792061311774038 29.447079106267626 29.166583894428378 28.980511462201342 28.92209122590027 29.021154243348295 29.27977943676709 29.657552303143724 30.097393915503652
31.558814326352834 31.381353907944483 31.224806035184333 31.099004989927465 31.013210809417807 30.974566375594275 30.98653632574932 31.04803017393613 31.15368682360429 31.295159855786792 31.462925280397197 31.647882345058324 31.841210930646387 32.035046282033136 32.222543381057385 32.39777264130868 32.55557264957065 32.69140409980047 32.80122057195352 32.88135714699852 32.92843157423671 32.939761743130234 32.92267789983907 32.876884067230385 32.80151316299915 32.69007100366679 32.54072923354646 32.35125961923593 32.119444483593256 31.843064722258784 31.52201308134199 31.159591300923495 30.763079807402672 30.34487871175292 29.923549174526432 29.52429170993512 29.178016049595396 28.918186367437528 28.77571725079726 28.77329091047598 28.919075073504803 29.200014354344813 29.581976244217813 30.02150680128696
31.80562779264644 31.657990482409893 31.52911050320671 31.42661528678045 31.357325590964553 31.326288547770613 31.33589028513371 31.385383980020826 31.471044649185924 31.58749484908166 31.727916001248513 31.88457227705644 32.049856421754995 32.21663898985393 32.37841790093048 32.529340995455 32.66416207000965 32.77816927422229 32.867105911776584 32.927090891996954 32.95453873406245 32.95276657028356 32.9250081271786 32.86733125543262 32.7800813598119 32.656223806517445 32.49273760988846 32.28723233466828 32.03731749628986 31.741428042300768 31.399282048202647 31.012801646050082 30.58929169847067 30.141996766346573 29.6918748019176 29.269126442666764 28.91267159534457 28.664561757558744 28.55836408298933 28.607794567452 28.804093950384264 29.121283074636935 29.52363948877068 29.973297247969217
32.03781847587811 31.916118810707157 31.810579711485065 31.727203059702134 31.67115216273514 31.646133461605125 31.65386732792487 31.69385901940921 31.764431159689043 31.861506783808235 31.979366468655655 32.11166331870298 32.25187620496264 32.393626837310805 32.53086669092057 32.657964767299305 32.76973085174358 32.8614015912304 32.928606359619955 32.967320718617025 32.97489549472592 32.96729936676315 32.93050246590976 32.862609222134346 32.76462980553161 32.63094367523577 32.45625147017191 32.2380901581082 31.97390396035574 31.66184240328875 31.301614366454185 30.895190748913276 30.44763205174224 29.971318130385153 29.48758313559233 29.030153462777374 28.647664958573927 28.397779715593824 28.32422508556038 28.431562942329506 28.68924885611608 29.05487210681614 29.488163207716955 29.95444175549995
32.25053983632031 32.15156178924282 32.06598917780751 31.99862516062956 31.953481037041183 31.933371389250038 31.939628185650033 31.97319468571445 32.03251387417911 32.11396958223453 32.21292139427834 32.324069632293615 32.441788205613136 32.560387110549485 32.67429537129291 32.77817428996463 32.86697843937459 32.935981049855855 32.98077537538932 32.99725748613019 32.99559885799121 32.98378216637013 32.939814239781256 32.863691638622925 32.75627213037978 32.61541338568139 32.43301628723478 32.206282716291255 31.93257960301309 31.609774686574525 31.23699860195728 30.81549814319609 30.34940936148598 29.847157128829522 29.32694924237542 28.821472828875383 28.38806758707711 28.114097920278265 28.07526249918243 28.26011209709191 28.5962710463103 29.0197513176221 29.48808054518823 29.97171294100806
32.439800511761376 32.360917771989314 32.29267517794437 32.238984850899435 32.203039122452594 32.18704024865629 32.19337104234097 32.22272051721568 32.2731917732491 32.34178739526356 32.42462422172321 32.51718269805786 32.61455003367406 32.71162917409984 32.80330142099532 32.88454318762899 32.95050430616235 32.996556789865046 33.018320617413636 33.019429422623595 33.01750503181487 33.002197458221936 32.9521982172776 32.86658011368822 32.74761431454263 32.59677710502182 32.407818559597615 32.17634984876516 31.89997087881752 31.576111281332082 31.202724537020288 30.779006244372326 30.30620215250417 29.788345752091594 29.23749966740713 28.677428396220222 28.159364261750518 27.81338864547067 27.825201540221677 28.130720133113606 28.56175752704185 29.0422868651154 29.539607851337152 30.033854215313898
32.60216318735728 32.54124433591868 32.48826230406286 32.44645974416429 32.4184343925853 32.40683628728321 32.414472458481264 32.44079119270517 32.484121613634706 32.54187875693032 32.61070892944126 32.686664680921076 32.76538459327249 32.842258627363755 32.91256809417345 32.971596934684 33.014715875988024 33.03744272913825 33.04113577925224 33.041348195997195 33.03557771132343 33.00900586786344 32.94476341090463 32.84599510496616 32.71528748474902 32.55449610159941 32.36250419593248 32.13158612429328 31.85912694294018 31.542589996411728 31.17960840875397 30.76856711314249 30.309122304919057 29.802650281719124 29.251761054787167 28.663181457535693 28.055787354439726 27.513597270827244 27.653304134974537 28.130584974143634 28.638293513014297 29.151059788135175 29.6575484923798 30.14784261028396
32.73453145700642 32.68985244397087 32.65049883389144 32.619204585660185 32.598361430484424 32.59205009866441 32.60127569126065 32.62534522150114 32.66272248082937 32.71109243036693 32.767463473525005 32.82829436130722 32.88963101586791 32.94724079834441 32.99673571851729 33.033679633766695 33.053676259948205 33.0588498812652 33.05874226075544 33.047184866476954 33.026352297854814 32.98604020125482 32.90940023778765 32.79982315365535 32.66016631355774 32.49253999171346 32.29834831172118 32.07318017872572 31.81109712903495 31.50999410729384 31.16772248586418 30.782693403460925 30.354429520579306 29.884078762077486 29.374807237269934 28.832508889451752 28.275778199117596 27.806328886425252 27.92589209991061 28.376442576663436 28.86746575888664 29.362273870758237 29.847904429290885 30.314984748219402
32.833996135772175 32.80416706542091 32.77715068216443 32.755290370822145 32.74200551505306 32.740792097357755 32.75169620631715 32.7739824899375 32.80618565467486 32.84615661555977 32.89113633586915 32.93785075263878 32.98261925199373 33.02147028203562 33.05025924163425 33.064891938719995 33.07149763652566 33.06865209016648 33.051593599394266 33.02351470515525 32.98736491286833 32.9348474330487 32.84785172276553 32.729775341084874 32.583878394863916 32.41270369517417 32.21807665828011 32.000857901059234 31.75497763398382 31.476638022697216 31.164419741100975 30.81753617409183 30.43670194692927 30.025304687337652 29.59155865068544 29.15292882223811 28.753676081325942 28.5049644398663 28.54848176932132 28.836524290624876 29.232792142074025 29.665118147366677 30.102572808168045 30.52870170255606
