_RESULTS/CROSS_VALIDATION_POSTPROCESSED_CLR/Berg/TZ/2comp/4/Berg_TZ_z_355_kriged_reverse_2comp_spherical_4.asc
ncols 100
nrows 90
xllcorner 5.6208707817415728
yllcorner 50.959635321741573
cellsize 0.00013419651685393446
nodata_value 1.7014100000000001E+038
[rows 0 to 18 of 90, columns 43 to 85 of 100]
0.6618628297269811 0.6378980576429686 0.6157977764217654 0.5951679763122274 0.5757040439338968 0.5570155147939793 0.5612829864808199 0.6010163435164529 0.6396394408053322 0.6763473757535304 0.7114785671753459 0.745140348385257 0.777151581067449 0.808782476608954 0.8394976686917355 0.8683025847777482 0.8945085426169728 0.9186258160872909 0.9402003658663081 0.9586818559811427 0.9736226130960455 0.9846880622574474 0.9916632513567918 0.9944547145462901 0.9930874538442629 0.9886701423952333 0.9836614546451081 0.9786260542324693 0.9741253550351223 0.9707769419634454 0.9692405678863782 0.9692086472364531 0.9692086472364531 0.9692086472364531 0.9692086472364531 0.9692086472364531 0.9692086472364531 0.9692086472364531 0.9692086472364531 0.9692086472364531 0.9692086472364531 0.9692086472364531 0.9692086472364531
0.632239302778614 0.6086801314599991 0.5881969690211045 0.5709925059738988 0.5571606337086119 0.5496115985679141 0.5609152374103995 0.5936873458706047 0.632525882210735 0.6714496743897458 0.7083994306412977 0.7441752293690825 0.7809676345519372 0.8176939112067696 0.8532238792649184 0.8864820177178204 0.9164527454521975 0.9431553574698296 0.9667762479545066 0.9867095770755494 1.002465210815302 1.0136820774328799 1.0201366055217986 1.0217450543886777 1.0185593681149157 1.011795310219665 1.0039120887467594 0.9955174126753821 0.9872360962442647 0.9797487690457984 0.9737752091830727 0.9700600635607589 0.9692086472364531 0.9692086472364531 0.9692086472364531 0.9692086472364531 0.9692086472364531 0.9692086472364531 0.9692086472364531 0.9692086472364531 0.9692086472364531 0.9692086472364531 0.9692086472364531
0.6033058070497784 0.581235299142047 0.563574606336529 0.5509202523924347 0.544655591928186 0.5477007862136977 0.5639576795950397 0.5934425191400952 0.6303571679222059 0.669685127888116 0.7112321956663016 0.7538029590599032 0.7955709489718492 0.8368801971591036 0.8768441779759146 0.9142651229245357 0.9480208182153991 0.9773724428438734 1.0029189770393592 1.0241742043409834 1.0405898211314413 1.0517675581669161 1.0574700776671966 1.0576237785759042 1.052312869004791 1.0430125974444515 1.0320635298343523 1.0201084057295349 1.0078473454066696 0.9960341662370392 0.9854566074892348 0.9769201254851893 0.9712353892508351 0.9692086472364531 0.9692086472364531 0.9692086472364531 0.9692086472364531 0.9692086472364531 0.9692086472364531 0.9692086472364531 0.9692086472364531 0.9692086472364531 0.9692086472364531
0.5746730033220135 0.554826027663645 0.5408244117947699 0.5333043978625339 0.5334147332597129 0.5429907418555102 0.5634962904700368 0.5934922854996656 0.6301594632612693 0.6735041483513001 0.7212960945664123 0.770698719217275 0.8193509233038263 0.8654260270476505 0.909539770816718 0.9509066502234717 0.9882762193737784 1.0205178161618784 1.0479464843756632 1.070947288672942 1.0886030489428953 1.1000141779935397 1.1047021899183134 1.1026198549282218 1.0941431523359924 1.0816760727595243 1.0674299719308096 1.0516811016295533 1.0352141336138994 1.0188678877622979 1.0035067056640818 0.9900024240375203 0.9792213837902091 0.972015781546395 0.9692184810934985 0.9692086472364531 0.9692086472364531 0.9692086472364531 0.9692086472364531 0.9692086472364531 0.9692086472364531 0.9692086472364531 0.9692086472364531
0.5457731294862623 0.5285527273686985 0.5185613202666756 0.5161105119717584 0.5217430381693732 0.5361838798402668 0.5598356542019524 0.5920049855282915 0.6335595061401494 0.682984320072888 0.7371495166140023 0.7932704208055279 0.8488862085007356 0.9017731873579525 0.950323035559425 0.9960413788245115 1.0400224035484011 1.0800593550645763 1.1145863356951338 1.14304849323436 1.1640056640284488 1.176441198252044 1.1798255766608354 1.1741299574555593 1.159883254901275 1.1400510705655458 1.1170220841067398 1.0926066237289391 1.0688747606087585 1.0474414162895698 1.027105979082482 1.0084855699625437 0.9925039160481329 0.9800579596573658 0.9720144528445896 0.9692086472364531 0.9692086472364531 0.9692086472364531 0.9692086472364531 0.9692086472364531 0.9692086472364531 0.9692086472364531 0.9692086472364531
0.5202793028914131 0.5055602615815127 0.49898005607981033 0.5004518875550106 0.5100728875766759 0.528094720508801 0.5545864828416014 0.5918308935386642 0.6404567261071796 0.6966265867179712 0.7574946488865878 0.8204320521154742 0.8829872266468571 0.9440492931366045 1.0050240161870971 1.063655640951993 1.1194961251073268 1.1698125347407429 1.2123617841959258 1.246584251845445 1.2709875411373508 1.2844078619830175 1.2862527483241561 1.2765201195530942 1.2560966721566005 1.2283381007098528 1.1953695290540929 1.159254611610705 1.122321183745076 1.0870824801862347 1.0561708498541151 1.0315042462627604 1.0102306005421642 0.9925031546560278 0.9792183252277937 0.971232017362363 0.9692086472364531 0.9692086472364531 0.9692086472364531 0.9692086472364531 0.9692086472364531 0.9692086472364531 0.9692086472364531
0.5005841713847112 0.48876255279222025 0.4858880091243256 0.49106408980912164 0.5037925838625389 0.5238716009856261 0.5529951062711688 0.5954384777486719 0.6500312467878344 0.7133939023445093 0.7812626483872239 0.851381957361684 0.9266450505134227 1.0055983168351958 1.0841316669807872 1.1582487320028558 1.2264980893007573 1.2876297749736731 1.3388483579551114 1.37926924662165 1.4073635917942957 1.4217791438563139 1.421844878985884 1.4075991314942518 1.3806168719864211 1.3442529296246952 1.3005834923248258 1.2519845536518752 1.201091585274181 1.1507036779776165 1.1037077300172764 1.0630220740167329 1.0315568015286658 1.0084879252079462 0.9900002767912484 0.976914793944993 0.9700564531327774 0.9692086472364531 0.9692086472364531 0.9692086472364531 0.9692086472364531 0.9692086472364531 0.9692086472364531
0.4860115440980932 0.4779536072266396 0.47937492712392227 0.48833807608439417 0.5039589350865488 0.5262651327705272 0.5604358825594565 0.6071935932663266 0.6652426608671015 0.7330725594379105 0.8090358735837606 0.8960838775544461 0.9906201999894334 1.0883275059297546 1.1849078194926908 1.2761030794325432 1.3582001442125409 1.4308704788894555 1.4915262013170922 1.5387574119085738 1.5709146459004888 1.5863969102133437 1.584432356169368 1.5651501879117697 1.5312105144354988 1.4854114785946377 1.4301338360467946 1.3681411726815864 1.3024355909541854 1.2361433600025604 1.1724314485761966 1.1144506300618682 1.0652992840212425 1.028002353669266 1.003511071731229 0.9854534748486018 0.9737691231812962 0.9692396070512485 0.9692086472364531 0.9692086472364531 0.9692086472364531 0.9692086472364531 0.9692086472364531
0.4764507518958544 0.4738551145598948 0.4799120081514815 0.49235436584844894 0.5105143438128544 0.5370255932563169 0.5762870750976322 0.6271514348321485 0.6884935333836181 0.7615857191314084 0.8529477967088457 0.958316312801164 1.0724271550594844 1.1893026807065215 1.3044633554193146 1.4133901714012325 1.5115544948869561 1.5967143154549381 1.66775671512161 1.722631769591259 1.7593886550249738 1.7760848583997175 1.7718135588024486 1.7472181147500834 1.705545299435298 1.6492871112262677 1.5813166668654057 1.5048797462529364 1.423412034415577 1.3404081686994986 1.2593360073143676 1.183585040683424 1.1164386002240598 1.0610618589724075 1.0204999085925013 0.9960398825311972 0.9797452862776563 0.9707722580303717 0.9692086472364531 0.9692086472364531 0.9692086472364531 0.9692086472364531 0.9692086472364531
0.4705892382458561 0.47379417300451365 0.4828224153398343 0.49746853456205253 0.5178894282489309 0.5498512668395333 0.594450578210581 0.6504467543403982 0.7188002030608839 0.8080720439853131 0.9159858866062759 1.0376010164630662 1.1690744559824138 1.3053738104235852 1.4392850556397936 1.566139988119678 1.6814064033833551 1.7809422437459412 1.8639829637521301 1.928150690712964 1.9704975789943693 1.9886529173514453 1.981760500159576 1.9516399120386076 1.9011377518485282 1.8331455529844085 1.7511872045821328 1.6591053576399943 1.5608391697059716 1.4602862433700483 1.3612258126293038 1.2672815869227916 1.1819088012437806 1.1083954958399573 1.0498717754643438 1.0093231405827623 0.9872422359141906 0.9741223510065116 0.9692258148034512 0.9692086472364531 0.9692086472364531 0.9692086472364531 0.9692086472364531
0.480036177117553 0.47933568045705177 0.48764496168740823 0.5027341713498036 0.5257610652164959 0.5622704310514343 0.6114265957927042 0.673120786475836 0.7575330847513215 0.864535090211338 0.9900493568334793 1.1278730669459331 1.2728665912034896 1.42202325811654 1.5719160251079745 1.7156462378654005 1.8482710905992632 1.964512913741971 2.0621431318285444 2.1392676466145994 2.191893116293251 2.2161649701922377 2.2103904535203216 2.175931907574908 2.1152655326446377 2.03394449605519 1.9364651889927629 1.8273948885011464 1.7112365887248564 1.5923079100638893 1.4746921084792988 1.3622273508992895 1.2585155930729977 1.1669410940936182 1.0906930658296585 1.0327892994772778 0.9960989574656807 0.9786314852863616 0.9701202549147915 0.9692086472364531 0.9692086472364531 0.9692086472364531 0.9692086472364531
0.49511885892854 0.48829448574437606 0.49389999413079066 0.5082850365804995 0.5340387886066034 0.5741230362163185 0.6270433765940238 0.7016816095981445 0.8016302886855297 0.9205857560071357 1.0560767694797901 1.2054557841317857 1.363921639712474 1.5275104293447974 1.692268009702506 1.8534121330078874 2.0044189216186243 2.1394264402572993 2.2538495663273515 2.346174173230808 2.4108800829927866 2.4429500547663134 2.4411644991253394 2.4061602473727572 2.3404629048684624 2.247820956820042 2.1334055590747614 2.005902747168396 1.870763646641374 1.7327102295767784 1.596096859262262 1.4649377995183062 1.342943302999082 1.233557876323442 1.139997483273055 1.065283902214527 1.0122753470776173 0.9836829306914402 0.9719754266394652 0.9692086472364531 0.9692086472364531 0.9692190376283579 0.9693197537875662
0.5057807534681049 0.4959388481310648 0.4998993372875379 0.5140859260496848 0.5423696732701383 0.5851724381804421 0.6453447367799479 0.7298764700698299 0.8360004104535039 0.9620202433910807 1.1059988359716175 1.2656671682120963 1.4368170200683843 1.6150119579604338 1.7963455885463517 1.9760785393100204 2.1464803539323416 2.3019647306201447 2.4361861862533303 2.546775398148168 2.6262171451967387 2.6683041357210473 2.670086812940963 2.6327011551606034 2.560611674356977 2.459390205446324 2.3343757494577293 2.19026041145601 2.0351661417985083 1.8774153861365384 1.7215716425283905 1.5717686311474042 1.4317746330208916 1.305050699504435 1.1948022933122975 1.1040240037343365 1.0355374191929974 0.99202264991385 0.9742838469274483 0.9692280461057516 0.9694002465866718 0.9697139547758498 0.9701121694868206
0.506099662296879 0.49782413377101165 0.5038945034720873 0.5201388128855199 0.5506063007693066 0.5943787831279731 0.6579302976237585 0.7454356482214679 0.8556027470276113 0.9869948818036556 1.1379268399027778 1.306382832757132 1.4889671964696782 1.680882166120076 1.8783582400336374 2.0768801054420507 2.2699874689657076 2.4477191712034196 2.6050342983713795 2.7380615807991626 2.8372374841601893 2.8917082744843228 2.895833667016336 2.8530033441325275 2.7714360808902345 2.659284873176187 2.5231834519723133 2.368436177756494 2.1993754591699815 2.0220371911887063 1.8470407244393585 1.67894778947328 1.5215270336121827 1.3782078798367 1.252145719569071 1.1462760514944825 1.0633585444899736 1.0060123883153715 0.9768732815545486 0.9699488833204886 0.9702507371898237 0.9709085179882299 0.9716191461510049
0.49153884788281854 0.488928010940173 0.5006993625322694 0.5219940689166587 0.5545159193812668 0.5952982934003883 0.6590221757176143 0.7472634497806575 0.8593157733116141 0.994028916882823 1.1499882512170954 1.3254514189627111 1.517669012260904 1.7218674441494723 1.934420304571475 2.1510458806996575 2.3664168565477404 2.5705953748288977 2.754177380811785 2.9158096135829963 3.0421408470223037 3.1125557279639735 3.1159547307230437 3.062495075195514 2.9677477943011388 2.842577062104671 2.694313575830893 2.5284877360521216 2.3495410626554882 2.1611062712758815 1.968276775723175 1.7826325621681027 1.6087086483383202 1.4498543365623862 1.309136273506899 1.1894008852080518 1.0933331055374027 1.0237092108759895 0.9830146528994153 0.9714698118246547 0.9717248388244323 0.9727428680005148 0.9737829276785815
0.46500644035771643 0.47430477026291495 0.4931965650040089 0.5163762634805221 0.5414435802559536 0.581771441744166 0.6465321247770586 0.734634842223308 0.8464449796272158 0.982723879648613 1.141702880724773 1.3216917719474734 1.5206429311994176 1.7346369946553897 1.960447580131134 2.1937199623270676 2.4294294158185368 2.6602938949059336 2.8752292935435833 3.070744992930816 3.2352180585682087 3.3301860615923715 3.323756661577944 3.252188770900986 3.1417902874457937 3.0030198111744184 2.8426400093652244 2.6661071399915093 2.4779065187485454 2.281665005676461 2.08028880036727 1.878994030681718 1.6898950714397625 1.5169205723448522 1.363014007412403 1.2309283500976342 1.1235304357798328 1.0433133974312094 0.9925646688108257 0.9734817994629976 0.9737580192422933 0.9751543398172875 0.9765432636324383
0.4452626742294672 0.4656531224562819 0.48565927623757177 0.4990247520701854 0.5158402400744356 0.5584145500997666 0.628933385069006 0.7246777804767641 0.8429372970020528 0.9818176562449362 1.1422809969209158 1.3232073191214133 1.5229993424878507 1.7381923199537077 1.9667709817202133 2.206669102283438 2.4553280057050837 2.7091698381556872 2.9550790434037744 3.1837704164898364 3.3910993145985566 3.541072805919768 3.4950424877230093 3.4064651594409874 3.2839561678086167 3.1338317315988617 2.962822193897897 2.7768831185046805 2.5807898634071513 2.3782119467686327 2.1719475581483496 1.9641608660398964 1.7618261158457593 1.5765265388966005 1.4112361080837235 1.2688819367555033 1.1520112272605718 1.0629082951944644 1.0037769270663828 0.9767593996076189 0.9762820654877185 0.9780766815627215 0.979836638465039
0.46728166459308873 0.4714885410733213 0.4779462507188501 0.4857268182095893 0.5063701850057101 0.5561604605514954 0.633585409377271 0.7356508132841753 0.8593954067247107 1.0020688540357188 1.1618087765521166 1.3405105068961272 1.5376034146603101 1.750148762798394 1.9769047547778695 2.2169277124888644 2.4680237450289053 2.7269740514763976 2.9866082128968494 3.235857755376254 3.453198502585848 3.588784387935724 3.589983906983921 3.5120691005378752 3.3869174909039863 3.229299409175675 3.049948212549422 2.8566197696776303 2.654700312299492 2.447909697366897 2.238875920307949 2.029532693827693 1.8215201318497916 1.6260782537594978 1.4517816485895034 1.3013041668054408 1.1769225645511427 1.0808265247028 1.015140909478094 0.9819413867601803 0.9792241761235017 0.9814390338221222 0.9835952226321041
0.49673058397067527 0.49171198999942367 0.4936671791593127 0.4988833353132882 0.5221322714193161 0.5765437513318713 0.6587730689697199 0.7651903929054951 0.8922951221956091 1.036967593878804 1.1966554737536257 1.3702625013667498 1.5608742498617645 1.7669204237327862 1.9879743622885284 2.2236078148245584 2.4723753234616614 2.731952893689468 2.9947475640077106 3.245518361476959 3.459636657299974 3.6012464586772133 3.6353327283259125 3.5741275599063016 3.449030188676886 3.2854522989243025 3.0997089243687386 2.901487051761593 2.696518771758167 2.4883313119710366 2.279235927564943 2.0708657757591475 1.8644694315236396 1.6635330211528072 1.4827897510247496 1.3264636157147127 1.196729324583925 1.0956946853061482 1.0254178741471107 0.9879191332908503 0.9825058461961793 0.9851646019341962 0.9877454383583305
