_RESULTS/CROSS_VALIDATION_POSTPROCESSED_CLR/Berg/GZ/1comp/4/Berg_GZ_z_63_kriged_reverse_1comp_spherical_4.asc
ncols 100
nrows 90
xllcorner 5.6208707817415728
yllcorner 50.959635321741573
cellsize 0.00013419651685393446
nodata_value 1.7014100000000001E+038
[rows 38 to 56 of 90, columns 43 to 85 of 100]
-1.7609581770933176 -2.017707594970546 -2.3047104883034706 -2.631992351800618 -2.9959474934030883 -3.386258335734497 -3.7873348592792295 -4.180976385961339 -4.543767007142058 -4.848326699039075 -5.076157488186413 -5.205034850118992 -5.233064110644689 -5.193262422569798 -5.177338391361344 -5.245698561320344 -5.343509202760183 -5.433202820588771 -5.4995689861974615 -5.55368907866265 -5.596903725392987 -5.61235444617467 -5.588582976272209 -5.529825071986366 -5.4441219657180255 -5.3388883647093355 -5.2187667255799 -5.0882710017260555 -4.954785719420365 -4.806444541127069 -4.609419345738004 -4.351093704800609 -4.033694168068991 -3.66699196284631 -3.2807046737872048 -2.8958624139398004 -2.5260506673040246 -2.18467999150507 -1.8993052776609525 -1.691125871671248 -1.561294147748833 -1.4908958906605323 -1.463614836623501
-1.8939562904779428 -2.164635398941612 -2.464649827654876 -2.805426502058925 -3.1813603421466974 -3.5810510770992168 -3.9887061981417578 -4.3790955537720055 -4.731446412174554 -5.022159408941905 -5.222418831800364 -5.3160743083111495 -5.300139333346264 -5.187594951197314 -5.111352250557721 -5.262644151283177 -5.403420914976138 -5.513239281909928 -5.60763121256998 -5.693661627523511 -5.7686461228266195 -5.810187168703813 -5.804336115846851 -5.757814086851402 -5.685465936907772 -5.597765521222222 -5.499683750280397 -5.3922116946052085 -5.271662709390796 -5.120801124932141 -4.917132715715072 -4.637935393029976 -4.282972166872015 -3.8680549732655702 -3.42754149550713 -2.9837691257589687 -2.5569147682474953 -2.159421937693563 -1.8301339329647974 -1.6116589496244953 -1.4981467983396182 -1.4486355966147588 -1.4372878183573123
-2.0473986340266226 -2.3366523056937996 -2.6573725858845827 -3.0140383733443787 -3.4036302231780566 -3.8139776006638657 -4.220529909582175 -4.603421817079156 -4.941405237920627 -5.2134978707252735 -5.397314001872307 -5.475924103240682 -5.44278202740542 -5.322038750079903 -5.251523896319676 -5.367066463068458 -5.496190724732777 -5.6187714746337925 -5.737571322234347 -5.8512775596829485 -5.957268887788048 -6.029579762914197 -6.0363285412688725 -5.993092842227821 -5.93092900594985 -5.860503099246301 -5.784961986617041 -5.703579243163686 -5.607280125030304 -5.464369973222225 -5.2562071081576915 -4.953948911399251 -4.5565819841276225 -4.08883081997122 -3.5939510583063803 -3.0942468397479934 -2.6081048789247827 -2.1445594452778307 -1.745588563890997 -1.5296065362358795 -1.458394441377035 -1.4368588418698467 -1.4406047625342207
-2.221421683290914 -2.533924779849503 -2.8804824611096413 -3.25596654238018 -3.654715993564555 -4.0554478531945595 -4.445260571612657 -4.810978255616929 -5.137285516822069 -5.405299490949124 -5.59179251861667 -5.675599763413557 -5.647017237075968 -5.5589075582396275 -5.505525747438765 -5.536508647246392 -5.6258562251848545 -5.741691575166615 -5.871872498515221 -6.0021489189126465 -6.129702198817265 -6.240749541859175 -6.2468277305890965 -6.2004464022986685 -6.149334159632032 -6.097150316076209 -6.04577857715253 -5.994955518871059 -5.9286811065879785 -5.819135369554569 -5.630097051467716 -5.3053518387223 -4.851472254671614 -4.321189551149967 -3.773473580055244 -3.230081871524579 -2.701771386212334 -2.1919903242650745 -1.692697206221878 -1.5115663100375374 -1.4849659181393229 -1.4758175980817563 -1.4830083106318306
-2.3976826666734157 -2.734799032039192 -3.1022872210942336 -3.4883595936201885 -3.8762551684216175 -4.259099715647201 -4.629997566298516 -4.9806439862365455 -5.300373944599232 -5.575038081998957 -5.783428998675523 -5.888005102132963 -5.861662908620807 -5.767265097222699 -5.698716303914622 -5.700520549208475 -5.763932854935601 -5.865512733096001 -5.992152953484231 -6.125616106210222 -6.251087901342995 -6.343986275092589 -6.370343266525823 -6.35090597076764 -6.32112941459369 -6.291700839178972 -6.266602711440502 -6.245394193976654 -6.209564460128709 -6.145811826244176 -6.015924450225853 -5.684322838189775 -5.148290634144857 -4.550144807126018 -3.9554683361723697 -3.3842016702204214 -2.847010876989727 -2.352864061515578 -1.9334017979227174 -1.6981654104537525 -1.609771901759713 -1.5745846870352307 -1.5670302881193499
-2.5420099189922762 -2.9065701063924037 -3.2929869638704443 -3.6758769964548934 -4.050675636395036 -4.4143679165234335 -4.76421177214146 -5.095428302838276 -5.404304464560038 -5.685204738630134 -5.930108078965871 -6.088696865142413 -6.040940987000217 -5.909693702750809 -5.826147807857264 -5.81568849289006 -5.870383899075842 -5.968412017051306 -6.091006678071347 -6.216579939830558 -6.327703943560252 -6.4037070384770765 -6.43865597029955 -6.445068006826155 -6.4406405387939625 -6.435893898268367 -6.435762129529337 -6.431481348380371 -6.412091650285336 -6.379197108655096 -6.334351965180852 -6.015447127040776 -5.37821814443332 -4.737884527277516 -4.122890978481551 -3.5443019994118403 -3.0166820731638495 -2.56022409758833 -2.1892518909790812 -1.9357141630292387 -1.7921677345873896 -1.7173019015283115 -1.6843371555602122
-2.663689260868468 -3.0541925451418526 -3.4453353911671005 -3.817213425426328 -4.173869406301543 -4.513503438400069 -4.83524815733297 -5.138203927241226 -5.420909410386118 -5.684844576110764 -5.944317201664685 -6.216837091892808 -6.105469792099432 -5.941363026003877 -5.8559559768713925 -5.850628592825743 -5.915804058042301 -6.029575586323919 -6.162899624173347 -6.2770941312205935 -6.365399634898815 -6.426162774647331 -6.463537707271705 -6.487918558821997 -6.507408464496555 -6.526815401091834 -6.542539608701122 -6.5386361854367046 -6.511867550230461 -6.456705007211792 -6.340918463254834 -6.016003446685438 -5.466012144084502 -4.853529117909582 -4.2540020584363925 -3.6913385357693342 -3.184146453794983 -2.7543015016451236 -2.410278421428179 -2.154169192958724 -1.9834693327537944 -1.8779941350368823 -1.8202186924824717
-2.784397826021732 -3.1816977686439807 -3.5605651980901367 -3.9136519282729414 -4.244513751152305 -4.55327076049728 -4.837786938844719 -5.100731152569714 -5.342006694504882 -5.566534053707095 -5.7775255126546465 -5.9302130903105965 -5.9141816413310675 -5.819691859923795 -5.766695084329842 -5.784026155371285 -5.874666017704654 -6.026208873409722 -6.201359969005445 -6.305929241583493 -6.349732866900059 -6.393076232352955 -6.434496119301057 -6.477118304696651 -6.520566770338148 -6.561544512449993 -6.581735951314176 -6.570849434902911 -6.521856432125216 -6.422839717024546 -6.243428383977747 -5.920448542042189 -5.449970287922725 -4.903429303774584 -4.342300624662315 -3.810692460183342 -3.3311069577308325 -2.9241496491127665 -2.5954203022619375 -2.3430062394093047 -2.1610529461943546 -2.037072913922783 -1.9605804419477788
-2.942921905973253 -3.314859973345132 -3.666686030880774 -3.9910756648135015 -4.288856649746037 -4.560166937790444 -4.801876443599097 -5.015635937553751 -5.206952473532882 -5.376411999497217 -5.522302194429817 -5.61335168633299 -5.6208891716776765 -5.581540584087187 -5.565637364621379 -5.607106152421686 -5.720625513790081 -5.910685529488331 -6.178109151192258 -6.260397125061159 -6.241976688963972 -6.278356938824638 -6.336503022663692 -6.404726782617235 -6.476924996805028 -6.534654247626291 -6.561535394939536 -6.543654161081005 -6.471490163419183 -6.338360687277332 -6.13010788034972 -5.8131551071403464 -5.391895514802985 -4.907266438040523 -4.3935159604371385 -3.8987617969337642 -3.4500428647564476 -3.0665590248971264 -2.7516238695637223 -2.5036398978493555 -2.318472362255677 -2.1840677914086877 -2.095182486692929
-3.1258479864443958 -3.4610477153049843 -3.7784563002005025 -4.067796941637386 -4.326250856316104 -4.5522964219466155 -4.746254560275782 -4.909286216471724 -5.044002568753999 -5.156372136501545 -5.2445180617384 -5.293094950516279 -5.295384474272521 -5.272282979839491 -5.272233599365402 -5.32192296496171 -5.435740823506076 -5.616141500222659 -5.837623936585201 -5.952135577102034 -5.9895426721928935 -6.061655123648823 -6.161004394766321 -6.268630040111773 -6.369025335787699 -6.449002851836289 -6.4926763805472145 -6.4734125753212695 -6.380740643134745 -6.224966446425807 -6.004436213853726 -5.696087000735696 -5.313515797800589 -4.879624625046866 -4.415821460782896 -3.957877111289025 -3.5407182865930023 -3.1817409414624542 -2.882140589143789 -2.639808181198914 -2.455400062822762 -2.3173885743478513 -2.2211641323987217
-3.3107649457880965 -3.61103832495365 -3.8924430118230795 -4.144443139750608 -4.36323267997905 -4.545416158287746 -4.690914332917801 -4.798504530856505 -4.87440576745366 -4.930545696052526 -4.965204182985557 -4.972523343880977 -4.952918751591421 -4.919569739184333 -4.910303280009219 -4.946970167834229 -5.038972996377696 -5.182840467002244 -5.353726729855324 -5.500345266991648 -5.622349467271281 -5.758273663680896 -5.915905628975317 -6.064363811499407 -6.195649992569063 -6.304338025771175 -6.380921461758597 -6.369739468385718 -6.252634498204374 -6.084659341675924 -5.862228320503076 -5.568802604473316 -5.220510435452917 -4.830065119866715 -4.413105422893368 -3.9919439171116826 -3.6057662908560757 -3.271971337240759 -2.988988906476752 -2.755262261788257 -2.5716976412803234 -2.4352568707765214 -2.336902224757254
-3.488559905220078 -3.7609717522123853 -4.013005008253489 -4.234685132848764 -4.417162322803733 -4.553660008464906 -4.645701041153749 -4.694218741736192 -4.712408458043005 -4.711763050822056 -4.6935922265328625 -4.656546954920909 -4.603417243425854 -4.543211993942924 -4.504606015253429 -4.511325291436034 -4.571473846854955 -4.686189143210225 -4.843907509566929 -5.01975739274347 -5.204275787736246 -5.40146354638004 -5.608836037651654 -5.799634284302117 -5.9627181111717595 -6.094094911869815 -6.1859658868582486 -6.1844298348580935 -6.073977238671096 -5.9138816435892965 -5.699946289696182 -5.430024694367802 -5.1146032514851 -4.763299203878242 -4.38833068680815 -4.004606224328855 -3.648532381715604 -3.3400761587919936 -3.074562203092464 -2.850874230408993 -2.670855481037811 -2.537112592103842 -2.440740893321283
-3.659994195274652 -3.920675309725352 -4.151411405240715 -4.346635418264002 -4.493550532817736 -4.58309829988815 -4.617479347671194 -4.605838810386519 -4.565545635280118 -4.5077478338791135 -4.436519305371371 -4.352206826668984 -4.257838068955479 -4.160639751043888 -4.078747716985725 -4.0428540107270585 -4.066216054027073 -4.161281376269944 -4.323817396343155 -4.533299808331078 -4.766130886199155 -5.010261314455995 -5.260009098485108 -5.493411584941476 -5.685858571035864 -5.831468534822168 -5.918508065179062 -5.925873252653711 -5.851167159310102 -5.715519619591243 -5.522222287351398 -5.280260049954781 -4.997340620491519 -4.682477879013673 -4.346049287685637 -3.9991527236597917 -3.672280118584353 -3.388787247474189 -3.140934790410999 -2.927993568738577 -2.7542341145586686 -2.6235019548045257 -2.532208741182313
-3.8108880794018885 -4.070526948402506 -4.297883561205968 -4.480374352877854 -4.596707571075487 -4.637423191885958 -4.609958757974145 -4.53685235346124 -4.437603599250267 -4.323571579767494 -4.200389046559312 -4.068293677560882 -3.929172406301146 -3.788194027131403 -3.6563173844226866 -3.565987496064973 -3.545859988957867 -3.6239768160328256 -3.7987514710962276 -4.041945149235766 -4.320058844778751 -4.609862621096843 -4.897945221788015 -5.168529450309393 -5.388675093928811 -5.548699625431858 -5.641770166681225 -5.661921176282586 -5.611616492590956 -5.501174237904646 -5.335167093463207 -5.122201375887357 -4.8710148304814105 -4.590463743201397 -4.28985864998568 -3.978732420462626 -3.680202345012336 -3.420536737796555 -3.1890950356623278 -2.9880318705553974 -2.8226107650994874 -2.6968865108840134 -2.6115844680451494
-3.932785387606439 -4.1963437249283855 -4.429708643366765 -4.616553264978034 -4.71728203333507 -4.710017747193385 -4.61883704284804 -4.4844993133685715 -4.328789254261052 -4.162470611813006 -3.99139209564484 -3.814757740105167 -3.6323265621740286 -3.445953172672978 -3.261630585739941 -3.101052721616523 -3.0158643126217437 -3.0666266971923877 -3.2673150388481957 -3.5609085282151316 -3.8905331677208377 -4.225519422418018 -4.549681744027544 -4.848231499942117 -5.093795145336546 -5.268931367415513 -5.3714472302608725 -5.403259934852461 -5.3720370125132035 -5.285441732017862 -5.144715811209809 -4.959445333636992 -4.738414860992278 -4.490114663655658 -4.2230256185470205 -3.945587826982753 -3.6759827350503236 -3.4367855004140098 -3.2206000874727567 -3.032372729330589 -2.876945665230687 -2.7584302898138184 -2.6796108357820545
-4.021768864992788 -4.284382241966672 -4.528503515390871 -4.7396627595707725 -4.84347526766259 -4.7688739502771185 -4.608313248776291 -4.4207994156731685 -4.21904997547016 -4.011032664070514 -3.800798007261963 -3.5865477044674505 -3.366019988481838 -3.1379627547860394 -2.9030871315684257 -2.668636470339771 -2.4864437813036053 -2.4924624783533043 -2.761153332256005 -3.12510472793254 -3.5061865647832717 -3.881047664486671 -4.2366487092401535 -4.5580616312841675 -4.818930306560706 -5.006179569995186 -5.115205637813089 -5.155687188128768 -5.143324166184298 -5.074136402701756 -4.9552038068594415 -4.79521545178258 -4.602279454641519 -4.384185214192464 -4.148577669600972 -3.9029647914103203 -3.661383878741285 -3.438807605945938 -3.2373212818982418 -3.0623497576038172 -2.918295651262801 -2.8088236267576963 -2.7373070936708808
-4.072992677134167 -4.322885246687769 -4.558887774011452 -4.788902460699027 -4.952503591042225 -4.757683896686766 -4.544718406464446 -4.323202243204829 -4.0917609224012015 -3.854949677534052 -3.616823383663368 -3.3763166064489223 -3.1304593942881622 -2.8766527296615227 -2.6125899534480284 -2.339514630581554 -2.065323602267859 -1.9647586701599784 -2.3733491267348508 -2.785591410002533 -3.195153022969178 -3.5947880838960957 -3.9741339650969296 -4.314720619470406 -4.582756973154949 -4.768529419435438 -4.8779729078159795 -4.929209379525946 -4.925421201357818 -4.869252992268697 -4.768911377579486 -4.63180086986414 -4.464945892778328 -4.275196852405654 -4.069313380965597 -3.853793086927513 -3.634476187639491 -3.4280862191846833 -3.2416240477707405 -3.0800925268284165 -2.9479193390870266 -2.8489260612789655 -2.7861054947926354
-4.084363907520686 -4.307746064767536 -4.505700930022443 -4.66762371910831 -4.727625652998214 -4.610798538714454 -4.410150031038323 -4.184649823088671 -3.9443010884176877 -3.6954379627196046 -3.442200174224842 -3.1883908427800947 -2.9323203019197726 -2.673063397420371 -2.412389659784399 -2.164313417226306 -1.9625776261160726 -1.945641316202142 -2.207133271249776 -2.5739528852336533 -2.969551129924321 -3.3718352265604965 -3.7660451357429876 -4.126187292347033 -4.398314313359072 -4.56696497928281 -4.66693986573689 -4.717497752720327 -4.715982448918316 -4.670245405473219 -4.586528913659608 -4.470629558532036 -4.328316242749421 -4.165422962224453 -3.9876620035750427 -3.7980275504381833 -3.595965524616424 -3.4059589123668847 -3.2349918120754406 -3.087692480953793 -2.9682499763344405 -2.8803894188085333 -2.8273808780391647
-4.062802292454873 -4.250128972129046 -4.399961019364036 -4.4904249461190675 -4.496265146237722 -4.39853545977742 -4.225379691088555 -4.013637792637892 -3.7791017634174873 -3.532947670416244 -3.278819608969454 -3.023490333218287 -2.770464646200451 -2.5222548897641275 -2.2906361854089146 -2.095934384223912 -1.976071875728607 -1.9915715950884225 -2.1686282684050324 -2.4616436612080355 -2.8150913295937894 -3.1991738795829887 -3.597154473462498 -3.9865254213113785 -4.277940373816006 -4.405515706883783 -4.475510739541575 -4.5096321092394875 -4.5103548182564035 -4.475296028239657 -4.407992307469337 -4.3127024205936175 -4.194061699739878 -4.056592578712398 -3.903227984625234 -3.7328360207104563 -3.5470062179245097 -3.3737795022540165 -3.2188793882202127 -3.0866107930269187 -2.9809429472468256 -2.905480163580322 -2.863458796407324
