_KRIGING/Kriged_data_classic_aproach/Quarry MHZ/Lower layer/Lower data MHZ_z_710.asc
ncols 100
nrows 74
xllcorner 5.5967021187171717
yllcorner 50.982320383150686
cellsize 0.0001929225656565642
nodata_value 1.7014100000000001E+038
[rows 0 to 17 of 74, columns 41 to 81 of 100]
0.051779894652051565 0.048941485053582555 0.045731364586719135 0.042218655923707264 0.038469713452589642 0.034548537559902608 0.030519213289093745 0.026449964528150356 0.022418015004805565 0.018514094130247884 0.014845219987790016 0.011534438432771597 0.0087165681243120338 0.0065296942981196635 0.0051030672555254439 0.0045429982487328532 0.0049190573743826474 0.0062531372662669935 0.0085136232151518665 0.01161602885968923 0.015430203471709834 0.019792896783612408 0.024523416788665153 0.029439603657785696 0.034371489797129229 0.039170761453393127 0.043715260953275527 0.04790895975380112 0.051678781419348507 0.054970138018266911 0.057742982856859477 0.059969649144244665 0.061634930228000893 0.06273801169193069 0.063295222547945229 0.063342288463274041 0.06293488889560786 0.062146773650955424 0.061065331247203265 0.059785136781800717 0.058400476211347009
0.051939948610955015 0.048572075035301025 0.044792630674103405 0.040695830199574366 0.036373173692835097 0.031912635654339418 0.02739983798927282 0.022920921346069163 0.018566454217925542 0.014435360786552422 0.010637602641678061 0.0072943271800856788 0.004534484317209049 0.0024875318370538788 0.0012727147570417499 0.00098632851011338368 0.0016891089984885574 0.0033961941778235666 0.0060718251680055429 0.0096301098398614005 0.013941939856347646 0.018846843667691543 0.024167523251454354 0.029724345038306295 0.035347264272559992 0.04088349092696477 0.04620041378970792 0.051184545970576353 0.055738198753397722 0.05977598833385258 0.063223051257211171 0.066016086943411323 0.06810729899490979 0.069470278238281599 0.070106145803244813 0.070048041197223535 0.069362340831688907 0.068145722157998356 0.066518134396748474 0.064612643580146012 0.06256376272524905
0.051997411905661005 0.048077959444147854 0.043712290708992844 0.039022614204676558 0.03412870549480438 0.02914557402774224 0.024182980453376378 0.019346687036290118 0.014740996626506526 0.010471785166456561 0.0066489451068330249 0.0033870470302742942 0.00080319919643873777 -0.00098841563031882435 -0.0018850766446813425 -0.0018060127546872737 -0.00070298893605404145 0.0014312026615053638 0.0045583296796738032 0.0085955965620832658 0.013421862475928976 0.01888800771661768 0.024829287180206709 0.031077107599955085 0.037467963537119495 0.04384819200029811 0.050074494846951513 0.056011458116435243 0.06152819436343096 0.066496484699634234 0.070792325783908303 0.074301725769679777 0.076930242825012429 0.07861450136837872 0.079333106931119945 0.079114235365761759 0.078037733305627272 0.076230679589138844 0.073856725260062123 0.071100802874091248 0.068151669575307328
0.051938366818548291 0.047464944132783952 0.042517926403814542 0.037249265362915167 0.031808994403116984 0.026341134164305662 0.020981223797743233 0.015855567842969216 0.0110820319031232 0.0067718917068021675 0.0030319111569024684 -3.4388578253018165E-005 -0.0023272819102485923 -0.0037538879143586071 -0.0042337602980563119 -0.0037062822142900423 -0.0021384280518181656 0.00046891964595168617 0.0040777793897040851 0.0086140247831275052 0.013972459710864929 0.020024867252293056 0.0266290352815933 0.03363648221290156 0.040897029783046122 0.048259411391252519 0.055568476828938659 0.062660847719182289 0.069361683311380318 0.075485250172717247 0.080841185604782775 0.085246882125749199 0.088544678492031265 0.090620996564605455 0.091423648581334518 0.090973527055943401 0.089367807609465305 0.086773421333713546 0.083411480819525985 0.079535098475225441 0.075404208029990177
0.051763130113308763 0.046756317047828476 0.041257650482347384 0.035449094488253237 0.029511408140681962 0.023618141438758226 0.017930952769875171 0.012596573342820168 0.007745577753766171 0.0034928268285339473 -6.0918579999950928E-005 -0.0028270417499181091 -0.0047277477421638278 -0.0056962071644812498 -0.0056785491453607492 -0.0046374350415746973 -0.0025562985693334331 0.00055705768933157068 0.0046687772886935541 0.0097199165952424199 0.015629921126382736 0.022301516260622524 0.029625240995525728 0.037481747985840072 0.045740585354229688 0.054255364321806464 0.06285668268540695 0.071345465959199661 0.079490055844744112 0.087030115440099642 0.093689181741411193 0.099195718197630983 0.10331028302738615 0.10585452613823608 0.10673669864724042 0.1059685315298614 0.10366972750297071 0.10005860248497808 0.095430060469553532 0.09012445464083331 0.084492435630426299
0.051487885248791297 0.045992953413706038 0.039998552594823343 0.03371523850935635 0.027353194827820219 0.021114288203077779 0.01518508365691202 0.0097313940356682158 0.0048948769679850526 0.00079194767097996027 -0.0024851242395868486 -0.0048655109801836113 -0.0062964252291265108 -0.0067400070504522527 -0.0061712456850148562 -0.0045771915409517638 -0.0019571501025016924 0.001676852541107339 0.006300088436404061 0.011876009491758287 0.018357680034195974 0.025688708667269938 0.033802176854806895 0.042616184356571121 0.052025443296154737 0.061889727713183504 0.072021564966613799 0.082176836546445808 0.092052441498489346 0.10129453900895626 0.10951909967232641 0.11634387475684899 0.12142804427380155 0.12451346770267309 0.1254603033625126 0.12427017869273813 0.12109207739823766 0.11620923818604748 0.11000890553812553 0.10293990295129858 0.095465005805252717
0.051142955058539434 0.045229643342385821 0.038820978401641469 0.032152945584441685 0.025461986607005986 0.01897521572409442 0.01290120923411308 0.0074221845867896499 0.0026884401527768401 -0.0011842604503438589 -0.0041140998342616489 -0.0060497125752065131 -0.0069646033618521244 -0.0068506013004441049 -0.005711462229571522 -0.0035574224990936806 -0.00040104985580032698 0.0037456517694735361 0.0088730498677560901 0.01497454580197382 0.02204555279794497 0.030079757402173501 0.039061451608912057 0.048953127265165319 0.059678610433701193 0.071103622239165581 0.083017374049879106 0.095120073191124546 0.10702147717157473 0.11825453783982204 0.12830572374779714 0.13666021243623105 0.14285656184097068 0.14654261824968723 0.14752311763740913 0.14579016216776225 0.14153046983642273 0.1351074422485368 0.12702072729185981 0.11784999634218916 0.10819220352841752
0.05076722794798396 0.044527353844056504 0.037808571660051159 0.030867518416241572 0.023961947972539706 0.017339346238762564 0.011225744495629512 0.0058157640303890604 0.0012650965371842973 -0.0023134977560014189 -0.0048500292456745073 -0.0063129679335077946 -0.0067014900029586724 -0.0060355182274045155 -0.0043450104447358348 -0.0016598366604374179 0.0019987473225733243 0.0066243751232365478 0.012229120241658009 0.018843766956008166 0.026513977374106261 0.03529130400087456 0.045218123201977586 0.056306300675532918 0.06851081629482686 0.081701469665423007 0.095637684836608741 0.10995269143781441 0.12415336019533232 0.1376403338322259 0.14974985925670237 0.15981442217435876 0.16723484906082503 0.17155309816288922 0.17251350906024371 0.17010138378444489 0.16455136112458513 0.15632339372495246 0.14605004091833573 0.13446389222134406 0.12231709970305182
0.050398971084336074 0.043941913962477951 0.037034841458566635 0.029948943972747326 0.02295682891748118 0.016319896962308962 0.010275593708399998 0.0050257420790937105 0.00072744147908224838 -0.0025120351197177801 -0.0046353512216607759 -0.0056299641757714888 -0.0055183156659829938 -0.0043446704051506649 -0.0021603532168184003 0.00099078391469541172 0.0050850269464063971 0.010128253027295503 0.016161039461772921 0.023258334400410363 0.031522526942839788 0.041068800544433508 0.052002111697005957 0.064386244952531674 0.078207193510277495 0.093335343970897183 0.10949305185139087 0.12623545019506568 0.14295204111806672 0.15889437002618534 0.17323095993443052 0.1851253516311458 0.19382770023517645 0.19876628054755296 0.19962365062891002 0.19638377805914675 0.18934102997507507 0.17906864792091548 0.16635167191284142 0.15209556628050216 0.1372256351985178
0.050064029582331242 0.043510392878244313 0.036547809456457338 0.029455038141106553 0.022511985662125457 0.015986305305610717 0.010119641195121244 0.0051148340378689497 0.0011257793218883635 -0.0017483595518197129 -0.0034633013296045609 -0.0040236621321173907 -0.0034712968133905203 -0.0018693210874893354 0.00071620576995583968 0.0042346924005876724 0.0086673231219086613 0.014039275194862741 0.020426068354004755 0.027952394786440314 0.036781887186520916 0.047096594389546699 0.059065737089471389 0.072804829549987932 0.088328475575362983 0.1055027546634468 0.12400546364514153 0.14330373767790061 0.16265796201677393 0.18115796242794971 0.19779236715250603 0.21154558135479468 0.22151038255559097 0.22699935259987847 0.22763662292094192 0.22341349055164078 0.21469718898064713 0.20219033478740259 0.18684748945615123 0.16976284344899767 0.15204756652977186
0.049763055058057885 0.04323705424156337 0.036354866030833467 0.029395464969019396 0.02263792057786352 0.01634774513658576 0.010762787037992029 0.0060800218515240159 0.002445040234135186 -5.3895518272874254E-005 -0.0013857441695603392 -0.0015698437964820414 -0.00066267808508509857 0.0012603968431871074 0.0041263363318297386 0.007885944825170417 0.012533110640562679 0.018119188785322649 0.024760155641966715 0.03263433322336079 0.041968735593996526 0.053012649519968154 0.065998209340330655 0.081089660603412342 0.098325681188359104 0.11756214347894214 0.13842531154145507 0.16028672993043361 0.18227010654564699 0.20329685151867166 0.22217080973810832 0.23769509627004504 0.2488064354078833 0.25470690952131414 0.25497118282429693 0.24960994388969368 0.23907726617322161 0.22421944386238646 0.20617343951362599 0.18623197284735477 0.1656975123375764
0.049459800630152005 0.043081091753907917 0.036410200645355058 0.029719136524481833 0.023277953546451062 0.017341401747395672 0.012135184558547223 0.0078431289521772099 0.0045970645944902119 0.0024713333628152631 0.0014835068338382232 0.0016021136116679546 0.002761137229360229 0.0048799751076851541 0.0078866694431012976 0.011741659280087698 0.016459062462579679 0.022122483397222684 0.028892445727059908 0.037002731185735306 0.046743269063582581 0.05842800126691363 0.072347628526802724 0.088709499731503466 0.10757004091047116 0.12876855162867412 0.15187407097010833 0.17615827483362842 0.20060605288590364 0.22397103315155328 0.2448761478233118 0.26195052026069149 0.27398537920407995 0.2800855439222858 0.27979113546865542 0.27314751310522428 0.26070968552304763 0.24347897643891675 0.22278198630226625 0.20011209689761006 0.17695964544524637
0.049072609047447167 0.04294834369034136 0.036607049745251245 0.030307255554352618 0.024302276068900987 0.018827712303041137 0.014088804312388105 0.010248811567912332 0.0074200953398427597 0.0056597434242227143 0.004971293889783325 0.0053133998076968433 0.006615275897656113 0.008797697755830447 0.011797394198467259 0.015592013355858074 0.020222473413274329 0.025809364619021447 0.032560073824312301 0.040763455550672616 0.050769307103951805 0.062950875194108108 0.077650411661457003 0.095110558132789666 0.11539792119791484 0.13832903283695996 0.16341201167079472 0.18981847838692451 0.21639859251982929 0.2417469571236828 0.26431893384350913 0.28258695670338757 0.29521685986127155 0.30123748300793518 0.30017495826110674 0.29212714933881223 0.27776328559662594 0.25824702260384008 0.23509505579827905 0.20999485260670256 0.18461150453439015
0.048471037045024028 0.042688900753996277 0.036776602467927737 0.030973730548497856 0.025509979810894458 0.02059400786851049 0.016402596850704533 0.013071075501371925 0.010686432552733584 0.009284745508388155 0.0088543386758199449 0.0093454685695995091 0.010686428990884678 0.01280495864200993 0.015652907819483031 0.019231400437440677 0.023613244830783524 0.028959065457285091 0.035523511294395675 0.043647987844374389 0.053736828526320134 0.066214946952260961 0.081467079702437217 0.099761865346451858 0.12116799919709065 0.14547389892107257 0.17212564357744387 0.20019913345421902 0.22842034898687036 0.25524174915788039 0.27897367895965453 0.29795866051604314 0.31076599288856516 0.31637686698308159 0.31432846566064981 0.30479035308576941 0.28855733064587902 0.26695770359834536 0.24169130390237575 0.2146241433698281 0.18757343213773695
0.047479188689965056 0.042102070502465942 0.036694853900884013 0.031474031868545548 0.026639879142838975 0.022367120810830525 0.018796577084272702 0.016028434650064947 0.014118210205910565 0.01307667917793822 0.012874918589736419 0.01345513325142713 0.014747177099018328 0.016689791530069331 0.019254712760226354 0.022471057368368207 0.026446817795452493 0.031383880612458739 0.037582727567764311 0.045432984078933467 0.055386454442328155 0.067910531881566816 0.083422180400174351 0.10220615030285113 0.12432543988097772 0.14953651141392607 0.17722524314499588 0.20638068787619585 0.23562125039459197 0.26328138631203474 0.28755689024713516 0.30669495642179018 0.31920404231105964 0.32405104012898456 0.32081175539209966 0.30974631775988937 0.29178325579779452 0.26841216199764339 0.24150158331689947 0.21307218778605047 0.18506237987476953
0.045886859407532281 0.040949642971528859 0.036098117045850565 0.031522910428842706 0.02739022887872921 0.023834736878547237 0.020954315667530359 0.018806957940750151 0.017410379649660114 0.01674513906985417 0.016762029252445521 0.017394202203897306 0.018573924864212582 0.020253151065962323 0.022426328879510536 0.02515313241321545 0.028578153536736352 0.032944035068849645 0.038594128242460592 0.045960658070608312 0.055534837583085542 0.067816714356129626 0.083245042536214509 0.10211121283702704 0.12446591027346783 0.15003188449013721 0.17813976039641996 0.20770475874612593 0.23725934661093459 0.26504972188845544 0.28919327458342359 0.30788158582753838 0.31960188386461569 0.32334222933206241 0.31874453805810665 0.30617596866811747 0.28670242512060351 0.26196533412734557 0.2339806126451916 0.20489279266225191 0.17672447139499414
0.043469048212776078 0.038977845871196924 0.034707335264793311 0.030820816597465918 0.027446839853014111 0.024674659560066682 0.022552701951922612 0.021089827523965009 0.020259365425819027 0.020006099956416973 0.020256481596921713 0.020932235650701542 0.021967230425715273 0.023326974909137377 0.02502949886226772 0.027165680436557212 0.02991637228683499 0.033562991498809903 0.038487688439924894 0.04515899529713515 0.054099278474482364 0.065831729922031415 0.080807303874738584 0.099315960424200739 0.12139142246877148 0.14672349593893647 0.17459552968578218 0.20386533182558075 0.2330046225062446 0.26020446326352548 0.28354277741474182 0.30119701895850942 0.31167315427177888 0.31401455062979411 0.30795364587786711 0.29397645830466085 0.27328417287597945 0.24765439966782013 0.21922319343238536 0.19022333282286275 0.16272145175213912
0.040013717794614538 0.035947712313984075 0.032260698881593074 0.029088257649437156 0.026518542082767889 0.024590651476214774 0.023297389630465522 0.022591622257390996 0.022395486075939892 0.022611897982616321 0.023138041938163788 0.02388065853520803 0.024772944661268607 0.025792647487044212 0.026980503541063232 0.028457551219876177 0.030439080680776054 0.033242168409350382 0.037283037279318067 0.043060145555932114 0.051119285914689838 0.061998434344274128 0.076152885593429809 0.093865324584861132 0.1151504563645217 0.13966869603676241 0.16666684444485885 0.19496416315516754 0.22299865059864921 0.2489402522832258 0.27086602531166515 0.28697898005242906 0.2958404212061515 0.29657830912507016 0.28903397055066615 0.2738173786284912 0.2522561515491567 0.22624242444003764 0.19800064323335248 0.16981380757343031 0.1437525045800033
