_KRIGING/Kriged_data_classic_aproach/Quarry MHZ/Lower layer/Lower data MHZ_z_1000.asc
ncols 100
nrows 74
xllcorner 5.5967021187171717
yllcorner 50.982320383150686
cellsize 0.0001929225656565642
nodata_value 1.7014100000000001E+038
[rows 0 to 17 of 74, columns 41 to 81 of 100]
0.092166724315203313 0.089178863297370542 0.085440536454688049 0.080932140940297853 0.075658215835373882 0.069656735326122682 0.063007156362416911 0.055837146031303159 0.048327546666860427 0.040714515181892147 0.033287178527215605 0.026378923838237783 0.020350873396852126 0.015567279266621686 0.012364345662418202 0.011015929830175714 0.011701116418407348 0.014479264310639062 0.019277461235217286 0.025893409358739822 0.03401399439141814 0.043246823064679557 0.053159590423783293 0.063320859538008173 0.073335986565626843 0.082873399875945997 0.091678799496936136 0.099577445370949952 0.10646691010244499 0.11230401500085116 0.11708995455134755 0.12085694346296572 0.12365841751534559 0.12556331782523306 0.12665369987858527 0.12702412093498985 0.12678108048836179 0.12604114943006761 0.12492712630982805 0.12356235053023351 0.12206395063376946
0.088341436690906966 0.08474609579629086 0.080326387478226818 0.075087865342671728 0.069065833827055417 0.062333204957894267 0.05500610351407173 0.047247542660565883 0.039269264976802692 0.031331238553613389 0.023737594335634243 0.016827364684450813 0.010958573043541281 0.0064851913662443417 0.0037281119904245263 0.0029431797836831086 0.0042909237371857867 0.0078133399772812306 0.013422537942294116 0.020904247763643663 0.02993646914854009 0.040120585985666146 0.051019841634329127 0.062198798863134175 0.073257603395399995 0.083856430482755678 0.093727955619876985 0.10267837741886116 0.11057974941335519 0.11735764716315991 0.12297830872692045 0.12743846610951012 0.13075951262048791 0.13298592848276625 0.13418649009769162 0.13445604282683246 0.13391563162857331 0.13270944971340651 0.1309981147571524 0.12894888158398735 0.1267242487619786
0.084445175884429152 0.080179902277315945 0.075027086631928558 0.069024448459775484 0.062245458793674019 0.054805049294669311 0.04686190288399969 0.038618133976928898 0.030317124327261441 0.022239718333668418 0.014698166757058345 0.0080265412628511557 0.0025662201545899321 -0.0013542979205000416 -0.0034446056866136165 -0.003480203234050766 -0.0013289010758706643 0.0030290285342941259 0.0094914221989664538 0.01783836027247801 0.027750153439069808 0.038836635203986641 0.050672873017586523 0.062835209902741301 0.074931813208393788 0.086623541333653381 0.097633463816439531 0.10774607753756019 0.11679943186476935 0.12467448177323801 0.13128583247059417 0.13657678300157275 0.14051966621489698 0.14312050298432402 0.1444254901266511 0.14452619308231365 0.14356062002234138 0.14170844945553129 0.13918020744362736 0.13620170319639463 0.13299614181680885
0.080683615024374128 0.075699934344204051 0.069779701240359121 0.06299882931384268 0.055475077382092647 0.047370963740216182 0.038891993313166756 0.03028155935071794 0.021814062437628706 0.013787296583092773 0.0065142287224616291 0.00031336363740694373 -0.0045036058560355696 -0.0076478986950235528 -0.0088734701613604472 -0.0079989644689945072 -0.0049286486654100126 0.00033174263374188828 0.0076681647851435664 0.016862973685220078 0.027611452345566917 0.039547816337100083 0.05227620408813563 0.06540109681281886 0.078551982069426624 0.091398781831509124 0.10365711967600896 0.11508516815213665 0.12547584496739517 0.13464896890519609 0.1424474544154857 0.14873992621681395 0.15342980131526887 0.15646860068837265 0.15786965702679021 0.15771789746491846 0.15617209436042248 0.15345765375437256 0.14985016610413918 0.14565199849073951 0.14116565342649409
0.077293524111530093 0.071564505026552899 0.064867119907148857 0.057319768903770524 0.049088486702441397 0.040386555247681283 0.03146814143183127 0.022617909905162076 0.014138991722780742 0.0063412884051080309 -0.00046893191413424629 -0.0059984045586714829 -0.0099763633612242886 -0.012165506165582401 -0.012375116890364746 -0.010475729361678454 -0.0064132619404079494 -0.0002195398845127039 0.0079839572404007964 0.017991251509344858 0.029526122512518266 0.042263391612378937 0.055853283518512625 0.069944065441065517 0.084198682227323574 0.09830289766119471 0.11196501450501573 0.12490981928895503 0.13687120126955407 0.14758836647366477 0.15680953602548706 0.16430475409274578 0.16988656777482961 0.17343468798116946 0.17491904701539299 0.1744154132659409 0.17210898182171633 0.16828379461113013 0.16329881264295698 0.15755421006223469 0.15145332801793679
0.074523677227383317 0.068051439802955166 0.06059872101698735 0.052328290258021187 0.043455553151816123 0.034244567111662988 0.024996875870547858 0.016035695051511228 0.0076886707780447761 0.00027214084034474229 -0.0059212789430450885 -0.010631450851333796 -0.0136368019319206 -0.014759398094890547 -0.01387044938491791 -0.01089671003047521 -0.0058269162497096016 0.0012836743291243236 0.010312902029143228 0.021077075635728165 0.033342174014546505 0.046839101172487213 0.061279695881737123 0.07636963245633327 0.091815069184806253 0.10732180484253989 0.12258827142830619 0.1372961339372176 0.15110377332239225 0.16364792164989603 0.17455705433339236 0.18347717454939785 0.19010711154910975 0.1942373585956311 0.19578468125553861 0.19481478076854494 0.19154725093905761 0.18634045825343334 0.1796579631272141 0.17202170798876482 0.16395958370886948
0.072610170139451119 0.065432304524643409 0.057283459821127175 0.048369747965033766 0.038953584935868396 0.029346079357230076 0.019891228849689774 0.010944984622236781 0.0028531843677548629 -0.0040678218308935199 -0.0095451972610768598 -0.013357380897736609 -0.015336392105328084 -0.015366629167901491 -0.013382358007284073 -0.0093654540821942467 -0.003343807554160444 0.004610316855536839 0.014383230043998191 0.025825050241827768 0.038757126016734422 0.052980163491182036 0.0682804699739675 0.084431510815838967 0.1011889561194371 0.11827945148825017 0.13538593517602279 0.1521346157899981 0.16808987049601182 0.18276273493489692 0.19563622422821092 0.20620690100109423 0.21403781141088979 0.21881428911298814 0.22039222373853473 0.2188288351186134 0.214388804754268 0.20752317579476814 0.19882365905347643 0.18895962904213476 0.17860809575415576
0.071748492214729759 0.063942290108641692 0.055197608590960651 0.045759715845235999 0.035931938479194153 0.026064690249120587 0.016535607757159315 0.0077242808501682692 -1.3776712775331879E-005 -0.0063693307679150435 -0.011094424609495862 -0.01400873594057836 -0.014997927305244491 -0.01400620265880731 -0.011025960108424049 -0.0060871420354642325 0.0007520826054860652 0.0094127956917567923 0.019801214113439047 0.031813286428029358 0.045337691794058832 0.06025601200276301 0.076438204887526229 0.093731693882036199 0.11194368672363789 0.13081859959876199 0.1500151035274099 0.16908944879193299 0.1874924637973619 0.20458636256536367 0.21968416613246999 0.23210972011654882 0.24127108274929107 0.2467358287380961 0.24829479665652815 0.24600172654179567 0.2401800657075803 0.23139416412661457 0.2203887654080609 0.20800656135430753 0.19509728998810119
0.072065418316236557 0.06374894079074131 0.054550473270091188 0.044747135267901778 0.034673364700811254 0.024707153198742643 0.015247107758229878 0.0066841086995189369 -0.0006273433014128138 -0.0063929563756283392 -0.010393731351448304 -0.012490464269698992 -0.012618167103785605 -0.010772834806438369 -0.0069940329514242283 -0.0013468034537135465 0.0060943915930361803 0.015258070290521203 0.026083761914400816 0.03852531258688513 0.052548898865400484 0.06812472313167986 0.085211189593979664 0.10373098304470157 0.12354014159316765 0.14439374009532827 0.16591453755754176 0.18757294218644804 0.20868695495521553 0.22844874217723063 0.24598014801138476 0.26041350358517135 0.2709878491178237 0.27714577511146488 0.27861395606075012 0.27545192730276935 0.26805866720098159 0.25713407852256076 0.24360081260576599 0.22849911963779218 0.21287191155205837
0.073593992828237448 0.064923297493525073 0.055451966528312052 0.045478880287012718 0.035356448774436861 0.02547489324472893 0.016237589702117611 0.0080313457197526417 0.0011968958961327825 -0.003994980402592968 -0.0073575071698405436 -0.0087900625102111662 -0.0082688614073466171 -0.0058287621649965593 -0.0015401038887933594 0.0045152447043374788 0.012265049048796606 0.021662557797633042 0.032695500409985007 0.045387275601274257 0.059789493939972183 0.075964986005139123 0.093960658988680001 0.11377065712041148 0.13529236040139 0.1582805964153686 0.18230832082428053 0.20674390965797482 0.23075506964143275 0.25334656195346678 0.27343349728195165 0.28994477073567215 0.30194383941854264 0.30874840068810178 0.31002829143119726 0.30586304579055157 0.29674688466285459 0.28353820960345921 0.2673608647214748 0.24947318064051002 0.23112616794850613
0.076254530280152916 0.067416809859166787 0.057885815883795627 0.047969898536848271 0.038023591797946371 0.028431003786954262 0.019581097790569907 0.011838631187066156 0.0055159327278297698 0.00085085570972118219 -0.0020048992319072478 -0.0029850232748334093 -0.002095852868552045 0.00060565809114301872 0.005039086977889129 0.011128218407288809 0.018825119288782055 0.028127457897786395 0.039086920495539634 0.051807284506383694 0.066431061043414785 0.08311389316799267 0.10198656365987266 0.12310597390827871 0.14639896360388993 0.17160603574672645 0.19823512058836618 0.22553731787498293 0.25251598111274831 0.27797687063303211 0.3006205152084036 0.31916943478437476 0.33251433255390161 0.33985696354552597 0.34082506945376939 0.33553760332821181 0.32460624678319538 0.30907042804340634 0.29027521028041448 0.26971177071659042 0.2488464230639213
0.079843791480713217 0.071046658183784889 0.061691505275786734 0.052082425537267246 0.042558337847848876 0.033476704838482946 0.025190618767709366 0.018022699951827564 0.012240558829775899 0.0080387200334630926 0.005530832949714598 0.0047539813925460694 0.0056844968542300589 0.0082625007654981431 0.012420956787904225 0.018114532246529869 0.025343946969768938 0.034172373322904681 0.044731410446710446 0.057214883680560075 0.071859190623923236 0.088909409007699197 0.10857136739320172 0.13095178141684116 0.15599148852589637 0.18340038238117218 0.2126059366220947 0.24272896154772719 0.27259924141713154 0.30081924052879905 0.32587632140313244 0.34629412230726409 0.36080401665534245 0.368510437756498 0.36902149941700413 0.36251996231021372 0.34975890229099083 0.33197963322434598 0.31076363574005939 0.28784223011819343 0.26489483521269852
0.084033593787750188 0.075491198744894378 0.066557063989745618 0.057516713688612359 0.048674724015422693 0.04034007049918889 0.032807004104290799 0.026334356557418864 0.021127260308967027 0.017325348704812588 0.015000514098638118 0.014165492196637153 0.014792390635222696 0.016838346295915546 0.020274228726336857 0.025111903936668345 0.031425933387722454 0.03936638105834292 0.049160250477114836 0.061099719865337243 0.07551580666584326 0.092736685940137398 0.11303109219503119 0.1365394618111003 0.16319879033492182 0.19267111275936571 0.22428903427757532 0.25703346351347034 0.28955731263122575 0.32026367949910528 0.34743816332142818 0.36942390739755598 0.38481711401720142 0.39265296267322425 0.39254953841590612 0.38478183890896372 0.37026880347395186 0.35047151430672019 0.32721695272400658 0.30247528989182981 0.27812662244981645
0.088379414751720869 0.080296458705108403 0.072023907765350587 0.063814668984254613 0.055920146501841878 0.048578537801933858 0.042001516972691139 0.036361446384216206 0.031782001266178833 0.028335041890642759 0.026045676888466762 0.02490593891536938 0.024895744635653444 0.02600829670833682 0.028276166056038388 0.031794104106234594 0.036735055016500762 0.043356560224787455 0.051995435847863397 0.063049070494201387 0.076942023723547914 0.094077170977174218 0.11477195126699835 0.13918273726919927 0.16722398862840077 0.19849311248953294 0.23221569337180889 0.26722746053748608 0.30200761631850193 0.33477217013382987 0.36362602583437731 0.38676035670188558 0.40266994519771582 0.4103567838308092 0.40948401955887059 0.4004496687959701 0.38436196605147277 0.36291537608352914 0.3381844867261396 0.31236811795301656 0.28752466255440612
0.092339298857932989 0.084894244893811449 0.077504431181111028 0.070377121995690545 0.063692409810856082 0.057595744249639674 0.052192401675048489 0.04754507187645049 0.043676020483163519 0.040575042012250595 0.038213631226428707 0.036564644591906587 0.035625512049271363 0.035442131712403735 0.03613017485773562 0.037890689868864236 0.041017456505535371 0.045894208584400936 0.052980331039751805 0.062783838901445371 0.075820533155829123 0.092558641729576702 0.11334955006157285 0.13834781996628667 0.16742757571801201 0.20010686671962263 0.23549553747507337 0.27228382035895343 0.30878680221614874 0.34305329038419663 0.37303680020759544 0.39681317635571289 0.41281666256019323 0.42005743308143761 0.41828158940543347 0.40804087304149017 0.39065328401255506 0.36805480037283217 0.3425623840266514 0.31658495381086477 0.29232833078039439
0.095303602369043977 0.088632555293885834 0.082313054623550624 0.076495333446963326 0.071271370686868812 0.066672870105622367 0.062675410208637011 0.059208779449373278 0.056173219930208435 0.053460805686788876 0.050980506311647938 0.048684772272657634 0.046594932086055807 0.044822506133427809 0.043583805032764933 0.043205817665062984 0.044122177614757035 0.046858630605678103 0.052007682404275862 0.060191969441239945 0.072015635588399907 0.088003145544858913 0.10852613194866126 0.1337214893219407 0.16340794950647769 0.19701309030514111 0.23352677917462075 0.27149870165500539 0.30909527685563382 0.34422408870484589 0.37472240988988448 0.39859238912411843 0.41425214226549961 0.42076293900548156 0.41799096808712427 0.40666930855511485 0.38834106681255953 0.3651852975167047 0.33974890329326035 0.31462539127997435 0.29213121315957846
0.096636534490298825 0.090819335539912255 0.08571171576830669 0.081397559977928163 0.077865760410489177 0.075014789719925506 0.072668314732428935 0.070600510410954692 0.068568769325380835 0.06635070337204918 0.063781785377811123 0.060789779232886421 0.057422344728349423 0.053864899524243864 0.050446886768362481 0.047635817202459824 0.046019524095779862 0.046277687418134344 0.049143682509402709 0.055357270968427102 0.065607962443305523 0.080468660970697714 0.10032014624491833 0.12526947715860873 0.15506947025833467 0.18905122177901326 0.2260857554734971 0.26459246415087079 0.30260941651800066 0.33793298492692914 0.36832212524371577 0.39174806068092494 0.40665638875375021 0.41219951813432226 0.40839602363784921 0.39618151452747236 0.37733218075698927 0.35426425090228963 0.32973549421087034 0.30649354937896756 0.28692611513353095
0.095730528284750233 0.090780651247632377 0.08697081169215401 0.084311540454914374 0.082675847131364971 0.081811473429161258 0.081369635986807992 0.080947367232299033 0.080138846397876384 0.078589983889175596 0.076050126838436649 0.072415147224131227 0.067757304978578792 0.062338976456587258 0.056609315907695162 0.051184800162116517 0.046816002912008964 0.044343549190870246 0.044645910783270987 0.048580712265362758 0.05692003234712753 0.070279536513314589 0.08904190878597526 0.11327742953957573 0.1426685729690492 0.17645033223915127 0.21338209200591426 0.2517683622160386 0.28954287117170457 0.32442256121605317 0.35412551050332441 0.37663187842039075 0.39045306732961249 0.39486529391084435 0.39006290499628882 0.37719557552792315 0.35827113574398617 0.33592897142925743 0.31311286390802373 0.29269152033290335 0.27708559212887807
