_KRIGING/Kriged_data_classic_aproach/Quarry MHZ/Lower layer/Lower data MHZ_z_355.asc
ncols 100
nrows 74
xllcorner 5.5967021187171717
yllcorner 50.982320383150686
cellsize 0.0001929225656565642
nodata_value 1.7014100000000001E+038
[rows 0 to 18 of 74, columns 43 to 85 of 100]
5.993143601280261 5.8723418579175917 5.7413695636067672 5.605646851196493 5.4717597433690788 5.3468359549693893 5.2378598027219798 5.1510457429958905 5.0913646219199036 5.0622711100340521 5.0656297078627057 5.1017951906159542 5.1697821438948317 5.2674606487405704 5.391736586610838 5.5387050807084499 5.7037921695123899 5.8819134453708788 6.0676753254345162 6.255627610644563 6.4405527014898105 6.617756648965333 6.7833176939965689 6.9342523479746365 7.0685756180355037 7.1852549760748197 7.2840797769194179 7.3654826538957945 7.4303534312378279 7.4798793806444488 7.5154314301494107 7.5384991709762446 7.5506632085451919 7.553585154006127 7.5489946946389743 7.538658764114647 7.5243272305972049 7.5076594321898433 7.490143379999429 7.4730227194144687 7.4572452500941537 7.4434419297028445 7.4319386207390563
5.7004114044096017 5.5466558392108354 5.3834575499841737 5.2182380315129535 5.059629745834556 4.9166433000766698 4.7977658491229622 4.71015109182499 4.6590299231097791 4.6474117881138106 4.6760780315423016 4.7438093008012796 4.8477540934650163 4.9838409225866069 5.147158563281824 5.3322660006622513 5.5334314246181151 5.7448253706169794 5.9607004034507014 6.1755796187723764 6.3844558958303388 6.5829832504330419 6.7676295915321809 6.9357612149267087 7.0856426175917413 7.2163553521485007 7.327659233709408 7.419831553405654 7.4935212876163053 7.5496457809275226 7.5893406678467015 7.6139555003170116 7.6250732990583714 7.6245259612275929 7.6143803171930493 7.5968800122360314 7.5743426385020935 7.5490252558589397 7.5229808251258721 7.4979309672342129 7.4751767321619411 7.4555603960483303 7.4394804748329566
5.3967309949335505 5.2045696010597879 5.0045045369216972 4.8062641347884512 4.6207848937739824 4.4591436788600438 4.3314149425536161 4.2456590155458285 4.2072100440270557 4.2183583499520445 4.278433307792854 4.3842131878801975 4.5305371598467747 4.7109811943970872 4.9184814799104863 5.1458338150057523 5.3860480074677168 5.6325766180196339 5.8794577193416711 6.1214105096128106 6.3539069713612122 6.5732226796080102 6.7764553207924179 6.9614964326136448 7.1269505816589334 7.2720119124551772 7.3963233833947193 7.4998521776536524 7.5828118908054361 7.6456485395255323 7.6890874567076821 7.7142181832028021 7.7225809113204029 7.7162151102016763 7.697639509273694 7.6697499950705303 7.6356430646938875 7.5983913472989109 7.5608094134001558 7.5252500358196572 7.4934635039606068 7.4665382770819226 7.444924384833115
5.0968601466296093 4.8614092199456067 4.6204941474000663 4.3863824521794461 4.1724901469087694 3.9920619861112598 3.8567727964813709 3.7755046116951121 3.7535107470230393 3.7920885931915969 3.8887727791403144 4.0379583176747653 4.2317937855542951 4.4611607138719211 4.7165763656176072 4.9889098565264067 5.2698662121571598 5.5522497701942761 5.8300539999433205 6.0984354876047879 6.3536206549646419 6.5927752881859094 6.8138502489496915 7.015409214819698 7.1964474496660351 7.3562204151160868 7.4941103847363522 7.6095612313208711 7.7021024779258234 7.771464403574516 7.8177616267738337 7.84170071304845 7.844755267211907 7.8292542123883884 7.7983457720298013 7.7558269283102845 7.7058586375125762 7.6526128143905385 7.5999115849368746 7.5509194289669344 7.507935479803697 7.4723107390318564 7.4444895209755675
4.8178260297667812 4.5353642837409662 4.250811042539298 3.9790965148858586 3.7361771965229114 3.5374599898054804 3.3961460595410458 3.3217984435229013 3.3193881666107536 3.3889687260094696 3.5259967338000724 3.7221910914262772 3.9667339548382921 4.2475812553322303 4.5526698437700599 4.870868843926444 5.192602040680697 5.5101426588395936 5.8176345540613035 6.1109178676656271 6.3872361976602932 6.6448867643142773 6.8828569287422328 7.1004784966141825 7.2971282098932093 7.4720054251526058 7.6240193970314385 7.7518121060990257 7.8539248240871977 7.92908933054788 7.9765943915077395 7.9966538793972539 7.9906932459745406 7.9614807849369864 7.9130585402180991 7.850468559917573 7.7793133988416576 7.7052244612496903 7.6333294688891664 7.5678073237825139 7.5115967873595508 7.4662912895860494 7.4322148740951492
4.5773068627303495 4.245900001100777 3.9166704396208782 3.6071959080864548 3.3358947846876026 3.1202050666580741 2.9746843477992275 2.9093819710713866 2.9287804692882826 3.0314839558402866 3.2106777943521494 3.4552353215116338 3.7512384376830301 4.0836310686269037 4.4377412393568445 4.8004750243027505 5.161079151130318 5.5114615231269592 5.8461294380807241 6.1618439969887273 6.4570979721099171 6.7315133191121213 6.9852362366137992 7.2183920150583365 7.4306525713331606 7.6209638933175228 7.7874721421143596 7.927669492978386 8.0387513239374009 8.1181382354924381 8.1640781150220452 8.1762162731161965 8.1560156201688923 8.1069290189068806 8.0342702250723868 7.9447889447025712 7.8460155047710041 7.7454867730019039 7.6499861810360779 7.5649226379547176 7.4939391327832841 7.4387916494512707 7.3994856134333498
4.3915758701563998 4.0116548915184129 3.638962278431066 3.2935507201511189 2.996069429787994 2.7657249532088324 2.6181664644282332 2.563688896252696 2.6060897563160808 2.742383381656424 2.9634037859260922 3.2551571024433676 3.6006565799185211 3.9819128082414257 4.3817651062474923 4.7853131928944492 5.1808147412222203 5.5600240092775115 5.9180350043061445 6.2527467819873728 6.5640884963046346 6.8531370886575642 7.12124390672418 7.3692684988766004 7.5970026027077679 7.8028526317206426 7.9838285294906033 8.1358548557461638 8.2543750295383713 8.33516710004176 8.3752406264548576 8.3736533663278507 8.332085554268879 8.2550439174386945 8.1496330509448534 8.024914979741876 7.8909594183852541 7.7577477186943566 7.6341183488479283 7.5269259375754283 7.4405349781933685 7.3766973038762949 7.334787623678281
4.2732596103680125 3.8480686408906628 3.4357489731577493 3.0584946916545501 2.7388052433084926 2.4972699855986571 2.3502820669044535 2.3081096362744624 2.373693183272696 2.5423958976174794 2.8027452854843173 3.138015347510676 3.528353259872171 3.9530821236908698 4.3928201233516981 4.8311333182109788 5.2555564195371423 5.657940641699958 6.0341926830745436 6.3835386472674243 6.7074793433509434 7.0086072637625723 7.2894431255847199 7.5514315171655628 7.7942150953052067 8.0152824892814234 8.2100504366942744 8.3723906245046802 8.4955467720372724 8.5733161375148264 8.6013072291764736 8.5780500986130797 8.5057418157349804 8.3904630053270175 8.2417946131402111 8.0718784496012361 7.894074368358365 7.7214450241147121 7.5653274356035167 7.434223379189504 7.3331665643304103 7.2636235394392799 7.2238824849730685
4.2292450844705396 3.765080646574491 3.3197645190149778 2.9171512405998463 2.5810803957671933 2.3330386253319837 2.1897559308903984 2.1611894245428829 2.2492888377044444 2.4477899521619269 2.7430816474899262 3.1159884300483207 3.5441502444672688 4.0045976792378823 4.47612385428382 4.9411322665758739 5.3867643897082855 5.8052477236089892 6.1935247887417599 6.5523086595632378 6.8847572745654766 7.1949738796073781 7.4865359360091155 7.7612389952543896 8.018218611752614 8.2535791134687564 8.4606066808076612 8.6305716873485689 8.7540348942750423 8.8224767125840327 8.8299891077849253 8.7747289588859267 8.6598476357092551 8.4936895984769141 8.2891819597219261 8.0624909892562791 7.8311653967932227 7.612085548460108 7.4195688615131141 7.2639382759674191 7.1507557612350041 7.0807839559637316 7.0506003836038733
4.2590978297682316 3.7652813940314136 3.296317236975181 2.8771224014500882 2.5322728800694563 2.2836038089571975 2.1477474694617893 2.1340768281043712 2.2434661031017167 2.468129516944058 2.7925920448651689 3.1956318600435241 3.6528625924957439 4.1395295277801836 4.6330901432468199 5.1152253216854291 5.5730554504416716 5.9994808976452081 6.3926985189015042 6.7550457974669653 7.0913864648905562 7.4072810386355172 7.7071919986823119 7.9929634995208145 8.2627906985534558 8.5108491751398887 8.7276838032003923 8.9013562683663832 9.019228208141012 9.0701314384390486 9.0465757086709253 8.9465975280027319 8.7748825822861125 8.5429041480268264 8.267994462379928 7.9714696595777017 7.6761152418516758 7.4034635718420763 7.1713276747114687 6.9919902042187978 6.8713012554457489 6.8087514486717176 6.7984029003255362
4.3543116532497965 3.842868360964065 3.3619780071540895 2.9369490683182828 2.5924440822171206 2.3500797880725468 2.2259654208456103 2.2286508574922923 2.3579049336963851 2.6045959771274645 2.9517375931744549 3.3765432688794133 3.8531536370767965 4.355596955132901 4.8605311587676825 5.3493861314773383 5.8096514408218045 6.235204181772799 6.6257133463697402 6.9852714878375508 7.3204842633814131 7.6382963444975163 7.9438544169185032 8.2387082446292172 8.5196267823827245 8.7782507874256304 9.001708897208573 9.1741901049758319 9.2793040070251216 9.3028975212820164 9.2358697468445587 9.0764729382128451 8.8316336237676989 8.5169780036259901 8.1554768449542578 7.7748897632112124 7.4044266195662374 7.0711977703075641 6.7970578613484651 6.5963532385866248 6.4748866920770372 6.4301654014734027 6.4527583420096635
4.4986000599853551 3.9836535420681933 3.504336096990655 3.0856553196911403 2.7517170049687305 2.5233818215210118 2.4158556381187051 2.4366795860811821 2.5845415687046782 2.8491887900782804 3.212515265933928 3.6506782003324942 4.1369124283073431 4.6446002857117152 5.1501317268812645 5.6351501686410188 6.0878999938949381 6.5035407174257385 6.8834415487145826 7.2335987336818857 7.5624180005429356 7.8781752128270153 8.186511828939544 8.488336632691416 8.7784843372433077 9.0454142814773775 9.2721101874201253 9.4381668263625667 9.5228399581139307 9.5086281755547013 9.3847971801891692 9.1501960009638523 8.8147825904798047 8.3994761287496047 7.9342535133408099 7.4547459438609112 6.9978907532087149 6.5973817454227355 6.2796924917841928 6.0613151555826814 5.9475975799220198 5.9332393091845406 6.00419996611374
4.6692769200788504 4.1662069149148984 3.7029405908793223 3.3035240211957415 2.9909198432353294 2.7847663689153119 2.6990595836209579 2.7402108725597381 2.9058978341081203 3.1849931568236518 3.5586588171290061 4.0024763152168514 4.4892966306373356 4.9923734451529835 5.488308046272703 5.9593811946925683 6.3949566263788782 6.7917853918530096 7.1531936889204495 7.4872803185910293 7.8043732704276305 8.1140939050521066 8.4224478822910136 8.7293963128778849 9.0273451077293103 9.3009098565553856 9.5281583247507022 9.6833082020889982 9.7405907378213961 9.678729425769582 9.4852882739273312 9.1600754560800066 8.7168833111636594 8.1831058670639649 7.5971579304653662 7.004045757497857 6.4498106464673919 5.9757939436586893 5.6136992941043005 5.3822501588984366 5.2859041087983698 5.3156745238425192 5.4517227307394069
4.8395906695328303 4.3640306967302642 3.9313488904080138 3.5640476843509781 3.2834574902684377 3.1076295719554015 3.0491338604903597 3.1131962515283562 3.2965848801326056 3.5875351776716822 3.9668172839080906 4.4098395863371262 4.8894945163484191 5.379323902522831 5.856530831892373 6.3043938254209415 6.7137327911126805 7.0832125121336187 7.418426093106314 7.7298604534501383 8.0299969151024477 8.3299331123907017 8.6360167254703875 8.9470403408327819 9.2525386124166573 9.5326330309578218 9.7596753502847235 9.9016577921412594 9.9270232333958059 9.8101840978311685 9.5368217961196375 9.1079617391083474 8.541947073388986 7.8737658543468854 7.1516661944551032 6.4315217897337069 5.7698647713261488 5.2167742637546439 4.8098305657966325 4.570112422536349 4.5007882937579629 4.5883379329102389 4.8059595837218083
4.981710503050202 4.5484827570972675 4.1600161553949864 3.8368006677495838 3.5981676184703151 3.4603314668871334 3.4343111638310444 3.5241450878172738 3.7258000988020683 4.0270703746069794 4.4085894724493873 4.8458780447639747 5.312162114363554 5.7815581611765481 6.2321527531189993 6.6485111560609038 7.0232230868510204 7.3572188778729828 7.658748597450586 7.941094824889209 8.2192732917943943 8.5061496407738684 8.8085451351149384 9.1239924155288215 9.4388033385528942 9.7279973385175484 9.9573988241682372 10.087860989919065 10.081159725056787 9.9067042625099564 9.5479262298999803 9.007123461874361 8.3077016675518145 7.4931708938266919 6.6228445816538279 5.7648329768027935 4.987471547128421 4.3506462439462652 3.8984917028784727 3.6546433773571407 3.620695363451389 3.777883120803613 4.0914231861090729
5.069950265164505 4.6920419427561297 4.3596211447811442 4.0908287196927429 3.9027584900089991 3.8096478452600007 3.8209157232030964 3.9394418184399509 4.1604797287421516 4.4715079978153796 4.853166212220323 5.281231954950603 5.7294067129679895 6.1725285503861089 6.5897394855247562 6.9671161574491185 7.2993225967692261 7.589955755408007 7.8504166932390902 8.0973401381569783 8.3488368420150838 8.6200250643347331 8.9185191769367744 9.2406658738581342 9.5693297810193805 9.8738960120702863 10.112864636332645 10.238982830382611 10.206357223673493 9.9785099797915269 9.5360033425706447 8.8821630447198974 8.0456414511384846 7.0790674483607461 6.0537449204178255 5.05113485861472 4.1525098745972677 3.4285463402600471 2.9306257393397703 2.6852525656597015 2.6923534496884258 2.9274592072552914 3.3470668752940509
5.0837801099683766 4.7714595988131361 4.5043632861710607 4.298080381186332 4.1673452475099504 4.1243648100227208 4.1769558204095123 4.3268680371446155 4.568680998026915 4.8895900055426997 5.2702559927895845 5.6867120728237976 6.1131305220632308 6.5250897096634048 6.9028660167661045 7.2342268683576938 7.5162248856395859 7.7555905614988632 7.9674872971716342 8.172617966490094 8.392938070468702 8.6465073486202613 8.9422569424803076 9.2756102494691888 9.6259181613888476 9.9565113283095918 10.217820007611079 10.353495450746438 10.308863949123674 10.040475190892394 9.5251086634183242 8.7664977373938058 7.7982893714026034 6.6823639954098866 5.5024896005291044 4.3541974875873724 3.3325347143007256 2.5197852774840195 1.9752510686148432 1.7287461245185867 1.778693941166706 2.0948147658399776 2.6245585264234697
5.0102236742694775 4.7703781605490523 4.5747926302198758 4.4364232294769996 4.3676128727796657 4.3785366686371177 4.4754166548710188 4.6588675985687491 4.9227601314784817 5.2539321411506332 5.6329539185693331 6.0359792682915803 6.4375226529878162 6.8138217019759075 7.1463022870833539 7.4245819107498967 7.648442624201099 7.828287272916759 7.9837653608517929 8.140509821032424 8.3252419740207184 8.5598402163299951 8.8552725743422638 9.2064964773939835 9.5894633402377654 9.9611805928666595 10.263366052499464 10.429617445464398 10.395309106848767 10.108760875715308 9.5417628201583327 8.6974246317064186 7.6136272165719259 6.3610665418462826 5.035871099510187 3.7478355931964997 2.6062015555078544 1.705417741787314 1.1133066638928888 0.86355185050438621 0.95353208935890077 1.3474810531618737 1.9839871191341474
4.8453564454090481 4.6811073048018415 4.5598375220287473 4.4918860885367078 4.4872278116080473 4.5540171188925989 4.6968606104129638 4.9151693422582774 5.2019791769922712 5.5435885599953547 5.9202524547443467 6.3080051539567359 6.6814875600849915 7.0174548646136152 7.2984681664374449 7.5161573101112165 7.673407999193369 7.7848942789280011 7.8755582082565283 7.9769271997470046 8.1215308526050123 8.3360843591218767 8.6344741600563601 9.0118295741639134 9.4410100476615888 9.8726231108272415 10.239199880776667 10.463441445727593 10.469624907843912 10.196488620400224 9.6093883757164136 8.7093897808067968 7.537321750407072 6.1716363105803946 4.7200556319649021 3.3061993041829827 2.0533967698641806 1.0684604939050195 0.42818669311648527 0.17076708339268976 0.29328385245470523 0.75526746751768181 1.4871997033244044
