_RESULTS/CROSS_VALIDATION_POSTPROCESSED_80-20/MHZ/IZ/7comp/4/MHZ_IZ_z_250_kriged_reverse_7comp_spherical_4.asc
ncols 100
nrows 81
xllcorner 5.5967107548124995
yllcorner 50.982328804812504
cellsize 0.00017565037499993607
nodata_value 1.7014100000000001E+038
[rows 38 to 56 of 81, columns 44 to 87 of 100]
33.91000222284361 33.52258911117877 33.348921982212794 33.40767129148905 33.67898958767576 34.072428668086566 34.45404872209652 34.67928741072762 34.680698105326385 34.461351393300085 34.110087063811655 33.69382661603122 33.255352938087626 32.81644385628194 32.38877098684772 31.97884723134167 31.571114555507645 31.16790614366082 30.77047880052207 30.37950462075524 30.01433788646982 29.727261534674998 29.51195312531899 29.385763826424988 29.336474109576795 29.236183712635377 29.049388415816384 28.77096045691298 28.42977138614977 28.104061988675 27.783562134762175 27.413230808077145 26.992677760956855 26.533106761561047 26.04548297606949 25.55110923349244 25.179115422444635 25.058172269604718 25.222074049926817 25.568193411683282 25.991110009494278 26.432576199223316 26.86143898299988 27.267999705655694
34.80828209304599 34.577076721209444 34.54815673647782 34.73496715814384 35.123511744305006 35.63649897583304 36.10829819413419 36.2660839709147 36.00965330894395 35.500515011577335 34.90405560997871 34.29157537497817 33.694587108359485 33.13192986341086 32.60440978090324 32.10925173083252 31.650007544103836 31.210305447737376 30.78494273637697 30.36745713893797 30.012132541852417 29.782287546018914 29.675999263662877 29.66333486541579 29.73267030214148 29.759945281907335 29.694831671334516 29.5299863366249 29.261254267393955 28.963668881684455 28.662427636533895 28.306457932679212 27.900537097512323 27.462230988946466 27.01349968584939 26.585197867493914 26.244614109777043 26.07998154544715 26.111105210911802 26.29092272134546 26.55512168046743 26.85228338557283 27.146538669707 27.412041021910426
35.50936188053837 35.40737335316752 35.48938041805429 35.77476130318696 36.26252408137244 36.92141875110016 37.63716887091851 37.81462561047451 37.14728808119776 36.32717835975716 35.51120073148444 34.732127090401036 34.00654749219253 33.34533144611333 32.75601148220411 32.208699835516114 31.71060403769562 31.24653472674711 30.801204503262014 30.371357340544215 30.06397668787496 29.901108943278054 29.871274644522533 29.982198084365496 30.17206845690853 30.317107996943005 30.361163843716593 30.297545750493043 30.119731468579293 29.856339652171048 29.582435568324488 29.252801329896418 28.872361314477573 28.45642302489562 28.027140841496518 27.61475446075718 27.259125872114165 27.04413047289702 26.979470891624196 27.03251109287401 27.163602598804214 27.334294282465894 27.513670390730244 27.679569786878787
35.95861851972582 35.9787104273522 36.14804660855296 36.48180191702507 36.9956060688728 37.67637967608846 38.467935860870554 38.66754486315034 37.751150183152774 36.787661292261795 35.849720678141225 34.961318690716865 34.144871848426725 33.419537162092574 32.79078925019348 32.242713025572804 31.729690128372468 31.25798579967497 30.804619074178753 30.411522600723686 30.170003273520102 30.08286817336009 30.12303051726163 30.304505618989037 30.60659736864914 30.858766422258277 31.004572569814787 31.03828383261204 30.952971908043175 30.749166658280956 30.509750880384455 30.211994819378752 29.85560458295311 29.459800397766085 29.046662366826926 28.64002721908627 28.262935836202015 27.97391810970736 27.811602118510333 27.75524605121119 27.775414356554695 27.841245507092015 27.926516517360067 28.025096401066158
36.151545678049324 36.264789250554244 36.49981744422068 36.854777622540084 37.314547526973065 37.84710334136997 38.299049431065946 38.311044365991556 37.72240397558647 36.852288411169596 35.902294597781264 34.961324142490966 34.0890749776094 33.32967362855881 32.6947379080959 32.16354940302495 31.693213461041886 31.235322038670986 30.798789149350775 30.47078375940418 30.286265859381718 30.262124238694067 30.369126938943158 30.605610284419026 30.973910484804318 31.325568430329255 31.567047950886153 31.694140587008768 31.700153755209026 31.575323566544718 31.381989153322003 31.131921311439037 30.811554837444554 30.438390856139986 30.039529006838723 29.635211334696187 29.248875926115208 28.906986619008602 28.656143515153843 28.49734291639668 28.41067339930562 28.375027031115806 28.37609938517664 28.43367746017613
36.10690157286348 36.29056545764713 36.56538402481258 36.92076194179732 37.322730719652455 37.70085903453415 37.949834874129095 37.893066956545645 37.42755725240766 36.66026839772542 35.73096672150872 34.75594107273034 33.84055418380567 33.06955300110834 32.464235097387935 31.984905707441747 31.566317125128755 31.142219190706626 30.769847527654104 30.513153912213838 30.390461710264137 30.420444207182967 30.593069924140238 30.88298915176251 31.289322996356677 31.710048192090177 32.03924267670513 32.25169167410129 32.34023844066861 32.29384818571732 32.145903585896036 31.951401497222154 31.68308416903494 31.3549523882588 30.980458485683567 30.580741802140977 30.19316156091162 29.83064092706917 29.508058295798946 29.262833789326947 29.085786892705812 28.964410986519635 28.912182643267048 28.933255584968155
35.85155375909861 36.09156013961211 36.39478140189498 36.74958622171489 37.11965683105768 37.43386014023282 37.60091435011432 37.51641623900503 37.09752626510362 36.379151805889634 35.442733617286784 34.40234816729875 33.416081412616755 32.64437476980164 32.117253369000565 31.723243891271284 31.352174774117348 30.996883073340708 30.710530891132905 30.52671110259692 30.463922475923965 30.540545561198034 30.765748315263696 31.107586721455053 31.547501619492348 31.99583952042284 32.40454800447441 32.697513812695064 32.865785610134836 32.892708459991965 32.791415026381 32.6499085046629 32.43622915353191 32.157630470628604 31.825381770246103 31.459813211680927 31.07891597196637 30.70747041360104 30.353602800934752 30.03454469062934 29.78135515081459 29.607590914060744 29.513228368004686 29.497098877117402
35.415023471798754 35.703329580898384 36.031953315214096 36.40143209678312 36.78270562615638 37.11102556237696 37.29413500425563 37.2162187752061 36.8387368883678 36.146133356831356 35.170051170669446 33.996568035764 32.84294594395196 32.07119002895618 31.690644676110097 31.417725062516382 31.135281058840665 30.877359533011166 30.6520819772045 30.5225735361687 30.508648295862788 30.621478998042118 30.876090767324243 31.266612028782713 31.732408630210607 32.197179094959075 32.65743032182159 33.024384210644364 33.269967463236924 33.364839651255586 33.304521964000145 33.209784113038396 33.05517854895239 32.82951572057588 32.548625173303556 32.23043472084984 31.883389478596225 31.514980459442487 31.149407496983795 30.801913961593858 30.506306744822364 30.292310219452833 30.158380183361338 30.10355126526138
34.82514017522595 35.15253910246491 35.49948066278692 35.90477943398002 36.34913822641237 36.7639147465686 37.027425621863756 37.02424131619077 36.718955131807085 36.07949174156114 35.08273051792266 33.742679783176065 32.19500708958592 31.415256520678724 31.34328004395377 31.22572991823859 31.043590136854153 30.84679260770923 30.659989059780816 30.534125157571033 30.531872514924324 30.665602380024676 30.93575339672902 31.35312665504205 31.83061680330521 32.30653187322082 32.78958072242512 33.218424358726935 33.52368347312703 33.675075397564015 33.665918740003576 33.61580514938234 33.525986126445105 33.36276141030829 33.14201218238236 32.874006449608586 32.56742551489958 32.229566323089976 31.879007825996958 31.54886819188148 31.252102447497222 31.0034170935093 30.831304660003045 30.73661626915894
34.10555569024498 34.44389846490545 34.78094021283524 35.25470952158064 35.82803236658902 36.391752039320544 36.79880433296508 36.952608484484436 36.78401233393555 36.26468190874689 35.351338459332396 34.02863466903465 32.359795832285194 31.51835562678883 31.474003245154584 31.351193382460167 31.15531816667846 30.948169286433796 30.757902541256517 30.606060909048743 30.576915257982364 30.686946799638548 30.947805623511755 31.35720622025141 31.825231704538464 32.306715970057525 32.79844636443493 33.27010408279921 33.61799361476268 33.81805591573218 33.86985518540087 33.87044253398232 33.843577039171954 33.75372877693093 33.59486673177188 33.3805244320054 33.128183947687155 32.84883437377479 32.5502482587198 32.24452116774246 31.964583088388597 31.720256522866002 31.518872198822955 31.383835676349435
33.21678346240772 33.464720933585696 33.79141666040671 34.424051684773474 35.216476761631284 35.98398242327074 36.602154927031464 36.980975631045105 37.03664243264743 36.72304826150864 36.00266208526124 34.90046496822359 33.63458004303585 32.69950965683199 32.18962057424118 31.817607639744022 31.481431147406404 31.187539197803943 30.942104354412553 30.736613607261948 30.658332124745137 30.72638561966144 30.9525445593701 31.304150318855633 31.71579451550417 32.18344754063718 32.67803744403642 33.1762185918346 33.56607807145775 33.81346420486102 33.92170494714026 33.985019704222466 34.01659656392871 34.00417779290383 33.91941456209743 33.77707340243114 33.59190801906898 33.374556118312796 33.13249783552987 32.870932312043145 32.61016677376549 32.37956478705628 32.18529555116068 32.032437397221
31.56818044207878 31.857155518745163 32.42191009801593 33.39374370905247 34.485395709650604 35.517720166391406 36.399229200582724 37.060910043643126 37.423156383658345 37.3972592273505 36.929448970217734 36.02576275455943 34.91941128983851 33.90878084645538 33.11284745634384 32.47637324738278 31.952432581515833 31.528894140026537 31.19199319422283 30.91032907816258 30.76570517169554 30.779233874140193 30.95426390942 31.220814328984037 31.561896519343147 31.976023874818587 32.45557563517295 32.965896605379065 33.39203332721771 33.68777507439427 33.866568776582504 34.0090485860718 34.10650103329036 34.151409371273374 34.14035782118326 34.06829366862367 33.95033477286585 33.795953525984466 33.61161169230482 33.40186229620358 33.171824756496186 32.95586923245573 32.76986705531421 32.618300830136484
29.851632361098783 29.92225978702511 30.81195061399607 32.28490942675482 33.70446694572318 34.99801313556728 36.13894612919935 37.10244127057421 37.84292156443711 38.247057060651635 38.07733315878728 37.226697599838914 36.08202953584313 34.96229068621301 33.98590172994445 33.15661444202785 32.46774814147238 31.913673126100246 31.472853259347254 31.10393904825252 30.88429690205598 30.835912507328107 30.92037019045198 31.09360122254613 31.358887390751967 31.714218900534735 32.15220839407719 32.66150067776618 33.12803932868468 33.474885010753724 33.72856695334057 33.960760148430815 34.132033921881785 34.206490369067055 34.24359329536445 34.24176203547362 34.192559378038275 34.10269442618706 33.97718397031913 33.81980084144583 33.63319508129701 33.43377333547628 33.25630433997403 33.10582416443491
28.735664567175256 28.787891177502882 29.811125505502766 31.478496370853797 33.06695419062354 34.53262093231929 35.871808163610254 37.08549636957582 38.17281180418217 39.098563771620704 39.33875089721409 38.25918437114706 36.98933481628198 35.78534994257587 34.7078141463032 33.75923543642533 32.95124059682124 32.289568070273546 31.750154532059206 31.29467992017969 31.000099502474566 30.86571330690771 30.834465593082793 30.910093914020763 31.098043247131457 31.397936092389944 31.80195847673363 32.295290629490225 32.77511180609988 33.16019154959779 33.486263616067696 33.80208385341392 34.06371411263382 34.151691188637315 34.22507611498465 34.28493405683524 34.30872351832602 34.28571306886873 34.220138067509104 34.11534408782867 33.97369006233518 33.79962756229873 33.63113382769306 33.48190439737099
28.333712336347467 28.786133042470148 29.737833024988404 31.12909206672441 32.6515089956459 34.154318652877755 35.57603935134645 36.90447841803893 38.13467340498048 39.226447350215906 39.62993471779937 38.63727185882627 37.46191796301589 36.31252850422934 35.232331147025626 34.247059421533535 33.379844357212676 32.64730323083281 32.0235858063464 31.4889972005383 31.113385962058647 30.851860497103146 30.702937137421948 30.678040083190687 30.7871370991242 31.03293043259313 31.406628010438848 31.88821862113719 32.3671830379183 32.76105089622394 33.132029693728136 33.48469855668051 33.77125203614779 33.96187735081216 34.09996175375281 34.20853550082586 34.29211708937817 34.338078036626506 34.33308074728117 34.280580349725795 34.18294910402196 34.04140408651381 33.88243347960048 33.736737011557935
28.27204526795532 28.892935413111047 29.81597259167436 31.026196418048496 32.398305934300495 33.8241566928401 35.22469923515534 36.53297559088549 37.694174032424954 38.55476064200875 38.80337253763247 38.336564115136845 37.49419075837962 36.53508878658058 35.55861744636677 34.60818813512881 33.73781156330218 32.97402558156827 32.29002807407814 31.685567642661113 31.18782529301733 30.797910554968276 30.527435579698796 30.394503375690356 30.41869348550992 30.610625800291192 30.96123307313902 31.440363191188066 31.918318264980645 32.331476611259355 32.734820681519224 33.10886216595089 33.428502986219584 33.68310859543511 33.883819129270556 34.04351201420256 34.167866951577686 34.25808465593715 34.31063604034957 34.310423676704325 34.258671882128496 34.15877726509898 34.02716910129082 33.90724286043862
28.372987349426705 29.046671787938116 29.928517392167976 31.012890080934636 32.23869565104402 33.53150792502166 34.829845856258835 36.04843422148248 37.08723708875791 37.79685044255047 38.0412114448808 37.82512121654556 37.27233085153328 36.535767531204804 35.71475989351635 34.86302981806808 34.031796486502365 33.267303725438886 32.53731766240165 31.832464923546095 31.21964757507394 30.707159248799943 30.310550078398553 30.0572909729256 29.984871132024775 30.123205462919334 30.46505781675979 30.95799032672048 31.441790033701654 31.897896065985577 32.33954219978416 32.74538558199884 33.1004895887567 33.39919282974775 33.64525307024956 33.84550401059413 34.00483527647359 34.12546470313419 34.20776643008027 34.251029073251175 34.25093701518643 34.19887802985998 34.10316163039872 34.00969238047274
28.584866419697313 29.24631643072699 30.065834287760644 31.039099305725966 32.12796494551813 33.27937576488939 34.43737931747215 35.54020055216474 36.4751556789061 37.107077072929286 37.37450698485064 37.30700709322886 36.960869719725906 36.42152503310645 35.76324493581849 35.037578096194025 34.284753625778045 33.514868398302674 32.70740451895588 31.92379544277254 31.21619146512299 30.592226657603007 30.067671178477816 29.676041083727732 29.48160292763872 29.56383140351789 29.92623772315927 30.45873798486686 30.979396197704332 31.491081874188442 31.974443253809646 32.41472755637462 32.80363339813576 33.13848888875623 33.42132675923794 33.656157300003834 33.84652048060454 33.994775898242125 34.10187071534519 34.16761862851528 34.1911654857885 34.17114242328514 34.10859095326246 34.04167637746612
28.890016759326485 29.49622072638886 30.232765597084786 31.095100154134276 32.05450776407844 33.06986158321141 34.092308241847995 35.068305498778074 35.92313122100217 36.51385167251643 36.81038197581138 36.846786452271395 36.65182099478526 36.27504030942611 35.76531440151244 35.155419425366944 34.45022853921502 33.64652591435623 32.7830558230825 31.948753277643043 31.171202710443996 30.45629593540628 29.81360795439196 29.267537655671028 28.898103010766352 28.91733891112269 29.37704521221435 29.987306510966754 30.581816418989906 31.145644856519812 31.666562152601855 32.1386789920052 32.55805579917123 32.92358240997792 33.236469728711334 33.499190215273934 33.71434301858615 33.8839866533258 34.009468297080616 34.09151167250644 34.13036708422035 34.125935020249315 34.07776148376007 34.02000464101047
