_RESULTS/CROSS_VALIDATION_POSTPROCESSED_80-20/MHZ/TZ/4comp/2/MHZ_TZ_z_63_kriged_reverse_4comp_spherical_2.asc
ncols 100
nrows 81
xllcorner 5.5967107548124995
yllcorner 50.982328804812504
cellsize 0.00017565037499993607
nodata_value 1.7014100000000001E+038
[rows 57 to 75 of 81, columns 0 to 42 of 100]
1.7259097004951711 1.777262052745119 1.8501051852667358 1.9433810446390878 2.0499075547370667 2.160223752858663 2.271558781702688 2.3805581307652934 2.4831885032117307 2.5746507261526843 2.649320074525999 2.700841043291723 2.722641608770808 2.7092171656777313 2.658250436595471 2.572719571249635 2.4613151337390566 2.336429363199341 2.2094028515424604 2.0896929968900344 1.9802246462157707 1.8826943838276367 1.8015664711096442 1.7455193367235782 1.7126648624096943 1.70098116748449 1.709087005460706 1.7361864225537889 1.7819598899938143 1.8464174972618115 1.930862439811125 2.05153354911172 2.2082910542737553 2.3954407204975556 2.607893707597871 2.850553574970489 3.1183349976323154 3.401535575468913 3.672602551152551 3.801586878404196 3.753543704133916 3.5370510347499593 3.1886876273641658
1.7433867227575863 1.7978945834560758 1.874045148170616 1.9721667836694903 2.0906698020083656 2.218887325067253 2.3523287205817685 2.4882974378571063 2.623261945368954 2.7525454996895644 2.8698807136866473 2.9669114976267306 3.033036983110624 3.0565695520863865 3.028417833906364 2.9476330908450636 2.824402740954574 2.6769392655221447 2.5215955476322818 2.3676852718676042 2.2237562500282584 2.0945605030782306 1.9917635982789217 1.9187065310914238 1.8723817404287646 1.8503810257100652 1.8509664808614317 1.8730228128914617 1.9159405639625111 1.9794481110702251 2.063504196765121 2.184662725370113 2.3482359533013146 2.542561610809626 2.7682469013482014 3.0252578143243745 3.3042916288118533 3.593707755184857 3.8799344783688463 4.060300560173976 4.0569863748601716 3.8754568282003925 3.5484173953274314
1.761177786456016 1.8229274885845483 1.9053051959483143 2.0086830980801498 2.1344984442355965 2.280229529027119 2.436216235869721 2.600253442412747 2.769787094925322 2.9409845525616016 3.1078922096349877 3.261053911330938 3.3857115619782587 3.46107163755138 3.465007827855373 3.3875538225428707 3.240638194236238 3.05198595259811 2.8497021034166377 2.65235470142227 2.4692237416535754 2.3080947416867796 2.1831635127371896 2.0924892916863147 2.032400031107456 1.999959229001049 1.993017744959142 2.0101449369205486 2.050490465329611 2.113590157251013 2.201884410703445 2.332996570870036 2.5036759509529287 2.709667915515989 2.9544040964210834 3.2298639190290364 3.5238495805520063 3.821942803858533 4.109712434118188 4.343316360951157 4.3984998957524235 4.26778938436121 3.9768629427573177
1.7763990373935195 1.8440617468785534 1.9333447750523987 2.0449586438138825 2.1798345861440227 2.3389946327249094 2.51767784610553 2.7095234804830692 2.91381219124308 3.128664466206754 3.3499446645788895 3.569395222607879 3.770049067194657 3.9195687019069156 3.969268438873124 3.884242652039602 3.68725612565787 3.4354699586457613 3.1738819856892095 2.9261433513860733 2.7017094220072377 2.5109712599688296 2.3643775579699198 2.256751860040424 2.183545553067798 2.1412143394131338 2.1271919911204122 2.1397739319753963 2.177950349809504 2.2411903571914693 2.337332095254159 2.483654368174807 2.6722589978112103 2.8980544187528956 3.1663060510357095 3.4655071492410467 3.778937883579166 4.0875493509279055 4.375041809052999 4.630083473026087 4.755298494135627 4.691182635427173 4.456249152015979
1.7879851570626475 1.8598720424142476 1.9541260695124962 2.0717209515802635 2.213937353160195 2.3822723096305807 2.5782901883878178 2.7969531483595267 3.034157525928156 3.289983686123269 3.5632913900937058 3.8499552206624785 4.13793986823835 4.392542779396558 4.522722933568306 4.4155520734361975 4.129176330971668 3.792255075096182 3.4648615963246856 3.1666754503539 2.903067425685158 2.6877762909181304 2.522456793130506 2.4002526904069237 2.31574811982967 2.2648536236530745 2.244666938977477 2.2533018505153475 2.2896999834831187 2.35344350877539 2.4593508877823664 2.6217349849498315 2.84421372010744 3.1045520920870713 3.4016825467437046 3.731873790582373 4.071001066569146 4.391071600649612 4.672672503242831 4.911222921807341 5.092479593558257 5.108862370831345 4.9536919227878355
1.7951591366737998 1.8693723335937489 1.9663629438031325 2.0872534325264933 2.2335260270682133 2.406958910417004 2.6095547936919483 2.8434489271643058 3.1052554166281636 3.391825660852114 3.704702346023502 4.044931036208494 4.411646177318904 4.7950664572272075 5.108818901570093 4.924031153142535 4.487513434751371 4.064783775832032 3.684158890684932 3.348322968699738 3.0565943150860484 2.823093611570715 2.644500253551221 2.5118945533516275 2.4190852198873776 2.3616881421837825 2.3366458343121157 2.3420280312451722 2.3768470906472183 2.4416397457775116 2.556995577973981 2.741953484688308 2.9993807628205937 3.3058084250765356 3.6524359430340834 4.025050763129096 4.400545047573369 4.7320912283281205 4.993932073392455 5.197748301493781 5.365304187422913 5.4672692723079575 5.416511816298886
1.7974910032788671 1.8720105982377304 1.9693266669746368 2.0905720948465074 2.2372446091821256 2.4111456356670926 2.6143132967883433 2.8489399007265552 3.1172288134148034 3.4187374486555795 3.7492868012945935 4.110169647667929 4.5023204847111264 4.922487195098455 5.313002179513679 5.0974846646688885 4.627957106792959 4.1895902282557875 3.796620462322526 3.449049616774818 3.1471532565574165 2.906155708713583 2.7205804626339014 2.58233894728141 2.485052743122167 2.4237282153142603 2.3953617962707225 2.3981330207599165 2.4312173801492993 2.498061095232066 2.627957667734349 2.8346705474887464 3.1223757150025526 3.4707823189893268 3.876041739078026 4.32399836086264 4.765108545050313 5.108425592234775 5.318547835091745 5.458795465586682 5.58034972757793 5.702428112368182 5.772758723441864
1.7949330801376857 1.8677224164517594 1.9629277563998453 2.08131918829721 2.223204316453356 2.3904172402821007 2.58514741515375 2.8096135044943855 3.065812268920213 3.355071425232689 3.6770197365407133 4.02356164429404 4.381396562469574 4.715128803280431 4.916357792705152 4.823295388591535 4.513090292340355 4.147078898912369 3.7893376981596854 3.459392750876734 3.166667054263876 2.930403844327447 2.7462534670162007 2.6074187709981103 2.5084804096339046 2.445344120365479 2.4150998708223104 2.4158185816931854 2.450519902381267 2.525487614731673 2.667153052688169 2.8892612725696867 3.1969967369614896 3.5738298567798656 4.023859306853201 4.548406933746621 5.117774713996988 5.5010992831218815 5.591731107133962 5.6445659692970445 5.717199191818797 5.815662259218675 5.939362468785319
1.7878248911811438 1.8562172590579284 1.943976788696079 2.0522079414465266 2.182368049594694 2.336105996987994 2.515129695119163 2.720965491755512 2.954534335836273 3.215497501046923 3.500801430947135 3.8018500456324844 4.09888462826481 4.348427941335725 4.481894742043145 4.44229463053991 4.250108130572129 3.9754533128319225 3.6771906489090416 3.385234084273714 3.1167135116392375 2.8955170291779244 2.720329524725528 2.5863610453157513 2.4894395636898654 2.4263473907237207 2.3970524596676186 2.4020428045505975 2.4422745821421246 2.522758229244953 2.6702125083730617 2.8987507966496953 3.211080041524451 3.592972959388039 4.051656093042035 4.594726420717998 5.22161748083417 5.635855472090564 5.654086818885131 5.681997207203988 5.736325540639203 5.818724215574318 5.92961911163556
1.7736514606868623 1.831355118034746 1.907147145386811 2.001872134083474 2.116597330398691 2.2525124187612673 2.410767553573289 2.5921653242321923 2.7965969568666127 3.0221721392483927 3.263755144933177 3.5106164957563095 3.7431188863047207 3.9300284364312423 4.032802507292328 4.02455645778104 3.9101989733621125 3.7201971963317164 3.4887327244657977 3.2428653784484265 3.0067000727409585 2.807118629791741 2.6464711536176817 2.5228802325068402 2.4342572076307025 2.379028238079511 2.3564015469140944 2.366517827357594 2.410569872390923 2.492982253269463 2.6396605076147663 2.865015437380358 3.1650004842266646 3.5268844339154106 3.9525982096183827 4.4334824819670136 4.9205782020583655 5.270268419643293 5.425723842811601 5.507889240434075 5.581305396557652 5.6643567197453875 5.760509703653771
1.7486437625067166 1.7936488128969645 1.8553300013329828 1.9341681360646172 2.0308474889243247 2.14613482143091 2.280669286856423 2.4346171041063003 2.607127211340993 2.7955074979675563 2.994049063447329 3.1925392640598593 3.37492858149242 3.5196128094157224 3.6038022314588787 3.612497597775527 3.54604835022094 3.4186256971328133 3.2498397238587633 3.057657700863824 2.858413119707758 2.6851098229698205 2.5448698749487146 2.4369159944536745 2.360217421264456 2.313982112154547 2.297950290599895 2.3125800572889728 2.359177715926623 2.440974127797726 2.5815188323006737 2.7953491398900687 3.069091799774331 3.393209090684743 3.7629145844329073 4.160434111105307 4.543082154575016 4.848254174148684 5.049557869462719 5.179343387637548 5.276055299424468 5.359638809470817 5.434632702701691
1.7154354379104324 1.7462703785242808 1.7923101664611907 1.8536981226392606 1.9307798998618533 2.023974999636512 2.1335638367677876 2.259355327804092 2.4001979513535945 2.5533102812511954 2.713459454679457 2.8721553907917046 3.0173086336651176 3.1341526058106814 3.208179489586867 3.229583327580339 3.196684189186853 3.115784965056338 2.997893564658497 2.8549896299591935 2.6982544011143528 2.5516687899187445 2.431047556150852 2.3384034345890754 2.273452042446615 2.2359842111095514 2.2261416776377416 2.244598053775959 2.2926759708487285 2.3725172429831685 2.503078605881714 2.6977853636429914 2.937693831680027 3.216533050922349 3.526492384273075 3.8505059579397116 4.160227635241119 4.423898289155003 4.625319681490125 4.771423058356179 4.87850166149114 4.958304813368561 5.013299298863722
1.6766206417944258 1.6922583426930042 1.7217060068490977 1.7648255363151861 1.8217089659662227 1.8925553385518736 1.977472763682413 2.076181227297629 2.1875999846818117 2.309329624542751 2.4370963170442974 2.564327255065573 2.6821605199693392 2.7802673093782393 2.8486698570906537 2.880125443714323 2.8719716697697915 2.826417165930692 2.7492821205376803 2.648110998244969 2.530573886834701 2.413810944755586 2.3123353826934148 2.2337296164744123 2.1796663757602985 2.1503066829905917 2.146053702091407 2.167704710580035 2.216544000598384 2.29437442924583 2.4130833554597544 2.582579140665522 2.7860426676434957 3.019229452514107 3.2740960261234004 3.537071197933867 3.7896560448972423 4.013190221831424 4.196170739127582 4.337338955861718 4.441513926032568 4.513191810681092 4.552466546727768
1.634809313875839 1.6346217281183486 1.647042874388171 1.6717189647103332 1.7085809785128219 1.7577347145143756 1.8192848406569004 1.8930744021431478 1.9783346580301786 2.0732701918045264 2.174653833718249 2.2775694614551383 2.3754936102011563 2.460893175062308 2.5263640362131485 2.566041896634845 2.5767583155858014 2.5584619390466585 2.513812730542934 2.4472650388715547 2.364072428291372 2.2741969334314196 2.1945391269828165 2.128786628669664 2.0843575006483324 2.062204389141327 2.062873542214999 2.087218905387055 2.1364706678658316 2.2122500237300127 2.3192140114758897 2.459450393439977 2.6270959624280947 2.817738319403363 3.0242172919036814 3.2362349273126436 3.4412327559720604 3.6269509725068767 3.7845899138739174 3.9102460090859 4.003536906962316 4.064782940722969 4.092677336335577
1.5926268201410556 1.5763096607309326 1.5716720401798703 1.5782041101074027 1.5957566687251852 1.6244480100134715 1.6645093374790039 1.7160499096445954 1.7787393548641945 1.8514379421545963 1.9318510762509091 2.0163252804491454 2.099915035395652 2.1768084455749235 2.241091898589845 2.287683388914272 2.3131513543813083 2.316156225794272 2.29741561813207 2.259291048009836 2.2051972937489728 2.140009578578479 2.07955571636779 2.028668162345319 1.992470952978308 1.9765438506281086 1.9814948364258704 2.0081945781924437 2.057829022453898 2.131909861095046 2.2249911076313205 2.336519126084931 2.4706865938087654 2.623151223738206 2.78784272510611 2.9569224137636394 3.1214384335547956 3.2726828546026225 3.4036883257630817 3.5099746950591753 3.5891142114954833 3.639543749288289 3.6594489473719203
1.5526797985063892 1.5201558182950048 1.4986959030540383 1.4876758706298499 1.4869233428344393 1.4966439730900358 1.5172858478664268 1.5493155470859605 1.5928982760600525 1.647517478328554 1.7116233472662268 1.782431563258178 1.855975177012547 1.9274467063974918 1.9917808992517743 2.04434941651256 2.0815942112650383 2.1014425558057646 2.1034247145429683 2.088516164071785 2.058797267479936 2.0170397823966963 1.9725069089774439 1.935806633885038 1.9082483436393058 1.8976042816421674 1.9062836546764161 1.935156083270759 1.985385552277042 2.056651821378521 2.13484336984636 2.22010227110794 2.3238300374891505 2.4426700827608423 2.571514590028981 2.7042662945601044 2.8342540769886524 2.9549633216901845 3.06080107423328 3.147526657617429 3.2121646666084502 3.2525519581036786 3.266877529834967
1.5147706525727045 1.4688729390899564 1.430963549084452 1.4031060125293409 1.3851304766437114 1.3773715279662797 1.3805545729334499 1.3955724210551876 1.4231271402059997 1.4632779864108638 1.5150245420887267 1.5760899797314483 1.643001752897278 1.7114470403859696 1.776798999842713 1.8346909417388837 1.8815273743135488 1.9148447458051652 1.933473170232362 1.937499397597146 1.9280734122679828 1.9071213303224726 1.8780613226802922 1.8530267465576697 1.8351941376711862 1.8290397249652333 1.841012258352166 1.87201970363851 1.9230596594723344 1.984695445418648 2.0493358750250623 2.114925687109746 2.191355967124584 2.2808346139438314 2.3790104698756913 2.4810050715896668 2.5816556832573068 2.6759154889777674 2.7592707881561234 2.8280112839337237 2.879270878154278 2.910895916271752 2.921296863172631
1.4769611439492303 1.4238347230198096 1.37113141617573 1.3271335169948497 1.2929237130362667 1.2689706166462311 1.2563169367640459 1.256362105597689 1.2704291209574767 1.2991511986162867 1.3419004410469675 1.3965517290698666 1.4596863921204326 1.527082555211458 1.5942735907592362 1.6570483043707518 1.7118501295485116 1.7560573402809099 1.7881296348891196 1.8076178702497285 1.8150531186124517 1.8117472781491013 1.7995433433213623 1.7842440102728698 1.7751134797104045 1.7739700923758681 1.7889317655660528 1.822166975913678 1.8679285816152702 1.9179941092460795 1.9704561592381524 2.023099466748904 2.0765338191763814 2.14041501186913 2.21233888843393 2.2882794582677013 2.364106941034425 2.435807971464666 2.4997237078639025 2.5527282519264323 2.592306925533654 2.616554518940595 2.624159127171961
1.440878860103834 1.38147838580037 1.3208827835127093 1.2622240848569188 1.2125605470991438 1.1733468949799621 1.1459574651978892 1.1324199702803106 1.134884655828266 1.1546843755523726 1.1914078201692202 1.242649211494235 1.3045520124181706 1.3726245699891348 1.442380189222179 1.5097358812062418 1.5712644653448655 1.6243648258995182 1.6673610634709315 1.6995212076918103 1.7209921367359788 1.7326610049672515 1.7359635251347902 1.7326995771732363 1.730704703163624 1.7351650251653064 1.7529468382141338 1.7831920645330372 1.818845872479629 1.858342416303459 1.899939776457521 1.9416985791563688 1.981512512962317 2.023066590337377 2.072412758897604 2.1262141598239523 2.18106041483432 2.2336824756622176 2.2810902492078675 2.3206914486629477 2.3503694132213147 2.3685246058020186 2.3741051089462775
