_KRIGING/CROSS_VALIDATION_CLASSIC_80-20/MHZ/IZ/train_1/MHZ_IZ_1_train_z_710.asc
ncols 100
nrows 81
xllcorner 5.5967107548124995
yllcorner 50.982328804812504
cellsize 0.00017565037499993607
nodata_value 1.7014100000000001E+038
[rows 36 to 53 of 81, columns 0 to 39 of 100]
0.012553347037441837 0.012873579317325402 0.013030314504856189 0.012938584009919447 0.012518533156513901 0.011704674843441277 0.010455410406994287 0.0087620632660283145 0.0066566229693093386 0.0042173483085339129 0.0015713305556314776 -0.001106898466192708 -0.0036015585026728421 -0.0056672339919831179 -0.0070460941561573849 -0.0074902406726802991 -0.0067878467174320063 -0.0047908111275195876 -0.0014407985006315051 0.0032100237049943574 0.0089873072765047808 0.015595093774234754 0.022630584677117666 0.029613252894172094 0.036026296620242301 0.041366315853073821 0.045195393202234882 0.047188853854849749 0.047172116587881688 0.045141293684140174 0.041264399234911903 0.035862827854942214 0.029375678489562896 0.022311994428944357 0.015197621145739013 0.0085238712025600492 0.0027044823540718181 -0.0019543547144255762 -0.0052684719320121864 -0.0071748023212347065
0.0096365269834815144 0.0098657327549253222 0.010006295471089072 0.0099803228037018028 0.0097102845552938417 0.009127368836612821 0.0081803289476928727 0.0068441162644580326 0.0051275567933652226 0.003079299931673312 0.00079124081340304839 -0.0016013915224542714 -0.0039240390788159059 -0.0059715098108854454 -0.0075216307839486747 -0.0083536039300171998 -0.0082701058241287616 -0.0071213655335616056 -0.0048286748775695949 -0.001404205872672374 0.0030361889454565104 0.0082701909312934037 0.013978323451228392 0.019765969449269383 0.025196880502769654 0.029835041237076341 0.033290102650718037 0.035260564883698553 0.035568741421056232 0.034182387285817628 0.03121964363320676 0.026936366748167895 0.021697550524088925 0.015936936091115867 0.010110589958189713 0.0046509200860844271 -7.2812768745232626E-005 -0.0037828244743797583 -0.0063073838680809922 -0.0075813726754681114
0.0070115514993163812 0.0071554727853512905 0.0072785656227406063 0.0073095861211007855 0.0071732819412136488 0.0067978798580952786 0.0061232667417020874 0.0051092114962739237 0.0037429488872499465 0.0020454364256354655 7.5587465517234359E-005 -0.002068219811272743 -0.0042500315754425873 -0.0063021799510133598 -0.008035468069937008 -0.009253645313295613 -0.0097715884039903771 -0.0094359277837121301 -0.0081461517000054016 -0.0058736216728007724 -0.002675603375241007 0.0012984956471366986 0.005810891114796702 0.010550285019078901 0.015157399159472094 0.019259041197279492 0.022506967015980265 0.02461664404924294 0.025400580759430181 0.024791331076407037 0.022850604176868659 0.01976292012632171 0.015814605227616341 0.011361184323883059 0.0067879731344538535 0.0024695746614448247 -0.0012661148302940892 -0.0041648334766164335 -0.0060610209355674467 -0.0068803430020162107
0.0047347714502851794 0.0048017656976108263 0.0049077110850180954 0.0049875792715518667 0.0049684638124417417 0.0047762512540937378 0.0043431633984742195 0.0036155708720464579 0.0025614625412152085 0.0011769636314239822 -0.00050869541487534933 -0.0024303567300825342 -0.0044868532746318197 -0.0065442216846079877 -0.0084426412072098438 -0.010007278733071941 -0.011062813166172216 -0.011450860780919749 -0.011048885344460784 -0.0097885595200455471 -0.0076710892037076574 -0.0047768696802293793 -0.0012671327853222385 0.0026239788057878556 0.0066072548236051389 0.0103650154480916 0.013583755322821096 0.015988842541534671 0.01737655540334471 0.017638779694996377 0.016776563462528735 0.014900329343357614 0.012216607238830227 0.0090032904234092388 0.0055772236290772964 0.0022590520096257768 -0.00065951348877709565 -0.0029415479393680721 -0.0044208551397013907 -0.0050068579465912082
0.0028358273477157962 0.0028360176511110606 0.0029265084322580397 0.0030480861594167734 0.0031303681846335633 0.0030977269376356135 0.0028762358547542548 0.0024010880408816375 0.0016239333789129888 0.00051960421750786231 -0.00090827623152782769 -0.0026233054659059903 -0.0045544541193640771 -0.0065968961974333558 -0.00861602389888581 -0.010455024047807581 -0.011946118561141358 -0.012925133976057417 -0.013248490493306949 -0.012811066379147303 -0.011562822677506173 -0.0095217167927505141 -0.0067804365582561192 -0.0035049478614681655 7.6216093231471632E-005 0.0036916798207147113 0.0070542241160618489 0.0098919186015823286 0.011979249370797643 0.013163756424286636 0.013384139601348283 0.01267700171610742 0.011171178742316979 0.009070628355875663 0.0066287141118143867 0.0041180619759634829 0.001800717871908334 -9.6993311875039762E-005 -0.0014016227595485195 -0.0020001358571916858
0.0013205003423892407 0.0012649090582358517 0.0013426105476220633 0.0014998500437975286 0.0016690277789152656 0.0017739574224382541 0.0017362691374983134 0.0014824555266392363 0.00095106243618823735 9.9564634329928764E-005 -0.001089497361971576 -0.002603538350429941 -0.0043965644549740675 -0.0063879466968031103 -0.0084639061737074965 -0.010482262488070559 -0.012280839094034292 -0.013689582769359745 -0.014545935937760015 -0.014712350563710532 -0.014094158120637589 -0.012655462852150755 -0.010430471002091473 -0.0075278461392559691 -0.0041263587978761541 -0.00046124080690130784 0.0031978938066464478 0.0065751942125850428 0.0094191671171817322 0.011531399678152632 0.012789135783700879 0.013158274550166636 0.012694878259815263 0.011535188230681743 0.0098760728099946422 0.0079493825177930858 0.0059945533863746524 0.0042338203993598153 0.0028536005133532084 0.0019941715271198056
0.00017551599878546861 7.5258870636928793E-005 0.00014331767397616699 0.00033107858509241403 0.00057402203551818951 0.0007964024648517247 0.00091716869664447073 0.00085666541475918831 0.00054366709709917013 -7.7655321809023264E-005 -0.001041188817743028 -0.0023531019344581912 -0.0039872409213210121 -0.0058822088347075425 -0.0079407583547038176 -0.010032197401092551 -0.011998447613755039 -0.013664145378864189 -0.014850704954564958 -0.015393600863760151 -0.015161364784128228 -0.01407408148274741 -0.012118691967545722 -0.0093583435117588591 -0.0059334804344773236 -0.0020533589965648739 0.0020219195082353085 0.006007165531668985 0.0096224847180091978 0.012624105349320323 0.014831156188416589 0.016144416738617679 0.016554343506999861 0.016137488081540436 0.015042404708344143 0.013467892090520012 0.011637572230075235 0.009775155357814147 0.0080842297224327647 0.0067351852623963003
-0.00062564275636793967 -0.00076004836671255196 -0.00069853310109742675 -0.00048486735689858354 -0.00018020173797008224 0.00014112171573189489 0.00039706963294354122 0.00050430539409586014 0.00038505782527893315 -2.5879910798321665E-005 -0.00077431832512671675 -0.0018802975263575335 -0.0033325302739571246 -0.0050841617211206565 -0.0070505206414040768 -0.009109678333956147 -0.011106652784532 -0.012861916065647749 -0.014184433697018339 -0.014888794083746295 -0.014815154288495485 -0.013849884927905048 -0.011944138304940285 -0.0091272912515561709 -0.0055124806196602781 -0.0012923087635077109 0.0032758301872412819 0.0078936794341370083 0.012252523788434656 0.016066000960300631 0.019100635690754628 0.021199644299774934 0.022296632329819131 0.022417532852604342 0.021671163903876606 0.020230704308363722 0.018309805760767368 0.016137696835171654 0.013937386462701786 0.011910025722253159
-0.0011168826155686269 -0.001276065561000312 -0.0012185561146276121 -0.00098358003337402702 -0.00062868015248822642 -0.00022593498231828282 0.00014318129886285377 0.00039390383535038362 0.0004448724262543606 0.00022510485991806758 -0.00031900547964499107 -0.0012169145848012104 -0.0024676996160535487 -0.0040348660825324685 -0.0058428951067711378 -0.0077764322969465262 -0.0096831032902828483 -0.011380817530320258 -0.01267002683008819 -0.013350731744432572 -0.013243146119526632 -0.01220998601495955 -0.010177549160540058 -0.0071523173312133918 -0.0032299293478628803 0.0014058761085418738 0.0064954107007331556 0.011725614856237496 0.016760598401369082 0.021276173999730408 0.024993548841745209 0.027707336235821074 0.029303949377397807 0.029768087679553096 0.029177094702927939 0.027685032271553982 0.025499954939040802 0.02285875672266752 0.020003939826323536 0.017165761737301374
-0.0013344449068859073 -0.0015105742169469645 -0.0014555464770099787 -0.0012043615253703628 -0.00081079500771845739 -0.00034394872800157586 0.000116583142174536 0.00048656187551205862 0.00068361592744288144 0.00063413178724306893 0.00028030137247021455 -0.00041288838075352954 -0.0014510204225560881 -0.0028044431069710225 -0.0044040159831432897 -0.0061393611365358376 -0.0078607041202618001 -0.0093853078372288894 -0.010509136672135846 -0.011023717981396671 -0.010737254188676808 -0.0094980257945257683 -0.0072172244422455782 -0.0038878019934764606 0.00040407929814543012 0.0054777467385612212 0.011068316471606266 0.016848282078813549 0.022458179244092383 0.027542449688386764 0.031785570942679892 0.034943328218481798 0.036864861986785707 0.037502704248473073 0.03691010741167175 0.03522714547748601 0.032658882271818297 0.029449992131158995 0.025860382311669098 0.022145601679025042
-0.0013132327179138543 -0.0015002616862459968 -0.0014475551861791898 -0.0011862371276528012 -0.00076625010539676033 -0.00025317276470894837 0.00027635209727281881 0.00074022655372922228 0.0010572110464905464 0.0011536760610723167 0.00097059032848729673 0.00047055424911228091 -0.00035539597513355517 -0.0014816743323840149 -0.0028434406950681619 -0.0043342853388600062 -0.0058074405299916344 -0.0070816083109824686 -0.007952152753164677 -0.0082077450666456046 -0.0076516240970234857 -0.006125583429469967 -0.003533831700088242 0.00013676134719390123 0.0048036060120863096 0.010285501033821993 0.016311626150153569 0.022542369556957185 0.028599979090669889 0.034105257266283065 0.038715328627707574 0.042157178087408556 0.044252301502858221 0.044929325042970522 0.044223543742524782 0.042264577059922703 0.03925528043175304 0.03544629551359027 0.031110930604341995 0.026524400879285554
-0.0010847803520120554 -0.0012785525285096029 -0.0012295862018767874 -0.00096551265573381964 -0.00053246812100206722 7.8740647764911909E-006 0.00058264612726456264 0.0011131647652028002 0.0015210255995627524 0.0017346585042353306 0.0016961554138292083 0.0013681955727944221 0.00074081281031641508 -0.00016243662997191335 -0.0012796106611833898 -0.0025077981999323574 -0.0037039693367921823 -0.004690385423630445 -0.0052653778695320348 -0.0052196622392263504 -0.0043574344606891642 -0.0025204339918350367 0.00038783553022609871 0.0043812186427181106 0.0093769870038874804 0.015191983085614428 0.02155070780745268 0.028105483318303957 0.034466843757059371 0.040240485329925829 0.045065833160484792 0.048650856085062658 0.050798312781070984 0.051420064806903393 0.05053816637663118 0.048273718717078931 0.044826493331539735 0.040449674908918494 0.035424488216678228 0.030038891055361172
-0.00067679476007908093 -0.00087502649842501404 -0.00083285811929988476 -0.00057483796971698545 -0.00014340169271855399 0.00040392018737179722 0.00099863600586154108 0.001566439852552403 0.0020330592293884113 0.0023305560173034305 0.0024039007563023233 0.002217657559124158 0.001762542563639679 0.0010614389071976586 0.00017419143126205447 -0.00079976799784792565 -0.0017220993577746514 -0.0024206620671640873 -0.0026998804746891127 -0.002356579300505663 -0.0012006037274374694 0.0009215095263606192 0.0041025389475585587 0.0083536910718743675 0.013590426576927054 0.019628119405033329 0.026189501035045627 0.032924136902888188 0.039438226579908989 0.045331192852602523 0.05023421612675559 0.053845385232301549 0.055956617185350818 0.056468884941557232 0.055394322244940147 0.052846041688134129 0.049018543735471182 0.044162995095028149 0.038562135842101754 0.032509052504738595
-0.00011392218899299381 -0.00031607635510282409 -0.00028529589975477901 -4.3468444035094783E-005 0.00037050759808769304 0.00090336742994208061 0.0014914133809283796 0.0020654179133483934 0.0025561902687334485 0.0029005644764328424 0.0030476350689533742 0.0029650889980144916 0.0026454162940366503 0.0021116127325440208 0.0014217380753211266 0.00067142709853717716 -6.7367878177244933E-006 -0.00044807728790742865 -0.00046572999406887042 0.00013416902938656258 0.0015326368005761197 0.0038749795429108523 0.0072475241100234782 0.011657252759325141 0.017017847296177186 0.023145203558181355 0.029764369222852003 0.036528218848391664 0.043046283039331112 0.048920359119728349 0.053782227806919838 0.057328287076259185 0.059346339807304666 0.059731087013695519 0.058486839034875657 0.055718172698342117 0.05161128187691974 0.046410178925617759 0.040392419701114388 0.033848547506587209
0.00058078200779127995 0.00037371741306139669 0.00038725620624997445 0.00060175460186427318 0.00098165508955231837 0.0014780002444456479 0.0020321651573344916 0.0025804967167485753 0.003059560249202297 0.0034117564846177888 0.0035911418676566435 0.0035693130377108077 0.0033411606870964276 0.0029301425807726315 0.0023924903197466811 0.0018195089998500301 0.0013369441100385508 0.0011003783548113287 0.001285868683477253 0.0020755798877734703 0.003638983397499667 0.0061111543010183948 0.0095706307766490091 0.014019974221004209 0.019372373735938437 0.025447233231521444 0.031976639979245408 0.038623061202844602 0.045006807027370865 0.050740080702936605 0.055463173302884181 0.058877843396459156 0.060773301527920265 0.061041455676962633 0.05967994030557297 0.056783578459698975 0.052526880743268431 0.047141564862005172 0.040893600709248315 0.034063842638791926
0.0013842526850644347 0.0011700671647938803 0.00115965790194043 0.001335232040310063 0.0016643669439021062 0.002102403390404111 0.0025959695329419823 0.003087331744907839 0.0035192802261694682 0.0038403192158162174 0.0040100036618072148 0.0040042984075626224 0.0038207920081042672 0.003483457796672567 0.0030464368416677177 0.0025960758207199224 0.0022502728602306031 0.002154163341012174 0.0024713983033773194 0.0033707695928408103 0.0050086902974391216 0.0075089410973795366 0.010941969814258923 0.015306672443422532 0.020517789268282783 0.02640168360942154 0.032702308541273484 0.039097719165992278 0.04522579330004052 0.050716206115969414 0.055224505662697598 0.0584636343752412 0.060228580997359948 0.060410996228834002 0.059002355073654672 0.056086254049447642 0.051822283773719155 0.046425233757570752 0.040143890937847433 0.033243277538999888
0.0022721837810067806 0.0020478123757601656 0.0020064163599109557 0.0021317016487132183 0.0023941833783912118 0.0027534638643549707 0.0031615376021218271 0.0035668277673387254 0.0039186711183501581 0.0041720305784812665 0.0042922894407387384 0.0042600224625077669 0.004075607735754893 0.0037634208476375434 0.0033751534699066298 0.0029915719859941563 0.0027218572392328604 0.0026996353896648582 0.0030750009836459612 0.0040022854595933265 0.0056240138310686243 0.0080523234107107329 0.011349931662615598 0.015513340662746056 0.020461166873159648 0.026030159524128394 0.031980593589591697 0.038011394191202724 0.043783787022021403 0.048950773043079668 0.05318861104662051 0.056226017405743484 0.057867094602542468 0.05800505307778614 0.056625404438869625 0.053799160276168295 0.049668291136504353 0.044426926354429894 0.038302246481560095 0.03153862840203718
0.0032185010825031383 0.0029804376700538308 0.0029012678801017926 0.0029658979541555656 0.0031476048790452342 0.0034102024850176486 0.0037111172241929107 0.0040050869277391925 0.0042482102427894679 0.0044021382774032496 0.0044382781346875393 0.0043419271308964939 0.00411623827086997 0.0037858128463818634 0.0033995356684824139 0.0030320571092839164 0.0027831565849338151 0.0027741796062512418 0.003140899618247605 0.004022554828673832 0.0055474300066368186 0.0078161079439611654 0.01088425978590964 0.014747399241777859 0.01933022132551317 0.024482863551241189 0.029985641329530733 0.035562609009848339 0.040902881491513166 0.045687290166998337 0.04961692875001493 0.052439705696088273 0.053971286035381136 0.054107755050624526 0.05282879826638201 0.050191878523023842 0.046319456428980929 0.041382416784576416 0.035583289089792372 0.029142482516686153
