_KRIGING/CROSS_VALIDATION_CLASSIC_80-20/MHZ/IZ/train_1/MHZ_IZ_1_train_z_90.asc
ncols 100
nrows 81
xllcorner 5.5967107548124995
yllcorner 50.982328804812504
cellsize 0.00017565037499993607
nodata_value 1.7014100000000001E+038
[rows 0 to 18 of 81, columns 0 to 41 of 100]
0.51769648846404437 0.48829222235927816 0.47132340530712924 0.46868473821855006 0.48104461672296239 0.50755172155462092 0.54569657935046678 0.59137611699481341 0.63918413637590732 0.68291736737382103 0.71625031792159632 0.73349893369214236 0.73036975689705586 0.70458335484024481 0.65627135214197374 0.58807515062658233 0.5049174144915326 0.4134675692273585 0.32137100412779518 0.23634943088139793 0.16529985489436705 0.11351821316889421 0.084151515242136488 0.077943961869983203 0.0932956530654937 0.12660598899958686 0.17283582555359012 0.22619858140014693 0.28088315475354098 0.33171960030703584 0.37471822131780386 0.4074387461109118 0.42917316749176238 0.44094923100037431 0.44537873652540239 0.4463848229918731 0.44884575935518101 0.45819091831060199 0.47997940360417346 0.51948507498597529 0.58130508891538668 0.66900387040178366
0.48996761387465526 0.46263415410939956 0.44998978543852985 0.45421407541286485 0.47611532491303621 0.51479676003500174 0.56749241168476516 0.62962646714082837 0.69512253220315501 0.75695280607124282 0.8078771067394338 0.84128501055090077 0.85202839338695668 0.83712246408105806 0.79620437204276329 0.73166936592150578 0.64845100182624293 0.55346636141649797 0.45479995538650642 0.36074123648162726 0.27881275485016943 0.21492501614446369 0.17277069841858961 0.15353008578032246 0.1559095989080258 0.17648562688394265 0.21028513978843855 0.2515088434901519 0.29429439182472372 0.33342521131070157 0.36491077507462866 0.38639111091041933 0.397346284934189 0.39911600075807219 0.3947524797603591 0.38874047175691573 0.38662211884722553 0.39456293370947748 0.41889023366725386 0.46562888840716454 0.54005290811837903 0.64626666908103225
0.47037555010438326 0.446261897514039 0.4390764245670421 0.45125553738871915 0.48372557180727072 0.53553136376385979 0.60364809756192017 0.68303556871237803 0.7669646150830306 0.84760613812062602 0.91682973420293223 0.96711906759655009 0.99248265792965917 0.98922833156147505 0.95648092007858765 0.89635561124496121 0.81374908683844283 0.71576895946401919 0.6108786412925965 0.50787921476539311 0.41487391620354075 0.33836028850090216 0.28257062035546909 0.24913834855322314 0.23711538967642121 0.24331292746589128 0.26289512636564638 0.29012791399119398 0.31917592083585966 0.344848603427793 0.36321726026383516 0.37205227363217752 0.37105862372639209 0.36191283466775659 0.34812315614494882 0.33474598245990006 0.32799580700922093 0.3347848983965146 0.36222426974787514 0.41711134672657846 0.50542383666666979 0.63183524462244212
0.45941790139622996 0.43950252283280478 0.43863764320171683 0.45947278398821567 0.5030195645156087 0.5682474015682476 0.65187458036748069 0.74841852211408366 0.85053791790253463 0.94965753483804705 1.0368201669907231 1.1036674802569317 1.1434208430341579 1.1517217162891464 1.1272028007824497 1.0716956520845118 0.99003302251465108 0.88946600447165836 0.77877608751426941 0.66720945171374624 0.56338652257303778 0.47433959622231925 0.40480599263791384 0.35685940782649361 0.32990710710462878 0.32102585008657869 0.32556446461437816 0.33791235655946938 0.35232354171049896 0.36369362992501231 0.36820815090419512 0.36380869080790312 0.35045251272266331 0.33016689205270666 0.30691841830654643 0.28632903037525737 0.27527512636525497 0.28140523477035029 0.31260738715820857 0.37645150726335797 0.47962674986463238 0.62739051103002652
0.45687369863408123 0.44185537425474408 0.44778823826312675 0.47747755214445775 0.53197846426097783 0.61016544401314932 0.70850737385895102 0.82111590509034216 0.94010206081019831 1.0562321151481671 1.1598250256919345 1.2417886363441832 1.2946594079757405 1.3134980382908141 1.2965052381288702 1.2452578927081648 1.164520762897161 1.0616535662871529 0.94569613353656223 0.82626379069226374 0.71241211437991148 0.61163017685721244 0.52909521612197097 0.46727532062159682 0.42590980039517057 0.40234034249721973 0.39211961968731501 0.38979445326006801 0.38975050761071472 0.38701331502004532 0.37792159859390673 0.36061722959263787 0.33532562185688619 0.3044261189515024 0.27233108250067872 0.24520400315483137 0.23055162081657088 0.236724298843484 0.27235472383282844 0.34575948644837073 0.46432328241215626 0.63388323195042695
0.46181852650044164 0.45202921281860597 0.46477151732935085 0.50293885416946538 0.56758210370272011 0.6574609557511738 0.7688091528800004 0.89538390045302052 1.0288359519314882 1.1593913352100893 1.2767851163750636 1.371340804434543 1.4350552364740112 1.4625358087736169 1.4516491456736018 1.4037774694808069 1.3236357589531709 1.2186696953504681 1.0981193739361226 0.97188483092561839 0.84935726692423252 0.73837978386144265 0.64447447777676559 0.57042509494875049 0.51624608727451105 0.47951101852328037 0.45596588776999714 0.44032284218531992 0.42711948392767252 0.41153690410332822 0.39009095125554361 0.3611397872990062 0.3251803310831215 0.28493191731006562 0.24522454965789209 0.21272060593973052 0.19550339374836689 0.20256513799591958 0.24322283798750821 0.32648514010403595 0.46038910932709165 0.65132457898166074
0.47273089603019003 0.4680839661918067 0.48714544487122879 0.53282363907529728 0.60611508310807338 0.70564709815307325 0.8274402931002004 0.96496265275434212 1.109512308447596 1.2509194973147588 1.3785064965886109 1.4821964779877019 1.5536277412538881 1.5871166046441809 1.5803248602160034 1.5345258550789334 1.4544214750914568 1.3475307468896114 1.223237106587221 1.0916333639005886 0.96233152448077874 0.84340425676562625 0.7405970226269406 0.65690121893877873 0.59251928614980998 0.54519407043891299 0.51082690692789268 0.48427871574363934 0.46023831032838303 0.43405033093313883 0.40241684230791386 0.36391529758492969 0.31930506259548797 0.27162021179199158 0.22606504208632761 0.18973986792782782 0.17122884910451763 0.18008049832651551 0.22620722237095869 0.31922505523951916 0.46775096587744713 0.67867495201290839
0.48767539085981071 0.48765828188950266 0.51206270345531124 0.56373812347268626 0.64357854127024183 0.75006614985885911 0.87903870455195332 1.023752246811914 1.1752758299129846 1.3232078186088758 1.4566511690780262 1.5653369422771783 1.6407507353163302 1.6771037483475881 1.6720033556459137 1.6267169665010224 1.5459820459847338 1.4373843973585165 1.3103936740590809 1.175197215752072 1.0415011600382966 0.91746677757495576 0.8089213962611278 0.71893381170755 0.64778410349973925 0.59329885192815646 0.55147502930144132 0.51728604178419701 0.48555382010467973 0.45177956175954403 0.41284768549312301 0.36754631800385529 0.31687697320831198 0.26415124091222364 0.21489053490162313 0.17655549636094847 0.15813526486940355 0.16962522307333494 0.22141718569831259 0.32362074760165271 0.48533110168087312 0.71385942115896917
0.50453429651349524 0.50824841699857004 0.53660301954158129 0.5923198687666239 0.67614825899688136 0.78641962251825348 0.91882733520202919 1.0665019757943286 1.2204171717505234 1.3701141617258381 1.5046813051454704 1.6138770586917266 1.6892509517178391 1.7251047845688534 1.7191500802919011 1.6727572881191444 1.59075166190246 1.4807800080871738 1.3523390559241983 1.215607692006702 1.0802522857441348 0.95437237801795505 0.84372458359046754 0.75131253574584378 0.6773705713962449 0.619710203077113 0.57435132971604663 0.53633117009226805 0.5005751753838511 0.46272357867721248 0.41982961915255335 0.37087433075130971 0.31707190276908481 0.26196429766785745 0.21132139079769197 0.17287269620313961 0.1558995982568333 0.1707147097866778 0.22804981779874478 0.3383683956451754 0.51111547737558805 0.75391927923953062
0.52125079269223662 0.52749456636653236 0.55810607512369359 0.61562032929981669 0.70060941268624533 0.81125720488893294 0.94315858858049062 1.0894106717663847 1.2410286214068735 1.387672308046306 1.5186190177615329 1.6238709558277735 1.6952535093337575 1.7273490234402873 1.7181254367771155 1.6691589248192882 1.585408935868565 1.4745725657098356 1.3461106334783901 1.210087904971501 1.0759954469928479 0.95171989292457326 0.84279413785769208 0.75201366605783371 0.67944287150831351 0.62277787502099813 0.5779863807096427 0.54011740078666215 0.50416610342851531 0.46588931484067253 0.42249007827558949 0.373118608336796 0.3191658121007831 0.26434965383055087 0.21461145131292902 0.17784811648212717 0.16350830976719533 0.18207734226080252 0.2444698298204192 0.36134324205465973 0.54234235556624355 0.79528680553670061
0.53604540877806628 0.54342981962181824 0.57445320868156557 0.63141866534211133 0.71470100287988558 0.82234950624333536 0.94991237775633686 1.0905464892371439 1.2354415917218882 1.3745428380997824 1.4975061272168757 1.5947761074547744 1.6586457508055554 1.6841466859404184 1.6696349538545467 1.6169767597856497 1.5312973168374517 1.4203230006115009 1.2934105137817129 1.1604047203326724 1.0304903833905525 0.91119834820449974 0.80769565927269682 0.72243878572507747 0.6552100281076686 0.60350062662049819 0.56315973769097838 0.52920235920709147 0.49666310788695089 0.46139402314683509 0.4207279572345427 0.37395809024638293 0.32261258697626893 0.27052686640321 0.2237319212334451 0.19018510258218602 0.17937077243341293 0.20179418042419439 0.26838533279413934 0.38982326285221791 0.57578785572516977 0.8341489058011724
0.54757375697385868 0.5546549466865659 0.5842562100380323 0.63842025973654259 0.71731866806803268 0.81888881937335711 0.93868787604055648 1.0700224530425499 1.204378975563313 1.332135940691388 1.4434921205575124 1.5295025331974452 1.5830854258990472 1.5998556052227384 1.5786558560553923 1.5216979574515745 1.4342820945963313 1.3241284650037963 1.2004156913588107 1.0726658592755589 0.9496371863647034 0.83837899652921444 0.74357195254010577 0.66722652718044728 0.60875480181997077 0.56537592432303552 0.53277323857628567 0.50589694150600917 0.47980150547803657 0.45041940576271344 0.41519654147624341 0.37354366821178264 0.32708618870215223 0.27971737722013412 0.23747519459002409 0.20826987045490875 0.2014894554876393 0.22750559821065697 0.29709443999206109 0.42078059947945146 0.60810868315912914 0.86684934714515105
0.55500621922954452 0.56041748033951422 0.58692979564762127 0.63631511344126779 0.70855025228912638 0.80149218042694159 0.91076394311408315 1.0299042796106077 1.1508012203753042 1.264388122126431 1.3615360523579811 1.4340371720846496 1.4755479336390414 1.4823550367318896 1.4538444077683979 1.3925928073576737 1.3040572307957286 1.1958995091403972 1.0770410301622091 0.95658443077342981 0.84275761193162879 0.74202741470960831 0.6584981177303898 0.59366068154473972 0.54650246728070784 0.51393466350592487 0.49145473583749777 0.47393920525187039 0.45645906425574989 0.43502340889913882 0.40718103733826549 0.37243848735505314 0.33248043109249104 0.2912002744183938 0.25456299463813103 0.23032836191373385 0.22766184307027892 0.25665473451362708 0.32776700709003392 0.45119885704148588 0.6361930239113105 0.89027230873725083
0.55802642229121091 0.56059272175172936 0.58264686076214389 0.62569752416371671 0.689548815164991 0.7720157792398058 0.86884277789734121 0.97387163964165346 1.0794749377831083 1.1772301407718517 1.258768842148883 1.3166993258707977 1.3454779158669927 1.3421008351177699 1.3065064380571618 1.2416162836324256 1.1529968650572355 1.0481827399442212 0.93575548671897579 0.82431118659437985 0.72146477563102984 0.63303000233430773 0.56248139393118024 0.51075658731056806 0.47640336846414144 0.45602596889631475 0.44494794639509039 0.43798924074250067 0.4302535750299078 0.41783643860810582 0.39838815060411392 0.37149478535674263 0.3388664303890333 0.30434329240675873 0.27374347428888079 0.25458155412822958 0.25568554257950649 0.28673342231280075 0.35772185890303454 0.47837168344176106 0.65747034109689895 0.90215339979225806
0.55676131801925977 0.55558306291540405 0.57219740929777629 0.60787353646096165 0.66227636806088441 0.7332220912283357 0.81662757026345389 0.90669429004159341 0.99633723379117101 1.0778319594960353 1.1436148675232305 1.1871392426726688 1.2036700123438466 1.1908985863441464 1.1492779254466923 1.0820155175357486 0.99471263096399831 0.89469335269380423 0.79011636820977238 0.68899681235998067 0.59827828767115776 0.52308414487103783 0.46624502367356435 0.42815328366995786 0.40694361937369827 0.39895244757192583 0.39937435594529369 0.40301646583914519 0.40505157122237556 0.40168550661143965 0.39067822813418573 0.3716856369451903 0.34641489231775779 0.31860602759949253 0.29386514549478993 0.27937912236028606 0.28353971553173374 0.31549823043953473 0.3846629639726874 0.50014328225096061 0.67013929154785146 0.90127727360146914
0.55166790426207257 0.54616625810210195 0.55678844030606556 0.58460126554553071 0.62917254018357582 0.68836437164134268 0.75831055674863024 0.83361247939128902 0.90775920562219981 0.97374294707554754 1.0248062077967317 1.0552281618049983 1.0610413423708325 1.0405701845029229 0.99470214705501292 0.92683825389953534 0.84251752561571636 0.74876074278366567 0.65322392507938709 0.56328228163403893 0.48517538728587006 0.42333225441111388 0.37996356408502863 0.35496414381039287 0.34612058939493828 0.3495756493622989 0.36046975941166359 0.37366491946382407 0.38445730649443643 0.38919977877845657 0.38577883633920262 0.37391706074788733 0.35529655914462943 0.33351792034384353 0.31392085617374133 0.30329687773597425 0.30952210992600293 0.34113155212386725 0.40684710552479364 0.51506314501216188 0.67328805377319245 0.88754050509448068
0.54340745152182379 0.5333299907270731 0.53782965146481587 0.55781759526648955 0.59281151005067045 0.64076290503207389 0.69805812052111194 0.75972159409083695 0.81982277586399477 0.87205627650944983 0.91043343560003642 0.929998350725879 0.92746801021748759 0.90169846860972591 0.85389830606183204 0.78754496790687611 0.70800381425581371 0.62189623718358356 0.53630349610347239 0.45791932488004961 0.3922718180626098 0.34312232325188419 0.3121188413799284 0.29873995677283915 0.30052070224903915 0.31351218323111507 0.33289869250553672 0.35368295844234521 0.37135225749952661 0.38245264849579119 0.38502094262651732 0.37884901921174141 0.36557812288167846 0.3486385702234146 0.33306121245005038 0.32519089120977374 0.33232995639290486 0.36233339144337318 0.42316836459644303 0.52244251868746794 0.66689957269366673 0.86188023331593933
0.53273651256574539 0.51812813028129157 0.51674736727638859 0.52940162266858082 0.55560652528878507 0.59344226864892946 0.6395730655602182 0.6894528693427705 0.73771501860576472 0.77871437488074335 0.80716253457917297 0.81877504459441852 0.81083902161507482 0.78261344165766034 0.73549347905302398 0.67290256217892719 0.5999163870040195 0.52266505254782836 0.44759510573377626 0.38069586426243973 0.32679960154827825 0.28905213129592966 0.26862177111056618 0.26467634377114024 0.2746171902314184 0.2945234788901222 0.31973513988132141 0.34549157891306603 0.36754595988063088 0.38268871159571927 0.3891347843855969 0.38675234532238456 0.3771318977474386 0.36351130883327099 0.35058245143062383 0.34420895647808714 0.35108276285782558 0.37834122364078249 0.43315836817400588 0.52231568513511806 0.65175178849127002 0.82608878231436678
0.52043576157114046 0.50158439075730599 0.49485773785516785 0.50101191979279236 0.51960579797486617 0.54888078021000652 0.58579322589756899 0.62621782157569428 0.66531648522335118 0.69804093756113972 0.71971236455835552 0.72660322911560116 0.71643836089226298 0.68873758929483941 0.6449408101805193 0.58828634391388868 0.52345018750048589 0.45599103391390294 0.39167697925043499 0.33578883429854145 0.29249829028924623 0.26440630580262436 0.25230063163491956 0.25515661284473368 0.27036892086762621 0.29417017737680784 0.32217054486860441 0.34994287320741801 0.37358082936801396 0.39017024119256594 0.39813287420589305 0.3974228592191188 0.38957533425728308 0.37762197893941807 0.36589769189434407 0.3597665145540655 0.36529370071809264 0.38888578443200494 0.43691318371386978 0.51532213830227613 0.6292366483399966 0.78254859274945898
