_RESULTS/CROSS_VALIDATION_POSTPROCESSED_CLR/Berg/TZ/7comp/5/Berg_TZ_z_500_kriged_reverse_7comp_spherical_5.asc
ncols 100
nrows 90
xllcorner 5.6208707817415728
yllcorner 50.959635321741573
cellsize 0.00013419651685393446
nodata_value 1.7014100000000001E+038
[rows 19 to 37 of 90, columns 42 to 83 of 100]
-0.890704670499327 -0.9073055470969104 -0.9199252172450503 -0.9329941571329915 -0.9467122068217052 -0.9476535025725839 -0.9278603366677688 -0.8895960580188158 -0.8352123197483772 -0.766908078714786 -0.6865435241402216 -0.5955244235543973 -0.49475612868478275 -0.3837194075257243 -0.2612416538512292 -0.1269298086172369 0.017745707317092907 0.1718601613487909 0.33696328531341413 0.5090754685545176 0.6771104082721715 0.8225511193863988 0.9176228608955168 0.9368156814784188 0.8790548621726635 0.7704701267720697 0.6358964112637715 0.48891325002995156 0.3365059364774776 0.18251766029700867 0.029300662216900197 -0.12153086679253255 -0.2687456115019483 -0.411154644926327 -0.5457888768555015 -0.6671828474109539 -0.7698436863480784 -0.8526188751234639 -0.9144069372276137 -0.9541510041251363 -0.9708366355684053 -0.9650243456553661
-0.7691523608985462 -0.7739211280558875 -0.7934472589692698 -0.8197111774928305 -0.845836804352221 -0.8548176828683982 -0.8400514568321233 -0.804742154713789 -0.7522260220025253 -0.6855267278338558 -0.6071121757534557 -0.5187652933676139 -0.42153310216989787 -0.31732143300842564 -0.2061424761767766 -0.08493446825218043 0.04620089494516899 0.19142529043820633 0.3508483353692795 0.5234904010499146 0.7025751127884203 0.8713747629029969 0.9956199924785665 1.0080755865109352 0.9181988544276909 0.7886132390956064 0.6426875889997847 0.49033560741295323 0.3358962617628598 0.18175214734160128 0.0294626188830156 -0.11980137907272392 -0.2650653835366402 -0.4043148712296237 -0.5349482745967455 -0.6551845535343248 -0.7574520303471176 -0.8396189420391187 -0.9006102279922823 -0.9393914127793987 -0.9549704579086208 -0.9486312258668241
-0.6453892452629558 -0.6386451746238037 -0.6702764400427011 -0.710719881660298 -0.7466087565862809 -0.7613747019107594 -0.7494846739901037 -0.7154961356506572 -0.6638955859954752 -0.5986087124054713 -0.5227542742075926 -0.43852185556919127 -0.3471186375294898 -0.2515773223367139 -0.15669594870579395 -0.05526005417910462 0.059457377056655214 0.19030164734180732 0.3380477324430389 0.5048976437533301 0.6876360871366116 0.8765331213253709 1.0624490858307536 1.059653233604213 0.9060802291647274 0.7551288224274653 0.6063461358597466 0.45582689165122914 0.30508143209533944 0.1553462271068311 0.007682394493213396 -0.13696234307367128 -0.2775555224395623 -0.41095813620521576 -0.5358032594813917 -0.6514958895399621 -0.7516100144684833 -0.8315410841492233 -0.8902099271138292 -0.9265781249596811 -0.9397144386448338 -0.9319721591511932
-0.5274506500000524 -0.5114535459229423 -0.5697171388596933 -0.620808429433395 -0.6591326928258197 -0.673988918899138 -0.6605037208073099 -0.6245438541571718 -0.5717114511894759 -0.5067802399937023 -0.433480144149768 -0.3544067253815555 -0.2722828694615558 -0.1923793850362504 -0.11650657594965452 -0.03733520611013974 0.055722442009580986 0.16572697338707365 0.29430039072570846 0.4458114661787165 0.6142554545593284 0.7851476918431877 0.9311139171042757 0.9313662185015472 0.8046039239289349 0.6610879466687423 0.5223998092634083 0.3841241097514563 0.24404830206102268 0.10378657192930263 -0.03536463211636742 -0.17228484268680666 -0.30514412021076576 -0.4306457237223633 -0.5479792823125542 -0.6565502634291347 -0.7525901159125276 -0.82869084249157 -0.8835491928433301 -0.9160948552481787 -0.925823076975249 -0.9163371438500827
-0.5080035384413921 -0.4768327734838654 -0.5245196119738326 -0.5640117942820495 -0.5910377686315156 -0.5968134927437558 -0.5754152747011261 -0.5329160293944305 -0.47578480432728076 -0.40951776343623725 -0.33927925930834724 -0.2687008712817378 -0.20055786332104508 -0.1398625383285499 -0.08445479209642215 -0.029976799330878268 0.03526372798229527 0.11788107141524862 0.2212848162224732 0.3508211025511443 0.4936001943339168 0.6256852683641425 0.7144838931580808 0.717043630536712 0.6386412731855187 0.5230030041748401 0.3990564545994064 0.2790362380903957 0.15577652835966682 0.02949783688193064 -0.09765942252846527 -0.2240595324135286 -0.3465475021899965 -0.4623412522443572 -0.5706203567038708 -0.6706487096459877 -0.7602847788664415 -0.8310494803074364 -0.8806948140519573 -0.9081687892759184 -0.9156313624372838 -0.9056794543814632
-0.5993627298021262 -0.5446055406861399 -0.5362364160732185 -0.5409993713094525 -0.5430197495650361 -0.5299814448158799 -0.4939408328832595 -0.44050471895993054 -0.3770629100047702 -0.30975670024484425 -0.24354890592657186 -0.18216184849279804 -0.12979789757329863 -0.08848349017749324 -0.05648578088799572 -0.03036890028896988 0.004748305643203166 0.06257961227873832 0.14880061154298052 0.26234015894242213 0.3832268492900719 0.48572908819338534 0.5466081853818461 0.547254494464597 0.49035304044379924 0.39552699538514147 0.2833120769051958 0.16881330824001917 0.055372229322440236 -0.06128168725827776 -0.17597782467661172 -0.28956651501688424 -0.3998229664767089 -0.5044600070482447 -0.602424660020956 -0.692801767585445 -0.7742141087296062 -0.838276646737078 -0.8816660067066181 -0.9054117041841131 -0.9116532418323362 -0.9006207899670491
-0.7001692579265332 -0.6231153670292648 -0.5737179910619158 -0.5412154136085298 -0.5132376428936591 -0.47480008203242324 -0.4182902011762203 -0.35053955679789905 -0.2784043063970596 -0.20792937036395465 -0.1442942942072154 -0.0910807261941724 -0.05300717175559955 -0.0319411181051249 -0.02037309318779046 -0.012475448521688581 -0.0014953470255820722 0.031594136921403115 0.10215629102159884 0.2043477864417549 0.3100270828924998 0.39365560695820623 0.43882685773088026 0.4359414107845321 0.3873367394759726 0.3040711777823448 0.20007773923483851 0.0883389901755175 -0.024421209297569857 -0.14439082938180892 -0.26622903941850606 -0.38159482060775896 -0.4817424003583254 -0.5707362536621725 -0.6514604633382178 -0.7250292324955476 -0.7935728853294939 -0.8499595960248705 -0.8884496889882347 -0.9091705222288257 -0.9135159321195073 -0.9013007763354661
-0.8047811604648297 -0.7033898498521471 -0.6198001697821466 -0.5529290506639026 -0.49835207923604347 -0.4271980199037999 -0.3445687247859174 -0.26003385227395315 -0.17691553864009468 -0.10082005742050393 -0.0360864694619657 0.011393271545754313 0.038675269736452855 0.05455451881924811 0.05769239078141153 0.04764114165175737 0.028696881722484413 0.02921991023509818 0.08714377955478025 0.18927181310812569 0.2877060739959203 0.3590462312718494 0.3928619720429143 0.38447716199469273 0.33669325689086027 0.24955939056347254 0.12719030342730353 -0.013299616464021446 -0.1561044081797348 -0.29541130164664886 -0.43330875348697206 -0.5605310459972643 -0.6672698467163091 -0.7480052730075537 -0.8036991593569389 -0.8457220730263088 -0.8772219777483989 -0.8982765207340658 -0.9096501507932764 -0.9187552227177211 -0.9206060753548572 -0.9078051164881317
-0.9125208698550269 -0.7829252613245784 -0.665005607956717 -0.5610213928636694 -0.46743847419326573 -0.37026984938781554 -0.2669417128015835 -0.16478269242131138 -0.06772749105513554 0.01862582468866525 0.08732882424658128 0.13684563595942922 0.17246779414419322 0.1897547764265346 0.18632075323377917 0.16105469858500432 0.11517127116410952 0.06445997305751494 0.12123260111775203 0.23656030551497587 0.32823845664440765 0.38728116286651737 0.40924778995176947 0.38093085660891335 0.29257803990875497 0.15818376318108052 -0.0066601418536683665 -0.1858029982098609 -0.3636801936854629 -0.528473039204696 -0.6848083548726372 -0.825396341356058 -0.9399541181486039 -1.022697951187367 -1.0697908933937441 -1.0814516348156742 -1.0757826638716368 -1.0558923241956863 -1.0229729828210716 -0.9841717231657032 -0.945520633978157 -0.9201068102570834
-1.0255250948222383 -0.8643251055688813 -0.7113146745875873 -0.5689188939094576 -0.4351458280512782 -0.3072612074125587 -0.1823746797094714 -0.05935723470892995 0.054536956686716764 0.1537425259409222 0.23735485612433194 0.3066133927373451 0.3534363681605197 0.37393211728356013 0.36770208630503465 0.33693297346247175 0.2888482272609043 0.2452326975060075 0.28139366991485093 0.368281406951249 0.4386931342052005 0.4761888719102547 0.4478962727961946 0.35361183710308075 0.20531111322639828 0.01672132437742424 -0.19720087815349696 -0.4207181116085975 -0.6382563846805192 -0.8353583359177188 -1.0133530652593417 -1.169554031257208 -1.293230030978284 -1.3783365962015983 -1.4209707952342077 -1.41992810757502 -1.3803957338285566 -1.3178664257789887 -1.2388948170200835 -1.149674931510391 -1.0573110339027785 -0.9806129799556391
-1.1327094187544025 -0.939417619557969 -0.753599435353279 -0.5767329711543703 -0.4081968162378763 -0.2478686056450008 -0.09671858329342475 0.05093636628918585 0.18823793186682747 0.3127113887565125 0.42787310785773536 0.5198668965819297 0.5789283025427281 0.6030141940006324 0.5965539195561997 0.5700174639623121 0.5339673663984792 0.5107198017675474 0.5286846492710231 0.5734127933689073 0.601972492917096 0.5644826933940563 0.4596731724915242 0.2945275692888072 0.08082302784273754 -0.16806241754842388 -0.4372668171897933 -0.7109373860743771 -0.9731143861921874 -1.208519639658968 -1.4122398892782215 -1.5868380519114247 -1.7212780418160358 -1.8092665994877726 -1.8470050050545552 -1.8359209635404967 -1.7784002088523967 -1.6752760126730886 -1.5474184555757344 -1.4050962003174594 -1.2591604984752356 -1.1300827125501303
-1.2198296166142117 -1.0006833138109772 -0.7886350691989492 -0.5838147934252778 -0.3859900153877406 -0.1956702993239693 -0.01519753100521859 0.1580161350292748 0.32791996531964007 0.4996589034741181 0.6545544963558603 0.7730668759190891 0.8435909402826207 0.8684704232677527 0.8627870129850235 0.8404801332568363 0.8133074663673789 0.7969052064768056 0.8045479039240884 0.8070713316083928 0.7509056108621557 0.6303287657763799 0.4470875304364592 0.20786342494688026 -0.07571418690462794 -0.3903167478839467 -0.7205697428476453 -1.0498588220823195 -1.3619077058830085 -1.6405181430798226 -1.8755115636570765 -2.07165493489211 -2.2187035577299072 -2.3100998675207154 -2.34320966865432 -2.3213128696225445 -2.2471933417309 -2.116570115094099 -1.937949441887645 -1.7397183835715704 -1.541287849240791 -1.3584026817712789
-1.2767592158056085 -1.0453296304074622 -0.8165863922349372 -0.5914911913043259 -0.37051452961960507 -0.15447011195273785 0.054783859361143716 0.2554470604387469 0.4720947797568169 0.6979056123404499 0.9064346612541576 1.0611821857793433 1.1398835930392661 1.1597713665554188 1.1491791545667198 1.1276657699669388 1.1058317384287402 1.093915245452525 1.0810219636214229 1.00912456941329 0.8732995501490275 0.6734772483091946 0.41470711153834605 0.10723884137377371 -0.2399031931392842 -0.6153812888163472 -1.004902805861293 -1.3920635314000793 -1.759337084846955 -2.0890771138226882 -2.3675079591837846 -2.598113392615417 -2.769605568933625 -2.8726946216506253 -2.9049926029902986 -2.8719470465068238 -2.7779411822579547 -2.6192922700153503 -2.3992201793241734 -2.1451148711013297 -1.893006289798735 -1.6546551988278226
-1.3080640264863492 -1.0766346410254393 -0.8404222519718756 -0.6027395624247591 -0.3652818720199512 -0.12937972355172744 0.10187623993847794 0.34034997029535785 0.6031227125062186 0.8864707234519866 1.1646399963020506 1.3764624197201296 1.4566141091863123 1.4546347944471714 1.4330452699862841 1.4121187031883788 1.3970439164867938 1.3845472039017046 1.3147144247714497 1.1758854316927085 0.9762922415713258 0.7202369948006515 0.40748005371502827 0.04274075362061669 -0.3651401564181843 -0.8039522885437089 -1.2580029140240954 -1.7090970800677305 -2.137685559113235 -2.524055472799137 -2.8514135338636835 -3.12180857575075 -3.3246033734124296 -3.451365147173691 -3.5011706012581376 -3.4724982049503623 -3.3630563190255574 -3.171847955559964 -2.914189518159275 -2.6112068260616716 -2.3028293855591397 -2.0071235460693577
-1.3290492007780959 -1.1028188491549058 -0.8654758389131606 -0.6217402297300401 -0.37497302258365456 -0.12838786727878881 0.11985462478471243 0.39498541198758486 0.6978029591754957 1.0294861858882705 1.3870234328773023 1.7138535124738914 1.7436399037925125 1.7115856803094631 1.687069289556563 1.6754497115127538 1.6739479428678383 1.6275124937845986 1.511121131281752 1.3373947875686516 1.1030895819527253 0.8051577575221023 0.44339335144183156 0.022931317589740763 -0.44717923451182023 -0.9532897440103902 -1.4775925382983783 -1.999302560628455 -2.4960433683389263 -2.9452760413726304 -3.327213024118212 -3.642507793381415 -3.8811071174676632 -4.033493274581333 -4.099049773956659 -4.076686575039657 -3.963667483314164 -3.7576955138738795 -3.4703747039810464 -3.1257676422088627 -2.7583982982691846 -2.403285656937153
-1.3523841011327455 -1.1323402679520393 -0.897806427159027 -0.6546121142878717 -0.40668646595528496 -0.15705998058680337 0.10774359571493031 0.40755710913737153 0.7374128546257601 1.0911321866864259 1.4627459717167246 1.786789275918501 1.8701558730691799 1.8777924466280356 1.8863918322910342 1.903366523928576 1.902589588085253 1.8351021638860836 1.7089601102227332 1.5195034778276433 1.261450506954333 0.9304492956501402 0.5256778088541341 0.05165825453266737 -0.4820557733031994 -1.0598090173079808 -1.6608231776397049 -2.260782157371363 -2.833715213054652 -3.3538315395366753 -3.798238859452413 -4.164455430998276 -4.441328877521524 -4.619141367349584 -4.697500056527837 -4.676542910669732 -4.553544024581824 -4.336891982514236 -4.039616317120776 -3.669608880780082 -3.246399927792573 -2.829813010921687
-1.3846372540069758 -1.1727821361028528 -0.9446984362621866 -0.7059411899874228 -0.46070301324686613 -0.21108630093254965 0.06779657422398566 0.38068986087695444 0.7194466142540321 1.071529607606095 1.4115860250632977 1.6901716343730075 1.859234646462175 1.953981080678176 2.023879191681525 2.0841217662571347 2.0915529765191936 2.035431185988638 1.9143298313801538 1.7226625542828973 1.4533865690640357 1.099820875905937 0.6593189252209932 0.13442043040513352 -0.4646325895227342 -1.1194748858731545 -1.8053486084012353 -2.493468313894436 -3.153137554625678 -3.7535727254196685 -4.267914404504067 -4.690220873791093 -5.006872348532223 -5.208568399408149 -5.29511766324305 -5.267736995744411 -5.131909136739149 -4.901909265538205 -4.588444920727189 -4.201511532736423 -3.750055570318583 -3.272579261996973
-1.4264720829143402 -1.2237098337079733 -1.0026710454000038 -0.770016463025557 -0.5303915877090759 -0.28100552835412385 0.004231436054144111 0.3208286523295496 0.6582763395112976 1.00143495343982 1.3270595307243778 1.6046508387348266 1.817877831959814 1.9798052303648357 2.1115079403393144 2.222348411879027 2.2565739402403437 2.2229606285116397 2.119789018113048 1.9405421680663382 1.6754148925486307 1.3137192058174414 0.8472875894243357 0.2748391687946603 -0.3920848571572476 -1.1307970006538528 -1.910776453354749 -2.6974151395196175 -3.454390684668592 -4.145159120634914 -4.738255707378023 -5.2225294766493215 -5.579838540009142 -5.8020042548834825 -5.889713280702209 -5.850498102571791 -5.697513979085551 -5.445611598275325 -5.108849146091947 -4.699433852173246 -4.227450255668353 -3.714233683596925
-1.475278604490822 -1.2817950459001448 -1.0684068590947216 -0.8429710276484867 -0.6109754363508031 -0.36228386716328354 -0.07596665779502543 0.23928953609424353 0.5722694899109804 0.9087399118231232 1.231167727049731 1.5208770555541602 1.7664727616681912 1.9707068173608822 2.166613021979728 2.3176868908456223 2.386247320208012 2.383418044522803 2.309472552714274 2.1570822620873624 1.9135228749196578 1.5620374580517737 1.084760081714419 0.47352326665683875 -0.26071921593182734 -1.089082597754674 -1.9729200885381684 -2.868965706190539 -3.7349741862935577 -4.527959320828842 -5.211169816791746 -5.764519819530706 -6.1629209676884775 -6.40025576072813 -6.483486156083768 -6.423776307390549 -6.2418004579068525 -5.95817833877319 -5.590678558505475 -5.153519503310442 -4.6576475476014645 -4.1174858936361405
