_RESULTS/CROSS_VALIDATION_POSTPROCESSED_CLR/Berg/TZ/7comp/5/Berg_TZ_z_355_kriged_reverse_7comp_spherical_5.asc
ncols 100
nrows 90
xllcorner 5.6208707817415728
yllcorner 50.959635321741573
cellsize 0.00013419651685393446
nodata_value 1.7014100000000001E+038
[rows 0 to 18 of 90, columns 43 to 85 of 100]
1.013355493089382 0.9952888998085294 0.978429698115381 0.9628709694674755 0.9483310786374504 0.934411780604731 0.936757313604782 0.9641182373683683 0.9902969298168995 1.014577155127863 1.0377278376551913 1.0602078760190379 1.0817361173490365 1.1013414289198857 1.1189402166054694 1.1346806608999889 1.1486985933693175 1.1611327285987443 1.172060078950437 1.1815106733461673 1.1897308042344519 1.1969261944230316 1.202999220727985 1.2077933040014956 1.211094373925997 1.2133270590999667 1.215757720907861 1.2182013460809704 1.2203854865571928 1.222010435081917 1.2227560207478787 1.2227715114928654 1.2227715114928654 1.2227715114928654 1.2227715114928654 1.2227715114928654 1.2227715114928654 1.2227715114928654 1.2227715114928654 1.2227715114928654 1.2227715114928654 1.2227715114928654 1.2227715114928654
0.9849679431214486 0.9689148019590703 0.9547566666539956 0.942370357652971 0.9324053825008232 0.9271387188801383 0.9353331450096107 0.9586721969986391 0.9860192606761752 1.0129470714860256 1.0378192014572498 1.059559203685137 1.0790363826921712 1.0965271597227837 1.1121945833796976 1.126203263398308 1.1387056889467355 1.1498556739977324 1.1597744593272803 1.1685150855316029 1.1762185607847786 1.1832116982652048 1.1894181660078305 1.1946750250002693 1.1987538452376376 1.2021046661227714 1.2059303079501904 1.2100041531436392 1.2140229861339147 1.2176565047664267 1.220555408539204 1.2223583283907533 1.2227715114928654 1.2227715114928654 1.2227715114928654 1.2227715114928654 1.2227715114928654 1.2227715114928654 1.2227715114928654 1.2227715114928654 1.2227715114928654 1.2227715114928654 1.2227715114928654
0.9510620204589393 0.9377649768527321 0.9277839159366886 0.9212135938936026 0.9184722080559892 0.9215855467745907 0.9341981574392615 0.9561693780537582 0.9831930150092856 1.0113916745537521 1.037151373823409 1.0587175769739638 1.075735952094797 1.0905445768544502 1.103789922135003 1.1156328325926093 1.1262381342180756 1.1357634410213149 1.1443673989290122 1.1521314643121037 1.1591436324413156 1.1657732560438687 1.1719899920830688 1.1776212656152791 1.1824192784305199 1.1869552554210487 1.1922687191064718 1.1980704110904603 1.2040205706008666 1.2097533782482817 1.2148865527146657 1.2190292147882764 1.221787955588689 1.2227715114928654 1.2227715114928654 1.2227715114928654 1.2227715114928654 1.2227715114928654 1.2227715114928654 1.2227715114928654 1.2227715114928654 1.2227715114928654 1.2227715114928654
0.9119116649723353 0.9017741308921658 0.8966330059203166 0.896533836152417 0.901444768692181 0.9118877495445769 0.9286462074723243 0.951977113703116 0.9796127869383779 1.0072394362298842 1.0324600686103187 1.0540657712797081 1.0712051641194795 1.0835729450885772 1.0939522845117535 1.1032182083126805 1.1115464653464056 1.1191097102623084 1.1261173798512787 1.1332421576673526 1.1402083433091725 1.1468508233581258 1.1529273095288401 1.158268955354147 1.1629003818179187 1.1682012449262158 1.1751057685746094 1.182748524415753 1.190739765284473 1.1986724209971267 1.206127035960755 1.2126805172776738 1.2179124391074676 1.2214092396769332 1.222766739228765 1.2227715114928654 1.2227715114928654 1.2227715114928654 1.2227715114928654 1.2227715114928654 1.2227715114928654 1.2227715114928654 1.2227715114928654
0.8678753350426005 0.8607722924400822 0.8608587755121434 0.8675503144846455 0.8796823386681092 0.896888658426436 0.9188674848028855 0.9448114416534956 0.9723387678703387 0.999167182563876 1.0238771781789633 1.0453250255855535 1.0626314152959861 1.0751181923039719 1.0828365798441482 1.0897739838351657 1.0991281541195628 1.1100193287001483 1.1212814811886238 1.1319448544526631 1.1412089723740515 1.148839047030777 1.1546050948079407 1.1583233551653866 1.1600703121642821 1.161547994240688 1.1639748866639912 1.168123249863233 1.174950229697008 1.1848059976996739 1.1946745646840795 1.2037108471502938 1.2114665703525949 1.2175064579181534 1.2214098844814993 1.2227715114928654 1.2227715114928654 1.2227715114928654 1.2227715114928654 1.2227715114928654 1.2227715114928654 1.2227715114928654 1.2227715114928654
0.8319715385510059 0.8257842026154143 0.8295056845899156 0.8403940704906356 0.8563529376315923 0.8776613897126956 0.9045299741058089 0.933190749636978 0.9607726396838938 0.9872914198648678 1.0116887423629837 1.0329483376813853 1.0502340057100858 1.0642818531221059 1.078808213164023 1.0932880745092124 1.1095485159008356 1.1263319237358584 1.1423619607025017 1.1565911634713966 1.1681487999743996 1.176731054464176 1.182096367320757 1.1840419424758377 1.1828207327037157 1.1803077009327898 1.1774189624232532 1.1749976076390216 1.1740908269939587 1.1759263417586365 1.1818843598278495 1.1925401333540895 1.202864002748107 1.2114669398479203 1.2179139233946144 1.2217895919295703 1.2227715114928654 1.2227715114928654 1.2227715114928654 1.2227715114928654 1.2227715114928654 1.2227715114928654 1.2227715114928654
0.8145003855027753 0.8109689145355252 0.8171911149571656 0.829997615570018 0.8469977008551761 0.8681959980372609 0.8927925625830964 0.9185208035143214 0.9454779377094387 0.9720914925191846 0.9963960810237453 1.0177611299640532 1.0416985488227035 1.0686008236888556 1.0957526944961926 1.120616661211442 1.1439735678857885 1.1668075500190822 1.1877285085919242 1.205597851078977 1.2194773707578104 1.2290057233345426 1.2339002597111706 1.233933593571494 1.2297383673251598 1.2230441060655024 1.2145788631285748 1.205268563887038 1.1962674191410267 1.1889274041186517 1.184762087393565 1.1854091658701418 1.1925952214385667 1.2037097041752585 1.212681559312986 1.2190318021268738 1.2223600804922703 1.2227715114928654 1.2227715114928654 1.2227715114928654 1.2227715114928654 1.2227715114928654 1.2227715114928654
0.8146067957583206 0.8157741638488584 0.8232914063238312 0.836334725704245 0.8534059811948282 0.8736723783836877 0.8942778987029911 0.91460838290561 0.9349821151427621 0.9558132484446716 0.9804358937425655 1.0134212187548925 1.0516627464798218 1.0921913444349598 1.1321747444916241 1.168940355034221 1.200607184585003 1.2297240910851552 1.2557189907912238 1.2773532176068505 1.293623863246092 1.3041253576095257 1.308503827278722 1.30651914416771 1.2994160808646598 1.2883229699263772 1.273977523843025 1.2574042275911532 1.239887131393645 1.222928609399373 1.2082013487854044 1.1975004031177214 1.1927001123353818 1.1957183862841652 1.206124917155754 1.214888072951168 1.2205583620098157 1.22275648703074 1.2227715114928654 1.2227715114928654 1.2227715114928654 1.2227715114928654 1.2227715114928654
0.8294373990178496 0.8339955546914319 0.84324558915028 0.8568075166533459 0.8738242831184123 0.8920930750747342 0.9087540054859922 0.923698103336813 0.937373207497721 0.9533365783538397 0.9826202642332742 1.026319084741698 1.07914731415592 1.1335829391144798 1.186651465825737 1.2355381059619455 1.2776055153409303 1.3133321401531295 1.3446474347145267 1.3702228784077937 1.389000897604522 1.400539186750274 1.4043871716277572 1.400553573506156 1.3904590345805417 1.374716821528646 1.354132460255304 1.3298509740307007 1.303318333205687 1.2762228258483765 1.2504294993172627 1.2279181758415025 1.2107311090156352 1.2009324499832965 1.200579136419098 1.2097506041927641 1.2176581949160092 1.222012708143807 1.2227715114928654 1.2227715114928654 1.2227715114928654 1.2227715114928654 1.2227715114928654
0.849670843305798 0.8555610510259678 0.865823293665869 0.879971878576338 0.8970298775454756 0.913268358047839 0.9273509399631608 0.939187570472021 0.9515552755403238 0.9764701472158936 1.013316683655929 1.0619673345834362 1.122857379875176 1.1912542033180922 1.2574861610411308 1.3184522154917104 1.3715601845637966 1.4151702824837062 1.4523618755305445 1.482418819449746 1.5040080222419472 1.516686499004447 1.5200383746105663 1.5147230577572315 1.5014962358418864 1.4808136367094058 1.4535575198673094 1.4210269380134788 1.3848770720101535 1.3470313848929334 1.3095901294772618 1.274750310205131 1.2447434456921598 1.2217915436920457 1.2080787016895305 1.2057347735989326 1.2140200066187317 1.220386944379677 1.2227631802589136 1.2227715114928654 1.2227715114928654 1.2227715114928654 1.2227715114928654
0.8695299996831873 0.8764806204739903 0.8879409541538735 0.9030025450774529 0.919632887722412 0.9339455187677232 0.9454505657165762 0.9555207665285705 0.9779431395205036 1.014422540113459 1.0623797823870889 1.1190619133473658 1.1842464438340623 1.2571234186282303 1.334734051001384 1.4070433051085385 1.4710377314695313 1.524086000716319 1.5681597198227435 1.6042522349280313 1.631027871528386 1.6475578710704204 1.6530505151741823 1.6476351613692857 1.6312024744149975 1.6052320597555474 1.5707649467146454 1.5293103651510551 1.4828053047625467 1.4334772297764462 1.3837156713127805 1.3359711045391331 1.2926844676300484 1.2562432135468597 1.2289574299025743 1.213049801987419 1.2106544118194034 1.2181987104494578 1.2223291181798748 1.2227715114928654 1.2227715114928654 1.2227715114928654 1.2227715114928654
0.8889851472317771 0.8971836035530576 0.9102405129166872 0.9265700555665113 0.9424807859689149 0.9549442393752343 0.9638540608773007 0.9814947157866144 1.0145879636320982 1.0592786399124823 1.1139912106301828 1.1772990660035354 1.2493141299365853 1.3285972173965253 1.4130056558321142 1.4969956917606608 1.5722541660644558 1.635805278912194 1.6874186754545215 1.7299422063388963 1.7622769582763103 1.7835184687365695 1.7934966814747146 1.7912523469401704 1.7757290337528586 1.7464319241847837 1.7042648339872506 1.6530167321598292 1.5952346856261113 1.533544508718027 1.470689467178156 1.4094096412057322 1.3523696248419823 1.3021217339011488 1.261092577928986 1.2315836490634724 1.2157794904323032 1.215747298815647 1.221428823475311 1.2227715114928654 1.2227715114928654 1.2227638848669233 1.2226899584472395
0.9082055330863587 0.9183670743119599 0.9337970219149753 0.95165224701338 0.9668017130850258 0.9772646922318315 0.9886264226918148 1.0138743279319036 1.052000225067736 1.1020497941769216 1.1628269151733932 1.232843356763787 1.311828196886353 1.3989014180228516 1.4917132603381036 1.5872466720993939 1.6744104695997852 1.749028173350007 1.809312272346919 1.8587136629983805 1.8969453859974874 1.9239934605893334 1.9391295868440777 1.9405655196195237 1.926600656722853 1.89647008456323 1.8505970179694315 1.7903519022177095 1.7201255778545539 1.6450182791997943 1.5681945387409857 1.4927108568382552 1.4214558780480226 1.357132267961324 1.3022616871795953 1.2592009411240235 1.2301622892551627 1.2172341064130747 1.2203085721618945 1.2227577237116136 1.2226308761262414 1.2224006119518183 1.2221083193537021
0.9218821359277457 0.9379531489627986 0.9591458723308582 0.9798970225503645 0.9941752797185154 1.0018397151858363 1.0164826861710266 1.044848419150524 1.0865596614256694 1.140979931127985 1.20713065651057 1.2836474610487933 1.3697258396811045 1.4650207569638203 1.5670560244115472 1.6728654934127747 1.77634204126918 1.863136259804664 1.9332586407103807 1.9900586123477795 2.0349276625505306 2.0684630385900364 2.08973921755807 2.095744330744725 2.08344372564453 2.051750877476132 2.0015794698206606 1.9350803266529568 1.8549399649915808 1.765397612558524 1.6736479016267203 1.5832912012639966 1.4974155456899156 1.4188387787152958 1.3501406317478308 1.2936988099759086 1.251723249258423 1.226286204228761 1.2192530018469836 1.2222885419508787 1.2220066096156892 1.2215237935537522 1.221002187128201
0.9251626501307375 0.9509146387861758 0.9808899358058213 1.0070317695297275 1.0220564470391573 1.0277607973684524 1.0435592227111379 1.0730636049864672 1.1167332279957516 1.1742602257471173 1.244882983810774 1.327375291548006 1.420635760091714 1.524573361477791 1.6367189708557461 1.7538138163476575 1.8719550624138641 1.977430902601443 2.059190176798356 2.1247784643849927 2.17625134922422 2.2163579739382198 2.2457016526450175 2.257844344791487 2.247010692300372 2.212250643383727 2.155756440545641 2.080997261744918 1.9916829192051326 1.8912841149768056 1.7841239664893487 1.678294769230439 1.5775165628740795 1.48466078422879 1.4023109123052195 1.3328204121794172 1.2783533780407077 1.2407649982411233 1.2219335430543645 1.2212796156132553 1.2209246079095863 1.2201773668242202 1.2194139551844143
0.9230193028208732 0.9650176646179853 1.0037798180822244 1.0314220804328407 1.040124726034556 1.047544853708009 1.0664244227578146 1.0969778389175626 1.1409164218384236 1.2005055417366148 1.274717095187289 1.3622834784833928 1.4621293904676689 1.5747328321320841 1.6978928998020508 1.8278744578072166 1.96031732721254 2.0871365536681257 2.1886192568466605 2.2655439725431172 2.322163703970997 2.3671759448407483 2.409492455275845 2.4298655749955547 2.4187735549333977 2.3778050748597552 2.3117854266091618 2.22606530817869 2.1255376136539033 2.0143398701041537 1.8958571024405728 1.7745619866964606 1.6588188267213453 1.5518860300505348 1.4562810555899448 1.3742649799605051 1.307715204846389 1.2585549275308405 1.2286831060647634 1.219897273777353 1.2194322381643181 1.2184073283419956 1.217387847797128
0.9408425168045986 0.9961974691649764 1.0347612286820476 1.0526947627731367 1.0529433275191011 1.0624957212441082 1.0868446354096157 1.125237997902583 1.1763062488959304 1.2392176078694175 1.3165625411655 1.407606438425912 1.5113191870971696 1.6283949007954266 1.7575466734432843 1.896492325904971 2.0422871779577942 2.1906427101916295 2.3202751922057105 2.4180459205236144 2.4830434775780303 2.5218456470667574 2.592109183362567 2.6176024623979934 2.6001345547704786 2.5472175390549836 2.467109071945172 2.3671590783024956 2.2532829233342153 2.1300369884584 2.0008946943519548 1.86853013508401 1.7381997428103597 1.6177074247903 1.5095171819321112 1.415534524895083 1.3376732272248568 1.2778399763486559 1.2378508853554733 1.2194538686882477 1.217579569203294 1.2162623074830936 1.214970485856777
1.0247623490868008 1.0558335694792218 1.0758446232240089 1.0822479552084896 1.080541580912848 1.0935311900725846 1.122855053342258 1.167548842801682 1.2259200082752233 1.2958684513572418 1.375904012862613 1.46920269461734 1.5757713622186345 1.6966430009907405 1.8311585100144372 1.9779264829556844 2.1344197787858112 2.296836828916261 2.452918679051498 2.585207332862642 2.683537421872374 2.755514393248543 2.8121053751579526 2.8247546600688835 2.7895405079512434 2.7166178694202205 2.617036211633554 2.4995908836167606 2.370628516542309 2.2346214782940415 2.094761369317399 1.9533987579875083 1.8124233084947994 1.6792917803473455 1.5593417931079494 1.4543872693949271 1.3663132113843173 1.296909938611715 1.2478992830442415 1.220952896966343 1.215420037829931 1.2137943155917768 1.2122116567599102
1.1292013508282883 1.138679332945558 1.1410526756909896 1.133531789601259 1.1263569590975633 1.1387999492019756 1.1705385397303087 1.2198317170631667 1.2842092213288496 1.3609434617371794 1.447402632481812 1.5423414016099852 1.650454024369456 1.7742063332525033 1.9136006437600201 2.067969586836353 2.236026804329832 2.415117893636029 2.597546344476274 2.764335180184412 2.902677942504853 3.005233150631769 3.0554820567927865 3.043819619447106 2.979017307740552 2.8777487679682734 2.7539455160354818 2.616833394972558 2.472200890685426 2.323748228530889 2.1739627471247083 2.024626408835351 1.8771038973515448 1.7337671770545433 1.6033488864087786 1.4888075476937446 1.3918714747830696 1.314208392401044 1.257443663208855 1.223172811087293 1.2130112672715505 1.2110597205280258 1.2091653671479559
