_RESULTS/CROSS_VALIDATION_POSTPROCESSED_80-20/MHZ/IZ/7comp/3/MHZ_IZ_z_125_kriged_reverse_7comp_spherical_3.asc
ncols 100
nrows 81
xllcorner 5.5967107548124995
yllcorner 50.982328804812504
cellsize 0.00017565037499993607
nodata_value 1.7014100000000001E+038
[rows 19 to 37 of 81, columns 44 to 87 of 100]
8.935799142665433 9.461380559649632 10.007921724758233 10.553541604077104 11.07370751315949 11.541619672388384 11.933889805751456 12.239470662782864 12.417795268450995 12.459116705151676 12.375011959649775 12.175111067833809 11.889475126631096 11.559748945631222 11.198090585395182 10.809913284837304 10.434349874317826 10.13591599504923 9.936494170083574 9.789887417437141 9.669946744316977 9.572984547078928 9.502674138595 9.464940311733667 9.465203436883082 9.466096203687693 9.448674510826262 9.379732162148967 9.302617004751413 9.263264688477154 9.25814901161217 9.287385655272738 9.354006453381707 9.45914633282521 9.604712095565388 9.810104051492692 10.086169998030527 10.435224600636005 10.85572199285991 11.338835178011692 11.863692271164206 12.3854196264047 12.83499203745678 13.157945526494025
9.072386158431339 9.576371579191656 10.092101017302177 10.597040609065921 11.067420843772805 11.478973098916741 11.809496867534492 12.03942466580786 12.152599981161236 12.153838415222431 12.041905726407022 11.837147369892318 11.565948418105817 11.25978659135414 10.944266675842286 10.63992423432395 10.352504560153179 10.110481308310536 9.925847204225349 9.786894767322984 9.680104245992766 9.60034895101612 9.548782190241567 9.529873798246829 9.52962263030078 9.504641740821 9.428301392539131 9.296587013330539 9.180808735592562 9.103077497118788 9.066497849522122 9.074582402513274 9.130214382262194 9.231672648074124 9.379657213142584 9.593041795021051 9.882949248947547 10.256746460756123 10.718431522188006 11.26367414297474 11.867365037330083 12.460479291741938 12.98008762221102 13.359650876231902
9.273244560454335 9.76079640291783 10.250246758562024 10.718447798173186 11.142250100754866 11.49920535645085 11.768317169010754 11.939910977087544 12.011066916406293 11.977998136640739 11.853442511040244 11.65750643301442 11.402695271777853 11.11514021507857 10.826165001069395 10.558862563850917 10.333124599333662 10.138950233634734 9.981111494637327 9.858528953773675 9.766551355926229 9.702686887179576 9.66792841920759 9.664707602654596 9.647348283861398 9.57937228708957 9.44111062498675 9.253608280044855 9.093720403688774 8.976904823823578 8.915979564407548 8.910904466234129 8.9613634067127 9.056891668861867 9.200024971525417 9.410825971921408 9.703123993958044 10.091136422393223 10.587495752396237 11.192186945834507 11.86039210124105 12.541254003416732 13.153833316458169 13.587622691910386
9.541373717205786 10.01760069555105 10.484764414737615 10.919083934655932 11.298033720508164 11.60289238747774 11.82559416480134 11.956268191023224 11.98971262244283 11.939068455218642 11.811404666103874 11.622351297887084 11.380548616748671 11.10589836955275 10.83363082257284 10.584481820982598 10.378934576309348 10.225052627704635 10.098317296715065 9.998297588569125 9.924893638108655 9.878429933047839 9.865252077852677 9.87563596131181 9.835550099392728 9.713379127165421 9.516237332569164 9.276521392570066 9.0901881795907 8.96310735745517 8.88626117268638 8.857946687519364 8.879476764213294 8.951691106010658 9.070799463115645 9.258352357598037 9.533989804635118 9.918274031084897 10.430911620608528 11.062578049130819 11.797853441146056 12.597960697317959 13.363996118790796 13.911170319904686
9.883471367982501 10.35139119830453 10.79917077614742 11.202720049063606 11.546530239770304 11.815472949265352 11.998081387781085 12.087627728202099 12.097273916406582 12.033654339393099 11.90352142048732 11.718687776523835 11.484764169356776 11.217341488138821 10.953061730673932 10.712775830681496 10.514265667559584 10.372590785506128 10.27867784230103 10.205396050142085 10.159602773745355 10.146842383374953 10.167193163570326 10.174144589477143 10.087645975762031 9.912015924650486 9.663115722159857 9.407558414995707 9.211944967501621 9.070979663038596 8.973978191371092 8.917502994490844 8.90171621586145 8.929298948730501 9.011474879582705 9.154577237209443 9.38056615397342 9.723694966890802 10.20269706211216 10.832993117723154 11.623838493686192 12.560062837166644 13.559128541735715 14.359428143832575
10.2979223529201 10.774160839130388 11.213180691262439 11.599485373013406 11.915110144565901 12.146660533278139 12.28594134748536 12.34206052120818 12.330269006233605 12.251608887037738 12.118786432582509 11.935837302675155 11.704999773795754 11.438340256327592 11.174329407643226 10.936249758160702 10.740705386626646 10.600780148110331 10.526436725818325 10.495986450219014 10.494734023072363 10.522245550431233 10.561077958638913 10.532859829910784 10.40138935533269 10.184126074201103 9.925790132377527 9.66258167917102 9.455273290619063 9.297536264803764 9.177556887329562 9.08939865770721 9.031336122538605 9.006348689398015 9.029526747491174 9.109860209988701 9.258860130678336 9.507659674378846 9.891865104974078 10.479209167343589 11.29713806874635 12.328972358164512 13.533474273866563 14.830067359413102
10.761262026277816 11.299085112592532 11.758046353791999 12.126555779502237 12.41069290465446 12.599641700838344 12.69431741577963 12.719054436730929 12.678810438724533 12.583631791849124 12.445647124231279 12.264197762633717 12.033055112100719 11.758991750308482 11.487767006214437 11.247681298493498 11.054052461762105 10.920031701432638 10.867017006693672 10.88735677925785 10.932748052387971 10.97756037015978 11.008101915244376 10.946680007015258 10.78021725529724 10.563990807554596 10.30607636350072 10.037042585934222 9.81836109533128 9.643055663334943 9.499315744151533 9.378290066888502 9.275690251217673 9.196614347903724 9.149710001538702 9.144041147454104 9.185190429855506 9.285085255720665 9.52841639972303 10.021727871918602 10.81215266077284 11.841524534298728 12.983465751415835 13.970152854611396
11.269136868269381 11.876168621790004 12.396607784400768 12.788487860153566 13.03976602933434 13.177912343268858 13.229088926180172 13.211197924853495 13.133656958689595 13.01590167018001 12.86769569682189 12.691180425439748 12.461442665079913 12.165496814546803 11.880760823834603 11.63877929894268 11.452687426984411 11.34517728007 11.320438880655383 11.365064589388739 11.416139333635945 11.445466695182397 11.444189281347619 11.338072838302402 11.17073425800692 10.963541737999966 10.716512170165265 10.454279571768478 10.243067565976755 10.074128247680617 9.928909143963939 9.790373093546068 9.648956052421521 9.519536572794195 9.402666100418536 9.298131546497862 9.206043505550996 9.11870830346287 9.142577540015283 9.496494596865146 10.26222897708494 11.235772368114947 12.193764316939529 12.870292046485957
11.816309882598343 12.493495101022974 13.072743355643624 13.5126800730794 13.77451172568406 13.879166635940429 13.88431532189065 13.809896539429737 13.68589405642828 13.531178134448993 13.35832488572263 13.177735119763637 12.961028698301666 12.626380989358085 12.33604143869938 12.101516120227068 11.939899483904286 11.850547622161695 11.80762209963078 11.808007556646503 11.832342778724534 11.831956815340103 11.794110740671059 11.67915910312883 11.525587595475749 11.33565549798036 11.109749664689062 10.863164218482027 10.666699165498924 10.51549784429145 10.388692169974219 10.265873389308705 10.138284864559148 9.995598459208564 9.824908589962265 9.641325421871446 9.42095087522204 9.136561753994199 8.830275710978569 8.976505917756388 9.852256796249218 10.774961997678957 11.562593004402355 12.067493789647488
12.387410313277176 13.140581739753939 13.782871004136277 14.26283834146782 14.541432392313478 14.625404626375513 14.585472712674102 14.46488845276463 14.293964982715673 14.093805211463796 13.878631544883408 13.651719211937158 13.390048195685605 13.085543945971104 12.804088722676802 12.5845441614467 12.423667598751248 12.298461517582798 12.212429112994736 12.16747072361413 12.1576901981743 12.126310040963173 12.064399395713284 11.964809415980234 11.830452192797933 11.66571974320385 11.47176734161887 11.253722222972883 11.081184798914604 10.959386553995431 10.864943819625735 10.779297895914702 10.691208772236935 10.580687848485573 10.434330991055107 10.235153895628498 9.939765361653237 9.563458473310362 9.129013137547979 9.144828927472275 9.914801944733494 10.663397405571704 11.245635047437307 11.58367771783208
12.95711053629947 13.798860244490438 14.515793493118286 15.035390145664481 15.31454881142868 15.376635404088828 15.27500819069558 15.090926769403227 14.860431986831543 14.606540978359877 14.341745767167852 14.06793359408773 13.778375664927268 13.482430434878609 13.221372317235419 12.995008816373263 12.798469911820295 12.63912965757377 12.518888116302687 12.436297685977046 12.388687430213842 12.32385774573364 12.26196153248926 12.178797876794503 12.06715185254876 11.936291964640928 11.788761324269776 11.620608964969382 11.484785512080375 11.406063855883113 11.361350603627326 11.336346702398494 11.311139286793658 11.268139441998619 11.199376629817742 11.066082509726977 10.814569650296866 10.47709823578483 10.183751035019489 10.178776853731192 10.519669331768666 10.943284128293122 11.263993812209229 11.398683193239904
13.489383370027427 14.438188899628045 15.25288616027997 15.82234147985703 16.082624543798136 16.091052039173 15.915034934103359 15.648174976128134 15.347708393871246 15.036743215996417 14.727474165157151 14.420301375189986 14.112726188551253 13.819841385416476 13.536720581927336 13.273287659332784 13.04497938728996 12.860524137677496 12.71745290244084 12.608225133595827 12.52400362621814 12.430431465085618 12.373587751320704 12.313917252810914 12.240974489196764 12.163290367526768 12.081046253648804 11.988272942185487 11.905492606457164 11.88688128271272 11.916056628541767 11.971295975651532 12.031437754992305 12.08974585913207 12.129027667666897 12.100141233017776 11.96119941853519 11.736625984724787 11.494937551259051 11.38448131500254 11.428794127513866 11.527260787115052 11.565998369258411 11.47648137126986
13.933292247936555 15.006445084940639 15.959522397747877 16.611949343280735 16.82934632118039 16.72336521077338 16.446879218540396 16.101402273564705 15.751054901400598 15.40804863555996 15.07494669194194 14.75065940016249 14.434603114128407 14.102880989239974 13.773190688548393 13.466643783870284 13.198425957999419 12.978634232899925 12.808993221373303 12.678833163844741 12.567592201348884 12.466229601605763 12.41606764649821 12.38243237312996 12.350877827221879 12.33321655139404 12.328701491346157 12.328623453407529 12.330124732202298 12.395035745701051 12.516891117870282 12.674765694614933 12.855236903646947 13.052962593739476 13.240480315021177 13.348996459371046 13.329412901709887 13.197443039249817 12.983418502964824 12.73079350857937 12.517949317252661 12.320136158799007 12.083555131002765 11.765996598195455
14.189170714918209 15.377337003015922 16.523393367329923 17.3774292916094 17.46924911934914 17.199127476576965 16.844526036129107 16.4519567314767 16.07586457406178 15.718997972488747 15.377198506466605 15.047628298571238 14.695707925279041 14.310705692788538 13.933714576380286 13.582369757565486 13.273362915661242 13.02009284011017 12.82790528625028 12.692753030314174 12.571458335874762 12.447395780901232 12.368590904111878 12.348702186990808 12.359223672250295 12.410094892704706 12.497385526752133 12.61335774738502 12.743684561425681 12.907087012744672 13.136885267848797 13.416441148574773 13.748028999048792 14.118622182075487 14.495734012804126 14.786603373087543 14.911692897223602 14.847243537327953 14.60090320028809 14.202635959698565 13.730782396356943 13.25131044419666 12.753011653285517 12.21579248294449
14.168589542852233 15.39537662041931 16.633496280417067 17.791123540612173 17.681187199625967 17.35817941667727 17.020380944227316 16.655822853343675 16.291246984924552 15.942068487425926 15.610384476664429 15.272234332168669 14.86532313166471 14.43423382275223 14.009184717902206 13.608755844821937 13.251980429419339 12.957349098572834 12.757482382887488 12.660687369045206 12.585627271905144 12.37164957880283 12.190763730193298 12.165008904624226 12.225468479041094 12.359947528277234 12.562788570467584 12.817950622449489 13.103000079149341 13.395150444266033 13.741645022945503 14.156604780952408 14.654560329555657 15.222910646383065 15.829488356734906 16.35891130865384 16.675201211307236 16.677062419648106 16.34475276622501 15.75058663789995 15.008936030099168 14.253748664397778 13.512213027091851 12.774658101062533
13.87944718329851 15.028795784490976 16.12877561793382 16.951013659990288 17.208111065670376 17.122741010766983 16.921977457570534 16.657493898497602 16.36167835453218 16.067488915598698 15.765675266222049 15.39269842875963 14.943917185225772 14.471021436245774 13.996828279493181 13.540775865493822 13.1232885661694 12.785699257172082 12.555927372925602 12.446139626241651 12.442454112822261 12.096364945137953 11.846001016251826 11.807390461684879 11.926171448534918 12.164521292365881 12.499428454306512 12.911551730856985 13.367187513901547 13.826403080402194 14.291389885484735 14.838676695759034 15.498671853589002 16.270157812514615 17.132683410374412 17.968434481060804 18.569193976827293 18.659145898290827 18.155372725140843 17.28760937248642 16.28079831589378 15.246782127840941 14.292598843777343 13.387824386124384
13.441530800726742 14.490330967070781 15.45335659459431 16.175170351638567 16.562488964223977 16.681931113913613 16.6362334513832 16.483884874581957 16.27100875642383 16.052345719871195 15.796344101902587 15.419763495346949 14.942619448994984 14.432505275081159 13.907951185078787 13.387460872178442 12.912646513648834 12.51760918090361 12.208865382545676 11.976509780866975 11.761394463130424 11.516969279317594 11.322967593906782 11.301289269097547 11.472746255230462 11.803127656450881 12.280154943801195 12.861432510209003 13.494514621705076 14.116957451313144 14.71217078794175 15.362370075798939 16.153258482339712 17.098344711905593 18.19835962682998 19.38214092038654 20.449389794712605 20.72302351294591 19.850114941544774 18.64406687233538 17.395831274467845 16.155242765474792 15.017945191311505 13.995508641373814
12.964596135663827 13.931377906472243 14.80857285559021 15.497444168609805 15.939224344106389 16.16591962714067 16.224884990612185 16.159996393710895 16.012153450764217 15.845399913206348 15.614234703605486 15.263949440204257 14.802189252383755 14.275892952288544 13.722939377717234 13.171331334524664 12.662706224955652 12.202090672816997 11.797370109975233 11.443479846705152 11.123296722261951 10.86445361298511 10.69353526302895 10.681394865436557 10.879634014664132 11.268440407612827 11.853725631072336 12.606985747196017 13.438858108192115 14.207450308948566 14.906101143388618 15.648275018865215 16.51972007633822 17.567575377147364 18.797490843707923 20.179341673449226 21.63074118563083 22.241865897856197 20.909808751655056 19.554578287103457 18.21053039208592 16.886677044298253 15.632104258848376 14.536534466326984
12.510823207164327 13.412057563307373 14.21760707696934 14.8564036251939 15.300933510855042 15.578187663876648 15.70818632936713 15.714938652953123 15.629456996870056 15.513938306809496 15.29212686908648 14.94708117289005 14.508793847080211 13.998968965890867 13.428581590118357 12.870298939515157 12.343157239596176 11.849165207069033 11.385651529412874 10.94509726125698 10.544754752521156 10.229454805700275 10.027734988118707 9.980538298992185 10.140396969313468 10.54776103967611 11.194778157832266 12.093369818476813 13.183227453411945 14.048079466957528 14.784665069867536 15.62039896618598 16.56014992928724 17.62856537852689 18.84162387379906 20.13321223663089 21.247723432047362 21.605821944802777 20.936773319041265 19.839113311722567 18.61532007158968 17.35138130405045 16.090243866245146 14.966199993932067
