_RESULTS/CROSS_VALIDATION_POSTPROCESSED_80-20/MHZ/IZ/7comp/3/MHZ_IZ_z_180_kriged_reverse_7comp_spherical_3.asc
ncols 100
nrows 81
xllcorner 5.5967107548124995
yllcorner 50.982328804812504
cellsize 0.00017565037499993607
nodata_value 1.7014100000000001E+038
[rows 0 to 19 of 81, columns 44 to 87 of 100]
46.81039903187328 47.13072192247637 47.4752932339923 47.813544828415736 48.08642100842979 48.28078765222484 48.39092992147623 48.413522540491805 48.347157047653674 48.19167519584508 47.94736762058339 47.61417298618669 47.196127991506295 46.73137016447881 46.23314870828102 45.71057042011304 45.179105920822586 44.66695130288677 44.22706212908959 43.9480106758562 43.91573598823934 44.119237315575056 44.4717148127242 44.90164574770783 45.37068203760678 45.85218678044321 46.31761889835009 46.75814854522018 47.16812970696388 47.54332845540637 47.88031786808641 48.1761295474874 48.428034241463486 48.633390128863184 48.789526979031336 48.89364841797996 48.942741644710566 48.94632085060112 48.94632085060112 48.94632085060112 48.94632085060112 48.94632085060112 48.94632085060112 48.94632085060112
46.469317219897604 46.860700092758194 47.27045996827571 47.662154224064544 47.977105788845805 48.20404563592558 48.33767039733874 48.37574461987353 48.31849810064938 48.16773348907136 47.92566225429521 47.593629160495624 47.171036400640816 46.681567252542756 46.150072341866725 45.58204950429661 44.986467073242586 44.38111152381581 43.80993729921181 43.401593838658634 43.3875704185661 43.71727722839333 44.173496668900775 44.66916442469757 45.17775334081471 45.69020971818203 46.187142179523924 46.65223566025069 47.08195060688922 47.47340641426624 47.82408060065368 48.13163170943376 48.39377980583328 48.60821514859849 48.77252020350559 48.88409646078686 48.94009057369893 48.94632085060112 48.94632085060112 48.94632085060112 48.94632085060112 48.94632085060112 48.94632085060112 48.94632085060112
46.10924184730563 46.593778508543345 47.08165800222612 47.52949349377529 47.88710758774538 48.145267060559235 48.29956598793842 48.34945777747627 48.29762017683636 48.14886849280926 47.907492772974244 47.57330029329879 47.14848948595958 46.64324932525684 46.09311508072316 45.50216304604738 44.87255662971066 44.20840241184367 43.51876655499212 42.85239261919724 42.92586305521118 43.47521042053842 44.03037028149549 44.57258352615788 45.09974917654667 45.616713414126096 46.12504236482559 46.60216817515149 47.04138870472841 47.44058375321525 47.79771687299546 48.110772875333815 48.37770010509136 48.59635442555833 48.76444245585295 48.87946171226564 48.93863543243292 48.94632085060112 48.94632085060112 48.94632085060112 48.94632085060112 48.94632085060112 48.94632085060112 48.94632085060112
45.73298222244533 46.31842033309667 46.89466671958071 47.414482576069 47.81737372705422 48.1023045647683 48.271956567126765 48.32808477750755 48.27569853018762 48.11667755279136 47.86156646617613 47.52042164221099 47.099094178510434 46.60061681260091 46.05774819860921 45.47893419833161 44.86544117507522 44.22306398313512 43.57104054768385 43.01165386122838 43.05204395694445 43.5364215218816 44.0726518942257 44.60723285638469 45.13115662832291 45.64172181277466 46.137362857671185 46.6120050847168 47.049348747377955 47.447020423893825 47.80288503516578 48.114861719071165 48.380853149409006 48.59868221313034 48.766030899903285 48.88037773541857 48.93893085128594 48.94632085060112 48.94632085060112 48.94632085060112 48.94632085060112 48.94632085060112 48.94632085060112 48.94632085060112
45.355854262020685 46.04229724509217 46.702254604914636 47.29220023176918 47.74986914057402 48.064159609814894 48.24160897949596 48.2905314549432 48.21425956277716 48.03089115024338 47.76001446369704 47.41801078457456 47.013440857579944 46.54556042676764 46.038137706317215 45.50749856197193 44.95849971172625 44.40889942809851 43.90711036265789 43.57170774738888 43.566159249564635 43.858006986237264 44.28516139765332 44.75920562388309 45.24686208515899 45.73465274139051 46.21557937495601 46.68063142182578 47.10525368165928 47.492289106620206 47.839258014658526 48.143640746310936 48.403031155720136 48.61502707777065 48.77714116690301 48.88672058393093 48.94086842605303 48.94632085060112 48.94632085060112 48.94632085060112 48.94632085060112 48.94632085060112 48.94632085060112 48.94622804217243
44.99272695188999 45.777312899702444 46.51480713494526 47.16841908022059 47.67484699506524 48.020876207520345 48.19675625499144 48.213674179128155 48.09990794967981 47.88142866979459 47.58811902764899 47.246245993207836 46.869763213576924 46.45656411919977 46.017476085534646 45.56742488254961 45.11266351103286 44.6789529663008 44.31433431240766 44.09345955326508 44.08151646454496 44.270904671648374 44.595389743927974 44.99342942308194 45.427954589351245 45.87872530411421 46.33387702221296 46.784902163351894 47.20374776664439 47.573435743084325 47.90456107051557 48.195310777762415 48.442776937813406 48.64418315677269 48.79675524593658 48.89761441562921 48.94368074934617 48.94632085060112 48.94632085060112 48.94632085060112 48.94632085060112 48.94612907198055 48.94425378203246 48.94092188949771
44.677334959837665 45.54618419570711 46.347282269773274 47.05191018057811 47.598187383426634 47.9556098969217 48.117099301843666 48.09645619424347 47.93008437974008 47.66046265433839 47.333165993149294 46.99083257959419 46.654720730199465 46.31733041284968 45.97237815054429 45.62824673065698 45.285945137323615 44.96451220188316 44.70542248804146 44.55562934920426 44.548903517171624 44.68593682056497 44.93798607824899 45.268748386656064 45.64876575430094 46.0575984085699 46.48122056753313 46.90918139312802 47.3208229489689 47.683831985987865 47.9948244692496 48.26669643575732 48.497495535347696 48.68398728525412 48.82303578801457 48.91147025998248 48.94596932241706 48.94632085060112 48.94632085060112 48.94632085060112 48.94493070226518 48.940904860032994 48.93498718698816 48.927912132410086
44.444701367271946 45.36879662654037 46.2116401099777 46.94850170975823 47.51474781854334 47.86531390535462 48.00318827304924 47.940574816723455 47.70633857386653 47.36209772198783 46.98068642425762 46.63533624116683 46.358189195711795 46.12360856616496 45.8973418520226 45.67243945027399 45.44507491271082 45.23015820799004 45.055042075438806 44.95649828398317 44.959619227272086 45.06941579646288 45.273925792521176 45.55278896003514 45.88533935732884 46.25421022509304 46.64559851018624 47.04824205826878 47.44615968525279 47.80224829724335 48.10422868344957 48.35351477434992 48.56363885791722 48.731448442122414 48.85341827765583 48.92605238222723 48.94632085060112 48.94632085060112 48.94624586485584 48.94354809388478 48.9375566715836 48.92906730291283 48.918883149536086 48.9078095325494
44.31445117684697 45.25546576824325 46.1139146500563 46.85600540097344 47.420261088047496 47.75811369584844 47.867134357888546 47.754027292983956 47.441528602205395 46.990267240372866 46.51726953150827 46.16308122711506 45.980497773780485 45.8882635372894 45.803306848028846 45.702235805815924 45.58162082303534 45.457535139914164 45.354480797348444 45.2974358890282 45.311905577249384 45.40812142084335 45.582533313851435 45.824161982041254 46.119158842268156 46.45381438625573 46.815734883403024 47.19384899873747 47.574876894687954 47.920866964855854 48.2155544782161 48.45069170867555 48.636929678842776 48.78290839415268 48.88472743674802 48.938563204122865 48.94632085060112 48.94618919157761 48.94280524536344 48.938092370367656 48.9326277842011 48.92516471565022 48.91497437149758 48.90188900636291
44.27966146456844 45.203188766644296 46.05221520889833 46.769878471506054 47.317830266534244 47.64136227474329 47.72392251789217 47.56351799985733 47.16918734750084 46.58092578933486 45.94059852513675 45.56177384937852 45.556730376401184 45.657648900426786 45.72195824410562 45.7326355040878 45.69960727697722 45.64599912964897 45.59792924055416 45.578627582365925 45.60579078506905 45.69655377446704 45.8531702019564 46.06990437293949 46.33744372734062 46.645144252098426 46.98229448477145 47.338537992906616 47.702174806996986 48.036079240570295 48.320825871008836 48.54777955246 48.712589821694905 48.834210386262605 48.91330231781766 48.94573613912218 48.947635096974516 48.953382462776176 48.95989997689173 48.96480460416387 48.96616383927976 48.96259682278109 48.95333472630888 48.93824615048577
44.30500796394538 45.19508734871185 46.01124137625207 46.69057898387952 47.20743504498566 47.51969832154731 47.58754764082978 47.402220882489225 46.958128301548975 46.257270914742016 45.34302662460039 44.87232326407395 45.2346313351019 45.52576075499487 45.698815894047755 45.78228221259826 45.80489181402233 45.79706057809626 45.7867291301615 45.79638469484299 45.84122090532733 45.93251942118231 46.080669116469124 46.282789476729796 46.53220534559407 46.820449517210406 47.13831570910239 47.476340052695775 47.82377920656036 48.14440629102108 48.41724102308889 48.633575928141695 48.785439122523314 48.88085568829844 48.935466845328136 48.956995214953345 48.97615885975161 48.99665796753253 49.01533616259455 49.029538256278485 49.03718976532541 49.03687959986556 49.027896861661304 49.01022989353404
44.35501172721391 45.204875566901784 45.974751562145414 46.61345217267242 47.093524167593145 47.391939038239386 47.46298910998526 47.294070621137315 46.88109785702418 46.23115855651687 45.41525884365644 45.019721587923236 45.31985575352608 45.60117095997698 45.778033356502554 45.86880941077865 45.902404913306455 45.91008295560806 45.919952286291284 45.95126811699271 46.014617562164034 46.11562166409669 46.2632228522306 46.45957275621027 46.699222439405965 46.975091305296765 47.27918360990322 47.602935930995585 47.93613131761853 48.242693085519505 48.50204428068873 48.70560123969808 48.84541363044298 48.921295314358176 48.96872133321778 49.00212254737582 49.03931397207744 49.075446784391715 49.1064697883904 49.129110997814195 49.141091833883806 49.141290249461846 49.12981709666925 49.107968053966935
44.413000722613134 45.217063900096946 45.93747792021145 46.53343385516244 46.97890841026007 47.26215951808895 47.3633556478126 47.256043861445484 46.94839672824329 46.48204971637314 45.98401983282731 45.71291832042072 45.74094960255548 45.857803304800996 45.95000628525348 45.99321220496562 46.000776074595684 45.997581924899826 46.00739599562749 46.047255867714625 46.12667064691828 46.246051572121495 46.401626531942725 46.60006779131472 46.837278757052175 47.10705245312495 47.40238168290604 47.71557288896983 48.036382567327735 48.328153515463704 48.57259067527774 48.761385526189954 48.89272534894582 48.97725571868427 49.03221555613637 49.091281830963 49.1506407416741 49.20498771527513 49.2495830685619 49.28056229689181 49.295242112757094 49.2923732865751 49.27228579081428 49.23688024327152
44.47195765328208 45.228014392656455 45.89944171660968 46.45974644228389 46.88746536166937 47.16711452958384 47.295458776361805 47.266048147953235 47.08737647096118 46.801351316909056 46.495458745470216 46.28151181748636 46.192963173958546 46.16804724659456 46.15217513295992 46.119754221819676 46.07873234026803 46.050820398344605 46.05563103890782 46.103097893370204 46.19469685972381 46.327961226192016 46.499272238613635 46.706746518387284 46.94764026847619 47.21646667086787 47.50714034612978 47.81283329912216 48.12225275674177 48.39829968787166 48.62668296389302 48.80911725827766 48.95725993045734 49.06040127579608 49.142920049375725 49.22886556875689 49.31193191592109 49.385927968107694 49.445200450110526 49.4850449556541 49.50213731155218 49.49491713675915 49.46384099842935 49.41143035151529
44.532006612857316 45.241313092380494 45.87926136276603 46.41659503793502 46.83094993210082 47.11265365210488 47.265482707693025 47.304384791483265 47.23789729057665 47.08928742269003 46.897870592958476 46.71444706048346 46.565082468436685 46.44478155576376 46.33068445491041 46.21441852918131 46.11272538690016 46.05417175058084 46.0574235242914 46.12133048839967 46.23438721618958 46.385832413149956 46.56878428084481 46.78454201531919 47.033615548633485 47.30513517844774 47.59401129045532 47.894300342802055 48.191795911596266 48.45337293621855 48.6758399262799 48.873622369988226 49.03874699204736 49.17735136558383 49.29471358674719 49.409366575485855 49.518208206745356 49.61395833474603 49.689777757709805 49.73980308645618 49.75974707918053 49.74747088490422 49.703402238669014 49.63067694080777
44.599190690112465 45.27820110814749 45.889694823805655 46.40569360301001 46.808148433931386 47.09329589415918 47.27168303961115 47.36061217746705 47.37639114917019 47.32147396622362 47.20105345507986 47.03230769154165 46.848372124016294 46.661809678684435 46.46344169271916 46.25990869920765 46.08589363699829 45.994838068687336 46.011052596630016 46.10944180890718 46.25645086722879 46.432934506205925 46.630864147962065 46.84945031865352 47.10002800548179 47.37594837064426 47.66435535956961 47.960140003527464 48.247881606150365 48.50156775737322 48.73376270742781 48.946822263116445 49.14453994519013 49.32668494432882 49.4804760921645 49.62596866561225 49.7631710620563 49.883501591887004 49.97861545358036 50.04108585675154 50.0652301798993 50.04795582773153 49.98943106691014 49.893731923696386
44.69482632357866 45.34584846336226 45.93147353735102 46.4257078077288 46.8136059049349 47.09744810300357 47.296371591126764 47.42883145318999 47.49695144615643 47.49651403506442 47.41915458171486 47.25851563030289 47.060273453253444 46.82879353490827 46.56059121725526 46.26531784887444 45.992737724757774 45.86388852002879 45.929618254561014 46.09021368215029 46.281223384084214 46.48422933736566 46.695786057629036 46.91698558917065 47.1607790315712 47.43214436975289 47.71973456445046 48.01553603465233 48.29508642791186 48.54762351885703 48.793358340725426 49.03842489849902 49.277892307674975 49.500672044652845 49.69181867117254 49.87046331457598 50.039062762467445 50.18753209611202 50.30566035130432 50.383951912031634 50.41475015472589 50.393485695076535 50.31991712505002 50.20531106421996
44.86532030075087 45.49413183337662 46.052912799564005 46.518142678617515 46.87729351794621 47.13889057930054 47.338179212320576 47.50150168175474 47.6091472077923 47.63395797400435 47.56612154395682 47.42198150596516 47.22500563484244 46.97204457509096 46.65936185885805 46.28587810431047 45.868440537670395 45.666490659664056 45.87541485439625 46.112368993080224 46.33906543649704 46.55796662843942 46.77410378598824 46.99208561076631 47.225411349928656 47.482071782361 47.76568914710884 48.060510469674654 48.32824209861285 48.59308375635664 48.87092475453982 49.15317475121957 49.43054251311397 49.690884242249645 49.919099828929475 50.133180347549 50.33651318362744 50.517357822091554 50.663257510298145 50.76202799604831 50.803258178442455 50.78015639776004 50.696553692998016 50.56452632797512
45.15499619831677 45.754988858614425 46.28069037308266 46.70930440360703 47.02676156213709 47.24030734992066 47.41358860894309 47.60551714687977 47.74323051215836 47.77592667190482 47.70567332502845 47.56098451799128 47.367826792578455 47.119526420004185 46.80494652250365 46.42713748517291 46.00711154504079 45.80708299047991 46.016034078461665 46.25281281846949 46.47587640085046 46.68717745064683 46.891508776065585 47.09323668800439 47.30452546631264 47.53909522024921 47.808055901985924 48.091919919158535 48.366829308457284 48.66067417401757 48.96879084449759 49.282652666553176 49.593202288019846 49.88756595460554 50.15148972126586 50.402935397809 50.64435951269043 50.862329319681166 51.04179840500147 51.16716524336778 51.224205414636934 51.20501180614042 51.116092406859714 50.96128473425365
45.55581862531229 46.12478587051523 46.616630704738775 47.00938689227759 47.28649369231069 47.43780335087756 47.5285505243413 47.78564926587763 47.93939090652381 47.96965452387163 47.90362475690622 47.756445818543696 47.554229399247845 47.309841388880685 47.02840506690647 46.71867317902966 46.43628741081244 46.30346578911471 46.3674038168386 46.522257416456966 46.69948695636113 46.87873118369612 47.05565390212125 47.23053213099052 47.414348462074194 47.63206769314056 47.88554129587948 48.15045932994586 48.43414034093471 48.74762113528752 49.07887271669447 49.41784842237629 49.755853935009995 50.079859104819406 50.37711325418254 50.66670248007317 50.94857646183225 51.20840112290479 51.428539115331 51.58882375987087 51.669281755065754 51.66217185120065 51.554163002569986 51.35506448629784
