_RESULTS/REVERSE_NEW/Berg/TZ/1comp/Berg_TZ_z_355_kriged_reverse_1comp_test2.asc
ncols 100
nrows 90
xllcorner 5.6208707817415728
yllcorner 50.959635321741573
cellsize 0.00013419651685393446
nodata_value 1.7014100000000001E+038
[rows 57 to 75 of 90, columns 44 to 87 of 100]
3.361938377741675 3.3951990511748353 3.411968145642986 3.4159176463486713 3.4108285845672834 3.4007510237278424 3.390096359459304 3.383023576055467 3.3822827044809163 3.388147664489416 3.3980111276308635 3.406842515847068 3.4080948911947906 3.3940355829316897 3.3549909212690214 3.2793813841658053 3.1576829033305893 2.9891345564483895 2.784649870771208 2.5627456476056665 2.342807818299538 2.1405491564639663 1.9664890933804362 1.826276524130029 1.7217871779600078 1.6523559508576586 1.6157902680786578 1.609025549996809 1.628443368389203 1.669964085548906 1.7290566452591902 1.800794290777441 1.880037557037332 1.9617567554360695 2.0414356507586175 2.1154525069289494 2.1813334004952276 2.237814791611434 2.2847158182560334 2.322675530549471 2.3528355628250197 2.376542316721043 2.3951167318657722 2.4097096631402173
3.2966278418189408 3.3399819253194316 3.367129361583851 3.380990700498305 3.385103648182902 3.38321683834898 3.3790525732227197 3.375853331986673 3.375660250005519 3.378620734104388 3.382677704295651 3.383758019655643 3.3761917587981367 3.3528944778213186 3.3053964706970014 3.2249678269767004 3.105970807433098 2.949858776132645 2.766222334271565 2.5697696866167257 2.3758516858108822 2.1972614387544525 2.0429474831774357 1.9180576731989047 1.8246312522988857 1.7624635711476635 1.7298613293277056 1.7241667934518237 1.7420523837611457 1.779661305697293 1.8326968607852372 1.8965515099555383 1.9665270144731029 2.0381424903614604 2.1074765812134593 2.1714626547969575 2.2280629237362026 2.276284089170833 2.3160452270142704 2.347946685274643 2.373003792778809 2.3924015547604034 2.4073057814458796 2.418743296754745
3.211339000946582 3.2598819076373498 3.293507410876087 3.3139582976526456 3.323957484655117 3.3266844234414505 3.325334508906446 3.322632717834494 3.320264021432658 3.318353475670946 3.315183191216964 3.307232163380077 3.2894666938981403 3.255781427727643 3.199737907022964 3.1160089721743582 3.0025262652080724 2.8622449923264472 2.7031130333683335 2.5361089827308265 2.3726120524713923 2.2223764997452116 2.092540410048355 1.987482929382277 1.9091749538240248 1.8577133350221247 1.8318314580888604 1.8292870471716849 1.8471167705441291 1.8818030406300856 1.929418946862845 1.9858074508253567 2.046819872178285 2.1085990987968906 2.1678601843453658 2.222108237097578 2.269745641371811 2.310051289918281 2.3430492730125816 2.3693090327467985 2.3897262689139347 2.40532578060816 2.4171111925639823 2.425969663016582
3.1130655652571577 3.16152997549357 3.1969398167012324 3.2200156491658456 3.232529921320374 3.236877968292784 3.235616611603821 3.230972148364618 3.224337649906349 3.21584622308872 3.2041359806271443 3.186385548180897 3.1586367353644187 3.116396022619045 3.055527544783089 2.9734061417965427 2.870065478324107 2.748809786337353 2.61586282715506 2.4791604996380703 2.346851822714911 2.2260701197271087 2.1222301232032716 2.0388235122957674 1.9775515093419342 1.9386165868083889 1.9210390019799066 1.9229272818260832 1.9416890437669805 1.9742056504516416 2.0170070179086292 2.0664742173929764 2.119074838820422 2.1716100743422686 2.2214343725146004 2.2666061258452013 2.305942024466495 2.338971836020959 2.3658140130184453 2.3870069628151556 2.4033329072952383 2.41566348019508 2.424843797738143 2.4316195954477555
3.0102638384966696 3.054478879103392 3.0875779850716243 3.1095923357053197 3.1214993261599906 3.124925425104144 3.121759845594538 3.1137231305481694 3.101943607265474 3.086619025448008 3.0668488402866796 3.0407001843456136 3.005529167983477 2.958535491370758 2.8974818247475627 2.8214432843700505 2.731375716575098 2.630277541873477 2.522843535473742 2.4147233832245636 2.3116495037602673 2.2186931200883753 2.139790179975701 2.0775493682713706 2.033273522763667 2.0071016741461722 1.998194532938138 2.004919328580805 2.025022374999423 2.055798718125914 2.0942739445638394 2.1374055761973625 2.182296294561974 2.2263963791107546 2.2676653966910987 2.3046670375570995 2.3365846345575694 2.3631626374900203 2.384594246672761 2.4013828394507373 2.414203922342128 2.423787475866845 2.430831326922599 2.4359476554645423
2.910678200062089 2.948207365101161 2.9764053020570844 2.9949077987547255 3.0041321947579065 3.0050874254449886 2.999086163053378 2.9874070518354134 2.970966038916827 2.9500649027022843 2.924281265607402 2.8925421547133543 2.853386774929829 2.8053813168851502 2.747605581397295 2.6800959101318798 2.6041178677962 2.522175895322467 2.437747407607414 2.3548212819127534 2.2773755506062945 2.2089223822004564 2.15219675544525 2.10900408165428 2.0801985970034154 2.065747566857502 2.0648411750021394 2.0760235289596976 2.097336086963736 2.1264742771327554 2.160958881338665 2.198317540495489 2.236262764025472 2.2728461669166204 2.306568143471573 2.336428779490001 2.3619172477132166 2.3829489871049434 2.3997685657848282 2.4128391430543425 2.422737162255802 2.4300652529673488 2.4353896535538953 2.4392026341580495
2.82012164418666 2.8501010790234016 2.8723319065778448 2.8862565087803653 2.8919373291462773 2.8899416003342338 2.8811416472482447 2.866470492053518 2.8466836842774956 2.8221816399025443 2.792938370850736 2.75856142587674 2.718477907236625 2.672209138338736 2.6196695588948953 2.561412083305117 2.4987502139355784 2.4337189303505684 2.3688830628276247 2.3070449087826317 2.2509242200740345 2.2028774172531578 2.164697288984962 2.137504466652885 2.121719801416216 2.117097163660262 2.1227971832047063 2.137488742848925 2.159471256498032 2.1868134984345113 2.2175032241693833 2.2495975503113756 2.2813598558802 2.3113676089139825 2.338578492976064 2.362349033671885 2.3824084538829555 2.398797969523488 2.41179008548782 2.421802974411728 2.429322380269291 2.434839098243485 2.4388054152635816 2.441610025129717
2.742230494598092 2.7648723365076946 2.7811558319530683 2.790451547686269 2.79261482468559 2.7879191534830228 2.776924255048613 2.7603085464974018 2.7387048205563778 2.712578852820694 2.6821818410799882 2.6475901099412593 2.6088232244037677 2.56601016491152 2.5195585142033705 2.4702786712496656 2.4194261253590943 2.368647308587461 2.319841054872582 2.2749686215596947 2.235853604960125 2.2040080345844135 2.180507297765028 2.16592137083024 2.1602985728389297 2.1631927167034077 2.1737240144694088 2.190665779370758 2.2125503546253675 2.2377874412512084 2.2647861909890956 2.292070279788786 2.3183742708505135 2.342711071689246 2.364404335741384 2.383085311044676 2.3986592995219165 2.411251024660232 2.42113993517432 2.428695784892794 2.434322388594264 2.438414213562965 2.441327308197035 2.4433635867755052
2.6787704456468124 2.69486861367353 2.7058201301223517 2.710989547001828 2.7101224480092276 2.703308711468421 2.6908979005883067 2.6733880838054414 2.651315812996602 2.6251746145603154 2.5953817616497252 2.5622998855818877 2.5263045557687414 2.4878756196112803 2.4476828240231603 2.4066374465411173 2.3658911810128016 2.3267783011263865 2.290712146299408 2.259057312375019 2.233001915136128 2.2134504545319187 2.2009500705891547 2.1956548534520133 2.197326790784026 2.205368623583455 2.218882665510217 2.236749295678357 2.257718372548324 2.28050592030856 2.3038874744472113 2.326779177457262 2.3482987496426952 2.3678010275011636 2.3848864636943308 2.3993849613785905 2.411320707309967 2.42086556745975 2.42828888092517 2.4339103607214856 2.4380608062037714 2.4410530504121732 2.443163506718836 2.4446231527784716
2.6301236978012925 2.640688901164133 2.647148278847437 2.6488911135724056 2.6456144370689225 2.6373028637419202 2.6241739206743917 2.606604260126978 2.585056085799838 2.5600219912705926 2.53200028451661 2.5015033408734193 2.4690913025658543 2.4354155705287965 2.401253419735634 2.3675176495727195 2.335232521183134 2.305476796338143 2.2793033000574914 2.2576495489628914 2.241254679497531 2.2305949442370885 2.225845210734081 2.2268690148716694 2.233235915991301 2.2442624327178082 2.259071375772874 2.2766634614792607 2.2959944107647487 2.3160503533700654 2.335914525272546 2.354819236259711 2.3721789650533913 2.387602988396193 2.400888698362941 2.4119991520800115 2.421029975803429 2.428171292639521 2.433669909929044 2.437795846407767 2.4408157586413712 2.4429742906659127 2.4444830853276542 2.445516306958734
2.5957559035637234 2.601788484688708 2.604589382222646 2.603582380109883 2.598453208213668 2.5891363899074777 2.575776723298129 2.5586771817366274 2.5382470265383974 2.5149622442856265 2.4893454351235147 2.4619654062256737 2.4334500260708576 2.404501421921807 2.3759017101960005 2.3485003152619743 2.323179484365152 2.300800931002688 2.2821416336372726 2.2678293488807904 2.25828810347043 2.253701486614297 2.253998098037545 2.258860041169496 2.2677524912343174 2.2799702899884178 2.29469615234144 2.3110643095235344 2.328223231197329 2.3453915053421444 2.3619020331254745 2.3772313360729562 2.3910127584580505 2.4030343636346574 2.413224038349822 2.4216254774861996 2.428369200350854 2.433642571941822 2.4376621099759865 2.4406503589509154 2.4428185259267745 2.4443550856891743 2.4454198014766626 2.446142128163235
2.5745843020204418 2.5769542494803273 2.5768037919665763 2.5735888334476003 2.56700561390958 2.556977600530548 2.5436224969376084 2.527209468684029 2.5081172817240853 2.4868019033049267 2.463777803303137 2.439611979214769 2.4149251748935963 2.3903922392801857 2.366733788207382 2.344694101996822 2.3250045076783894 2.308335923956865 2.2952474723292555 2.286139327518115 2.28121726782086 2.2804742277456707 2.2836913130016945 2.290457887055699 2.3002079179165364 2.3122679995074593 2.3259114182434693 2.340412348942007 2.3550947181782735 2.3693713795092295 2.38277082016038 2.3949503984227865 2.405696804261621 2.4149157940096115 2.422614119436288 2.4288769096404916 2.433843625333006 2.437685206514893 2.440584320910234 2.442719834366819 2.4442558863120754 2.445335349873075 2.4460770353157755 2.4465757674886546
2.5652309098104866 2.564630998787876 2.562064056536217 2.5570090945847146 2.54918491193728 2.5385318615673316 2.5251763070189837 2.5093876846531726 2.491537683445941 2.4720684445707573 2.451472607071153 2.4302836496811584 2.409071547829616 2.3884372198295907 2.3689999194884943 2.351374290781615 2.33613732890642 2.32378886983997 2.3147115119741657 2.309136570931869 2.307121819056288 2.308544788289027 2.3131128999559003 2.3203891685380325 2.3298301146179545 2.3408310765318556 2.352773470671623 2.3650687440653835 2.377194696364326 2.3887213085028827 2.399324904062566 2.4087910727080075 2.4170080496369857 2.4239530303412513 2.429674188282317 2.434271031394319 2.4378753084572238 2.4406340932697517 2.4426960495677053 2.4442012995570153 2.445274840158432 2.446023103149528 2.4465330454895793 2.4468730734619974
2.566171227075541 2.563116403574581 2.558496570304546 2.5518018794198354 2.5427798440838605 2.531408090155307 2.5178501410028606 2.502405140008229 2.4854612767081674 2.467459558786713 2.4488703576780355 2.4301810006282376 2.4118896609993987 2.3944996085551393 2.3785086619310216 2.3643910109604027 2.352571623516991 2.34339628210917 2.3371021526999645 2.3337942931443028 2.333432697592883 2.3358326946839676 2.3406792657505733 2.347553617719951 2.355968537022265 2.3654079406070307 2.3753657589095103 2.385379810947103 2.395057493435679 2.404091621748677 2.4122663057906104 2.4194540337227077 2.425605991779392 2.4307380197132544 2.434914549696834 2.4382325270746716 2.4408068043267472 2.442757954506047 2.444202950496179 2.4452487487095262 2.4459885191193504 2.446500077742402 2.4468459912570446 2.447074817986782
2.5757995673227727 2.5706534796956113 2.5642013911117254 2.5559323468775537 2.5456255803598866 2.5333113006808556 2.5192131956702264 2.503685461935487 2.487155449925954 2.470079277885361 2.452913100719136 2.4360983344067533 2.4200560509288924 2.4051845432759205 2.3918547395520093 2.3804002540247655 2.371101625922571 2.364166875035612 2.359712230363775 2.357747423027639 2.3581692928675664 2.3607659356154924 2.365231659961344 2.3711910977078463 2.3782293073822864 2.3859238911664504 2.3938751032532095 2.4017305943779546 2.4092026013301204 2.4160767587109397 2.422212986894198 2.4275398699531037 2.432044470300769 2.4357596405847755 2.4387506808785897 2.4411027809489427 2.4429102086893546 2.4442677508082378 2.445264535845467 2.4459800944144052 2.446482336390571 2.44682703646581 2.4470583999215827 2.4472103105873693
2.5924369583446314 2.5854523535377134 2.5772882305720635 2.56742203800833 2.5556665201676028 2.54211634510448 2.5270739266906097 2.5109698800528832 2.4942913060711467 2.4775266305182986 2.4611303330296113 2.445505954702876 2.4310023173644195 2.417916433975841 2.4064970833847825 2.3969449566712666 2.3894078960030414 2.3839722493990867 2.3806531320828905 2.3793870852194354 2.380030245374669 2.382363935773038 2.3861079681358066 2.3909403372172835 2.3965207652566503 2.4025149407002404 2.408616359306564 2.4145633215760696 2.4201496554818096 2.4252288527141856 2.4297122861917724 2.4335628513689938 2.436785683243239 2.439417579115333 2.4415164990598632 2.443152136215316 2.4443981481584967 2.445326287970147 2.4460024040174497 2.44648409853303 2.4468197374041027 2.447048470234056 2.447200932317534 2.447300342021098
2.614310123137438 2.605673650365542 2.5958648832385394 2.5843424213932877 2.5709543030397612 2.5558689688312928 2.539482069511617 2.5223177276125144 2.5049401187336073 2.487885897274465 2.4716216502831836 2.4565248137320066 2.442882471110165 2.430900662690279 2.4207171336774937 2.4124122721284476 2.4060155556172194 2.4015073652395444 2.3988179329170354 2.3978261309755577 2.3983607556819133 2.4002061106079284 2.4031124227283756 2.406810321016039 2.411027606981173 2.415506052088036 2.4200160159442063 2.4243671984235498 2.4284146305528465 2.4320598537131546 2.4352479451014206 2.437961502210175 2.4402128685156526 2.442035806579534 2.4434775850937487 2.444592133947023 2.4454346118357297 2.4460574729096494 2.4465079336719455 2.446826629294109 2.4470471980755724 2.4471965278480066 2.4472954228697414 2.447359490942765
2.6395304598246283 2.6294048870930062 2.618011824031045 2.604787877428203 2.5896186420259104 2.572753221848915 2.554690738126828 2.5360609637282927 2.5175179832080916 2.4996594503657557 2.4829765425596553 2.4678329883993637 2.454466866366258 2.443006716703073 2.433493654912349 2.425902963954736 2.4201612516464075 2.4161579128919337 2.413751740127126 2.4127747462337625 2.4130355433198014 2.4143241303809413 2.4164189991809497 2.41909642615762 2.42214097965253 2.4253558205971077 2.4285713575438117 2.431651159574846 2.434494582841267 2.4370361570206365 2.439242263905942 2.4411059375915234 2.442640705963512 2.4438743106619683 2.4448429502533333 2.4455864562357825 2.446144587767588 2.446554451786856 2.4468489331716583 2.4470559524184665 2.4471983453335384 2.447294167126329 2.4473572496855485 2.447397875879217
2.666098946377972 2.654657543662465 2.641772128517637 2.626858480673951 2.6098423075805885 2.5910573594385102 2.571111466162649 2.5507463109801067 2.530713038736574 2.511678414333699 2.494167525799369 2.4785412292558053 2.465001146238435 2.453612525771693 2.444335339773068 2.43705581409486 2.431613319113447 2.427820360240446 2.425475733655317 2.4243724131516076 2.4243023325333333 2.425060060783455 2.4264467077980063 2.428274563949496 2.4303722420047493 2.432589630415085 2.4348018393529935 2.4369114785516426 2.438848938119171 2.440570721140074 2.4420561924642743 2.4433032984054615 2.4443238625867623 2.4451389975384115 2.4457750338764734 2.4462602056882843 2.446622179196528 2.446886393949871 2.4470751093320087 2.4472070112498856 2.4472972260016306 2.4473576005246453 2.4473971314721004 2.4474224529582997
