_RESULTS/REVERSE_NEW/Berg/TZ/1comp/Berg_TZ_z_125_kriged_reverse_1comp.asc
ncols 100
nrows 90
xllcorner 5.6208707817415728
yllcorner 50.959635321741573
cellsize 0.00013419651685393446
nodata_value 1.7014100000000001E+038
[rows 19 to 37 of 90, columns 0 to 43 of 100]
32.27144126568404 32.25988306029745 32.24766753692182 32.23534579425368 32.22358129723763 32.21309644825697 32.20460103508625 32.198710696804525 32.19586660540577 32.19626838946256 32.19983013850981 32.206164208766246 32.21459069724784 32.22416388621153 32.23370281829982 32.24181293551624 32.246889849258906 32.24710423170233 32.24037715511509 32.22436594090768 32.19648915162103 32.1540228966005 32.09429681471762 32.01500767537277 31.91466145556659 31.79318248547327 31.652854216457566 31.500022515387744 31.348127285693806 31.22148778151522 31.155486039101582 31.185706724710943 31.327272663987575 31.564525334869092 31.86636270498684 32.20722382666569 32.56879995184595 32.93073872620225 33.2671306265023 33.549695194331164 33.752504618077616 33.85597095922396 33.849734960363 33.73425124693416
32.25137233045541 32.235256018703126 32.21819127869552 32.20094018807727 32.184426478330266 32.16966292176457 32.157652228964594 32.14927256205319 32.14516394019705 32.14563399198201 32.150599045346304 32.15956917625948 32.17167535978584 32.185726681141894 32.200279170988935 32.21369730491836 32.224194649744675 32.22985015182474 32.22860905271372 32.21829006563646 32.19663080852163 32.16140917355475 32.11067781541298 32.04314376991003 31.95872369815892 31.85932543082646 31.749961722058895 31.640320654832223 31.54656017476275 31.491795470682383 31.502064563273613 31.596358689817837 31.777383821878107 32.03338961424003 32.34807653387157 32.70470673331571 33.08254125723324 33.454547614915406 33.78955215551201 34.056319798262436 34.22771815807105 34.284446534588845 34.21791118960952 34.03171205899889
32.225875325412865 32.20392415198091 32.18062950932746 32.15701937728972 32.13435087550359 32.11401471510988 32.09740087495051 32.08573967288452 32.07994124643817 32.08046161349018 32.087221348483766 32.099592075228045 32.116449207347344 32.136272902124134 32.157269347482895 32.17748426243297 32.19488878267676 32.207431404014805 32.21306496227578 32.209772122452094 32.195624433226094 32.168916769098026 32.12841964741014 32.07378712763225 32.00615151935225 31.92893104897987 31.84885325717929 31.777056176788566 31.729664075695535 31.726448120663076 31.78620439291528 31.92028558811498 32.12945715981033 32.40656265298034 32.739737687468406 33.111671942454265 33.497970875013436 33.86816853419249 34.18891494054782 34.42792834426642 34.55811505948519 34.56142173794042 34.43175127713108 34.17627232695904
32.19441152400372 32.16519015501751 32.134095258814064 32.1024781103372 32.07201094332249 32.04456644096238 32.02204027691695 32.00613277575578 31.99812114866003 31.998665608850168 32.00769285412475 32.02438410841428 32.04726641026564 32.074377676173306 32.10346082017267 32.13214425091371 32.15808083385934 32.17903708227483 32.19294324217874 32.197930651204985 32.192394372524205 32.17512557927596 32.14555813107701 32.10416631704799 32.05303497625682 31.996592611795414 31.942423400950215 31.901883998032577 31.889893311138028 31.92300267280293 32.015556235468814 32.175779184552454 32.40448794126254 32.696072607802805 33.038670744366335 33.413067583276074 33.79267243404587 34.145526707919004 34.437609555276985 34.636800385167426 34.71712185509355 34.66267537727457 34.47046341685473 34.151408931494274
32.15671049185326 32.11866957285266 32.0780488209125 32.03657580453769 31.996423458361235 31.960067275460347 31.930058639599864 31.90872782424854 31.89785731362728 31.898393063105168 31.910269520859703 31.93239921169973 31.962825769451552 31.998987805194368 32.038017154752595 32.077005102026945 32.11319976245297 32.144128669433464 32.167663504574115 32.1820587328976 32.186005209077265 32.17874433182586 32.1602864531664 32.13176631181042 32.0959442234299 32.05781481132947 32.025191428286206 32.00896275351176 32.02250803377333 32.079793203702486 32.1924083989237 32.36694076032295 32.603895051312165 32.897450214931105 33.23474780928905 33.59524480148337 33.95144019234675 34.27115769847235 34.520892790756804 34.66984477522127 34.694213839042064 34.58106041168936 34.330881547196604 33.95826434982813
32.11286162863827 32.06440160654645 32.012423812591365 31.959069015006296 31.907090992784198 31.859704398817957 31.820309533765784 31.792092974178743 31.777550771731732 31.778041674822944 31.793509189165135 31.822472509261228 31.86228539648249 31.90956157685093 31.96062771501052 32.01189824079561 32.06012935950051 32.10256038752255 32.13697574538744 32.161729130029734 32.17577380115743 32.1787434381833 32.17112415160668 32.15454502253273 32.13218606656573 32.1092497413762 32.09335133889232 32.094552089309076 32.12465597270547 32.19552959165032 32.316771954437975 32.4936546277401 32.725922511024606 33.007012850247165 33.323248484152366 33.653587827441264 33.97067445696435 34.243215100875126 34.439358295810145 34.53073402235306 34.49665690417595 34.32774188914571 34.02811930849749 33.615690730307264
32.06337863511452 32.00293118097967 31.93772315697259 31.87031106539731 31.804087604244803 31.743153159557043 31.692009552409655 31.65503230367708 31.635759777276622 31.6361716947819 31.656221577920324 31.693828449473727 31.745327306141164 31.80617222988267 31.871627625823066 31.937276909773395 31.999314341164002 32.0546702290414 32.10103881175037 32.13686612279737 32.161342384619196 32.17443787469049 32.17701661326709 32.17104955895979 32.15992069176929 32.14876863031111 32.144728195255595 32.15684184035727 32.19536573492031 32.27033773812248 32.38967037470833 32.55737334964095 32.772287519881594 33.02716755750671 33.30801141366953 33.59408520817156 33.85912507907162 34.07374412702022 34.208787008503194 34.23926293987546 34.148304870483784 33.93041207470321 33.59323325089224 33.15731903703643
32.009217977777624 31.935342955140765 31.85506856768459 31.771309757696457 31.688107445631303 31.61059115980954 31.544694536230665 31.49647868554199 31.471052092883795 31.471362233842232 31.497372862268445 31.54605532220751 31.612194651829885 31.689582531357036 31.772082365614825 31.85429206210252 31.931819604570293 32.00132254497646 32.06045034243965 32.107768033129304 32.14269842246365 32.165507300995685 32.17735474098914 32.18042792906214 32.178147337794215 32.175393995233584 32.17864196666574 32.19581244838892 32.2356452138436 32.30649593845175 32.414739149107064 32.56319136922404 32.74987600822625 32.96715422160744 33.20124795315213 33.43246839740051 33.63649322284621 33.78673969662328 33.85760588921165 33.82817732943344 33.68582350963838 33.428973216814946 33.06830513941673 32.625177722148486
31.951734076989645 31.86323020558589 31.76619240111706 31.663747695869148 31.560509498504597 31.462751054921966 31.37825805958779 31.31550485737255 31.28199797860723 31.282214269105978 31.316124643202325 31.37918398016745 31.463790321374397 31.56133503251159 31.663849594554634 31.76482001122282 31.859328857548437 31.94388712703474 32.01621506949085 32.07507042364857 32.12013456735263 32.151950511655 32.17191674994611 32.182345048618544 32.186575445548485 32.18910660155071 32.19564925371522 32.212960437583874 32.248303166180634 32.30845480579675 32.398373369883174 32.51981484476583 32.67019744601075 32.84185083563833 33.02173463843152 33.191832722329316 33.33046160148659 33.41454254939833 33.42263116363828 33.338288103269186 33.15319643130217 32.86922912739257 32.49811194360072 32.055263543224434
31.892557891858036 31.788583672943115 31.67336166913825 31.549973663899934 31.42340873387025 31.30113314023868 31.19328726985197 31.111763309340727 31.06767929758855 31.06788377621495 31.112338819856877 31.194112243207883 31.30198260402654 31.423927194999095 31.549639320680097 31.67143961706616 31.784073034800286 31.884145764810828 31.96964595577555 32.03964860671386 32.094151683349 32.13398200476068 32.16074588441678 32.17682410622785 32.185408569280774 32.1905523471691 32.19716532398596 32.21084887561177 32.23745114394502 32.28227411895095 32.348989492441454 32.438467795246865 32.54778453131941 32.669602559613956 32.79205721506988 32.89928195349745 32.97271629387859 32.99321672530576 32.943771482659564 32.81237477550086 32.5943072618258 32.292401626921325 31.91217631491182 31.447413637083628
31.83339229291985 31.7135864092014 31.579213867501295 31.432947591916825 31.279822367820348 31.128450004253466 30.991870740904847 30.886646142643166 30.82908962051263 30.829529527900963 30.887864125223413 30.993579343230387 31.13021611741649 31.28109829196753 31.433066167193346 31.57734550425656 31.708679513648264 31.824124526652632 31.92220266928362 32.00246876591635 32.06531842602253 32.11188885531386 32.143988240233206 32.16404481776556 32.17507988275904 32.180692293828464 32.18501055326069 32.1925371943844 32.207797575175206 32.23473353519411 32.27586426378555 32.3313492877448 32.39816883450115 32.46963569065087 32.535396310409595 32.582029251345595 32.59430203082068 32.55703692044613 32.45731694576325 32.286393523251164 32.039966343600966 31.71433007825461 31.296450117742395 30.761431059019262
31.77572935748379 31.64030457817113 31.48646699645919 31.316061369507857 31.133748246726338 30.94914542455251 30.778710751165235 30.64501188879085 30.571290801118394 30.572541028632642 30.64845055671068 30.78351997619372 30.954265042690732 31.138099140523153 31.318611134689924 31.486157192778112 31.635932265827122 31.765859629674438 31.87528413552595 31.964408621732264 32.03411100438745 32.08587473755478 32.12172236395832 32.14413694725756 32.1559858655715 32.16045198218385 32.1609510875537 32.16098768500322 32.163887687141944 32.17236054703956 32.18789389701676 32.21006279019192 32.235910611782 32.25958947535181 32.272420228408826 32.263463507193194 32.22059215834639 32.131885302890424 31.986847162447322 31.776408098066415 31.490157793031187 31.11132058384082 30.623225201102688 30.066069396478916
31.72051445728868 31.570281805018602 31.397466559286215 31.202707621978316 30.989893795391165 30.76948527391492 30.561772722696627 30.39645707506715 30.305132632370647 30.308326165647703 30.405199824228834 30.573944441460487 30.78254804189508 31.001605311262004 31.211328946906896 31.40156770113024 31.568442192324774 31.711119973272915 31.83000583468909 31.926079345059904 32.000764443482474 32.05592303405696 32.09381520086115 32.11700864049366 32.12826519170101 32.13042781464982 32.126308146876134 32.11855030080329 32.10943208399718 32.100569267980354 32.092517476416866 32.084316656081555 32.073078403008445 32.0537497199247 32.01917327313477 31.960490019388814 31.867783227013057 31.730622098623527 31.53786246598494 31.276180591341063 30.929496656985258 30.49117552724947 30.01195044981347 29.66662872452474
31.667808342888836 31.504084041892398 31.313583906359817 31.095517572487115 30.852778286744353 30.59660262928203 30.351382512739356 30.154540701868132 30.046586683990213 30.053655951725855 30.17382320060973 30.378090651705524 30.625243375973664 30.878896255972137 31.116162868287518 31.326815210286423 31.508260155281924 31.66113163417807 31.787005660354133 31.887687378367957 31.96516947059297 32.021710665703566 32.05983591048579 32.08224338402476 32.09166154771585 32.09069759807352 32.081696582765446 32.066606820616585 32.046831381240295 32.02304285070185 31.994952281492235 31.96105098923215 31.91837583583664 31.862366621825704 31.786865227884974 31.684230193897996 31.545410114951718 31.35973989482752 31.114683606145473 30.798171376562955 30.412238692219052 30.009749247689836 29.735774516641595 29.783693610003642
31.616519966332152 31.440890517373788 31.23458111705361 30.995378852675454 30.725252133361042 30.436365462556754 30.157344119938863 29.933185527694857 29.812659749080645 29.826494596326132 29.970836074462355 30.209307665921507 30.491977026049266 30.776280650292183 31.036942708563043 31.264075349646458 31.456519238756975 31.616371734862653 31.746328779123957 31.848974217909614 31.92684486177429 31.982597438629462 32.01904966165369 32.03908691328293 32.04549281071583 32.04076125618471 32.026925851735676 32.005419114914005 31.976956268162045 31.941429811724227 31.897802780029178 31.843998625478733 31.77679746497668 31.691750538397333 31.583106432833354 31.443715774064927 31.264948114435693 31.03717368633016 30.753119226172345 30.41974907641399 30.084284962755408 29.860171576554617 29.8971134779275 30.25820172387797
31.5642809287511 31.37824685050084 31.1581385717549 30.90056110278418 30.606956012342152 30.290844472227484 29.98514451723225 29.741596891227694 29.615415846149645 29.63987986993388 29.808121082991146 30.07684743757455 30.38895951605371 30.697363002141582 30.975439465558118 31.213994865944645 31.413232772415782 31.57650446645228 31.707434830714064 31.809261332757107 31.88500309916065 31.937702822053332 31.970498995418744 31.986528087683986 31.98872754169877 31.979610401609982 31.961061385992345 31.93418130345393 31.899187485289023 31.855363903513123 31.80104629933299 31.733624404438793 31.64954321141517 31.544287893474372 31.41235837432399 31.247354268313188 31.042715004020838 30.794780566467537 30.511614253610826 30.230475541628604 30.035285337544387 30.040827567228273 30.314232801037257 30.795258691796263
31.507496212545412 31.312055140460053 31.07971300258236 30.8063107140176 30.493438091735776 30.156669210178183 29.833294997871455 29.58054899137354 29.45752895913134 29.49737689623064 29.688968383447932 29.98292992605919 30.31714040281223 30.64207233225464 30.930963288704433 31.175603155824717 31.377356088535446 31.540506424647514 31.669347089017545 31.767607183850146 31.83870968407033 31.886065862053048 31.913163901045728 31.923459471213828 31.920147886228488 31.90589800606749 31.88260901329633 31.851230180303002 31.811664201932615 31.762756327782487 31.702354994416766 31.627417755200067 31.534135060602193 31.41806963472557 31.274407757272193 31.098707836020772 30.889198361709507 30.652659959074096 30.415691046179383 30.23718583403825 30.203469008463884 30.382919110250917 30.761506113469533 31.245848294009054
31.44154591751812 31.236782151369948 30.992747049325946 30.705050529024895 30.376314854398494 30.02509516280048 29.693242496586624 29.44212178981957 29.33190988812811 29.392725655613944 29.607877693269103 29.92277049860517 30.272441577371932 30.607021360261843 30.900763570315043 31.14669808036409 31.347135366956415 31.50697613685951 31.630929068495405 31.723059352680167 31.787118304734484 31.826869010444042 31.846178203644264 31.848889535676108 31.83856212927353 31.818159565937115 31.78975897099817 31.75433330705878 31.71164282874314 31.660250922287315 31.597656201719015 31.52051508270396 31.42493392292531 31.30686824417836 31.162839580018193 30.991560377728756 30.797629335758035 30.59854366016228 30.43362349708758 30.365550088108854 30.458131100329577 30.730327479350393 31.13255716083245 31.592926532045247
31.361057638031813 31.14577525849359 30.8890882465626 30.587015724919148 30.24429349671277 29.883603152892448 29.55168191148524 29.312716073263996 29.225211509398797 29.313458944960193 29.55388363671514 29.887332200077616 30.247849151824507 30.587008137644172 30.881082994753694 31.12459555346693 31.320662619325663 31.474567653680385 31.59124244518101 31.674964923642605 31.729750927145016 31.75969804378313 31.769074568914245 31.762175329520225 31.743027934112327 31.71503408023664 31.68062008393853 31.640962814888994 31.595847780842224 31.54369638719136 31.481768872712856 31.40652366487843 31.314122835740022 31.201157461585854 31.065874228619116 30.910523851669335 30.745663127803695 30.596303131305508 30.505945859219857 30.528600928566128 30.701127745673556 31.012474289131802 31.41086271750993 31.853159254933782
