_RESULTS/REVERSE_NEW/Berg/TZ/1comp/Berg_TZ_z_90_kriged_reverse_1comp.asc
ncols 100
nrows 90
xllcorner 5.6208707817415728
yllcorner 50.959635321741573
cellsize 0.00013419651685393446
nodata_value 1.7014100000000001E+038
[rows 0 to 19 of 90, columns 0 to 43 of 100]
9.333328072528516 9.333328074736274 9.333328076976017 9.333328079322827 9.333328082158381 9.333328086518383 9.333328094729964 9.33332811155114 9.333328146153104 9.333328215466336 9.333328349640043 9.333328600618945 9.333329055061137 9.333329852893222 9.333331212543898 9.333333463067934 9.33333708168384 9.333342732453028 9.333351297864128 9.333363890302818 9.333381825832369 9.333406540372263 9.333439431157474 9.333481617530607 9.333533636719377 9.333595120762341 9.333664532648593 9.333739059037084 9.333814747291816 9.333886927526752 9.33395088822648 9.334002714900706 9.334040200623802 9.334063800874453 9.334077649574898 9.334090518474703 9.334116174140771 9.334171982547348 9.334274254592836 9.334429270033263 9.33462047949981 9.334794863526454 9.33485411892305 9.334658268373536
9.333328087877836 9.333328093062725 9.333328098278738 9.333328103506961 9.33332810917534 9.33332811669685 9.333328129448084 9.333328154506392 9.333328205658924 9.333328308471748 9.333328508559333 9.333328884592195 9.333329567935275 9.333330770955241 9.333332825698774 9.333336233445426 9.333341723120576 9.333350312288772 9.333363358258417 9.333382579154872 9.333410017212154 9.333447912148852 9.3334984562082 9.33356342002086 9.333643674095532 9.333738682866409 9.333846104519699 9.333961664787001 9.33407945273384 9.334192685886622 9.33429482100278 9.334380714662856 9.334447483529589 9.334494874628843 9.33452528666489 9.334543826148737 9.334558583078076 9.334580547253964 9.334621658988153 9.334689221963405 9.334776003888583 9.334847818964338 9.334833419600434 9.334623865242946
9.333328121255477 9.33332813305859 9.333328144919443 9.333328156531405 9.333328168209421 9.333328181710911 9.333328201710382 9.333328238391012 9.33332831190381 9.333328459851687 9.333328749481103 9.333329296861129 9.333330295872328 9.333332060066542 9.333335079983861 9.333340096732458 9.333348188812387 9.333360862552203 9.333380126710034 9.333408519270485 9.33344904154225 9.333504946379941 9.333579331997612 9.333674520886245 9.333791263690168 9.333927900706227 9.334079721049862 9.33423883832515 9.334394886151474 9.334536661155958 9.334654485964652 9.334742619671687 9.33480073947395 9.334833659050751 9.334849192560613 9.334855141833112 9.334857025351576 9.334857625516864 9.33485773863346 9.334855814936668 9.334844011692319 9.334800230925838 9.334679184635496 9.334408662348956
9.333328191706904 9.333328217749438 9.33332824398879 9.333328269409416 9.333328293808652 9.333328319033997 9.333328351170257 9.333328404330702 9.33332850711662 9.333328713394982 9.333329119803468 9.333329893259279 9.33333131253778 9.333333828329296 9.333338145457057 9.333345328223313 9.333356923942555 9.333375089324829 9.333402688581362 9.333443311390045 9.333501136493286 9.333580550699368 9.333685437318696 9.33381809135931 9.333977819403868 9.334159446641497 9.334352161114865 9.334539311428761 9.334699824730961 9.334811681041497 9.33485725249496 9.334829323956278 9.334735581095963 9.334598957676427 9.334452238386708 9.334327881509246 9.33424701262673 9.334212736251859 9.334210754713672 9.334215757739393 9.334198440937014 9.334128198714259 9.333970476830574 9.333682736054676
9.333328336123037 9.33332839183745 9.333328448218356 9.33332850268227 9.333328553614823 9.333328602221073 9.333328655730128 9.333328732847237 9.333328872916008 9.333329151071483 9.333329702732216 9.333330761998262 9.333332719621716 9.333336206649095 9.333342208660087 9.33335221130541 9.333368368623447 9.333393669137454 9.333432049158448 9.333488368124664 9.333568121729625 9.333676737230093 9.333818294136728 9.333993574618555 9.334197506405099 9.334416339388335 9.334625282628666 9.334787745328716 9.334857609916602 9.33478585436585 9.334532000536045 9.334079026888933 9.333447675768618 9.33270353241499 9.33194998996995 9.33130448920623 9.330864032121921 9.330674181640768 9.330716511431127 9.330920084288369 9.331189065975808 9.331431127836707 9.33157455153754 9.3315717344382
9.33332862373758 9.333328739374611 9.333328856975013 9.33332897071746 9.333329075754984 9.333329170973514 9.333329263649953 9.333329377186006 9.333329563859929 9.333329925651329 9.33333064765276 9.333332050244339 9.333334667677454 9.333339361182592 9.33334747276419 9.333361019238227 9.333382911647632 9.333417159103377 9.333468974778791 9.333544644253552 9.333650948266161 9.333793870643719 9.333976301666748 9.334194518297775 9.33443344600913 9.33466113538655 9.334823541195426 9.334841531437164 9.33461293535803 9.33402303680105 9.332966584363026 9.331382033615165 9.329293130384759 9.326844137172536 9.32430689435803 9.32203931340309 9.320394012476044 9.319607877825979 9.319725256447146 9.32059528360716 9.321941192355611 9.323459765222848 9.324902130828999 9.326110695580102
9.33332918042164 9.333329413408538 9.333329651519971 9.333329882576406 9.33333009499658 9.3333302819164 9.333330447938453 9.333330619996927 9.333330864820828 9.33333131695126 9.333332223211066 9.33333401172996 9.333337395519521 9.333343520984457 9.3333541685276 9.333372002125975 9.333400842407 9.333445896905403 9.333513815280938 9.333612342941223 9.333749229384196 9.333929930075577 9.334153568851768 9.334406672757645 9.334654441661602 9.33482986431779 9.334821932290284 9.334465637107444 9.333538496706927 9.331771101923366 9.328882062260291 9.324648371424592 9.319014935907663 9.312224315859883 9.304909719325332 9.298064404088963 9.292825497392407 9.290114803723995 9.290304473269199 9.293099484486996 9.297700090633573 9.303129541331103 9.308538924122567 9.313367794777918
9.333330227791748 9.333330683732093 9.333331151841731 9.333331607952331 9.333332027312567 9.333332390772565 9.33333269458053 9.333332965570714 9.333333284778387 9.333333824415037 9.333334905662351 9.333337087594776 9.333341299891513 9.333349032129922 9.33336258724222 9.333385391001423 9.333422315399757 9.333479911103229 9.333566341370355 9.333690658758954 9.333860869505429 9.334080012347588 9.3343392905321 9.33460721620624 9.334813849045293 9.334829639265841 9.33443927966561 9.333312730607357 9.330979214282593 9.326817457730073 9.320089060433393 9.310059951771278 9.296262155648058 9.278906613043361 9.2593271873139 9.240151861954047 9.224847826272367 9.216592985366518 9.216987430220161 9.2254066922318 9.239411149016197 9.255874108882688 9.272089249098952 9.286342695789163
9.333332143505087 9.333333010502797 9.33333390429176 9.333334778879191 9.333335584969866 9.333336279327614 9.333336839077145 9.333337282932318 9.333337702860458 9.333338312073707 9.333339518450066 9.33334203609746 9.333347050611597 9.33335645319683 9.333373150721071 9.333401435382669 9.333447347287622 9.333518869718906 9.333625641265742 9.333777634618725 9.333981933221915 9.334236348944689 9.334518202767157 9.334766176104242 9.334852738914865 9.334544223758705 9.333445162984342 9.330923696623591 9.326018511052993 9.317342654050044 9.303040473061602 9.280934543127515 9.249094421115347 9.207033399460329 9.157350614512092 9.106843369556982 9.065605330347012 9.0435337465507 9.045878509803483 9.070817450222897 9.110737796064077 9.156076421749145 9.199007238972488 9.235120984973433
9.333335549891537 9.333337152362791 9.333338810179686 9.333340438876139 9.333341945230323 9.333343241557918 9.333344266760927 9.333345016116922 9.333345583565126 9.333346223160973 9.333347440380473 9.333350128452814 9.33335576825435 9.333366709108986 9.333386535798317 9.333420493417291 9.333475869486474 9.333562097916095 9.333690122240194 9.333870205618092 9.334106879128733 9.334389064118936 9.334672564378549 9.334850997006845 9.334709506842822 9.333852628686373 9.331592519234015 9.326776511116007 9.317528862721494 9.300902245045927 9.272534922827393 9.226674696707727 9.157356685400863 9.06167951205915 8.944959960430676 8.82460982489695 8.72761916774543 8.680052850988007 8.694410000395129 8.763708314708127 8.86612630089457 8.97623024480647 9.074991233587335 9.15349136862084
9.333341437265746 9.333344316472743 9.333347303746258 9.333350248840546 9.333352982741069 9.333355339638839 9.333357188153517 9.333358473394593 9.333359273418873 9.333359877136667 9.333360895653348 9.333363424571047 9.333369278705472 9.333381318394967 9.333403869517396 9.33344319271399 9.333507857629705 9.33360869111476 9.333757650152789 9.333964470364068 9.334229205210265 9.334527726928771 9.334785748255788 9.334834517188142 9.334336981652863 9.33266470397065 9.328689452701925 9.320425912714017 9.304430636092691 9.274878297236627 9.222464276062322 9.134040141381341 8.995286722915939 8.79933765597523 8.560228993448934 8.32068944749434 8.14119581147644 8.07272615604028 8.132222965272838 8.296260244538924 8.514512197295828 8.734006896887088 8.919301448801074 9.057954604367564
9.3333513242623 9.333356352423456 9.33336158073423 9.333366749818163 9.333371564405267 9.333375727228837 9.333378985556033 9.33338119088168 9.333382374417223 9.333382845141545 9.333383323199158 9.333385128199629 9.333390446579115 9.333402698612247 9.333427002671394 9.33347067246318 9.33354355100372 9.333657737059204 9.333825834122328 9.334056172226033 9.334342420107724 9.334643451921544 9.334846869799959 9.334705216809132 9.333725243697543 9.330972441409203 9.324716057364538 9.311772896067794 9.286320741034299 9.237959899970196 9.14933302344196 8.995552325665953 8.751185094061869 8.410668680160395 8.014130937472931 7.649966245018351 7.418263969582226 7.382827367152239 7.546224789073955 7.853113064819118 8.215672482261384 8.552262291194863 8.817107065440947 9.00283635860774
9.333367448037217 9.333375979153187 9.333384861932487 9.333393661384743 9.333401879307937 9.333409006510477 9.333414592055188 9.333418327964049 9.333420150059238 9.333420360545336 9.333419785260638 9.333419986723742 9.333423559486906 9.333434529333262 9.333458848398308 9.333504899819786 9.33358375850328 9.333708640377886 9.333892430736523 9.334141306967274 9.334441108592603 9.334730966619066 9.334855084482196 9.33447668338259 9.332923680363681 9.32890422172401 9.319964223986117 9.301437549210167 9.26448475940873 9.192884888749951 9.05947924305836 8.82730158323479 8.46632081909631 7.990612000796263 7.487267631367163 7.090504392940044 6.913497231461959 6.999818060062705 7.314395054002472 7.759694586692864 8.21624322821762 8.595687634443603 8.86731149921564 9.043549648865632
9.333392959319454 9.33340700974247 9.333421644071745 9.33343615352591 9.333449725968398 9.333461525870952 9.333470796339533 9.333476978053604 9.333479842642847 9.33347964418861 9.333477301492094 9.333474633458199 9.333474675979488 9.333482102159742 9.333503731745227 9.333549020727073 9.333630220630496 9.333761518323053 9.333955813490089 9.334216728975758 9.334521772410236 9.334789858532867 9.334821635122925 9.33419162435604 9.332050819913954 9.326753450676115 9.315127865025662 9.29104638516574 9.242784026334878 9.14899652410525 8.975585369958731 8.68219353950191 8.251764745521331 7.735849942366276 7.263491957756861 6.980129101608392 6.971954798112987 7.233576916961621 7.674482180132401 8.15847790994723 8.570884883837167 8.864771686402433 9.050830817927219 9.161063390680015
9.333432068339489 9.33345449920985 9.333477837475568 9.333500961620754 9.33352259436138 9.333541423818218 9.333556250757557 9.333566151113182 9.33357064731707 9.333569890560979 9.333564867220003 9.333557653450333 9.333551747607203 9.333552501149102 9.333567626463779 9.333607650939802 9.333685956006713 9.333817607288688 9.334015437156046 9.33428063293562 9.334583172767454 9.33482433595053 9.334767951959783 9.333915903119953 9.331279283595721 9.324944412194029 9.311229738536401 9.283074593862098 9.227264733442677 9.12096398825262 8.931599468315856 8.630626224221736 8.229173793146206 7.811389811239147 7.513028304495331 7.446044841340223 7.635056905062205 8.004619459666172 8.420804416353366 8.769432398658042 9.007653121346216 9.150102192833499 9.229116964734278 9.271465067967318
9.333490046608759 9.33352468322932 9.333560612508585 9.333596113017721 9.333629252906668 9.333658071085736 9.333680782506395 9.333695988441997 9.33370288212083 9.333701454161321 9.333692716431191 9.333678972899351 9.333664167554883 9.333654324801094 9.33365804897065 9.333686930923223 9.333755461117796 9.333879582916072 9.33407222184409 9.334332844550845 9.334626099345522 9.334841374757497 9.334719455392328 9.333721324320427 9.33079086542088 9.323916003469588 9.309312533227226 9.279985962804455 9.223647798537707 9.121326432396565 8.951588231619178 8.708232026759068 8.428734117550007 8.202559640128936 8.12844536510757 8.246242378589617 8.504119225296446 8.793767098157081 9.026341292793168 9.175074191838831 9.256838262133913 9.297762980655115 9.317038323010594 9.325639835282724
9.333572939981979 9.333624505124847 9.33367767925268 9.333729903256833 9.333778383077696 9.33382035686985 9.333853366248093 9.33387550070148 9.333885607711137 9.333883488194534 9.33387011595414 9.333847923389367 9.333821182706517 9.33379648190529 9.333783236662129 9.33379405844402 9.333844551641441 9.333951646056228 9.3341287727079 9.33437492864597 9.334652766566993 9.334847916254905 9.334696877577986 9.33366185694701 9.330713770741191 9.323955350995373 9.309986816090603 9.282975028185334 9.233836863750328 9.15134436490732 9.029010757871415 8.879860846738206 8.748457916630855 8.696523404730991 8.758466133287643 8.90729404495413 9.07388108208357 9.202237258825518 9.278426856752114 9.315480845138572 9.330307777932163 9.334539369258987 9.33467612281887 9.334003745245516
9.333686802506111 9.333760460136604 9.333835625803516 9.33390862150014 9.333975618782837 9.334033028717501 9.334077831174703 9.334107795500747 9.334121602765128 9.334118937525977 9.334100645231779 9.334069034960427 9.334028353772588 9.333985389045326 9.333950077765547 9.333935890453477 9.33395954215539 9.334039162266064 9.334189319797993 9.334410155409818 9.334666228560664 9.334848399203823 9.334708747510927 9.333753408492537 9.33107073601532 9.325066963489368 9.313106377673504 9.29120391737284 9.254394187555032 9.199247500092875 9.129990879693512 9.065495329031297 9.036387025335681 9.064195694686516 9.138671135610824 9.223428654851574 9.287017733797098 9.321333775832654 9.33374126991669 9.333941147092853 9.328940199216282 9.32316893156679 9.31929410636632 9.31858130704585
9.333836242266925 9.333936451795493 9.334036880222424 9.334132425261583 9.33421819588321 9.334290081897798 9.334345098578845 9.33438143066671 9.33439823903868 9.334395422619396 9.334373576473572 9.334334319894008 9.334281014133875 9.334219721031666 9.334160131736311 9.334116112911548 9.334105390039067 9.334147582629216 9.334259206552737 9.334443310705446 9.334670154676413 9.334843884384494 9.334748745013988 9.333967567303867 9.331767466214727 9.326962279305375 9.317817209359449 9.302219021821873 9.278626521150011 9.248420277900959 9.21904312206572 9.204018600394322 9.214899143651307 9.249307253860328 9.290206696548333 9.320306918556785 9.33364049749148 9.33331416188701 9.324749197654961 9.312697855476179 9.301019182603422 9.292725820038521 9.289736951507631 9.292612150060183
9.334022115736213 9.334150404291922 9.334274902076578 9.334388778391187 9.33448638083202 9.334564086402029 9.334620556935358 9.334656267340947 9.334672493514793 9.334670241518603 9.334649698835037 9.33461060537234 9.334553550904728 9.33448180552464 9.33440306543058 9.334330485654476 9.334282438666976 9.334280365758445 9.334343709709247 9.33448021240036 9.334668998503574 9.33483323111378 9.334799423357437 9.334243175741706 9.332629746312229 9.329181264304069 9.322957462601453 9.313232755712564 9.300402526394675 9.287300681823925 9.279629883998789 9.283212344283493 9.298393845683176 9.317722530088107 9.331463308533685 9.334603746697377 9.327610014609606 9.313395263243047 9.2954815922122 9.277601231938672 9.263371046237486 9.255696369068387 9.256166570851729 9.264696591734516
