_RESULTS/REVERSE_NEW/Berg/TZ/1comp/Berg_TZ_z_500_kriged_reverse_1comp_test2.asc
ncols 100
nrows 90
xllcorner 5.6208707817415728
yllcorner 50.959635321741573
cellsize 0.00013419651685393446
nodata_value 1.7014100000000001E+038
[rows 0 to 18 of 90, columns 43 to 85 of 100]
0.38351884687329146 0.3963437633213229 0.40607544908365334 0.41173770848723773 0.4128323424091691 0.4094344117914551 0.40215941524549886 0.39201768361454215 0.3802058668865372 0.3678980711475175 0.356086980235037 0.3454973278695255 0.33656647328881484 0.3294712914694491 0.3241785489944418 0.32050187135136576 0.31815602750428673 0.31680490930826244 0.31610239122958583 0.31572592126780086 0.3154023702739413 0.3149253185059847 0.31416311465765856 0.3130577858869984 0.31161596113073287 0.3098940029248774 0.30798017577743136 0.3059767352182539 0.30398433486555837 0.3020903123500744 0.3003614811562844 0.29884124057460054 0.2975502463429878 0.2964895920436467 0.29564540056721694 0.29499384866019407 0.2945058733719438 0.29415107393176565 0.293900577292147 0.2937288466491362 0.2936145612542315 0.2935407785492131 0.2934946136434929
0.3811704476985465 0.396145033905253 0.4082338285180006 0.4162174634829365 0.419360164739503 0.41755689881443636 0.41133505336141607 0.40171660260925074 0.3899915512972796 0.37747473182444735 0.3653097662756304 0.35435360844794045 0.34514091151376564 0.33790590916935087 0.33263482309041353 0.32912817931884536 0.3270617548775517 0.3260420251227294 0.32565541967150835 0.32551115702056055 0.3252764618350524 0.3247020283268382 0.3236355916676758 0.3220226268159361 0.31989511907763574 0.3173513165161397 0.3145306805469092 0.3115885157861242 0.3086740249514237 0.30591416692584694 0.30340417742458226 0.3012043359381783 0.2993417327917674 0.2978154247389232 0.29660337076023197 0.29566977893559765 0.2949718506525425 0.2944652912535439 0.2941083073393228 0.29386409389612117 0.293702010714818 0.2935977544376261 0.2935328607394612
0.3757183300930642 0.3923559248311776 0.40650892548672374 0.4167502614587337 0.4221085045507034 0.42226889343669455 0.41761940078626364 0.4091341421831855 0.3981416172512023 0.386055899488941 0.37414639581722836 0.36339144645015825 0.3544218098548658 0.3475323851361895 0.3427322801732455 0.33980934433024546 0.3383960092909998 0.3380318890208331 0.33822262437652384 0.3384945153501629 0.33844251528040287 0.33776728163745845 0.3362967045055988 0.3339891454499466 0.33091891389141204 0.32724800146161387 0.32319048420414237 0.31897655559663246 0.31482194200793595 0.31090617013929145 0.30736069376886493 0.30426593330590945 0.30165513746021955 0.29952259875211257 0.29783391851954755 0.2965364715509465 0.2955687742698772 0.2948679981546882 0.294375332167598 0.294039255892502 0.2938170273202764 0.29367481737018764 0.293586951747253
0.3689823000808895 0.38657877281836467 0.4022229166740252 0.4143449735540045 0.4217750133515802 0.423991071369754 0.4212131090785186 0.41431830054937857 0.4046175256000667 0.39357307659446106 0.3825417875999601 0.3725996267324732 0.36446178739533 0.3584794910008178 0.354682603283847 0.3528420938086512 0.35253796944547944 0.35322814917985335 0.3543181830718335 0.35523098103235545 0.35547216082581384 0.35468326944444467 0.35267442691107836 0.3494307967930825 0.34509276897916336 0.3399156533863885 0.33421873873384816 0.32833447220524936 0.32256641743985814 0.31716082756558356 0.31229272294209687 0.3080644501246554 0.30451322653956703 0.30162393689107186 0.29934396580613115 0.2975976766839662 0.29629898937899596 0.29536123658541785 0.29470405323542476 0.2942574745482829 0.2939636938065869 0.29377707050860274 0.29366300112296356
0.3634444892895322 0.38116201998208926 0.3975031125805927 0.41083626054594335 0.41986006565584805 0.42388333718216015 0.42296172133237214 0.4178495130241376 0.40979543222466885 0.40025986036700517 0.39064216077749436 0.3820821680343904 0.37535750232805837 0.37086226989337023 0.3686373050043186 0.36842565285543705 0.3697390090235684 0.3719315489636 0.37428202165294283 0.37608277718610345 0.37672834610790706 0.3757905945527013 0.37306618533480956 0.3685865974643167 0.3625897848851313 0.35546208857811024 0.34766548615829146 0.3396665286250949 0.3318796751105226 0.3246314373528928 0.3181455480023474 0.31254516403536514 0.3078663963733504 0.3040776515525749 0.3011004544252325 0.29882883336648586 0.297145583270632 0.2959346572948643 0.2950896022825422 0.29451840428266196 0.2941453914884463 0.2939109746701854 0.29377000896164357
0.36183684313730263 0.37877907445387166 0.3948829756591434 0.4085342878998819 0.4183819918559968 0.423630940382343 0.424207908566135 0.42074695925846134 0.4144106154891439 0.40661788629866513 0.39876761305359465 0.3920254859045994 0.3872022184858178 0.38471318866496135 0.3845924565563493 0.3865365400192137 0.3899655813697801 0.39410079543408066 0.3980609286439711 0.4009757442292883 0.40210472731827096 0.4009404951912569 0.39727457761524265 0.3912103822702397 0.3831217003635813 0.3735695413073038 0.36319978960700633 0.3526458228779448 0.3424541944227458 0.3330414289729065 0.3246805251897182 0.3175099265929667 0.31155599673396556 0.3067611482432388 0.30301205757215194 0.3001646531547959 0.29806427703593613 0.296560547397281 0.2955171456218866 0.29481717519886785 0.2943649838770963 0.29408544122788655 0.2939216366386885
0.36672587951524327 0.3819643055061887 0.3968181960596147 0.40975405848082913 0.4194495169419275 0.4250805816482631 0.42650016421418985 0.42424787482422566 0.4193970588177723 0.41330120435350154 0.40732381012336627 0.4026202360508212 0.40000222894265164 0.3998795955262441 0.40225575818495246 0.4067561518122687 0.4126811010972876 0.41908633945389334 0.4248967089909572 0.429049874238207 0.4306517880347524 0.42911331331669295 0.42423588042969657 0.4162251591052617 0.4056309091410162 0.3932311780105582 0.37989269422390454 0.3664416213583352 0.35356958508598096 0.34178452274796234 0.331401976719304 0.3225647270209372 0.31527741106432955 0.3094455008779365 0.30491190036387106 0.30148775694395685 0.2989762979492186 0.29718974750696 0.2959600143944678 0.29514416139218647 0.294625825373153 0.29431379995429696 0.2941389222674482
0.3801266854340171 0.39267498384083205 0.4052136857299888 0.41633282211973305 0.4247980480921655 0.42982067542515046 0.4312339039784187 0.42951620630762966 0.425660826024248 0.42094403557904403 0.4166688869135993 0.4139496782574441 0.4135684154778826 0.4159008594121753 0.4208932163813998 0.42807352926965675 0.43659532763989956 0.44532255760352374 0.4529644940739515 0.4582547701308669 0.4601470831018997 0.45798502508948935 0.4516045762436252 0.4413441282096398 0.4279609213828951 0.4124774470862193 0.3959997243661883 0.37955338133642935 0.36397048771826856 0.34983771703529026 0.3374968038392953 0.3270786802851189 0.3185527067698578 0.3117775393228806 0.30654610577534475 0.3026216523486479 0.29976444439213734 0.29774992961571134 0.29637963297321224 0.2954861983378616 0.2949340286102187 0.2946169437834782 0.29445415625922366
0.4030145113466585 0.41180438602939795 0.4209422527816047 0.4291624437080204 0.43534769942827456 0.4387783652604783 0.4392987164045437 0.43734651856479856 0.4338410195473439 0.4299733114373131 0.4269672744004376 0.42587112402905325 0.42740979156013925 0.43189807349190534 0.4392001555391944 0.4487256186912994 0.45946650297255087 0.47009069184192726 0.47910223219520254 0.48505711586051453 0.4867952764493036 0.4836348673360971 0.475482141022627 0.46283169630184673 0.44665723015860487 0.4282200161640264 0.40884634999014635 0.3897322695594103 0.3718164875863301 0.3557316476452448 0.3418183981915458 0.3301762524872827 0.3207276020803496 0.31327934681383085 0.3075745847773078 0.30333220630207086 0.3002750008433805 0.29814791303011295 0.29672828656784717 0.2958298810361505 0.29530236096582346 0.29502785487154487 0.2949160137514123
0.4345250769409695 0.43849774264951025 0.44326535983524423 0.44769989808161725 0.4507886580706142 0.4518681656096038 0.45078262585659223 0.44791901906629533 0.44411177632913085 0.44045351230746393 0.4380721739621639 0.4379297323699684 0.44067178079000474 0.4465305229560625 0.45527154923939284 0.46618060747051987 0.47810123176687525 0.4895425609210433 0.49886630977379315 0.5045326066965258 0.5053538082935347 0.500695751780919 0.49058086203442 0.4756711173044574 0.4571321759346384 0.43640897238840504 0.41497300195557907 0.3941098308250181 0.37479150976153797 0.35763971677036366 0.34295645103792866 0.330790090273012 0.3210103322527081 0.31337625693144244 0.3075909621258264 0.3033418370885455 0.3003280492338743 0.29827751278684084 0.2969555621773975 0.2961673605863241 0.29575592275295104 0.29559749228223875 0.2955958072777544
0.47083997770269076 0.4692889459289506 0.4691856174839252 0.4694925583313179 0.4692361992423769 0.46773961402204794 0.4647844663969737 0.46065821076356195 0.456076746116557 0.452012536371492 0.4494828014434346 0.4493506674330575 0.4521702446414539 0.4580822654252581 0.4667557539407452 0.477376563461537 0.4886962459994324 0.4991590973093286 0.5071096931274639 0.5110513879636417 0.5098989549496064 0.5031656588843839 0.4910434308025534 0.47435738827099677 0.45440024585296396 0.43268561029346775 0.4106892728280283 0.38964827270045893 0.3704549702302465 0.3536420993679136 0.33942930820643713 0.3277975694704868 0.31856658600177185 0.3114618302484177 0.30616659513418293 0.3023592403873497 0.2997376978367773 0.2980336588882973 0.29701872108047717 0.2965045957116062 0.2963393671946958 0.2964016666893729 0.29659438508436414
0.5043930184295643 0.4975653855449245 0.49311499245104684 0.4899947208429632 0.48714692246766406 0.4837547929644598 0.47942562635874 0.47426251905157285 0.4688095612085272 0.4638940042531682 0.4604169159084061 0.4591475936172247 0.46055911434172436 0.46471886733853507 0.47123469037276206 0.4792586329217863 0.4875578213108447 0.49466131248467815 0.4990748104583254 0.49952792591879497 0.49519915016713767 0.48586446595047333 0.47193273317457235 0.45435617525045296 0.43443645579709 0.41358047616762383 0.3930755951061403 0.3739377902219043 0.3568496752737173 0.3421726040363878 0.3300026791955681 0.32024260048646597 0.3126708891864451 0.306999624536482 0.3029182382823769 0.3001240844084784 0.2983416061639205 0.29733212878578635 0.29689631145506595 0.29687132957142487 0.2971248888396727 0.29754808038720937 0.29804880021014846
0.5246725854277388 0.5143170489890667 0.5075488871744215 0.5031525602778195 0.49981122214347184 0.4963942326426274 0.4921812949685595 0.48697583523494103 0.48108223129056693 0.47516113710454966 0.47001290490123304 0.46635224789283675 0.46462474936694714 0.4648909326604955 0.46678376406167094 0.4695381679753497 0.4720906971678922 0.4732429224589942 0.471867982540552 0.4671215348213955 0.4586077833337094 0.4464565528939977 0.431288907867243 0.41408113535399743 0.39596899916005635 0.37805058444546247 0.3612374581610751 0.34617702122204486 0.333241023551263 0.32255922206547855 0.314074831478193 0.30760415843901884 0.3028903445060224 0.2996469331970771 0.297590246554601 0.29646099603352616 0.2960361384285043 0.29613238005756315 0.2966031536641585 0.29733127091924594 0.2982196321785582 0.2991822571125307 0.30013748922081157
0.5212193838967475 0.5106432952479347 0.5050984292345247 0.5030031119257599 0.5025803528000135 0.5021825767734457 0.5005739540818195 0.49711037855015583 0.4917692131015837 0.4850257436081035 0.4776233415142729 0.47031295180204663 0.463633905839525 0.4577807417200583 0.452569058105905 0.44749176105633515 0.44184613595468 0.4349047131684732 0.4260944169225089 0.4151423133005372 0.4021500370661601 0.38757716432861083 0.3721422394684633 0.3566764587369995 0.34197595114934026 0.3286899109784037 0.3172611568018868 0.3079156145681344 0.30068603040728065 0.29545358746933104 0.29199500542069445 0.2900277178288113 0.2892493532471036 0.2893695501739212 0.29013283036149007 0.2913317498382614 0.2928103621474772 0.2944591575127631 0.29620374681739253 0.29799027586413385 0.2997707068729862 0.30149073748525157 0.30308241318625134
0.4878129935434717 0.4812979207329521 0.48134633485964445 0.4858862850523037 0.4925308661937115 0.49891649566236057 0.5030678305139902 0.5036944297950486 0.5003193795134946 0.4932025974530488 0.4831004567791431 0.47095414331756763 0.4576079750195002 0.44363106726212975 0.42926887356523125 0.41450804751668674 0.3992120699131975 0.38327591375487163 0.3667511239042531 0.3499063973606934 0.3332118678797343 0.31726159225370876 0.30266736514585624 0.28995984274768416 0.27952115362542096 0.27155573308443065 0.26609264407532723 0.26300746171931383 0.2620534687122429 0.26289636994938187 0.2651504134068797 0.2684150571618802 0.2723104092075298 0.2765079949357522 0.28075255124031817 0.2848713935780469 0.28877027074242567 0.29241751442593894 0.2958205697625858 0.2989999985103792 0.3019657909977452 0.3046997645022899 0.3071464798635315
0.42667456682965915 0.4280709866680248 0.43745630973448196 0.45239617889000927 0.46989455855134704 0.4867018787448798 0.49981347625110156 0.5069943910236894 0.5071083556609474 0.5001380907611718 0.48694165541264794 0.46887144849208606 0.4473902942187906 0.4237923401421104 0.3990820552447369 0.3739967511508639 0.3491098345355533 0.32494173783682884 0.3020265193441482 0.28091697694263834 0.2621426534331925 0.24615134181872256 0.23326245413873006 0.22364621577913346 0.21732687583709737 0.21419909107985238 0.21404624846231377 0.2165548545196732 0.22132591341945995 0.22788896607792902 0.23572527237790986 0.24430326464035332 0.25312339128121325 0.2617636848834946 0.2699148319963512 0.2773956201706589 0.284145345441113 0.29019629238493566 0.2956340190109594 0.3005546740045669 0.30502743569583346 0.30906774996067926 0.312624566749263
0.34976890146907064 0.36065515814494364 0.38083519768579494 0.4079183871285869 0.43848797745924634 0.4682849028503704 0.49288772105241657 0.50866137744648 0.5134897700764315 0.5069766685514082 0.4901895267646988 0.46517815134431273 0.43443271847058995 0.4004050185126093 0.36520261698178297 0.3304872491274021 0.2975141198248333 0.2672170412939473 0.2402758318705856 0.21715136002637375 0.19810460009470976 0.18322044819111005 0.17244473520619263 0.16562856157716208 0.16256707086025404 0.163021321469193 0.16671857686462946 0.17333437114768355 0.18246679150206627 0.19361788932093996 0.20619705244867803 0.21955498618297925 0.2330454889183592 0.24609987345696263 0.25829192980973126 0.26937375355369 0.27927326542550346 0.2880571151787553 0.2958718860735443 0.3028793988500852 0.30919960318696155 0.31487002596301056 0.3198265147290385
0.27325471888742936 0.29246070318124734 0.3222660907836658 0.360830632997589 0.4046485430519737 0.448421697298156 0.4858796533142356 0.5113954221788736 0.521462886316666 0.5152071073329643 0.4940562287049182 0.46110369659004014 0.4203364409158148 0.3757985384585239 0.3309367456527894 0.2883097179236114 0.2496050270337915 0.215796621877435 0.1873201587952349 0.1642243397491976 0.14630020940150057 0.13319559000720954 0.12451247784388575 0.11987905504405802 0.11898907256911517 0.1216061728520958 0.1275357186560432 0.13657146629276432 0.14843018764110127 0.16269383819516928 0.17878249160692924 0.19597657210932037 0.2134913940759579 0.2305855493953663 0.24666851382518554 0.26137193646378665 0.27456411440850925 0.28630898481769507 0.29678798244289945 0.3062092558914172 0.3147255192847068 0.322374635943045 0.32905048942419013
0.20927252057524182 0.23427869290703573 0.2712527503665117 0.3193002196985208 0.3751665919682168 0.4325637504445287 0.48298174920922915 0.5182067839904915 0.532995247414829 0.5260225302929501 0.49932351780840845 0.4574281946974487 0.40628298571652005 0.35183579817369526 0.29886989608932774 0.250560089093306 0.2086167818053074 0.17365854435505232 0.1455837091316638 0.12387064775752929 0.10780670611398287 0.09665629185989968 0.08977398920745117 0.0866673877220213 0.08701614535446969 0.09065421801738822 0.09752042986698826 0.10758179788236265 0.1207382136274703 0.1367271832887741 0.15505840347587888 0.17500989107178277 0.1957016419132419 0.2162319009439519 0.23583123135799042 0.2539798430106437 0.2704505234855095 0.28527146410990795 0.2986311687117267 0.31075958140760307 0.32181646085324334 0.3318081910953203 0.3405452049874474
