_RESULTS/REVERSE_NEW/Berg/TZ/1comp/Berg_TZ_z_0_kriged_reverse_1comp.asc
ncols 100
nrows 90
xllcorner 5.6208707817415728
yllcorner 50.959635321741573
cellsize 0.00013419651685393446
nodata_value 1.7014100000000001E+038
[rows 57 to 75 of 90, columns 0 to 41 of 100]
0.18977361019578964 0.19027725939117243 0.18974165324957096 0.18824659957342957 0.1859388822372364 0.18300958441104012 0.17966868960442908 0.1761220572799573 0.1725545028488793 0.16912061470600837 0.16594291144220258 0.16311557870039708 0.16071149823303318 0.15879041561030427 0.15740658019660536 0.15661475958870613 0.15647400886594245 0.1570488864945762 0.15840794650684706 0.16061934092040903 0.1637433152731872 0.16782139082872063 0.17286226148700268 0.17882509117198125 0.18560216111272584 0.1930047012909096 0.20075781405931892 0.20851146292588502 0.21587265216091436 0.22245771832702807 0.22795446103872247 0.23217706557774107 0.23509826750587937 0.23685243321356747 0.23771248058410072 0.2380468896848201 0.2382626688279849 0.23874097774519965 0.2397743969360387 0.24151572808371677 0.24394708808929588 0.24687648226195547
0.18019216444001657 0.18054135399595 0.18008907755726095 0.1789004994549959 0.1770911438288126 0.1748093606427829 0.17221695393849412 0.16947180770181472 0.1667152359302256 0.1640652234876553 0.16161526589724198 0.1594375287774189 0.15758862831143466 0.15611637358136785 0.155066118299646 0.15448576557828195 0.1544288318226826 0.15495523955365728 0.15612965630937167 0.15801724774244089 0.16067672100069802 0.16415058731816565 0.1684527942110092 0.17355441635180277 0.17936907551677717 0.18574117119331643 0.19244150360871223 0.1991756101688301 0.20560884808463334 0.2114080046512504 0.21629276114118792 0.22008484390650737 0.22274192872939838 0.22436801471142823 0.22519864753370364 0.22556436490403295 0.22583861639056632 0.22637838153109816 0.22746666655779862 0.22926525718525273 0.23178425764222185 0.23487363537530873
0.17218932610191473 0.1724652886653076 0.17214161572386397 0.17126851753369313 0.16993267974853904 0.168244284889912 0.16632283001055176 0.1642844978319398 0.1622330383006704 0.16025501567220085 0.15841924077150582 0.15677948025019667 0.15537918682634638 0.15425697072916006 0.15345171870902446 0.1530065463218025 0.152971050668612 0.15340155709456033 0.15435920077207277 0.15590576039344373 0.15809720427724164 0.16097498638323093 0.16455533504347697 0.16881721785689793 0.1736904220263422 0.17904622818289165 0.1846942084140334 0.1903891432593052 0.19585108833921733 0.20079863457081729 0.2049908371854777 0.20826901921586313 0.2105881015742877 0.2120293048950643 0.2127907581955537 0.2131575672535039 0.2134568936850935 0.2140060393402363 0.215062016933735 0.21677973507917644 0.21918391296993825 0.22215857883704013
0.16573043933141385 0.16599849235170128 0.16583436936250623 0.16527427752068163 0.16437954354428438 0.16322733122683017 0.16190066791704083 0.16047970248564083 0.15903556194137294 0.15762740929134064 0.15630257076799306 0.15509905976990893 0.15404954022177453 0.15318572420683207 0.15254232265196774 0.15215988437693673 0.152086095153195 0.15237531042138808 0.1530862349685182 0.154277741791715 0.15600287141986235 0.1583011283281619 0.1611893667664469 0.16465191058377926 0.168631125889009 0.17302041674527877 0.17766232982752905 0.18235470762288528 0.1868670670231916 0.19096722986720904 0.19445496873359314 0.19719621051877637 0.19914974444081426 0.20037938948825185 0.20104787284358192 0.20139297502581596 0.2016903932075375 0.20221018529027046 0.20317406472471017 0.20471955311901274 0.20687520094792217 0.20954990203658894
0.16070507602059608 0.16102022568074975 0.16104093928822424 0.16079083567190194 0.16030931373589466 0.1596451165494646 0.1588496773652377 0.15797155978302468 0.15705290624050908 0.15612826406354013 0.15522562338392962 0.15436909343899374 0.15358242141565215 0.15289252443353668 0.15233232305438607 0.15194237237509228 0.15177101607442403 0.15187298215358655 0.1523064642499748 0.15312879003026447 0.15439080064662394 0.15613010766805074 0.15836352060550818 0.16107920486241642 0.16422955750893364 0.16772632389207917 0.1714399517118541 0.17520528826895768 0.17883510722643262 0.18214137888504497 0.18496186140134785 0.1871872291735478 0.1887826220341616 0.18979798331010073 0.19036387564796406 0.19067284503785417 0.1909496765739344 0.19141599639494988 0.19225512090779912 0.19358212485765033 0.1954226835830405 0.19770320154709134
0.15696451337164788 0.15737688446101147 0.157608839887691 0.15767280472001555 0.15758907112746826 0.1573814723420142 0.15707332490434675 0.15668452794661356 0.1562303857389992 0.15572229119333206 0.15516998490358952 0.1545847817860985 0.15398299615348246 0.1533888133390529 0.15283602448139727 0.15236829754915227 0.15203792236062977 0.15190316997345626 0.15202450981672264 0.15245993716904113 0.15325962312359112 0.1544600742634844 0.15607804500609543 0.15810462646684006 0.16050024567847676 0.1631916897627717 0.1660725816863036 0.16900876020978867 0.1718495187104778 0.17444450679352452 0.1766644371109097 0.17842205817543833 0.1796888567293033 0.1805032176242265 0.1809673975311372 0.18123317994242902 0.18147861345342564 0.18187995466510262 0.18258341896393634 0.18368076552663407 0.18519172030081138 0.1870553748991215
0.1543472940428299 0.15490654041779656 0.15538204291249427 0.15577616858371884 0.15609209102695767 0.15633096318004236 0.156489898702507 0.15656138125932736 0.15653440363924007 0.1563972351589883 0.1561413224647591 0.1557655429340643 0.15527992583642036 0.15470806214147081 0.15408770665337068 0.15346944879722274 0.15291367842238032 0.15248630455139736 0.152253754025334 0.15227770343537586 0.15260985138665908 0.15328690802951522 0.15432594113133474 0.15572031296580097 0.1574366611748903 0.15941365525262655 0.16156347834746485 0.1637769806341186 0.16593306918372128 0.16791207120065849 0.16961164523162234 0.17096265149667197 0.17194169699004344 0.17257724058481844 0.17294727531791576 0.17316839799539535 0.17337794136757567 0.1737121786542804 0.1742840866598759 0.17516385476914634 0.1763646362699042 0.17783535279570598
0.15269496058980767 0.1534532707925084 0.15421336713698472 0.15496836659477728 0.15570545875341132 0.15640406454594916 0.15703543379096546 0.15756416603655116 0.15795176503449623 0.1581618714570902 0.15816636929374187 0.15795125589683473 0.15752111107485384 0.15690123819616472 0.15613702600897147 0.1552906540449531 0.15443576233132733 0.15365098789525689 0.15301328496481226 0.15259174145504217 0.15244229768943054 0.15260349502370707 0.1530932295899223 0.15390649887021607 0.15501428384737764 0.15636393272745708 0.15788159244933214 0.15947724504525287 0.16105264164756 0.16251185398651954 0.16377337164911313 0.1647818918786387 0.16551748734334584 0.16599995854418514 0.16628695323396475 0.16646567771872733 0.16663934957523682 0.16691054017682766 0.1673639874796484 0.1680513443326885 0.1689798846156342 0.17010666596967444
0.15186018835717982 0.15287367850817019 0.15396907281531436 0.1551307631911322 0.1563303410780944 0.15752528395753027 0.1586598350166635 0.15966855670107905 0.1604825496390029 0.16103770787974808 0.16128377689624418 0.16119258515086157 0.1607638027491773 0.16002700492509292 0.15903958994085507 0.1578809894079903 0.15664433548893156 0.15542710432210424 0.1543221800558065 0.15341037928726706 0.1527549361340966 0.15239797068982192 0.15235867714713905 0.15263290819035466 0.15319395550552914 0.15399453904951743 0.15497020694480784 0.1560444062666137 0.15713533720178996 0.15816433489787132 0.15906500632496248 0.15979184179012756 0.1603267264055932 0.1606818656417233 0.1608981600905368 0.1610389031301548 0.161179589040402 0.16139534291713659 0.16174784667102177 0.16227362341998325 0.1629752696648893 0.16381683638397668
0.1517092304860903 0.15303757979307528 0.15452755602175505 0.15615518818321703 0.15787629686592689 0.15962525859534196 0.16131687343633594 0.16285195633400384 0.16412660900463438 0.1650442462282878 0.16552856666265625 0.16553508118453442 0.1650588158987804 0.16413649005202507 0.1628426723435585 0.16128076918675163 0.15957075812337415 0.1578360337803594 0.15619151636227627 0.15473446840862792 0.1535385941580363 0.15265125630511348 0.15209320842421703 0.15186013076124344 0.15192538994497023 0.1522436919007241 0.15275553569307318 0.1533925056313978 0.15408340341657567 0.15476101838653428 0.15536901910540524 0.15586813407113043 0.15624060787807217 0.15649198138074913 0.15664958383074049 0.1567576742653679 0.1568697809390452 0.1570392939330317 0.15730964988810173 0.15770548170114346 0.15822594191470446 0.15884112743353773
0.15212031281165866 0.1538245496263603 0.15577379738634137 0.15793608258534791 0.16025097203665614 0.16262793241027426 0.16494888547502914 0.16707588951517974 0.16886397435477982 0.17017787934856907 0.17091012302479178 0.17099696149551258 0.17042880583742406 0.16925270660901362 0.1675663147614067 0.16550471822299714 0.16322307676805622 0.16087856737291467 0.15861472356092135 0.15655011331787935 0.15477196298203577 0.1533342530533441 0.15225921329353678 0.1515410195355249 0.15115069254139055 0.1510415356741144 0.15115477208329894 0.15142525840484483 0.15178721986437999 0.15217987787161935 0.1525526735300958 0.15286960777942746 0.15311211105547054 0.15327989412843207 0.15338944167963578 0.15347015454723809 0.15355853895550436 0.1536911791192498 0.15389743517940993 0.15419285250184517 0.15457416946931024 0.15501661121258373
0.15297950690548387 0.15511795425310734 0.1575912507332437 0.16035994140381626 0.16334682198877354 0.16643435223981706 0.1694675589734889 0.17226387650985203 0.17463015340724689 0.17638521090194825 0.17738438287766056 0.1775411794428637 0.17684125450332924 0.1753453787436167 0.17318069166991398 0.17052231274771024 0.16756952860803392 0.1645215654079263 0.1615572511175508 0.15882112984439514 0.15641660780993724 0.15440518247833898 0.15281003740834562 0.15162220189649972 0.15080781116941416 0.15031548686594598 0.15008330108891998 0.15004509874807354 0.15013611071234337 0.15029781503679135 0.15048194027683365 0.15065341232154647 0.1507919851227662 0.15089231398711453 0.15096234719977802 0.15102011100541565 0.15108919719249725 0.1511934719799951 0.15135165949280333 0.15157248788347538 0.1518510234416538 0.1521666777769799
0.1541756185027276 0.1567981898830075 0.15985307201830357 0.1632941265157093 0.16702708784103024 0.1709054301970861 0.17473322996942758 0.17827723785218574 0.18128874216446683 0.18353316880625872 0.1848225305191883 0.18504404335083938 0.18417840122517776 0.18230338029334237 0.17958189735319208 0.17623735106336305 0.1725219737218689 0.168685067957279 0.164947018945205 0.16148243568165857 0.15841290606516703 0.1558077320732473 0.1536900652129531 0.15204589892032655 0.1508339445942969 0.14999511808716928 0.14946095862541484 0.14916071047850027 0.1490270271052697 0.14900035097390618 0.14903202923049658 0.14908619246152174 0.14914039206022134 0.14918499287549744 0.14922136811678324 0.14925903931242174 0.14931202366591964 0.149394762709187 0.14951807964992397 0.14968562926901435 0.14989125922143504 0.15011760280410205
0.15559563801997264 0.1587369478912536 0.16241483631252768 0.16657758055111724 0.1711139921901396 0.1758471126042727 0.1805366230558271 0.18489323890469356 0.18860617734241886 0.19138104484077292 0.19298148710515448 0.19326565702655327 0.19220919396572278 0.18990950839953374 0.18657040163188673 0.18247045345642776 0.1779223813846622 0.17323242275420575 0.16866769141726914 0.16443593848779794 0.1606780620663013 0.15747079822493276 0.1548358936207688 0.15275232027543378 0.15116901142954153 0.15001658822725936 0.14921732144433356 0.14869307233295798 0.14837123501531332 0.1481888363348386 0.14809499858518835 0.14805197579679719 0.14803496137083372 0.14803085292156737 0.14803616239076778 0.14805428070118073 0.14809234149384873 0.14815796508037565 0.1482561860055016 0.14838686261790301 0.1485428282864541 0.14870897240619627
0.1571221859393183 0.1607942836174545 0.16511097895060695 0.17001627484993093 0.1753827399783373 0.18100245538091686 0.18658859521172275 0.19179228396221382 0.19623646545481493 0.19956323160078496 0.20148552463774774 0.20183156013783135 0.200572155043613 0.19782556951848007 0.19383898048607068 0.18895005435180556 0.18353675460249014 0.17796677483859982 0.17255724565208777 0.16755068445022628 0.16310740405439003 0.15931060653490348 0.15617906094674647 0.1536828762339361 0.15175927642287595 0.15032663946092864 0.14929603358370186 0.14858006318163242 0.14809913761943225 0.14778542339357648 0.1475848105080334 0.14745725349163888 0.14737584862575878 0.147324988870825 0.1472979059553017 0.14729387540358868 0.14731533191580884 0.1473651203371178 0.14744408666109615 0.14754918658106067 0.14767224947966895 0.1477994807888612
0.1586340528272753 0.16281993327252128 0.1677569084646903 0.17338604624595277 0.17956493345062227 0.18605544894795129 0.19252424600002946 0.19856227361308262 0.2037258217642582 0.20759418534256144 0.20983153916079453 0.21023823409068557 0.20878103095661066 0.20559813811526886 0.2009786174608302 0.19531849750672306 0.18906141103079288 0.18263742654942416 0.17641422883215013 0.17066881928456645 0.16557990418375568 0.16123572609391593 0.15765056843141095 0.15478427301778827 0.15256110876469936 0.15088610344272227 0.1496581244962386 0.14877962988426643 0.14816330814081038 0.14773596534690403 0.1474400939987326 0.1472336062018795 0.14708822927724566 0.1469870398178326 0.14692155653999345 0.14688873674606023 0.14688814223593574 0.1469194698836496 0.14698058384512758 0.1470661377236727 0.14716683006810682 0.14726929039222855
0.16001033914601728 0.16465960459561624 0.17015788454168204 0.17644447956624748 0.1833638616714706 0.19065012838060474 0.19792628678303817 0.20472662010492765 0.21054542841388224 0.21490537623642383 0.21742875512824247 0.21789339600372365 0.2162633769999112 0.2126936788874519 0.20750929821075317 0.2011584076174784 0.19414525316133596 0.18695844139332887 0.18001310908427193 0.17361806629595178 0.16796815701020457 0.16315492759701075 0.15918699376965353 0.15601323324874428 0.15354461658459675 0.15167270040988975 0.15028416454924323 0.14927143870921178 0.14853973654028219 0.1480109313259854 0.14762478701031356 0.14733812566216775 0.14712254862976604 0.1469613123411754 0.14684588840148002 0.14677262791457127 0.14673982700647972 0.1467453764338765 0.1467850850881643 0.1468516967428504 0.1469345662895187 0.1470199191867752
0.16113788392463252 0.16616587691677587 0.17212429672563087 0.1789515416176658 0.18648150406097627 0.19442496534030684 0.2023677797789441 0.2097960458979511 0.21615234589130056 0.22091412094762558 0.22367265172037118 0.22419085943718298 0.22243193557824692 0.21856300741380924 0.21293573794340814 0.20603932418327067 0.19842783606668227 0.19063905696274336 0.183128056446335 0.17622990249115408 0.17015193536365342 0.1649870253051265 0.16073741665231733 0.15734117506159906 0.15469661847446553 0.1526827201740523 0.15117496888463952 0.1500568342142654 0.14922721713804687 0.14860435808098138 0.14812676406621342 0.1477518154150575 0.14745278111925805 0.14721497085779495 0.1470316704681999 0.1469003663876547 0.14681959839544517 0.14678662236374646 0.14679593643559283 0.14683863093618135 0.1469024594565082 0.1469724870186507
0.16192078072706256 0.16721207668075527 0.1734911705127203 0.18069610774382902 0.18865347308541539 0.19705746788096662 0.20546728638312803 0.2133345882557915 0.22006579423858724 0.2251083267306351 0.22803494564902269 0.2286014365489657 0.22677190677256623 0.22272113960909384 0.21681736468300164 0.2095767387537595 0.20158744934247788 0.19342153808942203 0.1855617511498895 0.17836073128767524 0.17203316913191724 0.16667099457634357 0.16226981766993406 0.15875781738581252 0.15602217219885625 0.15393101339771048 0.1523504501728617 0.15115684948242053 0.15024474183069883 0.1495308062442275 0.14895450694765386 0.14847610728556462 0.14807290595562245 0.14773456559220274 0.14745831578218063 0.1472446369952437 0.14709381723663106 0.14700356711161006 0.1469677122726275 0.1469758650453301 0.1470139040107844 0.1470650494852056
