_RESULTS/REVERSE_NEW/Berg/TZ/1comp/Berg_TZ_z_710_kriged_reverse_1comp_test2.asc
ncols 100
nrows 90
xllcorner 5.6208707817415728
yllcorner 50.959635321741573
cellsize 0.00013419651685393446
nodata_value 1.7014100000000001E+038
[rows 38 to 56 of 90, columns 0 to 40 of 100]
0.19025304918072541 0.25565809641187365 0.34336556571351107 0.4550146151511894 0.58676072998741 0.7267961385967788 0.8558099327132437 0.95175668655055 0.9972100261427536 0.9854932681134866 0.922746594008339 0.8253460724004199 0.7139275984077599 0.6068103186569721 0.5159305296216826 0.4464623828670411 0.39884942480649493 0.3712429531605484 0.36115968988636965 0.36613882026515787 0.3836418151227685 0.41055269254725685 0.4426873870814261 0.47476594577876086 0.5011754604454354 0.5174187255478986 0.5216003328822519 0.5151244353997501 0.5022166112682958 0.48860935302322106 0.4801441214716938 0.4818579577947125 0.49757099827841916 0.5294793038006433 0.5770079781493318 0.6343376066232985 0.6870121579210258 0.7103437251466871 0.6749371322916922 0.563626112278494 0.39373706430495553
0.22406515747121344 0.2983748210988362 0.39495686857937384 0.5134690590050364 0.6475233451534118 0.7832103450074781 0.900829164734253 0.9802189466100427 1.007442316164962 0.9795514727776379 0.9054419221370291 0.8025907271640237 0.6910530345439235 0.5875204482998666 0.5021844878574335 0.43902274957821 0.3980060911587875 0.37739171143688743 0.3751526283936455 0.38942379861116544 0.4181857076753183 0.45849542239782687 0.5056976616503536 0.5532176281230881 0.593472097846923 0.61986942403905 0.629040469399746 0.6220757199034276 0.6040807091607828 0.5823999541924777 0.5645498446276868 0.5567599607780047 0.5632920070787373 0.5859920526117719 0.6232397469439597 0.6677512109611102 0.7038641915360108 0.7071917281551592 0.6515966949980432 0.5263687972742105 0.35511289813655894
0.27056994492022995 0.356435890115346 0.463862014462721 0.5898678725900046 0.7251141402385968 0.8537209467750653 0.9562400495637903 1.015192200036769 1.0207325965028733 0.973944891735367 0.8865201144415698 0.7768829530996421 0.6642688289760388 0.5635371219540714 0.48301418533990514 0.42541942603087013 0.3902103866087526 0.37572042101449715 0.3803755391735544 0.4029562390000002 0.44208710195454465 0.49519539752447167 0.5573732107912588 0.6208954235020329 0.6761854668796694 0.7143386929609951 0.7301605993238973 0.7240682786302066 0.7018097909166772 0.6722971711520557 0.6448479775219083 0.6271050415449652 0.6240351169531371 0.637460147869962 0.665175851000335 0.6990727766102003 0.7229502263310514 0.7129096034411528 0.6449515497272543 0.511837730112396 0.3397372690025883
0.3334177943579553 0.4337223510864024 0.5536016438211085 0.6867374584772384 0.8206711130465508 0.9381116244212397 1.0208717285009348 1.055084725923604 1.0355376628872788 0.9674962433763941 0.8653131874069236 0.7480477538514904 0.6337684134906031 0.5352550341977274 0.4588497642684592 0.4059633989985899 0.3754955225242114 0.3657935830479913 0.3756688412356265 0.4045078099483719 0.4516159271033092 0.5149506760597113 0.5896480031565982 0.6672111215855762 0.736412681379946 0.7862136509741678 0.8095372236484768 0.8058564930923117 0.7811900974557832 0.745693414309211 0.7103134026221628 0.6841109386795718 0.6729198709501168 0.6788468489099344 0.6995612693548335 0.7266820982037082 0.7438921260978748 0.727578021912831 0.6544330486242266 0.5178930742477492 0.34406342005800744
0.4155700104560328 0.5327220750975588 0.665361061533511 0.803307188187489 0.9313303558704065 1.0318706050687587 1.0893417919370387 1.094433433547432 1.046939854011675 0.9562393216258935 0.838972421798561 0.7142986481861127 0.5986280735934723 0.5023662452544954 0.4297686810244649 0.38092196448620846 0.3541439733175762 0.34772343571643427 0.3607371664352712 0.3930435955333585 0.4445446625720819 0.5137878100508821 0.5962489445186675 0.6832121294026142 0.7624962846880943 0.8215498357967412 0.8517429148996188 0.8515384164610408 0.8268205844282916 0.7884258770283047 0.7484227454724103 0.7169839822843168 0.7007606556129903 0.7023441583517482 0.7196897131460775 0.7446728893364746 0.7612661648284601 0.7459838360835429 0.67496830776911 0.5399202606089949 0.36458536490872645
0.5174513157092977 0.6522439550602196 0.7955228121144206 0.933271540428312 1.0485951063013264 1.1253343961779567 1.151926549418683 1.1243478124269972 1.0474890700345572 0.9344779085539375 0.803566708963481 0.6732326503379881 0.5576180830691831 0.4644692175215081 0.39592600569259173 0.35081381914161547 0.32689998119543123 0.3223622117329094 0.33640282157603557 0.36915048533882844 0.4209057131239588 0.49073218262078167 0.5746541567077836 0.6643350412970018 0.7475643257785967 0.8112595335015447 0.845936425012477 0.8492391271198357 0.826585598007228 0.7888091783064319 0.7483330508109253 0.7158416690137082 0.6985108028215073 0.6994605217233953 0.7172727961961001 0.7446251256127541 0.7663310095388012 0.7592140982540508 0.6981671834147635 0.5712608963261318 0.3974393048258993
0.6343948786311576 0.7846977863908464 0.9333068549801615 1.0632824925120024 1.1578751796271485 1.2041404077355236 1.1956540143461687 1.1339946856353729 1.0288731047716244 0.8964452846302748 0.7555597490132029 0.6230235838885682 0.5100935766601233 0.4216936729971383 0.35796832363634457 0.31666392715262026 0.29510856957961834 0.2913647803502593 0.3046400268189151 0.3351173108969447 0.3832373672663156 0.44839353538865384 0.5272239212786803 0.6122622394795809 0.6922015390230056 0.7545646940505486 0.7899559411657785 0.7956245483136013 0.7763279835900307 0.742219267596664 0.705200834760318 0.6756961331008181 0.6609333967195875 0.6644541729803046 0.6857095900739548 0.7187229931317851 0.7498826950195558 0.7569712227108765 0.7136981252013127 0.603376042528337 0.43763371343036384
0.7545731509129825 0.9145851416215252 1.0603699489703542 1.1738237010059787 1.2403557346595444 1.2516383278480345 1.2069100310153194 1.1131862824236682 0.9843089151367522 0.8383242812126525 0.6933529416776194 0.5634948508247957 0.45668462011208355 0.37511297875905014 0.31725142309936055 0.28007783245199724 0.26067110751747863 0.2570318191728124 0.2683034019089612 0.29455145934963645 0.33611783198796485 0.3924995624320463 0.46088405079085326 0.5349528653384975 0.605012428915607 0.6601981475102642 0.6921599838757311 0.6982945972128072 0.6826512828504492 0.6541468860393178 0.6233599679238344 0.5996933302300865 0.5899059071301945 0.597748674462614 0.6236520622772168 0.663439105967688 0.7058886474837358 0.7308070177701553 0.7116214415545007 0.6268301401722478 0.47874921399417003
0.8594271465479426 1.0202602925915119 1.1539428901443463 1.243244212161934 1.2772728109345242 1.2529658518569904 1.17512995690315 1.055570507309022 0.9110796517866335 0.7600285933880931 0.6183599672517238 0.49666281673064144 0.39950554003183747 0.3267641229215116 0.2757497647143937 0.24306959602261335 0.2257876743360023 0.2219382447489036 0.23059204720617962 0.2516077963861104 0.2850775469376102 0.33042691524739054 0.38527301796420393 0.4445051759478891 0.5003918872805786 0.544302294010333 0.569623263022382 0.5743662636973034 0.5619238649453788 0.5396343679329546 0.5162010747850312 0.4994534307191597 0.4952555870835639 0.5073140930772153 0.5369832948393369 0.5821157544237522 0.6345599402096405 0.6773893522319729 0.6853505288941465 0.6333073651658637 0.5135516086497598
0.9278645975140551 1.0794650094189444 1.1930137436895973 1.2537664792829064 1.2552493293691802 1.1995887036681177 1.09650838459421 0.961385952470766 0.8122282197325079 0.6659298608253644 0.5350629508502152 0.4264528786217459 0.3417613142742993 0.27925252254140626 0.2356857397595351 0.20770023784373756 0.19256890278246525 0.1884659297576917 0.19442730257515753 0.21010098790263054 0.23529242194856081 0.2692865799875581 0.3100365907330172 0.353557171019247 0.39407594003322527 0.42532756170911257 0.44267129376728553 0.4449483128041739 0.4349692613590741 0.41840709962459754 0.40190312106384896 0.3914933062536638 0.39191989179417674 0.4066097126951681 0.437617025947007 0.4847212273499637 0.5431241555976163 0.6002010397656032 0.6339490955648839 0.6178936650085666 0.5353992941206565
0.943059690001866 1.07653010249516 1.165027444379575 1.1971777158848658 1.1709061067364217 1.092846397120383 0.9763505666801384 0.8384883595718999 0.6964010044815158 0.5639621717527198 0.4498784791278576 0.3576566430896241 0.2869161323065325 0.23512343006739006 0.19904856139582588 0.175683392890992 0.16267255499680236 0.15841512263180754 0.16197046444426977 0.17283168101060795 0.19057240224980881 0.2143677725117081 0.24247056215748342 0.2718779412977311 0.29853384321194676 0.31826844652356356 0.32821363073870913 0.3279676523813829 0.3198111700751656 0.3078880366506744 0.29693553811697043 0.29130196464202257 0.2945961769679952 0.30979595571682506 0.3393218950528103 0.3844537585613469 0.4434831717939806 0.5085079822140826 0.5624548297191879 0.5804364971245268 0.539796156133753
0.8987613717200988 1.0081240224175931 1.0705833026123615 1.0783917583636542 1.0332704772846981 0.9450300725126923 0.8286665266855469 0.7006737839329102 0.5755168430140332 0.46332136770537974 0.3693028518585891 0.2946140528596661 0.2378187853892817 0.1962935424437219 0.16721799978411378 0.1481220985082578 0.1371006273505227 0.13282307425980056 0.1344261421215487 0.14132729169846844 0.15296696700084525 0.16849345783565578 0.18645943303356718 0.2046847097969538 0.2204774048914662 0.23128605683465767 0.23557173086274055 0.2334468164876518 0.22669914567149674 0.21821447438276068 0.2111931587997822 0.20860576938781988 0.2130722551886615 0.22704260359306208 0.25296741584792065 0.2930272360894213 0.3478732737715112 0.413943204584116 0.4799243011911763 0.5252518561880917 0.5253426490299524
0.8022263080013874 0.88532564583798 0.9245251421180547 0.9154568243015557 0.8624784983921875 0.7766586903251887 0.6723558558342391 0.5635656408575236 0.46118142597610134 0.37183892900480187 0.29823058222323273 0.24023330448180452 0.19616464899850938 0.16376828562851134 0.14082550936287158 0.12545401687856528 0.11619948229083 0.1120075268105951 0.11212847772077109 0.11597769100728081 0.12296091388784484 0.13228410009664682 0.14280117013760052 0.15299305225820645 0.16117003546967448 0.16589877237963954 0.16649602292438176 0.1633284825388073 0.15774085463647322 0.15167024665011233 0.14719746800722933 0.14628158825451712 0.1507660255952683 0.16257988412727956 0.1839577014647421 0.2174106346626323 0.26502880403887447 0.32657300374566794 0.3962099465257345 0.4593815889392849 0.49372719890364586
0.672225203991933 0.7307324865163328 0.75212894557853 0.7347107039825935 0.6839405072033216 0.610161390312417 0.5253182390421912 0.4399884325615476 0.36163687212069684 0.29428465274790133 0.23915749005005024 0.19568970141762115 0.1624325367947554 0.13768435071335072 0.1198452990519644 0.10757191329293801 0.09980950406693423 0.09575711657409236 0.0947953121897897 0.09639102003711231 0.09998948086065317 0.104912032508299 0.11029663372411729 0.11513135780630102 0.11841497647931734 0.11941778719876722 0.11793597351758779 0.1144029753753622 0.10979144920278275 0.1053696528189305 0.10246127497307816 0.10233641535812006 0.10627232454860729 0.11574180119767717 0.1326399254022302 0.15940236878013825 0.1987356495805041 0.2524798911737108 0.3191212442394829 0.39031792759220785 0.44891534949735196
0.5324213590509566 0.57082902926212 0.5807361725597714 0.5620963426156281 0.5200763549892738 0.4629681728740896 0.39958170003110616 0.3371933067408614 0.28059237623116196 0.23213541404973104 0.19236101240687778 0.16072113749214162 0.13617292122563251 0.11755970988710839 0.10381163556467238 0.09402471228591983 0.08746937715742154 0.08356146950750602 0.08181357904253367 0.08177651943019673 0.08297996121026853 0.08488682322983734 0.08688361921085513 0.08832951738712387 0.08866965735680968 0.08758231660802057 0.08509521718102919 0.08160707961569406 0.0777996667227345 0.0744918829413794 0.07251992415583934 0.07270657923876715 0.07593581789262892 0.0833126755115513 0.0963697939757351 0.11725073145274745 0.14870702978704958 0.1935611232637428 0.2531094007915635 0.32419026328768746 0.3959790994422961
0.4031855267693298 0.4270813196356133 0.43088649715469507 0.4152720723365476 0.38430166098720414 0.3438460399077352 0.2998037295418786 0.25684191860940514 0.21791839121028095 0.1844273321354855 0.15664352216013974 0.13419344113064902 0.11641683076125499 0.10259151720720595 0.09204766376009668 0.08420962749853579 0.0785966374771191 0.07480242690919142 0.07246532820919531 0.07123605354466835 0.07075022022461866 0.0706150846147495 0.07042164205822211 0.0697894392652192 0.06843870140790723 0.06626604227725354 0.06338866261588122 0.06013140498781425 0.05696110513536567 0.054403824335451476 0.05299033218038075 0.05326016849718532 0.05583135229134418 0.06152841548919259 0.07155642519262194 0.08769445319965305 0.11242535415699643 0.1487828819250488 0.1994941402975191 0.2649315255840252 0.3399950974102887
0.2963460929840287 0.3108144223125983 0.3120907282410548 0.3009564611297815 0.2802103698600139 0.25362803964919634 0.22487926382058643 0.19681189419759196 0.17121399756238956 0.1489310545700733 0.13014081784795162 0.11463372379474789 0.1020261016484503 0.09189303236216476 0.0838360124171787 0.0775070744618194 0.07260768498521102 0.06887514876941774 0.06606473029049466 0.06393320830549645 0.0622289068252789 0.060693346891402496 0.05907868761303384 0.05718105553632879 0.05488230225093757 0.052184927218981714 0.04922324626688963 0.04624295834918968 0.043557828075069784 0.04150570817778391 0.040427699720094974 0.040685031852786865 0.04271744384048064 0.047142173629342976 0.05489321153045785 0.06739557399710439 0.08673834312427119 0.11572290036985346 0.15749967507131776 0.21434263540697002 0.2852624735279646
0.21495393638750604 0.22377035719854912 0.2243892718847502 0.21744325400390468 0.20468749046160697 0.18838577652972 0.17070226968897342 0.1533112347508566 0.1372722678695589 0.12309804737904435 0.11090810340460037 0.1005879054881188 0.09191368323004732 0.08463393042231629 0.07851349833365225 0.0733505021196563 0.0689758285734554 0.0652433447640826 0.06201727278905097 0.05916185019616079 0.0565372320276605 0.05400429640150357 0.051439037880820715 0.048754114709798096 0.04592131508760523 0.04298619128682076 0.04006754324823211 0.037340753624339675 0.035012437027200013 0.03329937293619016 0.03242408897439695 0.03263443840662102 0.034249862443071766 0.03773620700322213 0.043813131911132265 0.053597389416919355 0.0687693304263385 0.09169808718786931 0.1253495967103015 0.17264622316437345 0.2349026197500207
0.15635014768752017 0.1619489556248424 0.16266553304784054 0.15893937856350132 0.15180688140490575 0.14256338607034783 0.13243780670568348 0.12238372246683525 0.11300865872500176 0.10460509050835858 0.09723059101567842 0.0907964935781843 0.08514359763819931 0.08009765468872722 0.07550437082223976 0.07124615715442492 0.06724395950082199 0.06344866472996398 0.0598276311535354 0.05635204298969234 0.052989650390169375 0.04970527952471572 0.04646883865268209 0.04326795075661688 0.04012042560691615 0.03708139985092842 0.03424187637518079 0.03171934628390726 0.029645459355539486 0.028158026496077043 0.027403965332188397 0.02755733971264203 0.0288548012639604 0.0316511215303801 0.0364995674541531 0.044262370815409395 0.05624837367282789 0.07434499308932928 0.1010420590560465 0.13913217026210808 0.1907838527535483
