_RESULTS/REVERSE_NEW/Berg/TZ/1comp/Berg_TZ_z_500_kriged_reverse_1comp_test.asc
ncols 100
nrows 90
xllcorner 5.6208707817415728
yllcorner 50.959635321741573
cellsize 0.00013419651685393446
nodata_value 1.7014100000000001E+038
[rows 57 to 75 of 90, columns 43 to 85 of 100]
0.6264265930709273 0.6340187020896658 0.6379661001123267 0.637478586218016 0.6323958037612498 0.6232311554628638 0.6111022582003249 0.5975252316485704 0.5840929194633745 0.5721224720549696 0.5623741238342541 0.5549007965827161 0.5490374368755645 0.5435157376171862 0.5366868078686426 0.5268284194014234 0.5124958852693471 0.49285292500137956 0.4678996556898658 0.4385141482855945 0.40626924693906796 0.3730788760832301 0.34080748138769795 0.3109762274094261 0.2846277666200911 0.2623320714568834 0.24427562800769576 0.23037652678875672 0.22038771429823723 0.21397185785403686 0.21074615011650558 0.21030331768129984 0.21221812131860912 0.21604872864389152 0.22134061649262812 0.2276376111511071 0.23450078907097338 0.24153215112655635 0.24839747226124356 0.2548424500765642 0.2606982605168772 0.2658758986461391 0.270351788605674
0.5870184039565984 0.5964607900270065 0.6028480089748977 0.6052637037919911 0.6033462250084468 0.5973440759823143 0.5880561298096793 0.5766610464986376 0.564461930630667 0.5526061400133886 0.5418539528257964 0.5324478140867127 0.5240967724914132 0.5160642082334673 0.5073356901515954 0.4968376780395979 0.4836694641334978 0.4673025578872483 0.4477013889390253 0.4253337045616559 0.40106950374307 0.3760037664424595 0.3512613357291065 0.3278384888980691 0.3065100908670617 0.28780183774441087 0.2720086838356185 0.2592361925734155 0.2494463105150925 0.24249675138901652 0.23816998671170891 0.2361924956969576 0.2362475111249864 0.23798542343476536 0.24103558394796948 0.24502172534274402 0.2495809971483316 0.2543843836257401 0.2591548539265704 0.263679572995156 0.2678138763170097 0.2714768663926039 0.27464052177163106
0.5435844998626046 0.5532849005962406 0.5604458823055942 0.5641035867100883 0.5637503676589128 0.5594123868617459 0.5516174012629509 0.5412618661240238 0.5294079214233328 0.5170608014770318 0.5049832416271739 0.49358742023646857 0.48291667577981257 0.47270506785092264 0.46249000530154655 0.45174883808366295 0.44003014220649667 0.4270537241301095 0.4127617090015181 0.39731634501485824 0.3810546227147617 0.36441980619984415 0.3478916286585003 0.3319307622979972 0.3169435474302872 0.30326479453480665 0.29115246712761034 0.2807880509825743 0.27227859407303007 0.265658869674811 0.2608938223544825 0.2578822450445444 0.2564627995559429 0.2564233186684469 0.25751389425500376 0.25946352145756235 0.26199908274688033 0.26486448586037126 0.2678372324488231 0.27073992203245373 0.2734452096370491 0.2758741954861908 0.27798960080318524
0.49980854377360723 0.5086421274373554 0.5153567534531364 0.5190248462674691 0.5190742420091289 0.5153775307466594 0.5082485234998263 0.4983502437861782 0.4865413430913053 0.4737032964136147 0.46059302991600104 0.44775233055078134 0.43548321486906955 0.4238784229214786 0.4128850948326032 0.40237768701362603 0.39222041629793813 0.38230723617333623 0.3725764189933459 0.36300502961236936 0.35359366930476555 0.34435248442656635 0.3352959141298357 0.3264478865350357 0.3178536689186418 0.3095914142624006 0.3017765772982942 0.29455537479347343 0.288087783940894 0.282524270457847 0.27798213694229207 0.27452685247797 0.2721617425101905 0.27082708948057443 0.27040780315316 0.2707476052140811 0.27166702439486645 0.2729822632217843 0.27452214309385553 0.2761409003472315 0.27772555920811 0.27919775727408924 0.2805109452882166
0.4586536761164916 0.46603399115461525 0.4716288010089947 0.4746035735032248 0.474391953475299 0.4707839272008575 0.4639423575388148 0.4543472056797196 0.442686771591201 0.42972838252134027 0.41620264272860563 0.402725320990041 0.3897644539355105 0.37764507185398855 0.36657549178688215 0.3566782826802376 0.34801359925774017 0.3405895338971063 0.33436082927671024 0.3292220129529121 0.3250029939327682 0.321474405804747 0.318366945280685 0.31540434272021184 0.31234447082057004 0.3090190291030332 0.30536103087054034 0.301412020322161 0.29730689005733596 0.2932409432838511 0.28942856696218733 0.2860638708631805 0.28329121698542387 0.28118944707243654 0.2797696942822119 0.2789840303951068 0.27874101564571363 0.2789241234094225 0.27940957238631026 0.28008101590569867 0.28083962755160496 0.2816092227419401 0.2823369897964769
0.42200571286614574 0.4277795785228588 0.4320390152347349 0.43406835387945936 0.4333507455545074 0.42964705446721285 0.42302291672588616 0.41382039979007273 0.4025861526712474 0.38997850475974766 0.37667802709561315 0.3633196560303033 0.3504533580547592 0.338529793611678 0.3279013513407312 0.31882811964324476 0.3114813138764026 0.3059410745228807 0.3021895931722777 0.30010340064574254 0.29945029749338675 0.29989687257281655 0.3010315259184388 0.30240481296539024 0.30358369051222284 0.30421018463918276 0.3040508349480104 0.3030237497047423 0.3011959840689398 0.2987529862730048 0.2959499586758274 0.29305874871259663 0.2903225001524111 0.2879254811451916 0.2859799656891525 0.2845278285802231 0.28355234878227153 0.2829953066599272 0.2827751307635902 0.2828030055511709 0.28299511811732847 0.28328038820122525 0.2836039588892639
0.3907375027529171 0.3950193103719286 0.3980170034732699 0.39913711927890316 0.3979317856308785 0.39416514186672963 0.38784396240760916 0.3792079496474965 0.368685914631951 0.356831935082604 0.3442579000596787 0.3315755418328194 0.31935445144608055 0.30809596438239023 0.29821861766459 0.2900497407718669 0.28381879390120435 0.2796500146773739 0.2775539322134147 0.2774191966861432 0.27900810153053723 0.28196096764715034 0.2858153177007848 0.29004412379758304 0.2941125113166533 0.2975450497465269 0.29998921910061943 0.30125867926456934 0.30134465948764316 0.30039354089201337 0.2986589963042505 0.29644328219437704 0.29404249664594384 0.2917060981203937 0.28961471559741025 0.2878749663834565 0.28652691418801907 0.28555888625864656 0.28492490115971103 0.2845611722997716 0.28439951742079495 0.28437673433123867 0.28443996299113083
0.3649712077893488 0.36800020221429774 0.36994709650479357 0.37033133095319193 0.3687776335652793 0.36506979371730613 0.3591806716399191 0.35127405144106366 0.3416808305428369 0.33085745497001434 0.31933672283931164 0.30767992218439244 0.2964359870841651 0.2861097271960344 0.27713852824858165 0.2698756066888752 0.2645775843987935 0.26139436749532335 0.26035994231374937 0.2613839599015621 0.2642460421956084 0.26859724329691426 0.2739748704852854 0.27983622834013355 0.2856125705579889 0.2907771687468515 0.2949138648443296 0.29776895801450687 0.29927257832672555 0.29952493853676715 0.29875372882671514 0.2972564566580477 0.2953431010265786 0.2932907618594487 0.29131586292661577 0.2895637924712343 0.28811224948755304 0.2869832021003008 0.28615863291806254 0.28559635105411996 0.28524348914182124 0.285046531903971 0.2849576841454548
0.34436171189579373 0.3464086086654025 0.34755245113998345 0.34741089369567296 0.34567664438061874 0.34215984428928287 0.33681527280313756 0.3297506292524887 0.32121622657818233 0.3115798759434251 0.3012925639517206 0.29085058483985665 0.28075865335336236 0.27149697530863814 0.26349382482809974 0.2571039995183676 0.2525925302058417 0.250122266474035 0.2497437615632756 0.25138665944030647 0.25485370086919257 0.25982105120333027 0.265850689033072 0.2724204082901238 0.278973329630521 0.2849820511134678 0.29001528258759446 0.29379090187631046 0.2962016701364582 0.29730791800536804 0.29730165942939185 0.2964541782609295 0.2950614125937988 0.29339870950263514 0.29169112025487814 0.29010003078834895 0.2887232381834962 0.2876039694556181 0.28674433454964937 0.286119600298977 0.2856908750109665 0.28541494062274597 0.28525088581563485
0.32832131105171747 0.3296383695478876 0.33021012235237995 0.32973666769516996 0.32797078704677657 0.3247506621182286 0.32002330848745186 0.3138557672370981 0.3064333245505425 0.298046028309977 0.2890660849932398 0.2799192952316621 0.27105374187709114 0.2629087049269515 0.25588629321659206 0.25032747843211955 0.2464931093396908 0.24454935961880844 0.24455644441351532 0.24645983464538695 0.25008475130756463 0.25513695823211624 0.26121465132575344 0.2678360879161082 0.2744844618823955 0.280665749019556 0.28596901757885446 0.2901152859169085 0.29298280079312233 0.29460333265357386 0.29513274207989815 0.29480580186165334 0.2938876283914585 0.2926321173795792 0.29125335033446337 0.2899112819929931 0.28870963905609337 0.28770231166762433 0.2869043081177448 0.28630399926309524 0.28587438262690373 0.2855821019931731 0.28539378601574067
0.31617113471552866 0.3169710489975693 0.31716249032009425 0.3165132533459268 0.3148276262402411 0.3119711911025401 0.30789022204513294 0.3026234812093624 0.29630529976437536 0.28915985507083886 0.2814873773894411 0.2736436770773334 0.2660149617060514 0.25899038153690784 0.25293491059977335 0.2481648259098205 0.24492717664478178 0.2433835528808756 0.24359771896974233 0.24552677579900536 0.24901660291559957 0.2538039820401129 0.2595290479660961 0.2657613664002365 0.27204024298344753 0.27792520945968474 0.28304780433200144 0.2871532800836285 0.29012248057569173 0.29196955242418626 0.29281806183524495 0.29286351972188335 0.2923323683446609 0.29144610249672603 0.29039575769479076 0.28932823071945807 0.28834303561514746 0.2874965840528504 0.2868107526206464 0.2862829397369564 0.2858956022672125 0.2856240961437813 0.2854423554330745
0.30723237225352984 0.30768326219697073 0.30764185029600477 0.3069306737771129 0.30539742749697674 0.30293341701227067 0.2994890479917807 0.29508480171481805 0.28981658313001907 0.2838547456539791 0.27743651974905786 0.2708521019555902 0.264425354711014 0.25849082124209416 0.2533693092196417 0.24934436566472507 0.2466414761671024 0.24541100779787334 0.24571523868025133 0.24751971776938989 0.2506898134309938 0.2549943086135506 0.26011853554457437 0.2656889536570252 0.2713087969054205 0.27660087091085056 0.2812501616102637 0.2850374157992583 0.28785640294807363 0.2897118213693741 0.29070003743152373 0.2909789185913913 0.29073458520440076 0.2901519175451049 0.2893930841493906 0.28858546599802093 0.28781807302826073 0.28714426541540655 0.28658823130914546 0.2861529446587287 0.2858279148448867 0.2855956998750061 0.28543673663824143
0.3008760042892543 0.3011041687660162 0.30093612832388 0.30023809404981594 0.29889387261271205 0.2968183072993905 0.29396919243810393 0.29035663064932304 0.2860489029049126 0.2811739964372747 0.2759160760667807 0.2705065222413473 0.26520976083230896 0.2603048854910195 0.256064779037928 0.25273480049450026 0.25051298801621685 0.24953325547528382 0.24985255403101014 0.25144276362099244 0.25418829371079826 0.25789078522169795 0.26228240258050267 0.2670484328126411 0.2718580455624714 0.2763995230644396 0.28041406415875547 0.2837215793295248 0.286233361654011 0.2879497680439463 0.28894482949702505 0.2893425877536172 0.2892910382505842 0.28893883381886754 0.28841803833032015 0.28783408838762636 0.2872623939420192 0.2867499846973568 0.2863202695241469 0.2859791310311994 0.2857209998605298 0.28553405526882375 0.2854041560178028
0.2965465289586384 0.2966422839335012 0.29641893877413283 0.2957770121475958 0.2946299399308736 0.2929136053037027 0.2905951069742026 0.2876801346453279 0.2842182715817756 0.2803054497409687 0.27608274819193535 0.2717308853947344 0.2674601908077266 0.26349650273422415 0.2600641433567212 0.25736763288747466 0.2555739677309585 0.2547971228073034 0.25508612703525707 0.2564178218570093 0.25869534072761236 0.2617533185562187 0.2653705512100121 0.26928997595155657 0.2732443809331758 0.2769845319514751 0.2803051257565735 0.28306385208926865 0.28519016783848133 0.28668280102637905 0.28759764530130344 0.28802964672417614 0.28809297574207704 0.2879032360708 0.2875641385229797 0.28715954606622884 0.28675053589435207 0.28637634615803037 0.28605778584036484 0.2858017671464518 0.28560591410823133 0.2854625704216097 0.2853618764982634
0.29377012677774617 0.29379437844760486 0.29355927585492053 0.29299173449061516 0.2920290651308906 0.2906254808984462 0.2887581728719203 0.28643262594443974 0.2836867497850588 0.28059323937023184 0.27725945054934836 0.27382410118691997 0.2704503742447207 0.2673154969894201 0.2645974812159382 0.2624602521739433 0.2610387167558131 0.26042537781365055 0.26065996002695146 0.26172329118946114 0.26353644741509674 0.26596587236459124 0.268834678649169 0.27193951545867523 0.27507128548732507 0.2780368985003908 0.280678601881476 0.2828876184319398 0.28460994120824645 0.28584388010778305 0.28663074643302744 0.2870413224711624 0.28716117447712375 0.28707746314333693 0.2868689832896415 0.28660010472051983 0.2863183939237365 0.2860551275278953 0.28582767917298113 0.2856427994044338 0.2855000084891074 0.2853945861293524 0.2853198968563015
0.2921536082545495 0.29214407687105015 0.29191977019147497 0.29142731879232636 0.29062280288143555 0.28947593895278856 0.2879738971590215 0.2861246524640293 0.2839596785344667 0.28153562167940743 0.2789344210257003 0.2762612754574134 0.2736399828068972 0.27120551150509825 0.26909414336490367 0.2674320207177418 0.26632330922553393 0.2658393694201536 0.2660103103735767 0.26682012196001864 0.26820628813171116 0.270064370504115 0.27225748533587135 0.2746298706889019 0.2770229433231292 0.2792915838245353 0.28131812552598084 0.28302184459501456 0.2843626437686959 0.2853388504834111 0.2859802355529725 0.28633815438171734 0.2864749425330634 0.28645439910444165 0.286334559048426 0.2861632325535666 0.2859761736338533 0.28579733751465675 0.2856405142383708 0.2855116410850028 0.285411230142122 0.28533653149753 0.28528323423827734
0.2913779406415394 0.29135457529528647 0.2911485554308023 0.29072058469132805 0.29004099800000827 0.28909217430326695 0.2878704856959379 0.28638786908838604 0.284673035740707 0.2827721747101927 0.28074882094674375 0.27868243543723664 0.276665262830142 0.2747972264582085 0.27317896282358756 0.2719035029397666 0.2710474696450955 0.27066288986704373 0.27077077486995055 0.2713574985657993 0.27237472402826285 0.27374321266005897 0.2753603223517862 0.2771104087631693 0.27887678524510134 0.2805535157335208 0.28205525564394196 0.283323691932024 0.28432981227539317 0.28507207663389983 0.28557133375501076 0.2858638172157702 0.28599367671462317 0.28600628488382807 0.28594313325974396 0.2858386466257482 0.2857188288596534 0.28560137627260085 0.2854967706766584 0.2854098686695357 0.2853415914996389 0.28529044533941716 0.28525372788646347
0.2911888390257268 0.29115827076909423 0.29096783540109045 0.2905875453370688 0.2899980156672233 0.2891915214680117 0.28817241310561503 0.2869571281202324 0.28557399526717064 0.2840628850494521 0.28247457257590886 0.28086951780432656 0.27931570793902294 0.2778852895785818 0.2766499387360486 0.27567522201511613 0.27501451022234047 0.2747032343966622 0.27475436540629267 0.2751559277368404 0.27587113202451163 0.27684135702478935 0.27799177554346455 0.2792389664282004 0.2804994735724344 0.281698059377753 0.2827744293800565 0.28368749461268095 0.28441672877530333 0.2849607424954601 0.28533368823680433 0.28556040927643683 0.28567130661189793 0.28569774630772093 0.28566854671859476 0.2856077660481811 0.28553373523843245 0.28545909510969264 0.285391510960807 0.2853347375574061 0.28528976431573505 0.28525585410745663 0.2852313743622177
0.2913862768420029 0.29134533173710836 0.2911613562235911 0.2908096380184418 0.2902775797269851 0.2895647170090828 0.28868187778875887 0.28764985469627485 0.286497944422689 0.2852625810198977 0.2839860995498375 0.28271547850719436 0.2815007914700123 0.2803930959242866 0.2794416082380032 0.2786902263702182 0.27817370508862094 0.2779139921466961 0.27791733958390463 0.2781727792640312 0.278652393325202 0.2793135432814571 0.28010289313431164 0.2809617350904266 0.2818318717224983 0.2826611891330923 0.2834081095538572 0.2840443340332681 0.28455562458964634 0.2849407448716534 0.2852089873924736 0.2853768963186336 0.285464823471794 0.2854938520806384 0.2854834384454436 0.28544991538165027 0.285405822547111 0.2853599067871575 0.28531757819709247 0.28528160591209856 0.2852528738996081 0.28523107155712046 0.2852152501230413
