_RESULTS/REVERSE_NEW/Berg/TZ/1comp/Berg_TZ_z_125_kriged_reverse_1comp_test.asc
ncols 100
nrows 90
xllcorner 5.6208707817415728
yllcorner 50.959635321741573
cellsize 0.00013419651685393446
nodata_value 1.7014100000000001E+038
[rows 19 to 37 of 90, columns 43 to 85 of 100]
15.360914491518022 15.472567164898098 15.61903686637264 15.780700802522329 15.93615127291046 16.064833694493927 16.15094077921813 16.19092078260485 16.199159168961984 16.198324781897547 16.1991579035252 16.194543396747058 16.172134850245072 16.1262302505354 16.058998794071787 15.976393594647606 15.884873818894443 15.790237253702918 15.697615310234363 15.611722446886727 15.536951029976098 15.477226699242804 15.435689926819618 15.414326859548503 15.413677062743393 15.43271581908378 15.468958586659816 15.518779191279814 15.577884021685731 15.64185222133814 15.706643227977054 15.768988472836451 15.826616571530158 15.878299275449791 15.923738707663986 15.963339803005622 15.997923386701226 16.028434634170942 16.05569200628044 16.08020977834615 16.10211751348335 16.121189370379394 16.136975277077646
15.200354832902496 15.357122962326772 15.548191038444372 15.749579490630005 15.935756868196929 16.082130663358544 16.169835283724026 16.19848076954786 16.1953078787216 16.193641942421195 16.198929553312777 16.19084815765806 16.15135768400041 16.078115185563043 15.978947621553921 15.863809200580192 15.741378499365716 15.61880313983646 15.502281246903232 15.397487052477073 15.309631828474718 15.243216983942126 15.201615658577133 15.186639808529629 15.198235717416498 15.234409150493516 15.291422687004308 15.364244565484606 15.44717242106791 15.534517789444632 15.621227830248646 15.703342718750566 15.778232435715559 15.8446075026941 15.90233818070865 15.952140299297533 15.995195834142951 16.032775239264936 16.065918999236416 16.095224187227064 16.120773378705127 16.1422325152586 16.15911061761391
15.120496637821088 15.317974238022053 15.545745232882016 15.775803755357822 15.978594700493309 16.124814765537494 16.193012207541482 16.193286650167245 16.1762010114136 16.182625284966615 16.198492681013487 16.184924339773307 16.12374900289504 16.02121306914904 15.891662595868942 15.747934046653056 15.599809425864434 15.455048028099908 15.32038875420421 15.20202403589457 15.105604771271267 15.035916703320973 14.996390653309478 14.988618798875763 15.012031322217464 15.063841245710604 15.139301105287577 15.232245830740835 15.335833095787866 15.443347599787211 15.548922213663149 15.648054146957394 15.73785105375975 15.817007159415702 15.885558163374208 15.944487156331405 15.995259802514694 16.03936453987773 16.077926662778346 16.11145951010686 16.139817042129863 16.16240905902627 16.178689857681288
15.1343103511583 15.363529552288165 15.61519965707696 15.85765135693166 16.056605003845178 16.175919363271106 16.195281267436574 16.15356023315109 16.135289540428207 16.168460919387318 16.198740740575857 16.17320302085525 16.08544641327045 15.954108324104904 15.79864290752499 15.632993554706703 15.4669624639631 15.308184939485306 15.16329919089101 15.03843374484416 14.939199486257685 14.870332313509147 14.835153293181225 14.835033048179719 14.869030753735244 14.933827470599018 15.024003492343372 15.13263369390173 15.2521046512196 15.375005223402576 15.49492376912944 15.607011273484229 15.708234888215236 15.797324156208962 15.874469948626512 15.940860316739435 15.99813903399902 16.047867803583756 16.09107045427995 16.127944619651476 16.157851063126337 16.179715001846382 16.19290968002923
15.240489987370001 15.488204081300022 15.74651877896759 15.97974699101301 16.145564474728996 16.19863775120485 16.138615704264716 16.06619104997217 16.08556889422809 16.163733677682988 16.198862298631823 16.14830971304641 16.02981800446963 15.872817902163309 15.698399090744628 15.519757292408737 15.345717813019094 15.182989332292033 15.037363945670638 14.914259630338126 14.818752330197372 14.755213357152222 14.726724376311184 14.73447748683413 14.777352380588948 14.851806303043391 14.952135129667926 15.071080989668282 15.200685029359612 15.333226091417657 15.46206390472098 15.58223176817334 15.69069416401602 15.78627077850531 15.869292721472153 15.941081901130813 16.003342759497286 16.05754862523128 16.104407484627608 16.143519004167057 16.17340374482354 16.192174704995484 16.199065235685737
15.423338977095883 15.67254508147155 15.915967080935573 16.110480110540752 16.19848841815551 16.137293944474447 16.000493406590934 15.963116774353626 16.068077486486402 16.179428610761153 16.18905611554002 16.098282856257512 15.948385954361665 15.77181389518402 15.58751113608313 15.406505080447818 15.235747203599859 15.080193725508531 14.944046367546118 14.83140758375168 14.746384435047776 14.692730005568666 14.67320770053528 14.68891114805531 14.738756339507827 14.81929990553266 14.924951512606455 15.048557578462521 15.182250731019387 15.318398063418147 15.450457834657838 15.573581525081897 15.684871017689597 15.783289654243369 15.869292350615794 15.944265269645014 16.009861936428884 16.06731420575665 16.116804243763244 16.15703656065823 16.18528897390588 16.19843663215284 16.19545147680993
15.65461597020928 15.884813500808303 16.084948891769027 16.194751755348516 16.14423324167308 15.95827028857121 15.839488216055136 15.93324520216139 16.114819231698306 16.198763084795818 16.14686699994191 16.009092570122423 15.832904256278782 15.64566848484751 15.46214219767354 15.290366564868973 15.134647520393276 14.997450520404923 14.88076539059994 14.786906939540836 14.718695884873165 14.679100859300059 14.670544257927398 14.694129385513694 14.749029824526637 14.832213474991274 14.93857926974761 15.061485683959114 15.193562237517119 15.327632365896395 15.457553809893124 15.578811521685267 15.6887708478611 15.78658561988973 15.872819891438422 15.948866304141898 16.01623957355547 16.07581353108157 16.127081228399906 16.16759867830346 16.193009364939464 16.198468521282475 16.182463929581044
15.896467767268346 16.080693438215143 16.19211741313282 16.150368627656682 15.939874982451819 15.749455926308595 15.804061885223383 16.030510125880014 16.185030317137464 16.17407765635295 16.048132465832577 15.870312167842963 15.677976181265555 15.490983068388958 15.319741893239758 15.168852386978912 15.039364191011986 14.930712342345714 14.842268251236687 14.774280997980688 14.728120526200339 14.70591052588299 14.70977018081834 14.74094235811724 14.799070023795899 14.881810555658351 14.984875987444578 15.102480948257528 15.228087941774298 15.355276915759058 15.478546532353372 15.593884987604618 15.699018522842136 15.793326734398669 15.877472675307194 15.95281824620094 16.020690348571115 16.081550497652085 16.134130797687906 16.17470413416677 16.197004138153474 16.194019215105186 16.163386056066432
16.100769223871684 16.19418239223128 16.149383604110447 15.931857644841282 15.70158859020564 15.71593154799327 15.959361640230687 16.164650564234233 16.186255551164162 16.066983861218905 15.882407829344668 15.679300968992283 15.483197720338007 15.308167369544332 15.160584622929523 15.041255717075824 14.947577797867782 14.87568205441451 14.822171143638263 14.78516923817864 14.764601293938462 14.761802780189662 14.778692562797543 14.816800980946262 14.876430507156272 14.956152793116969 15.052739484105915 15.161512330159818 15.27700305988632 15.393751828199747 15.507056449078343 15.61351570923045 15.711275883622072 15.799962733233292 15.880334171687775 15.953709660448714 16.0212267671341 16.082958378062735 16.13692797333846 16.17817667809094 16.198484180809878 16.188385216762104 16.14412364808117
16.198551559825486 16.137444581436068 15.920445880152153 15.68330496954169 15.675619122304724 15.918466998900053 16.149952569635957 16.190715455939877 16.071620506036886 15.87508918346194 15.654836316201742 15.441694774601048 15.254344631118105 15.10257928493608 14.988727781355001 14.909563148836716 14.858700704203725 14.828970775128669 14.814303163895538 14.810846165575779 14.817251189485853 14.834239501656182 14.863697585108612 14.907604731558086 14.967080582394942 15.041765809405296 15.12964051894881 15.227270240458468 15.330373036891546 15.434541055930072 15.535935424087496 15.631803693772506 15.720729317829536 15.802588054564806 15.878233947297165 15.948957229104762 16.015750334138563 16.078396767983097 16.134390729042938 16.177804076639422 16.198723508192675 16.185220627205048 16.13145775914961
16.111775550106127 15.899209324700884 15.678947229234563 15.67011142743891 15.905059595394947 16.143185969858614 16.192095261751195 16.06956726924559 15.858826375595688 15.617288605127108 15.379971983337004 15.170497252059578 15.003431032753939 14.884552911199448 14.812024771191476 14.778586536945996 14.774219105564052 14.788696711006608 14.813576270593032 14.84335171886567 14.875712427759533 14.911039952004963 14.951409659418719 14.999414604092898 15.057105966504075 15.12526668530089 15.203125911672014 15.28850744794759 15.378309815295339 15.469157059910446 15.558046126295674 15.642845069305666 15.722551175701824 15.797277088783126 15.867976877805964 15.935943021732331 16.002099354776096 16.06609084992525 16.125151975723334 16.17281672883295 16.198029262227998 16.186732042545685 16.130317503617096
15.87118487299918 15.681573814829086 15.68434031312114 15.907915294425043 16.140744322387953 16.19287083565627 16.0682663993281 15.845568507044131 15.582866152188334 15.31777702893965 15.078369903674915 14.88460910531063 14.747283042048782 14.66806598839207 14.641046668364957 14.655209670315038 14.697283078905835 14.754417851124538 14.81625224990322 14.876074690389904 14.93102345332065 14.98148070070616 15.029958282797498 15.079812450482244 15.13408626296308 15.194693220442474 15.262047000926632 15.335130913303011 15.41190814604657 15.489917436306333 15.566885993659552 15.641217817676148 15.71226581181383 15.780350285247255 15.846527449247844 15.912130481440755 15.978101675248327 16.044110656589293 16.107424527400426 16.161536812736244 16.194975549043203 16.192217618188913 16.14146868431915
15.694582178279692 15.710618303275487 15.917889113745254 16.138631210431125 16.194365483084187 16.073547670961343 15.845560758603034 15.566736328375761 15.275487656918818 15.003008240179124 14.774301953788294 14.605903639755505 14.504664807246812 14.468275277434941 14.487113203543005 14.546898834384805 14.631655143297731 14.726478234698847 14.819652326803482 14.90379179432873 14.975946116065565 15.036857382604726 15.089709845692767 15.138733452915382 15.187962002087389 15.240349857540014 15.297343461526069 15.358898189683426 15.423843253897015 15.490443388642161 15.556993639014207 15.622308126574913 15.686010588844345 15.74858520124246 15.811185285255505 15.875217236336658 15.941716553654341 16.0105135303153 16.079152397498657 16.141527384276397 16.186481674145064 16.197914874266573 16.160978720751558
15.74834973945371 15.931205477967787 16.134640762844334 16.19674173251958 16.088253060249112 15.8648783761661 15.57925265927561 15.26887389754434 14.966154799240469 14.699832668626684 14.49191463130488 14.355226681040218 14.292762703136486 14.298602562769554 14.35994789581842 14.459865779985021 14.580322202032129 14.705016100430965 14.821511554516864 14.92231739019477 15.004856890353183 15.070561194221446 15.123473771791 15.168751115668819 15.211356472662574 15.255135452883875 15.302357471709499 15.353708285331164 15.408636079649849 15.465901940208 15.524173563112049 15.582524602107156 15.640746865333455 15.699431074755235 15.759810020540815 15.823379160550635 15.891313837435597 15.96368959888547 16.038480115461912 16.110276167580952 16.16881162393032 16.198341046241694 16.181742819081112
15.94794050780719 16.128309567047204 16.19884551595552 16.111729678293138 15.904464466254806 15.624093045050452 15.305894200874013 14.981453514095563 14.681256069939504 14.43157171981833 14.251013336448679 14.148699087673553 14.124096822779316 14.168186938486075 14.265596239734965 14.397396920164898 14.544193331332018 14.688987300794732 14.819276610005256 14.92801685454297 15.013416518923247 15.07785352110088 15.126344498494454 15.164963792454042 15.199496426135974 15.23449622502051 15.272821438875361 15.315628076950938 15.362721693906753 15.413118044023541 15.465651639148021 15.519494732575417 15.574493304111742 15.631274169574269 15.691115346148043 15.755594802559328 15.82604130481088 15.902805731701575 15.984346242067796 16.066075526122972 16.13894767958127 16.188346892319984 16.196121007892213
16.120314446871337 16.198607815811656 16.14032888917991 15.960649419208028 15.698494455982349 15.386131875391449 15.052648704121097 14.728020986864193 14.440874599336595 14.214537071127825 14.064142565004964 13.995370524772913 14.004622242828818 14.080329143931596 14.205152059829377 14.35883002094772 14.521303487712679 14.675564629383524 14.809655670364261 14.917454455079277 14.99826873728206 15.055585173828254 15.095431725242753 15.12474347542852 15.149996011763097 15.176262736811417 15.206762018522497 15.242871100033383 15.284504039305387 15.330700691530119 15.380263476323213 15.432303344002502 15.48660094737275 15.543736688588472 15.60498178309803 15.671967100776374 15.746158692950088 15.828170141951956 15.916926433265372 16.008650007534385 16.09560054716474 16.164768476841793 16.19829330320209
16.193864228320347 16.168500037593066 16.02648002688973 15.794891275947723 15.50233286675059 15.174527732470688 14.838910494986948 14.52418619179138 14.256635054785097 14.056477753536054 13.935573357045902 13.896573998838118 13.933316629068452 14.032232562347854 14.174610566158796 14.339495303463412 14.506818724237029 14.660174964897218 14.788649734382481 14.887386255535981 14.956978656891435 15.002085384019498 15.029722358313203 15.047600805101405 15.06275336300032 15.080599061340042 15.10451331950556 15.13587724669763 15.174497269239259 15.219235751589746 15.268685334459404 15.321746803201883 15.37801631289401 15.437936134154635 15.502702200113557 15.573947571137218 15.653235506742455 15.74140200048947 15.837781567065242 15.939316456354108 16.039484351569673 16.127036227555372 16.185438360501337
16.190017678014655 16.093069862520245 15.902899394151868 15.642914064858832 15.3354807303091 15.004222917564691 14.675694628886504 14.376922400277683 14.131608499264035 13.95699933179877 13.862046789688213 13.846848737265505 13.903191052112069 14.016045635557203 14.165901280831816 14.331699078728061 14.493927412483274 14.637257071340267 14.75214977314023 14.83519331856715 14.8883241451817 14.917350505071504 14.930209678638146 14.935291281177316 14.940059209001749 14.950128158633106 14.968864728805114 14.997482467623987 15.035512423102718 15.081481907574293 15.133630158402228 15.190519772095397 15.251450272181613 15.316629027428629 15.387094282698355 15.464411687941748 15.550181757195814 15.645405078614685 15.749753488834742 15.860775104341196 15.972998276567735 16.076847405955284 16.15768743936975
16.150540790318544 16.01071508168505 15.794289153141014 15.520414201552407 15.208811752842944 14.882244057413931 14.566167909638441 14.285657492057693 14.061887259456865 13.909443475330283 13.834821284294243 13.836066025368634 13.903432645601555 14.020967054744876 14.16889651857092 14.326569943309615 14.475462074841925 14.601616796205366 14.697016186990295 14.75971086873899 14.792922574714447 14.803520648093826 14.800263111066439 14.792108267220714 14.786832728119858 14.790123895120882 14.805218762835088 14.833049298880626 14.872764663052735 14.922455936210948 14.9799100772765 15.043252828444551 15.111388315573688 15.184191592386048 15.26244979993733 15.347574675939384 15.441126142425679 15.544198060554667 15.65672374662136 15.776750344695948 15.899683419439054 16.01741581266455 16.117359395952462
