_KRIGING/CROSS_VALIDATION_CLASSIC_CLR/MHZ/IZ/train_2/MHZ_IZ_2_train_z_125.asc
ncols 100
nrows 81
xllcorner 5.5967107548124995
yllcorner 50.982328804812504
cellsize 0.00017565037499993607
nodata_value 1.7014100000000001E+038
[rows 38 to 56 of 81, columns 0 to 42 of 100]
2.6682767377911651 2.6307854708230152 2.6173593873191385 2.6312183275092749 2.6753178451316084 2.7521734839080625 2.8635805114368877 3.0102391971654003 3.1913260267563301 3.4040786957942735 3.6434802381856151 3.9021296397113825 4.170370160679953 4.4367135580286163 4.6885534754778107 4.9131123855156513 5.098522855907353 5.2349141895628328 5.3153658027137656 5.336601433083759 5.2993314896039703 5.2081987814188846 5.0713370767025712 4.8996031454499818 4.7055828285227452 4.5024944819829802 4.3031165573129115 4.1188513533365168 3.9590083273870742 3.8303538121245722 3.7369360638087605 3.6801610457280485 3.6590694038190006 3.6707508873892549 3.7108291888160445 3.7739563657879418 3.8542690914668056 3.9457758154870661 4.0426613319400708 4.1395104470874529 4.2314633489572344 4.3143207831629411 4.3846171704207553
2.7251561129256809 2.6806707960193346 2.6586374264862829 2.6629816696544473 2.6975364927890157 2.7657909098032678 2.8705155098065478 3.013285263133731 3.1939522061398686 3.4101481720536788 3.6569136090974879 3.9265473409196754 4.208751726723774 4.491109904141064 4.7598823548763658 5.0010574967450392 5.2015451228390912 5.3503711823343387 5.4397238036198399 5.4657157239577376 5.4287650252153892 5.3335478944716517 5.188534994416754 5.0051771313249525 4.7968476234054123 4.5776722555076823 4.3613807889382574 4.1602982351369722 3.9845640638547102 3.8416295371099856 3.7360441469070937 3.6695075298245334 3.6411373784676244 3.6478888655793109 3.68505708129211 3.7467995249524342 3.8266283024301031 3.9178383361565179 4.0138554983147028 4.1085043246985276 4.1962066585164379 4.2721288581227492 4.3322957388405188
2.836644976778643 2.7860137651820049 2.7552266574369777 2.7489342864347974 2.7719107563587815 2.8287176394176448 2.923223984466556 3.0580150004599047 3.2337558026296391 3.4486038414071021 3.6977772766481052 3.9733815958486605 4.2645716298134939 4.5580833272187302 4.8391156298457592 5.0924867363443429 5.3039411413538513 5.4614531972224665 5.5563656907637036 5.5842198871211171 5.5451737967093262 5.4439610947130657 5.2894045469894539 5.0935546908602021 4.87056798095883 4.6354627423354202 4.4028940589685366 4.1860720103925626 3.9959163432699092 3.8405013393587111 3.7248041873687714 3.6507344694408945 3.6173955366173804 3.6215126083470692 3.6579575092532921 3.7203046741793275 3.8013650425841639 3.8936608434882642 3.9898220355788028 4.0829015005261446 4.16661865299921 4.23554832948839 4.2852730154805183
3.0006477442205717 2.94514689380456 2.906003120070396 2.8885917008015336 2.898664302699181 2.9419210201375967 3.0234161680379041 3.1468441056116006 3.3137864938223749 3.5230288665091769 3.7700652939414279 4.0469006940069168 4.3422300998647909 4.6420262110085204 4.9305079687824538 5.1914034766303576 5.4093708899980353 5.5714101754045604 5.6680929008145515 5.6944579786847438 5.6504651862792379 5.5409577961865022 5.3751505941335065 5.1657192181309544 4.9276119571804582 4.6767299514351617 4.4286242628465988 4.1973406482013278 3.9945102614709849 3.8287438088046541 3.7053449054369216 3.6263214734657097 3.5906460515240597 3.5946988611384083 3.6328215168918434 3.6979130782641749 3.7820114882789126 3.876819588610958 3.9741529202706602 4.0663035713736644 4.1463279191944125 4.2082743662081441 4.2473691492449177
3.2109624252641704 3.1521953133559797 3.1055997574545731 3.0772526180534228 3.0738852034941444 3.1023589627638972 3.1689520894279339 3.2785179170518002 3.4336122539705012 3.6337121425294661 3.8746562760061845 4.1484234913697993 4.443330218647036 4.744674569466925 5.0357917088505744 5.2994225653666316 5.5192466628009118 5.6813992259448494 5.7757886051716767 5.7970536640187387 5.7450482667297607 5.6248033177171894 5.4459852519778948 5.2219323053553683 4.968396876596616 4.7021478127499936 4.4395887437099031 4.1955300149629178 3.9822178057385478 3.8086817991558788 3.680419491490722 3.5993968990828686 3.5643161314917013 3.5710820433987895 3.613393114456422 3.683384626620636 3.7722630139051776 3.8708863366912243 3.9702643153695951 4.0619693414619231 4.138464675382675 4.1933654821654436 4.2216511966570636
3.45763869814281 3.3974029057753738 3.3446862144292946 3.3062190598676842 3.2896749730301305 3.3030490391251983 3.3538249687767947 3.4480066893859518 3.5891274610575947 3.7773733760594879 4.0089624140830313 4.2759016634662306 4.5662044948658203 4.8645912118991443 5.1536294626474604 5.415205217636947 5.6321625112322646 5.7899197627520369 5.8778680713159321 5.8903832928464244 5.827334720820053 5.694040244155671 5.5006897669281951 5.2613238807165299 4.9925035751409101 4.7118330400575967 4.4364996702152197 4.1819757972151059 3.960991207679267 3.7828415537694737 3.6530527241524591 3.5733812484031282 3.5420999986767385 3.554498858686284 3.6035218654855501 3.6804644784598133 3.77566510888972 3.8791413304588231 3.981140431492697 4.0725931512973297 4.1454756428276589 4.1930954550202966 4.2103210633055452
3.7277237684794851 3.6678612347127806 3.6106619562842623 3.5634363119872563 3.5347206550442176 3.5335616028059671 3.568568453210609 3.6468244506643184 3.772785178245488 3.9473144273511056 4.1670086225008323 4.4239376039916749 4.7058836777035307 4.9970978681453193 5.279521280346156 5.5343514956112418 5.7437802713113069 5.8926988380624348 5.9701663664016902 5.9704663134227864 5.8936297485002189 5.7453754008801905 5.5364914412510124 5.2817519372036141 4.9985115117229348 4.7051487365829399 4.4195305636658588 4.1576493865935369 3.9325471635120723 3.7535950948869803 3.6261502788583218 3.5515688588454188 3.5275226830882862 3.5485455162288742 3.606725664808113 3.6924634708847193 3.7952225909167132 3.9042208315541624 4.0090266625347084 4.1000481996207387 4.1689192589728474 4.2087992357961657 4.2146081807923803
4.0063352574132214 3.9485838403299574 3.8887104723246462 3.8345073613838703 3.7952529942679223 3.7809094323605499 3.8010703645504473 3.8637645796298314 3.9742571055214007 4.1340103049094949 4.3399643370707377 4.5842686312675518 4.8545454834882644 5.13469976179009 5.4062144711687914 5.6498019601241438 5.8472262149530803 5.9830822911582153 6.0463199029195778 6.0313299019593032 5.9384699083601866 5.773979342512515 5.5493125193420969 5.279988956046985 4.9841123182736506 4.6807370781162856 4.3882633373809306 4.1230182841077454 3.8981436880156415 3.7228606745568125 3.6021336662151611 3.5367113612650694 3.5234883392871148 3.5561085490769213 3.6257219156985587 3.7218066354773192 3.832980552294321 3.9477428331968194 4.0551089868649903 4.1451247183549622 4.2092637034984417 4.2407279714889956 4.2346750407775531
4.2779534525298626 4.2238184795386449 4.1631095500553972 4.1039811628199114 4.0562959985088511 4.0307463406479158 4.0377132135983675 4.0859803320823609 4.1814570959552491 4.3260826688825045 4.517076797742698 4.7466711744715919 5.0024005951886306 5.2679626430060171 5.5245779385511593 5.7527116925434392 5.933962731131766 6.0528975657466972 6.0986097281174114 6.0658186681711914 5.9553828595974405 5.7741787142796621 5.534378105114472 5.2522300482769513 4.9465058183503867 4.6367948779510098 4.3418398282026622 4.078075157144351 3.8584934143170755 3.6919118518402043 3.5826607710063985 3.5306685777502813 3.531882480265168 3.5789401992213148 3.6619974550718832 3.7696174248321674 3.889639957961188 4.0099675431414763 4.1192286676526386 4.2073036834504851 4.2657197892500633 4.2879368036788978 4.2695516130115116
4.5277906640711549 4.4784520316384597 4.418651491930957 4.3567697127742289 4.3030655610564743 4.2687362186541389 4.2647073146797769 4.3002805381080105 4.3818023789936138 4.5115330546980115 4.6868850067074632 4.9001649554635431 5.1388957335133885 5.386721102779882 5.6248185360820067 5.833673063423042 5.9950110373649679 6.093665139686367 6.1191462681448208 6.0667341368161463 5.9379611673025519 5.7404436682659767 5.4870977709691378 5.1948521381916866 4.8830242547316765 4.5715553833305869 4.2792993198009039 4.0225350394873765 3.8138299579831965 3.6613274182549396 3.5684777113842929 3.5341835039619709 3.5532928010218829 3.6173480045060526 3.7154887560682854 3.8354081656227499 3.9642748039547544 4.0895537878216608 4.1996860465974386 4.2846115274878809 4.3361455512824882 4.3482340112395654 4.3171199567182228
4.7430797995251712 4.6993443930719732 4.6420057408975133 4.5795242653222381 4.5223467219762057 4.4819222545756201 4.4694468077702876 4.4944712366731352 4.5635431597336513 4.679065499729715 4.8385419993280525 5.034341717130447 5.2540544380557801 5.4814344677488531 5.697851528712599 5.8840958962994669 6.0223316085159571 6.0979654392186387 6.1012053126908139 6.0281198674694227 5.8810755152377556 5.6685085899683472 5.4040752519549908 5.1052975307912298 4.7918792248343411 4.4838934229522724 4.2000424270502403 3.9561640530897981 3.7641126455292677 3.6310875300058156 3.5594249143378653 3.5468187820638799 3.5868971483085716 3.6700547897072 3.7844327950041214 3.9169380710261748 4.0542102602091212 4.1834665176436285 4.2931826563770574 4.3735981064391183 4.4170575171315782 4.4182196257454418 4.3741713750636517
4.9141313659158374 4.8764331198816482 4.8228596877635379 4.7618017764136908 4.7036769788815178 4.6599206956791761 4.6417101222838273 4.6585617417441956 4.716975487126648 4.8193090601821549 4.9630506136344561 5.1406175736477433 5.3397479870887654 5.5444759667074717 5.7366046089918239 5.8975194105512276 6.0101335264158582 6.0607318191443511 6.0404883270203271 5.9464713392992223 5.7820162276083096 5.5564285153555542 5.2840655218840933 4.9829210302222453 4.6728926482065827 4.373938873779375 4.1043305646658084 3.879172849389803 3.7093256504343439 3.6007930501457763 3.5545928633540878 3.5670656066603761 3.6305418201797699 3.734261147501631 3.8654263171168082 4.0102791929335861 4.1551022148231525 4.2870737661886089 4.3949364298705564 4.4694682520597731 4.5037743210031778 4.4934349157752482 4.4365542088050365
5.0350378403528868 5.0034801103396145 4.9547021453857294 4.8968799870366606 4.8401885251033239 4.7957867889395214 4.7745472881349595 4.7856720580987631 4.835368347066817 4.9257646082810123 5.0542299698443305 5.2132185334652146 5.3906981404847816 5.5711491928978294 5.7370425583422868 5.870637413124852 5.9558905164690703 5.9802461479172866 5.9360853396311182 5.821653805196723 5.6413546317327512 5.4053743891241215 5.1286970279709596 4.8296355505026085 4.5280657946403995 4.2435727691824727 3.9937160593434782 3.7925902563587957 3.6498064437778672 3.5699608266030523 3.5525959947637058 3.5926069045718125 3.6810028510877522 3.8059113181234383 3.953700226990049 4.1101006661156916 4.261230348515328 4.3944455298014962 4.498981825204261 4.5663775651269507 4.5907020939832481 4.5686313095723481 4.4994206949541926
5.1039525190703561 5.0783810845175008 5.0351640368315795 4.9821295885384433 4.9290117887637965 4.886449144533378 4.8647440488461431 4.872525064746041 4.9154815591509209 4.9953453449204321 5.1092747135874195 5.2497537755635779 5.4050589498546184 5.5602722098637134 5.6987468061684989 5.8038660901093468 5.8608897015665686 5.8586616340983593 5.7909658403630448 5.6573566939419297 5.4633583484078017 5.2200089989953096 4.9428106453741396 4.6502191065212592 4.3618617239868591 4.0966944894981321 3.8713045498844454 3.6985316148441565 3.5865301094859077 3.5383324350777747 3.5519119557418892 3.6206902925680882 3.7343926902994524 3.8801304858637482 4.0435816029114999 4.2101473078016927 4.3659836893337385 4.4988359729474698 4.5986385319916074 4.6578783908038321 4.6717500382729451 4.6381499509686108 4.5575672692020284
5.1229288539718763 5.1030199964867027 5.0658940281501526 5.0189162978581354 4.9712077547605578 4.9326742895787508 4.9128185507839479 4.9194730712703301 4.9576178516888927 5.0284482314738792 5.1288382445021146 5.2513022427244831 5.3844980059740148 5.5142450833844148 5.6249618257216358 5.7013633624461537 5.7302200325663151 5.7019588814685509 5.6119037514601597 5.4609917010270639 5.255869625608879 5.0083554096167493 4.7343304056738926 4.4522017542893835 4.1811232638624478 3.939185539844972 3.7417782046716446 3.6002928926271784 3.5212826704040086 3.5061311316134467 3.5512222210054953 3.6485478844613275 3.7866504444187981 3.9517730005686711 4.1290846172409275 4.3038562276068166 4.462485383669458 4.5932995303604596 4.6871038964601457 4.7374763242688918 4.7408422410792586 4.6963839535403888 4.605846456789644
5.0973660887231933 5.0827134221667176 5.0520122813694623 5.0120731529950593 4.9712656893428733 4.938593745829122 4.9225783275615438 4.9300818013666525 4.9652277195053482 5.0285709389628632 5.1166511382553121 5.2220210906809665 5.3337837451086276 5.4386062537127042 5.5221131745376137 5.5705044426530907 5.572205087464063 5.5193399076527623 5.4088409837711406 5.2430383410416983 5.0296489993833706 4.7811577428869558 4.513662314641623 4.2453240912083086 3.9946122608632186 3.7785486982982888 3.6111506968373823 3.5022330603227139 3.456677193499043 3.4742122177385784 3.5496912944791261 3.6737932200906562 3.834040421161363 4.016002468347569 4.2045494814392654 4.3850308139536942 4.5442783463267471 4.6713667609893967 4.7581007356116007 4.7992359816880761 4.7924723299809564 4.7382781297998449 4.6396131032142538
5.0351576887608953 5.025343700622253 5.0012419022385028 4.9690420674407765 4.9362637039797708 4.9108887532357155 4.9003300791534858 4.9103617878331374 4.9441550206571865 5.0015610341667571 5.0787612320789588 5.1683632648668922 5.2599678619801491 5.3411693328284375 5.3988917283530089 5.4209111056566837 5.3973802299702012 5.3221616005227279 5.1937910529339124 5.0159365216429475 4.7972796697207851 4.5508230393705418 4.2927007760025564 4.04063511837664 3.8122239196421019 3.6232604612157675 3.4862745828213106 3.4094473141933306 3.3959971065451078 3.4440737256311791 3.5471352134342395 3.69473182676616 3.8735838061924297 4.0688197973332887 4.2652399241837848 4.4484802471165477 4.605980662974094 4.7276923164819618 4.8064986888893344 4.8383616757710151 4.8222351325583954 4.7598092054312513 4.6551564239990544
4.9456724168614183 4.9403153361941126 4.9228555893271508 4.8988236818870785 4.87483158518374 4.8577717390660009 4.853880790276266 4.8677854333882298 4.9016619844522094 4.9546375425347211 5.0225382271616379 5.0980510407115727 5.1713147550419496 5.2308981083427302 5.2650680160773167 5.2632043636723918 5.217188574299902 5.1225860954834666 4.9794609027054602 4.7927020231448818 4.5718028729509506 4.3301053066952182 4.0835909457091457 3.8493615801808914 3.6439890909848258 3.4819279174752906 3.3741687363704318 3.3272744065404605 3.3428855866532081 3.4177227868006823 3.54405299116199 3.7105398572811743 3.9033618793274676 4.1074651545739673 4.3078165189357946 4.4905370275396255 4.643822002294236 4.7585882328791076 4.8288268703282515 4.8516772126022545 4.827267131760868 4.7583862045472767 4.6500650001829147
4.8387091937747524 4.8374817100399756 4.8265888392635343 4.8108897719873571 4.7960719900736937 4.787921854854444 4.7914886168357693 4.8102496611742556 4.8453958858046331 4.8953506457436813 4.9556134183453739 5.0189823306700507 5.0761621303319355 5.1167119310682541 5.1302370419378338 5.1076886053807602 5.0426101932746814 4.9321668212257617 4.7778112150406518 4.585483321494003 4.3652970447482016 4.1307348806353552 3.8974364538915949 3.6817207468890571 3.4990156789413382 3.3623777552332927 3.2812682126965451 3.260714180367779 3.3009308519813607 3.3974222139789343 3.5415220723216154 3.7212910300983562 3.9226533495056262 4.1306423668153176 4.3306241268439614 4.5093842574143714 4.6559897357684861 4.7623712541278529 4.8236090038810584 4.8379402368272082 4.8065364093220513 4.7331172294461972 4.6234760284978105
