_KRIGING/CROSS_VALIDATION_CLASSIC_CLR/MHZ/IZ/train_2/MHZ_IZ_2_train_z_710.asc
ncols 100
nrows 81
xllcorner 5.5967107548124995
yllcorner 50.982328804812504
cellsize 0.00017565037499993607
nodata_value 1.7014100000000001E+038
[rows 19 to 37 of 81, columns 0 to 41 of 100]
-4.1574877047942671 -3.9424618529256286 -3.7706129870307983 -3.6494777368015185 -3.5821568944377766 -3.5663324241767107 -3.5938286296688666 -3.6508694280185985 -3.7191014790446921 -3.777344813395505 -3.8039136387021877 -3.7792402392216964 -3.6884560788927878 -3.5235553467562859 -3.2847987209723719 -2.9811093145764822 -2.629356094536174 -2.2525887632212971 -1.8774516154704131 -1.5311315128710383 -1.2382629804964118 -1.018210056791709 -0.88307329597616757 -0.83664813244970304 -0.87441338159903381 -0.98448388561438804 -1.1493427915518915 -1.3480912918218309 -1.5589209499441061 -1.7615210335598377 -1.9391702516542217 -2.0803174699309821 -2.1795200600100308 -2.2376758203971185 -2.2615521585091329 -2.2626827039058544 -2.2557637976374441 -2.2567359871238768 -2.2807712809010372 -2.3403978702415404 -2.4439753429714219 -2.5946853061745223
-4.2367089725966292 -3.9896793060652378 -3.7735533188635593 -3.5967390094586698 -3.464627085778357 -3.3786446473178806 -3.3356593676887236 -3.3278707684190643 -3.3432749245551925 -3.3667156555457574 -3.3814477341577636 -3.3710493584922112 -3.3214482762868904 -3.222784345503225 -3.0708326887637583 -2.8677602162733891 -2.6220789682038728 -2.3477780394629661 -2.0627407740319086 -1.7866623891346585 -1.538755412545072 -1.3355543093991855 -1.1891047545683264 -1.1057554943709533 -1.0856770948679504 -1.1231302541573811 -1.2074130949377455 -1.3243432124719838 -1.4580812980863946 -1.5930787561427415 -1.7159289055443345 -1.8169168201976014 -1.8910946302026979 -1.9387565559857585 -1.9652504596194191 -1.980137602949215 -1.9957932324352523 -2.025617188413765 -2.0820830509312085 -2.1748839341586361 -2.3094245434681646 -2.4858611943263256
-4.2883610303241735 -4.0087537610316666 -3.7492518644894837 -3.5195617521973723 -3.3277652778616194 -3.1793622608763634 -3.0764654416437871 -3.0172751646830882 -2.9959439659959024 -3.0029029637355826 -3.0256648534258055 -3.0500492465351137 -3.0617059255467787 -3.0477534237740151 -2.998316751838189 -2.9077480145566987 -2.7753497970781069 -2.6054888507553038 -2.407075388963861 -2.1924756338034328 -1.97600597765706 -1.7722131402170795 -1.5941685746543932 -1.45199619845177 -1.3518149833599686 -1.2952201414346547 -1.2793576286043411 -1.2975745548828037 -1.3405592971678608 -1.3978248857764264 -1.4593425656662014 -1.5171047979565095 -1.5663941499603347 -1.606561259690011 -1.6411728973893407 -1.6774763186798491 -1.7252284543162979 -1.7950421552688614 -1.8964878234166509 -2.0362395219739291 -2.2165578919405764 -2.4343548510757795
-4.3062521567776795 -3.9937025297245903 -3.6919852541753606 -3.4124358541064304 -3.1661061261091099 -2.9627565119314134 -2.8098026891413603 -2.7113394871650875 -2.66738175456506 -2.6734581905699422 -2.7206661723595111 -2.7962435772424605 -2.8846433062134871 -2.9690184768895982 -3.0329550050713543 -3.0622376192000047 -3.0464162142298896 -2.9799570517968981 -2.8628158356737998 -2.7003487639053603 -2.5025703229272622 -2.282858113235946 -2.0562816944407771 -1.8377837738193641 -1.6404617039473059 -1.4741831697604191 -1.3447239558648327 -1.2535429442827954 -1.1982181562305492 -1.1734686743121223 -1.1725939878521778 -1.1890892820802144 -1.2181562655224347 -1.2578345626614649 -1.3095322420542903 -1.3778307548499686 -1.4695652669796484 -1.5923144419595356 -1.7525489555819238 -1.9537619287526908 -2.1949207749278496 -2.4695337085018441
-4.2850395891886617 -3.9396486780775142 -3.5974000198048053 -3.2714744384523549 -2.9760293244959861 -2.7251127728415945 -2.5313383674138876 -2.4044433821179894 -2.3499030636335156 -2.3678037930781777 -2.4521775007640798 -2.5909626769703813 -2.7666846997761319 -2.9578488939313843 -3.1409294202657314 -3.2927353120760259 -3.3928610874899938 -3.4258984195938602 -3.3831048535708419 -3.2632939815139927 -3.072818637463854 -2.8246478096432632 -2.5366688766066616 -2.229459173616597 -1.9238474586055929 -1.6386145459348924 -1.388658023404215 -1.1838709886650172 -1.0288691860491319 -0.92356163117230849 -0.8644185556880899 -0.8461710675616807 -0.86360122958550889 -0.91306514337496836 -0.99344106744366378 -1.1063034499772701 -1.2552738053736796 -1.4446630832670042 -1.6776658776465592 -1.9544651707605727 -2.2706367554763336 -2.6161979991339557
-4.2214584533548525 -3.8442215354685594 -3.464107141183721 -3.0962303730050813 -2.7578317696438397 -2.4670973435199848 -2.2415554681509029 -2.0961754443759979 -2.0413747550678742 -2.0812043771547977 -2.2120068773459671 -2.4218182072637475 -2.6907076979924121 -2.99212904332067 -3.2952057086473054 -3.5677222873444414 -3.7794665106765386 -3.9054895045170923 -3.9288409072485422 -3.842395455500661 -3.6495108116688186 -3.3634237505539986 -3.0054765822178204 -2.6024379958892503 -2.1833143562383164 -1.7761172132138725 -1.405048535474986 -1.0884868662370444 -0.83801725532248739 -0.65856810441266944 -0.54952905167815302 -0.50655850036933359 -0.52367722972852704 -0.59520702255988667 -0.71715859837678586 -0.88779407288701506 -1.1072635090569616 -1.3764095795105487 -1.6950108311605145 -2.0598573552403163 -2.463097952183217 -2.8912559386850898
-4.1153499558330289 -3.708674273514557 -3.2948963296468854 -2.8910204851663401 -2.5171818723096315 -2.1953692275464327 -1.9475557970511872 -1.7933660469899806 -1.7475184305681957 -1.8173769371989792 -2.0009933163533873 -2.2860098005989187 -2.6497112854714864 -3.0603722039233361 -3.4798564548783695 -3.8672291838313164 -4.1829625755250675 -4.3931977542059339 -4.4734861689435146 -4.411487170627252 -4.2082381195134566 -3.8778179742419674 -3.4454618036657898 -2.9444130298146831 -2.4119843458419084 -1.8854064577292604 -1.3980579840112419 -0.97658765834430028 -0.6392753845781165 -0.39575991601912719 -0.24802593366259273 -0.1923334131329355 -0.22162481261975486 -0.32788732311110813 -0.50398855713693003 -0.74463632422578563 -1.0463106974060157 -1.4062406591959355 -1.820704038877663 -2.2830774156689788 -2.7821230680256033 -3.300961476154006
-3.9703489652981894 -3.5385550898326521 -3.0973808938437664 -2.6655405462802086 -2.2657092343468754 -1.9231582486433538 -1.6636494575201404 -1.5107191032679346 -1.4826209316340524 -1.5893185694277996 -1.8299879069898246 -2.1914887673661489 -2.6481799916495952 -3.1632879621250858 -3.6918171492491609 -4.1847480033190365 -4.5940453711741664 -4.8778415720583848 -5.0050947119887308 -4.9590707574747608 -4.739153363234001 -4.360724894916947 -3.8531465074943156 -3.2561471118277048 -2.615163215674432 -1.9763149992461351 -1.381734828389984 -0.86587831956549621 -0.45326082698629122 -0.15780715300678594 0.016275421085826025 0.072441858545214899 0.019093205018069881 -0.13320108156234234 -0.3739796008091556 -0.69424381328562923 -1.08668939151144 -1.5448637702386261 -2.0615339904404575 -2.6267203794509495 -3.2259269737787868 -3.8390652458729999
-3.7941574413806087 -3.3438541612835131 -2.8839920372811498 -2.434687510793843 -2.0206446298025078 -1.6697234873731013 -1.4106440519497667 -1.269955378637512 -1.2685642813263875 -1.4182616754957174 -1.718775049037486 -2.1558838145261277 -2.7010458101654251 -3.3128014951085412 -3.9399707115304672 -4.5263751922211792 -5.0165577567420936 -5.3617757329097966 -5.5254607449311717 -5.4873803454734524 -5.2459066485908732 -4.8180675893037712 -4.2373834528137717 -3.5498199919574596 -2.8084642107757851 -2.0677034638709095 -1.3777341495103919 -0.78013674704432034 -0.30504662613457256 0.029837249572533864 0.21847934750278952 0.26433206983892532 0.17732951505046657 -0.029281485819522501 -0.34163691769020765 -0.746991849934318 -1.2342483535214388 -1.7933014188007501 -2.4134887056533056 -3.0816229119403769 -3.7801752722087532 -4.4861494479572688
-3.5983958440823081 -3.1386339443198246 -2.671349629891747 -2.2176394106763802 -1.8035875870416511 -1.4587991948072485 -1.2139728157947154 -1.0976399191310229 -1.132381296301606 -1.3309958662997694 -1.6932044072636891 -2.2034883165092261 -2.8305733314039045 -3.5288725946621646 -4.2419270291896094 -4.9075672814283049 -5.4642254808385413 -5.8576024401122861 -6.0467917147266004 -6.009000984122741 -5.7421925630745516 -5.2652613312514642 -4.615731338896806 -3.8453205976098346 -3.0140345598005958 -2.1836500417069864 -1.4115098260600334 -0.7454561036816294 -0.22050692189890597 0.14243456258550324 0.33589614814745161 0.3635557472105333 0.2369771974786623 -0.027911163281904905 -0.4138957407038113 -0.9045712089703617 -1.485155868223579 -2.1420314623000696 -2.8612906877280722 -3.626787380979172 -4.4182874718919223 -5.210295506911903
-3.3980772672349566 -2.9402197097994183 -2.4791249970879221 -2.036353347536366 -1.6386125543078442 -1.3162944253484916 -1.1009867055306088 -1.0220794985754935 -1.1027842013245461 -1.3560642782618899 -1.7810990717128838 -2.3609283658287339 -3.061835785778829 -3.834824334329852 -4.6192426263011281 -5.3482819688168615 -5.9557416614753418 -6.3832135643916654 -6.5867169720929706 -6.5418494754076075 -6.2467092128507371 -5.7221604188503203 -5.0094054117918727 -4.165225906663899 -3.2555966663218641 -2.3485975184041656 -1.5076191533617411 -0.7857647523340674 -0.22211293795120213 0.15982781975232996 0.35151646472225906 0.35701628511305472 0.18951640740297826 -0.13249059720264533 -0.58862450158035529 -1.15903476304746 -1.8254884622399974 -2.5711074939523417 -3.379030712599528 -4.2305040006984971 -5.103016411309035 -5.9690841138786066
-3.2107813496926845 -2.7680703464538503 -2.3285667411803352 -1.9137111510533309 -1.550008518484379 -1.2676121066208452 -1.0978510321776866 -1.0698078124596826 -1.2062614652946841 -1.5195054199341911 -2.007683465653141 -2.6523223687847342 -3.4176532930804662 -4.2521053026876654 -5.0920482148848532 -5.8675068481639396 -6.5092266281145807 -6.9562062006894845 -7.1626798171999564 -7.1035620411231104 -6.7775615537010321 -6.2075006796885273 -5.4377883406421343 -4.5294166460697109 -3.5532130277403233 -2.5823194538905945 -1.6849486582380173 -0.91837423464035695 -0.32486696254560954 0.070059882844301313 0.25712453634182708 0.24086154621468481 0.035981787637593854 -0.33668955340408324 -0.85390914542001362 -1.4927161881682256 -2.2317736531164893 -3.0513045593041763 -3.9318860235077562 -4.8526029006659552 -5.7891886165926323 -6.7127721997716936
-3.0556159581828801 -2.6424637023539752 -2.2408783160573975 -1.8715634875779514 -1.5599715604527979 -1.3349810175246475 -1.226517732615342 -1.2622088961106641 -1.4633725098850903 -1.8408471903012362 -2.3913105892154611 -3.0947790179827841 -3.913900299614582 -4.7954443599717305 -5.6740861300939027 -6.4782114550906638 -7.1371229279212667 -7.5887460085854297 -7.7867928303703575 -7.7063652978567472 -7.3471735869777302 -6.7338822482241891 -5.9135182525208219 -4.9503115499328825 -3.9187142222515838 -2.8955953845268674 -1.9526946214458967 -1.1503257723810059 -0.53307545446437032 -0.12788399742572309 0.055504462283540335 0.022110222733207507 -0.21202421387715198 -0.6240680487013659 -1.1883170164900658 -1.8791327852519526 -2.6725157104724229 -3.5462408822289806 -4.4788013532830977 -5.4476494371464224 -6.4273618439330384 -7.3883547461961001
-2.9520487349209823 -2.583120325660289 -2.2356199347867012 -1.928900021080949 -1.6865382707982697 -1.5351529018381491 -1.502192237653496 -1.6127651896016495 -1.885793176200977 -2.3299697533245265 -2.9401649181202849 -3.6949641678690313 -4.5559605284883542 -5.4692169579661591 -6.3690099352378322 -7.1836005687698954 -7.8424215758016285 -8.283785267852009 -8.4620672777612409 -8.3533384951403331 -7.9586080969316253 -7.3041757206232329 -6.439015202965491 -5.4295532861592104 -4.3525883900551872 -3.2873520588595717 -2.3078069737307167 -1.4761885906458723 -0.83855226709907882 -0.42273119878618459 -0.23870768821763733 -0.28102220394783828 -0.53255541942062301 -0.96886387118295936 -1.562250234166191 -2.2848961434683872 -3.1106445553017181 -4.015336327371438 -4.9759197544253997 -5.9688028829963553 -6.9680610298346615 -7.9441224721689068
-2.9186760782206456 -2.6078637883098246 -2.3292680929310485 -2.1003178512477199 -1.9419741469855225 -1.8777226041806649 -1.9315972487301742 -2.1252763949838283 -2.4745001343258188 -2.9852646252831185 -3.650403742388086 -4.447230449968286 -5.3368495828149829 -6.2655645970369189 -7.1685044326626706 -7.9752391548325914 -8.6167979234920349 -9.0332182279828483 -9.1805999107606535 -9.0366478228252642 -8.6038690256102992 -7.9099177528420892 -7.0049994957290149 -5.9566827374891584 -4.8428475342790005 -3.743759446110456 -2.7343529430017881 -1.8777278821431516 -1.2206248406691138 -0.79129584797582808 -0.5997901287816525 -0.6402994967240403 -0.89491804898488247 -1.3380113101405815 -1.9403815741048067 -2.6725519061278806 -3.5067387360820863 -4.417391125796458 -5.3804836094104953 -6.3720011432818051 -7.3662039711432286 -8.3342825588877858
-2.9719831307347242 -2.7313862756150904 -2.5340176707135704 -2.3948901131528189 -2.3317357987731668 -2.3642063542625955 -2.512183550918266 -2.7932123708970913 -3.2192682479542292 -3.7932721032962995 -4.5059244312504685 -5.3334998077634719 -6.2371956937928612 -7.1644562785277071 -8.052411896264827 -8.8332308874699006 -9.4408349120940809 -9.8181474845187235 -9.9238872805082874 -9.7379197942638154 -9.2643507271192842 -8.5318575612159631 -7.5911599465962407 -6.5099550707013645 -5.3660173146016685 -4.2394185117100758 -3.2049240943528154 -2.3255484079466662 -1.6480269975080049 -1.2006284322193004 -0.99334432567199826 -1.0201306014364668 -1.2625865943758168 -1.694295644936096 -2.2850323365002083 -3.0041622268805508 -3.8227904661039016 -4.7145086120574096 -5.6548876846968366 -6.6201146838285485 -7.5853251659074257 -8.5232205714039928
-3.1251421372524142 -2.9641649719182759 -2.85686788688162 -2.8154690153495601 -2.8540312839040034 -2.9878895086903619 -3.2322831449809719 -3.6001765094187057 -4.0994360552115516 -4.7297289883640072 -5.4796651050543286 -6.324781459940807 -7.226936479654368 -8.1355263464881187 -8.9906774158627183 -9.7282443023635548 -10.286112130060586 -10.611027731720268 -10.665025526395956 -10.430506846088837 -9.9131856630813413 -9.1424070176816183 -8.1687279406704842 -7.0590578480888322 -5.8900154235956403 -4.7404103243838858 -3.6838597258583441 -2.7824884278940551 -2.0824526581739455 -1.6117124731523731 -1.3801130509914294 -1.3814842734266897 -1.5971884892300938 -2.0003809085983715 -2.5602168187852765 -3.2453417536396216 -4.02620939225692 -4.8760445601347282 -5.7705532398625099 -6.686725970716898 -7.6012425448211065 -8.4890380966718695
-3.3869012687239568 -3.3115640735418701 -3.2990039796137758 -3.3584065408098773 -3.4999277205016135 -3.7343539313082594 -4.0720718172552317 -4.5213005578339587 -5.0857122398770027 -5.7617507130213763 -6.5361146682226003 -7.3839549411077368 -8.2683180501414082 -9.1412357111903955 -9.9466257574334715 -10.624869702151377 -11.118620131750289 -11.379128364734944 -11.372224660576469 -11.08306691244116 -10.51890973021438 -9.7094150774510677 -8.7043830587981272 -7.5691648739810429 -6.3783624757348658 -5.2086625032668277 -4.1317561628787836 -3.2082481986238882 -2.4832703547755806 -1.9842245587395446 -1.7207408839627512 -1.6866033548396793 -1.8631265371745354 -2.223298143698285 -2.7359589545077494 -3.3693709460227605 -4.0937068367863834 -4.8822422635056011 -5.7112989742422666 -6.5592258330455042 -7.4048728890427054 -8.2260848026889875
-3.7606298713476995 -3.7731595768803565 -3.8554748822203102 -4.0136484905603318 -4.2539103427411558 -4.5825319068203694 -5.0051264927308647 -5.5252921020577528 -6.1426794037804111 -6.8507402878692272 -7.6345633897082745 -8.4692922833603514 -9.3196186433851107 -10.140732816800208 -10.880906786404287 -11.48561118212165 -11.902778177845617 -12.088572969389608 -12.012880804344361 -11.663690774125135 -11.049673685671449 -10.200493462099407 -9.1647190492744368 -8.0055595694456709 -6.7949673217282562 -5.6068862295436315 -4.5105298773193123 -3.5645393036158914 -2.8127070057424461 -2.2816923995351281 -1.9808420315806785 -1.9039176073671378 -2.0322755029739685 -2.3388709830922068 -2.7924006182103742 -3.3609503365279831 -4.0146688166702109 -4.7272060641896392 -5.4759047612543963 -6.2409639747415735 -7.0039717165738029 -7.7462958683820418
