_RESULTS/POSTPROCESSED/Berg/GZ/1comp/Berg_GZ_z_180_kriged_reverse_1comp_test_linear.asc
ncols 100
nrows 90
xllcorner  5.6208707817415728
yllcorner 50.959635321741573
cellsize 0.00013419651685393446
nodata_value 1.7014100000000001E+038
[rows 57 to 75 of 90, columns 0 to 43 of 100]
51.55447771378021 51.5190207118942 51.476788287629724 51.42786031181262 51.37250370144426 51.31115314557061 51.244418596245765 51.173137332188546 51.098482476846684 51.02213793877441 50.9465444495748 50.87519181425457 50.812838135577564 50.76534336794367 50.73864315753808 50.736779364572484 50.76012137705157 50.80541353440316 50.867578267665515 50.94161906938361 51.0235867733156 51.11074435828651 51.20139473796318 51.29466516504395 51.390358686167524 51.48889789414841 51.59136537828353 51.69965503104338 51.81677128280447 51.947318119797536 52.098072234904514 52.2778502462355 52.494648465818784 52.74975374662267 53.03561115961357 53.341394703005484 53.65845403105568 53.981244502308115 54.30618133618066 54.63044993921101 54.9511809378154 55.26486118494248 55.56677432577948 55.85022758421763
51.586369726652634 51.551842479983854 51.51071040419354 51.462887968445955 51.408423004157044 51.34749436914245 51.28042918380602 51.207756807382744 51.13031937358022 51.049467561332975 50.96738486939301 50.88758836553122 50.81557898783357 50.759261340867546 50.72794684990774 50.72862700740246 50.76158532280657 50.82059805199422 50.897411451332964 50.985241166694415 51.07961688478038 51.17795776135156 51.27898520860972 51.38230685836588 51.48818797645427 51.59746456811638 51.71156133342921 51.832593776513036 51.963534663771426 52.10838127295364 52.27211588563079 52.46000047430229 52.675765455562065 52.9193810459469 53.18655981423945 53.47076370780326 53.765615248233175 54.06593989154298 54.367628294486714 54.66707937902442 54.96062529742702 55.24401193643344 55.5118732258322 55.75710686926754
51.62414038940718 51.5911452254189 51.551694969576076 51.505567731620175 51.45262588765637 51.39281790727041 51.326193709714296 51.25294734855602 51.17350724635343 51.088710597816345 51.00013586961949 50.91074184895257 50.826062265133544 50.75604389920989 50.71578545164933 50.719158009502685 50.76609943591093 50.84340905416318 50.93750262669191 51.03994405070238 51.14645971603669 51.25517287888475 51.36551683984777 51.47769123427393 51.59241866811911 51.71086068957255 51.83462134842054 51.96579595418588 52.10702121028332 52.26144972556802 52.43251118850467 52.62329440295447 52.83555298436302 53.06878611279399 53.32011491904344 53.5851207231962 53.858966986280855 54.13709481132899 54.415355143987924 54.68979680175339 54.95632455603492 55.21032600718348 55.44628926319398 55.65742641482423
51.66774440469998 51.63695781746897 51.59989197084808 51.55621645584061 51.50564357689337 51.44792857605999 51.382877310189215 51.31036965027135 51.23041164678768 51.143242932790436 51.049563389633704 50.95105163218857 50.85167667029567 50.76122146853207 50.7028072714801 50.70924320493133 50.77911617120557 50.880536104689625 50.993147364535204 51.10912398569308 51.22589489025496 51.342931535300686 51.46058616526976 51.5796647716138 51.70127458844001 51.82678422871064 51.957830452807606 52.096333295320306 52.244480933526525 52.40463136936702 52.57906662363517 52.76956348219925 52.976855160702186 53.20021567935556 53.43742824881551 53.68517276731903 53.9395793437374 54.19664738211745 54.4524058655842 54.70285797125241 54.94380416016104 55.170617536470445 55.3780204516517 55.559916709350645
51.71699605045248 51.68914045301259 51.655242280892544 51.61489237868491 51.567693254448166 51.513257677247736 51.45121051235068 51.381196895952094 51.30290050715172 51.21607881388108 51.12063362282525 51.01677714257966 50.90553412248293 50.790867705505086 50.69360085621921 50.70484279216455 50.81632443675106 50.9438708806131 51.07123375598705 51.196301856191354 51.31939214114306 51.44143559019824 51.56357046569319 51.687038670286476 51.81316971186356 51.94339273931073 52.079251493483845 52.22240270357141 52.37457506941136 52.537461679899764 52.71252386704206 52.9007128766266 53.10217120122345 53.31602761827878 53.540388547013166 53.772531136107084 54.00919248673978 54.246819611335305 54.48170173075724 54.70998128764566 54.92758183129147 55.13010005852499 55.3127086030003 55.47012328424154
51.77155617206923 51.74736746584754 51.71745578740838 51.68136384510721 51.63862687608638 51.588773346747274 51.531328851988434 51.465824643667155 51.39181145393188 51.30887845842547 51.21667702063195 51.11495113346044 51.003589906797664 50.88281315778648 50.755404620352465 50.77244586719316 50.91235899582824 51.04744579490115 51.17736695991404 51.30349544379281 51.427284415442834 51.55014423281495 51.6734370787694 51.79849399021028 51.926636364264986 52.05919390320869 52.19751111257774 52.342932242085425 52.496752319688675 52.66012261179637 52.83390680783432 53.01850287707312 53.21367106239116 53.41842475473182 53.631027773343256 53.84909731698345 54.06976471881906 54.28982951816076 54.50586171140641 54.71424079075795 54.91114664900283 55.09253090493922 55.25410334225841 55.391373092365335
51.830927207097545 51.81112047741715 51.78600277238628 51.75509675488092 51.717908958201605 51.67393709743132 51.62268513019575 51.56369006475744 51.49656663687553 51.42108246716606 51.33729706530071 51.24586876191359 51.1489082644204 51.05302787121384 50.98190743532248 50.99229942954827 51.080610828250194 51.193279058330134 51.310978872163105 51.42941187284353 51.54805527696267 51.66747803942812 51.78860862285586 51.912498306670955 52.04023543467188 52.17290896486334 52.311583115133786 52.457264076865286 52.61084699107088 52.77303676892259 52.94424418744611 53.12447004121174 53.31320176531029 53.50935152490952 53.71125562967853 53.91673389943136 54.123185992087485 54.327692641277324 54.52709657682171 54.71805360934554 54.89705980927844 55.06047136705464 55.204539758567726 55.32548742831055
51.89445694859732 51.87969345498582 51.86012195003823 51.83526706248114 51.80463474340026 51.767728545880395 51.7240807906773 51.67330705853583 51.61519806069048 51.54987654495676 51.47808210516085 51.40173906129565 51.325190637068665 51.2578443126921 51.21772899275984 51.22554548460678 51.281270916912405 51.36588797805914 51.464226534087196 51.569245376240815 51.67833682872046 51.79084929036911 51.906978603979844 52.027289165996585 52.15249699367619 52.283361580668554 52.42062058760266 52.56493633993408 52.716838583857516 52.87665691204791 53.04444380822999 53.21989662219556 53.402292519751526 53.590451584234735 53.78273774633019 53.97709662028374 54.17111881062529 54.36211228142953 54.54716982123278 54.72322515355819 54.8870998933975 55.0355505069129 55.16532862472029 55.2732691235644
51.961350325680876 51.952208661713414 51.93884389521835 51.920796588628306 51.897586169227935 51.86873478244943 51.83381282663668 51.792518044549965 51.74480597660506 51.69110077981331 51.632637101074096 51.57201787663269 51.514078644794125 51.46687765100858 51.44140671426396 51.44709659649542 51.48490417437531 51.54762437732757 51.62675946551541 51.71648553978167 51.81369914536999 51.917035035676385 52.02608564325391 52.14093681972564 52.26190924812894 52.389411257846355 52.52384687860112 52.66554817141659 52.81471546168959 52.97135817184457 53.13523555084784 53.30580174812706 53.48216294754502 53.663054618572836 53.84684388047341 54.031556559187344 54.214923182945064 54.39443538957662 54.56740503649631 54.731021921924075 54.88241067740515 55.01869144152488 55.13705135613305 55.23483416561511
52.03068728716287 52.02764031313164 52.021024603887156 52.010403201036695 51.995309909708034 51.97527567299242 51.94988103298881 51.91884820201748 51.88218963122313 51.84043233538607 51.79493546067978 51.748299432473 51.704783724078816 51.670414528395824 51.65209402207306 51.65523591800684 51.68127546891169 51.72764990693317 51.79013933316422 51.86498938888795 51.94965403937012 52.04267939917169 52.143363311517874 52.251455467496754 52.366946466644116 52.489927794049585 52.62049656116672 52.758685139711204 52.904403301996226 53.05738660047686 53.21714947370505 53.3829450869999 53.5537359818334 53.72817986003601 53.904633241236525 54.08117295025263 54.25563261833044 54.42564981043406 54.58871958345741 54.742251961688595 54.883633153725064 55.010292409240904 55.11977753036524 55.20984181010732
52.10144433323768 52.104841718662556 52.105381950098064 52.1026528336169 52.096195476286944 52.08552557345869 52.07018208222847 52.049818057918074 52.02434933905862 51.99417106814964 51.96043342551907 51.9253274548724 51.89225894058544 51.865690760787174 51.85041168812792 51.85027989876798 51.86710562534385 51.90051463043348 51.94879865648976 52.009954213535 52.082306149193 52.164684054703926 52.25636011501658 52.35691579888031 52.46611331282941 52.58379242091266 52.70979130690549 52.843884703255895 52.98573318012786 53.1348398844396 53.2905135586992 53.45183874379946 53.61765533085844 53.78654986133068 53.95686021008491 54.126693882447064 54.293958719050025 54.45640392394379 54.61166930928194 54.75734136654338 54.891015793424934 55.010366893856556 55.113224406702045 55.1976576265316
52.172517559569776 52.18257214761851 52.19052845050227 52.19600189599325 52.198533783289406 52.19759852356955 52.192636113450696 52.18312732045839 52.16873076927412 52.14949243097754 52.126110091040935 52.100185235594175 52.07433752292994 52.05203386544258 52.037055535514135 52.03272588249925 52.04124677106393 52.06349169337429 52.09929002913214 52.14792364049171 52.2085427568824 52.28039058707649 52.36287016377763 52.455524734540695 52.5579849672446 52.66991047389424 52.79093619555839 52.920626036391106 53.05843324972421 53.20366673103418 53.35546302768995 53.51276473159526 53.67430653824926 53.83861040876631 54.00399093182827 54.16857131836779 54.33030977199412 54.48703555704074 54.636494074503936 54.77640056077141 54.90450234525014 55.018649559363006 55.11687349456312 55.19747044249726
52.24274618818833 52.25952149005103 52.27499669463764 52.28882344560819 52.30054494399946 52.30957989345381 52.31522472139937 52.31669609899764 52.313244307436825 52.3043649313964 52.290103820250955 52.27137944549484 52.250169938506154 52.2294069360137 52.212536771962604 52.20289431472025 52.20314923035243 52.21503492015014 52.23939519768944 52.27642473199563 52.32594184852212 52.387594169235996 52.4609740518392 52.54566291076762 52.64123250334632 52.7472250878578 52.86312568759097 52.988333252194955 53.122133805499985 53.26367694556081 53.41195649291035 53.5657960595311 53.72384043417677 53.88455371660026 54.04622500144966 54.20698216483255 54.36481408504801 54.517601582320395 54.663157545301445 54.799277007932766 54.92379804100167 55.03467379949323 55.13005455720328 55.20837606118024
52.31093714233268 52.33433348293152 52.357258170337175 52.37941727866266 52.400374304136975 52.41950289270354 52.43594310140352 52.4485866377332 52.456140154488736 52.4573351264109 52.45132910441333 52.43822773481042 52.419484009888016 52.39788613830131 52.377068108345306 52.36078569566561 52.35229371749385 52.3540156746275 52.36750541921181 52.39359234195054 52.43258801374158 52.48447178853842 52.54902153916111 52.62588895350395 52.714633040389046 52.81472731972177 52.925552852791526 53.046385113704034 53.17637940385113 53.31455737323388 53.459796025872876 53.61082003269275 53.766197969834884 53.9243430387388 54.083518800163 54.241850462773264 54.39734238226923 54.54790274783866 54.69137699608788 54.825592170742055 54.94841485127681 55.05782473482178 55.152003701433394 55.22943587249518
52.375892788974795 52.40563114549553 52.43574106380162 52.46601155747427 52.49606586906336 52.52527976567573 52.552677643982705 52.576825840032036 52.59578719773881 52.60727442011669 52.60918077520612 52.600501497240295 52.5822091177923 52.557385300127216 52.53043257140152 52.505951044236184 52.48791617743653 52.47933542962946 52.48224874924632 52.49789217195532 52.52690137256906 52.56949167523348 52.62559117774629 52.69492638477965 52.77706994731071 52.87146249121437 52.97741900072857 53.094127414915135 53.22064436745506 53.35589088417131 53.49864943827471 53.64756294765105 53.80113591529838 53.957737802095 54.11560876988776 54.272868113309904 54.42752607034743 54.577500386524434 54.72064011535017 54.85476062409008 54.97769521582276 55.087369121671955 55.181899158083915 55.2597154855163
52.436444920879275 52.4720502721437 52.508857002769695 52.54677120588308 52.585533341339584 52.62460911147182 52.66302304864914 52.699126066233724 52.73033979088435 52.75307783151768 52.76331248096851 52.75822157030989 52.738214795368044 52.7073762544207 52.67176068639956 52.63731911261249 52.608828556067685 52.58972061139945 52.58228664743567 52.58795292026805 52.60751956488529 52.641341153276635 52.689452133402796 52.75164739454444 52.82752965267867 52.91653461924395 53.017943031250724 53.13088624497403 53.25434974342422 53.387176913007494 53.52807397060745 53.675615994981875 53.82825356274444 53.98431938328708 54.14203444853663 54.29951350938607 54.45477022265675 54.60572327623932 54.75020649114608 54.88598856797107 55.01081162268158 55.1224606452844 55.21887529100575 55.2983061873517
52.49149771993593 52.53228728861444 52.57504921785229 52.61983508044542 52.666562781685315 52.71490182785835 52.76407087564247 52.81248575349243 52.85719284563181 52.89318459975985 52.91342254464255 52.9115291624328 52.886963303507116 52.84640391385867 52.799140861259005 52.752970912843246 52.71329708573581 52.68363697200276 52.6662362570652 52.66249630564154 52.67324212723587 52.69888837491447 52.739541778253816 52.795062675544656 52.865100126037014 52.949110982060034 53.04637069967253 53.15598143325326 53.27688082118425 53.40785292864809 53.5475412665267 53.694462790607936 53.847021313560596 54.003518722548016 54.16216262261978 54.321069400512975 54.47826225289154 54.63166471192835 54.77909219677352 54.91824797048076 55.04673635985012 55.1621146471266 55.26201113734219 55.344329418089366
52.54008028612625 52.585165212600884 52.63287273615593 52.68340609484503 52.73689463492106 52.7933054650376 52.85226730416004 52.91270256551126 52.97203073796054 53.02450760280972 53.05885521536658 53.06055409191791 53.026661827861176 52.971065003937746 52.909017316077666 52.84993686133198 52.79903533527448 52.75933524023772 52.73270831318433 52.72035510228063 52.723034490034806 52.74118046372072 52.77496339646108 52.82432119092729 52.88897354497779 52.968427972608126 53.06198396666949 53.16873984606265 53.28760481967417 53.417316713124855 53.55646398966347 53.70350947874402 53.8568127318029 54.0146480363162 54.175215556246734 54.33664354690243 54.496980001748575 54.65417265235729 54.80603773393003 54.9502219740831 55.084171542355385 55.205138971387534 55.31028218683923 55.396920063131425
52.58140529474669 52.62971503238521 52.68110795268455 52.735908168257204 52.79443112227793 52.85694327461056 52.923574378885995 52.99410779821131 53.06740571822769 53.13953916796203 53.19701594250705 53.20500189281613 53.15137552123619 53.073987627023975 52.99562500044787 52.924292586353694 52.86345514575784 52.8150733858489 52.78046115514506 52.76056740775109 52.756081290937274 52.76747231461795 52.795001759279295 52.83871938417821 52.89845315608075 52.973798147801965 53.064110121037345 53.16850813969817 53.28588849236561 53.41494955751567 53.55422471738075 53.7021187037009 53.85694218097051 54.016939793289886 54.18030780585674 54.34519825444056 54.50970674584165 54.671840687205844 54.829464386743446 54.98021913447416 55.121424858926225 55.24999486750708 55.362448218616045 55.45517460538578
