_RESULTS/POSTPROCESSED/Berg/GZ/1comp/Berg_GZ_z_250_kriged_reverse_1comp_test_linear.asc
ncols 100
nrows 90
xllcorner  5.6208707817415728
yllcorner 50.959635321741573
cellsize 0.00013419651685393446
nodata_value 1.7014100000000001E+038
[rows 57 to 75 of 90, columns 43 to 85 of 100]
29.403728275170067 29.59656617622809 29.758407596007757 29.87098204731663 29.91425133741789 29.879379918389116 29.775665774416925 29.619459252056696 29.423203024211354 29.19385455830436 28.934990287993458 28.64901051876535 28.339156814472037 28.012095952372857 27.682397728060508 27.380607598548927 27.163209159230234 27.110234023656517 27.302187174311992 27.712303240274522 28.197184387972634 28.683000827613576 29.142866276907682 29.56509912931838 29.88381717394024 29.986794720904214 30.052833975230005 30.08941292550392 30.097641566203908 30.078989647577924 30.03547059192298 29.969542408799104 29.883973898408595 29.781724400871013 29.665846326802836 29.539403912788416 29.40539867065685 29.26669612316271 29.12595424790483 28.98555832886933 28.84756852604785 28.713685630443315 28.585238008761156
29.333960616973282 29.49406340137555 29.621755163713935 29.704668690596854 29.73160144704145 29.697641296286015 29.60634634128813 29.466241071118844 29.286014096032986 29.072414413820415 28.830517555547182 28.564967094134268 28.281614865711102 27.989638320495924 27.704356973412818 27.450199352794623 27.260433134871125 27.167156672171934 27.27093177273991 27.688470519346183 28.13371068987167 28.57535784894742 28.99178740200522 29.35886227488627 29.62952574746928 29.78205256955625 29.8674929474172 29.914670446475732 29.93215072826499 29.923568782994515 29.891511680050858 29.83843824621133 29.76689044049705 29.679509922104195 29.578998373419402 29.468062310054705 29.349353811246008 29.225410663107148 29.098598642162028 28.971059617187723 28.84466963517071 28.72101057053137 28.601357416308776
29.259647891250633 29.392594860105575 29.49428937734077 29.55632380386483 29.571810362006236 29.537619070913472 29.455244060035767 29.32953554829238 29.166586122025024 28.9723689673821 28.752540939218346 28.51306969011053 28.26134287626446 28.007592029807753 27.766425463557088 27.557848960798875 27.406915993029525 27.34658138957247 27.45442939451272 27.75634888354515 28.124911095001348 28.501995351342806 28.859158835799768 29.17122971385223 29.413465179427302 29.578254295413675 29.682006873864424 29.74305023075761 29.771901898334008 29.774160011261337 29.75337300870111 29.712340300541424 29.653617612378653 29.579694393579924 29.493038602640624 29.396087069277577 29.29121320747829 29.180685837320414 29.06662625036664 28.95096835753891 28.83542574887082 28.721468555166364 28.610311805283523
29.187314751624978 29.298332573212992 29.380270352680565 29.427265256702245 29.434793864176857 29.400760391808046 29.325923574776525 29.213415886506212 29.06780081481169 28.894331618701457 28.698749912342976 28.487605041827045 28.268940341792852 28.053181125835152 27.85403181309557 27.689183421119175 27.58110668081852 27.559304898116565 27.656856470591507 27.872270888400745 28.15646132979208 28.462666519751195 28.759585240175646 29.024079191843978 29.239550557314324 29.400115046920018 29.51107148150748 29.581916497773996 29.620671400204124 29.63288411981538 29.622434440369695 29.59232424745602 29.545139278806694 29.48327407271539 29.409025533813367 29.324619112900734 29.232201537764112 29.133817774807152 29.031381956502557 28.92664824347512 28.82118564882606 28.716359558634753 28.613321549279497
29.121014624700138 29.21456388690846 29.281496491045615 29.31762466778948 29.31986567757128 29.286829592043844 29.21907355368063 29.1189338667177 28.990111716982636 28.837304271657427 28.666083161130057 28.483064966636046 28.296310827116024 28.11584258522991 27.95413803011646 27.82646436346003 27.750856676562446 27.746672353256425 27.827754607789583 27.98950997204858 28.20710135565862 28.45005846565233 28.692468828808376 28.91459240707327 29.10308957047078 29.251905870917167 29.361650637873883 29.436653133633882 29.481971166980287 29.501986377431127 29.500214193921238 29.47953290102256 29.442432000231843 29.391178666398858 29.327907313691163 29.254657164889615 29.173378764600997 29.085923505230625 28.99402515375286 28.899279216694335 28.80312404937107 28.706826300221742 28.61147223910907
29.063107475358198 29.142885081922408 29.198481985438583 29.226858129090903 29.225886299771492 29.194701907694153 29.133877141364863 29.045384644364997 28.932426908017266 28.799265839285788 28.651161838604445 28.49446085924293 28.336799247749887 28.18734619388111 28.056961691551656 27.95808239739493 27.903967796080977 27.90653052268238 27.97196811954453 28.09598342015581 28.263711126205582 28.455236669410265 28.65126287752303 28.83597741807471 28.998204147760294 29.131804955394607 29.235142640307398 29.309598233673967 29.357917032637832 29.383102620526586 29.387948140826264 29.374946906690834 29.346344403308073 29.30421104752272 29.250495167575153 29.1870506641914 29.11564472316185 29.037952550675456 28.955545026344375 28.869873723128002 28.782256508205013 28.693865944518542 28.605721882473016
29.014828699920482 29.08387275836689 29.131004222435674 29.154000040354877 29.15140593306634 29.12276223391035 29.068732948164822 28.9911228725796 28.892817413709 28.777708346893743 28.6506608588313 28.517542578891618 28.38529241761128 28.261965643371166 28.156648000816226 28.079071670032395 28.038682396735094 28.042890026569072 28.094627769674723 28.190384966217042 28.32041514083655 28.471281357090977 28.628999903708813 28.781328565538328 28.919009227972854 29.03620556072909 29.13024888453495 29.20085506750965 29.249172294219438 29.277007983530766 29.286364449923358 29.27922746375241 29.257499003426624 29.22299090128805 29.177434611949494 29.122488754839654 29.05973950605429 28.990694430031596 28.91677206951212 28.83928979592602 28.759452064107393 28.678340701905057 28.596908330325316
28.97667259469988 29.037474218081243 29.078400552539126 29.097827469344654 29.094792801045894 29.069151071947186 29.0216716923495 28.95407298438903 28.869007603848228 28.770028522564505 28.661561076295992 28.54888773042703 28.438125266706237 28.336144520132272 28.250352289930618 28.188226738677045 28.156493112824055 28.15991374872245 28.199936084645298 28.273810363662626 28.37481314528736 28.49360045351116 28.620030193548416 28.74474581255463 28.860207814284173 28.961153007322487 29.044557651827958 29.109242944263393 29.155324220184138 29.18369528260984 29.195651361251073 29.192660458455077 29.17624407805686 29.147921862149868 29.109186951977538 29.061493077754573 29.006244441217135 28.944785173008658 28.878387933040617 28.808242366477522 28.735444446559622 28.660987666195663 28.585756801020707
28.948648221079885 29.0032482854639 29.039751036058654 29.05697983518354 29.05434012303051 29.031928982559297 28.99060878901055 28.93204039668654 28.858682247333313 28.773767850472016 28.681271446985303 28.58586055579737 28.492817609791025 28.407894812063518 28.337050969936417 28.286014523573833 28.259641264481207 28.261115341032113 28.29118318746752 28.3477330763056 28.425983436445705 28.519275030641168 28.620177566028254 28.721550732785282 28.81732492142943 28.902921847044784 28.975336840607447 29.032966335139683 29.075298456141702 29.10258071921386 29.115539798093025 29.115180145913484 29.10265464162951 29.079187072763123 29.04602646660324 29.004418743467408 28.95558690345345 28.900715189401282 28.840935281705654 28.777313997207056 28.710842626484894 28.642428270307196 28.57288752642397
28.9304525252193 28.980522261752036 29.014000464172696 29.030048184836062 29.028348856548845 29.00918615321203 28.9734962328927 28.922891447494685 28.859657688623297 28.786729875302807 28.70764785075135 28.626488208397998 28.547758085169285 28.47622768337959 28.416673459068804 28.373510166753967 28.350316454781826 28.34931163217095 28.370908482912995 28.4135049120741 28.473632380480655 28.546451115224507 28.626450007360148 28.708158640381683 28.786718488826185 28.858237377277046 28.919920870224214 28.970022674270467 29.007681855473162 29.03271666971078 29.0454274535307 29.046435941837117 29.036567176212923 29.016768048090913 28.9880525237487 28.951464315021507 28.908050202864 28.85883970872908 28.804828711168025 28.746965849665468 28.686141276632732 28.62317767490696 28.558823585977056
28.921589549671506 28.968498187397596 29.00004281286408 29.015640172098617 29.015186474558853 28.99911079419305 28.96840746846635 28.92464604798855 28.869959611710815 28.807012727852115 28.738948344077514 28.669308735605693 28.60192062296589 28.540730873333214 28.48957988952086 28.451908714829322 28.43041637941698 28.42671506377509 28.441061348678986 28.47225085899938 28.51773248939277 28.573932710737843 28.636713876915238 28.7018585893937 28.765483833497026 28.824326559543607 28.875884748101644 28.918431670150486 28.95094086511311 28.972964439107407 28.98450046559722 28.985872415466257 28.977630760854726 28.960477841731695 28.935212437906934 28.9026891482774 28.863788139371376 28.819391938665067 28.77036707699779 28.71754927302641 28.661731455548313 28.60365427897133 28.543998968044843
28.921453428320852 28.96632607851638 28.996779724361353 29.01242473216325 29.013324042719553 29.00002580626869 28.97357617683018 28.935512847684837 28.887840745500775 28.83299060916988 28.77375912210062 28.713226477244497 28.654644788421468 28.601290073433738 28.556273402206074 28.522314945079163 28.501498627834348 28.495042389142398 28.503132564221957 28.524870710961718 28.558360889452683 28.600929639829047 28.64943516663065 28.700602681949665 28.751325369044046 28.798889277126587 28.841105216354336 28.8763527878594 28.903556309304594 28.922118206589392 28.931833715324238 28.93280449104796 28.9253613190137 28.909999937734167 28.88733000751441 28.85803532196185 28.8228428396754 28.782498344994313 28.737747056813767 28.689318026696398 28.637911587229404 28.584189401657405 28.528766839929776
28.92938604788164 28.97315431156478 29.00315986824047 29.019159868630073 29.021354734208703 29.010401039017488 28.987403118584847 28.953887296594942 28.911762466794634 28.863268785806174 28.81091349422992 28.75739046349181 28.705478840787368 28.657916898745032 28.617250602249733 28.585662902546204 28.56479885123992 28.555611072356463 28.558255822780737 28.572067206591772 28.595624017025152 28.626903249559366 28.663494170820485 28.702834795280857 28.742432276500317 28.7800381905633 28.81376398711041 28.84213593448924 28.86409925850224 28.878986463098403 28.886465369542137 28.886479710366032 28.87919102150263 28.86492660908946 28.844135362846796 28.817351341786622 28.785164176776064 28.74819509161451 28.707077441338907 28.662440894326107 28.614898623421436 28.565037065898345 28.513407946942987
28.94471618361979 28.988163554868397 29.01820386592281 29.034706574993464 29.03799682507281 29.028846591236 29.0084405041607 28.978326026148004 28.940356032968946 28.896627491934378 28.84941545070521 28.8010986877209 28.754072707324113 28.710647257823606 28.672929014858163 28.64269517243895 28.6212696270714 28.609418646382867 28.607285123167074 28.61437764443459 28.62962211573138 28.651471530827433 28.678057622796132 28.707360615216455 28.73737221267696 28.766231770957223 28.792323848293243 28.814334178240987 28.831268265307358 28.84244112304963 28.84744806183546 28.84612556772785 28.838509203462554 28.824793044026375 28.80529305934002 28.780415347527782 28.75062921149475 28.716444629164418 28.678393529955287 28.63701431657799 28.59283916446058 28.546383733852593 28.498139014436717
28.966784327747742 29.01058859375574 29.041018256183282 29.05803126456381 29.06208327443419 29.054090434587405 29.03535949229541 29.007505570961605 28.972372752086926 28.931963158283793 28.888372394393 28.84372545462916 28.800107203322444 28.759483970120215 28.723616545496412 28.69396915410565 28.671623098966837 28.657206750024866 28.650854255417286 28.652202905976903 28.660433491726305 28.674350493967832 28.69249171966482 28.713252183699012 28.735005918665173 28.75621182594409 28.775494480008707 28.791696340031553 28.803902686849263 28.81144392346516 28.813881417567693 28.810983087440462 28.802693966680515 28.789105589839046 28.77042665531774 28.746956292018965 28.719060464342377 28.687151569601017 28.651671037126427 28.613074646367586 28.57182027367728 28.528357806652778 28.48312100238473
28.994955461092083 29.039731140733892 29.07080109392961 29.088197959397483 29.09253815146675 29.084940900114752 29.06690284957221 29.040169278894844 29.006627919862275 28.968231026979407 28.926938093811707 28.884667672293357 28.843248804166866 28.804366947658593 28.769503891467842 28.739875167700816 28.716371551714897 28.699513007947434 28.689423475934063 28.685832918728625 28.688109269929914 28.695318114864822 28.70630335660701 28.719778966761982 28.734420941491834 28.748949796307294 28.762196736240075 28.773150117383516 28.78098209135129 28.785057787692626 28.784930790274554 28.78032906645189 28.771135174234587 28.757363828713007 28.73913904181955 28.716672254246163 28.690242251876874 28.660177222177264 28.62683903439716 28.59060967896302 28.551879733390795 28.511038699944507 28.468467060044173
29.028619914312202 29.074965811070957 29.106840903599696 29.12434950759954 29.12833696112524 29.120230846200982 29.101821287556305 29.075063224026454 29.041940806776328 29.004391240703725 28.964265946765828 28.92330681471552 28.883122932788 28.84516117265708 28.81066998006738 28.78065962947695 28.755864494601934 28.73671382943141 28.723317191814896 28.715469005552745 28.71267407576113 28.714192662238435 28.719100694530297 28.726358578978477 28.734881243125805 28.743602637523253 28.75152955867203 28.757781848650975 28.76161822476527 28.76244878192053 28.759836376206515 28.753489619572413 28.743250210333116 28.729076975022878 28.71102848604284 28.68924558821086 28.663934702593675 28.635352415276856 28.603791604573043 28.569569196043158 28.533015537334546 28.494465331873503 28.45425004401523
29.067179086422612 29.115740595167665 29.14850955112902 29.165673214838407 29.168442018458645 29.158734854653524 29.13878849777492 29.11086035850799 29.07707255469618 29.039360685211662 28.999473450350465 28.958985096563524 28.91930195548805 28.881657294724196 28.847095593780413 28.816450570200914 28.79032252471074 28.769060674124912 28.75275539298285 28.74124381352899 28.734130214696123 28.730820377169884 28.730567007823527 28.732521844372926 28.735789401914385 28.73947756300287 28.74274117716112 28.74481622248203 28.745043556204763 28.74288256488786 28.737915949495584 28.729847395868585 28.71849403006122 28.703775438173583 28.685700753232375 28.664354974850376 28.63988535995085 28.612488443686722 28.58239803312401 28.549874360395687 28.515194476617612 28.478643900100003 28.4405094903557
29.110005410024296 29.16157200513858 29.195247445416694 29.21133747982609 29.211692203536792 29.199042483119005 29.176287236078768 29.14607326696008 29.11066626059773 29.071975203241347 29.031620818229804 28.990996492722527 28.951306551023503 28.913582501820517 28.878683048236475 28.8472846187248 28.819868745030046 28.79671170956783 28.777880713617204 28.763239399216168 28.75246394577946 28.74506930763973 28.74044368269016 28.737888229132206 28.73665852883659 28.736004364213702 28.735204939788613 28.733597561806175 28.730598780446986 28.7257179144879 28.718563591679942 28.708844394865874 28.69636491104961 28.681018486525723 28.662777861738643 28.641684659234084 28.617838478233537 28.591386143950047 28.56251148649577 28.53142588851898 28.498359740251967 28.463554869393327 28.427257964113927
