_RESULTS/POSTPROCESSED/Berg/GZ/1comp/Berg_GZ_z_90_kriged_reverse_1comp_test_spherical.asc
ncols 100
nrows 90
xllcorner  5.6208707817415728
yllcorner 50.959635321741573
cellsize 0.00013419651685393446
nodata_value 1.7014100000000001E+038
[rows 0 to 18 of 90, columns 43 to 85 of 100]
0.9018669906380841 0.8893736911208026 0.8662293816270366 0.8337243402341386 0.7943614323106403 0.751095663677688 0.7207489929181301 0.7117529276204997 0.7023713491374132 0.6936230261446985 0.6863082571909422 0.6810697405134214 0.6784485267933307 0.6789315428909073 0.6829918163832377 0.6911238832806569 0.701036957532264 0.7093929110935964 0.7159647724348822 0.7205386705852999 0.7229117915555747 0.7232139366861722 0.7232139366861722 0.7232139366861722 0.7232139366861722 0.7232139366861722 0.7232139366861722 0.7232139366861722 0.7232139366861722 0.7232139366861722 0.7232139366861722 0.7232139366861722 0.7232139366861722 0.7232139366861722 0.7232139366861722 0.7232139366861722 0.7232139366861722 0.7232139366861722 0.7232139366861722 0.7232139366861722 0.7232139366861722 0.7232139366861722 0.7232139366861722
0.961691944900674 0.9510917666427486 0.9263903723165117 0.8896046658940704 0.8451655335482591 0.7996936888086731 0.7648626495904335 0.7437077677309162 0.7273779044510218 0.7134622533490421 0.7019223878143069 0.6930840116693017 0.6873147105512656 0.6849826160473683 0.686468523901721 0.6921895872620295 0.701474649954197 0.7097190524275184 0.716188560075568 0.7206675784191594 0.7229522122644786 0.7232139366861722 0.7232139366861722 0.7232139366861722 0.7232139366861722 0.7232139366861722 0.7232139366861722 0.7232139366861722 0.7232139366861722 0.7232139366861722 0.7232139366861722 0.7232139366861722 0.7232139366861722 0.7232139366861722 0.7232139366861722 0.7232139366861722 0.7232139366861722 0.7232139366861722 0.7232139366861722 0.7232139366861722 0.7232139366861722 0.7232139366861722 0.7232139366861722
1.0256469895092999 1.0200919343490773 0.9957973249702392 0.9556174355923659 0.9065356822577201 0.8569013618005626 0.8148103637743052 0.7824367342867921 0.7571002045324291 0.7365436758938532 0.7199017217214196 0.706968832995847 0.6977946222191156 0.6925431567139954 0.6914533981879667 0.6948364514593722 0.7027544043785368 0.7108367821693036 0.7175115247962268 0.7222822132209763 0.7247203324476971 0.7250034505949488 0.7248029941728 0.7243369002973071 0.7237573969947011 0.7233016822818802 0.7232139366861722 0.7232139366861722 0.7232139366861722 0.7232139366861722 0.7232139366861722 0.7232139366861722 0.7232139366861722 0.7232139366861722 0.7232139366861722 0.7232139366861722 0.7232139366861722 0.7232139366861722 0.7232139366861722 0.7232139366861722 0.7232139366861722 0.7232139366861722 0.7232139366861722
1.084540354432633 1.0877841702180482 1.0644427561697685 1.0195465711428993 0.9651928614690269 0.911177521234847 0.8628095235180553 0.8215151548721374 0.7878401736384466 0.7606039376842548 0.7387219103820453 0.7216168791867802 0.7090370705882822 0.7009289501645655 0.6973858753171679 0.6993250637447349 0.7071293625037594 0.7165360680131532 0.7242504600287156 0.729689365296498 0.7323655590676472 0.7327167678093063 0.7322199379532227 0.7309902555944816 0.7292083004642019 0.7271520335679339 0.7251801134817628 0.7237141219977915 0.7232139366861722 0.7232139366861722 0.7232139366861722 0.7232139366861722 0.7232139366861722 0.7232139366861722 0.7232139366861722 0.7232139366861722 0.7232139366861722 0.7232139366861722 0.7232139366861722 0.7232139366861722 0.7232139366861722 0.7232139366861722 0.7232139366861722
1.1334835757695148 1.1518057519872988 1.1272860872526884 1.071756273238575 1.0093328520824278 0.9506677730588238 0.8990691403167241 0.8546966858756638 0.8162007050461458 0.7832463166679906 0.7566940503949451 0.735804056039624 0.7201218336370835 0.7099635662599025 0.7063355120314672 0.7088582631168687 0.7172854770447179 0.7280689559283942 0.736845397296855 0.7429346035190236 0.74577615115294 0.7462891239166133 0.7454577226321746 0.7433696591488688 0.7402464734924228 0.736424589880573 0.7323298033974125 0.7284505420801032 0.7253146701420924 0.7234730846658184 0.7232139366861722 0.7232139366861722 0.7232139366861722 0.7232139366861722 0.7232139366861722 0.7232139366861722 0.7232139366861722 0.7232139366861722 0.7232139366861722 0.7232139366861722 0.7232139366861722 0.7232139366861722 0.7232139366861722
1.1672417154359884 1.2117052530546542 1.171835059338421 1.0979513809329398 1.0292984828488803 0.9693088247111745 0.9178822395868822 0.8739390165700386 0.8359290440225698 0.8021955005708521 0.772281190467096 0.7483810311117173 0.7314908078165705 0.7221340248804622 0.7195407038266439 0.7231890450031098 0.7327593900330178 0.7450101505563079 0.7549365542403198 0.7617073697300186 0.7648174038115811 0.7655695011110165 0.7643498819226913 0.7612705330407494 0.7566119591880671 0.7507936282816048 0.7443350302412688 0.7378160773121405 0.731843960212099 0.7270305770138843 0.7239817472625065 0.7232139366861722 0.7232139366861722 0.7232139366861722 0.7232139366861722 0.7232139366861722 0.7232139366861722 0.7232139366861722 0.7232139366861722 0.7232139366861722 0.7232139366861722 0.7232139366861722 0.7232139366861722
1.155017267352734 1.196525509215665 1.1524276560451723 1.0794715976197389 1.0173517512506458 0.9634867672742007 0.9172658610332318 0.8775755946292492 0.8430589629217169 0.812317494190006 0.7840572067727182 0.7601806361055164 0.7447753955047134 0.7370235630255686 0.7361477638908013 0.7415945040323053 0.7529904189621136 0.766941694118777 0.7781825516441133 0.7857265661204973 0.7894532431029716 0.790490054403653 0.788808482092581 0.7845561307749138 0.7780990801094649 0.7699749626825669 0.7608330534136111 0.7513760121556791 0.7423138695828682 0.7343349887062416 0.7280939180092489 0.7242134254379978 0.7232139366861722 0.7232139366861722 0.7232139366861722 0.7232139366861722 0.7232139366861722 0.7232139366861722 0.7232139366861722 0.7232139366861722 0.7232139366861722 0.7232139366861722 0.7232139366861722
1.0953432687402276 1.1018697378835036 1.073390189472865 1.0233654444068405 0.9750509237871886 0.9343679916905742 0.8980840779114427 0.8661360454229908 0.8378284645904441 0.8122195859807761 0.7899009494964865 0.7719569846189214 0.7590294564308931 0.7537199813317601 0.7553566953729339 0.7633933437070771 0.7774235314689967 0.7934070012954699 0.8057997300230318 0.8132760340159365 0.8170755777011077 0.8178238165615372 0.8156295359337169 0.8106733927379264 0.8031793986600212 0.7933678144391351 0.7814502183144753 0.7686813889899734 0.7562172379325415 0.7448366346463455 0.7352479666693292 0.7280964656493112 0.723983139772969 0.7232139366861722 0.7232139366861722 0.7232139366861722 0.7232139366861722 0.7232139366861722 0.7232139366861722 0.7232139366861722 0.7232139366861722 0.7232139366861722 0.7232139366861722
1.0195048915348397 1.0108749066550935 0.9870025774695914 0.9520552454926241 0.9164865669500554 0.8876879309895108 0.8639217154470975 0.8419743600845893 0.8218007254456339 0.803757834209237 0.7904345733109343 0.7807596717487345 0.773377814081426 0.7713857626153049 0.7763971003826833 0.7877227412594751 0.8029422320364337 0.8171615912148225 0.8269999892498978 0.8327861065098952 0.8356604232494541 0.8356558930282315 0.8328921637310295 0.8276111181155682 0.8201295709050406 0.810758965734203 0.7997271854907652 0.7871292176353206 0.7729147020464789 0.7579492234643919 0.7448458297759464 0.7343452513046836 0.7270372827603344 0.7234746882144655 0.7232139366861722 0.7232139366861722 0.7232139366861722 0.7232139366861722 0.7232139366861722 0.7232139366861722 0.7232139366861722 0.7232139366861722 0.7232139366861722
0.9231391832880187 0.9080926507191223 0.8895599549759082 0.8686103452996754 0.8484289097394931 0.8318325777603263 0.8197860543607552 0.8085965993558951 0.7975545066260872 0.7898171596994783 0.7861760189593182 0.7854645213763136 0.7864648835672622 0.7892388012751751 0.7960854215512257 0.8057710308896296 0.8187049598397419 0.82978502639263 0.8371080357846741 0.8417282169673489 0.8436760871796609 0.8428746372928987 0.83944253216349 0.8337151634245109 0.8261605900029426 0.817237018174482 0.8072647788598264 0.7963578882657172 0.7844180095692599 0.7711703296758241 0.7562453900692873 0.7423395046485536 0.7318617887976658 0.725322837819262 0.7232139366861722 0.7232139366861722 0.7232139366861722 0.7232139366861722 0.7232139366861722 0.7232139366861722 0.7232139366861722 0.7232139366861722 0.7232139366861722
0.8114497758923984 0.7939158785314187 0.7803844808520538 0.7703019162120743 0.7640070694991349 0.7621118637449519 0.7649699649197904 0.7691369650223974 0.7689963871526961 0.771862718438098 0.7779797370016776 0.7864772330253728 0.796045314722176 0.8012138412086333 0.8054748125875996 0.8129326680223261 0.8231737449057258 0.8310294827304986 0.8367390915788049 0.8403396196975179 0.841460736293792 0.8398556147452947 0.8356175078380842 0.8292352406116812 0.821431111328595 0.8128954629322678 0.8040784641499101 0.795108687283828 0.7858142730682539 0.775794170992642 0.7645008366001231 0.7513164326126054 0.7378526395589661 0.7284709254267446 0.7237195934652751 0.7232139366861722 0.7232139366861722 0.7232139366861722 0.7232139366861722 0.7232139366861722 0.7232139366861722 0.7232139366861722 0.7232139366861722
0.6935344552047071 0.6762354579003551 0.6678632432219384 0.6667014177032611 0.6716221823976812 0.6820156214150788 0.6975113185663736 0.7171702116067842 0.7358882725523019 0.751457759964597 0.7668844862233877 0.7838810238350815 0.7960823212376986 0.8019620030638044 0.8041082269822838 0.809460921255085 0.8162836014825567 0.8218387285738812 0.8262832977202426 0.8291414780744912 0.829685342895349 0.8273236736773631 0.8220695969737882 0.814686166940971 0.8063408533274958 0.7980832693926773 0.7905194819402961 0.783755506646652 0.7774920498230387 0.7711569350797602 0.7640225238157434 0.7552965514229668 0.7441908993034939 0.732369076057224 0.7251963264842853 0.7232139366861722 0.7232139366861722 0.7232139366861722 0.7232139366861722 0.7232139366861722 0.7232139366861722 0.7232139366861722 0.7232139366861722
0.5772873649372947 0.5630913130183448 0.5608033906847457 0.5674954147137267 0.5811810484467154 0.6007529296744142 0.6257159321894649 0.6564137181900177 0.6920590145115273 0.7256584838624817 0.7537573159298363 0.7731790535446449 0.7857388414393894 0.7918498907678737 0.7927778122819753 0.7957176369094815 0.7992880495502943 0.8027949749187469 0.8062013469457707 0.8087988504487309 0.8092602782158981 0.8062813826121482 0.799658102553615 0.7906989352899175 0.7813888826064581 0.773303587514759 0.7671713420853387 0.7629700906099995 0.7601790936182946 0.7579965745874054 0.755487835921332 0.7516799062945048 0.7456245298492428 0.7364451982514957 0.7271841102075385 0.7233058736013345 0.7232139366861722 0.7232139366861722 0.7232139366861722 0.7232139366861722 0.7232139366861722 0.7232139366861722 0.7232139366861722
0.47423484472222865 0.4656961641222074 0.4701309226615328 0.4837914067327092 0.5044230165758072 0.5308202558385415 0.5624085405893832 0.6001213953289046 0.6457685394255205 0.6918820499859832 0.7314267061652308 0.7551419482188476 0.7672726165215196 0.7727438562326052 0.7727977954765192 0.7723287854347017 0.772332828869029 0.773590909094994 0.7763083999268773 0.7796091899053854 0.7811478495628779 0.77793167037591 0.7692728142531536 0.7577745083829163 0.7469858836483401 0.73912183715986 0.734820001782793 0.7337141965961522 0.7349333438757121 0.7373911680197951 0.7399349836967852 0.7414216751550944 0.7407616529980735 0.7369517359809787 0.7292610216098975 0.723771492158662 0.7232139366861722 0.7232139366861722 0.7232139366861722 0.7232139366861722 0.7232139366861722 0.7232139366861722 0.7232139366861722
0.38646693356278305 0.38489027613835 0.3960769983166543 0.41573833219026174 0.441918671970859 0.47367392314872064 0.5105360014038615 0.5540381305573732 0.6067977747947055 0.6600904585246187 0.702472122011468 0.729912933038615 0.741846098514379 0.7456233916500867 0.7436876361411661 0.7378900328528406 0.7335687096452056 0.7319748694511705 0.7339036916670131 0.7389389990426182 0.7439099236359811 0.7423150867403515 0.7310405801019585 0.7158295667556341 0.7032531248860476 0.6961540077232528 0.6945027188056763 0.6972799344087475 0.7031548547592854 0.7107442558276472 0.7187031470300109 0.7257546255270086 0.7307033770648319 0.7324503071993792 0.7300140503842436 0.7243632186577199 0.7232139366861722 0.7232139366861722 0.7232139366861722 0.7232139366861722 0.7232139366861722 0.7232139366861722 0.7232139366861722
0.3142630989199431 0.32116974353856464 0.3383235606995363 0.36260150812750597 0.3929814569571218 0.4289086194839728 0.4700319620711762 0.5182635507127904 0.5763530973486716 0.6318456556538722 0.674680803490716 0.7024102228306157 0.7138694688777312 0.7130321399604597 0.7059144087839838 0.694241776227871 0.6847141395011077 0.67905069208079 0.6788725555825161 0.6852593323911415 0.6963616329202736 0.699124372444422 0.6816914950056862 0.6620038207500077 0.649736136099713 0.6452875478954356 0.6476860896018912 0.6553808556631083 0.6666078663605648 0.6797633518395164 0.6933869389626596 0.7061322264123728 0.7167484794193097 0.7240790370962195 0.7270755225542356 0.7248423426746948 0.7232139366861722 0.7232139366861722 0.7232139366861722 0.7232139366861722 0.7232139366861722 0.7232185061175367 0.7234906004593742
0.26318933605751116 0.27662037708699627 0.29703315412902603 0.32411408380742046 0.3574904617530861 0.39676176270605906 0.4415831358909035 0.4938633611160685 0.554390381629396 0.6094202687480565 0.6514293006748076 0.6779402400908171 0.6877943697880929 0.6791163248042331 0.6623017805763163 0.6443279947981545 0.6286978516449968 0.6172860209378471 0.6121669057564194 0.6158369148185046 0.6311965133595324 0.6492386295555862 0.6140675889029547 0.5931381567395964 0.585414746124161 0.5875799075724054 0.5965443512301116 0.6102453161083838 0.6274173006053995 0.6464108235962644 0.6657683953418236 0.684155145683004 0.7003209053204855 0.7130908179459666 0.7213777892111835 0.7242107827799922 0.7232139366861722 0.7232139366861722 0.7232139366861722 0.7232139366861722 0.7234105037231375 0.7241818297333066 0.7253535170682691
0.24225925472358695 0.2508417086130986 0.2704743739157914 0.29872586438202625 0.33461354200425936 0.37707570921120914 0.4254665449677399 0.48055648097182985 0.5414208971185959 0.5951714168749409 0.6351860441614212 0.6589401224418999 0.6633754601331664 0.6479016707832694 0.618617786613314 0.591653849139585 0.5694477826535331 0.5509484861043004 0.5378705257452403 0.5321103393499187 0.5344460029331715 0.5350282267967448 0.5206187473542047 0.5116874845593633 0.5140637608810162 0.5255601948145651 0.5432627578949505 0.5645905788497542 0.5879881729398654 0.6128052687835056 0.6377188323365518 0.6614800792809885 0.6828871931615218 0.7007791416176076 0.7140526872586921 0.7216957147960529 0.7232139366861722 0.7232139366861722 0.7232139495600025 0.7236749832140108 0.7249063059559169 0.7266934458859069 0.7288203296605787
0.23179647694065234 0.23772693398423833 0.25675567488983336 0.2859410301647831 0.32376696103633923 0.3694780956281049 0.42108798193971436 0.47874340293866624 0.5392281298083912 0.5910076383967009 0.6275454061469645 0.644824871084861 0.6415557912330302 0.6184758584334769 0.5791674179919253 0.5411562474039466 0.511474812226683 0.4858232055524689 0.4639816089377305 0.4469340985816298 0.4350532027883869 0.42715217767002506 0.42363017847935874 0.4285546675436131 0.4429469574929418 0.46471229188774177 0.49133700357576504 0.5206625414059908 0.5508178715254743 0.5810678027305552 0.6110733896035919 0.6397161295181777 0.6658692708269321 0.6884032202371333 0.706211523753303 0.718251447372173 0.7232139366861722 0.7232143674280297 0.7238068783368851 0.7253768248150251 0.7277040101925158 0.730560241490041 0.7337094350076919
