_RESULTS/POSTPROCESSED/Berg/GZ/1comp/Berg_GZ_z_0_kriged_reverse_1comp_spherical.asc
ncols 100
nrows 90
xllcorner  5.6208707817415728
yllcorner 50.959635321741573
cellsize 0.00013419651685393446
nodata_value 1.7014100000000001E+038
[rows 54 to 71 of 90, columns 40 to 79 of 100]
0.0008757499106480196 0.0004433338105412764 0.0002191260820262193 0.00011274475336642898 6.0522277647237084e-05 3.3680024535009064e-05 1.901053676584807e-05 1.2690717341075821e-05 2.128919592858212e-05 3.723309230435011e-05 6.605623142291906e-05 0.00011927111821478612 0.00021696058986333855 0.0003936574418786999 0.0007143234297624575 0.0013061886562068168 0.0024229295494636077 0.004586154673612331 0.008835281313475234 0.01699870920533895 0.021139268507998975 0.007388267728117016 0.0025438071162808998 0.0008783642186661396 0.0003104681109543793 0.00011565317868923168 4.777586971775854e-05 2.3965285107384633e-05 1.4990015013959884e-05 1.1497607618842489e-05 1.031354803597632e-05 1.0693451700802243e-05 1.2698913766355356e-05 1.6899336351090486e-05 2.4713690982918065e-05 3.89894835457475e-05 6.517570573375224e-05 0.00011340824923873993 0.0002019276310050305 0.00036224644244370476
0.0007305197253088164 0.0003887300870637832 0.0002028901984506934 0.00011082778212933585 6.350051888700427e-05 3.884902656423754e-05 2.606676278054284e-05 2.2720790911069502e-05 3.1146957958578e-05 5.2723757998187854e-05 9.441179625558881e-05 0.0001742727111247469 0.0003266065461351769 0.0006152173473543805 0.0011537778515529264 0.0021636614842638338 0.004067040954586278 0.0076304193010210235 0.013814658842453987 0.02220231603802412 0.022462894827634743 0.011319562864913067 0.004360544510949844 0.0015550371872487057 0.0005436192551016246 0.00019389844868610093 7.575964561386832e-05 3.752784925693104e-05 2.46376186023442e-05 1.951924146890814e-05 1.7652802302261542e-05 1.827217525746995e-05 2.1192324425051774e-05 2.7088821111726202e-05 3.7584213486562214e-05 5.5751611906911556e-05 8.707801495652889e-05 0.00014107063168617462 0.00023502759105101863 0.00040322796985621415
0.0006363355879605599 0.00036164955216950193 0.00020222445910788296 0.00011872413025294845 7.442663180323508e-05 5.1387559164354875e-05 4.132333208325205e-05 4.128580793142439e-05 5.377547438183578e-05 8.473609958001217e-05 0.00014635624820683314 0.0002660201042137416 0.0004949712444788111 0.0009341326280258741 0.0017578033092947518 0.0032703331099972303 0.005978590504144839 0.010439088056866852 0.016564320614137713 0.021744040410115677 0.02031802413431073 0.012636862493866158 0.005844422196023595 0.002309967560950822 0.0008418560322908472 0.00029549742242356784 0.00010616057702402348 4.9887759551570835e-05 3.680015885812526e-05 3.176878290287731e-05 3.0106585998272777e-05 3.1079643018753795e-05 3.51479400755955e-05 4.314169411401143e-05 5.683772972856541e-05 7.94071566597994e-05 0.00011624703191687499 0.00017684950280812096 0.0002802809707671408 0.000460990425512632
0.0005840739363078184 0.00035308361783793426 0.00021234710193211508 0.0001346696381702109 9.257876725685104e-05 7.117053057270904e-05 6.39896304304684e-05 6.976817194181396e-05 9.191988086398286e-05 0.00014107478802954931 0.00023583342108115661 0.00041535412595591084 0.0007516068148355074 0.0013821939823687828 0.002540293126313184 0.004584286303111496 0.007927625159998213 0.012664529960829878 0.01789265850252331 0.020926059404201322 0.01889007344432146 0.012875829388701984 0.006896625722502328 0.0030838802425093006 0.0012222550626188628 0.0004454051466684321 0.00015577497626001441 6.828689843281406e-05 5.759089473755343e-05 5.266167479477125e-05 5.122306924040921e-05 5.297216468506521e-05 5.817597165424931e-05 6.825265989766521e-05 8.523967969787024e-05 0.00011245613564294991 0.00015545318942241783 0.00022370811837865956 0.0003426034122696688 0.0005394316747592919
0.0005697754526621655 0.00036072609300076856 0.00023001357050719207 0.00015715853047103888 0.00011728711542825177 9.811156828377088e-05 9.482798715193067e-05 0.00010878833158080967 0.00014694352465686737 0.00022461582844708982 0.0003696723371587064 0.0006371793559374618 0.0011224000027163488 0.0019955864328556686 0.0035362703780741473 0.006068124235235293 0.009781636857859892 0.014419319753637356 0.018710363673408687 0.020470933162938153 0.01821566993669128 0.013003113695287895 0.007570860783198126 0.003782975910113366 0.0016669217850310723 0.0006783275413630357 0.00028097936043956973 0.00014467669560611952 0.00010441692229479636 9.062273721154303e-05 8.62183533420936e-05 8.76162779483614e-05 9.421787387249234e-05 0.00010673173829065767 0.0001270117723670058 0.000158870666546317 0.00020771711933619612 0.00028857981299940864 0.0004284208680998558 0.0006435044577820087
0.0005853335588385165 0.0003870922678035394 0.00025778432486271875 0.0001847398832785307 0.0001475926738725832 0.0001317328658565628 0.00013397558877858369 0.00015778492497053442 0.00021640801905048135 0.0003330374069186715 0.0005438270082099102 0.0009185622888781024 0.0015764036219806864 0.002714171917276757 0.004602723496991899 0.007474028211772193 0.01129864265956155 0.015529540701781194 0.01887620707499471 0.019721797005238823 0.017327276641550347 0.012688415140819817 0.007843418487955266 0.004237368478685471 0.002080955883136474 0.0009636716034363221 0.00046648276471579605 0.00026591403816696244 0.00018594067441176723 0.00015282639991604343 0.00013974304376778145 0.0001378660654388733 0.0001445055315448126 0.0001595100477480889 0.0001842292517232796 0.00022134590200227844 0.0002805323590263415 0.00037943155648729256 0.0005450621278437348 0.0007789851483844702
0.0006257705867826252 0.00043247489312501304 0.00030184626923451113 0.0002220647271322777 0.00018297474291964998 0.0001706846789928024 0.00018008425915370715 0.00021587759036768026 0.000295028619074967 0.000454309847661181 0.0007398612912405291 0.0012294002815822322 0.0020588804935653578 0.003409601986851915 0.0054828621018121445 0.008422228747774513 0.012051422726414653 0.015667224044449132 0.018125805713334952 0.01830749064147512 0.01592851750188158 0.011899060034385574 0.0077124008108315645 0.004441754665132894 0.0023508662686217135 0.001215033776261555 0.0006718415087354477 0.00041654411806754383 0.00029586004057706455 0.00023829271364716735 0.0002120075636448149 0.0002036007276794094 0.00020776821179583778 0.0002229449215062485 0.0002496417641003119 0.0002949491900237539 0.0003710280053234846 0.0004959494320979868 0.0006917733952167934 0.0009439826560112162
0.0006923724736605539 0.0004995066474403955 0.00036485146394234957 0.00027561248276771833 0.0002304504067692266 0.00021691833515547976 0.00023113269862174308 0.0002793426540681828 0.0003796249059538743 0.0005745235640789703 0.0009229940898194604 0.0015124372569870301 0.0024550055198654308 0.0038983168706007753 0.00597431185033598 0.008706484586095508 0.011868586669949803 0.014775086153231094 0.016484490115262512 0.01626814192960577 0.01408558225082922 0.010694434434437182 0.007187802721889011 0.0043953656712198835 0.0025242819195552954 0.0014358459148245545 0.0008637410414652723 0.0005675602979896508 0.00041398938150048867 0.00033412664070802664 0.00029336723173755005 0.0002760687779692078 0.00027500645484164693 0.000287455783590047 0.0003184558260362886 0.0003750527396282103 0.0004686217263567912 0.0006199382553995241 0.0008333886479727984 0.0010881787482181575
0.0007892178915234599 0.0005932146601024829 0.00045196365864575523 0.0003527660620435497 0.0002967872542458118 0.0002795231930112607 0.0002955683468260029 0.00035092065501167533 0.000466173140971045 0.0006863178246336437 0.0010642314385215202 0.0016753075852115338 0.0026347090259450415 0.004034288957669102 0.005930330746698425 0.0082619921131134 0.010761381975781291 0.012921456610274613 0.01403459365358927 0.013628698268496723 0.011816336618883394 0.009190378185665786 0.006481262802852529 0.004217402242977979 0.0025967812720834736 0.0016045935524660875 0.0010337487611419695 0.0007105583013917643 0.0005279977137659731 0.00042500445487911656 0.00036827798924758714 0.00034011862888691616 0.0003329905806230834 0.00034761699988585643 0.00038580094820770306 0.0004541675910215778 0.000566298586211689 0.0007421864409103718 0.0009656750110087312 0.0012261150384239373
0.0009174586279794361 0.0007137627301505486 0.0005635339283160313 0.0004559841141429445 0.0003858420776918908 0.0003614034089920141 0.00037758931150153567 0.0004386304673082574 0.0005634136303697898 0.0007882853016025143 0.0011637761810411882 0.0017373319480215104 0.002585066688685569 0.003786202723825624 0.005364787106151607 0.00720120975407869 0.009050981984167575 0.01054264226975519 0.011281687860640339 0.010976709768491038 0.009671685923863601 0.007747784921463328 0.005694150650095678 0.0038927172309326163 0.0025573765759070682 0.001693777289047276 0.001156265832805227 0.0008280088586449309 0.0006289530313990691 0.0005087740131668273 0.0004382416740607977 0.00040408555706152705 0.0003980738876904511 0.0004176804544679139 0.0004656055721060762 0.0005504136865492435 0.0006891762016218657 0.0008852144515447934 0.0011174962168692148 0.0013782511705503974
0.0010645598382830572 0.000854811589103053 0.0006969312886958693 0.000581938759472458 0.0005018305000287867 0.0004630191348868207 0.0004731753651690243 0.0005338830484024219 0.0006598424804189608 0.0008773689943236617 0.001235312928489134 0.0017643800881013258 0.0025037183311961094 0.0034818459348666063 0.004684298126018715 0.006039471235951321 0.007373238165476791 0.008406728951876555 0.008872929274545426 0.00863247667292705 0.00771980124368809 0.006340332565323527 0.0048175984986980275 0.0034364077343430758 0.0024038246982977874 0.0016888911608658602 0.0012120997043352892 0.0009011022847309493 0.0007032344216159553 0.0005817050889875372 0.0005118802614484701 0.0004795578216108728 0.00047794067475445706 0.0005060063610999409 0.0005682861260226692 0.0006762362427837066 0.0008440671756883908 0.0010499225093550725 0.0012846526099695905 0.001536941488376813
0.0012018317705102958 0.0009938310910882094 0.0008340669328290095 0.0007159627614797338 0.0006331445204429199 0.0005818984312209486 0.0005802515897209164 0.0006349558556181603 0.0007517532627970087 0.000951562360622718 0.001273186476353943 0.0017492675870630673 0.0023847852937954996 0.003186769274401682 0.004122077795442816 0.005097228227745144 0.005981378067480468 0.006621408396439052 0.006864471043555033 0.00663158692266826 0.005957660482304894 0.0049827345417890025 0.0038893102685315342 0.0029160519732399507 0.002159125814767647 0.0016034542886012642 0.0012125048658310543 0.0009461639515408806 0.0007700945359689052 0.0006587230714958831 0.0005949176717597138 0.0005686117151332802 0.0005755991063061085 0.0006170787491602009 0.0007003172329913309 0.0008398260607396333 0.001021390396895712 0.0012301079391453967 0.0014580935213833884 0.0016929827573108778
0.0013129085069597296 0.0011152976925011757 0.0009610594930365449 0.0008460587978031584 0.0007657693203229456 0.0007167174118713041 0.0007009109333173402 0.0007394793799621787 0.0008383119623871499 0.00101193051036183 0.0012866874034674722 0.0016977723643572687 0.0022362565648293693 0.0028886094749524813 0.003618865179008387 0.0043493695773227994 0.004963240316147762 0.005342571493368617 0.005425491270187398 0.005178990780312787 0.004639246982880817 0.0039031798358261038 0.003136657430416517 0.0024739092193834765 0.0019352810240567118 0.0015181457757426848 0.0012091856048544653 0.0009889725169018246 0.000838452684835977 0.0007421839839385424 0.0006894119439955021 0.0006741811382023109 0.0006953523816306056 0.0007571320023857295 0.0008706826209511914 0.0010294595024560873 0.0012126943902824477 0.0014165549127486397 0.0016343469679896763 0.0018530154342220114
0.001385456280578927 0.0012061812559007704 0.0010647233194186632 0.0009592383179899142 0.0008871475542702932 0.0008463743991422696 0.0008320595338099244 0.0008472971355018279 0.0009204823892102308 0.0010615405155789562 0.0012862076346703629 0.001618489880757221 0.002068360777438879 0.002596277277192891 0.0031668349398750345 0.0037175276702932887 0.004161970753144941 0.004408051897812182 0.004397220180801655 0.004149600150125394 0.0037021758308598846 0.0031542916655382057 0.0026274992659420307 0.0021583617750461494 0.0017647066275304707 0.0014502828142930447 0.0012097332004501037 0.0010334818171479328 0.0009113466430359015 0.000834856658187649 0.0007985809826240425 0.0008005935188334071 0.0008433159758358272 0.0009352113966871147 0.0010727189323635983 0.001234149615436525 0.0014165583289264033 0.0016142266585627732 0.001817262367898055 0.002011380062226914
0.0014102951404416542 0.0012555038807713318 0.0011328483025055801 0.0010424848639672653 0.0009835433614646175 0.0009507419042209257 0.0009416492986072807 0.0009564141250588363 0.0010009082280551295 0.001104880228839004 0.0012790724182506854 0.0015358324303608463 0.0018901332440970447 0.0023162713882295583 0.0027632158633126365 0.00318139781356145 0.003506682206915802 0.0036739304011059693 0.0036367129150494523 0.0033960569156464226 0.0030424502382459476 0.0026637653008219847 0.002292925119919295 0.00195405601319486 0.00166168733075468 0.0014217809924914459 0.0012341950853712743 0.0010954652294056734 0.0010012012334019503 0.0009478819513215491 0.0009341852026131624 0.0009621889484051386 0.0010389101883449307 0.0011573215953302705 0.0012978162443067112 0.0014581192642117657 0.001633679769963358 0.0018168702725715135 0.0019958395663283294 0.0021561733218810456
0.0013832465285898903 0.001256474767880193 0.0011565090662928388 0.0010843110686497544 0.0010358472695316434 0.0010104504915288874 0.001008143798192174 0.0010295374704243328 0.001075197031533114 0.001147424904611054 0.0012724502371655089 0.001462454065723348 0.001722503771270249 0.0020531924977016014 0.00240485650368946 0.0027250668197158715 0.0029657673456170465 0.0030800526361212813 0.00303610601706514 0.0028632188524704972 0.00261863384881599 0.0023525220221676385 0.002086945034568445 0.0018392163926485101 0.0016211691976613766 0.0014394283213554893 0.0012966519138512729 0.0011931783947255752 0.0011286779062295122 0.0011036573827019776 0.0011209041551128284 0.0011865034543041678 0.0012844665770518756 0.0014030134553956396 0.0015400714348255985 0.0016917623992947052 0.0018518675535871736 0.002010682159124938 0.0021558822474444152 0.0022734503483664236
0.001306141561597124 0.0012079349485615042 0.001128718778768429 0.0010692715000420925 0.0010308854732780778 0.001014172390552653 0.0010194978523933047 0.0010473355076960086 0.0010985574212413539 0.0011736410551826336 0.001272684984298977 0.0014048453202045977 0.001588468843333705 0.0018203781390176439 0.0020885452082026103 0.0023360208049139058 0.0025161060369522717 0.0026016786243236666 0.0026021764866117608 0.002519385620410062 0.0023634219385454654 0.002174936887809564 0.00198392428648328 0.0018033222886559017 0.0016429945136431814 0.0015097312257558691 0.0014079222048152043 0.0013406319672596154 0.0013108773626732538 0.0013230551714318534 0.0013766398120724933 0.00145221147839364 0.0015471399600948577 0.001659325422392931 0.0017852547733637598 0.0019195805251819274 0.002054295792833784 0.0021787942927182237 0.0022811545600117957 0.0023485270999615304
0.0011840561353023246 0.0011062269840478483 0.0010424074782142013 0.0009956381526079249 0.0009677080888965842 0.000959649639756267 0.0009721117559955008 0.0010055780916598401 0.0010605398027501603 0.001137477469473064 0.001235983968825588 0.0013545434342399723 0.0014898507602607335 0.0016449244949745256 0.0018223297406940804 0.002007084998665316 0.0021676547155504754 0.0022787322036167683 0.002328860310324182 0.002313209464900107 0.002234553825821372 0.002107578894721168 0.0019730318150727177 0.001845662113237677 0.0017340943734220756 0.001645340214985189 0.001585258652846802 0.0015594153685970504 0.0015698384022769056 0.0016021381680636443 0.0016537943030972798 0.0017235328637327336 0.0018092351654384927 0.0019076326127858549 0.002013994665513265 0.0021215215420197614 0.002221117794607775 0.0023026813538183687 0.0023552194276830855 0.0023690568521486603
