_RESULTS/POSTPROCESSED/Berg/GZ/1comp/Berg_GZ_z_63_kriged_reverse_1comp_spherical.asc
ncols 100
nrows 90
xllcorner  5.6208707817415728
yllcorner 50.959635321741573
cellsize 0.00013419651685393446
nodata_value 1.7014100000000001E+038
[rows 72 to 89 of 90, columns 0 to 40 of 100]
0.02191532822534886 0.02311798873827178 0.024753282927460186 0.026836436410129897 0.02938096256558485 0.032387823472126945 0.03583017672883087 0.039632717030895895 0.04364687868853426 0.047629839663298326 0.05124807952606339 0.054132913660631034 0.05598182367617427 0.0566385712501981 0.056100470819566206 0.05448113630483179 0.05197173297561443 0.04880891773304181 0.045244239339241904 0.0415168873480228 0.0378971172859014 0.034529204593974544 0.031469577428148064 0.028751472447678308 0.026390198943271877 0.024389118999534977 0.022745416002565463 0.02145530052316023 0.020509204568064557 0.01972421369566753 0.019018352968016215 0.018272377817039075 0.017378219553372945 0.016398857058571494 0.015395155115363062 0.014399189546514084 0.013421676238744266 0.012491059043165508 0.011632879877163108 0.010867577302113351 0.010211100315321154
0.021947471604036286 0.02293020680512644 0.024317553490885865 0.026114850746936705 0.028327281994758417 0.030950598532966694 0.03395808686710858 0.03728176853085113 0.04078598394444245 0.04423610680511288 0.047286038650498616 0.049546518105512416 0.05075277872769054 0.05086640381923865 0.05000315526756831 0.04833149491640207 0.04603276746636098 0.04329283836260137 0.04040167091603945 0.037546377164050806 0.034792681827628305 0.03219648680759529 0.02980184597938237 0.027641053292388452 0.025736406017469515 0.024102990884898177 0.02275196314662815 0.021694043498117814 0.020862355515572206 0.02008291677016601 0.019296066531031345 0.018304891080488037 0.01716829505305152 0.015959350800137023 0.014743538265356643 0.013575688931666432 0.012499144634046824 0.011513377155149124 0.01060995341966073 0.009807806899078779 0.00912158139817395
0.02209505012979466 0.022874028479782343 0.024013065479504964 0.025532647307343666 0.02743158878126497 0.029703527904625725 0.032326898550620264 0.03524979256443478 0.0383643884605155 0.04146083591483541 0.04416222937979676 0.04596363445446077 0.04658844207604867 0.046185670056629095 0.045020961820327755 0.043295952098719295 0.0412084677428117 0.03905909205651366 0.03690539331394824 0.034779157517957675 0.032714711001116135 0.030746180758810762 0.028905213170540747 0.02721982269666494 0.025714406308716825 0.02441070218357283 0.023329449944097826 0.022490371064355114 0.021715841510989146 0.020907947998108134 0.019888952840370205 0.018637669347232756 0.017242971210758847 0.01578955347020383 0.014350475294326356 0.01298399751863182 0.011733188630941638 0.010627643332461478 0.009677715991179631 0.00884444420726574 0.008132067870775396
0.02221438885157173 0.0229657119617922 0.023867121611134846 0.02511231613084998 0.02670876322001716 0.02864836423290901 0.030915510117278323 0.0334778135993177 0.03626958974462279 0.03914967233032057 0.0417594118604331 0.043264742531692095 0.04323266670431404 0.04229664927478744 0.04087464827671704 0.039235126483214866 0.03763253025462848 0.036059822038522975 0.03451103771594556 0.032989724081675054 0.03150722688367136 0.030080266953898205 0.028728854798723606 0.02747493525570858 0.02634183341105621 0.025354429196957413 0.02453997090379363 0.023891132442888506 0.023145588678061345 0.022119697520743015 0.02082289817640071 0.019281808174965376 0.017601433448773345 0.01588074758277269 0.014201900448149849 0.012627109333189062 0.01119901777435641 0.009943487889546361 0.008873777596133725 0.007992917129977125 0.007256123393956076
0.022270426833884666 0.023035214725239957 0.023890595613842224 0.024879575809050952 0.026176410543943967 0.02778967489654569 0.02970527373148852 0.03190272398981815 0.0343503675789826 0.036997853197696697 0.03973597997539122 0.04125534707158071 0.040236866406235465 0.03887467906317093 0.03746768981903208 0.03622402669632656 0.03509209548554892 0.03403198598104674 0.033017898630568775 0.03203579125709913 0.03108110175176455 0.030156833179031364 0.0292721602069048 0.02844162617747965 0.027684914637652127 0.027027125842860794 0.026499498966132583 0.025996676020594637 0.025069120618901555 0.02375735084313668 0.022143345747548223 0.020270163091080994 0.018264350954702392 0.016242513459304758 0.014297645985280192 0.012496348037930965 0.010880375354912172 0.009470951107620368 0.008274380082017484 0.007287944672460188 0.006504137936460393
0.02225982026406657 0.023022051724726683 0.023874270774047662 0.024817298151278176 0.025861130903310027 0.02714498163366852 0.02869937859804934 0.03049951467792691 0.032509694600643436 0.03466773695567429 0.0367933098576765 0.037812896824246746 0.03697981245773874 0.03581072304259022 0.034837000491295754 0.0340417378631379 0.03337951934129586 0.032811103247462725 0.03230608383425972 0.03184242758968693 0.03140556047409421 0.030987668715381996 0.030587456954019265 0.0302104547943202 0.02986984862725005 0.029587721527611785 0.029320957924677815 0.02871320034620263 0.027533137423884763 0.025896838743455268 0.023912921692295325 0.02165021473296519 0.019264904996840568 0.0168954871617857 0.014647829708977163 0.012593170858272282 0.010771516454734866 0.009198070835729901 0.00787071155507756 0.006777247878465519 0.00590198708022944
0.022183207084304952 0.022927081748668112 0.02375669448751664 0.024671276627887716 0.02566896447213752 0.026745810382263924 0.027935102275354895 0.02931415174959207 0.030825987003294465 0.03235141804311357 0.033624210875596354 0.03416069985939509 0.033833741997009205 0.03331254276533133 0.03286937498796502 0.03256072788067495 0.03238146811535966 0.03230984867046458 0.032321429325765635 0.03239329368788122 0.032505366424045244 0.03264109599867811 0.032788412919021744 0.032941382618498424 0.033090534531297365 0.03308824989828714 0.03286977601302028 0.032110843198939865 0.030650133278999986 0.02863803264480938 0.02621366617522851 0.02348521615680275 0.020649095798726664 0.01787108618696612 0.0152721917479404 0.012928221309851853 0.010876013818055044 0.009122812349613218 0.007656122204463756 0.0064525356488770455 0.005485085241952909
0.022045125646113547 0.022756377860347933 0.023546230707313476 0.02441147921854285 0.025346695773409124 0.026342560183884825 0.027382814887204794 0.028438408602728473 0.02947930576822662 0.030461207004379445 0.031194313111648553 0.03147214306017518 0.03150776040516535 0.031503008772747004 0.03156166033297642 0.03174073525379597 0.03205631114850139 0.03250328869029563 0.03306687411411498 0.03372761351720287 0.034463418993585244 0.035250677216574225 0.036055727071066586 0.03673973508866177 0.03720605354453555 0.037391225610374675 0.03724390707440164 0.03634039846726552 0.03456410851418099 0.03210882058609013 0.029148995776033793 0.02585477310120196 0.022475396039284723 0.019210652697188288 0.016198994457931402 0.013520098571572967 0.011205401728628318 0.009251540968331995 0.007633250960110834 0.006313990386141561 0.005253921269830203
0.02185345657209711 0.022520333785729103 0.023256923813608485 0.024057407447507482 0.024912846779665106 0.025809258775601647 0.026724514030548062 0.027623432524605224 0.028450817675682076 0.02912494491261111 0.029542567330368308 0.02977003162474338 0.030067507615028712 0.030445424246742472 0.030941513156869365 0.03159146444089814 0.032415387637822785 0.03341933281103509 0.03459909681499888 0.035935432590019654 0.03735903713315174 0.03879356200173906 0.04014702654307941 0.04131270410605903 0.04217899626551237 0.042645191808810504 0.04262226384084033 0.04159181599837013 0.039456536307897555 0.036468666759511624 0.03284435286654422 0.028853750569633276 0.024812748021975525 0.020963187094784865 0.017462827789977552 0.014393309166172319 0.01177718605824914 0.009596914435644604 0.007811571189669489 0.006369597568226062 0.005217461836619316
0.021618538562965355 0.02223229187853267 0.02290630311270693 0.02363250802700607 0.024399313717083454 0.02518986389002386 0.025979647268521235 0.02673352355120944 0.027403044029452723 0.02792687893243326 0.028265561222433438 0.028694550816848064 0.029277241615231958 0.030011381341176337 0.030918735066537525 0.03202623483226434 0.033353369142983265 0.03490631683700406 0.03667466141138429 0.03862778664786454 0.04071018230727091 0.04283646813026508 0.04488831509676426 0.046716777525464284 0.048154208752290234 0.04903839114196426 0.04922684209039966 0.04810186098188066 0.0455522551025867 0.0419040395466494 0.03744453408979819 0.03258754580217046 0.027735274726653485 0.023180444771865958 0.019100438003826978 0.015574769470604098 0.012611759620431316 0.010174848564298707 0.008203918897469686 0.006630441637248677 0.005387108346641266
0.021352169603899827 0.021907067886367135 0.022513174215014115 0.023160836780831168 0.023836939745431253 0.024523599145698807 0.025196676004603517 0.02582446662695369 0.026367497178690233 0.026781117103753624 0.02716075029524828 0.02777673922318549 0.02861431653616374 0.02966989047949225 0.03095723676924584 0.0324983236455059 0.03431453421584761 0.03641961549760375 0.03881324487479741 0.04147358957425334 0.04434789614397065 0.04734140844029248 0.050306932217727626 0.05304040795557043 0.05529118098118104 0.056796071682443494 0.05732721652146474 0.0561621417308986 0.05312362171381033 0.048627209214760776 0.04310394014942303 0.03716039411928321 0.031311211147718995 0.025907717318837425 0.021143508533083912 0.017088197131322768 0.013727856673987435 0.011000479428121854 0.008822359551367296 0.007105564650868529 0.005768476555939858
0.02106668584788989 0.021559679650941802 0.022095884676307343 0.022664765922729934 0.023252711719019402 0.02384219093287424 0.024411017638314714 0.024932088746544297 0.02537422891128034 0.025709949385814855 0.026196565957581873 0.026972452015018387 0.028023265476203534 0.02935160332452881 0.030974189998301226 0.03291704961812301 0.03520970043072691 0.037878799553287906 0.04094057218346077 0.04439064114518675 0.04818974416025668 0.05224447357492669 0.05638434519795749 0.06034159671146387 0.06374898664090578 0.06617957176881005 0.06724556419405588 0.0661264214348189 0.062489133525662176 0.05686054856011355 0.04996287566181269 0.04265136344097941 0.035582622500391375 0.02916834314874929 0.02360735118897043 0.018945870832295746 0.015136364102514094 0.012083274173004166 0.009674103505886903 0.007798429991882915 0.006358536768608284
0.020774240496667186 0.021204438352486955 0.021671236972628346 0.02216381964992659 0.022668833794344583 0.02316992664051607 0.023647512645118315 0.024079042766386886 0.024440130793255067 0.02475441674604055 0.025340637598304242 0.026248323096696034 0.02747446433274459 0.029031044567236788 0.030943516584863755 0.03324828158718358 0.035989122882773616 0.039212316295579135 0.042959473247503106 0.047256324432200736 0.052094779976919796 0.05740501095446684 0.06301513784965168 0.06860161139806799 0.0736497145558056 0.07747439474581086 0.07937237053817249 0.07841489561153481 0.07397846494169488 0.06679286828411954 0.05809774916994536 0.04907035556420204 0.040532140217110005 0.03294047276989552 0.026475083257154357 0.02113774283478689 0.01683263393303779 0.013421530493848586 0.01075780001259652 0.00870535662090781 0.007148059777873054
0.020486326385738857 0.020854422270550274 0.021253987132201453 0.021674362679068724 0.022102922949818856 0.022524875027471487 0.02292331336123291 0.02327969758699188 0.023574925578882397 0.02390321866943719 0.024566943127934823 0.02557733833849265 0.02694161365919121 0.02868205804758738 0.030835444988531212 0.03345214200307975 0.036594557551558785 0.04033434941191769 0.0447472323282557 0.04990318194274926 0.055848155400586345 0.0625709129863644 0.06994546824651632 0.07763941058462492 0.08499412732445251 0.09094782073825124 0.09420166153365486 0.0935100166569475 0.08784871583540645 0.07848179966373355 0.06742535535896962 0.05628573592412318 0.04603509245265156 0.037126983501949914 0.029678627966502818 0.023619010717029425 0.018788052916159852 0.01499664524059012 0.012060022579187844 0.009814391731292829 0.008123739483625927
0.02021352755118941 0.020521269768930078 0.0208567667843857 0.021209798590681152 0.0215687007452895 0.021920329221416384 0.02225025256599334 0.022543266599573827 0.022784301147110775 0.02313802811650608 0.023855546923400084 0.024938701404269015 0.026403389288943698 0.028281612878911785 0.030621734556923262 0.0334890041227236 0.036966010504652425 0.04115253041323159 0.04616374589103259 0.05212475501042162 0.0591572111758879 0.06734974141874638 0.07669551226329967 0.086965540830251 0.0974710856937636 0.10671656525807563 0.1122965696865391 0.11189449586664874 0.10416683512341912 0.09164028581894694 0.07753640597034614 0.06392289631458814 0.05180383525044062 0.04152516957143843 0.03308120633162403 0.026299087303086208 0.020942594164217367 0.01676798508060492 0.013551927173863974 0.011103482593049545 0.009267338472477165
0.019965455088765422 0.02021520019510387 0.02049026310403893 0.02078101039321208 0.021076811519997556 0.02136609317583279 0.021636579121888516 0.02187576308675108 0.022071846023457704 0.022445444519695636 0.023192344927515048 0.02431785436260012 0.02584460141174662 0.027812578491687 0.030280154715430593 0.03332583683506651 0.037050593485764706 0.04158047824219875 0.04706899737709316 0.05369796547524858 0.0616739767347573 0.07121378423199355 0.08250220737773634 0.09558022637294741 0.11004955387786497 0.12431812434309061 0.13423068139826339 0.1338362701946371 0.12231042864087908 0.1051992376926734 0.08745959030779492 0.07126474144007795 0.05735004924928373 0.045812039349450516 0.03647022897226302 0.029036922938110207 0.023201116855463434 0.018669847790853265 0.015186781558114966 0.012538331911994422 0.010553176380778809
0.019750815659668124 0.019945178004894006 0.020163530428378835 0.020396878085746552 0.0206355949102547 0.020869518005262745 0.02108818610904925 0.021281242024265987 0.021441682482384525 0.021816893306578915 0.022568817121244113 0.023706500628807234 0.025257006460843702 0.027265776626820084 0.029798192544721134 0.03294222851031399 0.03681218356760504 0.04155351601525581 0.0473487674237635 0.054424376080894635 0.06305764600889198 0.07358167884355753 0.0863817968636774 0.10186266094656282 0.12030729224427097 0.14124697034015335 0.15990363699159765 0.1590323313447072 0.13947706737672563 0.11662379219294122 0.09550131340701994 0.07725482163217934 0.06201517007965149 0.049568394034945264 0.039571591512111925 0.03164829950734591 0.025436512497881997 0.020612341153633047 0.016899590645886274 0.014071146451592001 0.011945924218003185
0.019577567364778236 0.01971915618737341 0.01988435281612594 0.020064788192725995 0.02025175391718619 0.020436306481837755 0.020609480689812765 0.020762617217030876 0.020891827016466448 0.02124839457693244 0.021981731694455685 0.02310248864181237 0.024639689170509318 0.02664121517249051 0.02917559112788757 0.03233501818581705 0.03623971887760407 0.04104374520428701 0.04694248110600504 0.05418213737509729 0.0630715921437776 0.0739969684585954 0.08743935186945231 0.1039960176447227 0.12440543177054443 0.14948436349411096 0.179882833839128 0.17769583592074661 0.14766656489309052 0.1219060465545662 0.09961123155561884 0.08075530803625956 0.06511606271903697 0.05235695393485843 0.042091263715154655 0.03392802815080567 0.027501510199434025 0.02248747733660366 0.01860990319574908 0.01564138324691696 0.013399912296812956
