_RESULTS/CROSS_VALIDATION_POSTPROCESSED_80-20/MHZ/IZ/9comp/5/MHZ_IZ_z_125_kriged_reverse_9comp_spherical_5.asc
ncols 100
nrows 81
xllcorner 5.5967107548124995
yllcorner 50.982328804812504
cellsize 0.00017565037499993607
nodata_value 1.7014100000000001E+038
[rows 38 to 56 of 81, columns 0 to 43 of 100]
8.46537696612616 8.688052713720841 8.988805598220194 9.32079622765677 9.671665759726118 10.031920399375021 10.393358585618211 10.751286908782987 11.087403290192043 11.39049736254463 11.673248079034588 11.926077907062202 12.139542572394623 12.307329842642305 12.425474746091773 12.482111684106119 12.47845427762212 12.420724301879481 12.307847577127076 12.133638306106757 11.910622602575046 11.648299564430985 11.352511723331023 11.0240542542026 10.65742096065975 10.244220103266262 9.78630946533581 9.287103992973483 8.747394019548324 8.18874058720407 7.631219230927772 7.1018258774526375 6.689405582269241 6.40799073019208 6.303077856986657 6.549871217390517 7.017964655043126 7.548126277764014 8.10757114297842 8.67921242692746 9.245260101076873 9.783815483677866 10.27134077099898 10.699336392717928
8.496176769779517 8.737536735606435 9.026493865986101 9.331263852021994 9.644876315268423 9.96125539828075 10.281274078374242 10.595228418804078 10.889750520525816 11.163404963465764 11.425672300792158 11.667598473764615 11.880543967992665 12.057752161341027 12.195768490482749 12.291053997768898 12.331569898823647 12.325396820713921 12.277166535220594 12.166578969246656 12.005004791927226 11.803133147432684 11.568575858497352 11.303063417742386 10.99625644324655 10.62053753242477 10.15526273773947 9.602682473486718 9.013225194596432 8.42583207459203 7.86087834381229 7.361771280811451 6.979213929737002 6.766195333119865 6.747734211802271 6.9318879619639935 7.282583993626555 7.723163697695876 8.204105219927387 8.69509462377443 9.170515453431642 9.603389132463505 9.987765352492477 10.311437800870875
8.745296612092414 8.907045290589359 9.138110669262876 9.395547194949442 9.661965669901406 9.936284683320553 10.21403956737742 10.48500178469068 10.738189463766863 10.979010951946655 11.218738122125949 11.446844032478928 11.654357160883091 11.834467355885426 11.982910751699794 12.098690819385407 12.178983692858802 12.225013896742432 12.236888159262033 12.187969717200813 12.086552541187363 11.941167394987353 11.764245202804869 11.566427285365242 11.345562283793146 11.049187987191836 10.552209237492512 9.932619490491456 9.30059728120298 8.6917542621773 8.142881971512706 7.69429332079669 7.354664477926313 7.184049870885945 7.194236410139414 7.345017734872726 7.61688062797077 7.972322575570677 8.371476158721574 8.780810070473942 9.17002715895461 9.512792254822124 9.820829516899687 10.0621911023136
9.011189883801947 9.132306885150445 9.30672868090894 9.509348727692577 9.726439447465191 9.956547808648564 10.19021879380959 10.41820329720258 10.631287658997564 10.837769833957294 11.049043286908375 11.257555167124835 11.45515136076879 11.633179248776612 11.786256055025346 11.9172073456173 12.033977880820595 12.123839600396295 12.180458148012061 12.168117053262666 12.095252068553144 11.980100797557952 11.840393791535792 11.692601180161148 11.551431976332486 11.416577443163614 10.818047570875839 10.154365280050412 9.52539823502173 8.94141223393041 8.450001994046575 8.061192853990647 7.769577693142404 7.613622547017713 7.632103710699119 7.759251674213291 7.977673709351103 8.265392237282704 8.592887053952145 8.92943025828088 9.244009493447 9.522598290855104 9.773890492128942 9.956238593342407
9.297023388591864 9.386991299945024 9.51418036636486 9.664119833504012 9.834175402894767 10.017815118776145 10.205993479211203 10.39066726362557 10.564159161785472 10.735083269008411 10.916286918648234 11.100972771902057 11.28160710712534 11.451342005610954 11.611079056193079 11.761127838375605 11.89176169784652 11.984569614820622 12.044233805005277 12.047372292189097 11.991264617267147 11.894003047117959 11.772804456545071 11.641331375235858 11.496147948248682 11.251817515797539 10.781342334013956 10.202898748558212 9.631802676698602 9.115848881843336 8.706692992801427 8.399978930908437 8.176818845962238 8.044389525102842 8.055699904020177 8.164066295160051 8.344805977164093 8.5816883369177 8.85247604643988 9.130779147689946 9.387400015652556 9.627359274562433 9.84331361551178 9.990053688670082
9.60589322679585 9.667611619929527 9.75265539226852 9.855431219725126 9.978584499711808 10.114494532553108 10.25611294430519 10.397041958275555 10.531109853610888 10.665186553384412 10.81477299624617 10.97391388232689 11.13902659031863 11.30700642011491 11.472282572753596 11.607530669014308 11.707453222517255 11.779430409655687 11.82857100759891 11.839194000636933 11.790736332918618 11.70040664397491 11.584076164451197 11.446911693551169 11.254825389107653 10.971647596200546 10.57368676953905 10.102277839522708 9.619404794196958 9.201439571823736 8.886965975546671 8.6612504201537 8.512189578225408 8.444468677415555 8.470910065834978 8.566684304388833 8.715333688460523 8.912295888252467 9.139950503949994 9.375876834850207 9.596823573039059 9.820552543548803 10.02646598086145 10.165060679728597
9.940861299970916 9.97541311772148 10.020072362264242 10.078574963155578 10.153797138348551 10.24055749796867 10.334512008052926 10.431199194868098 10.525889996985637 10.622898970867855 10.74300689655431 10.883362336930022 11.039077364970504 11.200409117719918 11.33133437921658 11.427658314775524 11.49276725282036 11.536056856747635 11.566189317854981 11.571228857524643 11.522597280480255 11.431128521064576 11.307058401236505 11.13654757109161 10.914339800686697 10.630900869046403 10.285380507229123 9.89919985691952 9.509792482974387 9.196209322034441 8.977487921894149 8.832056038652022 8.759247562630682 8.762536846319428 8.842721454265714 8.960773393582274 9.100944257426024 9.268567001338303 9.465870085488504 9.675017291243735 9.882169022748254 10.111471066729127 10.334189903911998 10.490624848933807
10.288009506630106 10.313861907362337 10.319006223680681 10.331035349299537 10.35531005732765 10.39116653840603 10.437416102504 10.492012320098322 10.55217283578441 10.619069222085802 10.713585838469882 10.835525365472977 10.974993102828885 11.090300400584706 11.174961553691817 11.231104277628601 11.260486148423796 11.274882909734378 11.280282994377883 11.263390855966247 11.207790449022482 11.096736613927847 10.93618880046334 10.736312097739196 10.501168619222256 10.231929200368976 9.933541648372902 9.619101650832148 9.319278308339443 9.104466801159873 8.973554106025054 8.907875889737731 8.910854800796198 8.985163469567713 9.132608203481189 9.31179114032182 9.47823029497934 9.644180431585335 9.822209730752757 10.017992480201613 10.228313142417505 10.48259057829543 10.749021450243397 10.952727582522211
10.641817033715565 10.671121565726475 10.658830430609108 10.627609828529906 10.595733372898438 10.57855185131035 10.577572258714365 10.591864065721026 10.61913765944899 10.657487963837083 10.725164193171068 10.82478408404241 10.91201711141806 10.973376566746671 11.011039504589146 11.026990151172743 11.023735295241464 11.012565035084315 10.990772686104073 10.934751826515111 10.835829415355802 10.680132807130306 10.483856431434315 10.262591814177496 10.025285209649889 9.777395902123063 9.524577027479543 9.274822848090585 9.05791581259914 8.932549401497452 8.880138029032441 8.890140084133137 8.96562000722322 9.108860590298027 9.321212419653339 9.583566431217868 9.817519503701446 10.014434493527258 10.195097995383923 10.385124390265101 10.606920675097983 10.89852892092695 11.232316601933363 11.524861599798019
10.999084494792498 11.036025870342783 11.003021183118891 10.936108125893634 10.862938277687284 10.799448811558875 10.752568976628043 10.727189138249685 10.72277233551926 10.736747948930729 10.778059956933278 10.827161554645134 10.853724400521907 10.860313015611952 10.850033551276201 10.825729277256919 10.795614542744424 10.758215557380597 10.694337416571367 10.570019018392083 10.394079069818178 10.189601738420565 9.960673810297461 9.724942851057012 9.493038292386743 9.271244263661433 9.064000622593502 8.875368088809367 8.734321124554315 8.687002035538894 8.70588590031613 8.784309231688212 8.926937986352627 9.135999796457117 9.40994705226747 9.74506139657037 10.07080944934009 10.344145600498555 10.562314017429996 10.753217840792386 10.981238717824677 11.303915387423332 11.70669885742391 12.135107157392325
11.34960429097884 11.404927711348625 11.33213740813588 11.21249248572757 11.096419549487274 10.99988928962656 10.92725762286827 10.879545701161817 10.855030268641702 10.851839503786483 10.856826828991093 10.84017723533033 10.804019476847754 10.751129170292215 10.684423694239133 10.609040782785511 10.53763186059461 10.468845322482382 10.373946810246007 10.174771115687092 9.90209538278468 9.631892932183943 9.374297125738874 9.130770674587668 8.910816344425768 8.719151146875147 8.558391740711151 8.429297638424872 8.357574552921756 8.379116591450492 8.463274137699955 8.601530983014728 8.806930378603932 9.076886532466176 9.40546181984128 9.79232245850799 10.203194692544306 10.563469766630886 10.864606209868258 11.099270303459082 11.315264088607261 11.63225374606847 12.04314982829946 12.552572434783418
11.653651482272693 11.769837651163966 11.599043162986572 11.418641628665807 11.266931497930758 11.146798383961311 11.057282163723782 10.995883488286186 10.95991236829526 10.945414385032977 10.901592088377614 10.820143745507503 10.718351278431825 10.599587452815669 10.468074250611103 10.33699498121858 10.215459404347078 10.11078972058463 10.026218783268618 9.726679645048227 9.3520327813583 9.018162191787923 8.734403884727877 8.490731731742171 8.287166892857304 8.128942669753208 8.016007424803957 7.9459696618901425 7.9381168495246195 8.02196486314436 8.167438402013257 8.364790249491062 8.61529252143021 8.92273729990872 9.285858084064753 9.704445151235461 10.170676161091588 10.60640404523707 10.983251332150418 11.291360678279206 11.535404341334697 11.819525502019967 12.1416504810689 12.481497905396216
11.751585111326499 11.857070831963261 11.695212884507319 11.512016776810327 11.355846026190422 11.230457439059679 11.134551082777271 11.065973910772843 11.022381927976117 10.985333658881572 10.895394256403899 10.755126829442956 10.58851562559199 10.403267245195137 10.209657400395455 10.016486581951808 9.827923351033416 9.645520986640769 9.44585496391867 9.123322546138688 8.733208081892906 8.3703057073589 8.061148632172667 7.817917132657606 7.635188387224033 7.51144569339042 7.447029112612638 7.436152567632501 7.488237290195367 7.623130279233973 7.8101718979623955 8.045617544947167 8.330044183318046 8.665510795455992 9.05267574411555 9.491255957756122 9.976680003834131 10.470043967948746 10.906149317556507 11.267551012894042 11.538771439166382 11.768953549373038 11.982666873199786 12.110507350662393
11.654656164691946 11.705195124605147 11.625032721712625 11.493626987716116 11.362075242058944 11.247866676830236 11.155967757309101 11.087055299469444 11.040175095314716 10.970794129328377 10.839731522183978 10.653480471643938 10.42535569680023 10.180386901919745 9.927143387886737 9.66854547285862 9.405243292343437 9.132880400257363 8.834557837218908 8.480208459545361 8.090206081262883 7.715647730141837 7.391185894544259 7.137865880764625 6.968186460847492 6.880288388087089 6.86425981565473 6.910316000720819 7.008450495374503 7.181577694002304 7.40539782561081 7.673877544835841 7.985161484998637 8.339674768660203 8.738501647919096 9.182555838424594 9.667737678406295 10.175823753754718 10.656212270434878 11.056002137873225 11.339183346643935 11.515196719032401 11.636212488446759 11.648132630700667
11.50557720333573 11.537379578117834 11.489798656866018 11.401268472747796 11.300798751933185 11.205804267180538 11.124608071667396 11.060444849634127 11.009625922187794 10.908904872508582 10.742661706995507 10.51805822809367 10.247714641747653 9.951051121721335 9.641666931130212 9.321537909269887 8.990356159776189 8.645535338742247 8.282175672076878 7.888516154915104 7.479745071803047 7.089005894960897 6.748265950675044 6.483943868012426 6.315274277212611 6.254478530428559 6.29003191903334 6.388546442070972 6.535926622707526 6.749224113877743 7.007910656774066 7.304522056889868 7.6362320862754425 8.002530832551365 8.404000025667973 8.84126968855924 9.307971213296062 9.787364667709365 10.267740739678336 10.687279252243865 10.978182829855239 11.126447530123146 11.20082989047294 11.190336773483716
11.335541190532963 11.359744967224863 11.328495125024721 11.266433398438574 11.191446651947635 11.11584872302453 11.047556672203356 10.990717142012842 10.932911423233266 10.8080027531192 10.61456018077576 10.365060704140577 10.068541928397204 9.733131116756354 9.374377142590658 9.001465708464636 8.61505213012169 8.215611584648407 7.803489003184438 7.371800203175774 6.9353027633651685 6.519715834567499 6.15464517284263 5.875860860600815 5.716275234344061 5.681515040496264 5.750962538224561 5.89886067654354 6.097834008555347 6.348965306012566 6.638201277507058 6.956795988113543 7.301912490692581 7.6729267298441135 8.07031391552733 8.494619767486169 8.936350016849417 9.381520948374257 9.816317719699844 10.207586335013687 10.494165488136439 10.641600038583771 10.711732126591782 10.742357573218971
11.15268881344265 11.17412505285159 11.152925026874863 11.10627566926559 11.049230511914471 10.989543753692704 10.933266003881762 10.884186261137314 10.819382401438585 10.680878314479544 10.474850013888844 10.209935511893713 9.894551151016339 9.536747926281759 9.144051889936476 8.728895977456224 8.300110596072344 7.860369206064101 7.410199406985503 6.945023035040531 6.478996309240577 6.033338511774582 5.643708522078515 5.346059971315251 5.179554213612332 5.1640899987034885 5.281269641547903 5.481866879932085 5.726328304872269 6.0037522458273775 6.314001063414837 6.646296747679682 6.996708006297067 7.3644637383484906 7.750423553772914 8.154895428966013 8.56579075116524 8.970406568919103 9.347494033474593 9.681018082504556 9.952082154529075 10.117038568821043 10.204640915879255 10.288488853657855
10.960970793366316 10.981185719727726 10.967914936589205 10.929966950414691 10.884498014395268 10.836417858413405 10.79037479179488 10.751248736670654 10.687989639683826 10.547051994773602 10.335868056110796 10.062972871221683 9.736747595659773 9.36533020337292 8.956564825647412 8.518007752171073 8.059127459571952 7.5913695785265665 7.112128876626319 6.620874009323777 6.131467215743448 5.670091641595996 5.253456804882186 4.908783823282039 4.697026724261159 4.713389191270288 4.905764984526203 5.170081226955949 5.459262785870875 5.757877951691385 6.074540972007782 6.404482421186482 6.74580904865709 7.098693355863926 7.464331650322298 7.841614798056478 8.21475205718808 8.5714349458282 8.901941180158577 9.193522977090392 9.43087769416588 9.597694773571137 9.699694208006617 9.812528451082427
10.762101921945765 10.781927141227701 10.775172588596831 10.74487363512838 10.708178220211193 10.671486695306383 10.638084111702742 10.610773801409046 10.5531047312025 10.415609154928626 10.206056955169078 9.932761024415814 9.604001916511264 9.227985711778015 8.81288787557197 8.366939002575352 7.8985039131959365 7.41508753420308 6.916116738159304 6.410921608421829 5.923163535810001 5.459750586134614 5.024206880117113 4.61170555951923 4.2771957296172705 4.375013278213814 4.676992416409831 4.997297480328531 5.317222076452686 5.630871641520783 5.942882545287982 6.261269360195368 6.584478411323366 6.913824951779947 7.250897797134294 7.58636240977377 7.910781891224823 8.219738328979151 8.506146272283988 8.759965203355682 8.968736520497854 9.11903816286658 9.21572617723324 9.331064779456115
