_RESULTS/CROSS_VALIDATION_POSTPROCESSED_80-20/MHZ/IZ/9comp/5/MHZ_IZ_z_0_kriged_reverse_9comp_spherical_5.asc
ncols 100
nrows 81
xllcorner 5.5967107548124995
yllcorner 50.982328804812504
cellsize 0.00017565037499993607
nodata_value 1.7014100000000001E+038
[rows 36 to 53 of 81, columns 0 to 39 of 100]
0.0012669659794462432 0.0014195435538551444 0.0015700759071650319 0.0016744221779124708 0.0017604234067341094 0.0018378862874120407 0.0018995764116333839 0.0019217536455033931 0.0018426200597556482 0.0015926633535578154 0.0012109018602492485 0.000797094409842829 0.0004518908904941517 0.00022129934433057653 9.550957626799422e-05 3.723759714335997e-05 1.3430324462087928e-05 4.5728698898708196e-06 1.4405427280546557e-06 1.1784761457893009e-06 1.4903302139426138e-06 1.811713565217943e-06 2.137041951502959e-06 2.4653457484456086e-06 2.800282729745777e-06 3.1508121902650264e-06 3.5327297299263417e-06 3.846779327924793e-06 3.82939816454539e-06 3.387828370569176e-06 2.7151837757470254e-06 2.1001647355624785e-06 1.7205974167212139e-06 1.5414085763453594e-06 1.6604493411837665e-06 2.423982696336888e-06 4.141702734878237e-06 7.55673062530316e-06 1.3920221325454172e-05 2.5462632774800095e-05
0.002809614197550729 0.003057656213045726 0.003164292241515508 0.0031155312823291804 0.002993098954507545 0.002821726145756759 0.002594147677967839 0.0022821693578378138 0.0018529477876143335 0.0013640669456908888 0.0009000169506312784 0.0005277992465411712 0.0002751983948758916 0.00012876006301266448 5.450367246919226e-05 2.132631257093594e-05 7.956334880665829e-06 2.9883394122514664e-06 1.2904993073002167e-06 9.248792448783631e-07 9.808276327927221e-07 1.137012048921032e-06 1.3333908529853912e-06 1.5579464944919286e-06 1.8100021445984933e-06 2.0944276667958192e-06 2.422648194347039e-06 2.7943359268618448e-06 2.941671901482766e-06 2.7612578136945597e-06 2.328417295377072e-06 1.8160939573398064e-06 1.4596726691094392e-06 1.2256714787500401e-06 1.1060677150184418e-06 1.7966801618223257e-06 3.4195172877828543e-06 6.285552427530539e-06 1.119103303634638e-05 1.9259490564459097e-05
0.006048218244313581 0.006095646811097561 0.005767835546687988 0.005267113769973642 0.00468881650724359 0.004066639619284514 0.003382371451858543 0.0025986776031355604 0.001831808233315849 0.0011803504584137073 0.0006924237691585083 0.0003689048993006434 0.0001792834637600528 8.047927900830654e-05 3.4016384984642826e-05 1.3778677036498546e-05 5.571758736164583e-06 2.4206855687798083e-06 1.2688598521508895e-06 8.831932597874201e-07 8.018969587790275e-07 8.423186119190706e-07 9.439356791359723e-07 1.0888761860148609e-06 1.2737149454815474e-06 1.5012196730567497e-06 1.7809309307031298e-06 2.0765574405179407e-06 2.2732195098848335e-06 2.27211703789707e-06 2.058769585645901e-06 1.7035861612636964e-06 1.4004796671234807e-06 1.2286521562594609e-06 1.2494968541198917e-06 1.8163115390165069e-06 3.0960885179013964e-06 5.2738146105750054e-06 8.699665673670187e-06 1.3744013688964715e-05
0.01095909371114764 0.010041457060994574 0.009040668458955941 0.007917719587899842 0.006703529475446923 0.005447939284188972 0.004094303642487699 0.002822139385842653 0.0017793687283953559 0.0010273870652711637 0.0005468731325876861 0.00026917355090939974 0.00012355744617377446 5.3726329073515975e-05 2.2666447829364174e-05 9.564743086469234e-06 4.173882655141302e-06 2.0379198968455267e-06 1.1874250466479333e-06 8.326296630204705e-07 7.055296638659771e-07 6.892738264354294e-07 7.374784069504646e-07 8.344371523789535e-07 9.775286641470061e-07 1.1691120440272457e-06 1.4101252636211408e-06 1.6318234978403969e-06 1.793778399326492e-06 1.8787265963637441e-06 1.8394033862698e-06 1.6695503343449261e-06 1.4828552868980343e-06 1.4369653045154415e-06 1.6265444203211777e-06 2.1064689425863173e-06 3.0082661944437373e-06 4.50510052594271e-06 6.6751875394682464e-06 9.513155859183878e-06
0.01258877457993851 0.012766995717423355 0.011968336207004325 0.010518950838713435 0.008716907554477852 0.006646773925872234 0.004606132170561094 0.002911137704392334 0.001682130350320438 0.0008932142391309774 0.0004392874708766698 0.00020239699670950587 8.85677108754757e-05 3.749795008569572e-05 1.5765027062970563e-05 6.813566270899833e-06 3.1862021292304896e-06 1.7091985096786776e-06 1.0655511811167536e-06 7.623008982668683e-07 6.312600026765137e-07 5.955055167680868e-07 6.210774506757533e-07 6.963202489118312e-07 8.217651869617601e-07 1.001021489618248e-06 1.1939455862622587e-06 1.357384890269975e-06 1.4882275405242886e-06 1.5767170609080576e-06 1.6196232930225447e-06 1.6203563937080455e-06 1.586649036400306e-06 1.636146644407157e-06 1.8784342752001344e-06 2.259607153684608e-06 2.8715915347522607e-06 3.814830368692366e-06 5.057738950645523e-06 6.4802371086878735e-06
0.013997613395478156 0.01444808647436657 0.013969578870305654 0.012554830576661994 0.010238077833557003 0.0074218186009818955 0.00483374081023807 0.0028531246191051845 0.0015373805047411062 0.0007636895049950547 0.0003538159486039337 0.0001547427739729978 6.494918380603672e-05 2.6782591777147442e-05 1.115529696513195e-05 4.944422942130645e-06 2.487533957209587e-06 1.4185996713602273e-06 9.323494019427926e-07 6.928907300949e-07 5.838613755381998e-07 5.529168502797483e-07 5.772652172733192e-07 6.508859849570424e-07 7.795168699348257e-07 9.670444631827127e-07 1.1106503701066169e-06 1.2275649352019255e-06 1.320934480706406e-06 1.3906666055547896e-06 1.4502839148077764e-06 1.5176943047737982e-06 1.5914446700954544e-06 1.6985419973204007e-06 1.925901470242991e-06 2.1925250669619917e-06 2.584961781673339e-06 3.1290163609926596e-06 3.7637664735158394e-06 4.373318464777792e-06
0.015089477230297538 0.015496461957361521 0.015043474263648509 0.013741433144763898 0.010964920719197505 0.007655432568346406 0.0047530889090030065 0.0026584442218560963 0.0013545960362537897 0.0006372101188828666 0.00028086807705109964 0.00011771766236524826 4.777956731576144e-05 1.9245863441301354e-05 8.119243010424436e-06 3.7656753381027768e-06 1.9819008087378034e-06 1.2005881803221087e-06 8.355851085626995e-07 6.536648346310226e-07 5.71319219639043e-07 5.552247767184308e-07 5.914893381297534e-07 6.786466952245402e-07 8.178782879536058e-07 9.728460759981851e-07 1.1006997450912936e-06 1.1934410772201904e-06 1.2598688180662854e-06 1.3113975555601837e-06 1.369276382793711e-06 1.4487796660575984e-06 1.5215024605506915e-06 1.6035362541324397e-06 1.7720026298159384e-06 1.9387532874653883e-06 2.179005111523733e-06 2.466262595678991e-06 2.7445912922748725e-06 2.9356853406298773e-06
0.015792195811525755 0.016004427875026095 0.015379439790522753 0.01388407218688877 0.010858044794066286 0.007355990441560254 0.004397277512913465 0.0023563118725051183 0.0011479360412977797 0.0005163451524960692 0.0002181740345241624 8.802993786493396e-05 3.505915377528903e-05 1.4320917086739801e-05 6.222043941953149e-06 3.0323836213115207e-06 1.673220090525082e-06 1.065233289925414e-06 7.772247138182425e-07 6.433470045287271e-07 5.915093107739654e-07 6.006142907270625e-07 6.636496572813399e-07 7.791224550797273e-07 9.198048964205693e-07 1.0600982800936113e-06 1.1728574288259871e-06 1.2449978322360197e-06 1.2822148354731235e-06 1.3063455317483403e-06 1.3461141743468582e-06 1.396778955638804e-06 1.446506493555168e-06 1.5060236659918786e-06 1.5808850424342422e-06 1.6634259818448069e-06 1.7855823283146627e-06 1.9094551272656465e-06 1.9917653705728e-06 1.988113219448514e-06
0.01606308785247566 0.016009620472687315 0.015099617583720117 0.013088579796455784 0.010028314577279193 0.006620316793619159 0.003836606431677897 0.0019864393740066147 0.000933581235074735 0.00040575321121864806 0.0001678128307147043 6.761222929712545e-05 2.7232924181377446e-05 1.1329312766899547e-05 5.1325866380234245e-06 2.6157748398634996e-06 1.4951369230484824e-06 9.840331426728065e-07 7.477036061819685e-07 6.554364737608137e-07 6.432225236395344e-07 6.956098279371026e-07 8.068845017101286e-07 9.528018382340505e-07 1.1127267605643427e-06 1.2580521350139057e-06 1.359337048455497e-06 1.4015510379676204e-06 1.392846627800899e-06 1.3663803615864333e-06 1.3550028750755792e-06 1.346641170572892e-06 1.3623387087921913e-06 1.4047600013992741e-06 1.462042886941189e-06 1.4931131958500186e-06 1.5411864181869802e-06 1.57934720164466e-06 1.5630740233733884e-06 1.4733962854997227e-06
0.015748197384358432 0.015695316823007753 0.014355627296104255 0.011797000467643539 0.008706033851616177 0.005627481927270041 0.003195675337416922 0.00162773686833063 0.0007584692351488953 0.0003299060659936653 0.000137163052402482 5.574968456929895e-05 2.2774984396608508e-05 9.83354809654863e-06 4.635744035242851e-06 2.4355743227292355e-06 1.4244714485869753e-06 9.53422367106589e-07 7.483578104732024e-07 6.932770161788972e-07 7.393832107956703e-07 8.575770112449525e-07 1.0311755650629965e-06 1.2418508606009584e-06 1.4567031414069411e-06 1.6312870731845227e-06 1.7241710405702795e-06 1.7167471995720389e-06 1.6260513768357536e-06 1.5038371330187906e-06 1.384282683580285e-06 1.2902317787441079e-06 1.2684537746050308e-06 1.3056930767996583e-06 1.4035645056469543e-06 1.4694056361390824e-06 1.4547357920500857e-06 1.4309222112134802e-06 1.3610645422084877e-06 1.2253287096736417e-06
0.015596890689650105 0.01567803357230153 0.014165731442554553 0.011093333450741913 0.0077186463428677065 0.004888533237513614 0.0027537104648174297 0.0014001530798717229 0.0006549861782505967 0.00028726224408541295 0.00012076867985994332 4.984040140755922e-05 2.1177653330210496e-05 9.535210439891015e-06 4.657107383755591e-06 2.4959399080997157e-06 1.4675879483215983e-06 9.790334548343345e-07 7.835432462905363e-07 7.639924224636509e-07 8.770063568877479e-07 1.0925660421302984e-06 1.3923969536636514e-06 1.742094474131725e-06 2.080025659567103e-06 2.326875778294345e-06 2.4141159637203938e-06 2.317097058970275e-06 2.073412150200262e-06 1.7688394882839924e-06 1.44895389186986e-06 1.2226239487488972e-06 1.1712430816213544e-06 1.2562977941942458e-06 1.4233673720711806e-06 1.5737285908985984e-06 1.561581936417685e-06 1.462932706956066e-06 1.3342674037860378e-06 1.1554219663426539e-06
0.015691599378490927 0.015955678988900067 0.01416901470215562 0.010749775466873415 0.007223370009389192 0.004427854651937973 0.002491507310192092 0.0012741553921119335 0.0006042526853083504 0.00027119126230268234 0.00011720631543377004 5.075403094206129e-05 2.2783257584948256e-05 1.076715024605339e-05 5.458088282318109e-06 2.9732205399617647e-06 1.7205318461162265e-06 1.100720438631169e-06 8.521064153704969e-07 8.524887026802489e-07 1.0612593308694897e-06 1.4643251469076645e-06 2.0224103876302217e-06 2.6654639741488073e-06 3.2697454767193597e-06 3.67891941558505e-06 3.7665323018943105e-06 3.50009960882449e-06 2.96587379397701e-06 2.311000662272458e-06 1.6247534190971094e-06 1.1443101812268693e-06 1.1126352256723783e-06 1.3356531601414713e-06 1.6008094707487174e-06 1.8314878460013056e-06 1.8623091719709169e-06 1.7307729818347242e-06 1.4992074007743983e-06 1.2472627353673645e-06
0.01593123154416425 0.016544106442306316 0.014182932790420374 0.01029197942202367 0.006704620217224827 0.0040317321805461905 0.002279882756715322 0.001216574937483376 0.0006044821270796776 0.0002839109455017496 0.0001292548355401389 5.988650236293157e-05 2.86457874188061e-05 1.430494431961565e-05 7.546420862740716e-06 4.146891386209668e-06 2.2995493279119424e-06 1.339843225604178e-06 9.358365650373035e-07 9.90291662978414e-07 1.4204559538572789e-06 2.186452079733731e-06 3.2597444455807957e-06 4.512183203083302e-06 5.700265989978157e-06 6.47356335088756e-06 6.579023402255364e-06 5.98051884270009e-06 4.886968995771922e-06 3.5846801896308674e-06 2.2692789725292257e-06 1.266040307736166e-06 1.3616038792224738e-06 1.753277197009112e-06 2.10871859545993e-06 2.374519214109637e-06 2.4409076549743088e-06 2.2685373275538807e-06 1.9421131449280515e-06 1.5554575415083227e-06
0.015770130479619258 0.017408509852774087 0.013668779843044977 0.009461827223925913 0.006047929783786792 0.0036443740003608963 0.002097775975191456 0.001161084529006117 0.0006155139197523233 0.0003084556030954469 0.0001525352015951005 7.657140406446858e-05 3.9450283690600474e-05 2.1046732024505707e-05 1.1716737172118549e-05 6.610619232194406e-06 3.651557052774803e-06 1.9901527056071527e-06 1.0957244526566434e-06 1.3628898714792164e-06 2.3651284827524247e-06 3.920368086770452e-06 6.104407934564427e-06 8.667311515186993e-06 1.1053920563923681e-05 1.2623361570450342e-05 1.2782301332044997e-05 1.1490708289074352e-05 9.272333745479604e-06 6.75006552967098e-06 4.43235596893728e-06 3.0674587362308805e-06 2.8203062150591954e-06 3.1281808571143273e-06 3.4889951223032203e-06 3.7037179697345098e-06 3.7071134994813057e-06 3.4204772131969758e-06 2.890152203173615e-06 2.267459576575153e-06
0.013136571284278512 0.014378822546789592 0.011514093581445976 0.008085839990897173 0.0053113426283324505 0.0033128461301503986 0.001975336876106992 0.001132812692805847 0.0006285273288149145 0.0003417686379244874 0.00018633497027279643 0.00010271386047859752 5.789130175928865e-05 3.3664238539504455e-05 2.014238216736625e-05 1.2192384323968173e-05 7.265387783042142e-06 4.379277748598421e-06 3.0195624646620973e-06 3.4624147793571858e-06 5.478505243173276e-06 8.811570830018773e-06 1.3444001073776556e-05 1.8962959290835677e-05 2.4020524573911335e-05 2.700193649753208e-05 2.7051197269732913e-05 2.414128146378244e-05 1.9444739913344203e-05 1.4692424066619395e-05 1.0759766093731863e-05 8.300224568989882e-06 7.283356161316882e-06 7.110489617658347e-06 7.133015439272578e-06 6.954760049908585e-06 6.490352449433894e-06 5.901409112860534e-06 4.926689252104886e-06 3.8024479215691493e-06
0.009387138548829338 0.009770742207453817 0.008584147245256246 0.006550853409567314 0.0045932224612278616 0.0030296332084698216 0.0019025837513483206 0.001146917177766566 0.0006681949296983691 0.00038872214095469267 0.00023262468035672014 0.0001426594311930943 8.924458176621562e-05 5.708701052345682e-05 3.7427857114783925e-05 2.5219657417536808e-05 1.716541247540458e-05 1.238537683278182e-05 1.054358002685792e-05 1.1727812040075373e-05 1.611197622890961e-05 2.3759042794287036e-05 3.434987807772366e-05 4.642147479793519e-05 5.708059812411374e-05 6.256502027971571e-05 6.072334143048175e-05 5.343966510397889e-05 4.464532687249216e-05 3.611758952737798e-05 2.8433661872173758e-05 2.2957107780674228e-05 1.971667823364676e-05 1.7904592853647044e-05 1.6552239822494102e-05 1.4956090969574359e-05 1.3012793289240641e-05 1.1283674812418699e-05 9.361030445462656e-06 7.167405175968762e-06
0.006625676063707433 0.006791040566686118 0.0063295409867560985 0.005246336669208843 0.003969549674179548 0.002805292895036065 0.001879171924318051 0.001205433243808162 0.0007484126298859227 0.0004707116634672102 0.0003049051261010575 0.00020403456047396766 0.00014036923470128203 9.92079755076522e-05 7.227522631258776e-05 5.497017046816793e-05 4.3145489070360986e-05 3.6311215549467556e-05 3.491732467273684e-05 3.942599892263208e-05 5.088961947601295e-05 7.011954200817006e-05 9.612616440430553e-05 0.00012415117959748776 0.00014536395191672467 0.00015006331052631682 0.00013962462379768186 0.00012208490520066172 0.00010392879534643622 8.71270326770144e-05 7.121824681929803e-05 5.8685321138274154e-05 4.977997672817114e-05 4.3380467735195154e-05 3.803441116360325e-05 3.2624158316557887e-05 2.7286560802108577e-05 2.2882437436071495e-05 1.8989526440665387e-05 1.4708955046984924e-05
0.004771826010168664 0.004909411926997249 0.004798514846596644 0.0042710763943162484 0.003484592032688282 0.002652406711194305 0.0019102561485524398 0.0013158489215192445 0.000882121581413115 0.0006042363841032071 0.0004262657177636728 0.000308230983892012 0.00022886813603854647 0.00017542891068297317 0.00014029520458022296 0.00011892916143310568 0.00010601457523407789 0.00010073693026061686 0.00010572722353670709 0.0001228467800211574 0.0001558298373829999 0.00020782400927521241 0.0002770525166494163 0.0003457353565125761 0.00038041352959264043 0.00036829170074609806 0.00032634237200894006 0.0002748458900609422 0.00022971578452567806 0.00019481162132950404 0.0001623045725759567 0.00013518359978818427 0.00011400237551892364 9.715381036314488e-05 8.24825807451131e-05 6.831621454155077e-05 5.5929067179874097e-05 4.607875204034577e-05 3.7708177709338814e-05 3.0256555641276696e-05
