_RESULTS/CROSS_VALIDATION_POSTPROCESSED_80-20/MHZ/IZ/9comp/5/MHZ_IZ_z_250_kriged_reverse_9comp_spherical_5.asc
ncols 100
nrows 81
xllcorner 5.5967107548124995
yllcorner 50.982328804812504
cellsize 0.00017565037499993607
nodata_value 1.7014100000000001E+038
[rows 0 to 18 of 81, columns 0 to 43 of 100]
40.49689648946857 41.11770310101524 41.57449768594019 41.83448192834188 41.886657140426955 41.75294915216185 41.41261522093285 40.89291823995367 40.26171705753761 39.59771663483958 38.970543677625294 38.435686602203894 38.03470707144659 37.79800917054076 37.75234790816721 37.90467592656407 38.24964802067356 38.773440324891666 39.455488390975255 40.270392422499725 41.18933306471937 41.354709439958555 41.112271389639446 40.86167141145586 40.551220402016796 40.18270131098892 39.77214835978031 39.313908806094595 38.80552061352518 38.24450116937329 37.684415662004916 37.19362452379013 36.77767264686164 36.44091132480625 36.18729696643269 36.017755250814055 35.932079118834885 35.92964503542166 35.99558882083334 36.04399369698233 36.058485618424854 36.0386311778268 35.98658983792288 35.90545256107871
40.98143586018663 41.625534331587545 42.11602123659824 42.41611175752345 42.492699958281065 42.32655691319759 41.862410316157536 41.14396607442647 40.28726663506579 39.404966958442095 38.580553326280075 37.876284936210894 37.350081415904754 37.03171837175021 36.93471354947664 37.060913889365125 37.4004500952865 37.931166517951745 38.61811094397669 39.403103381652436 40.13627077820898 40.465794985367545 40.45631438572674 40.3441081661005 40.132268260996604 39.84762466275908 39.51158600830729 39.133481646885535 38.7177623345642 38.24916823698787 37.73416950170223 37.27148718772777 36.887466003009855 36.584435467535656 36.36341009778412 36.224204272665204 36.16556425663255 36.185442976100134 36.265790031611175 36.320642578210666 36.33427620105155 36.3058160979879 36.237889664822895 36.13620251372443
41.33297567572392 41.99336735741803 42.51881861798904 42.879589320613 43.02681433828986 42.87257723521793 42.25747655577029 41.27278957505646 40.14471077501439 39.0219362243304 38.00271615753618 37.15274542646153 36.50931836051132 36.100522664799506 35.942961627592155 36.037066674417126 36.364023367161295 36.887970925674374 37.55346608484003 38.276422807553764 38.92576074373206 39.36146928997153 39.58008488762082 39.65803273123239 39.589747207566376 39.42108468890196 39.17866229964576 38.877955889783806 38.53074124447649 38.149490446911585 37.728227059362794 37.311792294682284 36.972381651719594 36.71225378010226 36.532186215229245 36.43153136095262 36.40819440703085 36.458709408559415 36.55783708223541 36.62083585536314 36.634357244743995 36.59670279192531 36.511268503678146 36.3856605477798
41.52548048992353 42.18030570396385 42.7185539491259 43.13087980128163 43.39500522337966 43.38476737331593 42.5486345315983 41.19061922151595 39.77449075466206 38.44621663677739 37.26711485697693 36.276875803192326 35.512925390677424 35.009111240052135 34.788412896436064 34.85294926194961 35.177156603414325 35.708216523847 36.37411819457851 37.086258289074046 37.746133231100046 38.27469712928042 38.65455776024241 38.90250282811648 38.98377678930825 38.940502335914815 38.80084479330132 38.585585330321045 38.31721701715926 38.008997875357075 37.66861845708732 37.3163553435534 37.02950562566714 36.819526152647605 36.68726143094904 36.63195497057982 36.65104388668895 36.739879937282325 36.8608905832685 36.93467476682251 36.949354509883406 36.90156068837203 36.796170112993984 36.64412988274429
41.542964397547074 42.15616197033557 42.654425502969076 43.03874066976836 43.31537570038841 43.52717875156639 42.372333125371654 40.720238261406294 39.14336578221185 37.685121345388254 36.377984853233094 35.2594977581733 34.37422301632243 33.77073663034788 33.48895504880207 33.539045346856184 33.88703564108317 34.46120514138528 35.17088186639194 35.9249265681942 36.641977583708005 37.26461366361193 37.77271225741429 38.16000133269583 38.37473182860388 38.44886215448848 38.41007381444922 38.28888730316116 38.104160393080136 37.86916048866685 37.59340874836178 37.28949101367936 37.057803575273326 36.903222483278014 36.823557996847434 36.81830109663038 36.884980300986946 37.01845564479342 37.162274922581126 37.25117439110819 37.26935112153038 37.20957410028233 37.0801780970587 36.89842314136886
41.38813110348323 41.920841870537714 42.31695800826848 42.56050384084556 42.60216203711676 42.293059787960566 41.28875935529548 39.8182981125418 38.265826251874444 36.76358438111396 35.37185779375472 34.14064811841487 33.12918819726737 32.41270584519286 32.06832881360599 32.129722752155125 32.54843330959798 33.216625604013636 34.01819343788273 34.85509529701273 35.65522062178435 36.37278546707628 36.989754064214246 37.4887714515322 37.81254042004233 37.9873088826567 38.04625394586364 38.01291037147675 37.9056617596349 37.73907689975934 37.523984026081465 37.26785654249687 37.060183172021524 36.96212920591404 36.93744825454438 36.98417756839213 37.10052346407342 37.279017091895945 37.445981428542105 37.55732055477798 37.583980674948265 37.507734008457106 37.34630142621968 37.13013665991066
41.08447814732724 41.51043759698436 41.76826396102074 41.825020483142964 41.61262218420998 41.02501316308191 40.02931766360929 38.716422420131266 37.25341293075308 35.764986724526906 34.32678611060377 32.997547578268126 31.84671454181599 30.98199498049221 30.555491346103203 30.66682264413195 31.230121148720247 32.05657323161788 32.99213021405568 33.93760428114451 34.831073047779604 35.638231878048984 36.34665954966451 36.93053924294819 37.33594550477417 37.59614547495357 37.735839444100236 37.77593264839016 37.734825911945364 37.62758916271426 37.46568750522665 37.25696741725882 37.06623850726478 36.99704194458766 37.02727657423602 37.12482193204153 37.28869441952426 37.5005066721623 37.689379865415425 37.83364060308977 37.88198130251131 37.773700835664854 37.56887790872936 37.31896886037329
40.669506208859715 40.981816084001494 41.10025210435325 40.98958616329684 40.59637852459671 39.87061235459299 38.867531240291996 37.63464755370335 36.25211786808807 34.80324549148855 33.35184372307696 31.948321613673148 30.649901177272255 29.569072172937084 28.98372985338462 29.216957443438083 30.044943611679965 31.09155157322431 32.1812329310483 33.237012624858 34.216315985577786 35.09783247114569 35.87671906174236 36.51509456738042 36.97860944702897 37.2993440989651 37.49727917931629 37.59228963293563 37.602276119955164 37.54213410277542 37.423280979516555 37.25350353737702 37.08274619351855 37.026762468097765 37.09422345899232 37.23883723922934 37.44397421425011 37.665550241779485 37.8614770617112 38.03027190146478 38.149120955515194 37.9563176460205 37.715370991070515 37.44579950895858
40.18425341463557 40.391831970528635 40.39095237592078 40.15255066688731 39.643010180111325 38.872313234739906 37.865601659762106 36.684855546159795 35.37391210311529 33.98459755606416 32.562140019589584 31.140625599031544 29.746625502974673 28.417441298393836 27.402046930471535 27.984241952505386 29.211600477088638 30.468802425996245 31.680577192740607 32.81540833018627 33.85341115754549 34.78297176985733 35.60514524908323 36.26581403849956 36.758655095850436 37.11114201148903 37.34242020218523 37.471428748829936 37.51521975493216 37.48794775922815 37.40034131843674 37.259475932421175 37.1079083182466 37.065264543788786 37.14527370859597 37.330135914540136 37.55900370584313 37.76824857271101 37.94363049762558 38.074604843313544 38.114182852687485 37.986249871184654 37.76602195935534 37.50217092957405
39.6654272713699 39.78611545019978 39.693460542263075 39.36650682129817 38.80111286247093 38.029812989904926 37.050229340497076 35.919810437730334 34.68569222212543 33.38226608813534 32.043549050364426 30.698422476936294 29.371747460282766 28.100209830839752 27.130437038012033 27.762326370117307 29.0337477350839 30.327999238518 31.569138550010432 32.72501274260474 33.77811818367438 34.719067708912384 35.54418845013194 36.19462264637097 36.68307809089823 37.037485865369256 37.27629840103789 37.4175032365674 37.47696576902363 37.46758678285444 37.39882785093564 37.2764644406213 37.14172467661788 37.112984486386594 37.20235141928544 37.40822242765862 37.63463265324995 37.82444370535147 37.96721996821082 38.04960715015317 38.046797037577576 37.94027354188638 37.74804806074492 37.49885980842752
39.141912457554554 39.19706967389683 39.04066040124021 38.65932908182027 38.08556475971367 37.34105843278052 36.42528989239583 35.36052837885674 34.21601508602011 33.02605089523223 31.822983172967795 30.644331198371944 29.545973465941334 28.642795757683555 28.21447796151008 28.590166680826258 29.54649438552181 30.702897307890204 31.879488267809 32.99734825153727 34.02017693697544 34.93378738360567 35.71527629879752 36.31557805335439 36.75845231442005 37.07891241701742 37.29717377896719 37.42931621572353 37.486790128496196 37.48072223908145 37.41880418560859 37.305038367871326 37.18556175773001 37.17549702415347 37.28622523762865 37.49483984755661 37.71661133837582 37.889698306072425 38.00510670588095 38.05414224384503 38.026704458214645 37.9174551640262 37.73294800532277 37.48802492682741
38.634395348483395 38.646740319459425 38.45350894946949 38.053180411393356 37.499125805851065 36.8013568300609 35.96513132737129 35.005872321463535 33.964335068276924 32.90700192936952 31.87209247953881 30.91052203206455 30.089383636318583 29.51851842461184 29.35473735693652 29.703008385840874 30.478555445889143 31.487149338085217 32.566057483205654 33.61194842653173 34.56973265772735 35.41944483682234 36.108008628505836 36.62239329081409 36.98755703446412 37.242926700009974 37.4092202114515 37.503566337551256 37.54012196840215 37.52419934377757 37.45833140927792 37.34764676093911 37.26002169406612 37.28995789196637 37.42637513642465 37.61551705389233 37.82598333407351 37.98564823946243 38.07985852227353 38.104465772059214 38.05656087000016 37.93567558374058 37.74602692290279 37.496817690647255
38.173531360737414 38.16725951683929 37.96180380726965 37.57204637567849 37.05520037875636 36.417667147097525 35.66945414992212 34.82819463162589 33.91992730972307 33.00244478159211 32.14900275035315 31.40631574785855 30.833923119897193 30.512796432663386 30.526979383309143 30.915641502066837 31.630459012871263 32.5550767346047 33.55787808729396 34.5284951859938 35.399983028565856 36.13618222772583 36.69136503026423 37.086205191852336 37.34643399418508 37.51281552788433 37.607490242328446 37.6451591508755 37.63740552650584 37.59287991546016 37.5252886934943 37.43213932782086 37.39062489278132 37.46066101294579 37.594179186390576 37.7696763912258 37.96781586525748 38.119422638119765 38.197647500077395 38.201765778440006 38.1334213693942 37.995360635294986 37.79205943288603 37.53082315001422
37.776423628987274 37.76906544333012 37.57063639868725 37.21196513226345 36.74453396927255 36.1764256338158 35.522019933272354 34.801314832922856 34.04945702298983 33.30279356002946 32.61394143636939 32.05694011955396 31.686282441157537 31.558063114506403 31.715356948849667 32.17401614743648 32.90005220012911 33.81037809299958 34.787174361575026 35.70285737225218 36.470928380386155 37.03389539694895 37.41848045658118 37.665080726650466 37.80126138037227 37.86163047916111 37.87097819248251 37.84048445928459 37.77940552384773 37.71040709175233 37.63913868915215 37.564313788376296 37.5685118055356 37.64629409022376 37.779760654404534 37.95174709355762 38.143703646846774 38.2935982223987 38.35936721516079 38.3434489209786 38.252437380988106 38.09262941404856 37.869730038532445 37.59058844802791
37.44180401380989 37.4478991335056 37.272590610803185 36.95907540859068 36.549028479957386 36.05507810538462 35.49617528845302 34.9031875826845 34.30406333431449 33.72974348193983 33.21913410547493 32.82111219514587 32.60648015796918 32.62192489977974 32.89858419554318 33.4378166781623 34.214946769387375 35.169549914953194 36.18962309199329 37.09450005866166 37.706001433290226 38.041830902082935 38.22268898235765 38.30399720577109 38.30951278896658 38.257945892382 38.17602840487311 38.07267178981565 37.97287564606289 37.88390230240554 37.80113416530163 37.730501532134944 37.74361602197331 37.829115986281444 37.97216768048729 38.153135222894996 38.35134212281243 38.50777265263761 38.56277588100835 38.52358899742781 38.40586566069027 38.220478701255864 37.97414706766345 37.67334281735586
37.164615781120304 37.19449364551995 37.05405918274047 36.79390380318435 36.446498073626444 36.024732116540626 35.56040575704503 35.083011164516556 34.617316781293184 34.193274172572735 33.84589931767442 33.614226272967244 33.53892904289074 33.66549405518198 34.032636057994715 34.64810668330095 35.492189055541026 36.523196479088696 37.66525685082796 38.64741118449056 38.99640957722828 39.04444128405406 39.014893912746395 38.93907226575865 38.82302381722973 38.66997429908265 38.49957382827809 38.34188064527589 38.20963411863378 38.09571888940564 37.97125565570565 37.88390031765103 37.89700630118237 37.99637955786083 38.156740558764135 38.35886455249985 38.58173264482175 38.759197891973486 38.801652532583624 38.730148073907316 38.581399880391906 38.36895402876989 38.09819294973924 37.77445514542455
36.93889632005894 36.99841668394572 36.89737252374625 36.68381286907428 36.39016368987635 36.03892320630776 35.666416993944075 35.294860247585504 34.948620220728884 34.655610767685566 34.446983895860306 34.35589960398637 34.415301026323704 34.65468190237893 35.096196703873495 35.75330417771389 36.629519246207614 37.696441027351774 38.90026868929277 40.076764464722515 40.03411519267245 39.87237694972716 39.70065141787823 39.51170208980746 39.30188604194056 39.07001259061349 38.83473271941259 38.633684007699294 38.45106498902909 38.2734119139676 38.09803719639898 38.01061538266164 38.025648044932325 38.135219260318124 38.31617136956745 38.54414583865608 38.8046537217161 39.03935367949057 39.05309586687949 38.9377277223013 38.76139736941807 38.52637832748922 38.2341430130208 37.88889330578958
36.76076399469324 36.8510152253088 36.777911065818635 36.59784959372865 36.35613848883856 36.08098520674156 35.794835536580294 35.519133646833986 35.277734187663555 35.09667109463618 35.00362419740714 35.02664914057856 35.19215537067448 35.52225010256239 36.03170045261073 36.72480243460695 37.5918623118833 38.5858412045853 39.57692460074624 40.32019821638332 40.53208770121801 40.431370502715055 40.23140215121442 39.98934332385048 39.71781090995476 39.42349174420672 39.135999526573976 38.86698140916543 38.617592231474 38.37560992954288 38.184202716626096 38.102059142837724 38.12299263702818 38.23911750944098 38.43586883227384 38.68199126065339 38.95790717290789 39.19513659007097 39.22171367534592 39.110464889417464 38.929083173673014 38.68215493641186 38.36075897518044 37.972506647850075
36.62317582882081 36.73356161947579 36.68895935576496 36.540948506938356 36.35149359895842 36.14445839450385 35.93509631820393 35.743168963538814 35.591285045357886 35.50360770499961 35.50478342623743 35.6185089376216 35.865577756136865 36.261457431634916 36.813468346625825 37.51715476478249 38.32617696930571 39.171872486500725 39.95721303309261 40.525224667623796 40.772341394606244 40.75442045116695 40.5795100641224 40.31212596168076 39.992159515746344 39.65382054499152 39.323939304737124 39.000245033186445 38.68955982268281 38.40593215151197 38.225320473551186 38.15337724562597 38.18388154781224 38.308352721489506 38.512697692101874 38.76955808761935 39.042160462170166 39.251344821160096 39.31406580711205 39.24339864325274 39.05206085721272 38.75816404073469 38.37861687983028 37.93056376874227
