_RESULTS/CROSS_VALIDATION_POSTPROCESSED/MHZ/IZ/2comp/1/MHZ_IZ_z_355_kriged_reverse_2comp_spherical_1.asc
ncols 100
nrows 81
xllcorner 5.5967107548124995
yllcorner 50.982328804812504
cellsize 0.00017565037499993607
nodata_value 1.7014100000000001E+038
[rows 60 to 79 of 81, columns 44 to 87 of 100]
5.028276247805867 5.016456160388767 5.025175435686387 5.051889620024149 5.0946047520243924 5.155374811379687 5.237190376369223 5.338441312750279 5.457168519335457 5.582771323218325 5.708224749778162 5.82903726961691 5.9397800454693535 6.034075884833933 6.1018869307859225 6.1379873008059125 6.140231522806858 6.1083984208284345 6.042738023876261 5.946185763309086 5.824902139435153 5.678819415925005 5.51471667600688 5.344343292047665 5.185415740397949 5.056174432778874 4.969595084539588 4.923303237230922 4.910206084476636 4.925520085216705 4.9640094023541765 5.010247057284203 5.060683609651734 5.113973633983769 5.168865413612425 5.224090812649719 5.278319285764178 5.33014484487106 5.375608335910868 5.411017745854566 5.436001105121425 5.449652774226132 5.452047282761841 5.452047282761841
4.9437152923731595 4.925686728551008 4.932245114998655 4.9642133565925475 5.017747342605793 5.087858418101063 5.1768978503668555 5.282863694044435 5.403548624255359 5.530154432571752 5.653944495436356 5.771139757067715 5.876932122524483 5.962775806493396 6.023297638915569 6.054874625826375 6.055523939774821 6.02450018615414 5.9617579018663776 5.869275614964468 5.75548125208083 5.624841606777388 5.482943308107853 5.339806060004888 5.207023473139349 5.09806867076221 5.022799118644055 4.980892034847571 4.969592095658682 4.986117365557518 5.020111919357313 5.060304783147069 5.104786876510094 5.152003653109904 5.200558850478657 5.249102582626253 5.29639675729839 5.343336443387106 5.385109578521951 5.417608405168652 5.4398617199666415 5.450939510042771 5.452047282761841 5.452047282761841
4.867755945934243 4.840292680918043 4.843234478326415 4.878314607183861 4.939188498423763 5.018190098077685 5.113648037364065 5.223163593635446 5.344484954516555 5.471895342654812 5.594845413445891 5.70866622694285 5.806811663345488 5.884968331102846 5.939328934590159 5.967042546066051 5.966389152893141 5.9364261801503355 5.8771579080335 5.790087060586278 5.683866867170762 5.565944628360541 5.442971118520428 5.321770387299652 5.211253319554861 5.123377695073982 5.061940722978748 5.028289798028376 5.0219587105110355 5.039867499837395 5.068112316494046 5.102365200710229 5.140744486595046 5.181638315456897 5.224344020277863 5.268552978336628 5.313764819476284 5.358601635278886 5.396456982894398 5.4252848462912535 5.444076938685825 5.451878939812613 5.452047282761841 5.452047282761841
4.805120439381111 4.762561811422241 4.759714574445824 4.802135767295193 4.872562950819252 4.957921927839768 5.054708582338672 5.164470367242472 5.2848532916971935 5.411516858469832 5.531272082133125 5.638437984294567 5.729520581496865 5.801119973819899 5.850301725994787 5.874853486173804 5.873117529807019 5.844296519639129 5.788936454543369 5.70958083120482 5.6150928189450635 5.5120615015203756 5.405252872999294 5.300934211709779 5.210327721944656 5.139163581177743 5.090692780039223 5.0665446779461565 5.067100649981516 5.083204115714319 5.106981766827285 5.136724640973912 5.17102163225631 5.208753380996249 5.249042677233143 5.291197334685893 5.334659465215714 5.375585403198389 5.408848153432982 5.433338043297404 5.4480158151728455 5.452047282761841 5.452047282761841 5.452047282761841
4.766386773156671 4.7000247357341935 4.684548657417723 4.7468672088207935 4.828627910764729 4.918560171502556 5.01463036184865 5.119613418258806 5.232129022188314 5.34924382239545 5.461948382744181 5.562082212578419 5.646480369722677 5.712414452546135 5.757580804527304 5.7801416080269865 5.779029834811665 5.75403176382316 5.705816333997076 5.6360536541788795 5.55287630270904 5.4627555270076735 5.370423658546436 5.285361710677478 5.213084701314889 5.1575882433857645 5.121866093739035 5.107874878398368 5.112385694981318 5.1257701280378 5.146400641141693 5.172950411887542 5.204221948330847 5.239192814145655 5.277013297586781 5.316982060867098 5.357743109422621 5.393254572872185 5.421365847154504 5.440949054704934 5.450943902998793 5.452047282761841 5.452047282761841 5.452047282761841
4.766902435538992 4.69500962967861 4.672138695360268 4.738143896857946 4.818381320457698 4.904824529513387 4.995545829891908 5.090051002789992 5.190605381459481 5.295040638085739 5.398789257676247 5.491300815231806 5.569221166767421 5.630218849375684 5.672274402199715 5.693883013395239 5.694178468404896 5.673010453489663 5.630977565211428 5.569530657132427 5.4963553800270235 5.418676588082479 5.344135127170755 5.277176744330828 5.221730512223417 5.181235850981336 5.1584751686036086 5.153281615061936 5.157264904916551 5.168839432627303 5.187088753898476 5.2110080816592905 5.239618338725011 5.272027541684745 5.307452951359709 5.3451950011700475 5.380822197922348 5.4104982123040015 5.433010041739561 5.447215573263709 5.452047282761841 5.452047282761841 5.452047282761841 5.452047282761841
4.801115226820604 4.75497615313219 4.741835298503281 4.776188018228682 4.8374214312357235 4.910957110590255 4.991049888660299 5.074626794249613 5.16154606771152 5.252341596826419 5.344367339576034 5.42971254382279 5.501541967627702 5.5578288041016215 5.596868676582073 5.617400687727253 5.618703594582002 5.60065834441659 5.5637734870440845 5.509387627682971 5.447689918150937 5.386215241888542 5.328492232126599 5.2780625927092 5.238299487419322 5.212245006506554 5.200830744890205 5.197504205498728 5.20125309929477 5.211690264667643 5.228188648499424 5.249997485098443 5.276333452623604 5.3064404317762675 5.339621012109772 5.373309544743929 5.402618076789258 5.426160786177032 5.442727023029851 5.451177169862849 5.452047282761841 5.452047282761841 5.452047282761841 5.452047282761841
4.852220073337786 4.820231007921112 4.81273224231449 4.83209826846416 4.874596593778721 4.932520720267405 4.999508343944452 5.071553594697945 5.145808866161423 5.222495725586831 5.300926604577214 5.377474501164915 5.4432998939200266 5.49494438929381 5.530924127833944 5.55014833128142 5.551989875294792 5.536331026171144 5.50486335163165 5.461103798513803 5.413580302393506 5.367132600664331 5.324809025252705 5.289678467569892 5.264702287346672 5.250491005558966 5.242290194909378 5.240108805077033 5.244021053340586 5.253814068975373 5.269063315657638 5.289212420454136 5.313642594534539 5.341724169957351 5.3717559994511 5.399009045395019 5.421864188748543 5.43906915549919 5.449434614794747 5.452047282761841 5.452047282761841 5.452047282761841 5.452047282761841 5.452047282761841
4.9097769050845095 4.885849470026649 4.88008992072391 4.893465973246959 4.922666321869729 4.9651589639297455 5.018841220533889 5.078903375219158 5.1421966712536555 5.206145910327306 5.270709143571925 5.334730907421519 5.394058000692798 5.44105258200117 5.473852763827832 5.491738136989027 5.495287484780648 5.485147240320284 5.462402163623399 5.429610844398995 5.395117435695449 5.362509499576318 5.334456054188575 5.313649597518343 5.2987484579199915 5.2879455060281915 5.281889263300608 5.280968892086614 5.285314271973469 5.294825132958105 5.309219075943702 5.328086498858666 5.350942234246512 5.376374931112249 5.400242801480417 5.420973178706038 5.437312751299412 5.448054024448509 5.452043496598178 5.452047282761841 5.452047282761841 5.452047282761841 5.452047282761841 5.452047282761841
4.969395474657403 4.950568269249438 4.945872074048838 4.955819416668607 4.978712236745888 5.011572279370076 5.0513582858088695 5.097817659878564 5.1490971869892075 5.2023262549074065 5.254964233010036 5.306080445015432 5.355350799333176 5.3988040929059355 5.430651869110661 5.4502670078299005 5.457676737902276 5.453352767445218 5.4381872298541145 5.415644467584122 5.393245621735552 5.373525525594982 5.3573254408349005 5.343081241136851 5.331573692770671 5.323540629186715 5.319544728556603 5.319948627200639 5.324911835399347 5.334407551036595 5.348253710099971 5.366150942700795 5.386530498746418 5.406124897480559 5.423659843821583 5.4379298829582785 5.447749509491139 5.451966919720758 5.452047282761841 5.452047282761841 5.452047282761841 5.452047282761841 5.452047282761841 5.452047282761841
5.029023840197352 5.013756111625906 5.0098280161796005 5.017557636470464 5.035966446583502 5.063168207483869 5.096941377577896 5.13515051310607 5.175930027059649 5.218168002360124 5.261114085288441 5.30271301355394 5.3415696291353925 5.377914919194922 5.4089376969702565 5.429885682445447 5.440510253800602 5.441172625709802 5.432601812988423 5.4200197238059955 5.4070455782779945 5.3940006070178335 5.381718558523811 5.371007556580811 5.362608140051985 5.357153487259288 5.355137749103263 5.35689707841513 5.36260541311633 5.372284156145358 5.385751634778467 5.400805489539836 5.415713486419698 5.429400538978236 5.440757213659591 5.448662946617746 5.452004981659121 5.452047282761841 5.452047282761841 5.452047282761841 5.452047282761841 5.452047282761841 5.452047282761841 5.452047282761841
5.087428593121867 5.074832947302502 5.0715168481072 5.077700443816259 5.092769050772326 5.115456377514074 5.14414616708225 5.177143742480734 5.212843688041105 5.249769320195555 5.286420353964924 5.321609939097825 5.354316838170173 5.383618123673879 5.409002025723896 5.430010785107112 5.442525232375616 5.44576250449852 5.440290910851888 5.431944031702627 5.422734937392782 5.413391148685089 5.404641392928257 5.397185971605083 5.391665365596186 5.388630867981327 5.388521070151235 5.39164717365744 5.398185096999825 5.407128372025919 5.417139329633366 5.427405834617217 5.437020572976055 5.445008843132911 5.45035372289928 5.452047282761841 5.452047282761841 5.452047282761841 5.452047282761841 5.452047282761841 5.452047282761841 5.452047282761841 5.452047282761841 5.452047282761841
5.143745344394839 5.133268127288638 5.130468895641671 5.135511857258396 5.147984459103069 5.166992216715324 5.1913272719226775 5.219641327877661 5.2505758121881705 5.282728426108769 5.314729482285433 5.345469103515925 5.373935682971184 5.399201270001878 5.4204086849177235 5.43676073793497 5.447512120123239 5.4507903494426175 5.44759072854648 5.442801773802384 5.437141644052882 5.4312594603698745 5.425798433559346 5.421372702937243 5.4185433868195085 5.417796415352076 5.41929782458973 5.422574961277936 5.42729859784768 5.432999611085735 5.439070549486347 5.444787921106018 5.4493359628351365 5.451830253527469 5.452047282761841 5.452047282761841 5.452047282761841 5.452047282761841 5.452047282761841 5.452047282761841 5.452047282761841 5.452047282761841 5.452047282761841 5.452047282761841
5.197260496306759 5.1885332643185835 5.186186332262572 5.190348670684972 5.200728405104766 5.216665697359237 5.237232166836224 5.261342599638982 5.287829916490788 5.315359849478849 5.342775506545468 5.369028631769493 5.393139925766895 5.414196017075654 5.431343768368277 5.44378431867362 5.450768050805397 5.452047282761841 5.452047282761841 5.451241659693422 5.449199848854352 5.446605890841453 5.444045126401265 5.4419843972927175 5.440755820943217 5.440544526842848 5.441381546484689 5.443142601816312 5.445552923075479 5.4481975823502635 5.450536302356576 5.451921395854582 5.452047282761841 5.452047282761841 5.452047282761841 5.452047282761841 5.452047282761841 5.452047282761841 5.452047282761841 5.452047282761841 5.452047282761841 5.452047282761841 5.452047282761841 5.452047282761841
5.2473254926477875 5.240090182988512 5.238148172389716 5.241604490262901 5.250243511326245 5.263560274181455 5.280822003518612 5.301141975194207 5.323428755920914 5.346551483345709 5.369499790253617 5.391296675632941 5.411009497806882 5.427753868844314 5.440693680958207 5.449039468734393 5.4520464532948125 5.452047282761841 5.452047282761841 5.452047282761841 5.452047282761841 5.452047282761841 5.451936074163067 5.451607077868809 5.451334719687615 5.451283076193345 5.4514796221695665 5.4518142756706 5.452043202269821 5.452047282761841 5.452047282761841 5.452047282761841 5.452047282761841 5.452047282761841 5.452047282761841 5.452047282761841 5.452047282761841 5.452047282761841 5.452047282761841 5.452047282761841 5.452047282761841 5.452047282761841 5.452047282761841 5.452047282761841
5.293321254022362 5.287389568228875 5.2858157790281 5.288687680866451 5.2958400938887165 5.3068743554711935 5.321198029572664 5.338021642036297 5.356355281125178 5.375291203116714 5.393917091202962 5.411330447972445 5.426653011425517 5.439038915883825 5.447678810769429 5.451801683942467 5.452047282761841 5.452047282761841 5.452047282761841 5.452047282761841 5.452047282761841 5.452047282761841 5.452047282761841 5.452047282761841 5.452047282761841 5.452047282761841 5.452047282761841 5.452047282761841 5.452047282761841 5.452047282761841 5.452047282761841 5.452047282761841 5.452047282761841 5.452047282761841 5.452047282761841 5.452047282761841 5.452047282761841 5.452047282761841 5.452047282761841 5.452047282761841 5.452047282761841 5.452047282761841 5.452047282761841 5.452047282761841
5.3346433623961085 5.329873230606468 5.328638155526452 5.331012967032269 5.336867174895852 5.345877619014464 5.357529201736484 5.371052814807447 5.385691715432454 5.400651892191444 5.415110702510043 5.428238643116666 5.4392148596795 5.447237598364896 5.451530985367892 5.452047282761841 5.452047282761841 5.452047282761841 5.452047282761841 5.452047282761841 5.452047282761841 5.452047282761841 5.452047282761841 5.452047282761841 5.452047282761841 5.452047282761841 5.452047282761841 5.452047282761841 5.452047282761841 5.452047282761841 5.452047282761841 5.452047282761841 5.452047282761841 5.452047282761841 5.452047282761841 5.452047282761841 5.452047282761841 5.452047282761841 5.452047282761841 5.452047282761841 5.452047282761841 5.452047282761841 5.452047282761841 5.452047282761841
5.3706965783998655 5.366977732063389 5.366057018539856 5.367999182498609 5.372698404073733 5.3798681182056125 5.388968465377971 5.39942558470254 5.410596771622153 5.421777555913445 5.43222560877983 5.441180398427446 5.447878469449954 5.451564849628389 5.452047282761841 5.452047282761841 5.452047282761841 5.452047282761841 5.452047282761841 5.452047282761841 5.452047282761841 5.452047282761841 5.452047282761841 5.452047282761841 5.452047282761841 5.452047282761841 5.452047282761841 5.452047282761841 5.452047282761841 5.452047282761841 5.452047282761841 5.452047282761841 5.452047282761841 5.452047282761841 5.452047282761841 5.452047282761841 5.452047282761841 5.452047282761841 5.452047282761841 5.452047282761841 5.452047282761841 5.452047282761841 5.452047282761841 5.452047282761841
5.400893937265985 5.398138630446452 5.397511788988184 5.399070104128897 5.402700613272011 5.408069523960834 5.414792250079416 5.42238765229615 5.430290341939944 5.437872118548438 5.444461880109665 5.449362956948075 5.451867486975097 5.452047282761841 5.452047282761841 5.452047282761841 5.452047282761841 5.452047282761841 5.452047282761841 5.452047282761841 5.452047282761841 5.452047282761841 5.452047282761841 5.452047282761841 5.452047282761841 5.452047282761841 5.452047282761841 5.452047282761841 5.452047282761841 5.452047282761841 5.452047282761841 5.452047282761841 5.452047282761841 5.452047282761841 5.452047282761841 5.452047282761841 5.452047282761841 5.452047282761841 5.452047282761841 5.452047282761841 5.452047282761841 5.452047282761841 5.452047282761841 5.452047282761841
5.424658307050055 5.422795099136199 5.422444624597036 5.423605692732012 5.4261359848325705 5.4298178737893625 5.434324380739762 5.4392332070798455 5.444043141497445 5.448191222640106 5.451069328922497 5.452047282761841 5.452047282761841 5.452047282761841 5.452047282761841 5.452047282761841 5.452047282761841 5.452047282761841 5.452047282761841 5.452047282761841 5.452047282761841 5.452047282761841 5.452047282761841 5.452047282761841 5.452047282761841 5.452047282761841 5.452047282761841 5.452047282761841 5.452047282761841 5.452047282761841 5.452047282761841 5.452047282761841 5.452047282761841 5.452047282761841 5.452047282761841 5.452047282761841 5.452047282761841 5.452047282761841 5.452047282761841 5.452047282761841 5.452047282761841 5.452047282761841 5.452047282761841 5.452047282761841
