_RESULTS/CROSS_VALIDATION_POSTPROCESSED_80-20/MHZ/TZ/8comp/3/MHZ_TZ_z_500_kriged_reverse_8comp_spherical_3.asc
ncols 100
nrows 81
xllcorner 5.5967107548124995
yllcorner 50.982328804812504
cellsize 0.00017565037499993607
nodata_value 1.7014100000000001E+038
[rows 19 to 37 of 81, columns 43 to 85 of 100]
0.7627587876706617 0.5035634623445632 0.3300638254093254 0.216411764690519 0.14267846682109692 0.09513070056350523 0.06488483414049964 0.05189935012296918 0.07267757125420499 0.11168902086976884 0.1734976957819023 0.2690876377460607 0.4129946691555716 0.6187095587838011 0.8932752027085563 1.2389092282576664 1.6442870323076713 2.067038380703415 2.4113110060759775 2.605569689035399 2.678923552686589 2.668607167450408 2.5957859296712757 2.4759862726811073 2.3409621773716984 2.226287885419605 2.171581571304411 2.174640934690368 2.2340553821443896 2.3294486660900118 2.4398209686544736 2.568622530623331 2.718873822489866 2.8928170955764383 3.0925504306588567 3.3182876211841497 3.543685483490128 3.744495607968082 3.8894669751241904 3.912673737182573 3.7244970220737192 3.3448244729223786 2.9100659005789273
0.7869947026336109 0.5234003956023723 0.34530236384153745 0.2280742382359906 0.1517686916070584 0.10257918243215776 0.07192615918973655 0.06077522095176258 0.08087029071591097 0.12228677658610086 0.18821315185287735 0.2894472925671776 0.4380823903476747 0.644551960897488 0.9125937986225223 1.2369985601194495 1.5988166155942614 1.9573772179274993 2.25432028258862 2.44702704575279 2.5340415185550915 2.5353596436081065 2.47145347352023 2.3583755018460706 2.2270654615393974 2.1185374556045224 2.070534305825652 2.0785251641928495 2.1400233176926196 2.2354731444473295 2.3465009126984886 2.470345679866724 2.6073506263019954 2.7616609158718513 2.9331254266316087 3.117191799331595 3.2824955098554 3.4032944044566817 3.4494037038693794 3.381715361620731 3.1744468818921643 2.859202687223343 2.510616476440542
0.8468102877823002 0.572900178186169 0.38542721228566784 0.26142850769856935 0.18088008636205277 0.13023054745939372 0.10201736790633714 0.09545611108224758 0.11308205523360151 0.15543184739159263 0.22656180068775467 0.3346845287244168 0.4881179065982427 0.6944998614849331 0.95398412394149 1.254295268913639 1.573930810079666 1.8792492590957202 2.1314354201541454 2.302151853929185 2.3843783156453666 2.387784466798284 2.328127206230139 2.2198689232087414 2.0893457877637682 1.9894478903264088 1.9480099894767375 1.9601787777391326 2.0213003336222584 2.113214265814115 2.2237251168746055 2.3454070530958964 2.475871730599243 2.612331774726437 2.7568388112311157 2.900828065333228 3.0124809495856013 3.0700769401941495 3.051070919777846 2.935677870247995 2.7215530097194285 2.443684691637668 2.1475570458682305
0.9450450878986603 0.6551283271104897 0.45352702448991516 0.31948174820384145 0.2326380880626846 0.1793086201777024 0.15178457998102618 0.1474255773753276 0.16706041859838985 0.21361244876825372 0.29151726639647346 0.40773681267953765 0.5671326975077498 0.7731313720226812 1.0222050298236982 1.296541897818266 1.574837016860823 1.8307359634226754 2.0376887846314844 2.176523753445576 2.2406214827332316 2.2351071952261616 2.172050771002964 2.063591372735441 1.930624362934325 1.838325398287094 1.8031972009236268 1.8193306946301742 1.8795041546646876 1.9668784914173614 2.076095423085293 2.194984046340167 2.3205540006596648 2.4486054619400326 2.5735998479913356 2.6865645152924955 2.7593297320336663 2.7742852472461053 2.716387898639645 2.577526867678099 2.3682670418571377 2.1123094722422504 1.8442988244263894
1.0837838374611266 0.7725538016695752 0.5531039187754795 0.40594535333458953 0.3106271593764274 0.2528322871574335 0.22443868548237986 0.2221999136885578 0.24650083404470438 0.2996863088812748 0.3868053238988472 0.5130053557974925 0.6795282453630835 0.8846424673516741 1.1202303212884048 1.3650393305193842 1.6000353245854009 1.8062388531296905 1.9660705300139636 2.0668954934720225 2.1038425347101173 2.078719640446634 2.000790925616466 1.8853318762057913 1.753775613772386 1.671691378177245 1.6445807284548628 1.6652203154595535 1.7249869036843588 1.8090845827095372 1.915890925471038 2.0321875728989722 2.1533609031218632 2.2753120845765142 2.3917009256390376 2.481312400596213 2.5294842710152468 2.522897332191668 2.4489270379714734 2.307354840160628 2.1076110900200713 1.867057402479085 1.612646734927218
1.2654344770138062 0.9269540607064882 0.6866469542560589 0.5236376238321261 0.41770894550560617 0.3541983225041954 0.32458434822838933 0.3253086566473206 0.35543058310914455 0.41715838257124105 0.5161613440056125 0.6543504461640729 0.8296541444369936 1.0327546279944337 1.2493471940641134 1.4576013801996397 1.644131358294602 1.7977859349925531 1.9079428183127343 1.9665078020099667 1.9678116856480348 1.9147044272874054 1.8171980374644916 1.6919591322170529 1.5696950462159989 1.5009832901115197 1.483135761076286 1.5081382639146002 1.5679400833221138 1.6498326755236055 1.7539463357417844 1.8682496268497903 1.9863121571693638 2.1043001911248367 2.2145646186682093 2.2933051474790456 2.3281379780382077 2.3136616833403045 2.242567177663239 2.11474686322635 1.929560676489372 1.7023077827570607 1.4598210795255417
1.4793280126359993 1.1148356008166953 0.8532407197272222 0.6724981294384247 0.5556201707533774 0.48626365646037145 0.4558110307003647 0.4599818581319168 0.49597826966349495 0.5678138152812616 0.6797255775177765 0.8325603622424521 1.0205772161184643 1.2208161058156208 1.4077187788448813 1.567063701196984 1.6973033014599896 1.7945639726993785 1.8524445429705032 1.8636744852614395 1.827535675291876 1.747681026624855 1.6313499562360667 1.4926360770102867 1.38837523296849 1.3385209113839183 1.3292631441019391 1.3572186520711862 1.4168853564896637 1.4971530381863922 1.5987669967063225 1.7116107500564692 1.8279010977869068 1.9441446746721462 2.0483326060313494 2.122614994150069 2.155923749330144 2.144542441435231 2.08922825354829 1.9811459618902114 1.8171711464660865 1.6097982665562591 1.3883224126990716
1.7058551848612737 1.3265585164694726 1.0490182945186322 0.8525651722919799 0.7238951387267115 0.6494630998617402 0.6189460118229922 0.6252340498190958 0.6668367410251291 0.7477960635881625 0.8703071737065937 1.0385187561856755 1.248496238529381 1.4506731952739944 1.5831182231800442 1.6764647529985097 1.743816597105034 1.7823832846174197 1.7852688346206451 1.751084713480448 1.6818339731637595 1.5816856328407074 1.4562048765568587 1.3152111665518111 1.2311159419388882 1.1963709052299467 1.190687345428493 1.219080676328538 1.2779412106436046 1.3568656382432258 1.4564102558670124 1.5681167271222798 1.6836493095784513 1.7983199498253104 1.8967252420733363 1.9695004496262651 2.0083871005068152 2.0078115855697476 1.973276583465292 1.894705407928067 1.7570771026545533 1.5705283566671286 1.3760238324306564
1.9278867158724349 1.5504595767963 1.2660578248175902 1.0603293921364434 0.9207224941254489 0.8408950052847123 0.8097915595225729 0.816790589909658 0.8618903673168196 0.9452557650160999 1.0702399596727228 1.24226404771668 1.4664631074089456 1.6878659785889059 1.727530819567483 1.7553146436786848 1.7635830233504142 1.744896620775089 1.6976054001132694 1.6239802371082885 1.5281985806577045 1.4153997693650489 1.2913416356011076 1.1754175124907273 1.1050973546737466 1.0737818764152347 1.0699070385162903 1.097111920347138 1.1546797892162108 1.2326164901117167 1.3306988809558382 1.441454164514911 1.5568180141213637 1.6667625133877508 1.7609593078093992 1.8335065552026482 1.8768189841344394 1.890101092770449 1.878797461103009 1.8412989319359276 1.7364727666054796 1.558107000014047 1.3881753802608843
2.134435811580133 1.7745988881627695 1.4939258895485263 1.2859354046094333 1.1415763605134492 1.0556299030135434 1.021113167121208 1.027116119349259 1.0686048614363084 1.1451670167948422 1.2585888612712812 1.4084698804166924 1.5831413352155443 1.7267026991813852 1.7809482049374799 1.777798455291625 1.7403504073384566 1.6743597213583632 1.5855970587353465 1.480236460081061 1.3647457732741297 1.244891004170492 1.126539420581638 1.0363507556863845 0.9831835147622844 0.9614306019934805 0.9650497378015521 0.9923682303247818 1.0487390485754113 1.1263412885183475 1.2237054982701703 1.333705516377999 1.4461401651218064 1.5515172174685523 1.6445597695876037 1.7180569453897614 1.7652689714324117 1.7899744213115267 1.7922837592299956 1.775100691263597 1.6967006663563913 1.5456567816810294 1.4054591408741253
2.31930077918069 1.9881711566346332 1.7209528396401663 1.5180607125139758 1.3751156575085732 1.2867933693032296 1.2445605906602013 1.243458006616217 1.2738817515904481 1.3347481515893904 1.4241442330897311 1.5356107136441652 1.6519034899575444 1.741232320373234 1.774821073612305 1.74774740851554 1.6753178792035084 1.5726732367215477 1.4515395731095413 1.3220915840529253 1.1930615941977858 1.0706007155109751 0.9694127055363359 0.9026361775902982 0.8672518794867248 0.8581814056662121 0.871442123900386 0.9051265813434151 0.9611184960636168 1.0393921102136898 1.1368758647499948 1.2458767877237809 1.3553052560713468 1.4595185197945235 1.5523085075514893 1.624824397706976 1.674597694069993 1.7047340456204187 1.7102776709839687 1.688473330868463 1.6247961506975481 1.5245893015907386 1.4211333444931842
2.4773468183987375 2.1814419726263483 1.935337648198409 1.744286088174452 1.607834253461916 1.5211550945878425 1.4684885752492083 1.452415723243735 1.4670847239296778 1.5062055961815641 1.5652919241893493 1.635541024822371 1.7018788230279067 1.7452952768053531 1.7431316693861405 1.6846817305471464 1.5814309463464757 1.449420265777731 1.3033964221410141 1.1562648539630878 1.0187580198316895 0.9029769473461693 0.8253829305080588 0.7802904872479054 0.7626759518536584 0.7673694823997104 0.7910802021178042 0.8328526116993982 0.8936160677832354 0.9741263708766258 1.0739304555253304 1.1811558673762534 1.2891775299182675 1.3928499393005864 1.4835242783308586 1.5543432264892345 1.6052419535667661 1.6380799436144382 1.6461689393842807 1.6272530865398087 1.5797666920299633 1.5112366726271693 1.4384012503163088
2.6029570790701433 2.345545711922872 2.1259795235690793 1.952337361251027 1.825201090847786 1.7359173656026923 1.6747217257772076 1.6438818381213434 1.6405927804166769 1.6556970421293222 1.6833650936125477 1.7148142947513427 1.738228057890348 1.7402445535101303 1.6988491819788871 1.6072022977112992 1.4757980659431669 1.3195492946094642 1.153824433727674 0.9930509599450408 0.8526775410049494 0.7547276379509832 0.6986553332381621 0.6747731516509597 0.6745420834218147 0.6925456635044193 0.7261708453175709 0.7754251721812505 0.8427310068581918 0.9312393012630824 1.0322459653280889 1.138606884245189 1.2465871652530114 1.3499214390699792 1.4395013958119216 1.509589902561738 1.5613522741358872 1.595540350771122 1.6068272636977015 1.5940094841830608 1.5602098028405973 1.513164154839568 1.4627031303233289
2.6800161939201885 2.46197723402227 2.272251638711102 2.1166718342081063 1.9982138116713268 1.910098061714583 1.8449596964428827 1.8047993155473525 1.788243249043263 1.7807761446642252 1.7787940635096422 1.7757955812384891 1.7628291866667052 1.7270436203565769 1.6487430547917317 1.5269378798834004 1.371754266647369 1.196914178156814 1.0169823791950119 0.8483441024989589 0.7152724726464597 0.6289909771410863 0.5924346784568437 0.5900759139234397 0.6064196831594282 0.636366150951575 0.6785903836196054 0.7347339860021825 0.8076189090959242 0.8999385128117966 1.0074106189228726 1.11709978830673 1.2265106665203962 1.3301944946033009 1.4203965809645414 1.4913773890855102 1.5448653400955383 1.5812098652078457 1.5959165305397471 1.5879911670453957 1.564554359128623 1.5327263249714491 1.4980653389963996
2.688252168832815 2.5047128008073813 2.3405200326882327 2.2039179494440297 2.0990148809758433 2.018177708857565 1.9553810440592505 1.9130713287853596 1.890890352713883 1.873577928360933 1.850000086681579 1.8185182645774463 1.7757479355159467 1.705610394424505 1.595990628181464 1.4498303727329358 1.2770348734635637 1.0903020253198068 0.9068776604335086 0.7465692985220371 0.61500728505027 0.5267314104672003 0.5121886096151284 0.5321011985251294 0.5624473367093481 0.6015922924785719 0.6497002710401746 0.7099570057514575 0.7853942624637393 0.8797247892603484 0.9905414600080941 1.1081531184776294 1.2259037841394647 1.3343321213872172 1.4273119941804298 1.5010361828673853 1.5573070916640417 1.5965436993094753 1.6146989125393505 1.6108348787210125 1.594616617378929 1.5720283032761528 1.5479241028869015
2.6075528571299302 2.456609529796659 2.3202643972281214 2.206722080872634 2.1192114096995196 2.0495294889519595 1.9928832213247574 1.9522523942393277 1.9279045129390466 1.909730212710961 1.8808693027991268 1.8365171578600559 1.7715225779632273 1.674337242856052 1.5409501813014392 1.3776800269197462 1.194816512821991 1.0128332641508102 0.8451411078002682 0.6971148973531285 0.5710136449525125 0.47183532918840465 0.47986365674094555 0.5109823209852784 0.5462714809050087 0.5876279130658902 0.638212564861087 0.7001115295165138 0.7763784930348976 0.870227431442209 0.9803036316435174 1.105280622312413 1.2329709915036269 1.3527834248975699 1.4569972759447325 1.5392178445149862 1.6009483572457124 1.643880830555738 1.6650616563174243 1.6647770375836777 1.653686360927476 1.6358588357288035 1.6162867670355618
2.438997837793345 2.3206221044511253 2.2144466809076246 2.125928455280713 2.0572773027440965 2.001712244899013 1.9544309070710326 1.9192522289176266 1.8980322299847876 1.8835810209101422 1.8578198394298049 1.8133694703391778 1.7364956103198377 1.6230693699049108 1.476915239428315 1.3126103147693406 1.1436743394653444 0.9798330258261071 0.8292694411038539 0.6976867249210632 0.5911895500943779 0.5232367329520939 0.5086073651382659 0.5261122356025625 0.5560531558330606 0.5947684307218075 0.6446391939954838 0.7059404180869684 0.7802608515752542 0.8688124713462204 0.9755180500304076 1.1032699215456963 1.2410761823007241 1.3729533358961 1.4901735225963444 1.585574468964149 1.658783423425033 1.7116212179775343 1.7397917824652602 1.7454887099332623 1.7374900636857034 1.7201345824884 1.697907569693417
2.23289110385735 2.122657747763779 2.03555959514206 1.9690650115012007 1.9197543621586173 1.88366269335422 1.8548329756287383 1.8356400509228215 1.826192521479993 1.8208443090997537 1.803066172003599 1.7582706982609626 1.680017645014377 1.569959328800845 1.4316131301532447 1.2798916416007202 1.125443330370044 0.9779320942981131 0.844298771237168 0.7297631342198981 0.6403242352289473 0.5833566542825626 0.5615036693476412 0.5666652522466185 0.5884738649221884 0.6229676958470489 0.6689488390688348 0.7262115228136767 0.7933323845097321 0.8707657617150157 0.973125089866694 1.1041246135390776 1.2494986507201988 1.3936438703200729 1.5236482805371527 1.632107271193689 1.716320274418384 1.7786925817587778 1.8159916488506078 1.8301774966830922 1.827098967283269 1.8089879133673732 1.7801045650651632
2.037272678300135 1.9298945738320896 1.8467685188543077 1.789024331329728 1.7552440027269216 1.738993920028854 1.729931613668007 1.728673727424505 1.7352043850414838 1.7452523719709956 1.7393386137491342 1.7063413016197726 1.6430077737128395 1.548819207087508 1.425503081873952 1.2843205289153885 1.1416861638152582 1.0060134871091044 0.883911460102267 0.781187890858853 0.7028697186686502 0.6513522101212252 0.6264907155559316 0.6242554736777607 0.6393367595476162 0.6687905173516571 0.7100563075205698 0.7624083279280814 0.8191579833990766 0.8767168013809044 0.9779652112764822 1.1181479407225456 1.2667744624573634 1.4169768886717893 1.558121552339027 1.678557375336439 1.7730732528670186 1.8448751055789432 1.8915259989188995 1.913303908962337 1.9142961278377248 1.8962836132966236 1.8624485843391319
