_RESULTS/CROSS_VALIDATION_POSTPROCESSED_80-20/MHZ/TZ/8comp/3/MHZ_TZ_z_1000_kriged_reverse_8comp_spherical_3.asc
ncols 100
nrows 81
xllcorner 5.5967107548124995
yllcorner 50.982328804812504
cellsize 0.00017565037499993607
nodata_value 1.7014100000000001E+038
[rows 57 to 75 of 81, columns 0 to 42 of 100]
0.860016898682078 0.8691505514600073 0.8607057713236813 0.8360305511724158 0.802114266638866 0.7666061246205528 0.7318402032509729 0.6997296830129891 0.6716477253288009 0.6484500502564898 0.6305669150419216 0.6181056012912759 0.6109381037009625 0.608775257048368 0.6112444394195682 0.617988672474897 0.6287915310447751 0.6395561773553787 0.6416592969376687 0.6345062372023316 0.6192656923544464 0.5976230509966962 0.5704122573807783 0.5369898511419083 0.5000506030460723 0.46210030271679253 0.42509193168451403 0.39042959548135453 0.3590479180606594 0.3315223603228397 0.30798900084152714 0.2855513787730201 0.2620847329553358 0.23909517937210578 0.2176681969032332 0.19706590706841326 0.17790057303182527 0.16078741552457929 0.14651988442994301 0.13822876638099257 0.13579723723912496 0.1388853311306663 0.1476613466714289
0.7370775404457882 0.7457546994491221 0.7422537073149015 0.7270381436735761 0.7025232507925687 0.6760155136423015 0.6503083607085601 0.6266460896162259 0.6060130733239686 0.5891006389579685 0.5763274233429954 0.5678801352457176 0.5637575819941305 0.5638217371498018 0.5678788948660862 0.575809162098618 0.5870660494042842 0.593865374228092 0.5935762940615 0.5865559451912379 0.5734200155849868 0.5552010249151154 0.5305621540524205 0.500241685574398 0.46670158497464903 0.4320989722081726 0.39816486765872106 0.3661857855430882 0.3370523337243976 0.3113420908686218 0.2893959849154573 0.2689571767608672 0.24747133595915322 0.22633079679118615 0.20574111736517314 0.18588475940887536 0.1676889793486659 0.15169238089040804 0.1381289527347012 0.12921301665501309 0.12589819830917892 0.1276821812971723 0.13455172340751434
0.6385895009260064 0.645922315929438 0.6450768091917214 0.6362405489183053 0.6202362106394446 0.5999997041443127 0.5806272290201718 0.5631056173930271 0.5481086425355546 0.5361637296219435 0.52764160073627 0.5227616317463138 0.5215998588077044 0.5241048940503036 0.5301655923367358 0.5397898602153588 0.5490421928058152 0.5530636382499835 0.5516359124527855 0.5449254296229342 0.5334615026439355 0.5173989841274066 0.49473770079829826 0.46709166466457325 0.43654124834489655 0.40493984691594276 0.37380805492479097 0.3443063261319173 0.31726400924799314 0.29324167051155287 0.27221372700552704 0.25225816964655184 0.23274943715457982 0.21293315255138284 0.19286431582107144 0.17376612055752974 0.15655042154145318 0.14169664522927816 0.129318987535783 0.11999498677038017 0.11572965905770863 0.11610447246701519 0.12093188433741368
0.5603250696708748 0.5665684440099963 0.5671404973575297 0.5620913198065934 0.5519860165276405 0.5377946160796714 0.5226627166413713 0.5094963519535858 0.4986816358519293 0.49057974862280407 0.48551145111156757 0.48371987964358953 0.4853824072542625 0.49056689579990126 0.49922519354790257 0.509499639168876 0.5158823969358323 0.5178696259570184 0.5155263644981006 0.5090904590379113 0.49900347286231256 0.48422524873765904 0.4633184376818368 0.4380318352589843 0.4101346507674482 0.3812221584599309 0.3526257845451059 0.3253832891456364 0.30025536101174705 0.2777726081877609 0.25725008097882485 0.23726661586521094 0.21838828854203862 0.19904060389369388 0.17948037371938488 0.16108858354095112 0.14482183729914958 0.13113930583785735 0.12003611193834843 0.11123554458270857 0.10607427998270877 0.10506708426382255 0.10786462271865477
0.49862813027710023 0.5039816624101269 0.5054611950902198 0.5030493479499379 0.49707654161270454 0.4881650459866954 0.47714961219476615 0.4667766510180264 0.45884617767227254 0.4536187431237088 0.4513703658423629 0.45238429774497046 0.4569325797529626 0.4651943162141628 0.4760171563273569 0.48379430812047286 0.48757963702567636 0.4878146789005885 0.4847513652699728 0.47860193517867167 0.4696638699252905 0.4557820262154432 0.4364989364206174 0.4133432567931676 0.38783094432128334 0.3613415480548746 0.33504209914674377 0.3098575950845738 0.28647937919573097 0.2653961588618926 0.24519685841476033 0.22519306293178093 0.2050781403451884 0.1852081533020132 0.16608369350099625 0.14825880227271757 0.13283836883573114 0.12035634253414443 0.110670364725419 0.10320405884514433 0.09766390395848028 0.09538875254212925 0.09625814231043738
0.4506572657554486 0.4552710693296847 0.4573276617399662 0.45677950458013145 0.4538205832482851 0.4488589073688978 0.4424672443041286 0.4353262529794884 0.4294652542650575 0.4264147371755303 0.4264259273448369 0.42981434471098906 0.43696848651924225 0.44753032498483597 0.45726926588534067 0.46233581085214803 0.4635988161149818 0.4624271559973602 0.4588984445314794 0.45310333853285106 0.44504494492284147 0.4320940987567869 0.41436491079009186 0.3931767846974788 0.3698409897877746 0.345559423417055 0.3213599560956734 0.2980683405391696 0.27631088348940064 0.256444796192232 0.23654605402362947 0.2155516727342573 0.1941517025205935 0.17307289262572442 0.15331950115302284 0.13574107534237098 0.1209171337620205 0.10965213567927998 0.10164815134222722 0.0957910367895233 0.09112989827003393 0.08779457094846993 0.08687702716062254
0.4142585089223141 0.4182475325849954 0.42066939194721625 0.4214660451088077 0.42075308162737535 0.4188073244099362 0.41604071809778775 0.41296934261050233 0.41020360040327586 0.40887877390213223 0.4107098600260561 0.4161278741457072 0.42441943970650836 0.43284697261374977 0.44048033749001025 0.4434625916187628 0.44328523973935485 0.4413603385752187 0.43769569172489736 0.43235476251074184 0.4250811473433701 0.41315635092266667 0.396949967692228 0.3776156192836373 0.3563007375504661 0.3340630475222106 0.311815537034503 0.2903003100082203 0.2700872668742813 0.251112691050047 0.23050372260650154 0.2085360795969216 0.18615249605886422 0.16403995190728116 0.1431375197610094 0.1244592218698604 0.10938726008387636 0.0992958782518195 0.09350674004550812 0.08962037380752348 0.08624121101288987 0.0829442452876253 0.08039520254254667
0.3878679341587843 0.3913201980598072 0.39397501712158634 0.39595618273845806 0.3980383467151154 0.40002433790367375 0.4017614189070011 0.40329912047033956 0.4048866966496144 0.40696531454835055 0.4101321244615859 0.4140106712592459 0.41803734365549766 0.42196557734173545 0.42529520007479826 0.4271192808461364 0.4267143227687246 0.42460312876323225 0.4210624161024169 0.41624661936839447 0.40977208385967284 0.3989697357587859 0.3842799728854383 0.3667257561730757 0.34732433007722285 0.3270181311242073 0.3066279760554284 0.28681115357975734 0.2674224314391442 0.2481645660567231 0.22704360211243083 0.20455137062596948 0.18158522493647672 0.15878505381340421 0.13696154283548004 0.11685337975269813 0.09962081244443653 0.08983724153954895 0.08728998898169946 0.08553292842511616 0.08332370866714522 0.08059723984553774 0.07744161991435682
0.37044629827442854 0.37403670332965927 0.3792626347407258 0.38548915888788315 0.3921299379014144 0.3987493474891261 0.40508644861491594 0.4110767054899672 0.41685815180307745 0.421631752572275 0.4246288842600649 0.42584025194130376 0.425392285448242 0.42391575417872784 0.4215911764383911 0.41847085824044344 0.41514739649921895 0.4124189333668848 0.4090786515076226 0.40478889651936806 0.39915949903661163 0.3895700319616345 0.3764104177450044 0.3605993727801242 0.34305092446708313 0.3245959053436064 0.3054918845997489 0.28606788706593006 0.2667351904511044 0.24750259955497161 0.22637722447889924 0.2038580658632181 0.18080725513491622 0.15788138899032075 0.13586324407759687 0.11536412253776683 0.0969669644526201 0.08687974615703623 0.08595690959277909 0.08474967248115604 0.08293542357093692 0.08053547540122974 0.07761504834487855
0.3642239826934912 0.37170226452540184 0.38122208679095865 0.3920470938791949 0.40352750157855 0.4151262086658016 0.4261095717893869 0.43552210353551063 0.4427805740333235 0.4474772676459524 0.44941047684128677 0.44858925606542077 0.4452098224006283 0.4396167850676455 0.432290064371131 0.42389813844028057 0.4153722791494667 0.40777844171049366 0.4020448433146149 0.3980922387727029 0.3933419079975925 0.38505493056957985 0.37340767371015016 0.3590224843923482 0.3425758390058095 0.32470911641903366 0.30600033405160665 0.28694976815438283 0.2679738474417028 0.24916404796892921 0.22854740192697504 0.20651107771261276 0.1838903107087142 0.16145707011924892 0.1401251094950857 0.12082321763510685 0.10501865283199575 0.095290284479031 0.09103078405974725 0.08853841326851923 0.086232902053755 0.08372568353304206 0.08098646666638254
0.3724747755111464 0.38446923917774356 0.398738055892132 0.4144118145842593 0.4305451269720513 0.4461396355004312 0.46019628936713003 0.4717908287457139 0.48015961582149985 0.48477787776047754 0.48541203973556113 0.4821338952963753 0.4752965322896541 0.4654872797640159 0.45348268394872937 0.44021637678904063 0.42673390426897445 0.4141116238653372 0.40337632326765865 0.39547667265428055 0.39059964601626757 0.3831625841247771 0.3722981481447512 0.3586790282106393 0.3429755350070571 0.3258230241834969 0.3077985873138207 0.2894069830002468 0.2710752286399845 0.25303619922264786 0.23342328118302574 0.21233982114564157 0.19058478701377682 0.16909461490355027 0.14889267439753712 0.13102004125835398 0.11663329460018465 0.10661068921931859 0.10041388308596451 0.09639645431996643 0.09330155739882987 0.09056971483185819 0.08808390887251795
0.38864155906990955 0.4059303924434334 0.4256302132411957 0.4467388246710377 0.4681003840616146 0.4884396195511071 0.5064407128921324 0.520864505033779 0.5306851114556378 0.5352167332674109 0.5341995180787383 0.5278232248798819 0.5166867151947945 0.5017113196429821 0.4840356032054838 0.46491158049290165 0.4456077770956638 0.42732407082742435 0.41113575333188296 0.39798346289858544 0.38861944094909523 0.3810882354712357 0.371273015102014 0.3586985420272443 0.34401741434785543 0.32785487259599677 0.3107853160283525 0.2933183027504986 0.27589356726367037 0.2588707227788216 0.24072434367113385 0.22098028347234755 0.2004269540523056 0.18012198943860333 0.16110272418807267 0.1443196454838584 0.130563127185048 0.12019612245728004 0.11286251335197592 0.10769341619539352 0.10386557934483102 0.10089773663885658 0.0986606710930806
0.41146043778335256 0.4349826217874696 0.4612686870992557 0.48913956182097984 0.5171507568452525 0.5436356156157446 0.5668190504690025 0.5849973767728659 0.5967564634442901 0.6011787276036062 0.5979826153642581 0.5875545784688133 0.5708684061466341 0.5493226591284708 0.5245454113295119 0.4982107742801207 0.47189430974917107 0.44697960481254156 0.4246200192289397 0.4057522326267706 0.39115072090444863 0.37978195405198145 0.3702818352655052 0.35900105309951563 0.3455951714615109 0.3306742900407027 0.31480673679372695 0.2985048156701602 0.282219663782706 0.26634470641765257 0.2500581664243171 0.23196288651196573 0.21287291227352423 0.19389201520343874 0.1760171118203944 0.16008661852349895 0.14669711906764035 0.1360789953874705 0.12803533416597074 0.12207801559811292 0.11769246395241464 0.11453570597209026 0.11250838919956545
0.4408617753136518 0.47184074907007867 0.5062312589305561 0.54263780425434 0.5792354081164915 0.6138130859776904 0.6439299026957478 0.6671880061128356 0.6815836650500139 0.6858508164581475 0.6796911099880424 0.6638127334081547 0.6397697642528524 0.6096656113004434 0.575818405423968 0.5404731755057982 0.5056064208940084 0.4728308633438487 0.44338524102623056 0.41818505373134596 0.3979101502372363 0.38227967698679544 0.36965800797728166 0.3594749363160328 0.34756818924002036 0.33411373921340426 0.31966925243949085 0.3047458128213531 0.28980199316169014 0.2752461836215265 0.26093074565552826 0.24474850426985878 0.22736108423147527 0.20984096719563558 0.19313410018137253 0.17800375765432808 0.1649698775343704 0.15425806712845755 0.14580422763832826 0.13934952508895845 0.13459096130618192 0.13131193781653128 0.12945328172399134
0.4767296469274862 0.5166771511450842 0.5610937950269296 0.6083457237136075 0.6561291095542332 0.7014898137337418 0.7410215054346718 0.7712736689576565 0.7893223748371252 0.7933554778840668 0.783065691921842 0.7596940524415291 0.7257133431864656 0.6842914957773828 0.6387328931675498 0.5920482073490565 0.5467109358268201 0.5045839430134049 0.466965261037068 0.43470030649988844 0.4083205330098841 0.38799780327585465 0.3718375554927954 0.3599870695384907 0.34977084054204227 0.3379792063645078 0.3251518723801624 0.311793548651536 0.2983647469490342 0.28528222008778575 0.2727029038175785 0.25873948150780846 0.24330745741717041 0.22743137704404084 0.21201244711276226 0.1977743779933924 0.1852213346505656 0.1746186971646695 0.16601450511744575 0.15930842402137266 0.15434824614683568 0.15101875117964755 0.14929857024514323
0.5187571932513417 0.5694462602964507 0.6262286575906866 0.6872538361285306 0.7496566507548796 0.8094976812333633 0.8619769940809887 0.9020246896850039 0.925237824463668 0.9289112011339408 0.9127438488661019 0.8788820967219698 0.8312897739278309 0.7747672125601838 0.7140264620733514 0.6530765499393558 0.5949617752257846 0.5417663847569063 0.49476837893731496 0.45464952014929416 0.42170604420744023 0.39603528667113774 0.3764803511212911 0.3617799143437609 0.352021082115078 0.34205969942439163 0.33101669888239577 0.3193847836250661 0.3076203552106649 0.2960936165620655 0.2848150706525603 0.2732726495570277 0.26007500788516397 0.24608238183723868 0.23215794200896261 0.21900727430887393 0.2071463452297963 0.1968937090450415 0.18839268750666624 0.18166204443643327 0.17666214545814335 0.17335730113834127 0.17175877247822333
0.566089000273575 0.6296555019028774 0.7015122211005282 0.7798898683258969 0.861347800953052 0.9407083740346757 1.0111899547010175 1.0652022563910852 1.0958875771309395 1.0990087171140785 1.0743021622149156 1.0255073427746837 0.9590741691591735 0.8823295699493059 0.8019618485361677 0.7232103789716542 0.6496871756193121 0.5835747089161408 0.525970614843365 0.47724120012487165 0.43732334970491116 0.4059609279952436 0.38267016865161896 0.36539997152094933 0.3541615390455154 0.3461346086447241 0.3370165433362986 0.32724833045685486 0.3172709180085112 0.3071806056246476 0.29718868860685216 0.28761037946118595 0.2769460033992912 0.26512097263170437 0.25296179596038676 0.2411641421282305 0.23026448100025382 0.22063416541444797 0.21249667222810595 0.20596417617680493 0.20108414113820922 0.19788380848492207 0.19640214103202047
0.6171245047191546 0.6959773616236907 0.7859206567037159 0.885787259853244 0.9918245990777514 1.0974585782499369 1.1931940828756193 1.267501404417326 1.309303132741782 1.3115799201618548 1.2741714385379403 1.2037537902537332 1.1110456143558933 1.007284452305187 0.9018185798450999 0.8012368460772558 0.7095355109044085 0.6287133046859077 0.5594168875540376 0.5014795925192209 0.4543205882815277 0.4172229607262997 0.38952342340610546 0.36997606870370586 0.3569993883304591 0.3499784824712323 0.3428994127491924 0.3351087509804797 0.32680300466721107 0.31812615128392874 0.3094611108068722 0.30117466317763897 0.293109778682166 0.28375868934570586 0.27367283569536716 0.2635361365758705 0.25390298564082564 0.24518979789040635 0.23768535217287096 0.2315757602122907 0.22697698064330982 0.22396647700240116 0.2226066040104184
0.6697121133856999 0.7655471279783864 0.8769266162179138 1.002716218183455 1.1397744937939829 1.2804201754830358 1.4117615875188707 1.5161985479433588 1.575129399172802 1.576110462919881 1.519231801209786 1.4169268523759424 1.2874669260227367 1.1480184768131187 1.0111733576238398 0.8846195170830992 0.7722113165583341 0.6752548947285606 0.5935525769720618 0.5261326741664759 0.47172132959816615 0.4290344012735368 0.396955151388652 0.3746386330924954 0.3603659532480064 0.35336319084557205 0.34841007114508693 0.3424822726493487 0.3357252760150981 0.3285122883790378 0.3212076962478317 0.31415867989060897 0.3076878041091561 0.3010930533322563 0.2933959916974042 0.2852426386601885 0.2771955324496679 0.26970373552696647 0.2631058360671321 0.25764498455379775 0.2534904301823582 0.25075934864902627 0.24953344565659522
