_RESULTS/CROSS_VALIDATION_POSTPROCESSED_80-20/Berg/TZ/1comp/4/Berg_TZ_z_180_kriged_reverse_1comp_spherical_4.asc
ncols 100
nrows 90
xllcorner 5.6208707817415728
yllcorner 50.959635321741573
cellsize 0.00013419651685393446
nodata_value 1.7014100000000001E+038
[rows 38 to 56 of 90, columns 44 to 87 of 100]
54.776934493582374 55.17289092661648 55.577761587417655 56.00124133325788 56.44136676345718 56.88240124183349 57.30677025409311 57.69542627164373 58.02946250155472 58.29388872426361 58.473117749332594 58.57224964590089 58.61862624385478 58.64630454847861 58.68604231691664 58.72093605004819 58.737436051881 58.726619769954425 58.69632335977579 58.64102061834744 58.55117417797832 58.41996320848669 58.25019552156079 58.055952946633546 57.853202765260455 57.655471911033295 57.47422780852388 57.32009764476277 57.18186608324396 57.03692328932137 56.884001392901325 56.7142568252599 56.52758426798437 56.33103609641521 56.12984651742876 55.92046549888594 55.692632094711136 55.44120943193167 55.16498317999341 54.8982014792611 54.64331042851526 54.40869458432947 54.19197472458952 53.98827410671536
54.67272647959064 55.0621687187783 55.46177910957864 55.87815394268233 56.307088247426954 56.734185088094 57.14421629925667 57.521986607645715 57.84954931299434 58.108040891400606 58.2925925220903 58.41556414851474 58.484230024725036 58.540577188840984 58.65115720671963 58.73589252105441 58.79180648454931 58.83079364525775 58.854447452532796 58.85176398878286 58.80560639682121 58.694945796577116 58.52711521339082 58.33118819367063 58.12950507612859 57.935873820326776 57.76054602412242 57.61048426363181 57.459298528233425 57.29549787625007 57.122303776685925 56.936258559083775 56.738516027803406 56.53522279035723 56.33017784958394 56.12578893021099 55.9091335936998 55.66733135981144 55.38619146519193 55.08982662537423 54.80416219679163 54.53781161253373 54.3021654725155 54.08421744058867
54.55860097082393 54.944114498274175 55.338028018898264 55.748150010576815 56.16828845402815 56.58585554985586 56.9836380902778 57.34465682170094 57.656619170911114 57.9102878657025 58.10934042127114 58.26113666362712 58.370100976771155 58.476808358754305 58.62387721921547 58.748114718684185 58.8511299198113 58.941762698787926 59.01850972593641 59.075645323293394 59.09005119069961 58.993181165437505 58.81085133000597 58.60876782063804 58.40844871371084 58.21846127482407 58.044970440146585 57.88750235898195 57.71785297053892 57.534530134309 57.3433874993579 57.14251345962838 56.93087310900877 56.72024950627189 56.51203364098157 56.311419063901894 56.11216300429371 55.89389538976091 55.608664282279754 55.27872946565859 54.96251033083585 54.670297010873504 54.4126046152857 54.18870600538397
54.45131416877961 54.83285247025265 55.217080786914885 55.61666143790508 56.02179084421836 56.41875969704731 56.795187005512574 57.139519971256526 57.44201402489516 57.6977394287637 57.91730354345652 58.10148728557676 58.262012862752414 58.418757373138476 58.580627763349845 58.74026493608273 58.887289861818495 59.02045872753988 59.14022137822001 59.24775302285772 59.350213393867115 59.246300886271186 59.04470919540594 58.84685295639933 58.655316724059325 58.47333676941921 58.3055667343772 58.13783108833355 57.951287858950096 57.750963897728504 57.54312081626997 57.327302584788285 57.10132732955765 56.87801145259073 56.66376238952313 56.46097567813252 56.27218609010725 56.09266407148973 55.79185062140678 55.44037185799242 55.10386653730991 54.795562505017394 54.52262856356897 54.29397382356132
54.32946876932962 54.70218616393952 55.06752972983264 55.44600116175915 55.83126980963333 56.20992628722472 56.57020635588403 56.90272790167015 57.1991769722184 57.46045988397987 57.696689660765045 57.910775865265016 58.11058813779587 58.30635079659986 58.50735341538012 58.705380248378816 58.88976254292795 59.0552833414372 59.1971653185883 59.312234731606026 59.38093054012315 59.326879317925254 59.18312765720388 59.02039992593229 58.85614032187543 58.6952518981103 58.53725297374809 58.358171663408385 58.15820095415714 57.94280163447835 57.717718762715705 57.48597114700499 57.2451824952554 57.00696504523347 56.77830681342188 56.56428999923444 56.36170613953091 56.145068072041404 55.86838563974308 55.54989600051784 55.22074438229703 54.907845193286384 54.62851030068657 54.39460923696684
54.14529845717194 54.517103615967585 54.869502982785015 55.22936289272856 55.59565911836983 55.95739027946556 56.30497851351743 56.62607604503817 56.91407515448563 57.18106449215525 57.433133961785465 57.67485076739642 57.914928054177054 58.1569474726969 58.39984774362277 58.63655617661584 58.855881830313535 59.048119179043034 59.20055015702504 59.305624061755246 59.35470436164504 59.33187553916422 59.24896584025768 59.13609794479437 59.01099127946663 58.88056543591203 58.731193338213274 58.54914215950118 58.338282775766814 58.107269745769955 57.86404119295615 57.61478895500126 57.35910855288995 57.10540235708722 56.85959774158047 56.6258800523411 56.40344457245144 56.16829149235453 55.90382334984104 55.617530843054816 55.31528668109588 55.00784437092575 54.72799846235792 54.491070136392764
53.89751881962871 54.27523272583715 54.620604052095615 54.96517416393636 55.315079783338106 55.66060061987259 55.989732437725216 56.29611028018654 56.57750417247641 56.85334611926768 57.13054393800032 57.4088197470193 57.6889944320756 57.97142038336435 58.25389885311763 58.52980807045901 58.78665506527874 59.007460526953004 59.16926605878889 59.26602363233199 59.31072256964938 59.31036269290989 59.27234235194475 59.20888562704464 59.12878964145817 59.0297084614241 58.88932474658778 58.70694765537282 58.48829622453775 58.24181084461188 57.97917117871793 57.7105541608945 57.440798444571485 57.17258285627233 56.91115627325565 56.660022794550294 56.42000109743663 56.17792846299656 55.92380454667325 55.66041001623183 55.38347307855961 55.09860372348153 54.82212237236311 54.58489945980601
53.582769834363766 53.96715341401473 54.311138652031964 54.64539526555616 54.98241720577249 55.310651522254076 55.62438039670372 55.920992223431334 56.207861700257965 56.50451080554212 56.80851279204424 57.117444015714305 57.43050448173802 57.746884104275445 58.06444371256354 58.37837120320866 58.6786108381885 58.94146437538279 59.11202184327662 59.196333236082054 59.23952549782505 59.26037972632672 59.262428535837444 59.249157294971674 59.21869522741478 59.145207824820424 59.01603582999255 58.831497330779406 58.601816340285865 58.34067293316051 58.0596441917216 57.77114731943816 57.488109664132615 57.20800098786943 56.934727791710294 56.67190312236369 56.42197657436079 56.17664160391597 55.929520341566096 55.683444973696595 55.42807869012344 55.16790596855052 54.91212277013554 54.67684841391849
53.267021315818596 53.63278606669871 53.96967339714526 54.296359760534905 54.620684324877125 54.937700845261716 55.24355634814956 55.53907361564351 55.83513683701241 56.14665675731564 56.46955952367906 56.800883555853474 57.13852621096333 57.48062370694393 57.82497371224109 58.16862081455461 58.50818724120449 58.84043143990758 59.01041118549423 59.0732561946661 59.1255923908758 59.17457614768604 59.22046101369802 59.26099355490978 59.272741272785936 59.231140824158366 59.11493044192542 58.92226379071438 58.67473467171958 58.39524061783956 58.098279244643805 57.79443809566969 57.49852781065238 57.21058061530775 56.93049113565982 56.66217731579874 56.409284448673525 56.16607073840769 55.92711350768411 55.69202194335372 55.451724011313686 55.21211287824245 54.98086794558355 54.766303590117346
52.99909410403495 53.31144128999301 53.625485740386345 53.93294470263723 54.24248941106221 54.55331696273973 54.860140495130814 55.158227352710455 55.4620330897172 55.78435788586727 56.12036531902219 56.46648698906922 56.81980196964946 57.17755159911956 57.53665166382784 57.892982971177766 58.240205471258534 58.558588035935074 58.76040551021756 58.87003865209961 58.95918449160419 59.04693849216985 59.14000468856899 59.22308751071832 59.281745776624405 59.28884022061948 59.18833297708635 58.9721334552153 58.696904350494314 58.3971981324119 58.086403409792084 57.77514567413571 57.47022709912919 57.17880170888141 56.89768316856462 56.63009780233524 56.38050282767636 56.14395157852512 55.91612145583851 55.690997154335385 55.46382869649694 55.24042746904243 55.02788511121036 54.83470002635795
52.79609088818689 53.01756807937744 53.27733653465059 53.556431206244696 53.85238759173971 54.16423020299808 54.476596555230394 54.78026345123599 55.09145459043544 55.4216246730426 55.765643363287374 56.119863857247374 56.48096233144171 56.84532588531099 57.208409987947306 57.563433363747244 57.89974806849217 58.19815737284723 58.42965345448706 58.600752760024534 58.74176297922875 58.87307331623484 58.99679313397543 59.1121252026543 59.218454918482855 59.304034800417895 59.22798474210688 58.95251330448593 58.64805521492447 58.33501408925365 58.01904614113441 57.707544234606004 57.4035105014135 57.11133112523123 56.83548155459237 56.57482505891872 56.33435783687717 56.10867019175429 55.89344977983143 55.67855132484218 55.46471453246248 55.257265649817796 55.062755564087404 54.8890670353712
52.68154014752611 52.78226851786025 52.95765322516621 53.19307896908526 53.46548494937431 53.7744531794676 54.09479289431598 54.408033495021755 54.727491536598805 55.06415188003063 55.41233989914792 55.76891510802488 56.13089940633466 56.49447450769923 56.85434891697734 57.20281733055845 57.53122660624022 57.828772463198916 58.083663021665956 58.29842326556205 58.482003740875285 58.6368348077204 58.77754485590988 58.909328222843094 59.03173863375615 59.13299506674956 59.06934924947517 58.80214802799616 58.50547645503197 58.199685702948535 57.89327161337765 57.591124200059305 57.29608836512473 57.01093412645047 56.7437171518705 56.49612739695339 56.27017964140782 56.05937695233176 55.856374758216674 55.653079965218254 55.45326185758959 55.26196227367867 55.085332906749386 54.930709584363576
52.69567264122583 52.65637989727647 52.713985808208385 52.87477314162062 53.11006416330542 53.40219468462366 53.72664381105249 54.05034162388225 54.37775504342185 54.7200703095038 55.06972571939362 55.42414547601388 55.78145994139665 56.138679350915076 56.49107500128986 56.831975249238944 57.15729306965992 57.46048802734 57.73405606319007 57.96953351269117 58.1694825623726 58.338665296320855 58.48582250307227 58.6164126230676 58.72131208564528 58.77137543405024 58.70725362945707 58.520412452089076 58.27020867404909 57.99476022624517 57.71191204946548 57.42897439364811 57.150737959813846 56.881108379926836 56.62518333890054 56.394742266301314 56.18810279964048 55.99494056550495 55.80349720535233 55.61338112667442 55.42858054443628 55.25398045571871 55.09544231366947 54.95983518462616
52.73928369173767 52.619952529642156 52.58014834788285 52.64835144062301 52.83043683019494 53.09189046059149 53.405898261527305 53.73124187146392 54.05935376775536 54.402882791684895 54.750388401586626 55.09857572526562 55.44662579425 55.79308100946082 56.13483923189007 56.46792380773945 56.78949621241117 57.08923620363166 57.36084970237674 57.601281303363564 57.810116646601436 57.98760567248604 58.13511860513189 58.256912881144665 58.342193665137174 58.36914096404803 58.313336051542855 58.17221023878098 57.9698041613584 57.7348245394097 57.48418565088902 57.22803426511768 56.97322271176285 56.725060256995775 56.48821997152721 56.27403329911683 56.08912458845353 55.91191011971065 55.73398654191391 55.558703949302156 55.390109195401905 55.23301639733651 55.0930776046473 54.97676569502838
52.78355776279638 52.58515475969655 52.45803898370893 52.46873030275593 52.63895685485676 52.89901929828359 53.19027683155818 53.49731009067378 53.80652837703389 54.13680967696208 54.47313342512553 54.8086032030178 55.14097668896245 55.46869110182205 55.78905156174939 56.10060278602344 56.40288667247114 56.69015519860046 56.956979215160416 57.198914575169866 57.41248110927061 57.59443128996615 57.74210244153319 57.855923422127454 57.92972909705632 57.94988086005055 57.90486921603858 57.794425609598775 57.633353551293084 57.43821321225874 57.2229287705722 56.99801952339837 56.7714201510388 56.54950143920715 56.337805288800645 56.14456201922039 55.97419400717356 55.809865594619424 55.647522603276144 55.488727583277296 55.337631420651725 55.19903482876857 55.07843621263725 54.98196429590454
52.849877224388834 52.57712645738536 52.33186332704184 52.25015976497188 52.45479588915779 52.75232758618078 53.045155041146906 53.32794389738085 53.60663746755081 53.907778959625205 54.218725058400764 54.52860358418775 54.8331812200894 55.13095290526555 55.42116252553227 55.70773706082298 55.99005510924903 56.264418053927166 56.52580259657801 56.76815488705294 56.985166950447244 57.170727958673815 57.31987419009541 57.431735307651756 57.501100279786414 57.52221787182699 57.489475668998544 57.406199159613635 57.279997819424345 57.121488448606314 56.94159262331113 56.74992359598207 56.55456630625408 56.36242338200673 56.17964762355969 56.01118047225917 55.84944526359132 55.69293057229746 55.544215336053384 55.403499564391176 55.2712469079955 55.152263879856456 55.051926904087644 54.97604999987659
52.96654401372497 52.65098472063801 52.308714884949794 52.03192157687643 52.3688039332013 52.676035686857745 52.953307884886826 53.201129354121036 53.43110351832656 53.6840848733097 53.95706639367891 54.234063208252245 54.50681584394494 54.772009709046976 55.03168181366369 55.29163841011868 55.55268053874626 55.81400728323723 56.07101419541306 56.31526470615318 56.53703638506432 56.72753115076491 56.880447220018226 56.99550965777964 57.067473434793634 57.0941658417523 57.077578183869704 57.0189835353497 56.92338360199122 56.79845303355992 56.65283888050314 56.49497073206876 56.332577289434404 56.172666573350284 56.021208386075216 55.871039640065966 55.7187353555523 55.57163575933405 55.43260791730782 55.304746430398566 55.191317645158364 55.09316735179522 55.01416038766121 54.959801101960394
53.13971609607867 52.84751677667795 52.550406219427636 52.39379585570446 52.50137003788797 52.70897954285964 52.92504648483987 53.127258222313664 53.3036844285241 53.48516142894376 53.70141350964648 53.932621361421255 54.16543169169038 54.39352969762864 54.621216982290136 54.851392528423204 55.08907796733533 55.338617992177085 55.59588150044304 55.847279867302724 56.0777281337271 56.275826154190334 56.43506647817649 56.55635681763659 56.637700728540054 56.67789809706849 56.67823704988917 56.64252683316894 56.5747902839869 56.48104673585167 56.36838700974064 56.24418362901496 56.1156325276338 55.98903767554839 55.86247591907731 55.726915773092024 55.58559351110425 55.449518492684604 55.32184849289572 55.20590515837074 55.105298927528025 55.02393724593051 54.96593091002565 54.93415114255599
53.3452971795781 53.10723743202518 52.873118292601276 52.73060050992551 52.72749686383179 52.82301427510785 52.957103796187596 53.097362873088606 53.22332498006694 53.33458087635534 53.47233324949408 53.63873940656637 53.816964939629095 54.00133710737226 54.189340181818494 54.38171997776205 54.58982833976241 54.83118012435154 55.102081754925294 55.37264744299435 55.6183910914136 55.827172860470654 55.99536287243615 56.12783972055956 56.22318841760262 56.28054627559849 56.30056765094439 56.28652373446015 56.244690520711494 56.180271968030496 56.09931111656311 56.008336168670795 55.91267353802718 55.81161015195579 55.70402643026108 55.58279725161742 55.45389961641508 55.33020325826463 55.215387320659715 55.1129666456921 55.02670876274416 54.9606008002251 54.918711888773984 54.902554610152634
