_RESULTS/CROSS_VALIDATION_POSTPROCESSED_80-20/Berg/TZ/1comp/4/Berg_TZ_z_0_kriged_reverse_1comp_spherical_4.asc
ncols 100
nrows 90
xllcorner 5.6208707817415728
yllcorner 50.959635321741573
cellsize 0.00013419651685393446
nodata_value 1.7014100000000001E+038
[rows 36 to 53 of 90, columns 0 to 40 of 100]
0.0631997809917604 0.07561248709003913 0.09023188017820545 0.10704652748702585 0.12573934958556046 0.14542499811076498 0.16425846609282832 0.17907373674193594 0.1857359765254732 0.18123146004540194 0.16643706252577348 0.1462560635138993 0.12707034094623276 0.11097387689838027 0.09795166451429284 0.08706105271017443 0.07812706905531279 0.07089242535609576 0.06508604636999049 0.06045869010041905 0.05679229199486055 0.053898964779978964 0.05163875626820789 0.050588678773325436 0.050907655312677214 0.05252880234329054 0.05592989077400966 0.061409764924256205 0.06824830087138495 0.07594677930721352 0.08416424756766808 0.09091093721831012 0.09973229298376063 0.1115525032349734 0.12713571317598416 0.14629249518858028 0.157426529051154 0.1553076430601827 0.1402440970478876 0.11585455932747672 0.08849871734673279
0.06730424751680095 0.07915392668399475 0.09244150095491954 0.1068321149116711 0.12167820563357935 0.1358853064495534 0.14780405214058098 0.1553132357471157 0.15636613886585324 0.15004918977435275 0.13742962329148592 0.12263926824566419 0.10880196124979709 0.09701074210969611 0.08773423650761154 0.08049437391140672 0.07446284053567911 0.06957573992685999 0.06572107782261939 0.06276711322404957 0.06057735970636585 0.05901462247073156 0.05794084553910559 0.05764611472320878 0.05871648875160304 0.06128353109303481 0.06581236726456165 0.07240464693259523 0.07992904263508234 0.08799419990994192 0.09658666488942123 0.10539929402417006 0.11440076266760303 0.12614462113845254 0.14122610732475085 0.1598724908219725 0.1709389658664779 0.16731960410192995 0.14984264459876323 0.1229839884853688 0.09360048199911741
0.07226178476305288 0.08344076200176206 0.09524741927083714 0.10714405688854074 0.11834987924438223 0.12783933519463597 0.13439200834107426 0.13678746056871136 0.13419308088109036 0.1266241696251736 0.11550389004404578 0.10419363868350372 0.09387613158849477 0.08516700958739042 0.07839708253707542 0.07369104532312547 0.07029940531166824 0.0676998673546249 0.06588241699076401 0.0648025387754646 0.06439059348766768 0.0645517157536406 0.06515914707414933 0.06610289459547483 0.06819991075312601 0.07216450039926073 0.07820097190029955 0.08602324876430557 0.0941376443254422 0.10226908483525572 0.11030728610643437 0.11810138348494326 0.12585345383395075 0.1364177173397321 0.14980493823979305 0.16634481051181865 0.17786974448165085 0.17410950057157132 0.15615526579047273 0.1290857576130213 0.09934795615637095
0.07832715265762656 0.08885630270671535 0.09909137808343013 0.10848547970241512 0.11628829141774313 0.12170086135467541 0.12397918380027313 0.12259246762082779 0.11742419865054528 0.10892249831958879 0.0990358093448668 0.08987814115790252 0.08186093476988027 0.07529770552008036 0.07038666141626862 0.06724717334720119 0.0658760871141244 0.06538261845627853 0.06558256773869814 0.06650195560456099 0.06813608836212436 0.07041418115842944 0.07311204827056599 0.07603411331670955 0.07980792835661876 0.08579212581889833 0.09392877321147683 0.1029859967094813 0.11146667357201366 0.1190792904655809 0.1256780970207032 0.1314373927410176 0.13657775136651454 0.14169123257453586 0.15147622791013152 0.16473091769871648 0.17652370670398296 0.17473267907653586 0.15923276803561684 0.13402464375685574 0.10515168490795859
0.08588775803047984 0.09573465692332633 0.10441826120939407 0.1112722042919172 0.11581144845962991 0.11756566167748767 0.11625438203060885 0.11186748704222658 0.10472210218642874 0.09551895155205829 0.0865399148743283 0.07872340852468811 0.07220857521202417 0.06711902026130188 0.06355257777515383 0.061603142062213095 0.06140189374052819 0.06272362416403544 0.06482622593158618 0.06778083093548842 0.07161444993697264 0.0762215933548014 0.08154319777412274 0.08737875158647916 0.09405860822525414 0.10301531729369946 0.11393849268883803 0.12423295463293643 0.13255758323680916 0.13851631369411052 0.14247961211732021 0.1451055926932649 0.14699313046604867 0.14851911683740907 0.1502051126935781 0.1562326004708396 0.16689347419857128 0.16900949471650267 0.15788374805060956 0.1364402456157882 0.10997769166226483
0.09545420470909635 0.10454043084164204 0.11154987761096788 0.11585440502852642 0.11711893238749041 0.11538917669524269 0.11085127287473479 0.10389423554739631 0.09509647262462906 0.08541082159657626 0.07693751578950606 0.06994818439442034 0.06441093258193871 0.06032314320613007 0.057710374124897545 0.05664287972477886 0.057267185923055124 0.05980155455233496 0.06360838252831119 0.06847210578770939 0.07442483437567267 0.08161702807235276 0.09012488398832079 0.09986123172985957 0.11139137763498425 0.12490033716797276 0.13933184197616255 0.15089892484308462 0.15788088413540108 0.16046272358254485 0.16004882805441362 0.1581717922550733 0.15592277551466616 0.15388805848169715 0.15239508388347284 0.15228803875243233 0.15635824055056813 0.15907985376087766 0.15160782298239778 0.13493221437484734 0.11252254262934663
0.10769493522723719 0.1158901033983573 0.1209232495828413 0.12237296743497601 0.12028380431096625 0.11506621898580767 0.1074156291617885 0.09809052518295039 0.08780667635190302 0.07769919200354394 0.06945211727683942 0.06295550006335629 0.05804709168641259 0.05463172319530933 0.05268095429969751 0.052245587954960614 0.05348293236944854 0.05670369826277866 0.06188348506121043 0.06831953414020024 0.0762900856566605 0.08615253220034974 0.09824873870798224 0.11289249643331961 0.1311965849907152 0.15225348266266361 0.1714300430851484 0.184187497052868 0.18776494012878708 0.1840945879473936 0.17694174618276734 0.1691072066036346 0.16202623291873736 0.15634255232143032 0.1530976773405085 0.15217908261192886 0.15307895084411455 0.15497881678597142 0.1500873422150511 0.13676535679031115 0.11737755134110066
0.12350246449952976 0.1305704559093264 0.13309424486815416 0.13106459793878866 0.12513235418610646 0.11628776429496743 0.10558348706147729 0.09397540139373357 0.0822859325496235 0.07173306548238274 0.06352286532590248 0.05729959474277091 0.05278743146136934 0.049815355154032806 0.048311063012021455 0.04830818247576928 0.04997050047506931 0.05362855852449992 0.059563999690382 0.0672483712405042 0.07694536665748725 0.08926754122431392 0.10496174614126762 0.12508374469615355 0.1517829149464479 0.18307187470582525 0.21136077532178682 0.22568487537092657 0.22149678994312078 0.20696203596599497 0.19049966625554862 0.17575993696220285 0.1637789340121109 0.15555038733810372 0.15106753429795955 0.1497294838131557 0.15101748738406445 0.15441858931165134 0.15465137231625356 0.14586139041592147 0.13062012917608573
0.14408736221744237 0.14959673906467266 0.14868270821467766 0.14213725480219858 0.13155078388754238 0.11861986211261288 0.10476157817457898 0.09101098282915047 0.07805681543177244 0.0670362798384408 0.05874268336401828 0.052652559048062035 0.04838359702174813 0.045697068819102266 0.0444819209760897 0.044754594866012076 0.04667957244575122 0.050510497111183085 0.05673341084847314 0.06525986062308438 0.0761992515149643 0.0904010293161604 0.10900328916409706 0.13390381427904963 0.16799477492589757 0.21112724762797477 0.2575289059469214 0.2767792483700064 0.25428118965452534 0.22338361109635152 0.1967170607810513 0.17573690802811837 0.16042509539754202 0.1507279531899765 0.14554348515437618 0.14409695096491776 0.1458730804800295 0.15052624126304143 0.1574523598209828 0.15877975289790278 0.1523778955301556
0.17110779529297965 0.1742587148747458 0.16828332932793322 0.15558326760483845 0.139207038883074 0.12162999479557876 0.10446770015308252 0.08863150639511407 0.07455833187427444 0.06312233102753505 0.054751045170373956 0.04874834002517412 0.044643081549013156 0.042143579846851326 0.04110810692370517 0.04153708526675588 0.043558180915859376 0.047362007647747055 0.05352812232428872 0.062411198541261655 0.0739212598782516 0.08901718962119196 0.10909242691619375 0.13607328604947724 0.1726306808978208 0.22218761332149878 0.28895782182336177 0.3250880392075426 0.26813791664804304 0.2241979318351264 0.19159991236431187 0.16766640069670638 0.1515517814630894 0.14155949871741358 0.1363472304421783 0.13507412439217628 0.13724517729515195 0.1426126282285104 0.15111264879857933 0.1615515574930101 0.16744820069296987
0.2068410479161972 0.20607402332106983 0.19214285046605306 0.17084767855766336 0.1473383834958941 0.12464944340743983 0.10419292477663225 0.08645584325625827 0.07145760407239825 0.05965821957934818 0.05122126259216162 0.04529720723408391 0.04132572895093887 0.03896438606872557 0.03804213937476126 0.038541391736928214 0.04049824866159442 0.044139724387583026 0.05003370483577145 0.058767684340348805 0.07018828701304197 0.08516854478869013 0.10473136151340799 0.12948658281207925 0.16205188493905998 0.20379372840192492 0.2504353377531501 0.26886673247350706 0.24017447847049203 0.20461755780633967 0.174579721834496 0.15247093236271425 0.1377338015718277 0.12865219393419727 0.12405285547995211 0.12318147906873439 0.12558221182499874 0.1309928296778438 0.1392150520009478 0.14981541454845648 0.15956941717522463
0.2543926812901674 0.24630051363947617 0.21918937065644067 0.1861935896723034 0.15452175649381603 0.12674138376804464 0.10336578929523636 0.0841298591233008 0.06851608168077741 0.05648376059799031 0.048035544083216 0.04220187043435197 0.038348010313091346 0.03609063222238042 0.0352344154866715 0.03572509203594238 0.03753840208787848 0.04093312075942062 0.04642376432455159 0.05466338606462997 0.06547899865370438 0.07922526386877163 0.09595468185112087 0.11606631746949261 0.14073897145634906 0.16875744196757816 0.19379556265713746 0.2030541598066374 0.19183428618796855 0.17092075645217397 0.14967782838558213 0.13275520183327363 0.12079006214029188 0.11341635635354484 0.10986014118697109 0.1095476889175147 0.11208400171295058 0.1171616423301616 0.1243876347917474 0.13291152727162853 0.14070564050179302
0.3179033371019582 0.29316873548389305 0.24453593026347434 0.19791521745565036 0.1586446235717259 0.12682518435133325 0.10145030309996793 0.08137557760633228 0.06556932854277066 0.053512422329783225 0.045138398830333104 0.03942817479188198 0.0356945884935083 0.033526312755284546 0.03271052241497452 0.03313774706776079 0.03478257643611053 0.03789215259207612 0.0429192052025619 0.05047750874721459 0.059997584067691415 0.07135911355352662 0.08460199806550331 0.09951418020103739 0.11631615410279586 0.1334199502608139 0.14686005391715995 0.1517369129269854 0.14656806797707436 0.13486559150976446 0.12165912731032799 0.11064916297086815 0.10260055335603162 0.09752503718923031 0.09521308449727413 0.09553432239180588 0.09821858569228856 0.10295991143154365 0.1093284365849769 0.11653160465555314 0.12315619961663263
0.4026122295004057 0.3268436354191196 0.256278290596467 0.20078140787275137 0.15756648247025917 0.12405626888907374 0.09812008221524456 0.07806044729854401 0.0625494810798645 0.050731712513598225 0.042526881944026436 0.03697977055815939 0.033377251456269 0.03129448312406517 0.030508360357138515 0.03085353868551785 0.03233274574019282 0.03516105149193047 0.039626553221878975 0.04600774737488664 0.05376142496369075 0.06268094691607945 0.07258580283554182 0.08298089918323281 0.09368091670084468 0.10366224656373096 0.11081140095192614 0.11313111907079484 0.11013107827774424 0.10322862968706276 0.09539206456410498 0.08873368904825188 0.08395413454039702 0.08127881741783917 0.08067209349240455 0.08199560116794959 0.08508766980779914 0.08975784337995946 0.09570963604648082 0.10242184223435205 0.10907250316549344
0.33977354491114853 0.3027788630569558 0.24375016643308065 0.19191873848542393 0.15055753373056735 0.11832839789084816 0.09342592484273911 0.07424827081881197 0.05949677121602737 0.04819856966520238 0.04024324100041371 0.03489109857150044 0.03142902795420419 0.029432375083171564 0.028668198456930805 0.028941894788408255 0.030198419650763263 0.03252983957334669 0.036153845335762255 0.041312741705196526 0.04739927245834034 0.05413070018811648 0.06123986802670193 0.0682188237180717 0.0746866965463673 0.08026487521524162 0.08386661149810505 0.08463238149373242 0.08242113397931346 0.07797930849809752 0.07322257910391997 0.06927839501406478 0.06670804818676589 0.06576712749004603 0.06645619208080517 0.06865872285687921 0.07224795943909927 0.0770973842034496 0.0830290458234038 0.08974878483694859 0.09681843734546226
0.2647041024886206 0.24828829616803924 0.21207548309945123 0.17314123782710714 0.1386774107264719 0.11033821049795439 0.08780532796440291 0.07019174445691918 0.05654850105007353 0.046027072328400025 0.03836631702663264 0.033217033255557867 0.029873716214192617 0.027906720098794514 0.02705279400179265 0.027080909933094408 0.027963431241182633 0.029771062868325086 0.032654717905701215 0.03673296561026159 0.041371759016471304 0.04630140709061178 0.051254052535734715 0.05581174391840764 0.059550345526836364 0.06245514325278627 0.06402390766269038 0.06386830871859259 0.06196531146566874 0.05880949818378859 0.05566866934072967 0.05320392786972073 0.05192469681949534 0.05210611284011028 0.05368073637730779 0.05646463255459467 0.06034000233505894 0.06524720154216543 0.07112577976631883 0.07786934383217606 0.0853107394757369
0.20557423317225337 0.19686900723584877 0.17513196919086016 0.14842035845195128 0.12238940597990523 0.09956779161259198 0.08061525025239956 0.06533856350408593 0.05323461530221841 0.043741942944798023 0.036498510907134074 0.03152238068400251 0.02824305542572355 0.02625254259888335 0.025283569478511972 0.025106736841328397 0.025685571449679322 0.027059261253598754 0.029330546295552623 0.03249722533733324 0.03594960045836082 0.03947682638763403 0.042849791458110485 0.0457557009934512 0.04783472043263485 0.04913479189092325 0.04954675657970199 0.048884722428667926 0.04715488734966953 0.0447113692389456 0.042380324022581344 0.040577701673311935 0.039904405532990066 0.040796997728259454 0.04295513756597236 0.04604462948915379 0.04997878135453979 0.054774726381744666 0.06047148760955547 0.06710071377983415 0.07468394086081499
0.15968546624391217 0.1546248198247648 0.14123179413489054 0.12338828798172756 0.10464963131801223 0.08720883298105646 0.07204606040029929 0.059389098100578956 0.04908639565059937 0.04083411089796207 0.034306383633569915 0.029599114103099386 0.026453844069643538 0.02449536307950944 0.023465748978021356 0.02314611891940092 0.023493889234077407 0.024527682580122473 0.02631780400531404 0.028732214318539655 0.031250579596951475 0.033726286210418295 0.03597929292607828 0.037787534320484116 0.03891085870254988 0.03927407978294132 0.03904653422507238 0.03814783719049924 0.03658577062950281 0.034612364789796644 0.032744835252198005 0.031144776297060955 0.030486775892198885 0.03200774925075728 0.03451257717327446 0.03762743690416984 0.04139326592574261 0.04590224897389237 0.05126065086377478 0.05758660739323278 0.06502084284659855
