_RESULTS/CROSS_VALIDATION_POSTPROCESSED_CLR/MHZ/TZ/3comp/4/MHZ_TZ_z_355_kriged_reverse_3comp_spherical_4.asc
ncols 100
nrows 81
xllcorner 5.5967107548124995
yllcorner 50.982328804812504
cellsize 0.00017565037499993607
nodata_value 1.7014100000000001E+038
[rows 0 to 18 of 81, columns 43 to 85 of 100]
1.2633437202807511 1.2524561561805725 1.239742246945463 1.2258565709201332 1.2114128303937435 1.1969663970542495 1.1830126501802944 1.1699929844267305 1.1583034185190526 1.148303216425156 1.1403224525449813 1.1346682387254823 1.1316296801651526 1.1311734974526044 1.1311734974526044 1.1311734974526044 1.1311734974526044 1.1311734974526044 1.1311734974526044 1.1311734974526044 1.1311734974526044 1.1311734974526044 1.1311734974526044 1.1311734974526044 1.1311734974526044 1.1311734974526044 1.1311734974526044 1.1311734974526044 1.1311734974526044 1.1311734974526044 1.1311734974526044 1.1311734974526044 1.1311734974526044 1.1311734974526044 1.1311734974526044 1.1311734974526044 1.1311734974526044 1.1311734974526044 1.1311734974526044 1.1311734974526044 1.1311734974526044 1.1311734974526044 1.1311734974526044
1.2872778478182236 1.2740038753597351 1.258998322819719 1.2428599490178758 1.2262197589730606 1.2096754103906886 1.1937392789248993 1.1788550038825174 1.1654130639929945 1.1537636085077672 1.1442264028248048 1.1370983170221463 1.1326588938537137 1.1311734974526044 1.1311577467194744 1.1311119161740153 1.1310628282135649 1.1310302750645973 1.1310251517098093 1.1310490655106824 1.1310942776209458 1.1311439827072967 1.131172896199398 1.1311734974526044 1.1311734974526044 1.1311734974526044 1.1311734974526044 1.1311734974526044 1.1311734974526044 1.1311734974526044 1.1311734974526044 1.1311734974526044 1.1311734974526044 1.1311734974526044 1.1311734974526044 1.1312609658756254 1.1314960497963982 1.1317762686715864 1.1320191861314288 1.1321666500621033 1.1321868872196816 1.1320756986840501 1.1318566205873164
1.313174431512281 1.2967623786688685 1.278516334187183 1.2595055550936785 1.2405432932111136 1.2219002349635313 1.2040340650581478 1.187374207669374 1.1722934307078554 1.1591241427643157 1.1481698346225446 1.1396911293074847 1.1338705545659484 1.1309995612558716 1.1305986492463376 1.130388659115554 1.130224823991248 1.1301295448299078 1.1301151936065494 1.1301835980750459 1.130325964166471 1.1305232458503351 1.1307469161971615 1.1309600478788802 1.131118585567208 1.1311734974526044 1.1311734974526044 1.1311734974526044 1.1311734974526044 1.1311734974526044 1.1311734974526044 1.1311734974526044 1.1311882432200306 1.131520469619323 1.1321691228663662 1.132982775723011 1.1338253418682842 1.134580186598905 1.1351541653654162 1.1354812164901849 1.135525118274104 1.1352810771471857 1.1347759419811436
1.3403044099027568 1.3202616310882795 1.2984414053224413 1.2768555265983155 1.2567407254025462 1.2378752549892644 1.2196796027379855 1.2018680748123116 1.1846561210218796 1.1685096470263772 1.1540371039450386 1.1422812513833218 1.1345115036120783 1.130359407857704 1.129279129160272 1.1288940985098164 1.128607484731256 1.1284449374483816 1.1284206809780735 1.128536820272233 1.1287832359313668 1.129138083527573 1.129568825754636 1.1300336577516576 1.1304831515405493 1.130861947797012 1.1311103539330187 1.1311734974526044 1.1311734974526044 1.1311734974526044 1.1311734974526044 1.1314800872344795 1.1323747859558573 1.1336741018737144 1.135199416170007 1.1367827838504254 1.1382716171300058 1.1395338242161128 1.1404630087010537 1.1409832061469918 1.1410525838242775 1.1406655958687277 1.1398532754110415
1.3682225227825016 1.348426326641599 1.3297637077653126 1.311918664620219 1.2944393776411696 1.2769247483894182 1.2591456392674873 1.2406598122988337 1.221074222180688 1.2007156526404668 1.1804505096415918 1.1614530157833678 1.1451700511798648 1.1332810836046079 1.127600307967652 1.1266817992109304 1.1262626745375917 1.1260273227333475 1.1259923333818747 1.126160166639507 1.1265190077458682 1.1270434571889303 1.127695942577569 1.1284286336902822 1.1291855973110312 1.1299049449446017 1.1305207858285262 1.1309648735830682 1.1311679051300483 1.1312099758176353 1.1319112275004133 1.1333514916955358 1.135328317430093 1.137640463276276 1.140091353566563 1.1424936459145059 1.1446748692890463 1.1464838824519743 1.1477976491945905 1.1485275929985652 1.1486246695420406 1.148082362531704 1.146937092023363
1.4105740715868085 1.3963851811363015 1.3829034902683206 1.3694618903790297 1.3552861208777485 1.3397157641335182 1.3223293356149999 1.3028257750180747 1.2807700954732377 1.2562111140106358 1.2300835542193265 1.2036748010592264 1.1785810232978875 1.156653475571347 1.1399406247698256 1.1287242498946217 1.123351483609939 1.1229276336738458 1.122880885606137 1.123105313025489 1.1235868866796919 1.1242956028766382 1.1251874624184388 1.1262070958119272 1.1272906270217207 1.128368417776998 1.1293674474054576 1.1302132094599024 1.1309182681930314 1.1322139425432725 1.1341411766410987 1.1367514098817981 1.1398538806358502 1.1432299008919 1.1466625016616094 1.149941541490908 1.152870435550638 1.155274293772005 1.1570088524963995 1.1579691611472855 1.158096706116356 1.157383691061596 1.155873624310602
1.4695037181766852 1.4618078703273354 1.454606558577925 1.446648469361227 1.4367467208289844 1.4239378937251566 1.4073544144393617 1.3865853528317953 1.3618875319153982 1.3331808863675834 1.301086498008946 1.267042303810122 1.2328358068929401 1.2005322122243498 1.172400313451052 1.1492628444310649 1.131326179794612 1.1208649016520416 1.1191370942916747 1.1194242798979332 1.1200414584686929 1.1209525318245217 1.1221051470482457 1.1234343746043334 1.1248665671839861 1.126322878639657 1.127722136196493 1.1290551665942108 1.1311755750631434 1.1341298139676672 1.1376268304605406 1.1414707147754628 1.1457449370475865 1.1502412848333374 1.1547198698176468 1.1589438201161952 1.1626871646791852 1.1657450646669723 1.1679457077696482 1.1691624201343898 1.1693239446537926 1.168420752384871 1.1665059162541758
1.5398075733610415 1.540805163609605 1.5417117915465504 1.5407646970959512 1.536408054642016 1.5271977881016399 1.5119946365008778 1.4904841404142022 1.4628927393982507 1.4298630954206883 1.3916351181940498 1.3496490723355528 1.3059396758953148 1.2628401075211697 1.2228862944808525 1.1872702783040991 1.156307186542741 1.1324470088513183 1.1181171926335653 1.1151695934620383 1.1159387270377186 1.1170747802875658 1.1185143230878056 1.1201801396603985 1.121986493460896 1.1238436303553434 1.1256736687560993 1.1283063910126359 1.13208033175677 1.1367018344616253 1.1418701439104209 1.147276408606353 1.1527804256636922 1.1584585759213208 1.164056289636431 1.169305606347725 1.1739446789091936 1.1777304955195989 1.1804548286896723 1.181961470506425 1.1821615175726983 1.1810430238905376 1.1786723522151257
1.6173075227046736 1.6301650898997457 1.641482120419926 1.6493763761118772 1.6519616548175668 1.6473234735523008 1.63439657503524 1.6127257758507028 1.5824979937212689 1.544571572662384 1.499923458882555 1.4495710532667438 1.3958500441978656 1.3414301529862145 1.2891714720600103 1.2404887153624111 1.1960125971472526 1.1584043856343633 1.1302479891672654 1.1140129042825764 1.111336810253948 1.1127265609299635 1.1144853571135018 1.1165199909890537 1.1187297363916004 1.121012041397845 1.1238285791268003 1.128077086929961 1.133494070692588 1.139780018455427 1.1466272292141697 1.153717392364916 1.1607211836228386 1.1676463416770049 1.1744453908057066 1.1808148349805276 1.186449186604415 1.1910563583734837 1.1943790534774938 1.196219781932999 1.1964643739373517 1.1950973886806233 1.1922043036685945
1.7004396273901072 1.7278436688798777 1.7517738967715828 1.7703774360725633 1.7812708710669118 1.7825240412693395 1.7728590153888573 1.7516409027818949 1.719014764857085 1.675954998942121 1.6241451851109803 1.5648386025038519 1.5004430109066644 1.4340509883857995 1.36891376269511 1.3065125288489985 1.2480257236142205 1.1963434096084011 1.154203882188977 1.1241790092483321 1.1086753742095234 1.10782944684757 1.1097191249015046 1.1120153154200096 1.1146783040087092 1.117735943670953 1.1223016789273872 1.1282421518401244 1.1352756034678326 1.1432068925972663 1.1517252993879565 1.1605070785846794 1.1692112796504361 1.1775440124662848 1.1856346471591976 1.1932349058904483 1.1999869237281546 1.2055352666454704 1.2095552390507058 1.2117898095528936 1.2120871673635583 1.2104265958910174 1.206922223264808
1.7891334125050222 1.8325697062218311 1.8708517032556098 1.9017686825867375 1.922584954170593 1.9311558541317648 1.9258211427053524 1.9056835994263421 1.870823874183548 1.8223796161574597 1.762473577674665 1.6933573977903054 1.617309675978872 1.5381066451007392 1.4594831336176335 1.3827546354034679 1.3097726421168066 1.2436869563441604 1.1866534161436293 1.1414570561744708 1.1109595169230477 1.0977710698539584 1.0985503874552207 1.1008358419898827 1.1040215190063107 1.1087778675903286 1.1159078305451158 1.1249189853616786 1.1352241212281715 1.1461554745872742 1.1569714481214275 1.1674393296217658 1.1778566935606407 1.1878567688431607 1.1973358824013998 1.2062937466265815 1.2143136348111956 1.22095878105846 1.22581032744785 1.2285222922361028 1.2288840502892275 1.2268664878584004 1.2226288822280347
1.882796145105161 1.9429848963626442 1.99695191194674 2.0417038110594348 2.0741863705857457 2.0916465402347892 2.0918278799234655 2.073248196686677 2.034734811112127 1.9780906121714024 1.9066568681356 1.8243869172029452 1.7345013900590063 1.6412947194360243 1.5488899224539163 1.4585544086792304 1.3715064016105176 1.2906040465054116 1.2188032242475053 1.1585896504122803 1.1132142500498303 1.086146195217958 1.079516565093361 1.0818106967945 1.0856790502536957 1.0924367111014643 1.1021336532734787 1.1142422280904811 1.1281413141550876 1.1431239666486679 1.158406093888208 1.1731344078921941 1.1863920745119831 1.1981570624245774 1.2092127476653707 1.2196675919911943 1.2291268159181774 1.2370267899626115 1.2428445171358293 1.2461200373092647 1.246558474606121 1.244118144619152 1.2390242375969802
1.9796240809330414 2.05705747025256 2.127817186407773 2.1881045115115327 2.2341967658573796 2.2618518790601376 2.2657180866913436 2.2444791208099755 2.1988840178677154 2.1315434108859677 2.0466647105492974 1.9494424250916875 1.844272455230415 1.7359332121389919 1.6278470847036424 1.5202703791945649 1.4170685506839502 1.3218518582685124 1.2376510806796854 1.1669344058612272 1.1116595134224048 1.0733644546519385 1.0548012379120066 1.0555649501379352 1.060436056894476 1.069168304937589 1.0814229108496878 1.0966429679099436 1.11416908377177 1.133250179024264 1.1530558328713234 1.1726872865223734 1.1911845531967256 1.2075098637598856 1.2207065000307984 1.2325680667154661 1.243437142588967 1.2527042606070729 1.2596700467825312 1.2636547885233822 1.2641920835336262 1.2612140047806293 1.2550816513457141
2.076701470306101 2.1718641783438013 2.2605807355107332 2.3382704340206124 2.3972356527652914 2.4315773100534246 2.4378553195927335 2.4141003861476724 2.360787193462574 2.2811807675568954 2.180824799157132 2.0664926707211615 1.944290745739778 1.8177347299704378 1.6898135427515966 1.5639144258811597 1.4444483243463724 1.3351513038573306 1.2390942378254146 1.1586725303183112 1.0956665131036525 1.051397281063641 1.0268852083810116 1.0227525088748424 1.028805065835193 1.039457954425862 1.0542467924925345 1.0725813134435052 1.0937560636722832 1.1169670144061215 1.1413301708946473 1.1658817866945481 1.189439488878874 1.2109610824075892 1.2294081973830608 1.2439541567730867 1.2564383899168914 1.2674017139189995 1.2759028845387317 1.280894969850094 1.2815765649415665 1.2778249834556425 1.2702749345726685
2.1701941771302913 2.2835247943468273 2.3908687266257904 2.4827036279881582 2.553178274540115 2.5966616706946724 2.6075379192297934 2.581978485781877 2.5198750852084872 2.425589572968684 2.3068681246934633 2.1727913609102245 2.0291857456997415 1.880765498864983 1.7319864704194736 1.5875787390490748 1.4520483600214047 1.3292000470386542 1.2221463966610346 1.1331586561803861 1.0637021843714407 1.0147601976229599 0.987108759227931 0.9814430410723995 0.9913292894367014 1.0038239201552668 1.021109100248669 1.0425527468662263 1.0673753015492273 1.0947036349837576 1.123514283680076 1.1526021470058214 1.1809588106929234 1.2075934757285613 1.2314865368796106 1.2516513606335111 1.2675122585666487 1.2805552554714152 1.2911695592532801 1.2976989864142912 1.2986123082425052 1.2936528322367682 1.2840838761565154
2.2555216995305933 2.386250157921273 2.5073012611333567 2.6134031866208147 2.6987303174060004 2.7553849021487573 2.774274695957307 2.7480533566843484 2.67533418238322 2.5625565626938775 2.421374490800871 2.26224476731368 2.0933816941935226 1.9215973214270372 1.7517976629436998 1.5892558654516877 1.4383164503602746 1.3027842937408782 1.1859659833487364 1.0900055037536014 1.0157536790125115 0.9636727549087094 0.9342949805886586 0.9283099037377018 0.944243954194183 0.9621809091690288 0.9812246861064482 1.0050638732714325 1.0330150946673955 1.0639953579263342 1.0968413349950563 1.1305688890472643 1.1641278368199193 1.1964135107696166 1.2262645096231637 1.2524980811572537 1.2743992125969752 1.2911932588924815 1.304720273507816 1.3138209846162912 1.3151670285197015 1.3080878596632683 1.2955641672983238
2.326902621641633 2.468746016304138 2.602745492115296 2.724917919190884 2.8288948475638733 2.9044393661659984 2.9370932978525923 2.9123415613397707 2.8256811478162556 2.6881398022672203 2.517534421905551 2.327935444197821 2.1321975796891612 1.9364079562317698 1.74643804727551 1.567064729191057 1.4020581573136255 1.2549979297810383 1.1300092180121988 1.0293584803532643 0.9523488672359826 0.898782326880771 0.8688111730909346 0.8627599987884922 0.8820153947778537 0.9080256402232412 0.9324289336094334 0.9585227583857397 0.9893268029407868 1.023642403587919 1.0604693706853148 1.0987361735385168 1.1373297012648473 1.1751123076364938 1.2109274631086626 1.2436201358271 1.2725554459119228 1.296628500988024 1.3147598701126808 1.32853753296437 1.3309427364219522 1.3195069516108167 1.302938948493447
2.37455339005214 2.5248269305368103 2.6706848374523933 2.8092027621905404 2.934917127712634 3.0367777528530526 3.093516121865312 3.0749421885443047 2.9674448012344845 2.794140362257021 2.5848969809394506 2.362365424211946 2.1390367702742097 1.9208251027621543 1.7130680323894505 1.5195619922481787 1.3430817048409873 1.18602061122957 1.0544447746373184 0.9531082933184434 0.8759722633885683 0.8215670254520333 0.7904985674018115 0.784248123624099 0.8057557928035716 0.8395419706919678 0.8728089460895088 0.9036542428110474 0.937070692330501 0.9747289696621617 1.0154872884222674 1.058159799798468 1.1015489060442485 1.1444620554538252 1.1857189704103 1.2241698216092538 1.2592388404600554 1.2901018211691722 1.3156508590369727 1.3369927314835428 1.3430411839098197 1.3231008662787758 1.3033971348912925
2.394047256995706 2.549519590948214 2.7037193756436393 2.855431967909417 3.001997924504119 3.136129376296794 3.235147879035371 3.2360065560592 3.089955114745 2.8622455593791525 2.609522478292585 2.354841836767276 2.1069317770381106 1.8704063194137035 1.6491236156162568 1.44628915111249 1.2671743597614846 1.1124416896020743 0.9856794500448778 0.8886662698358618 0.8133498380804538 0.7593352687869299 0.7275492009134981 0.7195731571279977 0.7386410723063959 0.7724387714770211 0.8070324062634311 0.841563447917203 0.8774525420444463 0.9185018353387 0.9631530265504711 1.0100801418737362 1.0579808465527891 1.1055827610234334 1.1516398156670808 1.1949380866028794 1.2348178874185531 1.270292219426681 1.2997916998341374 1.3204021139604654 1.3255575843530119 1.3124001004259784 1.2949255487624054
