_RESULTS/CROSS_VALIDATION_POSTPROCESSED_CLR/MHZ/TZ/3comp/4/MHZ_TZ_z_500_kriged_reverse_3comp_spherical_4.asc
ncols 100
nrows 81
xllcorner 5.5967107548124995
yllcorner 50.982328804812504
cellsize 0.00017565037499993607
nodata_value 1.7014100000000001E+038
[rows 0 to 18 of 81, columns 42 to 83 of 100]
-0.24704265961300828 -0.2616374146165507 -0.2805347030960138 -0.30260193579442995 -0.3267029765018467 -0.3517726366148204 -0.3768469705800521 -0.4010661602555654 -0.42366408733892763 -0.44395339145916285 -0.4613105066120547 -0.47516253043873113 -0.48497641614250286 -0.4902503706421451 -0.4910421562278879 -0.4910421562278879 -0.4910421562278879 -0.4910421562278879 -0.4910421562278879 -0.4910421562278879 -0.4910421562278879 -0.4910421562278879 -0.4910421562278879 -0.4910421562278879 -0.4910421562278879 -0.4910421562278879 -0.4910421562278879 -0.4910421562278879 -0.4910421562278879 -0.4910421562278879 -0.4910421562278879 -0.4910421562278879 -0.4910421562278879 -0.4910421562278879 -0.4910421562278879 -0.4910421562278879 -0.4910421562278879 -0.4910421562278879 -0.4910421562278879 -0.4910421562278879 -0.4910421562278879 -0.4910421562278879
-0.2003412262810082 -0.21950467960350534 -0.24303560049506492 -0.26917961860483275 -0.2971906137656176 -0.32607259955569834 -0.35478823557760225 -0.3824482034808656 -0.4082824889735171 -0.4316133473251795 -0.45183303273023623 -0.4683865359216385 -0.48075858649969105 -0.4884639886929058 -0.4910421562278879 -0.4910223133988987 -0.49096457591655535 -0.49090273473135104 -0.4908617241598 -0.490855269739421 -0.4908853964298592 -0.490942354805369 -0.491004973447953 -0.491041398766984 -0.4910421562278879 -0.4910421562278879 -0.4910421562278879 -0.4910421562278879 -0.4910421562278879 -0.4910421562278879 -0.4910421562278879 -0.4910421562278879 -0.4910421562278879 -0.4910421562278879 -0.4910421562278879 -0.4910421562278879 -0.4908035339924425 -0.4901622025409924 -0.48939773861101604 -0.4887350365147127 -0.48833274078821204 -0.48827753188408785
-0.14669723367668147 -0.17157566540083924 -0.20162137279803127 -0.2345260906592661 -0.2682199637855808 -0.3012115786651298 -0.33356989560383 -0.36457978575176275 -0.39349590768735815 -0.41967125693114077 -0.44252887972429605 -0.4615420142641489 -0.4761925744768889 -0.4859099824168554 -0.4902949050269949 -0.49031796043604153 -0.4900534141308002 -0.4898470140650347 -0.4897269810425062 -0.48970890132085027 -0.48979507751082274 -0.489974430813464 -0.4902229669725839 -0.4905047476621058 -0.4907732517042635 -0.49097297804155415 -0.4910421562278879 -0.4910421562278879 -0.4910421562278879 -0.4910421562278879 -0.4910421562278879 -0.4910421562278879 -0.4910421562278879 -0.49100192836204726 -0.49009558292520117 -0.488325994741345 -0.48610627181936356 -0.4838076706767825 -0.48174838195504827 -0.4801825129061652 -0.4792902861138916 -0.4791705178425882
-0.08743848090792844 -0.11918105986068378 -0.15665409103192918 -0.19699368356946495 -0.23775135553935967 -0.27700750342198044 -0.3133857251959199 -0.3472984652854251 -0.37895994097315494 -0.4077954963977619 -0.4332201365690455 -0.45447804321938545 -0.47101222817786553 -0.48230888891049895 -0.48812126048146753 -0.4886556243912102 -0.48817056142371434 -0.48780948437753857 -0.48760470673893674 -0.48757414835233914 -0.48772046104355293 -0.4880308963575084 -0.4884779346071157 -0.48902058517957675 -0.48960618216411683 -0.49017245602011433 -0.4906496648761337 -0.4909626077998541 -0.4910421562278879 -0.4910421562278879 -0.4910421562278879 -0.4910421562278879 -0.4902057499387496 -0.4877649261354642 -0.4842202678672496 -0.4800590643772651 -0.47573948569521846 -0.4716778059128591 -0.4682343840918233 -0.4656994798226028 -0.4642803313672447 -0.4640910624188386
-0.02439950485161979 -0.06443839589059502 -0.1096043137405302 -0.15671477815814255 -0.20361349884774976 -0.248700867020587 -0.2906835722870187 -0.328429995784014 -0.3624077028235403 -0.393433134909537 -0.42080239445184825 -0.4440625404271654 -0.4627352886219942 -0.4763095546786165 -0.48424185636652217 -0.486051000618262 -0.4853834989869008 -0.484855484249478 -0.4845589872188197 -0.4845149075107858 -0.48472634443897644 -0.4851784137267206 -0.4858391169794419 -0.4866611203666688 -0.4875841672071475 -0.4885377926386101 -0.4894440293171383 -0.49021986782845833 -0.49077933114336997 -0.4910351110002646 -0.4909426397543033 -0.48902955800005327 -0.4851003793318861 -0.47970740939400186 -0.4733996540757209 -0.46671339062542716 -0.46015970701640296 -0.4542091207400958 -0.44927395957016486 -0.4456898780679538 -0.4436985214590401 -0.4434336873507598
0.040438754901354124 -0.008156043526173329 -0.060755650793640814 -0.11430270027016526 -0.16693901810169348 -0.21733220091854444 -0.26438433110751236 -0.30709924302336855 -0.3442699101049 -0.3766168338293213 -0.4054274623748003 -0.43028496469740357 -0.45072714927500523 -0.46624845643932805 -0.4763039576562987 -0.48031480064497795 -0.48098423652471745 -0.4810336359771548 -0.4806539880408654 -0.4805950946607651 -0.48087782911291727 -0.4814845172960505 -0.4823773604533326 -0.4835009282405289 -0.4847854659754293 -0.48615050240402263 -0.48750830698782804 -0.48876688802708723 -0.48983238203760016 -0.4903730402640567 -0.4880997313057809 -0.4829460431669058 -0.47582507688653175 -0.4673612395248052 -0.4581511329219371 -0.4487866692587066 -0.4398411345484894 -0.4318508310334907 -0.4252928755717907 -0.42056083324118615 -0.4179410192662946 -0.4175930643748229
0.10360294578153778 0.045733397635716544 -0.013684514941933013 -0.0726838386437254 -0.13005067755444205 -0.18481513825722062 -0.2360922984466962 -0.2827291144470405 -0.3236354523284905 -0.35805069766069597 -0.3877934045903827 -0.4137998098928787 -0.43561135884491564 -0.45271685794294936 -0.464560529965923 -0.4705495925187103 -0.4728029379668435 -0.4746103845536032 -0.47569060204976454 -0.4758786531968728 -0.47624045063359444 -0.4770179743674924 -0.47816574778517157 -0.4796178164974646 -0.48129238204716907 -0.48309666329566164 -0.4849313295889809 -0.48669411917990507 -0.48808554979800595 -0.4864572942073017 -0.48137132245173836 -0.4733203606417907 -0.46295036113676713 -0.45128987340714904 -0.4390234060018883 -0.42680539722022337 -0.4152820562494067 -0.40506985375606563 -0.3967276097135544 -0.39072404455893467 -0.38740473669512204 -0.386964082335892
0.15509368050997824 0.09129521384615474 0.027828438682197476 -0.03452224458861253 -0.09499012590472206 -0.15281427467080166 -0.2069877642879619 -0.25636572399902174 -0.3002014458261232 -0.33770653976362097 -0.3684891373501733 -0.39517222610355685 -0.4179385253830744 -0.43625558512777113 -0.4495442339507517 -0.4571894386226591 -0.4610833082163927 -0.46469520573918865 -0.4677505072577177 -0.46990762093203897 -0.47088038169903645 -0.47184933888251934 -0.4732805427618789 -0.47509408384411617 -0.4771926854205081 -0.47946833629084784 -0.4818079638815362 -0.48406361684782095 -0.48361770629060374 -0.47920463869556884 -0.47129778803675054 -0.46040477193154206 -0.4470696248003685 -0.4320963866259368 -0.4166058488881531 -0.4013347497423132 -0.3870141109912284 -0.37435827672808974 -0.36403020642156325 -0.3565979646057325 -0.352487701428323 -0.3519419538716641
0.18635711905527524 0.12454088513475808 0.06133186424713405 -0.0016155572488385506 -0.06321670078991032 -0.12245951630470459 -0.17802008380545353 -0.2291150778020143 -0.2750023141821788 -0.3148881986808931 -0.3479143880208322 -0.3748703406612239 -0.398183233208749 -0.4173456467328155 -0.4317396444595849 -0.4407173995562475 -0.44626711340891656 -0.4517260127096982 -0.45679117929984725 -0.46110762619552775 -0.46429340321036155 -0.46605182793459055 -0.46780264072362376 -0.47001837834087024 -0.4725816172525646 -0.4753654622817883 -0.47824071815492347 -0.4795469603978037 -0.476450926437445 -0.46930796589811974 -0.45859304398809425 -0.4448236914726313 -0.4285645915850376 -0.4104332383731228 -0.39154074393198723 -0.3729922867178268 -0.3556158329640343 -0.340244782093989 -0.3276759762478726 -0.31861134576708044 -0.31358966224141005 -0.3129223918273
0.20125149576160722 0.146230512369166 0.0866075334083683 0.025451395755887007 -0.03543806400877236 -0.09432180150015496 -0.15004541920471465 -0.20181983950510468 -0.24886528482945697 -0.2903573317053897 -0.325399763088737 -0.35326582884742996 -0.3767479908372805 -0.3964143519261324 -0.41159021679013696 -0.4215836559955755 -0.4288251830217349 -0.4361646073702536 -0.4432638545292057 -0.4497601726518209 -0.4552580392216297 -0.45932738293758096 -0.46186084302808283 -0.46459272807845337 -0.46770926895891063 -0.47103825671706034 -0.4740150463649564 -0.47292186918702706 -0.46727038001085575 -0.4574836176465606 -0.4440026629857692 -0.42734806604153613 -0.40809771802550276 -0.386894609780968 -0.36453895005175113 -0.3424669237145106 -0.32173268996731763 -0.30331253861949814 -0.2881761277386178 -0.2772092579971055 -0.27111313564715944 -0.27030191505969214
0.20843418217913873 0.1599858736835163 0.10505729205150877 0.04706328835377954 -0.011573168572941162 -0.06881249630786551 -0.12359620566631929 -0.1750688249589541 -0.2224128978931662 -0.26476512336172997 -0.3011740575000593 -0.3305933834825723 -0.3539882428472638 -0.3739076881763211 -0.3895854007942022 -0.4003061546193614 -0.40926642523681356 -0.4185018704438932 -0.4276559001675439 -0.43656939841300674 -0.4448016976473899 -0.4517818395124443 -0.4569172530628234 -0.4605202281066312 -0.4643349998097651 -0.46824565443359534 -0.4698671197829458 -0.4662551802640524 -0.4578142053358844 -0.4450369292751973 -0.42848483870317333 -0.40879254829932654 -0.3865151708589905 -0.36213340388423415 -0.3363966241696932 -0.3105448332670988 -0.286106921705373 -0.2642278986186448 -0.24609930320536855 -0.2328638199896001 -0.2254653203039782 -0.22447840968703142
0.2125605346181279 0.1688656041753241 0.1183131844468795 0.06397159110065592 0.008591381811631549 -0.046067604264954376 -0.09896090640222538 -0.14923821538380305 -0.19614865386149238 -0.23923974618277616 -0.2773261753634966 -0.3089922922722065 -0.33348076204439314 -0.35384032022073264 -0.3698540215655072 -0.3810172902013155 -0.39115935118984624 -0.4017839237672474 -0.41276041923211754 -0.42383147225381534 -0.4347326455732774 -0.44471644838008745 -0.45279974426434133 -0.458365411445532 -0.4629532011874316 -0.46716830439844165 -0.46679820599493727 -0.4608781959250404 -0.4498219600628502 -0.4341143412161699 -0.41431222096552056 -0.39104841054825906 -0.3650399462847901 -0.3371019665866447 -0.30790322552671723 -0.2781436072990233 -0.249621790646806 -0.22378806217303066 -0.20211344774084 -0.18610139005074733 -0.17707096613427614 -0.17586166229901729
0.2148984812048293 0.17426166997873277 0.12736362984538047 0.07683539814250123 0.025222905204552892 -0.026117654867404083 -0.07648935606476925 -0.1259922503859911 -0.17362612861306376 -0.21812361479242504 -0.25804188192330796 -0.2917900060864386 -0.31782190931030296 -0.3385043279908675 -0.35465489617822 -0.3666583260897508 -0.37877695748490564 -0.39117473641292777 -0.40363619759454417 -0.41597497894466684 -0.42795448805912895 -0.4392623978791129 -0.4495497498201722 -0.45790519543898517 -0.46359457723249614 -0.4673914375952344 -0.46528381307167643 -0.4572984770750538 -0.44383919852812925 -0.4253838937120521 -0.4024823027153073 -0.37575804774747623 -0.34591689681121096 -0.31376348791319386 -0.2802302970999524 -0.24636395358946117 -0.2133900458516803 -0.18303679111346283 -0.15709594191371068 -0.13757821727960373 -0.12641063213185583 -0.12490533908162355
0.214933564897894 0.1761822188456284 0.13237218954896374 0.08575477660679326 0.0382920116488667 -0.010222638568551157 -0.05949979654679266 -0.10860584253138922 -0.156538027353336 -0.20203930004208076 -0.243524130522735 -0.27915005034261187 -0.3069824624255432 -0.3279856530833409 -0.3446445335712103 -0.3587507705981756 -0.37291318251073513 -0.38690133668510296 -0.4006466064886962 -0.4141055021449366 -0.4270928921878233 -0.43923500672141996 -0.4500743490953234 -0.4592053035100016 -0.46632584579307573 -0.4693269151709695 -0.46577908988181776 -0.4559967772367652 -0.4403815234018639 -0.4194090173762337 -0.39362253330120983 -0.3636316640283378 -0.3301193245094812 -0.2938675057615923 -0.2557663438374368 -0.21687604247456432 -0.17882444607280418 -0.14333482541355014 -0.11219465101121412 -0.08808860168026311 -0.07395599529596175 -0.07202882543580225
0.21111206083731476 0.17371303207713368 0.1328319640886641 0.09014229305469584 0.04524327388548327 -0.0013152296466179547 -0.04884971798813281 -0.09681624854733589 -0.14451061558133488 -0.19074751667339318 -0.23373292897940412 -0.2712332820257852 -0.3009047596981889 -0.32312647864000876 -0.34114151640075396 -0.3578182425715052 -0.3738419382651637 -0.38909681862647294 -0.40377722144878087 -0.41813289058841213 -0.4320734224691108 -0.44506233065983997 -0.4564245043460766 -0.46563235545050524 -0.4722564617836005 -0.47338829080327327 -0.4687029297719938 -0.45740642844257035 -0.4399103021353377 -0.41671756369914054 -0.38837181507883434 -0.35541207337015 -0.31850108221952206 -0.2784150898096376 -0.23596236536117926 -0.19207729681630442 -0.14812594255550565 -0.10655259861392458 -0.06912450217421284 -0.03882248801883281 -0.020261244989788818 -0.017671350209410297
0.20126212273841676 0.16543267829653713 0.12747593642238902 0.08683884910653 0.044339208583201006 0.0005830721446635212 -0.04422490257650041 -0.09014787814104802 -0.13705178263127332 -0.18393817942867735 -0.22865014656731114 -0.2682894464981743 -0.30049277866258517 -0.32471553924361796 -0.34516674402837755 -0.36439943467679115 -0.38200955359353794 -0.39801408408030453 -0.41302218154154735 -0.42793755777220654 -0.4428713142292798 -0.4568099461296753 -0.4686567036347729 -0.4777653357513414 -0.483451651419503 -0.48174526013506336 -0.47532744028427837 -0.4638192481267229 -0.44576661300472736 -0.4214450317483169 -0.39126773279455584 -0.3557578238088801 -0.3155319004556971 -0.2713204104059812 -0.2239810903282604 -0.17453216036461444 -0.1243017301677864 -0.0757131179870571 -0.030715571408946873 0.008002343217445196 0.033834810747646216 0.037638662652375865
0.18314685896110777 0.14959675347724194 0.11307869080667016 0.0746688329960376 0.035304496856871925 -0.004652999851089634 -0.045465490703628875 -0.08809188736779217 -0.1335410103776743 -0.18128899003855847 -0.2284158793794021 -0.27115235437354246 -0.306674514784002 -0.3334173008014465 -0.3574762632888153 -0.37922137522510135 -0.3981286221798268 -0.41420737164182714 -0.42845186403230345 -0.4433714713693917 -0.45968907308910706 -0.4747782591536297 -0.486941746485649 -0.49607967448714824 -0.5020851742567827 -0.4999720842540246 -0.49190670717461643 -0.47949050316554626 -0.4613979974150511 -0.4363628135328862 -0.40480286986039243 -0.36722354447171646 -0.3242298757625861 -0.27652160875029397 -0.22489197841960723 -0.1702341005026098 -0.1136009550674913 -0.05697466586975841 -0.002383621341669251 0.047314589325687495 0.08619021240433228 0.09292065084108242
0.1552289837939485 0.12340587310188361 0.08881156912195881 0.05322638845511335 0.01761367793856522 -0.0176038246679025 -0.052870509600583426 -0.09024610901827212 -0.13321292281356134 -0.18265959951604682 -0.2337522631075492 -0.28110352952736134 -0.32012900190560106 -0.3510803553580132 -0.37888626419512167 -0.40310003378126563 -0.4232055514071723 -0.43901272239255335 -0.45090111980849734 -0.464528483901287 -0.48348429569925055 -0.49939693199952756 -0.5128784260377336 -0.5238441549141113 -0.5310067775815208 -0.5290393600551897 -0.5196722498155097 -0.5053102421475608 -0.48651699807772103 -0.4611963180442455 -0.4287206120040967 -0.3896151761874491 -0.34450171408317964 -0.2940894575433073 -0.2391661012476463 -0.18058760423708653 -0.11928783420193739 -0.05695537881817697 0.005000660491866149 0.06545359420234015 0.12355795682317544 0.14010017824432824
0.11619331485291179 0.08676718729396388 0.05478271075889091 0.022286126876632173 -0.009467683471386212 -0.03962089645358868 -0.06803455486303267 -0.09699152124319887 -0.13514594172833683 -0.18889909547950184 -0.24696906998908952 -0.2995867527429621 -0.34302124029877934 -0.378749128783048 -0.41006895796289694 -0.43662196816134835 -0.45792780825347545 -0.4728610783964512 -0.4823833292398992 -0.49288281622762137 -0.5092368481259671 -0.525240914634216 -0.53966764460445 -0.5519655116424891 -0.5608390147813119 -0.5608644705209997 -0.5530644922012442 -0.5396111355206954 -0.5205984367725492 -0.4954419416387046 -0.4625272770830225 -0.4224622458266566 -0.37591790694470656 -0.32366338909768344 -0.26656187218101957 -0.20556808918967912 -0.14175512400994578 -0.07703768273960271 -0.013283864392418687 0.04709277080305724 0.09721940539555679 0.10892816362302965
