_RESULTS/CROSS_VALIDATION_POSTPROCESSED/Berg/IZ/4comp/5/Berg_IZ_z_63_kriged_reverse_4comp_spherical_5.asc
ncols 100
nrows 90
xllcorner  5.6208707817415728
yllcorner 50.959635321741573
cellsize 0.00013419651685393446
nodata_value 1.7014100000000001E+038
[rows 18 to 35 of 90, columns 0 to 40 of 100]
0.026165661336670257 0.026165661336670257 0.026165661336670257 0.026165661336670257 0.026165661336670257 0.026165661336670257 0.026165661336670257 0.026165661336670257 0.026165661336670257 0.026165661336670257 0.026165661336670257 0.026165661336670257 0.026165661336670257 0.026165661336670257 0.026165661336670257 0.026165661336670257 0.026165661336670257 0.026165661336670257 0.026147052512399516 0.02603935356871568 0.025841434448463665 0.025560458798302283 0.02520414612051581 0.024780608270954744 0.02429819640679143 0.023808614104949388 0.023519317197628047 0.023950211850265187 0.025289469992119607 0.027564304645289254 0.030865924459318052 0.03533464721548481 0.041143660691015396 0.04847850060415756 0.0575227286080558 0.06853293191799004 0.08235164186820193 0.10025093075669005 0.12119894552070623 0.1430240261049205 0.16308761560095758
0.026165661336670257 0.026165661336670257 0.026165661336670257 0.026165661336670257 0.026165661336670257 0.026165661336670257 0.026165661336670257 0.026165661336670257 0.026165661336670257 0.026165661336670257 0.026165661336670257 0.026165661336670257 0.026165661336670257 0.026165661336670257 0.026165661336670257 0.026165661336670257 0.026165661336670257 0.026165661336670257 0.02615223287528397 0.026054026032827915 0.025866073885409117 0.02559556259043051 0.025250260238623843 0.024838362039654054 0.024368349802435397 0.02394428137773368 0.024005241739553936 0.0246912797892025 0.026289825217062496 0.028897369329240974 0.03263690820967118 0.03769016660059802 0.04428653963241927 0.052692789785494396 0.06321797218081206 0.07627530330434486 0.09247642023346106 0.11227293048508084 0.13504044545377167 0.1588920055574315 0.18093220249944295
0.026165661336670257 0.026165661336670257 0.026165661336670257 0.026165661336670257 0.026165661336670257 0.026165661336670257 0.026165661336670257 0.026165661336670257 0.026165661336670257 0.026165661336670257 0.026165661336670257 0.026165661336670257 0.026165661336670257 0.026165661336670257 0.026165661336670257 0.026165661336670257 0.026165661336670257 0.026165661336670257 0.026158736394666565 0.026102862853185787 0.026017834507640395 0.025867553672810302 0.0256245771578803 0.02527419283027931 0.024815242569918877 0.024604597484318282 0.025011734157860944 0.026024928335401716 0.02783858028764228 0.030822970364035453 0.03511026511769251 0.040914166287377284 0.04853926531406991 0.058350678865254184 0.07077093954644369 0.08627820357069792 0.10534070540214054 0.12812177478554715 0.15397926665895095 0.18112424230318067 0.20652266694983876
0.026165661336670257 0.026165661336670257 0.026165661336670257 0.026165661336670257 0.026165661336670257 0.026165661336670257 0.026165661336670257 0.026165661336670257 0.026165661336670257 0.026165661336670257 0.026165661336670257 0.026165661336670257 0.026165661336670257 0.026165661336670257 0.026165661336670257 0.026165661336670257 0.026185761883653628 0.026367554520243267 0.026679816095234975 0.026995060027587874 0.027223012073289844 0.027315319481288007 0.02723625601545387 0.026966177386440537 0.026600286998752075 0.026722098945987253 0.027462434796424948 0.02882974377242458 0.030883590603880396 0.03400130819486849 0.03860057361276173 0.04509133151568937 0.05397795265754615 0.0655409059991796 0.08029379914341314 0.09877686683166467 0.12139999814437592 0.14817199817741325 0.17833451064400577 0.21007179881881058 0.23502400808838864
0.026165661336670257 0.026165661336670257 0.026165661336670257 0.026165661336670257 0.026165661336670257 0.026165661336670257 0.026165661336670257 0.026165661336670257 0.026165661336670257 0.026165661336670257 0.026165661336670257 0.026165661336670257 0.026165661336670257 0.026165661336670257 0.026179161143029494 0.026428476909109214 0.026931234790676526 0.027611277565177336 0.02839342880142734 0.029159218126581517 0.029775197822918324 0.030173190699053536 0.030300595409657183 0.030131003834295154 0.0300756328239602 0.030576438310170383 0.031727223898003296 0.03355734287817339 0.036147425807968744 0.03964846669729578 0.04461701259540434 0.051605126962196476 0.061237560818625775 0.07441810306524643 0.09199708019734107 0.11412110781021084 0.14115740216299522 0.17295178684568902 0.2084793361953252 0.24171710743792008 0.25552337656699137
0.026165661336670257 0.026165661336670257 0.026165661336670257 0.026165661336670257 0.026165661336670257 0.026165661336670257 0.026165661336670257 0.026165661336670257 0.026165661336670257 0.026165661336670257 0.026165661336670257 0.026165661336670257 0.026165661336670257 0.026290213669554856 0.026808903081833438 0.027659848325668084 0.02876869074698081 0.030056820174965342 0.03143691553685583 0.032792406954082344 0.03393699730993109 0.034759636703053605 0.035176948903858286 0.03527987192853451 0.0356811097132212 0.036657778449057966 0.03834193000311562 0.040785515875001704 0.044098126527061084 0.04845538507343897 0.054127535478616706 0.061880325487545615 0.07252579563429555 0.08698637752886396 0.10653051567641339 0.13270932115603296 0.16518468899968106 0.20312879299482486 0.2434304082875511 0.2667682295714159 0.26419828867683964
0.026165661336670257 0.026165661336670257 0.026165661336670257 0.026165661336670257 0.026165661336670257 0.026165661336670257 0.026165661336670257 0.026165661336670257 0.026165661336670257 0.026165661336670257 0.026165661336670257 0.026165661336670257 0.02641923966086138 0.02717613287719761 0.028369574378005163 0.029936937126825377 0.03180838092427358 0.03389756442389394 0.03609574999705767 0.03826790300341024 0.04017883561398939 0.04163045203769793 0.042484852210905304 0.043164924321146964 0.044190639917006475 0.045798778024311385 0.048189353826965285 0.05143939031122013 0.05569418360258593 0.061178698374022795 0.0682158229495473 0.07725236462359075 0.08926115614037874 0.10550708616149523 0.12727858550189672 0.15619986485729695 0.19414191000526526 0.23963629665117764 0.27621831821983245 0.28435538657918935 0.26180856381893713
0.026165661336670257 0.026165661336670257 0.026165661336670257 0.026165661336670257 0.026165661336670257 0.026165661336670257 0.026165661336670257 0.026165661336670257 0.026165661336670257 0.026165661336670257 0.026165661336670257 0.02648562094327441 0.027414521804897427 0.028901082004706067 0.030905237488946125 0.033382332084112204 0.03626817678931568 0.03946543932256997 0.042833386965127146 0.04618434370268443 0.049247533353113104 0.05167002785086289 0.05327671243203777 0.05491986798226898 0.05685096176247411 0.059315220271807044 0.06263417661872234 0.06691235813343323 0.07233946985798259 0.07920481314555604 0.0879187549833855 0.09904196622971839 0.11332093164044138 0.13186100749910537 0.1565453013578119 0.1890557042202541 0.23105782504018968 0.27969358172579567 0.3063489439429193 0.2967448316577827 0.2537705282147175
0.026165661336670257 0.026165661336670257 0.026165661336670257 0.026165661336670257 0.026165661336670257 0.026165661336670257 0.026165661336670257 0.026165661336670257 0.026165661336670257 0.026165661336670257 0.0264550620487996 0.027455654077883456 0.029139052190860593 0.03149534528422281 0.03452086362832768 0.0381991019914747 0.042479506080441556 0.04725501270821405 0.05234196971766297 0.05746901101886232 0.06227829123830555 0.06624154596752793 0.06920877897160571 0.0723238422471443 0.07560468537168716 0.07923425382781293 0.08373118229338565 0.08923959071777207 0.09600646881000192 0.1044074079055776 0.11496995884580699 0.1284065558784517 0.14565550452489565 0.16791877824988868 0.19666348604790232 0.23378585106149666 0.2813862429633578 0.32308098973638405 0.3356625556826869 0.30780634661842776 0.24556530749303057
0.026165661336670257 0.026165661336670257 0.026165661336670257 0.026165661336670257 0.026165661336670257 0.026165661336670257 0.026165661336670257 0.026165661336670257 0.026165661336670257 0.026342944819582846 0.027288064579139376 0.029032182392998946 0.031595591193355935 0.035024094990198144 0.039369656048117936 0.044665931933323924 0.05089648258509018 0.05795620146872606 0.06561125896624134 0.07346926800483525 0.08097720912311664 0.08742039844999834 0.09271972035773773 0.09813413092017947 0.10343825416065593 0.10864724194082415 0.11452863825261073 0.12132691092902997 0.12937215976479713 0.13916489077409386 0.1513948942014441 0.1669753015433536 0.18709336409041738 0.2132667410730021 0.24736456847369234 0.29148380468189744 0.3442349612833482 0.37512684800759744 0.3686709897711974 0.3220030525960728 0.24129563637715593
0.026165661336670257 0.026165661336670257 0.026165661336670257 0.026165661336670257 0.026165661336670257 0.026165661336670257 0.026165661336670257 0.026165661336670257 0.026212757542171165 0.026959049238403178 0.02860350441634502 0.031186736413233097 0.03479987833794085 0.03956933910528414 0.04563643643680083 0.05312601375013718 0.062098898710947724 0.07248622587630407 0.08401126958580883 0.09611752941126558 0.10793754572966409 0.11834556176969399 0.12755390092733782 0.1366056163471046 0.14493726940972446 0.15224270856457367 0.15949282200238013 0.16722800929299106 0.17592812797700544 0.18630038611295044 0.19927401323029537 0.2160251655293312 0.23803997613300645 0.2672094286663455 0.3060340763643623 0.35754597778460334 0.41196015334684816 0.43344082213003293 0.41136709682578976 0.34410942794732846 0.24416327204754082
0.026165661336670257 0.026165661336670257 0.026165661336670257 0.026165661336670257 0.026165661336670257 0.026165661336670257 0.026165661336670257 0.026165661336670257 0.02656752867836335 0.02794564933044354 0.030346746816538723 0.03388956327648461 0.03876101996172995 0.045206317475170205 0.05351013980406119 0.06395906441971422 0.0767737547752387 0.09200143901184142 0.10936950059263963 0.12812507132894058 0.14692317450334605 0.16386260737080316 0.1794370074834708 0.1942906197870743 0.20711162570241165 0.21709669071386406 0.22507538529184984 0.23243777772665752 0.23999717278180374 0.2488554029942153 0.2603251088197515 0.27592348019494967 0.2975679223043312 0.32775832396089866 0.3693954383304426 0.42623998657243656 0.47491922820757004 0.48577984145153935 0.45387743204432834 0.3749333255521783 0.25209413091835337
0.026165661336670257 0.026165661336670257 0.026165661336670257 0.026165661336670257 0.026165661336670257 0.026165661336670257 0.026165661336670257 0.026252075062535074 0.027203534540367995 0.02923201842928627 0.03245622939176197 0.03709280631722319 0.043458369226350636 0.05197062163898972 0.06313806847648787 0.07752239762404439 0.09565079625688852 0.11785160418068044 0.14399542564335072 0.1731610207255573 0.20332476765689717 0.2312959444743102 0.2572305565535839 0.2812553686101871 0.300631572299036 0.31360184977770916 0.32041801479462867 0.32411374354534056 0.3265368315189194 0.32960340012263245 0.3352893600810914 0.34594985828796804 0.36375663323630736 0.3910503693675035 0.4308517340443202 0.48566792796833436 0.5196982553867908 0.5143497049764596 0.47359887414830093 0.40448909490385715 0.2592055072779107
0.026202846127004922 0.026198682832999528 0.02618769780591286 0.026174354387135782 0.026165931070628035 0.026165661336670257 0.026165661336670257 0.026553354599816337 0.028044608177006717 0.03074163477528694 0.03485196922394792 0.040713717146119585 0.048814734167732375 0.0598144694840459 0.07455602666049703 0.09404530172576296 0.11935752726478632 0.15141255119163477 0.19055295061565458 0.2358982801548061 0.2845891813058349 0.33132375641213113 0.3746854728132146 0.4131529743624151 0.441638690764431 0.45667435100572357 0.45810180715116855 0.45102032486788796 0.44052896214118165 0.430299193918254 0.4239970392448284 0.42400827582540596 0.43227779999608623 0.4508173173000801 0.48206630610247775 0.5244508299615493 0.5345923314390526 0.5028841230919078 0.43753673493562467 0.3452443708968208 0.20981969990607444
0.02651776679226477 0.02650407730668499 0.026464753698431678 0.026404946671329428 0.02633297661271684 0.02625998794895174 0.026222459326558013 0.027002746573462497 0.029013450975596596 0.03238601839283913 0.037426836676040444 0.044619698969065695 0.054668709461889044 0.06855510712258463 0.08759451705628452 0.11346637471584997 0.1481564872646601 0.19370560269935497 0.2516023779464448 0.3216512617972017 0.4003205082059642 0.4791360437579829 0.5523264661645622 0.6145604087035488 0.6548781310093091 0.6675479146120717 0.6541718727719601 0.6227542121315126 0.5858185010178074 0.55142427512781 0.5237707881771173 0.5051627953692118 0.49695998601624647 0.5001734790728974 0.5158545439585306 0.5373745553550554 0.5186421429061638 0.45745923082637135 0.36568423694407004 0.25655037840864187 0.14900800589666027
0.02714922027734151 0.02712487836322989 0.027053956914435705 0.026942638014343958 0.026800812902106338 0.026641541075174056 0.02663260379642969 0.027703862655701163 0.030096475950407594 0.03406607627649152 0.04004239565907239 0.04861892175555503 0.060752809121461374 0.07782585764953581 0.10177466443065282 0.13522411816613183 0.18155019559405644 0.2447129167692674 0.32855330414958483 0.43507793311343324 0.5612739619035224 0.6948082444178822 0.8201534792515203 0.922695183327512 0.9781502857383307 0.9762407659518614 0.9260096152663014 0.8475373530129251 0.7638056027803418 0.689131002134393 0.6281588391037183 0.5821591546071067 0.5508030875762147 0.5332097546847558 0.5283942647467728 0.5259371721979191 0.4811845005823924 0.398934011999925 0.29673196607098823 0.19406797694572467 0.10936357675148982
0.028100555830452276 0.02806389997420141 0.027956558527392573 0.027786209144567225 0.02756501693388175 0.027308810807838153 0.02738743722472052 0.02870649545512036 0.031432221020465174 0.035875906880415843 0.04258957096496309 0.05246159434069954 0.06668775988700243 0.08704955773376699 0.11622853233006453 0.15805392726507783 0.21781371935020627 0.30239372177558405 0.41980262282625014 0.5771556411369448 0.7755716798093063 1.0006213748136419 1.2193524965394957 1.3933970769655708 1.4665085757266934 1.421099187224404 1.2904605833939895 1.127036394606707 0.9678739907429836 0.8331193195521354 0.7267200539050391 0.646025130872313 0.5871286821683401 0.5461562086515112 0.519638367650726 0.49574174399506343 0.43337590031518475 0.3419956065655119 0.24192947951873156 0.15191052495160987 0.0841632469844699
0.02938422589063555 0.029332933896108884 0.029182433938256383 0.02894254618628851 0.02862867416975924 0.02826056053776457 0.028437356615890252 0.02995176438225921 0.032960797537015724 0.0378238907698346 0.04517106592923462 0.05602463236962546 0.072006205669268 0.09546018943139693 0.1296993127957746 0.17990281234567365 0.2536548224051233 0.3616888602573198 0.5182522748225338 0.7398537707143433 1.0394011282881583 1.4099050341815602 1.7978685606251352 2.107622869919778 2.1974948330468798 2.0398670361131295 1.749531241964008 1.4445241249981113 1.1788907667007997 0.9663243457627476 0.8058853992821616 0.6874349506581978 0.6008011551880975 0.5378584882443402 0.4923513897582548 0.4530729379326382 0.3829273110814973 0.2921457838636479 0.20050116177577434 0.12335634765017739 0.0680560542604021
