_RESULTS/CROSS_VALIDATION_POSTPROCESSED/Berg/IZ/4comp/5/Berg_IZ_z_500_kriged_reverse_4comp_spherical_5.asc
ncols 100
nrows 90
xllcorner  5.6208707817415728
yllcorner 50.959635321741573
cellsize 0.00013419651685393446
nodata_value 1.7014100000000001E+038
[rows 72 to 89 of 90, columns 42 to 83 of 100]
0.08941481120514184 0.09087078359224526 0.09158247818246036 0.09148809688923999 0.09059598512152284 0.08898276938453932 0.08677710496226175 0.0841387852875665 0.08123747236739282 0.07822051636094243 0.07521336841595304 0.07231754301069447 0.06961195265078546 0.06715640485180867 0.06499590758501188 0.06345564833823401 0.06281522879174964 0.06294777993761826 0.06375627794677674 0.06516660331771515 0.06685801570184143 0.06843960881660985 0.06978661709975394 0.07079009808817063 0.07136674866318025 0.07146767141757948 0.07108397327331212 0.07024784813141027 0.06902887146670401 0.06752640415247416 0.065859874943594 0.06415903639746579 0.06255190460940407 0.0611605536489724 0.060110387996686616 0.059526232564693526 0.059449204845110376 0.059449204845110376 0.059449204845110376 0.059449204845110376 0.059449204845110376 0.059449204845110376
0.0960437855041751 0.0979065288790997 0.09882336056187863 0.09870152905570764 0.09755365151660626 0.09549423800105275 0.09271008859447527 0.0894195413003446 0.0858378975601077 0.08215962869500341 0.07853504455873611 0.07507708970417942 0.07186791663719151 0.06896539909921871 0.06640965653070015 0.0642288718284125 0.062475722120413225 0.06147616898457462 0.06121586897517692 0.06160190386203631 0.06249806444660796 0.06343184553856164 0.06424674801674524 0.06486212785279552 0.06521777143987273 0.06527888336538613 0.06503925802956387 0.06452188222190576 0.06377682028717235 0.06287688241409155 0.061912061968130275 0.06097882051452787 0.06018125483150315 0.05963243422655513 0.059449204845110376 0.059449204845110376 0.059449204845110376 0.059449204845110376 0.059449204845110376 0.059449204845110376 0.059449204845110376 0.059449204845110376
0.10342723972228414 0.10582919902061699 0.10702326636841894 0.1068641243579381 0.10537175131375659 0.10272443510910688 0.0992013189045503 0.09511021205084291 0.09073326789278471 0.08630054960999976 0.0819888100433644 0.07792259364563214 0.07418208712560344 0.07081857039394053 0.06786354515731337 0.06533604398820489 0.0632483341775412 0.061610384491768234 0.06044616754396005 0.05993951487893189 0.060083766541068714 0.06049221218447536 0.06088408020778809 0.0611954128941733 0.06137968861213867 0.06141047383424009 0.06128313143148485 0.06101514013356691 0.060644939393145345 0.06022863923955014 0.05983336187655421 0.05954276249921372 0.059449204845110376 0.059449204845110376 0.059449204845110376 0.059449204845110376 0.059449204845110376 0.059449204845110376 0.059449204845110376 0.059449204845110376 0.059449204845110376 0.059449204845110376
0.11153276586850908 0.11466619726962705 0.11624742458836626 0.11603571951117764 0.11406472137222132 0.11062696513680224 0.10615315274918992 0.10108008701998596 0.09577280271171934 0.0905025485397049 0.08545556745530535 0.08075201369673052 0.07646735222300258 0.07264240696393429 0.06929574530959938 0.06643434860764341 0.06405971874187515 0.06217238269450448 0.06077536583550089 0.0598770762242975 0.05949395456842323 0.059478241030300694 0.05950815393907943 0.059563511842721906 0.05960508418827429 0.059610973365047254 0.05957738081586352 0.05951842082507494 0.05946254822101332 0.059449204845110376 0.059449204845110376 0.059449204845110376 0.059449204845110376 0.059449204845110376 0.059449204845110376 0.059449204845110376 0.059449204845110376 0.059449204845110376 0.059449204845110376 0.059449204845110376 0.059449204845110376 0.059449204845110376
0.12025196937609306 0.12440509573208025 0.1265517801280503 0.12626217912467103 0.1235979971582787 0.11907348077751642 0.1133752534065189 0.10711760456697614 0.10075171929160773 0.09457430818422158 0.08876645384703814 0.08343091855564222 0.07862012734021101 0.07435546806661734 0.070640482739606 0.06747008457524722 0.06483400178034185 0.06272270818023837 0.06113081438254599 0.06005958580562206 0.059519262663261206 0.059453484049087076 0.05945161027618322 0.0594499274678891 0.059449204845110376 0.059449204845110376 0.059449204845110376 0.059449204845110376 0.059449204845110376 0.059449204845110376 0.059449204845110376 0.059449204845110376 0.059449204845110376 0.059449204845110376 0.059449204845110376 0.059449204845110376 0.059449204845110376 0.059449204845110376 0.059449204845110376 0.059449204845110376 0.059449204845110376 0.059449204845110376
0.12932641786505444 0.13494368487178857 0.13797102876691655 0.13755680340551696 0.1338293347296522 0.12777957825425948 0.12052720056216805 0.11289536376481142 0.10538758841539034 0.09828537968737133 0.09173486170344444 0.08580298116797845 0.0805113198029038 0.07585630689680282 0.07182151726432931 0.0683853622883381 0.06552607620249805 0.06322511847744558 0.06146968331515304 0.06025477130254103 0.05958515222067071 0.059449204845110376 0.059449204845110376 0.059449204845110376 0.059449204845110376 0.059449204845110376 0.059449204845110376 0.059449204845110376 0.059449204845110376 0.059449204845110376 0.059449204845110376 0.059449204845110376 0.059449204845110376 0.059449204845110376 0.059449204845110376 0.059449204845110376 0.059449204845110376 0.059449204845110376 0.059449204845110376 0.059449204845110376 0.059449204845110376 0.059449204845110376
0.13819544422177052 0.14595613282209144 0.15049227034687898 0.14985183172543132 0.14435891999909126 0.13616368194923628 0.12704366607755466 0.11794709918921167 0.10932169670691302 0.1013671968970087 0.09416114638572613 0.0877193312911551 0.08202624323983718 0.07705142223680912 0.07275874242594427 0.06911196871008632 0.06607826561322798 0.06363057455792903 0.06174940173412884 0.060424370363301436 0.05965579835600529 0.059449204845110376 0.059449204845110376 0.059449204845110376 0.059449204845110376 0.059449204845110376 0.059449204845110376 0.059449204845110376 0.059449204845110376 0.059449204845110376 0.059449204845110376 0.059449204845110376 0.059449204845110376 0.059449204845110376 0.059449204845110376 0.059449204845110376 0.059449204845110376 0.059449204845110376 0.059449204845110376 0.059449204845110376 0.059449204845110376 0.059449204845110376
0.14571843717292413 0.15646079318244133 0.16395765268689322 0.16279882987361774 0.15409996540590057 0.1431219400056271 0.13208788076404357 0.12169031803962159 0.11215540974037162 0.10354501036273014 0.09585300212597571 0.08904294564820782 0.08306547472446457 0.07786736573033341 0.07339668320415653 0.06960589345517462 0.0664538759101705 0.06390734785841208 0.061942024439171475 0.0605437419887678 0.05970973125088386 0.059449204845110376 0.059449204845110376 0.059449204845110376 0.059449204845110376 0.059449204845110376 0.059449204845110376 0.059449204845110376 0.059449204845110376 0.059449204845110376 0.059449204845110376 0.059449204845110376 0.059449204845110376 0.059449204845110376 0.059449204845110376 0.059449204845110376 0.059449204845110376 0.059449204845110376 0.059449204845110376 0.059449204845110376 0.059449204845110376 0.059449204845110376
0.15001535659049375 0.16346208283233254 0.17697906323323298 0.17408029913150405 0.16025478550737732 0.14694089796541807 0.13468092821975966 0.12354923543262536 0.11353441431651148 0.10459125948872978 0.09665877992717273 0.08966954526023824 0.08355534893793391 0.07825084252931638 0.0736959277403905 0.06983736972373664 0.06662994015134686 0.06403731302808516 0.062032887584335936 0.060600687565604265 0.0597364790634831 0.059449204845110376 0.059449204845110376 0.059449204845110376 0.059449204845110376 0.059449204845110376 0.059449204845110376 0.059449204845110376 0.059449204845110376 0.059449204845110376 0.059449204845110376 0.059449204845110376 0.059449204845110376 0.059449204845110376 0.059449204845110376 0.059449204845110376 0.059449204845110376 0.059449204845110376 0.059449204845110376 0.059449204845110376 0.059449204845110376 0.059449204845110376
0.14929028067903768 0.1619122550141204 0.1731343022555871 0.17105915446992856 0.1589188528064001 0.14615849940758688 0.13416105321839072 0.12318036153082736 0.11326233235393812 0.10438555681012236 0.09650072372970313 0.08954683200819798 0.08345951981069866 0.07817588547837319 0.07363746493469803 0.06979215804907551 0.06659555042220265 0.06401191694006735 0.06201511277123929 0.06058951762217236 0.05973118457363456 0.059449204845110376 0.059449204845110376 0.059449204845110376 0.059449204845110376 0.059449204845110376 0.059449204845110376 0.059449204845110376 0.059449204845110376 0.059449204845110376 0.059449204845110376 0.059449204845110376 0.059449204845110376 0.059449204845110376 0.059449204845110376 0.059449204845110376 0.059449204845110376 0.059449204845110376 0.059449204845110376 0.059449204845110376 0.059449204845110376 0.059449204845110376
0.14393833171726017 0.15329767367406297 0.15950459835765396 0.15857346704816902 0.151143628479232 0.14111317610288193 0.13067115021642628 0.12065526131574543 0.11137925403943316 0.10295217178226711 0.09539437887695665 0.08868520101039191 0.08278518107692112 0.07764761742812364 0.07322503567566993 0.0694730544243844 0.06635284463056891 0.06383283323272225 0.061890043897116845 0.060511342161414246 0.05969479409254139 0.059449204845110376 0.059449204845110376 0.059449204845110376 0.059449204845110376 0.059449204845110376 0.059449204845110376 0.059449204845110376 0.059449204845110376 0.059449204845110376 0.059449204845110376 0.059449204845110376 0.059449204845110376 0.059449204845110376 0.059449204845110376 0.059449204845110376 0.059449204845110376 0.059449204845110376 0.059449204845110376 0.059449204845110376 0.059449204845110376 0.059449204845110376
0.13600419532626562 0.14253961739272797 0.14630884968487984 0.14575847819692092 0.1409496975623241 0.13352934735211439 0.1250421300416529 0.11641957113102439 0.10814481101827332 0.10045215527076756 0.09344458393668169 0.08715555489988097 0.08158180811415373 0.07670149521540948 0.07248466269998771 0.06889958988540813 0.06591681050694535 0.06351183258291868 0.06166716070013146 0.06037401324202789 0.05963402008824514 0.059449204845110376 0.059449204845110376 0.059449204845110376 0.059449204845110376 0.059449204845110376 0.059449204845110376 0.059449204845110376 0.059449204845110376 0.059449204845110376 0.059449204845110376 0.059449204845110376 0.059449204845110376 0.059449204845110376 0.059449204845110376 0.059449204845110376 0.059449204845110376 0.059449204845110376 0.059449204845110376 0.059449204845110376 0.059449204845110376 0.059449204845110376
0.12715927707273741 0.1317277615002487 0.13416118282385145 0.13377169903911737 0.13044520135449256 0.1249500142016522 0.11824051760820048 0.11107238085197008 0.10393968373343539 0.09713516264833716 0.0908201101516107 0.08507514314696311 0.07993286566122075 0.07539826288916206 0.07146148165965802 0.06810599049018119 0.06531394706754878 0.063069893021164 0.06136348414845027 0.06019172954244747 0.05956108399435964 0.059449204845110376 0.059449204845110376 0.059449204845110376 0.059449204845110376 0.059449204845110376 0.059449204845110376 0.059449204845110376 0.059449204845110376 0.059449204845110376 0.059449204845110376 0.059449204845110376 0.059449204845110376 0.059449204845110376 0.059449204845110376 0.059449204845110376 0.059449204845110376 0.059449204845110376 0.059449204845110376 0.059449204845110376 0.059449204845110376 0.059449204845110376
0.11830123032819619 0.12152425859016412 0.12314221264465895 0.12282222350786474 0.12041407819147022 0.11628271588927665 0.11101624858779476 0.1051660093006973 0.09915638633952188 0.09327887217995247 0.08771897321235123 0.08258701909473022 0.07794325413574614 0.07381606502935169 0.07021466828816895 0.06713785085009592 0.06458005107408064 0.062535713325336 0.061002576056836594 0.05998436917565941 0.059493283526626445 0.059449204845110376 0.059449204845110376 0.059449204845110376 0.059449204845110376 0.059449204845110376 0.059449204845110376 0.059449204845110376 0.059449204845110376 0.059449204845110376 0.059449204845110376 0.059449204845110376 0.059449204845110376 0.059449204845110376 0.059449204845110376 0.059449204845110376 0.059449204845110376 0.059449204845110376 0.059449204845110376 0.059449204845110376 0.059449204845110376 0.059449204845110376
0.10985834765691224 0.11214464006593249 0.1132299133896986 0.11294206321419928 0.11114520213040811 0.10799137010499849 0.10385329989328987 0.099120822547208 0.09413077786871991 0.08914184964060931 0.08433745243314063 0.07983986875882877 0.07572611414913047 0.07204172741924542 0.06881161156883464 0.06604820019995436 0.0637575409007146 0.06194388682418626 0.06061329784934928 0.05977665947230842 0.05945245850505749 0.059449204845110376 0.059449204845110376 0.059449204845110376 0.059449204845110376 0.059449204845110376 0.059449204845110376 0.059449204845110376 0.059449204845110376 0.059449204845110376 0.059449204845110376 0.059449204845110376 0.059449204845110376 0.059449204845110376 0.059449204845110376 0.059449204845110376 0.059449204845110376 0.059449204845110376 0.059449204845110376 0.059449204845110376 0.059449204845110376 0.059449204845110376
0.10202545830707462 0.10364725770235286 0.10437173781303022 0.10410424220365082 0.10273581107932031 0.10029823499781705 0.09703568047251676 0.0932231462800444 0.08911890194277473 0.08493891842899637 0.08084984148308036 0.0769728241595466 0.07339187140146737 0.07016298556438735 0.06732243781144671 0.06489365487768853 0.06289276046789473 0.061333023237138476 0.06022851933147024 0.05959731356735978 0.059449204845110376 0.059449204845110376 0.059449204845110376 0.059449204845110376 0.059449204845110376 0.059449204845110376 0.059449204845110376 0.059449204845110376 0.059449204845110376 0.059449204845110376 0.059449204845110376 0.059449204845110376 0.059449204845110376 0.059449204845110376 0.059449204845110376 0.059449204845110376 0.059449204845110376 0.059449204845110376 0.059449204845110376 0.059449204845110376 0.059449204845110376 0.059449204845110376
0.0948826506383983 0.0960269667521385 0.09650338806331527 0.09625721284344667 0.09520030361035998 0.09329911958216063 0.09071839016842699 0.087653904306675 0.08430121551149428 0.08083497483199449 0.07739935716845715 0.07410670860734304 0.07104090607200589 0.06826273419060594 0.06581565709648673 0.063731195323033 0.06203363511929238 0.06074407622153306 0.05988395802114485 0.05947826275286136 0.059449204845110376 0.059449204845110376 0.059449204845110376 0.059449204845110376 0.059449204845110376 0.059449204845110376 0.059449204845110376 0.059449204845110376 0.059449204845110376 0.059449204845110376 0.059449204845110376 0.059449204845110376 0.059449204845110376 0.059449204845110376 0.059449204845110376 0.059449204845110376 0.059449204845110376 0.059449204845110376 0.059449204845110376 0.059449204845110376 0.059449204845110376 0.059449204845110376
0.08845235518742045 0.0892513735021567 0.08955749504849544 0.08933867383877926 0.08851485744766502 0.08702323313903287 0.08497780186015416 0.08251988019040331 0.07979736272122634 0.07694935749869751 0.07409716606995154 0.07134087722178895 0.06875987863547603 0.06641560535491144 0.06435527853426197 0.06261587185849213 0.06122792354145853 0.0602190653210803 0.05961729339734194 0.059449204845110376 0.059449204845110376 0.059449204845110376 0.059449204845110376 0.059449204845110376 0.059449204845110376 0.059449204845110376 0.059449204845110376 0.059449204845110376 0.059449204845110376 0.059449204845110376 0.059449204845110376 0.059449204845110376 0.059449204845110376 0.059449204845110376 0.059449204845110376 0.059449204845110376 0.059449204845110376 0.059449204845110376 0.059449204845110376 0.059449204845110376 0.059449204845110376 0.059449204845110376
