_RESULTS/CROSS_VALIDATION_POSTPROCESSED/Berg/IZ/4comp/5/Berg_IZ_z_0_kriged_reverse_4comp_spherical_5.asc
ncols 100
nrows 90
xllcorner  5.6208707817415728
yllcorner 50.959635321741573
cellsize 0.00013419651685393446
nodata_value 1.7014100000000001E+038
[rows 0 to 17 of 90, columns 41 to 81 of 100]
0.048505026569119945 0.04963645846107105 0.0495665055680882 0.04826955212692245 0.045954893669754214 0.042936862088766875 0.039503290607637104 0.03592440331788324 0.0324199096028467 0.02914677026423531 0.026202468977074227 0.02363663446424292 0.02146518542245964 0.019683525395121994 0.018277352021840037 0.017230957918294636 0.016533583817547683 0.016184682229144185 0.01614456439862611 0.01614456439862611 0.01614456439862611 0.01614456439862611 0.01614456439862611 0.01614456439862611 0.01614456439862611 0.01614456439862611 0.01614456439862611 0.01614456439862611 0.01614456439862611 0.01614456439862611 0.01614456439862611 0.01614456439862611 0.01614456439862611 0.01614456439862611 0.01614456439862611 0.01614456439862611 0.01614456439862611 0.01614456439862611 0.01614456439862611 0.01614456439862611 0.01614456439862611
0.05895655674655003 0.06085668215441738 0.06106481408445032 0.05952579778599464 0.05642654452498017 0.05214050352521332 0.04727670110738344 0.042312257005563556 0.03755256822436131 0.03319537615766668 0.029345900886219314 0.026041318788995276 0.02327515528506472 0.021017266682572446 0.019228467772559175 0.017870549674620657 0.016913027049912054 0.01633801847173521 0.01614456439862611 0.01614456439862611 0.01614456439862611 0.01614456439862611 0.01614456439862611 0.01614456439862611 0.01614456439862611 0.01614456439862611 0.01614456439862611 0.01614456439862611 0.01614456439862611 0.01614456439862611 0.01614456439862611 0.01614456439862611 0.01614456439862611 0.01614456439862611 0.01614456439862611 0.01614456439862611 0.01614456439862611 0.01614456439862611 0.01614456439862611 0.01614456439862611 0.01614456439862611
0.07160385474073552 0.0746343018157779 0.07525688698541486 0.07336793106459949 0.06927214519187976 0.06355850713635278 0.05691175178064672 0.050051751019044514 0.04363114125954037 0.03789081669816571 0.032925584992214166 0.02873944699036496 0.025285060166662147 0.02249216174398624 0.0202860352142953 0.018598628202000596 0.01737496110247062 0.01657700175506675 0.01618670475451125 0.01614456439862611 0.01614456439862611 0.01614456439862611 0.01614456439862611 0.01614456439862611 0.01614456439862611 0.01614456439862611 0.01614456439862611 0.01614456439862611 0.01614456439862611 0.01614456439862611 0.01614456439862611 0.01614456439862611 0.01614456439862611 0.01614456439862611 0.01614456439862611 0.01614456439862611 0.01614456439862611 0.01614456439862611 0.01614456439862611 0.01614456439862611 0.01614456439862611
0.0868106981321573 0.09150478121856054 0.09272134071022049 0.09027930741191717 0.08471064636459202 0.07699274341757607 0.06818514674300816 0.0591733179291835 0.05063677679644782 0.04317400136375342 0.03687017704386875 0.0316615623894376 0.027433163975610086 0.02405556117498908 0.02140571462686809 0.0193775087112134 0.017886437162649062 0.016871476112669793 0.016296193937884118 0.01614456439862611 0.016143474794306688 0.01612027737971564 0.016088309739908165 0.01606802329578192 0.016069406117434293 0.01609182220460131 0.016124019755764964 0.016144321620070866 0.01614456439862611 0.01614456439862611 0.01614456439862611 0.01614456439862611 0.01614456439862611 0.01614456439862611 0.01614456439862611 0.01614456439862611 0.01614456439862611 0.01614456439862611 0.01614456439862611 0.01614456439862611 0.01614456439862611
0.10493350896931614 0.11210164646527933 0.1141354307901524 0.11073818395555064 0.10292236400294302 0.09236029751201905 0.08068543371111549 0.06910975326280645 0.05836927768454003 0.0488897157749513 0.04104214352084731 0.03469461884492385 0.029630036103424406 0.02563786669403658 0.022533348321992087 0.020164424041316516 0.01841264874223814 0.017166475171356377 0.016280161523862573 0.015775926176552126 0.015540164278282092 0.015333247437021386 0.01518059865314831 0.015102094885727753 0.015107171983965944 0.015195234407269198 0.015355627023962861 0.015567183711382387 0.01579761447924397 0.01600323763237284 0.016129778405323234 0.01614456439862611 0.01614456439862611 0.01614456439862611 0.01614456439862611 0.01614456439862611 0.01614456439862611 0.01614456439862611 0.01614456439862611 0.01614456439862611 0.01614456439862611
0.127233909045317 0.1383350099044867 0.14145366943305368 0.1361332807507478 0.12450311948054552 0.10961546654833026 0.09400056453852 0.0792331355048353 0.06608227343250775 0.05472527195919503 0.04522416900364991 0.037677365375887804 0.03175789231187874 0.02715333042050806 0.023606067814531628 0.020843204317884747 0.018543076010730512 0.016712072704162063 0.015355281300285902 0.014468819554269352 0.013987438134331365 0.013627155345060548 0.013376948090570459 0.01325230583973948 0.013260292610501991 0.013400468309828717 0.013664828455397423 0.01403677408024699 0.014489329707255003 0.0149830736328277 0.0154645408685589 0.015866159052119508 0.016108959522873924 0.01614456439862611 0.01614456439862611 0.01614456439862611 0.01614456439862611 0.01614456439862611 0.01614456439862611 0.01614456439862611 0.01614456439862611
0.1552653379713857 0.1728364704541774 0.17730249151107863 0.16810243238420927 0.15015108339114175 0.12898579563323892 0.10818445465171343 0.0894646963519851 0.07341460041051838 0.06004683603952154 0.04911698755397576 0.04040545229452619 0.03367623593733255 0.02848747646852864 0.024150213683892616 0.020509227566244317 0.01757326161960061 0.015298739249026281 0.013622653848201847 0.012485488837824372 0.011821394052992934 0.011361871482118523 0.011051871238766565 0.010899939667066122 0.010909627741710197 0.011080721367583986 0.011409162430345118 0.011885665879228978 0.012493141172846008 0.013203204281031075 0.013972368943058372 0.014738933444082431 0.015422044326260242 0.01592471401648198 0.016142379460439456 0.01614456439862611 0.01614456439862611 0.01614456439862611 0.01614456439862611 0.01614456439862611 0.01614456439862611
0.18924862333161263 0.21829343538978196 0.22398511064376583 0.20645642728494557 0.17827219580234846 0.1487914290526906 0.12201173231456461 0.09913636807954687 0.0802086953851645 0.0648372877458746 0.05250180911409031 0.04269601314144348 0.03509066189816889 0.028648816760253278 0.023302723856081054 0.019026349158225205 0.01571066597137305 0.013216396097815547 0.011407846710088172 0.01017202807442082 0.009420960980055878 0.008923649575278308 0.008594995240560628 0.008435828628044751 0.008445941486285864 0.008625358835932902 0.0089742585375886 0.009491535518727197 0.010171978859648913 0.011002090038155212 0.011954799459337152 0.012983790362941573 0.014018797585024624 0.014963960473524357 0.01570173534564836 0.01610451906538332 0.01614456439862611 0.01614456439862611 0.01614456439862611 0.01614456439862611 0.01614456439862611
0.22585338622717055 0.27789765073447353 0.28237490324010783 0.24646812391440814 0.20398057149278898 0.16563704004587698 0.13337329299206707 0.10697709305511108 0.08570463186128746 0.0687266155659753 0.055268057887515945 0.04434623208404721 0.034841849885194565 0.02720916961659734 0.021264822958137263 0.016709326184455003 0.013304572116522865 0.010818726533071105 0.009053378119272067 0.007854190365534917 0.0071106071634490925 0.006629481345108389 0.0063170477675431064 0.006167288931755026 0.006176774140695565 0.006345731176678306 0.006677979658183086 0.007179716188422378 0.007856990056628361 0.008711636343143868 0.009735530210809027 0.010903390837361712 0.012165064823330103 0.013439213516277347 0.014611353465712469 0.015539706242961705 0.01607155982545955 0.01614456439862611 0.01614456439862611 0.01614456439862611 0.01614456439862611
0.2480995748905759 0.34743171046271776 0.3351060894818795 0.27144362454901805 0.21835622026726864 0.17501544030767976 0.13992605374227735 0.11171659180827145 0.0891857861679123 0.07129632334636167 0.05679323242200096 0.04390062496365897 0.03304780724887618 0.02463681696616871 0.0184419885688623 0.013958665420446296 0.010719709418785535 0.008423045650394896 0.006830962193907408 0.005765192333227723 0.005101550994902151 0.004677192879149868 0.0044053759554211515 0.0042758085472219 0.0042839902664008655 0.004430286649779635 0.004721037690862009 0.005167741817628534 0.005785218204350114 0.006588314445699409 0.007586670735616291 0.008777245058664576 0.010134890562807704 0.011602345923889071 0.01308244645948946 0.014436726341781952 0.01549498741663878 0.016078803737731545 0.01614456439862611 0.01614456439862611 0.01614456439862611
0.22817497892773506 0.2993294050115677 0.304636210921677 0.2602922530001865 0.21415816756336142 0.17390084277564963 0.1402178377447091 0.11258744581623122 0.09021806287913971 0.07204950881940876 0.055634378778103795 0.04146322684290682 0.030044068725395324 0.021383044592745676 0.015250687118729117 0.011023543226218901 0.00814064012327326 0.006169533679878457 0.004843581371285038 0.0039754646529732715 0.003439901717827274 0.003102578219707698 0.002895779944151071 0.0028050193671131057 0.0028225182113659074 0.00294679945796881 0.0031847427740448113 0.0035560864350403735 0.004081461677606908 0.004784862064998327 0.005689966143324786 0.006813481462658008 0.008155467518844937 0.00968717984099513 0.01133857768699187 0.012989650072801041 0.014471325747564745 0.015581601162185836 0.016119302143817394 0.01614456439862611 0.01614456439862611
0.18488470431868087 0.22685336138313456 0.24047369780091996 0.2239059704654209 0.1945186445711548 0.1633254607008991 0.1345931283104097 0.10968718828217117 0.08879226535659401 0.06961666340932497 0.05207171872583699 0.03734263501498268 0.025919753431951166 0.017605885234925362 0.011958703364320086 0.008239914948898962 0.00582607533416704 0.004257457062537638 0.003233480481118256 0.0025786475843692105 0.00217934624479671 0.001929559196829555 0.0017819601245947026 0.0017228626365461761 0.0017461347772255852 0.0018526745246701649 0.002049811885028835 0.002350385952333237 0.0027741845247790317 0.003357040483283993 0.004132768406714769 0.005133127373006408 0.006380023411932194 0.007872872855687635 0.009573161096283648 0.01138966935027487 0.013170455660422041 0.014709179454080318 0.01577184253187593 0.01614456439862611 0.01614456439862611
0.14479870774010964 0.17361079677368157 0.18802876338951982 0.18466892632266724 0.1688231567179708 0.14736445490276626 0.1249107625605153 0.10389624578449962 0.0842289032846106 0.06420023385077676 0.04629284601743607 0.03191506459602577 0.02125905390717139 0.013828099329778043 0.00895892535137506 0.005889470581195407 0.003976769272489507 0.0027920431145021514 0.00204915228836103 0.0015855209151467721 0.0013060823444971223 0.001132040061192116 0.0010323864531682175 0.000995419956183431 0.0010166074408411382 0.0010980577847616991 0.001248348942006857 0.0014824725355126133 0.0018213748926252061 0.002290232582452425 0.0029270493989338713 0.003779623366848959 0.0048864286021190915 0.006271250917337941 0.007926670754103783 0.009795069710037336 0.011752743285402024 0.013605697464526665 0.01510624217834184 0.015995215884932516 0.01614456439862611
0.11585981043923624 0.13771903702296187 0.15088424308919587 0.15255653114038917 0.14435005089323902 0.13012027598105444 0.11342267513664896 0.09613113023866657 0.07631838494224474 0.05643044714197358 0.039328109423266075 0.026130402505913967 0.016737293343944797 0.010450763455546996 0.006469830411580776 0.004061522827499161 0.0026195132000644923 0.0017590041001354438 0.0012444037422816455 0.0009322407436963806 0.0007458811867481095 0.000630626665107867 0.0005664232156386763 0.0005439897179029769 0.0005601319912963454 0.000617281381861634 0.0007236489105890573 0.0008938253624549925 0.0011494338813301142 0.0015190773303818393 0.0020363305178328884 0.002741232353595867 0.00369218726879052 0.004932636840285904 0.006482453167749498 0.008317584238017945 0.010348164733661694 0.012404511153849364 0.014242184984054334 0.015575272980422307 0.016123165735130195
0.09687474488704197 0.11496471304506725 0.12698804011613435 0.13061113455607892 0.12615079374325092 0.11586868705009504 0.10228114693441727 0.08589037380798001 0.0665142884607612 0.04780932034806261 0.03227589491901238 0.020711331496466024 0.012780691041073555 0.00767232867219479 0.0045490857475459605 0.0027300240841936795 0.0016822694251467701 0.0010794659774726705 0.0007320531682769146 0.0005294913718196433 0.0004092768040433345 0.0003359663833279623 0.00029611470926864375 0.0002827646757893585 0.0002937391922913468 0.00033127065819524727 0.00040235305025585096 0.0005197311671811488 0.0007033022472912344 0.0009813850348542254 0.0013907538683652376 0.001973618655834384 0.0027754761617825962 0.003861515042076797 0.005275136347117131 0.007022434033273135 0.00904815488596877 0.011213557568857982 0.013289159595704871 0.014952961901071541 0.015887010659009604
0.08537870027581541 0.10138356842095327 0.11253380668437664 0.11682192579325588 0.1141317857588192 0.10571468337284594 0.09303616134758798 0.07589953571906334 0.05674315732613525 0.03949338976596727 0.02585532094351692 0.016037442086610246 0.00954752417389271 0.005521988851672452 0.0031461372245687458 0.0018089110986137214 0.0010656590737943674 0.0006531357842983147 0.0004230498287621522 0.00029402121518091274 0.00021789248021039564 0.00017257733732236398 0.0001484820643835787 0.0001405985735621434 0.0001474717583717857 0.00017091913712705207 0.00021646863895511033 0.00029450693809880593 0.00042207548426043085 0.0006250121335479988 0.0009396038880715442 0.0014120580771802124 0.0020931428436333165 0.0030343335342793033 0.004304671782964036 0.005936765191932417 0.007907270747790757 0.010108717135792172 0.012308839830396344 0.014196893678311074 0.015441618719685687
0.07982855380360283 0.09475986638154932 0.1052735385623401 0.10955895175373605 0.10725315257080596 0.09859528666501657 0.08532578863551107 0.06671615081554427 0.047474321483499185 0.031332395478975275 0.019521518955056927 0.011648224913747238 0.006691279219180727 0.003742229393833771 0.002064850847487765 0.0011514044567694105 0.0006582022842028222 0.0003904348776097777 0.0002434623128321914 0.00016166777502555428 0.00011392115777258067 8.633111806723382e-05 7.195143541947974e-05 6.726787900357267e-05 7.13151045982276e-05 8.54725462217177e-05 0.00011391201384124171 0.00016474942738110718 0.0002519666476710584 0.0003980221064561997 0.0006366192347292956 0.0010142225793685511 0.0015876722525959078 0.0024142133039783704 0.0035506273815885236 0.005061288968327411 0.00694980217477415 0.009118961992292514 0.011366318502898043 0.013398800706545231 0.014874946572962688
0.0795035182921348 0.09405388578632479 0.10408752884499102 0.10786363475149524 0.10368592782432012 0.09209286699692247 0.0756649090350707 0.055762226216697124 0.037473394140052574 0.023406741852350747 0.013833847053710253 0.007865732832667734 0.00436235942461468 0.002365986524278834 0.001268775340882035 0.0006888416047862723 0.000383951075748276 0.00022225281891301199 0.00013527497531313037 8.71001437033473e-05 5.9048401622847434e-05 4.2620719158131506e-05 3.4007469721101975e-05 3.1159675755850214e-05 3.343685662690956e-05 4.184979131453588e-05 5.947759302550448e-05 9.254237111504383e-05 0.00015229346784220276 0.0002577936601496639 0.0004393585943347474 0.0007415800551393563 0.0012234918445581458 0.0019518885039489424 0.0029837600840972346 0.004381459883379933 0.006169281183204048 0.008273046024247749 0.010519531592053495 0.012630619788926125 0.01426364058197023
