_RESULTS/CROSS_VALIDATION_POSTPROCESSED_80-20/MHZ/IZ/4comp/4/MHZ_IZ_z_710_kriged_reverse_4comp_spherical_4.asc
ncols 100
nrows 81
xllcorner 5.5967107548124995
yllcorner 50.982328804812504
cellsize 0.00017565037499993607
nodata_value 1.7014100000000001E+038
[rows 0 to 17 of 81, columns 40 to 79 of 100]
0.00014471605226513656 0.00014422827489240258 0.00014102794400722656 0.0001326227087714323 0.00012052579783952503 0.00010655676519980903 9.228967604438398e-05 7.824004976975148e-05 6.341100127155124e-05 4.9483245194877525e-05 3.7576477125733346e-05 2.8058363168429914e-05 2.0805887008885177e-05 1.5458131654854912e-05 1.1593987221453066e-05 8.828911403382685e-06 6.852420661329944e-06 5.431883186220331e-06 4.401789868688651e-06 3.649859651978493e-06 3.105856090226968e-06 2.7368082283173883e-06 2.553345278003059e-06 2.630311267027967e-06 3.1137440363923846e-06 4.167011071449593e-06 5.93471523343267e-06 8.543039672039263e-06 1.2037715108305176e-05 1.650287770281781e-05 2.2477263168214988e-05 3.0270105499184946e-05 4.012046885955727e-05 5.2133762373280706e-05 6.618797306537354e-05 8.183979063624548e-05 9.825726176071475e-05 0.00011421287661750353 0.00012816883459210976 0.00013846976753611196
0.00015162702523582034 0.00014782999157928164 0.00013768376975945693 0.00012323226994364922 0.00010698475048415021 9.09288427824654e-05 7.581982156259996e-05 6.168671705945162e-05 4.792154158025216e-05 3.588591645420865e-05 2.6205806885765093e-05 1.8878998887388244e-05 1.3567659402998834e-05 9.82565114716751e-06 7.230836273922404e-06 5.440194842799637e-06 4.198513018102567e-06 3.3298032789997404e-06 2.7125968039608247e-06 2.2594756375828296e-06 1.917458070449786e-06 1.6595144911763894e-06 1.4884003153345596e-06 1.4763519671194449e-06 1.8352008361231127e-06 2.7556796631626966e-06 4.3655053205805e-06 6.8427133040823525e-06 1.0340191768053767e-05 1.4839643707687261e-05 2.0600724005305374e-05 2.816626218339228e-05 3.779901268669096e-05 4.963507926504628e-05 6.35887776061141e-05 7.925472633738737e-05 9.583376815400792e-05 0.00011211745790685387 0.0001267271412830922 0.0001381407481253662
0.0001658155812643531 0.00015528080725079214 0.00013779500182793615 0.00011707357447892902 9.615609047647101e-05 7.714456118490094e-05 6.113579646295505e-05 4.768124002944135e-05 3.5532659697905486e-05 2.55417572875557e-05 1.7936379270448444e-05 1.2466625473954623e-05 8.68733221408834e-06 6.142050052559793e-06 4.456606960899032e-06 3.361766219755768e-06 2.6380294199215465e-06 2.1450984626484106e-06 1.7954926138300745e-06 1.534188471260042e-06 1.3265584183979419e-06 1.1514922231229112e-06 9.98376967091512e-07 8.804754601383956e-07 1.181760137803422e-06 2.060555004522576e-06 3.534141851934295e-06 5.855130326960921e-06 9.300555245730024e-06 1.3984612369865476e-05 1.976651597098252e-05 2.7226120330585726e-05 3.675596749034647e-05 4.850614457604371e-05 6.240766548943323e-05 7.808968641326606e-05 9.520091567794784e-05 0.00011277803062366029 0.00012919085200192732 0.00014244564716459147
0.00018554558924322785 0.00016757922003397653 0.00014177570108855444 0.00011437203558475291 8.885769356294378e-05 6.720482600958513e-05 5.013115407218844e-05 3.689000732804723e-05 2.631216425470669e-05 1.820783232495592e-05 1.230108832188909e-05 8.233174665536241e-06 5.5523825022271105e-06 3.873063162971954e-06 2.829314657843205e-06 2.1772949888257245e-06 1.761818896036662e-06 1.4893775039791647e-06 1.3034428154101883e-06 1.1680823512005464e-06 1.0604399611941572e-06 9.672765114620093e-07 8.863187768724819e-07 8.560148298526677e-07 1.1548381293272572e-06 1.977903707839968e-06 3.4085476609517535e-06 5.6893190017449076e-06 9.094480452869148e-06 1.383478886348683e-05 1.992412683912365e-05 2.740817704856328e-05 3.695823130610596e-05 4.8725373419797124e-05 6.291949017015106e-05 7.969393434929815e-05 9.847951000160028e-05 0.00011810092734942556 0.00013674928545778287 0.0001521383393294304
0.00021290182960025496 0.00018625259112092505 0.00015037332240134104 0.0001154062491442209 8.552046270295431e-05 6.174561239016237e-05 4.383055244345685e-05 3.058615733210704e-05 2.0600717516379112e-05 1.3585722306703428e-05 8.826493070940675e-06 5.7195939851218295e-06 3.8074784419547904e-06 2.6424219029180214e-06 1.936817950247857e-06 1.5123598052853354e-06 1.260797433630162e-06 1.117198671067664e-06 1.040809880005105e-06 1.0003876728463572e-06 9.81054436724752e-07 9.789499390615323e-07 1.0095365354168174e-06 1.1388801556878068e-06 1.5295410393774563e-06 2.383781822576161e-06 3.90174448216785e-06 6.332631759391179e-06 9.941841831218607e-06 1.4914918540525001e-05 2.1228401013917606e-05 2.8732071209898162e-05 3.8432921774836955e-05 5.0843999337678155e-05 6.636460348268816e-05 8.496306842729907e-05 0.00010607300625715868 0.00012841047127676989 0.00014991083970249876 0.00016789026607617568
0.0002516477456896933 0.00021379356683725548 0.0001667183621052132 0.00012404397863732705 8.86702388826986e-05 6.137609375578343e-05 4.1505250090068246e-05 2.75122294697916e-05 1.7528996346321777e-05 1.0870470061962867e-05 6.786154749837797e-06 4.33848234414637e-06 2.850303629866108e-06 1.962683578230625e-06 1.443808708909018e-06 1.1499618683840294e-06 9.948295569999822e-07 9.278505218376661e-07 9.203501180986512e-07 9.57856856850547e-07 1.0321216702933378e-06 1.1405061103941846e-06 1.3110003407738817e-06 1.6177784637018694e-06 2.2044149988716676e-06 3.2783808862180633e-06 5.090003373862557e-06 7.91737580017028e-06 1.2018736633361721e-05 1.753279683799224e-05 2.4346902226667163e-05 3.2033426861515735e-05 4.1890015937133795e-05 5.56178579778771e-05 7.307958504970608e-05 9.42380959046181e-05 0.00011851148400225511 0.0001444514958336695 0.00016963627507289082 0.0001908410828107778
0.0003090149240033565 0.0002597624418616954 0.00019833908673851615 0.00014358620141669232 9.927241914367393e-05 6.605161906293122e-05 4.2655200624084176e-05 2.691486703372516e-05 1.6276950899795832e-05 9.665198912157458e-06 5.818025245411236e-06 3.618097877664259e-06 2.331662435515036e-06 1.5821412629029204e-06 1.163977702790763e-06 9.493661479616405e-07 8.625512094252491e-07 8.607971385485721e-07 9.220711293259428e-07 1.0385656528862006e-06 1.2159904054294617e-06 1.477439573182986e-06 1.854273150617054e-06 2.432378139857715e-06 3.3690482202650754e-06 4.893682859386769e-06 7.28938445092359e-06 1.0851403144918746e-05 1.5811126396414444e-05 2.2220399701683275e-05 2.9851696758510235e-05 3.85929963527851e-05 4.895911498423619e-05 6.350517494684372e-05 8.353443806432812e-05 0.00010817857605653381 0.00013668769296361629 0.00016738054882052224 0.000197345202135126 0.00022262190178226659
0.0004042269749443139 0.0003369934130051969 0.0002527203269085566 0.00017858729662987224 0.00011985466216123014 7.696200821227052e-05 4.766047672822084e-05 2.870546167610638e-05 1.679630876008338e-05 9.727346602511168e-06 5.654303003551112e-06 3.3625259717477233e-06 2.0954940907027286e-06 1.383002740269306e-06 1.0070391181636327e-06 8.42685216201807e-07 8.167507267804606e-07 8.901020979338213e-07 1.0464849862184697e-06 1.2863288804338704e-06 1.6268480026513085e-06 2.1111048545288196e-06 2.827020480906287e-06 3.878606514688494e-06 5.44197902947729e-06 7.778945930384441e-06 1.1194959421369013e-05 1.5972276811126537e-05 2.2264725458692036e-05 2.9972024058153e-05 3.913801613847483e-05 4.954420051150604e-05 6.1000798622678485e-05 7.661399308893615e-05 9.851322553384758e-05 0.0001277217461752533 0.00016182030787467567 0.00019873819483156067 0.00023490306194113273 0.00026536001350982143
0.0005631171727820168 0.0004649942066782284 0.00034339215347744975 0.00023777011229283158 0.0001556215551158285 9.697281991348596e-05 5.7947496179386165e-05 3.369328007515327e-05 1.953475393665341e-05 1.1119098120043084e-05 6.276502250993202e-06 3.5707243536023663e-06 2.1015168430509955e-06 1.3201583667756057e-06 9.287210597289593e-07 7.96083010099836e-07 8.44954091486438e-07 1.0344155957913843e-06 1.355717491147741e-06 1.8242668804623734e-06 2.477342126205258e-06 3.3850712864839356e-06 4.676945012492286e-06 6.578379832999152e-06 9.285974812025617e-06 1.3054587925799882e-05 1.8176122659926233e-05 2.485185077911062e-05 3.306230344385571e-05 4.278728852554858e-05 5.426021601386133e-05 6.68508256471959e-05 7.982879684455983e-05 9.690607597820064e-05 0.00012076110439975221 0.00015399795107130603 0.0001953581035558601 0.00024034952563177335 0.00028453040058398603 0.0003216095470888414
0.0008304694602904352 0.0006781746449035476 0.0004944577366782056 0.0003369064491397799 0.00021626365960500518 0.00013170421393376037 7.66611483625972e-05 4.418775220163938e-05 2.5566200898000647e-05 1.4486326872252555e-05 8.043478573925454e-06 4.423380832154868e-06 2.452532077335282e-06 1.4193608262531001e-06 9.142358445717098e-07 7.94413311461483e-07 9.774109285020148e-07 1.3926481155012893e-06 2.0475320770463036e-06 2.99336008514053e-06 4.306213774647346e-06 6.09691253478995e-06 8.542888145608685e-06 1.194083832273422e-05 1.6726611969246053e-05 2.3013506784253114e-05 3.0917630557411904e-05 4.040818710690071e-05 5.124251012231458e-05 6.395481368318706e-05 7.835078464145873e-05 9.347144629751835e-05 0.00010805261248262362 0.00012668145856243083 0.0001529190483727674 0.00018941978825380015 0.00023875516168840992 0.0002940688760803267 0.00034854109579791144 0.000394115737662041
0.001285559730218264 0.001035896740801528 0.0007478703118023025 0.0005037498203684339 0.00031922756891653335 0.00019163859028908977 0.00011104701487426225 6.440978217481336e-05 3.746458613033792e-05 2.1517362405755993e-05 1.2009713356113617e-05 6.553036549899445e-06 3.5240441378034565e-06 1.8906415356284088e-06 1.0294093530011373e-06 8.621287451309791e-07 1.3960518563793324e-06 2.3124911173757995e-06 3.7164310799092046e-06 5.753370937080488e-06 8.57215340036425e-06 1.2350660519156647e-05 1.7304801450395225e-05 2.3751502396705316e-05 3.220415111553781e-05 4.3021638975818776e-05 5.5470361136071875e-05 6.897070437534546e-05 8.35686389862604e-05 9.992663757673303e-05 0.00011725239537686902 0.00013420038265626798 0.00014922033363105563 0.0001686679856346528 0.00019727265532175996 0.00023747404775216393 0.00029307049446726806 0.0003612528027337287 0.0004290331219535444 0.000495282252722125
0.002064517155990258 0.001637683930739518 0.001173954651132281 0.0007854752379014169 0.0004950355585912153 0.0002961292770738355 0.00017462163196744552 0.00010326486557668194 6.116946394149818e-05 3.616862057490852e-05 2.0864425557807667e-05 1.174482160008511e-05 6.515564105392129e-06 3.6253898222711905e-06 2.1299342172817596e-06 1.8956605884846876e-06 2.991649023563229e-06 5.029838898919581e-06 8.253638057017881e-06 1.3042668814857925e-05 1.9711826267467764e-05 2.8405431461189506e-05 3.9124318439788244e-05 5.188586936095678e-05 6.69389377322615e-05 8.488395662593874e-05 0.00010417083328251844 0.00012268481797071085 0.00014186194508837853 0.00016168844671065103 0.0001808726165909435 0.00019759652689272465 0.0002101271407315089 0.00022773916064459344 0.00025644007259905695 0.00029940036145476175 0.00036059100695042966 0.0004442753926973327 0.0005469707748522437 0.000659076867502707
0.003385629670392367 0.0026396799167357483 0.0018820926182125497 0.0012572586375055755 0.0007945460957416376 0.0004821313349183601 0.00029315243597097013 0.00017924750534590217 0.00010996752817993264 6.760893245803805e-05 4.13672958367036e-05 2.491200228963498e-05 1.5067870174209581e-05 9.556223489087164e-06 7.005254666781129e-06 6.8325716722316256e-06 9.060088851226667e-06 1.3919848351751202e-05 2.2163232321368307e-05 3.4681578135281926e-05 5.1905115805416816e-05 7.327714246592581e-05 9.73443779269678e-05 0.00012258087939356836 0.00014826794688490487 0.0001747756031589224 0.00020167512173987833 0.0002244056104517767 0.00024612764726070576 0.0002660613954562823 0.00028253540805195246 0.0002934779813597696 0.00029775626373915035 0.00030967507245774356 0.000335470495498562 0.0003778631160227313 0.0004458161598497612 0.0005640234296766518 0.0007307637225894151 0.0009029413775060743
0.005548562274813574 0.0042490174494134135 0.003018402253631681 0.002024974147896234 0.0012952003163671786 0.000810919374640738 0.000514503023738441 0.00032988970354363257 0.00021296527909179 0.00013814558856549913 9.029744775641261e-05 5.935220997160724e-05 3.9842453317366584e-05 2.8725130463899487e-05 2.4014058541281947e-05 2.4650966243481354e-05 3.087278233334214e-05 4.445848670478571e-05 6.799743184049909e-05 0.00010394171456641 0.00015208663818112644 0.000207300787595994 0.00026104782261631413 0.0003065919007315933 0.0003423144685635491 0.00037062560422221336 0.00039508145248891 0.0004137180607537464 0.0004279993167502116 0.0004369193028735024 0.00043886158347496184 0.00043203118384134496 0.0004177436417529501 0.00041735729958133325 0.0004354136879466107 0.0004782310002048785 0.0005709573359146533 0.0007366158696892877 0.0010006123419497193 0.0012656313450585444
0.008815502553431245 0.0066445522071198505 0.0047188649220655824 0.0032041838741062993 0.0020973169040551824 0.001374549047601335 0.0009210653547420896 0.000627810172755014 0.0004326265990484192 0.00030003048684875094 0.0002097061438068375 0.00014958787240969642 0.00011042757246694016 8.768625831174011e-05 7.929732165685528e-05 8.49142425086131e-05 0.00010565777761067505 0.00014793867292668689 0.00022117694871248304 0.0003332636305412097 0.00047830207268790734 0.0006254458769700417 0.0007345231832062059 0.000789095950814229 0.0008003623975788887 0.0007877086230955303 0.0007668089185113244 0.0007518064856718103 0.0007306717440679132 0.0007023092836787136 0.000665560253402693 0.0006196106900105145 0.0005718845153622764 0.000549537166703758 0.0005551511791919987 0.0006139501869407648 0.0007443020797982553 0.000993924184231634 0.001383236661869684 0.0017983107294360543
0.013075297162080106 0.00974567208452591 0.006979515782353366 0.004850127000578888 0.0032950473176320072 0.002285164822449775 0.0016363380863350869 0.0012013797446076382 0.0008956038535520118 0.0006710831256940193 0.0005032568747535512 0.000381608655085859 0.0003012019064132285 0.00025533784283987657 0.00024365426871597164 0.00027030944474667654 0.00033944721212681724 0.00047375219393733204 0.0007090704252696293 0.0010792096374614261 0.0015523774677319133 0.0019520899989224133 0.002095167299889893 0.0020106508926297614 0.0018250914809556087 0.001622519644079035 0.0014412296317120822 0.0013177404031881827 0.0012139765136912823 0.00111330506353207 0.0010086287120523807 0.0008962671297795527 0.0007966329215376208 0.0007375647308939449 0.0007387327806242937 0.0008167641351454327 0.001004096196694478 0.0013733071964536143 0.0019230363144244105 0.002562443805201781
0.017159403525858596 0.012894137676233916 0.009474938573692075 0.006838940536770339 0.004888729462169917 0.003619780132065819 0.0027954264327600628 0.00223663537178298 0.0018296143686382263 0.0014997403618930798 0.001208916676618558 0.0009607446731134793 0.0007792845013973483 0.0006807918681196796 0.0006733282620340978 0.000764249622974282 0.0009700262890135849 0.0013632177023345283 0.0020760314483238445 0.0032889431815912645 0.004973947967331228 0.0061032828986354445 0.005753359736307141 0.0047928538656006525 0.003866635795697633 0.0031359672700378644 0.002617317258574659 0.0022968579509120546 0.0020444956471803587 0.001806177961614566 0.0015697709086200122 0.0013332352270062236 0.0011485780097376817 0.0010426934781751795 0.0010452933913044765 0.0011697326103106123 0.0014639322755130029 0.002013266974184013 0.0027924078059657926 0.003714615540160547
0.018948925330343473 0.014914107857340899 0.011437364929379593 0.008612712049547179 0.006464287071915339 0.005088365737920462 0.0042405277111694705 0.0037246345993689127 0.0033980639991155067 0.003116104981122258 0.002736506273762888 0.0022611948842139644 0.0018502275137078296 0.0016254718653654768 0.00161241313304418 0.0018448796693778299 0.0023493111615412454 0.0033059342941129145 0.00508976830947765 0.008424087832121988 0.014388647257711405 0.018187592975797008 0.013627562132916153 0.00982516122662943 0.007361141214848899 0.005745370924236689 0.00465019253894489 0.003965148392940732 0.003435703191108062 0.002938448242076753 0.0024571985777197126 0.002013127648572437 0.0016895068875924458 0.0015397091535106916 0.0015677147780570912 0.0017813524026240918 0.002257605693256863 0.0030929055662015656 0.004235258523307706 0.005579581399601242
