_RESULTS/POSTPROCESSED/MHZ/IZ/5comp/MHZ_IZ_z_250_kriged_reverse_5comp_spherical.asc
ncols 100
nrows 81
xllcorner 5.5967107548124995
yllcorner 50.982328804812504
cellsize 0.00017565037499993607
nodata_value 1.7014100000000001E+038
[rows 19 to 37 of 81, columns 44 to 87 of 100]
37.1358449993035 36.59816938321085 36.03502853966856 35.470163952666475 34.924432707369064 34.41307424111894 33.92225871867771 33.40056879213915 33.01058096088145 32.78956413926858 32.72050305586844 32.78952384377638 32.95450899451504 33.147090146326335 33.364350468693345 33.636579398483626 33.97628560157257 34.4137391124644 34.92289711985082 35.427701891129225 35.87580987718622 36.24012755026349 36.50870986751827 36.712403458569064 36.85183722210824 36.93979017237241 36.99864169842869 37.08125376231381 37.16573200104762 37.22446256369098 37.27558040329337 37.32905232183101 37.38815378638225 37.448955232070766 37.50473373606799 37.56502838995143 37.62566535239483 37.66353902711149 37.62457178699084 37.395956123997934 36.91622812278978 36.29748685934614 35.6553327567937 35.05373189506328
36.92622445803634 36.405635992369604 35.875408084866564 35.361111987891015 34.884291834706616 34.45908343948986 34.065642788825805 33.67853134975991 33.43016207547834 33.33239126831813 33.383498215219035 33.55258641498353 33.802590211675124 34.08248464358564 34.365736783821625 34.65438408116699 34.99690842096693 35.384811318003536 35.80666025986435 36.22521933986771 36.59887369208331 36.89405640480099 37.088096120385 37.20301791628625 37.251067199667716 37.25110479336693 37.25082127595789 37.280934487650526 37.31510823942285 37.33236696861057 37.33532348725811 37.33139348255607 37.335599265683214 37.34144750237146 37.33899800669438 37.33322767893197 37.31189006746003 37.248397433303055 37.1042414061208 36.83616112185574 36.393454589472334 35.83051218644206 35.21508276481468 34.63099247321646
36.5884101331962 36.0738303226556 35.56606246300816 35.090955207779146 34.66759701371607 34.30386288419189 33.9902099396907 33.757879672003995 33.654870961292296 33.6961627959633 33.86100902556469 34.11975617337506 34.454349815184514 34.82504049059773 35.19450922419104 35.55072531479883 35.87189132830872 36.21348177427914 36.57549473977437 36.93243914330263 37.24897424705062 37.48728278526769 37.61370367315343 37.635361126030546 37.58399703591617 37.495308108611084 37.421422310463925 37.37995574142126 37.349878819077844 37.32190600000373 37.291415608729515 37.25639242549696 37.213265200633344 37.16925642387054 37.11427449338837 37.05132274907192 36.963522763652534 36.826017980505085 36.61183412274763 36.30279710740571 35.871042721582434 35.32866051004588 34.73132097666115 34.154102044323956
36.112296871525366 35.59245592074938 35.09860611319621 34.65637318145625 34.28366047532063 33.98614420029632 33.755460127741884 33.65117350567864 33.69386109046335 33.86060486904523 34.135751549760954 34.492990059566516 34.91519704352058 35.37335465788418 35.821762109009775 36.22930586020537 36.57812239755267 36.88222364461881 37.19929406491113 37.51546887823262 37.79742255459527 38.00000775863903 38.06931609839449 37.99026975948448 37.82584609622796 37.63665621376617 37.466346244407454 37.337628807051395 37.23497364835739 37.1603280891221 37.099296433541404 37.04656013396107 36.991341491144844 36.91845831088172 36.83542016722919 36.74097668599695 36.612617987079275 36.429439578511456 36.17182432269791 35.82888819315369 35.39380342935066 34.841986526807084 34.224449374229515 33.636717145268804
35.4854320860029 34.94948834326691 34.46412730771496 34.05136950343907 33.72132393582788 33.47972047214478 33.33848451976776 33.362355683827374 33.529857362905005 33.8203499370883 34.21286649375989 34.676488797585606 35.189532648623434 35.7272868424331 36.23367196302144 36.67489917062592 37.053650716088455 37.36844156178839 37.64833490308229 37.93914360586349 38.20570001833355 38.3906062742899 38.418183813377844 38.2510785564148 37.96899813263962 37.64856563532644 37.36095762231938 37.135891222593926 36.96028548057341 36.84011564693091 36.755179325301775 36.69409077346972 36.64231647861078 36.578550425309814 36.49142468206912 36.393869164680936 36.264821540065554 36.07730375704657 35.805747119448036 35.44805675122508 35.00550473901663 34.42596517871221 33.73900841697745 33.06432409599843
34.69975859399749 34.123755967880115 33.63185660177417 33.23210070080614 32.94260276863093 32.77054672497888 32.73369420923872 32.87397744425935 33.16063555222479 33.57881233245293 34.094616674162175 34.67422439629068 35.28061580331102 35.8865929144372 36.42377985609766 36.88426603556599 37.28050768514931 37.6159577896044 37.88692110371291 38.145216556315006 38.40268096572251 38.610027713734446 38.66404146105754 38.43637966709368 37.98269393713627 37.49272576502859 37.07321207019894 36.751628614907055 36.51023378178873 36.35320360140953 36.256686958920106 36.20168098668807 36.16943170510571 36.13832579466829 36.090497901181976 36.01570956677089 35.91525896905408 35.76105130975418 35.52188584083609 35.17990230706176 34.737002708843384 34.142877075407995 33.39536913466489 32.49520861520683
33.755343321598566 33.089706390022194 32.58349671107468 32.222652928885516 32.00092872711749 31.922211474615946 31.998806106962135 32.25023895613681 32.659955894034425 33.200794904273266 33.835988521644275 34.524372627640716 35.20800946403451 35.84513716376393 36.388117395077686 36.85081695132286 37.249885896559014 37.58872602580344 37.85349523488207 38.06530761142232 38.3083750596526 38.59040228822582 38.81483458595749 38.50554830705246 37.78215242095601 37.10629073855546 36.56342393124913 36.159730494318026 35.86888579993753 35.69209182186237 35.60230608892386 35.572770568264836 35.57982551951001 35.60453533349712 35.62489344658709 35.61198608593905 35.56914859143427 35.4800217744849 35.30204799312283 35.01236817695842 34.603999205598164 34.041036569227074 33.363913308331895 32.681591781336735
32.69872323990988 31.962982408631248 31.412015205839914 31.063645140056558 30.91843535659243 30.94928666518738 31.135732352295047 31.50851318521238 32.04475492894271 32.706765483547535 33.466228063507096 34.28413109162331 35.04857345211646 35.647247345787676 36.13665412310673 36.5678872563044 36.95205745123988 37.26059165718103 37.493315531379686 37.66571018171071 37.87762595929402 38.17207662133336 38.51721235307188 38.14245076444075 37.27336544755232 36.50516624993837 35.889058956709 35.42786382973347 35.09473720025505 34.896117021205356 34.812386318983066 34.81623755383613 34.88457133385302 34.98818987266713 35.096368124423385 35.17861855607068 35.216252287700556 35.21742635528412 35.14271426347484 34.932195200780605 34.569514886739036 34.072032030659585 33.51699286887822 33.02884780669454
31.580822135715962 30.77526320018678 30.173821402003338 29.81766142207587 29.719104626082522 29.84888000653131 30.150667980273916 30.655745279039152 31.315029600272133 32.08956753017373 32.95211753404267 33.882115489853575 34.75986982980029 35.26291575219606 35.70219919910741 36.080654766273824 36.3945126556506 36.656363656341064 36.879721219392195 37.050199726216256 37.191476825365186 37.352146257967796 37.40002983296245 37.07733128160153 36.42670432400797 35.71548874974905 35.092151095448884 34.608836615432296 34.25797505311538 34.05787606152381 33.99283309132757 34.02778435759648 34.140622358886816 34.31067120227022 34.51446347501518 34.69777981042153 34.83214499528138 34.938958102582504 35.0180519968952 34.91842330479058 34.55507500838378 34.12051934767425 33.672364750061 33.28436993626349
30.43458234484983 29.54876248499993 28.8869793108619 28.51678725713922 28.470328591671695 28.69897064413699 29.124680916658964 29.749952265793844 30.519272742928006 31.383424167284396 32.3020913133027 33.22853470175817 34.05625715996313 34.66648078046094 35.118468058094884 35.45922242159025 35.72430088110842 35.95352288665954 36.151172724361494 36.2964440120635 36.35146460696179 36.36665307744583 36.25930680166054 35.946336275412484 35.43325915904676 34.823212103541984 34.22265760488569 33.729769655665265 33.37121449246905 33.1888679467456 33.171691395399435 33.27147962228628 33.45090897831626 33.677224763313205 33.92572584499981 34.17643459595515 34.403924774896524 34.586391866801875 34.74855028656164 34.735239922264086 34.44827351255012 34.10856924009388 33.764255948177016 33.4533074970464
29.31277498222337 28.321323175531514 27.574091047386457 27.17945930486756 27.196160836847742 27.550097406219002 28.13305049639655 28.897682454455868 29.77928549043164 30.718057790715925 31.667269413819355 32.58019082296577 33.396812066926884 34.0362606396207 34.49018714803779 34.822032554685315 35.07554024085343 35.264452308156166 35.39685127960529 35.47318861676923 35.46118019742793 35.377012964180956 35.20068940499295 34.90008912595769 34.465621165877415 33.93050904851285 33.354833024170894 32.824789298566905 32.43252543639275 32.278667786507796 32.36132451247655 32.57897335796049 32.85281751390747 33.141992824759704 33.42164956048344 33.69006598621785 33.940293764708954 34.158031353316794 34.309355747001064 34.34015983955664 34.23107500751521 34.02312752576225 33.78436998184844 33.55366457602649
28.290072204619975 27.153613109113213 26.270256972436425 25.826036104019046 25.928984464702083 26.461910065813594 27.24844092985786 28.178017317851562 29.175146244329714 30.178393412233103 31.14467289700228 32.044321269013665 32.842957811029635 33.46496432092174 33.930568283768615 34.270349432220335 34.50138448393294 34.63646785137111 34.69089712664293 34.67586113899092 34.590387040695184 34.45299254089152 34.25732409316238 33.964955060133185 33.56015579862582 33.052439726940584 32.47557693705341 31.88170271963372 31.37071197332967 31.253546690640572 31.53923333864503 31.914127143972728 32.298128959293685 32.66298731179251 32.99649356022594 33.29184781169995 33.53886191486042 33.7365419740851 33.90393430652563 33.9984994233417 33.99619746737429 33.89918626368442 33.754585109441734 33.59680956851102
27.47196518639815 26.1515683478099 25.041691659091477 24.47372631945304 24.720740693809944 25.542045306536888 26.58439383694856 27.6720166920832 28.746971653537397 29.771080315881708 30.723661931130653 31.591271147359144 32.35170624699196 32.97133844776288 33.44603659443611 33.78318410302456 33.993203493937834 34.08510676132285 34.070188460116086 33.9670775076917 33.792354661284605 33.592786477126275 33.381901649323986 33.101676027393154 32.72562024512797 32.24561064080662 31.677545544788018 31.049709676203303 30.394003289986138 30.32822209205552 30.860851082223174 31.34605616257973 31.799817426995 32.215832948189565 32.592847931245124 32.92577809660235 33.20550296825056 33.41765833833532 33.5766104454069 33.72652210720336 33.792222972642385 33.77433284810076 33.70305261270882 33.604836064708465
27.03435549612538 25.54667656769436 24.096882025259728 23.15233208186912 23.73797585224278 24.98022657691909 26.240252451366093 27.41771404142777 28.516787485012525 29.523366849227017 30.432686169966143 31.24488505298771 31.97851199551546 32.59113010887332 33.056325038916434 33.37902614561631 33.56271465739514 33.609460947482454 33.524360726417655 33.306136015687166 33.01101154669481 32.76615942254064 32.59602185554648 32.3609130092485 32.0249141612663 31.579873565345455 31.049617419368797 30.501840766676835 30.085440684260647 30.09930718629154 30.4777753111862 30.938201926645366 31.39740265531279 31.832686366797613 32.23517154415556 32.596413447811756 32.90640329718157 33.15452750795341 33.35363447562328 33.527988089714384 33.63782973981822 33.673042039551824 33.653557764104946 33.59915100022117
27.140059924700843 25.64699420624757 24.07848327696257 22.540508751381687 23.66584069093903 25.106032001120106 26.39534560835347 27.536045301424323 28.559176194367613 29.48550631044926 30.309657318705224 31.051650086981912 31.757231556560367 32.34075648104165 32.784518693363026 33.08947325659683 33.25302294925977 33.26630874357765 33.0780873153649 32.67492942997448 32.18080630759587 32.00129883356276 31.96722838987633 31.810005295134847 31.510385999809298 31.098325760322826 30.626803397389462 30.186243066579028 29.927554689238878 29.97391665415722 30.261499686353616 30.666702537506406 31.10042860580777 31.53047401869574 31.943088068500614 32.32449968019383 32.66225721508979 32.94559412108092 33.187001857329115 33.38944353465511 33.54098681188881 33.6110697505769 33.62423075604995 33.59774103174769
27.796522657514917 26.53544994845889 25.35839444596663 24.677280819813824 25.081138442321084 26.075343046519826 27.13173949543839 28.102908259060825 28.950260935878365 29.703685183957653 30.37956201985405 31.041468773230257 31.68370162742566 32.22218850467526 32.637968881256654 32.929500931585686 33.087343108639395 33.053776882027286 32.792923406691216 32.29083335252233 31.554869652708327 31.533846120786286 31.589186272027742 31.5065878951572 31.244936278955066 30.85502000203037 30.41609121828873 30.023766454725504 29.803179106709354 29.827961567204415 30.081110348558244 30.45154156989654 30.869903708261326 31.301023829976327 31.722836592420705 32.121669712034276 32.4851721798441 32.80292024397844 33.0737364282189 33.29277332386798 33.46715978847566 33.59758868401158 33.62915573310239 33.61304985289572
28.82404830620175 27.85022642381107 27.05880143793811 26.695991539511343 26.910594039448593 27.532181200041627 28.298673347070647 29.04549611965296 29.688782427912365 30.21600146583402 30.699535497556724 31.217576771600754 31.75769482996496 32.23074980440601 32.60951386594932 32.889507303778196 33.02195651172376 32.96175719687376 32.714284796323966 32.304951932400385 31.85353866596853 31.623212136988887 31.56130869461908 31.470541515128403 31.243507103946282 30.874357567429094 30.421328343397715 30.006191946194573 29.738934331290796 29.71687274928094 29.94130485168875 30.30273672034152 30.71338597555215 31.14279758314153 31.570227996844114 31.981744738435058 32.36695909167127 32.71525485079216 32.994266872805326 33.22653579912856 33.41479750818653 33.57692555102456 33.647812064776076 33.61928340186363
30.013008961348596 29.28542507396313 28.75849026747794 28.558988001516468 28.72824327804574 29.158575617617334 29.704813765208254 30.24011690678781 30.68691804343474 30.999672112225614 31.27886504329339 31.6053690094848 31.98723200093009 32.37197431520299 32.69992495723494 32.94175298076665 33.0311939235538 32.97320684745122 32.78011851482731 32.48374425037451 32.14834805474192 31.907640196745906 31.779545839615007 31.663551491226233 31.46616442041931 31.131058648798334 30.67005547037227 30.169100679363147 29.77310110621693 29.68410664382229 29.890332645822305 30.238719254316692 30.64557733038037 31.071370513136014 31.500869408944055 31.920660870085037 32.319462792809055 32.66472701373728 32.9348112404387 33.16323456404911 33.35799622753379 33.525107448890246 33.63850695942948 33.61463131696011
31.21513351607859 30.685379559529586 30.35211726780494 30.281982453186835 30.474467374104456 30.828871964474015 31.23675369777228 31.593457269005754 31.837685027889645 31.936943287441267 32.00742780466267 32.1445929957805 32.35120561196994 32.611978419022776 32.881680741771305 33.0523555219574 33.104574407852425 33.0487035609118 32.90050379933842 32.68428752963723 32.425946080372334 32.23666641591809 32.12348838375351 32.037535935791 31.90559046242 31.61044155685076 31.149699533459835 30.5369649650363 29.898745149642526 29.76338718771209 29.9842461016808 30.288946656749 30.663519528331683 31.080207077549893 31.50979688080739 31.938212772297558 32.33826511094236 32.656943422089974 32.913664614297424 33.1338568286595 33.32005672007215 33.476985477533596 33.60432444594702 33.6061972179658
