_RESULTS/CROSS_VALIDATION_POSTPROCESSED_80-20/MHZ/IZ/8comp/4/MHZ_IZ_z_180_kriged_reverse_8comp_spherical_4.asc
ncols 100
nrows 81
xllcorner 5.5967107548124995
yllcorner 50.982328804812504
cellsize 0.00017565037499993607
nodata_value 1.7014100000000001E+038
[rows 0 to 18 of 81, columns 44 to 87 of 100]
48.86704983877951 48.89005754714907 48.913431141708884 48.92374453398822 48.877569811337004 48.772755869391766 48.612238942647195 48.3995117882039 48.13850254776447 47.83333255726365 47.48801950531431 47.10624929500936 46.69137816315297 46.246832561939186 45.77707815420818 45.28943308625205 44.7974047762892 44.327207296376535 43.92991610734871 43.69240719771832 43.699045583746454 43.937086636332566 44.31774726502143 44.76753034573072 45.246244309446894 45.72928530371169 46.19584732667158 46.637387238125974 47.04824211620064 47.42417104906705 47.76174833898289 48.058013667137025 48.310251428364985 48.51583754732986 48.672121680196206 48.77632674948285 48.82545509814342 48.82903675304811 48.82903675304811 48.82903675304811 48.82903675304811 48.82903675304811 48.82903675304811 48.82903675304811
48.88735733999443 48.91563072879499 48.93921662660197 48.94237111072462 48.88359461119074 48.763106850787366 48.58438143826923 48.35177032405714 48.070291125973576 47.745176091849935 47.38125310506557 46.982338733463514 46.55089628845487 46.087721007023625 45.593138216509985 45.06975238958717 44.523678527660785 43.97010747705358 43.450778460486944 43.092648757210775 43.12620771234214 43.49980186541159 43.994141588229105 44.519455944000526 45.047299595230385 45.56690311540429 46.06505958649781 46.53123759927976 46.961885430545614 47.35411857833643 47.70541792767736 48.01345168844748 48.275954839916935 48.49063649753624 48.65452787266423 48.76465274813489 48.81883915212606 48.823462655558394 48.82248067519785 48.822345681678584 48.82308668268373 48.82454175533946 48.82636942946285 48.82806956465856
48.86641166996327 48.92131557767227 48.957424687363805 48.95308826992924 48.880414270357505 48.742438123732796 48.54343378135802 48.28910730201116 47.98632777348163 47.642422854088366 47.263535582941444 46.852258322083365 46.41134048500386 45.94113518526684 45.440063715647824 44.90597757299816 44.33761725865386 43.73607214993829 43.107882559528846 42.49976935889567 42.627478316834214 43.226596380706624 43.8252700529221 44.40341008440638 44.95794682673797 45.490975455491366 46.0028100803247 46.48105677058385 46.92123877134469 47.321233759256366 47.679009821901644 47.992466055062295 48.257579843269184 48.472187274341735 48.63496507548549 48.74431965715802 48.79829643848608 48.80194927016127 48.799628237569124 48.799315575421 48.8010503091216 48.80461546482758 48.80956076152875 48.815246300835994
48.79278087395586 48.87432329516898 48.93313819769352 48.94393180286998 48.86305249681232 48.70438491870811 48.481539414078306 48.202106046632174 47.87527275654541 47.508267457635675 47.11115138938475 46.69184918790931 46.25415459341446 45.79721308741165 45.31689473395378 44.80839963808979 44.26891965420112 43.70079799669862 43.12049724607151 42.62816147267445 42.72981338499635 43.2694196911899 43.853445631014175 44.427120465893 44.98059151858259 45.51061534897862 46.01511079499433 46.490916019368214 46.92921550511055 47.32768266561225 47.68218571456632 47.98872030561993 48.2462450455032 48.453669133622576 48.6097968682883 48.713238432749066 48.76228064800844 48.76250220236615 48.75843535673557 48.7578902726343 48.760922643506035 48.767223525988804 48.77615768446293 48.78683858888223
48.66937342823173 48.77511338964671 48.853132490493564 48.88023427298482 48.81016731755906 48.64076641863196 48.38939207509075 48.07705991896335 47.71409895443723 47.31758828917826 46.904094801047755 46.48592429604881 46.06802364245317 45.64760712812637 45.21744396600051 44.771813169154214 44.31060611662642 43.84766991530068 43.428430771467255 43.169355211673235 43.232732658126146 43.58538550017613 44.06420936827226 44.57982723341117 45.09834689661686 45.60596290788712 46.09550999980312 46.55980996277124 46.98500206343477 47.368219368478705 47.70611827734566 47.99718027992263 48.24010610922453 48.43375901199777 48.57706859936572 48.66888775018316 48.707804941020896 48.70189487220278 48.69548247868973 48.694624547354046 48.69940184366338 48.709366921695434 48.723604554238264 48.74099316075998
48.49533170130803 48.62598965365811 48.723199291474835 48.766508563893865 48.7066273081564 48.538242795791334 48.26292029886199 47.9043128433789 47.496064375715235 47.062644292533165 46.62994006008181 46.218293071346665 45.835574848980855 45.476017473393064 45.12643300780733 44.775612862937635 44.42363076292373 44.0899972647997 43.819553378591195 43.68481475319653 43.74960471750897 44.00534726708125 44.38497879673479 44.826373802637406 45.292202864808004 45.762206140405524 46.22460712009213 46.67052849999438 47.077499312425516 47.43447364499719 47.7475659017885 48.01541793817799 48.23637628552817 48.40924192960332 48.53310917664211 48.60715450468064 48.630372255698475 48.61603555594126 48.60647443254534 48.6051960133674 48.61231707492905 48.62749316389651 48.65174064908602 48.682848290294125
48.27609069175969 48.43433340231855 48.55241115983333 48.612399985846025 48.56379746876694 48.389631611918595 48.09283967016702 47.68959854420105 47.22327252786357 46.73861293500488 46.27729621297884 45.87481617412721 45.54369589978219 45.269894832077135 45.027137392041844 44.79470335502324 44.56761126020837 44.360229700517856 44.20775050346944 44.15418908517843 44.231803856466655 44.440276906915614 44.750273365421315 45.125312577014974 45.5361009661487 45.9625553239445 46.39058681284373 46.8038412015361 47.18670033315442 47.52048985532647 47.80208597940442 48.03918909852851 48.230783772372035 48.375657939114596 48.4731658940129 48.52294570446214 48.52456357964866 48.50051608877039 48.48677992005829 48.484943279785156 48.4974020900754 48.525187834179846 48.565143211802194 48.61344478742335
48.017672124146124 48.20763298521112 48.35019730753006 48.42791206137967 48.39091803776346 48.209156341743615 47.8883775139941 47.44329546159835 46.90595503911625 46.345609418936576 45.8347868189121 45.44036971833619 45.18310726123702 45.02656415121892 44.91671240567099 44.81706841660182 44.71683238172684 44.62627111188563 44.56930562857931 44.576889263017286 44.671282055967524 44.85666561360432 45.120857241075605 45.44379315860863 45.805447562326506 46.1891535020917 46.57586960302994 46.95088753173615 47.30293917318884 47.610122191637416 47.86352959930856 48.06323438739388 48.21830571126814 48.327989508864725 48.39205186368969 48.41079574650206 48.38517416547934 48.351108520234185 48.33203342346635 48.33386214585333 48.357874064109104 48.401329024392844 48.46011342008649 48.52920792849055
47.72615223405902 47.95324799490282 48.125818139257944 48.22155483942723 48.19935670042464 48.01799036513049 47.677360495945656 47.18641290774251 46.57075556725785 45.8978597435413 45.29409618558123 44.900676889495806 44.75711019658465 44.76266471559109 44.81057976107336 44.84906671737773 44.86741054283805 44.876955610985306 44.8988665160039 44.955481029968965 45.06682621122126 45.24129376016707 45.475628346014 45.759702045691064 46.08082107166251 46.423117986798104 46.767327459524765 47.102551454845454 47.41951956098922 47.695279266731895 47.91827770353834 48.082081294884865 48.19390107198349 48.26134565932656 48.28478537805992 48.26545521725598 48.210708079351576 48.164413834635425 48.14389857956796 48.156617744402176 48.201059481460405 48.2707468783394 48.35799726113048 48.45476879507776
47.40783005096394 47.67824340375783 47.8874216475272 48.00376999553625 48.00286510705003 47.836683734742444 47.4912643558187 46.96577753882483 46.2705573941077 45.44973931015377 44.661638811867384 44.24732892418356 44.30911799739935 44.533894396429055 44.74840665153222 44.91175322689993 45.027604416184644 45.11471182426908 45.19589278447815 45.29201458035276 45.41951710078367 45.59024823862239 45.805658288124285 46.0612570497355 46.34881839473699 46.65104357157607 46.954721923417885 47.250416373958444 47.53015637189321 47.770971355475 47.95897672821597 48.087381152074315 48.15319893153397 48.171622399965635 48.14721789019997 48.08246711486183 48.00156998639457 47.95803038007235 47.95824542684467 47.999570714238295 48.07644676584221 48.180693110316895 48.3024272430622 48.43133384861052
47.06965612620536 47.389445048077135 47.63867340590255 47.78470645432773 47.81063496187262 47.680533497809094 47.357882188215626 46.83378317484013 46.101135954893685 45.159968264540844 44.05644124718109 43.53401274231762 44.012502120955055 44.45233753632091 44.78714072607495 45.030755943746634 45.20778815731038 45.34993940990255 45.47909599054599 45.61150285093192 45.75901746184461 45.93028063013265 46.13271894482177 46.36582020418461 46.62120179788366 46.883603769697686 47.14370236537311 47.39486708294146 47.632034979647706 47.833339254619084 47.98275331343086 48.07116528141774 48.09303648496065 48.05613476802506 47.97717257791757 47.87684547801923 47.803708193977066 47.77914136552037 47.80434857643902 47.87699581877651 47.9905136454737 48.1344240252274 48.295800683793864 48.4612787637307
46.71997123924659 47.09350536980048 47.38537555608925 47.57056056977214 47.63300934482247 47.554177094134396 47.28894589214141 46.82094202526142 46.14475136509819 45.26701112956636 44.266046537866735 43.80874326521156 44.20269645800298 44.62757081767231 44.96517681623829 45.23156886122142 45.44475948660068 45.62187630274981 45.78016665339095 45.93407585468376 46.09397358882091 46.26607944891102 46.45782196683052 46.672102647287936 46.89739541788972 47.12278312185775 47.341290384341924 47.548030635703 47.73909521011491 47.89188252889541 47.99181410969144 48.03304091962822 48.00847300015908 47.91879903711233 47.80670523733624 47.69902181320365 47.637941999494444 47.63088462082369 47.68126922033045 47.787850650970206 47.942940786918165 48.13274293349797 48.33989596876346 48.546852136207
46.36946789907449 46.79600268907248 47.13363059683597 47.36426717794819 47.4739634219531 47.45034358404831 47.27168550224834 46.90832274410464 46.3709437970449 45.70604072957975 45.05735106700836 44.72243814944085 44.789908394361625 45.02925158489129 45.2958387606367 45.53533670779829 45.74025785409091 45.91963373699271 46.08583656295567 46.249006763791286 46.415749384022995 46.58967174786261 46.77375619286908 46.97131347875287 47.16953706475053 47.36094758751776 47.54054002957048 47.704956692604476 47.85081036519425 47.95381555282601 48.00030800872385 47.984291730707476 47.90923681450052 47.796271196085414 47.66169388956683 47.55873960941219 47.50611589646378 47.5130603250716 47.58729373431271 47.730290601106084 47.93316331882796 48.17688831702118 48.4372667043386 48.690961828337436
46.03207300567617 46.50711972594009 46.88976990189946 47.16711876566216 47.328649293255 47.366031896324145 47.27442251597538 47.03825369340766 46.662971938894735 46.20414006550499 45.76587823665961 45.48521499998919 45.43392297503673 45.543730870452926 45.71320556110242 45.88794974794475 46.05307535186936 46.212716184166695 46.374352543569486 46.54164212698131 46.71469268704428 46.89251418993697 47.07426708909262 47.25734776652498 47.431843913086155 47.592752254576226 47.736771850349434 47.86186488180319 47.964064847692846 48.01709031938356 48.00929441554139 47.94225689443225 47.84038571958415 47.70157816485741 47.56109118730416 47.46154039996518 47.4117333483809 47.42605730817248 47.52008515257344 47.70170898849528 47.96093868851437 48.269541081324654 48.59215148273444 48.89763455353107
45.725069717413255 46.23999189654413 46.661570758441556 46.98094302898283 47.19155525555691 47.28933373295331 47.27390464730375 47.15146961175217 46.9230791132982 46.62192146628558 46.3122680082693 46.08997671480581 46.01384061491734 46.044367561769 46.126503859124654 46.22585787044258 46.33606352197007 46.46639013880679 46.62242554880319 46.798079791108016 46.982998626419636 47.169856925129636 47.35476379558863 47.52654599236602 47.68100429812867 47.81523141821128 47.927491606727585 48.016976693335295 48.07726934097275 48.08117553332415 48.0237092808432 47.93268303573614 47.808026047744704 47.66253930852487 47.519239294454486 47.41641640142669 47.36230509208819 47.37275395961007 47.47707767316664 47.69881355770102 48.027763807399246 48.416890347912776 48.81184292191091 49.172317828711456
45.46778459311368 46.009835125798546 46.45893178418308 46.80989456735698 47.059956388423466 47.20894531376346 47.25971600786074 47.21954559428899 47.10296437106188 46.92018643115275 46.71765276327225 46.560642473515564 46.48481043635429 46.468198016862026 46.47952925092345 46.50260466923151 46.54902462583596 46.649252202513274 46.81215364518658 47.01123081876974 47.21880927081821 47.421401303901725 47.61327826553533 47.77840175981199 47.91798009598343 48.031870990247796 48.11927336852555 48.17976497161323 48.20091545245889 48.15878211350781 48.07662566279974 47.96647486824923 47.83744154954185 47.69631567980389 47.55359055650253 47.44134378721756 47.373770613386164 47.363780894923934 47.456993590079975 47.71800008590908 48.14115117636027 48.63291018123904 49.108227633022686 49.52119568737483
45.2808702206581 45.83333157935279 46.295453642421016 46.66336710163143 46.9371592268422 47.120966602100204 47.22175943603831 47.24634840905728 47.201730890810744 47.10908360448286 47.00669541917234 46.90669556652573 46.842497629229555 46.7992196590379 46.75541322669866 46.70201864063521 46.66676733497847 46.73757855070695 46.94117793668295 47.18873475730606 47.42980283378926 47.65311707455959 47.85676731584337 48.02286918745087 48.15426464219739 48.25373858632567 48.3215305646373 48.3574593570652 48.34089537446184 48.269724467290736 48.176497073617355 48.07230220340754 47.956800582057255 47.827034530130064 47.69046733118314 47.57064413095225 47.48074534441887 47.4329486007486 47.468373858003936 47.7581389200592 48.329720537518554 48.94643058434943 49.49719582067815 49.94626375694452
45.2220726550304 45.774365594554816 46.2338813080562 46.598259952028165 46.87014559183681 47.058867921202044 47.17993939304592 47.24445015150227 47.25292704844133 47.231890175391314 47.19307772531792 47.141487325791935 47.09716767414589 47.046108102870335 46.97039565195956 46.855527909947966 46.70486142337285 46.72548920782544 47.050859391682444 47.36203618557091 47.63771109900443 47.88338423566669 48.09959805266225 48.268348776733774 48.394068997167494 48.48200679067255 48.53337430914673 48.54467290205342 48.49432242981666 48.41838704248519 48.34046445575121 48.25647312491727 48.16138769051277 48.053691871724645 47.93840303402451 47.83358389761088 47.7475701017367 47.676836886978705 47.612983475086324 47.87651550225749 48.6877024582097 49.40011082504326 49.98780437488949 50.442771096472505
45.34471317963383 45.87475434555094 46.311704572877225 46.652343195030944 46.89836289660679 47.060659670989274 47.171721551501484 47.2601249901632 47.315078625149766 47.34055083941435 47.331229312427716 47.29426535726643 47.2645730738219 47.22577835850799 47.15560884843279 47.04635074614274 46.9063042474491 46.94040695438497 47.273010234527376 47.59831365383983 47.88920990545205 48.146573017453726 48.368210206088754 48.533942766772384 48.64783897201125 48.718929950663146 48.75087023948304 48.73650032944574 48.68015084079478 48.62303881011311 48.566067287721154 48.5054868357581 48.43681057223622 48.36105179618983 48.282978725993075 48.22124098402918 48.18759736351596 48.189289180503145 48.26824918312486 48.632417368669465 49.32331387039178 50.003150936044136 50.565063943987056 50.98334689370867
