_RESULTS/CROSS_VALIDATION_POSTPROCESSED_80-20/MHZ/IZ/8comp/4/MHZ_IZ_z_125_kriged_reverse_8comp_spherical_4.asc
ncols 100
nrows 81
xllcorner 5.5967107548124995
yllcorner 50.982328804812504
cellsize 0.00017565037499993607
nodata_value 1.7014100000000001E+038
[rows 57 to 75 of 81, columns 0 to 43 of 100]
13.49175849072741 13.978582557854564 14.438573678471437 14.826833773033016 15.089885799923893 15.179222592772728 15.075099187134889 14.810516183305197 14.388622971361857 13.794248183477867 13.081276664310046 12.292732671251077 11.462950821749748 10.619341224398012 9.783131515826597 8.9697740289978 8.189703670737925 7.45303483932801 6.764137012760503 6.142337978989624 5.609138914157639 5.173346484344631 4.813195488872759 4.480090628613401 4.2302440535581445 4.450572699884949 4.921513736058322 5.446673303807514 6.005723156269481 6.5912769877539965 7.197617392553784 7.839718280254885 8.544648668583383 9.306130810049218 10.10232130399905 10.874932882449263 11.536535259342541 12.0191586647117 12.334090194584581 12.477898779092467 12.470972831431853 12.321088166379033 12.047959281904658 11.729166117081494
13.250972974388556 13.665218404169632 14.040263477444528 14.339874586818988 14.524640019200948 14.573857427575444 14.480238267015967 14.26021283040598 13.901407759925549 13.369032954252699 12.709696831696219 11.965858464195662 11.173820488381784 10.363842791748521 9.559864396433092 8.7790647955236 8.032996896015893 7.335674937959837 6.70555164278235 6.150809499568431 5.6776547031554605 5.303826118188142 5.000358573281086 4.756235954664874 4.652117304899033 4.800125488949713 5.158235439692586 5.620258320703205 6.133963330614666 6.674955639945902 7.22792611281557 7.794285139911897 8.398033736872211 9.03291478602094 9.675049616024435 10.287511767327901 10.829757944305813 11.273485805381208 11.619153174364376 11.841314214036352 11.922743002628033 11.866433030618175 11.694120221070675 11.476851719070362
12.959652402476571 13.3028699982185 13.603389297187402 13.834208606135912 13.967050316914722 13.985078575730656 13.892403226171451 13.698645220491986 13.391904589034551 12.919734804998374 12.31831189331116 11.627087103871093 10.882363151597364 10.116421854063947 9.356127378823713 8.620592961915833 7.92589762967536 7.288079602247623 6.733538680293854 6.257687615349382 5.859220961721679 5.558818355176982 5.325063059875206 5.163808284024549 5.126907372718883 5.256963711989304 5.5420346237382985 5.932138561114996 6.381387902096111 6.857300157595988 7.33930362801135 7.827488412077464 8.315268651999377 8.811488714754022 9.297854330886409 9.760678684134556 10.187997768531611 10.572993288761431 10.914541240394469 11.197815646774508 11.368068857409867 11.411950768490616 11.352860627350875 11.249283177486436
12.641686262100208 12.922582187021614 13.160155020212667 13.33437589266133 13.426465326295137 13.423219944618022 13.326573202484344 13.148456488309368 12.884157730175952 12.469982315122065 11.927845822328145 11.293094889722335 10.600641595846488 9.884317715058428 9.175500760021073 8.49957470751658 7.871828734869006 7.315611840814984 6.842465874987415 6.448685880955289 6.134702531204482 5.9069247024777995 5.736020157706068 5.636561318706508 5.63983502040472 5.765822960972239 6.008652563920243 6.3401100066609235 6.724763865387752 7.129328531824957 7.534347446684932 7.936071679495271 8.312956631411327 8.659266964166225 8.986213399629131 9.298092519745971 9.605644375576784 9.91990054711028 10.243022059725492 10.562714426132445 10.819926517726685 10.966204534847304 11.03048025701394 11.049268994106619
12.314115793184655 12.54153393039759 12.727590909247446 12.857348218851389 12.91760415709595 12.89945237251847 12.800401307530935 12.630603274798288 12.398037342842045 12.040429971647637 11.558722542525556 10.983589433523596 10.346556961176821 9.680627701062274 9.025222672120517 8.421415246008143 7.876924743097656 7.412147968933737 7.024832643257753 6.715086862759331 6.487633459813162 6.323938279873128 6.207488043111292 6.156141910907043 6.189375631976068 6.317494099499807 6.535427598323816 6.823113509641922 7.151248555672883 7.487187781407643 7.815775466246352 8.12321724974543 8.386187677559997 8.590000647866816 8.748027516258196 8.897759002120711 9.073811468149309 9.30866270782675 9.609846765970985 9.952591372166962 10.28877039030241 10.539565805088937 10.73323806786798 10.883741129349206
11.989614861035669 12.171577930587125 12.31543872836724 12.4099299884324 12.445528806147442 12.416019211705393 12.319688462037943 12.159697459701507 11.947599872406387 11.646812331974282 11.227129651235105 10.714675604969033 10.136372758183459 9.520771007892998 8.91094029160273 8.39085972605384 7.947336727180029 7.574928258471046 7.273817721303194 7.04922728164286 6.906280788049451 6.79442661153299 6.72479803305073 6.713749120916555 6.772953363875099 6.907666139123298 7.112298020386714 7.369735416308414 7.653299489423768 7.9307951161841235 8.188385319572975 8.398080267725376 8.535728183745048 8.599299488560618 8.593089895695853 8.560237404217167 8.582746705755309 8.730742225809609 9.01919741151152 9.39495333364199 9.788531142809234 10.145143048075685 10.471272499269746 10.763569215021175
11.677563192139012 11.821031841764357 11.930243667895708 11.996597953486237 12.013085548012526 11.975276407435537 11.8820410512362 11.735771769927526 11.5420299805184 11.292634302059284 10.937678165300118 10.493075035702566 9.98464351830234 9.44146353674901 8.894928014070302 8.450581844899787 8.09336828221996 7.803230910434119 7.58397991857697 7.443100347273675 7.375285680876534 7.314952521302509 7.280533148838677 7.3018392421675875 7.385444232755269 7.530739135145262 7.7314101348417665 7.971562522201293 8.225475886514083 8.459699485950365 8.654375202857043 8.773587678809447 8.787556684429205 8.695546878684574 8.517100370329972 8.29365795214006 8.126273612701752 8.178405974467925 8.487681260594213 8.917754010017854 9.361989767320399 9.805330666529754 10.255948569777285 10.682096742440764
11.38492828712819 11.495812012059089 11.576486108695525 11.62031516568425 11.62206706143639 11.578559658873187 11.489119471624644 11.35572929331268 11.182830186084363 10.975612487877026 10.689546353482497 10.321634874108797 9.898651222558572 9.447660851456762 9.004756945162343 8.613864909323619 8.312865482476123 8.092134515275024 7.948926271806132 7.886887076721454 7.878546902359725 7.872147909699614 7.874536986594549 7.92042791368803 8.021602797219467 8.177835452540567 8.381933866398352 8.617210858933221 8.856191320125525 9.063945738323502 9.218022553783614 9.26650258380052 9.166485378724888 8.919447448706693 8.55684978372584 8.125605587953885 7.705125958429239 7.654114772150498 8.081745264783553 8.581108501598735 9.064082929405739 9.561234904448067 10.084101743565084 10.61746052066412
11.116934112970478 11.200187571756441 11.257271996765033 11.283023595757278 11.273503165340964 11.226435148058993 11.14151582896088 11.020525302725266 10.867246994964558 10.689304633302957 10.480417711235154 10.199453432798284 9.864831225565892 9.504237598619882 9.14625793055567 8.823441064865285 8.584736928422396 8.43045617287499 8.359741834871812 8.35587909742558 8.40178597511605 8.44816807536814 8.497460926019704 8.56620887898489 8.682468185960495 8.847236022023 9.052633182679967 9.2842460029517 9.519316707491539 9.72583891579476 9.876261985976278 9.891494846900535 9.694255862577144 9.297636791880041 8.776629369500478 8.195802875306837 7.60362474391597 7.458921143814244 7.955050487855039 8.44916681963889 8.932145419589762 9.439263344826413 9.974300940436384 10.541638357536218
10.877558858587918 10.937298120546783 10.97478957831381 10.985986210668164 10.967909059503576 10.918955454470186 10.83974488671909 10.733236221569973 10.603651747838342 10.4567871015734 10.29984096843574 10.106945812651453 9.863083401707486 9.591069478793978 9.313585485571307 9.063291709500755 8.892357422087725 8.806090164544196 8.789145046280607 8.83166880998774 8.928758419930894 9.026822664052576 9.124044823331525 9.22783165121358 9.354110904330836 9.521533177804706 9.724891638605452 9.953839895902975 10.192068054428379 10.416847926875693 10.610684138045801 10.665604863143924 10.38656718184607 9.823969682219383 9.181503449304985 8.564158886505679 8.077276395751252 7.9273534089859945 8.141101972087855 8.4970194367952 8.924688843419142 9.39954495835584 9.911057538190354 10.452192396868368
10.672116141102762 10.711581162454413 10.73305150828603 10.73345759357862 10.710831789359808 10.664518100985292 10.595310463269817 10.505501754824047 10.39884672472679 10.280465267512604 10.156727631564623 10.032610061552596 9.876036255082898 9.689940431088926 9.493309439540292 9.319008367187562 9.219727293480174 9.185016808171929 9.208404328747989 9.292677574712856 9.436118496279827 9.582742897904508 9.723598799447903 9.865006222818227 10.011552591812881 10.17620498094595 10.37210238690293 10.59201367948304 10.825692495976401 11.061726971953801 11.313019130102782 11.546041102486182 11.169914422122208 10.386831118227889 9.664231253298102 9.05092315589641 8.609224743453495 8.409018606463386 8.445062565122727 8.663261831868375 8.998793992425682 9.40730036470149 9.862798498988662 10.346254145493933
10.517101307366056 10.538935526676967 10.547289814733643 10.539736023149725 10.514809982433237 10.47216349928602 10.412665263780553 10.338439778995063 10.252845432998534 10.160403873862487 10.066695657859212 9.978222054089587 9.897043867022978 9.794327718273903 9.677786823514756 9.575628373346964 9.524892072425004 9.528581138259415 9.589252171364143 9.710133076409278 9.893384015392094 10.086327219363248 10.26820424514283 10.444079133290822 10.617608320057993 10.790556706042926 10.969318955792502 11.164834121783908 11.368214208753718 11.566563974018548 11.762379069912548 11.886288024534513 11.51505168881708 10.783867397864833 10.086486500515356 9.50162623695133 9.07101375609219 8.82021919258101 8.766555461896077 8.88587509425738 9.128533774583964 9.455493381042066 9.838219282221761 10.252498216484405
10.417705332082647 10.424144172984288 10.421340444363466 10.407351725299558 10.381085556432678 10.342410354987523 10.29222874048841 10.232505678350806 10.166250408417314 10.097456052605022 10.03100019281135 9.972500432868262 9.928103242496803 9.899342585108158 9.850813565823682 9.79398267812332 9.781534218535564 9.820643113935455 9.914348522295375 10.065962387687645 10.27923741430026 10.51573169538987 10.735221507770195 10.941400487390446 11.136659990045072 11.321580308675497 11.494430547280423 11.651962030268217 11.797480380311592 11.91180340751899 11.964756755438362 11.88431851686519 11.541425554340735 10.983841797031237 10.385505402365082 9.851168280226078 9.42952631990809 9.164896365482194 9.070509359410282 9.122966452372605 9.290910317924245 9.544243935188138 9.856899106315852 10.205494026249577
10.37691775121316 10.369685778856736 10.357208137810602 10.337907477047514 10.310962722980994 10.2763899001867 10.235094627988254 10.188890501681955 10.140481211775745 10.09340669408853 10.051953210840793 10.019852034462806 9.994998447951902 9.978269437791441 9.969547626417555 9.954621949936005 9.976982334963179 10.047423980011256 10.169029294032335 10.344868335867702 10.578048472402513 10.850621415525735 11.103757466711226 11.335666463498246 11.547240483239694 11.737460879172652 11.902678265637572 12.03549350536009 12.122667671347855 12.143812302431938 12.073511387243308 11.889712493927416 11.551963690445021 11.085936775587077 10.573674328853334 10.090975908862621 9.709706549993358 9.461355058983846 9.347951080782078 9.357360569202076 9.46982656084137 9.663439889876166 9.916967013482898 10.210541051872504
10.379268121674842 10.370244666390594 10.35444058446933 10.332780195499925 10.306248410707711 10.275899912780844 10.242869145654627 10.208379475896413 10.173748311370803 10.140382611848208 10.109756387087542 10.08335972367852 10.062610421189966 10.04872821187164 10.042589145970544 10.048026832672727 10.100493670825403 10.197434446421225 10.341230758685445 10.534469010890259 10.779444472972996 11.073232526041513 11.355779807750324 11.608992339329575 11.83225064073079 12.022983778703288 12.175919476318684 12.282045064683512 12.327144547058552 12.290155557873176 12.1473068391513 11.903117373753432 11.560299449440496 11.137264057150114 10.6858501108561 10.276726679391402 9.948699906640176 9.722363051104503 9.603496996732943 9.586880542647835 9.660453783825483 9.808915523285814 10.014650266825305 10.256107973823383
10.381071039676739 10.377011324614282 10.366324918076666 10.349934146866675 10.328815263761618 10.30400353290875 10.27659753487335 10.247760856854029 10.218718235892851 10.190741911052346 10.165122854802606 10.143121655389141 10.125896543715921 10.114412567332517 10.109345477932468 10.111185981257014 10.154414289217437 10.261751102299293 10.421791571675797 10.625651470359081 10.874717133352826 11.169607769033487 11.476862183101417 11.747415873497463 11.978922221730363 12.16763460219271 12.307407078450913 12.389050174731535 12.39979713198186 12.324330591149133 12.15246009671657 11.883736326818696 11.545594894374291 11.170790686634948 10.793712421429548 10.449616678982085 10.166950873234558 9.96336309366962 9.84571617084353 9.812017827985239 9.853969962086374 9.959386153791256 10.114101106510073 10.303369332086486
10.38108458790999 10.380682337989047 10.375267274544798 10.364251106075573 10.348590124925035 10.329288018396982 10.307395626575563 10.284007313358048 10.260251630732936 10.237273383538556 10.216204063291844 10.198118483853712 10.18397792064921 10.174564290338521 10.170414971580946 10.171771464341676 10.195485557009839 10.27935229350197 10.420775635506168 10.615479338585438 10.85892209763989 11.142759976662537 11.456652564302182 11.741080997745467 11.97848706844023 12.164423923763943 12.292602265801289 12.354665396974237 12.340409856393157 12.244454507892945 12.068238688882694 11.814722141481269 11.515679026545202 11.196823085977536 10.88005261057004 10.58933300288649 10.345305283955025 10.16210966120582 10.046565417297456 9.998902959613488 10.014226105250382 10.084133150693535 10.198186634310872 10.345145194169453
10.38108458790999 10.38108458790999 10.380311214841049 10.374719652054793 10.364510530095332 10.350647749505882 10.334127711843157 10.315972248040737 10.29721638544012 10.278889147119365 10.261985857446266 10.247431407256235 10.23603580321328 10.228445943354336 10.225100216363755 10.226194001037243 10.235540947194458 10.29313098199937 10.4058078972773 10.56886166135701 10.777406735381701 11.026110767514295 11.308889101511127 11.596935892173303 11.836629750307734 12.020946212899968 12.144338086220959 12.201171854494342 12.189655016615118 12.110116222649978 11.961802611315807 11.748356728716724 11.485180005697819 11.209087925309998 10.937987251653276 10.688618624533303 10.475968327846628 10.311033747637124 10.199894293755525 10.143850033769208 10.140203089534927 10.18330861377331 10.265652933952529 10.37884425752875
10.38108458790999 10.38108458790999 10.38108458790999 10.38036460774318 10.375564737738973 10.36704340429686 10.35573968137518 10.342603506415141 10.328582280354356 10.314602100906187 10.30154300605626 10.290208455999752 10.281290593357335 10.275334401240647 10.272705264955718 10.27356500320758 10.27786065973036 10.306993477582848 10.388724833712649 10.518182472221246 10.690085783158827 10.898737166018563 11.137750669705365 11.399549715681836 11.639408188369837 11.82472575581176 11.950667778973603 12.015604731885727 12.019987932176761 11.962682097367122 11.844943597573154 11.671549418848699 11.451570427155037 11.208890892026014 10.97285836737049 10.755636506197284 10.568202655510424 10.419013723150677 10.313209657630543 10.25250730530933 10.235588820622764 10.258763579271147 10.316730278832587 10.403330970855079
