_RESULTS/CROSS_VALIDATION_POSTPROCESSED_CLR/Berg/TZ/7comp/4/Berg_TZ_z_1000_kriged_reverse_7comp_spherical_4.asc
ncols 100
nrows 90
xllcorner 5.6208707817415728
yllcorner 50.959635321741573
cellsize 0.00013419651685393446
nodata_value 1.7014100000000001E+038
[rows 0 to 18 of 90, columns 0 to 41 of 100]
-2.4410456979515294 -2.4410456979515294 -2.4410456979515294 -2.4410456979515294 -2.4410456979515294 -2.4410456979515294 -2.4410456979515294 -2.4410456979515294 -2.4410456979515294 -2.4410456979515294 -2.4410456979515294 -2.4410456979515294 -2.4410456979515294 -2.4410456979515294 -2.4410456979515294 -2.4410456979515294 -2.4410456979515294 -2.4410456979515294 -2.4410456979515294 -2.4410456979515294 -2.4410456979515294 -2.4410456979515294 -2.4410456979515294 -2.4410456979515294 -2.4410456979515294 -2.4410456979515294 -2.4410456979515294 -2.443396686535001 -2.451488216420441 -2.4591556396321144 -2.4633109420347226 -2.463097642786239 -2.457427479790491 -2.4480537901028834 -2.428261018236811 -2.3990982927384588 -2.364322891954881 -2.32675951780171 -2.288240096827227 -2.249582334824337 -2.2106135908931828 -2.1702395269832597
-2.4410456979515294 -2.4410456979515294 -2.4410456979515294 -2.4410456979515294 -2.4410456979515294 -2.4410456979515294 -2.4410456979515294 -2.4410456979515294 -2.4410456979515294 -2.4410456979515294 -2.4410456979515294 -2.4410456979515294 -2.4410456979515294 -2.4410456979515294 -2.4410456979515294 -2.4410456979515294 -2.4410456979515294 -2.4410456979515294 -2.4410456979515294 -2.4410456979515294 -2.4410456979515294 -2.4410456979515294 -2.4410456979515294 -2.4410456979515294 -2.4410456979515294 -2.4410456979515294 -2.441588426309319 -2.4412449978873063 -2.432779482722531 -2.4197414626018854 -2.405643069823916 -2.3901923324051593 -2.366923705288463 -2.329116914376345 -2.2822358040881494 -2.2313307745510205 -2.1805266364842284 -2.1329049605145505 -2.090420758387959 -2.053869398405465 -2.0229177874361106 -1.996205281401445
-2.4410456979515294 -2.4410456979515294 -2.4410456979515294 -2.4410456979515294 -2.4410456979515294 -2.4410456979515294 -2.4410456979515294 -2.4410456979515294 -2.4410456979515294 -2.4410456979515294 -2.4410456979515294 -2.4410456979515294 -2.4410456979515294 -2.4410456979515294 -2.4410456979515294 -2.4410456979515294 -2.4410456979515294 -2.4410456979515294 -2.4410456979515294 -2.4410456979515294 -2.4410456979515294 -2.4410456979515294 -2.4410456979515294 -2.4410456979515294 -2.4410456979515294 -2.439935802896686 -2.42503529438779 -2.3992016548572477 -2.3667174007241085 -2.3316891522933383 -2.298020490198378 -2.2550188629225145 -2.19453257528537 -2.123614852824036 -2.0487081123797406 -1.9754156415260278 -1.9083262790566116 -1.850858075412553 -1.805140255224399 -1.7719577489355491 -1.7507860365271708 -1.7399379838156013
-2.4410456979515294 -2.4410456979515294 -2.4410456979515294 -2.4410456979515294 -2.4410456979515294 -2.4410456979515294 -2.4410456979515294 -2.4410456979515294 -2.4410456979515294 -2.4410456979515294 -2.4410456979515294 -2.4410456979515294 -2.4410456979515294 -2.4410456979515294 -2.4410456979515294 -2.4410456979515294 -2.4410456979515294 -2.4410456979515294 -2.4410456979515294 -2.4410456979515294 -2.4410456979515294 -2.4410456979515294 -2.4410456979515294 -2.4410456979515294 -2.4373233153250693 -2.4107812618565303 -2.367802961670315 -2.3150999749346597 -2.2572428371376785 -2.1986569110891834 -2.1291238719852235 -2.0430572539582155 -1.9435020319557914 -1.8380574145808173 -1.7338916991452953 -1.637288612085545 -1.5534241613864135 -1.486158812889843 -1.4378673217980733 -1.409338397894921 -1.3997922703872838 -1.4070734396334372
-2.4410456979515294 -2.4410456979515294 -2.4410456979515294 -2.4410456979515294 -2.4410456979515294 -2.4410456979515294 -2.4410456979515294 -2.4410456979515294 -2.4410456979515294 -2.4410456979515294 -2.4410456979515294 -2.4410456979515294 -2.4410456979515294 -2.4410456979515294 -2.4410456979515294 -2.4410456979515294 -2.4410456979515294 -2.4410456979515294 -2.4410456979515294 -2.4410456979515294 -2.4410456979515294 -2.4410456979515294 -2.4410456979515294 -2.436254273194222 -2.403768507175535 -2.346159043475367 -2.2741316630748676 -2.193279571645366 -2.1085541130145202 -2.010698865354042 -1.8923560522670269 -1.7612519848035166 -1.6208423726425203 -1.479101170372072 -1.3440678062248579 -1.2228620961705352 -1.121402748643908 -1.0441349951141694 -0.993787765493575 -0.9711918580421757 -0.9752260847883014 -1.003128514521256
-2.4410456979515294 -2.4410456979515294 -2.4410456979515294 -2.4410456979515294 -2.4410456979515294 -2.4410456979515294 -2.4410456979515294 -2.4410456979515294 -2.4410456979515294 -2.4410456979515294 -2.4410456979515294 -2.4410456979515294 -2.4410456979515294 -2.4410456979515294 -2.4410456979515294 -2.4410456979515294 -2.4410456979515294 -2.4410456979515294 -2.4410456979515294 -2.4410456979515294 -2.4410456979515294 -2.4410456979515294 -2.437699833555465 -2.4043899806484417 -2.339471938685524 -2.2508583475479638 -2.148739262306789 -2.0383981746022037 -1.9154072231220296 -1.7650194089444784 -1.5958794743749534 -1.4172816173448264 -1.2338795224288837 -1.0536519458621858 -0.8856802289981491 -0.7381064876278791 -0.6177826645692841 -0.5379178611993369 -0.5109576471002182 -0.5282773556760296 -0.5799844855837337 -0.6556414676964879
-2.4410456979515294 -2.4410456979515294 -2.4410456979515294 -2.4410456979515294 -2.4410456979515294 -2.4410456979515294 -2.4410456979515294 -2.4410456979515294 -2.4410456979515294 -2.4410456979515294 -2.4410456979515294 -2.4410456979515294 -2.4410456979515294 -2.4410456979515294 -2.4410456979515294 -2.4410456979515294 -2.4410456979515294 -2.4410456979515294 -2.4410456979515294 -2.4410456979515294 -2.4410456979515294 -2.440315786713245 -2.412222966816926 -2.346967773883107 -2.2496661022152153 -2.1298932615700767 -1.99668933877046 -1.8517919751103749 -1.6749926477210935 -1.4704583472910908 -1.2484061011926229 -1.0193158932761373 -0.7903948920086581 -0.5690075891703135 -0.3658120538866374 -0.21695964635760046 -0.137126127261741 -0.11874374719241931 -0.15321546911720363 -0.23079757533468115 -0.34038643661489854 -0.46932741983218795
-2.4410456979515294 -2.4410456979515294 -2.4410456979515294 -2.4410456979515294 -2.4410456979515294 -2.4410456979515294 -2.4410456979515294 -2.4410456979515294 -2.4410456979515294 -2.4410456979515294 -2.4410456979515294 -2.4410456979515294 -2.4410456979515294 -2.4410456979515294 -2.4410456979515294 -2.4410456979515294 -2.4410456979515294 -2.4410456979515294 -2.4410456979515294 -2.4410456979515294 -2.4410456979515294 -2.4245851023763976 -2.3658449451823635 -2.269192279320637 -2.139899311906901 -1.9886048659606328 -1.8234080671303474 -1.629135536265414 -1.3967215579680716 -1.1364914013736964 -0.8593359195237009 -0.5766358070342648 -0.29880684795577883 -0.05558554379889147 0.10704192907256838 0.1934203332900637 0.21007163831092202 0.1646875980223248 0.06620323057106514 -0.07515506468090116 -0.24750430829248815 -0.43608541773036347
-2.4410456979515294 -2.4410456979515294 -2.4410456979515294 -2.4410456979515294 -2.4410456979515294 -2.4410456979515294 -2.4410456979515294 -2.4410456979515294 -2.4410456979515294 -2.4410456979515294 -2.4410456979515294 -2.4410478135591966 -2.4411340875935306 -2.4412702284279337 -2.441375851104589 -2.4414044151295418 -2.441344601457896 -2.4412206532450327 -2.4410916488386274 -2.4410456979515294 -2.4364831011832724 -2.391906799365955 -2.3035936818007228 -2.176390646953727 -2.0157192623882247 -1.832681319582936 -1.6285174620096725 -1.3792783059319769 -1.0906500765956668 -0.7733567225349445 -0.43892414842732874 -0.1012846971521526 0.17117013967067507 0.3548167129281503 0.45599535722754014 0.4797306678034019 0.4323241427427602 0.32165992892939865 0.15717070743111083 -0.050461635001592064 -0.28940300453355805 -0.5451139390120181
-2.4410456979515294 -2.4410456979515294 -2.4410456979515294 -2.4410456979515294 -2.4410456979515294 -2.4410456979515294 -2.4410456979515294 -2.4410456979515294 -2.4410761864195587 -2.4414762858194097 -2.4421828493874447 -2.4430136071207413 -2.443812945610749 -2.4444562356005886 -2.4448536212090675 -2.4449529389496365 -2.444741486590714 -2.4442464623065927 -2.443534028408876 -2.4427070965709454 -2.4194797439700735 -2.3472222240001486 -2.230516102108435 -2.0739762088743934 -1.882794587839436 -1.6681585301109598 -1.4160607485251933 -1.112507021722001 -0.7675540366914979 -0.3921916536454151 -0.004686085190655387 0.3077937517942395 0.5238133280960127 0.6483357933127105 0.6889944937635035 0.6502436023783269 0.5380253182011798 0.3606490053682698 0.12867239894472515 -0.14595847170490206 -0.44539420032740074 -0.7484585167046189
-2.4410456979515294 -2.4410456979515294 -2.4410456979515294 -2.4410456979515294 -2.4410456979515294 -2.4410456979515294 -2.441109220737213 -2.4418354210537245 -2.4431712192186588 -2.4448745887436916 -2.446720871130892 -2.4485081111440765 -2.450062633458792 -2.451244480497798 -2.451952256393853 -2.452126907254682 -2.4517540315002204 -2.450864455667557 -2.4495330078556936 -2.4443600550668876 -2.3961933214076296 -2.2976029973244994 -2.1532002257568186 -1.967830001119188 -1.7469842605730255 -1.4983583780183443 -1.1960815428291376 -0.8396362278874805 -0.43898133011426177 -0.01157941278843122 0.34395116463920683 0.6009055130924144 0.7626809047091307 0.8317795379837318 0.8134388673171453 0.7126350803666042 0.5345902952732344 0.2883732983242484 -0.0008905961026988152 -0.3019563362486468 -0.6088388246249847 -0.9154271855067937
-2.4410456979515294 -2.4410456979515294 -2.4410456979515294 -2.4410456979515294 -2.4410456979515294 -2.4415880215066554 -2.4431766374868378 -2.4455318602329874 -2.4483779466950724 -2.451450091222924 -2.4545000255610923 -2.457302432481389 -2.459661852676392 -2.4614195924775846 -2.462460005189933 -2.4627154699283396 -2.462169465709854 -2.460857341176293 -2.4588646766632536 -2.441559549092381 -2.3706063101885517 -2.2479365603552237 -2.0780262629025708 -1.8655613215718445 -1.6156989822255572 -1.3285074752015573 -0.97882773499754 -0.5719342048850051 -0.1191989569623626 0.2801749781822358 0.579180689138663 0.7822649802138391 0.8922165826260255 0.9100499667800039 0.8359888267090692 0.6739177304657304 0.43307319435260405 0.15695594151159176 -0.1402412252448344 -0.448517871889627 -0.7575387440023982 -1.0576932403785553
-2.4410456979515294 -2.4410456979515294 -2.4410456979515294 -2.4410873477610826 -2.442194634507759 -2.444584933371438 -2.4479559393941948 -2.452004973666005 -2.456432757053459 -2.460948490747251 -2.4652763054993763 -2.469162965742665 -2.472386472793345 -2.4747649371447267 -2.4761648498621875 -2.476507763524576 -2.475774468669194 -2.474006045445995 -2.4712953998557987 -2.4373535721926034 -2.3462394102765565 -2.202135231422379 -2.0093679877099566 -1.7724387954551688 -1.4961103305041892 -1.169633807489347 -0.7751341787853128 -0.32094738545664914 0.1215768821483798 0.46141932359733495 0.7041270773351997 0.8545402657582861 0.9151898985833724 0.8855336252870578 0.7619274382261492 0.5577420285889123 0.3127861695914884 0.028360944348725603 -0.28350735007169003 -0.604075993545369 -0.9165054129653081 -1.2118139455238164
-2.4410456979515294 -2.4410456979515294 -2.441139520201216 -2.442619159133306 -2.445659004731153 -2.449945194331752 -2.4551572868870175 -2.4609705867052982 -2.46705985404828 -2.4731047124627077 -2.4787969615340604 -2.4838497871924603 -2.4880085188655037 -2.4910621490761775 -2.4928544060407827 -2.4932929062197893 -2.4923549635080597 -2.4900890621936935 -2.4846345478098284 -2.4345567692069343 -2.3262303392977124 -2.1637241726348067 -1.951218603986135 -1.6930239605469828 -1.393320351270471 -1.0306255629083871 -0.5965540937101648 -0.12400332150027715 0.2565956845171904 0.5354077763252953 0.7206868163133406 0.8183564024554326 0.8315881826624598 0.7591270307328046 0.6219219142031194 0.4462027099607657 0.20956367232137874 -0.09028034369962379 -0.43072017273324237 -0.775307410754742 -1.0952788445675963 -1.3836252086455927
-2.4410456979515294 -2.441111680476874 -2.442688227181316 -2.4461348659663784 -2.4511352213800857 -2.457361520656315 -2.464470105995809 -2.4718912488513523 -2.4794727624843906 -2.4871216600289703 -2.494511280408794 -2.5010916087342983 -2.506294697702132 -2.510090441924418 -2.512315773305158 -2.5128599902827204 -2.5116958107088765 -2.508881494433885 -2.4986303831540706 -2.435531432563657 -2.3132350069920857 -2.1357192781364667 -1.9070396562973675 -1.6313344819493343 -1.3113440005281491 -0.9190343248050152 -0.4529526064265066 -0.02670495699242803 0.2897464372784384 0.5052536053920753 0.6297813049804311 0.6726459167739685 0.6440153549633787 0.5695190894973208 0.48767506066396704 0.3589965460257605 0.13353430045571724 -0.20435581563101968 -0.6055581800178569 -0.9983096485180845 -1.3322496321088133 -1.5988999794521137
-2.441048874549268 -2.442375665389786 -2.445903128539573 -2.4498712204938418 -2.453311106299659 -2.457087291391656 -2.4618579219629986 -2.468047133084484 -2.47582361159784 -2.4850880353516382 -2.4954719135508032 -2.506349442513872 -2.516862523027027 -2.5259571605117017 -2.5324274062324426 -2.5349613732040956 -2.5335803402270924 -2.530153610291296 -2.5149173213556963 -2.442109340986372 -2.3093293193643385 -2.1205030888600636 -1.8796027787768699 -1.5906400273357675 -1.255000401164196 -0.841184135087679 -0.3814619694326784 -0.022745650832683317 0.2259458589869574 0.37429948071035346 0.4377422965045157 0.431044613278611 0.37903798021430024 0.3520119699212403 0.33738929062564393 0.28189488449097855 0.0775297472410088 -0.3397008397905168 -0.8577015984608516 -1.3367892779860098 -1.7002419386014749 -1.9229986219033095
-2.4416956945311368 -2.4411796748894066 -2.4388487360675706 -2.436021664397605 -2.4338696365249604 -2.4333777351776833 -2.4353059896785485 -2.440153125503348 -2.4481268773008145 -2.459125008478057 -2.4727308972368562 -2.4882265217932122 -2.5046237732509224 -2.5207122354762697 -2.535118226143437 -2.5463668969145177 -2.5529379370137417 -2.5533070451516644 -2.534588789436943 -2.455520873868321 -2.315919032825127 -2.1197093263605526 -1.8708396554245526 -1.5732635011532765 -1.2278100235159584 -0.8017506575203268 -0.39190774383408655 -0.1033664362815947 0.07407710985745242 0.1594222967859551 0.16387020693133492 0.10215126002750141 0.0605776939077014 0.06501085135341311 0.11029888942837518 0.16704426804018224 0.042318906048581795 -0.5586982015215112 -1.2653671200222236 -1.8681224218704942 -2.2983496163311417 -2.5118964423717056
-2.431015196990667 -2.4212208577449363 -2.410540926037496 -2.4004502976021724 -2.3922770039005297 -2.3871547893230547 -2.385973337026156 -2.389330144803353 -2.3974891936186635 -2.410352237963716 -2.427448513562937 -2.44794765336927 -2.4706983349554683 -2.4942913403139784 -2.5171403447461183 -2.537568074566533 -2.553882260988651 -2.564428054490677 -2.554115160180389 -2.4763361809945788 -2.333665161909987 -2.134127522591042 -1.8817176099249042 -1.580414032298389 -1.2315329109657176 -0.8140485709929512 -0.4737312346606566 -0.25594132186637086 -0.14122654766180487 -0.12018956421003546 -0.1851101505436077 -0.2781654443660395 -0.328806802458518 -0.33482941829160096 -0.29414003582127046 -0.20373149519393063 -0.17106906522913867 -1.0691608716421288 -1.929231403561809 -2.649566690288596 -3.188083987477549 -3.5175363192012306
-2.40165220203951 -2.382047458465249 -2.362462037291468 -2.3445536755241547 -2.329839400313709 -2.3196374169798126 -2.3150036170388884 -2.316667622754597 -2.3249751351675068 -2.339844653462337 -2.360747040859467 -2.386715677528838 -2.416392668201748 -2.448111862328786 -2.4800112418589766 -2.5101563481952542 -2.536648097217668 -2.5576905840558446 -2.559614399267714 -2.4952678701408626 -2.361780852358992 -2.163637928524241 -1.9121571876282417 -1.612077767638123 -1.2660099916400016 -0.8840378783954299 -0.6131544227287313 -0.4547178008516535 -0.4026382852222512 -0.4512921320296974 -0.581812632131351 -0.6983884440974331 -0.7868977980868443 -0.8523438641896326 -0.909613871521382 -1.0074771312524473 -1.318095369894622 -2.0137226355409834 -2.8606533304878536 -3.6600204263964913 -4.322718274434895 -4.798031973884357
