_RESULTS/CROSS_VALIDATION_POSTPROCESSED/MHZ/IZ/6comp/3/MHZ_IZ_z_500_kriged_reverse_6comp_spherical_3.asc
ncols 100
nrows 81
xllcorner 5.5967107548124995
yllcorner 50.982328804812504
cellsize 0.00017565037499993607
nodata_value 1.7014100000000001E+038
[rows 57 to 75 of 81, columns 42 to 83 of 100]
0.0886499843269452 0.09491637933552957 0.10145220299240477 0.10826394032411911 0.11531258385415924 0.12244947526221105 0.12951416182986222 0.13631790010507241 0.14265222306307426 0.14831351873653076 0.15311679112842896 0.15688377863392156 0.16047198320338293 0.16496138421765164 0.17051589075895013 0.17712078687968688 0.18430094402746564 0.19154423700862486 0.1983287249924337 0.20385374281302895 0.20796481732590563 0.21104708576220668 0.2130808595737355 0.2141940194823267 0.21447840489354444 0.21392037752110746 0.21261673910674206 0.21075855252698936 0.20857591613930992 0.2066242289197102 0.2057193332051368 0.2061241991961212 0.2074027916803551 0.20909968931537978 0.21108329230869888 0.21321509148439932 0.2153558253569666 0.2173726563027991 0.21914628729349495 0.22057702386275116 0.22159052990828196 0.22216388770504858
0.08952761484662487 0.09507015545947259 0.10097800277199258 0.1073008735160564 0.11400826513877799 0.12099129446770647 0.1281201805603489 0.13518772651322475 0.14194040199345045 0.14810656713608433 0.15341174575163205 0.15759647264562113 0.16185920274159232 0.16756445774817205 0.17458825136598316 0.18257638309033003 0.19109070081416898 0.19962621436101338 0.20763794893174423 0.2145735284157826 0.21978416353704575 0.22363287322884084 0.22618756105650642 0.22746905518604352 0.22753682336214506 0.22646763384468072 0.22440315851179554 0.2215573035686433 0.21835833277899824 0.21585688224789026 0.21435929925957609 0.2139886528057894 0.21487590790414826 0.21690751004617972 0.21914022431640798 0.2213395028521597 0.22335812958769913 0.22505999118350595 0.22632821823410001 0.22707181423633013 0.22723286260848546 0.22681080216542396
0.09138805513816546 0.09606580593263223 0.10124377024574753 0.10694198096488411 0.11318124220143588 0.11994061129888112 0.12708109441932489 0.13435426955311014 0.14144068191466083 0.14799267002304023 0.15365588164026503 0.15844722742391146 0.16443672269623746 0.17193294801015205 0.18068882293610755 0.19036982455495516 0.2005434606759741 0.2106859648478667 0.22020553495805756 0.22848120211972525 0.23492116285637063 0.23963984119276127 0.24271821604954666 0.24411002311664162 0.24386145086445565 0.24209611332647174 0.23902064564225955 0.2353143430062412 0.23159051416308535 0.22854428117635742 0.22632853279523807 0.22507725385605865 0.2249232166542488 0.2260033596018082 0.2283114937432433 0.23064290366739573 0.2325814049388448 0.23398316423024804 0.23473230638943204 0.23474834945975934 0.23399643220878308 0.23250396087052236
0.09405308883468091 0.09773155473245254 0.10200419359002778 0.10693600961311789 0.11263352669845772 0.11913364894690714 0.1262824066200106 0.13375094719402567 0.14112535154679273 0.1479740983108778 0.15414391574848363 0.16057013704413042 0.16854962837665274 0.17803851341166016 0.18880274334620248 0.20050953987044529 0.21270864386336089 0.22483117251146534 0.23620949633393096 0.24611984114497085 0.2538453295493907 0.259217268491239 0.2628120715021516 0.26426064112857534 0.2635511114774188 0.2608732716129983 0.25710667615629734 0.2527045294512799 0.24843767200086928 0.24467467492245962 0.2415822423051524 0.23931337198871352 0.2380076808940858 0.23779740907620303 0.23881800974137318 0.24103085600484056 0.24293276235696706 0.24404413079323078 0.244248622629883 0.2434791308357911 0.24176437926384867 0.23944722160005277
0.09741613187085627 0.09993102608679891 0.10304742909262625 0.10702066129425547 0.11212603695743577 0.11842551452526996 0.1256597235737039 0.13337328385042316 0.1410226367907076 0.1482724592995493 0.1557056539506457 0.16407755593250553 0.17418349030007804 0.18588137440806546 0.19894887125713845 0.2130454098121265 0.22768529912081115 0.2422285389598614 0.2558968247690478 0.2678205708573599 0.277117223502304 0.28323688232619304 0.2869136803999699 0.2880969570629833 0.2867092120186074 0.2834525939040497 0.27900083437214573 0.2739158064276856 0.2689086361196335 0.2642170101521732 0.2600530804791833 0.25659729565462747 0.253999719294964 0.25238814134375015 0.2518813034405071 0.2526059160771251 0.2543013472430621 0.25512924878203175 0.2547618428167328 0.25333258326319236 0.25101335488057475 0.24797309328397008
0.10143745549985961 0.1025860559297321 0.10428918977071353 0.10701638028537651 0.11140480335514386 0.11766003663098369 0.1252341874201042 0.13331940838399498 0.14127638760907346 0.14960362966158375 0.15846527714863795 0.16896992258551916 0.18133992654810124 0.19546870812892692 0.21115008832663604 0.22803311592059777 0.2455845985752642 0.2630687506296494 0.27955648312645737 0.2939766574068241 0.30521529068541986 0.3123734336355176 0.3161319623345463 0.31652466094929177 0.3141535168738808 0.31013829544801486 0.3047938777617332 0.2989533603399598 0.2929309632237031 0.28704909936694034 0.281581754115249 0.27674443654764014 0.27269829028251447 0.2695624538180933 0.2674321855021371 0.26640151560483777 0.266650234048623 0.26738262829759374 0.2668138800260555 0.2649540984978612 0.2619666847716276 0.25806076895020447
0.1061679614757163 0.10586499083907908 0.10586787473556769 0.10684125142341862 0.11031050633122058 0.11691549363007263 0.12517373070786839 0.13375630412804576 0.14251532405208459 0.1519717111408817 0.16258566498732108 0.17526090758059354 0.19001437973543783 0.20678674524858964 0.22539773423597598 0.24549106072044763 0.2664816248969023 0.2875173499975095 0.3074745906267977 0.3250097221183901 0.33866737235219224 0.3471161931665816 0.3508358137333244 0.35038966054307213 0.3473206593178475 0.34203909466087423 0.33547698344346333 0.3281731800767959 0.32057325381604734 0.3130723338754438 0.30598870488659274 0.2995589824208823 0.2939476019222628 0.2892652859066137 0.28559369515373567 0.2830150049657249 0.28164505588690303 0.2815932193307059 0.28083440844192253 0.27844511156456925 0.2746338009553024 0.2696776231857572
0.11183570995558308 0.11022404801842817 0.1084880674844044 0.10691616158025645 0.10884708462847938 0.11699842323968747 0.12614975465880665 0.1351578953432886 0.14482607081722204 0.15540995723608092 0.16800395351439942 0.18287978649651532 0.20012255502902904 0.21973555575720075 0.24158250626818112 0.26531754849352746 0.2903088007212013 0.31556991728864864 0.33972625853213045 0.3610545079755686 0.37763662112868757 0.38767636611371137 0.3914240009464128 0.3907767104919453 0.3867290826779657 0.3801810517847048 0.3718558887107962 0.36246650429863686 0.35268061384539834 0.34304712589526154 0.3339713001044417 0.3257208193893973 0.3184475974361419 0.3122170472686481 0.3070426101757236 0.3029264484239091 0.29990639539466335 0.29810488612525754 0.2969081667061457 0.2938514704816529 0.28900747211605254 0.2827617407787147
0.11879637139652009 0.1162395969254034 0.11360559103815596 0.11090206134588827 0.11184455246828742 0.1202039171507435 0.12908083827445196 0.1381457325879692 0.14822314348595034 0.1601798635017919 0.17455780073381807 0.1915416787860833 0.21128298606093213 0.23385127574762152 0.2591676573790867 0.286917750066102 0.3164465221521268 0.3466476712504576 0.37587884514505693 0.4019610795401366 0.42234412999823756 0.4345367161756739 0.4390004647987128 0.43837320528322526 0.43342843934167324 0.42493187757968204 0.41396629745155955 0.40166239567302137 0.38899586021219773 0.37670313069408856 0.36527710278691106 0.35499963696350056 0.345983985435016 0.33821710885187584 0.3316035026052102 0.3260179902168195 0.3213734037518271 0.3176982453985482 0.3151278689084744 0.31120254315047224 0.3050418367825124 0.2971960912203111
0.1271792225204753 0.12418180500020788 0.12159422277232668 0.1201472294134314 0.12171640669289564 0.12706835164928942 0.13410508098659527 0.1425540406303738 0.15307417070674842 0.16620006322415526 0.18211235288833882 0.20103208623860497 0.2231745490083582 0.24868934057771472 0.2775840495118794 0.3096199685025564 0.34417463209520754 0.38007512641055113 0.4154286850160406 0.4475237621303614 0.4729455605017147 0.48816349166494516 0.4947660132311576 0.49460357004617345 0.48797600545395176 0.47628580771398266 0.4613978972352379 0.4450714958207727 0.42867677947417926 0.41314516337904955 0.39902964483263775 0.38658929536773734 0.3758609826048184 0.3667121915456253 0.35888588844044933 0.3520589355116456 0.345937036176348 0.34040140544367214 0.33563775332099555 0.3304868877493605 0.32261651104720523 0.3127693321299403
0.1366544343939285 0.1335400740932072 0.13118860086324893 0.13022172187476572 0.13145581387734925 0.135026922797484 0.14027724852055942 0.1482313485595974 0.15920491708738094 0.1731948805362626 0.19037445089932922 0.2109995763427806 0.2353498587948333 0.2636705899761832 0.29608901042290786 0.33249931813261546 0.3723985903444302 0.4146604768843675 0.45724869016255715 0.4969274561219392 0.5293615166029741 0.5500819231776584 0.5604731355190197 0.5603148819372077 0.5504245672984569 0.533568279386804 0.5129564820038038 0.49122682468492546 0.4701703423575636 0.4508482540833496 0.43379558582735095 0.4191871919275967 0.40694121265895977 0.3967702136110445 0.3882043879945297 0.38062903028304407 0.3734085532057074 0.36613993644830417 0.35888920433553256 0.3516071768603474 0.3414745907001604 0.32911549025213516
0.1466301350324362 0.14344479753502123 0.14112681672000194 0.14005522978538607 0.14055793220784085 0.14259993131196222 0.14693472505105917 0.15482672732437514 0.16608832891204356 0.18071132794162412 0.19889032591133537 0.22092925683822937 0.24718142877862584 0.27799661115990165 0.3136493685414308 0.35422389045228436 0.39944285582360817 0.44843645046320335 0.4994483486438026 0.5491263823090191 0.5919301214906281 0.6216263101559492 0.637228756679229 0.6359212571135684 0.6198973041319343 0.5948454631769218 0.5661892516437783 0.5375702247367348 0.5110259425798186 0.4875457702081566 0.4675032518315124 0.4509102403097021 0.437537282768498 0.4269407187109243 0.41842588258749325 0.41100364622529123 0.4034738527414008 0.39478969435402617 0.38478483232498994 0.3742876967399696 0.36111122779893645 0.3456232263593931
0.15641389036678188 0.15307909600355615 0.1505554871454168 0.1490445773943084 0.1487484721135504 0.15014846813536806 0.15425575615400133 0.16201980022464765 0.17335123371711106 0.18832913220546837 0.2071809743155932 0.23025117186498684 0.25796632074772785 0.2907892204803676 0.3291632110470559 0.3734359512411347 0.4237153912049491 0.47963176510251837 0.5399089571338876 0.601561493269319 0.6584356263280946 0.7025523113321853 0.7260489912510876 0.7208639817031305 0.6934257141093075 0.6559404622961988 0.6168327648182328 0.5802359821538283 0.5478632114695206 0.5202737563565605 0.4974985664107121 0.4793194513111107 0.4653690078620827 0.45511542665215643 0.44774735051239734 0.4419318159296402 0.43555051835165526 0.4261738941343126 0.4129514500388907 0.39786416681840675 0.3805727785252487 0.36131296069934093
0.1653002694803348 0.16171490988198933 0.15881790400633772 0.1570770938289477 0.15677112175959368 0.15794307552064724 0.16194004332419 0.16960762900086038 0.18094362817444626 0.1960888428954419 0.21531928900274244 0.23903061339694345 0.267717531195926 0.3019471161644617 0.34231960150297697 0.38940365639935737 0.44365726649126375 0.5052625889418796 0.573816344462887 0.6476489786489441 0.7220433460933392 0.7898694381428987 0.8277956212545815 0.8113869759433685 0.7632674793250964 0.7091135507229533 0.6585280388559314 0.6142189276527189 0.5766773783693999 0.5456866876825238 0.5208251042623425 0.5016382608096824 0.4876805097738917 0.4784866394234175 0.4733825648341351 0.4710378902033242 0.4684440938337355 0.4600622920481998 0.44252742469480816 0.42077131996667816 0.39813022855334845 0.374722473236502
0.17267499251801618 0.16914116831783862 0.1665549150955082 0.1650807731171208 0.16482299213339202 0.1658379257632358 0.16970536071215866 0.17723680168529593 0.18847816331360684 0.20360812795786168 0.22293220547199868 0.24687374774977042 0.27596147893088774 0.3108123112489841 0.35210682272264493 0.40055334939773657 0.456832625943822 0.5215153111790647 0.5949501507013969 0.6770287622962147 0.766955810977451 0.8676975712218417 0.942995499881533 0.8899717053192551 0.812195829256415 0.7427627909960403 0.6836966965828898 0.6343147431885204 0.5936195642068475 0.5606883898440915 0.5347551108756909 0.5152303306130519 0.5016805985381227 0.4937897373844543 0.491282726454272 0.4936386315126446 0.49874655415684144 0.4961763702181929 0.4707051824804833 0.4393816019497049 0.4109678772620695 0.3839611225826411
0.17957029219340206 0.17650714345008603 0.17428343300461813 0.17302388303363558 0.17280427189013567 0.17367909017130698 0.1773309324884785 0.18462329007538164 0.1956179784659137 0.21050352544320297 0.22958712238153262 0.25328610517563455 0.2821168702951191 0.31667911638778873 0.35763268115444163 0.4056633600789647 0.4614328959282309 0.5255060581454001 0.5982413170636554 0.6796050233487885 0.7702697877880139 0.8748480856155199 0.9596742065960768 0.8974112884038052 0.8165416913285388 0.7460208336436334 0.6864743087990851 0.6368768676029528 0.5961200392011419 0.563248708766064 0.5374958314413065 0.5182873192773788 0.5052369540825452 0.498143840083092 0.4969964831685854 0.501985785987091 0.5135286109320235 0.5321611194664255 0.48526991550351406 0.4469145388607242 0.4156974120577701 0.38722243097959574
0.18642365147647585 0.18378019119255729 0.18187006982820894 0.1807920234124525 0.18060437057983209 0.1813373222411756 0.18464043191708224 0.19154195661117077 0.20209368463194624 0.21646723562856002 0.23494198755129145 0.25789300995404935 0.28577575449536097 0.31910388473141843 0.358415334913592 0.40421896229196275 0.4569082236420928 0.5166135970861354 0.5829235906162328 0.6544885251869248 0.7297573058890238 0.802135583007712 0.8436014739057638 0.8251455647580427 0.773921706344945 0.7178782307027236 0.6662894637347359 0.6215130940399247 0.5838668264697433 0.5530668255773125 0.5286902392542814 0.5103376654590525 0.49768766494332717 0.4904966242123881 0.4885292623913201 0.4912685668778922 0.4965503626983902 0.49409152499252246 0.46946416969580784 0.43887472879179856 0.41065382860920613 0.38374168909144174
0.19307147448232365 0.19081075198573536 0.18918067537005792 0.18826229496319027 0.18810256727802477 0.18870979058021514 0.19149896304263897 0.19782489386271215 0.2077086799648261 0.22128220079495028 0.23877096419902866 0.2604762262964105 0.28675216378698926 0.31797291449768195 0.35448205974887104 0.39651256635719784 0.444055782798666 0.49663757060706104 0.5529135565431188 0.6112669188779015 0.6677925838933545 0.7150519369103747 0.7408296563812753 0.7356541182473728 0.706936852883038 0.6681868148218252 0.6282417664177244 0.5912424885979632 0.5588474124901227 0.531588697450434 0.5095126650052951 0.4924632372993121 0.4801897408817194 0.4723408619157544 0.46831968271872965 0.46685389901909735 0.46500609296916157 0.45741419713053305 0.4408563336487865 0.4200477655757515 0.39760363010416233 0.3743324588012832
0.19935609266592114 0.1974510908021791 0.19607753402083572 0.19530391517634263 0.19516939164533 0.19568081927388128 0.1978144963197888 0.2033625381622833 0.2123425195112557 0.2248291648379769 0.2409748195798797 0.2609851941328126 0.28508854865190913 0.3134922772498111 0.3463184434884736 0.3835055021333955 0.4246559989004869 0.4687981299346394 0.5145347195139414 0.5603847562774958 0.6017358557122481 0.633329974580373 0.6508620065149296 0.650346494125714 0.6342238557425811 0.60874916758949 0.5797341686053696 0.5509839479762527 0.5245918139682191 0.5015748529467177 0.4823403615466267 0.466951475692402 0.4552462786342666 0.44684403215316476 0.44103814129187424 0.4365680441249361 0.43140627965350664 0.42321796788766863 0.4111884965176845 0.3970784066744851 0.3799438939809804 0.36081837534632366
