_RESULTS/CROSS_VALIDATION_POSTPROCESSED/MHZ/TZ/6comp/2/MHZ_TZ_z_90_kriged_reverse_6comp_spherical_2.asc
ncols 100
nrows 81
xllcorner 5.5967107548124995
yllcorner 50.982328804812504
cellsize 0.00017565037499993607
nodata_value 1.7014100000000001E+038
[rows 38 to 56 of 81, columns 44 to 87 of 100]
5.5333073688755166 5.668986049903945 5.735613493256938 5.740383413244516 5.695642914556896 5.627106833743327 5.576930772073748 5.5895270000340815 5.687649847614814 5.895710871606317 6.178354417755366 6.507326140848148 6.870786224542147 7.270205686970001 7.6906953159966305 8.10891487791668 8.498565958923926 8.851475272735023 9.161399976631241 9.423789516129121 9.635779855338871 9.79703007673176 9.914547664962074 10.005810376977998 10.08466025525915 10.214128989528762 10.395454501579886 10.617858567814007 10.85306582143472 10.95529266614402 10.970873050533074 11.001319764939883 11.053658846940515 11.120359411986293 11.190573346014073 11.252538823816382 11.294833027206781 11.307709691621081 11.284807190431618 11.224676832423794 11.131037788395616 11.011330982744669 10.874453890574797 10.728883573489236
5.663029621170834 5.753192585210758 5.760505074062872 5.690177923736334 5.555136807905109 5.381085334055609 5.22728722458404 5.193087890984527 5.319040264058754 5.568430867718977 5.878488927663179 6.2214274873734885 6.589162728760235 6.987099268074291 7.411216940803713 7.847436953552673 8.269653203771629 8.660070156874193 9.01247441635304 9.321501971481194 9.584464014465269 9.805947575990116 9.988741509274186 10.148761979943446 10.289668472742271 10.45563726788315 10.654368116291302 10.8729716280398 11.077408596870336 11.219393149349868 11.30500920465558 11.374820717977666 11.447207109436883 11.5232051748382 11.596312533916596 11.656435864033211 11.691671074765406 11.690153814768284 11.643182519030724 11.548891501738764 11.413455632831031 11.248267010814269 11.065659188308821 10.876153444091385
5.919272090437294 5.968215393771379 5.919996667075577 5.779037324784224 5.557161981548718 5.26985326835493 4.960328799920437 4.855037704984989 5.074804971090618 5.379206549609627 5.71016014671451 6.0575145127148495 6.420464895267243 6.8087886558682555 7.2245075964985 7.661420592894894 8.105451293998902 8.525438902793905 8.911610691545537 9.258806313805483 9.570260579412505 9.843347648828745 10.082113279228963 10.298109255060758 10.475182811534165 10.656893992169909 10.86201343746636 11.077009788224315 11.280047035436844 11.449080346874732 11.58208108003011 11.69339532067193 11.795068684349335 11.890688240648812 11.977017020362252 12.045817206816011 12.084577712548615 12.077638339230486 12.010908917122224 11.88079030405635 11.698391525420952 11.482526128245185 11.250652985835622 11.015424386908203
6.302657934271681 6.32410507255114 6.231822655552812 6.0333655721415695 5.747197248071729 5.390056807215181 4.986431087079636 4.811452245412063 5.0733902200926915 5.375020782135862 5.692343383977523 6.022832745977165 6.366980028133125 6.736563028901172 7.135427038867845 7.563934552730749 8.01243476385742 8.453119717462444 8.86413563435587 9.246664997428503 9.5997342145801 9.921393850785753 10.213746832275023 10.46683937085839 10.667189697126302 10.861645366328048 11.06901439239493 11.278511926225477 11.477819876536207 11.65844282660748 11.821416228608177 11.967526649025592 12.09864703144842 12.217636705727699 12.323118286947901 12.409024777828627 12.462992950964564 12.46359866057955 12.383661624689562 12.212848026481666 11.974066398292068 11.700795675032422 11.4167851348505 11.139856145042293
6.820931656503161 6.820025805457686 6.6987614902229655 6.466397023926482 6.145456871130812 5.780734574613197 5.443118510809054 5.275217037222249 5.35744035330043 5.566261295960226 5.826763662559156 6.116684057784923 6.429657766774426 6.771195348703114 7.14559488930298 7.553107928502819 7.99254017803863 8.444155869571283 8.883373552588584 9.314333296203364 9.725581609758924 10.097935153295891 10.427658521902211 10.708804247985086 10.928440538845125 11.135553741374176 11.346244339854024 11.551722997840582 11.743722477177876 11.917281697654996 12.07320249614668 12.21787420188663 12.358605588392505 12.49754265136136 12.622257017351995 12.728537898417757 12.807949666370927 12.836506112511866 12.757306293377225 12.531568435649495 12.22006765894448 11.883719028719923 11.5499180195451 11.2439895868177
7.478734602307489 7.45936571162794 7.312281501459948 7.054900593178222 6.719101504581435 6.357299467858465 6.034265718193536 5.8286300081966065 5.803641788458773 5.909792590439182 6.0950725345585965 6.330931043640138 6.602516765234971 6.907186150153795 7.250408029843845 7.630964824984428 8.054203792124248 8.530006807868856 9.020922499058322 9.501825310497962 9.954933588668611 10.362407991481591 10.72271502397551 11.026508485374134 11.262071055328299 11.482551221130954 11.698083500243957 11.901203248411813 12.085697640959268 12.24811088691814 12.388961113504562 12.512857049761998 12.627562571046285 12.741120499395617 12.859437605962842 12.978616013326489 13.080517223396319 13.158042450411456 13.127217129959334 12.796424305699158 12.39841343809901 12.00622206482264 11.642933080887486 11.318012024239763
8.274866100173279 8.237954820991135 8.060209284708506 7.76972644609266 7.407591630755412 7.026541726855669 6.6778308127750385 6.433940214500421 6.336106182991232 6.359466277547734 6.47248589303279 6.649456693284613 6.8740099393548455 7.137548472770687 7.44451250714826 7.809059614797587 8.237400745867102 8.729623247804716 9.258437478045323 9.77828037481449 10.268502288100224 10.70876561213628 11.095505843222494 11.417239147269092 11.667611164382365 11.902176632581021 12.123085662672317 12.323628030441487 12.498619446014406 12.645203103322714 12.763520249224 12.856984335109045 12.932136326526205 12.99821864659092 13.064585892849964 13.138237689133476 13.224653122458863 13.292281782701734 13.256527818389744 12.886391671424416 12.460310778603626 12.055770956922666 11.685428747297832 11.354843321635936
9.2006281644376 9.142613405539866 8.918177971550026 8.573780195398514 8.162246875626195 7.733595651093735 7.338793078599591 7.058645749211599 6.9054494538560816 6.865621624361287 6.916714177752323 7.038297647056396 7.214853925125669 7.436339684577812 7.723849858284759 8.086677583857915 8.518181149579007 9.022480292100472 9.577105697429282 10.132527484165701 10.659286452536614 11.130895673544453 11.54047580219482 11.875659141091324 12.142605110289143 12.39150520511033 12.617217812948834 12.813480188294315 12.975688497976693 13.101170541720942 13.189469001891347 13.24271321594574 13.266088484096745 13.268057125701315 13.259654533771394 13.249026097655412 13.237677413809113 13.211461224188014 13.076047665786641 12.781005280115862 12.40925631586797 12.031037787370574 11.674716126920002 11.352634849697699
10.238287558551706 10.148808866224087 9.844905327537704 9.416040838049051 8.9305146945601 8.432986045696843 8.000419880707943 7.684532449915767 7.486512277824681 7.394382871574182 7.391698948413997 7.462234718565554 7.59292370133615 7.798352904536578 8.082224479674199 8.445329181159229 8.884394747666386 9.40365210758505 9.982039608396088 10.562781096831362 11.118345796701835 11.620054716476446 12.049176121007068 12.393394467139043 12.682336050870003 12.945005765520651 13.17365427764298 13.362470248078303 13.50746042125871 13.606123231390116 13.657191011600677 13.660982416298678 13.620746043172275 13.544152968234016 13.44280739825114 13.32853108793194 13.201899053631905 13.054726925870572 12.872814603157895 12.60990717432293 12.28765160978415 11.947585367498355 11.618015297705796 11.315187061476733
11.357781619236096 11.208979955314147 10.765017440756337 10.223636750875505 9.650956689214437 9.094511376235369 8.63762558454158 8.293580937116145 8.059427137328893 7.924806724516027 7.876838100715028 7.902376466515847 8.01242073288662 8.217533118786974 8.50647801785605 8.873626784991641 9.325272443633082 9.863390873187035 10.467066186234879 11.074327985331916 11.652854136195652 12.172077429141117 12.610897683921152 12.9659354671039 13.2794909068772 13.554177859672025 13.78221333426579 13.958595510007726 14.08052875129934 14.146266044087131 14.153784144949705 14.100559852382148 13.986357893773372 13.818193273768964 13.611216888507972 13.383746703336147 13.151003798384862 12.911706615331726 12.667749110668058 12.417225013727574 12.130012669473503 11.826082595742427 11.52750640762063 11.24770346970569
12.4474645594908 12.151699486078964 11.537281106864286 10.902160290193127 10.26388379630566 9.695011515446923 9.226725895385819 8.86525315928171 8.605274077756656 8.438226776524973 8.353828727858792 8.354384026354813 8.46538354300936 8.676714714100097 8.977786551898859 9.358994730493663 9.828484612695735 10.390238597091903 11.022289311299971 11.658177813391008 12.26132861120774 12.797546811774035 13.237214561485361 13.603130999399365 13.931561317314136 14.210040925792683 14.429493670579976 14.585201632840572 14.675912373978228 14.70175532800519 14.661026621581602 14.547366905603038 14.35351448706776 14.086052083631792 13.77120088949551 13.438911247153262 13.110278331954492 12.792596969841552 12.489954054118666 12.21497200215183 11.95462264374179 11.6827236899086 11.41475803378354 11.153386266757265
12.78133903634909 12.563009729631158 12.01460640923325 11.374500065520952 10.757706208576684 10.206742093458312 9.746315401358581 9.380915084160888 9.106870912401675 8.917930753989605 8.80900781933563 8.813331680581099 8.933203688216137 9.157660468672688 9.477161890161206 9.883044558380256 10.379523434570238 10.970275966634906 11.634661319951482 12.30192051256777 12.932187175158422 13.48692171655165 13.9341386614121 14.325294444784722 14.663951465302445 14.935504359502275 15.131576380403326 15.250273722292802 15.294929821749031 15.271156542958819 15.181454756138951 15.015523595690997 14.745177981609203 14.367426987371736 13.934661556115236 13.495876359527811 13.076754317786248 12.689445728930664 12.335907826558309 12.026425540158895 11.771329226159718 11.528529513413906 11.282580642971633 11.038698295241192
12.870162616189122 12.669673597346673 12.216307051249423 11.671266907162455 11.124174986055223 10.616369537485777 10.181557481745068 9.826158061830231 9.549951806153507 9.349567822602708 9.241785211343599 9.260742285578276 9.396813419240273 9.640901333429392 9.984864833759687 10.421469897928691 10.956929863989753 11.586274982327026 12.286904572890748 12.988827313118309 13.64967098380985 14.225602113662353 14.712009738814643 15.131793946171737 15.478806873989157 15.736398084929867 15.896935314198698 15.962410719822277 15.942719572140327 15.852183689097693 15.704443986197521 15.499472837031437 15.164915717214633 14.641851397228342 14.078772659927177 13.53898122441841 13.04060893015552 12.593187682104437 12.197626902797184 11.8590971354896 11.588364265814555 11.363811674273034 11.135432447413399 10.909413825243966
12.835566398603984 12.631763426189988 12.277780877783579 11.839329886561956 11.37171556706191 10.921979835977428 10.52551933813972 10.19171477410895 9.923873042749259 9.72382143558519 9.638091587350255 9.678562554404554 9.836841453450635 10.105868554501605 10.479201692854714 10.95118819442159 11.530037043147132 12.211076742567622 12.956333874035872 13.696581571603941 14.392567635691039 15.011994386880787 15.563961014713087 16.020201455496945 16.37393508429541 16.608926508940144 16.718012685200115 16.7083087827303 16.598037607472683 16.411070941213286 16.17192427452302 15.902211724750018 15.534357708452701 14.834260017171882 14.16715358057796 13.54993992934681 12.99078847771327 12.496374065993674 12.068997424104067 11.707914660291504 11.414232687480427 11.189257450859019 10.978431209223578 10.770589385204179
12.688681514916434 12.531915705293589 12.260080953540868 11.908581106463338 11.51575599876783 11.128669134881102 10.777246440047477 10.47293313076553 10.22159556976076 10.039833781538514 9.9828315136123 10.049577536259216 10.234070047786583 10.53136138528953 10.93693173644704 11.446698320812338 12.070782075534003 12.806622918727529 13.603155447701448 14.394464813907648 15.141470896472036 15.848289547245583 16.47737252481403 16.984664659597986 17.345220693287782 17.548307388635358 17.58640633628611 17.474191325689617 17.241382017768046 16.921380924017136 16.54085786356001 16.104897348215047 15.560615256223906 14.881201908059488 14.179647982324889 13.519351131532586 12.921264599484129 12.395348694282506 11.943438223548677 11.557928739400339 11.244161360327613 11.009065649089015 10.816122344363452 10.626794687010337
12.498062694476717 12.38584298674217 12.177590220810446 11.896273669253778 11.570344264265788 11.243597310753305 10.939058242059827 10.668503808094245 10.439148844906207 10.288323322968079 10.262772717653913 10.357984251198092 10.57014982425795 10.896370056957917 11.334133912944962 11.880918436373895 12.548236370546755 13.33498352137243 14.178738493234913 15.033568188610202 15.893879589086286 16.712042423175546 17.43165482345366 18.005563447400604 18.38457777314492 18.547880989853084 18.491719737024084 18.244652050258797 17.8561958284383 17.373768660676674 16.82887617340918 16.230460670446295 15.569327641427119 14.855003198035257 14.134598420179959 13.452302650146361 12.831054981214162 12.279984970656672 11.804995103797 11.40247005637945 11.07596843652766 10.831380667977873 10.652818409919682 10.482308751367398
12.264802604864311 12.191377741939247 12.034808096600592 11.811080383164207 11.5446494833146 11.273387198198366 11.014566459146694 10.779217345784957 10.575627819137619 10.461139127775624 10.466949738501578 10.590058872737147 10.82851642083041 11.181238915808962 11.647599582578897 12.226775559014252 12.929965551257702 13.75269670813715 14.642505187349702 15.6036963245481 16.598746498337658 17.547905020879217 18.376775949597477 19.04259889500923 19.47374027197486 19.597528988310792 19.41748501823659 18.996041844883237 18.420524378377827 17.759445378075437 17.052557508344307 16.317283171581767 15.561299266433162 14.797955783512034 14.051532294275754 13.348226835265484 12.706902471540921 12.139143820037928 11.65160046844308 11.240843865704676 10.908951457430655 10.661128219550264 10.492738708079145 10.341231871582437
11.985675349566346 11.946279491105466 11.832956231555041 11.657573703122225 11.444815837832504 11.223566819140828 11.00772498651341 10.807128031604375 10.632952432984888 10.55257075415671 10.58705783191142 10.734853549481223 10.995418208093003 11.369080007521152 11.856713536636175 12.459231229686342 13.185027382176754 14.034033845379037 14.992601030413583 16.053241608579498 17.193372998112096 18.284293537739774 19.205558209359896 20.001125554704682 20.546782109874208 20.665233677015266 20.319607935448378 19.674462951934927 18.887602455846373 18.047026522061415 17.193055602076562 16.34293409912157 15.505979997708241 14.693004673682916 13.919030910625391 13.200016572821905 12.549062870496927 11.975387119284072 11.48489965286674 11.074006232677796 10.743745239430805 10.498826406237491 10.340021686619874 10.207525766676929
11.659025703572858 11.648968990540956 11.572420161368308 11.440595856251688 11.275444726681695 11.09887164242388 10.922581741936513 10.755130684309098 10.610458318897946 10.559464857878483 10.617806267583646 10.78483624895187 11.060910955971762 11.447232886373751 11.945566853964063 12.564217731476985 13.320336052054035 14.198011023909823 15.19414045618552 16.305578895769727 17.518334572088587 18.70660044205375 19.75337020065546 20.741393970141143 21.523011002476927 21.68841750774193 21.08609363375741 20.15926485541379 19.162550977368873 18.168152195939957 17.199613777891347 16.266023565790515 15.372942587746548 14.527024085423115 13.737062237055584 13.01261682042773 12.362192311968409 11.792390914655664 11.307788217236173 10.904170767338757 10.582115944429495 10.34596717593914 10.198680439762324 10.08501333383141
