_RESULTS/REVERSE_NEW/Berg/TZ/8comp/Berg_TZ_z_355_kriged_reverse_8comp_spherical.asc
ncols 100
nrows 90
xllcorner 5.6208707817415728
yllcorner 50.959635321741573
cellsize 0.00013419651685393446
nodata_value 1.7014100000000001E+038
[rows 0 to 18 of 90, columns 0 to 43 of 100]
1.9568185288208906 1.9568185288208906 1.9568185288208906 1.9568185288208906 1.9568185288208906 1.9568185288208906 1.9568185288208906 1.9568185288208906 1.9568185288208906 1.9568185288208906 1.9568185288208906 1.9568185288208906 1.9568185288208906 1.9568185288208906 1.9568185288208906 1.9568185288208906 1.9568185288208906 1.9568185288208906 1.9568185288208906 1.9568185288208906 1.9568185288208906 1.9568185288208906 1.9568185288208906 1.9568185288208906 1.9568185288208906 1.9568185288208906 1.9568185288208906 1.9569950486519727 1.9617326490184641 1.973182455813854 1.9918436134080473 2.0242448125990276 2.077197941473251 2.1500382358986347 2.2431384590154497 2.356445807980113 2.4896752054643625 2.642395604210207 2.813779768676517 3.002319127567362 3.2055837653830443 3.4202209537977217 3.642482494522602 3.8694472432890077
1.9568185288208906 1.9568185288208906 1.9568185288208906 1.9568185288208906 1.9568185288208906 1.9568185288208906 1.9568185288208906 1.9568185288208906 1.9568185288208906 1.9568185288208906 1.9568185288208906 1.9568185288208906 1.9568185288208906 1.9568185288208906 1.9568185288208906 1.9568185288208906 1.9568185288208906 1.9568185288208906 1.9568185288208906 1.9568185288208906 1.9568185288208906 1.9568185288208906 1.9568185288208906 1.9568185288208906 1.9568185288208906 1.9568185288208906 1.9565745486049355 1.958553435108355 1.9698076115827325 1.9891699982112128 2.01538989669634 2.0546446322898753 2.114745946186981 2.19589079499316 2.2975915407788046 2.4195261772586747 2.5614027184591537 2.722741161740067 2.902567347241938 3.0990010230616387 3.308799880788233 3.5271169078246087 3.7480188541616624 3.966332033378429
1.9568185288208906 1.9568185288208906 1.9568185288208906 1.9568185288208906 1.9568185288208906 1.9568185288208906 1.9568185288208906 1.9568185288208906 1.9568185288208906 1.9568185288208906 1.9568185288208906 1.9568185288208906 1.9568185288208906 1.9568185288208906 1.9568185288208906 1.9568185288208906 1.9568185288208906 1.9568185288208906 1.9568185288208906 1.9568185288208906 1.9568185288208906 1.9568185288208906 1.9568185288208906 1.9568185288208906 1.9568185288208906 1.957127418416561 1.9608482175624862 1.971221959950222 1.9908039393329506 2.018240907058259 2.0522429659561503 2.098774900791537 2.16705822808424 2.256334736909581 2.366045665322475 2.4958045846559127 2.6452474012968596 2.8138190791311453 3.000432067114379 3.2029213211717136 3.4172754404356014 3.636876021089794 3.8526013597180864 4.055335166352277
1.9568185288208906 1.9568185288208906 1.9568185288208906 1.9568185288208906 1.9568185288208906 1.9568185288208906 1.9568185288208906 1.9568185288208906 1.9568185288208906 1.9568185288208906 1.9568185288208906 1.9568185288208906 1.9568185288208906 1.9568185288208906 1.9568185288208906 1.9568185288208906 1.9568185288208906 1.9568185288208906 1.9568185288208906 1.9568185288208906 1.9568185288208906 1.9568185288208906 1.9568185288208906 1.9568185288208906 1.9578545994432297 1.9652138546164193 1.9765110194059303 1.9955183913328198 2.0236019286643545 2.0593797342023117 2.1027156932976117 2.1575558533014716 2.2336541804232652 2.3305430236558395 2.4475075986019426 2.5839821120245308 2.739436460689422 2.91320472089303 3.10416521896683 3.310127347361761 3.5267497238959287 3.745986043076536 3.954939718761928 4.138263887582275
1.9568185288208906 1.9568185288208906 1.9568185288208906 1.9568185288208906 1.9568185288208906 1.9568185288208906 1.9568185288208906 1.9568185288208906 1.9568185288208906 1.9568185288208906 1.9568185288208906 1.9568185288208906 1.9568185288208906 1.9568185288208906 1.9568185288208906 1.9568185288208906 1.9568185288208906 1.9568185288208906 1.9568185288208906 1.9568185288208906 1.9568185288208906 1.9568185288208906 1.9568185288208906 1.958152210670501 1.9672084821305984 1.983122007158268 2.002512249937068 2.0303014990260224 2.0671470063256114 2.1128039074318634 2.166954003191552 2.230455025009622 2.313956788610312 2.4178306920030304 2.541053839308201 2.6827232365816545 2.842003271578159 3.018040291846225 3.2097459400933017 3.415260625920019 3.6307617359587057 3.8481519813901235 4.0517050791947185 4.217508072441242
1.9568185288208906 1.9568185288208906 1.9568185288208906 1.9568185288208906 1.9568185288208906 1.9568185288208906 1.9568185288208906 1.9568185288208906 1.9568185288208906 1.9568185288208906 1.9568185288208906 1.9568185288208906 1.9568185288208906 1.9568185288208906 1.9568185288208906 1.9568185288208906 1.9568185288208906 1.9568185288208906 1.9568185288208906 1.9568185288208906 1.9568185288208906 1.9568185288208906 1.9577497865968927 1.967035002359147 1.9852041439155266 2.0097145967531165 2.0376612582282414 2.0744432041635577 2.121213998386322 2.1782713670795752 2.2439100038647872 2.3169847745345953 2.4073827854487577 2.517387424991379 2.645466878442326 2.7901762186637202 2.9501938711130387 3.1232631275184444 3.306916424476008 3.50097900049025 3.704090801591388 3.911361952297423 4.109438849595151 4.269040934320864
1.9568185288208906 1.9568185288208906 1.9568185288208906 1.9568185288208906 1.9568185288208906 1.9568185288208906 1.9568185288208906 1.9568185288208906 1.9568185288208906 1.9568185288208906 1.9568185288208906 1.9568185288208906 1.9568185288208906 1.9568185288208906 1.9568185288208906 1.9568185288208906 1.9568185288208906 1.9568185288208906 1.9568185288208906 1.9568185288208906 1.9568185288208906 1.9570216637371067 1.9648492416227534 1.9831013129309023 2.0104959416196264 2.0438190914736007 2.0807432809913182 2.127077833404677 2.1854211042443557 2.2544884945064743 2.3322723753630217 2.4164629139807303 2.5129360519766415 2.627654148619542 2.7582606374592356 2.899352263277849 3.048204378065611 3.2047294616526925 3.368861198135506 3.5405682703572396 3.719697070421233 3.9047541400773302 4.088357226764039 4.247019626160625
1.9568185288208906 1.9568185288208906 1.9568185288208906 1.9568185288208906 1.9568185288208906 1.9568185288208906 1.9568185288208906 1.9568185288208906 1.9568185288208906 1.9568185288208906 1.9568185288208906 1.9568185288208906 1.9568185288208906 1.9568185288208906 1.9568185288208906 1.9568185288208906 1.9568185288208906 1.9568185288208906 1.9568185288208906 1.9568185288208906 1.9568185288208906 1.9614025092559255 1.9778113080426065 2.004981869370638 2.041634775425485 2.0841446245663917 2.1304637459255567 2.1877918181770037 2.2582190552318715 2.339801118380922 2.430151113776401 2.526353782964636 2.6283424383001632 2.7424621076632985 2.8632800247613712 2.990110147819757 3.122183403738088 3.258354974561776 3.3972386183131977 3.537624294090199 3.6790438323266033 3.8221203881281154 3.966319117542178 4.0971473791805
1.9568185288208906 1.9568185288208906 1.9568185288208906 1.9568185288208906 1.9568185288208906 1.9568185288208906 1.9568185288208906 1.9568185288208906 1.9568185288208906 1.9568185288208906 1.9568185288208906 1.9568214919620157 1.956942330998828 1.957133026556297 1.9572809839017853 1.957320998075991 1.957237208228038 1.9570635839151578 1.9568828888209429 1.9568185288208906 1.958088504905545 1.9705212888776695 1.9952868545814733 2.031267545926987 2.077177406739475 2.129238401074821 2.185943278417431 2.254914708152372 2.337677935486927 2.431936313094056 2.5345984694473613 2.6414283685012414 2.742581494250877 2.8446422781849803 2.9523814139298925 3.0645516331654936 3.1789179081752668 3.2923138789608357 3.401187598581014 3.50233176460701 3.593504247968117 3.674508224919441 3.752207092209086 3.837600806805668
1.9568185288208906 1.9568185288208906 1.9568185288208906 1.9568185288208906 1.9568185288208906 1.9568185288208906 1.9568185288208906 1.9568185288208906 1.9568612315861464 1.9574216814045107 1.9584117026909549 1.9595762054152175 1.9606971393291337 1.9615995788454803 1.962157201339417 1.9622965846365799 1.9619998393351883 1.9613052653444027 1.9603059535648015 1.9591465003619486 1.9642686596852588 1.9834373401586076 2.0159133746913667 2.060496939544679 2.115603107277717 2.1774557133282295 2.245821639082144 2.326373194403817 2.4213322023011576 2.5276928559668006 2.6403085267628565 2.7468231364242066 2.8440266337615627 2.9355421453854382 3.031716717014423 3.1304425312851927 3.226978782179258 3.315515799577017 3.390465902789693 3.447465143546533 3.4851729445404427 3.504194469539421 3.5009718075519283 3.5611526705024947
1.9568185288208906 1.9568185288208906 1.9568185288208906 1.9568185288208906 1.9568185288208906 1.9568185288208906 1.956907500881224 1.9579248485071397 1.959797192420257 1.96218662674636 1.9647789117915184 1.9672906529458583 1.96947722217636 1.9711407640148122 1.9721374985697222 1.9723835087644561 1.9718583091891058 1.9706057389820484 1.9687320614540902 1.9673858964338868 1.9777929686452373 2.002441980143154 2.0406500967791343 2.0918289400698633 2.1552591987331766 2.2272223429782168 2.3079084770020266 2.3997137978995435 2.5060678246206023 2.6220205612598106 2.7336263289998124 2.8371658643684583 2.9331898591048002 3.0216952726945774 3.108970935210822 3.19561014126747 3.2735594756511888 3.334462383253571 3.375394835189769 3.398999470719608 3.4035277655487763 3.388604239255884 3.364510581157614 3.376917718501196
1.9568185288208906 1.9568185288208906 1.9568185288208906 1.9568185288208906 1.9568185288208906 1.9575782188727429 1.9598047896629647 1.963109189719918 1.967107644966878 1.9714302805505746 1.9757284336503034 1.9796836992267783 1.9830181536102542 1.9855049033314884 1.9869778739437862 1.9873396695654268 1.986566462023804 1.9847092189334221 1.9818910922239197 1.982467955904032 1.9975600408099412 2.0270949327513006 2.070479868331181 2.1272125721635264 2.1967156640575727 2.2770244722182085 2.369391617588019 2.4721273004496 2.587943787655132 2.703403596085727 2.8123386920026228 2.915692162028836 3.01439511296715 3.1073198720923423 3.190574513396821 3.265391451955154 3.323678997234748 3.364409590426456 3.3845681377701142 3.3830208465764287 3.361675431852102 3.3259520532157185 3.2879957113269755 3.2617380925474864
1.9568185288208906 1.9568185288208906 1.9568185288208906 1.9568768645555874 1.9584282188128208 1.9617801585806214 1.9665143976840191 1.9722117528814813 1.9784556463285843 1.9848381960444619 1.9909690006447982 1.9964864198571888 2.0010707334762947 2.004458087660687 2.006453723557031 2.0069427778010964 2.005897075875852 2.003376847145868 1.9995288619485625 2.0032578567321013 2.022306286039825 2.0560145278311794 2.1038728657692727 2.16545935371774 2.2403388487269273 2.3278329083959908 2.4284777772229313 2.5405952168347024 2.6577482346445165 2.7701673118709396 2.878889264415856 2.9856091646086393 3.0907428746102967 3.191191286952454 3.278536808506946 3.3453031176473793 3.3966109238998987 3.423743811264763 3.4226563569963724 3.395812065367937 3.3496504683585835 3.2924010729492026 3.2330302345800788 3.1778029659688465
1.9568185288208906 1.9568185288208906 1.9569499403181194 1.9590232311806017 1.9632876891415991 1.9693119727649704 1.9766555693376315 1.9848694628447257 1.9934995303614138 2.002093202689703 2.010209748221304 2.017434162965635 2.023394056317907 2.0277781732786373 2.030354461449933 2.0309851383647333 2.0296363025665975 2.026380375605001 2.021963587182395 2.028672976201852 2.0508338684312792 2.087859108217897 2.1393118082047966 2.204840256515473 2.284111775231674 2.3779314773194846 2.4853670282553537 2.601160984730553 2.7126764285267755 2.82354366052311 2.934435317241615 3.047065199182934 3.1607173854323665 3.27014777922324 3.3688979954125795 3.450283832971367 3.4996415852881677 3.5118787375183556 3.485309591546922 3.428939085728417 3.355256677805992 3.274507645029054 3.193068061996656 3.1141424628255154
1.9568185288208906 1.9569109461307144 1.9591200491046716 1.9639558595137825 1.970986930807878 1.9797671564484416 1.9898331036864645 2.000704580845797 2.0118842525976044 2.0228667124768984 2.033151187911902 2.042257772091773 2.0497480551119702 2.0552486562973 2.0584783126220927 2.0592686845518173 2.057578193960474 2.0534955857180783 2.0489761284907497 2.057714398935878 2.082009284667369 2.121333547541334 2.1753097014292955 2.2436417393166264 2.3261491825851284 2.4247549218717976 2.537215734272468 2.6494419764201127 2.7548540351782043 2.8631504356413586 2.9767170152168245 3.094985677191549 3.216004056240662 3.3391311828244783 3.464608658022889 3.572615867350431 3.633621541419413 3.6269957685531096 3.564769169756671 3.470359335345268 3.3652744117743225 3.2615229162183645 3.1613745269310276 3.0629150492891926
1.9568229779964907 1.9586819351317342 1.9636304498473665 1.9712560517711142 1.981123329573062 1.9927638439158262 2.005685467626555 2.019370684996801 2.033277558179727 2.0468449407316567 2.0595036444105945 2.0706949696812975 2.079897023423178 2.0866574380105853 2.090628719908002 2.0916002794495863 2.089519200041519 2.0844951288826294 2.079777691173895 2.0894677592912685 2.1147710148052377 2.155206850673291 2.210441297442036 2.2802158164463204 2.3644813415785007 2.465863322549625 2.5781244124744735 2.684247879672099 2.785231631730178 2.8874922219706898 2.9995621176268656 3.118906364110697 3.2466619731890614 3.394594225669756 3.55510328022549 3.704170171602697 3.7895693614963566 3.7614582810459165 3.6451392939794482 3.5009826417522363 3.361516261835267 3.2391041128920204 3.130334841354307 3.0158977294452978
1.9578817134746014 1.9624090362183155 1.9701159083339408 1.9805693557286377 1.9933167129314837 2.0078798926069665 2.0237495710942017 2.0403802823358688 2.0571879654966327 2.073552170484781 2.088825688631378 2.1023544522607702 2.113509573869956 2.121730860682726 2.1265770945982867 2.1277740122497795 2.1252485858592256 2.1191400829942824 2.113681589683255 2.123108864282699 2.1481425528366502 2.1883365878124352 2.2433835906456525 2.3130418087539963 2.397307351042802 2.499068663154747 2.6053114289972377 2.704203250369067 2.799307237345898 2.8940942222256116 2.996200171566969 3.1100070503462014 3.2489059231668587 3.4180319509427175 3.614503322880976 3.8240957274366494 3.9630882467931783 3.8764943188777585 3.6885935188127377 3.493473778897566 3.3206041976353955 3.1827406489942214 3.082396039911845 2.9535008316403464
1.9605960920408796 1.967754641534074 1.9781666741962796 1.9914031953794684 2.0070138402462043 2.0245188116576727 2.043399811869805 2.063090833545253 2.0829704946632974 2.1023587523894887 2.1205221453087666 2.1366926808548667 2.1501050945328637 2.160054100993326 2.1659666387421046 2.1674754192456214 2.1644739617444264 2.157135315716232 2.1500994734909002 2.1579099332822644 2.1812461042502167 2.2196947428938705 2.2729586939262263 2.3407909868368697 2.4231236256488273 2.5214688824806197 2.6181413504090876 2.707881062438741 2.7937903060491305 2.878597253921323 2.9648120536688283 3.0709620648640397 3.2123604841961355 3.3868173715433674 3.595291082141251 3.8377973041689217 4.065206733127361 3.8648293082058145 3.6297484302049607 3.412339368997446 3.224495379827088 3.071846320683758 2.9518540715042043 2.8470220553256773
1.9645880390242947 1.9742522927602744 1.9872560008203322 2.0031808546836865 2.0215873069173096 2.042004276056149 2.0639164787143827 2.0867498453550053 2.109856512827454 2.1325025959375727 2.153864355300267 2.1730410766421557 2.1890945039009195 2.201122115871131 2.2083615769461105 2.2103065545041947 2.20679840193403 2.198058474296523 2.18847739632289 2.1932207961030277 2.21331117623911 2.24838894566608 2.298171933878685 2.362384861238355 2.440806311174895 2.5313007952952744 2.6163196478593806 2.6946735903472407 2.7679488680672413 2.8379700189551937 2.9087016851660574 3.0045916347166113 3.134569134380152 3.292429063128094 3.471092350902754 3.6478974901762746 3.7384903252358206 3.643315443148085 3.452549490100545 3.2502527417906073 3.066728233704782 2.915711849814009 2.8025946795850105 2.7264390288250735
