_RESULTS/REVERSE_NEW/Berg/TZ/8comp/Berg_TZ_z_63_kriged_reverse_8comp_test2.asc
ncols 100
nrows 90
xllcorner 5.6208707817415728
yllcorner 50.959635321741573
cellsize 0.00013419651685393446
nodata_value 1.7014100000000001E+038
[rows 19 to 37 of 90, columns 42 to 83 of 100]
0.1689354169304868 0.19155530072095442 0.22775334719392692 0.27796790105129715 0.3394665910020467 0.40433277459592076 0.4592581391268015 0.4889378128067533 0.48388258267709333 0.44778941649057963 0.39319164978912097 0.33093306381869037 0.26860292096169014 0.21250121889688733 0.16648769093197996 0.13129583228199507 0.10568450079773295 0.0877846213996408 0.07585381567018949 0.06854867184752138 0.06495794463029454 0.06454774039254664 0.06708548607132732 0.0725614287241182 0.08110352017607053 0.09287473794809413 0.10794809831015106 0.12617239051439716 0.14706442164707642 0.1697761628983791 0.19317104058605947 0.21600104692411035 0.2371278465850083 0.2557092833540821 0.2712924338614825 0.28379995784724277 0.29343789527156444 0.30057095700488096 0.3056065284734264 0.30891317826831627 0.31078459367959355 0.3114498003829351
0.1369043876438408 0.15911825965048798 0.1947305149457282 0.244881396751776 0.307638209777113 0.37566860717551337 0.43566690803285324 0.4713943730564672 0.4720094541872012 0.44154915700223163 0.39335705998259907 0.336919256425189 0.27876792524432875 0.22568406616208558 0.18205053076148833 0.14877096307754867 0.12473172761620244 0.10823895205997532 0.09773379929753423 0.09203218085109499 0.09034551735045883 0.09221841112432669 0.09743934795843175 0.10594002088984251 0.11768372640369336 0.13254506472234187 0.1501960010685655 0.1700288675728293 0.1911523311353527 0.21248030098555631 0.23289754399168508 0.2514485908203681 0.26748351011253313 0.2807151739179078 0.29118327033354957 0.2991548293938653 0.30500337598410854 0.30910117855255853 0.3117440820717415 0.3131170610687271 0.3133044513383833 0.31234842612236546
0.11148876982242314 0.13332815058132458 0.16824957753608816 0.21792186791887597 0.2809604803392203 0.3503595472225106 0.4126550499691687 0.45072915262187996 0.4533370894544737 0.42683478852704093 0.3853550961779754 0.33547913864838574 0.2825626363336431 0.2340988188082365 0.19473705076435252 0.16533801693107508 0.14487192089562173 0.13184069467629086 0.12489665627312453 0.12302654869083135 0.1255433635087546 0.1320007883917783 0.142078064008862 0.15545483302169438 0.17169143136671908 0.19013809306304705 0.20990389621455105 0.22991012444692596 0.2490270443632042 0.26625664646920305 0.2808983278153108 0.2926387812966526 0.3015408431409531 0.30794795217711884 0.3123473660540146 0.31523671544037557 0.3170221076559657 0.3179565020780195 0.31811592399849586 0.31741176716929487 0.31564669582320654 0.312630751106622
0.09564579774166895 0.11752990532261476 0.15222589171260034 0.20157374540151932 0.2641968415397593 0.33284802773946254 0.3934802945882856 0.4280440302953947 0.4270725081419239 0.4025096767167479 0.36770071579633695 0.3242927445416001 0.2771966095152108 0.23480363420162698 0.20157260528056875 0.17812575902158825 0.16352517214464818 0.15653288128379966 0.15607238590984787 0.1613148488072386 0.17160028414589285 0.18629450153191737 0.2046372554727277 0.22562429624205213 0.24796516193300797 0.2701500619922151 0.29062978665394246 0.3080658378294744 0.32156780135140056 0.33083056976062253 0.33612423212188647 0.33815157491168707 0.3378352486984782 0.33610656089457946 0.3337455865413573 0.3312888535238844 0.3289949702338016 0.3268482212278005 0.3245850219672284 0.32174461242835334 0.3177685617435355 0.31219166267336285
0.08977690294962619 0.11261757232866501 0.14814845871049898 0.19786929415153426 0.2596350558654795 0.32512583165241854 0.37887467017885357 0.4020721585563041 0.392243119921659 0.36945882048947276 0.34099774675146904 0.3029297302938577 0.2617728869465169 0.22651218729208547 0.2008302533692858 0.18503842066877663 0.17840761336753116 0.18012721709616875 0.1895524081022158 0.20611837891831766 0.2290941759800664 0.2572954112253725 0.2888761579414632 0.3213203652195788 0.3517068616151552 0.3772152668194002 0.3957136015529073 0.40620232817802515 0.40894151635720916 0.4052342860078934 0.39698728818960555 0.38623150889631086 0.37474932242549686 0.36386645569578524 0.35439089927559836 0.34664430601400265 0.3405310535217387 0.3356089307087137 0.3311513036720617 0.32622138441671916 0.3198158537859602 0.3111616839114923
0.09416751087700671 0.11929457015650392 0.1570494764527673 0.20789593380890198 0.2679683673685223 0.3267731199590976 0.365953575816909 0.36907997926674113 0.35013893340843427 0.3317427863867459 0.30784118978086195 0.27318079389410876 0.23794359812168048 0.2104031043667423 0.193014420292797 0.1859105296392641 0.18882957614597468 0.20170740154383318 0.2246672378584668 0.2576466656665332 0.29979004262320175 0.348812063105889 0.40066659555571876 0.4498664677814899 0.49055842429147156 0.518024966766382 0.5299567217045669 0.5269077048568708 0.5117936354546618 0.4887835026407045 0.46213295450363534 0.43536492769918395 0.41091497368197105 0.39013837501281273 0.37350129198424986 0.36080912498434187 0.3513914600401883 0.3442205799223714 0.3379818067794397 0.33115276288417006 0.3221988656864191 0.3100266793792659
0.11050172938502552 0.13948955904981392 0.18070745349677766 0.23265215145120466 0.2886026350963782 0.3339623517656708 0.34702333979851663 0.327407030417345 0.3079217584928519 0.29524815956083184 0.27150646274557605 0.23874151206264146 0.20959960555091192 0.1898971686196603 0.18090505354863776 0.18292034426882914 0.19654958854528212 0.22298986804445406 0.26373896367886823 0.31975596509063287 0.3901271316505654 0.47064134078392583 0.5531480160584539 0.6266306279790347 0.6801243428342305 0.70628247059098 0.7036943968799465 0.6767613217515422 0.6334864743009706 0.5826106023890787 0.5314395552106158 0.48489413389629704 0.44556187714889817 0.4142429860598761 0.3905679193088938 0.3734712124643978 0.3614712525651136 0.35279181113565994 0.3453990315556718 0.3370645101363857 0.3256306885575536 0.30969250644767343
0.14252944565788392 0.1767836322636861 0.22170693018714807 0.2726146482215674 0.3179108141903238 0.33591342679125297 0.3144951610004176 0.28637309046531895 0.27576424894577023 0.2629963785674692 0.23493502781521888 0.20436602629201223 0.18160641488847168 0.16947489598802204 0.16864502362000872 0.18008115786370932 0.20583691068757834 0.2491930778215994 0.3141010699020057 0.4035781577437836 0.5169266160813347 0.6465897580086223 0.7767629428056227 0.8861169260017785 0.9547511034578869 0.9719217884114105 0.939774447232171 0.8710551944839228 0.7829835025720839 0.6912650524470147 0.6068181494513182 0.5353602881656822 0.47861801588926467 0.43589153262417857 0.4052812311019411 0.3844058084893716 0.37070296130682195 0.36147167771075656 0.3538135288537463 0.3446525800563957 0.33109818913509476 0.31144495688476564
0.1957791188835072 0.23559083921651228 0.2819226206154864 0.3245517468870811 0.3424352324429847 0.3172937622563454 0.27826919504734926 0.2623720784033008 0.2562957574565885 0.23361433741621707 0.20139802603897422 0.17463221529992487 0.15831617554875277 0.15336000933964788 0.16065309114994963 0.18249945943593315 0.22333629867928737 0.2900018688903128 0.39097632845758473 0.533478078950869 0.7177019250707054 0.9298372850421106 1.1389718747484479 1.3036551961546832 1.387925311316343 1.3774938475711735 1.2848000666814352 1.1403589794441071 0.9780539557104145 0.8239307313844577 0.692450775159482 0.5883510780502424 0.5104503120388868 0.45492961756144573 0.417306627724976 0.3932816010211071 0.3788863443614786 0.3703002060810824 0.3635960939622604 0.35467437007526276 0.33975488795039893 0.3168011516023293
0.27542278087211197 0.3180303350623299 0.356869903980461 0.3700854107519727 0.33727392508870496 0.2869919994972764 0.26346282751771577 0.25994956004701725 0.24172877149068972 0.20692137612309622 0.1746323682152378 0.15288141289509838 0.1428431231689199 0.14499670270804788 0.16130489824749805 0.19644867293679888 0.2590222397186493 0.36243165602664046 0.5240962237438048 0.7601763618424893 1.073342793944826 1.4367883344387993 1.7872703081330894 2.0415208517572347 2.1337701778412734 2.0493597124513037 1.8285504403806374 1.5402948731178268 1.2489350605431726 0.9950490412349315 0.7942888828308268 0.6457864471264713 0.5412576402180574 0.47089066792994777 0.4259616670174999 0.3994111249864096 0.38547456377026973 0.37901236783578296 0.37489643892207036 0.3677808926506743 0.3527510421403 0.3273025757770247
0.38023770347367464 0.41353746661493124 0.41704760926457973 0.37193593873193737 0.3111067513845516 0.28158050558715014 0.27988263102320854 0.2655583821990828 0.2268058445172881 0.18669205936871752 0.15757282479809695 0.14120309571024156 0.13749751404805705 0.14767506791618584 0.1758860360518011 0.2311167921959925 0.3298305665847805 0.49865326841152413 0.7740228993241396 1.1921029969299284 1.7615612446380813 2.425526052980455 3.046296894591966 3.449183973569909 3.5128543714067204 3.238089898218403 2.738285394120227 2.166496536833974 1.6424764966077383 1.2240133152985804 0.9186494834443847 0.7086703203902334 0.5702327673088052 0.4824895247054979 0.4299073742714483 0.40153200064043365 0.38937716919871534 0.38683217557408023 0.3874278632428591 0.38430461682104416 0.3710283644352933 0.34430942469518155
0.4842659475282644 0.4723319854214478 0.41302366108837574 0.34569034368309487 0.3151807943057527 0.3185102521074672 0.31017194185385333 0.26708524143434315 0.21639520992655722 0.17705073501113 0.15227422859611586 0.1415315709350481 0.1451251327931561 0.16619965204359735 0.21302691190101516 0.3028568294937955 0.4681158842961099 0.7637669265077469 1.26886247993037 2.065484031425027 3.174405625772072 4.462526811873701 5.614235502086763 6.254860841137195 6.166696686152414 5.419963188268249 4.310757495700497 3.1731829538297056 2.224523242612638 1.532590266313132 1.0694900288608182 0.7753754816614601 0.5947089161169717 0.48726981887603216 0.42702614680643347 0.3977514865471751 0.38887833860478344 0.392323151136173 0.40025522785939815 0.4040232332563949 0.39509812418582824 0.3688152495256452
0.5168081145724702 0.44856086751734764 0.383421428976624 0.35942779866748387 0.3738597502816915 0.3775112279597929 0.3332179228807778 0.27037880788526963 0.21755563319780102 0.18135452475161254 0.16145285480558305 0.1573888883053666 0.17114751320542015 0.20964393749769555 0.28904272154935606 0.4430795483826112 0.7375570476034014 1.2891967370455892 2.272347693426618 3.869831787207182 6.113630046282317 8.667762261033214 10.809668661792813 11.773290676360212 11.209717726451146 9.389546751932235 7.011601150170575 4.778131412045134 3.072006092209547 1.9368898818115723 1.2437651386247488 0.8397242297759289 0.6096717102535271 0.4817026885645209 0.41469718283828605 0.38581486942668847 0.3818034304340282 0.3934008371009559 0.41165416145651795 0.42593046966533504 0.4248104242035676 0.40126195731126885
0.47193533095923257 0.4182510170501306 0.40713128610890775 0.43803208858011383 0.4620059501204036 0.4258855771000643 0.35428887442156654 0.2867692589987924 0.23630549006149218 0.20441697843122464 0.19068752511700232 0.1962518810951603 0.22652656004641747 0.29549818146236984 0.43438098010917214 0.7092922256439435 1.25345805140129 2.3105805194711353 4.248650503748109 7.431971099805601 11.832249864772946 16.605449227316615 20.270215825065733 21.517998759881507 19.90920881615033 16.06657507324428 11.370558942681896 7.200505403509773 4.236481055976959 2.429734656270684 1.4250770682416365 0.8897326159212164 0.6082305371688814 0.4620368777993546 0.3906164915391563 0.36380105492515125 0.36604863638008955 0.3876375949547197 0.4191524998437145 0.4480738698348083 0.4591325270687275 0.4413467228556702
0.44829170129659657 0.4506986132627628 0.497445807538367 0.5463779767069394 0.5330410749309817 0.46568923125623024 0.38950903845657375 0.3259684616378809 0.28081881770555567 0.2554636767808404 0.25133186318558826 0.27288902006631216 0.33171533106459433 0.4542468521766849 0.6982188525256886 1.1869632597902604 2.172444918263969 4.1168370175399405 7.694697313898681 13.460530227135504 21.03222956787741 28.605247567477132 33.83860175316986 35.13828137012455 32.09110750686188 25.52216437470473 17.498234506949807 10.449457308509762 5.660775574383459 2.9540651921179593 1.5786829064274395 0.9087584549832881 0.5836256212813099 0.4259393877842839 0.35403709672260025 0.331127212773364 0.3404400203083199 0.37293393266442465 0.4198898980967161 0.4675656024417157 0.4959853264800875 0.4878681434492731
0.4827940067184918 0.5365455236065423 0.6046350828436139 0.6251419529968381 0.5836386532852985 0.5170138098519924 0.45213678114606437 0.3998660749307074 0.36518020696419584 0.35166720652978956 0.3643018339942688 0.41302226948549237 0.5189421839217112 0.7269286565566248 1.1324155786654369 1.9366467053713117 3.5447540486292977 6.67754337731145 12.306306899279381 20.97263323838452 31.547967061652482 41.21911969923119 47.33700069145058 48.55790055099934 44.506169148493065 35.692950254183046 24.320040733257734 13.989436246143317 7.0731932546821 3.384194627146664 1.6550293482041918 0.8808265217058375 0.5326169297280278 0.37434686435311965 0.30686630712160745 0.2894056243373864 0.3056042296866448 0.34842799619559395 0.4113651488073075 0.4809085093995063 0.5322166645422182 0.5386934177403098
0.5433292808649223 0.615083958697437 0.6659193711758146 0.6674526182325089 0.635997303995803 0.5945549792489232 0.5555421034815107 0.5262386172949994 0.512709004846099 0.5216255828063714 0.5625721730109065 0.6521582887767564 0.8219342742807207 1.134502073049368 1.7168888255159103 2.8265475932088986 4.961791099218232 8.973305957158273 15.93583500463163 26.24675275670374 38.279287033716805 48.83845346080175 55.37144056886507 56.78519257267103 52.64471868999501 42.942733497909494 29.478314690045416 16.61804714134011 7.975805978098191 3.5507470506635816 1.608720501565228 0.7993912900952683 0.4586164546442999 0.31231799157339674 0.2537999033521374 0.24252424016687843 0.26431130818377435 0.3152297057060208 0.39241753544750746 0.4847425097454032 0.5638065178398949 0.5908633730712164
0.5740500133395473 0.6371415712925335 0.6785428825648923 0.6966552120998422 0.7036026308792623 0.7081432751169286 0.7152833256299675 0.729548708556314 0.7565228004632784 0.8039784366094845 0.8837789094680129 1.0154998667441562 1.2334744713121073 1.600802658389871 2.2372834501882806 3.372536533515355 5.434208407989635 9.153075498836099 15.511118886167118 25.05276154668475 36.65856692751808 47.48202606031394 54.74747893943125 56.98762212685695 53.54542893673651 44.19040310993532 30.47028840322087 16.95978444532223 7.864587907211401 3.330483303956696 1.427765993661854 0.6741889675600566 0.37196623429592823 0.24785611835442364 0.20106303609070728 0.19564792187536328 0.22090277352077742 0.2764688291629004 0.3639923994759757 0.4769250787139088 0.5864155997122977 0.640716076661206
0.5528697027179943 0.6115292592387749 0.6675353769755519 0.7250411471452071 0.7895016364033496 0.8630847214903328 0.9454679115144717 1.035019274691669 1.12982412943291 1.2294113957597101 1.3374937542198706 1.4655591711489606 1.6373747227488213 1.8958031798025188 2.315768482971629 3.03016060643597 4.279458893730754 6.496067816918008 10.363700836538092 16.622737222157237 25.371768585130173 35.17021029077152 43.26490146203068 47.13414903860729 45.39032621583982 37.78952794881042 26.04512138751237 14.421010898290238 6.61572678020229 2.7502109585628625 1.1501724632981538 0.529319967405897 0.28621833513748984 0.18904501224760975 0.1543152295224855 0.15357463923517853 0.179985444094286 0.23647748895654375 0.32917172780168463 0.4575310381934776 0.5963634965576129 0.6839220921059223
