_RESULTS/REVERSE_NEW/Berg/TZ/8comp/Berg_TZ_z_710_kriged_reverse_8comp_test2.asc
ncols 100
nrows 90
xllcorner 5.6208707817415728
yllcorner 50.959635321741573
cellsize 0.00013419651685393446
nodata_value 1.7014100000000001E+038
[rows 54 to 71 of 90, columns 42 to 83 of 100]
0.4166719117037384 0.3868852238394899 0.3488754480574441 0.304341357268546 0.2569411827073551 0.2111181462020076 0.17064915577932954 0.13769469130494655 0.11270972583939352 0.09497325481124075 0.08324620682880403 0.07621413249887435 0.0726112807385667 0.07109689980799302 0.07009561915915205 0.06787114715291646 0.06295578287028016 0.05477729333495678 0.04406599063441775 0.032589295104919265 0.02224849463893033 0.014211283512194058 0.008674889703412172 0.005195476578029201 0.0031414170023862415 0.0019718486340901615 0.0013166493513928656 0.0009526333352795371 0.0007549717456515996 0.0006573272313182295 0.0006264643352486398 0.0006477295016835265 0.0007169626677342852 0.0008358375894916226 0.001008975134064378 0.0012420809088323943 0.0015409979635361748 0.0019119002485969063 0.0023627093842280415 0.002905283884301309 0.003557428348370126 0.004343644854718291
0.3781150723582912 0.3656683724683098 0.34627085702994814 0.3195869013070924 0.28715545661850644 0.25197923735770084 0.21755003646475218 0.18681110790171576 0.16154397230700251 0.14232497384160347 0.12885090393227563 0.12032474082794256 0.11567225151586079 0.11351065082870263 0.11201708031089172 0.10903280763238815 0.10259177678120952 0.09169062403740295 0.076878062334548 0.060148558307691315 0.04402025642830515 0.030431309903325654 0.02018823670707741 0.013112438375288454 0.008524227388187438 0.0056691208896818435 0.003933780358299422 0.0028931872304100697 0.002279382409741184 0.0019332951440334952 0.00176475764435144 0.0017252102424194747 0.0017904492215601953 0.0019499482737364386 0.0022002290013396607 0.002540781539848609 0.002971852610365076 0.0034938975239529393 0.004108461809944493 0.004819820014734207 0.005636287855101147 0.006570126897938675
0.324328381105741 0.32340019294098243 0.31760057399689634 0.3055173933935511 0.287142052831678 0.26394884218749326 0.23842400440606293 0.21327434336287981 0.190702712957397 0.17203004403297986 0.15769216747433862 0.14745155531851564 0.14061767823077656 0.1361363563869 0.1325802330930037 0.12823406884995542 0.1214077155304963 0.11096687858888832 0.09690461747982637 0.08046224738728833 0.06357733824408254 0.04808716868037721 0.035168747689501255 0.025200649799515643 0.017958537985838872 0.012922834809102267 0.009525375719565913 0.007280468364643394 0.00582421339447041 0.004905353851068132 0.004359694148492103 0.00408410449631212 0.00401556043661191 0.004115895062997945 0.004361386886873177 0.0047360413319016935 0.005227651749076612 0.0058260332302483035 0.006522877959921842 0.007312449089755628 0.008192108998694016 0.009161784849093167
0.26493536094750636 0.2698189258370185 0.27169246023313853 0.2688100023982566 0.2603102317030587 0.24652513558683972 0.22887199166840422 0.2093720090113767 0.19003746812240907 0.1723996437374107 0.1573157545846435 0.1450219656660966 0.13530161992257783 0.1276416138344756 0.12132559322332805 0.11547593407470244 0.10910354134874567 0.10133317917933292 0.09179657961845807 0.08078249544024478 0.0690151691140577 0.057353820872901876 0.046560355996454555 0.03715233184092171 0.029360076045276757 0.02317233238032301 0.018423386848301904 0.014878575730176811 0.012296109692076063 0.01046175759730069 0.009202368128408451 0.008386212124887348 0.007916724360700088 0.007724126993054703 0.007757532799373898 0.007978655698886866 0.008357367600552914 0.008868970230323252 0.00949286733586309 0.010212105402536992 0.011013078447001792 0.011884753802434743
0.20829905117209804 0.21482237183286743 0.21957663369439098 0.2209175234313544 0.21768737228605645 0.2095733511174805 0.19720006631256948 0.18190150472426628 0.16528936576926878 0.14882513476420917 0.1335581484563785 0.12006981648154456 0.10856177693938196 0.09899168239575892 0.09117332896947591 0.08478979615449786 0.07937106052047933 0.07439688838507301 0.0694995284578436 0.06451521164900373 0.05938692099176654 0.05410847637936941 0.0487277166102485 0.04334773832531549 0.03811067122143142 0.03317171019594013 0.028671647722262456 0.02471475662781913 0.02135707724995332 0.018606706021427923 0.016433556974652697 0.014783420671817291 0.013591266937648797 0.012790932814847297 0.012320727574660427 0.012125817478280801 0.012158580187420944 0.012377989215929376 0.012748781805073302 0.01324075343693212 0.01382813808540301 0.014488843311851735
0.1596795082587485 0.16555520892340134 0.1703384187673117 0.17267072472263453 0.1714399807492985 0.16609730155441943 0.15682477344540813 0.14446704123580975 0.13026154936995996 0.11550052495651805 0.1012658723373609 0.0883077157349924 0.07705309821279803 0.0676826903796695 0.060204906443000396 0.05448725590890157 0.050278855285928334 0.04728814197636621 0.04527122478098473 0.04402968665790053 0.043350142504203465 0.04297540028635314 0.042618404012077185 0.041997424052358734 0.04088326441200846 0.0391484960655012 0.03679956586413404 0.03397326589584883 0.030894439927699104 0.027812213050416576 0.024941677464389432 0.02243042438995169 0.02035301514430246 0.01872425932826965 0.017519308543020303 0.016692082031913885 0.016188436153706687 0.015953975003509837 0.015937950135001603 0.016094851900184153 0.01638481086733414 0.016773383129416643
0.1210311347698668 0.12543603455888525 0.12908263388980465 0.13093065367621246 0.13006526957711262 0.12594486370077393 0.11857081379526657 0.10849659167149084 0.09666893386040426 0.08417585272633263 0.07200825740682162 0.060911365509146304 0.05134264153790776 0.04350549873069626 0.0374117292047534 0.03294233130543116 0.02990861906188422 0.028119162484970938 0.027425185859358662 0.027716600479704274 0.028885005454940986 0.03078202220707353 0.033182231416173866 0.035759707837108065 0.038099250746845864 0.03976068151503708 0.04038813389844117 0.03981967958587427 0.03813778256218906 0.03563004147201811 0.03268370348787802 0.029671224393427065 0.02687465570411722 0.02446231084518382 0.022503340077784387 0.020997902037962042 0.019906615769477703 0.019172235306882012 0.018732957624148925 0.018529491827926473 0.018508303901081 0.01862278394250495
0.09193788982843314 0.094865142679029 0.09721351241310419 0.09822239648430112 0.09720250938678827 0.09371677726351459 0.08772132202221938 0.07960080484393196 0.07007568868720433 0.06001919010322079 0.050259026554920254 0.041432783193175636 0.03392789418587408 0.027896473399369463 0.023313492419855426 0.020048703746837513 0.01793565093564612 0.016827510645272478 0.01662913556756989 0.017301211318177967 0.01884213223758955 0.02125187083817913 0.024476979071201423 0.028342796227662156 0.0324989241139823 0.03642233254661184 0.03951377671602604 0.041272085489603066 0.04146507791020296 0.04019903268770866 0.03785019513851395 0.03491013372846675 0.03183465745924426 0.02895608564800477 0.026465251026678092 0.024436925272578184 0.02286897914597009 0.021717105238064707 0.02091895685880786 0.020408444902034473 0.020123174116571402 0.02000780732742892
0.07081550033363025 0.07256788495914535 0.07386585165779902 0.07416765086216402 0.07297820972426411 0.06997579339983835 0.06511800867105214 0.05867963583125054 0.05119827772236677 0.04334477363120174 0.03576863955929884 0.02897438090548996 0.023262404174665893 0.01873579464836129 0.015350911447575277 0.012983929506160273 0.011492232431094608 0.01075941639713434 0.010720761477246054 0.011371460502570634 0.012760530062467024 0.01496838858112649 0.018060775314388343 0.022014743112331557 0.026630842966954244 0.03147593748596009 0.03591841205347006 0.03928511165137032 0.04108561408007152 0.04118137966004172 0.03980206800105603 0.037415660633127006 0.0345454995647069 0.03162944077021642 0.028959455850933992 0.026686633025167782 0.02485739858712444 0.023453843256861645 0.022425330620608308 0.021708999997825162 0.02124141153041559 0.020964438354906318
0.055811163349129875 0.05672648077695129 0.0572941284452789 0.057131764194541024 0.05589011313999894 0.05333925714941179 0.04944431201221657 0.044398091105029826 0.03859032599869268 0.03251924037094177 0.026677282336543373 0.02145275312559844 0.017077712615167766 0.013628749456632885 0.011066051765255408 0.009287627924213856 0.008179298807376143 0.007650640211249599 0.007655849364217024 0.008202930257740819 0.009353668391747715 0.011211749609586348 0.013890406984197858 0.017450209750778815 0.021810315174120302 0.02666596244993161 0.03147443097961324 0.03556209722466807 0.038334159379772595 0.03948165491335469 0.03906595664433978 0.03744450850980286 0.035104496636253375 0.03250477529422132 0.029986044059548092 0.027751827115071622 0.025891998241866637 0.02441962377303294 0.023303977319700353 0.022494010184712507 0.021932819374840592 0.021565657154640174
0.04527367860762893 0.04562112776132134 0.045719326171123946 0.04529655557789184 0.04410467694062746 0.04197685223719582 0.03888030318268635 0.03494288910645235 0.030437697053896404 0.025725615938138435 0.021174493080167632 0.017083935651854284 0.01364059669888348 0.010913019955557742 0.008878034157763757 0.007461572589570134 0.00657796887772215 0.006159081392783275 0.006172077092319702 0.006628539265742665 0.0075868888509645115 0.00914596804601328 0.011422315235497839 0.014501580078284726 0.01836284347057255 0.022798218191477593 0.027378765231056645 0.03151986439739838 0.034648259580394976 0.03639474640517018 0.03670446847841305 0.035810742208122255 0.03410882794961046 0.032012706960998685 0.02985800507085738 0.027866567650431936 0.026155081587064744 0.024762696654849904 0.02368007554748175 0.022872154989933304 0.022293367230778197 0.02189678505393369
0.03790745086089119 0.037870951349936365 0.03767687876879495 0.03712760314934064 0.03604184480294941 0.034292754949554895 0.0318443818321733 0.028773076706813866 0.02526219557142978 0.021567241129877235 0.01796103542579095 0.014677761776894407 0.011874879448806386 0.009622779531957691 0.0079195103211725 0.006719353470504287 0.005962969825291694 0.005601373959137877 0.005611682601288384 0.006005935491083995 0.00683418879626392 0.008180158312947284 0.010143679306903962 0.012802544149072642 0.0161523171944613 0.02004036619597443 0.02413257662846363 0.027955212529148114 0.031019301385312784 0.03297575466386759 0.03371845986701338 0.03338459771947416 0.032268481740520306 0.030708306988780798 0.028999105725974746 0.027351940230813332 0.025891216856242447 0.024672005855135022 0.023702394601180777 0.02296293753630723 0.022420775193299554 0.022038794620780483
0.032762220461602924 0.03245517045826442 0.0320765974314313 0.03147683288684563 0.030517342496031157 0.029095437530251678 0.027169343064069238 0.024775380179815124 0.02202897569453476 0.01910558329757267 0.016205351229570248 0.013512712211787377 0.011164522039992316 0.009236147566609145 0.007746613819584819 0.006676654884630114 0.005990919416397236 0.005657580105293886 0.00566241675148897 0.006017223804474962 0.006762798409594852 0.007965006518727212 0.009699871355538958 0.012022941995446793 0.014923172613853546 0.018274259489779933 0.021811257135747802 0.02516190224372816 0.02793744428468718 0.029847413358751892 0.03078063474692398 0.030814293349625713 0.030157804394027203 0.029070546760081434 0.027792633452221365 0.026507065299244084 0.02533107715454654 0.024325130688122747 0.023508386690367526 0.022873792954965787 0.022399976726247422 0.022059542166742833
0.029163816056505917 0.028649365712240936 0.028145796025736993 0.02753290480314721 0.026698503749841687 0.025553944883889453 0.02405109490687451 0.02219590463007814 0.02005287136936374 0.017736450167354558 0.015389896299294284 0.013157335922057324 0.011158087525284308 0.009471243126290468 0.008133773987751015 0.007149890422162689 0.006506135919344744 0.0061867386569815636 0.006185812854000714 0.006515056040860702 0.007206294307628588 0.008307475244280011 0.009869509158453929 0.011921703772645028 0.014437795733908592 0.017303306616350295 0.02030354188079976 0.023150302376554747 0.02554787981897943 0.027273394645040826 0.028233696101809883 0.0284738601981675 0.02814069369922648 0.027425878796347756 0.02651507516538832 0.02555704692012056 0.024653356413983155 0.023861918715762955 0.02320685330747657 0.022689367150051792 0.02229706436423773 0.022010900793237195
0.026638952486922655 0.025947161657528278 0.025347369812129802 0.024735444162980173 0.024014324357169953 0.02310302425138684 0.021947642343324705 0.0205316690520734 0.01888180649369773 0.01706586404242041 0.015181522859272314 0.013338265490486272 0.011637821008181422 0.010159230206043078 0.008952528850806914 0.008041364044007442 0.00743174753925213 0.007122989605654783 0.007117477597818113 0.0074271985413363545 0.008075675670537708 0.009094003941735512 0.010509559724505617 0.012327031263071745 0.014504896635766082 0.016935973174241996 0.019444665358594078 0.021810551618875403 0.023815811672752527 0.025299030986731037 0.02619187915906032 0.026524036077611803 0.02639890562188704 0.02595537326072316 0.025332263799779223 0.024645162635740188 0.023976947647669056 0.02337838543539723 0.022874008289036556 0.022469560030833516 0.022158896363155815 0.021929476092182893
0.02485376467413893 0.02399444004913607 0.02330897389098684 0.022699117137818012 0.022074979398091395 0.021359077460249336 0.020492708954438298 0.01944321798681747 0.018209721128589967 0.016824553665439747 0.015348589959490939 0.013860668481158632 0.012443776851799027 0.011172112762319492 0.010102732483455066 0.009273466429191425 0.008706330483249673 0.008414033642911009 0.008406813083051573 0.008697300474271778 0.009301759708037817 0.010236514220088623 0.0115089793167086 0.013104100309314201 0.014969586088814029 0.01700636372631293 0.01907181447444924 0.020999936918692882 0.022634629426729936 0.023864226078585214 0.02464339456743322 0.02499464935950673 0.024991745908294775 0.02473431670783857 0.02432387313137729 0.023847345346261508 0.023369447766206437 0.02293197328533484 0.022557129219578285 0.022252449143066084 0.022015707127995707 0.021839058923827058
0.02356970932934858 0.022541962914858042 0.02177182017994961 0.02115874631493324 0.02061409590350746 0.020060993389661656 0.019436852200069264 0.01869776697376493 0.017823224491697074 0.016819056342694056 0.01571672365747973 0.014568100172425227 0.013436612541667127 0.01238711337143286 0.011477365112845306 0.010753220465555128 0.010247984813549335 0.009984905353529755 0.00998087497749351 0.010249346706938153 0.010800846580225343 0.01164010295499991 0.012759699051646874 0.014131485607169952 0.015698702641338408 0.01737312542939018 0.019041238653248298 0.020580488606430695 0.021881846729623733 0.02287101561195761 0.023520510314462905 0.02384894316394711 0.023909473463448176 0.023773116214145056 0.023512892805670323 0.023192577527206895 0.022861008526472115 0.022551002294266327 0.02228118040218132 0.022059134968235073 0.021884828792805462 0.02175360875392558
0.022614420803835703 0.02141409875404607 0.020556921651179772 0.019933335027018193 0.019451398373046276 0.01903271728483317 0.018611517591703895 0.01813630889861407 0.017573066394470586 0.016908365484001684 0.01615074245774276 0.015329004563366389 0.014487272606336084 0.013677806779811163 0.012953517831265516 0.01236205750322282 0.01194256035701375 0.011724952732249142 0.011730811035842923 0.011974350247888427 0.012462260661872603 0.013191654849949944 0.014146229132595143 0.015291786994803458 0.01657326260340168 0.017915791271798678 0.019231585192508623 0.020432240061729754 0.021443439471097257 0.02221738909278914 0.022738895797915885 0.023023595558439445 0.023109892247248454 0.023048036213963657 0.02288981094403483 0.022681038371710788 0.022457553835226095 0.02224416947514088 0.022055651405071968 0.021898731957765944 0.02177441276132707 0.021680095463853112
