_RESULTS/REVERSE_NEW/Berg/TZ/8comp/Berg_TZ_z_90_kriged_reverse_8comp.asc
ncols 100
nrows 90
xllcorner 5.6208707817415728
yllcorner 50.959635321741573
cellsize 0.00013419651685393446
nodata_value 1.7014100000000001E+038
[rows 0 to 19 of 90, columns 0 to 43 of 100]
9.459991843061392 9.46001212391611 9.460038557558953 9.460071939804546 9.460112681450822 9.460160534023027 9.46021422882788 9.46027098914312 9.460325836007016 9.460370546315502 9.460392037563626 9.460369854273736 9.460272336764222 9.460050999063245 9.459632682131721 9.458909246988267 9.457724996893711 9.45586271421233 9.45303015739665 9.448849985254466 9.44285713183656 9.434508283699033 9.423207852451984 9.408353235077826 9.389398932291137 9.365934350459375 9.337764495155636 9.304977511347479 9.267979772383832 9.227479570305583 9.18440541575286 9.139754440924465 9.09437913042021 9.048734467672684 9.002620477141367 8.954966031951143 8.903709460705585 8.845841993886843 8.777691667039592 8.695529614626675 8.596552550475712 8.480192683430367 8.349499449725888 8.212076741941111
9.460036460325743 9.460075261187836 9.460125805939697 9.460189635451597 9.460267597733452 9.460359368782262 9.46046284564655 9.46057336295919 9.460682625980521 9.460777158975585 9.4608359370592 9.460826714729025 9.46070041664587 9.46038287199059 9.459763235478931 9.458678748653806 9.456896159000856 9.454091203637478 9.449829067144524 9.443550483794448 9.434569819768765 9.422092472529865 9.405258533353711 9.383217146037381 9.355230905004648 9.320802130842912 9.27980400818211 9.23259139968192 9.180061308626168 9.123633943911466 9.065133501008168 9.006562591215523 8.949783305599624 8.896137717348733 8.846058143505473 8.798731506114883 8.75189405752503 8.701845572866603 8.643786087283733 8.57258158865665 8.48402287805681 8.376498112505919 8.25272149939921 8.120834377241426
9.46011803158671 9.46019048486634 9.46028479225538 9.460403845427482 9.460549307357468 9.460720786401318 9.46091482786128 9.461123672987384 9.46133365169542 9.461522934384565 9.461658169082602 9.46168929176133 9.46154156893107 9.461103799205189 9.460211690868393 9.458625902182238 9.456005239080472 9.451877160424587 9.445610027383031 9.43639421519065 9.42324174345351 9.405015599660185 9.380499296249392 9.348513273757195 9.308076837704624 9.258602696626724 9.200097641983863 9.133330820874713 9.059924639241089 8.982326316336534 8.903631980684764 8.827258127061421 8.756482512516978 8.693902555547716 8.640880222185805 8.597058052067851 8.56004470804847 8.525384538606563 8.486943377572146 8.437844895776568 8.372031303558297 8.286328729810963 8.182541359297712 8.068713852664809
9.460263579574072 9.460395650508378 9.460567376782723 9.460784023925498 9.461048712793076 9.461361016617317 9.461715306103677 9.462098809470424 9.462489237571956 9.462851617605164 9.463133680119086 9.463258782055808 9.463114997812584 9.4625388019405 9.461291890827491 9.459030379890647 9.455267102977018 9.449330193626054 9.440324518491375 9.42710651013201 9.408286699723556 9.38227645281795 9.347394330851117 9.302041390562561 9.244942550220731 9.175433496109038 9.093752509891718 9.00127957869577 8.900657922066884 8.795740948492336 8.691331574419152 8.592715838110534 8.505029552717689 8.432526451769592 8.377835512119105 8.341308061111679 8.320570427271463 8.310421318932661 8.30323987883679 8.290073362861985 8.26249171454639 8.215048017068208 8.147749686051041 8.067514197787142
9.460517095046118 9.460752148300697 9.46105737572153 9.461442087891907 9.461911915051752 9.462466461608393 9.463096625775517 9.463781605455114 9.46448545363216 9.465152749122927 9.465702506905945 9.466018909556277 9.465936909000455 9.465220420815536 9.463530991120052 9.46038579954111 9.455106012449384 9.446760051736591 9.434111256680275 9.41558517227361 9.38927709766671 9.353023590632526 9.304559740961462 9.24177457163239 9.163058417287742 9.067709763204308 8.956339962634964 8.831191535162016 8.696279902141818 8.557286695112996 8.421174060211687 8.29554215436629 8.18779840801257 8.10423265595637 8.049096271176248 8.023782116900268 8.026218447640657 8.050634438630393 8.087909865541114 8.126735577439776 8.155705116772388 8.166147793162876 8.155004159715881 8.126576310884037
9.460948254113832 9.461356780751967 9.461886427587483 9.462553189499625 9.463366859016979 9.464327172070384 9.46541952761943 9.466610424566017 9.467842553114709 9.469029057355595 9.470045842340873 9.470719995285162 9.470811591035334 9.469985641809776 9.467771135299042 9.463505472254177 9.456265650116539 9.444792570471169 9.427421811800023 9.4020423514516 9.366112290368529 9.316764710946384 9.251033515897154 9.166214578558268 9.06034975420319 8.932782574301447 8.784693453102218 8.619493661975227 8.442957395146953 8.263009442492352 8.089156595676009 7.931630507815098 7.800365105483392 7.703937390796827 7.648558726503195 7.637154312997334 7.668574547908894 7.7370822474280825 7.8324132569832186 7.940787363023386 8.04710754811337 8.138161893462453 8.206021047456893 8.250315397396085
9.461664433847112 9.462357962655307 9.463255419570741 9.464383510333166 9.465758685684902 9.467380924007282 9.469226999376708 9.471243615621347 9.47334052755158 9.475383186848466 9.477183525278852 9.478486312237951 9.47894733547055 9.47809886439731 9.475298042476467 9.469655707609046 9.459947334108227 9.444514774199915 9.42117714627258 9.387180485064581 9.339226111475078 9.273622858070032 9.186602656252454 9.074816938314376 8.935990175175755 8.769650926570481 8.577804311510205 8.365376098119661 8.140272084750812 7.912968991789078 7.695671401101165 7.5011926539649245 7.341790297020796 7.228159600970524 7.168645973772134 7.168532921689474 7.229152804074143 7.346750485394184 7.5115230332597624 7.707713739532133 7.915544434795272 8.114967997102065 8.290145036541245 8.432890347127579
9.462826645277069 9.463976928708378 9.46546219364638 9.467325785563554 9.469594429491307 9.472268396336034 9.475311088135557 9.478638842032113 9.482111440897022 9.485523022510979 9.488591768397324 9.49094505435079 9.492094997844765 9.491398127605756 9.48799304074191 9.480712359970395 9.467970982506735 9.44764211916494 9.416945779540233 9.372389617057213 9.309815820061292 9.224613968787851 9.112150380299171 8.968431467168202 8.79095871050815 8.579653411097041 8.337653099224948 8.071743853910156 7.792228899109081 7.512157705049019 7.246029391612385 7.008285926889083 6.812056032737569 6.668610750007973 6.587705418479708 6.578302603711955 6.648385211171407 6.80259009946943 7.037917458619021 7.339939591930804 7.68268576112138 8.033548887291166 8.361287969627082 8.643197995825826
9.46466980585093 9.466534298072188 9.468935721090652 9.471942475056167 9.475596576217907 9.479898423172159 9.484790966080844 9.490144770926392 9.495745117282208 9.501281202870665 9.506335697020258 9.510370460438311 9.5127017084516 9.512456059513571 9.5084989105932 9.499329727423488 9.482946372670602 9.456693288031353 9.41712589470171 9.35994379040042 9.280063185417294 9.17190605370818 9.029968320149358 8.849681016367112 8.628492718588394 8.36699079794129 8.069777201611997 7.745772446628671 7.407685092892822 7.070566220513891 6.74964495046453 6.457992896003938 6.2050164328324176 5.9972147150299335 5.842297899884145 5.7553036521251375 5.761564055280621 5.891263353358999 6.166315415990291 6.586037414369528 7.119066967961092 7.707491742506105 8.283760877588866 8.791325153044323
9.467527391367193 9.470481763154094 9.474276083684597 9.479015302411714 9.484763373830276 9.491520164355679 9.499197833769653 9.507599265108222 9.516400749236013 9.525139735276992 9.533205940305061 9.53983069728299 9.544065767093628 9.544740084447053 9.540382603162916 9.52910333093359 9.508434439094799 9.47514995815615 9.425105511733259 9.353165735173295 9.253309582592046 9.119011029415999 8.943969189379725 8.723192683500725 8.45432362140077 8.138935053940104 7.783400274011779 7.398878928299128 7.000042678501915 6.602374267663991 6.21822739103811 5.852567387453256 5.501051293470223 5.155648775561934 4.821379847904831 4.534405428992443 4.360067150142481 4.369275702814131 4.616915923543932 5.13042677882787 5.894881627585484 6.834954996298472 7.821478976483832 8.718055808864248
9.471859903787106 9.476437818636796 9.482298432189523 9.489598324712379 9.498431765180419 9.50879647985948 9.52055909508156 9.533424439046346 9.54691256173325 9.56034555222431 9.572842833088538 9.583318871779268 9.590472053538182 9.59274935998524 9.588270612622974 9.57470076085752 9.54907116268903 9.50757217433976 9.44536877265594 9.356524135894286 9.234143832479376 9.07086001534102 8.859740174903843 8.595609105950249 8.276610724173143 7.905633975630967 7.491046810027549 7.046099154717582 6.586403479258851 6.125065453880056 5.665543855585989 5.19455588374617 4.68412348771908 4.118632457387253 3.5395302673023847 3.047031560348109 2.7386349549369613 2.670294545340655 2.8776469717095745 3.404893757328374 4.296230318956162 5.537252652431051 6.9865727996334215 8.39841676403703
9.478285745326412 9.48522533553729 9.494077665832512 9.505069904546529 9.518336612217155 9.533870150781913 9.551471126536313 9.57070534757586 9.590873594546913 9.610998309407341 9.62982681295885 9.645844183501525 9.657281619912295 9.662100060699501 9.65792691007776 9.641929137343098 9.610621543367682 9.559635955782612 9.483514108271562 9.375628159724517 9.228366006259874 9.033723678118195 8.784397806222426 8.475342976111655 8.105546602296126 7.679511932109097 7.207703497608256 6.705072512046622 6.18674339811441 5.660050856348759 5.113480134989052 4.510474252639975 3.8138235950851516 3.056626452061142 2.370668703988581 1.882756316866312 1.6316394578489335 1.6095826953868402 1.8283981434058634 2.3499710489342576 3.2771040945437 4.679725784067287 6.457903770359836 8.29366357444407
9.487612002475805 9.49790745882894 9.510989000817482 9.527177131424658 9.546657818792772 9.5694123063092 9.59514747845112 9.623236403587018 9.652678812441467 9.68208869162005 9.709710379078938 9.733455838674406 9.750945613838304 9.759527086443587 9.756239979506717 9.737704849215117 9.6999292137569 9.638059435300791 9.546152236406433 9.417089891772562 9.242801974576425 9.014958965897527 8.726236671461189 8.372086124703703 7.952677253049292 7.474360120280217 6.9496937550351845 6.394900368122697 5.823511273959711 5.235356009539525 4.604071427267822 3.883103143076385 3.068971227618368 2.2790487671362083 1.6756803909963838 1.3204515694482508 1.1892286443152864 1.2613608734515198 1.5684907378591688 2.209646231195967 3.3286156023389495 5.001572690489157 7.061014944017444 9.0982768990574
9.500861346412623 9.51581684231195 9.534738011303984 9.558064602073237 9.586045345440342 9.618640900062601 9.65542798184195 9.69551843090856 9.737507716307325 9.779464553397618 9.818966063147084 9.85317139341302 9.878912684812157 9.8927693210062 9.891084802589404 9.86989116343118 9.824728327829837 9.750386763668576 9.640657664538185 9.488235047503366 9.284958788116862 9.02258646642684 8.69419710085115 8.296128893134464 7.830034885669942 7.3042624654911705 6.733434338106048 6.1349244762085355 5.520987419913998 4.886646731858803 4.2012922543943585 3.43328075283695 2.6290324648098773 1.937247207997703 1.4773240692053744 1.2622271277540362 1.2696642936868363 1.5177065148627096 2.09582738731 3.151829024941429 4.78719482402067 6.875940451084488 9.044455697767093 10.912920418165072
9.519289816689335 9.540571731354403 9.56737226868186 9.600278186989758 9.639611135385612 9.685296522552603 9.736734154916705 9.792689643178427 9.851227388285173 9.909703205721552 9.964825898295295 10.012782140925344 10.049399839636298 10.070306344628165 10.071026643386347 10.046970943768093 9.993287183569228 9.904603633672743 9.774754459925916 9.596652600184727 9.362525117864354 9.06472113245898 8.697199590010893 8.257570167863541 7.749201146663365 7.182500318631373 6.5741655798956025 5.943158971675022 5.302694185105175 4.650161257625688 3.9661678573610915 3.2469730596721336 2.561377315552153 2.0332800845132826 1.7450878457480397 1.7213563060949229 1.995280751242015 2.653922625450481 3.808425171595313 5.470784174236522 7.455605674549072 9.478114941462046 11.306960777651806 12.788984511944184
9.544388794901474 9.574070986496402 9.611265479647711 9.65673354146285 9.710876607770427 9.773563080346625 9.84395717415239 9.920375256513706 10.00019868705537 10.079870064801137 10.154989651658664 10.220509644490033 10.270997891663859 10.300915553723506 10.304834766411428 10.277523708643486 10.213856221093875 10.108563025792034 9.955923530393076 9.74958204481774 9.482730094297153 9.14888791183496 8.74339952128288 8.265496530624151 7.72040254187284 7.1205459635593025 6.484722608012243 5.834271094097251 5.186457809185177 4.548519305996609 3.9222878871111866 3.3297757348737154 2.838941281160174 2.5423941107276757 2.514975088140906 2.814795211228681 3.4955091644625504 4.570357254150059 5.9706629055357165 7.587805520594948 9.327819712303178 11.086919744993882 12.718194049788368 14.050863928883981
9.577863195750714 9.618458973773986 9.669064113477287 9.730638608674703 9.803664372661542 9.887921424957858 9.982265735974405 10.084441871788785 10.190969887014727 10.297145364754506 10.397180292420082 10.484488393510366 10.552083340974477 10.593019502579736 10.600775740343682 10.569478918904233 10.493897145809129 10.36920529130954 10.190625067078344 9.953143245249223 9.651578143904658 9.281253357191272 8.839406537406468 8.327186248774229 7.751702545597515 7.127226364392052 6.47452449066427 5.817804201510492 5.180219373614698 4.581600751724023 4.044226492066609 3.6066046230873283 3.328968145508873 3.2763433915463227 3.4948137197646454 3.997453123593343 4.766008442420959 5.781138117705898 7.047057667830509 8.563051284465525 10.272483677813456 12.038834844180565 13.664097395884442 14.941430751861304
9.621577120187629 9.676050583720015 9.743586042010698 9.825359148909362 9.921922878766981 10.032924307915637 10.156821587930875 10.290643275983806 10.429842553451287 10.568301123268002 10.698525785702673 10.812050627857644 10.9000105241101 10.95379679063391 10.965661512473698 10.929125212543147 10.839079882996034 10.691568056515251 10.48334125994821 10.211423454292223 9.872982741562469 9.465802103992777 8.98949939851289 8.44736550533076 7.848313502967333 7.208108131796598 6.549034999102342 5.897779669279999 5.282650450921793 4.732764862731499 4.281029385973517 3.96707386939897 3.831526861840289 3.9018840380997197 4.185670297143725 4.685033255266104 5.4203386179008906 6.430178171233103 7.7421769587832205 9.33621152390626 11.116707797189637 12.907985372198874 14.485088121783551 15.634838451795563
9.677458392161975 9.7492068927483 9.837660999249636 9.944216568224535 10.069472808345601 10.212880937036921 10.372390215057656 10.544143994581749 10.72229449035679 10.899011593633297 11.064749212065363 11.208795145451713 11.320067455638478 11.388043904785055 11.403646222501143 11.359878318407892 11.252060135996258 11.077608735985375 10.835470687766477 10.525458906446008 10.147838815894803 9.703495464168672 9.194864664303978 8.627528614932087 8.012019078845713 7.365089033237972 6.709744256628905 6.073879620717243 5.488315307823075 4.985472446051019 4.598466221051021 4.357957201730984 4.286293255473499 4.3964232937879055 4.702632019133373 5.233576657229127 6.030831839347009 7.131816076415435 8.544560807111218 10.21899696708736 12.025501887323303 13.759861475821916 15.186124916582845 16.104547918496245
9.747355160404089 9.840153797168707 9.953904361442186 10.090208691826916 10.249664934668258 10.431439851431703 10.632834463435142 10.848907819997988 11.072247333397991 11.29298672143026 11.499161013797627 11.67744110462585 11.814206723505896 11.896812507030505 11.914811133016029 11.860862094836087 11.731105395743434 11.524917514181695 11.244157620622024 10.892194355727188 10.47311191435324 9.99147938585692 9.452909147717646 8.865346261265678 8.240691271016402 7.596102912463411 6.954343370515277 6.342926284845108 5.7923857108041705 5.334065948046432 4.997243276149061 4.80587834420943 4.778293857019387 4.933285266846099 5.298286715125516 5.910402918811301 6.807869213573476 8.01359953951283 9.510905858099349 11.216629420849394 12.96771773847632 14.540129466578101 15.70378844604718 16.2922863965442
