_RESULTS/CROSS_VALIDATION_POSTPROCESSED_CLR/MHZ/GZ/2comp/5/MHZ_GZ_z_500_kriged_reverse_2comp_spherical_5.asc
ncols 100
nrows 74
xllcorner 5.5967023332191781
yllcorner 50.982320383219182
cellsize 0.00019249356164376555
nodata_value 1.7014100000000001E+038
[rows 19 to 37 of 74, columns 0 to 41 of 100]
-0.10170306311414609 -0.1038014738117704 -0.09468433884375718 -0.07392959743770805 -0.04464442658507295 -0.009583892100734598 0.027872066405379273 0.0637760104658819 0.0943206552492735 0.11626491444910841 0.12689825738928195 0.12372951312038562 0.10706740350008127 0.07777646568807972 0.03775174703709426 -0.008973134992447201 -0.057661017790341995 -0.1036693797678867 -0.14240440757343076 -0.167260890766377 -0.1766398263451242 -0.17127471043641063 -0.15487527842737803 -0.1305912579236388 -0.10523375683850766 -0.08283151055121762 -0.06448039903594086 -0.05076754441180403 -0.04312509423484839 -0.04230836397194046 -0.04804615466843912 -0.05995744551468893 -0.07719841608404782 -0.09244416104248254 -0.09956000802956053 -0.09763489660370187 -0.08622948684528328 -0.06740996992000198 -0.04296817180467738 -0.012065091143805245 0.021919058321366536 0.05327455569106862
-0.10899803152710763 -0.10723034024617778 -0.09342431201675272 -0.06828720984268905 -0.035468769888153534 0.0040589989647963065 0.046520928638106585 0.08746101414429314 0.12251156041852868 0.14621163279858412 0.1558665429957308 0.15101627592720562 0.13207689407076426 0.09965593691610333 0.0568951887000039 0.007925307382012914 -0.042621242104785656 -0.09031585281944043 -0.13180020976142748 -0.16020786042018054 -0.1730218337697328 -0.17090864742052592 -0.15774680657479706 -0.13479046364693764 -0.10963841384025719 -0.0895775463310911 -0.07619587776165279 -0.0678349567979655 -0.06446800668026728 -0.06651081881215637 -0.07482283840086235 -0.08917916916703045 -0.10532281250697773 -0.11690880236098528 -0.12020389209399585 -0.11338590277867189 -0.09500986114066928 -0.0684626828941467 -0.03824523198839394 -0.00514333239868181 0.02977742276740225 0.06124820352322374
-0.11509543767692171 -0.11066233945821935 -0.09312603042466686 -0.06221914647595578 -0.02041408537845668 0.026668823483100526 0.07679291370726492 0.12463710751500578 0.16257027865748083 0.18691395339805866 0.1958195501081553 0.18891108747843804 0.16591790259788236 0.12880255154185627 0.08122383237726832 0.0275125774698724 -0.027445735942489807 -0.07854994297293788 -0.12189928966040636 -0.15288823099577942 -0.16808695304817683 -0.1684616690591884 -0.1590881099501772 -0.14263855810604958 -0.12153957487870537 -0.10384451270155493 -0.09245121807219916 -0.0884361189719976 -0.08994202347792438 -0.09630171891727277 -0.10794117376259693 -0.12211902728557938 -0.13554821313854304 -0.14392438685183567 -0.14473424349035147 -0.13481139130621944 -0.11005577936787853 -0.07291285206066633 -0.030455309022133364 0.010429677231220513 0.047542374613064306 0.07968661195734361
-0.1202853184063371 -0.11481327522035001 -0.09520090380064092 -0.05938049446432428 -0.007000886457769778 0.05460596106092752 0.11728251729072849 0.17150551359707342 0.2133343809818334 0.23937149014929648 0.24767718652240367 0.23749580788266042 0.20896558216864008 0.16539091601175013 0.11099091151930039 0.05029479115114435 -0.011751477457283499 -0.0681790574531781 -0.11227915716770637 -0.1444621094273461 -0.16199818003929362 -0.16735791608284412 -0.1651774258928792 -0.1571004074938247 -0.14296222640454564 -0.12738498517561325 -0.11712230958623732 -0.11354097482354131 -0.1179806834243789 -0.12836433852916623 -0.1422802759835075 -0.15542911590764552 -0.16540544044737449 -0.170711848279664 -0.17021120871252243 -0.16069089056704805 -0.13142337021215372 -0.0791918670869527 -0.0210404651142167 0.03183111313410497 0.07635733259421905 0.11077001535329548
-0.12349069014939823 -0.11891681496587081 -0.10002119787271968 -0.060990529235719404 0.002272835055312228 0.08144238504021237 0.1584833356624603 0.2247597989495254 0.27485539936009185 0.30479502833126126 0.31247147338627246 0.2973625940149799 0.2614601102157103 0.20943450053600565 0.14649844724126335 0.077552495090127 0.006813213860310391 -0.058700403441561966 -0.10076475305205498 -0.13437172740887138 -0.15515567435978062 -0.16547331055266645 -0.1704659974018392 -0.16988635497416826 -0.1632790026282488 -0.15206878981812888 -0.14483872974787915 -0.1434648143071765 -0.14883415500680047 -0.16147294839962012 -0.1745736268276613 -0.18470834911908585 -0.189830233765293 -0.190696411840441 -0.18747795196172423 -0.18103389101934542 -0.15554157206854913 -0.0768883285956454 -0.002551051633944479 0.06208005337321988 0.11528446681708718 0.1561094006056059
-0.12232676658939651 -0.11993337130277398 -0.10597531127312765 -0.06870007784705401 0.008808743195939217 0.10582292576063895 0.19924401186473611 0.2791888418976747 0.34019887488905837 0.3771520266258009 0.38619467612128744 0.36566057487422216 0.32041503522606163 0.257692953934087 0.18441628935390772 0.10637687564265766 0.03067648902175689 -0.03361998426567264 -0.08094332739226456 -0.11723591147196877 -0.14193788482239394 -0.1581777473489131 -0.16953863311437828 -0.17567258794227086 -0.17581569660236718 -0.16968789160193226 -0.16536408071549757 -0.16686423732164912 -0.17525387280635263 -0.18970427175862986 -0.20354410966853503 -0.2087432778575411 -0.20705996251172987 -0.20000641316484602 -0.18719404782098753 -0.16706779598398164 -0.12494308235902135 -0.0484364349487838 0.03178482580054258 0.10411645855056699 0.1644896957199323 0.21148923293864147
-0.11348300155369695 -0.11113479492218487 -0.10253609682965636 -0.08373989651435845 0.020295340478419466 0.13454389695467778 0.24120732676007106 0.33413625327704854 0.407016231700759 0.4522933101898953 0.4619400865867555 0.4335503628952456 0.375449254615307 0.29919677643666065 0.21464613642910163 0.1321388855537453 0.05736660818422276 -0.005806694913691873 -0.05583069109722033 -0.09537343720906818 -0.12501013121094118 -0.14611577196424097 -0.1628498541776634 -0.17496961609929412 -0.18120567349411099 -0.18023399895716063 -0.1782735525543474 -0.18208032595669388 -0.19307951924054845 -0.20757086406619712 -0.21933499305426724 -0.22430377600125495 -0.21769527318555204 -0.2001272622273481 -0.17321827957404928 -0.13376074707299457 -0.07648713031641516 -0.0019866953384039543 0.07910969761620702 0.15631600154788122 0.22297539604219607 0.2759532319651923
-0.09514115625036507 -0.08660632047725741 -0.06814038391742816 -0.027332734175337797 0.06373810028449035 0.1748094665314382 0.2843191324099381 0.3861147062356598 0.47192004898963086 0.5291489077225369 0.5392390700380117 0.49693056258996415 0.42057694065330764 0.3295219651476849 0.2389240242084563 0.15485023785784527 0.08071646286117447 0.01863960472622847 -0.031185253586269612 -0.0730918277927973 -0.10548929020592895 -0.12963091467036247 -0.15035769798223675 -0.1678357409561998 -0.17989236121762991 -0.18358936959898242 -0.18323285943613116 -0.1886908727309251 -0.2015732069032068 -0.21383357903134614 -0.22238182295485875 -0.22609873507293438 -0.21815533361775308 -0.19502061347442656 -0.15498875437899845 -0.10074650471935356 -0.0322101799927883 0.04717554343100437 0.131813428489352 0.2143530865108108 0.2879160999425107 0.34782039940642717
-0.06985958502845765 -0.05133579097407878 -0.01715317834509017 0.03896761006595313 0.1201838186284669 0.21915829032977524 0.3239209356842866 0.42749932857300904 0.52462668497213 0.6026241047939882 0.6165556887168223 0.5466244208311293 0.4480564163509807 0.3479720332078139 0.253563062427649 0.16886781934463468 0.09630534187061544 0.037076076699399385 -0.010945828018912418 -0.052043513004905395 -0.08387719028651841 -0.10837023782127442 -0.13098918996479642 -0.15318343095691633 -0.17188496512027707 -0.17944530927357438 -0.17907562672838145 -0.18536346671869813 -0.19772647806866261 -0.20831191963291296 -0.21509014647686514 -0.21686132956466442 -0.20846390422652383 -0.18289547427037545 -0.1375692779687318 -0.07226938032395633 0.006176542973766047 0.09273122643075182 0.18344053652589493 0.2729461276582352 0.3550819817880154 0.4241869841590191
-0.04290101420659295 -0.015365023197386918 0.0291616734951851 0.08962271601471522 0.16555256315987682 0.25436108310640854 0.3502191131716984 0.44819915649852626 0.5451650072057568 0.6392190219837959 0.6678403338240892 0.5574044472631625 0.4496606713532591 0.34753116966174 0.25322614548095546 0.1701048543415598 0.10090917507478839 0.046715779446611067 0.0031218575226441836 -0.032824714226299984 -0.059865982505828835 -0.08115729924470655 -0.10221788613983651 -0.12698560614303162 -0.15488957920904717 -0.16557307716175584 -0.1611210498074409 -0.16694687134275032 -0.1800985786783228 -0.191623408598457 -0.19900898509330023 -0.20030027382170162 -0.1922358055679706 -0.16582235636931342 -0.11866401297530527 -0.04975108885408622 0.03727730989259449 0.1314159682645968 0.22915305048233228 0.3265569740613449 0.41872766729624483 0.5002473827898499
-0.018890698800918315 0.014763821454462894 0.06395625889179707 0.124232817480017 0.194606868066339 0.2734117686775199 0.35698487107958177 0.440869417064328 0.5194418274927448 0.5799774426539999 0.5806074246387205 0.5101390236775618 0.41816599061029347 0.3243470171032943 0.23538429964339275 0.15635420787298718 0.0923811614115079 0.04512887060702993 0.010024268746426812 -0.015365278395722187 -0.03251446062294386 -0.04624686462162936 -0.06116332007129191 -0.0823133054239413 -0.10793022249064038 -0.1206004276654129 -0.1221206876111866 -0.13394070787365947 -0.15249843300794325 -0.16856408810378354 -0.17909380216432402 -0.18156665765668367 -0.17359287625453168 -0.1470365411364522 -0.09945394415300321 -0.03029280777639229 0.05999475368008346 0.16095640787094057 0.2650315139890991 0.36943058247764504 0.4709419618480876 0.5666713472632967
-0.0009974292687949526 0.03559846364106803 0.08562365511005784 0.14330498923302082 0.20739037742329805 0.2756247868425411 0.34494276577778404 0.4105222462955262 0.46482310869195426 0.49476201040392764 0.48508918296267 0.4366501364884995 0.3643265791648346 0.28280615067533976 0.20116287921882087 0.126725780447499 0.06814697170056164 0.029749955025614103 0.008508409753114954 0.0005163111524679465 -0.0006233262347324353 -0.0015279347799761478 -0.006939347087999759 -0.020322420963764715 -0.03880835722151649 -0.054469310658703335 -0.06915011225077874 -0.092568312147767 -0.1211712574053424 -0.14592182562495398 -0.1631380388355712 -0.16936109055954995 -0.16176436111178244 -0.13439564764820883 -0.08459541372368912 -0.014136094058549487 0.07522003485273888 0.17999460764322595 0.28827538156095944 0.3965332257054146 0.5026061670724464 0.6060205353003142
0.005249041575236618 0.04223514741567465 0.09084421800257587 0.14489551208193518 0.20312742676115553 0.2625190489878684 0.31931534368669046 0.3681878812800231 0.40203581701052327 0.41321479099030617 0.400869570121897 0.3623707444398322 0.3032726840207629 0.23218668048302477 0.15672852619565106 0.08445157231843901 0.02752740609517658 -0.0009422369824051147 -0.0002500193867126521 0.01716026719969857 0.037538451473323214 0.05177723765901032 0.056916021016039486 0.05208817270799827 0.03729599494074057 0.017972824081383038 -0.008398943883586002 -0.04528655941091689 -0.08745452823213831 -0.12494133548146091 -0.15287625056506593 -0.16574306833495123 -0.15963478201826248 -0.1314973227258553 -0.07959020899055974 -0.007293061259327466 0.08283549674894129 0.18818113254877517 0.2979666599572349 0.4057239839122364 0.5091483458639501 0.6063834030503668
-0.0010811299649082784 0.03457469301601429 0.08065063435528741 0.1306103683905513 0.18278018911840854 0.23420193385525082 0.28076601384505695 0.3176866643103234 0.3389280454567233 0.34038951741712475 0.32552377109127384 0.2922172398387256 0.24263308379714288 0.1812501826196852 0.11269198076342221 0.04158050571427058 -0.022312716083882328 -0.041886652571211325 -0.004863106080830265 0.04186402110218719 0.08213026137286275 0.11157198211792854 0.12774383671982628 0.13022862854951187 0.11889024673675914 0.0956724094396455 0.057174589551217375 0.005756656925580639 -0.05238834775254267 -0.10623104302605424 -0.1494680333006455 -0.17240271421858971 -0.1680759819193295 -0.13758149724791063 -0.08314446050088745 -0.009717808311098836 0.07984928197051165 0.18342371437212346 0.29452599582540745 0.39890019062524584 0.49506480407650183 0.5844234309471005
-0.019150909517212905 0.014100195053224462 0.05753195380530385 0.10366322559856031 0.15030464816667297 0.19483987992457727 0.23343306008148482 0.2615043651515724 0.27279766100123193 0.27076609140543845 0.25737208272130585 0.22897202544568285 0.18798964033136523 0.13726273256457366 0.07958345811343087 0.01735941992851367 -0.04746870619280358 -0.059493006309737195 0.013351321567033114 0.0799176017038539 0.1366160333269665 0.1801597168459935 0.20691795093895415 0.2145428608362674 0.2039189202937039 0.1751547771827713 0.12529216141304114 0.05898164626425459 -0.01607533344035636 -0.08831339752334871 -0.15142501534627406 -0.19104249947864615 -0.18533137672132682 -0.14900556852361052 -0.09209322516243706 -0.018902275841811006 0.06843032618077181 0.16799109326841943 0.2766933826941367 0.37923683906912015 0.47181852047654516 0.5561724648448994
-0.04775521618615208 -0.017076880260575245 0.024746980024072995 0.06809398639731122 0.11037678162854467 0.14914086735229218 0.1810902054971204 0.20049332666907071 0.20502342037786309 0.20232848332666004 0.19246115911515532 0.17239354110969435 0.14106924885782182 0.10284101079253913 0.06140972232544342 0.02149761883166404 -0.005832780969186435 0.006430189870701736 0.06341199481790365 0.13365089082870316 0.20110525860193065 0.25750813378881565 0.29506125200605765 0.3071090923095232 0.29294731505377747 0.25362820972337446 0.19058674849885224 0.11129488910392586 0.02155661372756769 -0.06639618923776999 -0.1472042522008133 -0.2200907749438752 -0.19792540978114437 -0.15784291730895322 -0.1021575780761581 -0.03202030322952443 0.051027825386281186 0.14508011167448145 0.24776812920041102 0.35028227073039064 0.4449211625759255 0.5268552177274044
-0.08242984953669963 -0.049704735702502334 -0.007184460557263794 0.03460260235080981 0.07366976353244932 0.10763150160933842 0.1316337224621992 0.14315259881432918 0.14210950604094202 0.13782624330067025 0.13030481853298123 0.11843313751234505 0.09987436146987394 0.07555666267834708 0.05214049594977284 0.03639659243048113 0.03841189288609259 0.0659227349336932 0.1209098086406649 0.1926358101688242 0.26905404699292207 0.33956730170447685 0.3910918269094693 0.4082748293208748 0.38528101276578397 0.32718579627296085 0.24783985835298422 0.15601028351295051 0.057684675995693865 -0.03843004819806217 -0.12067986522776197 -0.17559772479618962 -0.1825366577154236 -0.15624176280365282 -0.10903755456230096 -0.04609703341913704 0.02996125035293319 0.1170089629495542 0.21322552018480528 0.3164530306086722 0.4123693121459438 0.49377695642392094
-0.10140787767190043 -0.0726337689283291 -0.032421072294885694 0.007275243219065114 0.043567484596755454 0.07183268960551503 0.08911566980887407 0.09405929444509081 0.08888562345600534 0.08334029743276147 0.07692706603526489 0.06926674818853643 0.059926245730299685 0.05022258185781256 0.04285260506581916 0.04674867583789502 0.06737335889052193 0.1067567276895425 0.1663548983235878 0.24246580172468152 0.32854803883822703 0.4163866053036023 0.49056374350982707 0.5174418969120524 0.47375361031516755 0.3886653116792153 0.28926718004409746 0.1876974039083472 0.08783068989239162 -0.006414123126543603 -0.08416990639967253 -0.13501614411920998 -0.1540955583274335 -0.1422753668779253 -0.10642982823215619 -0.053175760586573084 0.013489680174723323 0.09070924727596641 0.17997414743588844 0.27865632401064966 0.3724612876217951 0.4543871751524068
-0.1101639201931589 -0.08660813537681394 -0.050632784173262696 -0.01313303682016359 0.019686523588720584 0.04285667720231917 0.054790317532469324 0.054469835279665924 0.04552208574898038 0.0383710013156998 0.03264879364706133 0.027719070713635593 0.024185718440782572 0.022887364902226884 0.028082370148360708 0.04635343470170292 0.07859015595501474 0.1266516260286843 0.19096091152054528 0.27083475334747276 0.3637541117809798 0.46656464757809035 0.5736296401425898 0.6289845323087648 0.5359514621992616 0.4223062027718772 0.31146251730157454 0.20637986655131518 0.10873026008813612 0.020390839558426382 -0.05238497281851481 -0.10258633798391253 -0.12727325721773158 -0.12400857250844877 -0.09750538389756477 -0.053443758748365516 0.003928837754895831 0.07201215186772271 0.15312571917780304 0.24380765655653988 0.3302769551175999 0.4087001989869512
