_RESULTS/REVERSE/GZ/5comp/GZ_z_180_kriged_reverse_5comp.asc
ncols 100
nrows 90
xllcorner 5.6208707817415728
yllcorner 50.959635321741573
cellsize 0.00013419651685393446
nodata_value 1.7014100000000001E+038
[rows 38 to 56 of 90, columns 0 to 43 of 100]
52.69092977004403 52.49594664434115 52.29342018577464 52.08847073639531 51.88718267137956 51.69628543146189 51.52264307030811 51.37260182930859 51.25131650951666 51.16221562798049 51.106739291341164 51.08439531818446 51.09307211592914 51.129476480914036 51.18955886753314 51.268834006703166 51.36256361101369 51.465807892604865 51.573361250554505 51.679568095370534 51.77797282467635 51.860683997966504 51.917172660766006 51.93179385885788 51.878011457164995 51.70305645920753 51.282432267195134 50.276529656758996 47.700135093523194 41.083622197703725 27.78126874550984 12.92853094416734 4.608403069682194 1.5897241399919535 0.6289211932316234 0.3186230489179368 0.22481277540712746 0.23616040525306442 0.3868294606921847 1.0032648733907552 3.919530519727501 17.388819772927636 41.75289238271069 51.02429560143279
52.62649901586875 52.43392787680071 52.237290112069864 52.0421449434618 51.85481165449697 51.681957511661594 51.53001248118427 51.404494124709444 51.30938916190496 51.24675154727082 51.216619300687825 51.21724512639554 51.24553364339784 51.29753143707655 51.368838124370654 51.45487008204226 51.55097156832179 51.652401681274405 51.75422379815675 51.85109589711 51.93691502953828 52.004201276941906 52.04296847081245 52.038456353085515 51.96594621787606 51.77706499694404 51.358813170909954 50.40157454467745 47.9866493303016 41.69836212918944 28.591295091387014 13.412990429863783 4.781317095525188 1.6580619797057796 0.6695377356425378 0.35330573587572134 0.26559629987276273 0.3041339423775713 0.554112827730034 1.6153911809662413 6.864448065387786 26.837940801247566 47.22310501201833 52.1384460607849
52.55740712559347 52.366551804259 52.1750074520064 51.98872901617999 51.814205501025675 51.65795833217363 51.52589805630957 51.42265539875736 51.35104911053592 51.311835809934706 51.30380153063033 51.32413924371142 51.36896994008485 51.43384648544043 51.5141260238186 51.60517107150977 51.702399826274856 51.80122979245186 51.89694623713699 51.98449196186793 52.058129625362994 52.11086955461218 52.13344662239483 52.112336783478916 52.025390232228716 51.83061661762164 51.43310714754512 50.57846287559231 48.51166724868778 43.15127361205187 31.305941539709764 15.88126453679308 6.018203327437713 2.182944398596172 0.9232479540378157 0.5158135626955496 0.41633558976602225 0.5188320212611331 1.037523779146385 3.2824952416760063 13.60858604827832 37.943634144531465 50.34021320202494 52.703807554820145
52.486006260146965 52.29629440696881 52.10911723627347 51.930767102972716 51.767825188673974 51.626580180951045 51.51235002299367 51.42884996301073 51.37777253405118 51.35869656894213 51.36933672367364 51.40603281414774 51.46431493589583 51.539390219334635 51.626462138618315 51.7208711664885 51.81809834653011 51.91368546550997 52.00310341053076 52.08156068544022 52.14370046880013 52.18308661285012 52.19129803799174 52.1562377950403 52.05859632633156 51.86319902900194 51.494381572460355 50.75833202828881 49.09402926932485 44.91257931836221 35.19145845856617 20.331039640591474 8.691699017920493 3.434154453847603 1.558336359055551 0.9339709058514643 0.8124920253680331 1.0948027090838677 2.350046090450119 7.56528439448936 25.42911790049425 45.92518677909003 51.76166785531914 52.96416724941232
52.41519744696858 52.22622018646991 52.04278201050493 51.871437395707666 51.71877125615843 51.59075488871567 51.49206069555866 51.42549663395668 51.391715294921795 51.3892764970184 51.415027062205596 51.46466293890174 51.5333025751204 51.615934594852774 51.70767876220733 51.80387428863483 51.90005214824816 51.99184942960614 52.07489433217361 52.14464819330454 52.19614971263186 52.2235677430004 52.21941236710788 52.173109167239964 52.06818692647377 51.87583513923401 51.53756667993814 50.91278370958757 49.61429909381512 46.55130172343057 39.31870492336448 26.43697263725821 13.433403148188642 6.051467087626197 3.025477543695224 1.968756123296077 1.8462140678962329 2.65203552410278 5.8527445153157185 16.914593337252366 38.17269661050971 49.77416474764683 52.373481902347486 53.06026590694064
52.34833711090402 52.15986025709379 51.979624031949676 51.81435285716239 51.67054111081999 51.55376999520498 51.468045047665626 51.41532059384429 51.39534265629197 51.40584619037911 51.44302907647318 51.50214784744095 51.57807023292996 51.66567117169546 51.76003804517955 51.85651872057807 51.95067807542919 52.0382214277255 52.114909099487264 52.176443054787356 52.218267652746555 52.23519489374561 52.22072663180097 52.165854572050705 52.056827897299044 51.87042714633149 51.562169968951466 51.032768284941966 50.02753763075927 47.85661088509633 42.891414083853455 33.129331396765586 20.532866783195704 11.039920975087584 6.276765089347304 4.490867464501085 4.514802416695012 6.702227770872068 13.942047270692356 30.459116893844268 46.06498084360561 51.31751407991961 52.65317639657429 53.06929488593703
52.28908021142891 52.10102618050156 51.92350619149189 51.76330872832806 51.62674651121747 51.51896264921747 51.4433183295649 51.4010205923782 51.39108949075645 51.41065907709339 51.45550491740701 51.52063762802709 51.60081383776321 51.690876807610366 51.78591467133937 51.88128256043476 51.97255780921927 52.05548449461461 52.12592710765889 52.17980990599618 52.21298137132769 52.220916305187984 52.198143377979655 52.13723290693694 52.02700701937015 51.84906506328449 51.569898246567384 51.120231763421565 50.33702438887854 48.80794836146977 45.55989518821019 39.0221219869977 28.98413052440562 19.032511266939423 12.668758150448381 10.066568510585528 10.655016595343056 15.36944645366794 26.6532276768308 41.32957674915947 49.436125611167114 51.950625522337155 52.799690314438955 53.04214282448051
52.24113759123519 52.05354074366354 51.8782399592009 51.72197507636711 51.590800761330755 51.489411442488176 51.42059943380099 51.38498585864283 51.38108834316425 51.40568612430383 51.4543598170047 51.52205297553528 51.603529254118605 51.69366115557018 51.787554044911765 51.880557451667784 51.9682318814532 52.04632384575881 52.110765360457854 52.15767170947356 52.18327516853065 52.18370799496721 52.15453160674952 52.089882411927846 51.981014327793794 51.81370630903102 51.56301514376784 51.18092812670564 50.5646057450238 49.47665346430986 47.384877216964306 43.35356586259442 36.70276182126063 28.73167902275781 22.41881059320342 19.662048095416946 21.12400908405599 27.518242275749984 37.873519645976025 46.64484020805957 50.72431466131865 52.261540314234864 52.8969062299427 53.017098487215485
52.207944558702955 52.02088778095154 51.84722964966709 51.6935516677583 51.56559995546155 51.467655282084166 51.40207118746854 51.36909383557903 51.36699525948718 51.39245878802866 51.44109287223676 51.507937980226615 51.58786487159701 51.67581966870705 51.76692811886251 51.85651067079701 51.94007214630307 52.01331456100549 52.07218710306887 52.11294619809843 52.13216283066052 52.126590520558025 52.092795464364 52.02644131848741 51.9210863443717 51.766208431194485 51.54370082240809 51.2207136631672 50.7332811169326 49.948803420379676 48.59492118679203 46.20106846676082 42.31285314024139 37.27802843945291 32.76158354128664 30.74013574776775 32.34599279241364 37.44054906220593 43.890072781109794 48.72801298205642 51.26367654820208 52.45907741208568 52.984814374554915 53.02179457262155
52.19227469839647 52.00582095038395 51.83309766894706 51.680431866582275 51.553243352496544 51.45547933959808 51.38923053044301 51.35461442906571 51.349933106117895 51.37203591379891 51.416774658229215 51.4794395038852 51.555097586210195 51.63880401350859 51.72570018765686 51.81104578043746 51.890241086182286 51.95888374706688 52.01287276408546 52.04853360922171 52.06270250409389 52.0526834906931 52.0159817604656 51.949718502760035 51.84963466320545 51.708557915725265 51.514043556332304 51.24438166693914 50.860888550499084 50.2923144154637 49.40813160664216 47.999752092378905 45.86219091775286 43.10776502567984 40.51230722870523 39.2654510510175 40.15459140707992 42.965145432626144 46.53434010082404 49.57221652138558 51.54055516906092 52.61358939765718 53.082481741520425 53.07206231765535
52.19587483733093 52.01001183895493 51.837370294184524 51.68394813332796 51.554853077498876 51.45381280463821 51.382857746074876 51.34223682845038 51.330559090837454 51.34509574126744 51.38215025159144 51.4374110819374 51.50623047010065 51.5838088714217 51.665298190560684 51.74586154240508 51.82073714389944 51.885344990119975 51.93544850375713 51.96734705596522 51.97803977817944 51.9652754616387 51.92739312556088 51.86286572860374 51.7694849881297 51.643159208681425 51.47630634281655 51.25572985737794 50.95952172670097 50.55195678669799 49.97596248267493 49.15058317142334 48.004200419099796 46.587403344010085 45.21340888008973 44.40658158764432 44.59148166024924 45.838445744299236 47.84226730848415 50.001128429299115 51.70902308378885 52.74293238242297 53.19450611036285 53.1711278970282
52.21922113686775 52.03383731557525 51.860315925709784 51.70427569480519 51.57054948450796 51.46277334724611 51.383120503493714 51.33221997691876 51.309247913795716 51.312139177003736 51.33785177608314 51.382625460811596 51.442197380213074 51.511962042495696 51.58708521049401 51.6625993594737 51.733517487447635 51.794996916865486 51.84256353280349 51.87237456578124 51.881463918213846 51.86788762745774 51.830675819089954 51.769507853878 51.684065697717415 51.57309066733884 51.43326281723522 51.25810087601299 51.03704780616254 50.754672939579216 50.389875349799674 49.917017488318834 49.317283947953705 48.611218722176034 47.89804969346466 47.3526692962761 47.18271227953993 47.60100902152015 48.71666542118153 50.30013515378948 51.81299171569893 52.840253365490476 53.312098893908185 53.30975820672747
52.2614820248365 52.07638569388068 51.90100216308363 51.74054234785963 51.59960974742896 51.48186676434108 51.389805749624585 51.324648862544876 51.2863661388002 51.27377674599071 51.28469213698773 51.31606833854643 51.36414904156034 51.424594999697305 51.49260726021131 51.563062356796394 51.63068417233547 51.690274234704546 51.73700615891522 51.76676302371616 51.77646585555389 51.76431567994162 51.7298590488969 51.67379655752683 51.59749598671577 51.502254514316995 51.38847314394567 51.255021459745095 51.09907954106671 50.91651056319159 50.702427457852075 50.451810049816025 50.16150027259971 49.83497447096513 49.48613939610941 49.14348542351294 48.88707338070664 48.91379774292305 49.46972630537871 50.573518781127156 51.8663112756384 52.88497089394062 53.41183556217417 53.46622305102758
52.3207194485979 52.13570244070288 51.957579093024634 51.79113806006369 51.64079134472962 51.51031444127583 51.402646163965706 51.319759966593814 51.26259955138336 51.231060717495026 51.22400225004095 51.23927742732912 51.27378744233908 51.32356418325755 51.3838926157902 51.44948464150636 51.51471662506925 51.57393843061687 51.62184953562233 51.653917852209744 51.66679303945069 51.65864381918678 51.62933532692183 51.58036832569904 51.51453993834302 51.43536361978781 51.34639455328235 51.25069801641662 51.15067479972417 51.04822152949497 50.944845227521974 50.84130069733187 50.736701603111776 50.62646437878604 50.49729459366292 50.327185207593104 50.12275956481139 50.00073908637761 50.19606618449335 50.87102904409851 51.88564563341108 52.85367481912465 53.45465350059083 53.60396014107863
52.39428822701847 52.20922398864223 52.02772916654482 51.85416095192606 51.69275757243196 51.54744930012814 51.4216864526187 51.318285258034635 51.23928586747735 51.185816847708665 51.15796808609551 51.154685505801524 51.17371038068455 51.21158889595995 51.26377325653794 51.32482646235529 51.388731618821616 51.449294870388584 51.5006193239704 51.537615658858435 51.556502459930556 51.55523472778343 51.533785864312634 51.4942076491464 51.44041940717463 51.37773970174939 51.31225745991602 51.25019711452793 51.19739349046697 51.15883041305409 51.138049166195586 51.13633884573656 51.15171990928974 51.17672455800236 51.192850064041075 51.16609752749829 51.06619834664647 50.92966405622773 50.914360421469155 51.224449511313644 51.906145486912436 52.739155435961834 53.39268528232972 53.66740571851597
52.47933768131603 52.29429635215032 52.10917955280795 51.92790132846912 51.754517231596985 51.59310458406643 51.44762490039291 51.3217583471563 51.21870144883347 51.140927155236604 51.08992076245647 51.06592274041844 51.06772439623528 51.09256803373344 51.136195498747526 51.19306777482411 51.2567490140569 51.32042057593392 51.377473724881774 51.422126589844034 51.450014857762916 51.45870471590699 51.448066270020554 51.42043637391952 51.38051043885837 51.334944003703356 51.291703754000025 51.25924676447418 51.24559034393419 51.25728975432378 51.2983910559229 51.36961534494572 51.46789964307039 51.585198909425124 51.704167353254014 51.791809410333435 51.804035005740026 51.72236315650224 51.615834516227 51.65251598530737 51.98322438754743 52.5756159211794 53.196904979574015 53.58819535993733
52.57330268914862 52.38866381755769 52.20016703773492 52.01126418266606 51.8257923842934 51.64792301592938 51.48206905534727 51.33272936977221 51.204252645498286 51.100515761411025 51.02453195823388 50.97803099462329 50.96108031119577 50.97183270870861 51.006480835768954 51.05946591151015 51.123934067179356 51.192378900205625 51.25737795464341 51.31233506206435 51.352166626409456 51.373890272865054 51.37707118920791 51.364063321894804 51.339974673019306 51.31230620248996 51.29025602233015 51.283720734464985 51.302053980760576 51.35269939529744 51.43996305432428 51.56432752268919 51.722387170337825 51.90633199045935 52.100853107178935 52.27702617662159 52.389383842963355 52.39153615145609 52.282507051649866 52.1563813472647 52.17755928516343 52.45152824283949 52.90644581522995 53.32855018345754
52.67429175920555 52.490838061901734 52.29977250261108 52.10405648650273 51.90725063133751 51.71353204463315 51.527658276579004 51.35484534518092 51.20052946895689 51.06999404539363 50.96786816298261 50.89754088221527 50.8605804101668 50.85628362046636 50.881487199165946 50.93073009987118 50.9967723659826 51.07138115460265 51.14623819082457 51.21383055684369 51.26824047361074 51.30580045354215 51.325590775620576 51.32973096072022 51.323390258687006 51.3144439571953 51.31273627780231 51.32896356839507 51.373262504452065 51.45370203180044 51.57503068226167 51.73806355026722 51.93969073060445 52.17259078420879 52.42305682094409 52.66611330771448 52.860323747382765 52.95099069722147 52.89610281553344 52.71663074492513 52.52781486771148 52.48508518426544 52.65925600310099 52.962627015719654
52.781319191512985 52.6002997041882 52.408082566840484 52.20710215983879 52.00056923239408 51.79255571968182 51.58802541708234 51.3927681694686 51.21319147196771 51.055930484243184 50.927262871484245 50.83236363903091 50.774502702023604 50.75435339982776 50.769607582473675 50.81504845554687 50.88311349052981 50.96483351613136 51.050937709810206 51.132918643561624 51.20393670756194 51.25953405489568 51.298160978889584 51.32148934089897 51.33444371367475 51.34486667601843 51.362764795497554 51.39914817203473 51.46457336942611 51.56762621349782 51.71369258048652 51.90431604966437 52.13706588549404 52.40523286620845 52.696306074126596 52.98851044437279 53.246008711528894 53.41678192160468 53.443358260875314 53.297544868019166 53.02718951187152 52.76281518607179 52.64295961107673 52.707498286725986
