_RESULTS/CROSS_VALIDATION_POSTPROCESSED/MHZ/TZ/3comp/2/MHZ_TZ_z_250_kriged_reverse_3comp_spherical_2.asc
ncols 100
nrows 81
xllcorner 5.5967107548124995
yllcorner 50.982328804812504
cellsize 0.00017565037499993607
nodata_value 1.7014100000000001E+038
[rows 40 to 59 of 81, columns 0 to 42 of 100]
24.785787206024857 24.46391599305188 24.115295284413005 23.745203471283958 23.362055895480022 22.99954201425491 22.684903821186097 22.441803329435622 22.306220742436803 22.318596916881724 22.495039793577007 22.80882241065407 23.211213115838586 23.652686724238198 24.080844869740638 24.476260221142113 24.823920254559233 25.124655830410397 25.41329514106839 25.767944967125327 26.184046907124088 26.65178009957259 27.162714021466655 27.70933469029898 28.28428126560812 28.879474683645167 29.486009087279125 30.122183020054198 30.787875065613292 31.461276671759457 32.10593204813764 32.67515012676092 33.142556533573305 33.468631051602536 33.58590147261309 33.46427227282812 33.119618884021875 32.60707833115807 31.98265677040147 31.290669674821757 30.56689056424914 29.842433076605406 29.147395545609296
24.801027099679278 24.464452661220292 24.09559544199675 23.698372501401643 23.2892322914767 22.901562753378307 22.547774823969384 22.250588607028863 22.05836246335774 22.05434442107277 22.287158201804964 22.691464048610165 23.178235485653524 23.694968345083996 24.198783421315408 24.65956911741557 25.07220167741225 25.44218155993751 25.777106463015713 26.156998205931558 26.58741007233588 27.05929990786314 27.5651393983179 28.09803522183225 28.65076660495644 29.214903519982975 29.779952799046928 30.356632399700512 30.95021625780331 31.537809616194917 32.068284964455614 32.51278573921874 32.8485195991608 33.047112128923054 33.07536546137925 32.91239082863086 32.564914307254504 32.06140404926684 31.440723334629112 30.742462538228043 30.003942845447675 29.26021347503796 28.559100043354103
24.84419987456618 24.500063531233994 24.11912049125205 23.70543013425472 23.289933265906917 22.886790401924415 22.501182629700995 22.144679866400153 21.854750205327456 21.787121942761 22.130012026400394 22.66363197914346 23.241428308399907 23.82240709156635 24.388615319930096 24.910670406903783 25.383627234611033 25.814864007020667 26.19121510008902 26.581373250846717 27.010337381356724 27.470173642512346 27.954830343876935 28.45867092930851 28.974867991362895 29.494871597635196 30.007736282099867 30.520349463775453 31.041696446046224 31.539256978463044 31.963014071288757 32.293778310272984 32.51226244752778 32.59830065040189 32.536378081250994 32.3182459022492 31.940432562596143 31.420088859837907 30.785231728683666 30.069528196001222 29.309036481216882 28.548963459316763 27.845199066458655
24.914753834596016 24.57145618968041 24.188636337597778 23.77812055850736 23.371634458957917 22.97256687193336 22.5828143392227 22.204443486451016 21.83933750549353 21.53339962981212 22.162266699085276 22.797563600784958 23.431253637613068 24.054328934281514 24.656114844660152 25.224416869779336 25.752492603875552 26.234151045886794 26.650941624311148 27.03662862911645 27.447636019205458 27.87841401244147 28.325200220180275 28.784382920291275 29.250782020979933 29.716677760505778 30.171361371411937 30.62025586725905 31.07311839095103 31.482858721984066 31.811270941803983 32.040518540703026 32.15343167695232 32.13559645586952 31.978763312026604 31.69365635576345 31.266982459344927 30.709847498882315 30.043835444742385 29.297531280685547 28.510186784584963 27.737395635384164 27.0246141956701
25.00913468014853 24.67550712467206 24.301891679939768 23.913350237203048 23.532015299115194 23.16106814567675 22.806532490010177 22.480994136467665 22.222946770145995 22.18876909752508 22.567040322870145 23.139947777611553 23.761541664794127 24.390342049779846 25.005819602398265 25.594545501755366 26.162981061898627 26.68511399710038 27.136186136291997 27.513926312388026 27.89002699828996 28.274532463581853 28.667633667100535 29.068914517240817 29.475192359230352 29.87979299377751 30.272480183610963 30.660024522061086 31.04799733105305 31.380365842647954 31.627281396612865 31.767938857129195 31.784638369683766 31.667440184040903 31.414866374805168 31.049437932099934 30.561284092060266 29.95347162714475 29.243367065308785 28.460746217115556 27.651447726093615 26.85723985461494 26.125042685262063
25.12214500605164 24.805675571144228 24.45364122222785 24.099412653388463 23.756716927792056 23.43281480319771 23.140665507747933 22.905039265181994 22.776276666276896 22.839233993530975 23.143946161927282 23.62659228540222 24.198865573385575 24.807019808785018 25.419275563465675 26.01876584766257 26.605554897626966 27.154600800721074 27.632097889681862 28.00797886131809 28.3314629714715 28.65177623644501 28.97557082615924 29.306628752749592 29.643801648053103 29.98127025917529 30.309278250681555 30.638981010418302 30.967419057676977 31.236778792935777 31.41939355016725 31.48661166405084 31.414671620536545 31.19881360652508 30.849983816567452 30.394713042289297 29.837915971352004 29.172109120180806 28.41942661278048 27.609791433433635 26.773900644055143 25.949700190209906 25.184602887122004
25.250679294034406 24.957417489871567 24.637128418896594 24.324175987344805 24.028229914724733 23.75997727530901 23.53651706728361 23.384355690258612 23.342221211530592 23.453015146797334 23.734970262719678 24.160813076727518 24.68134677773254 25.256369752831652 25.854917844843566 26.46105574953987 27.067372710632796 27.636959343269808 28.12753857760702 28.50087859332376 28.76363890694765 29.000100633652327 29.23927755489129 29.489319473459126 29.750074344857346 30.015698620253612 30.277217920685207 30.551918888516216 30.82695849253812 31.048133685955403 31.188641845227515 31.204292156345865 31.048364405984774 30.728552673006664 30.281647339288938 29.735561975634457 29.111284869975062 28.4012005033231 27.619655038814162 26.78589176795422 25.92468145241066 25.067457245536566 24.25661790687173
25.384610913539703 25.118910114361693 24.837283840412073 24.56972997470747 24.323387950905232 24.110597170081245 23.949411897562157 23.86299437004324 23.874301671644194 23.999035724081132 24.250712895498314 24.621531470718512 25.0884783794298 25.624540476977586 26.204115191108652 26.81559703572348 27.44926098771933 28.06021017404334 28.582308612886752 28.947937717241594 29.162735973233932 29.30254026957843 29.444535800224248 29.606175978891365 29.785883500276057 29.976274403084584 30.170439101237445 30.390401263417253 30.61476057205614 30.796464366243114 30.918121405742827 30.925333092399626 30.67847814567552 30.238828108420503 29.699479060286542 29.08471497676465 28.415577515522255 27.67661953591427 26.876335521158246 26.02950950337114 25.15492523569075 24.275353247193287 23.419905311455402
25.512956198229908 25.275558691424987 25.037822881734417 24.817943563936176 24.62039612786086 24.458539996687918 24.344616031791848 24.282292756246807 24.295530926950175 24.40567049152248 24.62398205278419 24.948971527785453 25.368859260192377 25.866597114941275 26.423510770839314 27.034264314491494 27.69504969892852 28.366594864462698 28.95616504821931 29.297063804101107 29.43696886347412 29.50224146911874 29.564252712043587 29.64645064032842 29.743376360936086 29.85689611140118 29.98427541775423 30.14674001804969 30.31645205365437 30.45004181259389 30.54000849644934 30.576012613221753 30.224511467970817 29.698551644473326 29.111132761057068 28.46569688589455 27.77105034539887 27.019801930644793 26.217547554386446 25.376615272398535 24.512168735829086 23.641229775819074 22.78164863521226
25.63134064879664 25.413187047794306 25.22967993359459 25.05725853099844 24.904249025246088 24.76646612197671 24.65189424263375 24.583867337390547 24.584227368700954 24.67038570312933 24.85273243888225 25.13333295283064 25.506860820327404 25.96296322615512 26.488524108168647 27.08207936684061 27.748320076148936 28.467567526360526 29.209089234829893 29.46554644946709 29.505880706945835 29.539222818871185 29.558766031621666 29.59054538680071 29.634295975798274 29.672386909911424 29.733396853862327 29.8335978282057 29.942327005835327 30.0113446571133 30.021131105981745 29.91717629845668 29.597473826445174 29.104776124580816 28.523551012501986 27.883436062416646 27.19315686981128 26.449653213567125 25.665488576610112 24.853297347098074 24.028469203440512 23.209360955749187 22.419368307596482
25.768350141133872 25.576711018363284 25.42265024003976 25.282691600363194 25.133233101105024 24.983727045778 24.855487119048522 24.76960985429126 24.745432229062548 24.798675296001818 24.939667126021682 25.17268974665459 25.496230258888314 25.903916983482045 26.38552251201557 26.937671334068273 27.564777872453224 28.235470396088203 28.859259854178138 29.18343816753775 29.296797238420208 29.364626524656057 29.408729433685593 29.425630758163013 29.435658903252122 29.440649927384545 29.45255776780208 29.488824693602833 29.53405678794792 29.53366614146504 29.4630930229117 29.284260324304523 28.96221758864568 28.508067764077826 27.961458907674476 27.353821475032337 26.69842874491169 25.982635255367505 25.235536561689226 24.47312188939092 23.713541427677427 22.980231361126727 22.307058003269542
25.92380552957252 25.765205937439738 25.61527014368726 25.45706378008073 25.28456147744767 25.112698082740888 24.959946318883315 24.84524328864394 24.786207724656624 24.797650116930583 24.890342337965585 25.070195821153252 25.338004195890328 25.689618171788194 26.11573044398557 26.607329439450762 27.16425570665364 27.743036076657802 28.262997530841673 28.63016476490346 28.852068364321077 28.994369131412366 29.089886101840417 29.145039715078596 29.155520117200123 29.14506809581834 29.14377955283965 29.13388524259285 29.11660440604208 29.05259473136621 28.920181344531414 28.69853360310024 28.3735938509519 27.950541979566317 27.449960670104996 26.895038372051992 26.295301884343047 25.632624133028404 24.937129411897256 24.239519626033804 23.560654846307905 22.92733600756107 22.376169500954678
26.063788657488534 25.930077211388365 25.759441467793014 25.566961012982304 25.36255751661818 25.15876292332396 24.971576084001775 24.818066460296752 24.714642334951964 24.67570646739624 24.712567404439184 24.83258880935974 25.038521800761238 25.327842037571745 25.69183166752277 26.1167283679188 26.60043922143118 27.106421729279635 27.57960957125717 27.966556236889435 28.25660346606091 28.47001285811291 28.624895908269472 28.727731563892384 28.780492935334827 28.798967396046994 28.78352590464003 28.747253780129746 28.677890875894647 28.55889213195114 28.381573190204417 28.134900851554324 27.813278927692238 27.421158273635893 26.97210509995581 26.483997384585788 25.95980891520665 25.383787166451693 24.77052423057044 24.15111155461453 23.5585766182983 23.02525703267507 22.58462974536478
26.178241339074187 26.04369955820824 25.84279172398476 25.613475083755265 25.371269803843884 25.127877901895474 24.897729570544502 24.696542091517557 24.539951674863573 24.44234973634243 24.415871641646078 24.469458376183667 24.60789046017531 24.830683324114332 25.130773358556546 25.49323458786741 25.913193236631272 26.3685083634616 26.818101473613627 27.21987181721626 27.556868093530163 27.829241463108552 28.04126700933574 28.18764922450901 28.2806664273346 28.333686091773274 28.345423084123322 28.312004770011896 28.228022054175433 28.072320040643895 27.86470465438541 27.60601152915288 27.29523454036225 26.937357525367116 26.543175450978314 26.127339150796686 25.6823773206104 25.199315395196876 24.693021703750954 24.18076027369019 23.694209548609564 23.259916524274825 22.903953605886993
26.252349738368114 26.097747521578214 25.869002381718754 25.60052404587086 25.3162065298765 25.027266587366753 24.747130086769136 24.490604869614607 24.272918091248275 24.10879582454449 24.011572915706292 23.992228635686814 24.058214613747268 24.211996728054665 24.449410500690043 24.758229334411833 25.126746081829353 25.54767612678342 25.985952757267334 26.40282994663052 26.777845598083054 27.099347221970817 27.346128379136182 27.526799937746738 27.66117727773142 27.75070044086916 27.794680677586065 27.790485073401967 27.733632955395876 27.601441193883936 27.385345498367457 27.12676696245206 26.83415259253686 26.51536922656875 26.180038174110585 25.839201749172275 25.47477888992645 25.08697168345952 24.689144629285856 24.291325199783557 23.904923018571832 23.551896369558637 23.25066044085645
26.27045864586744 26.09642671102929 25.84360816413001 25.53466435213511 25.205042326094997 24.866091311862366 24.530445951529465 24.212240061816885 23.926507843809635 23.688559909160272 23.513310661110744 23.414407103996517 23.40294453633899 23.485631872775766 23.662579871279984 23.925389937034257 24.25827937904429 24.65777017236125 25.093388684467566 25.528356087595444 25.935479654965437 26.276566684615606 26.550723461608584 26.77433875577394 26.948777157801935 27.074672719127797 27.151731334308653 27.1785160161352 27.152388790419486 27.065881596425452 26.88364212684219 26.655869090446828 26.404437336076718 26.138786856198536 25.869811753747296 25.601650651113978 25.31227920884352 25.00706971958756 24.69521909517477 24.38632428011161 24.09054621743458 23.81856621565182 23.58378263226076
26.23635066477124 26.044472483347224 25.769652868845604 25.424466978078552 25.047571967307157 24.655690269584355 24.26066440150705 23.87597566516186 23.516475802796034 23.198117828404534 22.937644031298206 22.75201224729902 22.657170247081606 22.665782116328025 22.783947311597434 23.007916081774376 23.322635361730686 23.71232547794565 24.15383415469657 24.60868623863543 25.022875201552964 25.3839769021017 25.697415408597163 25.96028321106434 26.171722943348886 26.331763204376767 26.44052998296791 26.49777660903569 26.502629597270293 26.45349831363719 26.32858593269495 26.13703275398871 25.93348627764215 25.727797076272026 25.530111216879874 25.32977497727998 25.11322362953766 24.887508824282186 24.65989889511325 24.437948233832017 24.229506143502245 24.04253077625386 23.88458804195353
26.154273804852863 25.946965435628012 25.652556597834455 25.27990858371874 24.855351851362233 24.40943032444546 23.95313003236076 23.499115075926714 23.06181916540409 22.65758302861522 22.304884049846983 22.024402848166662 21.838276633436465 21.767518676906544 21.826939263090107 22.01885534426093 22.329395222042088 22.72704632010532 23.18391527068017 23.641890727193392 24.074242202833155 24.46988678563854 24.818943487689495 25.116282024616783 25.359918041115737 25.54970740400607 25.686412781840467 25.771075001924025 25.80459137225618 25.78742282478787 25.71692512974367 25.574068325417578 25.422267350148513 25.280159549683773 25.15269782451068 25.017643847420345 24.87452746012517 24.728303216083507 24.584072663198786 24.447171506664407 24.323133435102566 24.217469282321485 24.1352254906152
26.032182765866956 25.809085668233028 25.498521288057262 25.105240625580716 24.64116339569554 24.142254471183698 23.62522475907938 23.101621845071094 22.58497822229444 22.091346641116527 21.64022094899235 21.255723697298194 20.96727057176924 20.807615706832618 20.8053212050176 20.972039498139576 21.29252658219791 21.72068492029478 22.195020245134668 22.677420153226596 23.142187092510426 23.5702271183564 23.950008226713308 24.275547394707864 24.544644422220344 24.757534532904703 24.91592891757164 25.022335341437547 25.079535576772123 25.09011587608968 25.055990992252543 24.971465424619147 24.87457845449495 24.799458152838348 24.734417921789838 24.666237425967953 24.597687422910337 24.531363779343284 24.470006691631347 24.41665928540704 24.374636778842405 24.347305103605432 24.337691110027073
25.90475744227855 25.652154865565315 25.317130456719656 24.90451766962553 24.417087739125513 23.869946581265854 23.295658315989957 22.705547221004878 22.11160819728643 21.528516319419662 20.975176032598682 20.47739563152584 20.071498507499534 19.80609134111355 19.733461777964997 19.88300509734096 20.234871594291693 20.723080499731793 21.24908486396583 21.769028824817475 22.266742061922436 22.723054150373937 23.12667211956823 23.47211478913823 23.757827590242663 23.984923068654815 24.156339796869773 24.276240353509998 24.349482699669487 24.38102027565019 24.375145424707085 24.334608473146346 24.294871358308455 24.282019160259864 24.276344210720772 24.27737000400941 24.285236719084974 24.299834963388676 24.32135415196381 24.35052928725297 24.38861217036813 24.437132275594468 24.497519561585055
