_RESULTS/REVERSE_NEW/Berg/IZ/7comp/Berg_IZ_z_0_kriged_reverse_7comp_test.asc
ncols 100
nrows 90
xllcorner 5.6208707817415728
yllcorner 50.959635321741573
cellsize 0.00013419651685393446
nodata_value 1.7014100000000001E+038
[rows 18 to 35 of 90, columns 0 to 40 of 100]
0.007959728536837907 0.008184407047087965 0.008491039154796024 0.008900467271280764 0.00943551427083421 0.010119517929357669 0.01097353646330069 0.012011616031361737 0.01323368808272549 0.01461638048432423 0.016103485621501445 0.017599823110725648 0.018973738368894353 0.020072702723737384 0.020752030016574236 0.02090956960718715 0.02051353740848357 0.019611314927290003 0.01831515691365563 0.016771524070529654 0.015127155253717899 0.013503657872367944 0.011985820405002371 0.010622160099083351 0.00943277108360268 0.008419484784143077 0.00757505873942912 0.006889994755858294 0.006356913112679555 0.005973107912839194 0.0057421612806510935 0.00567547033180571 0.005794334742284196 0.006132892767327338 0.00674162231580595 0.007690153136360457 0.009066493884778587 0.01096744523816806 0.013473006703745185 0.0165991898407461 0.020233842701767195
0.008061577009645953 0.008337055231331927 0.00871584817666875 0.009226412502610415 0.009901411013525234 0.010776448026916388 0.0118869201135388 0.013261788710537632 0.01491311253701581 0.01682108865700644 0.018916724628282814 0.021068085022652484 0.023079702250519307 0.024714641402666566 0.025741351252708464 0.025993755359940748 0.02542101836913718 0.024103555125179338 0.022227177419684635 0.020028340098305886 0.017735577299402956 0.015528575607370637 0.013522725587344775 0.011774375739133076 0.010296696907056674 0.009077315411147521 0.008092779417033869 0.007318407749996672 0.006734069703128129 0.006327187197436407 0.006094297444619082 0.006042270574811626 0.006189917352162483 0.006570261460731419 0.007233089972745913 0.00824633345199685 0.009693152016905878 0.011659462798541385 0.014205327630769501 0.017316367220447933 0.020842525364218153
0.008166835808066777 0.008496212735898035 0.008952657367499818 0.009573920952775202 0.010405209119212333 0.011498549065630002 0.012909682445360756 0.014690422606686904 0.016874063685578464 0.01945237453893555 0.02234625756328367 0.025378888871286715 0.028267786769197552 0.030654172955407195 0.03217653844729131 0.032570746648300834 0.03175565532818882 0.029861526129252837 0.027185586627238693 0.024098106353410306 0.020944772897987077 0.017983095482329695 0.015363998247815711 0.013146959287137217 0.011329476217424412 0.009876046402688677 0.008739790710952385 0.007875814208463446 0.007248176482699534 0.006832917992805694 0.006619189325957411 0.006609897406472774 0.006822670034569379 0.0072913174687797185 0.008067167793302488 0.009218444066645468 0.010824107481335643 0.012956711800431517 0.015648472910759804 0.018839348492688923 0.022318942619272898
0.008270223775970812 0.008653992396841927 0.00918992219210614 0.009926442225606565 0.010923726965325639 0.01225425145601742 0.014000350638762387 0.016245564236026584 0.019055471379788663 0.022444370154954665 0.02632904006667107 0.03048181191018016 0.0345093047863914 0.03788903976847531 0.040079119383519594 0.04067546185087127 0.03955071973861824 0.036903138878157035 0.033186219607785984 0.028956580959965703 0.024718278688657214 0.02082758759687355 0.017473711821894364 0.014711322879789435 0.012510877956648122 0.010803399833340652 0.009511007804728541 0.008563907024893597 0.00790800804953598 0.007507350939537265 0.007344327359768247 0.00741947282593313 0.007751625533526623 0.008378387119363905 0.009355799772161524 0.01075471941395343 0.01264953584899067 0.015093486385270334 0.01807612027379068 0.021466117725530635 0.02495874567285182
0.008365952258175283 0.00880140126439469 0.009413886125902483 0.01026321567078029 0.011426043617118674 0.012998170520924033 0.015093493477831552 0.017834997386538074 0.02133098677051166 0.025629673542335744 0.030651550859628503 0.03611572285893929 0.04149969622213177 0.046083094080124926 0.049100458708318986 0.04996807479663234 0.0484914773243271 0.04494696052514061 0.03998392252852081 0.03439643157992696 0.02888740263129947 0.023930796811980105 0.019754175974291546 0.016397596748695623 0.013792685059038358 0.01182744510000412 0.010386904488706845 0.009373404141185558 0.008714102432080728 0.008362127165383504 0.008295471336278627 0.008515729127795437 0.009047323410118383 0.00993667250177678 0.011249369195174231 0.013061655655223929 0.015440604936272799 0.018407039480722486 0.021879618721111594 0.025611424229607563 0.029150944837273318
0.008448617960297495 0.008929608603556774 0.009610353780841076 0.010561687552489964 0.011876650923336774 0.013674893728620314 0.016103553253190794 0.019328496981478663 0.02350618869589309 0.02872528653481897 0.03491514710820541 0.04174261693427522 0.048552647383287094 0.05442135595217484 0.0583505687619324 0.05955792566857228 0.057755427683082845 0.05328267630479237 0.04699774177003319 0.03996414401190234 0.033112671858691586 0.02704773620623231 0.02203348354332118 0.018087156842879763 0.015093436063686773 0.01289207923491174 0.011328970837663252 0.01027905544973823 0.009653034682860396 0.009396837754450878 0.009489074653997268 0.00993876779548353 0.010783635152002964 0.01208747839782352 0.013933244595603245 0.016405966454414046 0.01955807043396485 0.023351510644290835 0.027581735227406857 0.03181059966802633 0.03536136901787835
0.00851434723338509 0.009031649793852639 0.009767241580989017 0.010801341207245928 0.012241192041206975 0.014227483015847258 0.016937146961184195 0.020574925315854205 0.025340953356631484 0.0313595525189923 0.03856531125483777 0.04657610129121083 0.05462578511695569 0.06163283355965684 0.06641819867148908 0.06801960438675932 0.06602336257080844 0.06077871382542401 0.05331833530173431 0.04496910601293273 0.03689398615910737 0.029829074258985212 0.02407265288039086 0.01961698281377448 0.016300151020653287 0.01391650807349902 0.012277246765872147 0.011235288830017483 0.01069096976759994 0.010590050351667572 0.010920216225440557 0.011708350331800028 0.013018113546506397 0.014944798944628695 0.017601325567649758 0.02108591753572939 0.025421049936102967 0.03046058352256439 0.03578503137533338 0.04064295786203503 0.04402563716305611
0.008562033977164743 0.009104319070119193 0.009877526055210185 0.01096837654978893 0.012494007365298807 0.014609766515961856 0.017513137931102672 0.021434824372192823 0.02660172706449181 0.033154605582922686 0.0410190456908751 0.04977210229766437 0.05859006271591266 0.06633617035141871 0.07176050658803382 0.07377381720970652 0.07180577705690716 0.06613531181184412 0.057892192822632256 0.04861269148400832 0.039658183599138926 0.03187839795641871 0.025601586823750723 0.020801273370499848 0.017280595570193697 0.014801402393597576 0.013152209405482685 0.0121745947728949 0.011768464361222124 0.011889712496111685 0.01254708793404332 0.013800273979004213 0.015757461486312685 0.018566639289358294 0.02238965812482373 0.027343186791556805 0.033391886693148604 0.040198214803420326 0.046980981412434494 0.052498603872895996 0.05529171669193074
0.008594451114845305 0.00914988086798801 0.009941958221887846 0.011060153923239552 0.012625627585699078 0.014799274464355973 0.017785311844678887 0.021820412700194344 0.02713186920315524 0.03384841100517315 0.04187022559179908 0.050754830210265944 0.0597009672264381 0.06764133887771027 0.0733720359576964 0.0757378644981838 0.07400676232112469 0.06833191807549699 0.05985376919879173 0.05022155065425632 0.0409148331940692 0.03285182458053247 0.02638080851441452 0.021469102886143954 0.017906166170006697 0.01544272588207629 0.013862706956406845 0.013010968685037568 0.012799488557855619 0.013206585110330857 0.014276254839666458 0.016119085269868008 0.01891108732575159 0.022880202131267287 0.028261398285299128 0.03519369454391466 0.043538733157290704 0.05264328803609988 0.06116116061813499 0.06714888028041138 0.06861779893832062
0.008619015350320945 0.009177218149221197 0.009970860449785644 0.011088145016644506 0.012647860877051543 0.014806378679848046 0.017759273409214647 0.02172723160478356 0.02691058618771103 0.03340122084717001 0.041069940813953966 0.049492528547988385 0.05796852646128359 0.06558494767165028 0.07124690834539506 0.07378519763311667 0.07235846768192312 0.06701293463323592 0.05884083448332539 0.04948327097398712 0.040418927068247554 0.032564191815858304 0.026268913874944073 0.021507375246677233 0.018080035063968044 0.015751022047018393 0.014319745307376968 0.013649810392175561 0.013677710968156223 0.01441580937020705 0.015956554916137306 0.018478616447470477 0.022248571280967203 0.027601264536707186 0.034867264486352086 0.04420444218419047 0.055307273544827014 0.06705273400379207 0.07730755587573883 0.08325250247216913 0.08241390463721024
0.008648064095737058 0.009202176353114749 0.009984563371712914 0.011078534188374843 0.012594752887723522 0.014676098944806931 0.017496205882345184 0.021242030564598335 0.02606817420460435 0.032019990505284604 0.03895272267770555 0.04649983694395144 0.05410033071332768 0.061005072213889455 0.06623090072095941 0.06864914706610581 0.06742143873956652 0.06257073924974581 0.055112061690453754 0.04655736543210949 0.03825771661611565 0.031051312211329327 0.02526621354905938 0.02089214036406571 0.017760861161673833 0.015670657528230048 0.01445326569696486 0.014003470022920985 0.014291416117528908 0.015371009196977339 0.017390858663933608 0.020607458605669107 0.025390857183441203 0.032197232939001834 0.04146019474721466 0.05333697864854553 0.06728040951929641 0.08155814380216053 0.09310176661530584 0.09819618047713603 0.09410747460255417
0.008698642617002894 0.009247118200551916 0.010012514082878253 0.01107049217591535 0.012519337602352087 0.014482111672238826 0.017101909878847237 0.020522442643584615 0.0248468654466804 0.030079983039712935 0.036081771291485494 0.042561003753857476 0.04908227533689027 0.05501849282313248 0.05948555340816084 0.06146673143029058 0.060255244016735994 0.05593545792834888 0.0494224465205397 0.04200556810236222 0.03481539609194658 0.028555909620951163 0.023513299954846054 0.01969435161822498 0.01697264682390302 0.015192335007470865 0.014226984984712351 0.014008871260672894 0.014544985895576366 0.015931240452671767 0.018370503348979474 0.022192995271569427 0.027865533678127122 0.035954370621861936 0.046975235998136654 0.06104594548511528 0.07731866636052437 0.09340128446717604 0.10532959932981001 0.10870805905033826 0.10090417275866782
0.008791943810204076 0.009339969961730707 0.010091580454366325 0.01111307741828559 0.012487898068231843 0.014316056183949521 0.0167067815070849 0.019759271952902332 0.023529864259446743 0.027995202984966074 0.033031197331781295 0.038410663710141124 0.043780987847029156 0.048594219638533664 0.05207473142500408 0.05339254767563802 0.05205807551135799 0.04824810176970272 0.04275098145067223 0.036589206068630455 0.030638006554118986 0.02544581212887213 0.021245878738570312 0.018057870548358706 0.01579694718319821 0.014354358417131879 0.013646349667930591 0.013641837468594415 0.014381072223463331 0.015994500672084962 0.0187263679682549 0.02296027467967968 0.02922962309171793 0.03816908710489041 0.05032560975395535 0.06573068798971592 0.08322959703329899 0.09987204934539956 0.11107154783450783 0.11216342278324717 0.10097930795798639
0.008952626294106376 0.009513187538922942 0.010264343708798852 0.011262215056451712 0.012574400602719438 0.014277111845965883 0.016446290095107903 0.01914049219958348 0.022377799886324986 0.0261161439282932 0.030244928330009576 0.03457490548761497 0.03879796012389388 0.04243025037070655 0.044833953888490735 0.04541163906262962 0.04390380620349047 0.04055656463650703 0.03601398157114839 0.03103946637078337 0.026269824359911067 0.02210665784208696 0.018728421269951993 0.01616041570274206 0.014351377254690996 0.013232678954642788 0.012757018548119779 0.012923216925685014 0.013795760102655407 0.015526040979160154 0.01837852873024383 0.022757764001343356 0.029216499127824983 0.03839588380956991 0.05080901936418288 0.06636885687901235 0.08368317359765402 0.09949236421065899 0.10902053479416651 0.10779798217825337 0.09435308835809171
0.009208212428043035 0.009803022650067435 0.010578078511090536 0.011579021097386155 0.012857396382367884 0.014466046406839878 0.016449795578786664 0.018831664702712306 0.021598732107342658 0.02469367343333092 0.028009845827192275 0.031373455523038905 0.034504183199863106 0.03699155677279953 0.03835985735013912 0.038242736892605274 0.03656800435618267 0.033609251058290185 0.0298700727610055 0.02589683052195779 0.022132240986179684 0.01885565182950843 0.01619500977969945 0.014173898975919348 0.012763423862841124 0.011924021394962112 0.011634827316739154 0.011914708802057724 0.012840829384351288 0.014569677368190885 0.017362424686578923 0.021609420107555066 0.02783307793092498 0.036619624370187225 0.04839389724883868 0.06295030208402523 0.07878870280003379 0.0926551640045034 0.10002925852473958 0.09700584372811603 0.08284669729652756
0.00958862793303197 0.010249225932720549 0.011084699135214659 0.012129998680210283 0.013420329579953478 0.014985324272818977 0.01684018376246277 0.018975782483543084 0.021351923217314463 0.023895399970064016 0.026495159651271565 0.02898312087595694 0.031109434807125465 0.03255286498423533 0.033002637253399955 0.03228634965526429 0.030459073860980627 0.027789904746235466 0.024662893883394075 0.021459484271544586 0.018477188168881144 0.015900957979825176 0.013815426689961439 0.012236968048409937 0.011148454094758455 0.010528092750697118 0.010370979823835003 0.010706020302677295 0.011612121544724267 0.013236926668827378 0.015818744369760912 0.019705844194913103 0.025353066854595818 0.03325033148745054 0.04370839343768618 0.05643481935707297 0.06996565858739512 0.08132907271320644 0.08658676158263315 0.08258643687566118 0.06917456220412309
0.010125712560546224 0.010894939078617839 0.011841327911149483 0.012988628705829473 0.01435453282646153 0.015944003740508954 0.017741622225314713 0.019706082896864943 0.021769924217913676 0.023842093359890123 0.025804023749844997 0.027495688852667316 0.028710021051502027 0.02922566289991663 0.028881536223154227 0.02765156183461408 0.02566772709329143 0.02317881631094277 0.02047514491602384 0.017818980907657843 0.015403595917232614 0.013343770554367165 0.011688545488211317 0.01044400992801646 0.009596780642220505 0.009133657699734362 0.009057006811305529 0.009397727323808938 0.01022838615225776 0.011678532125320377 0.013951944464995255 0.017339917073280562 0.022212638672689904 0.028950305663388253 0.037754549209257866 0.04829402374638908 0.05925438633979717 0.06811387691553755 0.07166338682578134 0.06750208354913703 0.055815123230200145
0.010852245221067975 0.011786062561088285 0.012910420673287583 0.014236804219280088 0.01576264312944909 0.01746396950412756 0.01928980168373634 0.021162135734954585 0.022982763531944558 0.024640919926941222 0.026012919597744162 0.02695717420743417 0.027324680239907476 0.026998868892806557 0.025947664359983247 0.024251002547405115 0.022084284593075088 0.0196705196670276 0.01722801428884684 0.014933145736113361 0.012904427804287308 0.01120467906622264 0.009854140877760794 0.008847480405165952 0.008169919732710518 0.007810535358110382 0.0077729512608659 0.008084843755819589 0.008807974870587843 0.010049902306177482 0.01197657955732064 0.0148203755025707 0.01886846089296275 0.02440115620032294 0.031535950090649245 0.039948144878648055 0.048533358969955295 0.05526670788929724 0.05765105165689142 0.053907351468411 0.04432947462247201
