_RESULTS/REVERSE_NEW/Berg/IZ/7comp/Berg_IZ_z_180_kriged_reverse_7comp.asc
ncols 100
nrows 90
xllcorner 5.6208707817415728
yllcorner 50.959635321741573
cellsize 0.00013419651685393446
nodata_value 1.7014100000000001E+038
[rows 19 to 37 of 90, columns 43 to 85 of 100]
7.278050263816768 7.298252929805788 7.5458720202797895 7.9891476705560756 8.58387998274872 9.272430098987085 9.987459746050705 10.660842618610577 11.234770009607384 11.670690503599584 11.953093009530287 12.087704681524702 12.095729531518252 12.006604740573996 11.851482542571432 11.658713591121424 11.451575632931807 11.247780861217741 11.060031192264553 10.896958819217321 10.764013076633775 10.664100311684402 10.597974446693755 10.56448193271648 10.56079047116339 10.582700730684083 10.625083492042249 10.682425572863083 10.749423021511708 10.821538210834385 10.895440116056948 10.969269164328361 11.042700072993842 11.116806961313385 11.193754849638236 11.276347136347558 11.36745870636388 11.46939248328858 11.58321459511999 11.708140026039352 11.84105242815359 11.976251253655985 12.10552313568036
6.487235078060509 6.640307145393876 7.017742446669127 7.5915392470451675 8.318935226592947 9.139810104592556 9.980530347301027 10.764804863590015 11.427582278607042 11.926241352064952 12.245257620834902 12.39389178973317 12.399030647598059 12.29632383345052 12.122357968660525 11.909409750067056 11.683026119218907 11.461795358327619 11.258355276871468 11.080794719744338 10.933905423312373 10.820054785107077 10.73968576239038 10.691578735462324 10.67304163792734 10.680159808437702 10.708171085299897 10.751963302642105 10.806638943269624 10.868064086480974 10.933316902512956 11.000969532360106 11.071167058937178 11.145497638650163 11.226668572579186 11.318010220209858 11.42283221307299 11.543669015054911 11.68147623609359 11.834864698113124 11.999481147389858 12.167664670416537 12.328519653802827
6.039918079982068 6.309529270909335 6.80267184541269 7.493623142850907 8.338439944698163 9.271748371832025 10.211950339052695 11.07485393992525 11.790252029159477 12.314558493623036 12.635411943962438 12.768113444908193 12.74667508652583 12.613309753444229 12.409536597955078 12.170539107029096 11.922896250517262 11.68483368122849 11.467820645515184 11.278503223457147 11.120344603694317 10.994723073891285 10.901514606576166 10.839334523197868 10.805648042093395 10.796918777871191 10.808887863735647 10.836997195935922 10.876908880352303 10.92503827669258 10.979010393327526 11.037963330786162 11.102649407796864 11.175314425855117 11.259357867835234 11.3587867566146 11.477481945320624 11.618312953721025 11.782168712012117 11.967006923193942 12.16706004205624 12.372372358138286 12.568868034993466
5.921380281985224 6.299455261073955 6.902092931120578 7.702661779145611 8.651980819279178 9.67602682188696 10.68412938073792 11.585881566303183 12.309620290250383 12.815249960932867 13.097651050288162 13.181075443293846 13.108054674282737 12.927343923853169 12.684373711126678 12.415718499169488 12.147381281675349 11.895755941841635 11.669911794743058 11.474085886976832 11.309704588958835 11.176682390647729 11.074053039637178 11.000151060331657 10.952600477454107 10.92832161572029 10.92367997516988 10.93481005645121 10.958074776168024 10.990577506991075 11.030628839894623 11.078078399893947 11.134445513035212 11.202811875507107 11.287464200777334 11.393289178951642 11.524934156449161 11.685769187561041 11.876723172812596 12.095111999344645 12.333629007047293 12.579728433806093 12.815679107711212
6.123283065995356 6.609039006357295 7.319999473481385 8.223770170160162 9.260933067068345 10.346049795225284 11.38023400905263 12.270765735505789 12.949952348411745 13.386674119995028 13.587434747614399 13.588031626120822 13.440243260503006 13.198609201858869 12.910808788064124 12.612811367179678 12.328140284817502 12.06976224830466 11.843100607869877 11.649047084312569 11.486313086329096 11.352886839410857 11.246677373589788 11.165601186597938 11.107413154995356 11.069536270786744 11.04904967004503 11.042891065827472 11.048244641445253 11.063030398158427 11.086386613565526 11.119038428275308 11.163465408552357 11.223810396112635 11.3055004934941 11.414571703317865 11.55670646727692 11.736020193695724 11.953673665868825 12.20644249731693 12.485448234986107 12.775348833711167 13.054362851015163
6.646899388708291 7.243275564857631 8.060594023774067 9.054450025900874 10.150804853612593 11.252774136980332 12.257281792354064 13.075513936470928 13.65047213688869 13.965821514422025 14.04347661146178 13.932164374177397 13.692281024769159 13.382298087402205 13.049829885063351 12.727977104792906 12.435840530289825 12.181442533960029 11.965449695239407 11.784611443256471 11.634347104796301 11.510302491104664 11.408976621453156 11.327693911682916 11.264256987444929 11.216576568226749 11.182477075128212 11.159762194267858 11.146524784699556 11.141615776595723 11.14515012781649 11.15892093701586 11.186609147864871 11.233707225109807 11.307109571920083 11.414351816382045 11.562506746021732 11.756774687769969 11.998847224337538 12.285184628200865 12.605445337393961 12.941440468785052 13.267099535632362
7.49578557961636 8.20360795992039 9.11606781362745 10.170872684653661 11.278663952802507 12.33558522258289 13.241401881105455 13.91887810876714 14.328714404103696 14.474337040988205 14.395216116421125 14.152496834545031 13.812900463193884 13.435827045434722 13.065976236876745 12.731328005972959 12.444946253354438 12.208782044642753 12.01795852240944 11.86452531086761 11.740187065531977 11.637898365047398 11.552453315077845 11.480345992789488 11.419249837961532 11.367446141310568 11.323441444308017 11.285891763176787 11.253835491956902 11.227148664485918 11.207083816587101 11.196736522041421 11.2012969794431 11.227978933778784 11.285562071267616 11.383525273037705 11.530782284633645 11.73406128313224 11.996005704315623 12.313138707311056 12.67395756241153 13.0576054190914 13.43371689030908
8.659435074016347 9.469240377188449 10.446838759352392 11.510842850689349 12.562158821939578 13.498212590403257 14.230020762946305 14.6996929863597 14.89147381207043 14.831309831777457 14.575834155429806 14.195950178250023 13.761002328759767 13.327648966356428 12.934725189630914 12.603140963094614 12.338894423968293 12.137416496816979 11.988050850071943 11.877931017200059 11.794800670181678 11.728634589689445 11.67219471346262 11.620804091597254 11.57168649816072 11.523220905392693 11.474388678932405 11.424569403226986 11.373709265177588 11.322775574062806 11.27433848516347 11.23309148939759 11.206133600869643 11.202879202043558 11.234520502239787 11.313024916678655 11.449691946483583 11.653318130583243 11.928040690219566 12.270991736285922 12.670040857904668 13.102127569087141 13.532861152120399
10.091732867162753 10.974408845772304 11.962843365745869 12.963850846957122 13.878783829601826 14.615423543701478 15.104120784888908 15.312679814284033 15.252003488592889 14.970067756536446 14.537461904979132 14.03035283501837 13.51625801060925 13.045555804204811 12.648897824779695 12.33892812503993 12.11426191590581 11.964074070856165 11.872371049787576 11.82162569095039 11.795581295547818 11.780971291130085 11.768120919906385 11.750691112540784 11.724936161079553 11.68884241825922 11.641454882877762 11.582583901975903 11.512940043951343 11.434610393284979 11.351692944602695 11.270862210199947 11.201651223609286 11.156293124986858 11.14904806532163 11.195019870713166 11.308515306252904 11.501007450597875 11.77875948875375 12.140208671475767 12.573363787590663 13.05371976297249 13.543394516021579
11.692276009411895 12.594160463814436 13.520500534828535 14.379093698645743 15.08136577351018 15.553201185176095 15.750696798391603 15.670632267604786 15.349882762161608 14.85461159389532 14.263952149773479 13.65393522051984 13.085987412508986 12.601565717863004 12.2220328770932 11.95175153338292 11.782517281653465 11.698086951975824 11.678086006467623 11.701096711273172 11.747133475496687 11.799463695625366 11.845442409659244 11.876368245810005 11.88674773015642 11.87340201156234 11.834757946151111 11.77054203997942 11.681942443899947 11.572146145605485 11.447036205684064 11.315776777095495 11.191032419156125 11.088652400525435 11.026768857752343 11.024363845837044 11.09941025392078 11.266670401664662 11.53518308682372 11.905470449825211 12.366627527886793 12.893712704877816 13.446124506745258
13.304825727157581 14.15567610628411 14.945948318656896 15.59438067710118 16.028838902058066 16.199025920438917 16.089994232334146 15.72662754525454 15.167380400513295 14.490352267628534 13.776898562936598 13.097874172511407 12.505511732115405 12.031163764807264 11.687201047045951 11.470889549377787 11.368689148151203 11.360299703750156 11.422152415034926 11.530004457694147 11.660790379109395 11.794254793783027 11.91414291406152 12.008436766219514 12.068798481914786 12.089762782842442 12.068114678473098 12.002694946543683 11.894694677917137 11.748320625670623 11.57156857823698 11.37677753866441 11.180675652480694 11.00375751211484 10.869003416687796 10.800091209731825 10.819293342708452 10.945178676334198 11.190107573948401 11.557426725050556 12.038332821650053 12.608625909115476 13.22602186954335
14.747327744741373 15.480251545568901 16.078964919110252 16.47696758405328 16.622372468170614 16.491375642431212 16.0969228845696 15.487223758120141 14.735417914649132 13.924442702684066 13.132132243092002 12.420617240854801 11.831637113072846 11.38689276736926 11.091290890044403 10.937026974087528 10.907325954074894 10.979641367392471 11.128554908675996 11.328080425099786 11.552940212314233 11.77959264545816 11.987585823876604 12.160424108963907 12.28548236623296 12.353479151846788 12.358117304397389 12.296188593538677 12.168170750860895 11.979133194872462 11.739609189038237 11.466036430132451 11.180450110186458 10.909315823054722 10.681638122769506 10.526659595164913 10.471480338238198 10.538769072254606 10.744488264452995 11.095335217960638 11.585533375973995 12.192883261833078 12.87480142147705
15.867094506893098 16.436420927356604 16.817410150625932 16.95911124479151 16.831330073761023 16.435380969885674 15.80706304150263 15.01057893637118 14.126059706993535 13.234927127742349 12.407506298487707 11.695752184158101 11.131481160027278 10.728535186482791 10.486661955396157 10.395364237169783 10.436888177034504 10.588438108476737 10.82428502323874 11.117797288664748 11.442361319043583 11.771601878060434 12.080490930239748 12.346857818558734 12.552070030147602 12.68107527810172 12.722573320138626 12.6697020703193 12.52120058816767 12.282736767046773 11.96792236425882 11.598518794690392 11.203505829642177 10.817012985523473 10.475475849114446 10.214597998141812 10.066649019414351 10.058334058381806 10.209058213869403 10.52898459523257 11.016011546342119 11.651168528769126 12.393340478317237
16.587020515246937 16.974244442928818 17.14109018148741 17.052165481047886 16.697314462067624 16.097840499118774 15.30481918591505 14.390316961146542 13.434555755282835 12.512961748739773 11.686621037579036 10.99786839050264 10.47056078310935 10.113203340312408 9.922905266049172 9.888760996543779 9.994082667778555 10.217700099901876 10.535225523521664 10.920664065741489 11.346985747144199 11.785502081889183 12.206435511806148 12.58088058664461 12.88236627903757 13.087758209632366 13.178332094716941 13.141456048711003 12.972716336694901 12.677953520319186 12.274508707257784 11.79103603769314 11.26556137548082 10.74200084544378 10.265885697913069 9.88028661301628 9.622740241536084 9.523471058510346 9.604587665531886 9.879246670876835 10.349202434285788 10.999747857984882 11.793272631301893
16.91396790061735 17.125381313274897 17.105731375358822 16.834064903226178 16.31578741122818 15.584900324542975 14.699521162980785 13.73226037064175 12.758380987084733 11.845080382966616 11.04448334387503 10.391235191903133 9.903865185225712 9.588172454615643 9.440916046679037 9.45268016364052 9.609477359704067 9.89333054135618 10.282812936035299 10.754091614614527 11.280848253577588 11.832678225736586 12.375044918494558 12.871481115580263 13.285912508910277 13.584592378451546 13.738499309419524 13.726570349083858 13.539353061409209 13.182184980551009 12.676842390631515 12.060780591455643 11.383668318079032 10.70179373113103 10.071716422382664 9.544780697645919 9.163631333061243 8.961026124012111 8.960413117541249 9.176784300340241 9.61530939714867 10.266164825346525 11.097253637306963
16.914241907662312 16.976388827068043 16.814352274169227 16.41902566923786 15.805557276575552 15.013189656896394 14.099873080097838 13.133303286777261 12.180889710662068 11.301261763769284 10.539134763916428 9.92398001285904 9.471671208515078 9.18764090464816 9.07013625182243 9.112631053499115 9.305015235254386 9.633748131277043 10.081864735249127 10.629340416107311 11.251917888045943 11.91826009205856 12.589324268034014 13.220600327174548 13.764874014853515 14.175206605123739 14.409067020546553 14.433772372796962 14.232398505905413 13.808722245099542 13.189582739017169 12.423397294228284 11.574534524093231 10.714686150750685 9.913618456659565 9.231848307413124 8.716757068820911 8.402279808833931 8.311315543053222 8.458884907201773 8.852447724060337 9.48704483277508 10.337654387285742
16.6811435122095 16.635116080707917 16.383457208339355 15.925341045423885 15.280065010354019 14.485999206578754 13.595722070871851 12.66869353459567 11.763362026279832 10.930594043032869 10.209719861546764 9.62752182631948 9.199579625529346 8.932872380951943 8.828503397353938 8.883767534748785 9.093280323289246 9.44900639733294 9.939712567360115 10.550670432049765 11.26108373364139 12.03971233185153 12.843730183031186 13.620658163537938 14.31103862420059 14.85233469991504 15.18514917670559 15.261562111005688 15.054155811388469 14.563525510305409 13.8218651614734 12.890737093289298 11.852588992930944 10.79792131002143 9.812077104945962 8.965625406306325 8.310192158859657 7.879374593635237 7.693371582491896 7.7649818961625385 8.102230442885372 8.704234725666609 9.553726709280872
16.311699806338193 16.20560404708973 15.91820538150644 15.453182142741898 14.829511004762164 14.08050408365937 13.250264390885535 12.388435272568389 11.544466485673837 10.762640928116134 10.078801435103362 9.519160526983354 9.100956622109585 8.834248577416979 8.723992042486659 8.77196045696958 8.978346170116248 9.341510602480813 9.856694860525872 10.515657707888801 11.30228356152461 12.18662169866041 13.123436737708413 14.05314127055856 14.903621597780505 15.594825860957485 16.047320772487414 16.194160504932594 15.993902915095722 15.441599266850181 14.574335800016241 13.468536240083912 12.228088177242006 10.965943553086523 9.785548255281503 8.768400169692622 7.969884049334057 7.421861513686652 7.13979534638503 7.131920418192165 7.404749916884978 7.9599896987728975 8.787612964957205
15.893545398559903 15.774523540357126 15.500038327231438 15.07490809973644 14.514653894926127 13.84507694225235 13.100281031241634 12.31954153967555 11.543619916517104 10.811194515946216 10.156044834416189 9.605445653237613 9.17988792380001 8.893823058617356 8.756965576969575 8.776331679853435 8.958374836024285 9.307997800595839 9.827618958698094 10.516531392906248 11.363726742253858 12.341758807103478 13.40511901030631 14.488862928626403 15.508722589118404 16.36608652277395 16.958983418902015 17.197963580559094 17.023859689297932 16.423083928899235 15.435932948101819 14.154104609289977 12.705489863102065 11.229039669590883 9.849037469417606 8.658948256537471 7.717623804485331 7.054179079485672 6.677805748070517 6.590158844310789 6.794163787430631 7.292220684087801 8.079833135793194
