_RESULTS/REVERSE_NEW/Berg/IZ/7comp/Berg_IZ_z_250_kriged_reverse_7comp_test2.asc
ncols 100
nrows 90
xllcorner 5.6208707817415728
yllcorner 50.959635321741573
cellsize 0.00013419651685393446
nodata_value 1.7014100000000001E+038
[rows 60 to 79 of 90, columns 0 to 42 of 100]
18.064630341000072 18.221721643753135 18.41110269193739 18.64117626042044 18.91882067141563 19.247730078096286 19.626836263432597 20.049100534228273 20.50094958198805 20.96256196985037 21.409097017764132 21.81281084908385 22.145849317776502 22.38337172127023 22.50656841021791 22.505111116061105 22.378630428224714 22.136950110609202 21.79900462304996 21.39058846672384 20.94128746592556 20.481078715640447 20.037127993015545 19.631252248947746 19.278365051516257 18.986022607171947 18.754991013124695 18.58061218884751 18.454680336421667 18.367534084154123 18.310066196512924 18.275312519908844 18.25927062138533 18.26078466994063 18.28074432727444 18.321156528157417 18.38450473698618 18.473370011626443 18.590066409258448 18.73622155805937 18.912510093683984 19.118807953558594 19.35485851424007
17.826208276865344 17.971560302792362 18.152566837244933 18.377853218004912 18.65447701797215 18.986305236675037 19.37244744651003 19.80602194525678 20.273526940380858 20.75503327858558 21.22531141891962 21.655865595788544 22.017693491479836 22.284445995685907 22.435555799929922 22.458861038734266 22.352289518000532 22.124294923537928 21.792933812665062 21.383705233099327 20.92649300259599 20.45210383690242 19.98894851664459 19.560358038364022 19.182877288361745 18.865674037998108 18.610995464687786 18.415448604413882 18.27179908691892 18.170961834453443 18.103865454515102 18.06289623623233 18.042706872585867 18.040356598924337 18.05497660074099 18.087255489061878 18.138925872995358 18.212250623449204 18.30946731090935 18.432267963129714 18.58150820330114 18.757325535547213 18.959705955859793
17.603699464794794 17.729351981628678 17.891188388007812 18.098013847786273 18.35719606877521 18.673100697793757 19.045548279191507 19.46855398173517 19.929614458626787 20.409762725254545 20.884522227910132 21.325764253000777 21.70432527730693 21.99309519236581 22.170169592299025 22.22159675916507 22.14326595894943 21.94158996842111 21.63282347517603 21.241097081168615 20.795480228142498 20.326558184955694 19.863078009665955 19.429173118694123 19.042530485626983 18.71365804906808 18.446198134228663 18.238067807555478 18.083116437064316 17.972969757201685 17.898756883119354 17.852478676835425 17.827876368792676 17.820792587552763 17.82913451762686 17.85258552509311 17.89216419536126 17.949676764623195 18.02712144359077 18.126165241248085 18.2478524135246 18.3926675521408 18.5609711087922
17.388268483297693 17.484920392458047 17.6153921865085 17.788654207692794 18.01254996663058 18.29231061043567 18.629047081499277 19.018461145081528 19.45002623797627 19.90685770117929 20.36641915024891 20.802103056494342 21.185590506513076 21.489754555355358 21.69174575222289 21.77581374668745 21.735403075297757 21.574136199801295 21.305466384233025 20.951020094932503 20.537896647449063 20.09538631955466 19.651658785068797 19.23094372229347 18.85158808801845 18.525169984802567 18.256634486789913 18.04524691397944 17.886064886710827 17.77161220169501 17.693475821793616 17.643621004450196 17.615312826088662 17.603626341413907 17.60559600518524 17.620080083349222 17.647410307887085 17.688895519732156 17.746270110389922 17.821208417880776 17.915032631051027 18.028704129589865 18.163110541684528
17.171354165621064 17.228856615324517 17.315027153656832 17.43903646292992 17.609417494976334 17.832672828153274 18.111805943611873 18.44499561504499 18.82464726724153 19.237034695640112 19.662690650700405 20.07761870601256 20.455287367506898 20.76924001332377 20.996025590303642 21.118047076229487 21.125868858175494 21.019555658845455 20.808754813329987 20.511463009668162 20.15167951867708 19.75636603536297 19.35225053996788 18.96300441852918 18.607198679639993 18.297246796383952 18.03932766867396 17.83410982979343 17.67800134962823 17.564631461832146 17.486309873125776 17.435281415042517 17.40467376261231 17.389105959348512 17.38497325236639 17.390448175835427 17.405250449591662 17.43025351275761 17.467016879922525 17.517350290484416 17.583012600250626 17.665617216145506 17.766759684978357
16.945789341988508 16.953775517433282 16.982770277020524 17.042250794070206 17.141711617670296 17.289364339522358 17.49069762206716 17.747097363362546 18.05474435955873 18.403993879173363 18.779402076538283 19.160501719298434 19.523345721616053 19.84273177349354 20.09489755560545 20.260346538741853 20.32636258094785 20.2887487637058 20.15242344742801 19.93071960862556 19.643503554454604 19.314473295645385 18.96814649428264 18.62706916350597 18.30967397748927 18.029030268082778 17.79251733268503 17.602278690750055 17.456214281913372 17.34924479250111 17.274617274903807 17.22508506264001 17.1938623952798 17.17530912518566 17.165337857373807 17.16155872514566 17.163194601971778 17.170818682540947 17.185986410341926 17.210847344776493 17.24782117788721 17.29940134514831 17.36811148107431
16.706727110552844 16.65534965469286 16.615265155273185 16.59644900206297 16.609690479895075 16.665363303681204 16.77198413942636 16.934748540444723 17.154251956902684 17.42559155450015 17.738012922254242 18.07522299625054 18.41643715014652 18.73815489266239 19.016550621331657 19.230221253674195 19.36288393604707 19.40553275963904 19.35760845818497 19.226920685405556 19.028333766273988 18.78149548287062 18.508075183992894 18.22903667024947 17.962398835369253 17.72176831839803 17.515724808459797 17.34796412542971 17.217997116080525 17.122171038967135 17.05480557175746 17.009288676816276 16.979032947935362 16.95823635698756 16.942419756622048 16.92873230363596 16.916032681143307 16.90477312356008 16.89673376860039 16.894671413643064 16.901953060250868 16.922236797372932 16.959240718664738
16.452314482068513 16.33304027923418 16.213887265929255 16.10560792116387 16.020669593823587 15.972049853088196 15.971740847590782 16.02915840066418 16.149667640526612 16.333416026144267 16.574627496381904 16.8614786510504 17.17665460366731 17.498649680892857 17.8038001442507 18.068888713470617 18.273971574832675 18.40493139287782 18.455242905688674 18.426580959416988 18.328159562317246 18.174977291874384 17.98537110015049 17.778386825513408 17.571442764121286 17.378620233676738 17.209722345255134 17.070065158205562 16.960849056270316 16.879914172636028 16.822695799964265 16.78323574711861 16.75514854266724 16.732473572566366 16.710363895078864 16.685575342927823 16.656733017416528 16.624370915053372 16.590763920742397 16.55959538256157 16.53552178138864 16.523703279602383 16.529362598068673
16.184059030499363 15.990449613620294 15.7850349392444 15.579693633003089 15.388976809526236 15.22885832901106 15.115112377133192 15.061544198546741 15.078309900971124 15.170517679590375 15.337241824999023 15.571043365856443 15.858094258330485 16.179018867544343 16.510534193635493 16.82783754671651 17.107475440795856 17.330224087595454 17.483426536246967 17.56231406497048 17.570064729557338 17.516644286620053 17.4167415144784 17.28727291074561 17.144952966270168 17.004320361469382 16.876433854203945 16.768273373338324 16.682753271443378 16.61919382030252 16.574091980451975 16.54205693116091 16.516805165650393 16.49213042232704 16.462773647886312 16.42512369393155 16.377688758733175 16.321297475308025 16.259017954436416 16.195818872500432 16.13803115730349 16.092693466898538 16.06687316422468
15.906846083593184 15.635237248032634 15.339875709107742 15.034147220256648 14.73506926499587 14.461908927479158 14.234349529095075 14.070490696813403 13.984964921835076 13.987370734528023 14.081116605130578 14.262711324781385 14.52156122843238 14.840407046479198 15.196560090778208 15.563997993669215 15.916161085009225 16.22904710453649 16.484047421358227 16.669969861097258 16.783857869554115 16.830494506967504 16.820783136198454 16.769425589471208 16.692407244418277 16.604741266986267 16.518770243430346 16.443144604876927 16.38245338737091 16.3374007824166 16.305395867347393 16.281429213362465 16.259124324016728 16.231859604281976 16.193855567770996 16.14111878728865 16.072138566014658 15.988252613413934 15.8936368023049 15.794926728429889 15.700534290345091 15.619767100785943 15.56188082189852
15.628588925828248 15.278582850874933 14.893538825566607 14.488705235906732 14.083866737907972 13.701737287464727 13.365833910269902 13.098204357545887 12.917360060331069 12.836624748583997 12.86293769585582 12.996058812299601 13.228166945858847 13.543974546893145 13.92157427647856 14.334180526092252 14.752730295862824 15.149050075589171 15.49907909187293 15.785542791325517 15.999543666321422 16.140777197980675 16.216413036120986 16.238984240279102 16.2237981477278 16.186386977541453 16.140391742234744 16.09609441349353 16.059651063424884 16.0329712285062 16.01413814055301 15.998250313918136 15.978562807274418 15.947800447543933 15.899502045408545 15.829241136344779 15.735567570231398 15.620537285745748 15.489749936370783 15.351889758453819 15.217847554970282 15.099569073974523 15.008809100735965
15.359533363177219 14.934235521716374 14.463829471283244 13.965688180737809 13.462520866261555 12.980459882029791 12.546578304680702 12.186325143391327 11.921312114035 11.767668160856589 11.734925763058877 11.825273952053529 12.033080674359582 12.344779130792945 12.739365681285477 13.189754031188619 13.66507515730882 14.133772156687774 14.56707768350729 14.942255369609889 15.244939448731786 15.470082744665003 15.621373501511062 15.709363066006107 15.748812289981466 15.755842824750587 15.745390680230168 15.729281419135898 15.715063030938332 15.705596407123554 15.699325666165912 15.691114278239146 15.673513241974527 15.63830676232869 15.578153887282173 15.488118812365991 15.366874392629311 15.21739041385253 15.046988992291762 14.866755874964122 14.690413001777113 14.532850737999759 14.408560341970164
15.11128446052531 14.617254338831422 14.06962586874148 13.488000169526618 12.89797480756047 12.328871514746522 11.810867336702364 11.372145461114131 11.036585721860718 10.822205441065424 10.74022167183876 10.794445982300665 10.980824241764171 11.287183159353283 11.693442305584512 12.172588017668685 12.69260935020473 13.219405396999745 13.720389230241548 14.168195790399723 14.543712685717994 14.837741021957711 15.05094950000424 15.192246588405242 15.27606515383138 15.319214230350717 15.337903231404468 15.345366107550905 15.350306704657607 15.356220500447876 15.361542408152673 15.360511101008722 15.344602224129938 15.304346424472845 15.231305982540558 15.119943545667994 14.969099528616994 14.782826948275464 14.57042749518663 14.345678704696093 14.125400851824429 13.927633089954927 13.769732527270223
14.89566498050202 14.342594816225526 13.72917569644983 13.077136149365273 12.414707018661778 11.7739789601974 11.187658113952965 10.685966978315394 10.294289076465914 10.031748695827137 9.910493816683054 9.935273848187204 10.103049600688081 10.402671605650218 10.81488104818615 11.312949994488879 11.864247013522153 12.432895881949559 12.983410064031133 13.484763938467628 13.914025785752731 14.258665428365704 14.51700170374544 14.6967935532295 14.812453114481979 14.881602738607008 14.921686980364237 14.947171283162088 14.967629805869812 14.986830677943367 15.002795436320879 15.00872731321218 14.994645727262823 14.949511645385941 14.863570157557781 14.730579404874703 14.549566921163319 14.325792747207558 14.070724229929468 13.801023188640599 13.536755562020595 13.299183176286963 13.10853399992086
14.7235390291132 14.123714061403133 13.458509555727929 12.751461288690761 12.032965825436035 11.337305381211292 10.699079851737697 10.149909195692386 9.71606791425586 9.417214848586767 9.265888890050281 9.267262765211767 9.418840400644369 9.71011779557921 10.122446745481179 10.629415499509964 11.198093623267425 11.791447998696771 12.371962640755696 12.905984343149616 13.367844453586436 13.742698786686242 14.02737308377849 14.229110241608007 14.36268706852329 14.446686766170904 14.499733826556744 14.537313916677924 14.569551470740086 14.600101569091182 14.626159828867666 14.639489784200732 14.628289591196907 14.579650831430424 14.482287567953051 14.329137475393704 14.119394610442685 13.859578115837929 13.563403618306063 13.250480059108499 12.944123016724438 12.668752342629992 12.447357589673263
14.603733724853353 13.971348013230065 13.27013651356929 12.524922234195706 11.767622380152266 11.034024540018034 10.35998022617035 9.777965313287313 9.314713531944273 8.990061828227988 8.816606024002944 8.799591819535605 8.93669515209031 9.217697919383268 9.624277257354525 10.130212500649394 10.702402495573846 11.303108230196237 11.893568103173061 12.43855161328245 12.910839805762697 13.294439544827291 13.585683113369592 13.79203383449131 13.929068821161383 14.016484495070076 14.074008510547303 14.117908147362948 14.158520385401918 14.199001571897657 14.235328009196794 14.257453244670648 14.251428457247037 14.202207726206387 14.096770320495963 13.927094754777022 13.692459064031068 13.400592235839376 13.067406878372323 12.715369395106366 12.370898388050483 12.06138223795782 11.812383526039005
14.542169290031906 13.892568459401156 13.172105835854564 12.406221234582251 11.627583007911694 10.872735219934052 10.17816008586673 9.576750305047238 9.09542344804222 8.754010597555743 8.564988909695337 8.533455064310258 8.65697423016742 8.92528932844162 9.320085329009277 9.815110543909041 10.377087389772 10.967897103346832 11.54824349531816 12.082367339348716 12.542743922991932 12.913481329731407 13.191494469431442 13.385247306593309 13.511558411217761 13.59136772164704 13.645398389531953 13.690439082619099 13.736701070100366 13.786481036861959 13.8341899830232 13.867662414876758 13.870537615437211 13.825407116639104 13.717320682309905 13.537122764759141 13.284008038294495 12.966738697568925 12.60321814458408 12.218520359855994 11.841880559440861 11.503371237661955 11.230905024240734
14.5412745135135 13.890177153941913 13.167447563093726 12.39839061433314 11.615591920939625 10.85557469894743 10.154849685428502 9.546350760129311 9.05699711714132 8.706533677961566 8.507242984004025 8.463938146872378 8.573859043112503 8.826424870713138 9.203016132226633 9.67710065808749 10.215172947779275 10.779017210237662 11.32948984391255 11.83135192337203 12.258032793948397 12.595004455447894 12.84083451437713 13.005736980362054 13.108163090441463 13.170371987227384 13.213932392242908 13.255877763077734 13.305971797383659 13.365339616646452 13.426555792017464 13.47511395750313 13.49205718412697 13.45744257862987 13.354203887430085 13.171830126096706 12.909165257965698 12.57568747373487 12.190926648277003 11.78216660476851 11.381060623839337 11.020020999397852 10.72908333029135
14.599731685083665 13.962458347401974 13.253970257726275 12.498681493573535 11.72825700030732 10.978417591968338 10.285097344103738 9.680897683108462 9.192569808778337 8.839720073028069 8.634403486188093 8.581066410806155 8.676458943522618 8.909435396239438 9.260799736165472 9.703533558929319 10.203901272587142 10.72392085508564 11.225322111218244 11.674441241713204 12.046891133370412 12.330703555896203 12.527073331561445 12.648604023974666 12.715664410416066 12.751823296268123 12.779294345639727 12.815070136386577 12.868178333637022 12.938331946614854 13.016097058158064 13.084514463252548 13.121945179278294 13.10580439824065 13.016736278331095 12.8426071512965 12.581543734285209 12.243289391612205 11.848496829717574 11.426146658562235 11.009839044346274 10.633950898416481 10.330406434400723
14.712568497038534 14.103295116054046 13.424400187993072 12.698721891406938 11.956221479056763 11.231056194950462 10.557956120239666 9.968761262020498 9.489821184410522 9.14050558217658 8.932596057004204 8.870105789367821 8.949167341203252 9.157883947285878 9.476292737940858 9.8767975396878 10.325564684570448 10.785298542210466 11.219394277804037 11.596812322807235 11.896492358874658 12.110072717893171 12.242168398203907 12.308230911904163 12.330678693813681 12.334274810783297 12.341626209495002 12.36940181838398 12.425655597484493 12.508537897476243 12.606551283231054 12.700298016238461 12.765484388408193 12.77685423107107 12.712615504627319 12.558714988347585 12.312117130074867 11.982273566250502 11.590352809400727 11.16644630240555 10.745596512269618 10.363754670289968 10.054459804808893
