_RESULTS/REVERSE_NEW/Berg/IZ/7comp/Berg_IZ_z_125_kriged_reverse_7comp_spherical.asc
ncols 100
nrows 90
xllcorner 5.6208707817415728
yllcorner 50.959635321741573
cellsize 0.00013419651685393446
nodata_value 1.7014100000000001E+038
[rows 38 to 56 of 90, columns 43 to 85 of 100]
16.431949209092195 16.135681655678287 15.828422447222582 15.54956174421705 15.311664553903023 15.1202141816878 14.975956639129901 14.87855111967728 14.822710973053818 14.798990528733375 14.810003398223802 14.836547762190081 14.871725650523304 14.931842349423716 14.997926744385776 15.094796886586497 15.130565633322334 15.049995575795885 14.831056877164134 14.50134430227601 14.074534769766606 13.622404693204379 13.198763007109756 12.80921627113106 12.466453181724486 12.186407912424864 11.987853941688709 11.898665723972856 11.962134008926148 12.216944264939194 12.717526460949575 13.516058534255809 14.583979819513642 15.865885943489982 17.302484656136226 18.813234661834944 20.265413684809978 21.469642245947835 22.21159991762124 22.340959946941673 21.941832538786713 21.166758816383332 20.162796042322427
15.750163492365493 15.48916109246656 15.215546119046023 14.980848373746975 14.7907061802977 14.64793305249633 14.551825705781138 14.489292322626184 14.459026540974563 14.456336296048914 14.465239591505327 14.483367850507372 14.50291873550468 14.4939382878488 14.471046904088103 14.665097422993883 14.724321047017359 14.629672149402928 14.408440516548094 14.078050329207834 13.646695351933186 13.192666927136093 12.748238647894636 12.321244507547801 11.93044987357499 11.593619679539065 11.329253946573733 11.162138003838876 11.12921227855327 11.28831967133872 11.71794839565284 12.498912718652505 13.628595614733275 15.072816633074035 16.76607190031457 18.613321636013794 20.490899332087086 22.179259783063863 23.33225865837055 23.60146998602645 23.096024598902062 22.17920277190104 21.066402312590057
15.068367485319095 14.859760395323555 14.631269754414292 14.439831472460257 14.29750219421182 14.201016359008456 14.133181833012834 14.086679570697811 14.056326384666809 14.04402237414056 14.053639184547187 14.086062516029092 14.139341039614136 14.165826867200726 14.180161312959413 14.34672169316051 14.385147083343245 14.275133062880654 14.055699512181324 13.728160768549117 13.300614238119731 12.850301964759748 12.379773425007738 11.90609862784218 11.463365515823218 11.06681580258379 10.730254213444548 10.474686229367354 10.334922699328917 10.365808562068143 10.677259497251292 11.41024826187377 12.596372198395411 14.179875197403977 16.107720784649835 18.268587454384956 20.56367094849211 22.82842109824128 24.62126444111283 24.960035655081757 24.16726591464788 23.06428724994686 21.86267079310822
14.406395928384233 14.256285571327895 14.092975828822038 13.94479596554514 13.83793657804396 13.750207341668233 13.677931444048056 13.621797235722171 13.583651007587472 13.568572630332373 13.586878672511157 13.650310351833717 13.774474764889103 13.90173219275869 13.997887353514304 14.090421405173698 14.115606957330092 14.013505780171402 13.784861365999376 13.451335316340346 13.022188097708367 12.585997556357341 12.0820293490926 11.565001730296538 11.081164010031054 10.633582518833192 10.229409575467747 9.883117644170472 9.617830537806125 9.490588118846485 9.64040526679378 10.29804739164509 11.549209355020638 13.265022711540306 15.355795532978197 17.736970817896985 20.308552999870543 22.991169760255996 25.67860326715712 25.847697092566378 24.788789351147912 23.633867731519288 22.447267652558125
13.746988233174005 13.653841956847307 13.54700521418997 13.436417040313128 13.328190155055056 13.235866939602408 13.1606760440449 13.10220529921545 13.062297467789227 13.045768269906354 13.062916393809923 13.146827802475755 13.334365540469124 13.544215107874852 13.712271568651847 13.838774579153279 13.884043907283388 13.806043359300723 13.591615041080903 13.244706695426428 12.795928768436744 12.319174945338219 11.8110924825587 11.289881021461733 10.787416689317952 10.310788432453728 9.86211480431506 9.443589354440634 9.05988096689348 8.746383478907239 8.641354782794846 9.212285399587323 10.616737410641575 12.467452682394356 14.63124718404909 17.05290569229424 19.654898097908 22.25200404656581 24.389315939443136 25.098052798386426 24.647252795408562 23.77733597787731 22.760489623545407
13.04586449338 13.012055569354871 12.95786549582514 12.868311605799201 12.770846462038014 12.676894003730196 12.603001058637666 12.549352613122242 12.510714930737407 12.487723424369559 12.48703369348788 12.554020953927486 12.805768785815937 13.129616323260255 13.394409856280836 13.582527800868613 13.671188677705981 13.63143646552343 13.452119164681935 13.113004063369694 12.640888432595467 12.131297799150609 11.61527732976347 11.099220235228934 10.596221119697956 10.112794330807453 9.650229864575364 9.203549890869771 8.76742911008576 8.339167672423125 7.92155721117634 8.39295932985478 10.057917102833228 11.955091512823072 14.077564530586212 16.386714546933053 18.79629565719836 21.117969245473073 22.948026688613492 23.903049023923682 24.01163890152029 23.573523865257542 22.826288285811593
12.347785970098048 12.366105493444946 12.339820520966521 12.263124820955124 12.178615349140886 12.093897779010218 12.024678005663485 11.97421809731652 11.941482081068793 11.925291514355987 11.921187075286822 11.93649952608674 12.308820357555488 12.737659327722369 13.078077206944243 13.326961721304897 13.470436837708943 13.485125808047075 13.355842490455483 13.051701160460393 12.57227056871533 12.038744649742352 11.516573350630823 11.00840508741297 10.518526322622437 10.050822239415018 9.607526621720112 9.18634666125038 8.792933612873712 8.450706861992678 8.278986772336047 8.781617738367373 10.113494830775137 11.829331273209288 13.77712677849973 15.878219874221491 18.025345801583605 20.0536589362109 21.720464862114362 22.795568692326366 23.23700938921437 23.161853032241783 22.720376252583605
11.712074238678447 11.743692345458 11.715645185972914 11.642350782669016 11.56653772120091 11.497119682570824 11.433293265343174 11.394768556757189 11.386153516096211 11.406423940157056 11.462907242751045 11.616922996377243 11.965119099778496 12.400029088922576 12.777041918153653 13.072890278233434 13.272464059025099 13.3565828881805 13.303552459439311 13.043416929702106 12.58050612222304 12.030220643451589 11.509990823760063 11.018823030378854 10.556224547249737 10.124664346283843 9.726100518723408 9.371344456366204 9.082401726722525 8.910604171883765 8.981133699681424 9.505306152818552 10.561153878935766 12.02377268738185 13.727359939196951 15.577807366936907 17.46022752088543 19.236767075877793 20.743408282621793 21.84119592198829 22.471625283257346 22.659847786706962 22.484741468028123
11.206278506335728 11.194138452054112 11.138313220168103 11.054870310415458 10.982012043747305 10.922184542666818 10.876170429371161 10.859517222941047 10.880659593725696 10.94246892649142 11.070030009107226 11.2970170281332 11.654347684052794 12.087901346254117 12.481551760812943 12.809715883790915 13.056629972476252 13.210626383092618 13.274082795471346 13.057761179119975 12.616821023749388 12.087381461206238 11.587180248755557 11.128355197133805 10.706264817743543 10.31970703346952 9.979513672627226 9.708265087928917 9.536029462604676 9.50985655668787 9.71041336675032 10.241945238199635 11.147708687765357 12.396812662329818 13.868503827402881 15.472053423360002 17.109623505866768 18.66931348665385 20.028654331787486 21.090830632443815 21.79845691578413 22.139517663346986 22.159143101664398
10.80341704468705 10.727224193719486 10.62953545954215 10.52669084502422 10.445556170656674 10.391480119559297 10.364196192024819 10.365966940715742 10.41382338042618 10.52039792917059 10.69967629605187 10.966485803257834 11.333539332587081 11.773310883938052 12.179574471259167 12.528598691011322 12.80607746458654 12.998646827054117 13.088770233182007 12.964764930190938 12.640540130923439 12.197541933414142 11.742625853138595 11.332435086837755 10.95811716676284 10.620803221373388 10.338139619686439 10.148577398854632 10.083922144351423 10.166111081158249 10.439946377248965 10.966134507588777 11.77756920801187 12.854550122486527 14.13460837909378 15.519193683951412 16.941162678170485 18.31207760321886 19.535283607680384 20.533158142418852 21.263601148171386 21.69142280356386 21.83180001017869
10.467670570272924 10.327150325381895 10.180920709787367 10.048631766704577 9.952511428502024 9.898260175533752 9.885914196287638 9.909928809583471 9.987198136069301 10.133483429195188 10.348422571415345 10.637940920366647 11.007701740258513 11.448868747240185 11.865919152472244 12.228238323651281 12.524517480230788 12.741587366644028 12.862311060963039 12.840084041883737 12.664214792873626 12.355234679145767 11.975389732450287 11.625628775214286 11.308192599779513 11.023559063930142 10.783502735024229 10.661577059995984 10.698812377893471 10.85776159386312 11.17034660046233 11.682811568756923 12.419762450847859 13.363493598171392 14.471361791110665 15.67428610320086 16.9117636467815 18.118858945419465 19.21604108051215 20.139415000965847 20.850179312727274 21.32426372320267 21.54458427189324
10.18800228773503 9.982264018580475 9.778810754236126 9.606276318875922 9.490922704066955 9.437606671727595 9.443101216732453 9.494374148145594 9.60623329856477 9.785966149478917 10.02619789071655 10.32739952930208 10.691653013600815 11.120041135193022 11.54393841985413 11.913970724375503 12.225974791609216 12.478265435033077 12.663290280182302 12.75090302900512 12.719957239643023 12.562207839057654 12.286561947097123 12.00879206321739 11.759544757055728 11.539568528280755 11.359888076897551 11.296117446203274 11.388294528033354 11.584260452462294 11.907478340152352 12.399202530774733 13.06876935732294 13.900153107412482 14.85698409895519 15.89837448432927 16.980155761488184 18.045668216183337 19.027243356210683 19.87090671550822 20.54202782944642 21.026056184689267 21.294784742143715
9.953575441418753 9.681685807752508 9.411845546266662 9.193590871925418 9.057689234263973 9.01088171493482 9.0414283826669 9.129982734785594 9.279386225425869 9.489307480025538 9.748244824724209 10.053276398683412 10.4043112026619 10.80302138873499 11.223439608460389 11.5942594421838 11.919661778441446 12.218151034275266 12.487699104072087 12.699473158502963 12.818095730724574 12.817397067245684 12.682606060861328 12.485814927157616 12.31245571613166 12.166605327262655 12.066982944819795 12.05302534172424 12.147760397880834 12.3431705653923 12.659546170178631 13.120508673368098 13.724340588592895 14.455610852559698 15.28402168684681 16.16920140025019 17.11040046524434 18.053451143425395 18.9293390710445 19.691748893671658 20.31314090243274 20.780050844573584 21.072994221117924
9.768714987467161 9.42642281264113 9.084514796496189 8.810926768276547 8.651566236101687 8.621531591799165 8.692118007004957 8.830655669419157 9.021425412825664 9.259759480354319 9.532723987152094 9.835693548213408 10.167103088242179 10.527907323183449 10.918686368612402 11.278577118241682 11.609389022477536 11.95682734390487 12.325765122872282 12.677277870576633 12.9580819430518 13.12565927106444 13.153616235079305 13.060420054659478 12.962607663438536 12.8836517433247 12.83976250021216 12.855073933332667 12.947517178879151 13.128523481728147 13.427690970680198 13.848899175664265 14.386607151696534 15.025462635106631 15.739192949216182 16.491688470416126 17.27989080726187 18.108147926827822 18.885873467942826 19.569134568439022 20.13543340671252 20.57139273519148 20.866170818085333
9.653189795560191 9.235774533251783 8.811353995662161 8.458724299989314 8.267682368093572 8.278136293701275 8.417363550476832 8.619355319648003 8.853314720653717 9.116873135964505 9.399193403338407 9.695483120085164 10.00304700685089 10.320805908234513 10.651736203998032 10.979945445831431 11.291657814896409 11.67772157741128 12.168236239062017 12.687359645762841 13.147517344401386 13.492594438009784 13.688627012469052 13.733913814334905 13.707910594326359 13.679790062152167 13.667578180530482 13.691441245513145 13.770579271558766 13.937857113956124 14.209279446398401 14.584036065008007 15.054785188733014 15.606387489807597 16.2154384044406 16.851053926496885 17.502160649772208 18.189366210383113 18.865588340168348 19.473356404427317 19.982411643792446 20.38011492503394 20.65952374417928
9.639859748969979 9.15224754558421 8.640908736067884 8.164381488972952 7.902205896493536 8.012332435413606 8.256124233458168 8.524810234416233 8.79501993275168 9.075998720704412 9.361452069073959 9.646898582595496 9.928753619164567 10.2033685999096 10.468423930241737 10.727491392768949 10.974705512084967 11.369203822476544 12.037145970458257 12.75547753336669 13.401761126003295 13.924306397840342 14.28752292304056 14.477730925999735 14.550132052087172 14.55199645270159 14.545474785597404 14.556196665159208 14.619715732143657 14.765305161806971 15.000564595549246 15.323869842698675 15.726986537498588 16.19509498156334 16.706909337486213 17.235407383533932 17.765254823729098 18.315272883549763 18.86105889338742 19.37772130078112 19.82955200802246 20.184939277556985 20.43768026957247
9.759732625149647 9.234891430746552 8.669850819941377 8.084248511955366 7.614304767949945 7.964371421216127 8.283052204042704 8.583893599849155 8.866899764044726 9.149301587899647 9.428853119240967 9.699986469114755 9.95849923922684 10.199416913743738 10.41736630185611 10.61330650226396 10.785133039614871 11.09699582901542 12.042330609823857 12.932732116106324 13.737519636173353 14.42085968769339 14.943582774633507 15.2765847328853 15.457621587378492 15.496884864565896 15.467142916486939 15.452471215325406 15.491288385893471 15.60451658885413 15.796745152057715 16.065030631334942 16.400297436636972 16.78793521815159 17.208217887754873 17.636760784586627 18.0510260005269 18.474414457565434 18.897847240585637 19.299947999144564 19.66157813457878 19.96593935748242 20.186173948021768
10.031758832200683 9.518900820795247 8.981439503691236 8.480989652921291 8.205512443240636 8.308772584707574 8.551032997295898 8.818269340218357 9.080730013951323 9.34578144315759 9.609270394599482 9.863060643302383 10.102483671717993 10.323673711228357 10.526820478197182 10.73322996250041 10.993362035872044 11.485917399490834 12.312704202666078 13.243869372935391 14.148607616059813 14.962130634182378 15.632120726169363 16.11172773950308 16.394627377687105 16.472541256076536 16.429893056279333 16.37224185715166 16.374301523524114 16.447105668222193 16.591767852413593 16.803122899701 17.071014894309698 17.380876793403598 17.713900998635825 18.044008318899888 18.34679015210729 18.65360693604267 18.963700905375504 19.258628994372952 19.521657343029513 19.738516480884247 19.89779891124351
10.453456055904724 9.985910834746345 9.52059292767053 9.124069204894019 8.899689350889961 8.888421038649529 9.018191825921583 9.213250297846178 9.429178971235498 9.662206166159752 9.901665697209298 10.135529039181893 10.3592715780133 10.571219194022992 10.78574960067615 11.031562678765109 11.367893335066139 11.904368884485654 12.69005636284424 13.622881701253977 14.587894870191818 15.496486266547112 16.290857008938584 16.93731857178929 17.34983986310656 17.406168959200226 17.35416632555014 17.290640957242612 17.25308314111974 17.282932575107843 17.378857445940156 17.533286340688814 17.73506783325438 17.969094439149345 18.2145297633949 18.444396605092113 18.641957170724805 18.841832635416957 19.046983810372502 19.24191551944966 19.41194092621334 19.544358067743634 19.628737288103817
