_RESULTS/REVERSE_NEW/Berg/IZ/7comp/Berg_IZ_z_710_kriged_reverse_7comp_spherical.asc
ncols 100
nrows 90
xllcorner 5.6208707817415728
yllcorner 50.959635321741573
cellsize 0.00013419651685393446
nodata_value 1.7014100000000001E+038
[rows 72 to 89 of 90, columns 0 to 40 of 100]
0.014009899572990528 0.015920255254136192 0.018197743998025425 0.02088335218048693 0.024003914936504115 0.027553512737239327 0.0314623950075234 0.03554998759139131 0.03946751947872671 0.04266542624734439 0.04447267225695937 0.044662999944359634 0.043583529408705496 0.04153375934546467 0.03899794484791434 0.036402449317117995 0.03401863595333695 0.03197968753578599 0.030328679747163554 0.029058936717219062 0.028161045909214918 0.02758982921930971 0.02727531656862187 0.027139955870785094 0.027096567399719777 0.027050093202686053 0.026907471489056308 0.026597440465337317 0.026110586241655253 0.02579085876462678 0.025406395232401464 0.024874135475538274 0.024320065687838878 0.023813465261870885 0.023408744397528033 0.023126451090502882 0.0229585310569559 0.02290055896981055 0.022936662204763803 0.023040061813632703 0.023174443390925916
0.01472059202070486 0.0169228801073158 0.01959171711414003 0.022803602951835724 0.026631830919618942 0.031128124542246897 0.0362855619884583 0.041967935801809936 0.04778795799654652 0.05294750500204503 0.056227293784514534 0.05709574447399104 0.05553439132581784 0.05227099047762158 0.04835016465265547 0.04451558152372089 0.04113717895105027 0.038345531158700215 0.03619503651245653 0.03465640715080651 0.03364369916846586 0.03306895735611649 0.03283968051131266 0.032850945610547175 0.032976187066125866 0.033063003276150006 0.032944750746439905 0.03247840757355056 0.03176285334341527 0.03124710237433073 0.030681406158426187 0.029911334971942677 0.02908711972085687 0.028327996936718346 0.027716888584270957 0.027304238721596066 0.027116007928795507 0.027124097721656734 0.02727412978586304 0.027525585062651927 0.027821298456132473
0.015282124087655755 0.017736748678764246 0.02075678071284917 0.024454134313428657 0.02895820700754341 0.03440074968132958 0.04088590337781389 0.04841730214657823 0.056726199552309314 0.06489533103427213 0.07095485715363062 0.07294091878143637 0.07008537977812984 0.06450006449478976 0.058425224176654425 0.05293652265183895 0.04839221368214252 0.04490495098779827 0.04236422694149763 0.04063536363977294 0.03959591452545836 0.03913494670771276 0.03914223413383542 0.03949039418552084 0.04001140591993812 0.04047391890626406 0.040582952198769104 0.04004745958443843 0.039186591955388296 0.03832726331568542 0.037417952374246194 0.03618896195497332 0.03489821582743811 0.033735935587752335 0.03281560737349038 0.03219614161788839 0.031902149275462276 0.03193642342378281 0.03227139688159481 0.03278371507969523 0.03337729686222258
0.015669647787190273 0.018285247009654025 0.021573775533087154 0.025653767822564854 0.03070478526638646 0.03694124419374221 0.044600851488729505 0.05390860798493033 0.0649558622445152 0.07727413303352054 0.08867422737024032 0.09276893668964196 0.0862991373721545 0.0766436627000299 0.06778175266718302 0.06058566632309452 0.055117247007938075 0.05110867892797514 0.048311263877067814 0.04652676198419893 0.04560232096438127 0.04541611127839336 0.04585744505024962 0.04679840600093057 0.0480504752764317 0.04930174904168182 0.05005691931018358 0.049792127181765275 0.04883076073499417 0.04742938630625127 0.045778253546723775 0.04371460195597595 0.04167132088699028 0.03991347385710979 0.03856676600602265 0.03768088520835283 0.0372678851497533 0.037320425417699525 0.03781654302030387 0.03870943265075236 0.03980573713732525
0.015854193430700936 0.018543070927551183 0.02194940941833216 0.026247389160918976 0.03161926805721768 0.03832791379223587 0.04670244789407577 0.057142005569509706 0.07011475919219654 0.08611044769164222 0.10591604499099755 0.11571191966807512 0.09937125336968738 0.08519167409195216 0.07430425001875283 0.0662273822012824 0.060329099191581796 0.0561468138299975 0.05335278361068705 0.051718405918447334 0.05108642734101105 0.05134824724837791 0.05242133713701498 0.054218473050283565 0.056592422821114374 0.059223315781881655 0.06140625840769285 0.062212586236749766 0.06132744975824047 0.058799742718269106 0.05565553253859293 0.05220038601751136 0.04906552833870189 0.04652212845826109 0.04465076444399826 0.04345895319245427 0.042931113293942606 0.043046525896513976 0.0437806123059195 0.04509383891360659 0.04690231311106038
0.015819136558447397 0.018494029995455234 0.021880233837501713 0.02615835505247752 0.03155228448683977 0.038298704875862656 0.0467055641607763 0.057145020263217446 0.07000800184797448 0.08552497323246123 0.10344380094081804 0.11137718287687409 0.09922120485899458 0.08633293727668102 0.07621827913765125 0.06863421470674064 0.06311220452492888 0.059266847635961024 0.0568166858896257 0.05556836083523808 0.05539849361031643 0.056238333370801065 0.05805973943246137 0.06085701788556508 0.0646095958430352 0.06917786710854992 0.07400708296665158 0.07783887438577564 0.07729562586521402 0.07208283750060669 0.06623839532722318 0.06082392329532637 0.056370975883977464 0.05296064522553426 0.05054436119097228 0.04905567678043631 0.04844253872620491 0.048674149638004545 0.04973637892135599 0.05161620326583551 0.05426752482426409
0.01556767434852995 0.018143137252779305 0.021386916755418227 0.025457379687874357 0.03054472810293563 0.03686740076140835 0.04464027636541266 0.05400483540179299 0.06492355108877523 0.07666949794431106 0.08736505620383919 0.09190069880831493 0.08781604381376762 0.08039688629927814 0.07325055589768223 0.06741923417546065 0.06304161810611005 0.06002144703484525 0.05822999524219741 0.057564789490540065 0.05796504990485159 0.05941455342955149 0.06194180481387796 0.06562052563430135 0.07057562155705371 0.07704944761440287 0.0852437271039568 0.09570241362199768 0.09633176815563933 0.08465009240302172 0.07540536435303208 0.06812051583154817 0.0625418255582075 0.05842448083443478 0.055577261396045304 0.05386894241549069 0.053223139583726084 0.05361226254545539 0.055050716329258516 0.05758292628662451 0.06125429675676539
0.015122202962209662 0.017525253798854116 0.020525135815234644 0.02424574288177511 0.02882383440521672 0.03439343150312919 0.04104805702183796 0.04875572256963544 0.05716786009866473 0.06527045987306218 0.0717948335705993 0.07496793094281352 0.07415538733048425 0.07084777954551127 0.06683709302117705 0.06318114081655271 0.06032276400078432 0.05840464086571557 0.05745399364120616 0.057467733319853845 0.058449233593629524 0.060424207653592216 0.06345207852337091 0.06767164573707427 0.07325519625029005 0.08040901023819567 0.08932545432263804 0.10063533588102258 0.10170814106699011 0.0899224069661519 0.0802131560693701 0.07247019092334035 0.066517215106514 0.0621180297483625 0.059084458841391005 0.05728999341919076 0.0566691057569946 0.057216228891438556 0.05898676064359033 0.06209893574544656 0.06673044643330961
0.01452011467315123 0.0166975456821233 0.019384132654883878 0.022665880473142153 0.026624937344277195 0.031317851474400235 0.03673346317473015 0.042717313205961054 0.048852389818402946 0.05432547419378929 0.05848092790729021 0.06092947296462626 0.061468464987985146 0.060491494695313834 0.05878153721019315 0.05701474523874436 0.05561353783113333 0.05480380785806456 0.05470037028225611 0.055368822041247615 0.05687045416160024 0.05926363002122389 0.06261174932774441 0.0669758257357799 0.07237858996814876 0.07868737264980902 0.08526665932135509 0.0910556834850712 0.09163720238771422 0.08649316258253485 0.07967575787358176 0.07314609568611295 0.06771471197637954 0.06353909402071198 0.06060311209315059 0.05886388585674546 0.058302789287295445 0.058948105227278 0.06089068193887127 0.06430096435188373 0.06945183633355416
0.013807423173890323 0.015728426629470525 0.018067048805806313 0.020875140030588754 0.024190105418665075 0.028013582785914495 0.0322767407385941 0.03679008090888738 0.04118645725872787 0.044895214323398235 0.04759130383155825 0.049528560741878024 0.05054757460219 0.05074556285226329 0.05044866034934456 0.05002458844363442 0.04977150519127681 0.04989738119609028 0.05054070409489539 0.05179665646050268 0.05373520672807017 0.05640777096095201 0.05984027477985925 0.06400610104543794 0.06876150325116612 0.0737048038430749 0.07794887855478032 0.08101906678631804 0.08163905145658557 0.07960364756708599 0.07548266135241749 0.07068928446331833 0.06626039700728469 0.06264370314420184 0.060008697376527934 0.05841789631660197 0.05790999711187957 0.05854238917882386 0.060417104485289995 0.06370162156216681 0.06864932816543823
0.013032101493106784 0.01468663808154532 0.01667291686059897 0.019016117901929 0.02172267155225871 0.024763119480547303 0.028048411858673294 0.031402543707773206 0.03454265365917832 0.0370902695978673 0.03891516590243657 0.04043759269315874 0.041556007499107976 0.04228245096816654 0.04275202478938585 0.04315439699933704 0.043675578453681065 0.0444707147643072 0.04566010536564158 0.047334053610390316 0.04955627259419079 0.05235970110327304 0.05572978852309776 0.05956921118924507 0.06363677378323734 0.06745965146220634 0.07027706790536951 0.07212481803042918 0.07282979772546044 0.07211529030170886 0.0696010379625512 0.06620838767847942 0.06277073059253564 0.05978685338386871 0.057517663422304445 0.056095237781235194 0.05559747453023393 0.056092913738467864 0.05766645908821251 0.06043170315436335 0.06452636482220732
0.012238683019049828 0.013633136588561934 0.01528480832081441 0.01720036598891501 0.019367887049790488 0.021744782580711216 0.024243630119401116 0.02671966200622135 0.02896790300331904 0.030744265715674367 0.0320371564215495 0.033211783958531166 0.03425941930986374 0.03516928132205703 0.035997066505966846 0.036839748255854295 0.0378082260158364 0.03900859791812708 0.040532930795288 0.04245486871009786 0.04482439164741078 0.04765660300500029 0.05091007052248559 0.05445177234827946 0.05801154327254078 0.061145422831853626 0.06325948258729408 0.0645287709539776 0.06527739951113912 0.06495833338672341 0.06321866404500626 0.06069527733851554 0.057988490582074274 0.05552774251104143 0.053576833241358986 0.05228633862416337 0.051744269255456284 0.05201112037768474 0.05313853025613752 0.055171031997408 0.05812342869468572
0.01146489640261757 0.012616753442854452 0.01396491274760411 0.015504528591892903 0.01721469351077313 0.019050701498572947 0.020936472363755898 0.02276009805083288 0.02437716323042411 0.025649188354594676 0.02660287697751512 0.02748548377472067 0.028390414931988364 0.029303255889502618 0.030247147767099358 0.03127317246210607 0.032447869122872355 0.03384229863754474 0.03552396389516212 0.0375500687130599 0.039959058224381505 0.04275677449463645 0.04589374087530887 0.049232380359200634 0.05251102951469435 0.0553297858396627 0.0572051277426194 0.05819894042173486 0.05885821456051875 0.05841910470373704 0.05692605508931008 0.054826149866604244 0.05255456216669679 0.05044482741905088 0.04871710667047222 0.04750335595695928 0.046878421526225456 0.04688332393929881 0.04753637013812201 0.04882962134554772 0.050705780265457016
0.010740346374153059 0.01167320152929086 0.01275491127900243 0.013974297012212464 0.015307460576154891 0.016713181919145777 0.018129319781620305 0.019472149244915086 0.020641041596028226 0.02157665370229309 0.022320677599435405 0.022962458721530424 0.023702172518016824 0.02452997227560994 0.02545569881938842 0.026508139289350828 0.02772922306923611 0.029167991244339317 0.03087492101043592 0.03289589804443601 0.03526400501876864 0.03798642276863776 0.04102327857355492 0.044256325286222815 0.04745147844567429 0.05023777833661735 0.05215749187070098 0.05306529969853709 0.05334520959098894 0.052555427829131245 0.050985459731972625 0.04900408267113869 0.04693738261208198 0.04502809683934483 0.043436335020314035 0.04225733224227154 0.0415411270030521 0.04130685891035727 0.04154874110751376 0.04223221858442266 0.04327908017533559
0.01008678856760592 0.010826355084702373 0.011679335766761497 0.012631643858681516 0.013659738804736915 0.01472805428388429 0.015787564330928712 0.01677662176794599 0.017625207134633357 0.01832818890489566 0.018924092199219998 0.019404877450939998 0.019981102946758277 0.020686992578116195 0.02152665314342204 0.02251782401753639 0.02368900809178776 0.025076223952281772 0.026719485592575615 0.02865854356813049 0.03092671966019836 0.03354083753064899 0.03648416277119475 0.039677873314357105 0.04293624851340939 0.045911226169150755 0.04808826794282193 0.04898663620011465 0.04861749486278325 0.04731542163584391 0.04547873544188788 0.043442335537702846 0.04144429305333565 0.03964256816159008 0.03813497575645946 0.03697580678019439 0.03618849733990979 0.03577369040239228 0.035712145052787365 0.03596233013160933 0.03645337221254714
0.00951940671185212 0.010090700295070858 0.01075000978618036 0.011482372850241247 0.012266173728941161 0.013071781728669444 0.013861183405848002 0.014589224725934971 0.015207020623895291 0.015742432726413066 0.01622422055261958 0.016623675945985968 0.017048850782476768 0.017623275311472505 0.018348019274622197 0.019234822776578044 0.020304524353108706 0.02158533524880339 0.023110912417049736 0.024917936593972432 0.02704254676125956 0.029514434994073743 0.03234633148919995 0.03551386440268165 0.038912885700015935 0.04226241472679208 0.04493464955060508 0.04567999990470749 0.04450706735014694 0.04256229129438941 0.040381455959977254 0.03823497233072511 0.03626074613437078 0.03453472153827746 0.03309797974398409 0.031968514513047296 0.03114756685899297 0.030623020427165987 0.030370323949999736 0.030351239052311307 0.030511351271626234
0.009048577645682801 0.009474139097366737 0.009970399759383897 0.010522570987474715 0.011111453357541972 0.011712741679285182 0.012297111672414533 0.012831399725706058 0.013281828950372708 0.013690833949439861 0.014082123755004 0.014436124930987303 0.014760355534381603 0.015207260868028632 0.015809979870953127 0.01657632356351859 0.01752215643700574 0.01867045088373115 0.020050372010305698 0.021696245982599262 0.023646170004629017 0.02593986887377477 0.028615053310867184 0.03170028459070577 0.03519664184818482 0.03900871176322439 0.04238233938650367 0.04291288414940313 0.0406885801192726 0.038073449470653595 0.0356175382200673 0.03341618330003583 0.03149399904954186 0.02985756512535746 0.0285052650401055 0.0274292912816037 0.026616224374131386 0.026047165198240265 0.025697400615851098 0.025535689044471697 0.025523733699444332
0.008681777584595202 0.00898067479230729 0.00933934185274867 0.009743570467826543 0.010176478102887604 0.010618143142926495 0.011045828916173306 0.011434938611561063 0.011761801417102539 0.012072484974202746 0.012390221400955225 0.012701334249731232 0.012996989803395144 0.013329487905368483 0.013814143777225176 0.014459186560748485 0.015276616217134819 0.016285212978607848 0.0175101147581523 0.018982517937904713 0.020739439867944826 0.022823522960643182 0.025282956365392815 0.02817177184586698 0.03155104278974488 0.035392159832707645 0.039339651700240154 0.03961566107193838 0.03651725076073025 0.033617179319120324 0.031135343856516715 0.029012979350454333 0.02721020838526337 0.025698223265140655 0.02445399113836921 0.023456963138158846 0.022687138104637204 0.02212389919105313 0.02174525439912302 0.021527405256056526 0.0214448929468907
