CROSS_VALIDATION_INTERPOLATED_TRAIN_FILES_80-20/CROSS_VALIDATION_CLASSIC_80-20/MHZ/TZ/MHZ_TZ_4_train_z_63.asc
ncols 100
nrows 81
xllcorner 5.5967107548124995
yllcorner 50.982328804812504
cellsize 0.00017565037499993607
nodata_value 1.7014100000000001E+038
[rows 19 to 37 of 81, columns 43 to 85 of 100]
0.050291256197976919 -0.020264215761898408 -0.061236093323438157 -0.066011021907004919 -0.028540097347893756 0.055726894944851502 0.18894790080835278 0.37020202909541777 0.59514969373732329 0.85612270298479198 1.1426522150791947 1.4423639489623907 1.7421049812089773 2.0291285909067449 2.2921603612649672 2.5221995406473345 2.7129662884797332 2.8609743052986341 2.9652740945835103 3.0269613793335903 3.0485697319877954 3.0334645901997268 2.9853320887063397 2.9078194217180267 2.804344116291476 2.6780565981663389 2.5319192256039713 2.3688567144221357 2.191935007987508 2.004533453005966 1.8104837889868299 1.6141557084705265 1.4204718740210713 1.2348369557218271 1.0629685075235011 0.9106252034393103 0.78324138487261408 0.68549487650983609 0.62085407399340165 0.59116539364766307 0.5963483343206657 0.63425927182741715 0.70076609021752434
0.18277725965582237 0.11466875095782258 0.077796950859457814 0.079105384441764626 0.12477515746703416 0.21923066256516055 0.36421577600394195 0.55811445174302965 0.79565770739459807 1.0680964819029988 1.3638386527183066 1.6694653171578444 1.9709738782006041 2.2550578419003791 2.510233068018163 2.7276564903290161 2.9015468487947356 3.0291928689896039 3.1106058448701988 3.1479262683471845 3.1447191339000842 3.1052881959222876 3.034111018616521 2.9354541553128581 2.8131828915509542 2.6707427984706023 2.511267073283094 2.3377556353674889 2.153276255884319 1.9611491361680693 1.7650885227153446 1.5692840436030673 1.3784091670393672 1.1975460008389736 1.0320178036152696 0.88712642163157174 0.76780328273297171 0.67819896764506327 0.62125456299885595 0.59831308540535888 0.60883613841848416 0.65028593796309075 0.71821492228688677
0.335938743952513 0.27453986597474067 0.24588964848837325 0.25701125600973485 0.31396758163214877 0.42082439449837139 0.57871355036669603 0.78517598911813535 1.033927332111265 1.315120806086558 1.6160957402385918 1.9225126072632628 2.2197059283134948 2.4940491850960598 2.7341288279361615 2.9315661167129261 3.0813958206698517 3.1819936426598234 3.2346215818566222 3.2427167343355663 3.211074720342646 3.1450723312492874 3.0500409219499094 2.9308536093473148 2.7917384226090025 2.6362875096918206 2.4676064024812465 2.2885388638946331 2.1019088253358271 1.910735216081386 1.7183913826424382 1.5286932716658737 1.34590760064969 1.1746740040106127 1.0198368881038467 0.8861871710698026 0.77812364286853786 0.69925831257925997 0.65200707249762768 0.63722162618602773 0.65392576368426014 0.69921480781215339 0.76836006065243145
0.49873150041286296 0.44739485220579822 0.43004217326498551 0.45355603567542735 0.52367332187603854 0.64391993483742871 0.81467383102197588 1.0325407566658515 1.2901854973657887 1.5766882547455356 1.8784044642215172 2.1802153560623383 2.466984984400332 2.7250026680287696 2.9431956122716838 3.1139432103532236 3.2334013601904048 3.3013349026985699 3.3205397111506305 3.295996333058957 3.2339241005973585 3.1408963643131402 3.0231401572971772 2.8860891347849256 2.7342012193075877 2.5710045896003622 2.3993055609082838 2.2214817671236062 2.0397907465147762 1.8566409408423512 1.6747917447419254 1.4974656498562542 1.3283658948232586 1.1715979423713279 1.0314956244972679 0.9123567747111867 0.81810141101184142 0.75187850499144759 0.71566281056302761 0.70989679488622581 0.73323941215422761 0.78247929976622932 0.85265338433180338
0.65760399776697898 0.6183820294093112 0.61397220936578978 0.65095042970309591 0.73458676105392162 0.86776047704533932 1.0500292912983746 1.2770414993652017 1.5404338870684244 1.8282803487532864 2.1260603087751275 2.4180213505828201 2.6887367602528651 2.9246218911095618 3.1151814295400326 3.2538109644004818 3.3380593795938971 3.3693553799785607 3.3522914637924908 3.2936239770615003 3.2011772807008692 3.0828311341945547 2.9457294463115717 2.7957882107530185 2.6375159967766795 2.4741056663387622 2.3077203200759229 2.1398829574674973 1.9718852312390915 1.8051492299244993 1.641499350644865 1.4833222214422099 1.3336075402638088 1.1958713922587549 1.0739686222054288 0.9718058349142753 0.89297452064601734 0.84033549454930978 0.81559952870133645 0.81896087321974798 0.84884563989251416 0.90183191171832888 0.9727813283707345
0.79749646422336351 0.7708582972630722 0.77934323347048307 0.82913010332349812 0.92496926868076024 1.0690795563712663 1.2602219476923975 1.4931437017835092 1.758536937406969 2.0435733204463316 2.3329760983554717 2.6104920326383825 2.8605493373439232 3.0698500821758801 3.2286551767388079 3.3315752840025104 3.3777701125615711 3.3705625897639462 3.3165718175862904 3.2245402800054146 3.1040640858291959 2.9644268972336443 2.8136946627100459 2.6581623754038848 2.5021720242105037 2.3482578800052272 2.1975319695110391 2.0502034075476177 1.9061282815296232 1.7653055417836494 1.628260474432631 1.496283252295598 1.3715109641062999 1.2568560805967837 1.1557941142826758 1.0720313079371948 1.0090822762792415 0.96979863666494537 0.95590148414158471 0.9675798170847969 1.0032196030429315 1.0593206697633226 1.1306396178328977
0.90315971185467325 0.88785148047949103 0.90738620750461685 0.9675483460562786 1.0726189494548215 1.224247513089993 1.4205189605940765 1.65541628391382 1.9188263224089428 2.1971494172739683 2.474468370079304 2.7341286663457245 2.9605016182373092 3.1406622979887011 3.2657240676105821 3.3316297841882054 3.339294555892252 3.2941066726448507 3.2048993018451353 3.0825851072891206 2.938685228222611 2.7839786441955914 2.6274532310804659 2.4756688448465969 2.3325625133043015 2.1996528003304889 2.0765470220324702 1.9616273114907219 1.8527890320394462 1.748122076061086 1.6464538891345961 1.5477044627499335 1.4530320833656352 1.3647715316891038 1.2861838383846238 1.2210505030791008 1.1731573264008464 1.1457245757331724 1.1408501640912228 1.1590383036190246 1.1988844448556848 1.2569755827290365 1.3280423676659441
0.96068413885353521 0.95375620417914897 0.98077684383840813 1.0472433201219253 1.1571292436363811 1.3117147592596785 1.5086255516603382 1.7412911219422116 1.9989768295346904 2.2674529433372221 2.5302530006475989 2.7703642487640883 2.9721071266104815 3.1229170744453336 3.2147506237745525 3.2448980117379134 3.2160848057449449 3.1358651303515837 3.015425165322358 2.8680053744095835 2.7071977027451308 2.5453736726687488 2.3924551352791026 2.2551640800480217 2.1367988493885957 2.0374992371986291 1.9548966237746266 1.8850057879095585 1.823203842221091 1.7651546486389005 1.7075664069068515 1.6487073367138756 1.5886423096499742 1.529187344589481 1.47360720343011 1.4261040087998824 1.3911626663376029 1.3728322921865879 1.3740311160325964 1.3959637050533518 1.4377317185044789 1.496201284258172 1.5661616314503422
0.95910178832510007 0.9561102666114849 0.98559744859859566 1.0529892215535082 1.1622248146010672 1.3145188088540012 1.5073406872756452 1.7338367136541137 1.982860436901092 2.2396819857673989 2.4873285756916141 2.7083912663338783 2.8870394954608796 3.0109351458431455 3.0727434414346781 3.0709991384791442 3.0101919954040253 2.9000648807733445 2.7542459839796232 2.5884392681441564 2.4184565643174389 2.2583822808991041 2.1191201216197255 2.0074923309880006 1.925963568315987 1.8729628061516139 1.8436942648143511 1.8312733447861196 1.8280000085537713 1.8265880193366906 1.8211973288328438 1.808160110434784 1.7863400106297731 1.757112387278587 1.7239961662913639 1.6920030904335781 1.6667964888833753 1.6537686810162071 1.6571530769290372 1.6792831018286176 1.7200945802623593 1.7769413116384993 1.8447568395504625
0.8919069657267229 0.8872799869147141 0.91319263708760046 0.97531976985419688 1.077941207205166 1.2225993590942916 1.4069782601193717 1.6242487760271425 1.8630640353886869 2.1082874806756156 2.3424097987303694 2.5474834225840599 2.7072993871073301 2.8094728178404571 2.8471036332570967 2.8197398790082264 2.7334818560893099 2.6002050242449615 2.4360220658804117 2.2592230990383753 2.0880071157643325 1.9383362733951361 1.8222079643356586 1.7465582223533125 1.712901748845818 1.7176992855652331 1.7533413724354363 1.8095630054756375 1.875063966504622 1.9391054307166238 1.9928800842566474 2.0305020635021238 2.0495248570997067 2.050960638073577 2.0388356671387582 2.0193678311822447 1.9998904080432709 1.9876687135738931 1.9887625115746406 2.0070770420001174 2.0437203128955392 2.0967461151298679 2.1613145907060307
0.75833271175729289 0.74587488387044876 0.76172035949196593 0.8122051571622253 0.90240847016190173 1.0346609467879335 1.2072738885323882 1.4137608010540501 1.6427600782055969 1.8787594885640382 2.1035865998674748 2.2984887125531577 2.446508401933766 2.5347905391221452 2.5564494156325535 2.5116838853956773 2.4079445061263609 2.2591083610981881 2.0837765227435137 1.902946994170934 1.7374084815882163 1.6052331708239715 1.519717297293268 1.4880355870801039 1.510757123511246 1.582237849260564 1.691780712590077 1.8253565023384088 1.9676184025599657 2.1039256335423553 2.2221138238131202 2.313804300169152 2.3751203923054836 2.4067640909146517 2.4134895654917896 2.4030816147655152 2.3850001536349512 2.3688822254257107 2.3630993741305071 2.3735515386015371 2.4028419949412605 2.4499259820391845 2.5102644815956037
0.56422129060878268 0.53771381848482558 0.53720290076249611 0.57016890791361496 0.64300707810438884 0.75933444404054384 0.9185135749188118 1.1146988454670217 1.3366464860548914 1.568413937656409 1.7909247244698858 1.9842182690359833 2.1300694945595087 2.2145778411849673 2.2303081107784255 2.1776221240415339 2.0649618421855478 1.9080098620671635 1.7278321697117034 1.5482687158763468 1.3929520425069832 1.2823846315662599 1.2314860639894667 1.2479382393041001 1.3315278704960272 1.4745335895728702 1.6630552910073231 1.8790581570593858 2.1028195824245484 2.3154326272250505 2.5010352580265973 2.6484938811735179 2.7523605613638287 2.8130308343726869 2.8361375194286333 2.8313113066561364 2.8105102289930683 2.7861607035959262 2.7693603931160791 2.7683695745078958 2.7875682495197207 2.8269884748158285 2.8824542339293902
0.3223387620211684 0.27617827170893694 0.25389858810180965 0.26465068253809565 0.31668859200042543 0.41541825089443551 0.56165641231195318 0.75044782428080969 0.9707226320599831 1.2059512556086882 1.4357892401965064 1.6385280279036321 1.7940120965416724 1.8865792816495488 1.9075514703565546 1.8568556368653848 1.7434829184353788 1.5846741252171004 1.4039217214612032 1.2280653920071407 1.0838988054982486 0.99477651132820522 0.97770252323296125 1.0413004005615916 1.1849249660665027 1.3990029261549914 1.6665118459529937 1.9653511654786859 2.2712468894746825 2.5607767877855419 2.8141095243916463 3.0171139666400948 3.1626011463905659 3.2505928538330586 3.287647398298073 3.2853954380607879 3.2585314733354589 3.2225597377128414 3.1916033351259001 3.1765551633854141 3.1837859668607824 3.2145395350622423 3.2650498366315954
0.052010819081965476 -0.018181795452391514 -0.066151401866901605 -0.080540158657516292 -0.050701418142292232 0.031032456073890602 0.16728405130217738 0.35416566027545815 0.58074591465828962 0.82964417313290362 1.0787655176454041 1.3039891911832968 1.4824429522262697 1.5958703141811115 1.633553209302234 1.5943006812746614 1.487148633170184 1.3306138078370484 1.1505725057828287 0.97705152985093036 0.84038866248005251 0.76731519847198237 0.77752005795887613 0.88117550361734165 1.0777541913090882 1.3562723272707782 1.6968857425361077 2.0735766145975698 2.4575256350007386 2.8206864877024271 3.1390746684633628 3.3953476692103921 3.5803748343423889 3.6936516053022199 3.7425793613796023 3.7407839035811508 3.7057622651654221 3.6562154650436671 3.6094389762720089 3.5791062082561655 3.5737030169627593 3.5957672863107994 3.6419728144245687
-0.22199552156351499 -0.31887224449319085 -0.3944891072747736 -0.43477059827019704 -0.42618750002429717 -0.35839837884010972 -0.22669828524144875 -0.033816616095161844 0.20932424326372145 0.48413066541918703 0.76617694949733406 1.0281717551970513 1.2436525391061575 1.3908579791354478 1.4561668952124234 1.4365347536185951 1.3405007205594379 1.1875558984517391 1.0059193165463036 0.82901841082383498 0.69117299011627842 0.62310339802514214 0.64790681549667517 0.77806938103301015 1.0139210217534691 1.3437221855711621 1.745332194103473 2.1891846293175758 2.6421190915142141 3.0715152282237326 3.4491565179920691 3.7543167864213745 3.9756978706383332 4.112028137436595 4.1713288332022973 4.1690380775266949 4.1253247904819741 4.0620094731128749 3.9995285349211871 3.954337219714172 3.9370551316567766 3.9515354353216727 3.9949036345771765
-0.47134852431174323 -0.59551375601289713 -0.69852007190817123 -0.76312370818424946 -0.77249795590928527 -0.71330024187637475 -0.57855554265774267 -0.36983152124728069 -0.098252140159455825 0.21594289329946137 0.54535758407604185 0.85872489727963375 1.1250831732564734 1.3182299544833884 1.4207589016597744 1.4270219492742793 1.3445089982347282 1.1933766058230615 1.0041443626803828 0.81386385797448391 0.6613024531633469 0.58183435678097095 0.60277236355093722 0.73980135284408655 0.99500359851772324 1.3567252847582176 1.8012620584129915 2.2960809703016247 2.8040856415165725 3.2883009468703213 3.716319726043972 4.0639182590642244 4.3173953381392396 4.4743949455154848 4.5432002828740128 4.5407011217150606 4.4894057724570704 4.4139717020903211 4.3377557448471631 4.2798394032649476 4.2528809209209486 4.2620044550223479 4.304781225750725
-0.66669655877686096 -0.81663592726271084 -0.9445939399420602 -1.0297988507277545 -1.0518105825816737 -0.99405665402424792 -0.84719371794705189 -0.61169715750580633 -0.29915405443220577 0.068090072643006927 0.45902641521725052 0.83762402387757717 1.1675439343808407 1.4172429637921169 1.5646824246064173 1.6008868549406328 1.5317570262238018 1.3778038763098628 1.1717907940263643 0.95459624009536737 0.7698830225477078 0.65834079280886448 0.65232771556374192 0.77166949065453627 1.0211929074222237 1.390307758548821 1.8546475199787822 2.3794826670894951 2.9243753478003791 3.4483858131934539 3.9150906297700043 4.2967339382164695 4.5769917904916033 4.7520567371144251 4.8300065135524406 4.8286654442479175 4.772363325553318 4.6881181184704301 4.6018041554841815 4.5348199363798702 4.5016546342754991 4.5085940433161129 4.5536319600350916
-0.78068173077328007 -0.95298518834529555 -1.1016366025501709 -1.2020907769882674 -1.2300915239595944 -1.1657077352103693 -0.99720528514416351 -0.72407949187820009 -0.35864679423078494 0.074215525319644593 0.53931113370925088 0.99514994320655825 1.3992435441342779 1.713913698078126 1.9117329810399291 1.9797394045501937 1.9217355469809911 1.7582696211581592 1.5242518655539519 1.2645241140149872 1.0280129274403604 0.86130759289445535 0.80258252314510359 0.87672051537255946 1.0923027483384606 1.4408460714731688 1.8983339325883601 2.4287559031080148 2.9890919640505107 3.5349919969981043 4.026333432126715 4.4318967583895486 4.7325657208898342 4.9227053805394139 5.0096541465652562 5.0115390920189942 4.9538456406618812 4.8653130409519347 4.7737718293192319 4.7024914076674467 4.6674819202751516 4.6760213772869799 4.7264868519217416
-0.79111410141394622 -0.98100339796358771 -1.1449501648214133 -1.2545183846001695 -1.2815488274044353 -1.2027118381920723 -1.0039087735102903 -0.68376635506496841 -0.25554239284907454 0.25303347279427579 0.80215034837878685 1.3443393066716269 1.8303752661646329 2.215824738674022 2.4672591980942555 2.5671688844983431 2.516790220471437 2.3363720331871032 2.0627977188687994 1.7448855213783365 1.4370401295922139 1.1921703420705336 1.0548843977293365 1.0559161480775219 1.2085355486143539 1.5073908360607036 1.9298666488446012 2.4396783908146462 2.9921128673800004 3.5401135823004446 4.0403247694732363 4.4582593665901431 4.7719291355840747 4.9735372824766637 5.0691394011393056 5.0764768596642433 5.0214318118117252 4.9337111072126483 4.8424210151075489 4.7721478303628588 4.7400290227338759 4.754114372699914 4.813109786246585
