CROSS_VALIDATION_INTERPOLATED_TRAIN_FILES_80-20/CROSS_VALIDATION_CLASSIC_80-20/MHZ/TZ/MHZ_TZ_1_train_z_1000.asc
ncols 100
nrows 81
xllcorner 5.5967107548124995
yllcorner 50.982328804812504
cellsize 0.00017565037499993607
nodata_value 1.7014100000000001E+038
[rows 0 to 18 of 81, columns 42 to 83 of 100]
1.8579158126438393 1.8644811987003109 1.8695919662340019 1.873661769259291 1.8769653450711603 1.8796800827993918 1.8819197504926148 1.8837596884625205 1.8852540874698207 1.8864467188262495 1.8873767728610438 1.8880814222304632 1.8885964855822852 1.8889562344877309 1.8891930440817792 1.8893372878710109 1.8894176454664113 1.8894618332750537 1.8894976726216506 1.8895543595639319 1.889663775869332 1.8898616639817083 1.8901884694594535 1.8906896302243354 1.8914150705401527 1.8924176548933846 1.8937503937777098 1.8954622898515572 1.8975928808659732 1.9001657712298416 1.9031817220370755 1.9066121427524365 1.9103940328664568 1.9144274905218315 1.918576781789652 1.9226756241512883 1.9265368010072264 1.9299655608188293 1.9327755771338233 1.9348056883259974 1.9359353246673141 1.9360965524021263
1.8491969086317299 1.8566718940976994 1.8627330474514854 1.8677562496067064 1.8719812054617355 1.8755558710326001 1.8785718922030399 1.8810904005236697 1.8831589575043912 1.8848212733440852 1.8861216480818839 1.8871060279356748 1.8878212778466454 1.8883138680721707 1.8886287553170416 1.888808872188773 1.8888953563150634 1.8889284597787581 1.8889489691961385 1.8889999142798639 1.8891283219481272 1.8893867607506412 1.8898344015834283 1.8905372922749268 1.891567516020344 1.8930008993626877 1.8949129844787551 1.8973731122602726 1.9004366951121066 1.9041360873362183 1.9084708520334404 1.9133986104732563 1.9188279524516665 1.9246149868453015 1.9305649403421192 1.9364397327699803 1.9419716972455685 1.9468826716441383 1.9509067243480869 1.953813982985475 1.9554325902754104 1.9556658407933452
1.8377794504145668 1.8463796375067036 1.8536494506467944 1.8599056122410387 1.8653346971733269 1.870040762852119 1.8740825752892842 1.8774998324929948 1.8803293956870806 1.8826134801572483 1.8844021216140212 1.8857521605031045 1.8867246306338679 1.8873819443792104 1.8877857517111951 1.8879958958790439 1.8880705390798198 1.8880672989140976 1.8880451078280696 1.888066454695714 1.8881996557878649 1.8885208000434075 1.8891149996049481 1.8900765457451212 1.8915075359973041 1.8935145313343522 1.8962028646733677 1.8996683958901892 1.9039868209996924 1.9092010906940655 1.9153080302613561 1.9222457883072517 1.9298841501729398 1.9380198971010727 1.9463791610657442 1.9546280651232788 1.962391886941427 1.9692816756610365 1.9749259114798119 1.9790036899278869 1.9812752909303717 1.9816060312147501
1.8229873454804031 1.8329959054282856 1.8418020119322187 1.8496400014932362 1.8566231404534961 1.8627950865346521 1.8681691879201665 1.8727550889640487 1.8765739245705164 1.879664463208305 1.8820829789438456 1.8838995388802986 1.8851929555825548 1.8860460432238078 1.8865421741825625 1.8867635630730111 1.8867912672173541 1.886706605013559 1.8865935424791251 1.8865415477770204 1.8866484184468106 1.8870226032016912 1.8877845390305847 1.8890664954582821 1.8910103772345519 1.8937629251951473 1.8974678301535925 1.9022544956872709 1.9082235927357329 1.9154301411023305 1.9238655714043311 1.9334409445093488 1.9439740636964657 1.9551834207543992 1.9666916145225375 1.9780399941192266 1.9887148564405388 1.9981837528807351 2.0059386355012805 2.011541062011307 2.014663827194338 2.015123435966748
1.8040907504280776 1.8158620186321119 1.8266048295947617 1.8364462867359508 1.8454041242354113 1.8534429566180131 1.8605161913960386 1.8665931431735689 1.8716729589546459 1.875788219504253 1.8790015788939831 1.8813986890684231 1.8830801195833302 1.8841542234717963 1.884732094277318 1.8849250391299428 1.8848444385218914 1.8846035040228037 1.8843202664080381 1.8841210842242764 1.8841439971820009 1.8845413007685008 1.885480743879639 1.8871447329247502 1.8897268811698731 1.8934252231009365 1.8984314973702279 1.9049161704613735 1.913009385319147 1.9227787798248357 1.9342060564476748 1.947165138929295 1.9614054985346563 1.9765445202838308 1.9920723960757152 2.0073718717894931 2.0217532973340089 2.0345030747182364 2.0449411707878196 2.0524813444753054 2.056686596077566 2.0573124014669464
1.7803352476629768 1.7942928950945682 1.8074442710580481 1.8197829274892288 1.8312067821960518 1.841580463777921 1.8507806655888399 1.8587241024622927 1.8653800633469957 1.8707710379678497 1.8749654980193089 1.8780667787119367 1.8802013486516955 1.8815088108856517 1.8821349629934017 1.8822283297733227 1.8819398767018376 1.8814251599769123 1.8808479571977954 1.8803843973146217 1.8802266916834287 1.8805856788512132 1.8816914697107539 1.8837914867863579 1.8871451475548264 1.8920144108952333 1.8986494888250451 1.9072693343390008 1.918037135301504 1.9310319903138529 1.9462191296106173 1.9634222728292294 1.9823026931948224 2.0023499542954419 2.0228888176130444 2.0431053413460201 2.0620927717725914 2.0789147783082385 2.0926804237521521 2.102622627416749 2.1081703783746373 2.1090050153953319
1.750975750754534 1.767605048911971 1.7837017601522471 1.7990981680906541 1.8135459663208136 1.8267863552237327 1.8385999696089406 1.8488362507287373 1.8574246886290262 1.8643721414863159 1.8697511835688456 1.8736842853988676 1.8763278281819029 1.8778587800762341 1.8784655840161477 1.8783436450032969 1.8776949052753729 1.8767304247282286 1.8756746339302928 1.8747699328418361 1.8742804691722013 1.874494135613147 1.8757219816447954 1.8782942921416117 1.8825525510228855 1.88883645914856 1.8974652405901105 1.9087128001582958 1.9227770087452023 1.9397445278707703 1.9595540457763228 1.9819623397165964 2.0065188323377408 2.0325548491443377 2.059193237511856 2.0853821779200432 2.1099539796994149 2.1317057945523543 2.1494951630097536 2.1623399443237967 2.1695102498850694 2.1706000555470726
1.7153123751827588 1.7351468499852509 1.7547789980318214 1.7738507366803091 1.7919389149921916 1.8086351420296767 1.8236017268486564 1.8366032999583504 1.8475170107039887 1.8563263511735313 1.8631045930704004 1.8679936743710819 1.8711834049222009 1.8728944076255147 1.8733666082264797 1.8728536138426526 1.8716221748769872 1.8699552046405079 1.8681565382284058 1.8665556704173578 1.8655109920703847 1.8654103957788597 1.8666684098943827 1.8697191621919473 1.8750044649858206 1.8829562371109074 1.8939724962869571 1.9083864661148278 1.9264291159187694 1.9481867574917924 1.9735570637231359 2.0022087596413112 2.0335518091442939 2.0667256441491428 2.1006123786704958 2.1338797526960529 2.1650548342845797 2.1926247438342368 2.215155671958712 2.2314172582431548 2.2404969651454358 2.2418891186947345
1.6727259181041996 1.6963295178112792 1.7201247680360428 1.7435327454635292 1.7659245482858958 1.7867131096564743 1.8054168817638647 1.8216948178570564 1.8353560284657471 1.8463501135041107 1.8547453591024117 1.8607018562761077 1.864445443850113 1.8662465944478299 1.8664063611448602 1.8652496439948814 1.8631245828340732 1.8604059775276769 1.8575002985452669 1.8548499919527561 1.8529352387198728 1.8522718967608773 1.8534048440394486 1.8568962205100905 1.8633081038424726 1.8731790373990482 1.8869937565902055 1.9051456898337782 1.927892580198082 1.9553070021824097 1.9872255494629507 2.0232027118605207 2.0624773923378439 2.1039609739508411 2.1462552265945676 2.1877057911581335 2.226492557613148 2.2607525178899022 2.2887246161363057 2.3089009816862207 2.3201659254368341 2.3219040779636404
1.6227119328332571 1.650658570512475 1.6792636335506528 1.7076955620471104 1.7350865129872584 1.7606386188532834 1.783697413913786 1.8037915725337854 1.8206427991552649 1.8341529119693263 1.8443766746234169 1.8514888454081602 1.8557525541582507 1.8574939460977653 1.8570855527798065 1.8549385209873193 1.8515019992690547 1.8472668510894079 1.8427704797686923 1.8385998165886257 1.8353902318400996 1.8338190098191203 1.8345928139480963 1.8384290558429379 1.8460311968842129 1.8580578371287522 1.8750852211905764 1.8975628464709722 1.9257625215466554 1.9597226845842268 1.9991919990754146 2.0435788339402228 2.0919155606366986 2.1428478567485936 2.1946586388057385 2.2453333937555513 2.2926685732344616 2.3344179890083412 2.3684649721020445 2.3930019202681088 2.4066952217995716 2.408813469479286
1.564914494276384 1.597767320696875 1.6318284957367328 1.6659808897243966 1.6990823986363632 1.7300892326792758 1.758141311118079 1.7826084363573731 1.8031014911076269 1.8194568022018585 1.8317037400743532 1.8400256249709799 1.8447224350329718 1.8461811950773568 1.8448568801704293 1.8412637720453824 1.8359749162147589 1.8296259264539687 1.8229189577449718 1.8166231154152839 1.8115686278842911 1.8086334274016322 1.8087219851667484 1.8127370357885524 1.8215450595508991 1.8359361373768313 1.8565783305902286 1.8839664880436913 1.9183657878768818 1.9597516786134415 2.0077501997769094 2.0615855597577788 2.1200445900218678 2.1814693232150861 2.2437885321634905 2.3045960169034561 2.3612777193986521 2.4111820736186651 2.4518197078098307 2.4810714471161441 2.4973792494538212 2.4998945169967377
1.4991631450517251 1.5374560541474822 1.5776007258824354 1.6181607908132809 1.6576828290409029 1.6948393080886974 1.7285283525079091 1.7579283065400499 1.7825116296021402 1.8020273928659953 1.8164640858339571 1.8260045834158305 1.8309833264205375 1.8318526492672029 1.8291614848722615 1.8235461088404978 1.8157297466706144 1.8065261472997456 1.7968417673247634 1.7876719074554055 1.7800876762368043 1.7752125614437386 1.7741891598035213 1.778137821418929 1.7881093696115413 1.8050336946375864 1.8296652096831489 1.8625254301369516 1.9038428807554859 1.953491593474634 2.0109317336833459 2.0751590230807975 2.1446727936062708 2.2174745934436464 2.2911091529244887 2.3627564364590183 2.4293773526801683 2.4879071973608293 2.5354815680136102 2.5696713067371775 2.5886980060314153 2.5916012467716669
1.425518431260651 1.4697420606857676 1.5165628133429654 1.5641913726162984 1.6108249327231901 1.6548123449088301 1.6947707906765324 1.7296509377235871 1.7587552505774726 1.7817198246464492 1.7984731833922991 1.8091858252688979 1.8142222921496001 1.814103854786655 1.8094854516139924 1.8011461660140564 1.7899890447102478 1.7770439691137829 1.7634668126119086 1.7505291493034343 1.7395949329766529 1.7320832406406192 1.7294186942276988 1.7329729362842845 1.7440011732616423 1.7635772934671237 1.7925297739495409 1.8313791695006278 1.8802772008155182 1.9389479635925071 2.0066338126987953 2.0820517248441344 2.1633695282091927 2.2482140307072012 2.3337234447671058 2.416653623030224 2.4935412562165649 2.5609180676549306 2.6155598055749678 2.6547447101370327 2.6764903982576786 2.679737495133852
1.3443320094650795 1.3949259314203253 1.4489684893008172 1.5042847329621363 1.5586844954930366 1.6101521506111489 1.6569827756707891 1.6978603242134245 1.7318823889103945 1.7585429438491111 1.7776882825458542 1.7894619994370307 1.7942526461867032 1.7926534135777257 1.7854378805685511 1.7735506237123508 1.7581072544725964 1.7403959386404764 1.7218719718419855 1.7041384502690335 1.6889090149191579 1.6779523000428531 1.6730211910311545 1.6757724749977738 1.6876834100494369 1.7099710461959046 1.7435181957499264 1.7888075801537011 1.8458638734833985 1.9142030034884847 1.9927896061597201 2.0800067459688778 2.1736459945958746 2.2709292701967261 2.3685749061405117 2.4629180276310567 2.5500890619549104 2.626244766998016 2.6878352588108037 2.731880583228298 2.756223950084169 2.7597277978382735
1.256325788887005 1.3136778437303962 1.3754335350284927 1.4390020439511266 1.5017694780063517 1.5613153930893811 1.6155710186868928 1.6629130451999576 1.7021971780200738 1.7327437234682013 1.7542921890076961 1.7669428879169247 1.7711011507615286 1.7674348259299093 1.7568495060685723 1.7404796620347776 1.7196887994837053 1.6960687665936591 1.6714278819192565 1.6477595543031223 1.6271869704473843 1.6118842779572669 1.6039793444021901 1.6054465395602877 1.6179993129609638 1.6429914116032958 1.681332827007826 1.7334229522581883 1.7991002400278155 1.8776060719635517 1.9675612891924681 2.066956830675732 2.17316426323766 2.2829760785314908 2.392687653531266 2.4982312248361151 2.5953664786784074 2.6799229694607485 2.7480783085204146 2.7966455042007805 2.8233357607949614 2.826961657234869
1.1626906254685474 1.2271436481941003 1.297046731020971 1.3693671405880026 1.4410343630618443 1.5091852093621196 1.5713465898512911 1.6255476399395488 1.6703646776850007 1.7049119185416728 1.7287966156026986 1.7420587820718019 1.7451131414373968 1.7387053756448874 1.7238874911249162 1.7020097640478742 1.6747207292793329 1.643963170385105 1.611953651910865 1.5811357806436361 1.5541024295995416 1.5334884350263556 1.5218413335233263 1.5214821373532561 1.5343699315692974 1.5619828645174811 1.6052243397761354 1.6643580678840186 1.7389706886031842 1.8279574882052452 1.9295263529783602 2.0412176674243963 2.1599425051902288 2.2820464510177207 2.4034096408693539 2.5195932954033253 2.6260382269410965 2.718311903767046 2.792389383348449 2.8449424770037148 2.8736038589416824 2.877170904728116
1.0651989840684455 1.1370647302618881 1.2154949093089098 1.2969948945971439 1.3780101480391502 1.4552013236208359 1.525653932577588 1.5870116115576527 1.6375353410054643 1.6761019009891867 1.7021617538703802 1.7156786284220633 1.7170705167666644 1.7071655792069553 1.6871781577270903 1.6587015657435242 1.6237073210988315 1.5845364201112462 1.5438678958091578 1.5046532833177424 1.4700119666680127 1.4430902875685048 1.4268949667561865 1.4241170481486456 1.4369648957301964 1.4670232272059653 1.5151502162277031 1.5814177082672791 1.6650925206164358 1.7646516218437283 1.877822148103399 2.0016391304922596 2.1325186833760097 2.2663503998083998 2.3986174485096172 2.524554190592581 2.6393477666530929 2.7383821782425075 2.8175125216289074 2.8733459678086097 2.9034979518513286 2.9067894636735021
0.96631868936274734 1.0458987266607891 1.1331896146850575 1.2242226480571898 1.314939237598477 1.4014969879234345 1.4805084144546665 1.5491982167559089 1.6054798450941385 1.6479646163393804 1.6759248210915172 1.6892350753409437 1.6883136577133313 1.674078772999835 1.6479253515161836 1.6117182540475246 1.567789700261391 1.5189240727542799 1.4683129608741696 1.4194674841647434 1.3760827095425587 1.3418586713766825 1.3202919542909455 1.3144588214922346 1.3268137873006387 1.3590256123835047 1.4118664051547478 1.4851604327017833 1.5777897176299118 1.6877459885229589 1.8122149528131914 1.9476799144197607 2.0900367943334333 2.2347196984613351 2.3768426677367218 2.5113665800770191 2.6332986916413961 2.7379258227999328 2.8210721529088794 2.8793617029507859 2.9104570896290927 2.9132428344594161
0.86930788905531609 0.95692157629519814 1.0533766277394803 1.1542270279123652 1.2548987912702974 1.3510275691050366 1.4387284196205321 1.5147800310951904 1.5767219731767481 1.6228776937600762 1.6523255602112694 1.6648439276849507 1.6608539022612629 1.6413761999632872 1.6080082071182153 1.5629164258204187 1.5088303732106962 1.4490187133958818 1.3872281600126328 1.3275706675788319 1.2743536731649072 1.2318597133770741 1.2040930683878748 1.194519555558943 1.2058291508720931 1.2397487998739061 1.2969250408398709 1.3768847114501475 1.478069794995859 1.5979323588655587 1.7330699338818618 1.8793816899073965 2.0322308754036915 2.1866072078965164 2.3372913145623544 2.4790289704587885 2.6067236769634619 2.7156515118630944 2.8016933603622851 2.8615692242906654 2.8930505836793259 2.895122702195521
