CROSS_VALIDATION_INTERPOLATED_TRAIN_FILES_80-20/CROSS_VALIDATION_CLASSIC_80-20/MHZ/TZ/MHZ_TZ_3_train_z_250.asc
ncols 100
nrows 81
xllcorner 5.5967107548124995
yllcorner 50.982328804812504
cellsize 0.00017565037499993607
nodata_value 1.7014100000000001E+038
[rows 19 to 37 of 81, columns 0 to 42 of 100]
30.370355249366547 30.745721903320607 31.003535415768887 31.124043916867173 31.094695840328619 30.911283229907774 30.578273698511772 30.108308717166288 29.520964768258558 28.840971591420207 28.09614106839468 27.31527307013527 26.52627307694015 25.754651883742198 25.022497003449772 24.347926127889103 23.744969408243904 23.22378733776705 22.79111565382923 22.450833228328818 22.20456559381136 22.052257599044673 21.992667902498923 22.023753077899812 22.142920588072812 22.347140220156476 22.632915434492602 22.996130886241545 23.43180946434569 23.933828754686644 24.494658647944938 25.105184456221842 25.75467018007388 26.430893793671423 27.120453246291397 27.809204413955904 28.482759202130936 29.126952974451591 29.728193370574907 30.273630885201054 30.751142258758605 31.149180454176083 31.456603545020176
30.091136193686062 30.450976400433852 30.701066568753781 30.823225223545442 30.806112108391908 30.64624695651947 30.348241441008788 29.924229382624794 29.392596938612606 28.776210616214364 28.10039941784887 27.390959665645433 26.672418555714465 25.966725699788782 25.292457013936271 24.664529952492643 24.094358230354459 23.590327259710861 23.158451419703653 22.80307809109928 22.52752454309767 22.33456448924337 22.226714615097109 22.20630298535994 22.275328706198771 22.435145054154503 22.686016743522849 23.026616152852576 23.453532475305259 23.960870400957567 24.540009204980954 25.179577486005201 25.865672971454288 26.582322462086594 27.312138253269559 28.037090754750814 28.739290641700393 29.401665834703778 30.008434849241084 30.545319892889964 30.999505384338249 31.359418283476295 31.614468404712451
29.760125178661504 30.100788774960485 30.340606230377269 30.463193395798662 30.458589485715883 30.32413533612506 30.064594707883522 29.691511860057254 29.221912379698914 28.67654829235294 28.077945822483706 27.448525855138477 26.809033793558015 26.177446541798709 25.568435200405823 24.993370272447386 24.460777454607182 23.977097441048635 23.547577558235368 23.17712566647851 22.870982494526821 22.635110001349894 22.476242649759783 22.401598696276636 22.418294334467383 22.532540911411033 22.748731881186202 23.068540034032289 23.4901459814308 24.007705779242279 24.611139708716756 25.286287455590063 26.015430339311955 26.778133353719618 27.552314484117097 28.315413060200306 29.045510132340105 29.722258377697209 30.3275103892313 30.845591123199494 31.263235298272463 31.569289814253281 31.754346397325683
29.394208735336782 29.712724757125152 29.939861538746179 30.061165782680085 30.068154838480105 29.959044899296721 29.738755634926626 29.418193178939823 29.012923799242749 28.541442142887767 28.02329391929586 27.477323915783195 26.920286053229766 26.365981124387204 25.824994491107702 25.305007677005023 24.811570911925827 24.349160888118107 23.922316442814967 23.536646025008018 23.199531167276994 22.920402838757951 22.710533693117711 22.582359525738049 22.548408917547363 22.619973513769089 22.805686874200532 23.110193706997208 23.53308235808062 24.06822298365325 24.703605548225035 25.421711283663342 26.20038552682329 27.014116716806633 27.835573764733532 28.637219591655928 29.392808795119052 30.078596387962328 30.67413304218935 31.162595998021345 31.530693621478804 31.768269767330427 31.867802305720701
29.008191857266347 29.302087120683488 29.514133745332622 29.631861304390362 29.648305294402327 29.562581509429528 29.379772078200382 29.110134161513677 28.76774908290384 28.368818448757729 27.929868152776471 27.466131357726788 26.990346459166297 26.512132897218912 26.038010180118455 25.572020691272371 25.116821865021457 24.675042346277465 24.250659183243648 23.850152688334759 23.483230620034092 23.162977457955336 22.905368056542578 22.728176162831986 22.649394883912706 22.685356738218879 22.848786159832962 23.147031349997178 23.580703460703525 24.142901950243235 24.819132286321839 25.587935720399273 26.422161981271138 27.290735968484491 28.160709278293567 28.999354954173278 29.77606460063263 30.463842677694913 31.040260735815504 31.487826763720129 31.793828528135201 31.949806991386097 31.950886471483727
28.613536987383135 28.880580134778988 29.074943497761844 29.186129834449609 29.208691527992805 29.142651951942618 28.993274088453127 28.770196773724514 28.48606194744864 28.154842047156698 27.79012909437494 27.403656103311214 27.004285265699316 26.597622126190231 26.186313479612075 25.7709757876165 25.35159821064579 24.92918558330657 24.507363348355362 24.09366462343764 23.700259254143404 23.343960253594439 23.045443941073316 22.827732361112943 22.714094432336836 22.72561031227297 22.878698764782065 23.182921500038447 23.639349087298633 24.239704124178175 24.966398737422054 25.793469297971342 26.688297569622854 27.613910074632329 28.531579424246267 29.403421856968059 30.194698457442229 30.8755823751045 31.422244268450765 31.817221298460808 32.049154654167459 32.11208680347066 32.004581607906168
28.217712204711681 28.455623585114488 28.629332686094095 28.7302691318014 28.75448160224186 28.702909944574934 28.581039256910323 28.397966002932598 28.165005423654968 27.894052047946182 27.595955219186088 27.279179119782761 26.948979191721044 26.607249411389716 26.253089611768182 25.884025466502798 25.497704039801889 25.093801997868731 24.675835147914789 24.252555061630346 23.838662906919289 23.454657317477213 23.125751003199319 22.879923692735801 22.745307802529204 22.747208579073622 22.905125746335415 23.230157887872046 23.723130573744783 24.373699795289696 25.160556597068208 26.052715556217798 27.01173013405247 27.994562159022443 28.956757051753421 29.855550992394932 30.652563988218489 31.315809391837441 31.820864879147834 32.151185713669555 32.297677776490112 32.257762904171216 32.034241155814868
27.824181863282895 28.030352834479224 28.179881442798639 28.266068429449128 28.286442855490115 28.242889791003471 28.141192789700092 27.990031324070777 27.799568842041175 27.579846212055564 27.339242712767522 27.083272222182622 26.813942799694232 26.529828009109778 26.226889481947666 25.899968629021082 25.544749657249099 25.159904298901928 24.749076082927203 24.322358601223549 23.896971364333986 23.496934271667435 23.151675727593897 22.893661936478246 22.755283693018242 22.765358911122448 22.94568392156733 23.308080476024195 23.85233404180692 24.565308574729933 25.421369595641494 26.384074358952745 27.408921655656862 28.446819438157988 29.447845619028534 30.364857344358775 31.156548363996741 31.789654964598121 32.240152435350026 32.493444521315212 32.543702931072218 32.392637657540867 32.048049751221839
27.432978235998483 27.604241503145495 27.725376191966255 27.791515074959186 27.801679664954484 27.758767504885519 27.668984226202134 27.540771349423629 27.383372720861267 27.205257956153922 27.012665400009119 26.808529842650309 26.592018243059073 26.358814105948909 26.102178864065792 25.814692706137429 25.490456654446817 25.127441383059733 24.729612817518408 24.308461561652862 23.883617309939041 23.482337038342919 23.137804781064673 22.886351441444774 22.763870337680736 22.80184141243938 23.023460449074044 23.440382787141218 24.05052836786313 24.837263537652795 25.770093911266692 26.806799629033158 27.896751390083487 28.984992862333307 30.016585686972654 30.940699861224999 31.713995021596212 32.302965464419579 32.68509248259447 32.848834456340285 32.792658533477109 32.523449798180366 32.05470221721886
27.041720573498118 27.17420722166856 27.261986437412467 27.302022611975993 27.294889679095256 27.244619513371511 27.158021344749308 27.043535005130643 26.909769426678729 26.763949465818705 26.610534406097614 26.450270591910055 26.279895269743584 26.09262280416398 25.879428697134429 25.631017271112491 25.34023460239564 25.004588992844894 24.628484479357191 24.224771362781745 23.81527717398064 23.430098811522782 23.105599295392359 22.881239526212688 22.795559180689743 22.881771654766247 23.163528763433668 23.651422674481701 24.340718520683019 25.210659053710359 26.225474321933916 27.336997000043567 28.488564874702412 29.619721385606873 30.671129998802193 31.589112508298719 32.329304002669197 32.859072728700106 33.158554734766582 33.220367702695164 33.048261167026737 32.655100494535155 32.060646782828641
26.64690667868588 26.736016993064695 26.784762581615816 26.791993227533979 26.759957260411348 26.694008712856601 26.60180703620351 26.492085529542386 26.373150282183808 26.251339096525747 26.129705599465311 26.007188192869599 25.878473654844399 25.734675197853569 25.564825403023711 25.358051762133194 25.106175882813709 24.806376812999886 24.463502544686087 24.09161504432258 23.714419461269692 23.364354725967843 23.080297766484691 22.904034745453465 22.875850604068738 23.029750381071153 23.388922385363266 23.96206292018698 24.741096908397381 25.700656728017911 26.799447053939794 27.983363015658107 29.189984877849554 30.353885070364811 31.412083464564994 32.308989766787178 33.000275385200887 33.455301786889983 33.657965852223185 33.606065635377725 33.30950242192894 32.78778301616412 32.067346563809565
26.245291784759651 26.285796875128874 26.289253948020459 26.256513489895127 26.191688632942707 26.101714024112923 25.995413022568052 25.882164713761902 25.770345412556331 25.665782898609883 25.570492110590585 25.481949645123635 25.393108799691063 25.29326173312792 25.169731805946704 25.010243675736092 24.80569076361936 24.552919497552338 24.257095588979048 23.933223219228445 23.606459942847927 23.311005633876789 23.087529769327141 22.979314551964976 23.027500808057439 23.265994713011182 23.716693978868854 24.385698720820081 25.261075731068395 26.312553998665294 27.493270406835855 28.743397901583492 29.995221202872379 31.179022461772497 32.229035542303869 33.088739806166728 33.714888860647683 34.079883631269766 34.172364455607372 33.996168144433589 33.568028042315774 32.914550817262629 32.069059272099437
25.835183773017562 25.821463979151702 25.773057887846996 25.692991915357815 25.587500398574541 25.465424203411963 25.337126507235972 25.213035068030393 25.102001670964334 25.009728899348524 24.937538878950569 24.881740165630553 24.833786058978077 24.781315953448846 24.710042912938 24.606312399658179 24.46002875215536 24.267547782137086 24.034083848197504 23.775191394450765 23.516960470530805 23.294710146476916 23.150159426561231 23.127278317114737 23.267239965244698 23.603072165711566 24.154709040100073 24.925146265738896 25.898295898820841 27.038928578492275 28.29480992750279 29.600827857929026 30.884619657124396 32.072991675756377 33.098317968919709 33.904125834321555 34.449221325872749 34.709949999958639 34.680484276005558 34.371327515823353 33.806476080128775 33.019843800676064 32.051604154725055
25.41751269307013 25.343926787178802 25.237136712931125 25.10256940949499 24.948891148446577 24.787229401606673 24.629912653626526 24.488858212816808 24.373818471482316 24.290751510237428 24.240599779336875 24.218733679839161 24.215245023450919 24.216165569460067 24.205551387561826 24.168232469738406 24.09289891959002 23.975100213387968 23.819689987367205 23.642268202696982 23.46926082048838 23.336430542326291 23.285816556141583 23.361332042841255 23.603472567502905 24.043769356559913 24.699723733762426 25.570956532539647 26.637188540236416 27.858444219600777 29.17757078051131 30.524834420207775 31.824050205818018 32.999474903384446 33.982583884310863 34.717883949092631 35.167078204158962 35.311167523830449 35.150397866248717 34.702287133841203 33.998234478823157 33.079385490951104 31.992473475763312
24.996566527852849 24.857932693915025 24.686769499921205 24.491159767708737 24.282546370162414 24.07475743518247 23.882541168046089 23.71976429184307 23.597508512042005 23.522351083347253 23.495126140283439 23.510426790073808 23.557025400735895 23.619269828408292 23.679371457107116 23.7203558845248 23.729319513760728 23.700545000655708 23.637992117530665 23.556709505101239 23.482811099706318 23.451823840769904 23.505425561072464 23.686828671245095 24.03529312385843 24.580433780887141 25.337087162164302 26.301494054813233 27.449426800049601 28.736652803416845 30.101809743772598 31.471421407909183 32.766463814546192 33.909655567923551 34.832537503736852 35.481445782137598 35.821663815756033 35.839329899173734 35.541027480010008 34.951332476718228 34.108877839394253 33.061673377706178 31.862462771843468
24.580317851744972 24.372473424622626 24.132035098368597 23.870002670779108 23.600946493653289 23.341814286503165 23.110229412430293 22.922461855194769 22.791334671560179 22.724376984047915 22.722537454680555 22.779724538850928 22.883344780867425 23.015878922015609 23.157384692042847 23.288665450599126 23.394716715607331 23.467977622720483 23.510887047907843 23.537284182605731 23.572303026034582 23.650583021864335 23.81283776308107 24.101064700475121 24.552907802038867 25.195864926633966 26.042127012275934 27.084820684882487 28.296288958627656 29.628796261489747 31.017715667138489 32.38689760955095 33.655590121408572 34.746039116813712 35.590788569900838 36.138746751210313 36.359279872195472 36.243904946691515 35.805524826326852 35.075515430749647 34.099275686541233 32.931035821330902 31.6287624171277
24.180295900358878 23.90068871942249 23.587751086729924 23.255637381613148 22.922369673120507 22.608404709524358 22.334664104235863 22.120239322237985 21.98006693057858 21.922915016465396 21.950016576637758 22.054626025995944 22.222665856004319 22.434485329520832 22.667591467994022 22.900057033009404 23.114183100355021 23.29991455861817 23.457489709808598 23.598857756779687 23.74752025992904 23.936636015829663 24.205455645553876 24.594396233646997 25.139294471147863 25.865552438459829 26.782979072387981 27.882107033145935 29.132619201245305 30.484261833566066 31.870284552134017 33.21308111606087 34.431369848198464 35.448008102016381 36.197427482746214 36.631728522791256 36.724679050179347 36.473185042518182 35.896189926160453 35.031340872124531 33.930073650189271 32.651960156917241 31.259206603276059
23.810988297835969 23.459240039387652 23.072825703488299 22.669237673441607 22.270212247901235 21.900038044160091 21.583289534903855 21.34223035536472 21.194218396428639 21.14948793470856 21.209670931874939 21.367347218548197 21.606788757580617 21.90590273617287 22.239204228452948 22.581486456320619 22.911728885925122 23.216709862623006 23.493784147175958 23.752351932316152 24.013681918619525 24.30894568813784 24.675554538903235 25.152136126568365 25.772713840098596 26.560821452609183 27.524366444286088 28.652023569054876 29.911786994944372 31.252045803460511 32.605206047746421 33.893513163110946 35.036391718856216 35.95837482185771 36.596589438908168 36.90681972541325 36.867382291155579 36.48038056301894 35.770303002324546 34.780323572660251 33.566986020075468 32.194153746609047 30.727154712907893
23.488791006934292 23.067164585506795 22.609022348563663 22.13529472900192 21.671599054064401 21.24627572654655 20.887802672475338 20.621867633501701 20.468469883599987 20.439464707040855 20.536943046154448 20.752753184142428 21.069330511112348 21.461824401008663 21.901323419439699 22.358808907138837 22.809337576723919 23.235885565055611 23.63229103159685 24.004812826921111 24.371973228545819 24.762559279680836 25.211898374621562 25.756771474601557 26.429549205243312 27.252298157836343 28.231676270053846 29.355395404303366 30.590869102418829 31.886395947216528 33.174886249029754 34.379771412284207 35.422400716663532 36.229987956984978 36.743066414775974 36.921468248819856 36.74805826616933 36.229788272619338 35.396040408248822 34.294627913612878 32.986152700541247 31.537627368402376 30.016323738176716
