_KRIGING/CROSS_VALIDATION_CLASSIC_CLR/MHZ/IZ/train_5/MHZ_IZ_5_train_z_355.asc
ncols 100
nrows 81
xllcorner 5.5967107548124995
yllcorner 50.982328804812504
cellsize 0.00017565037499993607
nodata_value 1.7014100000000001E+038
[rows 57 to 75 of 81, columns 0 to 42 of 100]
3.963415428782548 3.9789250959051841 3.9908191919695581 3.9999047905027481 4.0073197640234017 4.0143917257378678 4.0224614443848896 4.0326944899425374 4.0459081337750096 4.0624394173137919 4.082074679404295 4.1040513112248238 4.1271304175553727 4.1497263024656821 4.1700675079035552 4.1863567973836187 4.1968959505334116 4.200146746826471 4.1947121858228176 4.1792405360016662 4.1522764569217738 4.1121041455106795 4.0566424191237846 3.9834561901619323 3.889939427602831 3.77370022045598 3.6331407986455537 3.468179492426438 3.2810156455534005 3.0768020966458223 2.8640724653005214 2.6547792861591346 2.4638369931203861 2.3081284185662319 2.2050167885023177 2.1704945039646133 2.2171800693814077 2.3524302534072645 2.5768537843349573 2.8834887370147064 3.2578381654710191 3.6788544082418002 4.1208348838809528
3.9175121743788082 3.9320952725791982 3.9438699096178182 3.9535542552595344 3.9621265713827625 3.9706976872078754 3.9803567776882658 3.9920127988073459 4.0062563003206169 4.0232644804395239 4.0427661590989548 4.0640734584337412 4.0861747369791619 4.1078706660627251 4.1279245784786855 4.1451917497636419 4.1586921677471143 4.1675989285195332 4.171129790665022 4.1683511972782608 4.1579291127958324 4.1378846803119149 4.1054294222132288 4.0569589920116247 3.988272199099169 3.8950517010259573 3.7735966089515229 3.6217415594368538 3.4398413653759241 3.2316569586393178 3.0049584384727495 2.771673112010935 2.5474535442221522 2.3506190635098227 2.2005232255672325 2.1155033506591798 2.1106577957638684 2.1957545314682796 2.3735878983775573 2.6390634626009759 2.9792065847088742 3.3741697092777421 3.7991737033375581
3.8697522649402187 3.8833428039780045 3.8949595817269596 3.9052421820100931 3.9150239521610444 3.9252187178501656 3.9366892206948108 3.9501181021100833 3.9659037696550299 3.9841009346347547 4.0044189167299979 4.0262806135424345 4.0489326898779741 4.0715850284161395 4.0935471871418674 4.1143240223507522 4.1336339522516017 4.1513229666427183 4.1671655620608181 4.1805687274370253 4.1902234497788893 4.1937747428818479 4.1875996139222327 4.1667863839439558 4.1253935837576936 4.0570305367987505 3.9557472973999075 3.8171561999517407 3.6396424193371124 3.4254705223748103 3.1815714346239417 2.9198093196297399 2.6565837937838217 2.4117146611553628 2.2066707480106671 2.0623220775427256 1.9964936562085014 2.0216595997014983 2.1431244769491662 2.3579900914389902 2.6551062310078204 3.0160681449729903 3.4171728044829179
3.8225874591497955 3.8350409763835969 3.8463198751151508 3.8570019081381104 3.8678001747997981 3.8794636499222093 3.8926670851564338 3.9079096119747674 3.9254421136621445 3.9452402626901359 3.9670329714654797 3.9903855243857946 4.014824219610313 4.0399769624819886 4.0656943785979909 4.0921112506741597 4.1196107399782154 4.1486654329421757 4.1795498957090889 4.2119474175270337 4.2445051730727155 4.2744213758749137 4.2971680973489921 4.3064572241030152 4.2945391008910168 4.2528817795850831 4.1732163768916504 4.0488592222964588 3.8761474324553347 3.6557671599316399 3.3937283669001466 3.1017576000955116 2.7969442898611283 2.5005803901410011 2.2362621464755548 2.027453950279225 1.894822622076592 1.8537138690610049 1.9121466071561826 2.0696418726308319 2.3170896009888291 2.6377071546463333 3.0089828785670547
3.7775226974158769 3.7885944467930428 3.7992070510274245 3.8098984162626706 3.8212937817395356 3.8340187041318514 3.848608017405732 3.8654287664235425 3.8846351833781667 3.9061700617351121 3.9298193241441282 3.9553158271131692 3.9824758817280226 4.0113396489313704 4.0422770245125665 4.0760165673382875 4.1135588740365581 4.1559491619108488 4.2039068466498204 4.257340767994469 4.3148133144572984 4.373048757503371 4.4266029131194973 4.4678150019222382 4.4871422446057547 4.4739310601061302 4.4176089170088115 4.3091972398701142 4.1429629943191575 3.9179624163255276 3.6392019375780698 3.3181609426181153 2.9724921883033288 2.6248313400031065 2.3007894240773097 2.0263457591344163 1.8249762879571416 1.7149189124528355 1.7069782398399425 1.8032045317005401 1.9966563812694473 2.2722954503331336 2.6088923992178716
3.735187668347288 3.7445143713682909 3.7539805969975872 3.7641107498990976 3.7754804676963274 3.7886399306388667 3.8040385048856762 3.821967647363246 3.8425385325762575 3.8657066940002962 3.8913480487361851 3.9193796436167658 3.9499057256044323 3.9833573957189912 4.020584766760388 4.0628570229004399 4.1117306225510948 4.1687607892314578 4.2350565828365792 4.3107133140361196 4.394193478172598 4.4817620125425481 4.5671051907104729 4.6412663777566916 4.6930095703717409 4.7096706123869243 4.6784796080957083 4.5882464664707125 4.4312107447448437 4.2047864363079253 3.912900813981222 3.5666472824468811 3.1840492841593799 2.7888576343456726 2.4084576955716002 2.071117779989764 1.8029357818147917 1.624911171635318 1.5505682572933828 1.5844822142766453 1.7219245592491244 1.9496739075521865 2.2478616359554446
3.6954707030592799 3.7025573420444302 3.710246030411271 3.7190778748350026 3.7296216853992958 3.7424048267682237 3.7578493861761912 3.7762298516978148 3.7976676323462271 3.8221732273645528 3.849738605154934 3.880471033830625 3.9147466377036308 3.9533494830534734 3.9975527160590061 4.0490951044831522 4.1100119363810936 4.1822953925695305 4.267386452311273 4.3655361171589764 4.475113643228676 4.5919764374105423 4.7090414336616799 4.8162020455712717 4.9007110617213367 4.9480953164680823 4.9435861654011628 4.8739514726393427 4.7295171305973387 4.5060899018680249 4.2064587358262155 3.8411730604616721 3.4283780399408577 2.9926198014023107 2.5626971775408562 2.1688008289462117 1.8393133546069129 1.597717509081908 1.4600574546948777 1.4333188095262073 1.5149514057136098 1.6935807100767497 1.9507725227501616
3.6576908838730886 3.6619040500322284 3.6670382040820271 3.6736850139521748 3.6824528659082687 3.6939018986134271 3.7084868895267831 3.7265238484785725 3.7481950706685949 3.7736026202828952 3.8028716852925029 3.836293618804882 3.8744852126923148 3.9185280374775657 3.9700423059530023 4.0311466977485768 4.1042616873018805 4.1917310222569402 4.295264354177478 4.4152415786686152 4.5499614224006475 4.6949557939174493 4.8425181051921822 4.9815986145748195 5.0981952765157406 5.1763115628821996 5.1994668385165124 5.1526413298791649 5.0244345010570388 4.8091346417986127 4.5083599085434738 4.1319521560255961 3.6978891054279486 3.2311187147063172 2.7613900275449956 2.3203260728152926 1.9381227103394401 1.6403338541372512 1.4452013143050197 1.3619056650372889 1.3899684616273942 1.5198538696470645 1.7346335659078966
3.6207879398885949 3.6213574093909684 3.6230253623272346 3.6264714906867694 3.6323932341212752 3.6414411195616849 3.6541630146086717 3.670973257787908 3.692161443536699 3.7179506993920994 3.7486065103612929 3.7845851846428729 3.8266974042025494 3.8762492319293655 3.9351133184571281 4.0056799829262264 4.0906441922601804 4.1926021743995125 4.3134607494062127 4.4537013620878785 4.6115843574587405 4.7824196194025941 4.9580577109305946 5.1267612127651869 5.2735911708418808 5.3813851723892778 5.432315152704204 5.4099060346965526 5.3012892080245013 5.099380254741865 4.8046301925160844 4.4260196436473773 3.9810504768293433 3.4946304626005236 2.9969207518891685 2.5203914788462121 2.0964727461267372 1.7522671522090305 1.5077886307482813 1.3741099673824748 1.3526539553946111 1.4356796748662775 1.6078308612878351
3.583514609832521 3.5795450352844482 3.5767193578799037 3.5758462480599618 3.5777642977784523 3.5832733252788116 3.5930741928483285 3.6077337006050114 3.6276900093061086 3.6533090361075593 3.6849932526104978 3.7233319750533993 3.7692681137994994 3.8242427923608147 3.8902692115844473 3.9698838267095851 4.0659292524794868 4.181141297881604 4.3175424440421555 4.4756838038063567 4.6538221807680369 4.8471605344722075 5.0473092252368144 5.2421317770077192 5.4161144871438811 5.5513406106031002 5.6290605492306636 5.6317409611882372 5.5453666212596016 5.3616820775328282 5.0800179718554705 4.7083654548255378 4.2634463913939395 3.7696679566906659 3.2570251034292617 2.7581909889568528 2.3051787768080856 1.9260385538168463 1.6420531116303727 1.4658153648111862 1.4004243932213742 1.4398556082226315 1.5703784672944976
3.5446210667504103 3.5351157774807986 3.5266820692442749 3.5203016274462242 3.5170082976352304 3.5178106317317357 3.5236211297275886 3.5352098696813612 3.5531993371246826 3.5781122667244474 3.6104750657028517 3.6509666091915434 3.7005874968338701 3.760810685591133 3.8336638231625328 3.9216898839958829 4.0277388294101062 4.1545609677105464 4.3042027500151026 4.4772457656577576 4.6719747204363795 4.8836024417468327 5.1037097267307789 5.3200650464470929 5.5169656313738482 5.6761837906554558 5.778513821288497 5.8058068458820937 5.743271843400942 5.5817337180430844 5.3194957127228175 4.9634699784282699 4.5293217802093597 4.0405108819399356 3.5262858385386209 3.0188614264610591 2.5501516810052478 2.1485115920940152 1.8359422882763723 1.6261368021070033 1.5236021652532918 1.5239172583462319 1.6150090354840478
3.5030244884570165 3.4869231759456922 3.4717208272685283 3.4586183298323276 3.448899829690633 3.4438415378305378 3.4446240759967579 3.4522677417122281 3.4676095631892934 3.4913360920913958 3.5240763942138726 3.5665463974997791 3.6197203549547807 3.6849902478562711 3.7642626629792715 3.8599383845120001 3.9747256400649973 4.111255594940852 4.271498520601499 4.456018902275888 4.6631526398744416 4.8882317767353687 5.1230122833318585 5.355468411311529 5.5700950308167148 5.7488036741886521 5.8724119220611204 5.9226202210036032 5.8842631601576034 5.7475357888651626 5.5098514495176492 5.1770017139326843 4.7633665367323754 4.2910553718628766 3.7880263033783321 3.2853994677043743 2.8143196879079198 2.402802768609424 2.0730035973390399 1.8392712467731065 1.7072219274783058 1.6738924584484915 1.7288681161019297
3.4579583253084976 3.4341896423303395 3.4110659929788922 3.3900541826158217 3.372742940873914 3.3607329351545601 3.3555259423704924 3.3584348120360743 3.3705358488814325 3.3926804438469289 3.4255730147403738 3.4699083952412777 3.5265455701910979 3.5966788183072977 3.6819551918895939 3.7844822655641805 3.9066752098167199 4.0509093852460527 4.2189739418520151 4.4113611248691758 4.6264702245805598 4.8598468776852339 5.1036084423735222 5.3462148506860405 5.572723985053214 5.765617832593092 5.9062034398098984 5.9764914318019731 5.9613516979941874 5.8506619400508466 5.641120947323147 5.3374100174427159 4.9524580249166359 4.5066905648031028 4.0263011398112223 3.540743374991409 3.0797759009690018 2.670468662599331 2.334584970211059 2.0866866607765195 1.933184564579443 1.8723990428858861 1.8955370169358878
3.4090953960906858 3.3766440934367323 3.3445220268796745 3.3145067827601493 3.2885427201964545 3.2686073185655231 3.2565712280353423 3.2540764597265208 3.2624577649672033 3.2827276076283325 3.315635034832185 3.3617940925205203 3.4218602060216923 3.4967160564445705 3.5876153836244966 3.6962273352745298 3.8245284184595447 3.974505579892893 4.1476624459661071 4.3443589985731936 4.5630581000293322 4.7995930666462012 5.04660004366532 5.2932681667068469 5.5255421297929868 5.7268626119944681 5.8794528493153368 5.9660642299137141 5.9719961904291541 5.8871257499656142 5.7076393064133359 5.4371682941155566 5.0870959618844704 4.6759178897623404 4.2276852202074853 3.7697098586907969 3.329835441534422 2.9336512731371669 2.6020336327967413 2.3493387535592567 2.1824574634474252 2.1007969090940981 2.0971089449919851
3.356637418403261 3.3146236049243725 3.2725805413371432 3.2326365216329136 3.1971361374029938 3.1684785733451064 3.1489432699649256 3.1405306926295977 3.1448472685488311 3.1630590756765371 3.1959283763762101 3.2439315759043352 3.3074388296513759 3.3869174422199477 3.4831070208041495 3.5971076391562931 3.7303259478457647 3.8842398727470466 4.059970103744222 4.2576835936613566 4.4758959790892252 4.7107792458760418 4.955609711176999 5.2005010079724929 5.4325505141011003 5.6364826424598444 5.7958012265433414 5.8943749056870249 5.9182887244151434 5.857720387842166 5.7085587979515342 5.4734890121044071 5.1623263556674406 4.791486861764886 4.382614542966861 3.9605235581060483 3.5507280297303416 3.1769008135400632 2.8586110086469545 2.6096372274199608 2.43705133139659 2.3411371356367119 2.3160767723500384
3.3013621535334337 3.2491278079917989 3.1964815194267771 3.1459336968981702 3.1002635800376779 3.0623259270571466 3.0348380897445479 3.0201789248005553 3.020233088040905 3.0363099485809655 3.0691554146377711 3.1190584887408348 3.1860347585658544 3.2700496411070943 3.3712288508377397 3.4899959104697316 3.6270794157808282 3.7833476696933075 3.9594548325048264 4.1553183672736456 4.3694875654546852 4.5985006803557571 4.8363558585919346 5.0742308755539529 5.3005725794855554 5.5016363637706132 5.6624913856111068 5.768426847865241 5.8066118576717169 5.7677926921229545 5.6477730399534334 5.44842707519018 5.178046439444925 4.85091491813637 4.4861237049670653 4.1057636278744933 3.7327342936095369 3.3884728774035913 3.0909146411115684 2.8529519400615171 2.6815687437761375 2.5777127174848764 2.536850046149675
3.2446192929762048 3.181814679949754 3.1182087669288747 3.0567132215508805 3.0005622262114797 2.9530851800070308 2.9174524399585606 2.8964295341886923 2.8921781863684557 2.9061383398111942 2.9390139187183748 2.9908675496970942 3.0613085113959015 3.149737407880886 3.2555944994650274 3.3785500106247581 3.5185768475902548 3.6758602670348011 3.8505245208828582 4.0421906757471735 4.2494179884588892 4.4691171006142998 4.6960496793132283 4.9225389741444534 5.1385037295357368 5.3318918353726001 5.4895323576239274 5.5983525764973958 5.6468323236119193 5.626505919284563 5.5332868147183962 5.3683924042349336 5.1386903438394018 4.8563684056741838 4.5379342415759698 4.2026601239972425 3.8706794715361048 3.5609983202020472 3.2896946865652033 3.0685406975039498 2.9042052451176956 2.7980953932844108 2.7467931558802099
3.1882685102068549 3.1149291844250171 3.0404089719427687 2.9680242125856551 2.9014665541069333 2.8445407766912481 2.8008682513596042 2.7735955465062516 2.7651514140227973 2.7770913788056872 2.810057170864114 2.8638596498951912 2.9376715421365716 3.0302941351255881 3.1404443005741398 3.2669986616317757 3.4091330912138829 3.5663090820993104 3.7380829907349891 3.9237468654615468 4.1218458786503067 4.3296513029331667 4.542692897840455 4.7544642849640812 4.9564047845671428 5.1382295636791628 5.2886290509835678 5.3962950354485262 5.4511651912154715 5.4457227574124136 5.3761563076604038 5.2431853209626151 5.0523940834986423 4.8139853300903024 4.5419546834939464 4.2527807849586328 3.9638056845243006 3.6915296594878817 3.4500544237699891 3.249877420944665 3.097174966232243 2.9936275537647936 2.9367540386837567
3.1345581064556653 3.0511622780842855 2.9662308793198391 2.8834699052773956 2.8070103805762741 2.741112134330693 2.6898260757220966 2.6566584572130849 2.6442851060499293 2.6543597242697472 2.6874478444339416 2.7430983901892119 2.8200411294894834 2.9164747877563726 3.0303916612723838 3.1598741408936077 3.3032992458347095 3.4593999237742294 3.6271553615891761 3.805513830167095 3.9929860327708808 4.1871788614961378 4.384362879840376 4.5791762960146034 4.7645598174114188 4.9319893445076151 5.0720291533716892 5.1751729198721552 5.2328827748725804 5.2386885286039711 5.1891809742436283 5.0847327260819721 4.9298103256584245 4.7327990221129976 4.5053371898518666 4.2612368028302665 4.015134249431787 3.7810585725844326 3.5711136607752869 3.3944458107044588 3.2566145319508393 3.159414245630161 3.101122170204222
