_KRIGING/CROSS_VALIDATION_CLASSIC_CLR/MHZ/IZ/train_5/MHZ_IZ_5_train_z_125.asc
ncols 100
nrows 81
xllcorner 5.5967107548124995
yllcorner 50.982328804812504
cellsize 0.00017565037499993607
nodata_value 1.7014100000000001E+038
[rows 57 to 75 of 81, columns 43 to 85 of 100]
5.5909216972399882 6.0438997175820148 6.435363308764769 6.748106939210631 6.9740647885050286 7.1152994315678484 7.1835832623981855 7.1985459095345856 7.1845634631383062 7.1667596119831511 7.1666493670847577 7.1980584872239497 7.263974861004348 7.3549171691676403 7.4492366621439547 7.5155096799601457 7.5168586602955774 7.4167021161946423 7.1851366963074366 6.8049581855433399 6.2762855042222565 5.6188919625459466 4.8716667387737687 4.0890835897942708 3.3350658062682452 2.6751088045649514 2.1678575229129966 1.8574613109543567 1.7679125445195947 1.9002360921329107 2.2329021638003619 2.725284872710878 3.3234925393100325 3.9675474390120931 4.5987505245682332 5.1661421020204124 5.6312282189196878 5.9705162690306306 6.1758080790253249 6.2525550201398321 6.2168289127907741 6.0915764147297313 5.9028063441094929
5.1768852220556294 5.6252447736402349 6.0233105507986249 6.3534650265298911 6.6067197281386996 6.7836197709439361 6.8937825918426121 6.9540765159673077 6.985635782029969 7.0100852349364233 7.0454882465089721 7.1026152081277605 7.1821397908513056 7.2732941230779247 7.3543489554056611 7.3950402975046554 7.3607650519459655 7.2180558772854795 6.9405730536232113 6.5146753605850201 5.9436013675156429 5.2494339306098752 4.4723287131589355 3.6669202646619348 2.8963026210226746 2.2244229527826471 1.7080352835696182 1.3894684525160539 1.2913403726369133 1.4140198740705117 1.7361635796607628 2.2181339979252699 2.8076398707689587 3.4466184867689771 4.0782550294470798 4.6531144479769386 5.1336123015705422 5.4964067117863955 5.732674557083504 5.8465672223838059 5.85237088248447 5.7709985418712346 5.6264202495685627
4.695456047312069 5.1332907181973741 5.5333526517123222 5.8773071651069309 6.154852716634549 6.3645845783063972 6.5135432720748732 6.6154804715771043 6.6880536307074143 6.7493192776480022 6.8140154599099567 6.8901899507102948 6.9767289158289962 7.0622616066101545 7.1257584766431314 7.1389120547312483 7.0701149398802112 6.8895648078620582 6.5747808182418908 6.1156611547265722 5.5181916621666343 4.8060545990350647 4.0196783831719944 3.212673973125757 2.4460517800868189 1.78101857057456 1.2714324740672032 0.95708376402274808 0.85884538858863202 0.97642144735373027 1.2889765471734744 1.7584440322562012 2.334882568539284 2.9629588372849867 3.5885264346884354 4.1643532180611906 4.6542875260082059 5.0354858658146977 5.2986770963915273 5.4467428742141566 5.492102710399152 5.4534827355554167 5.3526253542556512
4.1869769227708336 4.6084949141693201 5.0053993221676141 5.3584136470792139 5.6556451348852512 5.8934466677548478 6.0760200741866921 6.213815329925529 6.3209459407899438 6.411981904243742 6.4985832375532926 6.5864867497103425 6.6733465523760191 6.7478483023889133 6.7903678531676794 6.7752355811903833 6.6744188782040386 6.4621806215253628 6.1200542287979243 5.6413425528117038 5.0343375917146957 4.3235916464937914 3.5488417142616613 2.7615603482330795 2.0195140868106538 1.3800761804473334 0.89328743208404537 0.59573192461111857 0.50617278284012235 0.62359788945870065 0.92791513540294712 1.3830939789800989 1.9421623273267685 2.5532073667854007 3.1654375341473435 3.7344438875876271 4.2260205484613191 4.6182083292495175 4.9015459926576579 5.0777885757314491 5.1575388091656524 5.1573172616700589 5.0965750070597835
3.6906648161989293 4.0902786810264544 4.4784380011087688 4.8348059483092953 5.145753717436726 5.4052527402644195 5.6145687946609808 5.7808291344211238 5.9146869742465746 6.0274319733305264 6.1279792017187873 6.220203740088432 6.3010670662151078 6.3599009325408602 6.3790753645893439 6.3360880162531279 6.2068908280607449 5.9700461240232556 5.6111159483797488 5.126576158938974 4.5265446801269391 3.8357390881098246 3.0923257016267955 2.3446565617118678 1.6462545421110764 1.0497299644885345 0.60052677968965851 0.3314539237095202 0.25884094214649922 0.38088660138379549 0.67839844538041127 1.1177246255460327 1.6553349700807929 2.2432800450096901 2.834680809878372 3.3884791869668938 3.8728815720850709 4.2672011770275073 4.5620911029347617 4.7584040251257989 4.8650787031270326 4.8965224661102571 4.869937983738132
3.2409550294194234 3.6134027655164105 3.9869782468251604 4.3402870011141879 4.6579617710912551 4.9316081756343753 5.1596151254991671 5.3459129681112412 5.4979033603369452 5.6238934800527325 5.7304347612493691 5.8199875509175172 5.889304700688502 5.9288478753884082 5.9234224069350496 5.8540477769040535 5.7008874167377908 5.4468687319871592 5.0814646053665289 4.6040157381083437 4.0259779689057975 3.3715947241229265 2.6767153090175371 1.9857743627712594 1.347265673141151 0.8083230690770411 0.40920346696133469 0.17851061688289604 0.12988906648471854 0.26067527028777349 0.55266446188564311 0.97480365751536269 1.4873213319890621 2.0466082006564608 2.6101015863583923 3.1404985026774281 3.6088027548743153 3.9959531276158664 4.2930305112329297 4.500254559621423 4.625122856548801 4.6801044512789858 4.6802804101981375
2.8647610889610635 3.2052765325975892 3.5584363573942306 3.901914914534315 4.2187431346848498 4.4983206610356188 4.7363573252644962 4.9338343816090546 5.0952053452859332 5.2261505025779034 5.3312521465187608 5.4119670448290433 5.4652382845068148 5.4830115774477068 5.4528047203284888 5.3593307779614481 5.1870096527044467 4.9230402507506064 4.560573569254224 4.1014544319845978 3.5580100647210107 2.9534687206884556 2.3207845485755358 1.699899082785477 1.1337412844711174 0.66350426206777557 0.32388775875700615 0.13902633062071024 0.11972327653264259 0.26239714155366478 0.549862861266599 0.9537701668461942 1.4382662548373224 1.9642848064638074 2.4938144615342277 2.9935662781411398 3.4376175477760156 3.8088187668101252 4.0989664345823931 4.3079265615244111 4.4420150584541531 4.5119907340493199 4.5309994283699577
2.5798479879484089 2.8843788984536336 3.2116195970597983 3.5385534215320136 3.84686998443363 4.1240465244507103 4.3634248593073917 4.5633778486578898 4.725777753898539 4.8540601156687213 4.9512169623933975 5.0180526280947042 5.0519965168649357 5.0466930496236717 4.9924842819403157 4.877772591171281 4.6911112916455782 4.4237374595209769 4.0721555592482179 3.6403257121480705 3.1410254601291863 2.5960472561391481 2.0350592794874651 1.4931715314680898 1.0074755604969816 0.61302061233864391 0.33881026125183578 0.20442328970236145 0.2177728964497212 0.37433470592332796 0.65793233330637424 1.0429173971008074 1.4973678294491775 1.9867929270010256 2.4777962595942475 2.941207095363501 3.3543266499631117 3.7021134437046666 3.9773143859293723 4.1797014199179827 4.3146750698012255 4.3915372798139281 4.4217209385980576
2.3943548092672047 2.6598069106598818 2.9563077441622352 3.2604821566875644 3.5530377957883332 3.8199088601118221 4.052463654806429 4.2468699163317396 4.4028200017532928 4.5218876929693312 4.6058175931214684 4.6550393743559066 4.6676569944146138 4.6390925147723454 4.5624708508655072 4.4297226925023532 4.2332679587836877 3.9680353677748119 3.6334921050576092 3.2353189217729765 2.7863845040921 2.3067545810031791 1.8226098989202093 1.3641235526508937 0.96253186670142998 0.64678837044741089 0.44028430811395891 0.3581292474172173 0.40540623809429865 0.57666115570823484 0.85668525929894646 1.2224431047793303 1.6458247456949602 2.0967929570428172 2.5464691582099444 2.9697541438257637 3.3471941164511296 3.665950843015088 3.9198858050318823 4.1088946113391929 4.237711352254129 4.3144360116065492 4.3490252863945207
2.307362195905784 2.531832199276137 2.7937990631268135 3.0699242516731009 3.3403597938139833 3.5899395218392791 3.8085045882437076 3.9904543921098399 4.1337123477311071 4.2383553493205746 4.3051758385723105 4.3344302633801881 4.3249837093631704 4.2739941708953531 4.1771976608039605 4.0297638953499364 3.8275999472873203 3.5688967172743391 3.2556530679671241 2.894887955539116 2.4992719456791925 2.0869797058639437 1.6806787091451048 1.3057105762183836 0.987665990702705 0.74967387954358422 0.60979489583789892 0.57891129585503709 0.65943664924436085 0.84504104249537937 1.1214248988378999 1.46800892785551 1.8602707470158468 2.2723749702829834 2.679725347535407 3.0611129904869969 3.4002293731567521 3.6864339806551416 3.9147891269367632 4.0854767012139384 4.2027788504629058 4.2738313722916068 4.3073479724719395
2.3102941930757015 2.4932484485935187 2.718199170045724 2.9622676562137031 3.2055084124012532 3.4321269141549409 3.6309045191485905 3.7949165103717424 3.9207181432357143 4.0072239907721094 4.054518455577206 4.062815502970647 4.0317410607347863 3.9600498414719674 3.8458165493505163 3.6870660087437881 3.4827345160660235 3.2337935570330338 2.9443258582326566 2.6223313067454943 2.2800630049323138 1.9337531932532661 1.6026796620004284 1.3076328408839522 1.0689532883738573 0.90439755427683455 0.82713829721308763 0.84419999336498108 0.95557285964813321 1.1541444441512905 1.4264600283759132 1.7541941948358319 2.11611101905899 2.4902279940436083 2.8558880251699197 3.1954826961903819 3.4956468775847296 3.7478417607083627 3.9483409385252961 4.0977151718496518 4.1999646397613333 4.2614685206001646 4.2899131167101876
2.3888792014859566 2.5312387011621076 2.7181866833605928 2.9277205099891153 3.1402519844031613 3.3398269914887124 3.5146273087522766 3.6568336912301587 3.7620091424452675 3.8282038087708217 3.8549895835015584 3.8426095718106787 3.7913835087273591 3.7014535154315706 3.5728925915755294 3.406137137639913 3.2026501028465266 2.9656785711912867 2.7009443879514352 2.4171039724546599 2.1258371180344353 1.841474233326065 1.5801422460300829 1.3584913224917274 1.1921437622619169 1.094067579980154 1.0731070099190907 1.1328924099833699 1.2713024605698688 1.4805701330991003 1.7480255020798334 2.0573716162535933 2.3903123676113203 2.7283071677027917 3.0542225546072452 3.3536836963451653 3.6159900374916352 3.8345353802045925 4.006748593318032 4.1336339835247173 4.2190315378228895 4.268733503071374 4.2895869168300624
2.5253718692490614 2.6294777571497225 2.7789847629514584 2.9531436711660572 3.1331436091488922 3.3033076719644812 3.4516472029873175 3.5698457931685756 3.652815072138051 3.6979999628658864 3.7046131746670512 3.6729540548311062 3.6039244169334546 3.4988024893592677 3.3592832092003673 3.1877445417485344 2.9876597496390271 2.7640481134715968 2.5238445058742851 2.2760737006881899 2.0317392169145765 1.8033774114872108 1.6042809946277217 1.4474546079603527 1.3444187803142169 1.304017116306778 1.33139634950866 1.4273152016904018 1.5878965583522682 1.8048747385103501 2.0663166380023941 2.357725587824492 2.6633826046719329 2.9677506587957647 3.2567677078892046 3.5188817370423613 3.7457290091101574 3.9324150498652282 4.0774156214072343 4.182162591025353 4.2504108294167047 4.287494610582872 4.2995766889126159
2.7007529988249162 2.7702062373518985 2.8842947191473809 3.0238355724488781 3.1711550518971667 3.3112352937649807 3.432296559636129 3.5258773702178829 3.5865374169732118 3.6113376600995371 3.5992507693857978 3.5506298878622631 3.4668235845559612 3.3499787540740553 3.2030285884803846 3.0298250205158461 2.8353477030678187 2.6259066227782455 2.4092537278951203 2.1945304440332891 1.9920015710222883 1.8125593636752324 1.6670205773081928 1.5652783877643452 1.5154039440006564 1.5228125968216268 1.5896127779286999 1.7142390422735265 1.8914364504052963 2.1126163571464001 2.3665516401948152 2.6403315033729751 2.9204605947397817 3.1939702165879678 3.4494131728613913 3.677636643342749 3.8722643434108432 4.0298629410536382 4.1498105486001418 4.233920387280822 4.2858958931905029 4.3107027455372355 4.3139393251240179
2.8966709129605115 2.9360607428403616 3.0179973441141859 3.1250954202254779 3.2411002765632575 3.3519638079979139 3.446431725423301 3.5161956209938681 3.5557177465866645 3.5618605714666374 3.5334495779151553 3.4708730309888485 3.3757853718663005 3.2509401532292892 3.1001412794749741 2.9282727380655857 2.7413497285233972 2.5465288794940824 2.3520213883948999 2.1668686735976248 2.0005629821713669 1.8625222242297044 1.761455503618008 1.7046795136856687 1.697462412026586 1.7424778889403236 1.8394460933190819 1.985019878351598 2.1729465415664073 2.3945008301284645 2.6391497463079054 2.8953792755258991 3.1515925154756612 3.3969810728165646 3.6222779707950563 3.8203191945587531 3.9863688462598867 4.1181948576883842 4.2159131730721633 4.2816437680099622 4.3190386789355486 4.3327489977837228 4.3278949142781213
3.0969557166368156 3.1115094280931523 3.1654898104861897 3.2434505290456515 3.3307507533484491 3.4145428538508207 3.4843444202954506 3.5322396621823899 3.5528017012489177 3.5428467984185876 3.5011264125363426 3.428039472119043 3.3254136203681051 3.1963687305118129 3.0452454896585572 2.8775608622869204 2.6999428591342851 2.519999133710352 2.3460856812687041 2.1869603856299022 2.0513278661238159 1.9473034821179898 1.8818422521009874 1.8601902700935047 1.8854202492201133 1.9581084049261226 2.0761974185280407 2.2350711760566053 2.4278437597518145 2.645840820765387 2.879229259703092 3.1177341301985084 3.3513722012346445 3.5711309294484113 3.769529680197647 3.9410155942079985 4.082167170689825 4.1917014198403031 4.2703021633682958 4.3203049107405578 4.3452856502923236 4.3496058298917504 4.3379638228159312
3.2886164834023881 3.2838142375571864 3.31459179517678 3.3674938719338869 3.4296000882529012 3.4894120729711546 3.5373937439172587 3.5662018610914221 3.5706830521186377 3.547728996035167 3.496075418935892 3.416108784418761 3.3097146527113552 3.1801712640855446 3.0320672447962562 2.8712075089340021 2.7044680216026866 2.5395673653314348 2.3847384618784777 2.2483036659671836 2.1381767115695851 2.0613319327772759 2.023291975557433 2.0276882924422841 2.0759438621406474 2.1671158321161923 2.2979191058554203 2.4629327653947346 2.6549722003261276 2.8655931999881292 3.085681824833125 3.3060767249164953 3.5181691672388657 3.7144302008634038 3.8888234319849624 4.0370746756309579 4.1567848523728737 4.2473882643542602 4.309973118348978 4.3469932858861249 4.3619085303839693 4.3587940020535765 4.3419585285800473
3.4623092074959456 3.4435104478707452 3.4560159005038131 3.4883320265877225 3.5292831373491738 3.5687910984866762 3.5983714721129414 3.6113760189616433 3.6030438179585205 3.5704352703541429 3.5123168393174731 3.4290446964013861 3.322469320558286 3.1958574013609717 3.0538077863693034 2.9021282720567734 2.7476409509810886 2.5978944763634577 2.4607790402624441 2.3440600314555016 2.2548649422662459 2.1991714113221628 2.1813498537082268 2.2038111048563471 2.2667987133689271 2.3683491315314509 2.504424025269703 2.6692003315886708 2.8554881223384894 3.0552354935666779 3.2600742711127761 3.461860078660759 3.6531644060552848 3.8276836152432603 3.9805392058585176 4.108454173436499 4.2098011573807623 4.2845286299907492 4.3339809693502591 4.3606361901214878 4.3677906671128204 4.3592227713914049 4.33886660830869
3.6123301298028818 3.5844527368487697 3.5834480118504275 3.5996867541892841 3.6236910661169728 3.6468051092092897 3.6616389214568987 3.6623089603365515 3.6445252628130143 3.6055841818261336 3.5443192366147831 3.4610452048465636 3.3575081646527551 3.2368328276524267 3.1034431762303574 2.9629262423049014 2.8218127082586713 2.6872605485810399 2.5666460745174331 2.4670863613188794 2.3949338356483758 2.3552942101897814 2.3516208380175563 2.3854316030370759 2.4561801381748074 2.5612943097463448 2.696375021744279 2.8555308268669028 3.0318110896168071 3.2176937826138259 3.4055833498173453 3.5882783378384193 3.7593760141061492 3.9135902486509222 4.0469681821127192 4.1569998291854535 4.2426224739369598 4.3041285050084728 4.3429912650772975 4.361628446272519 4.3631262234921024 4.3509492051038308 4.3286609523253539
