_RESULTS/CROSS_VALIDATION_POSTPROCESSED_80-20/MHZ/GZ/2comp/2/MHZ_GZ_z_355_kriged_reverse_2comp_spherical_2.asc
ncols 100
nrows 74
xllcorner 5.5967023332191781
yllcorner 50.982320383219182
cellsize 0.00019249356164376555
nodata_value 1.7014100000000001E+038
[rows 20 to 39 of 74, columns 44 to 87 of 100]
6.163597468648799 6.260828919432365 6.370260747268134 6.478283503215936 6.583260070332504 6.679476450146788 6.746474776951131 6.774072773975408 6.765747679688365 6.727205784099531 6.654996271764945 6.546725246963506 6.405859268585908 6.241663339679887 6.0690141351757845 5.905916403045435 5.770618802916889 5.677237031333323 5.6360310375390865 5.646056628268337 5.696567287886599 5.782190039836268 5.897984179295204 6.0336062277922 6.184877722775801 6.348987190797084 6.522972546317524 6.69525007091102 6.850342410947828 6.981349218786703 7.079683127593335 7.139613136751975 7.165695349469063 7.177780585736233 7.177411390974293 7.162503858513839 7.131289716606778 7.088470356565529 7.042036384452434 6.997316333931754 6.957009489496738 6.922305835041698 6.893408141079579 6.869412601429841
6.158849733064673 6.285644691363414 6.418463102042398 6.546953146855692 6.668227824524019 6.769805926457627 6.830879553879118 6.841351966441824 6.802044817224975 6.725723076386533 6.614409232560299 6.469880853969434 6.295356972306081 6.100228143120036 5.899122262389995 5.712879219863097 5.564701750845036 5.480358777364559 5.467941882201481 5.507291714275038 5.5824565340470205 5.687440292675973 5.818552139439044 5.9668100193889915 6.127165903675576 6.297300539332556 6.474198905433316 6.642719711994341 6.7928984546306195 6.919637268302438 7.018591963521162 7.084960965997625 7.120621287748631 7.145018632028847 7.161939505231992 7.165443222599557 7.141471425529971 7.100405442739427 7.057681879203205 7.018427903245432 6.984602155325331 6.957018813111469 6.935673030547322 6.919643417735699
6.131959816163369 6.2844543348668385 6.439281051283214 6.588013977495264 6.7262139097733415 6.833813204554767 6.89343142276462 6.890120100193885 6.823208900108596 6.713186752016999 6.568141489073515 6.392391964578035 6.189037573812528 5.967684662175662 5.74021831118586 5.5224505417230745 5.357753059369519 5.297732842984311 5.32640547537494 5.4004005128148584 5.500652570488839 5.623455301934093 5.7672672571801975 5.925668465880652 6.092824829405115 6.266996875624645 6.44304242092064 6.605706281240876 6.749348376590376 6.869682890216029 6.963093953027591 7.029143258908759 7.072776699915015 7.10669926561757 7.137364832149097 7.165890298472659 7.140637954774489 7.100004720145591 7.062960854287365 7.03094207303477 7.005019703803654 6.985859588263913 6.973546874319537 6.967193506404524
6.09000388504803 6.264308911577265 6.439167545348233 6.607033792073958 6.758364472366626 6.874950040854209 6.939598532700632 6.925031954628808 6.8291772963807755 6.688128322864842 6.515434045248907 6.316004008448152 6.096974100278904 5.860876553721729 5.615535104231428 5.3746171181638775 5.165836795583269 5.152514043081457 5.237586118127824 5.342718645683071 5.462229506113914 5.597770679011542 5.750044927364062 5.914830455996786 6.085694608150175 6.261271454154953 6.431074962947159 6.585354551931418 6.720316383624702 6.832660433794096 6.920805355011546 6.983345909682454 7.024159143996036 7.059746998503341 7.092141920033809 7.113548822551338 7.106063548726972 7.081247717690665 7.05538033504616 7.03310087402845 7.016371697364966 7.006379617645816 7.0037520971955995 7.008251381672995
6.035236182492017 6.226722716428364 6.418582342310132 6.600933967484475 6.759188850180138 6.885529175446623 6.968266444611502 6.949078654483026 6.81356798010985 6.64414171057919 6.451921034864444 6.244400903175194 6.024037231481179 5.795043308183049 5.562898867272995 5.337530026787452 5.147852338211331 5.144215177566657 5.2374390853775505 5.349525392524286 5.475250761178688 5.615474007832749 5.770857304754371 5.9375842686326665 6.108634600063296 6.279883127417055 6.438953623171873 6.581812824745152 6.705986481609054 6.810679030942661 6.892733195986084 6.94930536196503 6.981196595877518 7.0073060651027985 7.035412385316836 7.054241122071097 7.057597038397678 7.049031349159559 7.036435462423263 7.025053858190297 7.017834180417585 7.016660407761368 7.022831410739458 7.036881902339536
5.982064799257235 6.178093199120296 6.378740935035306 6.5628621179729105 6.7204614343135125 6.844551369876539 6.925279754525788 6.900231432705606 6.752229418521444 6.575106129069433 6.384148155589134 6.186932968208682 5.9856632965695145 5.782089081092436 5.5825609047351 5.405581422237891 5.285428283178248 5.265028026254984 5.324774996522548 5.422006909891466 5.541446267662356 5.678418093671763 5.831466275720663 5.995524161951146 6.1624237461148414 6.321386783274193 6.466335357793218 6.594995432099256 6.707468614551992 6.801669345416518 6.875246796951682 6.926869122113394 6.942943023452873 6.957628656555636 6.977288240582016 6.99717952491761 7.008089348871237 7.011046298978245 7.009940325436251 7.00859331754337 7.00989449909931 7.015967832750418 7.028320108241368 7.047226168633633
5.950094518783268 6.144167939095994 6.340160885649926 6.515209017371842 6.6605563706305855 6.766167505857666 6.81528143377922 6.779309120243876 6.661741619625272 6.5052534317238395 6.335128705255881 6.15895415757852 5.981914309981241 5.809953799274162 5.649528789729998 5.517277652427369 5.435155672736498 5.419252417306207 5.4632410373256715 5.547222047771108 5.656037579374104 5.785175643702348 5.931947051416218 6.089347983157389 6.242949609791188 6.38470637158063 6.512003510899618 6.625272116655358 6.722841207888999 6.802267589654411 6.860995825555996 6.895024701201716 6.9040927986234015 6.911588654440978 6.92458530401007 6.942986600093959 6.960178250184171 6.971688661603574 6.979578775624365 6.986362751520836 6.994348937098008 7.0054128096082495 7.020284084504174 7.0382994810720305
5.945574429588009 6.124564587433881 6.3125383768052545 6.476818311453263 6.607312376871105 6.693432666086001 6.7221950360336225 6.681195533446951 6.5817315638515606 6.451815202987116 6.30729868969354 6.1569500353959885 6.007754166895896 5.866862558970797 5.742890605558926 5.647002520375781 5.592762905913289 5.588029018797667 5.63003962717732 5.708400976006317 5.81166537644869 5.932539572047731 6.0710849667855316 6.214037898882144 6.347597167579733 6.468306197031941 6.576013802240363 6.670617042582548 6.749891927673855 6.811339887370141 6.851741407392908 6.868280640650509 6.868218957609192 6.870647706879049 6.8790849618982834 6.894345097854074 6.915528730312734 6.933740059874201 6.9485079679536526 6.961406378784407 6.974093891088036 6.9879026208427995 7.00208935822852 7.01231986434856
5.957472630508915 6.123576682974855 6.30157928532243 6.453867756112075 6.568301132964463 6.636665153693612 6.650918494795318 6.606911135785312 6.522256707845088 6.416488347981289 6.298517011049504 6.176074944273683 6.0560972809397065 5.94538922819547 5.852035012449638 5.786561738289318 5.7569013127450175 5.766976313915869 5.815270023993286 5.895250060416043 5.998417399741229 6.116818285891026 6.242298542701207 6.363673502168778 6.473788118752648 6.570681688501158 6.656116573937268 6.728835317693056 6.787017564492038 6.828407325283023 6.850145605274953 6.849587345230433 6.840010427356792 6.8371359020018865 6.841749605566247 6.8544729178344035 6.875986690628669 6.899632179778613 6.919663241276503 6.936971752243255 6.9526871990276335 6.966744738615341 6.974765290880685 6.975519747782827
5.98273379822901 6.141698837463811 6.307345226011179 6.445668516047669 6.543345915045591 6.5956161229649295 6.597842947937341 6.55265058684226 6.481784602113345 6.3965079978382615 6.302887870357734 6.207382157981794 6.116307696243379 6.035836196659717 5.972012779013661 5.932431331194266 5.9261975875748405 5.953706591581298 6.013905058685536 6.1017480852275625 6.20932035086625 6.323778945957853 6.435749799728445 6.534743923457044 6.618164538814211 6.688987737520012 6.748856175870559 6.796974825095063 6.832037279028633 6.85213813502687 6.854877111801814 6.838243292521411 6.820610656955208 6.812337345538706 6.813427586957611 6.824022788749448 6.844374334150551 6.871749126357257 6.89588324726444 6.916308467035767 6.932213256051329 6.9409369457897885 6.941391903859947 6.933346385770871
6.03346057736462 6.178030641439984 6.323758695340613 6.4522629830002245 6.535448448025849 6.571842020125702 6.562398881799937 6.518665631727873 6.4594398052439175 6.391283232633524 6.318955776389566 6.247735977823938 6.183006327004019 6.130045349047248 6.09382290237898 6.080513535004882 6.098444899597327 6.145714267836853 6.221980353658429 6.320275409335172 6.430546570529991 6.541891401107343 6.641396159923428 6.7191811806984525 6.776072972399878 6.818321895648091 6.849649438085981 6.871070269875111 6.881719779553815 6.879923762673583 6.86353579416693 6.834630673140403 6.8099765729386155 6.796588475345635 6.794562832247718 6.803550740604253 6.823214969097678 6.852369929620394 6.878993833195479 6.898263571327725 6.90986974376866 6.912232198169467 6.905239675241299 6.889337091273442
6.12584007815838 6.236322000295426 6.352909454320265 6.463696848455165 6.5350963137232405 6.560727242701395 6.544781551812731 6.503521885762363 6.453237714832028 6.3990553377809665 6.344843670227579 6.294870996389775 6.253547863715135 6.225221083120364 6.213941143526835 6.225251385476233 6.26635167839605 6.335268295961057 6.425610089322002 6.534273963173782 6.652299509894936 6.765287509249464 6.852844510919286 6.906431026330903 6.93425859548127 6.947544945804976 6.9508419187048975 6.94573894664388 6.931985351961864 6.9083801171043815 6.873351346943239 6.837327090892876 6.807619529538016 6.7897519379988305 6.785215316103045 6.792943072190617 6.811434411694497 6.83887682153491 6.864288789541492 6.880459479398201 6.887018311245972 6.882690259983501 6.868467875889827 6.845584849916683
6.234010960201699 6.308070919509223 6.3927106219900915 6.4771807938096355 6.534412738382259 6.549256329860843 6.532697960575417 6.4965163318273875 6.455598138596801 6.4142722585695 6.376168727447438 6.344743043652806 6.323599594593563 6.3160933972211355 6.325157489186194 6.355820046103696 6.414475026781102 6.501163831196305 6.6092623929331324 6.732891958170899 6.865257253232931 6.985932883733225 7.062630476552487 7.0872260888027725 7.080459729591272 7.061828670912422 7.037210256364081 7.007678722484696 6.972330692289401 6.929461601033349 6.88211270979264 6.841917401248014 6.809402296344115 6.7870590399611626 6.779064589512558 6.784481116233419 6.801401219137835 6.827116296334543 6.851534436702435 6.864173932155045 6.864879322098519 6.8534503728667175 6.8322174235987285 6.8031870607605125
6.33945575969309 6.387154351013587 6.4439921779635645 6.500674547783236 6.536081416385166 6.5438260294665405 6.525573441636117 6.492135084155716 6.457133670428515 6.424630803191879 6.398146162813721 6.38113375829179 6.37678742506044 6.386498864810037 6.412147642599359 6.459431684201745 6.533524404176292 6.635151324368148 6.759487971898169 6.900946846114678 7.052569209002731 7.192255159558949 7.261288872470383 7.243841987678336 7.199039644585614 7.149458114803549 7.099373286949712 7.04785137751819 6.992960917420896 6.9341777643067894 6.882194304881456 6.839314856653529 6.805509305489572 6.780983543957076 6.770200356072133 6.774262066708086 6.791160850898098 6.817262902934614 6.841493569013426 6.850022961220146 6.843617801681319 6.824570175515674 6.796721558511878 6.762556382696988
6.440037027825141 6.469225483332705 6.502759356690067 6.531983841891563 6.543400898318076 6.540726566046239 6.51925382918463 6.4865864602351815 6.455610156613761 6.429538212266276 6.411602355903921 6.404439550770763 6.410578599819925 6.432457491888998 6.471843949151471 6.533144701516807 6.619507072935248 6.7316307344205 6.866702722441093 7.018448768484974 7.180600443154339 7.343851627591063 7.416177884855545 7.341883689694963 7.269454508776057 7.199323813798969 7.130211917979043 7.061153072909097 6.990457930993188 6.926375244276463 6.872260811962107 6.828141766250193 6.7940772101082 6.770181269456504 6.757545987505771 6.760568974185903 6.778377148538606 6.807487206965381 6.834276295400846 6.837263793622206 6.821545198556979 6.794828862143755 6.761482441846217 6.723707684966759
6.529837232811883 6.548369923229208 6.5641286600277615 6.570417485020265 6.559792258274472 6.5370375258311615 6.5077397730343325 6.474315701974081 6.445916792498603 6.42490909997695 6.413627744515975 6.414193557317048 6.4282407499892225 6.457363750400499 6.504226841054573 6.575726676662554 6.670707758751347 6.788294104948549 6.926009652091909 7.073475059854983 7.220493380591912 7.346867997423094 7.39451813034807 7.349990767988087 7.279766698412176 7.204016332601968 7.125655457079557 7.0450312759630584 6.970789604896795 6.906377355075262 6.852076709817517 6.808090599254967 6.774624528662916 6.7519293003227485 6.740313753590891 6.741674284072848 6.7591774974888885 6.791068584938715 6.827502019339303 6.819455861846302 6.793884584088786 6.762037587309975 6.725783939727596 6.6866577039489785
6.600900031715269 6.617919008997379 6.6304043247586435 6.615159556182368 6.578306142158167 6.534458231511015 6.48925466254491 6.450022984407962 6.423539216013376 6.406956317398276 6.401343401561664 6.408084140106597 6.428090918738794 6.462136241807684 6.514132830135388 6.589140531531626 6.687903036365725 6.806581280329368 6.938549136774879 7.070206510037516 7.191801272754182 7.2833508445943735 7.317766624132221 7.293935846816534 7.236888917185801 7.16443440075271 7.0847298787809665 7.00788618258142 6.937434843408317 6.875114287162501 6.822370137392422 6.779712701791173 6.747520014328516 6.726136907655573 6.715886689826238 6.717166935937906 6.7310496140544736 6.758019549116424 6.782967969757501 6.778888479174215 6.755936951666759 6.725071567810316 6.689709036373539 6.651217473703168
6.642927671642431 6.667865861408022 6.703593965896698 6.648695204178883 6.587815008516422 6.526899642958048 6.468404893456263 6.417428901162435 6.385657080522809 6.372328999391752 6.37203392854295 6.38400754301659 6.4086690054209265 6.446488824240607 6.502704056422321 6.579063585117491 6.675645279353128 6.789049833069308 6.908235018181738 7.021785701613005 7.122868083519461 7.194643237920083 7.221271595821148 7.203342239220819 7.154720744490352 7.090528051944214 7.021900525066645 6.954225063222165 6.890827079254594 6.8338357419626 6.784694698111758 6.744452076605518 6.7140706013701115 6.694075341885289 6.6846958672258205 6.6860079534789145 6.69739026053216 6.716467723547368 6.730881212512902 6.7285775737118305 6.712018267393415 6.685950573826189 6.653153602281997 6.615661855495445
6.658961376884926 6.672846100259624 6.680761197477174 6.643429125374603 6.579884804531661 6.510734418906945 6.443154090885461 6.382656169313794 6.342395907515563 6.3240700583467095 6.324942474693351 6.34158774736121 6.37026252733661 6.412594668691366 6.472024326607438 6.548258989305479 6.6383557773052955 6.739506086341073 6.844669085661156 6.940324234590683 7.028715884548209 7.087526201387154 7.107970240300518 7.0921027066366475 7.053874293271287 7.003094978527365 6.946306450739155 6.888468540749107 6.833088593710962 6.782605434488861 6.738736408090166 6.702715727590346 6.675434116447739 6.657495130494308 6.649187397931931 6.650496090952145 6.660789960182252 6.677120799266245 6.68577778033288 6.682337564438439 6.668515931366025 6.64607810106304 6.616138135710374 6.581152576296299
6.6596608374345445 6.6598056919106305 6.654517050593727 6.621207748812531 6.561351289087786 6.4886246175808555 6.413663047608091 6.34544957089916 6.298003100601593 6.276120618457883 6.275132116424318 6.28995748131671 6.318608593566916 6.363605019216058 6.422781978618325 6.494339745422089 6.576396799149617 6.66662546130339 6.760171665043726 6.846750030376633 6.920105137617612 6.9700076026996305 6.990346661007985 6.9806542260765685 6.951233429278754 6.910748321970614 6.864087184318657 6.815466707819648 6.768097523869705 6.724410894562857 6.68621394248453 6.654837481776604 6.631237529865848 6.61604040063913 6.609527522113787 6.611740174735805 6.62237894992795 6.637444771296447 6.644662207323301 6.6416566016745575 6.628762439640723 6.608451626661889 6.581581536123352 6.549764073627988
