_RESULTS/POSTPROCESSED/MHZ/GZ/5comp/MHZ_GZ_z_180_kriged_reverse_5comp_spherical.asc
ncols 100
nrows 74
xllcorner 5.5967023332191781
yllcorner 50.982320383219182
cellsize 0.00019249356164376555
nodata_value 1.7014100000000001E+038
[rows 19 to 37 of 74, columns 44 to 87 of 100]
46.03081461027062 46.02629983903827 45.961844961814826 45.870604360924006 45.76865965869675 45.65849298071697 45.49314097332904 45.25177121820702 44.95556369194281 44.625961490850024 44.29206559785029 43.98062460879421 43.73622043529931 43.582631527353364 43.51497316740598 43.52254975515354 43.59841516880117 43.72817215340267 43.90518709251786 44.058162317693196 44.15237523364985 44.19281056644112 44.18214395094311 44.1284771723902 44.032408823060635 43.8917624009983 43.70218246463 43.47305916538656 43.249318902863926 43.049256798539524 42.89516137497822 42.806551785825754 42.76717159512946 42.72047929483559 42.649588266504836 42.582859936066136 42.594716335951674 42.70569795040559 42.887232679922896 43.09878172284952 43.309943425917005 43.502444942629936 43.666727889244605 43.79898436525962
45.696569644445056 45.64270950256979 45.553372966706654 45.45293969785634 45.35054448883597 45.23787849861028 45.06525981761534 44.82791113363964 44.54599551785094 44.249937329340526 43.963667884797495 43.73270816562048 43.57270884330391 43.49656136759372 43.506680377925534 43.59171713485301 43.73368079977093 43.91015275377173 44.06267381622786 44.15332608658088 44.202456733218995 44.20884810148989 44.172803704321204 44.10249666739795 43.997252563580275 43.85241881061898 43.66132050918253 43.441848833547084 43.23074430955014 43.043621881250345 42.89873164899633 42.80667572505161 42.74012584849718 42.63941151689903 42.49111941438804 42.3486998017128 42.34011956532018 42.501978820821584 42.74824345207665 43.01086682784342 43.255517629623 43.465605640233036 43.63337394800435 43.759549201193984
45.4182345922444 45.33263381960923 45.22889022372147 45.12453717415755 45.023680661729 44.900521922807 44.719659530899726 44.48759765532325 44.224540058817276 43.96142411776167 43.72679198101534 43.56311540779053 43.498598351669926 43.51702448614252 43.613151617953356 43.76826941245611 43.9530109942738 44.09973499958935 44.16674868489624 44.1880089524127 44.18778703136628 44.15945167305032 44.10157343662316 44.020739776526575 43.914814538756545 43.7750553000121 43.592037650282286 43.39322840613033 43.200993282896675 43.03047529406106 42.89836765722605 42.812968386624725 42.734132164282215 42.58474730894912 42.32022177838682 42.018539939696794 42.01406429179551 42.289504884906805 42.61812135943745 42.92959055342795 43.20295129036294 43.42924255370448 43.60443592314206 43.728442866273056
45.2245551409746 45.12028231072086 45.01045345625285 44.90722435992293 44.8068957175048 44.66519722557964 44.47610738400991 44.25228472132566 44.01509915804796 43.79258793293535 43.61621684248266 43.52010060433905 43.53059168489717 43.63623443731546 43.803188159493544 44.01016787350823 44.169791218891504 44.2190635946022 44.18702045831401 44.12905622618396 44.074722849101185 44.01194439979493 43.937856699445426 43.856680621327584 43.76395359154052 43.64439347727015 43.48922866086183 43.32381810794237 43.15828320954454 43.00844822157428 42.90054830242778 42.830229267327496 42.74649207317711 42.57156048169987 42.21997950969518 41.60304129379236 41.76245175823237 42.17348431617795 42.54509451090404 42.8738156676572 43.154315526680534 43.38122814112303 43.55096608012776 43.66359066558611
45.1193467587098 45.00904767907974 44.90199227174063 44.805358078314924 44.6931797933397 44.534354275090486 44.34090202684102 44.136690103915605 43.94226300132521 43.772642393925366 43.65551504011684 43.618542480578235 43.67665865003649 43.829629393268235 44.02144057256728 44.1916299411362 44.30919821907195 44.240044677023405 44.08759966325161 43.94183695014076 43.82764339727662 43.72975758038363 43.64601492582097 43.579534558537254 43.52106696075977 43.44470552796356 43.34690083474308 43.23375543057034 43.10796546681285 42.98507797209469 42.882663592983796 42.81996798971594 42.76468800599001 42.627665278360844 42.35031982740523 42.01327807760656 42.00713726283594 42.26001936546669 42.56659447283157 42.863781504276524 43.125722377269106 43.337187106430626 43.488495849092935 43.575461708510424
45.11808340758689 45.017683419385875 44.92415753598043 44.83209486118187 44.697218878625115 44.522887437380014 44.31534231173612 44.12809282163096 44.003396356026606 43.904230409787814 43.846211399063726 43.845378254129905 43.91203930811109 44.02065073387536 44.1358494110126 44.21702497552314 44.23729371969118 44.07913695978161 43.8368985810193 43.60470366172725 43.4199232003408 43.27931233306251 43.188457044631704 43.15466457284954 43.15968156342671 43.1656086936952 43.158762390087205 43.123371135781355 43.05093422894304 42.94376530113212 42.8331867258134 42.769355558888144 42.76441053816761 42.704381225632446 42.5446539695514 42.373727300163694 42.334510843271566 42.443717692726615 42.648837570068224 42.89017493311235 43.120393182764346 43.30917019696836 43.43679023298551 43.49465856843294
45.188584228616655 45.14142974343812 45.08322410503377 44.97963486131184 44.831363356526026 44.65497009326608 44.45900464115403 44.29853770974083 44.212139238637256 44.15028396600745 44.11343421793256 44.09901340901519 44.10087959691237 44.121114777731684 44.143447393825454 44.112772126561744 43.992041406976504 43.76011346509296 43.448524875390234 43.119542258861415 42.83460770809496 42.62607127775785 42.52343407694957 42.54870391356903 42.660274696790275 42.799243633133855 42.91834284993698 42.98239042494766 42.96181135779034 42.8852606430283 42.77233632716483 42.654044762994126 42.73733087584984 42.73962993338505 42.6636473304124 42.568549981650925 42.536152396606575 42.59077176361784 42.727569414240136 42.92342449658855 43.12819291296706 43.300935350086725 43.413313550215165 43.46158004758957
45.29714403293417 45.30776299547456 45.25913943020187 45.15431367317619 45.013058120377984 44.853723114256184 44.69416509482837 44.55584965095762 44.446266850878125 44.36902704586883 44.308980834583366 44.260222347355985 44.215044102826425 44.1601495019604 44.0891107638289 43.95616378908412 43.723793465446285 43.39272959795552 42.978215695509235 42.51548761390026 42.06601576828776 41.71909111741903 41.57921873377126 41.71664807824465 42.01968372741292 42.34664335965553 42.618117729897605 42.77171105898396 42.820680100711265 42.79830124001037 42.73321859550824 42.684304991868075 42.708820653871555 42.7160213410686 42.68061168914697 42.630127684649075 42.6111559618567 42.651642197821545 42.75748774407317 42.932050701478914 43.13064578195894 43.305338955667835 43.424352868439975 43.487269350988186
45.468081224152996 45.47324695465783 45.40679735822085 45.29361971482011 45.153826269726345 45.004734860662126 44.860960517104445 44.72843840875759 44.61247583374651 44.515399526802256 44.42971204051949 44.34916961584705 44.263497393149535 44.15732193384851 44.010293868931846 43.79167592498461 43.46369332008049 43.029003443170026 42.48990943606976 41.85339430697258 41.14654821441543 40.478631782446634 40.198130615221714 40.61094119642235 41.25187856698337 41.83260790080246 42.25306363555881 42.49867861725769 42.62167360037641 42.662219518430014 42.65339869587794 42.64155968550744 42.64354927412958 42.635593893058 42.61081700004826 42.5822115699574 42.57174466155782 42.610403359413795 42.711611837448885 42.89011008765521 43.10598262526068 43.30723171875427 43.4553499624886 43.55508946433268
45.652331444976795 45.60649503889357 45.511836870702446 45.38694694644707 45.24840668043544 45.10820488712447 44.97500131045243 44.848626116131335 44.72985411920508 44.615634495575335 44.50454683782028 44.391579890196496 44.26798709298937 44.121110066196685 43.92810309940563 43.64665102343327 43.24129310228029 42.71230720651437 42.0517990066109 41.239176994478754 40.239691482995006 38.99415951950226 38.07719046498879 39.365622056040635 40.469386015459115 41.306696500334915 41.86004391621888 42.1933017007819 42.381032915655666 42.47201595667365 42.505485780052794 42.517406425937835 42.515292475408444 42.49544171929783 42.4663037618357 42.439967365480854 42.431168888920325 42.465542849707944 42.57001907411842 42.76935274107215 43.02870898608475 43.287721880186595 43.493442422601994 43.633490526554084
45.808972390356736 45.70624692199409 45.57771995526187 45.44410796821502 45.3083839368121 45.17623710032544 45.051995803648026 44.93626641697749 44.819117974862515 44.69761087375655 44.57086087962864 44.43367299902223 44.27715115813092 44.0891486691633 43.85450059801707 43.537931392603994 43.07957047281572 42.480474011737726 41.73245982978149 40.80903951863006 39.68134242059207 38.397824965682915 37.7499334057304 38.70986634339004 39.914750135524045 40.85674077733638 41.49368331570083 41.891161901316885 42.12834583097311 42.25556626269493 42.31323080984562 42.33822707376819 42.33151163029895 42.29805265095245 42.25347109152142 42.212841721338414 42.19256475942319 42.21359659782559 42.31885447569002 42.54393929211072 42.86203771517027 43.21943476873081 43.52504622610699 43.69360893079157
45.8307748986114 45.71375320852765 45.58823915780984 45.45445136808304 45.31976395368776 45.19846661160468 45.086386047145105 44.987869450531846 44.87931478446395 44.75966522134052 44.627902055471736 44.478970253281 44.305091252330485 44.095964218025394 43.83438253102522 43.486479848594136 42.99291632893339 42.35548281350931 41.56877649088914 40.62231989412777 39.54864339698494 38.547541797987364 38.16419265729144 38.701629458981415 39.67876083563638 40.558696711583245 41.20663300977776 41.63123841489384 41.894917549486266 42.042250182400295 42.11099095593999 42.130922491901686 42.108301953493594 42.05292928363987 41.979800812584344 41.906759718215305 41.854503848013884 41.84676188704493 41.942321650237155 42.19135372213582 42.56812264611899 43.02053097963639 43.47085640349589 43.65997681310199
45.623019075487115 45.53620740724947 45.44964338559884 45.36228220905863 45.27347367195041 45.174357479153855 45.0779085976616 45.00010106415889 44.90749164238043 44.797686793996505 44.67015701559292 44.52170011006839 44.34734539480019 44.13439724496481 43.86641804822084 43.50991904819521 43.00853122400185 42.34928187093167 41.56714382846258 40.648978200412 39.65086238076544 38.787020898714324 38.44992573898787 38.851558491938455 39.64605556668695 40.42023036708748 41.0305967419691 41.4470364041093 41.71161737459979 41.86047683745793 41.92544102868201 41.92178342982869 41.868422854112765 41.776284060669624 41.65851634188013 41.531517330528786 41.42087906023539 41.35974444377531 41.42929687622463 41.69473239023919 42.12084608190098 42.62886794368194 43.10291913512352 43.43295368633894
45.27832754897956 45.22483385266009 45.172031164563755 45.13293479928846 45.10739211153608 45.082083169156206 45.04467135595173 44.98655341132302 44.91012709151555 44.81251887501473 44.69454416992 44.55803797595849 44.39552462129514 44.19537585841604 43.94322981864316 43.604921328824716 43.12943010129066 42.493379918551874 41.71855524109739 40.83516729690871 39.87140148188555 39.019252454251834 38.66437485007575 39.00767205536772 39.723157890090846 40.41644539152684 40.971744523079174 41.35578028984828 41.59949013332981 41.733743099823506 41.775704712367826 41.73477093533822 41.63720912408875 41.49658898998877 41.31729489599134 41.11281683134187 40.90791815437665 40.75045809142721 40.766094272891976 41.04633114400455 41.53823875006539 42.12179561699573 42.674405043359265 43.12226142113914
44.866109280433236 44.83600372273056 44.813566364818556 44.813573668271374 44.83071463024796 44.87125131707905 44.92599153210388 44.94156543495123 44.893410830108905 44.81735065287604 44.72329571055527 44.60983295451303 44.4684003545909 44.29259893133247 44.071043735968374 43.76544476446074 43.334584564261796 42.75340929910669 42.016169984778294 41.1557926708569 40.197334393045416 39.25557624307989 38.839140823376745 39.23154722083277 39.89855102346536 40.53412901532862 41.02631745126369 41.36055672542264 41.56327398253574 41.6643315181521 41.66513410240723 41.586374883229006 41.444122554171834 41.24671769982993 40.99486821673749 40.68986304224985 40.34698478162148 40.027795301741385 39.93799658799214 40.249424539313935 40.86594793409567 41.578414050515754 42.24467751717929 42.80329074489317
44.38596890602284 44.3700872216156 44.37948579536867 44.43121641482665 44.51867199252255 44.6249281986997 44.734430994307814 44.827705303179734 44.85562142412133 44.80720902709329 44.74126661895822 44.658819703610504 44.553632573010304 44.41505555323993 44.23044772167447 43.96471767250441 43.58911264725863 43.074773584177926 42.41015539755195 41.61295822242185 40.70167613078504 39.677139552303174 39.136105781325924 39.68474463621835 40.25197670338878 40.76674174938682 41.18084390993309 41.453194105548576 41.60075723294858 41.643075625165785 41.5963430335635 41.47766826763623 41.29567460299348 41.050684287048284 40.73452930233998 40.32593518424122 39.816670765744696 39.25170921271037 38.92840988516293 39.33534606918756 40.19430908484547 41.08097790368129 41.86627006859665 42.51948889349605
43.85855803343478 43.83860730261992 43.87264095929787 43.99991549434053 44.187956436470934 44.38163149541769 44.550536454883236 44.682604362817976 44.77119903704169 44.78911574688348 44.75020331254261 44.69725778741429 44.62744470835724 44.533476076784886 44.39821091309614 44.17404045211062 43.84777237726264 43.40500874900068 42.83501775923871 42.156841287595654 41.40014995647232 40.66247372015805 40.27518288875189 40.45277680631673 40.78898692056131 41.12517978335652 41.40963467863019 41.60771260574994 41.681573451262445 41.661641555088934 41.56915660268836 41.415596967099006 41.203797879195086 40.92704093594876 40.57037088132323 40.10154803621139 39.47124026649364 38.68219235242062 37.789583256473264 38.56229023861444 39.733078989940815 40.74763812878713 41.60541141186923 42.31376932493326
43.31379174660554 43.25460912039904 43.290266479421824 43.54525398752946 43.87038109319147 44.16265905631704 44.399057228034515 44.570919577105514 44.68371038564508 44.756535426899305 44.758711156371334 44.729971971352875 44.68917421945466 44.63278527064349 44.533228546224265 44.351619484956686 44.074726885710874 43.69858802919823 43.22493649108836 42.68078864865996 42.096610917946954 41.5738550645489 41.27461235687716 41.25798424310428 41.388805872234045 41.55817503291622 41.706909081825 41.78630774057785 41.78131032715308 41.705780990904664 41.57462236084671 41.39721339420948 41.1728835405148 40.889673537166956 40.52848617363931 40.06129185492999 39.464235470596854 38.77619494175732 38.26940416896816 38.739345001528946 39.72024546631676 40.67398310623677 41.510757070408964 42.217009583215564
42.8162130489972 42.719112908219444 42.611990817007985 43.164563907508345 43.63030572600017 44.00525169183588 44.296399425639365 44.50517263429893 44.6417718291898 44.72538759241959 44.76738409185791 44.755934405749116 44.73712895325197 44.705710979779276 44.620603449257636 44.46871345981244 44.23820435826503 43.91829319259567 43.523013314614026 43.08832252056121 42.648687014237154 42.25578043890894 42.00554297256731 41.9271378847304 41.94378207919445 41.98596206991133 42.00932385804685 41.986820742236034 41.90475485893993 41.76607874704339 41.59751202085268 41.40982491168733 41.19481148614248 40.93275027185363 40.605653682216996 40.20103883854698 39.747244894988704 39.31020652158551 39.11096775880434 39.40256213006331 40.0673281494609 40.845032731058325 41.592347539696405 42.25390607838684
