_RESULTS/CROSS_VALIDATION_POSTPROCESSED_80-20/Berg/TZ/5comp/1/Berg_TZ_z_90_kriged_reverse_5comp_spherical_1.asc
ncols 100
nrows 90
xllcorner 5.6208707817415728
yllcorner 50.959635321741573
cellsize 0.00013419651685393446
nodata_value 1.7014100000000001E+038
[rows 19 to 37 of 90, columns 0 to 42 of 100]
1.5443342888133382 1.5564373424437603 1.5721668430235254 1.591175611913805 1.613083873128085 1.6374606247128676 1.6638022187302899 1.691508085346799 1.7198545562847927 1.7479698978604148 1.7748176249299825 1.7992012516253166 1.8198103220074275 1.8353289684573943 1.8446134196495978 1.8469065372189983 1.8420121355276315 1.8303444477091904 1.8128193692815393 1.7906266915361742 1.7650584523022779 1.7373241973170115 1.7084581261168492 1.6792753798480193 1.6503397373549278 1.6218629359608931 1.5965508967157482 1.575839048403899 1.5600465644805888 1.5491221542586193 1.5419168610261613 1.537343341015337 1.53654291177306 1.5401576993746473 1.5455209384718522 1.5518532569354802 1.5582223226978946 1.5632945367944435 1.5659009115535514 1.565656753290586 1.5628285005228275 1.5582748646915974 1.553320195879893
1.5494066155640636 1.5637499746208334 1.5819018637623965 1.6035479824059018 1.628342479322705 1.6558876519105956 1.6857091275870824 1.7172252849593954 1.7497101481233328 1.7822507662202465 1.8137047175753997 1.8426731544047403 1.8675210574202528 1.8864930855857072 1.8979665638993275 1.9008157401625487 1.8947420355332287 1.880372535137436 1.8590549283989066 1.832678897944705 1.80319211088753 1.7717350188534593 1.7392406005570322 1.7064502066669465 1.6739223000611048 1.643385557299727 1.616993487459976 1.5954003636920042 1.5789437904791166 1.5675779193489825 1.5594484528067187 1.5541629642194261 1.5519392762915536 1.5523454274708695 1.5541247756882406 1.5564728867800892 1.5583268768583967 1.5586349561215478 1.5565742736716488 1.5517542853835302 1.5443638207624668 1.5353646037992652 1.5265567386657573
1.5545108455999155 1.5708869612991758 1.5912614272420442 1.6153581540932018 1.6428738957838633 1.673457655555763 1.706684238448714 1.742019321354489 1.7787727489486589 1.8160368337814332 1.8526093195158282 1.8869114042483666 1.9169389667585781 1.940336055129084 1.954722689275192 1.9583263732976166 1.9508296909292122 1.9344275594138 1.9108840032067524 1.8819832288378926 1.8494165849994988 1.8145729594458606 1.778516986993089 1.742051961985857 1.706282284352031 1.6740739427174194 1.6460100729681306 1.622547298081472 1.6038772010293936 1.5896486788663355 1.5788646053929472 1.5720701013157135 1.5695215982433695 1.5700389010192934 1.5696860510448905 1.5685418744617845 1.5667317638733107 1.5632449144653209 1.557258902737825 1.5482752138919171 1.5362909101598627 1.5221457510248368 1.5084491183027338
1.5592966376431006 1.5774483415963012 1.5997839834285554 1.6260685506200485 1.6560473671917881 1.6894269699377698 1.7258497333873382 1.7648585354168003 1.8058456483090406 1.8479770872518206 1.8900808528039552 1.9304902174202772 1.9668600360250528 1.996069373232898 2.0146372581059717 2.0214889814994823 2.0158186569392402 1.9986054275691063 1.9724564491174577 1.9401534456939766 1.9039181190221317 1.8653521404889148 1.825563064493276 1.785361387930351 1.747309090178023 1.7132498862610808 1.6833690592861903 1.6578698236130396 1.6368490330499186 1.6196246255930498 1.6056452537891195 1.5955724321551783 1.5900191017404999 1.5895489873717739 1.5907525386987005 1.5892997156304185 1.5848796738176705 1.5783579119759175 1.5691560280001497 1.5566238450518644 1.5404748526715144 1.5209262880853252 1.5002523236728702
1.5634494340773335 1.5830693283223993 1.607040958493403 1.6351695084181594 1.6672500231379939 1.7030514172064428 1.742295118111593 1.784624494548314 1.8295581713652815 1.8764145399349692 1.9241840541018445 1.9713085367976082 2.0153129971189165 2.0533999906941816 2.082445306218097 2.096185777559649 2.0918326439486217 2.0720099031539445 2.041702148606688 2.0050891529328063 1.9648145338212557 1.9224741690430251 1.879047636250143 1.8358138487737696 1.795829323488272 1.7598171537933909 1.7280853817942297 1.7004892855737537 1.6770687346330253 1.6568896247714233 1.639880623217101 1.626739066281371 1.618091552815505 1.614504793674117 1.6144031650724564 1.6142767797303508 1.6114532536586113 1.604664879504243 1.593492279266811 1.5783548697321463 1.5593098068684488 1.5365503859722873 1.5130328371191164
1.566702770732368 1.5874367072210442 1.6126585784511676 1.6422082758373109 1.6759252469764334 1.7136365199689894 1.7551413215522509 1.8001894814445811 1.8484481549055358 1.8994454655138115 1.9524656748238642 2.0063357946156124 2.0611899852141424 2.115200409289706 2.1597091377392763 2.1822632339354 2.1769548120592996 2.151350685194107 2.1151273736432534 2.0737440890633096 2.0296630502021364 1.9840355353751973 1.9374909793691477 1.892323824432803 1.85066168311394 1.8127678456885672 1.7791775437484398 1.7495114183074718 1.7236728920713853 1.7006687484278118 1.6807717527297528 1.664747881198829 1.6532786311015422 1.6469649727475915 1.6448502667970624 1.6430431266508054 1.6412953276538715 1.6368456242875264 1.627521480756145 1.6129836378232096 1.593471529401733 1.5702190422425224 1.5487609654419157
1.5688504599608095 1.590305475641138 1.6163407432582673 1.6468207213510642 1.681617020880265 1.7205999991219152 1.7636290886094605 1.8105406830596396 1.8611312466390761 1.9151304860205351 1.9721517830732609 2.034367885329438 2.1032501876157035 2.1756190599464373 2.2427156316476085 2.278843617724877 2.265830446270073 2.2298832431320283 2.1872112983494523 2.1420714345935163 2.0955641212903875 2.0479438525187295 1.999548039473835 1.9535090442660281 1.9106518004738382 1.8711370716564555 1.835655688666997 1.8040060756630782 1.7757902216607766 1.7500692335161174 1.7273819311511225 1.7086128104085065 1.6945449701064985 1.6858591220515453 1.6819748363610099 1.6787325914301507 1.6756748778652413 1.6725974814570637 1.6661871172218643 1.653834610565863 1.6356530678221908 1.6129478362170218 1.5914972145409063
1.569757156301806 1.5915135585835576 1.6178897792231355 1.6487610610736942 1.684018780254638 1.7237113001724196 1.7676732525390502 1.815640514255354 1.867374900776304 1.922663721198413 1.9837868554964617 2.0542595022640335 2.1335296022629113 2.220717387743242 2.3138949372920266 2.381415232013252 2.3404033180095754 2.2956718599353465 2.2508926927931228 2.20569850121573 2.159621342453871 2.112205488582547 2.0639540751100083 2.0180936552613016 1.9747300623892956 1.9339678700513587 1.8966451648088367 1.8629991496522231 1.8324591119425562 1.8040757715375448 1.778625591406997 1.7571677085036794 1.7406380718262604 1.7298485137707809 1.724434267978651 1.7201484595611505 1.7164110278695446 1.7128596739333295 1.708722702934902 1.699351185154828 1.682484924702762 1.6592262861188332 1.6356730376419517
1.5693658435961952 1.591013335794185 1.6178007593689248 1.6496152768198349 1.6860752799018184 1.7268228943166228 1.7715211597835723 1.8198523208818675 1.871515331050718 1.927699025083088 1.993112516981536 2.0675139759317096 2.149891921186032 2.238242781134087 2.326155105619628 2.3810518455889005 2.3697844914387574 2.3376705142290297 2.3008163022396744 2.2614469926180223 2.219697371073111 2.1753089031571577 2.12942680193334 2.0850330070894505 2.041984153113191 2.0004096924816075 1.9613782694193627 1.9254900429018451 1.8926140797622708 1.8615415341707724 1.8332557676886518 1.809050322373659 1.7900649424377624 1.7772937903058572 1.7704574871882754 1.765370324623945 1.7615431322351887 1.7583201843823413 1.7545320171573646 1.7478564260889455 1.732011350047823 1.7068703245636134 1.6796290380185825
1.5686466676696709 1.591645752241447 1.6198714485687966 1.6528682536095876 1.6901962295523159 1.7314245860403426 1.776126169969306 1.823870059185571 1.8745918850505576 1.933189999352909 2.000588732040565 2.0755431472875023 2.155911453641114 2.2373730518369603 2.3103321241228976 2.357467858575478 2.369454042507325 2.3585283668265817 2.3369813409114886 2.3086627381060842 2.275037343057939 2.2364985386863028 2.1951698724622113 2.153609514852621 2.111726623581474 2.0697639466908697 2.0290500948173213 1.990693620416616 1.955074291257706 1.9211774284041294 1.8898577806299905 1.8627018732666443 1.8410951082502018 1.826251152387695 1.8175359678077219 1.810809325934297 1.8061992921994656 1.8035224843096227 1.8012686737762746 1.795787630373849 1.7806405744420766 1.7516247033171253 1.7186699174869684
1.570853510162613 1.595243825820431 1.6246197117790147 1.6584616038784676 1.696248329689299 1.737448707509717 1.7815126444325782 1.8278573443386663 1.8791050214804272 1.9391474623318485 2.0068174080792183 2.080338039236865 2.156834292598341 2.2314683303495517 2.296611722522025 2.3433115992063285 2.3672926368625014 2.3722309960217567 2.3645528528183455 2.348882736691342 2.3261321312168626 2.2958433983187034 2.260888871236771 2.2234560423119496 2.183514015866863 2.1415138554958943 2.0989462497856635 2.0577235020139657 2.018764607217614 1.9815363082622284 1.9468508453394207 1.916390809134254 1.891497718385585 1.873065554247006 1.8605918895373588 1.8509739071881117 1.8449562214694781 1.8429413987814665 1.8439998001009756 1.8427688357765912 1.826006411143487 1.788898975896834 1.747702205975806
1.5760660249740175 1.6016292206218332 1.6319154542283807 1.6663254215429135 1.7042389270977736 1.7450054093711043 1.78793371548201 1.8329672374645254 1.885536721817827 1.9460349248706992 2.0130019745863685 2.084394175141773 2.1572332554801985 2.2272697204054346 2.2890941893984893 2.3374671156712945 2.3697010578329327 2.386716254263251 2.391431360119093 2.3866471512731287 2.3741797633167088 2.3539391842956623 2.3267376557163737 2.294491577164453 2.257116480230643 2.215239216200477 2.170446711170404 2.125636222107809 2.08255387388794 2.0412226246389897 2.0024484974538295 1.9671788613202865 1.9369835576137553 1.9138052600560167 1.8962859838684134 1.882355878642883 1.873172688602654 1.8697180167480554 1.8726273244518052 1.8807791432145151 1.8604947437280843 1.8081371110467637 1.7593367561039746
1.5851027559622797 1.6115701850432171 1.6423019908813532 1.6767191982314726 1.7142899445594033 1.7543335641912425 1.7957943891327592 1.8408481727374488 1.89411483031955 1.9544438658547154 2.0202593652874175 2.089506015679953 2.1594746572350427 2.2267495256650176 2.2875038440618796 2.338317502277482 2.3772066421937175 2.404024571941824 2.4198417203455147 2.425929597108241 2.4230996699819967 2.4115923689258443 2.393205812759701 2.366908038522094 2.332433657033167 2.290524820528594 2.2429980754060583 2.1934700436794765 2.145091135639899 2.0986500555930747 2.0532530236787303 2.0113375344274176 1.9751467817940842 1.9463048447716533 1.9222202427015924 1.9021601997642306 1.8871294830081684 1.877760794798227 1.8738082706875658 1.871123732358073 1.84520767653636 1.7965935620085212 1.7563018469017473
1.6041937684850633 1.6314111790160708 1.662125580852328 1.6956417320018444 1.7312993875519094 1.7684731841025616 1.8067537900913093 1.8516615997745745 1.9050959296171486 1.9648579460113766 2.029319827045833 2.0965741238770947 2.1643201288337766 2.2299126905206776 2.2906132177833793 2.3440481169255136 2.3886758114470283 2.4239317717393765 2.4499101821541984 2.466795287521731 2.474381772492179 2.4719025650746236 2.460819352320004 2.4412182960750193 2.409596447515796 2.3669433661466615 2.3158682111343873 2.260178753057803 2.2046874560816425 2.1501186112825654 2.0968079095415066 2.0474045488036787 2.0043029114075592 1.9685630959020544 1.9367292612162115 1.908960752260107 1.8857871025627186 1.866943553947729 1.850494654572294 1.8309675819541131 1.8003128843265361 1.7679124278022647 1.7459691498928065
1.6342355419045491 1.662231804959112 1.692943561859024 1.7255531416043028 1.7592699732450812 1.7933367839891738 1.8282337637702046 1.8704572962018318 1.9204942520337207 1.9776612990527507 2.0405088297113836 2.1058174866571213 2.1716280661879415 2.2359535720017245 2.2968530527234923 2.352673371004703 2.4022542711952055 2.444949313878939 2.480394577342091 2.5080956242891372 2.5269892907936033 2.5351683403847938 2.5319876183306853 2.5178251147700674 2.4890159900142845 2.4442784892966465 2.3876546433799914 2.3242572849964254 2.257879961661282 2.1932607900156786 2.131408464068438 2.074096678929971 2.023648307932395 1.979487700778539 1.938980659405708 1.9026722464385821 1.8704683888041949 1.8415555656386349 1.8139146280630278 1.7842454802452243 1.7557123677279831 1.7384631703798363 1.7339961547679565
1.6750676904289596 1.7039024359663646 1.7346543063958115 1.7663800428817773 1.7981588651487148 1.8291059830096081 1.8611178227841831 1.9002534391651782 1.9460509616950297 1.9978277510990652 2.0550032345850693 2.1170220906278603 2.180784304104454 2.243709272972264 2.30449501265722 2.362068972899236 2.415662567861522 2.464770372171996 2.508944103465315 2.547418254394005 2.5785999394565593 2.599516817533642 2.6067956993830426 2.5984042716947133 2.5708508488098962 2.5220174954575896 2.4570454508301998 2.3818563244235342 2.302591898516402 2.226215634622374 2.1554484069305038 2.090252603064035 2.032332071651829 1.9789865095336232 1.929557405748034 1.8843687065350112 1.8432104805208804 1.8052431671348919 1.7689682518219174 1.7350595833305429 1.7154537786539934 1.7115375863484796 1.7235982479289849
1.7266071587559637 1.7563535885888975 1.7871991988522455 1.8180764692720368 1.847937231425458 1.8757721492773778 1.9050327703181296 1.940623762465864 1.9817031045593636 2.02760679018129 2.077895487595861 2.132352747802805 2.1909710484369644 2.2518760128410884 2.311764326136747 2.3700531947779457 2.4263858178564104 2.4805499080483915 2.5323034875950463 2.5810359045664186 2.6251824827980283 2.661258080823539 2.6830795544374406 2.6838218365518673 2.6553074450136207 2.5984200080012507 2.5198351385149897 2.429623751542941 2.337135544649308 2.2482372609845487 2.167719139469402 2.0951531477682948 2.029211325871296 1.9671679978460657 1.9094127131733898 1.85606997418972 1.8068529440257282 1.7610803023119563 1.71792571282763 1.6880636623781444 1.6777882489848894 1.6866934174801462 1.7152690408462654
1.7887816981220976 1.8194981076792551 1.8504729961649289 1.8805242903726676 1.9084855519681236 1.9332404465316428 1.9595562836287579 1.9910755496254213 2.0268351456988767 2.0661907008117724 2.1088651595703416 2.1549470998367783 2.204846236649891 2.2592353328111416 2.316956859420214 2.3745300409162127 2.4319087987226875 2.4892360479304343 2.546645902159119 2.6040297064377977 2.6605470639340942 2.713509381299453 2.7557130532672094 2.7727563713468477 2.7427714503813996 2.6685453647279105 2.569648235558976 2.4619673163803526 2.3549742229473662 2.254103742248874 2.162456762673279 2.0820150878014467 2.007588477087679 1.9384610247572036 1.8747341925542191 1.8161169158413517 1.7619783263895343 1.7114219069680254 1.667482001326094 1.6449904983446346 1.645027030630672 1.66742920948493 1.7125472915263291
1.8614525544336995 1.8931361276018046 1.9242091127306238 1.9534004676313375 1.979449406929485 2.0012000232772356 2.024089878314256 2.050948744914052 2.0806731664306652 2.112620670607269 2.146699574305367 2.1833480017316367 2.2234227434526814 2.268065096159497 2.3186005591125927 2.3736798590479213 2.430026563548421 2.488046604787668 2.5482205556658974 2.6109869584952103 2.6765486849255415 2.7443502257888466 2.8111036326900427 2.8607125086301304 2.827805613782786 2.715321831695013 2.587518534723022 2.46030405118561 2.3400298763543366 2.2298135532924244 2.1312730351371134 2.042799659882345 1.9621053253986835 1.8880639885409662 1.820520647785312 1.7590567741009349 1.7030678665997148 1.6519010348334318 1.6168614865317708 1.6061654597898383 1.6179771559564724 1.6510319376009595 1.7078064283744157
