_RESULTS/CROSS_VALIDATION_POSTPROCESSED_80-20/Berg/TZ/5comp/1/Berg_TZ_z_63_kriged_reverse_5comp_spherical_1.asc
ncols 100
nrows 90
xllcorner 5.6208707817415728
yllcorner 50.959635321741573
cellsize 0.00013419651685393446
nodata_value 1.7014100000000001E+038
[rows 38 to 56 of 90, columns 42 to 83 of 100]
0.4472849990889717 0.5326416181555594 0.6484494033880647 0.7961419328857225 0.8781814323454565 0.8798734672029827 0.8345072496180365 0.7518666328429612 0.6452719141527358 0.5307505923785404 0.42267211445996944 0.3260048078046968 0.2452765026876469 0.18408148514520933 0.1427920785258591 0.11488857480866459 0.09813959256645503 0.09153739778058101 0.09545239966143228 0.11182231850806101 0.14407255708255343 0.19428766265596106 0.2558807918026626 0.3094294097483 0.33971953009885075 0.35089283257382425 0.3548542225268853 0.36059465603399377 0.3721311457967449 0.389026934431058 0.4141208438441147 0.4400609577140828 0.45945045063650636 0.46748938077094593 0.4583412253622243 0.42585587155284743 0.36807676288479846 0.3112014774527247 0.27974089876501096 0.26578248377080954 0.2661717158212884 0.281585110066362
0.41350966058033356 0.5007953737688509 0.6211816013458495 0.7490734881966505 0.7870346164601425 0.7591600406278025 0.6937306079785468 0.6027261794075802 0.5052593217821116 0.40952029100484255 0.3196886998444536 0.23994414477518608 0.1737850393151645 0.12563256306702567 0.09244340021254235 0.069717334529904 0.05574599134120608 0.04941168509933788 0.05063018870501161 0.06097281047244933 0.08524381638640162 0.13053683509433764 0.19424784878529722 0.24448241626429784 0.26008370323529095 0.25788883752017944 0.25400503888670584 0.2544705731393854 0.2615628359437492 0.27752004229190014 0.3021338179542759 0.3336446617973014 0.3663659313271787 0.39773485826524196 0.41967818233199594 0.42085089291032296 0.3924809383256755 0.33991819752936214 0.30573411175929527 0.28886939711268 0.28348498508148096 0.29152450606126684
0.36811265923208897 0.45265454644352715 0.570962413351709 0.6599202909570828 0.6637869849680342 0.6172336139140093 0.5459289134887563 0.468504463057103 0.3905483920912934 0.3148555756412284 0.2434507183192651 0.17858969502219493 0.12535833279865968 0.08600687271690861 0.05841746457159791 0.0400632255012255 0.029248255629033236 0.02402518392183573 0.023426318455490116 0.028365731969321406 0.04311544371779629 0.0790855760149104 0.1481636833420015 0.19270660064065873 0.18742209047821395 0.1776088156024883 0.17346383605747195 0.17457623084655371 0.1800218348901333 0.19038823464049281 0.209043043424131 0.2387917657616366 0.2768665833951636 0.3232474067833681 0.36971370999705006 0.4015113675650912 0.40386576951395986 0.369657600921679 0.33564245286647904 0.320068409819919 0.3073004670708484 0.30459033374967487
0.31529752034131625 0.3927559567737652 0.49476896611291415 0.5498264024611981 0.5314471729338294 0.4791169919653583 0.421097319457326 0.36131014490294555 0.30180725689766474 0.243969013843734 0.18861286396058527 0.13714697372412846 0.09386350531303643 0.059951364631889235 0.036196502258051995 0.021639226221908704 0.013755179584057302 0.009967645097013346 0.00884668689738219 0.010284657925236786 0.016314578840519903 0.03509834257082598 0.09836938949989812 0.12347127158016274 0.11008942024291139 0.10744510188953978 0.11035600633278977 0.11599652354382126 0.12287063947991532 0.13066304287550212 0.14148425961531505 0.16208761464785984 0.19860388369587542 0.25378161096309126 0.3189202111680368 0.3755112508248131 0.4046363168535323 0.393717765138564 0.36110614767464855 0.3533429055535733 0.3288191223918151 0.3149571679137086
0.2611586249016934 0.3290880825803356 0.4087715979628628 0.4400111208551432 0.41343625703809306 0.3698444387602212 0.3244011667733222 0.2785592496834392 0.23352266574356373 0.19022510050351013 0.1487313128432475 0.10978852958992563 0.0738938132127105 0.042886189608715417 0.02207147307531203 0.010984335812723485 0.005778038304720786 0.003493881609972417 0.0026614103666720555 0.002797654028490007 0.004273101724234075 0.009169317508836526 0.022436034553017722 0.03778022511829662 0.046582791076681083 0.05537194018294499 0.06557489102817715 0.07628230407617091 0.08590035251190471 0.09331108583149257 0.0991746923219341 0.10837174428228782 0.1372554982337589 0.19833301214348947 0.2763837980004901 0.35134124240914943 0.40042313557883075 0.40591995712525214 0.3717716354081724 0.3476217450905329 0.32699369597230393 0.3173325505127989
0.21174485493816578 0.26994403843932835 0.3287471050503517 0.3449184862732337 0.3226206824708124 0.28743474909094324 0.2508302312906542 0.21479839087517158 0.18024155186870713 0.1471432974710883 0.11618091414823792 0.08963880022636705 0.06252338372708394 0.031804138421077474 0.013202532025666087 0.0053107775371727655 0.0022398147367982757 0.0010720624720171146 0.0006515094321189984 0.0005788232406507026 0.0008189594583345126 0.0017241069875180474 0.0042505778327975125 0.009281924611582431 0.016644571657455937 0.026296428353937272 0.03821106744039945 0.051439829628634755 0.06397103547723298 0.07352759008419145 0.0786072296245308 0.07938958952147432 0.10084221158317361 0.16789984062514082 0.25198963801756197 0.33621020601558493 0.3971286920982711 0.412502715330873 0.37614863256215697 0.34127709283413343 0.32075335068484634 0.31562157518404876
0.1695172397166768 0.21864565915182657 0.26082672123587763 0.271772409021969 0.2549761894563071 0.22586737059919104 0.19581045341135717 0.16626806791010032 0.1374722354417917 0.1104229872067505 0.08647627909736136 0.06790956834662976 0.05322569800528308 0.022006626629891748 0.007540966859060719 0.0025344465468788466 0.000861037167798205 0.0003141841095505429 0.00013980890211621414 9.620583034874025e-05 0.0001287856183319696 0.00030462181953023906 0.0009070155448285557 0.002583442219253677 0.006298181285301722 0.013096602745552924 0.023689015039595817 0.037675106332013965 0.052944264576748036 0.06648399065104177 0.07660543136358954 0.08633898629664222 0.11173754637517691 0.1686314534391183 0.249912358169875 0.3354052164415428 0.3999095658605854 0.419259224213865 0.38286260074226286 0.34075801401616784 0.3187946630384816 0.3150409437679212
0.1375079200622044 0.17718062361565506 0.20812235076581587 0.21775261717418634 0.20537235948128946 0.18056934598672197 0.1550925980307789 0.12907751434989004 0.10398019669074746 0.08067811110966039 0.06021054417877007 0.04320716399919964 0.026888387194678873 0.011986023980079127 0.004162798332474292 0.0012875324836945 0.0003722649851986312 0.0001044552709429891 3.120731131066826e-05 1.3871842127272772e-05 1.8721596504859954e-05 6.296449771401276e-05 0.0002537439916195015 0.0009351574706808873 0.0029153162398414152 0.007626208806104829 0.016867271763267376 0.031599962616478565 0.050224236312206766 0.06916459239464946 0.086846373887663 0.10755641134523881 0.13948953777041415 0.19162444262062092 0.26579713312049946 0.3484987488555206 0.4111265023338789 0.4294654342483938 0.39224209680154243 0.3456098487524832 0.3218696362165059 0.3174114637961702
0.11549280183273498 0.14471050674842487 0.16892246188465154 0.17734443658851787 0.1683648306511161 0.1471516640794138 0.12412022629496859 0.10103770672818817 0.07905655910694229 0.058777949621547275 0.04130086362714085 0.026895372679884517 0.015098525274642062 0.006837234075827245 0.002514142326546689 0.0007818643522395208 0.00021326105983322016 5.171189602625985e-05 1.1215365233812974e-05 2.293044432328161e-06 3.760469435971816e-06 2.232321919263233e-05 0.00011438034529228051 0.0004944020847356518 0.0017992864343410646 0.0055407045344174335 0.014447376858448435 0.03134415000762539 0.055256115579671236 0.08087491449656367 0.10616909312584197 0.1358304656613431 0.17449020799552395 0.22663346861918834 0.2942583288786117 0.3714039916405651 0.4294338680837201 0.44344858986194974 0.403200363213186 0.35372773528947177 0.3296927950728318 0.32269745145344086
0.09777572976392582 0.11931300010065134 0.13903589602028557 0.1465422741454768 0.14031203049096505 0.12197274371984144 0.10109480745941472 0.08075970988909638 0.06158414942159787 0.044283270310512775 0.029802259899353246 0.018480008882644772 0.010104238595831374 0.004715025043712356 0.0018656683499371784 0.0006269424383962596 0.00018340657133408703 4.795185104065264e-05 1.1882778770691058e-05 3.7663112620247666e-06 5.080380163845458e-06 2.107992588688287e-05 9.639077136064999e-05 0.00040419299194649814 0.0015169707455179196 0.005061043406201574 0.01489873300877542 0.03706185322170673 0.0703592125009742 0.10266339493488902 0.13349243791923865 0.16984207058884426 0.21391971907394614 0.2679131436576009 0.3307455977308899 0.39910288672129823 0.45158477261065066 0.45940380046435486 0.4142225943149962 0.3637123138773223 0.34126965054421876 0.3300956631768003
0.08252365565032994 0.09897712308068428 0.11560803179213416 0.12268611998516198 0.11831385196151342 0.10328369037558305 0.08434097074269443 0.06653350647917387 0.05010813113223366 0.03547681789046269 0.023515469457565077 0.014506454810418604 0.008100710474142975 0.0040197630906817685 0.001765542392444338 0.000681530807627273 0.00023716934241909643 7.876079403479604e-05 2.846397280437854e-05 1.5196161897827804e-05 1.7823875785740795e-05 4.27914949840216e-05 0.00013960568287426506 0.0004861789978640265 0.0016739419275010607 0.00552219267828091 0.017270369373744033 0.05005103640927027 0.10038785562731908 0.13123245255022517 0.16383522386412053 0.20507449260600544 0.2536129884104063 0.3095489396865221 0.3699613532721084 0.4284931069510824 0.47388459527256627 0.4746953612808057 0.4237711839647269 0.37483335510399773 0.3537039189819435 0.338428152374039
0.06972083870282093 0.08227048961930745 0.09668621377501958 0.10334503964695904 0.10020093476958714 0.0886409917130832 0.0723985943059502 0.05706670482795624 0.04316242821352945 0.030677312114020115 0.020573082819389535 0.013047608888488004 0.007692340664760915 0.0041759151849585585 0.002091171569796975 0.00096416978637548 0.0004184688923765359 0.00018238350389863613 9.019943697037737e-05 6.114478613212317e-05 6.69656484896296e-05 0.00011711803186718624 0.000277687807501258 0.0007603617479263097 0.0022211687031288194 0.006621761329272312 0.019596837433559333 0.05554503191053093 0.11124540649923892 0.14681544447849093 0.18606625429228094 0.23403437582060577 0.2879937290830355 0.3466568582062313 0.40572666283901354 0.45719379113617586 0.4930770872339988 0.48671601942706794 0.4309391240371137 0.3867784239022796 0.36457904693939763 0.3457839615669549
0.05927623915601753 0.06829684758319084 0.08074709667172285 0.08671196473405215 0.08485098581216129 0.0766255294621337 0.06421475490139501 0.05127678881778783 0.03956065665906648 0.02879031727783217 0.01994303456889779 0.013295324355247265 0.008452548005190458 0.005112390391946922 0.002959869717813983 0.0016537867992502788 0.0008998475002604655 0.0004999599109902237 0.000307973128974219 0.00023450824078245975 0.0002418472465805457 0.0003432750219099532 0.0006297811451482524 0.0013633795905865949 0.0032624721932020193 0.008261299275592727 0.020980769336314382 0.049300735073832855 0.09389577890326731 0.14236605586508347 0.19466088521278585 0.2521200739501908 0.3132736477025019 0.3758495664826077 0.4345590492150972 0.4811533505058816 0.5069089641393294 0.4934105815882857 0.4358340059543526 0.39835284829922285 0.3724950460931644 0.3509713163579196
0.051028245739425604 0.057082589231870706 0.06724393416156586 0.07244914677165981 0.07160939346670667 0.06640417077993074 0.05837224815928632 0.048445482551708434 0.038681397753671146 0.02929790550108175 0.021246051690167442 0.015065888858570561 0.010425808774314867 0.007067531415530956 0.004741392805389488 0.0031928816544701697 0.0021556814859761877 0.0014781245339575665 0.0010630453085289857 0.0008498738816695003 0.0008149990366717008 0.000979249931014723 0.0014562672338279748 0.0025529136327848406 0.0050083503538684085 0.01059764076782838 0.022825552758017193 0.04668192365595254 0.08486361885027537 0.1351922048992221 0.19560007223807002 0.26141126728034175 0.32970926166212217 0.3964601100353713 0.45522916554813236 0.4975331845509373 0.5145776936436508 0.49355681093025 0.4396795598804415 0.4046245405757936 0.3764228762761869 0.3532589557665428
0.044952727076910504 0.048621849907575745 0.05609368383495259 0.06052130198832997 0.060063507100330836 0.05728165349292447 0.05374289620058549 0.04827486683427831 0.04047579374022161 0.03221968563668158 0.02459922876718515 0.018584055231546246 0.01396840913432569 0.01054172222049974 0.008104972184677022 0.006458858924604978 0.005351811824039993 0.004479799489507376 0.0036285827478870947 0.002876628457306849 0.002495940855959196 0.002578511765595643 0.0032149037886590364 0.004701374325647434 0.007740678670214853 0.013899608722708384 0.025965106685597043 0.047776151008816506 0.08282555989683381 0.13299231148690618 0.19630119936859905 0.2671076955913709 0.3404684125101135 0.4101640539941239 0.4683436632819981 0.5062002387198162 0.5158463582711771 0.48686625827466185 0.44026821610303835 0.40463955360717074 0.37583945474961294 0.35224602159954566
0.041016689761865316 0.04287621509706043 0.04751524312751922 0.051371778824321486 0.05036615954172875 0.04875522645714371 0.05046315491666648 0.05032682157634783 0.04560125909958658 0.03816185998533063 0.030604597848568182 0.02443988577237751 0.01970372612459799 0.016245660166164293 0.013951247346511814 0.012760782044442927 0.012668675170646461 0.013253056006314587 0.01210910387717513 0.00872198208780129 0.0066302222351576345 0.00599604840307782 0.006493794191634367 0.008205616295601601 0.011700368499823258 0.01839445292953306 0.03066001779636621 0.05195456712384326 0.08619171943351767 0.13649189466182285 0.20045537918087858 0.2734657725129221 0.3491693691160203 0.4195622433049914 0.47550708691870125 0.50795754791557 0.5100076679051473 0.47516572402529317 0.4328442815111227 0.398627761967004 0.3707581934806828 0.3478934761182377
0.039191287919889246 0.03974574456095767 0.042366407086188 0.04600659611044281 0.045025625736294525 0.04165725441392759 0.050978061514649495 0.055816110208374854 0.054701618911289634 0.048497106346437814 0.040487257659503326 0.033662016078402385 0.028525728287250474 0.024975589090606494 0.023015094697814417 0.022855885179233783 0.025208412621821094 0.03188450764721769 0.03570195453157221 0.020471222590507127 0.014188223190651942 0.011850167657479902 0.01170092480026343 0.013297413862166835 0.016976643837684605 0.024134425358465418 0.03705902056294283 0.059107337020600385 0.0945321505377683 0.1452410410300942 0.2094838421998881 0.28295003786774603 0.3584964114142637 0.4269653058551431 0.4784159760285069 0.503911575376327 0.4968649986502004 0.4564393328439305 0.4187473118018428 0.38757322032584507 0.3617954666530935 0.3405111778263774
0.039467897236103805 0.03911864666352145 0.04077867799744168 0.044607024451157364 0.04797471984266263 0.051347139149329424 0.05931222141858873 0.06654025258227923 0.06846168511408723 0.06449995018928321 0.05638476537711512 0.04792419002166406 0.0416991764819253 0.03755523818334823 0.03547836875918752 0.03568000315315699 0.038697649448813105 0.044054904514703036 0.04299920315107156 0.03158719966188266 0.02346937792624798 0.019706529477420017 0.018776279768915653 0.01997030274395852 0.02347571609829127 0.03099779422082131 0.04532974659778517 0.06980125038280663 0.10762669869436023 0.15949690061948554 0.22408738305841483 0.2968088064294499 0.3699774382162512 0.433839877604252 0.47827708372753475 0.4940341691743492 0.4654829925881718 0.4317987667042932 0.3998261498016558 0.37269436552683244 0.34986652866119355 0.33081931311070634
0.04189872858562561 0.040834104815728016 0.04209207047581423 0.04609490413207552 0.053812849761307305 0.06260188571566763 0.0728923508515193 0.08251859341288319 0.08753610144062217 0.08632483511025257 0.0797372980581762 0.06993694721845947 0.06119632144910527 0.05516315334461551 0.05152288877119664 0.05006987082257262 0.05016247295408842 0.0497154288494034 0.04540854435195854 0.03801641519455538 0.03193878450840352 0.028609862035490794 0.027584373316906594 0.028428154012653806 0.03126436495802424 0.038840562825927925 0.05629464855862068 0.08517322585643544 0.1263119798542095 0.180092748724177 0.24487968072126748 0.31559911703526944 0.38416409078658814 0.440707813329209 0.473403087473532 0.4635255749855782 0.4280297801816397 0.40388173154224094 0.3780163500943785 0.3553432676857497 0.33591782879481386 0.31952951176673805
