_RESULTS/CROSS_VALIDATION_POSTPROCESSED_80-20/Berg/TZ/5comp/1/Berg_TZ_z_0_kriged_reverse_5comp_spherical_1.asc
ncols 100
nrows 90
xllcorner 5.6208707817415728
yllcorner 50.959635321741573
cellsize 0.00013419651685393446
nodata_value 1.7014100000000001E+038
[rows 54 to 71 of 90, columns 41 to 81 of 100]
0.0015233314975036955 0.0024068715571208908 0.003639561220408996 0.0053915809810879105 0.007854914651062613 0.011159051338759544 0.015591048672920872 0.02223077900684314 0.030462358258303325 0.03767873116640865 0.04260476737650992 0.04667338080857953 0.04826165111441608 0.04696465063405759 0.04363837000287822 0.039147099619289985 0.034150041608022375 0.028791882995309086 0.02311806954563615 0.013429030261057833 0.0030205535108178035 0.0006724449036553676 0.000153022714176273 3.740710997841905e-05 1.0555945878152714e-05 3.8060592586495803e-06 1.9594222339677465e-06 1.50105169315476e-06 1.6047798387056358e-06 2.1680992584428052e-06 3.5254077744262738e-06 6.626863552775563e-06 1.3714792470939927e-05 3.001933786252973e-05 6.730262631036147e-05 0.00015080626463157947 0.0003316122251533212 0.000706985561131376 0.001466185455679 0.0028030533038111327 0.004837485929318603
0.0013649424534847147 0.002216742551655261 0.003478485525654544 0.005396098869802818 0.00829272575112769 0.01257044133798616 0.01888468988576891 0.028368694174277318 0.04098856383307301 0.0532135639260155 0.06302926284957606 0.07332109402377614 0.08251727638988589 0.08671942102177986 0.08616274065534237 0.08165002326303357 0.07376990081567504 0.06145449882745693 0.04391830972615362 0.020945433898743954 0.005769348524951893 0.001261806236795254 0.0002588705462222254 5.4071355366962634e-05 1.2477720439312758e-05 3.6408803742168734e-06 1.678278273038872e-06 1.343355752848655e-06 1.55471828347069e-06 2.219173880481869e-06 3.6991159467744557e-06 6.878160421816151e-06 1.3784963951708637e-05 2.893252008597493e-05 6.205772858341779e-05 0.00013331081898255745 0.0002826034059745331 0.0005959992237692938 0.001243638369714465 0.0024146073672005447 0.004243612021365092
0.0013027909865376281 0.0021487748214240473 0.003455551745579565 0.00553675534641273 0.00883904188342691 0.014061715422244284 0.022184171914376882 0.034723030404634314 0.05199662191971039 0.06982068974632988 0.08563505486291208 0.10289170295026806 0.12206731541832325 0.13704861009413236 0.14366884577335517 0.14118443411682996 0.12743112409434104 0.10149738593233065 0.06594897522096797 0.0304591654185626 0.009345965043149104 0.0021283532519707606 0.00041700399468723676 7.809263484625243e-05 1.4977049971013795e-05 3.2517539385985087e-06 1.2460732147638724e-06 1.222042118798007e-06 1.6331986876719693e-06 2.5068879865756105e-06 4.248940048599435e-06 7.767662569248527e-06 1.5018171403719744e-05 3.0126462558064513e-05 6.157790780897643e-05 0.00012660271637374073 0.0002629175864795834 0.000550633055754823 0.0011458338258523491 0.002232177669035236 0.003951212333549909
0.0013084404709785484 0.002169927588138603 0.00353150025995066 0.005763677562067485 0.009415277684419123 0.015381572887579083 0.025042039704337767 0.04030894537664054 0.06184740697763877 0.08487042118742491 0.1068829599512863 0.13151845126411676 0.15931841377135691 0.18570480746396173 0.20291358328589157 0.20350852819756912 0.18247813227285503 0.14236071632728298 0.09186983787599085 0.045390528392602277 0.01527310202320878 0.003501401473695176 0.0006753147014848838 0.00012274340527136497 2.213067489019391e-05 4.1102125260012426e-06 1.2619193344974516e-06 1.5465619760614913e-06 2.17908305828198e-06 3.340045669401489e-06 5.508865801525725e-06 9.664629799362445e-06 1.777830336397297e-05 3.3784052272029154e-05 6.597191700240287e-05 0.0001319993428295279 0.0002686383844091799 0.0005572145987021468 0.0011455378944720594 0.0022147642618462215 0.003907672463798373
0.0013856074320916178 0.002256051573493393 0.003671536019317885 0.006023294286449064 0.009924827280123902 0.01637813086660823 0.02699981073688896 0.044101560702051026 0.06867195105005684 0.09538085515103623 0.12282825738855482 0.153820981924524 0.18797900586125907 0.2233150974454168 0.24660016503337082 0.2469052613656581 0.22109686191193245 0.17240853688872834 0.1142070382615554 0.06304759865496963 0.024829315845866586 0.005496439944321942 0.0011000696469173877 0.00021454899677519364 4.347048897092888e-05 1.0397699396656589e-05 4.109443652664166e-06 3.315342989534646e-06 3.878636883901033e-06 5.344671429080357e-06 8.126579569705414e-06 1.3255171969794368e-05 2.28734197716615e-05 4.14659516570463e-05 7.808885691750671e-05 0.00015133918160970168 0.0003015553574118968 0.000616085112361232 0.0012389635786879054 0.002354326676289 0.004100394784876325
0.00156202939662398 0.0024388975691525495 0.0038445073069340477 0.00625957730719822 0.010272252044024047 0.016898757162567373 0.027749631202285092 0.04527514663173098 0.07091958747227405 0.09917834865121562 0.1304046645978682 0.16557717755827578 0.20346374781525225 0.24031238376463598 0.26501246274155493 0.2627820838165082 0.2317194324635825 0.17898230434926007 0.11870840252078407 0.06523393449464863 0.02616388865915095 0.007227856183415818 0.0017085129264804244 0.00038897143395079137 9.447349333395968e-05 2.822095590769455e-05 1.2385591269598763e-05 8.508439107128165e-06 8.21557146237148e-06 9.796698858731568e-06 1.3401926695640583e-05 2.0211933625065052e-05 3.282265417779424e-05 5.647206420181567e-05 0.00010165667245849315 0.00019053401975551492 0.00037037188140490006 0.0007395984735298065 0.0014430004027815827 0.002671796695355104 0.004552575326617181
0.0018565348841570258 0.0027799767664578212 0.004146988378401417 0.0064550272603455 0.010370471095690018 0.016814689407389907 0.027191367232033935 0.043601349827938965 0.06788846842885585 0.09581125579678978 0.12838163225300717 0.16498317084865552 0.20188949838424547 0.23350136864131785 0.2536054870318366 0.25037366775083797 0.21853141754951128 0.16640716892814855 0.10833029982994738 0.05823910979721959 0.024634859332652664 0.008231148991748878 0.002380961584178946 0.0006615674026100987 0.00019724952094392578 7.037911146725791e-05 3.3246769183467435e-05 2.1610691828191243e-05 1.8609037034718765e-05 1.9826308011452616e-05 2.4642188847720657e-05 3.430838274230007e-05 5.2070821838178634e-05 8.451959113468522e-05 0.00014533547309627815 0.0002628425209880816 0.0004958330900869107 0.0009578347477249116 0.0018002189572942696 0.0032219534164197317 0.00532774851810009
0.0023043717995068587 0.0033054177208298842 0.004664176041772117 0.006837393329723255 0.010379855591215117 0.016126803516161317 0.025340379689623924 0.03953911055365759 0.060260959616623304 0.08616879010144952 0.11732002229442248 0.15072658254642438 0.1823939479628604 0.20714800730429347 0.21946770280297181 0.21478053819830475 0.1872756796621068 0.14224592255759402 0.09268526002521407 0.050822101404106944 0.023149132546089485 0.008915592918162006 0.0031022829170440475 0.0010585500416252188 0.0003846908224772337 0.00016112046138557558 8.274093311964333e-05 5.360653865563441e-05 4.3417830441372374e-05 4.26401786235218e-05 4.883759148489663e-05 6.307980689284855e-05 8.956043837041157e-05 0.00013775290394107758 0.00022668048459740516 0.0003947047826707155 0.0007208339729866051 0.0013320046762732365 0.0023968212364061953 0.004091067051102423 0.006414902743043836
0.002960357202544657 0.00406526945659933 0.005461930337761075 0.007494130608041152 0.010668360564046133 0.015564072720486549 0.022999278613579713 0.034035409742077465 0.05005582137687254 0.07200158586321437 0.09788154238050421 0.12538608982757665 0.15048778718772346 0.16855823647740997 0.17525453356715487 0.1678622249771233 0.1464957648968558 0.11269450302326577 0.07506058662829046 0.04315889928078746 0.021556081293672875 0.00957588149803061 0.003957420688077541 0.0016138991581471519 0.0006923835140451369 0.0003313963151796395 0.0001851288349743873 0.00012361539351913645 9.873556063384059e-05 9.284111777095072e-05 0.00010040954538061713 0.0001221717225034812 0.0001644953575896542 0.00024114212161268505 0.0003796525180534789 0.0006345045957197851 0.001108604893389177 0.0019239936047260552 0.003247700326182169 0.005178489534540632 0.007598916499147657
0.003959013396639736 0.005228275336820914 0.006749356944257815 0.008678115283624934 0.011516964955618226 0.015649574488222903 0.02146292506196096 0.029317512463278544 0.0406126469708593 0.057085847815516406 0.07632231781952245 0.09647060742471689 0.11453803996107811 0.1270023222148062 0.13053995769175172 0.12364117957394502 0.10720306609267882 0.08449376684065288 0.0592798124902866 0.036717750169327434 0.020303098726239862 0.010256639939364737 0.00490655783239701 0.0023259006914452592 0.0011471525566758168 0.0006153657635152141 0.000371695417119562 0.00025805542147848025 0.0002070565751411454 0.00019083188424148372 0.00019986607798621773 0.00023430732988258677 0.00030277413175446434 0.0004252384368478828 0.0006410719516167704 0.0010259885307222275 0.0016864850597267927 0.0027344813928440685 0.004312894067294876 0.006398258942814667 0.00875037798684437
0.005521236585941977 0.007013745650868972 0.008700686245552956 0.010575913533121432 0.012953974734715578 0.016191468803367 0.02037619932181577 0.02574916152841809 0.0338283783798254 0.0458262847499978 0.05981204106509277 0.0738282451218795 0.08602540111229234 0.09424915171594118 0.09621598605201759 0.09103425676626084 0.0793742792658631 0.06351531214335361 0.0465691199429895 0.03117743934550943 0.019006250021151486 0.010772135538200764 0.005846655744415854 0.003150672540785041 0.001749674305516799 0.0010362624977554402 0.000672793337215073 0.0004880081835342964 0.00039901386459473054 0.00036756549756214414 0.00037890885543855654 0.0004326839802285306 0.0005410915369635973 0.0007325958115926174 0.001062295363962784 0.001622100780245695 0.002488961946275052 0.0037691820952650778 0.005534877906355378 0.007618551767320235 0.009814590221125501
0.007739404759076199 0.009464309231561116 0.011282038571004228 0.013056334072419854 0.014868584956417068 0.017035591686678 0.01965156647333046 0.023468671400991632 0.029188479269110505 0.03754100162573055 0.04794737963271887 0.05790102691203668 0.06602612833245279 0.07101368136587659 0.07194587967956721 0.06817803195520018 0.060012811243935746 0.048989829868105426 0.037111227562403544 0.026197697183337997 0.0173905156741929 0.010934737808123198 0.006632789241985611 0.003995133226867963 0.002461237571731987 0.001594233002123474 0.001110870300851298 0.000846336914465467 0.000711343256504051 0.0006610896332329788 0.00067736747210981 0.0007603638940858785 0.0009274389855252101 0.0012181874150801087 0.001705794552933794 0.0024489948808290563 0.0035126743600228452 0.004971232659583987 0.006802081004919405 0.00887066056855432 0.01093920085812183
0.010749192140699828 0.012672974659907693 0.014529657672676303 0.016072994685607533 0.01729392112513191 0.01821557184724133 0.01973302987491459 0.022345033988011073 0.02627541909639581 0.031871276716378544 0.039383287040449584 0.04667976232070453 0.05229481882658706 0.055368091633078986 0.05540497916204696 0.05242157307329398 0.04678663662705672 0.039087778411273075 0.03062818192759729 0.022630897229524105 0.015912617045436568 0.01079301412541665 0.007186807225782498 0.004779726348896095 0.003231383301256297 0.0022706484268605414 0.001690127349117606 0.0013516358707612957 0.0011717130033068734 0.0011052148672928035 0.0011337908350756438 0.0012604073913668734 0.0015097876305580433 0.0019353936476198988 0.0025831422969106554 0.003480231674021781 0.004699620297839952 0.00631714398606195 0.008221343551526235 0.010220576675588004 0.012036927703070669
0.014653815682183727 0.01668419335572594 0.018418156874635567 0.019560164255176593 0.019935885938662246 0.02021299358687614 0.02085734007997767 0.022366758642951283 0.024844244423216963 0.028407587932611812 0.033227690091150404 0.0387004708658006 0.042740280703391725 0.04471815366189993 0.04438001757709475 0.041851030455722735 0.03759876405555781 0.03220898483811997 0.02613641059076887 0.02018791042355926 0.01497707918139565 0.01080422108717098 0.007688367735986793 0.005484498005389295 0.003987631423467201 0.0030020372714083463 0.002372341080254173 0.001988668376464823 0.0017810612354431583 0.0017118429603372343 0.001767573900575486 0.0019574151215048766 0.002318567630012722 0.0028865612822787413 0.0036747181059778597 0.004742645824344608 0.006155702360892154 0.007892068226852794 0.00976467175972183 0.011556762768150054 0.012975912646886965
0.019432714475994064 0.02140556563247178 0.022782148343091144 0.023264731004123036 0.023206057273369468 0.023134437190083748 0.023268103626995395 0.023680385040820987 0.024830220540010686 0.026757397986770404 0.029467814443332196 0.03297398975845665 0.03600428231495027 0.037344497805008654 0.036878118264027385 0.03477009442755139 0.03141461290494162 0.0273311485860141 0.022951501963157702 0.018505178595838813 0.01443742540755435 0.011013767598992629 0.008316653985472848 0.006300196126137252 0.004854147740491216 0.003853947014383488 0.0031896878018786955 0.002777814802462946 0.0025628873302012043 0.002515786237379348 0.0026325998054300237 0.0029369968344181326 0.003441509421825045 0.004144075086179238 0.005089913221847647 0.006329350880570785 0.00788849612791996 0.00960708025944888 0.01129753112864582 0.01271945075512632 0.01359903001839443
0.024852546208510254 0.02653634049369506 0.027372333264249437 0.027728725915092834 0.027656681151529854 0.027201263008552072 0.02679005873784925 0.026513479698588752 0.02638458114026349 0.026791702929413325 0.02778941835979499 0.029302147541263583 0.0311986130637653 0.03216193970567496 0.03168312091428556 0.0299356228298435 0.027249146651282346 0.024026940138995256 0.02066864146219426 0.017368063526270544 0.014201455781267245 0.011402123255097471 0.009084307413741723 0.007264140238510366 0.005897585473949113 0.004915343752100545 0.004247362988036521 0.0038366944255766072 0.003646030165843568 0.0036610114330637993 0.003892367360198499 0.0043143127608074785 0.004924180108798691 0.005753457050202763 0.006838084550062854 0.008210662572752912 0.009757565793227257 0.0112943324207401 0.01262490178864238 0.013516364856598179 0.013764112172912396
0.03040106849790189 0.03197639837493562 0.03308804259382491 0.03362602245313657 0.03353418147638763 0.03282285569041643 0.03167014621501877 0.030567431576751892 0.029562090978340436 0.02865944007497873 0.02801436427366078 0.027852241525326935 0.02806370336709007 0.02847247006561701 0.028035237592740226 0.02659063434563255 0.024417429281008467 0.0218430325963268 0.0191696017939814 0.016635938328386432 0.014213628072772915 0.011962688016864426 0.010009399875273944 0.008407710502903218 0.007160048713016863 0.006240596614432494 0.005614793310664875 0.005253219347378655 0.005141004162769081 0.005262658945686644 0.005565016225809172 0.006055429705453288 0.00675224603472947 0.007677729194886487 0.008853556039004014 0.010206832470517837 0.011547568212767484 0.012714798672016761 0.013515151304851501 0.013764112172912396 0.013764112172912396
0.03666592254809299 0.03896347910017095 0.040608438245517346 0.04141795126386872 0.04129593942207277 0.040258127513457205 0.0384279412239537 0.03615014446229165 0.03396857776427714 0.031942370696380756 0.030096747591589146 0.02844665879517388 0.02710504586098141 0.026151187576228654 0.025446404030722514 0.024267021758836483 0.022512434649993012 0.020441306325064024 0.018293349069027492 0.0162622913376149 0.014441508047868078 0.012698314847224987 0.011115635273513419 0.009769179539236755 0.008693995239154421 0.007899118347127799 0.007382486249308642 0.007129031305462941 0.007076998661303234 0.00721649158800556 0.007549678425228922 0.00808366246761518 0.00882851915765289 0.009793845569217733 0.010920056003733507 0.012023071126009161 0.012967752023949368 0.013596047234170579 0.013764112172912396 0.013764112172912396 0.013764112172912396
