_KRIGING/CROSS_VALIDATION_CLASSIC/Berg/TZ/train_3/Berg_TZ_3_train_z_355.asc
ncols 100
nrows 90
xllcorner 5.6208707817415728
yllcorner 50.959635321741573
cellsize 0.00013419651685393446
nodata_value 1.7014100000000001E+038
[rows 40 to 59 of 90, columns 46 to 91 of 100]
5.12767939999895 5.19364339001937 5.22067871314427 5.20628820535337 5.1498922386907 5.05281817493149 4.91815373047968 4.7504906843246 4.55559443745346 4.3400379675426 4.11083596326117 3.87510762709167 3.6397867355477 3.41138719465841 3.19582345097646 2.99827905176489 2.8231139483349 2.67380156887113 2.55288938305463 2.46198040902443 2.40173659073763 2.37190714972315 2.37138527030367 2.39829471191094 2.45010454986587 2.52376599512981 2.61586110008314 2.7227500902463 2.84070286448877 2.96600136022071 3.0950030740905 3.22416173693995 3.35000825771779 3.46910256982841 3.57797375465499 3.67307057780089 3.75074630096487 3.80729959880567 3.83908737135274 3.84271555079386 3.81530164635083 3.75478932339347 3.66028275970288 3.53235899728184 3.3733119525541 3.1872835444229
4.77655770554004 4.82429457211607 4.84016135051113 4.8220764252126 4.76941484651568 4.68301103304753 4.56506542108942 4.41897429261832 4.24910774982227 4.06056206619143 3.85890978827616 3.64996508964836 3.43957455448978 3.23343645853703 3.03694613252808 2.85506202594327 2.69218686537598 2.55206040938762 2.43766383806276 2.3511396310756 2.29373375547291 2.2657682387802 2.26665130593938 2.29492926198261 2.34837971171813 2.42414036287048 2.51886256415878 2.62887486744636 2.75034006572842 2.87938981966479 3.01222422408839 3.14516915105261 3.27469123325569 3.39737792885987 3.50989707911609 3.60895556247847 3.69127904200836 3.75363368932845 3.79290589671478 3.80624766219738 3.79128443898109 3.74637019702067 3.67086304338016 3.56538591404609 3.43203233559901 3.27447831890049
4.44298021232239 4.47741918966951 4.48650553784209 4.4684432442033 4.42248395714154 4.34894470566297 4.24916413809048 4.12541010010499 3.98075431353024 3.8189297322632 3.64418327115959 3.46113198189512 3.27462563292597 3.08961429046976 2.91101687938339 2.74358634595124 2.59176891426374 2.45955847270623 2.35035142387155 2.26681129984382 2.21075508200972 2.18307374894411 2.18369780394979 2.2116145675481 2.26493844477986 2.34102908457568 2.43664637459171 2.54812656193419 2.67156126378611 2.80296121653863 2.93838939808106 3.07405332618337 3.20635319678095 3.33189010575432 3.44744576286332 3.54995071136642 3.63646111368322 3.70416395564948 3.75042679391613 3.77290117397183 3.76967936937187 3.73949340624323 3.68193504950307 3.59766726617223 3.48859322203202 3.35794925058228
4.13277048141976 4.15818624525658 4.1641850868381 4.14915748740752 4.11218252263906 4.05306073177446 3.97231509172375 3.87116733985059 3.75149751153966 3.61579319481758 3.46709213432196 3.30891826066216 3.14520795203766 2.98022125894006 2.81843257514656 2.66439704117087 2.52259257849788 2.39724221882584 2.292126377971 2.21039890655644 2.15442322148292 2.12564496725912 2.12451526529751 2.15047391744168 2.20199557359161 2.27669477882826 2.37147904437416 2.48273366450857 2.60651875868814 2.73875846609074 2.87540447699801 3.01256085967267 3.14656376824778 3.27401714650368 3.39179286310534 3.49700970111863 3.58700929598615 3.65934777800695 3.71181924252349 3.74252144140055 3.74996595756313 3.73322572350347 3.6921035132464 3.62729752086695 3.54053574897956 3.43465069764028
3.84939031874524 3.86937443986407 3.87529145096121 3.86564663422882 3.83932134787217 3.79561999310503 3.73431022300299 3.65565889020177 3.56046494094392 3.45008813876161 3.32646965203817 3.19213786550952 3.05019101988753 2.90424806792747 2.75836081244186 2.61688395009561 2.48430468484966 2.36503936614894 2.26321021237231 2.18241962431453 2.12554204015367 2.09455318908138 2.09041381622397 2.11301975378355 2.16122326551645 2.23292283907315 2.32521112384113 2.43456456113406 2.5570542920853 2.6885567066525 2.8249436739163 2.96223681584212 3.0967165231633 3.22498384073556 3.34398078172168 3.45098095728574 3.54356665803122 3.61960999846999 3.67727412764176 3.71504596269839 3.7318050234657 3.72692474195375 3.70039437522092 3.65294274322836 3.58614070841351 3.5024585402752
3.59447008585693 3.61193800000378 3.62012292071192 3.61759643544835 3.60303611367799 3.57528475084065 3.53342408210274 3.47686150204589 3.40542546876675 3.31946216341873 3.21992314429054 3.10843177200848 2.9873156411289 2.85959352388222 2.72890854290954 2.59940424859939 2.4755464662077 2.36190041689481 2.26287877214531 2.18248103615606 2.12404718100969 2.0900482884463 2.08193396311164 2.10005076936801 2.14363857686919 2.21090342968558 2.29915747236736 2.40500964829327 2.52458623071187 2.6537583509312 2.78835475946236 2.92434188775987 3.05795927984117 3.1858057436559 3.30487906554818 3.41257874414053 3.50668596494173 3.58533725029506 3.64700754683584 3.69051504851953 3.71505432097582 3.72025718562852 3.70627348442047 3.67385751045858 3.62444168636119 3.560177839735
3.36837814083984 3.38560059519604 3.39779172634534 3.4035596641508 3.40138659721193 3.38969805544159 3.366964480516 3.33183037697303 3.2832621997196 3.22070238818648 3.14421413343581 3.05460006389273 2.95347845110919 2.84330297350014 2.72731648597649 2.60943529646701 2.49406754525936 2.38587660716409 2.2895070666218 2.20929584834627 2.14899377367592 2.11152268722608 2.09879025545299 2.11157887065613 2.14951746169115 2.21113636044636 2.29399679808315 2.39487920178728 2.51000916712742 2.63529743665088 2.76657068314587 2.89977322030943 3.03112539784263 3.1572315259188 3.27513767380871 3.38234652033447 3.47680163657564 3.55685644206837 3.62124323539242 3.66905520490856 3.69974962419446 3.71317432039088 3.70961299333863 3.68983916024566 3.65516441646384 3.60746509619427
3.17074507271581 3.18939523903134 3.2067703019244 3.22149959963351 3.2318888364579 3.23599702349192 3.23176054620356 3.21715704512789 3.19039662353841 3.15012363422674 3.09560947379214 3.02691584877562 2.94500913567429 2.85180979144066 2.75016609804605 2.64374841106119 2.53686786875376 2.43423137662316 2.34065170473511 2.26073684762295 2.19858567984453 2.15751694190271 2.1398556059907 2.14679497666646 2.17834511882416 2.23336930238345 2.30970120370834 2.40432771655592 2.5136163676913 2.63356319278866 2.76003681989606 2.88899732671344 3.0166736838819 3.13969045023298 3.25514183263777 3.36061820036635 3.454195694276 3.53440297611435 3.60018004071036 3.65084236699158 3.68605989428242 3.70585507828853 3.71061851841556 3.70113534013496 3.67861157053734 3.64468784854044
3.00088327869729 3.02209317602628 3.04532282751785 3.06921799286932 3.09193398045892 3.11121792149516 3.12455038032253 3.12933693508398 3.12313436404509 3.1038914010445 3.07018119777939 3.02140200308994 2.95792429405437 2.88116660607908 2.79358831864259 2.69859515161022 2.60036141735912 2.50358132499738 2.41316895712147 2.33393209155796 2.27024812488216 2.22577052762567 2.20319140957775 2.20408015318771 2.22881029670058 2.27657782048397 2.34550479203404 2.43281407153352 2.53505446137856 2.64835202656574 2.768662678396 2.89200344733636 3.01464471815194 3.13325228180785 3.24497538965505 3.34748403414487 3.43896447894051 3.51808589821355 3.58395245946936 3.63605426189239 3.67422754534503 3.69863013347813 3.70973298335282 3.70832386716321 3.69551542466159 3.67274772016406
2.8580700017152 2.88249209073312 2.91179481117651 2.9446427807209 2.97907156199542 3.01257312825696 3.04225051320304 3.0650307045191 3.07791819826616 3.07826664550655 3.06404320021136 3.03405981001381 2.98814784325316 2.92725695674427 2.85346560634708 2.76989852422994 2.68055511433595 2.59006122652208 2.50336429761873 2.42539757897402 2.36074243212793 2.31331803082016 2.28612513465531 2.28106512808479 2.29884782854998 2.3389925334123 2.39991745833403 2.47910422941335 2.57331743090809 2.67885513452946 2.79180524426734 2.90828437293594 3.02464041423704 3.13760624867045 3.24439917325917 3.34276765793277 3.43099297325244 3.50785738613109 3.57259256873801 3.62482154488056 3.66450517852339 3.6919004394334 3.70753319136091 3.71218383219875 3.70688050725897 3.69289238107775
2.74168802547179 2.7695595362102 2.80475812423138 2.84597419766522 2.89115672287428 2.93759999153298 2.98210725573199 3.02121912654361 3.05148750973884 3.06977064325432 3.0735219954361 3.06104561945155 3.03169302780122 2.98598151461853 2.92562067726795 2.85344207241963 2.7732357574499 2.68950610610354 2.60716691509415 2.53120165321593 2.46631809861742 2.41662713606449 2.38537301141655 2.37473707106169 2.38572949607663 2.41817461254403 2.4707860534925 2.54131945741099 2.62678351605258 2.72368580033666 2.82828832541112 2.93684929261785 3.04583150088815 3.15206385743463 3.25284932718147 3.34601955913101 3.42994240652037 3.5034929073597 3.56600059310461 3.61718615501352 3.65709874634591 3.68606201991439 3.70463304881924 3.71357426664223 3.71383515311799 3.70653809501885
2.65123974658512 2.68244836706114 2.72302886632565 2.77170671091893 2.82637829365849 2.88419738916606 2.94174414005053 2.99526366023488 3.04095389219027 3.07527700947256 3.09526588740291 3.09879716470025 3.08480511604482 3.05341565185599 3.00598677453247 2.9450501249896 2.87415712182873 2.79764183968164 2.7203203947146 2.64715245803897 2.58289398267595 2.531770893278 2.49720121231121 2.48158806568206 2.48619873676046 2.51113621884506 2.55540054776964 2.61702864347721 2.69329444037637 2.78094651255768 2.87645864608518 2.97626993469099 3.076994650158 3.17558771314094 3.26945819835904 3.3565300071444 3.43525475226552 3.50458633407101 3.56392922494532 3.61307301203583 3.65212446449023 3.68144572132414 3.70160372553569 3.713332399959 3.71750586579746 3.71511871044372
2.58626546807906 2.62041548183765 2.66558917233185 2.72055700619669 2.78319637888364 2.85057641933011 2.91912907512648 2.98489306717497 3.04380966679119 3.09204385109489 3.1263016860997 3.14411492171222 3.14406663692912 3.1259370008929 3.09075529912249 3.0407526749183 2.97921883388407 2.91027449337507 2.83857886855774 2.76899726757192 2.706257334612 2.65462323737523 2.61761500727209 2.5977954728053 2.59664025698901 2.61449789404954 2.65063820927052 2.70337872376843 2.77027195313326 2.84833182377316 2.93427548257378 3.02475760354086 3.11657760773295 3.20684540385512 3.2930975100113 3.37336183709591 3.44617516293634 3.51056173930681 3.56598414170056 3.61227827400207 3.64958353339335 3.67827690562447 3.69891672131814 3.7121985349679 3.71892262446089 3.71997037017016
2.5462048065876 2.58268275507247 2.63145110771422 2.69133469920005 2.76022393711422 2.83515687050509 2.91248947034351 2.98814049073823 3.05788959094501 3.11770203089792 3.16405063616284 3.19420597635572 3.20646865132373 3.2003228495171 3.17649739260239 3.13692866514376 3.08462844295976 3.02346794882956 2.95789676212236 2.8926208295905 2.83226722146193 2.78106408108565 2.74256229733962 2.71942093891973 2.71327187484886 2.72467097597389 2.75313474611512 2.79725314326227 2.85486263904461 2.92325896074523 2.99942690620641 3.08026521049487 3.16278741399446 3.24428447433522 3.32244071673621 3.39540078829624 3.46179078108019 3.52070098654933 3.57164044613791 3.6144744438983 3.64935547708416 3.67665637547045 3.69691158756444 3.71076972540477 3.71895773804541 3.72225494472145
2.53024137886314 2.56828002933364 2.61950153425393 2.68279297335357 2.75608721733958 2.83644140351119 2.92020383434778 3.00325569809088 3.0813063939846 3.15021598449368 3.2063157969279 3.24669854064126 3.26945229862077 3.27381798606367 3.26025678991718 3.230422071181 3.1870385415073 3.13369952335701 3.07460009709607 3.01422931754266 2.95704794347577 2.90717892804164 2.86813614747057 2.84261264271128 2.83234342944782 2.83805035883711 2.85946842442574 2.8954452243477 2.94409886709114 3.00301514750891 3.06946274128806 3.14060556858817 3.21369412865132 3.28622199263313 3.35603905668391 3.42141882127771 3.48108214025017 3.53418398520499 3.58027242604585 3.61923011060258 3.65120814376965 3.6765607152604 3.6957865200738 3.70948041412102 3.7182962753975 3.72292003617353
2.53716647701622 2.57590550079922 2.62836231440299 2.69349196806677 2.76929579106026 2.85289562097899 2.94069506240769 3.02861443146251 3.1123786144372 3.18783198630782 3.25125217671542 3.29963489374212 3.33092500131909 3.34417417130093 3.3396121390255 3.31862625139585 3.28365195076165 3.23798443171707 3.18552831840405 3.13050727707511 3.07715854626448 3.02943813122287 2.99076076823123 2.9637948546797 2.95032674934179 2.95120178743995 2.9663418044019 2.99483176727231 3.03506207590372 3.08490886262349 3.14193258632485 3.20357548157448 3.26734077745624 3.3309405761926 3.39240423321514 3.45014429320041 3.50298183516446 3.55013692200924 3.59119239115864 3.6260403416643 3.65482045963846 3.67785803768172 3.695607551572 3.70860536287868 3.71743289631998 3.72268979500331
2.56528879389674 2.6038302813693 2.65629192416859 2.72169985506164 2.7981455992341 2.88285558699343 2.97234483902713 3.06264194413156 3.14956531292437 3.22902584903696 3.2973289832768 3.35144950065843 3.38925552199286 3.40966295204487 3.41270812368908 3.39953364024017 3.37228991906766 3.33396205698175 3.28813779934362 3.23873709363126 3.18972653694381 3.14484271928664 3.10734693756927 3.0798301421161 3.06408163719626 3.06102855302729 3.07074615040284 3.09253238406704 3.12503456993257 3.16641206383064 3.21451692955566 3.26707474206006 3.32184975140463 3.37678220158138 3.43009007232396 3.48033224439826 3.52643446805386 3.56768304895985 3.60369354204118 3.63436284751974 3.65981301078903 3.68033396502057 3.69633074386935 3.70827868568462 3.71668818089292 3.72207884387896
2.61240620465632 2.64986309034954 2.70114411916279 2.76534670012566 2.84066934951699 2.9244761851295 3.01344144310767 3.10376178473343 3.19141740565138 3.27245841077314 3.34329089875095 3.40093772735627 3.44325176516725 3.46906415029541 3.47825613639159 3.47174992341032 3.45142085441485 3.41993994358824 3.38056136397741 3.33687381321138 3.29253723361966 3.25102696176213 3.21540595896536 3.18814245975895 3.17098550096751 3.16490487368542 3.17009571711939 3.18604194455088 3.21162761631942 3.24528178197357 3.28514052958643 3.32921008541695 3.37551663442522 3.42223170310261 3.46776593923654 3.5108283606707 3.55045208100894 3.58599071597279 3.61709184883534 3.64365498360569 3.66578140415846 3.68372248269993 3.69783152115657 3.70852247231858 3.71623716118113 3.72142113987245
2.67584395221089 2.71137965900338 2.76038839717532 2.82203595330012 2.89463915939465 2.97572522567015 3.06216584874629 3.15037467075061 3.23655036463108 3.31694340500859 3.38812274906486 3.44721920222595 3.49212493886508 3.52163307556954 3.53550683897688 3.5344741769857 3.52015008016497 3.49489489010295 3.46162200461477 3.42357224596089 3.38407442813155 3.34631215235992 3.31311553422325 3.28679354957897 3.26901828516033 3.26076705576644 3.26232267912088 3.27332680156564 3.29287662619496 3.31965217655802 3.35205961954883 3.38837623929035 3.42688424979414 3.46598342233499 3.5042760232765 3.5406213002649 3.5741602391152 3.60431415496052 3.63076263239917 3.65340729878442 3.67232795642637 3.68773688238922 3.69993586939473 3.70927909321211 3.71614339787692 3.72090628713654
2.75255294653893 2.7854110782911 2.83118709242414 2.88910910438976 2.95761778346546 3.03442053316067 3.11661431804119 3.20086665563984 3.28363850206615 3.36142890485437 3.43101964721029 3.48969865954489 3.53544349420771 3.56705025397438 3.58419854883096 3.5874488112438 3.57817411962765 3.55843409205809 3.53080300002323 3.49816766601841 3.46351268585697 3.42971090174169 3.39933582211301 3.37450996490584 3.356799170409 3.34715820181394 3.34592793414147 3.35287966922849 3.36729811454542 3.38809173137307 3.41391773876582 3.4433091095971 3.47479227971596 3.50698671625815 3.53868055465656 3.56887977321134 3.59683141294862 3.62202383554061 3.64416873000593 3.66317045048638 3.67908833849595 3.69209709801891 3.70244925590125 3.7104424788477 3.71639324204887 3.7206172204885
