_RESULTS/CROSS_VALIDATION_POSTPROCESSED_CLR/MHZ/TZ/9comp/3/MHZ_TZ_z_125_kriged_reverse_9comp_spherical_3.asc
ncols 100
nrows 81
xllcorner 5.5967107548124995
yllcorner 50.982328804812504
cellsize 0.00017565037499993607
nodata_value 1.7014100000000001E+038
[rows 57 to 75 of 81, columns 43 to 85 of 100]
2.1941451884554026 2.1707266801875114 2.1393868647592083 2.1018621399989157 2.059999200995667 2.0159617481003433 1.9735331719399356 1.9349897031147791 1.9022437932675622 1.8767995704745437 1.8557921223108707 1.8390604187676391 1.8278487018404224 1.822960495175232 1.8247526674122312 1.8331853764409243 1.847865349027797 1.8656892144302295 1.8849814715129039 1.9055430937774516 1.925960087094674 1.9418531010925086 1.945500720704861 1.9341216435782855 1.9130267439336823 1.8856246784180761 1.873472026563435 1.8986319481031855 1.9213844467028403 1.9431959878535197 1.9630096362225935 1.9805750240834585 1.9957964439293188 2.008699302355123 2.0194642612878857 2.028427171684046 2.036034995030151 2.0427786893178297 2.0491327180013004 2.0554151148055895 2.0601590874931013 2.062852534566037 2.0635468898749343
2.164196761356649 2.1416729498778646 2.1138708305789113 2.081192473651809 2.04540745457743 2.008356285378073 1.9734326523609438 1.9427264305297884 1.9177696691395 1.8997235247937394 1.8864872904311492 1.8765573730349623 1.8707660575137732 1.8698176719846629 1.8740673828976426 1.8835312612450217 1.8968186406494665 1.9105002246999994 1.9233978129452014 1.9351424760773632 1.9450975838247062 1.9500147899602418 1.946077360809652 1.9318309181895739 1.9090973388266548 1.8822316028160995 1.8695617164799339 1.883480351968305 1.9039215706377424 1.924871896162213 1.9450562909274793 1.9635744043706975 1.9800807799582876 1.9945991883293899 2.0072783634889735 2.018379162859534 2.028244970067983 2.037260396218991 2.0458108011722516 2.05405319421126 2.0604012840766925 2.06451550808464 2.066120585136172
2.136794388730171 2.111428382731765 2.085888793537862 2.0579171018300992 2.0280927132016697 1.9979115343446894 1.9701669115461182 1.9468795207550942 1.9292053586456026 1.918079992118287 1.9117098192984776 1.9082796813740424 1.9077675730427117 1.9107911386704086 1.9176883230989132 1.9280319523220366 1.938878021566075 1.948902587912696 1.9568693073299925 1.961778793505009 1.9633853923396158 1.96064525926093 1.9515373666445277 1.9355327708982413 1.9144013650243048 1.8930077049191418 1.8810898080915033 1.8850768096255757 1.8985888544363854 1.9156614649716455 1.9336398211572594 1.951354019969127 1.9682007330241527 1.983641696508107 1.9976238361691898 2.0103067976643616 2.0219322544629446 2.0327884369953777 2.0431780557082124 2.0529868309781487 2.060588929273953 2.065433553429287 2.0669869666966054
2.1119932300798094 2.0832181725967134 2.0558264015744503 2.031008637579444 2.007160024147016 1.9839853956499327 1.9632911590083797 1.9471608119558659 1.9363928462685551 1.9317847239869332 1.9316548122909136 1.9344484270684148 1.9390764572736015 1.9460824789506959 1.9555152170808972 1.9651155137808365 1.9738200542593927 1.9807684806384942 1.9848576503336464 1.9849357805437082 1.9807463175112612 1.9724266170990603 1.9594781031618842 1.9419834605836805 1.9214584563217705 1.9029366181558784 1.892738385525568 1.892876178313628 1.9010771737539358 1.9139193677128052 1.9289667432352566 1.9447878744857257 1.9605721815823147 1.975871095139259 1.990462579414097 2.004245575504584 2.017199303982502 2.029513224640879 2.0414134855012094 2.0522801341986177 2.060166412269712 2.0648096406307186 2.0660546694381234
2.0898376271752537 2.0572978481736492 2.027467054803383 2.002060957618635 1.9819276441154159 1.9660272792492797 1.9526169456848455 1.9435139289497616 1.9393585654931873 1.9408284077906868 1.9466855853660783 1.9552721320057662 1.964888054314166 1.9755527995828206 1.9855751007662634 1.9943361257313197 2.0013037635140924 2.0057492796724214 2.0067652704196832 2.0033095590081067 1.9949925187196564 1.982989005748843 1.967089299208824 1.9478305005427854 1.9291043879823457 1.9139601826918249 1.9049742314459088 1.903400868015758 1.9082539639821956 1.9176738525223391 1.9299049679021743 1.9436522069347073 1.9580553952772566 1.9725762870050283 1.986903164883958 2.000885087129735 2.0144865992521055 2.0277377932489316 2.0404119412734922 2.0510091742615617 2.05851436260834 2.0627848256760464 2.0636825773605576
2.0706029804850243 2.033859560611864 2.0010488993034423 1.9749837699665156 1.9567619431328411 1.9450874036930466 1.938318422359471 1.9361492839156398 1.9383046933672414 1.945370438131378 1.9569403641489438 1.9709169404501776 1.9847347359052665 1.9968482489373889 2.0071108805610867 2.015251575187557 2.0208311836681827 2.0232557284382153 2.0218056385826566 2.0156900433628344 2.0042955231024444 1.9892101758147454 1.9723635786212346 1.955286100182373 1.9393694990088408 1.9264038398108394 1.9183645561130187 1.9159342518506468 1.9186889625441017 1.9255900903056364 1.9354585856908875 1.9472690257177985 1.960242070453652 1.9738323931925716 1.9876850895473916 2.001490837162679 2.0150107034930933 2.028120420451519 2.0404797529558714 2.050339188978462 2.057234770040443 2.0609952827467506 2.061460004068474
2.0550946404566406 2.0137856990713487 1.9768326011053963 1.949904117644216 1.935219762597429 1.9282274119183933 1.925645720682209 1.9271057266565335 1.933780943825393 1.9457536419555275 1.9623468728974718 1.9800632808076675 1.9958648638663437 2.0090740109999667 2.019623909539296 2.0273022516837167 2.031757847729572 2.0325184852874756 2.0290230871903336 2.020985856500222 2.0088182168082107 1.9943298471236848 1.9791319841280983 1.9641411944390517 1.950433544340796 1.9396094660357197 1.93266321305081 1.9300259353236366 1.9315643595837793 1.9367155323179488 1.9447186883405583 1.954807870510948 1.966314919761372 1.9787015015622804 1.991554135195542 2.004565615810066 2.0175140361540462 2.0302435439951947 2.0417198833069787 2.050591771110614 2.0566364907634127 2.059656871541935 2.059514705123557
2.0449346927768746 1.999754388969962 1.95673698471465 1.9274186323307738 1.9203268576268924 1.9188253821014976 1.9201174365474556 1.9242324255267356 1.9326479423387195 1.9454116354477 1.962329622717568 1.9812964174104544 1.9982944626153614 2.012283059749532 2.02312866596069 2.0306766139890295 2.0347605866259277 2.0352180290441075 2.031913495857199 2.0247716950316526 2.0138514375070975 2.000880571889269 1.9871806005747081 1.9737795917216718 1.9620454848564648 1.9528406290220317 1.9467890582347085 1.9442090865710124 1.945065894031203 1.949029602590529 1.955594876565785 1.9642003874946334 1.9743118895690706 1.985464615416306 1.9972765625369406 2.009445688528932 2.02174000942003 2.0337731558641976 2.0438998140543907 2.0515792865854134 2.056568106581306 2.058647026576182 2.058143868922586
2.042029611886591 1.9965988451321501 1.9529190523043758 1.9233198665141702 1.91940649018074 1.9198095411715794 1.9225807944950783 1.9276535470375509 1.935460748443422 1.9472715619150822 1.9630991449831383 1.9821517038553749 1.9994886784296155 2.013767519372642 2.024882330862455 2.032715318915632 2.0371465114561786 2.0380680811389857 2.035403927074625 2.0291343240884863 2.0193529158870724 2.007776315694365 1.9957795348913192 1.9842957908596883 1.974153865325156 1.966193646391137 1.9608665451182195 1.958414224730909 1.9588452932010236 1.9619613684325226 1.9674214122112386 1.974815214472453 1.9837238311643206 1.9937586588116465 2.004581064732268 2.0159083907589914 2.0275053429352634 2.0381348849011127 2.0467584617012933 2.053082614705185 2.056845749308336 2.0578116770487385 2.057502164275663
2.0450395623931525 2.0032831125953376 1.9667932065808709 1.9418173943518575 1.9308962467750375 1.9280135903231717 1.9293682369331482 1.9337762403133423 1.940896537440147 1.9512863199498538 1.9657035444681048 1.9838102905171149 2.001282337309793 2.015713948900154 2.0270107547658 2.0350770018360564 2.0398230163400877 2.0411764420399936 2.039096849943067 2.033592566446479 2.0247917267939144 2.014692052248823 2.0046102958022756 1.9950674559325308 1.9866056934788259 1.9797348361212925 1.9750047902265517 1.9727081870595267 1.9728721547709849 1.9753750774834047 1.9799825474842687 1.9863930125797693 1.99428008644214 2.0033243414453006 2.0132331529019867 2.0237505169612553 2.034127559934907 2.043006314084075 2.0500189146139984 2.054862150893024 2.0572623927271576 2.0574663728731393 2.0574663728731393
2.0493355887822085 2.01233232217178 1.9809315763084967 1.9581563572794494 1.9449511872834633 1.9392044268653015 1.9386008364472638 1.9417951178979682 1.9481521149715724 1.9573990819148817 1.970174775517959 1.9865588321782313 2.00343866540074 2.0178820425931345 2.0292570113699613 2.0374767332407697 2.042467568178703 2.044176405184322 2.0425802902391017 2.0378073608727156 2.0302361020826263 2.021806477786123 2.01344658637886 2.005588481228492 1.9986678652844125 1.9930860106653185 1.9891702685769244 1.987142810143489 1.9871427653574671 1.9891960194382696 1.993140689816262 1.99875283808452 2.0057779630013703 2.013955487466485 2.0230362821785652 2.032493013383886 2.0409894810316884 2.048070106135088 2.053397992285996 2.0566454743025813 2.0574663728731393 2.0574663728731393 2.0574663728731393
2.053291384836351 2.0207894049795505 1.9931623820466995 1.9721079400745762 1.9582362403481952 1.9508479347161571 1.948710094446508 1.950752679858504 1.9562651718115456 1.9648856875915395 1.976428967427679 1.9908690481699702 2.0057879940017003 2.0199470066485894 2.031295362856687 2.0395760993749574 2.044742864744264 2.046848816233731 2.0459440891240703 2.042114111273647 2.035771203757209 2.0288748823627674 2.0220593753519145 2.0156874160983453 2.010116315350482 2.005671427508883 2.0026196594097945 2.001148585896057 2.001355640106394 2.0032490401523213 2.006758847717247 2.0117542869931686 2.0180629198135858 2.025488199217077 2.0335783660158935 2.0411373974521547 2.04768471782599 2.0528331004864713 2.0562115794123796 2.057465183467999 2.0574663728731393 2.0574663728731393 2.0574663728731393
2.0561590092516377 2.027721375721784 2.0032956850935264 1.9840372473342012 1.9704575209158277 1.9623639894943488 1.959149933277799 1.9601484753493703 1.9648209548620956 1.9727928754491142 1.9838258346326907 1.9966815378853917 2.0093021452569753 2.0217585651819485 2.0330368092343125 2.0414909053336476 2.047026711563573 2.0496477229871104 2.0493902434363633 2.0463240875997113 2.0411579707262573 2.0356759979466115 2.0302598325183214 2.025217866865919 2.020848527025514 2.0174213922905593 2.0151588689954765 2.014221747423798 2.0147012728465707 2.0166187983796418 2.0199322672813653 2.0245474025211356 2.030330973053869 2.0367973334607283 2.042996885623546 2.048531994965336 2.0530273370000667 2.056115865172584 2.0574411270817166 2.0574663728731393 2.0574663728731393 2.0574663728731393 2.0574663728731393
2.0578120438088368 2.0330500204915625 2.0115384560927607 1.994176329165558 1.981443382787443 1.9733856143407242 1.9697445905358433 1.9701391105699706 1.9741996043322114 1.9816291164999909 1.9921993781808358 2.003825542206286 2.0149006801075915 2.025236568412997 2.035039284442296 2.0435515859194147 2.049351086445475 2.052360414152993 2.052602758786725 2.05013072609984 2.0461917556954323 2.042021814469478 2.0378859021029156 2.034049419098585 2.0307657082293784 2.0282623419013857 2.0267280921495137 2.0263026419475634 2.027070650159757 2.0290608761019566 2.032250013501946 2.0365505987634536 2.0413153370334034 2.046025159391068 2.050341423641378 2.05391701335099 2.0564029625091536 2.0574530841509278 2.0574663728731393 2.0574663728731393 2.0574663728731393 2.0574663728731393 2.0574663728731393
2.0584130910700864 2.0369919650900266 2.018204955026038 2.002805390228425 1.9912560463543625 1.983727047243947 1.9801615911222332 1.9803752582635188 1.9841444970197184 1.991262202969567 2.001236152893749 2.011524366178457 2.021360543045479 2.030466191404698 2.0385939318613824 2.0456118029155834 2.05138046123271 2.054660731292295 2.055265806543762 2.053396128033637 2.0506934226695885 2.047747876310968 2.044793792506143 2.042062193609076 2.0397712848959477 2.0381162999818656 2.0372600074803793 2.0373251910436494 2.0383901256851273 2.040486581378157 2.0433139746270315 2.0464751567143624 2.0497128577904222 2.0527411345970874 2.0552542544068926 2.056934289761743 2.0574663728731393 2.0574663728731393 2.0574663728731393 2.0574663728731393 2.0574663728731393 2.0574663728731393 2.0574663728731393
2.0582218783133306 2.039848619556037 2.0236288260013997 2.0102167381878666 2.0000577929872922 1.9933884787334017 1.9902724181103515 1.9906577758202584 1.9944348673486636 2.001479711366588 2.010490029350916 2.0194405339549757 2.0280064360925523 2.0359112716640366 2.04290504960787 2.0487594528567934 2.0532635616711725 2.056220282120759 2.057064440290176 2.0560323397515887 2.05450285478346 2.0527066598785924 2.050852454982543 2.0491434640172876 2.0477700522252604 2.0469020690453457 2.0466817791137677 2.0471562243059664 2.0481898972772736 2.0496790610497087 2.0514751436688337 2.0533863101460876 2.0551847874126645 2.056614472373657 2.0573981932197607 2.0574663728731393 2.0574663728731393 2.0574663728731393 2.0574663728731393 2.0574663728731393 2.0574663728731393 2.0574663728731393 2.0574663728731393
2.05750924817002 2.04192604937189 2.028128761659783 2.016694973752985 2.0080491581746105 2.002461487669833 2.000068202367662 2.0009060944459045 2.0049502670333452 2.011919152721549 2.019616504449533 2.0272570802144734 2.034550533040168 2.041229102811098 2.0470459290567167 2.0517724362528496 2.0551955275230753 2.057114955478745 2.0574663728731393 2.0574663728731393 2.0572132768395788 2.056571697133226 2.0557563720734238 2.054951207352737 2.0543030689900372 2.0539165751857364 2.053850098606297 2.05411342789697 2.0546673678154237 2.05542532697782 2.0562567007753225 2.0569916583516297 2.057426825786251 2.0574663728731393 2.0574663728731393 2.0574663728731393 2.0574663728731393 2.0574663728731393 2.0574663728731393 2.0574663728731393 2.0574663728731393 2.0574663728731393 2.0574663728731393
2.056525046290492 2.043506026075414 2.0319951765486746 2.0225065435923253 2.0154405811593232 2.011081511888183 2.009608623894396 2.011117385739144 2.015644320312537 2.021867827929886 2.028307485958451 2.034681220726222 2.040719211541828 2.0461665655823587 2.050783724679779 2.0543455864934845 2.0566400135740426 2.0574661450275866 2.0574663728731393 2.0574663728731393 2.0574663728731393 2.0574663728731393 2.0574663728731393 2.057431436977529 2.0573280806294 2.057242514116199 2.0572262889809076 2.0572880383758507 2.0573931737046465 2.057465091006133 2.0574663728731393 2.0574663728731393 2.0574663728731393 2.0574663728731393 2.0574663728731393 2.0574663728731393 2.0574663728731393 2.0574663728731393 2.0574663728731393 2.0574663728731393 2.0574663728731393 2.0574663728731393 2.0574663728731393
2.0554898011663756 2.0448382773137173 2.0354868704493607 2.027895339378854 2.0224385524286492 2.019402761007048 2.018991423434441 2.021338140243939 2.02593397873214 2.0310325343448814 2.036287022383019 2.0414440539724987 2.0462551510788707 2.0504804487253403 2.0538903910727915 2.0562660941151574 2.0573989085867033 2.0574663728731393 2.0574663728731393 2.0574663728731393 2.0574663728731393 2.0574663728731393 2.0574663728731393 2.0574663728731393 2.0574663728731393 2.0574663728731393 2.0574663728731393 2.0574663728731393 2.0574663728731393 2.0574663728731393 2.0574663728731393 2.0574663728731393 2.0574663728731393 2.0574663728731393 2.0574663728731393 2.0574663728731393 2.0574663728731393 2.0574663728731393 2.0574663728731393 2.0574663728731393 2.0574663728731393 2.0574663728731393 2.0574663728731393
