_RESULTS/CROSS_VALIDATION_POSTPROCESSED_CLR/MHZ/TZ/9comp/3/MHZ_TZ_z_710_kriged_reverse_9comp_spherical_3.asc
ncols 100
nrows 81
xllcorner 5.5967107548124995
yllcorner 50.982328804812504
cellsize 0.00017565037499993607
nodata_value 1.7014100000000001E+038
[rows 19 to 37 of 81, columns 42 to 83 of 100]
-4.68730998496866 -5.529146991786099 -6.400934244516069 -7.285349714601274 -8.171974030971977 -9.052630454027813 -9.917823049843774 -10.745190683474098 -11.232440468728257 -10.480629143160579 -9.511824788378807 -8.505523435653362 -7.490041851560025 -6.4847304581106755 -5.5182706068854355 -4.633256274060369 -3.8364419182885943 -3.1299229382684515 -2.5227722741411625 -2.037336923969059 -1.6794323055701517 -1.4247194053645444 -1.2589589376071195 -1.1801035986462007 -1.1897084134875835 -1.2805257045770264 -1.40684092833025 -1.5080498584995827 -1.581301322993161 -1.6259037925636888 -1.665815325724227 -1.7244407104584705 -1.782178634449698 -1.8289630056589938 -1.861930646011532 -1.878792493075296 -1.878238429769636 -1.8669131434575457 -1.8492632441680776 -1.8310227655005404 -1.827653817928073 -1.8727523798466097
-4.59613676401261 -5.41783083208036 -6.2706357537778405 -7.135771079881662 -8.0003296110376 -8.853880738465612 -9.68159182686513 -10.43947854953514 -10.795195961340635 -10.14056043681471 -9.184069060887094 -8.171787140462763 -7.147365031671717 -6.157118425886984 -5.237492031171721 -4.405404902536012 -3.6664240618227484 -3.0213644149318757 -2.4738938399495556 -2.0297640199362057 -1.6882356521732185 -1.4400513103853487 -1.2776298551944445 -1.1998388929971493 -1.2095699391686168 -1.301089294550786 -1.4252431192185988 -1.5210578005453201 -1.5860548031987298 -1.6191053280692973 -1.632953423435044 -1.6601347837510991 -1.7093324538239767 -1.773807879574223 -1.8260734169034605 -1.8633415089452359 -1.8856000296512474 -1.9011884395809422 -1.9152543937977053 -1.9341517567697615 -1.967992839069994 -2.0285257373572483
-4.414027788015642 -5.201024678350385 -6.013876558210031 -6.830446061963368 -7.629842314974817 -8.389469064378591 -9.06802186328432 -9.568641839967432 -9.683934531252156 -9.26573795541946 -8.495610718176296 -7.577119469440891 -6.638208545748339 -5.741155900366984 -4.908082711061773 -4.157176839064351 -3.500019189960061 -2.934593660254312 -2.458336453516667 -2.068842716621612 -1.762317334172044 -1.5339386123180474 -1.3814292664183965 -1.3075323679779682 -1.318962455845893 -1.4145672186132279 -1.533815712355924 -1.6218995403285035 -1.6756264648469128 -1.6944267281217649 -1.6868292757476648 -1.6801006326841301 -1.6938859030981013 -1.7346689965327078 -1.8023551781088165 -1.8608565724103336 -1.9052726319896136 -1.9460894639483612 -1.9880180552914675 -2.0363508357208446 -2.0970964624179085 -2.1732895899012634
-4.151115013546421 -4.8935050743978366 -5.650926330879123 -6.398624981839532 -7.107296135611458 -7.74528045518324 -8.262429607566744 -8.57817153761862 -8.59292672546146 -8.247575121153893 -7.611959399588335 -6.841604432886291 -6.036263196225797 -5.256954397528103 -4.535023943117271 -3.8900597316853105 -3.3373721784496615 -2.8709256431239805 -2.4818514942362304 -2.162073325623503 -1.9052353752971418 -1.70771874407928 -1.5707450779988839 -1.5020313612191531 -1.5115816307750214 -1.60550330316084 -1.712054641041433 -1.7884352607851666 -1.8279605742996803 -1.829554324888185 -1.8013352771425968 -1.7593635234193081 -1.736050037934641 -1.7397302557354735 -1.7784105332486095 -1.853270132157641 -1.9254539993048652 -1.9936947984200495 -2.0598888071286736 -2.1302866939323306 -2.2106004723727746 -2.2987723386637695
-3.822884988654809 -4.518492661864263 -5.212356383547666 -5.880751394057672 -6.49126462280285 -7.0103781722488385 -7.395026584845057 -7.590436479045838 -7.542554991163688 -7.2186108645801434 -6.696578362983239 -6.0627549803100695 -5.3865586242632775 -4.7297390671639175 -4.131476145732673 -3.613096808369006 -3.187250652887115 -2.840659370262111 -2.5567441929496764 -2.322256447076705 -2.128253878322149 -1.970726375073177 -1.848679832116605 -1.772465656794772 -1.7686788380714245 -1.8551534162053838 -1.9512693272482176 -2.0180676568525016 -2.0424409803576156 -2.0231505042819737 -1.9693431687497311 -1.8914729380665611 -1.8276421621730385 -1.7911178608605454 -1.790759384609067 -1.8355166969613586 -1.9274787469650778 -2.0225655908609825 -2.1162508861881424 -2.2102325199852855 -2.30282333432097 -2.3989906640848453
-3.454645003115013 -4.101696311556144 -4.731137047950334 -5.319364800797615 -5.837087077576576 -6.254004502723795 -6.535596340718112 -6.64541868737972 -6.549850633418177 -6.257087622284182 -5.827306876409929 -5.299138439244494 -4.732100336458757 -4.186148305641182 -3.7140178363709797 -3.3406796851259815 -3.0659293948203405 -2.8612705574815473 -2.700633293894236 -2.566563198097129 -2.4472529224597843 -2.3296373523801743 -2.215393443343443 -2.121560108135732 -2.090545634009351 -2.162542482166274 -2.257341064353103 -2.3177028399948822 -2.3231099190207964 -2.275645270185281 -2.18815748491066 -2.07034103602651 -1.9614110412812296 -1.8808501340247212 -1.8381615774198996 -1.8435169273648142 -1.9129024425399355 -2.0288348097712596 -2.1440259863837845 -2.2570007034096453 -2.365381272331998 -2.470019716747386
-3.0886385257568665 -3.6811285530961566 -4.243574464672796 -4.7547309506589635 -5.18994999554414 -5.519572952019753 -5.719538481280135 -5.764982896593078 -5.645690156816839 -5.400305128231013 -5.042091358676851 -4.5982837363668585 -4.113980439118503 -3.6514620332341914 -3.29773478344904 -3.09353957747901 -2.9991913653523565 -2.9573153394385674 -2.935003146473561 -2.9125009474042654 -2.8689156124244835 -2.7977128616284257 -2.6990671563361137 -2.58197684262198 -2.486889854309991 -2.5380088585459504 -2.652558316522856 -2.7015747802087176 -2.6753362957862494 -2.586450607101785 -2.4536868540908823 -2.288450376911374 -2.1289411127994526 -2.000199361131583 -1.9119744754994166 -1.8769764427363627 -1.9088712032565507 -2.0150441992134405 -2.1455801557937746 -2.2685400683814656 -2.385483554567072 -2.5003994070822886
-2.76802118109517 -3.290775703249306 -3.7802407887572684 -4.215288449626074 -4.575289936514197 -4.833578160176653 -4.968354229626208 -4.965474792517041 -4.861220830009225 -4.66291958699804 -4.371571288241129 -4.005308896980595 -3.5862170349475515 -3.1614673852360267 -2.8956046957737094 -2.9136914610990416 -3.0292307789807165 -3.159551660521822 -3.279840950237338 -3.365954210026743 -3.4073696438326175 -3.398047007078397 -3.336092009242687 -3.2263008487075817 -3.084754173745363 -3.098531679847592 -3.186523936624069 -3.1852831058166533 -3.100564030700523 -2.950774723867722 -2.7582567592129905 -2.535854004647188 -2.3200827623076075 -2.139351460262791 -2.0039765545774966 -1.9284556991529982 -1.9219568405996308 -1.9919583249628476 -2.1248881025171187 -2.2506668985353673 -2.3670951722525233 -2.485931137341768
-2.5073233934324386 -2.9477191414615023 -3.359991741318625 -3.721195391804897 -4.011292480794349 -4.210259760556799 -4.295411026669092 -4.273029729977781 -4.199271455842496 -4.053875771806458 -3.8398388708271933 -3.5637039774290487 -3.2334715440111794 -2.8588158269308224 -2.61145810722197 -2.9176599157263374 -3.214299301179936 -3.4955623823160744 -3.7407106674659656 -3.93638595282421 -4.072507688971233 -4.140798780544724 -4.140018913490528 -4.084975611118243 -4.003874162421077 -3.932033215898038 -3.87098004875695 -3.762400646421261 -3.5875645492305686 -3.355917683418083 -3.0888732387114155 -2.799336241031147 -2.5225105751731816 -2.28716414565168 -2.1062117447615356 -1.9904094474589815 -1.9465195369706996 -1.9801566102816048 -2.090453154403533 -2.215873395499733 -2.321041479842302 -2.43592202502437
-2.2985322444918004 -2.656273761301574 -2.9926352491837034 -3.2844557410861874 -3.511924188459366 -3.658298304200531 -3.706645819535001 -3.6931545658849725 -3.6566789848932415 -3.5764441418739787 -3.4523908607685385 -3.2902599045758447 -3.1054075069034064 -2.942070643906935 -2.9435977781775846 -3.206970045106149 -3.580058911558487 -3.9634221222034927 -4.317212543164853 -4.622429016070685 -4.861268851399927 -5.0187416491672625 -5.089719017738463 -5.086105723865009 -4.9928752377790975 -4.8356990917615805 -4.637641720043546 -4.396079628911265 -4.109485906867054 -3.7800875315667897 -3.426714956907487 -3.0622301764380033 -2.7216692867319012 -2.4332473722518095 -2.2089617014700313 -2.0553118362479705 -1.977292544267222 -1.9781345604631957 -2.0559809556024367 -2.1838926051872325 -2.2908474507115337 -2.404579374591669
-2.132297304723685 -2.415473453206271 -2.6821603608427784 -2.911237177881896 -3.083833365824624 -3.1852205992719136 -3.208983959219809 -3.218706142893143 -3.2282190057471976 -3.220682053536212 -3.193924574403291 -3.1577061160240802 -3.134466474478491 -3.1692869485269552 -3.328527374382852 -3.6438693652164957 -4.07172639005213 -4.53420573962854 -4.98954025580862 -5.407390014185726 -5.7585099131955335 -6.01477792606366 -6.15793852912166 -6.162014433430019 -6.014714784819135 -5.756036570385487 -5.424321016831619 -5.044124399598044 -4.631106683951564 -4.195656065035955 -3.74938531153034 -3.306242629102538 -2.9037170655203792 -2.5671879849068002 -2.302907441293519 -2.115415338877808 -2.0079355981561346 -1.9814092676324047 -2.03387202387972 -2.160404078141404 -2.2866709191859678 -2.405954362722349
-2.0055801264954787 -2.2244754699374654 -2.4300739505742714 -2.6041866752250606 -2.729678903695626 -2.7938695223478063 -2.8062532986652453 -2.8430221376609834 -2.902710858544185 -2.968114937377747 -3.037034807040046 -3.120824550573641 -3.2405297319741693 -3.4272223657796648 -3.7127176055540074 -4.117410126078944 -4.614659923287281 -5.160501326504643 -5.720408095865442 -6.259952394020026 -6.738812040719914 -7.109040307373845 -7.312054504558169 -7.2833799135542465 -7.048242387929624 -6.664187821108545 -6.189861613796932 -5.667673907695467 -5.124026616622993 -4.575642551411697 -4.035343533171304 -3.5167619930608947 -3.060447339481153 -2.6808890446390934 -2.381667862187799 -2.164856125976498 -2.0325066039556026 -1.9836334832552702 -2.0170238588215192 -2.1357068221446784 -2.2734191380279354 -2.393034905308581
-1.9195652324727326 -2.0838609642797756 -2.2371677855269283 -2.3641401621219473 -2.449796107043789 -2.4849165040051724 -2.499671719544623 -2.561370607308563 -2.6649128473523493 -2.7989727276871776 -2.9556073257910986 -3.1449382627178837 -3.3831253768634637 -3.690190045218195 -4.084463450085271 -4.581731602410173 -5.158683541469216 -5.794051102732887 -6.463263722481011 -7.135270725897176 -7.764306880077404 -8.27029008040855 -8.514037845189847 -8.430162101767902 -8.065853878977336 -7.524223009633654 -6.892520855754787 -6.225234379397778 -5.552986469309864 -4.893811979556514 -4.261280506331698 -3.677857149358701 -3.1763704543222104 -2.7623793568292543 -2.436455024057448 -2.1981593947536746 -2.0478262455007394 -1.9820613078655545 -1.9997138717496974 -2.105055059841727 -2.248497689493037 -2.367969502154315
-1.8794786609417191 -1.9980866557145074 -2.1073292330733007 -2.1948880005901437 -2.2503888679624993 -2.266263771816729 -2.2860297955083317 -2.3686451758304767 -2.50793019929679 -2.698085421140785 -2.9295060389726237 -3.2064624287787096 -3.5399820632692576 -3.9430893159874647 -4.431201284703267 -5.010773322297482 -5.665791099120188 -6.387595640891975 -7.162509318150627 -7.970145161660738 -8.765813034774109 -9.42465853021077 -9.751448501846665 -9.572679761428518 -9.00978365023547 -8.274488082617442 -7.478224395488914 -6.671931980636089 -5.881459708372677 -5.125140515083235 -4.414580662154852 -3.774217330175442 -3.2370037653074024 -2.800578008373092 -2.4588476219508975 -2.208682064959096 -2.0483445680957026 -1.9725841226551293 -1.9797884119607272 -2.073114193978535 -2.215339561604764 -2.335319136845095
-1.8927798779295233 -1.9740115193589853 -2.049254126532921 -2.1080865866133447 -2.1408291910766866 -2.1420423245073974 -2.165802610923576 -2.2632200050574527 -2.4282378041947705 -2.6578185385647357 -2.94515014878935 -3.2895287570176395 -3.6971847695800033 -4.175104245126848 -4.741005388062302 -5.387186077676621 -6.107225477020911 -6.899059910242471 -7.758174476357812 -8.666868496577974 -9.582123171020603 -10.45131850900189 -11.010081470358827 -10.616556794390057 -9.756637998648843 -8.823646083237037 -7.885561554131373 -6.9665269852024085 -6.082999841357912 -5.248552534600069 -4.4760506340943245 -3.7993727239213992 -3.2386788436041347 -2.78985718328983 -2.4438068659058474 -2.192671482409184 -2.0309627914237276 -1.952338351997521 -1.9546583962807897 -2.0404900694501302 -2.178953074478237 -2.300869540003502
-1.971754624441434 -2.0238027424028893 -2.071815777762173 -2.106575346745797 -2.121526952540215 -2.1123250213225298 -2.1352460075817814 -2.240155253125095 -2.421220445724386 -2.6750323289943165 -3.000864701276124 -3.391246378869754 -3.849398723471346 -4.383629456396769 -5.006496017193395 -5.701092633772407 -6.465339641328233 -7.298836227888535 -8.179453752688786 -9.092137415729692 -10.028165531164296 -10.974823881283168 -11.836848048267388 -11.13062198480976 -10.100994590132302 -9.076642337203722 -8.06870674915734 -7.085963515557182 -6.140101191369915 -5.247606619071004 -4.434948721864467 -3.744554376897395 -3.18169479475605 -2.738400757444416 -2.3993122412794223 -2.153932986177896 -1.9967739682629126 -1.9210661582407906 -1.9237612634783663 -2.006783198455106 -2.1441914544989347 -2.268876147933038
-2.1156647614148554 -2.1519007119573796 -2.1765622865263183 -2.1919788890737317 -2.1928747716564727 -2.175238785763156 -2.1911488389681835 -2.295540264960382 -2.4824097414702573 -2.7471804849475183 -3.0906729105057105 -3.5101664149300498 -3.9997027291525304 -4.573697819568595 -5.232352675957735 -5.954412336502074 -6.725690970384136 -7.532275308119853 -8.364970980182623 -9.208409588303113 -10.031123194166685 -10.753300377576224 -11.120116853033398 -10.771626696706157 -9.962673517035414 -9.011757944497312 -8.021748763374436 -7.027711879529426 -6.051893118537286 -5.119022669530846 -4.286548670291507 -3.603790098037228 -3.068685524998643 -2.653228475820924 -2.336535966763283 -2.1066757816701918 -1.9592717214834576 -1.8897880106721836 -1.8952098382964249 -1.9785916731438769 -2.119662953960159 -2.2458600603237993
-2.26246808099852 -2.3161569409711804 -2.3495223437984745 -2.361939593721456 -2.3540126420029193 -2.3289937173784265 -2.329524216672183 -2.4207413019544273 -2.5985726005713192 -2.859276125807239 -3.2020806681593394 -3.631097494682373 -4.142389060106173 -4.735096205625856 -5.3958397710304205 -6.098611816126691 -6.832051087608786 -7.584611151959802 -8.340820020655872 -9.071512641855906 -9.728200943540378 -10.218978663532322 -10.392596546859593 -10.135489861819668 -9.519983498827695 -8.700749579851301 -7.783334369776088 -6.81977792732523 -5.84168265835495 -4.886162244977368 -4.03432036697176 -3.3830070970232575 -2.914950505890693 -2.552115530458698 -2.2685399088530787 -2.060187152667247 -1.9266506738761342 -1.867129165738981 -1.8790048654325435 -1.9728160118758031 -2.1177888648738827 -2.2442936171623726
-2.3964196542770617 -2.4688754279256155 -2.519511114743153 -2.547362334487767 -2.550210654532452 -2.5291352412277464 -2.5157178245608414 -2.588633897295925 -2.7487999314231106 -2.9922802495352014 -3.3164321580916516 -3.7283405774244542 -4.229975565697215 -4.805760059784731 -5.438748881309618 -6.102143520088692 -6.784503360464139 -7.4710606229090875 -8.139546503563825 -8.75561480760647 -9.267620374202895 -9.601902240478047 -9.678546052763435 -9.451569350334003 -8.948391983258114 -8.244967094509835 -7.415251290167725 -6.5099744938969195 -5.561266410749031 -4.613972143342555 -3.706132926252474 -3.127669146914597 -2.7672448119320885 -2.462824721643582 -2.213272883106807 -2.0253706633688178 -1.9058889004851252 -1.8574921563472813 -1.882175635603045 -1.9950126553105274 -2.1398556488916523 -2.264608115469486
