_RESULTS/CROSS_VALIDATION_POSTPROCESSED_CLR/Berg/IZ/1comp/1/Berg_IZ_z_355_kriged_reverse_1comp_spherical_1.asc
ncols 100
nrows 90
xllcorner 5.6208707817415728
yllcorner 50.959635321741573
cellsize 0.00013419651685393446
nodata_value 1.7014100000000001E+038
[rows 19 to 37 of 90, columns 0 to 42 of 100]
0.7535307447986469 0.7277453341847577 0.6945043379043225 0.6547328599782516 0.6094237852095132 0.559656349947213 0.5066193294382486 0.45163890231447357 0.39620977458144646 0.34202494614933965 0.2909935455774627 0.24522692723561068 0.20696299172176547 0.17839640297812598 0.16140479009652375 0.15721941351574586 0.16615802869371477 0.18754912193777007 0.22049274255900453 0.2661763952319599 0.32262672173097695 0.3873867121860143 0.4581606240150443 0.5328623905510128 0.6095701736882537 0.680261538479898 0.733170160070362 0.7661208799132847 0.7794676710755007 0.7736673798732092 0.7507350430869231 0.7130912870920904 0.6605715529105689 0.597313277651497 0.5279148485069538 0.45037616203627284 0.3604284049544557 0.2568607661147305 0.14709055917268354 0.04143399973330553 -0.0508735967588787 -0.12036915992719366 -0.15701870048476851
0.7427019514359458 0.712253920489841 0.6740820364496195 0.6290765728761631 0.5781934450570272 0.522475303590807 0.46307980218454325 0.40131689254272296 0.33869636340152176 0.276984241597076 0.2182597413898948 0.16494962630464982 0.11979201055155742 0.0856558402910772 0.06515227516981037 0.06007685720261757 0.07090406509336344 0.09663658490431515 0.1354252265004927 0.18730472593814618 0.24962884729350798 0.3200089915239912 0.3962982747311711 0.4765505784033174 0.5589631574917837 0.6328943313113866 0.6865450700671467 0.719811027397967 0.7326268104674313 0.7251334613514764 0.7009298245993016 0.6614316469804211 0.6067147955984296 0.5385555302737978 0.46337404528390136 0.38100845011417217 0.29070744747225763 0.19383974598733367 0.0954110982261821 0.0027063217474121437 -0.07636051713910419 -0.13338434258367116 -0.159697550177075
0.7318375022278525 0.6971978071583878 0.6545542873466628 0.6047521173701504 0.5486950081951562 0.48736671248104046 0.42186166214004417 0.3534286937735249 0.2835329300700413 0.2139409265701243 0.1468299965929608 0.08490644362284949 0.03147511521219948 -0.009675512532228092 -0.03477530931691697 -0.04103873233667277 -0.027942482021961812 0.0012366053463659377 0.04367744057984524 0.0990273682849373 0.16557032095858337 0.24054893631065588 0.3216517118771318 0.40689742045116395 0.4929955189967973 0.5678831271220305 0.6230717833735641 0.6580331491730587 0.6726749603831546 0.6676316965267303 0.6454360201002877 0.6057815544908218 0.5485811164598112 0.4760433037802514 0.39623318988256184 0.3113809605844594 0.22203758185807032 0.13055596981900386 0.041091290129533053 -0.040894385148015466 -0.10938592882958353 -0.1577941189611487 -0.17710183872536467
0.7216802280251374 0.683410557785014 0.6368629225571739 0.5828308433361895 0.5221546619445017 0.4557407639593508 0.38459045856614227 0.3098440935658465 0.23284930413042793 0.1552669787871782 0.07923308869862244 0.007590809129605969 -0.055833235713047547 -0.10608080339503956 -0.1376780717400936 -0.1486013755665352 -0.13761692571613393 -0.1064958114683463 -0.05955775565449728 0.00030736925920438196 0.071528073902416 0.1510719426375574 0.2366213024194711 0.32623652337263087 0.41247761291549445 0.4877019385888506 0.544564189408888 0.5813611326313537 0.5979814380156548 0.595848808308862 0.5769356442031502 0.5406860208848425 0.48644347257010234 0.41350373106434835 0.32906531350227475 0.24188508693343613 0.15374756923207522 0.0668334457974531 -0.015126510943384908 -0.08773067116686795 -0.14668258466408224 -0.18822764095016087 -0.20524578576473673
0.7128893033796575 0.671640550326209 0.6218656036094424 0.5643054304164051 0.4997330991835903 0.42896818479410836 0.35289939714275675 0.27252119131962405 0.18899486191277537 0.10375364889826189 0.018688117358534262 -0.06352468301473224 -0.13886260077019985 -0.202674659882919 -0.24955534289561565 -0.2699426819025883 -0.2598965979110688 -0.2239038098758317 -0.1700279374192477 -0.10430593109112896 -0.02830496570517016 0.05532220226853912 0.14453421073156136 0.23604449104554714 0.32102282108904545 0.39547562073498155 0.4540869621625845 0.49286603584233213 0.5116995397600657 0.5127775220362744 0.4972772097437108 0.46463130160980526 0.414283426176167 0.3457610063082813 0.26310561157388423 0.17456165338922291 0.08617272541826548 0.0023392321250752524 -0.07315050390566213 -0.13657979842946033 -0.18440388412166242 -0.21381296872911926 -0.21650306027957256
0.7060171948765662 0.662521587285727 0.6102980538735772 0.55004107493865 0.48246232523570787 0.40829891733298707 0.32832680665980796 0.24338347964949014 0.15440816739046004 0.06251701563497614 -0.0308476554124395 -0.12360103448050208 -0.2153248176642455 -0.30242905311147705 -0.3714979732813961 -0.4037341460133659 -0.3907862445534087 -0.3449667399554872 -0.2815553270309954 -0.20909269768755512 -0.12912495150716907 -0.042692651289604644 0.048787739681559916 0.13917486519302524 0.2221163646493547 0.29488429335535704 0.35450305267921234 0.39542067816642623 0.416832145628225 0.42129157389564975 0.4094109022731275 0.38060390117384313 0.3343700387097147 0.27040749139766584 0.19175981119410812 0.10781372286752211 0.02105821562676291 -0.06130120270632444 -0.13231729583343466 -0.18748077004761554 -0.22268331646052086 -0.23406253092475704 -0.20792730043647523
0.7014876585316452 0.656544013196209 0.602735583751647 0.5407234702609724 0.47117431543903576 0.39476307676595934 0.3121776386709517 0.22412685741143645 0.13135541463624134 0.03467322194066891 -0.06498106047077923 -0.17019163725684927 -0.2822086327239002 -0.39569049477720686 -0.4971402490584016 -0.5478578788262023 -0.5214721502825843 -0.45895598262621373 -0.38537703435142356 -0.307406681186732 -0.22584800428043028 -0.13901136141161152 -0.04788893489520496 0.03908295415499752 0.11895188980390015 0.189495125436425 0.2483844783864091 0.2916283192826574 0.31597958882266364 0.32405896732494865 0.316090845792554 0.29140783947841165 0.2494815457631563 0.19006261742914343 0.11564706893848697 0.03630779138196982 -0.044675347609621996 -0.12388351995599933 -0.19205941078851652 -0.24034598347044733 -0.2637130545348174 -0.2581204107950825 -0.21014934363401383
0.6995770972447951 0.6540296789898152 0.5995587911127686 0.536810775593851 0.4664212461858679 0.3887284644659622 0.3045005857671943 0.21466441264707092 0.1200440233362654 0.021356494739188214 -0.08423169777698702 -0.20094702210804227 -0.32719010306777974 -0.46110257768406315 -0.5995892486695515 -0.6952003085843064 -0.6248353903274126 -0.5482504927397389 -0.47120989905877253 -0.3933258060984606 -0.31391097186253214 -0.23022971644063794 -0.14313042507042173 -0.06126312261189115 0.014318615800529066 0.08201119940052803 0.1389488156642953 0.18376282505881048 0.2114619288018199 0.22352582400132792 0.21988989220988653 0.19972435155842339 0.16236861143636927 0.10748419992490499 0.03727659375803882 -0.037995838699170115 -0.11457250827135645 -0.1883608773402623 -0.2536289984136435 -0.29761205853947414 -0.3111335389194425 -0.2905409025960606 -0.22441879727320346
0.700401536085651 0.6550702851425607 0.5997335239586822 0.5350665944042513 0.462313612053987 0.38264357556431594 0.2971386067957016 0.20678517982675126 0.11247102925650831 0.012878473501637844 -0.09806731428552906 -0.21906000996144992 -0.3478363225166827 -0.4809305191668303 -0.6086851861371823 -0.6829449713915043 -0.6561445681548113 -0.5976916126906908 -0.5321132655329599 -0.46296156820593826 -0.390578087714305 -0.3140604426489382 -0.23451492615142544 -0.1595836023150221 -0.0895069931874799 -0.02535356778506337 0.02952600779717951 0.07390849605259109 0.10531350779527604 0.12190173083807399 0.12319988107444368 0.10813201237129488 0.07580256787077388 0.025642095105039342 -0.040264393782733165 -0.11190720308200608 -0.18568554999981202 -0.2572745100672913 -0.3195349851097302 -0.3620506925587721 -0.36842130667793027 -0.33383233015918234 -0.25086971363015453
0.7019046806876577 0.6537160160706323 0.5954234417090489 0.5284230634086354 0.45405738592501677 0.3736037564820569 0.28826661600803605 0.19917806981235098 0.10685171095524537 0.004694047708657445 -0.10764289049123876 -0.2273958252797994 -0.35069675055203087 -0.47078973780595823 -0.5736056160404843 -0.6343835966144482 -0.6409719058950678 -0.6129948799439211 -0.5694583961530164 -0.5164044703144628 -0.45623538553467036 -0.38964756236608533 -0.32067211829748454 -0.25439615842873 -0.1909011966865395 -0.13092733462182404 -0.07799749980196524 -0.034131488098874785 -0.0007278040441667244 0.021144115516696926 0.028210007687953897 0.01907507531552599 -0.007465536784679205 -0.05231572060114087 -0.11358340692166569 -0.1822719926224885 -0.2554660462861025 -0.3288818590319804 -0.39432968468778484 -0.43746916368606215 -0.43884329097663644 -0.38832410632463277 -0.2874903955649484
0.6971870019793924 0.6461341868529896 0.5855724804246567 0.5170134744679452 0.4419295507900983 0.36174449124671504 0.27783069800590643 0.19152021387903673 0.09936997940375725 -0.0035004438883263767 -0.11434224388322267 -0.22968452392040906 -0.3447184093250235 -0.4521511459567631 -0.5411324006061609 -0.5994911829694729 -0.6223532176968063 -0.6164451014554668 -0.5921630392804373 -0.5569662041417947 -0.5125499653776517 -0.4584011032733344 -0.40122495947310455 -0.3449944478706093 -0.2888683702721708 -0.23357954543232684 -0.18218850510166296 -0.13806053903785132 -0.10316309681666525 -0.07705255932887733 -0.06313233907167004 -0.06521914210173319 -0.0851848745963939 -0.12488940179845587 -0.18128249971986676 -0.2462327086498557 -0.3183082739320646 -0.3949836290191824 -0.47005382104834426 -0.5251938862867609 -0.5205509056275073 -0.44548014655006374 -0.32403063654012154
0.686098509096001 0.6327246470339432 0.5704771192849056 0.5010038166185654 0.42593102113137693 0.346854564566039 0.2653387565346833 0.18189930218153771 0.0890300867582905 -0.012831617930261219 -0.1205758034848512 -0.23045863503303576 -0.33768750108479306 -0.4360336923899939 -0.5180751689422349 -0.5771159876041252 -0.6104637046103192 -0.6206719966686798 -0.613011232791385 -0.5923762231264924 -0.5620767244513201 -0.522421995711003 -0.477276353102946 -0.4313118888616172 -0.38296702993288245 -0.33241562212789466 -0.2820151027764406 -0.23647466814265217 -0.1986643317481036 -0.16926066671478046 -0.14920506794781696 -0.14396667966515841 -0.15751455574009787 -0.19104623695439948 -0.23997440215381638 -0.2982608405976874 -0.36559862010478295 -0.441405055177714 -0.5245521160319291 -0.6100956139345859 -0.6005715433952559 -0.4823057714354544 -0.3443659771588812
0.6686461887010133 0.6134366594091621 0.5500703067366122 0.4803016243431919 0.4058536251728794 0.3284759210598125 0.25001129301482594 0.1676093498439769 0.07514631887212908 -0.024651098936351756 -0.12860223671226856 -0.23308093531295526 -0.3338407034606987 -0.4260064732538351 -0.5045314265512584 -0.5653273199762971 -0.6066054568629842 -0.6292742322522378 -0.6359224750512054 -0.6293216515486058 -0.6114828113881781 -0.5834993623261879 -0.5510434201054055 -0.5145067374388241 -0.47319101297574395 -0.42675534032874696 -0.37674319205819984 -0.32820499137738746 -0.2856988687899942 -0.25159933878230034 -0.2278344363483762 -0.21729533838930237 -0.2230646502479352 -0.24843429399234052 -0.2867667477720386 -0.3344561736801459 -0.3910483065672814 -0.4555648407003401 -0.5254853283779977 -0.5887416842290094 -0.5702972891235396 -0.4637384619820364 -0.3256478262895457
0.6427257945641417 0.5860653234740072 0.5220647231555049 0.45263621925427133 0.3796770800911591 0.3050536459085883 0.2303141576208565 0.14821302641775203 0.05699003743966591 -0.04011562333554286 -0.1400169264213147 -0.2394344275857181 -0.3348390370958787 -0.4225560230180827 -0.49912388890488324 -0.5618975968209883 -0.6096154201512889 -0.6424945203796075 -0.6617007888349633 -0.6685139109542395 -0.663646773777548 -0.6469828082611573 -0.6238334158125021 -0.5969885055204891 -0.5609492828291491 -0.5163778271660797 -0.46551905056241005 -0.41213978348031133 -0.3631591558938494 -0.3240672348038949 -0.29562821905433334 -0.2801833601120032 -0.2799842111260682 -0.29543062774127704 -0.32057804043615 -0.3541224674348391 -0.3946192452907922 -0.43905377463120177 -0.48045603837753004 -0.5016965467562777 -0.4748361704972093 -0.3908322442821017 -0.2650218275327285
0.608344149569087 0.5504567843331778 0.48600480136038415 0.41706534498602676 0.34571923573695973 0.2740251680629422 0.2021947542167164 0.12166757248513982 0.03335208908886189 -0.06006661737398589 -0.15572105874722864 -0.2502726565322657 -0.34088866973348564 -0.4248912913920946 -0.4999466744530463 -0.5643617423014624 -0.6173073523098853 -0.6587817403259348 -0.6892447261596091 -0.7090348871285896 -0.7177781213050398 -0.7140104064071982 -0.6999354712572534 -0.6798723792668966 -0.6485378929654873 -0.602918628609608 -0.5471283824453206 -0.48710447443271754 -0.43096108144006595 -0.3850441159396867 -0.3506844534972271 -0.3293277145366764 -0.3230381150364927 -0.3292592743629026 -0.341686591323636 -0.3594980056145647 -0.38164172775498506 -0.4042343111705977 -0.4198279632353612 -0.4168727845826288 -0.37816185686692494 -0.2947293580519492 -0.17731395526219496
0.5659772618235536 0.5069802958089755 0.44211936272339025 0.3736413899236286 0.3038216989633188 0.23492649661238074 0.16511691204834777 0.08669545205815532 0.0019491487818723563 -0.08654463583181737 -0.17644516712965386 -0.2656282464052315 -0.351427324131379 -0.4316492109079737 -0.5048440264937031 -0.5700617311096547 -0.626912388193587 -0.6754723286261506 -0.7159836629765333 -0.7483570593836546 -0.771526851383149 -0.782766851145565 -0.7803029705418407 -0.7663242687852301 -0.7368113920091877 -0.687272661548094 -0.6224410012727339 -0.5528795373378081 -0.4871963358502678 -0.4323410212354901 -0.3911602625796846 -0.36349343549332036 -0.3504933621731585 -0.34586270251280116 -0.34658472101175075 -0.35132192373520277 -0.357676349824539 -0.36178849847814076 -0.3580999764339634 -0.3376248336692116 -0.2822520345172497 -0.19237118817235355 -0.07558587012840379
0.5161459091770191 0.45606581759400866 0.39071170349138373 0.32250203107580744 0.2539205536420561 0.18746825835936387 0.11916943910545996 0.043258147035141636 -0.037456242460508715 -0.12050499820616101 -0.20385782990889312 -0.28592296515160487 -0.3655144833458017 -0.4412154480758317 -0.5115557296240922 -0.5762291372862971 -0.6353122717269377 -0.6891574309923498 -0.7381537600188537 -0.7822983367676166 -0.8204862944830158 -0.8493582193999281 -0.8630503588062597 -0.858521300809971 -0.8269094528495331 -0.7681108443311111 -0.6899191930705166 -0.6077337768358917 -0.5309912807098467 -0.4654536159268079 -0.41577125000355664 -0.3817744846080289 -0.3605017971173632 -0.34536026324012004 -0.33508116564939816 -0.3280155375598779 -0.32169245429084636 -0.31272882734991847 -0.29686794432462693 -0.2583133626023777 -0.18842450425316226 -0.09003780726565602 0.030697000847318634
0.45945246195208256 0.39825232510345676 0.3322186711435128 0.26393644151898055 0.19611263606129914 0.13150343447172597 0.06449023139975174 -0.008624771654002661 -0.08485811322654091 -0.16181375041784718 -0.23777926311197617 -0.3117072704690593 -0.3831095972009164 -0.45192789805698963 -0.5178401251457625 -0.5801222763752112 -0.6392859330536589 -0.696045792089721 -0.7511507703545961 -0.8050998827143085 -0.8575656724483773 -0.9060812482856642 -0.942985209317071 -0.9558268565760186 -0.9207728137815319 -0.841092453069114 -0.7434806027080745 -0.6459887173294565 -0.558116207342775 -0.4841840537043953 -0.42650405587624496 -0.3861846970159728 -0.35491266323970483 -0.32986059221493336 -0.3096837279896052 -0.2925518340724875 -0.2761224137003573 -0.2576053851195954 -0.22993873877081272 -0.17582613444081563 -0.09430527901391716 0.011887869359296088 0.137808486552646
0.3966141446804221 0.33423595123682115 0.26727419732875 0.19846036532398115 0.13073230097443855 0.0670723475416386 0.0012867258407629478 -0.0688960666762577 -0.14021901986461804 -0.21028056017172791 -0.2777008834806407 -0.34205616252229043 -0.40363668560181143 -0.46316732365064794 -0.5216015374451695 -0.5792104448392783 -0.6358335377175441 -0.6924784959576977 -0.7502261734716857 -0.8101347434581225 -0.873032371488937 -0.9389334909957907 -1.0047263207156698 -1.0541786341255408 -1.0134947338740088 -0.8930485762051112 -0.7713114764261277 -0.6604361902008005 -0.5645843356102467 -0.48545625618316035 -0.42383376175775256 -0.3757883113412517 -0.33637961097083946 -0.30337248552058593 -0.2753186456365193 -0.25044284029600017 -0.22666094618161714 -0.20165124919260413 -0.16097173503401585 -0.09438635439805898 -0.0027243048052985053 0.11190908244451359 0.24517169139684114
