_KRIGING/CROSS_VALIDATION_CLASSIC_CLR/MHZ/TZ/train_3/MHZ_TZ_3_train_z_125.asc
ncols 100
nrows 81
xllcorner 5.5967107548124995
yllcorner 50.982328804812504
cellsize 0.00017565037499993607
nodata_value 1.7014100000000001E+038
[rows 19 to 37 of 81, columns 0 to 42 of 100]
1.1087744446223258 1.0433278666901227 0.99611669071103859 0.97017736008231936 0.96733922584387089 0.98804519622251274 1.0313129055102646 1.0948403700402893 1.1752390756102027 1.2683596953924654 1.3696643436308971 1.4745961592051897 1.5789020568380148 1.6788760260436726 1.7715056294754321 1.8545202069730173 1.9263529497842882 1.9860386123728571 2.0330734814280893 2.0672647006256017 2.088593257610615 2.0971102350136857 2.0928804875231366 2.0759824441411485 2.0465674231711173 2.0049764541699808 1.9519067501158274 1.888613445941357 1.8171251934072741 1.7404453545753835 1.6627049908174818 1.5892309779176628 1.5264937414031983 1.4819053319833364 1.463450315649401 1.4791489741238248 1.536373532335533 1.6410616789684147 1.7968949062541317 2.0045289277049658 2.2609760097424743 2.5592408545699725 2.8882996869937667
1.1956579905198803 1.1356191090206178 1.0918274285284839 1.066970435910749 1.062640765584822 1.079179863416545 1.1156509188997268 1.1699441863999496 1.2389983162682963 1.3191048065102751 1.4062521411215403 1.4964632740075114 1.5860849042250977 1.6719980024924428 1.7517337482936384 1.8234944646744333 1.8860926075861597 1.9388304935817162 1.9813484116861773 2.013469265231258 2.0350648749779969 2.0459638297516296 2.0459145103849643 2.0346104940225329 2.0117793547322087 1.9773298956059984 1.931546857199657 1.8753159792393452 1.8103560544519848 1.7394288133967573 1.6664930200258887 1.5967672031901512 1.5366672010536309 1.4935911336860392 1.4755360608092756 1.4905472914908686 1.5460221821730331 1.6479135536512048 1.7999010285498622 2.0026183797033292 2.2530376528478095 2.5441126034496384 2.8647716942361869
1.2933735579685017 1.2395050275260708 1.199683754299669 1.176211391600414 1.1704206260395276 1.1825441600584432 1.2117001847712718 1.2559965477875072 1.312738067314571 1.3787063562900708 1.4504718435307595 1.524695009169972 1.5983783328732784 1.6690408287306659 1.7348010262370952 1.7943691177976797 1.8469621627295831 1.8921658187829404 1.929771115844253 1.9596153093479112 1.98145262855037 1.994874960054009 1.9992954235875118 1.9940004078255873 1.9782685469621981 1.9515485489534692 1.9136816870553934 1.8651490314635861 1.8073181667560734 1.7426595416503332 1.6748993900250013 1.6090752679769162 1.5514626914287104 1.5093480320204768 1.490634281151477 1.5032825040648168 1.554612029789505 1.6505050766660196 1.7945841524065935 1.9874499641019034 2.2260799548084704 2.5034890866812018 2.8087418576409684
1.3970149782881098 1.3497858541906835 1.314307013003077 1.2924767080691784 1.2853572520962879 1.2930703869606732 1.3147955003208007 1.3488719453817126 1.3929908459846427 1.4444482193789294 1.5004225167608605 1.5582372747784394 1.615573718810204 1.6706078228396042 1.7220595021891896 1.7691558026718033 1.8115227249296444 1.8490297908808593 1.8816165506788529 1.9091307715532571 1.9312046391128419 1.9471890273857442 1.956158017800937 1.9569875120869407 1.9485038202486491 1.929690966575472 1.8999392808126654 1.8593125944247291 1.8088070202458315 1.7505710040121087 1.688054503567278 1.62605543518227 1.5706347390676567 1.5288783476086554 1.5084955381008627 1.5172586962430887 1.5623088150691722 1.6493726906086406 1.7819594423316065 1.9606225406540703 2.1823852273081386 2.4404282059770321 2.7241254965191732
1.5018363693078827 1.4614359643880876 1.4305034316502334 1.4105344721537956 1.4023226329969221 1.405880955766057 1.4204526105409203 1.4446108240676925 1.4764344599252388 1.5137336416126324 1.5542920583944169 1.5960904683989179 1.6374797210494589 1.6772805392915033 1.7147996005110162 1.7497648938958541 1.7821956356398498 1.8122313135101003 1.8399495311927199 1.8652028774670546 1.8875014698248007 1.9059610975128063 1.9193282833245542 1.9260843666478351 1.9246219257641668 1.9134791947199314 1.8916119126755566 1.8586773183543714 1.8153016936447113 1.7633009396184764 1.7058232852497595 1.6473847698838344 1.5937721890480763 1.551795402112971 1.5288817913537869 1.5325203899607482 1.5695813148633335 1.6455564084008385 1.7637872717867609 1.9247641613113649 2.1255898859944575 2.3597031164457856 2.6169421968467019
1.6036041809653157 1.5699782169742382 1.5436525963248642 1.5257373257960218 1.5167689937083206 1.5166575688428801 1.5247086960580412 1.539720874758036 1.560144842944595 1.5842820880153206 1.6104926373163491 1.6373804521746653 1.6639282319064168 1.6895616095549186 1.7141341265388057 1.7378370191960952 1.7610496202839601 1.7841552262754563 1.8073523396213353 1.8304917461832915 1.8529661741696524 1.8736721717060583 1.89105459811553 1.9032341274889273 1.9082086492992412 1.9041113306670976 1.8895018841333524 1.863663396744351 1.8268748061111033 1.7806285671512736 1.7277641435728164 1.6724907923432835 1.6202780292039187 1.5775996597866861 1.5515278002139146 1.5491870972361057 1.5770960759759696 1.6404411338017004 1.7423472215688856 1.8832249016831772 2.0602827974934845 2.267293836994333 2.4946900940349619
1.6988557872090022 1.6717587041228301 1.6499921999788907 1.6343099009532722 1.6250107830818614 1.6219092092060479 1.6243678468341682 1.6313919691614884 1.641773361721772 1.6542631512298571 1.6677470619853254 1.6813950854158064 1.6947607426509654 1.7078125886188964 1.7208911340497046 1.7345961971311672 1.7496208846374266 1.7665571436535066 1.7857027867803783 1.8069004176925132 1.8294348572534398 1.8520082542654208 1.8728023039196069 1.8896263545924095 1.9001400629988519 1.9021307683848692 1.8938195748208901 1.8741664791058001 1.8431436208370888 1.8019465309229208 1.7531157915302069 1.700545639509798 1.6493618403205512 1.6056589403379264 1.5760971549436518 1.5673718940831505 1.5855840662238154 1.6355559602679377 1.7201539681737135 1.8396931162286396 1.9915061173053714 2.1697580585991592 2.3655740453445291
1.7850456310917915 1.7641017644972408 1.7467782369284297 1.7335098119965817 1.7243815767514885 1.7191198042491012 1.7171343476480816 1.7176102223797329 1.7196373802731379 1.7223601600827889 1.7251229993003312 1.727587797644123 1.7298012852539033 1.7321975777596368 1.7355307979074421 1.7407436753923387 1.7487886066579348 1.7604260273671795 1.7760297515160941 1.7954293950763418 1.8178160838000466 1.8417300046776086 1.8651382139550448 1.8855999834010753 1.9005063860975859 1.9073720708515207 1.9041510792521912 1.8895454316875684 1.8632748990685872 1.8262784401535965 1.7808216939417942 1.7304902682705565 1.6800552068458627 1.6352050628655743 1.6021487334695002 1.5871048378132764 1.5957068506058651 1.6323677405783834 1.6996620417867163 1.7977948285544398 1.924233070500351 2.0735722193983128 2.2376970114541797
1.8605762813854687 1.8453424666273692 1.8323178019070223 1.8216594510720894 1.8132633988339739 1.8067735286440687 1.8016324305653377 1.7971707733349032 1.7927248552752522 1.7877656800492971 1.7820188591124024 1.7755537951862932 1.7688234084649714 1.7626419516892424 1.7580974027086995 1.7564051810366887 1.758719863223897 1.7659295097939101 1.7784617861164094 1.7961314196176943 1.8180545382409043 1.8426476513464296 1.8677186412811873 1.8906456839073327 1.9086291392785331 1.9189925584942538 1.919502996895992 1.908678200056273 1.8860487920409508 1.8523468108926462 1.8095971054539497 1.7610946000255607 1.7112578596566408 1.6653576636244438 1.6291285670642177 1.608281896433666 1.6079502621606006 1.6321059702354366 1.6830074684413368 1.7607372149029916 1.8628985486701133 1.9845355110309444 2.1183257680628422
1.9247260830963224 1.9147489402356905 1.9058873288025415 1.8980616151572685 1.8910014132174497 1.8842703589508325 1.877324537382977 1.8696005683967005 1.860623354230607 1.8501183235730023 1.8381097592559517 1.8249863266077826 1.8115176669595474 1.7988117799229988 1.7882112061242639 1.781135556009259 1.7788872056833869 1.7824444258998087 1.7922704712976216 1.8081673576569024 1.8291989773423873 1.853700345646601 1.8793792656257153 1.9035051019764584 1.9231683503719985 1.9355857784529098 1.9384201556190011 1.9300814466871863 1.909977688538123 1.878688002323134 1.8380364783392125 1.7910531786073429 1.7418166244533646 1.6951805879650825 1.6563967981363232 1.6306544552616744 1.6225672637627597 1.6356487076152404 1.6718255695200599 1.73104661781375 1.8110457680639747 1.9073144623524239 2.0133244371856436
1.9774956966964936 1.9723581519058948 1.967560667488554 1.9628235914272576 1.9577282215280913 1.9517551002802085 1.9443496940777596 1.9350105884533644 1.9233903163842383 1.9093947152692889 1.8932642010595675 1.8756202977293999 1.8574635610404435 1.8401146108483273 1.8250977433008897 1.8139754743022571 1.808150990488274 1.8086623817791487 1.815996400931926 1.8299494694527363 1.8495594737160017 1.8731240157011548 1.8983102844018624 1.9223501317394724 1.9423029721654084 1.9553603298128852 1.9591603563642366 1.9520789615149123 1.9334662266427527 1.9038018761269226 1.8647508153761931 1.8191081178438102 1.7706315495057554 1.7237682828934817 1.6832907420180165 1.6538646261893246 1.6395801774751906 1.6434855122826839 1.6671676689475423 1.7104316627886655 1.7711284879975446 1.845177622148308 1.9268163969765895
2.0194020690957259 2.0187553203789923 2.017978189113232 2.0166211224210535 2.0141285858647366 2.0098892370174699 2.0033090372373215 1.9939014616713839 1.9813847140370058 1.9657724280438673 1.9474425243154068 1.9271693161183938 1.906106941317657 1.8857176504072068 1.8676458505952498 1.8535471212516281 1.8448894077494229 1.8427499042625586 1.8476345351812355 1.8593466133354779 1.8769269425896598 1.8986797587155166 1.9222885057092398 1.9450140195784451 1.9639569207612615 1.9763574618213848 1.979900898458034 1.9729952150522605 1.9549906552097145 1.9263163306237239 1.8885171900730446 1.8441837026540968 1.7967757717049144 1.7503509984695849 1.7092151854278117 1.6775199333984476 1.6588384729065311 1.6557564604082025 1.6695189631414902 1.699777331444182 1.7444786996928463 1.7999347911922468 1.8610940266863536
2.0512504970735348 2.0548294184555349 2.0580904461925691 2.0604360274695717 2.061177687258307 2.0595970943834159 2.0550274005035583 2.0469478880779723 2.0350812507815608 2.0194800626119127 2.0005878386000466 1.979261057807717 1.9567418316107048 1.9345764072953884 1.9144818420440179 1.8981710402342262 1.8871537384631454 1.8825366948599784 1.8848491844888482 1.8939191773917257 1.9088210728109916 1.9279079953898908 1.9489314285137453 1.9692398066460219 1.9860372458201345 1.9966753938369219 1.9989465887418501 1.9913457116373054 1.9732712431346711 1.9451424277842904 1.9084180556643848 1.8655119688515009 1.8196098833059837 1.774400682294087 1.7337425832415905 1.7012904611110784 1.6801152810572919 1.6723501688801194 1.6788999747344806 1.6992516733808412 1.7314205493208972 1.7720605121411683 1.816754833945591
2.0739142154595438 2.0815359610973401 2.0889086927500751 2.0953001068674331 2.0998849914562241 2.1018168982401457 2.100319124995405 2.0947867122744253 2.0848877798095788 2.0706502933696935 2.0525198387138284 2.0313755716100816 2.0084953102584189 1.9854664881862689 1.9640467819297358 1.9459857513027474 1.9328256697148287 1.9257047373638185 1.9251880838098794 1.931150752109688 1.9427320853681884 1.958373046438787 1.9759379678760878 1.9929114298945905 2.0066509582217087 2.0146684942777302 2.0149092432354427 2.0059961335169803 1.9874116733280163 1.9595958212316775 1.9239475185566608 1.8827274857462299 1.8388695523173642 1.7957162454235975 1.7567010872494153 1.7250049334735991 1.7032168899169644 1.6930321058862354 1.6950191264238219 1.708488205764553 1.7314883424064247 1.7609537934147359 1.7930094586030714
2.0881473095630643 2.0996945330851275 2.1112908269775756 2.1220743444111498 2.1310724466573321 2.1372843644244348 2.1397838062166503 2.1378316276242444 2.130985440056782 2.1191912278129061 2.1028421611225232 2.0827921013589012 2.0603157417490818 2.0370135210240443 2.0146666807232592 1.9950551616224024 1.9797573852815988 1.9699553126954354 1.9662696833922917 1.9686485366384554 1.9763269857889973 1.9878682497598863 2.0012861063566225 2.0142385342189479 2.0242728203997729 2.0290952116287375 2.0268343407543927 2.0162677199221672 1.9969845106682653 1.9694649287374668 1.9350659417376499 1.8959130675602696 1.8547078055018114 1.814468511838343 1.7782287539950405 1.7487211658268502 1.7280767495874008 1.717569754210551 1.717436959034373 1.7267973897058022 1.7436938005724612 1.7652699726325589 1.7880872117828861
2.0944514978743838 2.1098430802694761 2.1257858756241594 2.1412871482933147 2.155210821790865 2.16637208445702 2.173654058745778 2.1761347590729887 2.1732093010272848 2.164690850269932 2.1508745576431236 2.13255185034454 2.1109677129546531 2.0877204273208037 2.064610799673896 2.0434551726232728 2.0258824555928143 2.0131390844937052 2.0059265697573228 2.004293806494549 2.0076007302679661 2.0145617821460347 2.023367968951197 2.0318763216065951 2.0378466294215531 2.0391987301977537 2.034260334592493 2.0219758599739164 2.0020509849605901 1.9750149978123899 1.9421924442046565 1.9055857816267032 1.8676804134920255 1.8311915275517103 1.7987779145050435 1.7727511611275188 1.7548094590405352 1.7458241384066473 1.7457043310010043 1.7533610975510538 1.7667868003233496 1.7832580227499308 1.7996603424749333
2.0930109282840617 2.11216434694966 2.1325534411575449 2.1530488221123703 2.1723318174864392 2.1890023963509755 2.2017126204411666 2.2093116341797803 2.2109847688583741 2.2063681254056187 2.1956214148733162 2.1794458743499012 2.1590403191888647 2.135996060551423 2.1121394872585375 2.0893384693454813 2.0692943447395713 2.0533442725175197 2.0422986738584017 2.0363352242662556 2.0349647082486673 2.0370756853776717 2.0410553431661338 2.0449743274654111 2.0468149992663145 2.0447166069118783 2.0372081387728338 2.0234005598866487 2.0031146515689437 1.9769281664705858 1.9461354606156842 1.9126228952950717 1.8786728132942319 1.8467166798865255 1.8190633048224019 1.7976306471599459 1.7837096942058452 1.7777867310712279 1.7794464941410029 1.7873736165259917 1.7994635295332313 1.8130463663279488 1.8252180068721133
2.0837017735955028 2.1064921592309691 2.1313667071603701 2.1570516983910792 2.1820261163254457 2.2046444938624008 2.2232899474253367 2.2365408690695041 2.2433310117704055 2.2430817013546775 2.235787003826669 2.2220377269794005 2.2029775073643183 2.1801929104091258 2.1555482231568233 2.130983205279624 2.1082974225694713 2.0889471795281214 2.0738801630505632 2.0634288049602594 2.0572765605624115 2.054502601137103 2.0537008755585822 2.0531602684848291 2.0510848151704817 2.0458276244471127 2.0361100324426129 2.0211988916291812 2.0010196659559281 1.9761905631071768 1.9479723086642204 1.9181381297978275 1.8887777989547487 1.8620570882873686 1.8399589437493846 1.8240347855467651 1.8151936961690578 1.8135543113837898 1.818379566689146 1.8281085870599441 1.8404932205539826 1.8528389817977828 1.862341232694293
2.0661752022630875 2.0923966064782045 2.1216986797887376 2.1526563746883163 2.1835286875729496 2.2123980447622316 2.2373455676588785 2.2566428359707258 2.2689366344073552 2.2734023379847219 2.2698443938084276 2.2587285041355818 2.241138744877138 2.2186626888209959 2.193217184326401 2.1668353790433086 2.141440776360092 2.1186359113492781 2.0995314730628332 2.0846366948022652 2.0738242842109926 2.0663740392683518 2.06108970374222 2.0564746861638907 2.0509450413781147 2.0430534469630572 2.0316963737267786 2.0162784708318409 1.9968131797273507 1.9739461696076956 1.9488974163883155 1.9233274684337727 1.8991424444779357 1.8782595206608566 1.8623593214987815 1.8526533859856977 1.8496938161320662 1.8532487573860008 1.8622621177698928 1.8749095009047685 1.8887551168562506 1.901006576130877 1.9088558539795017
