_RESULTS/CROSS_VALIDATION_POSTPROCESSED_80-20/MHZ/TZ/9comp/1/MHZ_TZ_z_180_kriged_reverse_9comp_spherical_1.asc
ncols 100
nrows 81
xllcorner 5.5967107548124995
yllcorner 50.982328804812504
cellsize 0.00017565037499993607
nodata_value 1.7014100000000001E+038
[rows 0 to 18 of 81, columns 44 to 87 of 100]
32.232712395454165 32.232712395454165 32.232712395454165 32.232712395454165 32.232712395454165 32.232712395454165 32.232712395454165 32.232712395454165 32.232712395454165 32.232712395454165 32.232712395454165 32.232712395454165 32.232712395454165 32.232712395454165 32.232712395454165 32.232712395454165 32.232712395454165 32.232712395454165 32.232712395454165 32.232712395454165 32.232712395454165 32.232712395454165 32.232712395454165 32.232712395454165 32.232712395454165 32.232712395454165 32.232712395454165 32.232712395454165 32.232712395454165 32.232712395454165 32.232712395454165 32.232712395454165 32.232712395454165 32.232712395454165 32.232712395454165 32.232712395454165 32.232712395454165 32.232712395454165 32.232712395454165 32.232712395454165 32.232712395454165 32.232712395454165 32.232712395454165 32.232712395454165
32.23235938940874 32.232712395454165 32.232712395454165 32.232712395454165 32.232712395454165 32.232712395454165 32.232712395454165 32.232712395454165 32.232712395454165 32.232712395454165 32.232712395454165 32.232712395454165 32.232712395454165 32.232712395454165 32.232712395454165 32.232712395454165 32.232712395454165 32.232712395454165 32.232712395454165 32.232712395454165 32.232712395454165 32.232712395454165 32.232712395454165 32.232712395454165 32.232712395454165 32.232712395454165 32.232712395454165 32.232712395454165 32.232712395454165 32.232712395454165 32.232712395454165 32.232712395454165 32.232712395454165 32.232712395454165 32.231939030322884 32.229858819210186 32.2273760148017 32.22522088973916 32.22391133538536 32.223731543834816 32.2247191437705 32.22666343529137 32.22911508758381 32.23140530324067
32.225514964226775 32.22994442568369 32.23243044665951 32.232712395454165 32.232712395454165 32.232712395454165 32.232712395454165 32.232712395454165 32.232712395454165 32.232712395454165 32.232712395454165 32.232712395454165 32.232712395454165 32.232712395454165 32.232712395454165 32.232712395454165 32.232712395454165 32.232712395454165 32.232712395454165 32.232712395454165 32.232712395454165 32.232712395454165 32.232712395454165 32.232712395454165 32.232712395454165 32.232712395454165 32.232712395454165 32.232712395454165 32.232712395454165 32.232712395454165 32.232712395454165 32.232582042324715 32.229642592477234 32.22388936740032 32.2166462603853 32.209114748400694 32.20234052406953 32.19717245852724 32.194221142420666 32.19382460855375 32.19602777048944 32.20057960619617 32.20694864497812 32.21435370691672
32.210293441399195 32.2193195505156 32.226592719946105 32.231311439776725 32.232712395454165 32.232712395454165 32.232712395454165 32.232712395454165 32.232712395454165 32.232712395454165 32.232712395454165 32.232712395454165 32.232712395454165 32.232712395454165 32.232712395454165 32.232712395454165 32.232712395454165 32.232712395454165 32.232712395454165 32.232712395454165 32.232712395454165 32.232712395454165 32.232712395454165 32.232712395454165 32.232712395454165 32.232712395454165 32.232712395454165 32.232712395454165 32.232712395454165 32.232712395454165 32.23000014633856 32.22206133994916 32.210468975035695 32.19676439872438 32.18242845992445 32.168846213814014 32.15725364852815 32.148673995192304 32.14385379641366 32.14321001660145 32.14679824977293 32.154308359962634 32.165088439283814 32.178192268257156
32.18697990514809 32.201165183747996 32.21367519964429 32.22364647519207 32.230260480855826 32.2327114979182 32.232712395454165 32.232712395454165 32.232712395454165 32.232712395454165 32.232712395454165 32.232712395454165 32.232712395454165 32.232712395454165 32.232712395454165 32.232712395454165 32.232712395454165 32.232712395454165 32.232712395454165 32.232712395454165 32.232712395454165 32.232712395454165 32.232712395454165 32.232712395454165 32.232712395454165 32.232712395454165 32.232712395454165 32.232712395454165 32.23238990778098 32.226179004910584 32.213354276006655 32.19560150059454 32.174616182472604 32.15211033766862 32.129788906339535 32.10929626428866 32.092137342907336 32.07958294816974 32.07257369922919 32.071639701053876 32.07685188412253 32.087815309975355 32.10370589568925 32.12334269304232
32.15575064461368 32.17583890852791 32.19420233480188 32.20989012613551 32.22205550345522 32.22991889626938 32.232712395454165 32.232712395454165 32.232712395454165 32.232712395454165 32.232712395454165 32.232712395454165 32.232712395454165 32.232712395454165 32.232712395454165 32.232712395454165 32.232712395454165 32.232712395454165 32.232712395454165 32.232712395454165 32.232712395454165 32.232712395454165 32.232712395454165 32.232712395454165 32.232712395454165 32.232712395454165 32.232712395454165 32.23194177575521 32.223259420614376 32.20628343093109 32.18271360984336 32.15430277553899 32.12289578863907 32.090435053372374 32.05892735610223 32.03036975917899 32.00663797290264 31.989348840096504 31.97971739406266 31.978434976813542 31.985594445770293 32.00067982978632 32.022622913628595 32.04991341957978
32.11679349130287 32.143697206783834 32.16867412296281 32.19066615469255 32.208789283138664 32.22228748821021 32.23046750713783 32.232712395454165 32.232712395454165 32.232712395454165 32.232712395454165 32.232712395454165 32.232712395454165 32.232712395454165 32.232712395454165 32.232712395454165 32.232712395454165 32.232712395454165 32.232712395454165 32.232712395454165 32.232712395454165 32.232712395454165 32.232712395454165 32.232712395454165 32.232712395454165 32.232712395454165 32.23207405406025 32.222514280873526 32.20276957328369 32.17447399487982 32.139325447231805 32.09916432307234 32.05602276179046 32.012134983085275 31.969898493624694 31.931778487742825 31.90015521335979 31.87712697540539 31.86429745149086 31.862589041555513 31.872126176119004 31.89221905621898 31.921452242327103 31.957854528189287
32.07043311304193 32.10521140979699 32.13767119539002 32.16663751528684 32.19119123849542 32.21060736327242 32.22427571488864 32.23161060111443 32.232712395454165 32.232712395454165 32.232712395454165 32.232712395454165 32.232712395454165 32.232712395454165 32.232712395454165 32.232712395454165 32.232712395454165 32.232712395454165 32.232712395454165 32.232712395454165 32.232712395454165 32.232712395454165 32.232712395454165 32.232712395454165 32.232712395454165 32.23260192419822 32.22424129924255 32.20370536036677 32.172510650106304 32.13220254875616 32.08447201232244 32.03125322444694 31.974792421582965 31.917673572451687 31.86278306356396 31.813195909097608 31.771974236589788 31.74188805164031 31.725096940271158 31.722859281906977 31.735345725315327 31.761612929012838 31.799745840185246 31.847124821222305
32.017263726282614 32.06108408945377 32.10195463677661 32.13859164912961 32.170059125584565 32.19568349081097 32.21495563191829 32.22742684662842 32.23260171374069 32.232712395454165 32.232712395454165 32.232712395454165 32.232712395454165 32.232712395454165 32.232712395454165 32.232712395454165 32.232712395454165 32.232712395454165 32.232712395454165 32.232712395454165 32.232712395454165 32.232712395454165 32.232712395454165 32.232712395454165 32.232712395454165 32.22773560112646 32.20885625692021 32.17720527716333 32.13412422379283 32.081044642839714 32.01962581676291 31.951879881829782 31.880272968080174 31.8077829794905 31.73788577277923 31.674435820101642 31.62141269876218 31.582530540980752 31.560757506892184 31.55785181864609 31.574053519940936 31.60804046669194 31.657164982263964 31.717885539816027
31.95829039655121 32.012363358266924 32.062556248907626 32.10751192834454 32.14631712996408 32.17838517651418 32.203335746110206 32.2208762153812 32.23068538642318 32.232712395454165 32.232712395454165 32.232712395454165 32.232712395454165 32.232712395454165 32.232712395454165 32.232712395454165 32.232712395454165 32.232712395454165 32.232712395454165 32.232695859245844 32.23097983477413 32.22830535098191 32.22660102494823 32.22679794080074 32.22743623111392 32.215639712485 32.187641525778034 32.14476961744249 32.08940526212578 32.0228229846205 31.946600793045153 31.862781291109933 31.77402070858194 31.683703170823584 31.595980306545318 31.515677673909103 31.448001736525782 31.398007049373973 31.36986496467417 31.36610103339606 31.38706319660651 31.430844369848998 31.493694420624468 31.570742320143317
31.88699326130348 31.956962119363546 32.020175549941214 32.07462790362197 32.12105250109148 32.159675447350054 32.19028085091921 32.21275468219352 32.22696160670173 32.232626966406634 32.232712395454165 32.232712395454165 32.232712395454165 32.232712395454165 32.232712395454165 32.232712395454165 32.23208270900726 32.222298390610895 32.20486543640268 32.184695812989276 32.16594429803807 32.151866404658854 32.14468224062376 32.145470937446724 32.146909312941084 32.1383248644582 32.11826385016966 32.084170605808374 32.03262245898149 31.9596330772755 31.86769180333322 31.76630842536759 31.658322105416314 31.547474583322327 31.438630885424 31.33777622226535 31.251735609434313 31.18748525056011 31.15103829221872 31.14614754678991 31.17333666952302 31.229755218755244 31.30993872039282 31.407068167357632
31.7967656109024 31.885771884091945 31.96647825823457 32.03667487484207 32.094891546517545 32.140615879156634 32.17669788240849 32.20385567167434 32.222148638713065 32.23149145337943 32.232712395454165 32.232712395454165 32.232712395454165 32.232712395454165 32.23169657406596 32.21440519362274 32.18096020947053 32.13791643112459 32.09140891199144 32.04701160715283 32.009542756368724 31.98284405074599 31.969568676200428 31.96996607218752 31.97076635254349 31.967249404184788 31.957272417150907 31.937380742188637 31.903200763899488 31.84983594114626 31.772232732814267 31.665491980364795 31.536457509206382 31.40229811265374 31.268630725334145 31.142719102756892 31.033456435917834 30.950585420858406 30.90303256958635 30.896619657206298 30.932174502226285 31.005236869300646 31.107568112347206 31.229455931278704
31.689853505383713 31.80016966717752 31.90011537359395 31.98748926582327 32.06094630272471 32.119749617218105 32.16351955649557 32.19496153722589 32.216924656105455 32.22950591790892 32.232712395454165 32.232712395454165 32.232712395454165 32.22219187020839 32.18388504914683 32.12460447109527 32.05171120598215 31.972429720000356 31.89373553856794 31.822146783198235 31.763436031549446 31.722297019198393 31.70201818363818 31.699621858762157 31.70155275142411 31.70569894088321 31.708951778865863 31.70668276536299 31.693248504813347 31.66249983093691 31.608250973553957 31.52468511927651 31.406695485696982 31.252959863025897 31.090603736728216 30.934338120657838 30.79550832926823 30.687789708211668 30.624878453934024 30.61632700484796 30.66353432428905 30.759082983920067 30.890033828948145 31.042364841178347
31.569662255765852 31.703038097387758 31.82354731986054 31.92909754523368 32.01850943680942 32.091277247200765 32.14732442063738 32.18673663073771 32.211914151750655 32.22721520300258 32.23270113065188 32.232686501175436 32.21092819264936 32.153851324522016 32.06920780087354 31.96481641618985 31.848656523048323 31.728850923633733 31.613520297713503 31.510498468556534 31.426918700194058 31.368714191969993 31.34011173636882 31.333648987139355 31.339055530709146 31.354375799995704 31.375266250315637 31.395569355424062 31.407975984509562 31.404681266652013 31.377969128607646 31.320698585292245 31.226708581307115 31.091201860713742 30.911791430326023 30.719433948886543 30.542941790911676 30.401263310586675 30.31611763612248 30.304386522804815 30.368667554649736 30.49555545024575 30.663757481690862 30.85301947959236
31.440880984306375 31.598089257549137 31.739760434006136 31.863963127537577 31.969682238083564 32.05662034084693 32.12497383004848 32.175172700239656 32.207583893452565 32.22508322861741 32.23235191233512 32.20507104533143 32.13423481945827 32.0277805847807 31.89354274503676 31.73973684243341 31.575097488384213 31.408891112965048 31.250759413636203 31.110354459412164 30.996756588568232 30.917723926162722 30.878493433069092 30.86807997565503 30.879947162091277 30.91114677609874 30.9557199870725 31.006114790932376 31.052899609701175 31.084183590710524 31.090238565632 31.064139483391067 30.998297176976408 30.885966919711816 30.72316583469526 30.509475983000712 30.285845555072065 30.096767386526903 29.97732994051838 29.96044349059729 30.051649754432493 30.223735093790587 30.440078352355105 30.672512020898367
31.30922939813072 31.48968724537808 31.65217045046752 31.794827289032483 31.916724266463063 32.01770211143305 32.09817188769393 32.158856962177154 32.200490231520575 32.223476555678694 32.20708181209427 32.130764021802264 32.00924003661675 31.850522262287882 31.662465431190178 31.453666067154888 31.23369888356414 31.01322001752876 30.803850831472406 30.617748361872454 30.466804575979012 30.361513066928108 30.30828843754169 30.3000257753334 30.3442975657809 30.428619668779923 30.53652011289108 30.65048200761092 30.753443340786106 30.8301563180928 30.868229850393845 30.85879510468147 30.796836024085355 30.681313857564476 30.51532929334569 30.305364586809148 30.04377391501688 29.788795211723716 29.611801687321908 29.585267463389524 29.723847986331254 29.962516039083237 30.23802237928061 30.51656620888354
31.180750603203904 31.38242634512784 31.564384082480395 31.724585940854688 31.86200301700467 31.976496325159964 32.06860911315828 32.13929419084529 32.18959414942793 32.204998717702956 32.14361353919365 32.01743497778038 31.843221171386 31.628760888059336 31.38174537070976 31.11100913500659 30.82694398680913 30.54179679512573 30.269701891655764 30.02625301886447 29.827443131858693 29.70188697479227 29.679233969846702 29.73526162947377 29.854356941146854 30.019472747906796 30.209866069145185 30.40319506582594 30.577730013750966 30.71422524640314 30.79720876511347 30.815650541824454 30.763101652838287 30.63745870362181 30.440552877090006 30.177904071245298 29.859604183830285 29.51547305737351 29.233874713408266 29.183794275156338 29.419539761459795 29.74977551885949 30.086260571605294 30.403513950132993
31.06081385534427 31.280584771037994 31.479895723789376 31.656121994065185 31.80790584228424 31.934989120544476 32.03795729406511 32.117925777242625 32.17222272925914 32.15254013802195 32.04936029073097 31.87289953694186 31.64385580732961 31.369800629222205 31.057910338647954 30.71691379739074 30.35779186673381 29.994439752304856 29.647694046117852 29.341915146633372 29.13688026364009 29.048441165806445 29.075734208177312 29.198473152899133 29.404231294772952 29.666927407036596 29.959231572190966 30.25200226968556 30.51729954649105 30.730972764557436 30.874194132352546 30.934026211952204 30.903262130452703 30.77977876544865 30.56558072194787 30.26564078214121 29.886590886524957 29.43538255154894 28.953455148673335 28.818995705771016 29.24407264731944 29.64706192602617 30.017248878116266 30.35213716144351
30.95328373558911 31.187685065932826 31.401839941176 31.592158046570102 31.756749876682132 31.895126010222864 32.00784380653495 32.09612613019483 32.13205619169072 32.07493120997334 31.930106592287256 31.705403314708736 31.419593701253334 31.082070419391417 30.701849925678786 30.309594906307254 29.91327004846181 29.517613672150162 29.150762154092185 28.878456050089813 28.70893196428946 28.649085982723875 28.702613248501567 28.85213993969369 29.090098510188312 29.404790532964896 29.778161775578116 30.185769747912726 30.56494419237672 30.875685096470622 31.095818131995095 31.21119769893547 31.21506480171707 31.10699210698968 30.891707392896013 30.578066245851755 30.17879678022637 29.71393008944027 29.24328037947613 29.075576980355173 29.3406323872466 29.700952470214926 30.050431434744656 30.372384063124365
