_RESULTS/CROSS_VALIDATION_POSTPROCESSED_80-20/MHZ/TZ/9comp/1/MHZ_TZ_z_710_kriged_reverse_9comp_spherical_1.asc
ncols 100
nrows 81
xllcorner 5.5967107548124995
yllcorner 50.982328804812504
cellsize 0.00017565037499993607
nodata_value 1.7014100000000001E+038
[rows 57 to 75 of 81, columns 42 to 83 of 100]
0.08802413001736013 0.08896121001037939 0.09346469738741318 0.1019237161076628 0.11520449435682434 0.13489715083820866 0.16267407290575533 0.19828336417272233 0.24223408789496156 0.29480487172888314 0.3554919031757712 0.42504475474702946 0.5009661135179764 0.5764231260196654 0.6394680133076553 0.673330407826701 0.6634692797283779 0.6087839148174152 0.525439909760601 0.42934539905538055 0.3377847227702244 0.2635794729038651 0.20962579144270616 0.17892999302263135 0.16689606390503695 0.16313521909284937 0.16267547496831788 0.16002148247115197 0.1512210326377507 0.14523124554896696 0.1428382667656617 0.14421095034558548 0.1497803708397146 0.15927336283389928 0.1699711349933692 0.1818823107536489 0.19426052219235546 0.20562817143173578 0.21512235773369445 0.221806700465658 0.2249175195117482 0.226461306039265
0.08233426867322251 0.08209377360342525 0.08531344277088375 0.0921789092739995 0.10349710305062883 0.12057978450096907 0.14488226029009857 0.17622207892337968 0.21475307371736657 0.26045506894395537 0.31245489690741396 0.3706176315694695 0.4323747229744287 0.49167622912801967 0.5394542097555896 0.5651145650098441 0.56048455914612 0.5254441197506861 0.46915475497771725 0.40257986334301865 0.3339414593354302 0.27389076892762904 0.22821845406396035 0.19900392106345483 0.1833486490718973 0.17615395419717492 0.17317978064064377 0.16906234655973848 0.1619149856381172 0.1573962860914309 0.15665076695475977 0.16006120825397718 0.16820027646330835 0.1799427879143821 0.19202319436798282 0.20380065413204257 0.21466328785971187 0.22386490455860258 0.23057212969326635 0.23393611609199635 0.23350557759684618 0.23166422861137081
0.07619400358451597 0.07467540539566206 0.0763511296630084 0.08155881205337331 0.0909452300936139 0.10548975383860347 0.12649237147740738 0.1539568366347076 0.18760493035766646 0.22715694038579698 0.2714647456821836 0.31990854924231416 0.37016536701980524 0.41748926561204147 0.45531420079389384 0.4766358749873702 0.4766557872848463 0.45638261474889574 0.419774932968469 0.3733256817707623 0.32428997703932816 0.27983297635190846 0.2438495151824739 0.2179915882261967 0.20135434604607988 0.19141173892285615 0.18514365066527397 0.17990271862359772 0.17545506137044978 0.17334228463162416 0.17473093634481246 0.1802262598185356 0.19028488156429307 0.20193751112511168 0.2131670435047477 0.2234641589892507 0.23219722026226672 0.23864372214145824 0.24204710273553998 0.24169410196500438 0.23766919171256842 0.23254115957042376
0.07005270353702392 0.06721115788184363 0.06735282847244022 0.0708520317791907 0.07832037575587256 0.0905293503037695 0.10849984902349015 0.13256187221048482 0.16198187623297383 0.19629100918119152 0.23420489925058244 0.2748327371102912 0.316210506048336 0.35480909572737895 0.3858624528501796 0.404720867974891 0.4094403872972433 0.39958103995445554 0.3770380345681732 0.34569069657292767 0.3102504679185311 0.27647571392325876 0.24949707794899 0.22868559745753597 0.21373196825655133 0.20348265309862967 0.1965555314666318 0.1919515186951158 0.18929944538572788 0.18915402003378967 0.19228846165127297 0.19937197365283546 0.2102422523452985 0.22105098676091253 0.23083892963311511 0.23907483193546133 0.24514018705084506 0.24837407991983007 0.24814222081550413 0.24390817582383523 0.23679242442450577 0.2307690805931864
0.06437280436840434 0.0602276597560098 0.05893275733668883 0.06075785524317996 0.06633496981456502 0.07647193144891053 0.09194055005688799 0.11313047949581322 0.1390851567796403 0.16910075380618686 0.20188791579583643 0.23629921447520735 0.270852192740295 0.3029296682206831 0.32921816053234176 0.34745325494465007 0.3556034996404063 0.35289341580481626 0.3402076522607189 0.3198156808827459 0.2946982125075466 0.2685305773288594 0.2466542913107213 0.229968668628965 0.2179299637900734 0.20940012909373878 0.20381218431334458 0.2006670903629545 0.1998459133471733 0.20166061586889827 0.2066552027735857 0.21544848122758573 0.22602763404064025 0.23544259649651128 0.24324915103690267 0.24893011975851506 0.2519277330219642 0.25169301473655975 0.24780859969776417 0.2410567916332381 0.23418036104998907 0.2287477119606922
0.059513654839561225 0.05431206226078466 0.051520714693485604 0.05165654349215791 0.0555585005703946 0.06406560076451628 0.07759735717342936 0.09640212220381947 0.11960595918023482 0.14614759778906983 0.17483649393319922 0.20429789831913803 0.23350009318743514 0.26077443194835614 0.2843816148972137 0.30217811209219403 0.3124910387110289 0.31453906632010764 0.30862167646667443 0.29600419155130775 0.27854302542546217 0.2584783837391337 0.24061229633609385 0.22654039608984516 0.2163190552872238 0.209612057601657 0.20595633181404882 0.20486606593837545 0.20607871570785746 0.2098833730661087 0.2167418779564307 0.22660335535171333 0.23582311980444567 0.24336760798330456 0.24879432492714487 0.25163540638245735 0.2518026863021875 0.24939950915719208 0.2444564649718853 0.2375169019347766 0.23139637546039296 0.2266631448507033
0.055871428275473235 0.04998037474279862 0.0455921927009557 0.043832790568378105 0.0462037753895669 0.0538717697246592 0.06628877690473756 0.08308255649149197 0.10391707102704376 0.12751830189634178 0.1528026385251525 0.1783337482266154 0.20366595993769504 0.22786212252369512 0.24936404072101534 0.2665315168859269 0.27803388710451676 0.2831152497837994 0.28173652939974136 0.27453719340908556 0.2626635100862866 0.24762168569926377 0.2334908359045869 0.22218850082910022 0.21388550341429383 0.2085027836661979 0.20587481867688442 0.20586832767201746 0.2084735695769811 0.21384819667724042 0.22230276265238924 0.23144549885993573 0.23910574048065955 0.24495686669693748 0.24873432897171374 0.25024321499171637 0.24936521128738412 0.24606204544391266 0.2403742714094857 0.23389452038377417 0.22861900757694267 0.22467163827507877
0.053891487248076325 0.04758921752752771 0.04197329014916377 0.03786272440161776 0.038454286831427986 0.04672245544714443 0.058653898543624926 0.07379616142930837 0.09230857693812455 0.11328509201792344 0.13573922782097295 0.15856891183682117 0.18103326949490897 0.20267015003053046 0.2223127443003134 0.2386789358791214 0.2506859255624567 0.2576343017830929 0.25931889857400314 0.25602901683655555 0.24843904156800367 0.23748481651419892 0.22666114169068802 0.21792062481719754 0.2115713360504774 0.20772611270143806 0.20639704824345537 0.20761289263593977 0.21148030661611172 0.2182253337756328 0.22687169142548533 0.23453428048946912 0.24075771158151507 0.24523700205100668 0.24773192837053934 0.24807169930757658 0.24615864538300616 0.2419693388453994 0.2358946444661434 0.23038563826782438 0.22601914461483893 0.22292456035328487
0.05389518298487611 0.04758712143892668 0.041848250639728996 0.036942329676954024 0.03657861665521255 0.04447236091717025 0.055233710827138564 0.06861586617071273 0.08481546021225121 0.1036860265394238 0.12397458488603828 0.1446784013404362 0.16480124837733792 0.1842571683460632 0.20223668605308473 0.217720479655375 0.22981296693574374 0.23787182611965185 0.24159366992940481 0.24103130612634052 0.2365398006165467 0.2287218553158585 0.22071851030756573 0.21438148367022147 0.20999400699009899 0.20777192507815834 0.20789637962003496 0.21050775222540125 0.21580701910384661 0.22341699319054098 0.23063235041960672 0.23679634323872348 0.24157145731713078 0.24467815344390115 0.24590015033481047 0.24508823605355465 0.242162357811547 0.237122125620505 0.23168570384470652 0.22718675538869 0.22377143113589906 0.22157943235659286
0.056230506173886016 0.05028366117519162 0.0453004210860832 0.04202428688994441 0.04228067986606131 0.04740199294804222 0.056111964766838066 0.06759459372090827 0.08167000283569774 0.09826757347378505 0.11669180906504477 0.13558915133841154 0.15396536265408403 0.17156809055402228 0.18807304295024288 0.2026489915288066 0.21454054917677853 0.22316127735769542 0.22816066390462159 0.22944839476741305 0.22717201242208498 0.22174430493101333 0.21616495146286832 0.21200831535755446 0.20956702699626967 0.20908436783113837 0.21078431673510564 0.21493576614981494 0.2213529400494011 0.22774474031517078 0.23345374290978735 0.23813161060009094 0.24147362833126335 0.24322828969935334 0.2432035208316764 0.24127039681513035 0.23736460683203084 0.23232791057064048 0.2279659947935767 0.22448928529859813 0.22205010076650875 0.2207969375947497
0.06103071269762952 0.055596443731404106 0.051472206304658444 0.049293245203768904 0.04988768814098804 0.0536284131724171 0.06051541022336553 0.07017820741557146 0.08231459229745289 0.09672244800319062 0.11314651554906348 0.13050787507620829 0.1475459920040333 0.1637104578159274 0.17890089322208147 0.19257740653059066 0.2040908489144692 0.2129061386759891 0.21865507902125236 0.22116242570434955 0.2204412354428898 0.2168578103119297 0.21339350975272064 0.2112301351049783 0.21066241973757174 0.21196582458415814 0.21541814690886818 0.22071612715029743 0.22605120409012833 0.23099252232261241 0.23523071760883163 0.23845770946169179 0.24040301226916902 0.24084419290264736 0.23961344784928576 0.2366013654180385 0.23223356700224052 0.22824006866737023 0.22493340665477754 0.222476826597335 0.22102102522045491 0.22065636173148404
0.06804431628295733 0.06308217274764835 0.05960647282986692 0.05805128689505372 0.05885241338988625 0.06219980226730293 0.06793522415293157 0.07598362471435646 0.08638624980638342 0.09887985530080616 0.11316435717567787 0.12882915011503054 0.1447420444063792 0.1600080329026241 0.17407494224858994 0.1868805188977102 0.19791032309725487 0.20667453366126085 0.2128034987274467 0.21607302697599493 0.2164093377542877 0.21432264156995331 0.2127457802176018 0.21243822089818334 0.21369695600656646 0.21681976908681078 0.22100331606914772 0.22527578596668085 0.22936274058467415 0.23297828513092778 0.23584178092698388 0.23769288183037163 0.2383036495186236 0.23748737578332965 0.23510434721003218 0.23145162482712034 0.22799454127268243 0.22503085941801607 0.2227204716522298 0.2212139538383289 0.22065688976922446 0.22065636173148404
0.07704035569472895 0.07245184462752413 0.06942213545746333 0.06824046509608653 0.06916306904723116 0.07230806790768908 0.07761102889334105 0.0848766234415796 0.09386361922308745 0.10463607747973709 0.1170397560274544 0.1306629921124632 0.14511690188444842 0.1596828268678806 0.17316983656145762 0.18516181730448986 0.19564478168585864 0.20419003361125979 0.21043469308069762 0.21412756610881845 0.21513903203750187 0.21440578450525807 0.21456555461953922 0.21603448558952407 0.21869802869641028 0.22174468984457887 0.2249649072420839 0.22814018533560473 0.2310302850442036 0.23338638551194732 0.23496479266516104 0.2355397153798833 0.23491406482415508 0.23292777308538457 0.22997480914620552 0.22714993257797345 0.22464942069542718 0.22263365211744557 0.22125652949051333 0.220667569831553 0.22065636173148404 0.22065636173148404
0.08781891409167876 0.0835189718376443 0.08079501501890883 0.07984512804166463 0.08083181490242265 0.08383050464487662 0.08880498378790629 0.0956213642649485 0.10407880374521661 0.11393017709927811 0.12488488694566953 0.13668261763666215 0.1493261288394338 0.16248902464058326 0.1755153088057237 0.18720562627056525 0.1971243057781274 0.20532780957765281 0.21148979251759925 0.21534508700394428 0.21673004218419634 0.21740986684421643 0.21871214234564484 0.22044392719394434 0.22250706575592505 0.22476698048419452 0.22705650015105971 0.2291825978721111 0.2309356237354523 0.2321001714049665 0.23246647826273506 0.2318412802648437 0.23008776415651025 0.2279136188220886 0.22577936783307775 0.2238364295237728 0.22223630767056546 0.22112884106205546 0.22066226132823444 0.22065636173148404 0.22065636173148404 0.22065636173148404
0.10017899459109406 0.09611537329811545 0.09360986260595805 0.09280489732478023 0.09380880750130022 0.09666753648466082 0.10134868845071147 0.10774251301321901 0.11567244136103565 0.12490406145486205 0.13514699417052095 0.14609170811727412 0.15765200659865627 0.1695077066928516 0.18122934416184114 0.19233536661253534 0.20217850449039523 0.2099416657535478 0.21565047513326616 0.21899374826890994 0.2198852432287091 0.22056035329764906 0.22156393464705343 0.22283509890830377 0.22428106066758377 0.2257788783479063 0.22717933511186314 0.228312989160901 0.22899807810066228 0.22904966278265182 0.22829069538150334 0.22700613534190872 0.22557622486005258 0.2241186019244334 0.22276158720245035 0.22164006690125249 0.2208926749324223 0.22065636173148404 0.22065636173148404 0.22065636173148404 0.22065636173148404 0.22065636173148404
0.11388176815395501 0.11003484778347593 0.10769911256889252 0.10698359365207304 0.10796320735138162 0.11066193682403216 0.11504150916360886 0.12099783050258067 0.12836263330910067 0.13690575321494472 0.1463351331205636 0.15645186450756376 0.16712929912826327 0.1779895807360352 0.18860045077061613 0.1984843364872299 0.20713259420592944 0.21402743619814554 0.21867096912619918 0.22071699657840613 0.2210621268492679 0.22157890080599282 0.22227355079124686 0.2230876837435034 0.2239357256128988 0.2247071370120673 0.22527027394191926 0.2254778821276458 0.22526902603901217 0.22480337329373834 0.2241337812376272 0.2233281521278812 0.22247326510593826 0.22167101102568454 0.2210348058625025 0.2206866316896702 0.22065636173148404 0.22065636173148404 0.22065636173148404 0.22065636173148404 0.22065636173148404 0.22065636173148404
0.12862162461669036 0.12499909588881825 0.12281236288351698 0.12215095009935695 0.12306842963804296 0.12557189857185355 0.12961361164332694 0.13508613143072715 0.14182028306076297 0.14958417715648964 0.1581123657854621 0.16734596296252735 0.17701352604461154 0.1867322830456175 0.19607216518036913 0.20456513992270828 0.21172115406459002 0.21705090535108318 0.2200947299013564 0.22065636173148404 0.22065636173148404 0.2207687452845445 0.2210538209031012 0.22141649399863103 0.2217750830611531 0.22206405303635368 0.22223650323255614 0.22226617455502004 0.22214865679747944 0.22190159731268785 0.22156387623020593 0.2211938850540889 0.2208671868224776 0.22067391921134272 0.22065636173148404 0.22065636173148404 0.22065636173148404 0.22065636173148404 0.22065636173148404 0.22065636173148404 0.22065636173148404 0.22065636173148404
0.14400731455552224 0.1406380620411022 0.1385998121881321 0.13797121720651073 0.13879201777960887 0.14105623764825503 0.14470592858363102 0.14962641423138456 0.15564307102140026 0.16251922042961603 0.170141424282239 0.17838313590360683 0.1869109429032106 0.19534380119049702 0.20325926223123464 0.21020492289472678 0.21571582939550635 0.2193378309067718 0.22065599715214124 0.22065636173148404 0.22065636173148404 0.22065636173148404 0.22065636173148404 0.22065636173148404 0.22067187195498553 0.22071776305782076 0.22075576071883118 0.2207629663925101 0.220735544078037 0.220688860343951 0.22065693081781282 0.22065636173148404 0.22065636173148404 0.22065636173148404 0.22065636173148404 0.22065636173148404 0.22065636173148404 0.22065636173148404 0.22065636173148404 0.22065636173148404 0.22065636173148404 0.22065636173148404
0.15955371624156162 0.15648172756853068 0.15460584520822895 0.1539990370866311 0.15469205172197867 0.1566688941015959 0.1598621771301319 0.1641490631727695 0.16934814672786672 0.17530249094661002 0.18198313167938965 0.18911942619360225 0.1963799850547046 0.2033904560550969 0.2097418984116841 0.21500401234304417 0.21874366104902618 0.22054843593015827 0.22065636173148404 0.22065636173148404 0.22065636173148404 0.22065636173148404 0.22065636173148404 0.22065636173148404 0.22065636173148404 0.22065636173148404 0.22065636173148404 0.22065636173148404 0.22065636173148404 0.22065636173148404 0.22065636173148404 0.22065636173148404 0.22065636173148404 0.22065636173148404 0.22065636173148404 0.22065636173148404 0.22065636173148404 0.22065636173148404 0.22065636173148404 0.22065636173148404 0.22065636173148404 0.22065636173148404
