_RESULTS/CROSS_VALIDATION_POSTPROCESSED_80-20/MHZ/TZ/9comp/1/MHZ_TZ_z_1000_kriged_reverse_9comp_spherical_1.asc
ncols 100
nrows 81
xllcorner 5.5967107548124995
yllcorner 50.982328804812504
cellsize 0.00017565037499993607
nodata_value 1.7014100000000001E+038
[rows 38 to 56 of 81, columns 43 to 85 of 100]
0.9606226133661105 1.1293406181285732 1.319734424451913 1.533002275533429 1.7769518087782425 2.0028736513519907 1.9427004010381232 1.5686468292364821 1.0377670639957755 0.5678821198526698 0.2675107741846425 0.11566426251382357 0.047512580238814786 0.019512838037721685 0.008366438454100277 0.003714300393779966 0.0017082365761419717 0.0008443242084595692 0.00046710683635003286 0.00030538329587474197 0.0002518956361591009 0.00027855102442467646 0.00042305846573364645 0.0008543216432064326 0.0021280574319502304 0.005980776757032166 0.017218246459479822 0.047907018056717834 0.12491910114299695 0.29080935261429103 0.48185268425538663 0.6270422653416913 0.7700290209278887 0.9112275231270835 1.0361003713424812 1.1235245004041015 1.1454618363166986 1.0675654259972798 0.9026258351063599 0.7616997390274217 0.666899339134219 0.6053685775144722 0.5691716280788355
0.8851986771382662 1.0479918700436959 1.2382626145270688 1.456147011243312 1.7116866612573198 2.0038930109124617 2.1010093595262456 1.8553578763779697 1.3198183114672661 0.7508828123579502 0.36808415980609027 0.16817601240680244 0.07386480408675325 0.03223227366638965 0.014811436752820102 0.007161495155040735 0.003631585601563191 0.0019985242846186444 0.0012415430854563643 0.0009077459851244983 0.0008174764810537246 0.0009415111585092675 0.0014102912307297794 0.0026975903758659184 0.0062315099813333155 0.016014454570386517 0.04136343743700879 0.09985880019708895 0.21742610223246572 0.4090891695378254 0.6331932200344415 0.8331113849696807 1.0061713448847716 1.1555933441847757 1.2704141694896995 1.322414698490051 1.2740780888628538 1.1228222606107718 0.9152185742882757 0.7642295332019744 0.6629777744398043 0.5970192813925937 0.5572959478206122
0.7793454456162906 0.9253382362332616 1.1003924857753393 1.3081393393328333 1.5534626221028207 1.8650214558955838 2.170442594593963 2.2112110666638314 1.737561383561426 0.9959140585571645 0.5074870137418991 0.2472242197403926 0.11763843818189273 0.05606210085860535 0.027856332865670196 0.01458373998174002 0.008132069011109569 0.004905598598641503 0.0033334344352118216 0.002640307300934942 0.002518236654507171 0.002972356346884389 0.004383473286768994 0.007973764336381226 0.017250867196931995 0.04168818925109963 0.09855773635256909 0.203923440719067 0.36652997662519865 0.5818731653935156 0.8175834574582467 1.041716270677812 1.2364464374227697 1.3921830978931213 1.4781128824269887 1.4632753542158168 1.3375651975910083 1.1172435075563072 0.8949975937393548 0.7443598440398396 0.6437355833202805 0.5783350224706209 0.5386392220303644
0.6567499404275954 0.7779716625281139 0.9254427034755859 1.1035430045033896 1.326969010186392 1.63519375070765 2.0400981760263797 2.319393261479876 2.0181580956203797 1.2103870140686466 0.6667372763908389 0.35444356609621186 0.1852571866458335 0.0972697929226582 0.052818794591035986 0.030005603172561544 0.018179206008821294 0.011908317658723013 0.008694844637471093 0.007298991975872882 0.007230827097354692 0.00861208478380687 0.0124169563835601 0.021510369407188666 0.04383563588901405 0.1009526412205024 0.22878293216261597 0.39456133570512747 0.5789163898280303 0.796121529741858 1.0256470420690051 1.2485580578796003 1.4421322049171097 1.5701205580753874 1.6012210870210577 1.5161135539998187 1.3197684009566808 1.0540541048399057 0.8455890600155626 0.7042548649444378 0.6108168844832873 0.5507044603108743 0.5142549619861518
0.531642298841556 0.6247568442924755 0.7389193269742353 0.8878474344896014 1.0908077378537464 1.3573713890627166 1.6996837372509752 1.9618073422844593 1.8025347097017888 1.2959131524962184 0.8150635404661648 0.4848205703223955 0.28089945188599247 0.16183686450365894 0.0954620876599267 0.05910662537247499 0.0390363211231399 0.02785092913524808 0.02164831315393926 0.018952953437233806 0.01915629453999619 0.022643438868046345 0.03148118045378886 0.05121281961310476 0.0962745515486648 0.20515540513030028 0.46473516994543235 0.6320154519680234 0.7935959298842362 0.9852804380328133 1.1904931256018507 1.391757958599928 1.557456206753147 1.6427381449998977 1.618009475088654 1.4713226872805851 1.2224265787931585 0.9616796758281199 0.7754211601537948 0.6487190032613632 0.5679052750492043 0.5170173771204928 0.4861026328095595
0.4164569235707254 0.4833114036940758 0.5719071337933398 0.6995153578368375 0.8727844464377885 1.0909084932251607 1.3490387284539465 1.5900498208161757 1.588926646457449 1.3087217120885553 0.9413199160811814 0.6270326737347451 0.3998199265559251 0.2525295235547079 0.16175130422371992 0.10903435160478667 0.07812532044422626 0.05993225693248395 0.04963157011610513 0.045246133777472226 0.04626858772137555 0.0536845730741155 0.0710261522096834 0.10647921589079223 0.17793816978908725 0.3186489201412836 0.5392020025708313 0.74024959635083 0.8966022774780671 1.047889735859754 1.2113151712655503 1.3855467810841189 1.5365798600653764 1.5982912800755267 1.529857941038563 1.340119979966659 1.0760059668040487 0.8589814743186834 0.6969560049004717 0.5838588541278612 0.5212725006517782 0.48156399961545093 0.45716058354376354
0.31912438884376115 0.36590552583600666 0.43851133944694964 0.545583811863564 0.6919353050243213 0.8736776157338311 1.0805482250039276 1.2831561734646786 1.3994664694256227 1.2965594892980856 1.043784036285258 0.7661325465122295 0.5325696642798898 0.3655289612444591 0.2545873120024985 0.18724806196067245 0.14533936758175847 0.11859461479378547 0.10252314834257854 0.09598685724847016 0.09834139359208144 0.11114112143740178 0.1389499536242493 0.1904236158295204 0.2801267116127411 0.4231056004143673 0.6012005559583735 0.758596382801179 0.8654039401437947 0.9533029043015133 1.0740063903227006 1.2423260177269138 1.3915029352062929 1.4432269648403357 1.3571011449395693 1.1476668686898361 0.9335131634468405 0.7620735959265753 0.6286799389693535 0.532708783403911 0.4815530685765637 0.44929785673757305 0.4346498346286653
0.24173144181349385 0.2765877656105393 0.3356052252184727 0.42652314393261126 0.5535238235333894 0.7129780038941398 0.8940250489490353 1.0791844211253325 1.230029476299237 1.2669081644183642 1.1236390236558333 0.8989281267664387 0.669730243720122 0.4887848339528586 0.37133320808201237 0.30094699843406264 0.25321577402889534 0.21800767315404015 0.19397658330830142 0.18190241515481678 0.183883629350503 0.20061257658495016 0.2359467369528388 0.2963455898040953 0.3896821138653863 0.5157106311559826 0.6473122509511701 0.7462433577577277 0.7862596599452135 0.7755121606829267 0.8490243832527083 1.0427887330552907 1.1864845866254443 1.2211687107002962 1.1254205562836168 0.9607619843051809 0.8061193087780055 0.6765191141331716 0.573344222249505 0.4983774595920465 0.45120691325462686 0.42688344228811076 0.420777449348385
0.18507733401279547 0.20998119413173183 0.2584567085308005 0.3390550997129596 0.4548226645089728 0.602965293453546 0.7746854465480812 0.9589100909168032 1.123655355219335 1.2192139840300857 1.1918951964577187 1.0384165186903724 0.8211736654065348 0.6091602490403275 0.5067114526547093 0.46700100050491655 0.4226878128014343 0.3777309049891717 0.3398719790225827 0.3142753078099155 0.30665712458405797 0.31855753788235247 0.3523053527173238 0.4093154916509558 0.4913886161908308 0.5874715649584261 0.6734332619278259 0.7251458961159504 0.7279715476426248 0.6921021329241005 0.7369458838593351 0.8828011292495485 0.9787486678819982 0.9783444482251987 0.9010575241173726 0.8027000914032347 0.6964261614978621 0.5996762502834033 0.5210948931681717 0.46441699076290605 0.4295228376873904 0.4137346763161941 0.41543778083080307
0.146316457054075 0.161057005649563 0.20273296884622022 0.28002884375399917 0.39150281777276064 0.5362467830652554 0.7090538761132514 0.9040713189331648 1.0865867601295585 1.214675956970278 1.2580323084838656 1.2110527408547997 1.0526434186393376 0.8388323630040492 0.7549694271440669 0.7465272020615572 0.6943269953483993 0.6244489528279266 0.5551787876467802 0.49816964248288637 0.46427961285568176 0.4544235825382696 0.4685153761253481 0.5059788610896457 0.5633684992753704 0.622748089834533 0.6686882392321568 0.6895436569266966 0.6839248864356414 0.6715627638643656 0.6948195964645986 0.751706699118867 0.779333213143265 0.7662349415205714 0.7287163575643515 0.6711679289306127 0.6023588871778541 0.5336554790942355 0.47836776028399464 0.43902403660641454 0.41574315162933295 0.4088082084976405 0.4187427601573032
0.12524605278859313 0.12855378659417904 0.1702662487363924 0.2493513887854817 0.3599775918082503 0.5063529768967007 0.6876247595310305 0.8999322722624544 1.1118829288991514 1.2892131494796526 1.397274032962816 1.4314343948676984 1.4141948043628556 1.33937128412311 1.2781186390527577 1.2278719396523101 1.1242080451920977 0.9845239936381025 0.8446469594159444 0.7237323940060018 0.6380863613401689 0.5865177615233821 0.5650077010835218 0.5693175478732326 0.5887412517704032 0.608073859210245 0.619643725435995 0.6185098950218102 0.6064071549407728 0.593455938587376 0.5913450628063209 0.599270179831293 0.6112615903997022 0.6136025613504453 0.5991058903075832 0.5692307532733141 0.5296666204828154 0.48621894257612364 0.4481808468635526 0.4226323451491202 0.4103188267130806 0.41250386140195255 0.4316439396343309
0.12153991709910429 0.13386169878729468 0.1717451502223529 0.24431452810988896 0.35274445107353475 0.5020163484170035 0.6966485943133132 0.9330879430568271 1.1909206618736492 1.4411015836546248 1.6474882058348401 1.7866435741329072 1.8865941558694426 1.9672456985779043 2.0032291010000036 1.9285820174386636 1.7316533194007486 1.4575165135652226 1.1843451442619974 0.9558753919591094 0.7909240270759452 0.6811309892675649 0.6150904586379249 0.5820372135610583 0.5629983854535334 0.5486004408628145 0.533562420549726 0.5149534043129652 0.4932325753080737 0.4714926834286597 0.4614502624151299 0.47211726402126997 0.4952822177313271 0.5105687049424499 0.5107886593212565 0.49819863557440963 0.4778346917495835 0.4536150780259769 0.42983939834099927 0.4158629336569817 0.41405026567561937 0.4262013687517068 0.4552328600925096
0.1264949954247204 0.14669398178965032 0.1865915528340925 0.25580106007321907 0.36266746824285023 0.515848511533217 0.724193822184266 0.9888607603965094 1.3029517097193621 1.6492349022320794 1.9989690140402088 2.3123936877466287 2.5763431278326414 2.799885647347725 2.897639160838912 2.772198026508538 2.4318969757496567 1.9672688181660876 1.5033821049198912 1.131293487745618 0.8734726245370518 0.7040175903268704 0.598190789672139 0.5315878503697844 0.4853263772109038 0.45020353529100204 0.4204143393994873 0.3932623440331579 0.37314179758939664 0.3627922735138961 0.3642899015593235 0.3816466924394299 0.4155358291323952 0.44285463755291715 0.4505811071200564 0.4487138459504672 0.44228299079487104 0.43315996130965184 0.42299367236941404 0.41963856210824907 0.4285061952377835 0.4521299696004686 0.4839695687842694
0.13348841865550146 0.15882605331038224 0.20257493181109568 0.2735787745681731 0.38194480977199396 0.5404633672983071 0.7622606370604321 1.0569873014626188 1.4319491773558135 1.8874779905975487 2.413259851898678 2.9775547225077625 3.5239406962476667 4.005730860796941 4.229000783520364 3.937996112300562 3.217773731883676 2.397383859877613 1.696804608372414 1.1831962624214802 0.8472535266126143 0.6390447056331744 0.5112568585745962 0.4291338240464868 0.3755853891948917 0.3392793901671795 0.3141928498287982 0.29744197824022045 0.2881347010063132 0.28662204727418433 0.2939351779532259 0.31527155834413995 0.3549150381507666 0.3944737796773717 0.4054482140820756 0.4137622185121822 0.41990193293659306 0.4243380445215121 0.42792552493567065 0.4355910883371868 0.45588944461332864 0.4857066137369275 0.5140002287131449
0.14038360794352994 0.16919444801190217 0.21611746578862412 0.28998140196751415 0.4024107040820095 0.5676230693034462 0.8013348291367653 1.1235077721756062 1.5554239859114132 2.1184344951501948 2.83009986690365 3.6921011234378076 4.672469332649371 5.649069268710851 6.256440933565146 5.708164868185875 4.259945173088308 2.8551298683604753 1.8348959912164402 1.1800220984867331 0.785145281050127 0.5526715484246625 0.4165081174267484 0.33695515360308875 0.28987825146635265 0.26122895727439593 0.24362705876868196 0.23382751024961088 0.2305334942342902 0.23356724777990204 0.24369551462991773 0.2662729017034431 0.3037408282311476 0.34117347058770875 0.36880646263898026 0.390585085485736 0.409873657102374 0.4279572469952915 0.4458087399566612 0.46466107127320877 0.4912981858934343 0.5199318434836133 0.5439056904211534
0.14603287840198967 0.17677870275548838 0.22565252095141075 0.3013973791870468 0.41636983244440334 0.5872170950115385 0.8314824584910521 1.1729145372882297 1.6466278869620055 2.292590194532418 3.155877726702062 4.284378368466062 5.725978081265913 7.472821034188076 9.161634586656414 8.288680657955345 5.3732391326261935 3.2274302361770633 1.9064642532855063 1.1439371850240738 0.714034714264671 0.47194768556942085 0.3398423978655485 0.2691490779466493 0.23075505113177697 0.20916153273309768 0.19718573257022742 0.19192095318894675 0.19222008674720928 0.19778067384130615 0.20993244599560892 0.23335610958717048 0.2700217741137045 0.30980187302329804 0.34691927782986187 0.3811740457693323 0.41397484338901014 0.4455950936067707 0.47427267883067525 0.5003429783909882 0.5284697145167758 0.5530134053961826 0.5719783233894002
0.14968654442997797 0.18098228484710416 0.23016778939494112 0.30572578832505626 0.4200556276637243 0.592043161991123 0.8413342667706176 1.1921400599978478 1.6825595613351956 2.365030388537252 3.296396532432729 4.544114707579326 6.186734568349641 8.29780965251615 10.828796099746924 9.717135121609662 5.7916789955126715 3.3114973898943343 1.8756233091615475 1.07521764206248 0.6290897583185968 0.3885650819072142 0.27120364760341387 0.2183862593080699 0.19142487171818318 0.17603692739551435 0.16799994557646036 0.16571308771164064 0.16836506991500444 0.17564850851262231 0.1902563161571444 0.21551509644487962 0.25395507590772487 0.29786513712399315 0.3427574981171523 0.3869660099886669 0.42972497199010395 0.47042949476253243 0.5083247409766887 0.539030387955963 0.5634618598381931 0.5831848356308201 0.5964125577001603
0.1510371673081693 0.18151766913873701 0.2292001894788367 0.30201978014425507 0.4118512037039854 0.5801271973432208 0.8249816514942188 1.1719680289309466 1.6530785559222458 2.3175597039544797 3.2151128529869433 4.3871070575389925 5.837294773750408 7.422016376818006 8.472478032775355 7.512813142774628 5.115792978444132 3.0684728019800844 1.7552778899880248 0.9875197964368547 0.5529994993587987 0.3144669489558839 0.21164708774470556 0.18265495383910924 0.16590961461767917 0.15510842553590776 0.1499871151981749 0.15030825985016086 0.15510988873747245 0.1646667898047835 0.1821869849818912 0.21021983192590685 0.25166076018334443 0.29932122487487883 0.349574861508324 0.4009621348963291 0.45226595124903973 0.5024080409126185 0.5458874745260294 0.5743122964596119 0.5942863067652391 0.6085313561193908 0.6154260638590764
0.15004442225352926 0.17845786386895907 0.222909743790026 0.2905038533730916 0.39326813373961783 0.5526723121704886 0.7844209835165289 1.1122521528579215 1.5637610204220478 2.1678999911455725 2.9569608591334386 3.9306732397060102 5.015121895126421 5.973896095086631 6.324643914445701 5.620252838438772 4.158912104478772 2.673642158508139 1.5918862058401015 0.9150933595047298 0.5175312154950694 0.2937930605168578 0.19698140590161023 0.17119356981637832 0.15487668487704884 0.14358743540540314 0.13872516416632447 0.14085445908810912 0.14762838288746855 0.16021301402498242 0.18078710896917208 0.2122094075221951 0.25741034721539835 0.3092758046157414 0.36523544267552116 0.4239709135077636 0.48383419151468327 0.5379113223305202 0.5795982962846861 0.6041556016755121 0.6189081869862048 0.6270261465805255 0.6271266852171358
