_RESULTS/CROSS_VALIDATION_POSTPROCESSED_CLR/Berg/GZ/4comp/3/Berg_GZ_z_1000_kriged_reverse_4comp_spherical_3.asc
ncols 100
nrows 90
xllcorner 5.6208707817415728
yllcorner 50.959635321741573
cellsize 0.00013419651685393446
nodata_value 1.7014100000000001E+038
[rows 19 to 37 of 90, columns 0 to 42 of 100]
-3.866643964622318 -3.8091739930917803 -3.735087171730311 -3.646445352588299 -3.545461456073123 -3.434540861070769 -3.316333084419232 -3.1937938846812854 -3.070254630624821 -2.949488644230062 -2.8357509503866387 -2.7337472905442537 -2.6484654496786852 -2.584796847832288 -2.546926304555482 -2.5375980267729856 -2.557520221051478 -2.6051962320388906 -2.677273998245365 -2.769228604950153 -2.876074430265301 -2.992894975637821 -3.1151380328099663 -3.23872538647277 -3.3603953217553215 -3.524285337705822 -3.757225826479224 -4.048600359017832 -4.392542526768556 -4.7833441986744045 -5.196498541346199 -5.602510877900416 -5.994063220347324 -6.363616450550376 -6.72339946353307 -7.076299001407147 -7.423795486433672 -7.7647759760190915 -8.093447821858824 -8.395695823190378 -8.643242848157875 -8.787356652360192 -8.768908774839232
-3.8425089816436393 -3.774647061667416 -3.6895703831569424 -3.589263168778427 -3.4758559420742143 -3.35167254039228 -3.219293117548366 -3.0816372658766946 -2.9420699702124637 -2.8045273133862003 -2.6736434036595864 -2.5548269596589446 -2.454180631757555 -2.378098665780452 -2.3324007584855795 -2.321088775502341 -2.3452202248150518 -2.4025723144555284 -2.4883294242413823 -2.5963322513046547 -2.720218530850434 -2.854112651919611 -2.9928900214178897 -3.1321839286376987 -3.2682816036038203 -3.430286334238259 -3.6549618483153967 -3.936462965582921 -4.268932386461677 -4.644434294966784 -5.024150844073148 -5.39403573010936 -5.751877237529207 -6.097591303813165 -6.431805448995356 -6.755236702406187 -7.068626669280132 -7.37004125706606 -7.653032330231152 -7.903777485798284 -8.097085670857133 -8.200738466863875 -8.173443811518185
-3.8182945296795583 -3.741090318380462 -3.6460473537273463 -3.5350493427370706 -3.410110457077597 -3.2734232636299914 -3.127427008826284 -2.9749050729663313 -2.81912289015397 -2.664017721584764 -2.514442316603698 -2.376428426518676 -2.257341824851585 -2.165626186099557 -2.109684296003714 -2.095724512775167 -2.1254489634004656 -2.195310089681023 -2.2980066610077765 -2.424921083546625 -2.5679279942228255 -2.7201484057084353 -2.876008051232656 -3.0310185403819387 -3.1785189065342636 -3.332267811354968 -3.5431823573243233 -3.8088638443382563 -4.12345834833746 -4.471407811704015 -4.812263047340604 -5.140224428184945 -5.452893495048431 -5.748925534508208 -6.043442796289392 -6.33003652490128 -6.602082971775959 -6.857930645435419 -7.092523057418436 -7.2958108737828935 -7.459091241167072 -7.566782140051432 -7.562054695085466
-3.795656214238361 -3.710361591937549 -3.6066172183685294 -3.486191676147644 -3.350957901150715 -3.202936026161341 -3.0443577476702286 -2.8777646484599186 -2.7061603089707456 -2.533246482019785 -2.363783774437698 -2.204108994428702 -2.0627508401592745 -1.9507601362917342 -1.8806967219624084 -1.8629647449109816 -1.9005963506537502 -1.9873609845773759 -2.1114705041633273 -2.260648170259094 -2.4247470029444784 -2.5961044472403305 -2.769027297334236 -2.9390665481747185 -3.0910668180374916 -3.2373494589335894 -3.4289930735515832 -3.67300752292099 -3.963534698633416 -4.274480059654842 -4.571923113089809 -4.853030552092446 -5.11520007910205 -5.355714093878979 -5.585842752666016 -5.814611228664439 -6.0377346568742585 -6.2430703082913155 -6.425719917634912 -6.586326932356752 -6.735208516031506 -6.859635675108869 -6.930765326688832
-3.7760631894590455 -3.6841288511175345 -3.5731915147461746 -3.4449026321594145 -3.3009852017496915 -3.1432658744827515 -2.9737253879592966 -2.7945801624090234 -2.608418466365432 -2.4184346744248058 -2.228842437596709 -2.0456083069618947 -1.8776967676263694 -1.7387873484920653 -1.6479334614672214 -1.624300648162369 -1.6741237097608819 -1.7849185324182457 -1.9363373929297456 -2.111126969072 -2.2975231646360066 -2.4878358019865887 -2.676849973984301 -2.8572149770558735 -3.010851877327987 -3.1532222207478107 -3.32012235289542 -3.536794440568036 -3.7970976017399307 -4.06461494270353 -4.314920767398308 -4.54523477070079 -4.752728182196179 -4.934471029704545 -5.096957399820681 -5.254129306590645 -5.403770972155595 -5.542512828072506 -5.667907140706078 -5.791755918621084 -5.909448915601608 -6.010815890077865 -6.081184163275191
-3.760746781047277 -3.663804701381398 -3.5474100073677293 -3.4131105418381313 -3.262492470260643 -3.097198653357796 -2.9189585239898643 -2.7296386540025086 -2.5313323815519455 -2.3265273484123337 -2.1184381669989114 -1.9117114200712613 -1.7140090375768495 -1.5395835922473102 -1.4156382071496263 -1.3813266594761338 -1.4525177485439809 -1.5990602111187502 -1.7842754711592668 -1.9864572643294984 -2.194358689678978 -2.401692503130431 -2.6044544433567065 -2.789186479113444 -2.9427767162502807 -3.0819443691166937 -3.224682189499693 -3.4085940038418086 -3.6320534454187268 -3.853072881663055 -4.053446216862377 -4.230127905663815 -4.380026053524791 -4.500003601437247 -4.593556054078721 -4.677066305554649 -4.749700776976421 -4.809044649299483 -4.868469965667784 -4.935995936482689 -4.998089495845244 -5.030830496042484 -5.000523106754341
-3.750651447345323 -3.650482012133189 -3.5305549357492882 -3.392343663870691 -3.237333995518277 -3.067030261483893 -2.8829656038669853 -2.686719906328996 -2.479952899397342 -2.264469696708611 -2.042362364045183 -1.8163519419382719 -1.5907452608653734 -1.3746738516311394 -1.1953677044959075 -1.1361644951538223 -1.2528829204362038 -1.4512433050766758 -1.6724671214861373 -1.8989031332139792 -2.1238737504846066 -2.343839111559921 -2.5553254272133166 -2.7399063902303826 -2.891393783487076 -3.0240183445604663 -3.1508977920288417 -3.2969917358661176 -3.478537414347688 -3.6511073664596863 -3.799771910817091 -3.9211827341661243 -4.011936638638205 -4.068625585664544 -4.093020315485165 -4.102473935237585 -4.097498068465165 -4.082258696428274 -4.080036106617436 -4.086443243398151 -4.08690923057293 -4.0554089942498 -3.975765989987908
-3.7463932292231896 -3.6448781178449248 -3.523474568279152 -3.383623133703682 -3.226753550038496 -3.0539907391420273 -2.866901170831195 -2.6672148351687244 -2.4565576001924163 -2.2364479216238657 -2.0082993450097586 -1.773433614766525 -1.533121934608451 -1.2888929380229452 -1.0442883222298196 -0.9019193161420778 -1.1329686945399877 -1.3781403055091035 -1.6213532191777809 -1.8603231756999201 -2.0934153524985972 -2.319120966641681 -2.5320750776810326 -2.7131980247629293 -2.860214999831115 -2.9831334929365836 -3.0988060778153823 -3.2105274835191375 -3.346581249665098 -3.4696503872506543 -3.5659166946323952 -3.6317013075362836 -3.663243757226157 -3.6567844940345116 -3.613231642628815 -3.550120291373104 -3.4688376149266387 -3.3889358588113385 -3.3267566321188973 -3.2782692163618306 -3.2328406464335875 -3.169243762297303 -3.0829943817908574
-3.748230720873888 -3.6472501779924933 -3.525301499063084 -3.3838627126269127 -3.224998471398213 -3.0507009102357587 -2.8628801383393716 -2.663359735132503 -2.4538819612506613 -2.2361321139003367 -2.0118046922431243 -1.7827772214832578 -1.5516274739148144 -1.3236030960989424 -1.117715803305452 -1.0387236941799292 -1.1895853254777715 -1.410744844739952 -1.6437509364026668 -1.8771053013167793 -2.1066163650815035 -2.3298121612576868 -2.5373044713805024 -2.711352645223695 -2.8512235656002067 -2.9622379562119088 -3.0637202091370273 -3.155998716281811 -3.2455437365636244 -3.31899602654917 -3.363292808829864 -3.3744251077408443 -3.348257028693122 -3.2806116289385727 -3.1722182899573665 -3.0402009150920852 -2.8894509202809546 -2.7503563733908076 -2.6315021980774933 -2.5369081282937005 -2.4657242852650074 -2.4030262042192607 -2.347550874192389
-3.753993866500415 -3.6514229589184803 -3.5279115257160036 -3.3857089862755325 -3.227024153993148 -3.0540204163209985 -2.8688193507065183 -2.6735211618986563 -2.4702577850964493 -2.261311482876176 -2.049374480844999 -1.8381428467510865 -1.6337879705319165 -1.4488932228287617 -1.312275735722634 -1.2764764183933064 -1.3657975873460413 -1.5335730693342668 -1.7337163842144583 -1.946370532817748 -2.1618648514848045 -2.3749130068550754 -2.5712431732747865 -2.7348991956110007 -2.865197218827202 -2.9633892608602515 -3.048053412483804 -3.1230279251080386 -3.1838179256135914 -3.2084956039835877 -3.202342745930455 -3.1611029326853863 -3.080309021840754 -2.955372482298226 -2.788320068517271 -2.5956228940676036 -2.3884297006707724 -2.1944408817401393 -2.0202934934048975 -1.8833360943096755 -1.8042053925829173 -1.774480415316321 -1.782981232492583
-3.7563463994039408 -3.653164191747524 -3.5298658749162666 -3.388869944474334 -3.2325859231193315 -3.0634191682534673 -2.8837910516427296 -2.696188267481155 -2.5032659269805952 -2.308050758684366 -2.1143354549490265 -1.9274454158332803 -1.7557071924112346 -1.6129506339366046 -1.5208417769894718 -1.5038339304743689 -1.5699029353879173 -1.7009125883133454 -1.8702852570666804 -2.057775335019314 -2.253009908740474 -2.45045879423246 -2.6318707900433536 -2.7826597531964365 -2.9015481206860985 -2.9877042843551105 -3.0534485184667686 -3.109411469535146 -3.152428769436707 -3.146284015801685 -3.092185816986997 -3.0020307288190233 -2.871902768798102 -2.698279029658853 -2.4838475108084443 -2.2416054582931895 -1.990836493481444 -1.748299494065141 -1.517351528619471 -1.326985143037395 -1.252289488706233 -1.2926426935873416 -1.3912519030110615
-3.7546930758895156 -3.652372014431515 -3.5308657682916476 -3.3927940310949856 -3.2408038482853434 -3.0775816681070087 -2.9058845810340355 -2.7286064571972606 -2.548904300462567 -2.3704249545593004 -2.197692587993585 -2.0367312414192185 -1.895939438152912 -1.7868860469154813 -1.7236874991063056 -1.7186381784900315 -1.7748111346475106 -1.8832025959088008 -2.028313095884158 -2.195047377270029 -2.3715331600815293 -2.550617475452973 -2.7154853556436054 -2.8520556194599855 -2.958487246782677 -3.0335143467224874 -3.080745951115733 -3.116569941720006 -3.140404979234831 -3.1233811954595456 -3.0404083214314275 -2.9080743394680484 -2.7377957931219736 -2.524052205247515 -2.2734148466259034 -1.996250999434316 -1.7175270495405428 -1.4435765895210868 -1.1691750037785376 -0.8979594670541364 -0.831073863359955 -0.9900190008363428 -1.180403532498981
-3.7479342718258724 -3.6478518989603383 -3.529732051427601 -3.396307233778852 -3.250304970257021 -3.094625068396721 -2.932540105856849 -2.7673102821187543 -2.6024736145777014 -2.4420421085998987 -2.2907859791398306 -2.15459954405073 -2.040830581564335 -1.95821484510622 -1.9157531733282296 -1.920069662394564 -1.972286235680949 -2.066993195218948 -2.194382934191441 -2.3435073056587417 -2.5044260613895157 -2.668849337659813 -2.817421683227718 -2.9395348701985475 -3.0332815932915205 -3.0970882270882374 -3.1300244281536425 -3.145144549899543 -3.1486335635034868 -3.1229234238572126 -3.0364003776185013 -2.8884128480963813 -2.6852025771319212 -2.440071693827171 -2.1656898373297397 -1.8699741612756733 -1.5819767142879568 -1.3056266713313853 -1.0405046374005447 -0.807657871002966 -0.7635512227845429 -0.926049130393718 -1.1541241240832414
-3.729952754179056 -3.6332928545881695 -3.520019922981215 -3.3930791061446604 -3.255434136270182 -3.110080415883579 -2.96007116102695 -2.808566667294792 -2.6592779814403116 -2.517021686530413 -2.3864743977621456 -2.2729350028004616 -2.182383453209854 -2.12114787215763 -2.09497701078854 -2.1075432890272032 -2.1590007024831017 -2.2455644125586445 -2.360460616330549 -2.495561164691825 -2.64276959691892 -2.7947648452666503 -2.9324842953941177 -3.040983030548505 -3.1225303132399356 -3.175577476286045 -3.1988296653025228 -3.1950254214538654 -3.178956342211939 -3.1473407882364612 -3.0621390035074043 -2.916906271198941 -2.7117763865745355 -2.4506480601963494 -2.163802701924396 -1.8636235340377927 -1.5827601125356066 -1.3281000611394647 -1.110054499674383 -0.9620262378414646 -0.9430158699323989 -1.0669701958220594 -1.2899658538248406
-3.6995244616485046 -3.607134857543431 -3.4995240906421348 -3.3798448239011467 -3.251287198330158 -3.1170807308801747 -2.980498865406509 -2.844872880869967 -2.713623328429633 -2.590312473031698 -2.479261469866302 -2.3861865991661504 -2.315819535715374 -2.2726240551708234 -2.2602285889879887 -2.280587928966249 -2.3332751138981527 -2.415300874934364 -2.5215924514272756 -2.645870864905853 -2.781516339940413 -2.9221645907745373 -3.0521851502570163 -3.1520334590400445 -3.222405724840545 -3.265587408461228 -3.280254912309942 -3.265783876421712 -3.234245930486084 -3.1942238592718857 -3.1139717314575845 -2.975747807175776 -2.780103924421711 -2.536766051035305 -2.2630191281091254 -1.9708442657183607 -1.7061677432484577 -1.4811410481710117 -1.3081295460354503 -1.209732370026951 -1.2132208745584077 -1.3315574552057652 -1.547243600090122
-3.656435244524516 -3.5689486773874197 -3.46755022257232 -3.3555890208038512 -3.2364700455265165 -3.113641379652166 -2.9905698465832504 -2.8707091369013806 -2.7574693095041147 -2.6541957771649827 -2.5641539985705255 -2.49053434273097 -2.438135013945501 -2.4108325677443196 -2.4107863116072403 -2.438833761757435 -2.4941352621285673 -2.5741003254183203 -2.674654005935573 -2.7907358239985465 -2.9168416398166355 -3.047458569113693 -3.1710842238961563 -3.2660854027056407 -3.328836099413417 -3.3633373352293976 -3.370574153709059 -3.353358249884474 -3.3132371367660074 -3.260717551327092 -3.1868306430291367 -3.059241212785814 -2.878028286304597 -2.660913669427215 -2.4175885826309638 -2.1601892270229324 -1.929070872032888 -1.737610866211868 -1.5991411685522134 -1.5318771357315533 -1.555609538768179 -1.6793751534892882 -1.8942281044401383
-3.6004576198518787 -3.5183156713934807 -3.423441908914656 -3.3193661411759887 -3.2096988483380455 -3.0981047716448975 -2.9882456894769778 -2.8836934062546575 -2.7878268968361253 -2.703736841258899 -2.6341554706939454 -2.581406146973171 -2.5473385885229023 -2.53463384603908 -2.546182587523015 -2.582026227369121 -2.6409899822897613 -2.7206752911431824 -2.817616547415624 -2.927574970960253 -3.04587963335576 -3.1677312872645187 -3.285617043957408 -3.377419839046823 -3.437159748493503 -3.4647936139947286 -3.4678755426047636 -3.4501115097730297 -3.4103462280482617 -3.348768739137223 -3.2745585029146858 -3.160469923125887 -3.001335620174107 -2.814384840174146 -2.6047940996443093 -2.383719742355574 -2.1914473477974163 -2.041458998164791 -1.9432662842294945 -1.9076778383851551 -1.9536841180524878 -2.0874606030384433 -2.305348020377158
-3.5314101850371875 -3.454902357481319 -3.3666698969494204 -3.2704001675081438 -3.1699013803253013 -3.069070462677039 -2.971803861477108 -2.881844153830386 -2.8025834168895143 -2.7368752159093557 -2.6869138231972447 -2.6542041226504383 -2.639588904832169 -2.643268890591164 -2.666168419402239 -2.7100520973290934 -2.773511665293076 -2.85423111040345 -2.949135922890637 -3.0545636280367168 -3.1664751551779906 -3.280660081011842 -3.3924658235775698 -3.482672987333795 -3.54108478360862 -3.566321646384096 -3.5684748163276314 -3.5501850858086175 -3.51001049498878 -3.447846860705071 -3.3649436797388663 -3.263834989397443 -3.1334896068876263 -2.979627350130497 -2.8070144775046852 -2.62422692485772 -2.469470425545408 -2.356842197287285 -2.292220813555 -2.2846259525698103 -2.351656706253823 -2.496458562957879 -2.716826135849291
-3.4492093799984294 -3.3785292599359957 -3.2969183877458925 -3.2081834423792754 -3.116316061901911 -3.0254751331855103 -2.9398769988701505 -2.8635626685334095 -2.8000634370391007 -2.7520659697610004 -2.7212186820841673 -2.7081558704019324 -2.7126814030378856 -2.7339736160988233 -2.770706725690918 -2.822973427534927 -2.891592967050273 -2.974307690077431 -3.0683178480756768 -3.1703910344111312 -3.276984826932247 -3.384379200205995 -3.4887955854474053 -3.5785725574016287 -3.636544636731787 -3.661137637724097 -3.6582466962789395 -3.635112840974573 -3.5922120021729596 -3.5296678625877207 -3.4476937697929073 -3.356717983011766 -3.2572850103302895 -3.1378229251745693 -3.0030254679730515 -2.8589272475471894 -2.7393370335589435 -2.6619417044633478 -2.6302666963450454 -2.6506403473549254 -2.7346382632710955 -2.8800741501359033 -3.089575912194051
