_RESULTS/CROSS_VALIDATION_POSTPROCESSED_CLR/Berg/GZ/4comp/3/Berg_GZ_z_63_kriged_reverse_4comp_spherical_3.asc
ncols 100
nrows 90
xllcorner 5.6208707817415728
yllcorner 50.959635321741573
cellsize 0.00013419651685393446
nodata_value 1.7014100000000001E+038
[rows 19 to 37 of 90, columns 0 to 42 of 100]
-2.5189385070180985 -2.5069192633321973 -2.491424779236554 -2.47288626953043 -2.451766543380531 -2.4285686606321497 -2.4038467400307413 -2.378218947576679 -2.3523820042176586 -2.3271250607950362 -2.3033380112773574 -2.2820050122893942 -2.264169206910564 -2.250853584501988 -2.2429333563195284 -2.2409824445502733 -2.245148963193212 -2.255119902429278 -2.2701942136443156 -2.289425558233356 -2.3117712455041666 -2.3362030411873396 -2.361768898519993 -2.3876159014087874 -2.412589819883334 -2.423077873340434 -2.4384497907106955 -2.455554431781642 -2.474665340945876 -2.4961372606997227 -2.5101829589694926 -2.5043582890143687 -2.4833249282056933 -2.4600089980702813 -2.438265802491377 -2.418580205824996 -2.401033386652909 -2.385103739608023 -2.369501111117802 -2.3522855464791346 -2.3319243125844356 -2.3100537305440225 -2.295090408082711
-2.5138909276640438 -2.499698316610569 -2.4819054187932954 -2.4609272136374334 -2.4372092778668244 -2.4112376177666293 -2.3835518455313927 -2.3547625633729248 -2.3255735226879284 -2.2968079140478994 -2.26943491274527 -2.244585695731532 -2.2235365685278574 -2.207624820795481 -2.1980675812652515 -2.1957017982932836 -2.20074863861805 -2.212743228539123 -2.230678431443595 -2.2532660935333517 -2.2791756136452412 -2.3071781691778197 -2.33620200506404 -2.3653338694142123 -2.3937972752057597 -2.429548808325788 -2.4685629687659985 -2.5110499651536977 -2.5577352309288237 -2.608345852876444 -2.6461099562554615 -2.667913962118779 -2.677414432561121 -2.680878379776241 -2.693451259894184 -2.720321858087945 -2.765486981870349 -2.833417801683079 -2.9286050763086173 -3.0538351810007507 -3.2047897115946333 -3.3596517176290925 -3.4603215281260873
-2.5088267282025547 -2.4926802745943686 -2.4728030322298187 -2.449588958736965 -2.4234592970615925 -2.3948725996431772 -2.364339009370179 -2.3324406411315217 -2.29986042632929 -2.267421801977701 -2.236139669865816 -2.2072755077165507 -2.1823697900514256 -2.1631884231112544 -2.1514887616810316 -2.148569218971022 -2.1547857770444008 -2.16939650119434 -2.1908744153747373 -2.217417239933802 -2.247325640136706 -2.2791609477049626 -2.3117573630234913 -2.3441761861642996 -2.373123140511014 -2.4260887586326403 -2.4873975230774086 -2.5536426038473845 -2.6259510784621143 -2.7004507140946794 -2.760164181842808 -2.8073146663369113 -2.846604623035551 -2.883757773576901 -2.929063963795933 -2.9960723131474296 -3.0954084248332214 -3.2359396971670256 -3.4277173383023403 -3.6801374108192038 -3.998087127961582 -4.356893203135286 -4.627164183002897
-2.504092161216011 -2.486253682733632 -2.4645566316692458 -2.4393708885861725 -2.4110881584409434 -2.380130930884366 -2.3469659419046445 -2.3121247369680127 -2.2762354835205447 -2.24007236446139 -2.2046310109361063 -2.171236700128056 -2.141673120089562 -2.1182514352602198 -2.1035984046798424 -2.0998899470708015 -2.107760203966155 -2.1259061200101863 -2.151862328442458 -2.1830612776249243 -2.2173808327959126 -2.2532184506950337 -2.2893834568501954 -2.3248505577765184 -2.3484483511213856 -2.410082062127647 -2.491773504493131 -2.579474407390441 -2.674618302037641 -2.768041158691879 -2.8468108707991373 -2.91541113287242 -2.9792635052941225 -3.0447829513673015 -3.1226014020421804 -3.224497694046837 -3.3622530820250836 -3.5525374674964576 -3.8098465594631703 -4.151531150220929 -4.598587242908007 -5.154602899569685 -5.7369125150802684
-2.499994484932295 -2.480767379259528 -2.4575659952288484 -2.4307357167210113 -2.4006368908355 -2.367651542523811 -2.332193922346141 -2.294727571420423 -2.255793799049586 -2.2160606752826393 -2.176409441173698 -2.138087938499843 -2.102970995595565 -2.0739195429085817 -2.0549184023323677 -2.0499758465153084 -2.0603958189388525 -2.0835673977162554 -2.1152350692786452 -2.151790481669834 -2.190773297163625 -2.2305751955099233 -2.2701055334033717 -2.305125866275911 -2.3213089726367278 -2.379309058291049 -2.4789896193156684 -2.585306009146308 -2.699702484568916 -2.8076805685246082 -2.9017403819185237 -2.9867523507484073 -3.0684257295500195 -3.1535173471119156 -3.252077415530047 -3.3772996102236332 -3.540798184912225 -3.755795047787059 -4.037702573954388 -4.41084897544143 -4.888589106349416 -5.471870858005278 -6.082249513555981
-2.496791218248997 -2.4765167958351486 -2.452174062511314 -2.4240867334227896 -2.3925865384935454 -2.3580170648672665 -2.32074000534513 -2.281145733913284 -2.239672050360832 -2.196839218956071 -2.153319542276255 -2.110084804524618 -2.0687374182427134 -2.0322581600039458 -2.0063362785838326 -1.999160377121814 -2.0140492490836923 -2.044697073001302 -2.083432908177267 -2.1257171163689157 -2.169197525830987 -2.212559225199075 -2.254964765081943 -2.2856125506345237 -2.294011786428125 -2.338920534555741 -2.4469197894309014 -2.5686590228285753 -2.6978540073462147 -2.8170662167397817 -2.9222218082196987 -3.018083523025425 -3.110188090481936 -3.205023548469437 -3.311605329456813 -3.4429114207593514 -3.609535967636968 -3.822475682579781 -4.097975838072376 -4.446633984623997 -4.859810266029793 -5.292267268440431 -5.572739028506452
-2.4946798847539093 -2.4737304946701886 -2.4486490005053643 -2.419743558017646 -2.387324906537917 -2.3517076611232373 -2.3132124624143984 -2.2721697265612084 -2.2289265688506577 -2.1838605099270385 -2.1374090834757755 -2.0901413666749677 -2.042958088090229 -1.997769011917435 -1.9602690059246837 -1.947887273671836 -1.972297712005841 -2.0137827125570613 -2.060049360821142 -2.107406085241547 -2.1544563377322112 -2.200459793220547 -2.2438998803063246 -2.2684750765174533 -2.2695291585980604 -2.2963498634945183 -2.394049520611534 -2.527878087549157 -2.667853781655539 -2.795126727691653 -2.9072378152808547 -3.008526978994016 -3.1039430437300712 -3.1991648483249016 -3.301772921365655 -3.423419819990472 -3.5727851653701928 -3.759837403844151 -3.9990531856307276 -4.287765537356879 -4.603640979644918 -4.88894359312516 -5.009808554011668
-2.4937893229541617 -2.472558498769602 -2.4471682156756054 -2.417919750308048 -2.385106999498235 -2.348820222934355 -2.3094439291463393 -2.2674711117674478 -2.2233242008024234 -2.1773519348027492 -2.129828939382224 -2.0809591067819997 -2.030886386275254 -1.979828830692392 -1.9286723326880153 -1.8988973435603644 -1.9472189053861717 -1.9984939845035607 -2.049359422559122 -2.0993374904884265 -2.148086282241902 -2.195290251643899 -2.2368826837769937 -2.255547671026277 -2.2501846754036743 -2.2553911970191067 -2.3287865314463296 -2.462107822924077 -2.6094661360605826 -2.741956461025668 -2.8573873711427007 -2.9594320117107977 -3.0521382040356606 -3.1399825787141977 -3.2288539084689947 -3.328483934341584 -3.445324764421167 -3.5919823201986625 -3.777074291800148 -3.9947592335968496 -4.222702369790879 -4.412464894249938 -4.464384984408067
-2.4941736151215714 -2.473033962077786 -2.4469884715521864 -2.4163568725548914 -2.3818477601557806 -2.3441174719823574 -2.3037615718228874 -2.261308027667606 -2.217213571712988 -2.1718656616361027 -2.1255951000021915 -2.078713210774459 -2.0316227887956826 -1.9852344765636147 -1.9432926931523353 -1.9274364236083341 -1.9590596818089416 -2.0053128829969014 -2.0540436709442265 -2.1028472966008103 -2.1508471360044625 -2.197526203219324 -2.23526695892042 -2.248218786839016 -2.2368677813811804 -2.220371846295791 -2.265055842715576 -2.37287530111615 -2.52313488821221 -2.658602034524584 -2.774579928751372 -2.873933782423518 -2.9596374974920865 -3.034755490902516 -3.1034183154094435 -3.1731472782868098 -3.249236230170341 -3.3448277785513083 -3.4655822055160512 -3.6122039248886213 -3.773441249668166 -3.9142568872031847 -3.951966927679643
-2.4944358335751526 -2.471096072635258 -2.442759742156876 -2.410234262973901 -2.3742877424488453 -2.3356397834725784 -2.294954077544876 -2.2528351884337123 -2.2098335456017457 -2.166466159092257 -2.1232693209953974 -2.0809238894218804 -2.040566664239991 -2.0046194619624123 -1.9788505152021034 -1.9739490172300158 -1.9946659605665256 -2.0308854384164237 -2.0728590037478334 -2.1173333955877944 -2.162401779302061 -2.206958573537918 -2.239779832112048 -2.247357258351848 -2.2305946583790823 -2.1960032215240126 -2.208192569405678 -2.281632482297858 -2.409792821844296 -2.546737517658428 -2.6615734877678436 -2.7562975723394914 -2.832798474618248 -2.892725364601118 -2.9367396248795803 -2.9684555340307037 -2.9950317682912964 -3.029535824689513 -3.078335284795257 -3.154637820213678 -3.2700104690563263 -3.4014411376984777 -3.4649021347311866
-2.4898988357786083 -2.464175202701526 -2.433823520985532 -2.3997210895303143 -2.362712682024684 -2.323601493849158 -2.283143054024328 -2.2420458656941635 -2.200984937735587 -2.1606388471064695 -2.1217700737578222 -2.085386803165861 -2.0530548709006897 -2.0274286529906034 -2.012748396381932 -2.0137945505965344 -2.031868915956655 -2.062789038884914 -2.1005919531036867 -2.1406325452094106 -2.1814638150878087 -2.2227511818428645 -2.250518494082264 -2.253300027202255 -2.2319034300069824 -2.1872386859027633 -2.1638139874542444 -2.199874794777259 -2.289426125268433 -2.408279907659118 -2.521428813731936 -2.611145932531434 -2.676294243183835 -2.713595601613493 -2.72617062736866 -2.718568444127173 -2.6990642382930883 -2.674285655170507 -2.647600367096122 -2.6438791202400362 -2.729179427756924 -2.892619027750143 -3.002748941082915
-2.4805401211877127 -2.452638167252271 -2.420492357328474 -2.385062161954189 -2.347283258655594 -2.308057640348872 -2.2682470055242785 -2.2286739219717617 -2.1901375133828975 -2.1534534981014932 -2.119532303509616 -2.0895112438721926 -2.0649440098710277 -2.047977303354326 -2.0412329983283977 -2.0469074384969703 -2.065236585937255 -2.0939100367176517 -2.1292475585295723 -2.16764939694238 -2.2061911333076383 -2.243655040879251 -2.2670534799669744 -2.265896186065276 -2.2408621710792613 -2.192750929368427 -2.137661792092218 -2.1341108098344703 -2.1827436365206605 -2.263250276752551 -2.356693855221444 -2.4357796091676116 -2.481553022214833 -2.4957024829769434 -2.4816153805177286 -2.4425538028232383 -2.387767788755115 -2.318028968242973 -2.2283863350947732 -2.1199288762923407 -2.1819420521488526 -2.4263516958269484 -2.570204046686344
-2.4653834026370216 -2.4356079160843835 -2.4022213122880056 -2.36611373356841 -2.3280590201000257 -2.2889513264984744 -2.2500520363481806 -2.212305526628725 -2.1766152326543873 -2.1438828845828013 -2.1150638507558868 -2.091246436176476 -2.073729915386097 -2.0640247927445334 -2.063634555103458 -2.073520204753601 -2.0934623496224543 -2.1218592439929567 -2.1561835133335827 -2.1936710614973896 -2.2317755803386317 -2.2682677362992134 -2.288568003004791 -2.284582288797837 -2.2571041278289554 -2.20687146485166 -2.1354546464782906 -2.09075701902342 -2.096794952632749 -2.137862317394397 -2.1820690728287175 -2.2237214102280984 -2.2517918444351945 -2.2471670124330028 -2.2134442926133673 -2.153923608928239 -2.0798067979536836 -1.9922264000146637 -1.8911507583140699 -1.7952558335370647 -1.8519882706413064 -2.0532740164721677 -2.184851743811567
-2.4361260906176914 -2.4047624318336522 -2.3708295990209205 -2.3352993687456043 -2.2990272399459193 -2.262744514256963 -2.2270522447885397 -2.192420441000424 -2.1597427785062076 -2.1310076732849574 -2.1071940992517035 -2.0892370524847377 -2.078104740333771 -2.0747485176269267 -2.0799314666336346 -2.0939376065239843 -2.116289897583438 -2.145677981706015 -2.180168297919751 -2.217553594210111 -2.2556473532382575 -2.2924415679806813 -2.313864126699443 -2.3084614983340446 -2.279876532687997 -2.2289505968864374 -2.156505562148727 -2.0759866216347347 -2.037321037574407 -2.0277041399724998 -2.02160269574631 -2.012628308440762 -1.9976045039313082 -1.9731066716513663 -1.9269594235551966 -1.857413289810642 -1.7786941230667879 -1.6964553642805382 -1.621606511229167 -1.5855868596883054 -1.6405663470404463 -1.7500775390197427 -1.8358377554929344
-2.3921130222792355 -2.3592216508336694 -2.324810437315816 -2.28993612707184 -2.255539836459998 -2.2224350571317406 -2.1912933434215773 -2.1626306143003076 -2.1367993046602214 -2.113991831008723 -2.095102069111627 -2.082675831890398 -2.077452123859463 -2.079920455005635 -2.0903248842980524 -2.1085180287187217 -2.1338372122370526 -2.16508464079716 -2.200639425779584 -2.238647942629749 -2.2772080072530283 -2.314494261846213 -2.3393450710418886 -2.336369223218204 -2.308092837279753 -2.2579479032546237 -2.1867929912613677 -2.0945166246932834 -2.001224650657019 -1.9372709755041178 -1.8831145476102484 -1.8265358043434181 -1.7650027207280987 -1.6978508799540175 -1.6260959742754177 -1.5504028999967925 -1.4753259928678333 -1.4064853070645522 -1.3573246686566496 -1.3497597150653502 -1.3932999623913047 -1.4486990532968997 -1.4913456772359122
-2.334360175235651 -2.2999514520602635 -2.265066546838119 -2.230848317005262 -2.198327392897161 -2.1684060501270204 -2.141833185052281 -2.1191727071212263 -2.1007725831956416 -2.08674452456516 -2.0769615003015907 -2.0711345704860555 -2.071552784352347 -2.079607079090068 -2.0951386979417013 -2.1176793889573338 -2.146406526407855 -2.180147282195544 -2.2174454668071997 -2.2566707566508812 -2.296132786618177 -2.3341704543660686 -2.3631703653140343 -2.3654699668967067 -2.3403833001348016 -2.292476512429727 -2.223972275598074 -2.1253461576632104 -1.994483030591663 -1.8742374812261982 -1.7733289679407924 -1.671980896451391 -1.5675836060168187 -1.462026461234095 -1.35593662090306 -1.2522677046516018 -1.1653105687056888 -1.1011954133708814 -1.06760033116881 -1.073054140903791 -1.0988116085807198 -1.118271542535704 -1.1252470331130955
-2.2639249484161343 -2.2279697433811387 -2.1925627281030584 -2.1589304046062905 -2.128196449970355 -2.1013637158392204 -2.079277164069696 -2.062568208060861 -2.05159127179 -2.0463722065060805 -2.0465878903564603 -2.0515834979465852 -2.060415154372126 -2.074061249574321 -2.09479982292688 -2.1219130260542607 -2.1544254693206715 -2.1911434851688854 -2.230696106824915 -2.271597512487581 -2.3123153163477443 -2.3513292456533 -2.3844634817443597 -2.393305203758744 -2.374827961656581 -2.3308594542672196 -2.2606037103430205 -2.1540750946516516 -2.014191056991745 -1.8486761538542185 -1.6980940469892043 -1.554443348478373 -1.4108903294481412 -1.2700129672650335 -1.1324820160038132 -1.0019487032755139 -0.8937077708761296 -0.8145126155290576 -0.7708083872345082 -0.7673770482348337 -0.7671657054840368 -0.7562857701153209 -0.7323966922239054
-2.1819274426979254 -2.1443753986940925 -2.108362621724758 -2.0751896080966503 -2.046073462055685 -2.0221347309300457 -2.0043496833910845 -1.9934624777596368 -1.9898720170173974 -1.9935309990105314 -2.0039011618928484 -2.019986231266739 -2.0404248583878397 -2.0635999427179623 -2.0898479777240078 -2.1218028749223308 -2.158431722385331 -2.198498792548988 -2.240678736060716 -2.2835867108675982 -2.32581416271721 -2.3659628428103203 -2.4022494096290985 -2.4187779690916296 -2.408253253875993 -2.3696520024947003 -2.293272591607792 -2.180530724168835 -2.0348108806361926 -1.859806702588328 -1.663756314093737 -1.4788087518083375 -1.2992270170938671 -1.1250098274866112 -0.9575028943143664 -0.8002960738410705 -0.6687995822362689 -0.5706324465366226 -0.5111025890210423 -0.4881789929794884 -0.4596450844420499 -0.4204062411871039 -0.37050290389910456
-2.0895700298444275 -2.050378287105909 -2.013670601905959 -1.9807977578554892 -1.9530602642357608 -1.9317151757704436 -1.917926300621209 -1.912635026223364 -1.9163656672296505 -1.929034375911854 -1.949859329011356 -1.977426548548153 -2.0098743147617206 -2.0451019886759445 -2.080926322462995 -2.1180489134387637 -2.1590738611311275 -2.202758139960559 -2.247809912194252 -2.2929270500697925 -2.3368075015727663 -2.378163553764069 -2.4157356838336392 -2.440661575298306 -2.4390179788325153 -2.402447284041026 -2.32148033182644 -2.2040499490077026 -2.053923662427172 -1.8748659163998342 -1.6710024972990154 -1.450592534084905 -1.2367313429600237 -1.0304032973861894 -0.8334563158100541 -0.6491391457311093 -0.4918452010669063 -0.37102677609579393 -0.2915778185585842 -0.24527513290627345 -0.1939442891997638 -0.1434226643630474 -0.09137014560535128
