_RESULTS/CROSS_VALIDATION_POSTPROCESSED_80-20/Berg/TZ/3comp/4/Berg_TZ_z_90_kriged_reverse_3comp_spherical_4.asc
ncols 100
nrows 90
xllcorner 5.6208707817415728
yllcorner 50.959635321741573
cellsize 0.00013419651685393446
nodata_value 1.7014100000000001E+038
[rows 38 to 56 of 90, columns 0 to 42 of 100]
1.9169159803752753 1.9391929348580497 1.9627747884824718 1.987068819354796 2.0111965689638414 2.0341703058680203 2.0548781377481924 2.0720936945357487 2.084549695510407 2.091120687524411 2.092262583706892 2.0940952154101367 2.097730683137466 2.103622988486628 2.1122856247996284 2.1241305131759063 2.138707660535811 2.1554807567701366 2.1742093763690815 2.194498443769757 2.2157671987551226 2.237214151306592 2.257714067310383 2.272345518526373 2.282692608035472 2.2920592369826602 2.3010401170722257 2.3088422294921935 2.3131206373929007 2.3150290784521728 2.3156211364855888 2.3149451839509143 2.314252701661814 2.313224350376111 2.31222213305257 2.3104626625957905 2.2954338509393306 2.2552600006716803 2.1903998792271095 2.108713496173544 2.0296768191338246 1.9520343790737908 1.8749135892371922
1.9082500099768651 1.9275423033630228 1.946654871059119 1.9663215092843467 1.9858290973831918 2.004279401952332 2.0206727995366025 2.0339356120913656 2.0430054209957995 2.0469884001420273 2.04890856634039 2.0536325125962898 2.0612229307324528 2.0719576498384344 2.0862105668338957 2.104327742889944 2.1264421229717527 2.1516270781261504 2.1794290712492996 2.2094440276086544 2.241040435459056 2.2719117291692723 2.2946230334849287 2.308297911825581 2.315939277270969 2.3224293645100156 2.3271215519786703 2.3277681179044736 2.323260284039184 2.3150848040727103 2.3041422957286075 2.2927772585754944 2.283038599694408 2.2760536623472496 2.2700539454647424 2.26538028570325 2.2559920050121773 2.2247498452535033 2.1708919133653093 2.103877870944074 2.041742234311289 1.9821966392358417 1.923786256587465
1.897997987655511 1.9147124944740228 1.9308608507695533 1.946376227648139 1.9617638558621722 1.9762464504013242 1.9888815242455546 1.9986985016473928 2.0047926542285106 2.0066691397793166 2.009916387210128 2.0170035327994515 2.027908964831579 2.0428222899035626 2.0620389210503274 2.0858667195731555 2.114549578204687 2.147747649496528 2.1843863010862505 2.224063157201451 2.2632884464185157 2.2941286677361648 2.3164360551770833 2.330137599390055 2.3368548324320937 2.3407508060356967 2.340677643540577 2.333042005382169 2.317796942165951 2.2963535370333488 2.2722920997864486 2.2492053136236905 2.229882679089721 2.2160596160988857 2.208246332131137 2.2039615560454107 2.199268840038253 2.178459247453814 2.138041080362354 2.0868691421852 2.0423182788362215 2.0014236743651965 1.9621105695931051
1.8860273274921926 1.900283741613561 1.9142220409193074 1.927415933831505 1.9394582695733908 1.9505808782224472 1.9600316104617672 1.9669061622362367 1.970428073332178 1.9710650068552258 1.9753245231421734 1.9842521714132346 1.997834319722469 2.016231612092485 2.039709609593755 2.068570904105672 2.1030901918057365 2.143387333178827 2.1883834274739398 2.2340897006342013 2.271643651863955 2.3011936986127934 2.3231334342314627 2.337412063752246 2.3456187545710017 2.3477750203486263 2.342413254511252 2.325032951301439 2.2956908621587733 2.258700769944728 2.2198081063709374 2.184090154457353 2.155050175057437 2.13461516657014 2.1232142865815087 2.1190557752513177 2.1194278767359465 2.11373942778839 2.0904664895000358 2.056755283166018 2.0303732006179014 2.0082793895237496 1.9877350763825785
1.8720298271525229 1.884017913066166 1.8961543504600613 1.9079464494504281 1.9187026948873545 1.927639710718512 1.9345024095454515 1.9389335442779032 1.9402740250392077 1.9401811988217232 1.945080882859213 1.955332095826265 1.970959349794239 1.9921312183141842 2.019116274070437 2.0522360432149442 2.0918134704149804 2.1381069178875256 2.1882642079057977 2.2308574924793274 2.265507857122751 2.293127186120635 2.3143476013426105 2.3294949639471936 2.340156742509672 2.3431842001342145 2.331928838738522 2.302766283877074 2.256660599109506 2.2012951904937514 2.145860887550801 2.0971086492361417 2.05887016568035 2.032674511500206 2.0171877528458837 2.011643525207487 2.0150568451265496 2.023447945932145 2.0204890339519066 2.0073484599072344 2.0014581182254094 1.999306952803067 1.9969936073722332
1.8554938976632211 1.8654879606139256 1.8763932872266669 1.8875122202514492 1.8978688309891305 1.9064486521473096 1.9123868254537535 1.915086793130813 1.9146174322822709 1.9139813482599057 1.919136059271151 1.9301978076851027 1.9472457444071163 1.9704761723811741 2.0001780377204073 2.0367031681430654 2.080428066806754 2.130859177412171 2.1769345127788977 2.214811703745127 2.2454009088690072 2.2698942680746472 2.2892998112138367 2.3046302159918857 2.3172232993334902 2.3214014004815198 2.307528881267796 2.2663032311015097 2.199170931802261 2.121899861579659 2.049016632153652 1.9881008759243437 1.942252680102433 1.9107074646498152 1.8925234598345466 1.8869892080249437 1.8928548288237435 1.9084643297645592 1.9256238969631099 1.9346467139021457 1.9508498120908313 1.9699928742297195 1.9846468554859968
1.8356745061551933 1.8440780226418416 1.8545856743957898 1.8660262984407237 1.876899512361976 1.885846171513458 1.8918860978253598 1.8944606347505994 1.8933849342154592 1.8924728165430706 1.8975022436053737 1.908864141042612 1.9267170589455829 1.951291693088737 1.982901070308023 2.0219251665669953 2.0687844914212032 2.1159085881161133 2.155345520806444 2.187228048542095 2.2122156953919823 2.231632218012475 2.246473308941729 2.258311216267893 2.2688876347847593 2.2743709014790197 2.265512847582695 2.214585550232495 2.1179147581166604 2.016213478121852 1.9278420614492693 1.857878189741618 1.8064537601679662 1.7716867930713156 1.752896706970238 1.74888255063318 1.7581082359574218 1.778840277071863 1.8088120885833952 1.8376569741011743 1.875805917530821 1.9192059842765352 1.9469131525183654
1.8115577980658457 1.8190075564350083 1.8304089215693327 1.843561200034749 1.8560695536323117 1.8661487208883867 1.8727747171095779 1.8755408509227953 1.8744716981561482 1.8738197854719099 1.8791816585370578 1.8908795942602485 1.9092314769143581 1.9345924605189375 1.967359804411197 2.007966937840104 2.0542687239758957 2.093574157707043 2.1250401311838787 2.1491321041500218 2.1659975407293586 2.176952065314292 2.183319591080307 2.18647009508356 2.1881551531245393 2.1882877047409264 2.185609874668485 2.134542381789433 1.9981353853732322 1.8794658262217323 1.7829864487955112 1.7091376228746342 1.6552901331638048 1.6203656355691105 1.6031915474669312 1.6021647072414074 1.6154504188981063 1.6411343867663983 1.6773244656789483 1.7208550953621449 1.7725136489916062 1.8397848321563683 1.873480616393458
1.7818181070317212 1.7894362408907232 1.8038622093172518 1.820643444709232 1.836028728930497 1.847916542646534 1.8554708442938723 1.8586068256841801 1.8576481644184768 1.8568550257729788 1.8621011554931428 1.8738141669030108 1.892350362316569 1.9180730169742317 1.951370084504922 1.9926507602056571 2.032596183659108 2.063199981687132 2.0855128606992146 2.100211111893397 2.107140786152941 2.107384512174316 2.1015657674823887 2.0896823077109024 2.074330815855646 2.053916924972555 2.020744618294304 1.9460991884376568 1.8285088408265593 1.7147461132916442 1.6202146797028498 1.5473041665286218 1.4949376923276847 1.4626625033195724 1.4491220984099558 1.452417960578074 1.4703893504447005 1.5008038581556646 1.5414212500238902 1.5898267245477895 1.6443747750265962 1.7063791183449406 1.7647265972961992
1.7447657554768448 1.7548825442304854 1.776008379330341 1.798758638251342 1.8180160030505919 1.8320135203428762 1.8405381726978107 1.8440245891572937 1.8431627209909116 1.8418103294715964 1.8464202344688665 1.8575823032780496 1.8756743627767511 1.9010515586314998 1.9340744337865317 1.973236849995227 2.0046669677435984 2.0262359598855904 2.0389207339025615 2.043425859538895 2.0393444712597626 2.0267742633436354 2.0052156406089487 1.975277345350267 1.9386415106664445 1.8924239050064375 1.8297519602516317 1.7430141422540628 1.6388207185985968 1.5366249279904867 1.4495549223245736 1.3809007021432984 1.332535452443234 1.304885420477606 1.296558221304179 1.3053414552975615 1.3286737663750832 1.3639281251188706 1.4084663429016087 1.459405734189242 1.5132769353189746 1.5759550311555723 1.644254639590153
1.6982859368380878 1.7171824756184249 1.7507448368123397 1.7809434491286011 1.803910955161561 1.8195333034479586 1.8286175107326275 1.832188950104566 1.83128045913937 1.8290143928933067 1.8324665950517998 1.842538962118051 1.8596065726895232 1.8839966738431382 1.9160235667427712 1.9498148001291564 1.9727834825994655 1.9853391789282768 1.988360747837896 1.9824545484636387 1.9660768257184293 1.9390066315135024 1.901537898433936 1.8538113228308168 1.7972631971822897 1.730200575962627 1.6499230489439063 1.5565307196729845 1.456769845518798 1.361909938921315 1.280745504608625 1.2172143391625252 1.1743808320860718 1.1527386395043244 1.1508182470175436 1.1661136717424554 1.1955520550620382 1.2360772847456472 1.284793411394813 1.3387973212537683 1.3949347704479145 1.4540597369001855 1.5256262669970861
1.639775298345356 1.6907116453408964 1.7369853183775634 1.77146182711218 1.7957440537519034 1.8114995798796127 1.8202739719429522 1.823451078964616 1.8222508307368102 1.8188740977023192 1.8206614712168 1.8291456405567255 1.844670202048225 1.867514078385567 1.897865740590973 1.9244494245142696 1.9393164098962818 1.943249588754712 1.9366169091312586 1.9192471150438033 1.8902410759780763 1.849690781123199 1.7978794022009477 1.7349194822285843 1.662438749553737 1.5806721118201084 1.4895752945542402 1.391608537312764 1.2927009373460596 1.200968143276379 1.1225661926401158 1.0624810792248538 1.024566418979161 1.0095859849758793 1.0154971202289431 1.0386618996296324 1.0751811075552016 1.121589996633675 1.1749274183853786 1.232532502510587 1.2918733409206393 1.3507628528646964 1.41713192008821
1.681708153262496 1.7057809441046554 1.7427630514524401 1.7729716639247481 1.7945767536008275 1.8084301752021945 1.8158238954712853 1.8180484071122358 1.8162794354209284 1.811858996714265 1.8115088060029287 1.8179593763568984 1.8314942440301 1.8523258588184413 1.8796613982277635 1.8991603279865301 1.9061423298848583 1.9009974574378956 1.8842466578675343 1.8561924882659675 1.8159861799085326 1.763823306399728 1.7001623350380202 1.625438924125967 1.5412557254689334 1.4496002089638824 1.3516558726674839 1.2503646633737915 1.1507142702451154 1.0590438110975975 0.9804549881682582 0.9213160144449509 0.8869405575631275 0.8786739570350522 0.893275864355759 0.9252725023438948 0.9695567952304486 1.0222450212920888 1.0804339661668925 1.1417734181263752 1.204211391746197 1.265987129523882 1.3274531964345462
1.7298848281337993 1.740001639699322 1.7615205230201756 1.782899139122716 1.7993619227844413 1.8099781752846735 1.8152394554324978 1.8160823406925062 1.8135216933941676 1.8084915776586032 1.805589831688024 1.8096040635928714 1.8206644940856533 1.8387967578103834 1.8615788745060837 1.8736241501588258 1.872588398855684 1.8590223820737872 1.83348978746785 1.7963038210210793 1.746739332830374 1.6852347183005867 1.6125100929997453 1.5293924121135578 1.4373699332583043 1.3394409605108493 1.2373982091887383 1.1339480028772793 1.033049247423934 0.9395127355880104 0.857951228551233 0.7963838546001224 0.7635724785306457 0.7626869134305178 0.7876331173740441 0.8294134946976601 0.8815360013825029 0.9401002553010934 1.0026034228984464 1.0671561132645997 1.1321414313230223 1.1961570546474558 1.2581242113392115
1.7652391951360786 1.770134505148141 1.7818653699125986 1.795022143870884 1.8058883874110854 1.8129472633359105 1.8160229314094862 1.8155707024185082 1.8122837768720608 1.806900910300266 1.8015206466612907 1.8023704744786424 1.8101290901161402 1.8247349736522553 1.8423871744324625 1.8478574556161902 1.8399644647782616 1.8193156267967237 1.7865464900622967 1.741961776792843 1.6850467088460785 1.616547591045289 1.5374542897599688 1.4489229443149485 1.3524223812237202 1.2510548612480772 1.1471768092059071 1.0430090819064144 0.9414303725883018 0.8455752011925854 0.7588242161341028 0.6898971315393082 0.6550685718789332 0.6642633568084755 0.7025966351933504 0.7546893210470975 0.8138301698985212 0.8771182745178355 0.9428768102001122 1.0097862451537427 1.0766187058809522 1.142205512866747 1.2055148851360054
1.7896745565742234 1.792116995951746 1.7982523559424952 1.805518487533891 1.8116373293667971 1.815324145694986 1.8161795388249955 1.8143600841560157 1.8103047163435328 1.8045621169849222 1.7977969436215502 1.795223252160445 1.7994588039089259 1.810351298484866 1.8232319338856062 1.823256397956658 1.809786589020192 1.783500772169611 1.7451250239676575 1.6948893264606406 1.6326124343005426 1.5593394230209783 1.4762989448046349 1.3848971383514364 1.2867667837662113 1.184339057048382 1.0806868542100687 0.9776409831940691 0.8771847204412464 0.7809079823430513 0.6898689355804513 0.6084510484755594 0.5611074900713191 0.5906026070395838 0.644752287097523 0.7049405253344396 0.7684784908703058 0.834371556268141 0.9018315880364743 0.9700113316320051 1.0379579298659267 1.104637469862299 1.1689897399081388
1.8051322244663763 1.806281226025432 1.809192215504288 1.8126105941805697 1.8152478365635711 1.8162329534322823 1.8152013321476719 1.8121854913713806 1.8074649571635488 1.801444087821474 1.7945708527633262 1.7888086340945835 1.7893729329110395 1.7964440096024528 1.8052040346248361 1.800982262071139 1.7832681702339679 1.7528173027662717 1.7104522991048305 1.6562071018805307 1.5904225556105762 1.5143644040067838 1.429457384302474 1.3372917318277568 1.2396349036781682 1.138481437907073 1.0369096887916491 0.9370147226528647 0.8403703331557204 0.7480076150819926 0.660271861137703 0.5792199929831667 0.5247217446780933 0.5653578251251803 0.622140636742302 0.682752123842328 0.7461795041915754 0.8118708964237109 0.8792278755097962 0.9475251317057877 1.0159030164777505 1.0833850566669978 1.1489014800503035
1.8134341814408876 1.8138640302496865 1.8148985193519163 1.8159115873110774 1.8162051488831512 1.8152575089910552 1.812823153671434 1.8089136419771608 1.8037268202052776 1.7975716996197082 1.7908090517813342 1.7838290722507095 1.7806315952336247 1.7838346630388215 1.7892002680435473 1.7819528003190848 1.7613232513418027 1.7281432335513245 1.683243903311642 1.6265275586452281 1.5588942396088457 1.4817661740092014 1.3967221495924282 1.3054877408081518 1.2099257304880535 1.1120198989481411 1.0141202494971255 0.9191098082779388 0.828734875396683 0.7444960431238207 0.6682529211545241 0.6066287684180366 0.5765874729854706 0.5916144201007609 0.6334287150513455 0.6865087118270898 0.745541222559287 0.8084664409922325 0.8741069947388633 0.9415117178383934 1.0097529935658922 1.0778657331906771 1.144840467847712
1.816203646470156 1.8162283590006731 1.8161793393066104 1.8157466660728083 1.8145704607604105 1.8123718311361374 1.809023992720516 1.8045605398259525 1.7991454418297188 1.7930303449622982 1.786514840678107 1.7799159135597824 1.7740265514422655 1.7733566765281192 1.7759219371275539 1.7668508709908077 1.7445897403853101 1.7100386597919448 1.6638343844447137 1.60605940490993 1.538019048425674 1.461259604708289 1.3774757761695615 1.2884908324989865 1.1962376180386436 1.1027397664533007 1.0100971487522896 0.9209897678414825 0.838100091891396 0.7634865295505157 0.6997020898796877 0.6527558329262652 0.6307736792812325 0.6374629365434792 0.6669096754515834 0.7107209809368609 0.7634600060643222 0.8221563189101092 0.8850409954888875 0.9508568716970234 1.0185529383931458 1.08716379135925 1.1556809661881655
