_RESULTS/CROSS_VALIDATION_POSTPROCESSED_80-20/Berg/TZ/3comp/4/Berg_TZ_z_0_kriged_reverse_3comp_spherical_4.asc
ncols 100
nrows 90
xllcorner 5.6208707817415728
yllcorner 50.959635321741573
cellsize 0.00013419651685393446
nodata_value 1.7014100000000001E+038
[rows 36 to 53 of 90, columns 41 to 81 of 100]
0.035229263792036995 0.01728899830143763 0.008280225411996339 0.004002225992072963 0.0019942318566287575 0.0010320675449128896 0.0005380177000147943 0.0002691514945648295 0.00013245024330473657 6.718225977635685e-05 3.796178823867117e-05 2.7224722188689864e-05 2.9421007106352614e-05 5.116398006648488e-05 0.00012175050929437491 0.0003053599154550214 0.0006418501967977669 0.0010114126015581895 0.0011808183327563454 0.001103450280924125 0.0009001574994224454 0.0006922452738527062 0.0005321782925785508 0.00042722965346231003 0.000372019727007962 0.0003555244762782135 0.0003697416271735466 0.0004100169041459251 0.00047305602597764497 0.0005541716385527407 0.0006443220075841334 0.0007455432273768227 0.0009624532847960468 0.0013998780924594427 0.0023329529690310703 0.004275529676414882 0.007647814043427149 0.013239257898156127 0.02228852144509783 0.03594397768794837 0.05468968835089797
0.04088459132198599 0.021026986241728066 0.010663524073750494 0.0054357239364276905 0.00287791917634569 0.0015832682162936602 0.0008693770707221092 0.00046712646163656556 0.0002550593272274008 0.0001492750607290704 0.00010085628596804804 8.649169334086925e-05 0.00010294347652881797 0.00017369047630473407 0.00037427686051881863 0.0008075345273330538 0.0013523620821322805 0.0015426516642450777 0.0012742502933086363 0.0008715409340794214 0.0005489610059586295 0.0003432124941902961 0.00022477276844809501 0.00016315729068189035 0.00013644158195609999 0.00013171192828760538 0.00014294789136643367 0.00016799695432375203 0.00020630378478467327 0.0002569354523291694 0.00031655213640011 0.00039343663830042553 0.0005491351535328822 0.000860024572586096 0.0015380547374435581 0.0030728044623642035 0.0059284371865447735 0.010819381447608882 0.01904034011478416 0.03204376299328042 0.05075035369616642
0.05077213438783189 0.027862288753794394 0.015004229014254576 0.008191249837387865 0.00459131247320693 0.002646948472887267 0.0015264499360604351 0.0008779162203207153 0.0005247530298552177 0.0003432768339935495 0.00026173831519047075 0.0002490548586328487 0.0003125038530394267 0.0005224964797756339 0.001083441041703819 0.002282019319846144 0.0032868672031376744 0.002485138884178466 0.0013392431307497508 0.0006471586869170678 0.00030878004475902817 0.00015298195044342034 8.345140961637036e-05 5.3930101747672584e-05 4.349474159920071e-05 4.329473340162006e-05 5.012368904729785e-05 6.336754594834013e-05 8.3461049789905e-05 0.00011080835310040765 0.0001446602041799042 0.00019528845441057975 0.0002968896730664598 0.0005121343805196023 0.0010168964182174125 0.002175237673806515 0.0044940887718175095 0.008726952809849035 0.015975057705097433 0.027918631317732513 0.045762164145044915
0.06289293506208966 0.038075420427624684 0.022475276261645943 0.013191544882754893 0.007852357479870538 0.004697610953791177 0.0028207896908577896 0.001712120885641484 0.001092888783982025 0.0007681717131091467 0.0006256327682346542 0.0006206546065381536 0.0007793418223924738 0.0012552976932978144 0.002496962735344066 0.005760099175237988 0.008761123968053787 0.0033643943274812666 0.0011614405331412162 0.0004130669060397968 0.00015294862270109465 6.048623471586706e-05 2.702493658272054e-05 1.5217658923273942e-05 1.2048815699905156e-05 1.2936989910062105e-05 1.650843261638309e-05 2.2764307305019215e-05 3.2238409631872915e-05 4.5508702054054626e-05 6.310669341008054e-05 9.491502468926486e-05 0.00016235244937109371 0.000314882456267559 0.0006754611991404109 0.0015384511531797607 0.003374108123672366 0.006947119569708203 0.01325204332417916 0.02394366435012229 0.040428676986008855
0.07647390209545646 0.0511214656625147 0.03349872906267605 0.021832394965151734 0.013910493165488166 0.00866127148264563 0.005347995263553124 0.003361713855669902 0.002228958902877349 0.0016189405987863956 0.0013388385120334015 0.0013064355841050678 0.0015437069411323578 0.002192352439023097 0.0036248011973399087 0.0064657860208246435 0.007153873206204673 0.002509040042650066 0.0007287773701405414 0.00021626634943095385 6.691931741894263e-05 2.2008037890624137e-05 7.97288842435818e-06 3.6667316948692235e-06 2.9779927665227374e-06 3.7647867779502983e-06 5.453817816044338e-06 8.22914613268734e-06 1.2530696940057357e-05 1.893991353237901e-05 2.873242927841765e-05 4.8792553159078326e-05 9.40414476014879e-05 0.00019913511695562156 0.0004548050205028088 0.0011002292244016631 0.0025391949776755506 0.005485759609893389 0.010915688964587784 0.02029449087697163 0.03527266489973927
0.09043199594764965 0.06666123703433326 0.048180993878827995 0.034584560882849426 0.024131863553825215 0.01608792207138214 0.010209910073021274 0.006515963988660025 0.004367269207500865 0.003166984507782436 0.0025550031342534123 0.002344491072805579 0.0024631805062393184 0.0028574240023033887 0.0034784089694141307 0.0038153805420408026 0.0027926444209635773 0.0011677940843847182 0.0003601802616065125 0.00010253881455974404 2.929619391248878e-05 8.738857864425433e-06 2.7561815387855893e-06 9.230063289138532e-07 8.615004049021489e-07 1.3305420365604523e-06 2.10220664655827e-06 3.361144946743026e-06 5.386384420699672e-06 8.561616480989079e-06 1.4337370834984997e-05 2.7310341449274912e-05 5.7527261372635754e-05 0.00012990531594101503 0.00031455214404531323 0.0008013696655284764 0.001936021808554467 0.004336884211043309 0.00892637565986558 0.016903418803079776 0.030256588905884996
0.10285900200083314 0.0832903583699318 0.06568401174893863 0.05107673630091907 0.03864450197169496 0.028268281166564938 0.018966738036390266 0.01230674554726664 0.00817431583308862 0.0057811011054171016 0.004431772762757678 0.0037248349642178295 0.0033880421856030706 0.003179248609187292 0.0028763315203887436 0.0022266021667139532 0.001284921404920585 0.0005241866826932204 0.00016727974604030212 4.8220638079405945e-05 1.3816257028274059e-05 4.221047997617456e-06 1.4468822035960626e-06 6.370340768691955e-07 5.265765724295532e-07 6.964180182905826e-07 1.0481258823818567e-06 1.6481620382958943e-06 2.645045678397888e-06 4.344912928369812e-06 8.034943545004384e-06 1.6524137159848176e-05 3.6934952345813506e-05 8.858865111092406e-05 0.0002265165689831427 0.0006011652463405821 0.0015028957616925764 0.0034663702562018218 0.007262582905996804 0.013759169581647543 0.024084447629235357
0.11129943711728547 0.09801791757540233 0.08290775349492979 0.06885977650138239 0.05603358559192797 0.04469486934527769 0.032559469813046145 0.021968747027090244 0.014686634026078053 0.010014090506407027 0.007240507856200416 0.005576694819715972 0.00440284513044542 0.0034017222750950893 0.0024157400744307493 0.0014616536359707973 0.0007040934223545003 0.0002657586880914144 8.337775047525116e-05 2.4176410563420155e-05 7.18088095393054e-06 2.4177486448136133e-06 9.938925856339042e-07 5.463176728419499e-07 4.416944488142899e-07 4.961938359427472e-07 6.674455888845753e-07 9.811127987309467e-07 1.5161075233451423e-06 2.5717365917354793e-06 4.954206110939378e-06 1.068160630588236e-05 2.5215604073105317e-05 6.39899795696849e-05 0.00017223919013646907 0.000469891138815537 0.001199985454365987 0.002815699724641435 0.005962069542003367 0.011207462519794629 0.0192188661388762
0.11410989512986161 0.10596385721756865 0.09406757399777664 0.08309193048642692 0.07272599235932078 0.06290093205797091 0.05002976041273213 0.035767050318253016 0.024430377299455658 0.016750243354132274 0.011654811315810249 0.00825808204312145 0.005735864064305813 0.003740542382791333 0.002197962749516559 0.0011104284847446794 0.00046501634793869604 0.00016071690111213016 4.783740877249741e-05 1.3444079973432668e-05 4.055788522713715e-06 1.52834167629553e-06 7.589312455550761e-07 4.897700245718736e-07 4.080106813724839e-07 4.2377822908528064e-07 5.147978744695898e-07 6.924158298970796e-07 1.010234045184609e-06 1.7124352915633698e-06 3.3583982931221497e-06 7.482996831066938e-06 1.8531739434030833e-05 4.96082954357889e-05 0.00014011525508815715 0.0003870811111200445 0.0009971312179114064 0.0023505133728869594 0.0049785188200703176 0.009304584579641534 0.015673011543023654
0.10288698225744783 0.09617968721507034 0.09175913740215039 0.08806131280522599 0.08385633096279016 0.07871174049893623 0.06837339536981715 0.05288691767531739 0.03752916104884892 0.026141013229946462 0.018075108908547688 0.012181214257718207 0.007639887840916817 0.0043733677739662405 0.002239419249013277 0.0009960671317790649 0.0003762798819674678 0.00012037784527442611 3.346737109229853e-05 8.647746300234385e-06 2.4296187202920097e-06 1.02870309281609e-06 6.44578437906571e-07 4.861403164867467e-07 4.227654713016516e-07 4.177232853336249e-07 4.5576272356660753e-07 5.415160849449479e-07 7.54568852549255e-07 1.2634884521329066e-06 2.5174163442643253e-06 5.800200522182375e-06 1.4941481835697941e-05 4.186054034565509e-05 0.00012274480567944754 0.0003397109468870573 0.0008716950440431366 0.0020394845871968287 0.004274487427406158 0.007886305570876275 0.013051584269027928
0.05716289540773345 0.06703579124008277 0.07453879360389087 0.0805505417553024 0.08494737581696314 0.08706908605574458 0.08268549702995498 0.07000961874835944 0.05293709822719675 0.03762905492488801 0.02588319051455666 0.01685679181150417 0.010034921776593387 0.005385291421871707 0.002560930066115758 0.001060898305950813 0.0003784651026276533 0.00011616334403508301 3.106267348314132e-05 7.409186406212486e-06 1.6322128649131766e-06 8.183557179873484e-07 6.866469410421748e-07 5.742496621001573e-07 4.968873471709975e-07 4.5225524756590564e-07 4.3508512381117693e-07 4.7566303886805426e-07 6.257893993803646e-07 1.0276867416452659e-06 2.0965798989619005e-06 5.040208327801567e-06 1.3538157057676809e-05 3.927643868926075e-05 0.00011659414266684157 0.0003207135132963159 0.0008089369643023672 0.0018552240589432573 0.0038042697131030413 0.0068614633351089666 0.011082027765586344
0.029890234254643627 0.04038119365088669 0.05229387728151073 0.06446063433119797 0.0760189422829482 0.08542530845738472 0.0892675490760163 0.08319432361864294 0.06793844718141896 0.04946228733568982 0.034161964533888596 0.021958467022468755 0.01276605770950332 0.006655106136397236 0.0030788484714261407 0.0012523667608039578 0.000445895307636286 0.0001395318373052626 3.903275879944259e-05 1.0139293600596577e-05 2.781771622836785e-06 1.352864289811275e-06 1.022552749927394e-06 8.14028561896489e-07 6.565551467006824e-07 5.390982255874688e-07 4.790138052069193e-07 4.806843376684043e-07 5.753720860358502e-07 9.187976588807196e-07 1.9736993758888325e-06 5.0286468862127565e-06 1.4072483912245256e-05 4.185113342773176e-05 0.0001214938670388406 0.00032758992356553577 0.0008020197214421715 0.0017792087295469747 0.0035268120087545655 0.006150451497612586 0.009624059802366412
0.015014929726765597 0.022584968367262148 0.033270380800338326 0.04650799363368292 0.06135067828261341 0.07594216160895405 0.08657929519514633 0.08827611969073017 0.07766836570876247 0.05918216934351955 0.04166791340787315 0.02700493904167491 0.015743276178733268 0.008222668604579044 0.0038308095612727446 0.0015883352084737172 0.0005879817038421954 0.00019695328648617559 6.162098769518894e-05 1.91872726045262e-05 6.739348423676556e-06 3.1824998229645313e-06 1.968079152881018e-06 1.3641528713087918e-06 9.855811130651774e-07 7.651946092169713e-07 6.449240401722843e-07 5.915497832510072e-07 6.04702006900377e-07 9.197488353608106e-07 2.2293000512596294e-06 6.0092865290718885e-06 1.7205275892049378e-05 5.053648246444586e-05 0.00014032634006347293 0.0003617800536054938 0.000852132306257049 0.0018032470996103122 0.003412378276344884 0.005689761156615551 0.008561909370290458
0.007954002165467499 0.012308560667704391 0.019780734481832644 0.030937651003283148 0.045244163039227105 0.0611580284623095 0.0751628383679259 0.08326487713396444 0.07928961200396162 0.06438143814295043 0.0468744659099401 0.031248377613198815 0.018698801970187848 0.010045284134394266 0.004848528053514279 0.002110342069532632 0.0008364375972654751 0.0003081263093518426 0.00010957844948403621 3.973044685354031e-05 1.5814750126140702e-05 7.43675978354723e-06 4.113191342520077e-06 2.556633643289374e-06 1.7656715263542833e-06 1.3349806398085411e-06 1.0971473748839976e-06 9.801655702726e-07 9.742491663842812e-07 1.4422641951460606e-06 3.4127208547652354e-06 8.986928181772022e-06 2.5114876203267548e-05 6.902022689314448e-05 0.00017911475374550416 0.0004330989258090243 0.0009636808261928748 0.0019294050890842737 0.00344239942397148 0.005431313794489974 0.007802978729603026
0.004514740161744799 0.00713680627078253 0.011614128377453289 0.01911490906131141 0.030561127056264865 0.044761566296407 0.05903751448287442 0.07003849413895895 0.07239698680010048 0.06330424713848687 0.048344927631620405 0.03373161685312288 0.02112867132314844 0.011924384204430866 0.006093033806387376 0.00284132025363512 0.0012258055812706362 0.0005004364798341355 0.00020016850011172192 8.109935490286032e-05 3.477907101126242e-05 1.6472133021213088e-05 8.924841358267053e-06 5.475387926687292e-06 3.731387069475088e-06 2.801430229362555e-06 2.3222290432597503e-06 2.160247654842735e-06 2.3877050196979815e-06 3.523731469057951e-06 7.0248901473065194e-06 1.6696193627271203e-05 4.237640124092429e-05 0.00010523485430396095 0.00024973457492597894 0.0005567477572979647 0.0011493201113792048 0.002162374159224077 0.003606609305894123 0.0053388920806718785 0.0073006295059336946
0.002707341303817746 0.0045034241865437455 0.007360811151826809 0.012291198462264768 0.020026146726241846 0.030350932149257652 0.04226635932573732 0.05308206595946081 0.059057895685743704 0.05579805342494718 0.04529571536268238 0.03354248796238763 0.022338145120359566 0.013458180115515729 0.007391759677539388 0.0037398432966782285 0.001769077827712957 0.0007990192954483806 0.00035360106797832907 0.00015704993305316469 7.340693844418757e-05 3.73028409234576e-05 2.0943027391675746e-05 1.3018827597371169e-05 8.937458530954794e-06 6.781640380507755e-06 5.755661991759785e-06 5.5900771086570295e-06 6.474753192375927e-06 9.36150909004772e-06 1.691517441622628e-05 3.578035112032628e-05 7.913106008966144e-05 0.00017449146752329312 0.0003728906486068501 0.0007563269576137351 0.0014317031469566986 0.0024927527797481445 0.0038886765979674323 0.005383719363021175 0.007089980937747009
0.0017431043549245274 0.0030549156324291104 0.005159090209765086 0.008663221369726418 0.01414948124164848 0.021460138904050085 0.029947864964956755 0.03806549480240149 0.04361471013842631 0.04401794123168511 0.038142421313982156 0.030253280460945508 0.021669930465209042 0.014095864695845447 0.00840967512468702 0.004664666478456617 0.002448742848861903 0.0012443676331616593 0.0006240576034745248 0.00031351593848477394 0.00016232887547937272 8.877777984131928e-05 5.2194207150318283e-05 3.3357936244603836e-05 2.3366189931191396e-05 1.81022159664431e-05 1.5730021152039264e-05 1.569298781404772e-05 1.8438964085642087e-05 2.603606164451111e-05 4.376435927973756e-05 8.087351032282311e-05 0.00015627845416816936 0.00030453982253737046 0.0005816050761152458 0.0010643160153807414 0.001832096447032991 0.00291995349719291 0.0042241587825669604 0.005576237181445501 0.007156755088165051
0.0012224779114916756 0.002234072409181919 0.003940273269647341 0.00676999643072246 0.010956961519533967 0.016501912230207676 0.022943214308263554 0.029177618848313984 0.03357285048799819 0.03465195038800416 0.03155500949664705 0.026600699829593122 0.020551852950282896 0.014598430571454001 0.009637677439592053 0.005993211446569854 0.003566900570846331 0.0020673633787996835 0.001172159884122374 0.0006592143602158465 0.00037506715504762 0.0002202200214628575 0.00013601151083176698 8.991133277528694e-05 6.461245586065463e-05 5.122026232832327e-05 4.5455613102897354e-05 4.600602303456595e-05 5.409525698696631e-05 7.414111893759132e-05 0.00011268107335362549 0.00018406874713885305 0.00031372326724368933 0.0005416665051673835 0.0009229830879541128 0.0015179949479625485 0.002364290011331308 0.003429832197573144 0.004585389983872737 0.005914973495113794 0.007461870344486507
