_RESULTS/CROSS_VALIDATION_POSTPROCESSED/Berg/TZ/3comp/5/Berg_TZ_z_710_kriged_reverse_3comp_spherical_5.asc
ncols 100
nrows 90
xllcorner  5.6208707817415728
yllcorner 50.959635321741573
cellsize 0.00013419651685393446
nodata_value 1.7014100000000001E+038
[rows 36 to 53 of 90, columns 42 to 83 of 100]
0.03140773093978814 0.030845736592115952 0.030184697760343597 0.02932290875361329 0.028292136211433287 0.02653355621469468 0.023610215939660777 0.020020548609311996 0.016291947554819768 0.012817863052360363 0.009826125642635256 0.007389027471767867 0.005428433064542916 0.0038859252683118 0.002748370087915082 0.0019200271806472278 0.0012849470800607938 0.0008312556185681229 0.0005295629344189811 0.0003387000885452643 0.0002217150252080462 0.00015131191423129752 0.00010937727489458552 8.46390180163198e-05 7.037625972576698e-05 6.274318372525715e-05 5.968750308612509e-05 6.031367299061798e-05 6.456934029607657e-05 7.317881979465586e-05 8.778264857173354e-05 0.00011125371230979174 0.00014810597204624302 0.00020471953419801453 0.0002888397019775126 0.00041470489768943934 0.0006096919209904357 0.0009140457282500739 0.0013752882059812855 0.0020467413267441607 0.0028714296912040545 0.003676634120636304
0.03493710706679703 0.03423629698202545 0.03348566614134133 0.03246546174649395 0.030904265055308827 0.028112285073978484 0.024152030096131823 0.019722559613037153 0.015417356294098778 0.011624068905989587 0.00852075837430761 0.006124498534619337 0.004356008488839373 0.0030855164642258005 0.0021618496717880414 0.0014616553747188866 0.0009428981061421049 0.0005881008179702259 0.0003602920472870041 0.0002211455580224721 0.0001388443665021595 9.110562153118138e-05 6.374112852363038e-05 4.818298617982857e-05 3.942584490898887e-05 3.466249793512537e-05 3.242579393305802e-05 3.206086471904767e-05 3.344691447547506e-05 3.691269204219167e-05 4.3307411272987384e-05 5.421238176463795e-05 7.226856301152372e-05 0.00010189379840884908 0.00015171132360849657 0.00023390714239022306 0.0003658184170220214 0.0005812319107102132 0.0009256070481045693 0.0014542293117460758 0.002184491541781864 0.0029821412281798424
0.04001392822071499 0.03912849201194222 0.03814307900076566 0.036820325647797504 0.03428040880051015 0.030246661189795052 0.025128218631130884 0.019790371106483767 0.014881696727091843 0.010765558508112293 0.007552702060568214 0.005183199611322452 0.0035120377895638756 0.0023732468639569904 0.0016092872101142516 0.0010498834667570145 0.0006523302009105928 0.0003922162180557086 0.0002309801490515603 0.00013583431151169165 8.150776831251127e-05 5.11842607994852e-05 3.459747029613388e-05 2.5686713778633375e-05 2.0907292404503867e-05 1.8306164872513137e-05 1.692705618367534e-05 1.6371802765979355e-05 1.655903665889765e-05 1.76454012046487e-05 2.0059374029931083e-05 2.466026105677129e-05 3.334750999009627e-05 4.9473492515317537e-05 7.893234830205865e-05 0.00013158286706075857 0.00022233260577192982 0.0003757975697174454 0.0006342573290727848 0.001051420791557983 0.0016806886765139584 0.002452101369917637
0.04753104636295018 0.04593488204770075 0.04449975637975524 0.042408219414991635 0.038588104931960104 0.03307428828760477 0.02662222901692224 0.020261226752278167 0.014683652007657533 0.010209644720565523 0.006865691031936461 0.00450420453229538 0.00291005291504523 0.001870689195160766 0.00119387646320637 0.0007286561526478238 0.0004305790615598593 0.00024919586515342163 0.00014137451920585517 7.975885870950519e-05 4.5653612043719306e-05 2.7239789559671392e-05 1.7678189688989785e-05 1.3014316111258319e-05 1.0747399442903122e-05 9.508206243333007e-06 8.738533777175838e-06 8.251840557329035e-06 8.02573513740982e-06 8.171615442874076e-06 8.974820679339091e-06 1.0968492280689686e-05 1.5240140455658016e-05 2.397662775797431e-05 4.142627774719266e-05 7.536197504583757e-05 0.00013874379856791712 0.00025133686334172396 0.0004494003749485657 0.0007841539019798766 0.001318226048778361 0.0020547224465237326
0.05886454846714021 0.05592205157439144 0.05313532914109811 0.0495152894391743 0.04405341402959796 0.03676273171323972 0.028740409516592316 0.02119008920639005 0.014836966229326117 0.009938811014213811 0.006420143578849781 0.00403379935949159 0.0024885335654888396 0.0015232812846308309 0.0009142309884484338 0.0005216585469225777 0.0002879752486089487 0.00015681938958227173 8.496963560679253e-05 4.596726023554402e-05 2.5148705159834205e-05 1.4149419146772028e-05 8.620790917947955e-06 6.4174629661503065e-06 5.578852557457002e-06 5.0684766399469315e-06 4.659661746600184e-06 4.314142996151598e-06 4.053533914793848e-06 3.9454831402448535e-06 4.132086346981791e-06 4.9196721242811885e-06 6.987390503725261e-06 1.181238201114209e-05 2.249096290606792e-05 4.515915061063978e-05 9.092253211812461e-05 0.0001774218633523638 0.0003348793783354045 0.000611813447857709 0.001069929594396119 0.001762784721392163
0.07554536864974853 0.07045790268320029 0.06520870994054921 0.05865818930444838 0.05094683545025841 0.04151245388586604 0.03161864464376658 0.022656138077351052 0.015374935535030429 0.00995258598704683 0.006193210342432316 0.0037361156636041095 0.0022054717746626254 0.0012874091745463854 0.00072801944248746 0.0003900649655907678 0.00020209445976524223 0.0001035250230856991 5.342123454558308e-05 2.7976116253363145e-05 1.4896550610892874e-05 8.077061658438945e-06 4.442791753216912e-06 3.510835336857082e-06 3.2924476421712436e-06 3.06579095684371e-06 2.81995855227039e-06 2.5612499005317363e-06 2.3111017913326765e-06 2.1089826978135123e-06 2.0309366203523604e-06 2.257679790310261e-06 3.25433931965163e-06 6.096989685640703e-06 1.3141039241734497e-05 2.9391583800982268e-05 6.45443699693752e-05 0.00013504448806523072 0.00026706179649214613 0.0005062421836242178 0.0009128372795244345 0.0015541630850068916
0.09979412114015648 0.09113791706435295 0.08180131355942921 0.07099304662449529 0.05966236211500758 0.047556809995193856 0.03543032320647366 0.024771360832292415 0.016356635045776037 0.010270737510466924 0.006179138749921728 0.0035910722818292802 0.0020342926414176608 0.0011347838121951116 0.0006070630654468513 0.000306667477483463 0.00014962641086672905 7.241587102761305e-05 3.573852122010987e-05 1.8346045037501713e-05 9.91487391564822e-06 5.640296852577995e-06 3.5014914282999874e-06 2.698960897962714e-06 2.4252322632788864e-06 2.23205838323713e-06 2.0305036369905e-06 1.8065651002192166e-06 1.5685483912730912e-06 1.3363939016544816e-06 1.1445573622818711e-06 1.089478523079546e-06 1.5746553506430424e-06 3.5297438072020043e-06 8.827977094279498e-06 2.181863759743485e-05 5.136508013509453e-05 0.00011316358681800131 0.00023160129609766788 0.000449499515843621 0.0008260082485378352 0.0014285881768777453
0.13452630435255214 0.1197108724611655 0.10395372390600022 0.08728240184044868 0.07112620341377318 0.055183034655589214 0.04039727077734471 0.02769248769150819 0.017875855412156035 0.010938532544207489 0.006391342539243649 0.003593970694048487 0.001961624071805668 0.001049027684317809 0.0005340020609732055 0.00025532234108209355 0.00011741510028935766 5.359139948010095e-05 2.5276671242454703e-05 1.2815439442216413e-05 7.225732838640687e-06 4.530273989543891e-06 3.162341698272739e-06 2.5025224969384884e-06 2.1807391058027624e-06 1.9695310785677296e-06 1.7728243954433814e-06 1.5610221765214213e-06 1.3326399962549918e-06 1.0980263901392447e-06 8.711644393367326e-07 6.653308748032265e-07 9.393233408447953e-07 2.7162719093528326e-06 7.481338217017043e-06 1.943401626431277e-05 4.721532429331308e-05 0.00010640160619381297 0.00022094950756736383 0.0004317549494971817 0.0007974225670568304 0.001384909284241351
0.18218108660050952 0.15692667774390656 0.13221780106394662 0.10809253756855855 0.08590538054656187 0.06513502639981222 0.046806493860995516 0.03163770468380074 0.02007374206725883 0.012034829626516093 0.006866720389570289 0.003757025969901322 0.00198690109113552 0.0010242405359502506 0.00050017433867561 0.00022760276418040446 9.864505675502852e-05 4.204731867646108e-05 1.8572612660050538e-05 9.182077822994825e-06 5.485507826104242e-06 3.900251676318915e-06 3.069584830733768e-06 2.589142483907309e-06 2.2938276931000608e-06 2.077079733799252e-06 1.8771639548019122e-06 1.668770161476697e-06 1.4501407044285442e-06 1.2341384167907605e-06 1.0481654466316166e-06 9.750173196439617e-07 1.416900456068769e-06 3.3050223963076826e-06 8.477291506939576e-06 2.1306958335257236e-05 5.0813559775814246e-05 0.00011317694742205425 0.00023286291109080143 0.00044987347850978924 0.0008228918956685095 0.0014183805742602694
0.2371070880163741 0.2003007275817144 0.1661273286972762 0.1337512010303191 0.10452543796490599 0.07808718256487579 0.05514700869111774 0.03690912417034232 0.023155755234090913 0.013683573135036277 0.007672716100715681 0.004113159438590035 0.0021238983119421196 0.0010642510473268985 0.0005048441534142101 0.00022120754929133655 9.100715452208311e-05 3.5974696752329374e-05 1.4284512007912893e-05 6.4273581903740834e-06 4.172047601639737e-06 3.5903772108706945e-06 3.280235791880205e-06 3.0128280396339634e-06 2.7831869917864966e-06 2.5780936874764908e-06 2.3784469507981246e-06 2.1759258999661823e-06 1.9788869481361943e-06 1.8157290243802484e-06 1.7506655672979266e-06 1.9477692306566197e-06 2.851674831738165e-06 5.513470876892822e-06 1.2269936068936411e-05 2.8203927052019204e-05 6.34012051909765e-05 0.000135422591622577 0.00026991546747653493 0.000506872803506941 0.0009055140290886141 0.0015326428062795044
0.28490753351854425 0.24552796449935962 0.20467238816728653 0.16452900624627897 0.12769843536783668 0.09472875161120511 0.06625100830715361 0.043920113849708384 0.02741224504673655 0.016068446562785114 0.008917233943999724 0.00472229626017287 0.002404379053223711 0.0011851613240744495 0.0005558439372890326 0.00023981357064650568 9.620055368411061e-05 3.630021173937582e-05 1.303751254816984e-05 4.563819515345467e-06 3.4307887175170805e-06 3.885023239665042e-06 4.0605080982398355e-06 4.0252301944923956e-06 3.886873708548941e-06 3.7119695945946254e-06 3.5280662754537876e-06 3.3544594442417403e-06 3.222975415578669e-06 3.1961181010963577e-06 3.402003467033725e-06 4.122954164746118e-06 6.003394812623384e-06 1.0484992069103418e-05 2.0678391784365303e-05 4.2947051048481374e-05 8.921565486301362e-05 0.00017918109566893145 0.0003399748031867357 0.0006122442545467176 0.0010557127020669923 0.0017399241723626542
0.33048712695677107 0.2919318053060121 0.24760997502982907 0.2010011514317741 0.15638067575285364 0.11594317335797899 0.08091894522221718 0.053292278644402495 0.03323854965621765 0.019448174353170245 0.010760287366544469 0.005679908373692859 0.002883999686195567 0.0014190734374887107 0.0006718456143163371 0.00029447813313188283 0.00012062253700631273 4.696014589988275e-05 1.79082582241078e-05 7.515492998308107e-06 5.451442274568678e-06 5.771619361482403e-06 6.120224234583651e-06 6.258438325997924e-06 6.214971875427492e-06 6.093791970312971e-06 5.966817488471712e-06 5.893645534980393e-06 5.951847197453655e-06 6.2735465440908235e-06 7.109509555768365e-06 8.965244307787742e-06 1.289037487004146e-05 2.105997529446871e-05 3.785410577743877e-05 7.161832045394534e-05 0.00013692657462179673 0.0002561645728693143 0.0004575820164256444 0.0007829873939317785 0.0012916619049604923 0.0020615937032896323
0.3779912775888751 0.34070383098606355 0.29547199410809727 0.24413786230368995 0.19186230472574975 0.14282435501340343 0.10015063859992147 0.06591606713363592 0.0411427664263264 0.024164571721328167 0.013423110252317608 0.007125954767128453 0.0036499713983182878 0.0018198832800926865 0.000886445665012056 0.0004071591703413447 0.00017791094707693444 7.631241716416375e-05 3.4044079663771024e-05 1.7742352491868722e-05 1.2476253239897182e-05 1.1256136895411214e-05 1.1121854536640377e-05 1.1197225779233413e-05 1.1195217622034322e-05 1.1156954381064001e-05 1.1185223051908458e-05 1.139762218431848e-05 1.1958383458508134e-05 1.3139509864210369e-05 1.543178763549428e-05 1.9760859321824714e-05 2.7907180648853236e-05 4.3281567298194275e-05 7.223111234126762e-05 0.0001259159398073117 0.00022226282177438265 0.00038633823471103865 0.0006460597702670697 0.001044976258186611 0.0016427356591831566 0.0025286845379493984
0.4261048072935982 0.3913037578952556 0.3483538716309209 0.2949127089938742 0.2357026147471245 0.17705343132457657 0.12511952526132172 0.08267422794270518 0.05171270091178343 0.03062423454216627 0.017183828651959613 0.00924865205408488 0.004827967493785068 0.0024706425089848854 0.0012531680135944385 0.0006165664854061814 0.0002942561068618795 0.00014147487376484034 7.231428006484214e-05 4.216837134783081e-05 2.9676351926993842e-05 2.474270441797066e-05 2.285660013720799e-05 2.22619187981479e-05 2.2112872710216343e-05 2.218756872995831e-05 2.259257677822392e-05 2.3531023530211937e-05 2.532920267776582e-05 2.8532081301555183e-05 3.408681409419531e-05 4.3679058093493415e-05 6.0331279180883146e-05 8.940130901172737e-05 0.00014006705373324204 0.00022709862940618165 0.00037199038529638155 0.0006012950903333485 0.0009398229285159288 0.0014338398443914948 0.002149949791771975 0.0031816472928510205
0.47071996361785173 0.44078881332817366 0.40469639035024235 0.3534641357211388 0.2894990227214173 0.2207494750898445 0.15701614568067762 0.10439135179945543 0.06551213037116672 0.039215421659882906 0.022337894664203432 0.012271047987449935 0.006581747037283279 0.003488696926934271 0.0018517261503445321 0.0009846544562123203 0.0005161344044852994 0.00027581894970281427 0.00015625897334352887 9.793587057116266e-05 6.984169175712029e-05 5.633341929481976e-05 4.989327716371473e-05 4.7172589485399094e-05 4.638866183206252e-05 4.659541483470124e-05 4.785656243998572e-05 5.050611771422407e-05 5.516597037076328e-05 6.288932463635449e-05 7.544650487096647e-05 9.581936670929688e-05 0.00012900124555648328 0.00018317643494606358 0.0002711864775307888 0.00041173051078142065 0.0006288770105892464 0.0009473980139266146 0.001385661698580468 0.0019965780894337696 0.00286407221169906 0.0040681599475585195
0.5055742230262785 0.4837991534414759 0.45999981508682547 0.41794596185517746 0.35439184032220666 0.27614835534261106 0.1972496980710906 0.13134202656677121 0.08272481404917381 0.05010007109725731 0.029091111509190148 0.01640152500193739 0.009093840801501399 0.0050214050208502925 0.0027997889861645377 0.0015984668522109782 0.0009175651949702299 0.0005377572629292896 0.0003304531600434093 0.00021910409421625307 0.00015955266472016068 0.00012763163722226244 0.0001107599682376171 0.00010276039382016676 0.00010021622405535237 0.00010056033671036739 0.00010367992303938643 0.00011011454288324618 0.00012100079310129246 0.00013827599936133472 0.0001650858821261792 0.00020644252608397395 0.00027017126333693704 0.0003680762302558704 0.0005169469210948793 0.0007384241885020658 0.0010559080536166872 0.001486166538194169 0.0020407239518119473 0.0027983362646146737 0.0038434335183853627 0.005237427294936891
0.5231411491363757 0.5121505629832419 0.5051893207422569 0.48191992124987726 0.42976139421716253 0.34554421386635403 0.24654484206318722 0.1621174944638405 0.10232451205238897 0.06283573996050615 0.037363521697736254 0.02173171771881013 0.012513967782174723 0.007222254793376271 0.004234107072445538 0.0025607059181401238 0.0015998555288450707 0.0010167565856567685 0.0006695419327531106 0.00046672136499519804 0.00034906577918115375 0.000281114272934538 0.0002428223674226984 0.00022351670535212666 0.00021704836048854628 0.0002176160886094197 0.00022461815921659468 0.00023891888211350493 0.000262487346715248 0.00029865759655052347 0.00035263393552928846 0.0004322278894652204 0.0005487371789028458 0.0007176599620519365 0.0009585123813080397 0.0012924069459576792 0.0017355636047885268 0.0022873859584840854 0.002974550903946712 0.0039081274697293006 0.005145744835915221 0.006729337211244425
0.516758410227674 0.5164163529863892 0.5251711206208391 0.528843646468288 0.5078437183958681 0.43082822316558395 0.3000271079444988 0.1922580679177086 0.12113358241350242 0.07593965248526571 0.046552496868579776 0.028093776390580957 0.016872343170662316 0.010200017238570584 0.006285134293661849 0.004002603711172658 0.0026711976820897034 0.0018262956070121989 0.0012806330746097038 0.00093669068064924 0.0007229306202622778 0.0005919900800737015 0.0005147017278033931 0.00047435477072272573 0.00046078672628119017 0.00046221268592348027 0.0004770292394887465 0.0005066066246159957 0.0005541197186154859 0.0006248178890448002 0.000726506419034112 0.0008701127654881489 0.0010700479289593434 0.0013437697221966285 0.0017095264452037177 0.002180904501435989 0.002757053221221341 0.003418861086169191 0.004269956803924846 0.00538883692239408 0.00681298418055014 0.00855756288728017
