_RESULTS/CROSS_VALIDATION_POSTPROCESSED/Berg/TZ/3comp/5/Berg_TZ_z_180_kriged_reverse_3comp_spherical_5.asc
ncols 100
nrows 90
xllcorner  5.6208707817415728
yllcorner 50.959635321741573
cellsize 0.00013419651685393446
nodata_value 1.7014100000000001E+038
[rows 38 to 56 of 90, columns 44 to 87 of 100]
55.59297797752 55.66896146132015 55.69779612647767 55.70023217805337 55.70648320957903 55.70550076864757 55.68926639617757 55.6538988035142 55.60000788494899 55.53283255841055 55.46237334304443 55.40338429674595 55.37957745609947 55.46710970875937 55.708437878959685 56.1117488222443 56.67430112833175 57.358036956486046 58.10494158625386 58.841826698796154 59.49084592297355 59.99659371739663 60.35224917016387 60.58362239372329 60.71570663454061 60.762433174552434 60.73164060304818 60.63083716030293 60.470220285982144 60.26288249596236 60.01846804867501 59.74944396243964 59.46791196080892 59.18191855008965 58.89323800614002 58.60950651602528 58.34912767594225 58.11905787081049 57.938348751621135 57.91778009867613 58.04187665963932 58.28536548099926 58.62733937738259 59.04122963894171
55.29302859839552 55.360636009555094 55.35898619289983 55.33566014456158 55.30721907949982 55.26002434644135 55.18489113545462 55.07778028655756 54.93995538354475 54.778291406026156 54.6059241537493 54.44299524605576 54.332942331850084 54.36993586344223 54.58841125558354 55.01474673558743 55.66640474488642 56.505685441957965 57.45823190181893 58.42108806646237 59.26306780399402 59.87494264407117 60.272960171721955 60.536640489109594 60.70810911834089 60.79793272409767 60.80777298196034 60.73948392238048 60.59759231364061 60.393096707920336 60.1417284633346 59.861862340866544 59.57049072337506 59.27916422781855 58.991719021509184 58.706508619140344 58.44050519366174 58.20330546555965 58.00285965925461 57.91155183533846 57.965496091408255 58.1392673630165 58.41732238003171 58.776619976476475
54.94171492139731 54.991704917916366 54.961924941089656 54.90715020622423 54.8347732421544 54.72846351030205 54.57761200789739 54.377438698430225 54.128937162741295 53.8394720748945 53.52421553225793 53.20814784361916 52.9611551345091 52.897256236581114 53.06723800981996 53.506370687776226 54.245985423730446 55.273181633669665 56.49777949125868 57.79094479037566 58.950143528875806 59.670601323643346 60.07083434838714 60.371191660972286 60.60382611689287 60.75845173645074 60.82426465964307 60.79707871263219 60.679906121056625 60.48307328562503 60.22569972783427 59.93421097098049 59.63321632557707 59.33774619127441 59.05246121728093 58.77293668394009 58.50605149371303 58.26626805478524 58.06130315573535 57.91587784329133 57.89609522869248 57.99410989547613 58.20042019172611 58.49643253055956
54.54243895985632 54.57145566558038 54.5129255599871 54.42079201678548 54.294918287778515 54.116204542627386 53.87216944870654 53.55630407267211 53.16773230130467 52.71210082560026 52.20392864061544 51.670277101376186 51.21011355805818 50.957031202536584 50.990538430046286 51.38460758323291 52.19430504224347 53.42611563615483 54.98391747941136 56.6973299352936 58.411723190133344 59.193646959363754 59.6007983048517 60.00230143498955 60.34723758422411 60.60281924777172 60.75150924379857 60.787106300708814 60.71091287535649 60.53016541665177 60.266505214067045 59.962312654843664 59.654183892261244 59.35832829310509 59.07802757521529 58.80820304231793 58.54542912300974 58.30708280989511 58.101669336816016 57.938875837701985 57.84358724692545 57.86089998301799 57.9880375742343 58.21176381591893
54.10255332540762 54.11932213378671 54.0242507513704 53.88708356738269 53.698455879192366 53.43484358432444 53.08128157204675 52.62820783155523 52.07066988763896 51.40929044013362 50.653292806567165 49.82583056028729 49.049127786335305 48.47391019727761 48.21506802137348 48.40819750207725 49.187366230067106 50.61703743748479 52.5605001694325 54.708023190509344 56.642345137027704 57.90136524338164 58.7123394791324 59.373426024631016 59.91134795667226 60.31456637490007 60.57622418125482 60.69706575737296 60.68152042015288 60.53050371776312 60.25784104395482 59.94238412928562 59.6344169855107 59.344233122846646 59.072496886517555 58.813774869542776 58.55974316352709 58.326016462987425 58.12363049127344 57.962390429152066 57.81884615979688 57.75229238287606 57.793959941055505 57.93669349742076
53.63756359012025 53.650320961082556 53.51989023045639 53.32233373583981 53.06236682841208 52.70383465377402 52.22821085294505 51.62147490398963 50.872228200752986 49.97228117787707 48.91965961572231 47.724759183148166 46.5156665148691 45.449785266392446 44.663394813534886 44.36059767018143 44.82350545538241 46.330580123200846 48.78253346408222 51.6140955862182 54.148063975963844 56.05967548238926 57.44767837877799 58.49835945258535 59.301429465549035 59.89181300249695 60.28904107089155 60.5097253963228 60.56828915617489 60.46780114691256 60.19096219388128 59.87913194896346 59.58135842804003 59.301884632501 59.04108696672188 58.794101855101154 58.55097513499112 58.32410001447524 58.12762659786531 57.97090068666607 57.82247725014684 57.68229908297353 57.634315442374564 57.68860853430061
53.17577703291542 53.18551000729674 53.020867818720184 52.75364530752121 52.40982242246003 51.950966827267685 51.34797378284812 50.58131524698163 49.631457176166 48.478561076974536 47.104638591004075 45.49853675719604 43.77086268690754 42.06623329882378 40.49759772872499 39.28050859109126 38.85098018780362 39.98288538313213 43.107196173277615 47.245414426344354 51.003903252098894 53.85994414401759 55.92953741424396 57.440636274446376 58.55038621366781 59.34897083073331 59.89082523940773 60.2131146306974 60.34180534506844 60.287786352946405 60.06708400783286 59.7836596329532 59.50252022391963 59.23645246218059 58.98776738092815 58.75265238498327 58.521117117721424 58.302678879450255 58.114629738716616 57.96436319677392 57.8161456023367 57.66082245602166 57.5270113905429 57.48799173357823
52.75553933425056 52.74809281353051 52.54737404106583 52.20556895851109 51.77031334480807 51.210870774265125 50.48594101701623 49.568383791362166 48.43042895517155 47.0403974264207 45.363723796476506 43.36612204762822 41.12095641930948 38.75252090221307 36.30522128392822 33.888234833322656 31.847681946000495 31.477504840627834 35.292009624334256 41.72756927353179 47.35453025362571 51.437445384586724 54.28253578578034 56.284325476647055 57.70965235812161 58.71656364187845 59.39955632802435 59.819052762390854 60.01602221995614 60.020651345489554 59.87351446237621 59.64473003096826 59.3936954470444 59.14705256108028 58.91322569668639 58.69099107352574 58.471543692453956 58.26312180450096 58.086008374982555 57.9428104032982 57.79533213613968 57.64132397033986 57.486328155271885 57.357309357229255
52.401780552665535 52.352443170039884 52.110513014800496 51.698319099713196 51.17606665665656 50.52133227171177 49.69325842029566 48.652330273864386 47.364371561327836 45.78904579188298 43.88042069829353 41.58970526334855 38.95049282518545 36.088429201168495 33.00225458436179 29.69110507308666 26.183012449190677 22.754135444960436 27.33472871402331 36.60721692028089 43.94621502812822 49.133247544887084 52.68473237251893 55.13288522218396 56.843571755617326 58.038011462200714 58.84871297086553 59.35926465217708 59.62730599345303 59.699247209080596 59.623747980953354 59.45685794933817 59.2484774258726 59.03006257021153 58.81616208185277 58.60937725935793 58.40311600587358 58.206882076808256 58.04356818808106 57.90638982311054 57.760354302995474 57.60868198137303 57.45672877981458 57.31023424028273
52.105667114543905 51.996333312133544 51.71221629248255 51.24623336725771 50.65017815329196 49.91949306587259 49.019932550111726 47.90146947468555 46.52531187704631 44.84796359743818 42.82117659463779 40.39635217867264 37.58191276601322 34.53864490705161 31.306927248116846 27.95735148833024 24.726688883418863 22.76744960213272 26.467889833036256 34.463486497816234 41.84424680596238 47.4126849351883 51.35582310188658 54.10320618565619 56.02341655433515 57.3633083717869 58.27842224448238 58.869197874010105 59.205908285178396 59.34435781053766 59.33567776828562 59.229360131362654 59.06873668207937 58.88512623095296 58.69634789226833 58.50831821682 58.3169082562098 58.135866866999976 57.98969743682751 57.855472320893 57.71180956833203 57.56362845122835 57.416100767972736 57.27490291041121
51.839826701327 51.6643565604556 51.34393687295366 50.855468774384285 50.20808809669326 49.43628686132327 48.507794335472035 47.37200141112721 45.985195795678074 44.30630006644327 42.29358374917093 39.911675260601484 37.163090834146786 34.249189570700324 31.31213162059988 28.566432308221856 26.51926851036468 26.32390916529618 29.39421237173236 35.170896220147554 41.36774385017125 46.54851225178177 50.46448766535042 53.29714026763168 55.3156690845446 56.740953169895434 57.72745552195608 58.38078551155038 58.77675342198487 58.9747946687809 59.02587279664735 58.97545461380725 58.86242221286536 58.71641472351348 58.55621100625389 58.38972846819751 58.21500492494557 58.05288378189244 57.92306774570895 57.79077846598917 57.65064333197954 57.50725770187071 57.36565217549025 57.23146329120969
51.58205491227489 51.33801488327299 50.98990975018921 50.50852638200717 49.85645720396721 49.089091044125404 48.18598581439849 47.100739813323536 45.78494881796026 44.20386712978742 42.32791044070255 40.141177926039084 37.65750961646042 35.077052287421964 32.64665363944037 30.641159771013864 29.556692499650477 30.10201004856437 32.758353683743465 37.13402204583208 42.05216091542272 46.48355968821057 50.05584617590135 52.77044916312287 54.768125421664436 56.21022595047096 57.22833304610726 57.9206528355005 58.360975577786576 58.60763356633717 58.7094196924944 58.70831462851244 58.63965863311865 58.530943694681405 58.40054751207696 58.257142939020035 58.10097101852361 57.96195859460096 57.84248318960494 57.71347840111501 57.57821329063945 57.44107331988458 57.3070112634435 57.18165189596627
51.325474860733166 51.0058497144484 50.631466623321884 50.17880993925117 49.59447666995799 48.886439322263584 48.0713976689298 47.10362439194262 45.93232102519638 44.530886370792835 42.8840558734178 40.99512582777391 38.89986941759446 36.74421158354041 34.84459482868405 33.464869696989744 32.997258088280745 33.82699302695161 36.098195621478105 39.503580686888654 43.35760334081038 46.990366775740306 50.06797348102838 52.5247805879273 54.40188828168662 55.795986383611606 56.80455758156728 57.509307207857105 57.97586523236681 58.25770577326007 58.399692447773255 58.44004408582649 58.410736840867926 58.33684768780329 58.235546554046735 58.11530971057189 57.97996952273537 57.86528545415581 57.74947065992242 57.62525060019683 57.49634233973369 57.36703530666285 57.24226681877899 57.12766783283918
51.08395546051248 50.66989110921831 50.251826140781695 49.84131171213153 49.395765923851386 48.83484996296673 48.173146782964864 47.379502539301235 46.40667626282309 45.23786233824497 43.87228429355714 42.3286061668759 40.6557040809712 38.955206945319 37.51675239273723 36.599978423611894 36.48853950798415 37.37351860720937 39.266994073935216 41.929621463837826 44.93092841891264 47.838017765604604 50.39289353430082 52.52285170284973 54.21281339283339 55.507397259688275 56.469565739598096 57.160667400290485 57.63450017143643 57.93712321408119 58.108079291866396 58.18130424091198 58.185250075279214 58.14231094044675 58.06790849312342 57.969622744385894 57.85867880468538 57.75727977235544 57.646168323546554 57.52831206956186 57.4073628959568 57.28760596087432 57.174006444372225 57.0721948050715
50.9007540808576 50.36321726560378 49.84602423742349 49.46802156604124 49.233308005332724 48.9499821143022 48.50086361501039 47.915859686338955 47.16617977409297 46.24858588342184 45.17573739229881 43.97658637509582 42.703993390383786 41.443017834526344 40.36966392651096 39.77152741470825 39.83885399269283 40.656523600565606 42.18842370859575 44.25354459490681 46.57075629791142 48.85655287078338 50.92283502445207 52.71004639922998 54.179285628951945 55.340245124806074 56.22734138968355 56.8821745439588 57.34559508888917 57.65500835174353 57.843783178480635 57.94112136217534 57.97170732250192 57.95499166423529 57.904249203568256 57.8256426110176 57.73663455158843 57.640056693900185 57.53530285763257 57.42544227413927 57.314159026096064 57.205791754703604 57.10534395906023 57.01840268027001
50.861859742515726 50.18920533858483 49.46355175497 49.03151270216797 49.154757556640064 49.24259808884489 49.07272723549186 48.690682903055716 48.15310852424598 47.47179476442302 46.66921580372128 45.778926516161164 44.85094815749403 43.956175293050684 43.191861770159136 42.80010310168932 42.931781184043935 43.62121232447445 44.820871573178 46.39791737524803 48.16505363559155 49.93363519819628 51.569611366060506 53.030484594433105 54.27120323542296 55.28120944626599 56.07431742983196 56.6755856808703 57.11374858206565 57.41749715262876 57.613769788252334 57.72681441424579 57.7773718024281 57.78174358083735 57.750761787542906 57.688267521517034 57.60717700884087 57.51696092065025 57.420190288168435 57.32001578889994 57.22020663217449 57.12517142631486 57.03991988934338 56.96991012559754
51.07700943317186 50.35349184787544 49.45791930837197 48.643207273291814 49.42698155772142 49.80095152110542 49.85873633324217 49.66522561907838 49.296380048320565 48.81103211534046 48.233947109245655 47.597241140496315 46.94355990712081 46.327885092680695 45.83096485223511 45.57280010907006 45.701098467545414 46.24053138450751 47.14752176554331 48.32708097914714 49.653097953601936 50.99816728750607 52.26801913585405 53.43544768995632 54.45704344165813 55.31235971506464 56.00191029326199 56.53830271735305 56.94009025558806 57.228034873305255 57.422910234844096 57.5440671145926 57.60826503146976 57.62854162363064 57.61160215747554 57.54899844178061 57.47422479286025 57.3919178185739 57.30476839955247 57.216040459157824 57.12959770264205 57.049888796121614 56.9818505530901 56.930685657913024
51.57279826704729 50.95770253908509 50.35611050163663 50.060420292055696 50.33815984800716 50.65126247556865 50.78619009926443 50.73812630462583 50.515656738211824 50.17467591059199 49.76943504811268 49.32552866543686 48.87580613417561 48.46322610019899 48.161281912494125 48.02544553532479 48.11922990408329 48.51148258965215 49.17065938447347 50.03031443239636 51.00502868060257 52.007641301400234 52.97318343879515 53.886455370562736 54.70828229263945 55.41485889725679 55.999073751733356 56.464972537549386 56.8232370477216 57.08794815178971 57.27434560837629 57.39717951857932 57.469337123067945 57.498893088053414 57.46837451227962 57.4094112659217 57.342351876545 57.26948866972374 57.19363905196256 57.11817420707616 57.04701654824884 56.98457678079741 56.93559602601946 56.90486612522487
52.24432084231526 51.78465814042051 51.45980048467504 51.33648131691355 51.44460804976559 51.63039420122014 51.759235208956625 51.78506807507589 51.69139510976134 51.485743576397105 51.20211212650578 50.89485638442181 50.58781025910649 50.325431355601346 50.151997160150884 50.098522416346356 50.18735357554718 50.449872916711335 50.90665223596342 51.51284936411478 52.21044737975225 52.93921286288268 53.65655480233571 54.3555208306294 55.00166220992032 55.57157577515919 56.05450274459525 56.44911888289521 56.76043862541367 56.99724741816613 57.170067898444834 57.28950169600484 57.36071607388137 57.36840029157371 57.326393104484 57.27474858275801 57.21678634325635 57.15491950817355 57.092070041896015 57.031670689597114 56.977621477868745 56.934174282672146 56.905721852373404 56.896423732703774
