_RESULTS/CROSS_VALIDATION_POSTPROCESSED_CLR/MHZ/IZ/9comp/4/MHZ_IZ_z_0_kriged_reverse_9comp_spherical_4.asc
ncols 100
nrows 81
xllcorner 5.5967107548124995
yllcorner 50.982328804812504
cellsize 0.00017565037499993607
nodata_value 1.7014100000000001E+038
[rows 38 to 56 of 81, columns 0 to 42 of 100]
-4.5187364287595795 -4.288803023487462 -4.058620424232676 -3.888846807333158 -3.7885260217603225 -3.7640409927195 -3.830815595093603 -4.020889648702621 -4.330939978156137 -4.740531933816211 -5.212476546780492 -5.735659918277235 -6.310492383441908 -6.962494664038266 -7.668791984769563 -8.39553800275382 -9.100301830057912 -9.716007249660517 -10.167813834223672 -10.412819189456911 -10.464974223230229 -10.425828728652533 -10.36521069972195 -10.318757481321047 -10.312307825461756 -10.369693937863035 -10.501871124895203 -10.705887645563823 -10.953678144497504 -11.208037644583445 -11.448147326467765 -11.674836613545889 -11.856110700047207 -11.943169511147929 -11.869974104916544 -11.442597763240624 -10.846429612236244 -10.240394678155326 -9.663488958355083 -9.13336711849611 -8.663298931736307 -8.269142297883622 -7.963443848563475
-4.488678123759283 -4.242884549489189 -3.9923564217813423 -3.800277751966223 -3.6797320864203478 -3.641709932502424 -3.7234751264708654 -3.9342111415306986 -4.277112589086898 -4.731128080915988 -5.25168898683885 -5.8237716611330015 -6.425212602488103 -7.060425067662042 -7.714635810114064 -8.362392708153383 -8.955324131523145 -9.43905608375488 -9.811764290732835 -10.0555746961756 -10.162789644873246 -10.170267727116851 -10.12067145665819 -10.04902494347522 -9.995397285092036 -10.021926552011848 -10.179123581716912 -10.45528008739414 -10.77524582558349 -11.085071497587345 -11.365160362495548 -11.620985624186767 -11.827353356073404 -11.907424622067863 -11.80471337021948 -11.536125174074993 -11.147779737555085 -10.700321471544143 -10.256831686066722 -9.850228539661133 -9.500571454122051 -9.222785934160155 -9.008818237625349
-4.40172926138124 -4.140375866386796 -3.8696104124815234 -3.6502736668632063 -3.5041166200293894 -3.465839794194172 -3.5541875570000205 -3.772748741850902 -4.128317864268629 -4.60521367690981 -5.171551947337058 -5.79699364525163 -6.444379472430361 -7.087209812923854 -7.721280498833422 -8.306071839849718 -8.808325212911718 -9.22425484542784 -9.554064045976816 -9.789808636723627 -9.918883167211773 -9.94950579931924 -9.902234567099631 -9.799219171763891 -9.672228435727066 -9.625187233342094 -9.856351232576344 -10.25450965745122 -10.657640487839721 -11.007985235874635 -11.302185238485098 -11.552471917318616 -11.74481997865085 -11.828392767695954 -11.762768576474716 -11.604299475560165 -11.36089243487044 -11.05772913495569 -10.747596065362188 -10.466845089579863 -10.239564343047139 -10.078790899335967 -9.952808315376299
-4.262557501645267 -3.9861945739161886 -3.6986721099164814 -3.4483767800276746 -3.285621604821004 -3.2468508968910834 -3.3332104946479744 -3.546916885271058 -3.8984771089100576 -4.386580574549208 -4.992644125471695 -5.674683528912619 -6.377082888278441 -7.051908251741908 -7.680459310194488 -8.243785240935328 -8.705424956884963 -9.09271684309951 -9.395265414498049 -9.613433288555555 -9.73966091675395 -9.775356405454442 -9.730035852443407 -9.613647246005673 -9.43210841245702 -9.193077811995249 -9.625952329247067 -10.141160734719897 -10.588661647020087 -10.960798019684967 -11.268636650226512 -11.50784679538737 -11.678332038166207 -11.76818229229436 -11.747805744834835 -11.669899384452156 -11.524060000924328 -11.334206997264376 -11.14131694682431 -10.978102271672432 -10.867862254875963 -10.807663199620308 -10.74187845516192
-4.075691694153528 -3.7851062534727564 -3.485742417106924 -3.206769729745461 -3.0381723811331662 -2.9961567730530865 -3.0774604415963815 -3.2788825381226867 -3.605187499307712 -4.084884035505758 -4.754432460824066 -5.506272902136514 -6.259879817559831 -6.974797740702812 -7.616720338785576 -8.173362804666372 -8.642717416864485 -9.028778534965857 -9.304013714699867 -9.499427523531041 -9.617037513063984 -9.656574364184614 -9.626631486333395 -9.542100326923856 -9.436017666799492 -9.428806274261236 -9.717806280083405 -10.154671687699153 -10.579510685871577 -10.949776009918585 -11.260098020063822 -11.493489801852363 -11.657979230215194 -11.751106342643192 -11.755177450151564 -11.725437966622048 -11.641654408909753 -11.534522539912334 -11.437690731968821 -11.378554887836387 -11.37532744031013 -11.385977135373135 -11.365233172031507
-3.845344372446398 -3.5413688375925743 -3.2315607461296856 -2.9432443391671357 -2.7689701834632277 -2.72526407265183 -2.8074372955349025 -3.007722027332585 -3.3150427669350067 -3.715000192954896 -4.524435550645517 -5.340300009678782 -6.138219744270106 -6.890228335610035 -7.564043084967228 -8.116305436444911 -8.594000753041367 -8.995089686532364 -9.277333950996143 -9.450102496667304 -9.555830038897206 -9.59867595927749 -9.593811284409211 -9.569219463914955 -9.578251612360642 -9.668257246682924 -9.900780296242456 -10.244141681585926 -10.6199691223681 -10.97936391307296 -11.287208910045123 -11.521116269179934 -11.675814836886456 -11.753444821405253 -11.771960055756509 -11.754646429362175 -11.70174515068592 -11.650066257164221 -11.628763148501479 -11.659780412582375 -11.738565004498657 -11.796954871445863 -11.8186994079964
-3.57531596226933 -3.2584747288392966 -2.939162476605486 -2.6619056964571564 -2.4821651905975086 -2.4403133694224164 -2.534641773233104 -2.7612230433583425 -3.1231018061026563 -3.656218291886769 -4.386983204789505 -5.204288329531202 -6.026234126147384 -6.809257664301054 -7.502626574245702 -8.081220927628497 -8.585380322309373 -9.008500027169319 -9.316959701763423 -9.486074684745804 -9.57115416461756 -9.606309414444915 -9.617398112322451 -9.645202901358576 -9.698014956420622 -9.8142523957193 -10.024729307960438 -10.322545306587955 -10.670887678336745 -11.032681788606222 -11.353504591953499 -11.597740903597575 -11.73515870649306 -11.774843308384357 -11.75387949164265 -11.723526724704925 -11.682213403102484 -11.662883339086452 -11.700002185735777 -11.79880395137609 -11.9273166218612 -12.033737640646244 -12.101272910500565
-3.279394929454204 -2.939934756962886 -2.6132920980589587 -2.3505287227371072 -2.1775184506910574 -2.138886105550278 -2.2519480212027108 -2.517225673192284 -2.941343852222971 -3.535317910010102 -4.26486917461164 -5.078063932707566 -5.913943159627943 -6.708034812965067 -7.421428091737747 -8.042133877062113 -8.605395904752546 -9.072318695451187 -9.409673507479077 -9.594395292605034 -9.648600470478371 -9.658783465224774 -9.671984183225828 -9.696069366408443 -9.746075465687507 -9.859021280164264 -10.053897095598355 -10.334913986493842 -10.686051260316189 -11.079207694572053 -11.450606447057847 -11.724706149339722 -11.834228099048723 -11.802834791326926 -11.683750602012712 -11.579668749047944 -11.541768122940564 -11.548440787171193 -11.61915658706582 -11.752680675534485 -11.927497271287198 -12.087797900270106 -12.212313173461816
-2.972936405789726 -2.60417227960825 -2.2588632436491523 -2.0002378595771244 -1.8463246874517316 -1.812873409096098 -1.9431473608934415 -2.2425760786039506 -2.7111703621707335 -3.345313113996851 -4.099309844690032 -4.926329360068718 -5.7636470514685065 -6.568041719630018 -7.306957377782586 -7.9800407489791585 -8.614377313333362 -9.157817032586237 -9.550131236209909 -9.748929219856524 -9.779729118217535 -9.741841537422388 -9.710662102542297 -9.685930646153452 -9.703581682492796 -9.792284600459624 -9.967280321339322 -10.241653243528823 -10.614280759195907 -11.070036434331975 -11.549064094524415 -11.90183287275796 -11.961861950168103 -11.783084957843137 -11.520528230334207 -11.305516900788113 -11.228639067215582 -11.246256375399254 -11.334593145957554 -11.499364415739667 -11.72307669230252 -11.94626880276773 -12.147424273901034
-2.662115562635741 -2.2620824789969336 -1.8918023852567258 -1.6193657727400685 -1.4682294017272257 -1.4532863237818932 -1.5954422440878337 -1.9214243190508578 -2.422373356456636 -3.0820931193916965 -3.8628751059824964 -4.69483806872024 -5.53304981722837 -6.349265844186894 -7.116051561041264 -7.845123742710324 -8.56153430614819 -9.20763008343332 -9.692220619599055 -9.927221381998539 -9.933537963614025 -9.820948224050962 -9.693404159486324 -9.594838916397514 -9.557844142020178 -9.604243162750464 -9.74780737592426 -10.007762084965744 -10.394895580168416 -10.918509692603457 -11.559980306615042 -12.124466023837432 -12.056142443582788 -11.607743285521416 -11.179991304745961 -10.856427826823733 -10.704596457539761 -10.69918757712071 -10.817801745107662 -11.020094452742637 -11.296973204727983 -11.590254540128779 -11.887909757257788
-2.353266196804105 -1.9200139228152566 -1.512796099575045 -1.2125792225507288 -1.0521795526286564 -1.050470861658071 -1.2135404866984283 -1.5468289838127856 -2.0608765238250744 -2.7353484710656497 -3.5321373053236833 -4.36718615257071 -5.209714379881708 -6.0374719788074485 -6.829878629418473 -7.609692429318642 -8.413083178520036 -9.19340753320002 -9.82220964387622 -10.05721633067241 -9.98370437922859 -9.796672996073085 -9.578488337819202 -9.40522709805797 -9.302252288981816 -9.291617286981303 -9.38822498621797 -9.610871930842166 -9.972855822796944 -10.49813076924762 -11.206937353428959 -12.068549207918036 -11.725863071387671 -11.05753677348945 -10.528984017363129 -10.152556492098022 -9.953215993362047 -9.931137096696775 -10.058050988504657 -10.303018318338687 -10.63609464687957 -10.999677510333358 -11.396843276972149
-2.0481042539084524 -1.586052388139624 -1.1167775846384265 -0.773197622768623 -0.5926099183453655 -0.5902218188393684 -0.7713091943713666 -1.1297017682285047 -1.6557531259916196 -2.3425945791981095 -3.1352748116283706 -3.9742605630627734 -4.819101239831812 -5.651557295561638 -6.455852695192152 -7.257599860358934 -8.107847907151005 -8.992663899564432 -9.884341482754573 -10.011608983515167 -9.801264565267179 -9.555236146285226 -9.277312058560039 -9.05142936476218 -8.901121476398618 -8.835076548211225 -8.876322727981268 -9.036558327559108 -9.319703815376466 -9.736333803995006 -10.24815111450285 -10.623783364942106 -10.473414069435808 -9.98699066264313 -9.509055871063895 -9.155787470589662 -8.961458919578277 -8.943567565635345 -9.090540707964417 -9.37032462203203 -9.74083289393273 -10.16100816679795 -10.63156147781713
-1.723460349553397 -1.209173660398272 -0.6899126739408965 -0.29752815762755347 -0.0737044620008227 -0.054132927289651356 -0.2541831953499143 -0.6575010040531568 -1.2291669031134473 -1.9272090165422937 -2.707825285107274 -3.5417525987949428 -4.380915853156112 -5.203556408329398 -5.9957189642596616 -6.774602927086679 -7.593211817954704 -8.421147378536542 -9.138457741737883 -9.37349076042728 -9.271314938685924 -9.051392027360611 -8.772256149456535 -8.516625351058202 -8.326510351638893 -8.217709751135711 -8.202885158489996 -8.285529852683826 -8.46038540676685 -8.708907339378898 -8.95911823930936 -9.071408363241135 -8.923049395963838 -8.573336583530894 -8.188765378693986 -7.895285030992836 -7.752706037462998 -7.758571927943788 -7.93581571222623 -8.250349554082872 -8.659301487943823 -9.121929472521597 -9.626847833071688
-1.4025719681173099 -0.8218817699155094 -0.2544438560816973 0.21218111444530496 0.5062450788434925 0.5539474254726722 0.3258730315305085 -0.13871615014892225 -0.7748730717051622 -1.5089577530407787 -2.287391361380442 -3.095781782645077 -3.9170965444073733 -4.713616610662868 -5.47023861078906 -6.188847446360448 -6.916997028866816 -7.607776410676554 -8.156097598149161 -8.441323929545385 -8.476752241822336 -8.328577612630397 -8.077836366062654 -7.82179929019803 -7.608766512850339 -7.466053909977017 -7.410677907084658 -7.421869096858746 -7.469339291052294 -7.542276878545989 -7.5963744295653175 -7.549660147197018 -7.352536934004888 -7.036301290955585 -6.697177422413091 -6.444584385161394 -6.351405119042832 -6.4081936990848805 -6.624064084664285 -6.984059198056701 -7.44811637476477 -7.959974355580973 -8.492843394430087
-1.14364880850722 -0.5083061429702767 0.13989820607444958 0.7152346586687894 1.125050038820559 1.2249134685370988 0.9414383690843353 0.3841229809743112 -0.3242652662952068 -1.0906052743210966 -1.8772672373318509 -2.669483065093188 -3.455831676274924 -4.212071708173267 -4.916605292266783 -5.558316437159903 -6.180074998696813 -6.750253301127622 -7.203698193941838 -7.486730885655866 -7.574862301517655 -7.475191258209968 -7.25025478109517 -6.99531418804314 -6.778187986754524 -6.633624199465536 -6.551259076790065 -6.504015068466596 -6.452708214863571 -6.394954539510262 -6.311217736813557 -6.150726021692405 -5.888473145842534 -5.545659758534638 -5.190445100786777 -4.921958435644124 -4.830030746293795 -4.942522700613578 -5.2253751391741625 -5.6489671396270875 -6.180482363600792 -6.746678923856154 -7.304110951780814
-0.9788218247744984 -0.2984351511168928 0.4258595090806656 1.1232785326613275 1.7211150555565764 1.9448456770676135 1.5164852579662318 0.8301245250102323 0.06253534137146932 -0.7162407786237095 -1.4904454439900086 -2.253002035449711 -2.9963049186436286 -3.7102207189696763 -4.366643357599658 -4.9390104652096944 -5.460189690306556 -5.931812541448395 -6.312886989754954 -6.571025275350538 -6.662221528840214 -6.574149158513857 -6.350015152330346 -6.084883333367682 -5.874852263701437 -5.739698672029851 -5.659209876957979 -5.593484866617577 -5.494317350570586 -5.348425015382145 -5.168578060576985 -4.923063648726514 -4.594942174175975 -4.1962187902451085 -3.7689994812519467 -3.4059921856551467 -3.25911893025135 -3.4455579459759127 -3.8625860814805613 -4.377856136474298 -4.954496658697797 -5.562382626621344 -6.136308068501407
-0.9246616810027515 -0.22470794720867548 0.5294598498930796 1.2884221609252915 2.0188521731695497 2.483210290504327 1.8146480233974138 1.0789551786950913 0.31867826012820366 -0.42876509414257935 -1.1592709408371595 -1.8691034168258676 -2.552341589216096 -3.1999996220529536 -3.7989695489347604 -4.320693099482925 -4.760499690950965 -5.154228899733955 -5.473803058888895 -5.693594352614133 -5.758142356736449 -5.646964980967583 -5.407554259971743 -5.13269478829318 -4.9215602151577995 -4.806060446590753 -4.762307563664873 -4.724931787797384 -4.633715592567192 -4.456552010754406 -4.218235931056315 -3.9148605337061713 -3.5352580692490854 -3.078397777925218 -2.5551583757606195 -2.020989656781921 -1.6817722050556654 -2.039000491309324 -2.6619509378981774 -3.293092247669815 -3.895307645481087 -4.479338733456731 -5.035402767579105
-0.9816783008799579 -0.3002862161021893 0.42021445460169016 1.130663823850222 1.7186871667142114 1.9499049099806909 1.6433370684121007 1.068887284072697 0.41155854183208707 -0.2515116958336794 -0.9041541864246723 -1.5378523930447843 -2.1451288300144444 -2.717014061153863 -3.241451606933443 -3.7023201345960373 -4.080047972925329 -4.404130615572943 -4.6662648068563275 -4.843171830423269 -4.876347621984763 -4.755599706233215 -4.500792961440741 -4.193720411235399 -3.9491588239242654 -3.8792206173884924 -3.922430433700922 -3.9503149586132382 -3.8963633424482733 -3.7285796767809325 -3.4710150076480177 -3.1450965209380475 -2.7461292401827753 -2.263010653682186 -1.7069700554940561 -1.091986950302264 -0.5256001780312012 -1.0834819149314265 -1.7799956468382554 -2.4293536172144172 -3.0285112995835095 -3.5756306890677636 -4.079494851096747
-1.139755865308417 -0.5058980495534211 0.14316975343901106 0.7586624511601681 1.2200495104537845 1.4047471310520203 1.2613338818406028 0.8725984800352853 0.362384595883376 -0.18149877393413494 -0.7304505088638837 -1.2692307422224482 -1.7876843812829994 -2.27662889336843 -2.725262117308053 -3.1195209634537764 -3.4417587994545884 -3.69927736163353 -3.9092708409352586 -4.049375668370563 -4.08304547169111 -3.9707456222375743 -3.714894005381069 -3.3602015369255374 -2.9971092333010505 -3.0432024958848385 -3.2319508339288 -3.337514945798527 -3.3295394578327033 -3.192232696763793 -2.938809242992247 -2.6116396534617166 -2.215178970831062 -1.753646324254988 -1.2604335556079143 -0.7960379560271162 -0.5517800070506791 -0.7791204243168242 -1.2760482450839108 -1.822796051529072 -2.3541171721171525 -2.8490678609197015 -3.3077021357750818
