_RESULTS/CROSS_VALIDATION_POSTPROCESSED_CLR/MHZ/IZ/9comp/4/MHZ_IZ_z_180_kriged_reverse_9comp_spherical_4.asc
ncols 100
nrows 81
xllcorner 5.5967107548124995
yllcorner 50.982328804812504
cellsize 0.00017565037499993607
nodata_value 1.7014100000000001E+038
[rows 60 to 79 of 81, columns 44 to 87 of 100]
5.804109675969004 5.851314627533766 5.9029767969431175 5.95491069906547 5.988231428803449 5.992501499525595 5.970411272450734 5.92509800560772 5.856702715498509 5.741492161162399 5.580793710056995 5.395373618451027 5.191167947472666 4.975349348143872 4.7693760539682195 4.58368884706576 4.423082208853653 4.267040529659658 4.115086221769349 3.9851917292672088 3.8784299801079682 3.7930494386149998 3.7326700212702884 3.7064961673204757 3.7361779880822077 3.8452773130582134 4.036188139078012 4.284784915259186 4.560397325239997 4.839230035287218 5.104514439764245 5.34413447271228 5.549130659235257 5.714098537006194 5.844222288099493 5.9403466663447375 6.002646545456336 6.032117420975345 6.030588541512342 6.003181406100247 5.953279091639394 5.883514473963023 5.798270280854115 5.719762383530694
5.611878222615055 5.659436865686787 5.713043820397816 5.773861751871581 5.834322859988208 5.867940705981889 5.87478580675022 5.855623300263255 5.803754223921971 5.703845680148353 5.550288731111124 5.368601569255 5.168442750418342 4.969839667538904 4.783124585239035 4.616057894289112 4.458135042594486 4.298512008163115 4.140234607827849 3.9966397195647057 3.8807623604968406 3.794359012338437 3.740814728544767 3.731277254221181 3.77743863394722 3.8873831006694717 4.05975512943489 4.279740874787267 4.52709973565917 4.7826660603389906 5.030769544696892 5.259177947891264 5.458481235538419 5.6215687663685525 5.745523513638786 5.837798025281459 5.899050881456135 5.9315993392980895 5.937769884543763 5.919682510301636 5.879625069652569 5.819910571227563 5.74707831907156 5.683245149695046
5.4327585404077565 5.480759712865351 5.5360438057044234 5.6002011156464455 5.673182212714473 5.7310165337662955 5.7634811148141765 5.760434832522288 5.720423749918085 5.633335775649419 5.488409303587429 5.315710490947014 5.136373914428077 4.959560564635797 4.793813426313476 4.636190230003654 4.47468466301398 4.313032495005796 4.155176528001858 4.00548283675331 3.8805021683609064 3.791822476770533 3.7457651653703987 3.7484855939245443 3.8041805373318773 3.91547178453942 4.077269680064563 4.278773082278793 4.5053682892467295 4.741863058008402 4.974530654842847 5.191813092023197 5.384329976033785 5.544671843834021 5.667836943199315 5.756065066387505 5.817930991514184 5.85404576269157 5.86553797275481 5.854012794681558 5.821355124816886 5.7695760830495315 5.709470998087256 5.6601598514663705
5.270387430705524 5.317719759022394 5.373822056283331 5.440873006763092 5.51970383892802 5.592795689489174 5.636603164759621 5.642751813243965 5.609669090130537 5.532400657749942 5.40608946848128 5.25749547635092 5.101673750625865 4.947491768920942 4.794538353543238 4.6336304850674335 4.469205332551409 4.306017991281261 4.149473698611598 4.006128245868465 3.8826615920440366 3.7959982526124465 3.7561396071503856 3.7653684028452603 3.826054092995208 3.9364399122929483 4.090804312963332 4.2797590941703785 4.491472184541124 4.713395518068808 4.9336529805221385 5.141796214350665 5.329070907625301 5.488421445714917 5.614383051249014 5.703295106845465 5.763827009537563 5.800853576415442 5.81502900270474 5.8075585655367625 5.780002616785505 5.734404477118455 5.688115815664034 5.653055958424288
5.128151052963225 5.172637638836698 5.2278247113496805 5.2976752369602504 5.379852091121044 5.462872992825925 5.509879205523121 5.518360203028117 5.489725995834111 5.427905507483589 5.326191325027242 5.201190859229479 5.0688187154496065 4.926933182885761 4.771804776365306 4.608744130697627 4.443510340857448 4.282269368799676 4.13143503264444 3.997383200473119 3.8864795563351153 3.8065385482631706 3.7709706659860247 3.7865162013698628 3.8516108065797106 3.9623021255273043 4.11226233603704 4.292949531378657 4.494289436188739 4.705629314435868 4.916610100874009 5.1177593102772025 5.300802528344288 5.458782708460824 5.5860744324030795 5.678341306904026 5.736528321588138 5.772273741530944 5.786844328492175 5.7811750695472774 5.756599122012558 5.718152662119565 5.685469447393633 5.663977065119959
5.0087284438278745 5.049620247829684 5.102842624760021 5.173136242048531 5.257814414806685 5.345853711429181 5.400877134250945 5.418574619060105 5.400387765161258 5.34995065996936 5.2685900051823245 5.164728907183241 5.039892716510615 4.896589352667801 4.739951454813208 4.575671319503749 4.410079755218037 4.250123595858238 4.10314485549697 3.976386768989274 3.8774031210818665 3.814555842366852 3.7920912652047205 3.8139611564416778 3.883933441433569 3.9966743849869304 4.145212426096435 4.321361919815719 4.5161083421184145 4.720113907826193 4.924218241532085 5.119831017954171 5.299189690376416 5.4555146208881435 5.583109362647666 5.6774302115592485 5.735548938270378 5.768196111961987 5.781166584946345 5.775273749697747 5.7517415027150065 5.7234337364822485 5.702068892168533 5.681687369655384
4.9271825017538555 4.9645477880882005 5.018132984807826 5.090081299640749 5.180672572133968 5.273988600297324 5.335211425038828 5.359349890519988 5.349169074213109 5.3075188142174134 5.2316850923516265 5.130471708020474 5.005382145690274 4.861111761149995 4.702883916072875 4.536626541931499 4.369146737645525 4.208214440464568 4.062374812644837 3.9402704531719817 3.852894954720938 3.80791828788629 3.8066723769191295 3.847448469011318 3.9266232375630565 4.04333949203077 4.192895084434562 4.3672527963653 4.558137593818099 4.757217236484857 4.956320946826911 5.147643796707778 5.323910727646381 5.478517649166619 5.6056921365983765 5.700692212105137 5.75998176396474 5.788248599156831 5.797834350444446 5.78987831800542 5.768726282470853 5.746038731978405 5.722629430843494 5.699337514969257
4.9106378722275 4.940811581476615 4.992191168557354 5.065911617909477 5.159530423175376 5.253597183862746 5.3168465434189205 5.343373525141692 5.331244927064979 5.28036893695882 5.193158108415281 5.090164793067139 4.965839752700875 4.821222742177055 4.661434743960036 4.492406794410769 4.321203702047618 4.156355719769199 4.008389167412236 3.889306933236224 3.8127747362320545 3.785242018224153 3.806215108190348 3.8707510654374406 3.9721391321141746 4.103664916777763 4.259084709322625 4.433522897440368 4.622259163750412 4.817925105879684 5.013246915715056 5.201151889939362 5.3748212750128905 5.527770739601421 5.654038598850021 5.748557580140551 5.807608375456765 5.831841507541437 5.835765569376727 5.819549516508534 5.795043892552005 5.768970843137761 5.742404701638948 5.716209093892224
4.955148207240004 4.97819784256106 5.025675247923247 5.098141522016652 5.186675199394147 5.272514991442917 5.326205845696953 5.341335465590372 5.317495467584209 5.254393473233539 5.1564753306796 5.0452845036183005 4.92197586538665 4.778050273089294 4.617188230544682 4.445083609100267 4.269027567718515 4.098197685206623 3.944616333239915 3.8241929628395663 3.7553765276868605 3.7459080645530327 3.79207640662444 3.8834134009616963 4.009096827736916 4.160504966916481 4.330960684739949 4.514856195457572 4.706988883262482 4.902189645498357 5.095140071190429 5.280270536945565 5.4516712901024595 5.603023952629444 5.72770907022941 5.81939745188006 5.873127576913352 5.886761217228063 5.8739549633136 5.848241674601619 5.819831826295138 5.790223775814318 5.760515289778848 5.73153613873257
5.021227866526621 5.03908637220722 5.082250075094465 5.148132304797157 5.22576418912538 5.299382826923386 5.340028949772162 5.342597130684313 5.306343934476407 5.230663912092239 5.1239371943196215 5.004884992456253 4.875643541193647 4.73414847273444 4.574389941275432 4.401022745569929 4.220326870094127 4.040815817323397 3.875250125535738 3.745288060783143 3.679294337024974 3.690860474562261 3.768519621176396 3.8910429451765234 4.042649186682488 4.213826387707122 4.3984404580601 4.591768511042622 4.789523557548374 4.987410085789681 5.180918312975973 5.36518915248375 5.534834537075913 5.683638958120927 5.804276035110049 5.888891861993068 5.931625056639442 5.930742275664162 5.904789359300509 5.8742906026042165 5.8417497723332 5.808658935078134 5.776014295659392 5.74453448740341
5.0963217219086685 5.108375184307397 5.14417334833042 5.2028550587217115 5.271242279372714 5.333069494971153 5.360438743153732 5.35013269537532 5.301261144434157 5.213175258640394 5.100902787798786 4.976165880839772 4.840343344235031 4.694913931916799 4.538542516609831 4.366307608030506 4.182615378935738 3.99387292367289 3.810483137206818 3.6571245690451786 3.5833997741679133 3.625556413431042 3.746208394000578 3.9036240592772273 4.080207173365644 4.2685662264854605 4.464478099778461 4.664595545471898 4.8656675652585575 5.064259260997789 5.256644047791201 5.438724061832321 5.605853244723961 5.752339901405436 5.870241264244638 5.948277752354395 5.977400332515774 5.963835216003646 5.931301303374197 5.895688342450062 5.859209612274221 5.823048389965157 5.78794961553692 5.75445595564188
5.172538398040514 5.178053959759861 5.207674533050251 5.26035710518118 5.321875265901634 5.371819474299031 5.386132470216877 5.363267799494795 5.302231605874978 5.204773187423256 5.089648170592347 4.96168901682549 4.822129024122666 4.672222875376946 4.513255771950082 4.345469193119218 4.164240204636307 3.9721575585427757 3.774096865397611 3.5831872342284017 3.4668696380552935 3.574812562843068 3.7484966699357942 3.935765166646548 4.130220417857984 4.329452204918995 4.5314897347891945 4.734189813050525 4.935091436365171 5.131393750125812 5.319973975718897 5.497404508928135 5.659912514397652 5.803096858492226 5.920428330384008 5.9955741704401015 6.011759010172603 5.989212300804744 5.949971140468815 5.909997894680495 5.870544129451656 5.832223735372054 5.79547510216905 5.760667206744374
5.244343469568283 5.245571874441086 5.270824528080637 5.319177719308132 5.376233382837866 5.413444994280467 5.415231111097794 5.380415896457122 5.307953680590067 5.206513427577692 5.090881247678149 4.962407022201154 4.8223150262077255 4.671844275820818 4.5122538002320605 4.344835872347106 4.170950874483095 3.989200964684529 3.7998662660196105 3.6135827326942276 3.492718075096271 3.622350426816921 3.806989698278653 4.000528575243648 4.198535126795539 4.399060809275339 4.600321186878354 4.800320020121927 4.99676604856543 5.187069470837795 5.368369841805665 5.537578031790529 5.691423083725392 5.826498112495766 5.94076095123055 6.036719147878501 6.0296175451531715 5.999221866628601 5.956705759093434 5.914968766898514 5.874407268524181 5.835317717696534 5.797996508321285 5.762740012024638
5.3101793050543975 5.309392543518781 5.332174126405269 5.377989877778468 5.430552620603122 5.455375869352975 5.4454027305607084 5.3994594566474765 5.318337381381122 5.21834617137593 5.104569899997738 4.978310689063068 4.84092281779495 4.693843942567614 4.53865576002487 4.377211962129696 4.211935598218435 4.0466324410614884 3.8891749581334403 3.76006622625536 3.7091268197530356 3.7784782500929377 3.9230781675437933 4.097390991237676 4.284038658170827 4.476022746259606 4.669435363890043 4.861293682400179 5.048825946012791 5.229208456157364 5.399460306083447 5.556385151338478 5.697364252315406 5.8222488426841235 5.926718600579369 5.996594712821846 6.01195129755069 5.988637038234182 5.949521270231198 5.909661950552978 5.870281594962404 5.83201283564165 5.795302925211435 5.760525507971622
5.369267580515897 5.368593483390193 5.390751930416136 5.435610847592803 5.481327500550812 5.494713606876665 5.473910017700432 5.4177928516339975 5.336047369457104 5.239633340678067 5.129936861436262 5.0084204853767575 4.876665213138965 4.736442360400372 4.589844090451674 4.4395339666664775 4.289253894055156 4.145107378912408 4.017573511177448 3.9270351978284155 3.9006153907371073 3.9511104845754295 4.062993666216012 4.211066441436832 4.378297809786876 4.554892697374023 4.73486357103425 4.913945998522341 5.0885892225417955 5.255987615524275 5.4142413670223375 5.56098581704972 5.693537063535379 5.808313910810459 5.899597403410451 5.958512431704539 5.978440147885378 5.962834594666861 5.93052294102007 5.895076671926457 5.858718544018058 5.822647747916206 5.787619438941551 5.7541826223387424
5.421443454155451 5.422774150365977 5.4460192685456486 5.490112578867282 5.525274971121846 5.528286228020844 5.497666994301196 5.437136324005909 5.3602423457766175 5.269200262996351 5.1655413563615005 5.050919471234575 4.92717361082228 4.796429031390638 4.661265835700721 4.525005751626005 4.392296680981787 4.270001804958063 4.167720923019691 4.099959250046899 4.082564007438424 4.120826752465839 4.208026206115749 4.330661353026012 4.475790943015313 4.633742608995315 4.797728935269156 4.962856618834605 5.1253548278300025 5.28207297528568 5.430142742146638 5.566701254450802 5.68858630402167 5.791943573341275 5.871887725755637 5.923045536998425 5.941971683157433 5.9297456046547286 5.903817642357957 5.873486562287507 5.84108326721985 5.808104071381156 5.775551048890539 5.74414777555418
5.466993076796973 5.47194860115576 5.4978034152309165 5.534850372262374 5.558960406649019 5.552701947097939 5.515614596071184 5.460147877087349 5.389564408899624 5.305430665648312 5.209423854324716 5.103380715597073 4.989369411038544 4.869797308541772 4.747573102798351 4.626395538293963 4.511265149121101 4.408413095673834 4.325613136921202 4.272476236390118 4.259703109558867 4.2901336658492095 4.360148120444695 4.46180979801919 4.5860869331042995 4.724935242682499 4.871864748402696 5.021739088961649 5.170386201574745 5.314240189806426 5.4500499827547575 5.574632511250568 5.6846486220530155 5.7764300026793505 5.846014861867848 5.889684183982061 5.904983620758414 5.893790684622961 5.8728936648379975 5.847320458853375 5.819045504146732 5.789555680432389 5.759949675232414 5.731059573219922
5.506514174584453 5.516442311272342 5.543357678989734 5.566523530259032 5.578835753416413 5.566079796626599 5.533833472940178 5.48540023197145 5.422359367913139 5.346383778125511 5.259276301474765 5.16301960281909 5.059845092593731 4.9523275003564 4.843549953400112 4.73742762299782 4.638496069906525 4.552113093190528 4.484301707205567 4.441312689922637 4.430951571808135 4.4555149521726145 4.5127372084310515 4.597525263756459 4.703478921866248 4.824194062634198 4.953923250839875 5.087721353437417 5.221335353796843 5.351012350168679 5.473302998620647 5.584887046711948 5.68243903659356 5.762576470845545 5.821971423909237 5.857689349270602 5.867641727535503 5.857092216503596 5.840053878052161 5.818568672636485 5.794186677063374 5.7682293455410925 5.741768766127994 5.715668545679742
5.540806008190553 5.556297042742843 5.573416387517081 5.582550833667167 5.583615503373859 5.57627166041731 5.551649511206112 5.511261793533416 5.4567632983515635 5.389911823181792 5.312602662378454 5.226913370030125 5.135161010961376 5.040028736817472 4.944738693361753 4.852838769986883 4.768368563997797 4.695803553461457 4.639780019950516 4.6045300129086915 4.595277841815644 4.614963211027149 4.661996443599298 4.732846598070089 4.822815324902647 4.926823565983938 5.039942692831755 5.157635592920076 5.275795428855543 5.390680207253741 5.49881036534608 5.596869495423885 5.6816380933353345 5.749993113216648 5.799005516649431 5.826134543343512 5.82968684881422 5.820794147960427 5.806760519535741 5.788710597588215 5.767838083910634 5.745259296980087 5.721953719697234 5.698758972536137
5.570730718599589 5.5810632158895865 5.585038780166565 5.585122468432098 5.585304616232854 5.583623130154565 5.567476427263835 5.535959131508741 5.490782409486172 5.433761994104573 5.3668477682800875 5.292160177926157 5.2121439584339235 5.1295048125098965 5.047174987605222 4.968402614246937 4.896721477743943 4.835829361633513 4.789331132557253 4.760333584183479 4.751689090211541 4.767035776962274 4.805508661046614 4.86449569893114 4.940411259050923 5.029176178739375 5.126603545175202 5.228633021222403 5.33143108707747 5.431403129517708 5.525162082695423 5.609488483460288 5.681309107948361 5.737715953828218 5.776036910363188 5.793945541360445 5.792915150083658 5.785623153353525 5.773990790810882 5.758832287950103 5.741071224759207 5.721632709708414 5.701381138256587 5.681095589332027
