_RESULTS/CROSS_VALIDATION_POSTPROCESSED_CLR/MHZ/TZ/7comp/5/MHZ_TZ_z_250_kriged_reverse_7comp_spherical_5.asc
ncols 100
nrows 81
xllcorner 5.5967107548124995
yllcorner 50.982328804812504
cellsize 0.00017565037499993607
nodata_value 1.7014100000000001E+038
[rows 57 to 75 of 81, columns 44 to 87 of 100]
2.281959751960592 2.2916165463319973 2.301093673961999 2.3081724811789273 2.3117816838525633 2.313807298022054 2.3134551618749843 2.309139699384085 2.2984936305255084 2.274838494941237 2.2377713834969457 2.1899084536980884 2.136423773363272 2.084517613110192 2.0407160260649 2.0070954684644327 1.9823084155751247 1.9649759863480392 1.9518120391031661 1.9381212067156581 1.9183138482842392 1.8819042635945098 1.826479277308998 1.7626232893549572 1.6980461227518067 1.6790110694993094 1.7530952010072816 1.8289846346353504 1.8981378590655935 1.9590573512825986 2.010452030596079 2.0528788366622392 2.0912192284660183 2.1254574899397634 2.1560240644908353 2.183791261162326 2.209072896310822 2.2322010228836127 2.253332407083158 2.2698558218591605 2.28077771895854 2.2860902195762334 2.285153680517871 2.2817078152126227
2.286756302922408 2.2972870622972783 2.3059568165098914 2.3110063419730813 2.3119728543876863 2.310867869826556 2.3075548751422423 2.3009841754641878 2.289533986165902 2.26696675048427 2.233646533527779 2.1920819518619967 2.146089441789418 2.1002068532920743 2.0582192608374315 2.022209782591281 1.9926611307553437 1.9675867912276022 1.9455903525677232 1.9232050288248508 1.8954912868783735 1.8572407689550146 1.807856923180269 1.7523674259737239 1.700902102868651 1.6928424636628459 1.750868725886664 1.8196252506986148 1.8841208477231584 1.9411755108495852 1.9891514327581403 2.0299038103669376 2.0678908148145085 2.1031965881889727 2.135864563404777 2.1660440631780826 2.1939525240522917 2.2198403776374973 2.243647019496947 2.2625891905780473 2.275950503260409 2.2830937720961444 2.2826112597180903 2.2796515155072834
2.291703902257151 2.302942543558934 2.3106478121424794 2.3142525724865775 2.31330860617622 2.3097150379592164 2.30421366359468 2.2961881547055363 2.2847239299804705 2.2639831430073296 2.2340657304236378 2.1973146451165144 2.1565004182704897 2.114605613629461 2.0742811003497086 2.0380527489663423 2.0059503114289883 1.9766939890662738 1.948760893981307 1.9199902489570633 1.8880855684016127 1.8510715535226168 1.809756063250997 1.769239472984074 1.7408694000649785 1.742832128296393 1.7791991489269663 1.830687387695595 1.8842234967264635 1.9338106953415104 1.976676944595005 2.0160679158781623 2.0538126755251622 2.089612664531656 2.1233546969937502 2.155056666361571 2.1848233153357577 2.212811675161205 2.2385554506759524 2.2592232880859062 2.273645302612352 2.2806912755340156 2.280229070641415 2.2777707109271392
2.296883476701133 2.3081979415017666 2.315390068513656 2.3180296905641624 2.3158406947737644 2.3101800891307067 2.30293702414548 2.2938379693858915 2.282570781296196 2.2639560815624726 2.2370337081311837 2.204056551279782 2.1670670434118717 2.1282699060956762 2.090534048876585 2.055164328603326 2.022296222286101 1.9912703400842429 1.961056350596494 1.9304737389006712 1.8979569092372155 1.864088188917818 1.8307427995902201 1.8025897929360795 1.7874325251847267 1.7933750213918402 1.8186614808869974 1.8561594023925234 1.8981328283036614 1.9389547329661796 1.9761603638019354 2.0130726082622594 2.0494529059594466 2.084750491940782 2.1186749516250476 2.151107341505983 2.1820312441802137 2.211503780128514 2.2382516459386994 2.2587908507419727 2.2724569609811924 2.2788351187727036 2.2781180436548114 2.2761670897134687
2.301402375837003 2.313182140240809 2.3202617344144505 2.322265202066739 2.319199105422282 2.3119036759851306 2.303113249877975 2.293055300798476 2.281762678888581 2.2653369288370437 2.241152335365579 2.211307904043261 2.1775658973564744 2.1424870044811413 2.1076548658748395 2.0739852414627866 2.041802365248986 2.010918485411527 1.9808363408593936 1.9512014579750963 1.9214931346722495 1.8923064749236471 1.8658923638347766 1.8464837159593994 1.83898503103776 1.8452951588058117 1.8634605528232249 1.8906438605178884 1.9222949040196708 1.9541377885645352 1.986140354255776 2.0198697839705875 2.05415430466084 2.0882479895545285 2.121692330605926 2.154224770732439 2.185685736131163 2.2154194496189406 2.2407591250132577 2.259840995412788 2.2722022869483403 2.277393867797576 2.2763243435453533 2.274841951998718
2.3051468771149337 2.3179032422865973 2.3252227478123957 2.3267005477017264 2.3228308816141174 2.3143817580595085 2.3040877943780145 2.2930569111506265 2.281366207006805 2.2669441952220595 2.2453666809667694 2.21863212015427 2.1889199245970747 2.157633825895157 2.1259410770560163 2.0946782369601933 2.0643127164035366 2.035002792127367 2.0067498957344903 1.979584423110536 1.9536261753235968 1.9298770411776318 1.9102519771699014 1.8975635262390749 1.893945790243361 1.8983430093509437 1.910963693854272 1.930146945650718 1.9530213051331051 1.9772244944409199 2.004945170803352 2.0353184319983093 2.0671398097876152 2.099567778232833 2.131838889394851 2.1633091941030065 2.1935372876756967 2.221738907852018 2.244876699102226 2.2619738324052787 2.272526210103602 2.2760516178870756 2.2748392461784848 2.273822723742968
2.307743724016607 2.3221875890252055 2.3301232537073258 2.3307845982802986 2.3259292515956043 2.3168874890623017 2.305196250107095 2.2931697346747657 2.2809181281416255 2.2678684845013843 2.249559256309899 2.226854566121884 2.201185792303862 2.173705642200882 2.145424251436984 2.1171426622872676 2.0894375081595333 2.062709851756172 2.037296867673878 2.0136115034403246 1.991786282075611 1.972987054725793 1.9589460104370429 1.9511414649072871 1.948289333937122 1.9509562121675705 1.9592144595923175 1.9720122119140757 1.9874748439082057 2.0067972914339016 2.030640541196878 2.0575596423515115 2.0863620186923666 2.11609184565976 2.145988840008033 2.1754448640803568 2.203966544743499 2.2296601744258546 2.250128685435629 2.264784956196796 2.2730868503788915 2.2746116647605636 2.273747638421161 2.273192950614508
2.3081152964540497 2.325206168719682 2.3345744344425925 2.3331703377903303 2.3272524711514535 2.3180211774473585 2.3058162685156565 2.292902757766871 2.2804851817096936 2.268815492675128 2.254424535264196 2.235752315571735 2.2141247598428575 2.190549316007838 2.1659415501687858 2.1410880239987806 2.1166431195352624 2.0931673840918275 2.0712056665672844 2.051382002055419 2.0339635665774436 2.019728913389989 2.009819865637087 2.002942680495844 1.999519775853412 2.000050265524107 2.0044170545614985 2.0117975457516786 2.022453205389967 2.0385520752559634 2.0589881222066793 2.0825863025035813 2.108300770689666 2.135238931335246 2.1626537564591133 2.1899232215278324 2.2161870399988945 2.2385761970005174 2.255994118493432 2.2678239475563022 2.273491534705593 2.273548841297692 2.2731318722612635 2.2730235716142353
2.3052917711667744 2.3223312853809404 2.3325654661451596 2.3309181107067074 2.325447719134551 2.3171030582132914 2.306191866057334 2.293604142861033 2.281606710545084 2.2705447195949158 2.2595430863014707 2.24496521388852 2.227449267180416 2.207909644792116 2.1872035002180064 2.1661103699310447 2.1453341820632685 2.1255314606246287 2.1073631720288843 2.091549613416834 2.078385552380522 2.0678699059983248 2.058716386901444 2.051470395670987 2.0467918937244014 2.0448697286332176 2.0454710205894706 2.048754263126562 2.0573740028820007 2.070925872843227 2.088500278940205 2.1091581386468174 2.132009321519037 2.156251236072112 2.1811801288062367 2.206176389120174 2.229023897716529 2.247829389491716 2.2618962783384 2.2705827017235083 2.2732912895074415 2.2730513210582197 2.2730235716142353 2.2730235716142353
2.3019509390998665 2.3139037375409877 2.322737288412602 2.3248590344060887 2.322001429898809 2.315809707859952 2.307007214899838 2.296076414155081 2.2844831907507213 2.2738954250729666 2.2645277464056175 2.254145799013785 2.2408416301613054 2.2254696061174393 2.2088487814206696 2.1917520586472596 2.1749096281482627 2.159028303724938 2.144823999741165 2.133028447029043 2.122498732573147 2.1124954736769292 2.103390366984902 2.095554516788312 2.0892607036736917 2.0846750839535737 2.082210112146097 2.0845290355559145 2.0917175175442093 2.1032427287143607 2.1184212067419894 2.136505697342196 2.1567497970439464 2.1784479825239966 2.200955397995537 2.222841937402381 2.2417064235152395 2.2567356866152006 2.2672231681840884 2.272512606699042 2.2730235716142353 2.2730235716142353 2.2730235716142353 2.2730235716142353
2.298242053065224 2.308279325270841 2.3152486313461282 2.318830957707203 2.3185075431673496 2.3147044468882614 2.3082016876874403 2.299574078007633 2.2893191131681006 2.2791044835102903 2.2701452870332326 2.2629614687837956 2.253971046887081 2.2428812580706405 2.230483723019489 2.217541965719314 2.204794553042714 2.1929673688471945 2.182118789111217 2.171811266774682 2.1616806850810906 2.1517812355654424 2.142368057673403 2.1336571101024098 2.1257605162228037 2.119421217910563 2.1170722156922075 2.119002956571436 2.125106196951197 2.135000494886803 2.1481657518073813 2.1640055336333153 2.1818973964900352 2.2012287915813227 2.220938428390269 2.2386697664110162 2.2534762747790813 2.264602692344467 2.271327603056933 2.2730235716142353 2.2730235716142353 2.2730235716142353 2.2730235716142353 2.2730235716142353
2.2945672333433405 2.3033066543347562 2.3097213556812157 2.3136086397120166 2.3152461943391187 2.314150270456481 2.3099163089889365 2.3035591692676327 2.295586707166069 2.2864655515558394 2.277842523004476 2.2714461902984615 2.2665056365278664 2.2597868686396887 2.251707986171807 2.242885014103308 2.2334473955124867 2.2237024010959465 2.2139449301180223 2.204343221143646 2.1944996785052875 2.1845061682287374 2.174533560371419 2.1646980854235944 2.156502803768997 2.1514365865690217 2.1498103709805108 2.1517373369250983 2.157138595194374 2.1657692913745437 2.1772569699871136 2.191143085253427 2.2069205489063997 2.22367117902941 2.239288065328579 2.2528147662961047 2.2634512753927143 2.2704311803838424 2.2730211143146457 2.2730235716142353 2.2730235716142353 2.2730235716142353 2.2730235716142353 2.2730235716142353
2.291306757208799 2.2989801866682065 2.304832817516867 2.308701190237672 2.3106783838718665 2.3110057207075165 2.3099083005129075 2.306687022301058 2.3014264937984357 2.294720705536561 2.2874074722261657 2.2812237649397575 2.27719723130506 2.274067299576368 2.2691160521733433 2.2626886727761026 2.255197827935485 2.2469989794369667 2.238402361965362 2.2294596525925314 2.2198065694108773 2.2095699973673186 2.199427238565063 2.1909047000083945 2.1845565906803555 2.180790226429803 2.179871635743176 2.181912158875745 2.1868706876350936 2.194569735666468 2.204720804932715 2.216953560566426 2.230321534833669 2.243129750019553 2.2545652327230035 2.2638525661630395 2.2702334356843124 2.2729714140517876 2.2730235716142353 2.2730235716142353 2.2730235716142353 2.2730235716142353 2.2730235716142353 2.2730235716142353
2.2885298200288373 2.295256024931152 2.300523862629695 2.304183514355397 2.3062418748290785 2.306812084685523 2.3060418385433037 2.3040840801772053 2.3010650502520695 2.2969102352032484 2.2919978329698316 2.2871372748638255 2.2828208678685877 2.28002527893346 2.2778392529638776 2.273885372178912 2.2684376336509295 2.2618597914174092 2.25446549024692 2.2461184494407274 2.237283883261111 2.228711902536877 2.2209531633671786 2.2145166118844952 2.2098418706941736 2.2072737667313924 2.2070430575317106 2.209256444937568 2.2138970978017687 2.2208347672020388 2.2298117833204105 2.2396556867933026 2.2493861345191974 2.2583034949776954 2.2656906289535677 2.2708265760224378 2.272996117241861 2.2730235716142353 2.2730235716142353 2.2730235716142353 2.2730235716142353 2.2730235716142353 2.2730235716142353 2.2730235716142353
2.2861969861510363 2.292052308400596 2.2967198858575806 2.3000570759141725 2.3020260915702844 2.302664487278935 2.3020500770188512 2.3002835773607377 2.2974588208926194 2.2937526548245826 2.289959939282251 2.2863338654589067 2.2829770985355053 2.279980834101532 2.2775738613686873 2.2758594738958577 2.2728007755136095 2.268514699284607 2.2634807052990045 2.257670139224488 2.251454881360316 2.2453355371342987 2.2397914284640215 2.2352608059809342 2.23212040028115 2.230666889974981 2.231102868488601 2.233529259413874 2.237943485574547 2.2437848528532838 2.2503158246643 2.257004883970626 2.263261274749111 2.2684533561231413 2.2719242930198202 2.2730235716142353 2.2730235716142353 2.2730235716142353 2.2730235716142353 2.2730235716142353 2.2730235716142353 2.2730235716142353 2.2730235716142353 2.2730235716142353
2.2842353332286605 2.289279592804286 2.2933424647528207 2.296287714517582 2.2980534156558337 2.2986296963643826 2.2980498329401358 2.29637334746725 2.2936639882763643 2.2903412441068367 2.287041670411764 2.2838838791342875 2.280969787843421 2.2783915549109244 2.2762333486627835 2.2745729239581323 2.27348293881755 2.272217647988615 2.2699590192140726 2.266727367337067 2.2629702927546855 2.2591335232450755 2.2556387036990095 2.2528680781885186 2.2511490714481353 2.250740507609962 2.251722903762968 2.253858462187291 2.256935060229124 2.2606457496584915 2.2645942012327085 2.268309837980697 2.271263553369728 2.272882713105615 2.2730235716142353 2.2730235716142353 2.2730235716142353 2.2730235716142353 2.2730235716142353 2.2730235716142353 2.2730235716142353 2.2730235716142353 2.2730235716142353 2.2730235716142353
2.282567041714548 2.2868523561330147 2.2903155458150652 2.29282744261182 2.294312261277354 2.294731287234674 2.294089122030069 2.2924143759935034 2.289814402538752 2.2869767994753607 2.284160126681541 2.2814714196025014 2.2790093871125263 2.2768650335014295 2.2751226223744787 2.273860711185031 2.2731531204655933 2.2730235716142353 2.2730235716142353 2.2725006776413474 2.271175180134101 2.2694907263964543 2.267827263821773 2.266488216193546 2.2656897237083657 2.2655523837341356 2.266096419517867 2.2672408540656 2.2688067904105362 2.2705244006860315 2.2720428159751704 2.2729418677128024 2.2730235716142353 2.2730235716142353 2.2730235716142353 2.2730235716142353 2.2730235716142353 2.2730235716142353 2.2730235716142353 2.2730235716142353 2.2730235716142353 2.2730235716142353 2.2730235716142353 2.2730235716142353
2.2811199457330797 2.284693418430119 2.287568655088417 2.289624234894653 2.290775105575129 2.290967943309284 2.290187931035721 2.288441131920312 2.2861468565767775 2.283772898104461 2.2814232420225493 2.2791973568297497 2.2771892079158063 2.2754871076010477 2.274174039113194 2.2733282062160365 2.273023655608739 2.2730235716142353 2.2730235716142353 2.2730235716142353 2.2730235716142353 2.2730235716142353 2.2729513943896653 2.2727378611677644 2.272561081573852 2.272527560600277 2.272655134256769 2.2728723428356292 2.27302092328932 2.2730235716142353 2.2730235716142353 2.2730235716142353 2.2730235716142353 2.2730235716142353 2.2730235716142353 2.2730235716142353 2.2730235716142353 2.2730235716142353 2.2730235716142353 2.2730235716142353 2.2730235716142353 2.2730235716142353 2.2730235716142353 2.2730235716142353
2.2798306786808067 2.282735093222037 2.2850382315452404 2.2866262264922814 2.287407300517988 2.287324303878772 2.28634832983297 2.284647883633818 2.2827683180979226 2.2808312685930434 2.278930146083192 2.2771565511677245 2.2755989092709963 2.274341845388111 2.2734660503784823 2.2730484420986077 2.2730235716142353 2.2730235716142353 2.2730235716142353 2.2730235716142353 2.2730235716142353 2.2730235716142353 2.2730235716142353 2.2730235716142353 2.2730235716142353 2.2730235716142353 2.2730235716142353 2.2730235716142353 2.2730235716142353 2.2730235716142353 2.2730235716142353 2.2730235716142353 2.2730235716142353 2.2730235716142353 2.2730235716142353 2.2730235716142353 2.2730235716142353 2.2730235716142353 2.2730235716142353 2.2730235716142353 2.2730235716142353 2.2730235716142353 2.2730235716142353 2.2730235716142353
