_RESULTS/CROSS_VALIDATION_POSTPROCESSED_80-20/MHZ/TZ/4comp/4/MHZ_TZ_z_500_kriged_reverse_4comp_spherical_4.asc
ncols 100
nrows 81
xllcorner 5.5967107548124995
yllcorner 50.982328804812504
cellsize 0.00017565037499993607
nodata_value 1.7014100000000001E+038
[rows 38 to 56 of 81, columns 43 to 85 of 100]
1.772935943048596 1.6275159311087484 1.521537984971004 1.448075190088564 1.4017571622913367 1.3769019808871643 1.3600014014535204 1.3519075183582354 1.3533186471723682 1.356877700923464 1.3463734856759029 1.3274320039692102 1.298952734334434 1.2617124299039462 1.2161140981829837 1.1558084862046365 1.0805453214063172 1.0021273006779063 0.9282432014615088 0.8662816686665252 0.8230633844548977 0.8040145554704728 0.8105640101021048 0.8374936626510867 0.8814805788553504 0.9350720248421855 0.9908143357599178 1.0386695622648787 1.0748319436937945 1.1038486817409636 1.1437179347784538 1.201306666521894 1.269570886480403 1.3469095464599627 1.4310582729223085 1.5181315323703128 1.6021124149922141 1.67406889488355 1.7250285851499632 1.7601693005798467 1.7811635822196 1.7866970349028641 1.7770592418226836
1.6630731005301274 1.5297721099076014 1.4331417323627595 1.3676993266857085 1.3279708860743171 1.3097361786975903 1.3005674370837672 1.299982673233895 1.3156734975922335 1.3411062640233986 1.3559559869442777 1.3616938145413724 1.3556423361762702 1.337587168659549 1.3094739376592461 1.2662368903022623 1.2044374526383221 1.136593945902967 1.0731430822993584 1.021305294554948 0.9874424274008555 0.9762583179595559 0.9891261159021947 1.0262329980103413 1.0836271398907769 1.1505572461314777 1.2101036272906633 1.2476436036670016 1.2652450759586613 1.2768024399362035 1.2984602148198192 1.33896959742325 1.3956177200748459 1.4657911362527984 1.5462464016058062 1.6317596818276339 1.7144093969055536 1.7844314461662059 1.832944275627094 1.8655638324585828 1.8800497683693895 1.8755939108914752 1.8539729242940457
1.5545213155947397 1.4405605902809264 1.3568892528426142 1.301678962995014 1.2710176048095512 1.260635976262329 1.261917011826676 1.2662217337800912 1.2965101813828777 1.3540651390560507 1.3982381248213536 1.4294714291512882 1.4461886968337616 1.4488952300841562 1.436808560666978 1.4072652788274436 1.3610329218884416 1.3027886876764976 1.247885121287766 1.204340159273948 1.1782521470023677 1.1726554295340856 1.1912397285761693 1.2387755319575426 1.3178810128298308 1.4080577015420255 1.476286826845978 1.4907526266753495 1.4689466206184192 1.4464774420047837 1.4426156744328182 1.4645072372569057 1.5089933624117948 1.572383776148948 1.6495141645502092 1.7340604789783498 1.8176783288946605 1.8884993174962166 1.9401734144765728 1.9730751619581706 1.9813064662112851 1.9656360421662276 1.9310880013112999
1.4486129524585505 1.3552363302473018 1.290453732743246 1.2501951446952864 1.232362883999555 1.2351997929921672 1.2534875650353579 1.2737921482769372 1.3224373798268767 1.4092538637805903 1.4791639786330761 1.5342212606631416 1.5725789303112174 1.5949250162562296 1.5977434789116916 1.5798309358437828 1.5468180807053418 1.4992275917390092 1.450445293875967 1.4126430211724539 1.389647946582414 1.3862271009354257 1.4078117069887885 1.46303176483856 1.5571976132075638 1.6843433515586859 1.7883587283833602 1.7471069791621237 1.6539372774190302 1.5857276458080865 1.5542861673083213 1.5597031080292403 1.5948148109765348 1.652931604956697 1.7282527394643095 1.814098901035961 1.9014999592751116 1.9783408897415593 2.042183222484968 2.0799631936975187 2.081141140693101 2.0511996467518836 2.002031603682171
1.346400869612753 1.27354157874339 1.2287017794313553 1.2090373916869932 1.2118205071712558 1.2343924899611876 1.2770372784330348 1.3373123318388034 1.419565294306682 1.5142282369671802 1.6028611247628084 1.6792204024149395 1.7371951029601578 1.776223199887881 1.790618186129718 1.7822921196670998 1.7578214850753209 1.7218443453184702 1.6773946945350782 1.6399487082531676 1.6140830468225988 1.606445396637422 1.6209769637383025 1.6674654967542661 1.755222207295814 1.8915384165144817 2.0638279104189987 1.918462091799838 1.7639550050616897 1.662147939350302 1.6115187321201159 1.6071419425841584 1.6384008198515223 1.6955890923268029 1.7717174770008817 1.860209947737318 1.9527922878097344 2.044713402609879 2.1321088324702133 2.1833869683980702 2.1725439558722375 2.121968625204977 2.056783848791064
1.2487062094347599 1.1952935853116176 1.1710312264607987 1.1741177810196584 1.2018348068361864 1.2522458738717237 1.3254494783733646 1.42434581191147 1.5415916384498995 1.6592039786860902 1.7695332609947558 1.8672248839268708 1.9423312584084675 1.9926610082815428 2.014035609148334 2.0118920906286712 1.9927264710087353 1.9609135960138235 1.9195801546953428 1.8762419198002596 1.8392979547191954 1.814569694230264 1.8067544250493284 1.8256824902686022 1.8746440428249391 1.9434858866224085 1.982195949723475 1.8986811118917468 1.7636169499554568 1.6561185577005693 1.600671600419963 1.597496721214951 1.6331962533244513 1.694027468022214 1.7724521050226654 1.8623802830915661 1.9588751797576582 2.069720251579326 2.1915472591760943 2.2806268929903606 2.2357194744267037 2.1593732151300546 2.082964959191582
1.1562511577795322 1.1203660397419082 1.1168117077145583 1.1439929960198587 1.1993135252752436 1.2809841258605532 1.389323038205299 1.5270370796729131 1.6860952485976743 1.8402385194989201 1.9808251547657647 2.1028861449301073 2.191626971545051 2.2439370664459743 2.2647283525770066 2.2662534521640865 2.2499281761030887 2.2151470133373086 2.161608634441686 2.1007396686964115 2.042200039726103 1.9908563075124615 1.950343246330796 1.928265367352327 1.9225870695040281 1.917746259806661 1.8872672730199564 1.8053843229749418 1.685157569660208 1.5773344956259046 1.5261636325136816 1.5373883913448574 1.5845023509998686 1.650323242401234 1.7289127096112502 1.8157653315412303 1.9157220116903901 2.032062668310642 2.1607207546056904 2.260980860503558 2.214429988815533 2.141741468533941 2.0774584880477183
1.0700253322139757 1.0487219518808866 1.0651292793116118 1.1182418525809428 1.2042373923237197 1.3206062805090564 1.4677448098206196 1.6465689838760547 1.8458508739360442 2.048760820396275 2.2315127034140754 2.3855272265856042 2.4848272201660424 2.521432008181619 2.529619639612442 2.5360001699054004 2.520468368167777 2.475368713457212 2.397660146672675 2.302450180851878 2.212608027613628 2.127894073375198 2.048940331267344 1.9821729001703512 1.925421955497792 1.8671547035470644 1.7952259650291833 1.7027459108033733 1.5829394628306521 1.4579471582363441 1.4088379868006138 1.4501702829307093 1.507743377277251 1.5742384647929746 1.647572247613203 1.7307735626148453 1.8283402390973889 1.9351473838526652 2.037883487754344 2.1042061173328928 2.1073902679198064 2.077709209660518 2.042588480240563
0.9923146888124303 0.9799556657765142 1.0158679347413984 1.0986477478446741 1.2193214881752803 1.3739263332739453 1.5637920655886186 1.7846594150456325 2.0270593063709352 2.2800812868193825 2.5184085201073994 2.7172854885788293 2.832721101763258 2.822147189151947 2.8046420031942523 2.8339297925904203 2.8133800814111565 2.743660487467265 2.6288941988219867 2.4884729708462774 2.351815743022815 2.224362589402642 2.106140112260987 1.998203084567331 1.9007783745779445 1.8068521669762856 1.7107052021035372 1.6107235097281754 1.500030343685456 1.3851353268250974 1.338086914867154 1.3719533287868024 1.4201391221783854 1.4766977285190976 1.5425450644106755 1.622465563331527 1.7130628309707352 1.8071713244918082 1.8924437223584512 1.954998046640136 1.9861795098794384 1.9930237209294648 1.989050453289928
0.9291038386698992 0.9143171398449812 0.9716182608890438 1.0921643076867156 1.251100198114627 1.445806929671685 1.6780114491731501 1.9412565001723034 2.2311666386169713 2.535966646995813 2.8316001205808647 3.0930584586956593 3.2591336615520716 3.259728539700367 3.215820177869361 3.209522744178218 3.14361496808863 3.0223432208908876 2.853653566843149 2.658248147165898 2.4690568496944993 2.2928057871419316 2.130443828747066 1.9843082790150532 1.856443912737105 1.7399502818262838 1.6313011475477597 1.5306740831523882 1.437786555074504 1.3536931582540959 1.307472843310755 1.3048735536769227 1.3271071429789794 1.3686115175614213 1.4283859527484641 1.5025869348672083 1.5862287257044434 1.6735698333543876 1.756041044941577 1.824502222138655 1.8737884735659922 1.906309448868802 1.9285945261266435
0.8994571153067248 0.8631409189468217 0.9534520751103001 1.1152321004631764 1.3084489053860147 1.5397730080778187 1.8078175749328327 2.1123543464238304 2.4504704521322855 2.809885732392607 3.1625807416298923 3.4747783095572338 3.706974093088288 3.7953501438331947 3.748299413513273 3.639272826652514 3.4892893959488305 3.294917719341802 3.060475356888402 2.8050205044464853 2.5624123989872976 2.3396454478791213 2.1376210701680587 1.9569898213873276 1.801843888438244 1.6679684681745515 1.5519877354493832 1.4532669323237486 1.3726794467868266 1.302081116079289 1.2517391390459682 1.2269971198279346 1.2295078169689904 1.258774756378655 1.3129222386406922 1.3850820919402265 1.4680754921823207 1.5547991650321482 1.638488213813398 1.7133153139956243 1.7759154098925558 1.8268311751161659 1.8697676243906267
0.9214126546638979 0.9266198635500538 1.0146519279204218 1.1774712390108655 1.3884359318696655 1.6416303078043444 1.9383773291609798 2.2809541222650647 2.6666962896481055 3.0815828198746256 3.4902100472919493 3.8371252419275836 4.084866727712111 4.196826436595505 4.1565674658222616 4.001855910430333 3.7849064778019526 3.522900040221752 3.226828938142902 2.916481181988585 2.626548083437872 2.3639293673418855 2.129585087437255 1.9227093954617456 1.747206159941602 1.600466335891718 1.4785734929754988 1.3796454020149431 1.303346940623066 1.2367062563119786 1.1827517348239618 1.1481560447116086 1.1373090035086229 1.1565586659832694 1.2087752615577203 1.2832392061904432 1.3678476572798293 1.4556149889719916 1.5415340769728145 1.6218370420247665 1.6943549896459547 1.7589477573978336 1.81688364702747
0.973241226262823 1.0100465858650223 1.105542068909676 1.264755773714352 1.4772652966409183 1.7393830980250637 2.053343472586741 2.4220062190321947 2.8447720318304444 3.310708887044815 3.781539831820947 4.1638482958003875 4.381013780480092 4.455205254930324 4.395286559168065 4.220113903139019 3.971209934885446 3.6669232903635196 3.327841752254326 2.978666345752096 2.654448399735852 2.36269821025908 2.1051826587908695 1.880912704003487 1.6910087757936147 1.535697821787956 1.4101191036225966 1.311034590140623 1.2378675028454431 1.1768416422012529 1.1236773801060955 1.0820249027826785 1.056240098858458 1.0636632156926116 1.1220041981061526 1.202036522090894 1.289126902181514 1.377973558558262 1.4656842975927602 1.5500555861251695 1.6297847092042936 1.7047215818324606 1.7705879304170675
1.0316767786898398 1.088199713219329 1.1930523035756015 1.349161030013692 1.5577883129244943 1.820172236067024 2.1391022286238943 2.51798294165848 2.958132691304096 3.4550333450702584 3.988173917088626 4.424735518302648 4.561017802008912 4.575152641022151 4.489209348711202 4.30172759543914 4.038146521143852 3.7138456075772535 3.350972010192778 2.981716636099475 2.6397748746900493 2.332098903909646 2.0618978987348004 1.828954692573388 1.632025520315847 1.4733140956194335 1.3487996726536597 1.2543699029071649 1.1871013026906014 1.1320608221583215 1.0815804572355876 1.0387091908140749 1.004293182350228 0.9949202961946086 1.0677985395748573 1.148541259824554 1.2343511007482557 1.3224743600058624 1.410615045781613 1.4974741599191894 1.5823121486353742 1.6642486954416953 1.7317317030976898
1.0884474122367527 1.1564105632435127 1.2636089454638102 1.4157817302091784 1.6172477298357024 1.8721534042223458 2.184193865584612 2.5555819477514943 2.9864736474979194 3.470959349490293 3.989397485252751 4.413269687472115 4.534942824699522 4.534947443447966 4.446996984432425 4.26456385830151 4.008801484631678 3.6861796879003066 3.3175318614840834 2.943435579850225 2.5954915957600297 2.2832921165099864 2.0102329504235645 1.7763998366392535 1.5802967992441366 1.4222893447043023 1.301329616795843 1.2124916473330818 1.1518090366321994 1.1033266389947989 1.0588664705036728 1.0233079708136943 1.0016334078760547 1.0088452550594418 1.0565083876453711 1.1254676587979362 1.203972751413158 1.2880845733641577 1.3751431666492246 1.4632840333991686 1.552207810095659 1.6336305612902204 1.7000331298817863
1.1348686022572103 1.20566920072584 1.311595220250793 1.4577561407613444 1.6488646864001846 1.8893770083780717 2.1833053413331456 2.5317972194730145 2.929961571782472 3.3632091884627435 3.793775689763166 4.13754192130165 4.319306313287577 4.355882628496877 4.278811773517742 4.125257166811571 3.898956277580534 3.595523492015256 3.238466950246492 2.8757130430698696 2.534341731323102 2.2265782430595302 1.9571452865358447 1.7272458950352305 1.5359064681256298 1.381710201190288 1.2654819864688038 1.1833759014203737 1.130517269923963 1.089192619304129 1.0530256103837576 1.027715342304925 1.017979121723939 1.0304984600314149 1.06831716113298 1.125716773260807 1.195607324463859 1.2737658306222743 1.3580485374589009 1.447040533829351 1.5344389439568995 1.6112457161723133 1.6745648833349809
1.1639656629050938 1.2336648170828992 1.3349876494738158 1.4722550132347019 1.6496893675828024 1.8711102074361128 2.139240970659556 2.454186771276879 2.808390764264285 3.1824145741814878 3.5429721069310185 3.840028958245676 4.029513880316853 4.096555392187317 4.0425334941149895 3.920024402357018 3.734777361168958 3.4567481486598854 3.1238804829723557 2.7844079394822585 2.4613818245780026 2.1663107281066725 1.9055046191615879 1.6819439081556646 1.496619392454615 1.349288631189028 1.2391162329995336 1.1651517217051977 1.1213013443454505 1.0872323471704015 1.0601881369906025 1.044111665807412 1.0422488016623022 1.0576694637035797 1.091610406051538 1.1420755553817545 1.2055148372101225 1.2789012199711296 1.3602267843347293 1.4448859874112274 1.5244901021667387 1.595359208745628 1.6540191710240213
1.1743265829574667 1.2398652963900951 1.333598089228372 1.459306016234862 1.6204351424593249 1.8198536047721394 2.0589697826203346 2.33621245684671 2.6444936885095376 2.965235113287312 3.2724888430883556 3.532950509489415 3.7155264981035545 3.802174086241365 3.7913685544543476 3.699267979093461 3.5332612178846396 3.284963995398995 2.9862395175742873 2.6792717277729348 2.3816349710888858 2.1053279275438337 1.8577897261650684 1.6432607717865015 1.4642935407470459 1.3231772686586134 1.2214938720426072 1.1572807342322413 1.1231794835956508 1.0969183519176318 1.078636616437658 1.0703013858559345 1.07430506692088 1.0923541106752654 1.1252433944948381 1.172273650763368 1.2317312451898588 1.3018008427324375 1.3775784763182966 1.4522828117039814 1.522495025116629 1.5850444014954057 1.6370826156777767
1.1609973770737463 1.22474345686898 1.3087529531612572 1.4209565544596297 1.5642696479315779 1.7406548133275652 1.9504881806017627 2.1912882629435857 2.45607600345232 2.731047698958614 2.995107868881061 3.223977294066112 3.3942708412167266 3.4896737538755622 3.5043098033535274 3.4410032901536236 3.3044104228261517 3.0972499821395676 2.8404917126982188 2.568757815065048 2.300381184119786 2.0470237315069806 1.8164630100176418 1.6134551219113118 1.4411031566286914 1.3036742390372118 1.2107742691804146 1.1623132918679315 1.138468364337411 1.1208651833230892 1.1101373215189176 1.1080686311773396 1.1166902797496832 1.1371699106497342 1.1702523194794954 1.215875157964344 1.2730913289190653 1.3366808153981782 1.4024247918230324 1.4671548546355253 1.5277777730997957 1.581376597142328 1.6252980634912821
