_RESULTS/CROSS_VALIDATION_POSTPROCESSED/MHZ/GZ/7comp/3/MHZ_GZ_z_710_kriged_reverse_7comp_spherical_3.asc
ncols 100
nrows 74
xllcorner 5.5967023332191781
yllcorner 50.982320383219182
cellsize 0.00019249356164376555
nodata_value 1.7014100000000001E+038
[rows 18 to 35 of 74, columns 41 to 81 of 100]
0.0021947818171142467 0.0018665808433475151 0.0015813497008905588 0.0013497734534584503 0.001174261503272536 0.0010530186336994939 0.0009829451217508018 0.0009492824874172788 0.0009454099448309563 0.0009707695819749475 0.0010251680211564422 0.0011088076999361412 0.0012220414817872593 0.0013647149765285901 0.0015350858643497691 0.0017284768080842688 0.0019359490631797862 0.0021434021181633445 0.002331604594424491 0.002488748775730404 0.0027043224031959973 0.0029973546534273207 0.003375304174488071 0.004013870846220532 0.005076883595962234 0.006697841645207852 0.009118737521707795 0.012744040222888255 0.01817398903832955 0.026254098644794072 0.03804482972654708 0.05448654514910279 0.07518237078365693 0.09549647524147455 0.10453320615991223 0.09497266053547962 0.07465947484248389 0.05432878241472196 0.03823740500704178 0.026662421400052854 0.018671974258680984
0.0024999989478514156 0.0022904585002197727 0.0020955573674300287 0.0019337188646089555 0.0018173578256073437 0.0017525002448125083 0.0017236361078045831 0.0017273708838673432 0.0017620174571008366 0.0018236994888686706 0.0019076049868875795 0.0020097329708201814 0.0021276946839006447 0.0022596393503123615 0.0024020654419959213 0.0025478964971602873 0.002685564688492196 0.002799268413762792 0.002870433483567599 0.002883812378187124 0.002931102339846362 0.0030433836592099026 0.0033093135036529066 0.0038362283921514963 0.00472949225835985 0.006125461090130168 0.008167231344399686 0.011139410687810321 0.015430442982079996 0.02151480180501104 0.029837765115182355 0.04047080715485922 0.05238694261960968 0.06259514572460155 0.06668346261489982 0.06252151125146445 0.05255889291243208 0.04098397485345207 0.03060958239968193 0.022409287448329537 0.01633346701450439
0.00284188775827767 0.0027955056033064267 0.0027518154657838485 0.0027346647114224335 0.0027513577652395877 0.002797694130385489 0.002879510502147401 0.0029957516791314443 0.0031357413674535646 0.0032792214749003392 0.003403371062592125 0.003494693810600231 0.0035542461551277232 0.00359078409799236 0.003610694633743351 0.0036130338437322467 0.003589746823617449 0.0035283323915871263 0.0034152772679200186 0.0032395972925516616 0.0030711740077916396 0.003042370065938285 0.0032181715535955524 0.0036260978598974427 0.004339795352807005 0.005479198114721315 0.00712109399035268 0.00943435295394263 0.012639445366308642 0.016956200961630957 0.022495844438128985 0.02904453222137764 0.03576209187788369 0.04104288367649926 0.04315225778090923 0.04136732347379063 0.036429041833584676 0.03003522000728423 0.023698013965439923 0.018255776004692203 0.01392075602272806
0.003197126649494751 0.0033635538519302052 0.0035347501607971496 0.003720062614030985 0.003937175400488099 0.004201834417527409 0.004523033451163433 0.004893815487008489 0.0052774358714063035 0.005599689446652417 0.0057755716383245505 0.005770972743152374 0.005624093224706463 0.005397945349126034 0.005136446423458837 0.004856945119791215 0.004559389977796021 0.004236259143559861 0.00387956551724718 0.003485313174933435 0.003146757418392367 0.00302817540062222 0.003110209501639108 0.0033997589413563016 0.003942263009547546 0.004827156440723836 0.006096062731770165 0.00782430337719512 0.010121321860054266 0.013065088135756615 0.016630556932071213 0.020582527083119983 0.024377519794089156 0.027235393321698328 0.028493915819727326 0.02777965524493602 0.025456001381780502 0.02216206289774368 0.018549188560635217 0.015107837844003212 0.012103896907347993
0.0035025546443774465 0.0038801679238988206 0.0042838013620146425 0.004737309340680205 0.0052611164322761235 0.005877657712167629 0.006604731474761769 0.007436890829346997 0.008302962865260336 0.009005579847607657 0.009248386444560257 0.008942817569127095 0.008301287243318656 0.007551646854076816 0.006806485825004657 0.006098912264353365 0.005428284720022901 0.004784485319595211 0.004160534252604864 0.0036295191029462963 0.0032194198859085824 0.0030069470019096563 0.0029958919890859595 0.003173892339463492 0.003562641021699375 0.004219825088643309 0.0051688010559101895 0.006420255665827726 0.008019714814454782 0.009978883668103226 0.012236020165515716 0.014610446838175705 0.016784658242239812 0.018445828995440745 0.019399861210005323 0.01949192007798803 0.0186761656114329 0.017125299739957606 0.015132077952488844 0.012990813591082702 0.010924997850217763
0.003656174066799772 0.004246470565989083 0.00494681532800548 0.005749294406385654 0.006681784323344091 0.007779996112591877 0.009082856358110104 0.01061204877726383 0.012296499083187123 0.013730435314205288 0.013954623716284906 0.01278507819664967 0.01118805138955339 0.00964116479474549 0.008261458477376152 0.007050282745092926 0.005980124989764557 0.00505103017013752 0.004313467650918826 0.003736396558618832 0.003289852199032669 0.002987197733941156 0.002886684511614211 0.002963684574852698 0.0032204659859848095 0.0036883485652290035 0.004377939993954806 0.00526257310635085 0.006354683819794096 0.007640737587805448 0.009061269590968257 0.010494025693149127 0.011813013773942626 0.013043181610571955 0.014008035346465766 0.0145254911740206 0.01449647082923946 0.013933379059925224 0.012942474095956294 0.011677627426213564 0.010293977900270965
0.003873530185190831 0.004576212521017818 0.005479626618975964 0.00662142474350379 0.007999854510570129 0.00963238920641117 0.011579889771515143 0.013916509139254884 0.016704077437494993 0.01974988971558278 0.020039419644517 0.016615796277856174 0.013479349050491278 0.01099394914587257 0.00903287867011587 0.007430259314893998 0.006165728388269045 0.0051734377798393055 0.004397854041730586 0.003794938523916194 0.003330411018981793 0.0029795916112603667 0.002794370904117329 0.002782034652344974 0.002928956142921605 0.003247122660689771 0.003734026887023874 0.004346652695462756 0.005081837719431901 0.005919741060392136 0.006813852354847968 0.007721528172721886 0.008729438857035334 0.009775394686818074 0.010736456625748214 0.011482655390759997 0.011908531622374461 0.011959779952041493 0.011642679550892989 0.011014622291294457 0.010163471236094236
0.004186735941025981 0.005016566488558976 0.006076769385003444 0.0074072031804268195 0.00904924413378976 0.011044293032967943 0.013432773217471232 0.016251889797585354 0.019515400612063912 0.023035160112314358 0.02302697054212553 0.018359125497021372 0.014389898997189857 0.011358174970825061 0.009101690427528716 0.00744760781756653 0.006177225221380952 0.005181220531208298 0.0044031975454937415 0.0037986350850754053 0.003332967492480388 0.002979861818219633 0.002730981235860523 0.0026397880228829318 0.0026964189307973887 0.0028985689995499643 0.0032310979687880654 0.0036459772547426956 0.004134264282066684 0.004677119920204052 0.005263228025061389 0.00596793114104175 0.006812771552931038 0.0077535181944226594 0.008717160786721035 0.009612443384750093 0.010344401422119955 0.0108329511963638 0.011028758725235392 0.010921153347702441 0.010536619739070234
0.004600257021671911 0.0055770196539961445 0.006812801256628106 0.008340778529550017 0.010184482069732045 0.012349684249410804 0.014810949358910221 0.0174781338842545 0.020086082455582868 0.02182795584586657 0.02105120060806492 0.017851705999812256 0.014295878206453979 0.011298487148038749 0.008982525285126036 0.007262419661953201 0.006018406051201167 0.005073220071561008 0.004328812980051995 0.003747065158676941 0.0032972536294691803 0.0029554429686487194 0.002703663906256759 0.002546802727001476 0.002528481972178502 0.0026409604110771453 0.002856163079296701 0.003127773040034979 0.0034456984495684767 0.003801392906373229 0.004262053705656982 0.004858608081381469 0.005609858770462521 0.006496654642747394 0.007480769611238115 0.008502909166493267 0.009486080974854661 0.010344846079891409 0.010998675439016654 0.01138618318381452 0.011476430383334095
0.005124009641197512 0.006273271465350605 0.0077090288341779825 0.00944748056946313 0.011476428549148515 0.0137395642064809 0.016114378144383084 0.018372309727613164 0.020104711777521843 0.020665635438898645 0.0194812241630793 0.016849454374698543 0.013774880177852541 0.010985373160543838 0.00873178310902399 0.007016357765634745 0.005758722134495373 0.004865041854158592 0.004184017867117254 0.0036459955090350454 0.00322820018897281 0.0029115559854579706 0.0026793686477817945 0.0025200149299376027 0.0024419836660039386 0.002484227031664553 0.0026074613780844146 0.0027719254528537876 0.002967744677290222 0.003238069204331012 0.0036285303609247337 0.004164549742235785 0.004867385260923808 0.005738858584515785 0.00676881231276797 0.007927836217332411 0.009162744117858456 0.010396240085870815 0.011532663881254485 0.012470781429005888 0.013122290114642252
0.005772890037548426 0.0071294153198320186 0.00880086148101574 0.010775512173702147 0.01298860126276087 0.01530450131557954 0.01750356945542945 0.01927547994049164 0.020232751593048895 0.020002125148977413 0.018464520029037316 0.01597268431446234 0.013166732176219872 0.01056554277383941 0.008409271508801143 0.006736541212224116 0.005494056141478233 0.00460438032912647 0.003989016552796494 0.003517327298432452 0.0031492343621957524 0.002868537456972999 0.002662856936288443 0.002523601720046143 0.0024459305997398656 0.0024342724071974376 0.0024814352741319955 0.002563621204064116 0.0026874890792294845 0.002918258348432978 0.0032657967357324355 0.0037641152509378735 0.004444834341421908 0.005332889792380848 0.006440714718424665 0.007769144029779621 0.009296747217350729 0.01096812101249245 0.012687515831165567 0.01432204599311668 0.015720458756232434
0.006565702579890159 0.008177884291296442 0.010139452282391638 0.01239929133293749 0.014822851416901246 0.0171815412904768 0.019168158540257836 0.020442740182446316 0.02070944253657644 0.019825195631254466 0.017909053155988067 0.015348159505036062 0.012631890776058759 0.010142132683781786 0.008068562886909925 0.006447450099550663 0.00523621409950553 0.004372405899130196 0.0037845624158727525 0.0033845755224798206 0.0030712634959455002 0.0028313139502201875 0.0026566148458650515 0.0025416893840295813 0.0024840342781169153 0.002476995063572016 0.0024739242824122127 0.002486568435811466 0.0025783605704140515 0.0027855248975564794 0.0031125081298609423 0.0035991205000269555 0.00428427184490363 0.005210237595448525 0.006427142922853921 0.00797769240758628 0.009876830171484177 0.012110742873822017 0.014604888223002845 0.017204863304824434 0.019681105903438783
0.007522551640833634 0.009457569927703139 0.011791722196223526 0.014421536784020146 0.01711987177519177 0.019543638184303987 0.021298836028195097 0.022049105850421007 0.021624670467354508 0.020088063063907938 0.017727413366025326 0.014965056148535784 0.012213829912752078 0.009761763973168606 0.007741346476165443 0.006171467497369493 0.005011508657418521 0.004182793216140048 0.0036157082695507676 0.0032562294641576583 0.002999882540032472 0.0028038354509769305 0.002663751411176561 0.0025770740674603263 0.0025436286683463115 0.0025447431232703964 0.002540299957977792 0.002540322792248749 0.0026223034022709504 0.0028159877827386047 0.0031383783212895837 0.0036349527189347983 0.00435463695536734 0.0053581805774542985 0.00672600259686786 0.008556213747459214 0.010946905600273055 0.013944676031460362 0.017533873423207953 0.021561308824848507 0.025687971257493857
0.008659288340926535 0.011008129874366794 0.013837093326233663 0.016975228710002146 0.020066144028996025 0.022607483654703782 0.02409940257978613 0.02423669588101053 0.02302229212807116 0.020741826744568502 0.017840028051348045 0.01477421034588261 0.011902026992997326 0.009432676476397337 0.007446099415586764 0.005935763555654817 0.004824108804940582 0.004030256199060461 0.0034865795183269843 0.0031437987403525377 0.002940808052704449 0.0027906075350513757 0.0026882122506368877 0.002633617311117454 0.002627265310112224 0.0026302335113851257 0.0026244448915657636 0.002643793496270529 0.0027625674486947828 0.002988295674334947 0.0033384947246543756 0.0038720485244522727 0.0046572118224578905 0.005783542977852742 0.007369958685655483 0.009576867938607889 0.01260648288371724 0.016667058690931706 0.02181350873898806 0.02783475384063798 0.03402945085285047
0.009976970979330611 0.012856607772737493 0.016355944558348164 0.02022228821216548 0.0239081153875759 0.026657176301795225 0.027810067898234033 0.027138367986902185 0.024917761000229938 0.021722277682919115 0.01816030440949695 0.01470898071457252 0.011660855065601664 0.0091473869321323 0.007198078695643131 0.005736638415758591 0.004668833093889038 0.0039096501747469875 0.003391598608423145 0.003066834781044029 0.00289955735525087 0.0027965293996376427 0.002734866255943774 0.0027242222537331795 0.0027530504359572594 0.002775129565203688 0.002783001345982451 0.0028360433343658014 0.002993107424850518 0.0032617976971386227 0.00366202424907477 0.004258847996499584 0.005138617552147302 0.00641798092465639 0.00827552375986658 0.010931403199763526 0.01468041893596709 0.01987967916217994 0.026798026586332232 0.035272838914431545 0.04427493725994244
0.011444180262999842 0.014989717279476577 0.01939755905323504 0.02433641120043965 0.028969494472382236 0.03208235819351524 0.03272666116482975 0.030865359077234703 0.027269876086661947 0.022919166709155156 0.01857583127110388 0.01468652701741263 0.011442609245965714 0.00890017794773665 0.0069807345963001635 0.005563883419003657 0.004539114394801851 0.0038159351443313636 0.0033263135584577132 0.0030237086084284456 0.0028816052528173337 0.0028426770234480573 0.0028589694634768128 0.0029246567192787523 0.0029943949090356593 0.003045676412080114 0.0030735240924644166 0.0031634172323935527 0.0033612746772088255 0.0036771829633008286 0.004133139874241755 0.004793525708125137 0.005759209426974148 0.0071566757215014935 0.009183717945463923 0.012147934671371888 0.016515849060060404 0.022801641160543448 0.031583359372830744 0.043079196188122414 0.056133183160939626
0.012972556749662098 0.01730401184573565 0.022902092339208424 0.02943168076674739 0.03565380283411806 0.03943457617055393 0.03919277216547862 0.035426220246549345 0.029924577363315972 0.024191770007018224 0.019009778031260516 0.014679424857639003 0.01126074481431171 0.008683900283483764 0.006782912750083445 0.005406592792249601 0.0044281060508506356 0.0037444928409354544 0.0032872804620934924 0.003019238729473693 0.0029399303347328893 0.0029990877709786252 0.0031146333219295042 0.0032530242131586632 0.00337486608690142 0.0034662458844988073 0.00352280465478845 0.0036512314478255774 0.003892338609842361 0.004257769511083462 0.004771392706621713 0.0054900441876043265 0.006529383780405542 0.008021553928594882 0.010171419420704906 0.01330046128283595 0.017915152385191705 0.024812490367819334 0.03504139708686252 0.04948159202477287 0.06800275978012853
0.014407210140210383 0.019537510246951717 0.026539492376469766 0.035325039428441195 0.04434642348273163 0.049559629109441554 0.04776436393526625 0.041054554177495865 0.03310200774468114 0.025795475137919955 0.019721518013155095 0.014928689159295168 0.011318868477118686 0.008661293978056666 0.0067300951081998295 0.00534499916479096 0.004368572721965969 0.0037005702320740746 0.0032898589205311904 0.0031077416564483334 0.0031156475206076148 0.003286932376169217 0.00351068016596967 0.0037316868277098725 0.003927857399490734 0.004077427211874902 0.004173034831165226 0.004341929901307552 0.004626551968058757 0.005038875827885998 0.005603153709564058 0.006365379472673933 0.007446145129588178 0.008980780807202831 0.01116537952466866 0.014305888004229647 0.018884017882305246 0.02566681447339777 0.03588884999867379 0.051356191964967816 0.07366601787690148
