_RESULTS/CROSS_VALIDATION_POSTPROCESSED/MHZ/GZ/7comp/3/MHZ_GZ_z_500_kriged_reverse_7comp_spherical_3.asc
ncols 100
nrows 74
xllcorner 5.5967023332191781
yllcorner 50.982320383219182
cellsize 0.00019249356164376555
nodata_value 1.7014100000000001E+038
[rows 19 to 37 of 74, columns 0 to 42 of 100]
0.4110344721795861 0.3902556216502271 0.3698520194701199 0.35269053535600037 0.3400160502688285 0.33200537333557684 0.3287456632061946 0.33035578972336777 0.33703021057322563 0.34905591615506354 0.36674921461453297 0.39032711284005783 0.41973228895135417 0.4536089142142886 0.48991272810536185 0.5264025335575349 0.5599360831686137 0.5870653311355782 0.6050944087701219 0.6137023870991538 0.6143260223782754 0.607504139705748 0.5937446532029305 0.5748893901956811 0.55752365909772 0.5426658755415902 0.530396094210364 0.5206475056877734 0.5136230845656771 0.5093110095947473 0.5073126014953674 0.5072424998032609 0.5088158764383729 0.5108463112897642 0.5125084722517192 0.5136840086437259 0.5142845856378884 0.5148312989635259 0.5018583511540505 0.44865954700133903 0.3723112008963199 0.29141353445568824 0.21883006025438934
0.40634117092699484 0.38265209651045273 0.3595964678346 0.3402529412276427 0.3252543663048454 0.3147566311490228 0.3089975065605043 0.3082619561082417 0.3129416358703621 0.3235387641066016 0.3406125340397413 0.36467159522359943 0.3959731792214273 0.43420273477541266 0.47803271536311936 0.5241591810446558 0.5681062734821023 0.6041462931496403 0.6279183660117508 0.6400702547377505 0.6426415979422602 0.6370854173537385 0.6242467324243892 0.6045550077933997 0.58242502967701 0.5632405225916127 0.5470135690655218 0.5336008387685749 0.5227817128614045 0.5143635057292789 0.5083789663018806 0.5048256821448431 0.5044473829050451 0.5061308058188067 0.5075818989120019 0.5086691929539988 0.5093646379559699 0.5105956328982977 0.5126640948297296 0.49770135099667856 0.4491510962807724 0.3825394167620216 0.3124599160517254
0.39733324291783506 0.37103251788214114 0.3458511791993663 0.32471923838650657 0.3079476723888162 0.2954173854073062 0.2873263284160737 0.28415464057030293 0.28663961428021295 0.2954803371273253 0.3114758464361931 0.3354253522900033 0.3678843951845765 0.4090833701197224 0.45850393669971073 0.5139594210871863 0.5696400751458545 0.6153278406432993 0.643639650170658 0.6572253156832961 0.6604479071398259 0.655717497504361 0.6439042833781806 0.6252417160915527 0.6006191873786749 0.5776289783472001 0.557997937105373 0.5414724877958386 0.5277388001630023 0.5165767894690698 0.5083961420250191 0.5033123123161359 0.5016789929507197 0.5029755779767986 0.5042684442709209 0.5053036804145238 0.5062202019518972 0.5080518079139142 0.510859343002282 0.5146268933251646 0.5044701785283011 0.4665764935429825 0.41325000372323395
0.38415868974360706 0.3556854546907862 0.32874198296781404 0.30597588590512687 0.28760399028986566 0.2734469828221919 0.2636685476128454 0.25866045513218866 0.258993604686098 0.2657286407011235 0.2801725473618461 0.3033509044749399 0.33612107681273035 0.379181028878354 0.43275572798854944 0.4959411023088869 0.5642532930656159 0.6213563014666567 0.6501803335436799 0.6619366460007168 0.6650822984599055 0.6614713323984879 0.6512787351217287 0.6343449834497205 0.6105400845533513 0.5846301556338436 0.5624141522568876 0.5437928423091811 0.5286219197216295 0.5167266659579207 0.5079933124057292 0.5023869456469846 0.5003574746928029 0.5014872552081656 0.5027198509406425 0.5037338256542756 0.5049161245047854 0.5072530504740441 0.510711547492568 0.5151929994593493 0.5207722318100163 0.5202736531152299 0.49758673563782724
0.368188478781353 0.3381074918218823 0.3098192140914832 0.28569647704146295 0.265831165827744 0.25014525923737996 0.2386398184207546 0.23177213590936485 0.23029106193313092 0.23520971504014293 0.24776158646733043 0.2696089604677831 0.3018521462932582 0.3453213089707608 0.4006179200237844 0.46801775162474335 0.5471408862084092 0.6252349510247376 0.6404539759188232 0.6500582902815619 0.6547714763031517 0.6537419633570516 0.6463261624192229 0.6321389015585763 0.6110355190194056 0.5848715740629633 0.5619236472479489 0.5429153237277305 0.5275174794676508 0.5154656981087405 0.506590249809237 0.500984052984437 0.49912284825674974 0.5004774115847118 0.5019591691754781 0.5031803172265261 0.5046955511818575 0.5074049583578557 0.5112438033211711 0.5161054267237867 0.5222685281589997 0.5306147959334133 0.5402772167980269
0.35069840841147765 0.31965377793835104 0.2905023175493101 0.26539814853884763 0.24432770864690495 0.22720030322810886 0.21399971538990226 0.2050885509587489 0.20137737019860752 0.20423930145334132 0.21525848881676668 0.2356859158199103 0.2668812443364242 0.30947354552549977 0.36361836273755044 0.42883445239144885 0.502318026263501 0.568507488188564 0.6031470250409139 0.6219132378642919 0.6327457772485541 0.6365139120401707 0.633134610864078 0.6225563728423664 0.6048890740682138 0.5807321207087769 0.558036903286653 0.5394294304543029 0.5244541586808803 0.5127683306541094 0.5042245321156668 0.4991737892852046 0.497789027916711 0.4994840462647208 0.5012124537800452 0.5026357516571547 0.50441194628246 0.5073728527862796 0.5116829331526762 0.5187996085225002 0.5284424068509288 0.5401447407652958 0.5532560066315196
0.33276223741176136 0.3014386439323837 0.27197993834654877 0.24635614000803435 0.22449523155560872 0.20617648086563187 0.19137561393452943 0.18032939980614698 0.17397812162606288 0.1741751172490095 0.18333062840860348 0.20308385224895942 0.23353780395150445 0.2747175184632305 0.3260402863441529 0.38588816630266454 0.45032591116861237 0.50963953242617 0.5540950727587349 0.583993737012783 0.6029577090484702 0.6127504496582168 0.6140482052065256 0.6073511892429445 0.5932714255542227 0.5723547544158867 0.5508661665927055 0.5334859582792956 0.5195878699314928 0.5087886474002682 0.5012465487239268 0.4970931329731306 0.49646294293884785 0.49857440936395697 0.5005316195281272 0.5021387857931656 0.5040671956660056 0.5082039591519105 0.5161580127428381 0.5272549328497326 0.540741667173591 0.5560806420948037 0.5725682758373308
0.3151872371727527 0.2842782924945167 0.25514613759837806 0.22953822060426862 0.20740950009648534 0.1883878978508438 0.17227026078356084 0.15917005432658599 0.14981316249366067 0.14648987375173322 0.1534371059138 0.1732631176712965 0.2043382216713436 0.24441593453569418 0.29275404928086574 0.34789832187004766 0.4062423380456512 0.46189331051569954 0.5090931388154327 0.5453477861779443 0.5707630446207779 0.5859884697506113 0.5916013846924558 0.5883498617368107 0.5774359480998645 0.5601072466305204 0.5408765142494295 0.5255450377915114 0.5133238218664553 0.5041154395212921 0.4979607499063077 0.49495948898226105 0.4953141427283917 0.49781944937449557 0.4999694122369413 0.5017288493048232 0.5054020123903615 0.5136405808198905 0.5257851742001403 0.5411136106366289 0.5588103337983232 0.5782031569009396 0.5984924878744867
0.29848701696160407 0.26866850870645187 0.24056945215835507 0.2155663943686126 0.19379046085935295 0.17473119726497344 0.15799992836707785 0.14339015957928603 0.1310908493359737 0.12281538221918721 0.12684002213332105 0.14912429748873954 0.18180200445109587 0.22151297147698715 0.2673304773930705 0.3184996695639257 0.3723407563126439 0.42491806590277587 0.4721469476567725 0.5111367431708853 0.5404677860008773 0.5596250723858768 0.5685667569787034 0.5677666167683764 0.5588269748524421 0.5447557965006938 0.5290132813908557 0.516481047909942 0.5066169173130532 0.49932670266111767 0.494731636369252 0.4930487723471706 0.49455129946823173 0.4972853517445519 0.49957349507978743 0.5031860271423529 0.5110065987258793 0.5234946718934448 0.5400647586218996 0.5599908245130432 0.5823873627487662 0.6064093561389807 0.6310982237257744
0.2828860730090091 0.2547923125081689 0.22848602746115593 0.2047072954258068 0.18396249248393123 0.1656639126016288 0.14933842205519 0.13462607522224926 0.12125921241119059 0.10904398470510852 0.10865142273105201 0.13612809170573742 0.16921342567913558 0.20780391530579126 0.2510604840198558 0.2984845074890694 0.3483907455841031 0.3978877279116536 0.44379275903957527 0.4833386931745127 0.5145423145245552 0.5361599970535952 0.5475151448739445 0.5484214542720869 0.5394845680721629 0.5281179814661491 0.517265074956614 0.5079183343387239 0.5003894030797293 0.49496640905168393 0.49195221568739617 0.4916621695235648 0.4941996278141636 0.49702319831532554 0.5005152702346612 0.5082750235902157 0.5203157225621426 0.5372090784123118 0.5585172557107653 0.5835112312462042 0.6112286908485878 0.6406389710636105 0.6705452938283216
0.26835093165354085 0.24255488191510238 0.21869971867028007 0.19690291386130848 0.17785748674219787 0.161121308784455 0.1462839929063323 0.13317562717247544 0.12205860979310108 0.1147376949301406 0.11850232788960854 0.1383294860338876 0.16771140228633016 0.20339070760110517 0.2437346484488768 0.28736693959291576 0.33346927831429934 0.37974176754185024 0.4235428951414478 0.46233411989298173 0.4939955196813805 0.5169572059253693 0.5302183755374447 0.5333945587106579 0.5276633751804687 0.5191312840145696 0.5106359073913629 0.503798302820865 0.49832786295992865 0.49440526548729685 0.492378172012341 0.4927089692693491 0.4950128943693635 0.4974863895720645 0.5044012556763331 0.5163139865762606 0.5327186785123655 0.5542017051078146 0.5806085758190208 0.6112242557448413 0.6450159603378999 0.6807789117088076 0.7169946776485245
0.2556556569372538 0.23249756099634 0.21141324001430206 0.19214582967770347 0.17518420278868965 0.16065137031954457 0.14813496624878347 0.13773388566893488 0.1302256839449969 0.127638377809557 0.1334248653956614 0.14962897231196848 0.17486045551313575 0.20695254659585985 0.24400997018740422 0.2840502528713295 0.32637993441228513 0.3693020032626558 0.41052157943073886 0.44773372902196257 0.4788832810257781 0.5023676143786656 0.5181059169503056 0.5260991075167585 0.5267171544201628 0.5213980376456062 0.5139480767472064 0.5086902904993934 0.5047416212105772 0.5019914910785782 0.5006938273989223 0.5012540149745381 0.5019683491067922 0.5044892164016174 0.5128282765230244 0.5271127728346061 0.5475612506550812 0.573804236246955 0.6056730016076588 0.6425068157331655 0.6832372251995964 0.7265306314659111 0.7704751279960281
0.25031930925556395 0.2296699018489997 0.2111848822532924 0.1943257124222434 0.17893028869306452 0.16571961110862116 0.15486960268295877 0.14687781036781697 0.14260865230461636 0.14313094784433533 0.15028385499690775 0.1652352573655627 0.18779506124972792 0.21682427611347008 0.25073797071064163 0.28751047428337423 0.32613283642990765 0.3656498971138217 0.4040281759033343 0.4391869405664072 0.46975429479995484 0.49561741152968275 0.5153880672648194 0.5280156731666719 0.5330561243698817 0.5303910333433935 0.5253714603999499 0.5219090479139146 0.5194132421878414 0.5177339079178457 0.5170741455478811 0.5170521382782114 0.5161468069526463 0.5196227216648092 0.5290053104125338 0.544467103377575 0.5663639463176419 0.5954291889232622 0.6328368846966279 0.6764535482331386 0.7250387442914866 0.7772218152374454 0.830675656787897
0.2523482023141986 0.23425315909576197 0.21868568373539038 0.2044973233055429 0.1910751603494552 0.1789214006870618 0.1689840776804464 0.16191587114239603 0.15873835628458016 0.1608278618865231 0.16917079860237452 0.18380653016073 0.20481850692529896 0.23156055832579134 0.2627814925058502 0.29666996888937436 0.3318240540087178 0.36799157741800204 0.4033898743482453 0.43734949386452077 0.46949919002763085 0.4980341500817378 0.5212313082506862 0.5376047240237508 0.5459901311733629 0.5459000679974907 0.5441805365634529 0.543105943647782 0.5423553744270754 0.5418617077632163 0.5416751319135867 0.5398667040972694 0.5381775554785828 0.5421819264776172 0.5522122259841573 0.5685469484355203 0.5916626179726183 0.6222088268419633 0.6617996470493047 0.7117644629934172 0.7690456336431878 0.8315440823275693 0.8966170696910855
0.2610553790200313 0.24605328785867517 0.23436906088954465 0.22345605775027566 0.21232139970622357 0.20121128236632885 0.1915696383942705 0.18461830610552885 0.18137685034632273 0.18298606980617532 0.19062786878977594 0.20509487517102054 0.22521277640144594 0.25026473141161265 0.27921708929879857 0.3104587746998422 0.3424351672027083 0.37531588923317394 0.4090993101694865 0.44372060953698467 0.4774458614246503 0.5083790212345413 0.5345580182888152 0.5540758633449474 0.5651870478426639 0.5682975468580422 0.5705598300502875 0.5725342350401772 0.5739986856105092 0.5749439371088776 0.5738620442869944 0.569744079914592 0.5676418098324848 0.5715713833779484 0.5816906447767841 0.5984005615387726 0.622317710857065 0.6542573804491666 0.6953717937904451 0.7479263990976451 0.8131752427692133 0.8872148919571061 0.9661407412431504
0.27614820369390614 0.26607803132502145 0.2601206650632506 0.2529542146867734 0.2438981577545886 0.23381432838038424 0.22400746034964286 0.2163777092141924 0.21210734848163804 0.21220874411890933 0.21782035698640384 0.2297862984823677 0.24871998020391836 0.2724355064297029 0.2993961590207438 0.32813792186301816 0.35709744651490394 0.3879271558276542 0.42174615702412227 0.457156377569189 0.49244341914431017 0.5256260743546588 0.5545159238061709 0.5768225631709532 0.5902979644418845 0.5981377245221278 0.6051633290229366 0.6109534709404867 0.6152338262120359 0.6166456703757378 0.6137326092412339 0.607186239024789 0.6041544443779836 0.6071975516145797 0.6166092578496194 0.6329302490210351 0.6569288274370736 0.6896010064944461 0.7321755565581282 0.7865295057458693 0.8555934079132488 0.9406249345696264 1.035179836590324
0.2944693427244627 0.29426087784248545 0.2944917124436622 0.2899723587565954 0.28195646610379 0.27217355592875525 0.2623393254180731 0.2539874966333279 0.24889985907587614 0.24808896711456863 0.25204355961269836 0.2610021960960442 0.2759585619398959 0.2977676102998192 0.3228343167438756 0.3490907706017935 0.3756584563038193 0.4061387436290557 0.440224691435429 0.4765541415851193 0.5134305779529108 0.5487967760869875 0.5802595032168412 0.605179033818329 0.6218486556927242 0.6361813666844703 0.6489924427735986 0.6595695327861357 0.6660453973450271 0.6667601002780987 0.661659245368689 0.6523621589250123 0.6473279902597913 0.6483758677451666 0.6559709716969034 0.6708078759358733 0.6938015615911669 0.7261107578724008 0.7691795699147795 0.824825272816153 0.8962381300915508 0.9870302813139947 1.0969801981424867
0.3461692114566606 0.34184398644499603 0.3408395978498779 0.33527123570387607 0.32597675287276523 0.31484636724121556 0.30378883812956026 0.294424925807784 0.2879991824772921 0.2856991066501429 0.2883823149491679 0.2961826580543304 0.30893273719034464 0.3263683668573776 0.3491007776851354 0.37281323395831917 0.3985592836164057 0.4289564213797778 0.4634698305375506 0.5008042983638167 0.5392852172181107 0.5767972812411938 0.6107754566495202 0.6382559705914221 0.6612625190901182 0.6833779925979065 0.7032585113154965 0.7180735270327852 0.7259085840309824 0.7259073769548258 0.7181043696586775 0.7051856786025357 0.6966874815203568 0.6942430473108129 0.6985389561241381 0.7104301745714833 0.7309467567029451 0.7613470766533815 0.8032000828330046 0.8586995944155011 0.9307876962828346 1.0235734640872562 1.142069353364808
0.4260030768659017 0.4113346698083888 0.4011842778271376 0.3895366947784969 0.3755693976083997 0.3606633590148373 0.3466186111003509 0.3349939964855181 0.32692933672794117 0.32316350934224736 0.3241279414355828 0.3303249575580257 0.3416897242890884 0.3576958404118068 0.3776788303354946 0.3996364121487827 0.4249224611456147 0.45541468766809756 0.4908123393529353 0.529779113621533 0.5705072762358725 0.6106752155209314 0.6474242501008118 0.6794494278928755 0.7113760660318653 0.7415744490527799 0.7671846066239827 0.7858502685737225 0.7956080110708993 0.7948302163387421 0.7835601656642494 0.7655159194097052 0.7515667937671684 0.7436624993280717 0.7427775688410491 0.7499165831351795 0.7661553299959222 0.7927360314176435 0.831246501303314 0.8840167594356623 0.9539065467428408 1.0446813208025227 1.161708653296944
