_RESULTS/CROSS_VALIDATION_POSTPROCESSED_80-20/MHZ/GZ/5comp/2/MHZ_GZ_z_500_kriged_reverse_5comp_spherical_2.asc
ncols 100
nrows 74
xllcorner 5.5967023332191781
yllcorner 50.982320383219182
cellsize 0.00019249356164376555
nodata_value 1.7014100000000001E+038
[rows 0 to 18 of 74, columns 43 to 85 of 100]
0.15934837715335406 0.11212319455404024 0.08095428469710068 0.061196501919752476 0.049352294024033856 0.043146921811203616 0.041378618392172335 0.04379878744950725 0.05111607846754716 0.06511978331319 0.08932374712066306 0.1295145234745871 0.19406298581401 0.29246738598328104 0.4289809042240385 0.5917144154751504 0.7532068287254186 0.8814806233448077 0.9434947395089106 0.9149086898117007 0.8498316712795421 0.7906914776394034 0.7380377130589473 0.6919908869717649 0.6524702270810461 0.6193151968662073 0.5923573371532002 0.5714677944707582 0.556593147466296 0.5477867377016041 0.5452044203968062 0.5452044203968062 0.5452044203968062 0.5452044203968062 0.5452044203968062 0.5452044203968062 0.5452044203968062 0.5452044203968062 0.5452044203968062 0.5452044203968062 0.5452044203968062 0.5452044203968062 0.5452044203968062
0.09432739171291107 0.06075693503114033 0.040379650871146804 0.02835195007386872 0.0215156717188554 0.018007122377945613 0.016877734588050943 0.017864289616415938 0.021353863468205586 0.028550910577016718 0.04191122635002065 0.06600493427671515 0.1086484647392748 0.1816020807064346 0.29671030348113203 0.44651566583879965 0.6077412156662552 0.7632947842480543 0.8801753802647118 0.9203128917005319 0.8689917423228551 0.805150739026867 0.7490380134298829 0.700374919236777 0.6588281489566885 0.6240698305772939 0.5958159225056235 0.5738879417245357 0.55858855771333 0.5497566887594169 0.5472592661322534 0.5478138054383407 0.548009854183849 0.5478015897049386 0.5472377336517372 0.5464588308409173 0.5456898762180681 0.5452299718795017 0.5452044203968062 0.5452044203968062 0.5452044203968062 0.5452044203968062 0.5452044203968062
0.05298253068000303 0.031022458732698214 0.018811738257105245 0.012144739955432405 0.008583981432916917 0.006816764338242438 0.006226555503467885 0.006636907537412583 0.00823323347973822 0.011704408688114462 0.01858288484162396 0.032022821395995375 0.05810977418276854 0.10781383635458984 0.19889645813712473 0.3257782919221097 0.4659900897675576 0.6238396342083974 0.7706998091722713 0.8673940806899267 0.8745180620230301 0.81103095725955 0.7534787661148422 0.703743495230509 0.6613754446639486 0.6261842373008847 0.5987983706931926 0.5785409887251012 0.5647767650721526 0.5571305901077646 0.5554788297303767 0.556746697978903 0.5571805953091834 0.5567194097401351 0.5554220333430621 0.5534572332224195 0.5510917013078493 0.5486732480826958 0.5466127069574751 0.5453681011537014 0.5452044203968062 0.5452044203968062 0.5452044203968062
0.028860459752326793 0.015255015294583014 0.008358321093470305 0.0049015809044339696 0.003191708483371949 0.002406273948111719 0.002155447968281586 0.0023244688673865663 0.003009295390854403 0.004585186466223751 0.007943619060720676 0.015069287113386311 0.03013451749469546 0.061223799856927434 0.12113397280311962 0.216529254887131 0.34299751645738047 0.49731123173800573 0.6584313130777832 0.7883239001895356 0.8449539355525821 0.8075958830576556 0.7508869419007246 0.7017890708935808 0.661356830646971 0.6295307431523582 0.6051903213657762 0.5875045349923742 0.5758973696711019 0.5700299096125779 0.569798007528754 0.5718938322102229 0.5726011538812344 0.5718492353146708 0.5697121468278111 0.5664006689009702 0.5622433237617993 0.5576599408629149 0.5531334611768403 0.549185295286641 0.5463580655571085 0.5452077741710297 0.5452044203968062
0.015637354388382863 0.007415120050593687 0.0036336156451757737 0.0019220666638725438 0.001152936909090789 0.0008173821833160279 0.0007107272893789118 0.0007745708285756697 0.001054990393820656 0.001745663941897779 0.0033449331971622757 0.007052373574914863 0.015588678570181445 0.03453827890179974 0.0733285310001602 0.1428169156104647 0.25011485575799636 0.39458286284150407 0.5603877729873719 0.7124045810672729 0.8046867746983318 0.8012216707493864 0.7417591414636273 0.6976861162645486 0.662587697677709 0.6352716480998556 0.6147988477627149 0.6004566368954186 0.5917423756338063 0.5883586914021206 0.5902041989449105 0.5932741033824895 0.5943059733922883 0.5932089850224012 0.5900796783951086 0.5851906773185126 0.5789605658263168 0.5719126490909391 0.5646320252648424 0.5577290807138338 0.5518144714158915 0.5474874473747232 0.5453370764469805
0.008671690682325428 0.0036767392166454607 0.0016135874045361495 0.0007686150462682882 0.0004162520126684956 0.00027123529274697655 0.0002252988553171109 0.00024785405404270346 0.00036024170209418457 0.0006614843339155375 0.0014306604578864495 0.003400407059617017 0.008374607765811093 0.020354885716828638 0.04686654360485913 0.09898351300123265 0.18819403736430243 0.3197869758552264 0.4838600736564553 0.6490447662193479 0.7676607411322585 0.7959980511789243 0.7395043890040797 0.6938731437373175 0.6649752758368506 0.6430738812116588 0.6273530927633262 0.6172280264009161 0.6122687958219933 0.612210884964535 0.6167940959910614 0.6210455791424847 0.622473480381484 0.6209554516927209 0.6166215238794719 0.6098356978169766 0.6011474514657034 0.5912270850967472 0.5808009445664792 0.5705989984431188 0.5613211040433423 0.5536227390189882 0.5481176166954563
0.005080670132568341 0.0019501710189499346 0.0007713864462049933 0.0003260714802629355 0.00015530936461847524 8.988870207382795e-05 6.94013319137707e-05 7.695648931276203e-05 0.0001224891880907617 0.000258471198307123 0.0006487235674122278 0.0017664362289123326 0.004881777498573605 0.013048700166770375 0.03255456548042436 0.0738946972186381 0.1501603265497484 0.27079820178377323 0.4312589179629742 0.6041049958583686 0.7413752060145323 0.7970513319738977 0.7524454748384043 0.6986374679703896 0.6683689990807236 0.6527460841867646 0.6427018783004317 0.6377686978743696 0.6375718761847021 0.6418528374981303 0.6497627552536889 0.6554836789718205 0.6574069223273844 0.655362318825033 0.6495306913452115 0.6404129424900735 0.6287501474884952 0.6154208587130495 0.6013436638653958 0.5874039966858268 0.5744119583495202 0.563088670698435 0.5540744203465919
0.003275261084788282 0.001162787922205096 0.00041647526340775673 0.0001551797454977134 6.329656611533644e-05 3.094398156780627e-05 2.1074197460259734e-05 2.3481179031439556e-05 4.307354457589436e-05 0.00011028820905487259 0.0003312864580943524 0.0010441360579655278 0.0032334179965281926 0.009437547655258584 0.025242676849060473 0.060693777734255466 0.12956852683831752 0.24377199496011773 0.4023876894676987 0.5808116306800877 0.7333497102369756 0.8099919775771964 0.778642991574814 0.7160201770536776 0.678317508472692 0.664183859113612 0.6607671651582705 0.6621075931280985 0.6678539283388436 0.6777061845808321 0.6893712149947627 0.6969604051474799 0.6995179336348306 0.6966918974863832 0.6886253259676577 0.6762659589602413 0.6607975362858831 0.6434495476260461 0.6253580174982587 0.6074826547614602 0.5905778882587208 0.5753447504755971 0.5626401842393506
0.0024192929319408075 0.0008118103423249203 0.0002687865175109955 8.952455517389677e-05 3.1026299107362526e-05 1.2076724132382833e-05 6.490033263915095e-06 7.194594532646211e-06 1.7038326126613933e-05 5.678148937057174e-05 0.0002071626532861454 0.0007482177510120608 0.0025496702269036404 0.00796511770991696 0.022379560330173565 0.05583208194932095 0.12265716119863986 0.23609012168755622 0.3968976469233144 0.5821289088564797 0.7477004525145804 0.8383394110299737 0.8163332342693626 0.7441030472054965 0.6988536459360357 0.6791401417569797 0.6814864632509025 0.69029843903543 0.7033794712850945 0.7202824477225578 0.7357654522057357 0.7446905460939265 0.7463203664337048 0.7407908612195339 0.7289233131387961 0.7120722111945184 0.6918564331996704 0.6698858138879269 0.647567083557738 0.6260129386508324 0.6060338556033473 0.5881781032460739 0.5727906023096472
0.0020946769306284933 0.0006878086846414537 0.00021928391721776663 6.858529063522613e-05 2.127171432635042e-05 6.671924224770424e-06 2.3202936957292083e-06 2.4454678968562793e-06 9.519340950329332e-06 4.147550041324648e-05 0.00017528481200732778 0.0006919072601977122 0.002492325879952594 0.008048353875605709 0.023029964410634284 0.057965515379983394 0.12778388331732815 0.24612064371774628 0.4134856584887915 0.6082050225355882 0.7841972746872924 0.8826641285034905 0.8626719222308183 0.7809810275404017 0.7280201349860712 0.7027223150996318 0.7047418665853196 0.722342773325484 0.7443400758239517 0.767585863260514 0.7848443334231564 0.7939156271341394 0.7939528389981462 0.7850845305665347 0.7684903987416426 0.7461253600530051 0.7202425617584135 0.6929548035080685 0.6659768303122214 0.6405517605838659 0.6174950678654849 0.5972880493430427 0.5801773130029357
0.0021521234421738172 0.000721707776523537 0.00023425216396264205 7.463427526756283e-05 2.3611889342413225e-05 7.577073844125741e-06 2.7238289227909824e-06 2.9386242975456765e-06 1.1480572062024862e-05 5.065544825270123e-05 0.00021639090350480277 0.0008574333547083731 0.0030744494425484496 0.009809071370970078 0.027562959602726898 0.06787160036710503 0.14620454093041552 0.27537217393158436 0.4538273925010479 0.6585284412833761 0.8397988117669083 0.9372373820797567 0.9103161866991385 0.8207494041278742 0.7626923741009506 0.7334240400700386 0.7325485116720402 0.7575374338027746 0.7873435759527425 0.8147840452196705 0.8349930748084079 0.84525577164695 0.843778667518327 0.8305059902123977 0.8073350278319019 0.7775341176424294 0.7447294999119443 0.7114191515145396 0.6794526484468594 0.6501291346448503 0.6241756800526496 0.6019232546843852 0.5836569571818186
0.002624529895418938 0.0009349462602062068 0.00032649111121296515 0.00011481558345541124 4.2146900440675445e-05 1.7460838292678406e-05 1.0038965855008885e-05 1.1827358869111191e-05 2.944845201601721e-05 0.0001025004544433047 0.00038602074189514275 0.0014135366107216052 0.004768580505144898 0.014382997474732359 0.03823591609509866 0.08921137587127763 0.18273696469256479 0.3289065697804466 0.5222471359154789 0.7350936376165987 0.9139801391224618 0.9989331200768814 0.9537885127161703 0.8567644787784943 0.7955491682467054 0.7658669417155006 0.7655358074620002 0.79441280873973 0.8346256992402943 0.8703667607390515 0.8972823105964935 0.9110136264905033 0.9083294189701095 0.8888588563580898 0.8556943942236757 0.8140894848059705 0.7694537184396633 0.7261039789315014 0.6869940024613479 0.6536990402255605 0.6258673601128483 0.6038749263821386 0.5869831053012439
0.0037315468014866753 0.0014567375048493364 0.000569990921206834 0.00023141550614649348 0.00010338487195529426 5.565917617089965e-05 4.191795311829411e-05 5.158838708413965e-05 0.0001036647478153795 0.0002868802579414484 0.0009139144134098387 0.0029647823976297586 0.009057759599742933 0.024905759340706643 0.06051167506004987 0.1296924673738376 0.24606776513935608 0.4143247708966751 0.623156000731073 0.8380669459461442 1.0029283793321984 1.0615026261669798 0.9871297368621066 0.8853956616007339 0.8232898802145573 0.7975157650003648 0.8029676690552857 0.8399644641633415 0.8922807675949033 0.9391061471774912 0.9758900305045466 0.9956354133488449 0.9920974608930038 0.9639471507074017 0.9167078548002136 0.8593897737604393 0.8000548241951446 0.7441196152091702 0.6948624792651781 0.6554847357895277 0.6262409603119751 0.6059065654897137 0.5911481084887001
0.006004877668691933 0.0026155629026672813 0.0011669610760821438 0.0005547799194878637 0.00029767219964541133 0.00019569216833092553 0.00017262894434978774 0.0002185587341479181 0.0003950192783645845 0.0009347259506187685 0.002576257564579907 0.007400382222595481 0.02019202692449289 0.04931358928282315 0.10614302481583586 0.2031710017207079 0.3491108324013385 0.5404898230193893 0.7588048741407759 0.9632315666757978 1.0978134121920633 1.1146009093593614 1.0062557118101005 0.9050590661593518 0.8502615673702939 0.8310383010879764 0.8445791242657559 0.8887073035158448 0.9566186094087366 1.0191730131646946 1.0703920997472092 1.1009824333051466 1.0979620503849457 1.056778051234258 0.9887680918770749 0.9104767105683029 0.833429898431114 0.7642901347274557 0.7077524111620533 0.6635657632922264 0.6307441735854935 0.6083317957063455 0.5954537746743634
0.010556527977931801 0.005161431714108423 0.0026272851858270257 0.0014484336449120676 0.0009092679268972249 0.0006904641887739992 0.0006723198767756409 0.0008681842130801693 0.001478259786016497 0.003158200276011096 0.007831937358004887 0.020478194695506092 0.0503856286381467 0.10702804143012672 0.1977817391779179 0.33023082364766704 0.5059908976115162 0.7125332833152219 0.924846314541979 1.0988195851826512 1.183662532330191 1.1444251634588787 1.0113060383146815 0.9208751197686086 0.8745351957793333 0.8636803405990789 0.883958575040498 0.9364851296904244 1.020212291798026 1.104351585242803 1.1764961214193554 1.2270896636510655 1.2295555028166003 1.1662733402492207 1.0665176306730138 0.961605783787383 0.8659279395137226 0.7869031828036452 0.7240822707521691 0.6757519338821293 0.640137598491685 0.6157185148154991 0.6013630411597958
0.019455718155235217 0.01065937754880087 0.00614445121162544 0.003861525152871 0.0027558850490558696 0.0023285206769426367 0.0024155971424205426 0.003151350182760373 0.00514179379806066 0.010195926141162952 0.023403881559322368 0.05802119005889937 0.13457249950134845 0.23965689429454146 0.3675889154324418 0.5299948741110008 0.7222084290022618 0.9233480442722721 1.1047847571743323 1.2237902042914193 1.2402783877890402 1.1404625714187588 1.0065166145924498 0.9294330574354274 0.8926562937924255 0.8886671281153015 0.9164648571756886 0.9786177387794522 1.077131290803984 1.1817650746559427 1.2796099351678023 1.3623260489795335 1.3911815290372072 1.279932138580957 1.1359353149835716 1.0041077829981302 0.895087877060915 0.8082165668894853 0.7406964448134189 0.6896656824204209 0.6525702500319349 0.6273435562789026 0.6124666959251954
0.03568220921060142 0.021754792809932196 0.014037255560412059 0.009886497162395218 0.007847481784354161 0.007203855146796347 0.007839308865525276 0.01023494980648425 0.016006302177919356 0.029524385887189242 0.06232614202463443 0.14516309633586755 0.35726241216648624 0.4796460084899471 0.623622134701113 0.7959080128309896 0.9792821467561098 1.1456989430651854 1.267645294551989 1.309668398429985 1.2495720690685481 1.1034047980455879 0.9899611520152533 0.9257690247533886 0.8978971816546336 0.9024761741447744 0.9392411142881492 1.0113686883702782 1.1219282657180116 1.2398653563681301 1.350840595153724 1.4462122421502936 1.4925932365036592 1.3417438160424726 1.1742301207373824 1.0308628168016936 0.9150564555428673 0.8241438851618434 0.7546918052063359 0.7031727006456645 0.6664409317909207 0.6419829467468732 0.6279685560336552
0.06320616433531458 0.04246787310455525 0.030249894684115524 0.0234432639587669 0.020209640672840166 0.019739039432684485 0.022197858883984487 0.02894970440665547 0.043498256270630774 0.07393604611891579 0.13888907208731668 0.2744188703246691 0.5031639649119338 0.7241983705848031 0.9073484754167549 1.079246288698529 1.229804712638734 1.3341601097621034 1.3741962002689228 1.3288575453270268 1.2005658866636817 1.0469052566950605 0.9547999276154313 0.9048970525113939 0.8889920773349747 0.9042943145706042 0.9512748558715481 1.03346951953031 1.1528272795412509 1.2747420437197 1.379821157987208 1.4465916474670124 1.4347721343994544 1.3253473060246117 1.1761419228898098 1.0376038452762275 0.9223264943262248 0.8318834765477803 0.7638816597849626 0.7146210031350951 0.6805160360527412 0.6587138652779233 0.6471847200868688
0.10555974340812004 0.07737269829503447 0.06005066987047423 0.050389086400000005 0.046324422508120036 0.047293172684366586 0.05418584881038967 0.06988041126818675 0.10065051821154383 0.15827971834530621 0.2628339798361196 0.44002869597811495 0.6882769963712062 0.9455511648716577 1.1585388662696474 1.3174399939177537 1.4152919906021166 1.439088304361501 1.3872020693116354 1.2624391646768525 1.0903588872604204 0.9692677428083616 0.9011497292786138 0.8688888780420487 0.867362565791379 0.8951731474504105 0.9536631946958996 1.0466566097443522 1.1729490155030964 1.2938266650993013 1.3871527030519628 1.4292177436046702 1.3958775140001642 1.292683036066566 1.159376292857025 1.0285720602666932 0.9170665211938526 0.8303723967803496 0.767116119326172 0.7230912696356391 0.6940888271782483 0.6769774860688852 0.6696869363576998
