_RESULTS/CROSS_VALIDATION_POSTPROCESSED_80-20/Berg/IZ/6comp/2/Berg_IZ_z_710_kriged_reverse_6comp_spherical_2.asc
ncols 100
nrows 90
xllcorner 5.6208707817415728
yllcorner 50.959635321741573
cellsize 0.00013419651685393446
nodata_value 1.7014100000000001E+038
[rows 0 to 17 of 90, columns 41 to 81 of 100]
0.011430375107296494 0.011561055508002835 0.0116088306150519 0.011607712480358762 0.011611632708808991 0.011661654277111898 0.011765739175697027 0.011923589012489936 0.011649465898485305 0.010722529691443074 0.00993522687283468 0.00928595446156305 0.00874669867928471 0.008302515423375683 0.007955652870991719 0.007724291058482608 0.007608424227619196 0.0076073133214148115 0.007698707117680854 0.0077422237056379035 0.007707066639152142 0.00758528935899191 0.007429986406599115 0.007295467740120677 0.007182480256013297 0.007093008942190391 0.007030234052013206 0.006986170581250025 0.0069383964783718026 0.006890687786610409 0.006848315093610117 0.0068169550950327425 0.006802612686923013 0.006802315011072948 0.006802315011072948 0.006802315011072948 0.006802315011072948 0.006802315011072948 0.006802315011072948 0.006802315011072948 0.006802315011072948
0.013051581266754821 0.013168107143093449 0.013155297626768519 0.013081572362752843 0.01300161550620785 0.012926137173948778 0.012863119134692971 0.012729530887725342 0.012224192994416115 0.011329154210532037 0.01042143862833116 0.009626366581173813 0.00897268555632916 0.008473644540299148 0.008105850570748675 0.007857504779590406 0.00772320902708741 0.007701746796495784 0.007796617164821618 0.00791124311910575 0.007937372199757202 0.007864661592301942 0.007719324764656423 0.0075836750805562195 0.007463243910002893 0.007360533322323183 0.007279311478082973 0.007210927299598045 0.007133529340250439 0.007051999564203863 0.006972459709294136 0.006901297428362705 0.006845029209964464 0.006810259220026282 0.006802315011072948 0.006802315011072948 0.006802315011072948 0.006802315011072948 0.006802315011072948 0.006802315011072948 0.006802315011072948
0.015081893248383046 0.015131322164291822 0.014963952382326054 0.014723070787755026 0.014521391183573368 0.014354217687056761 0.014111259817324319 0.013665284244988838 0.012948244063332972 0.011997033405896194 0.010990370222357052 0.010061280250356762 0.009302508095629039 0.00873605163794694 0.008349896135560173 0.008090392017813693 0.007943694201593101 0.007908798453226923 0.00798866630967005 0.008157310300640914 0.008248387619365711 0.00822695698200517 0.00810171219488062 0.007966940976035113 0.007839731001925506 0.007723302486844374 0.0076222977891704366 0.00752554381262204 0.007413700021107136 0.007293432406714653 0.00717206420585742 0.0070569920046387015 0.006955482451053234 0.006874597108096458 0.0068212404901402575 0.006802315011072948 0.006802315011072948 0.006802315011072948 0.006802315011072948 0.006802315011072948 0.006802315011072948
0.017723396420247003 0.01762894520250182 0.017136376845986248 0.016562758158489232 0.016183366131482014 0.015950226495890084 0.015617352408956613 0.014992484245325488 0.01403165822428604 0.012891621654416378 0.011718460080327689 0.010674973330637527 0.00981985376005499 0.009161509285152976 0.008697313299750972 0.008417565619088579 0.008264141231176287 0.008222689065544133 0.008295835120411144 0.008487383273927914 0.008648385148182449 0.008681475181938408 0.008583844230968337 0.008452518591582745 0.008319217263915057 0.008188110755011557 0.008065066753264434 0.007933780903204929 0.007780936618300494 0.0076152593168024585 0.007445715755364043 0.007281062445423709 0.007129571221115366 0.006998931982293101 0.006896311668502573 0.006828541323733226 0.006802406715306681 0.006802315011072948 0.006802315011072948 0.006802315011072948 0.006802315011072948
0.021347219758684092 0.021040012853854474 0.019909679983562776 0.01864318482601468 0.018073097184729346 0.01791625482146525 0.01754431828407752 0.01674885092599004 0.015553950073943749 0.014108125340572854 0.012727948354138893 0.01152848692325676 0.010538992187296117 0.00976575699025224 0.00920396684210939 0.008846968107665994 0.008681228048524338 0.008640637760276366 0.00871608484134485 0.008913776501700712 0.00914794594672231 0.009239937982697195 0.009175474569213384 0.009050869133234055 0.00891217534208774 0.00876479051786037 0.00861522449072765 0.008441196488119574 0.008238660539996851 0.008018817891908055 0.007792838858590161 0.007571250479278969 0.00736359440115029 0.007178332919140997 0.007022954079280899 0.006904222062647562 0.006828528886833732 0.006802315011072948 0.006802315011072948 0.006802315011072948 0.006802315011072948
0.026618201718370173 0.02621705234351837 0.02404487772590092 0.02105370203823307 0.020571944018797764 0.020743200983285352 0.020221439093456924 0.019080162123143295 0.017506043124768764 0.015764759136401178 0.014086651672233616 0.012648716664958233 0.011472681597716998 0.010552619995398357 0.009874784053755945 0.009425469941298515 0.009196392137586275 0.009161197859722253 0.009249658268256342 0.009462638424363195 0.009759895619721053 0.00991656593541391 0.009889621221920449 0.00977592232501482 0.00963250026273275 0.009466325612669819 0.009282053258753377 0.009054724976282775 0.008791136801781048 0.008505880137843291 0.008213031906722177 0.007925355072303871 0.00765391329257298 0.0074080307695824086 0.007195500074923706 0.007022946755360228 0.006896282763877978 0.006821208961433126 0.006802315011072948 0.006802315011072948 0.006802315011072948
0.03456728107593957 0.034831482998966753 0.03195628714944118 0.027364904887914883 0.025992829974367637 0.025414010133680925 0.024069402739412136 0.022158423435856403 0.019980587427021593 0.017837862792635308 0.015819563243031045 0.014047454110509056 0.012624251213836193 0.011520512259791676 0.010705544398309052 0.010153698038053443 0.009847964880241951 0.009782569854503128 0.009897623708453951 0.010141398055021556 0.010499072863998954 0.010728055529426133 0.010742876552770404 0.010645470887746897 0.010497846426160739 0.010309012973799601 0.010076695888900561 0.009782087209247869 0.009442734402858054 0.009077845937562232 0.008705265052876235 0.008340482106528687 0.007996275218575233 0.007682817472592451 0.007408075283840545 0.00717835606251059 0.006998911396434722 0.0068745468771549325 0.006810225513630202 0.006802315011072948 0.006802315011072948
0.04636317692449415 0.04921667256072886 0.04656352687242153 0.04081959492074889 0.03606979924044674 0.032552647541909764 0.029282044012300043 0.026028790391801074 0.023009752420448237 0.020284996119883204 0.017852195278195253 0.01571108468923431 0.013979496013599933 0.012656091374397386 0.011684321884751854 0.011021432824180931 0.010638764955766187 0.010522405964366504 0.010660282124678653 0.010955058699818356 0.011381808563768334 0.011693370254574694 0.01175581318189693 0.011681705784151158 0.011530058915371793 0.011312017052209057 0.011011273946562023 0.010630880582114005 0.010196857647815867 0.009734650638953705 0.009266864398967541 0.008812159169970666 0.008385073117161935 0.00799643821956375 0.00765409739456795 0.007363721617934255 0.007129613839552562 0.0069554525994882 0.006844972110464912 0.006802603726475571 0.006802315011072948
0.06226835694630992 0.07197734404850212 0.06924581547992453 0.05859180795666275 0.048874733778790765 0.04143422059009657 0.03547642047723237 0.030523941388087554 0.026438650164454153 0.022997020213068684 0.020070799771913506 0.017576124277819318 0.015499539493003003 0.013928237249620322 0.01278656154131767 0.012009470768091177 0.01155427981290153 0.011397779396780813 0.011535651565767687 0.01190785736127361 0.012424888928666425 0.012833191959021653 0.012953466733225621 0.012911902533716607 0.012755662699236907 0.012490189918571535 0.012097798355529439 0.01160711726075748 0.011054356120560107 0.010473257955207128 0.009892214805972669 0.009333292387924243 0.008812543540004679 0.008340988899570936 0.007925822756590775 0.007571594162344345 0.007281254386539874 0.0070570472499219975 0.006901264491713375 0.0068169113248555974 0.006802315011072948
0.07779151847739064 0.1038790310875888 0.09656608721050149 0.07653324969456754 0.06151136852837685 0.050335078359832454 0.0417395861635264 0.03513787348800324 0.029953463276023513 0.025769481035933902 0.022335254074723965 0.019487778927999612 0.017115625551751494 0.015284760525089034 0.013971066398329554 0.013085385986337864 0.012554897282549606 0.01235522996895982 0.012489649157758768 0.012952178610847622 0.01361021824757868 0.014158161580108576 0.014365844207608678 0.014369268927601382 0.014206027958786773 0.013860549089814806 0.013346222353320957 0.01271284398095875 0.012011152970479905 0.011285602919527897 0.010571144628607455 0.009892986849482041 0.009267948698773596 0.008706366715857398 0.008213979938139103 0.007793551550555562 0.0074461742420636285 0.0071722938638406775 0.0069725183546729096 0.00684828689630565 0.006802475105555755
0.08180405112920228 0.10373831178836995 0.10267950553500893 0.08607693574278176 0.07022070659339721 0.05725531501956491 0.04702016741947602 0.03921129738852074 0.03314181047492893 0.02833040319409434 0.02445741751798143 0.021304296746049427 0.01868873488313538 0.016488028848286332 0.014841630388039304 0.013694187320204585 0.012994491164019871 0.01271028495215838 0.012832196819011765 0.013372593487507144 0.014227070188491052 0.015016705805050629 0.01551548427170877 0.015796945163137222 0.015795238281652857 0.015434104852684625 0.014760931977424025 0.013942271259963229 0.013054772964385326 0.01215589387755955 0.011287040705364758 0.010475336206806412 0.009736853622862623 0.009079866497783433 0.008507557517387068 0.00802009026155236 0.007616130036690743 0.007293947552706709 0.007052234215933078 0.006890739071837597 0.006810821181033885
0.0759808921090353 0.0913175201733999 0.09459499700815124 0.08614830924123026 0.07349071187675736 0.0610234237674305 0.050491001131546996 0.042165958562371667 0.03560284389754038 0.030396951353895675 0.026140892353758834 0.022420079943510977 0.019237814486789056 0.016600506825559812 0.014645480529162485 0.013310959243906273 0.012507877414930915 0.012181613554690282 0.012311389673230129 0.012910149293911237 0.013938322572885875 0.01495016011601144 0.015775015800184606 0.016403695242705508 0.016698499985765648 0.01659786072287969 0.016105114833162994 0.015257838546212451 0.014159489574666137 0.013057358182570289 0.012014926963084639 0.011058426600515191 0.01020069717715621 0.009446063420142795 0.008793836841242091 0.008240714072693061 0.007782387354297719 0.007414628043741565 0.007134036766009791 0.006938600642517238 0.006828163604003094
0.06809727758072692 0.08094661184132852 0.08589413181918673 0.08196382956504861 0.07264547554357725 0.06174740592944231 0.051863386965099345 0.043670090533841195 0.03701890562908429 0.031197338068511885 0.026117150650124207 0.021835859422831692 0.0183232148525331 0.01550382052769908 0.013418496827478883 0.012024493639530199 0.011201226776809377 0.01087846926146207 0.011030432648210619 0.011674166719040884 0.012812111308503906 0.014009964654035903 0.015152174404657761 0.01609297023138827 0.01667532694946944 0.016841437407504396 0.01660771555235635 0.01601896521670843 0.015119313769461348 0.01394896629161706 0.012720071823871427 0.011613991957372454 0.010636947339604665 0.009787157210501883 0.009058767189014496 0.008444269343403822 0.007935990559797698 0.007527019845637613 0.00721180982100319 0.006986605015435417 0.0068498029371352985
0.062317951673996765 0.07439237205526289 0.07978095690540654 0.07736803800428063 0.06970253438627433 0.06014594085806575 0.051276380666203984 0.04345297496015985 0.03612321845973354 0.029637270352239984 0.02417230813280046 0.019723487616900234 0.01619404657567874 0.013451261542386418 0.011431163610154955 0.010105166088687714 0.009338000824094903 0.009052389717733979 0.009224923103165706 0.009882100313643779 0.011045403711171594 0.01238550338593391 0.013772428477764664 0.014968699078244163 0.01577539645064844 0.01614936879419136 0.016154312094219466 0.01585410513676282 0.015278993570550875 0.014438523725767656 0.013341791339367514 0.012108340750129143 0.011020175056708463 0.010083941251429253 0.009287753704084382 0.008619550051313842 0.008068209665023545 0.00762419097344798 0.0072799139708213615 0.007030024332254813 0.006871629639632431
0.05933034174528716 0.07205117309429944 0.07753872736198192 0.0748211684117768 0.06717673799692962 0.057938773118537915 0.04905515681460751 0.040407538903911966 0.03273395977153847 0.02618526369454798 0.020830179110396002 0.016596871608441782 0.01333353548252715 0.010867994075755841 0.009075087955144213 0.007913384374001162 0.007253606569935281 0.007020073699005951 0.0071946243364517425 0.007815316993545136 0.00890774769056692 0.01030329388235698 0.011859648715790037 0.013250910881854025 0.014159773262425741 0.014622108755551599 0.014806078267472293 0.014790208299031039 0.014576601470737326 0.014136550293221743 0.013439589638531275 0.012471711877602007 0.011324288552710475 0.01031746258765127 0.009466852787137311 0.00875614345008238 0.008171131027100596 0.007700000057747952 0.00733346147952875 0.0070648481328871296 0.0068902310567530226
0.05839554318559946 0.0736385359417857 0.0784569958755711 0.07354472606726042 0.06505961553004229 0.05540651317062133 0.04524393635068289 0.03585899320654221 0.027945005200150634 0.021669790045544875 0.01682012747639098 0.01308621026463406 0.010280790099990557 0.008214051568987007 0.006736731816193766 0.005789723833333001 0.005258990902321625 0.005076166229911051 0.005227514594102622 0.00575542584307337 0.006681316928256502 0.007995349432882486 0.009650407381959833 0.011207443858003438 0.012010844517169958 0.012421430986013832 0.012737808279145548 0.012992532872334712 0.01314221293135982 0.013122915574759579 0.0128708533089762 0.012336934145286305 0.011499495345801837 0.01047123578332474 0.009584247177808241 0.008845415696686277 0.00823831764846835 0.007749538491479877 0.007368610226800474 0.007087974794094496 0.006903010148896904
0.057205701023321474 0.07694453860143172 0.07866886172199335 0.0713654279595587 0.06231053071456713 0.05126484918672415 0.04036039985100715 0.030804811685869616 0.023076010485279193 0.017171333921707388 0.012841955327504519 0.009737197312687747 0.007471606030662328 0.005841245857798884 0.00469812130289843 0.003972961965368736 0.0035691877467541404 0.0034284310740816215 0.003536582635710345 0.003920960554139519 0.00461678979702157 0.005678744017435215 0.007212959689470402 0.009058887753320541 0.009370154450281519 0.009756283839376155 0.010232117922703747 0.0107428448523166 0.011220877525221686 0.011588938455367834 0.011766187795732536 0.01167860620539771 0.011272454380638777 0.010527896085748117 0.009631737253521618 0.008881467825181054 0.008265429875556687 0.0077695367171265965 0.007382829958101591 0.007097384218646642 0.00690829395210218
0.053534840083822324 0.0669043268312282 0.0711138440319562 0.06680765058584173 0.05755152417466629 0.0460119570033717 0.035049902162479295 0.02579841737417586 0.01858420048394314 0.01326701921235476 0.009502451177807916 0.006912465642862032 0.005158400420319247 0.003936458911234568 0.0030972382867159105 0.002570925706184643 0.0022772794119075863 0.0021668966101573766 0.00222681473696344 0.0024734353877249966 0.00292752000185478 0.0036305201910421954 0.0046206649237176 0.00570679097090865 0.006409846089022034 0.007012075788597068 0.007671718206240621 0.008386698793185257 0.009113369228120671 0.009785591202326676 0.010322091846185915 0.010636088322170442 0.010649252696521524 0.010308463500781111 0.009605900979246506 0.008861858673448297 0.008250684796312389 0.007758660160367843 0.007375094134920498 0.007092261671497589 0.00690541168323897
