_RESULTS/CROSS_VALIDATION_POSTPROCESSED_80-20/Berg/IZ/6comp/2/Berg_IZ_z_250_kriged_reverse_6comp_spherical_2.asc
ncols 100
nrows 90
xllcorner 5.6208707817415728
yllcorner 50.959635321741573
cellsize 0.00013419651685393446
nodata_value 1.7014100000000001E+038
[rows 40 to 59 of 90, columns 0 to 42 of 100]
16.694509823943996 16.452352752631118 16.180283244764464 15.884985398615562 15.579135327907833 15.28363848825039 14.980566655217931 14.653335148196367 14.329863869255654 14.035561575199687 13.822074918235932 13.70303666791218 13.653505540897113 13.6415364506342 13.637946727281932 13.619898330193886 13.570823430536679 13.482414500595302 13.354357617588228 13.184459995062634 12.978631466513768 12.76157798568758 12.602167223921027 12.648210106300406 13.051942982466077 13.70158231984294 14.36049687177558 14.936769240123093 15.411816984047153 15.786369550831303 16.07633260099062 16.299585291510365 16.471482439832947 16.604171731943325 16.70707628757764 16.78889119097203 16.86567799476817 16.937370386816365 17.000023006390162 17.058315908675336 17.121385694416915 17.18608570564733 17.24872039309117
16.72387972829418 16.49354884643621 16.234885154899693 15.953239633420754 15.658914159235982 15.369800684847434 15.079243770515138 14.764285707411062 14.462878094948442 14.217225141769024 14.083555473109016 14.045926160955002 14.064392261795764 14.10413961673139 14.140554135814703 14.158017686066312 14.147471975408314 14.104808759282047 14.036243943526836 13.949423118866006 13.858228359610122 13.79150909576692 13.800208771637944 13.951025187376679 14.27975235922401 14.726307982367986 15.182962505416981 15.595161744837258 15.941796942360446 16.219531801021546 16.437675152072956 16.608204438800502 16.741528254373048 16.845887470675187 16.929714022012064 17.010134929681506 17.089664359782752 17.162446865422783 17.225166176893463 17.281338480841963 17.339994483959558 17.39859959519872 17.454165142332233
16.757799198857903 16.540330247495447 16.295956071903785 16.02825977293664 15.744161834814843 15.456353140012569 15.167379790371466 14.848627148592088 14.558021775099983 14.378840719594061 14.349596355257729 14.405520508690984 14.491749622448879 14.577679152122021 14.647886146907396 14.69554800319925 14.718791164836079 14.718927143071628 14.702936239291448 14.684530237699542 14.678261787188312 14.706242966812475 14.796990878780697 14.975485060506037 15.243034959172135 15.56722829616715 15.902181376504087 16.191981252362428 16.4293361334567 16.618645296925074 16.769297821316247 16.889737480995613 16.986136937220127 17.064521030827585 17.142079738204206 17.221818620449593 17.302125521139835 17.37567906575677 17.439475532904357 17.495234303120437 17.551621350706785 17.606578402975867 17.658138264218085
16.79547871269185 16.59249736752179 16.364719228921988 16.114132037113553 15.844171643612572 15.560903247460795 15.268448264823938 14.925737527836457 14.612207580378245 14.535884888957609 14.642154705781607 14.787564412051552 14.925953497645125 15.04317499264014 15.13575275765406 15.204748373368815 15.253395040572833 15.286283176841419 15.31014244839902 15.338512676557626 15.383822559357696 15.460016053653492 15.580934075639737 15.75406730649021 15.972625883128691 16.22595670135177 16.48061637167061 16.68624709073989 16.838123306737298 16.955062308299077 17.050223396067608 17.129319022737086 17.195171987761412 17.262467479996577 17.33682866846266 17.415861384527663 17.496974787285584 17.572017175313874 17.638022334756418 17.69499486288523 17.750784144507254 17.804281115997213 17.855034283435625
16.835913414087507 16.649537516992147 16.441912622229086 16.21423241604906 15.967851049578915 15.70448414174567 15.425843550351656 15.08041612742086 14.630425468010635 14.780179323241532 15.00459218921506 15.198882766325845 15.360110772789955 15.489955064832795 15.592491461053399 15.672816871540205 15.736350038267677 15.788741235812168 15.836209903992277 15.889399512365717 15.958698902424453 16.051649623719218 16.173815393192776 16.32640503681146 16.509678496660865 16.718060270573375 16.920069344602002 17.06674640831218 17.151105727477827 17.214373417006843 17.270237365365553 17.31995260831212 17.370836759998568 17.43451888270922 17.50767505293384 17.58739257619471 17.67058938598508 17.748737021896346 17.818742848292953 17.87938086011608 17.93667951487655 17.991162552841963 18.044406244468007
16.877615847612283 16.710114781923167 16.526710904752935 16.32865359912387 16.117227631541528 15.894823600314783 15.667192522277068 15.432811788055673 15.228126566927443 15.277129931298658 15.457706188179182 15.635742759175187 15.787831925875711 15.912532064318032 16.01362024652209 16.096120931622128 16.165121887648198 16.225576046356373 16.28246329285451 16.342714618525726 16.414428635832415 16.50219179065283 16.608754230722365 16.73691595482851 16.89012711330551 17.05725128295438 17.22353705608243 17.333952356799294 17.3606599035409 17.394818048734756 17.42935188232399 17.464064783265552 17.513543413407298 17.5774020971061 17.6519961231003 17.734362270659858 17.82143790533781 17.904683321279258 17.980740280923506 18.047981070984747 18.109105072385827 18.167671498766193 18.226034508423986
16.918489213806804 16.771932885739076 16.616463418150143 16.453262767965384 16.28425083875806 16.114794573339843 15.959639384210423 15.84427172000335 15.777599584543525 15.807455706800418 15.922073397067956 16.057930198753535 16.184728734343263 16.294153748293976 16.38637783525568 16.464314262181382 16.531536475376928 16.591656247982925 16.648220285509463 16.705513805652235 16.76935526596476 16.84224565103176 16.927604645476528 17.031851201935527 17.150069416145687 17.27221984072367 17.382161129142755 17.451648500835553 17.482635009988723 17.508503559274732 17.535825598007833 17.571063188455007 17.624097105527696 17.69141617509841 17.769872752650613 17.856781675937405 17.94947464303305 18.03978879362813 18.123894063780156 18.200131226845695 18.268144993257625 18.334314082695933 18.399564061457774
16.955869780864212 16.832198220723356 16.70770578866768 16.58152835097293 16.456988467845875 16.34295502856106 16.251287969099817 16.201159913237202 16.200788513566597 16.240256790130857 16.32539192045407 16.42884750506016 16.530859636908616 16.622906384427978 16.703129784546373 16.772584145853433 16.833346537711318 16.887752830252317 16.938127814221247 16.98704655579236 17.038469074457513 17.096505143771264 17.16629906927053 17.245867771266727 17.330463769197056 17.41260215808315 17.48218284909718 17.52957244172368 17.560001345085773 17.583012560241855 17.605856918416215 17.646552628870154 17.70583832056216 17.77881217536804 17.86289557627018 17.955815882554603 18.055434052240383 18.154510225739205 18.248390090915866 18.33545863697099 18.414046338858086 18.490398130601662 18.564259462118716
16.986667361492973 16.889209123060528 16.79820947233267 16.709942382246936 16.62850248933884 16.559761501067676 16.512645753266302 16.498077112780052 16.52459636875834 16.57603627233473 16.64971181904454 16.733723014422278 16.817061719492475 16.893735400362004 16.96172113995304 17.02117783743447 17.073220130830506 17.11928691300613 17.16084680943822 17.199548555983274 17.241694195606662 17.29001789300239 17.34407429281402 17.40194621755852 17.460170746164398 17.514009339251533 17.558341933520865 17.591185532881813 17.61616842041386 17.635703100890296 17.659112391318725 17.7026987340153 17.764810876676172 17.842574378065823 17.933041343580914 18.032911076170258 18.140142428649845 18.249247035156753 18.354212385061704 18.453518283891842 18.546665647972674 18.634620740970607 18.718748396718187
17.007492664668014 16.948392328587357 16.89128872829121 16.83689568709181 16.789239081307095 16.75343696895407 16.73542892097228 16.740952448765654 16.773445170247587 16.831004680649592 16.90037761105932 16.973107759069528 17.04339711528815 17.107713549257447 17.16467265928226 17.21426769092144 17.25718165364895 17.29435432453023 17.328145134495546 17.361750730841454 17.39733329377317 17.43543502831006 17.475521458062573 17.516192970142182 17.555254718430252 17.59003416998327 17.617996311874123 17.64000947499199 17.658747611423625 17.67438418254008 17.700662192972096 17.74720784601875 17.811891391944265 17.892331675728865 17.986136088439572 18.09104799982581 18.204989752633153 18.32402056084634 18.44067331273194 18.553549254671537 18.662550061398875 18.76488109331662 18.861445777882338
17.08490967430069 17.027247064325167 16.98732315573866 16.9561259572028 16.93246403537217 16.91916670897041 16.91958795051529 16.93643369467682 16.970687390319142 17.021280893103054 17.088047722694803 17.154051894293545 17.215287762165378 17.270045453158286 17.317739203088426 17.35860918563314 17.39442552534519 17.42674375135479 17.456658081549374 17.485197081229273 17.513783251675694 17.542683832048258 17.571496433553392 17.599337180269856 17.62492901318948 17.646811728061564 17.663792585447595 17.67831510588352 17.691310841093678 17.703976685990693 17.732882158762308 17.781900534447466 17.84902765522369 17.932171942267665 18.029267724854495 18.13835563412133 18.257602847761838 18.384662867907252 18.512315068292207 18.63933554549749 18.76380548151181 18.882795602114367 18.996754640606515
17.169875681221654 17.121377340702608 17.088386434598316 17.067218468475524 17.056510959869918 17.056498730596758 17.067862056791444 17.09095206555862 17.125192465079703 17.168883160004828 17.2237418285956 17.285396772013257 17.340821857217172 17.389359061599503 17.431421401871226 17.467814224659204 17.499524349387894 17.527553404451776 17.552805771702793 17.576095846670484 17.59837140169252 17.619774671437373 17.640065309891018 17.65872818191214 17.67503269530613 17.68813777055439 17.698032612922102 17.707289077600876 17.715817207539285 17.726481273604456 17.756913022980488 17.80770365496536 17.876763072238194 17.962186447853366 18.062133009944713 18.174863090117306 18.298737288398193 18.432306801840443 18.57175258747553 18.71197367402832 18.850795102074144 18.98561409972455 19.120664016723147
17.250628252045537 17.213982476189408 17.189485475688436 17.17613303234969 17.172905354182454 17.17928772703786 17.19496178569187 17.219392019599734 17.251523231785775 17.28967477155696 17.333072522025557 17.383906912120757 17.43586033042603 17.48051183208211 17.51824298766285 17.55015741024598 17.577377073843287 17.60092890329178 17.6216719492296 17.640320470215563 17.65747319536769 17.673214182281182 17.687407735560967 17.69973878766105 17.709741697010983 17.71684248432036 17.72251340467117 17.728071865126786 17.73317050075977 17.74248229777146 17.77317059741629 17.824842436168016 17.895038923821307 17.98194899519057 18.08388027913756 18.1992388200808 18.326723857682964 18.466584540478216 18.61605201983005 18.767712253164305 18.918962455508375 19.067638226021437 19.222597791739148
17.32522760391096 17.29955352983847 17.283564511763274 17.277069707772725 17.279408878910676 17.28985525481099 17.307634458171623 17.331791794661513 17.36108077877154 17.393955529359577 17.428771100577013 17.467264907998924 17.508124447446942 17.54787487415083 17.58137598949134 17.608919365728585 17.63186410774951 17.651354817323874 17.668273856938953 17.68324656952948 17.69659048703318 17.708346477323843 17.71840007925537 17.726494410242957 17.732239373748353 17.73562193923644 17.738732278256766 17.74161107665993 17.74396811960277 17.751806575972743 17.7816768322072 17.83291869491337 17.90317639059133 17.990424640991126 18.09304981705581 18.21010222195345 18.341841365218777 18.486624495608034 18.64236536309963 18.803141661613655 18.964088705714584 19.123437652162238 19.293544221071194
17.39234668000627 17.37603581049295 17.36754888495511 17.366829749224117 17.3733468373101 17.38631901312178 17.404804111183427 17.427701967273393 17.453753611312052 17.481588588145165 17.509832794568833 17.538171024620635 17.567883224710094 17.597032390826076 17.624205873222188 17.647825002289945 17.66708867806496 17.683274920351376 17.697303751113274 17.709640855482498 17.72039546105515 17.729536855805105 17.736891558438632 17.742155675120262 17.744915747945996 17.746494383934632 17.747764265820035 17.748480496226154 17.748383012604275 17.75397663445372 17.781696659888382 17.830934342762443 17.89979355710449 17.985899412411666 18.089181975469387 18.208901733965345 18.343458523134927 18.49100094145171 18.64939747207137 18.815621367935552 18.982936665022642 19.148801936986946 19.326940981041858
17.451178019149204 17.44256571356155 17.44026443988053 17.44414490000759 17.453677181563396 17.468060716089965 17.48631420214043 17.507330921361053 17.529931219224583 17.55293776824187 17.575279140644856 17.596113997953402 17.61643058327155 17.636267084061227 17.654746632813435 17.671606588537088 17.686984412466185 17.700776323206153 17.712892970820047 17.72354134306485 17.732695160302928 17.740196392737868 17.745748273631083 17.748928621772833 17.7500285519856 17.750455275895217 17.750076663210347 17.748666571019694 17.7459696549494 17.74803699155157 17.77186327715108 17.81728770741982 17.88404290109752 17.970488913439716 18.074844961260734 18.195577914574528 18.33095356741551 18.478993548594254 18.63745128230213 18.80381973686611 18.97385613079047 19.141784153766288 19.319999027735925
17.50133396896401 17.49890836575835 17.5014991640128 17.508858946576787 17.5204167154649 17.53536352945614 17.552733011784895 17.5714731679219 17.590520569854938 17.608888032498744 17.62576728480344 17.640634104225473 17.65347783082228 17.66556615504013 17.67693929903969 17.687697471741586 17.698137516567055 17.708481490553314 17.71864123038692 17.72809236485179 17.73629423949147 17.742657082296788 17.74671539458201 17.748254394159872 17.748543362836326 17.74762130908846 17.745289576986085 17.74131034535662 17.735426811663505 17.73291275200144 17.7524792598322 17.79539003511893 17.860750949691077 17.946597129785204 18.050331376926735 18.170238061316997 18.304416990304244 18.450726342375773 18.60675821637346 18.769838566724196 18.937046487076863 19.10312878466578 19.274595776462515
17.54274961856761 17.54522587076686 17.551580496350773 17.56145650131693 17.57423869966154 17.58911890731003 17.605167600408787 17.621408052191384 17.636896627486713 17.65081463189815 17.662573398826414 17.67192555187568 17.679057764006206 17.684790386682444 17.6904767668652 17.696695208267883 17.703843896535414 17.711921952631638 17.72026144588844 17.728058692563845 17.73462044865763 17.739238135518445 17.741371341284985 17.74192014706338 17.740973303223747 17.738397582661754 17.73411862745866 17.728144594646842 17.72059559283468 17.714840766221734 17.730144898234162 17.769361932829487 17.831578617906466 17.915022061094856 18.01641021282716 18.133667458637248 18.264711554857126 18.40722096862884 18.55860702323869 18.71599896137815 18.876226367244197 19.035748316276642 19.196027970546073
17.57558644832217 17.581931082820287 17.591144251259188 17.60278321567643 17.616200307711832 17.630597477400514 17.64509015586637 17.65877739732225 17.67081976695049 17.680529279130315 17.68747703122856 17.691623251111984 17.693461956160608 17.69411656470886 17.695268164056895 17.6984434270399 17.704069655343417 17.7114999811982 17.71928432928726 17.726295770201343 17.731587759309136 17.734503882842432 17.735668869358793 17.73512247550797 17.732777957132242 17.728605657238344 17.72264298099511 17.71501462181414 17.705956775265637 17.697003555018405 17.706560062428156 17.74049949216953 17.797904579411707 17.877121582955322 17.974470476601407 18.08733977394911 18.213466815109072 18.350354804205868 18.495240932847725 18.645066396030767 18.796430218436345 18.94526398330895 19.090814992081956
17.60013608221573 17.609568317602296 17.620975065076188 17.6338540252776 17.647541093733615 17.66125792977039 17.674168214226487 17.68544018156733 17.69431600102269 17.700192160122892 17.7027208153507 17.70195344693978 17.69856428559602 17.694166028193077 17.691430991508465 17.692981370710527 17.69913523541647 17.70762775309505 17.71611070622133 17.723025819568587 17.727595716982687 17.730134219587146 17.73056905286031 17.72887474685222 17.725087937665666 17.71930212141832 17.71167816896163 17.702462821536965 17.69200888185553 17.68082716772984 17.68327697435861 17.710472428697067 17.761513377612104 17.83479607956071 17.926497022892125 18.03337642454682 18.15300700176819 18.282735599787298 18.419648849155468 18.560533612088214 18.701454328567372 18.838302576916217 18.96777753344626
