_RESULTS/CROSS_VALIDATION_POSTPROCESSED_80-20/Berg/IZ/6comp/2/Berg_IZ_z_1000_kriged_reverse_6comp_spherical_2.asc
ncols 100
nrows 90
xllcorner 5.6208707817415728
yllcorner 50.959635321741573
cellsize 0.00013419651685393446
nodata_value 1.7014100000000001E+038
[rows 36 to 53 of 90, columns 0 to 40 of 100]
0.09608655893739174 0.13564238228307485 0.19053585260933487 0.26385459455511595 0.3564699254157385 0.46432683262057306 0.605508730557324 0.8071261934972426 1.0743078912689819 1.4044843474221105 1.7994131864458145 2.25298393190002 2.6327724685056673 2.9128116244188007 3.1036824719197202 3.2212260566479016 3.2997184925515013 3.374899182762927 3.480159831536062 3.6437972906189713 3.880955217967683 4.163654229627099 4.331645304101257 4.028177456327847 2.9204483220577067 1.6697361111764717 0.8775678007389469 0.47752026751035714 0.2818659683024671 0.18337271322761875 0.1323763209170142 0.10591176204106738 0.09305110076252805 0.08858952295503099 0.09000507920900398 0.09596612255347435 0.1054916928615299 0.11736502060610929 0.12715275297640977 0.1247104919328848 0.12123595485565661
0.11114509336405182 0.15791561932322623 0.2226446399556626 0.30837839884996665 0.41488108258029044 0.5357405359880962 0.6937926294284376 0.916162794819014 1.210739239617631 1.582358847242939 2.0404965587331905 2.48016623381525 2.783634200439067 2.9475040242029014 3.0033130001300097 2.9874304383902803 2.931540144490267 2.8769752577883287 2.860184269648702 2.9152085190348296 3.0780686070152212 3.386815207335956 3.841528584221601 4.106450941793354 2.7558885152191954 1.1981899223421297 0.5206239451133919 0.2522700237943626 0.13889303505345188 0.08725615869338178 0.06229889051627858 0.04998836509644809 0.04446916690803282 0.04311620597821571 0.04473261020856718 0.04875715884652991 0.05483642258741173 0.06253493676795778 0.06700534585207996 0.06566435639282818 0.0650108861842343
0.12787188071862798 0.18272385335286467 0.25863401113564083 0.358865161795576 0.48241656871302 0.6207122481294667 0.7998032516500811 1.0483209961941475 1.3738626161901204 1.7818500013577285 2.2527324595738105 2.6031914162247536 2.772488184527177 2.7782351298573555 2.6711687540085816 2.5085858735071747 2.3264989552583795 2.1539829973414557 2.0188671441956476 1.9425472105906831 1.9465720902160932 2.0618405804216566 2.3429040133134356 2.8887959572907644 1.740526723366525 0.5751816442844974 0.22201345143332143 0.1015687808821897 0.05457856124159397 0.03435975629533323 0.02504749138499321 0.02076297463270682 0.01916570900277146 0.019302730299447894 0.02080198728863046 0.023528516748097503 0.02744067525357166 0.032135950558029376 0.034345191170241436 0.034167161992860386 0.0347372744430967
0.1460300648427706 0.2097504341875942 0.2982155044041659 0.41540469545558983 0.5602856915333945 0.7223028678422007 0.9280601836396087 1.2089277282912603 1.5672921058640137 2.001049789043042 2.4122917727783566 2.6201524066616697 2.6165764256668655 2.452898092793796 2.2003559009800058 1.921597679877119 1.6580663342390736 1.4227759145109031 1.227129013397573 1.076196475432777 0.9692625014638362 0.9004708745417135 0.8483975017084148 0.7245004745925362 0.4084385455742633 0.1615784994631985 0.06542694914363532 0.03075941353528967 0.017090666115077983 0.01128003676071123 0.008716308258536667 0.00770167532546892 0.0075831121525351455 0.008118761590105847 0.009248699675348564 0.011010391625484775 0.01347750094838902 0.01627810558802432 0.017740548586676275 0.018091763493105657 0.018900122308335814
0.16511907292379574 0.23817234331227907 0.3401728100303731 0.4765284534192575 0.6474492974920323 0.8416560332943672 1.0816836102748373 1.4035992949845912 1.7962596770727288 2.2321162328223254 2.515217722531332 2.5380178223371748 2.3491949876643403 2.0385161224682165 1.6893549221303084 1.3581720710868042 1.0736728712210346 0.8413806017207234 0.6547931519509467 0.5091055318003752 0.39599686468125345 0.30514395331772015 0.22465582891807023 0.14502278608741848 0.07442255082514407 0.03239541526233056 0.014347933243949847 0.007272428590587266 0.004381577976319649 0.003168854308709209 0.002698641352129037 0.0026248639487732777 0.0028276455960968045 0.003284839210713334 0.004025799347935143 0.005117661310605259 0.006696538704067209 0.008413098422860341 0.009463379797889849 0.0099330591623404 0.010663790059116808
0.18431699123364176 0.2664896856001282 0.3819086716062991 0.5381418783577655 0.7384674845646967 0.9744751411376867 1.2594023200403732 1.6372220146681753 2.068638600249279 2.4585455964172285 2.5572159298192565 2.3668178695266198 2.0094800209376777 1.601298389815159 1.218138842085997 0.8962977569702435 0.6445536645087937 0.45647387483928603 0.31734163568015267 0.21603183583231797 0.1432257517597205 0.09104541108618988 0.053825147979934894 0.028398184459679014 0.01313303597124056 0.0056746844523792896 0.0026199548501838394 0.001434252011153611 0.0009655824248696865 0.0007963759319317456 0.0007761498355107967 0.0008563802789628525 0.0010318108234423195 0.0013210192988132507 0.0017635475584993092 0.0024378355820162964 0.0034416242466825627 0.0045345287107939345 0.005320685607719596 0.005766964336181913 0.006360475092072796
0.20250769158138715 0.2925173738200673 0.4192519852607979 0.5926894611519774 0.8208699641927636 1.1033012378822928 1.4465637401068803 1.907727078965634 2.3962185497653463 2.67634690973264 2.5224110947351894 2.1128847363686667 1.6343271544559324 1.1926537491640992 0.8321957478610241 0.5604926351307034 0.36685923657571423 0.23436008866292213 0.14568676740606615 0.08712050672679551 0.04966091664300646 0.026570970858953782 0.013077088420914373 0.005832831331538838 0.0023916646484327063 0.0009655978175152712 0.0004348946136915805 0.000252086227005884 0.00019437353971952357 0.0001905334203627765 0.00022022978052739072 0.0002823526179945273 0.0003860361547756696 0.0005497714471004424 0.0008103390890644089 0.0012235372976422269 0.0018623929022870383 0.002593892561626145 0.0032012525128302122 0.0035969353339229395 0.0040757055539997105
0.21844296543673225 0.3136895171936392 0.4469630505586573 0.6297155400810157 0.8744872655567519 1.1919267363265462 1.594074015370334 2.175782016417812 2.795933554012906 2.847955150352737 2.362290821447528 1.778154445077669 1.256408494815809 0.8444127659923152 0.5439974711084047 0.33773521684927627 0.20276025357423258 0.11785749325736476 0.06614192652393698 0.03529187103440964 0.017689503906300974 0.008217117994285589 0.003489132184793617 0.0013476849092732626 0.0004836336375936983 0.00017160198549818424 7.007254034658955e-05 4.173469162338276e-05 3.8534565806165694e-05 4.733740552146182e-05 6.681163325816046e-05 0.00010058469474535361 0.00015627711554934084 0.00024889417390569284 0.0004042353091213851 0.0006641934871478569 0.0010870128034449597 0.0016070504129726557 0.002096269753185439 0.0024512373395983063 0.0028488952655473755
0.23103901739351096 0.32771653899343567 0.46021136946678837 0.6391426615580653 0.8778330801731571 1.1922915135665384 1.6014828673400798 2.2343337441682554 3.2656373426501926 2.7336883763088853 1.9937351602866666 1.3775286780001355 0.9059798223331625 0.5695091436117098 0.34340641011876616 0.19916528359787772 0.11124759916505678 0.05981243938816582 0.030858563804679016 0.01505818030929603 0.0068471663250840266 0.0028688886916495167 0.0010961247620797276 0.00038019083738096907 0.00012027038974504788 3.588282715811209e-05 1.1778519364880609e-05 6.856820260698248e-06 8.553019161319769e-06 1.3930214854589771e-05 2.4004086111968026e-05 4.173367881448001e-05 7.274379924023621e-05 0.00012785320827820036 0.00022584783950244732 0.0003996969643680576 0.0006991940311726264 0.0010981193623465805 0.001517661644491059 0.0018583487777876005 0.002210407207305074
0.2397159128221596 0.33335930253043344 0.4564977881265325 0.616442825739886 0.8223546054278552 1.0836393105363245 1.4044070854758255 1.7970189195201187 2.1814578859032316 1.9705793805535412 1.440758719136762 0.9663911458619181 0.6110053064104431 0.36753741139663343 0.21137666442596323 0.11655768989450638 0.06169256044255243 0.031319790567238125 0.01520934239789359 0.00699278466442143 0.0029949673904682266 0.0011846233239727877 0.00042941086016637766 0.000141517964915089 4.199973745821959e-05 1.1315928779111697e-05 2.8210662122429123e-06 1.37349184963933e-06 2.8931469091890117e-06 5.834580162101668e-06 1.1381519179108278e-05 2.1653631044755487e-05 4.090601884057571e-05 7.71034820716372e-05 0.00014506235576889988 0.00027221174556862123 0.0005042735911145234 0.000839619551640682 0.0012298538877614212 0.0015918472984881725 0.0019330942527532738
0.24462507367785705 0.33083608117244967 0.43660553289936177 0.565428787430937 0.7208870090233753 0.9021068047395167 1.0932031140297915 1.248201206401603 1.3320448397360778 1.2189503726626074 0.9266994702605452 0.6266811172653245 0.3918421418980348 0.23068942535857903 0.12907024468885997 0.06897558131359059 0.03529461775214248 0.01730176868710622 0.008116105154803613 0.0036222998375733334 0.0015161522579886628 0.0005924547068190339 0.00021510772969078837 7.199620872027055e-05 2.245258663429302e-05 6.766644883627898e-06 2.253344956151575e-06 1.4180665595764188e-06 2.1124318570732236e-06 3.95773657853744e-06 7.60833954858742e-06 1.470070975504522e-05 2.859865431766537e-05 5.5810886894532135e-05 0.00010904253816904403 0.0002129238049355434 0.0004126073502537406 0.0007254143848721647 0.0011247620638056082 0.0015451785583243827 0.001929799222175293
0.24665270664012656 0.321406837362847 0.40349144979665963 0.4955277100758692 0.5976472931617164 0.703061802755266 0.7950533701621645 0.8423423865461991 0.8263555345223781 0.7411940091890075 0.5716349021247531 0.3916674527369112 0.24570658436451004 0.14394752236007666 0.07971618821902865 0.0420410592849592 0.021210238508483113 0.010263232203556124 0.004769469183173075 0.0021259707997606614 0.0008994671035070839 0.0003599100918918453 0.00013587715878695262 4.904152075406927e-05 1.745749958680438e-05 6.572200394049356e-06 3.046170698531171e-06 2.1944466781205e-06 2.5665538109670877e-06 4.001871638701783e-06 7.026997199450976e-06 1.3050838399639014e-05 2.498766622353367e-05 4.884765317882646e-05 9.669230790118126e-05 0.00019278468653443435 0.00038513544810392044 0.0007115449492280938 0.0011653260521448073 0.0016993123852652855 0.0022112083038955534
0.24722217033630606 0.30555943697291893 0.3595961511956245 0.4158133185355373 0.4729055655452879 0.5247295149977739 0.5600322569547809 0.5642396113530345 0.527262056662711 0.45973369532136554 0.35455664274803594 0.24511581021891493 0.15509952695536058 0.0913844818028833 0.05077471081080379 0.02684355795690145 0.013591077254357322 0.0066221841140661096 0.0031179629200029455 0.0014224414249656848 0.0006208893802482173 0.0002595206451885913 0.0001051340328565903 4.223054705348582e-05 1.7527484582216723e-05 8.068351550643574e-06 4.5830998156678584e-06 3.5548444873439423e-06 3.7880674098829095e-06 5.1606216442844366e-06 8.201707370265524e-06 1.4377725136596802e-05 2.669919158883453e-05 5.134792485361479e-05 0.00010102141469781227 0.0002022853669023205 0.0004099578972049747 0.000792116182101363 0.0013669432296707642 0.002114825834377184 0.002852999468644263
0.24802697240064409 0.2768816825697099 0.30466212973399603 0.3336828173163478 0.3608930002602172 0.381497725814109 0.3893306835512027 0.37854708326464764 0.34683888561186565 0.29576535998486964 0.22698463032131405 0.1578851697279581 0.10100143730652358 0.060264385711797534 0.033941434462227055 0.018220162236683674 0.009396927595581682 0.004688578021853855 0.002271832592253089 0.0010702208015839331 0.00048814344820432475 0.00021726988745292904 9.598801305874171e-05 4.323971944310136e-05 2.069177194496345e-05 1.114543799541459e-05 7.244643396436909e-06 5.933070727647909e-06 6.10281354625885e-06 7.656145291084337e-06 1.1249910150044722e-05 1.8565622326719077e-05 3.312541986124483e-05 6.230447422751108e-05 0.00012153114627514733 0.00024323526526362534 0.0004958758117907261 0.000995090127020998 0.0018066218907727063 0.002925320590380889 0.004022211751960161
0.1949743274383083 0.22414067524688291 0.24261497166224005 0.2573479698469959 0.2684594305044046 0.2736676549515717 0.27025474614713235 0.256295705653278 0.23189930037864986 0.19898810334831518 0.15247375721262074 0.10668493055645037 0.0691418177870837 0.04199116535348199 0.02416208335690879 0.01330288560988092 0.007051959620468073 0.0036213093277977565 0.0018142285743562299 0.0008928343073212806 0.00043108280849083386 0.00020643565655646784 9.994665475472752e-05 5.025522560327965e-05 2.720618491502078e-05 1.6574992511893646e-05 1.1891796481841837e-05 1.0163983619088995e-05 1.035841076652882e-05 1.240904306419277e-05 1.7246416934291437e-05 2.7024126532722757e-05 4.6286933132960906e-05 8.46263238346934e-05 0.00016232908224954676 0.00032267172022530085 0.0006587226690688325 0.0013600484057718874 0.0025888767031987943 0.004252669932700605 0.00594830467495918
0.14527459125613984 0.16762101801944218 0.18260460959629857 0.19204056734927244 0.19657988549165784 0.19581056990461415 0.1891120539070176 0.17634188319105698 0.1583038869507867 0.13677961524916474 0.10857750050025498 0.07666131008538865 0.05041745307700749 0.031227147033846048 0.018384609794324377 0.010379294363809757 0.005666242662163213 0.0030158525794118066 0.0015786808582386245 0.000819399328248291 0.00042188197068096647 0.00021823614030374417 0.00011563238285550512 6.432415170566632e-05 3.871475515009427e-05 2.607166537154678e-05 2.016423945861957e-05 1.7876995858974602e-05 1.8261234265014082e-05 2.1383216961035304e-05 2.863360162273197e-05 4.306401449684104e-05 7.109676234012126e-05 0.00012624032694009664 0.0002371681925805641 0.00046550296945331365 0.0009452794825742536 0.001964958991787102 0.0037756823873508214 0.006246853244599498 0.00886880862118843
0.10763887300459035 0.12248430721499004 0.1329717444342052 0.13901555487605466 0.1408507556524307 0.13857124507170376 0.1322741774626598 0.12232191733475353 0.10950032220225024 0.09497974671946714 0.07861876067066101 0.05801505838352184 0.038770540437345374 0.024485966858899894 0.014779772856070725 0.008602134462147287 0.00487049250321517 0.002707039529873361 0.0014913585963390607 0.0008210310526400947 0.00045230450303363585 0.0002527939848194583 0.0001459758035402426 8.900832961851057e-05 5.874263905344188e-05 4.305796043171379e-05 3.526649006236248e-05 3.229846071383005e-05 3.3269484938039685e-05 3.8559563586603325e-05 5.0488377888135146e-05 7.360107520878049e-05 0.00011777348065865712 0.00020344097344300902 0.00037386804207612087 0.0007221715782050708 0.0014464354514866818 0.0028748603496857148 0.005456973861490374 0.009071594512860643 0.013034825248101414
0.07982245298745895 0.08914287104858146 0.09576844431974854 0.0993140400661802 0.09977449268081533 0.09730409734887759 0.09217702457552868 0.08483269844046747 0.07589723380413832 0.06613022667554984 0.05623016385109515 0.044085499323541416 0.031194415205674907 0.020285960859454544 0.012603740077022436 0.007597859076840884 0.004484667341361772 0.002616487426854176 0.0015242377598511149 0.0008924244835928771 0.0005264817285698495 0.00031734249965428217 0.0001987087946314821 0.00013171436258113233 9.432006069537774e-05 7.413104106862014e-05 6.357778918840095e-05 5.996668581799981e-05 6.249172612519103e-05 7.221726489504934e-05 9.326434653224297e-05 0.0001330233892419228 0.00020740338286203376 0.00034946439600735073 0.0006283617355568216 0.0011823453089533536 0.0022380633617556673 0.0041891081157993115 0.007643766170708668 0.012735221079357751 0.018453163774657094
