_KRIGING/CROSS_VALIDATION_CLASSIC_CLR/Berg/TZ/train_1/Berg_TZ_1_train_z_0.asc
ncols 100
nrows 90
xllcorner 5.6208707817415728
yllcorner 50.959635321741573
cellsize 0.00013419651685393446
nodata_value 1.7014100000000001E+038
[rows 38 to 56 of 90, columns 42 to 83 of 100]
-3.2043315354907875 -4.1207721771923387 -5.1058834495190775 -6.1189418171251413 -7.1168339417753295 -8.058004341236682 -8.9063895636804933 -9.634860762424772 -10.227714418030384 -10.681830693332392 -11.006258560733309 -11.220175946737324 -11.349392329528371 -11.421783202922068 -11.462238015523463 -11.487832124648321 -11.50397019204109 -11.502175213327838 -11.460011782906889 -11.343350856618496 -11.11084139605526 -10.720101708831155 -10.134837108608494 -9.3318852499221521 -8.3071278624126172 -7.0793077605653103 -5.6910462621362008 -4.2067346020242562 -2.7074172302079784 -1.2832255204574956 -0.024286780202191771 0.9887336515734475 1.6932372507005606 2.0513415080262938 2.0537470769775927 1.7203853360987251 1.0978476066360452 0.25401781149584446 -0.72932903315836262 -1.7649848199825495 -2.7687778718301654 -3.6670876911258259
-2.997683616855896 -3.8917408209166515 -4.8723220517799 -5.8996513317047317 -6.9303515282337855 -7.9213598023389853 -8.8339476392185752 -9.6373659111541841 -10.311637566328258 -10.849085363621581 -11.254310242915354 -11.54251932473065 -11.736323391730771 -11.861355127548965 -11.941267817794898 -11.9928238258468 -12.021840784829987 -12.020709172445724 -11.968021928368977 -11.830579021202556 -11.567681526135669 -11.137261497199212 -10.503065409361433 -9.6418787635864796 -8.5496939706917878 -7.245807403986209 -5.7740811176757703 -4.2009876934868258 -2.6105159474548278 -1.0964785610907275 0.2468447316870348 1.3345370262906808 2.1000746964942874 2.5023935879263481 2.530103386184015 2.2023627707098701 1.5663858949947702 0.69199459650036044 -0.33600539086850612 -1.4266113571477297 -2.4914810404315433 -3.4528424237817354
-2.8234769053853301 -3.6819453418216606 -4.6429943127820206 -5.6675249848770974 -6.7116874041596279 -7.7308073083807614 -8.6835322962749153 -9.5357124838480765 -10.263517783159234 -10.855344655740375 -11.312182767590091 -11.646290539909604 -11.878251897335872 -12.032728088451869 -12.133443807117983 -12.198117892718976 -12.234130170460805 -12.235681756550578 -12.183046901944381 -12.044241381470059 -11.779078401337351 -11.345199191878919 -10.705313951790021 -9.8346320332623947 -8.727349243773098 -7.4011240253848278 -5.8987132639336828 -4.2863220476286346 -2.6486926505631212 -1.0814419340637649 0.31842539324047348 1.4626163565270742 2.2809477637277977 2.7288219096628676 2.7918321496661003 2.4869565567966356 1.8602700016518066 0.98156838310970462 -0.063316274963202801 -1.1814775190502367 -2.2820468221350629 -3.284397675881181
-2.7013973244614879 -3.5095668922339014 -4.4340515794681679 -5.4362559508974799 -6.4717786080375328 -7.4943852456156046 -8.4603094999180293 -9.3323885947539189 -10.083513588594538 -10.698911633173191 -11.176885515250779 -11.527810110547659 -11.771411458545199 -11.932605960993525 -12.036419445476472 -12.102698370445056 -12.141429702841315 -12.149472517828066 -12.109359998136366 -11.990563524211248 -11.753252218224915 -11.354182997329119 -10.753981976094222 -9.9247938997288117 -8.8571377318887539 -7.5648473485571186 -6.0872006362568598 -4.4877200831325501 -2.8496065154935102 -1.268269035447485 0.15814339205941863 1.3389928755228873 2.2008427741693266 2.6953190428883946 2.8041379620081388 2.5407012370216924 1.9481400135038998 1.0941675883383049 0.063503724934990569 -1.0510947741544809 -2.1580535785460411 -3.1753636411380439
-2.6476630109124502 -3.3898853905322204 -4.2594900973519616 -5.21833262887671 -6.2215300104836144 -7.221503650258148 -8.1724493378797085 -9.0347317208329443 -9.7786604400134234 -10.387130772139905 -10.856710621017541 -11.196926211424215 -11.427727528713429 -11.575375963939411 -11.667254927758528 -11.72631747080985 -11.766011808896714 -11.786533177872641 -11.773121922333903 -11.696868420646886 -11.518124784453505 -11.192212342544053 -10.676718289635371 -9.9393635934237992 -8.9652570337800324 -7.7623654455350941 -6.3642361113600749 -4.829378661724542 -3.2371953211628206 -1.680863235911449 -0.25803659585561078 0.93942741716817402 1.8353613404667426 2.3774943888662063 2.5429174054728207 2.340148794191844 1.8076271330909961 1.0089438725632096 0.025547070825719498 -1.0520645937166768 -2.1335133694264652 -3.1369791403120955
-2.6740229904037127 -3.3344712207175298 -4.1305302064888165 -5.0245846887772672 -5.971491004942509 -6.9227004441555851 -7.8308976581068901 -8.6546415696657952 -9.362444669959487 -9.9357416279374924 -10.370289063264281 -10.675705103787095 -10.873088012946146 -10.990922958476929 -11.059758766321076 -11.106368963507043 -11.148259783112216 -11.189416050201455 -11.218063914720247 -11.206979481427373 -11.116511809316773 -10.900067877497346 -10.511392395373822 -9.9126382859401705 -9.0820277158494935 -8.0198913572303407 -6.7520576080612749 -5.3299219714063826 -3.8270061291299462 -2.3323399117728938 -0.94148140698198812 0.25364891346390195 1.1747639761928381 1.7657077153090288 1.9983544956120083 1.8751968714682308 1.4283865660833426 0.71548489655976111 -0.18739347835481057 -1.1940569990841245 -2.2172063794251211 -3.1767973910909273
-2.7869815613013436 -3.3505379855723763 -4.0550788404426843 -4.8637212220311286 -5.7314197245176981 -6.609167792661709 -7.4487887012259772 -8.2077947951907149 -8.8537324573085563 -9.3674360913182255 -9.7446980165111263 -9.9960240693826226 -10.14437629105548 -10.221080390064767 -10.260360599617623 -10.293213869414227 -10.341503381610252 -10.413199467522814 -10.499600985768407 -10.575131363800466 -10.599945763687717 -10.525158354029998 -10.300068132657032 -9.8804014105598661 -9.2363654274277991 -8.359267220497081 -7.2656114151156697 -5.9979319009718806 -4.6220843714985689 -3.2212539042843593 -1.887427506938324 -0.71146385925311151 0.22690100555765724 0.86777417563316472 1.1774183628361481 1.1513903865475426 0.8142072329752148 0.21573024436501509 -0.57510899468011578 -1.4783033617474497 -2.4113912828721444 -3.297621171259304
-2.9873039903811924 -3.4404966360661406 -4.0373041499693425 -4.7418838059606099 -5.5097587157815386 -6.2920822401328547 -7.0405518829692832 -7.712444751053904 -8.2751778381031595 -8.709794497383152 -9.0128554556410609 -9.1963714335558215 -9.2856455447380561 -9.3151741520778657 -9.3230490291947419 -9.3445668548182077 -9.405937289563326 -9.5190473410432013 -9.6781615978660192 -9.8592116286530356 -10.021975851322853 -10.115020938442445 -10.082833543121676 -9.8741910113248625 -9.4505705954162451 -8.7933284774598199 -7.9085131816449916 -6.8284983935028398 -5.6100798817654143 -4.3292064547109295 -3.0730193299853323 -1.9302746803951183 -0.98145545655085353 -0.28990581920686775 0.10485475247423004 0.19082525051500898 -0.016136623023156993 -0.47520855411501595 -1.1261794232119033 -1.8968317797238139 -2.7110850739393983 -3.4968467692129135
-3.2698626825629491 -3.6017637612224176 -4.0773729596876809 -4.6622689199399145 -5.3130874695850689 -5.9818234627370339 -6.6208264357535986 -7.1879588393181759 -7.6513111882465932 -7.9928603859259031 -8.2105285094912901 -8.3182534167522384 -8.3439115364093297 -8.3252152307607208 -8.30400715854746 -8.3196475659882871 -8.402389742437343 -8.5677216777375786 -8.8125902266328033 -9.1142116282116561 -9.4318288943149255 -9.711347718428339 -9.8923332058204565 -9.9164541871750167 -9.7361904278833151 -9.3225233708590842 -8.6704372581961522 -7.8013541383694864 -6.7620690085135422 -5.6202691157077549 -4.4572291639763293 -3.3586882535234439 -2.4051679940395307 -1.6630462702680426 -1.1775544360939727 -0.96854851135311382 -1.0294758647916917 -1.3294920533217573 -1.8182536327967127 -2.4325856848477905 -3.1040393306268976 -3.7663291810848527
-3.623873166521284 -3.8268764340661736 -4.1714108081397114 -4.6248922406042485 -5.1456435708401562 -5.6871999593049152 -6.2033367198292231 -6.6532889420066219 -7.0065543517041391 -7.2466581003155977 -7.3733238623274726 -7.4026445361323248 -7.3650709863004948 -7.3013179512863919 -7.2565885076468479 -7.2737984049086934 -7.386691461950563 -7.6138338653318103 -7.9544289280625149 -8.3866961412039061 -8.8692264097949831 -9.3453020920387857 -9.7497190752028295 -10.017242170753157 -10.091535450519618 -9.9332904083213549 -9.5263542139431685 -8.880931184700632 -8.0333524338938513 -7.0424137274323506 -5.9827869866281356 -4.9364336876890045 -3.9832208202041883 -3.1920214815180534 -2.6134658616929727 -2.2752214462424849 -2.1802783502042651 -2.3082676842901888 -2.6194213133613067 -3.0604534345344296 -3.5714506299104558 -4.0928139553230087
-4.0335438186257182 -4.1039493962371996 -4.3117360152095774 -4.6265663339971645 -5.0090089948855292 -5.4148085346296178 -5.799890882933302 -6.1255788563814582 -6.3634125955756327 -6.4989539183834015 -6.5340144917257499 -6.4868909424791115 -6.3904095567195016 -6.2878596729007583 -6.2271956525141317 -6.2541696001009672 -6.4052736724878603 -6.7014784701834369 -7.1437218219183611 -7.7109197838210086 -8.3609535520396516 -9.0346723784297396 -9.6625042958817779 -10.172855485883334 -10.501175991913758 -10.598429955070401 -10.437762323144025 -10.018397967765022 -9.3662068799328679 -8.5308567255623959 -7.5799716306617118 -6.591142306887626 -5.6429196144458889 -4.8060289737483046 -4.1359566849558655 -3.6678041648727255 -3.4139325870477908 -3.364495366939158 -3.4905500667529532 -3.7491163218320107 -4.0893450455837996 -4.4589046239353536
-4.4791242270482288 -4.4174784950067991 -4.4873935862903096 -4.6611423758919841 -4.9020398886758283 -5.1686363620470273 -5.4196445785226626 -5.6190854290964829 -5.7410565520096979 -5.7735110464414596 -5.7204899689355146 -5.6023893369350892 -5.4540546180575209 -5.3207651523293418 -5.2524666381903851 -5.2968904525442104 -5.4924181872698474 -5.8616653902394509 -6.406738735676007 -7.1069536883997113 -7.9194974283524751 -8.7831215983214683 -9.6245092443419544 -10.366549814788359 -10.937444621283435 -11.279408782826996 -11.355765919257934 -11.155448837312726 -10.694290776077118 -10.012957834360442 -9.1718577967209054 -8.2437848572463466 -7.3053565732434107 -6.4284252449260828 -5.6725880024680784 -5.0796970966708406 -4.6709298292192276 -4.4465787470397524 -4.3883343393152936 -4.4635141513034764 -4.6304863185371179 -4.8444614810465794
-4.9382902978458185 -4.7494522170444595 -4.6849762228988538 -4.7200297692975992 -4.8210808988717329 -4.9499738389178844 -5.0687243938575719 -5.1445330719625764 -5.1544367564437401 -5.0890012112573819 -4.9545096873846495 -4.7732332763126042 -4.5815721608659246 -4.4261168974195728 -4.3579661295218193 -4.425912342177325 -4.6693260911973304 -5.1116895995488765 -5.7557213546960639 -6.5808812112935904 -7.5437605502166365 -8.5814785037127486 -9.6177777634260018 -10.571108782815884 -11.363676638322016 -11.930255930714452 -12.225588584951353 -12.229370105910291 -11.948173345067733 -11.414100026128825 -10.680417234330992 -9.814853178064908 -8.8915282382117979 -7.9826397442881829 -7.1509869595354294 -6.4442315056455675 -5.8914788124795061 -5.5023959022499103 -5.2687130577654688 -5.1676486563154462 -5.1665891075252031 -5.2282697384200247
-5.3877579800683097 -5.0806888316229752 -4.8896759608248308 -4.7929625921135477 -4.7604567734731962 -4.7576521103815796 -4.7502423878687576 -4.7089460809794952 -4.6139829923385802 -4.4586270701836179 -4.2513091318387293 -4.0158666231671409 -3.7897310660324059 -3.6200922109903324 -3.5583538562279751 -3.6534626848341238 -3.9449060631782404 -4.4562970545872025 -5.1904641172381272 -6.1268252184090262 -7.2215594978000759 -8.4107253968416131 -9.6160634291926002 -10.752827782432663 -11.738678407328411 -12.502488380556635 -12.991913270743419 -13.178735110746176 -13.061308698528713 -12.663851822848756 -12.032766372527419 -11.230582386224341 -10.32841872267154 -9.398008646777626 -8.5043294274207959 -7.6997136421466505 -7.0200425719509791 -6.4832816790105809 -6.0902734426683178 -5.8274076237799388 -5.6705833549782803 -5.5897820806059411
-5.804980855377365 -5.3922790482882519 -5.0864701450548804 -4.8689382528219642 -4.7131848387919897 -4.5885623745273456 -4.464666502576728 -4.3159243638956273 -4.1258474053937064 -3.8903999349276361 -3.619981419486745 -3.3396367174497836 -3.0872910256731485 -2.9100413630742246 -2.8587986432880137 -2.9818290883374186 -3.3179510638005412 -3.8902648215303905 -4.7012982869886537 -5.730327781399037 -6.9333848362138859 -8.2461173802650922 -9.5892829511845505 -10.876272640575959 -12.021758673238542 -12.950378088596798 -13.604342884547803 -13.949010034835519 -13.975731749171239 -13.701691298450282 -13.166850326006539 -12.428522406172441 -11.554384449422482 -10.614899879378058 -9.6761373978898266 -8.7938351811468429 -8.0093144002114833 -7.3475359151969766 -6.8172739865361329 -6.4131012189027032 -6.1186778809495035 -5.9107370144700102
-6.1697674910954623 -5.6669912285175421 -5.2613180977810483 -4.9372207966081616 -4.6718122382131586 -4.4383663241263074 -4.2104545333183943 -3.966260554936198 -3.692571078433561 -3.3879255146453344 -3.0644514915515453 -2.7480218221567592 -2.4765396427159159 -2.2963788871933017 -2.2572539557634821 -2.4060331583911094 -2.7802080689602522 -3.401849012071481 -4.2728870582311265 -5.3724510648454959 -6.6567594987617067 -8.0617465943845286 -9.5082344871681705 -10.909102653315157 -12.177611039013106 -13.235853389399075 -14.022284635064988 -14.497388788503169 -14.646813455868934 -14.481652305779773 -14.035950331151007 -13.361875776336383 -12.523290411655683 -11.588615525596616 -10.623916110158566 -9.6870162384351914 -8.8232423675200948 -8.0631112805267477 -7.4219850350811836 -6.9014532022893524 -6.4920088411626899 -6.17647947328651
-6.4656570930133768 -5.8904933756808955 -5.4022359922461671 -4.9882859205253691 -4.6292594685904227 -4.3022774432399267 -3.9848222304924317 -3.6587518715891814 -3.3140017679216305 -2.9514913813617363 -2.5847949143740818 -2.24023643011917 -1.9552289080429039 -1.774881826564854 -1.7471317632465153 -1.9168755824636445 -2.3197716166772215 -2.9764870230210461 -3.8881824108952356 -5.0339242358710727 -6.3705052725441025 -7.8348567295147182 -9.3488921980070074 -10.826284734946269 -12.180397730823792 -13.332414541751982 -14.218672008123871 -14.796307660478153 -15.04656410430945 -14.975419514490593 -14.611578038188334 -14.002200371048772 -13.2070299193193 -12.291735004354617 -11.321324037284086 -10.354402408454593 -9.4388510648268671 -8.6092557881339076 -7.8861477855982507 -7.2768730660471856 -6.7777237127108387 -6.3768582719120133
-6.6809173323210196 -6.0522648630628382 -5.5001294591192647 -5.0145901617984006 -4.579550906825423 -4.1757863957700332 -3.7845048415333924 -3.3910451031475173 -2.9882731167017127 -2.5792314964357645 -2.1786354741542078 -1.812902486659504 -1.5185496672330832 -1.3389828400172314 -1.3199130095078964 -1.5038447080126827 -1.9242533143085661 -2.6001743881802457 -3.5319422538329475 -4.698724525542004 -6.0583071024035693 -7.5493110287756968 -9.095704878222044 -10.613160814328598 -12.016538794762313 -13.227614963952529 -14.182126235082468 -14.835292367838505 -15.165186250604579 -15.173619254467525 -14.884544009812551 -14.34029888467818 -13.596278000694397 -12.71477151592029 -11.758765122509505 -10.786417554358575 -9.8467711205226625 -8.9770269194274555 -8.201473644418078 -7.5319355414917579 -6.9694319912710707 -6.5066370366852322
-6.8090728640956053 -6.1461085880963333 -5.5492945867841579 -5.0110719394089926 -4.5183333514089297 -4.0552205732882207 -3.6063864257593812 -3.1603682934001838 -2.7126731199119902 -2.2681651263786158 -1.8423845022155585 -1.4615122326564016 -1.1608311748797355 -0.98170706505095406 -0.96730779755413376 -1.1574704662014819 -1.5832845034916727 -2.26205727026155 -3.1933427189235388 -4.3566321597911184 -5.7111312045922444 -7.1977971783470558 -8.7435196116894041 -10.267035497144082 -11.685926157608661 -12.923883794551209 -13.917390136401632 -14.621025949183551 -15.010817139194582 -15.085291040395983 -14.864222493428809 -14.385345517341126 -13.699548154740484 -12.865221912643099 -11.94248595073031 -10.987950904230525 -10.050545804381038 -9.1687339970796824 -8.3692261105266752 -7.6670948914667481 -7.0670362340622388 -6.5654204001440419
