_KRIGING/CROSS_VALIDATION_CLASSIC_CLR/Berg/TZ/train_1/Berg_TZ_1_train_z_125.asc
ncols 100
nrows 90
xllcorner 5.6208707817415728
yllcorner 50.959635321741573
cellsize 0.00013419651685393446
nodata_value 1.7014100000000001E+038
[rows 38 to 56 of 90, columns 0 to 42 of 100]
1.9516631046174353 1.9210734010755368 1.8983021596586453 1.8834303140627922 1.8761223818006474 1.8756330254563387 1.8808417648274796 1.8903158708999104 1.9023997462215705 1.9153271174822899 1.927350170013806 1.936877483734732 1.9426105487244498 1.9436671036340483 1.9396789420027611 1.9308525064389934 1.9179827274869037 1.9024141298593575 1.8859479349880528 1.8706992129776887 1.8589134013911088 1.8527560030405914 1.8540923994501985 1.8642761050842658 1.8839633859247844 1.9129702364946697 1.9501847532971315 1.9935445569705266 2.0400856159919849 2.0860658821678979 2.1271644876052815 2.1587544553289124 2.1762432966306302 2.1754708574687958 2.1531469519789126 2.1073028272529428 2.0377211726982392 1.9463007465021058 1.8373057789207381 1.7174493188498829 1.5957654920310407 1.4832393113772073 1.3921841074231136
1.8278671621437386 1.7947056029947477 1.7709516494973518 1.75669284652941 1.7515428146256677 1.7546544654705938 1.7647641985047071 1.7802660149748968 1.7993126962548069 1.8199392881609107 1.8402021174545451 1.8583245427233244 1.8728388294285601 1.8827122600205362 1.8874452131239503 1.8871298010086412 1.8824599389140879 1.8746874170741712 1.8655233854373392 1.8569901291542295 1.8512334262868608 1.8503104018722454 1.8559709771583062 1.8694523322646972 1.8913051360936028 1.9212678597698862 1.9582017625194061 2.0000947527632009 2.0441378970784738 2.0868743122699218 2.1244166759398038 2.1527264521440834 2.1679447257386864 2.1667607628682224 2.1467996938582714 2.1070050332996586 2.0479856056223347 1.9722908725251442 1.8845751299735889 1.7916111983714229 1.7021195304807435 1.6263900109082297 1.5756911486414877
1.7004579509894728 1.665230038563436 1.6411270515145915 1.6282316224345148 1.6260912852361951 1.6337397567145231 1.6497521380301119 1.6723316794315728 1.6994239098854693 1.7288521422821794 1.7584665952279541 1.7862976760268994 1.8107025115694995 1.8304928675002266 1.8450324948539747 1.854293000937824 1.8588597562789169 1.8598831212529803 1.8589751554850624 1.858057466965662 1.8591712912667673 1.8642655202395908 1.8749815498818878 1.8924550188499529 1.9171535945553579 1.9487671020393078 1.9861619482570037 2.0274066268281961 2.0698697888816397 2.1103875056056576 2.1454922520739026 2.1716928321604327 2.1857916940857938 2.1852234573369698 2.1683956107507347 2.1350090869001463 2.0863329668975039 2.0254045378747723 1.9571242911189917 1.8882163843127056 1.8270297098683275 1.783163783940455 1.7669173735685477
1.5728647904675721 1.5361684910583457 1.5123983385177195 1.5016186907146281 1.5032954483799299 1.5163267625281687 1.5391106468416973 1.5696456659702978 1.6056589882580476 1.6447544523289765 1.6845718335861866 1.7229472029913626 1.7580632461341519 1.7885778673667783 1.8137196284539867 1.8333398510676424 1.8479137419078946 1.8584866920296739 1.8665667354793436 1.8739695626800448 1.8826278194146602 1.8943809478752109 1.910764859149453 1.932821771379243 1.9609494011490634 1.9948054924203316 2.0332788564189093 2.0745323475751816 2.1161172659955692 2.1551532319704187 2.1885630903685014 2.2133490547070203 2.2268939889551809 2.2272701388768095 2.2135363826013159 2.1860038809847984 2.1464488121410059 2.098249923672487 2.0464284911831978 1.9975697070411353 1.9596083607186661 1.9414685766032407 1.9525576581388087
1.4489977301047385 1.4114998072823439 1.3887584422522072 1.3808053737909052 1.3870101820478726 1.4061216223636224 1.4363488168388636 1.4754768560523972 1.5210094516641586 1.5703298266528012 1.6208699247245029 1.6702771937290855 1.7165676746773879 1.758254048166602 1.7944378831724335 1.8248568515614056 1.8498803000038582 1.8704503365527076 1.8879702998667771 1.9041477092187333 1.9208039272080846 1.9396670942685208 1.9621677392481887 1.9892573276621961 2.0212686508563014 2.0578334918590095 2.0978678568375178 2.13962890920173 2.1808413762708123 2.2188853695361122 2.2510328472611953 2.2747166611841902 2.2878142787658651 2.2889276169550197 2.2776405722490192 2.2547363830321019 2.2223576360148831 2.1840924747016675 2.1449715915324927 2.1113623241539785 2.0907492037242252 2.0913951935262767 2.1218850349438285
1.3330688154074444 1.2954757543219635 1.2744361450349808 1.2699348302712383 1.281232578882342 1.3069189767666625 1.345008004084759 1.3930691332299918 1.4483848528376047 1.5081242808420006 1.5695218225030965 1.6300495186431252 1.6875717587032228 1.7404714627532776 1.7877378301175091 1.8290075199854356 1.8645538417025211 1.8952222293034298 1.9223147978545654 1.9474317482336321 1.9722822330028877 1.998481346532982 2.0273525034395652 2.0597551167625743 2.0959559383782627 2.1355587614171654 2.1775018163030042 2.2201257872973068 2.2613087463384298 2.2986582528180017 2.3297460629147806 2.3523677372860745 2.3648080338287398 2.3660931368223861 2.3562121069141413 2.3362919450338726 2.3087128891872055 2.2771526957975907 2.2465506071721824 2.2229836247688568 2.2134499526318931 2.2255575352616637 2.2671200016029127
1.2293662581800191 1.1923916636362761 1.1736665491143856 1.1731157981076243 1.1898824031950912 1.2223924716343706 1.2684655202639481 1.3254611355156907 1.3904511394097179 1.4604053903152907 1.5323790634458614 1.6036894914503985 1.6720712588163218 1.7357992103005973 1.7937704458017418 1.8455383947857269 1.8912948451208365 1.9317993954133563 1.9682600840807172 2.0021735933975378 2.035137918549462 2.0686541058310075 2.1039359786809824 2.1417471932748486 2.1822832466069593 2.2251122612026744 2.2691828766574336 2.3129010441164048 2.3542707636091467 2.3910876669988341 2.4211695520345211 2.4426049980411673 2.4540002163225503 2.4547051686510137 2.4450023232180258 2.4262446439016156 2.4009329207991881 2.3727258259679616 2.3463787794395481 2.3276097426823568 2.3228915870980358 2.339172115185665 2.3835247094601324
1.1419968382542691 1.1063276020534143 1.0904350516164782 1.0941733914332212 1.1165635768351654 1.1558705336354265 1.2097279396270773 1.2752999117558497 1.3494670138725116 1.4290232272576391 1.5108706738317002 1.5921996717825555 1.6706429089542352 1.7443940294815927 1.8122827624427347 1.8738009901144828 1.9290769897675257 1.9787985485271331 2.0240896596486087 2.0663497857309632 2.1070687663228598 2.1476337847168847 2.1891468097950812 2.2322711210705517 2.2771236565191484 2.3232260371164739 2.3695215789261082 2.4144590376040123 2.4561370543411489 2.4924971453864493 2.5215483611446547 2.5416039747571766 2.5515099773737284 2.5508466579651925 2.5400877281698095 2.5207056976052402 2.4952167908490157 2.4671629294727073 2.44103163377607 2.4221168235155903 2.4163244087530735 2.4299265691372809 2.4692683132548949
1.074617102238723 1.0408808083681016 1.0282154149659035 1.0363970662166213 1.064326014600147 1.1101156388727007 1.1712308640750952 1.2446636939953251 1.3271316553490287 1.4152844189730815 1.5059044329363249 1.5960887319803472 1.6834008691700502 1.7659839535151514 1.8426280169149403 1.9127874362699904 1.9765470119421404 2.0345386223547122 2.0878140862954027 2.1376837494250425 2.1855339788892048 2.2326396895432912 2.279989700604331 2.3281426846635624 2.3771294723876233 2.4264135437208179 2.4749160036719742 2.5211048169602872 2.563141359994189 2.5990713047455718 2.6270422649399081 2.6455280922010735 2.6535394885011652 2.650802636411862 2.6378914443969679 2.6163041023257301 2.5884801305653342 2.5577591504366772 2.528286482881335 2.5048729064523898 2.4928163088295681 2.4976917555490981 2.5251142583788284
1.030177159142778 0.9989130934166971 0.98972513951755181 1.0023080929225248 1.0354489268624281 1.0871266566815165 1.1546629222309732 1.2349095354361406 1.3244573584157953 1.4198505719641508 1.5177913583308704 1.6153218537569616 1.7099725425188239 1.7998687913083564 1.8837898364338017 1.9611772481150938 2.0320927934919855 2.097128780267445 2.1572773698073195 2.2137688352511669 2.2678919783863094 2.3208124584771088 2.3734061377644955 2.426124291769475 2.4789054238413413 2.5311444765282962 2.581724754903191 2.6291114497218482 2.6714990499803597 2.7069990244967115 2.7338497330309566 2.7506282114147611 2.7564435800754898 2.751094317545332 2.7351761340613967 2.7101329917322765 2.6782500669459943 2.6425931925742931 2.60690368563125 2.5754598110588707 2.5529161391164119 2.5441298228439302 2.553978900954132
1.0107014508120649 0.98233720919773637 0.97672135774885105 0.99346858189234288 1.03126611604537 1.0879829846747568 1.1608306784162996 1.2465602851284838 1.3416792549280083 1.4426708818296621 1.546200899565221 1.6492978638151079 1.7494967803028876 1.8449383947376761 1.9344194995733217 2.0173924996100729 2.0939153790786591 2.1645562094635422 2.2302594438580314 2.2921843427228792 2.3515286982986798 2.4093531785213305 2.4664226540941869 2.5230804130853421 2.579168969630206 2.6340072390414249 2.686428463114312 2.7348769776936144 2.7775554738837505 2.8126086626563302 2.8383250180890278 2.8533361805587956 2.8567939960185265 2.8485080456048504 2.829031508659777 2.799689604768147 2.7625517476856309 2.720354884367667 2.6763903003319478 2.6343686608057033 2.598277773153332 2.5722444894222152 2.5604068093288999
1.0171284966472907 0.99196358966100517 0.98985766682618481 1.0103511410380051 1.0520507109346624 1.1127460493084385 1.1895779925774812 1.2792423154001449 1.3782113859894884 1.4829560836508138 1.5901519684026721 1.6968563334794087 1.8006459461988029 1.8997085906725626 1.9928847269994165 2.0796586012153306 2.1601010234600966 2.2347688639934242 2.3045691375107809 2.370598281984087 2.4339696733927747 2.4956442140930428 2.556279593056781 2.616113178133332 2.6748912363166784 2.7318532797827393 2.78577506162343 2.8350676169676334 2.8779234898534032 2.91249573536113 2.9370912466502559 2.9503580745290034 2.9514470546909126 2.9401312544942928 2.9168721404335334 2.8828282481077903 2.8398095471102973 2.7901875373248708 2.7367763099884157 2.6827024518606506 2.6312811874100484 2.5859124211766451 2.5500037793930193
1.0492264120439418 1.0274235220707471 1.0286169032688484 1.0522828429924755 1.0969714745557286 1.160428617001531 1.239768505727685 1.3316808946555729 1.4326542855686266 1.5391972763000952 1.6480418534837422 1.7563153724022482 1.8616714302707364 1.9623734066238903 2.0573278333144973 2.1460678590950435 2.2286899168599983 2.3057493717700996 2.3781234857354105 2.4468524410484545 2.5129712541903459 2.5773468898537013 2.6405353989474349 2.7026731173562784 2.7634136565978724 2.8219185773083657 2.8769044983491021 2.9267434505793459 2.9696072341511659 3.0036411929204991 3.0271489782918439 3.038768190755754 3.0376176494831753 3.0234004900236742 2.9964529880338038 2.9577362554630038 2.9087757750500161 2.8515609875811574 2.7884226706047093 2.7219086465528681 2.6546777475104406 2.5894277176035905 2.5288651915876108
1.1055935547157218 1.087177321860527 1.0913274527004819 1.11746995867845 1.1641259022908323 1.2290358451833778 1.3093339042529786 1.4017546490200858 1.5028544228921239 1.6092290215292093 1.7177116474813514 1.8255381543247464 1.9304702387498078 2.0308709644710761 2.125730496236284 2.2146430527529253 2.2977388659949747 2.3755774465554222 2.4490107752579258 2.5190271618190869 2.5865883009639279 2.6524732657637351 2.7171434871770912 2.7806418674989892 2.8425368556576744 2.901918552061244 2.957448927243056 3.0074624967913004 3.0501079655338175 3.0835162249172492 3.1059764453339067 3.1161005028822353 3.1129570177249222 3.0961599180979875 3.0659023585254688 3.0229343251182779 2.9684903694995617 2.9041814570109494 2.8318706896902226 2.7535555956948818 2.6712789896310594 2.5870857833940684 2.5030348240504425
1.1837449088138594 1.1686074073307278 1.1752622218934394 1.2031017954426406 1.2506476789057028 1.3156749325199104 1.3953842113331925 1.4866048816638082 1.5860109498331514 1.6903320133125044 1.7965435069095725 1.9020236866889506 2.0046685099016233 2.102959347710105 2.1959819818305499 2.2833984373749914 2.365375892610019 2.4424792649584837 2.5155361851583389 2.5854849503152257 2.6532175900022308 2.7194311714071464 2.7845006206122638 2.8483853595184407 2.9105797536185749 2.9701137086069647 3.0256049439888182 3.0753589486431023 3.1175070285140487 3.1501679527925366 3.1716152608676453 3.1804309545656539 3.1756274736183165 3.1567236097893545 3.123766052473278 3.0772959029042957 3.018267765268404 2.9479367419407425 2.8677345922093371 2.7791593342500787 2.683701835846652 2.5828280534308199 2.4780267270147633
1.280275944279835 1.2681874619977858 1.2768110068321172 1.3055240386480775 1.3528786992521737 1.4167235374417195 1.4943704101310755 1.582790367506038 1.6788208605365698 1.7793670816595115 1.8815823158270442 1.9830153269480248 2.0817164821108229 2.1762980441417086 2.2659475121703569 2.3503959038022932 2.4298454440456303 2.5048633344971827 2.5762502089737871 2.6448935637162578 2.7116178005269225 2.7770433488867621 2.841467374119989 2.9047775646864382 2.9664082342857343 3.0253444448968905 3.0801752408121557 3.1291917963346108 3.1705209340824037 3.2022798011416445 3.22273424306908 3.2304422248428102 3.2243649167588475 3.2039318739536622 3.1690528030520957 3.1200760744211751 3.0577024390223859 2.9828701717141803 2.8966338446340782 2.8000619833580127 2.6941780875419443 2.5799644518538738 2.4584390255160655
1.3910878927396879 1.3817113091441147 1.391709798703898 1.4204652987827628 1.4665897582449048 1.5280417101651416 1.6022850047880641 1.6864742898987746 1.7776504627424969 1.8729298031832771 1.9696725021846884 2.065619335028162 2.1589887669969365 2.2485303599344051 2.3335336509450326 2.4137945450319638 2.4895436909656019 2.561343369050828 2.6299611973867352 2.6962304901682383 2.7609083091936939 2.8245429650983578 2.8873627033936531 2.9491963003884791 3.0094341162722511 3.0670347769944293 3.1205782560381086 3.1683610942730249 3.2085244146800376 3.2392009625890723 3.2586643506393282 3.2654626261006197 3.2585196024278025 3.2371911935174977 3.2012699857212539 3.1509388477653157 3.0866825723630749 3.009174213251598 2.9191586956595055 2.8173592824537783 2.7044316656304597 2.5809853331246129 2.4476825106873368
1.5116526987932175 1.504559705054018 1.5153055233986252 1.5432959832320463 1.587229967471895 1.6452086174247202 1.71488326402034 1.7936277270916923 1.8787193790426586 1.9675138432047399 2.0576000836863897 2.1469254881402056 2.2338838553018694 2.3173625453301807 2.3967481335420273 2.4718925824405904 2.5430442030951403 2.610749585689573 2.6757343227653823 2.7387717573540709 2.8005500989783814 2.8615489017207278 2.9219358601065051 2.9814939122582995 3.0395865747878883 3.095166239658766 3.1468260014617626 3.1928908250083579 3.2315390621719651 3.2609411541143536 3.2793994985427211 3.2854725122068222 3.2780672591593984 3.2564887321983988 3.2204397099769064 3.1699724595522416 3.1054015066614 3.0271941364135264 2.9358610140240877 2.8318721947219854 2.7156229227233348 2.5874684988597267 2.4478381725382032
1.6372930351047905 1.6319806419258274 1.64283241199446 1.6692966796988962 1.7101834212113987 1.7637642150575192 1.827907172398693 1.9002337568098191 1.9782832974060269 2.0596714442339548 2.1422305398830335 2.2241224718837524 2.3039175791234956 2.3806362229222988 2.4537524306226604 2.5231614492873087 2.5891151047116159 2.6521306139967158 2.7128800241872582 2.7720687698936168 2.830312896261665 2.8880251239060533 2.9453199191203914 3.0019468482663907 3.0572595760739203 3.1102248828391645 3.1594721764442997 3.2033795113152963 3.2401876219258789 3.2681295684160943 3.2855609291253676 3.2910746206889954 3.283585745201425 3.2623754391236783 3.2270882844905882 3.17768486180745 3.114358609201108 3.0374332339808934 2.9472623474698119 2.8441556696397661 2.7283552043777792 2.600079727468426 2.4596467939410283
