_RESULTS/CROSS_VALIDATION_POSTPROCESSED/Berg/IZ/9comp/5/Berg_IZ_z_0_kriged_reverse_9comp_spherical_5.asc
ncols 100
nrows 90
xllcorner  5.6208707817415728
yllcorner 50.959635321741573
cellsize 0.00013419651685393446
nodata_value 1.7014100000000001E+038
[rows 54 to 71 of 90, columns 0 to 40 of 100]
0.05662932040427286 0.05575993578408454 0.0533412686557202 0.04983389944490225 0.04575623138159103 0.041533805330459646 0.037454323822773736 0.033684649396264955 0.03030538659782532 0.027342323984407155 0.024789474880748327 0.022624415048804206 0.02081797870129518 0.019340201091009483 0.0181639069411398 0.01734110813649125 0.01693888296673461 0.016895737758426205 0.017175051967935662 0.017602834309170482 0.01800910072853953 0.018353629446793012 0.018602312460583477 0.018730314804497973 0.01872474848760954 0.01858439228556572 0.01828131747008557 0.0178308403661569 0.017278278293204042 0.01667464272620699 0.01607250446714447 0.01552314866438944 0.015075519618665798 0.014772391566102798 0.01452335590981521 0.014283395183905617 0.014061026601888522 0.013864638411891549 0.01370217214003749 0.013580677028220217 0.013505766838903506
0.048784166679270546 0.04817997557853261 0.04647005281623158 0.04391772215364479 0.04084872843720447 0.03756376776654934 0.034294187098168186 0.03119513813247545 0.028357863286898512 0.025827154985688612 0.023617249575951366 0.021724101574176227 0.02013410599981032 0.0188300206149689 0.017794911155048908 0.017014816373817084 0.016480677277813414 0.016232323586992514 0.01630517700470256 0.016482787632365044 0.01667317938473744 0.016845307177964102 0.01697397914540164 0.017041386023636196 0.017038439729761108 0.016965534609468983 0.01682177967902307 0.016589360950545452 0.016297899157440836 0.01598648243584132 0.015697671843222218 0.01547333499750848 0.015267215762062952 0.015052937937092746 0.014838286434139385 0.01463109971565853 0.014439125594309057 0.014269814888692625 0.01413004089439037 0.014025748501829007 0.013961563704432224
0.04224674816033204 0.041816115285339 0.04058370885778557 0.03870752861403707 0.03639572257399559 0.03385682688673358 0.031267033556348654 0.028757529031640132 0.026415844333881895 0.024293876463144223 0.022417525522534364 0.020795428609762412 0.019425943523228614 0.018302380217590303 0.0174168107566076 0.016762868796002545 0.01633793085820323 0.01614503147335733 0.01613376521544455 0.01613376521544455 0.01614631138026723 0.016179710809428916 0.01621359638373594 0.01623366412292003 0.01623275769979353 0.016211185735899573 0.016176707311998512 0.016123760443188185 0.016050033310918404 0.015949917489402964 0.01581955060270704 0.015665779016427475 0.015495677603834444 0.015316475358661383 0.015135465164788342 0.014959888446552144 0.014796784693519997 0.0146527975847519 0.014533935518709075 0.014445295983913711 0.014390779188258837
0.03681365473831175 0.036501176224293094 0.035599997291877586 0.03420871947509942 0.03246309314689865 0.030507435232560023 0.028472533448898437 0.026463800859406136 0.02455835942212936 0.022807724146342682 0.021243002153497583 0.019880578579919626 0.018727263663920576 0.01778454897359756 0.017051990199351903 0.016529903823967164 0.016221628943335432 0.01613376521544455 0.01613376521544455 0.01613376521544455 0.01613376521544455 0.01613376521544455 0.01613376521544455 0.01613376521544455 0.01613376521544455 0.01613376521544455 0.01613376521544455 0.01613336758692044 0.016107193931906058 0.016044365881536172 0.015951145764836368 0.015834056525545502 0.015699803466206117 0.015555187756265755 0.015407005800781588 0.015261928286712032 0.015126353429282672 0.015006231500461943 0.01490686291863484 0.014832680098204865 0.014787032554470777
0.03231100550530221 0.032081345516322954 0.03141534279904438 0.030376559360358452 0.029055372847929535 0.02755224090421118 0.025963261750378212 0.024370862506874178 0.022842430608128215 0.02143045308823395 0.02015673859423739 0.019036532703158145 0.01808253180182148 0.017306689167412015 0.016722099550198464 0.016334931460752256 0.016149015750966462 0.01613376521544455 0.01613376521544455 0.01613376521544455 0.01613376521544455 0.01613376521544455 0.01613376521544455 0.01613376521544455 0.01613376521544455 0.01613376521544455 0.01613376521544455 0.01613376521544455 0.01613291715975546 0.016107627451163332 0.016051624910552204 0.015971077302121092 0.015872297164735864 0.015761647852526945 0.0156454382814631 0.015529802485708634 0.015420561374686914 0.015323066613279562 0.015242030556689644 0.015181351385180212 0.015143947946540124
0.028591873845061642 0.028421610397416294 0.027925852627637453 0.02714672089727067 0.026146106242075525 0.02504172552501078 0.023903736893301886 0.022759466766286263 0.02163630916299035 0.02056016463203746 0.01955486959182775 0.018642285682069774 0.01784282288606982 0.017176297325226533 0.01666313620589908 0.016326034256631258 0.01618783344019776 0.016140546663522354 0.01613376521544455 0.01613376521544455 0.01613376521544455 0.01613376521544455 0.01613376521544455 0.01613376521544455 0.01613376521544455 0.01613376521544455 0.01613376521544455 0.01613376521544455 0.01613376521544455 0.016133463584731875 0.016114470645922262 0.01607009261131518 0.016006235784725827 0.01592882503454937 0.01584369758775453 0.015756486392051315 0.01567249211517757 0.015596545034930059 0.015532861023824887 0.015484899218454133 0.015455232052429806
0.025533479872695667 0.025406640857552818 0.025040739658314028 0.024558046390888107 0.02399834556074169 0.023362102161915265 0.022658724216731065 0.021904037986418143 0.021118176466585713 0.020323976884268295 0.01954585165419992 0.01880905733689064 0.018139316088898592 0.017562806296793385 0.01710660427319216 0.016799716663993897 0.01659822760694885 0.016407790327309955 0.016250869732662432 0.01615299323098111 0.01613376521544455 0.01613376521544455 0.01613376521544455 0.01613376521544455 0.01613376521544455 0.01613376521544455 0.01613376521544455 0.01613376521544455 0.01613376521544455 0.01613376521544455 0.01613376521544455 0.01612474412432517 0.016095104466849714 0.016050106449122213 0.01599513389071995 0.015935352271045235 0.01587559101729646 0.015820221176521994 0.01577303233244365 0.015737114825048613 0.01571475511594361
0.02303440552404327 0.02301157131372427 0.022969618782418138 0.022878989925025697 0.022717834603136273 0.02247365590486746 0.02214266169801504 0.02172894627842891 0.021243592142166933 0.02070373236614723 0.020131577246069312 0.01955341752595862 0.018998670295080126 0.018499108653360644 0.018088483819299832 0.017763174793922375 0.017415353390716 0.01706029503199262 0.016726446413116568 0.01644242144677372 0.0162367183116977 0.016138163914537023 0.01613376521544455 0.01613376521544455 0.01613376521544455 0.01613376521544455 0.01613376521544455 0.01613376521544455 0.01613376521544455 0.01613376521544455 0.01613376521544455 0.01613376521544455 0.016132840423797642 0.016119331705064174 0.016093540912993913 0.016060195988458818 0.016023696130616265 0.015988002823105633 0.015956533411917065 0.015932061961551315 0.01591663315591157
0.02116730533853925 0.021438492097384493 0.021718451638209398 0.02197151407062865 0.02216769718656602 0.022283410932209865 0.022302232349152226 0.022215641131061534 0.022023595911381984 0.021734805339336395 0.02136655103314083 0.020943986157360806 0.020498966693495962 0.020068638868119482 0.019668171138765275 0.01919591922978362 0.018664728323946205 0.01811014314173276 0.01756762056159836 0.01707094712161591 0.01665162425592048 0.016339198829168494 0.016162446379247696 0.01613376521544455 0.01613376521544455 0.01613376521544455 0.01613376521544455 0.01613376521544455 0.01613376521544455 0.01613376521544455 0.01613376521544455 0.01613376521544455 0.01613376521544455 0.01613376521544455 0.016133200575296804 0.016125281324327338 0.01611108633941729 0.016094206943759844 0.016077729985376744 0.016064152920045004 0.016055311464624657
0.020019593405440333 0.020563129174983718 0.02114625726195856 0.021730841261913113 0.022280279028122265 0.022760643359425844 0.023142394998001976 0.02340251067610949 0.023526762515228523 0.023511765183869354 0.023366344744408938 0.02311185165836377 0.02278127065345117 0.02238924213674031 0.021841917754595683 0.021161665195527535 0.02039471355139464 0.01958897879208664 0.018790308649404244 0.01804012438708727 0.01737454024882115 0.016824785715414958 0.016418653872514295 0.01618272821926685 0.01613376521544455 0.01613376521544455 0.01613376521544455 0.01613376521544455 0.01613376521544455 0.01613376521544455 0.01613376521544455 0.01613376521544455 0.01613376521544455 0.01613376521544455 0.01613376521544455 0.01613376521544455 0.01613376521544455 0.01613362812833215 0.016137832633784543 0.016190710748100284 0.01628017937026355
0.019465323414396035 0.020281978070593534 0.021177282322742595 0.022112185700838435 0.023044647469815393 0.0239305569748738 0.02472583861377195 0.025389737953293464 0.0258890363403108 0.026202601810122902 0.026325380300569256 0.026270847154495493 0.026019810591856738 0.0254879047522491 0.02471312950884715 0.02375382634675085 0.02267601908261303 0.02154591876633282 0.020424248106121864 0.01936297315568758 0.018404354657792343 0.017581834923466554 0.01692216978726559 0.016448313119228224 0.016182762152456148 0.01613376521544455 0.01613376521544455 0.01613376521544455 0.01613376521544455 0.01613376521544455 0.01613376521544455 0.01613376521544455 0.01613376521544455 0.01613376521544455 0.01613376521544455 0.01613376521544455 0.01615287888744997 0.016269118070970458 0.016462106798714793 0.016700103834893728 0.01695298420047277
0.019431880153430836 0.02054383061538144 0.021785962712836626 0.02312048313882532 0.024501470291528944 0.02587472381226501 0.027179444710046217 0.028352192080742158 0.02933319275539641 0.030074390674690626 0.030544121168764565 0.030628996536680966 0.03027936642934219 0.02952688662910793 0.028436718646134868 0.027096180516206013 0.025601403277474975 0.024045383856288068 0.022509609599040158 0.021059884721405533 0.01974581059628955 0.018602821517857828 0.017655659071925962 0.016922446848628314 0.01641889682431873 0.01616252394487687 0.01613376521544455 0.01613376521544455 0.01613376521544455 0.01613376521544455 0.01613376521544455 0.01613376521544455 0.01613376521544455 0.01613376521544455 0.016136561955849255 0.016248920748047884 0.01649871031564387 0.01685076297806987 0.017270234786637754 0.017721612461171102 0.018168814187873198
0.019888112711703692 0.021338515105883506 0.022988838785098373 0.024806162309718396 0.02674355379979428 0.02873759272315123 0.030708211445737113 0.03256219862646835 0.03420120755033932 0.03546370915097907 0.03619148048012061 0.03631251237489373 0.03581448508564608 0.03474746191185931 0.03321314420885815 0.03134473761946363 0.029284271485010366 0.027163597646172457 0.02509243343448955 0.023153731168504096 0.021404700763615413 0.019881214576020625 0.018603639116357335 0.01758281308434408 0.016825556980274086 0.016339607396732136 0.016138214194768997 0.01613376521544455 0.01613376521544455 0.01613376521544455 0.01613376521544455 0.01613376521544455 0.01613376521544455 0.016161162558427655 0.016368835432082757 0.01675060951096657 0.017272421170475553 0.01789921475950208 0.018592781220831335 0.019310814548832288 0.02000737701611384
0.02083634910616642 0.0226908416525914 0.024841042566236416 0.02726513959785124 0.029920856073212654 0.03273873721863262 0.03560471634090394 0.038323504714634846 0.040687241513233205 0.04248275038369876 0.043525645975341413 0.04369964828216484 0.04298468796582387 0.041462003442780136 0.039293951966692615 0.036687315132686575 0.03385419885854679 0.030982057334211353 0.028217595353208284 0.025663258239561476 0.023382088104048234 0.021406566395920777 0.01974827850173957 0.018406675146197603 0.017376321627020297 0.016652718461326394 0.016237145809128783 0.01613376521544455 0.01613376521544455 0.01613376521544455 0.01613376521544455 0.01613376521544455 0.016182643912254588 0.01646137822989253 0.016958417167123114 0.017643809392475195 0.018486432757116884 0.019450257506104074 0.020491610351956138 0.021557846642797578 0.022587963434390308
0.022298869941817488 0.02464481893305248 0.027410093672041645 0.030584875246075047 0.03412409207568566 0.03793094037825459 0.04184172790112161 0.045618634136699955 0.048959674418709784 0.05153425677596866 0.05304454898961741 0.05329761326509074 0.052259769559800266 0.05006666652783881 0.046983763500035976 0.04333734151063128 0.03944624743512939 0.03557562697493911 0.03191777578642142 0.028593884475412078 0.025667091406736415 0.023159016730387928 0.02106519436383497 0.019367530458328154 0.018043577494015427 0.017073210975410587 0.016443577685237562 0.01615323564891683 0.01613376521544455 0.01613376521544455 0.01613376521544455 0.016181632302277392 0.016493994594625017 0.017072943449308767 0.01789514802614994 0.018937846507460755 0.020173535490653885 0.02156506704954668 0.023061544537367994 0.024595833849898763 0.026084803107395946
0.024039586368074774 0.02694997897582006 0.030422942564332336 0.03447432906921997 0.03907712032085106 0.04413444474500206 0.04944972722276185 0.054703477885906966 0.059454056898859575 0.06318371627199301 0.06540048437223714 0.06577405968383497 0.06424589639736314 0.06105019742010401 0.05663258277499855 0.051515702970977274 0.04617924788205764 0.04099218858365817 0.03619685248303676 0.031925296362221994 0.02822813422366148 0.02510330686739572 0.022519364545177396 0.020432213447057607 0.018796282274802036 0.0175716662869116 0.016728772025482626 0.016251762791730545 0.01613376521544455 0.01613376521544455 0.016158937172765585 0.016456020849652243 0.017068207752354538 0.017979654660331853 0.019179138555327754 0.02065370238110988 0.022381977722088314 0.024327174617841008 0.026430355427882923 0.028605366310437016 0.030737507195134944
0.02589422279207076 0.029434074860457887 0.03371985794759102 0.03881101285985443 0.0447208179372962 0.05137559844204121 0.05856147420589778 0.06586903111056974 0.0726639885711331 0.0781317329835972 0.0814401487470447 0.08200214288620489 0.07971139006503335 0.07498916892771813 0.06860615122775088 0.061410046876394044 0.05411617692210129 0.04722049493997259 0.041006697384533324 0.0355960032400854 0.031003236103518482 0.027182901128158365 0.024061614152515988 0.021558734250788133 0.01959849554950679 0.018116696038736477 0.017064305104849877 0.016409700906189935 0.01614080467130148 0.016135491238719303 0.01635990627244445 0.016945273005947854 0.017881582471655187 0.01916958655048836 0.02081425270053312 0.022817476223881868 0.025169343527670588 0.027837768910905662 0.030757210529807146 0.0338184920752086 0.03686332723970618
0.02778735027291556 0.03200324249982944 0.03718798690312174 0.04346795751097973 0.050930026310307096 0.05956627390412047 0.06918898393804677 0.07931925700614414 0.08908310887100458 0.09720662938172403 0.10224831298292383 0.10311475079524177 0.09960146859484091 0.09250709133924558 0.08321036994700098 0.07309472021274653 0.0631985214569434 0.054144195988886784 0.0462182992085514 0.03948664793356199 0.03389103217459672 0.029315478005929967 0.025629002597763698 0.02272438813683836 0.020471391921524074 0.018761911197159302 0.01751917500379101 0.016694010153016827 0.01626314769472153 0.01628764336459863 0.016751765112660702 0.017620317881210858 0.018910817124551952 0.020628818617856662 0.022800860360337707 0.02545200656166858 0.02859333639710831 0.03220673898735482 0.0362262703381327 0.040518575536727545 0.04486805859189287
