_RESULTS/REVERSE_NEW/Berg/TZ/9comp/Berg_TZ_z_125_kriged_reverse_9comp_test.asc
ncols 100
nrows 90
xllcorner 5.6208707817415728
yllcorner 50.959635321741573
cellsize 0.00013419651685393446
nodata_value 1.7014100000000001E+038
[rows 19 to 37 of 90, columns 0 to 42 of 100]
17.417906483536342 17.48184640424368 17.547904568677875 17.612454586714055 17.671268231492686 17.719894416655357 17.754143559400585 17.770613014802482 17.76716905627905 17.74329708279494 17.700248396378267 17.640947342732503 17.569669032137202 17.491543244946218 17.411972108195613 17.336059241408652 17.268134503108456 17.211426124830915 17.167890170621465 17.138166443440227 17.121599733356476 17.11625335242101 17.118853626431864 17.124641630311217 17.127170920548064 17.118178459282056 17.087784320495935 17.025446958132257 16.922120502600453 16.773160507149516 16.578804840622954 16.336834481703626 16.027856763136093 15.60661657509656 15.01031366304972 14.17398103956386 13.047513343742947 11.637675942923423 10.073823818225382 8.612490125931602 7.522379293393695 6.967328215680772 7.003403309213341
17.535655413171796 17.625796128311457 17.719393100568148 17.811471863027897 17.896182795180067 17.96731669056039 18.018973497748014 18.04629563893935 18.04614696605846 18.017611532233673 17.96220925818769 17.88377601306415 17.788022145846416 17.681848353894683 17.57254279227395 17.4669964808495 17.371053665807025 17.289068236159512 17.223680853073706 17.1757789013263 17.144564443806438 17.12764185544835 17.12105107714432 17.119215245452168 17.11483916352247 17.09887892291196 17.06078189941499 16.989191295981776 16.872970771001494 16.70135053525595 16.46064154525641 16.125964814474 15.651626895097653 14.966266334895934 13.973326053523216 12.565268532742053 10.694636944872842 8.518698548251383 6.43917588769445 4.84941382769887 3.889693380950358 3.5153012854761148 3.676782122567467
17.68527132521649 17.809047894136295 17.938150961990882 18.065906189219106 18.184397422020794 18.2851543006203 18.36005830727853 18.402347006939767 18.40755170338354 18.37419253846921 18.30408646944668 18.20219420381725 18.076025533509927 17.934713257988268 17.787928121078583 17.644823959123595 17.51317199625131 17.398779328333823 17.30521053556059 17.233763635439406 17.183606355601967 17.15196293983548 17.134257145009308 17.124161285881545 17.113565768908458 17.092549056710094 17.049450021880432 16.971021971974253 16.842212059805863 16.64435094983498 16.350209930414103 15.91574414037844 15.270200435608224 14.305864146827425 12.876920271538166 10.859456509958939 8.348462355843653 5.824745292909433 3.856216397529816 2.632239483433577 2.0152294387933822 1.8346776991230658 2.03159716647223
17.869424947999622 18.035039734405338 18.208490508077805 18.381018610190335 18.542146213379542 18.680576183703305 18.785396802079653 18.847429807711976 18.86049699002086 18.822364802408337 18.735170181740965 18.6052276200509 18.442244298089342 18.258092908747678 18.06537593674946 17.87603705537184 17.7002324927932 17.545587168800687 17.41685833706276 17.31594214597112 17.242103155921633 17.19228858646165 17.161405394125673 17.142482153118248 17.126695975076466 17.103291277924026 17.059401100256803 16.97961783247909 16.8447759811665 16.62894286011731 16.293568336885727 15.77824813220797 14.987575627696415 13.776766473159837 11.967046021910525 9.489041132053925 6.6747569086545635 4.226590994951153 2.5932656087930392 1.7028365793799998 1.3032742267618806 1.2268603403449219 1.4446491457694948
18.088702158105598 18.30467141542509 18.531705876685002 18.758563243223158 18.971681622956773 19.156337349385183 19.298217677878917 19.38519179161891 19.40897783760274 19.366386927836025 19.259888626436652 19.097371545267844 18.891135409237034 18.656308031257677 18.40899116709462 18.164470940722303 17.93577368301412 17.732730711555856 17.561579784634564 17.425017774586415 17.32255084820164 17.250967813671615 17.20478066631658 17.17652086748395 17.1568334794967 17.134346347117365 17.095262137018803 17.02246838607926 16.89366657588493 16.677711705609298 16.32821643337356 15.773258339446642 14.900001793007517 13.541415767501535 11.51493258864708 8.827245949256705 5.964205439405245 3.6615518238770193 2.226598565242462 1.4840940360178732 1.1759826488009757 1.1625657646191765 1.4486172532149497
18.340808986674872 18.615292155900143 18.904810524894827 19.195246853041876 19.469439181466203 19.708650528842732 19.894586912493693 20.011670207580945 20.049163470162167 20.002741989418805 19.87520357976518 19.67617752405372 19.420880162426666 19.12814603885345 18.818103463562146 18.509918467026424 18.219974395928826 17.960706113508458 17.740128027583573 17.561945807912974 17.426055351004376 17.329209586246787 17.26565685878867 17.227603278901 17.20540518563043 17.18743124954203 17.15951098112853 17.10377083473735 16.996452177456923 16.804080189844896 16.477126896621197 15.93988629759039 15.075796985698059 13.717878473631867 11.696209870641319 9.041755796313868 6.236681003043683 3.971238392416956 2.5378712836894577 1.7910157528563713 1.5051958416451847 1.5707774183548542 2.0374482064349566
18.619903882024925 18.95982667244947 19.319416771490687 19.681324011519738 20.02431922241356 20.325144105257486 20.561062559201048 20.71270515714843 20.766671917051234 20.717401654273974 20.567990922063835 20.32984950548063 20.02125357342933 19.665021957838995 19.28571041195356 18.90683200916104 18.54858543805783 18.226399027599562 17.950358803353332 17.725384658177976 17.551904388158626 17.42674945559428 17.344028710371074 17.295794944226163 17.272379533130472 17.26231085655202 17.25172822784514 17.223134434384797 17.153204375845725 17.00922492708584 16.743563067049593 16.28527931943572 15.528797622621745 14.327999675322967 12.534053437892744 10.147067217591793 7.5200779223903265 5.244785874710729 3.689073194505305 2.843547607647879 2.566787425625401 2.8019426453632583 3.650135204861175
18.916217700316846 19.326248260822663 19.761024585169793 20.19966363888833 20.616497268368832 20.98339505753915 21.272954861076087 21.461971113767447 21.53446088793988 21.48369382804921 21.313002446256316 21.035388218906583 20.671997832407282 20.24959115669915 19.797317873889668 19.34337057857744 18.912160252619678 18.52247561185567 18.18675947116568 17.911342212626685 17.69731276779256 17.54167776534907 17.43850797377217 17.379847894814233 17.35623837291651 17.356755773922515 17.36849118944447 17.375371609681796 17.356174259979746 17.281537607844434 17.109731107311347 16.780925217433968 16.210463881117796 15.286656899502876 13.894215783219366 12.001709171757122 9.7986190078374 7.7033098239501205 6.119105326376973 5.224695471598006 5.039311157841704 5.581254231672598 6.893278270225622
19.216126594841715 19.69762418700819 20.209022884318692 20.725688610084664 21.217283074165465 21.65068842368077 21.993972920005504 22.220513959471383 22.312282251407122 22.261720443937453 22.072294270948426 21.75806236100178 21.342349632456152 20.85533561844546 20.330586726721613 19.801110156474778 19.295831181552046 18.837223547838306 18.44035002847374 18.11313083279113 17.85742717830681 17.670494365404604 17.54643386292684 17.477379046265586 17.454243717251444 17.466932765006664 17.503957315681365 17.551415179234496 17.591307572239845 17.599198194223302 17.541309199992373 17.37133061767033 17.02784847090375 16.4357158025261 15.520861243774315 14.254204345198593 12.723536093711413 11.171997541444725 9.922313028977763 9.237179408789341 9.251241018939398 9.965767853843827 11.20040346284948
19.502805260378036 20.052916409609143 20.637662110598086 21.22854886444964 21.79052080325525 22.285656002830226 22.67808357822158 22.938773325707583 23.048775791359944 23.000409689385943 22.797125708906993 22.4530676024681 21.99241662697244 21.447663234213422 20.856196131984543 20.25572647804931 19.679863085110476 19.15501476007436 18.699080647154265 18.321718294827544 18.025648212769674 17.808423567200784 17.66421090627757 17.585273251930296 17.56296774119192 17.588157302112638 17.65099707417952 17.74010279992286 17.841158512531706 17.935105465478777 17.996208629489512 17.990554003751527 17.87599565559035 17.605579516379397 17.138280150774968 16.461762801015126 15.625369253497059 14.762428061126492 14.067768123160635 13.723591697728468 13.812267152080329 14.26041522518453 14.85235962428437
19.75749762597466 20.368599688663373 21.018095060721503 21.673675190469957 22.295751239774013 22.84211946936766 23.27403820960423 23.561677973460228 23.68688277102702 23.64290247082545 23.432970378625324 23.0699086152268 22.57682223802319 21.986839956712064 21.340166523757457 20.678834098024286 20.04111934803848 19.45748319582207 18.948783840693753 18.526503847762843 18.194275265270264 17.94997471417871 17.78783914881345 17.70025020432879 17.67898595172607 17.715841393108057 17.802591672270616 17.93033367602626 18.088310724362966 18.26242505088171 18.433800369360565 18.577985639642318 18.66568237197877 18.666198198110123 18.55498899825933 18.32584628895657 18.00484542122784 17.656633721293304 17.369696588411955 17.216547585138066 17.207358399091593 17.27131002696011 17.28458376271518
19.96130789240627 20.620970051608186 21.321314504441354 22.026479497433648 22.692823509054097 23.274743541169503 23.73210571039533 24.036313550272602 24.172071149633094 24.134785106211325 23.927197005502997 23.559131643667033 23.0503341628343 22.4325595578087 21.747520043315745 21.040906211023525 20.355386545524993 19.725368778292175 19.174628881104884 18.716460873295862 18.355409071378567 18.089675003317524 17.913550774262298 17.81948717643446 17.7995858877207 17.84641902354708 17.953156525836153 18.113048309855383 18.31838125782856 18.559126070704053 18.821619383746533 19.08779070473615 19.335597452175712 19.54136011726313 19.684380227747255 19.75325380429415 19.751432630960934 19.697482280963413 19.61561434713141 19.517388268510995 19.384160159457235 19.163079919564936 18.785261404312685
20.09727023197741 20.788812688427733 21.521525976157115 22.25654856329973 22.947035316836942 23.545235859381187 24.011368278425536 24.320177899382177 24.46118142935052 24.432978661573095 24.237444524911254 23.8797913699328 23.374261972220197 22.74929365793903 22.046690663076582 21.31486746148855 20.600261186195183 19.940798164004022 19.362891269992275 18.881487097802598 18.501971860131246 18.2228455404108 18.038426018074556 17.941160377760816 17.92332728368285 17.978034442505212 18.09949138680006 18.282602488615776 18.521995400516722 18.81068419950279 19.138668166640702 19.491877991327407 19.85195924064244 20.197331662941362 20.505640677595558 20.7570181616313 20.936613016886426 21.034229017048357 21.03963369577537 20.93480016387058 20.688504658572295 20.2647301041478 19.663910447703238
20.152348482244502 20.85595779699633 21.59931392541204 22.34144557522765 23.033567205802164 23.627388197278908 24.08531428931581 24.387218963936316 24.52873666251315 24.512101122185605 24.337817821728496 24.00530559577252 23.521849873356743 22.911138642714267 22.21376293958893 21.479686145587955 20.758091854228606 20.08961217600912 19.50273216556396 19.01372056654248 18.62864968094999 18.34625702072442 18.1608433378414 18.064765668599627 18.050307246298154 18.11082658952519 18.241159402086154 18.437307018186978 18.69551124507557 19.010891254892783 19.37590140583078 19.77894996429249 20.20356766495364 20.62846785407432 21.02861113216483 21.376939023439373 21.645907855869726 21.807751143823403 21.833212918444374 21.69123590961547 21.357592926488277 20.844773737930588 20.245749898574175
20.118986904455298 20.81323266437577 21.54397772361296 22.269338272378285 22.94022963762237 23.50971697219066 23.94416931072408 24.22977899027085 24.368621674468216 24.36617277176318 24.220933399341316 23.926008102706387 23.481280544446392 22.90504131230931 22.235633343816865 21.523231267617042 20.81838775532523 20.163276587069497 19.587630343932563 19.108549118235068 18.73254951060044 18.45850430017625 18.280634575725365 18.191108996927408 18.182032300890192 18.246719931807775 18.380219780567646 18.579097212847138 18.840563154319725 19.161097439273124 19.534794523613613 19.95172636112355 20.39665799668256 20.848425726626356 21.280145182731815 21.660151108465502 21.953332092187043 22.12276074864622 22.133027308334075 21.959915076261158 21.612519312310823 21.160067097684383 20.719092923352747
19.995890918594586 20.659418305730213 21.354601292539783 22.040029921805548 22.66819857902494 23.195576780005144 23.59411044908681 23.85686471573511 23.991728362018474 24.00625915417574 23.89621834368989 23.648497843193077 23.256078217965054 22.731962791325984 22.111541177897937 21.44383364508771 20.779194050451768 20.159968865381973 19.61615474183809 19.165084846832652 18.813408684525424 18.559986571549484 18.39886748504947 18.321915717621106 18.32086990956867 18.388721444283636 18.520354722505306 18.71244304275991 18.962657475335142 19.268319681716516 19.624702848155575 20.023247309544757 20.449996841650865 20.88455901029515 21.299833667870413 21.662682515467743 21.935842175952086 22.082148612775796 22.073704313139526 21.90871975639233 21.629899206832942 21.31672812799493 21.02290850879748
19.787847613637876 20.400995744094992 21.039665216456928 21.664327155445562 22.230964294775315 22.701470275297183 23.054759120397165 23.290828704319694 23.422117772119844 23.456640863349147 23.38663946814885 23.193271617491497 22.863683053959317 22.40619922214115 21.8528575454352 21.250299329464177 20.64716301898185 20.084609896140968 19.591905620251346 19.18598909953597 18.873290372924473 18.652464757199148 18.517257176446535 18.459086241749556 18.469133722980153 18.53981196195766 18.665527779582213 18.842710072618164 19.069134780007367 19.34265911580111 19.65955257898748 20.012673834356853 20.389785184353972 20.772322570187317 21.134974961122715 21.446569370529783 21.67320400773851 21.785357352962645 21.77054609741014 21.647832904522136 21.46714695809073 21.27118615830575 21.03832935935869
19.50457292070669 20.05067878427515 20.615239153038196 21.16188866019241 21.651854366693545 22.054277046018917 22.35615910067292 22.56416458902144 22.693737504569317 22.751585506135775 22.725660227623713 22.591963226107236 22.33302163034147 21.95329188367899 21.481319818684142 20.96043979869721 20.43633942103681 19.94785252553997 19.522646704172374 19.17668673881676 18.91582143443332 18.7382699574518 18.637298085547723 18.60370909936333 18.62793737278183 18.701598334779213 18.818384097089794 18.97424206958765 19.166846476894385 19.39445849072028 19.654350756518784 19.941035308208004 20.244584269957485 20.549393837290854 20.833871148720693 21.071822912090642 21.23682022751347 21.31087670968067 21.29608882549071 21.219663115900826 21.115090677309073 20.979046876966297 20.75189982558312
19.158764960168938 19.624955442028078 20.10201844902714 20.55785168699641 20.960441994862347 21.287697376261413 21.535487155240116 21.71659297197769 21.847809887015558 21.932820420950446 21.95456282608831 21.884400076947312 21.701358608981145 21.406860174899474 21.026057495031893 20.598445740148744 20.165949200610065 19.764273824704297 19.418838584429768 19.14415409662161 18.945143123343904 18.8193302850693 18.759289532309595 18.75501734614358 18.796021761040073 18.872956727314776 18.97865574480324 19.10846969418343 19.259898148032242 19.43160025407673 19.621954969205245 19.827403193497346 20.04086336931607 20.25060790557835 20.440184728738682 20.590311253997225 20.68392154177107 20.714550188894066 20.693769691997137 20.646100773690467 20.581871063147 20.466817186228095 20.236192307801886
