_RESULTS/REVERSE_NEW/Berg/TZ/9comp/Berg_TZ_z_90_kriged_reverse_9comp_test2.asc
ncols 100
nrows 90
xllcorner 5.6208707817415728
yllcorner 50.959635321741573
cellsize 0.00013419651685393446
nodata_value 1.7014100000000001E+038
[rows 0 to 18 of 90, columns 0 to 42 of 100]
1.7291845207945893 1.729186739060054 1.7291895951504397 1.7291931749855476 1.7291975392342247 1.7292027087391928 1.7292086481466153 1.7292152436762014 1.7292222614869457 1.7292292533246243 1.7292353392907664 1.7292387349237444 1.729235792538876 1.7292191911310137 1.729174746444098 1.7290761663993275 1.7288770455071771 1.7284996538350879 1.7278209044769048 1.7266576254873611 1.7247562501035776 1.7217963909246645 1.717423055769819 1.7113271380752582 1.7033957829706656 1.6939501925043232 1.6840766011234767 1.6760395281662868 1.6737563735251406 1.6833288264708028 1.7136909059378855 1.7775566435357475 1.8930235590664326 2.0863807701719557 2.3968135504281585 2.88357811706283 3.63520044089791 4.776824952684361 6.463898323897103 8.839212973839825 11.931513074139103 15.519564193954235 19.069774296221
1.7291899839277443 1.729194281471861 1.729199795355329 1.7292066843525915 1.72921505869815 1.729224954746769 1.7292363104794044 1.7292489400275817 1.7292624939871297 1.729276367020567 1.729289465421516 1.7292996618175542 1.7293026271428917 1.729289530292556 1.729242838086514 1.7291291737092978 1.7288880095532047 1.7284150930966813 1.7275402770474897 1.7260013173761617 1.72341871999158 1.7192821615940646 1.7129660413677552 1.7037987313949947 1.691213691609207 1.6750059258656695 1.65570020348029 1.6350097469834655 1.6163392196401467 1.6052909884261717 1.610200585741917 1.6428738695700014 1.7199155487676476 1.8653003678751092 2.115116556140728 2.525613724974162 3.1853568210109726 4.229887180057858 5.849391284785229 8.263200226715973 11.619568149869945 15.810903682520209 20.316797238242746
1.7292002678166174 1.7292084106338101 1.729218817241877 1.7292317719585293 1.7292474666503428 1.729265956010223 1.7292871190682422 1.7293106305453974 1.7293359329654323 1.7293621697725456 1.7293879779949919 1.7294109279202206 1.7294262144990995 1.7294239302155425 1.729383876836486 1.7292664395838369 1.7289976678677543 1.7284466283316173 1.7273937436185407 1.7254908220433467 1.7222175526718078 1.7168459717320945 1.7084336681156762 1.695876517470475 1.678058079835347 1.6541281739060463 1.6239198736682041 1.5884710520764334 1.550568771950599 1.5152188305074084 1.4900047364298354 1.4854657870125425 1.5158729957725472 1.601067998199035 1.770339206836068 2.0696692496941385 2.5739614914099427 3.4050610000018446 4.751312211157642 6.868734655315413 10.016022738842349 14.270083166749863 19.27452454987034
1.729219224191465 1.729234318790141 1.729253526046225 1.729277339246639 1.7293060784134704 1.7293398112749812 1.7293782901223502 1.7294209187607226 1.7294667509826314 1.729514486671242 1.729562356950157 1.7296076515923358 1.7296454093674827 1.7296654332858743 1.7296462899729959 1.7295443316891028 1.7292751591299547 1.7286846002287863 1.727506723436207 1.7253084208308498 1.7214247060136987 1.7148970559635035 1.7044391439256412 1.6884684125588394 1.6652526226493776 1.6332174533523882 1.5914315671202561 1.5402229973924824 1.4818011078188909 1.420710724986883 1.3639972237892555 1.3211513741722758 1.304190749307678 1.328523248704883 1.4154800871575455 1.5976921603920022 1.928948538140481 2.5005291842991597 3.4643688474188696 5.054227698059747 7.570486602315432 11.259511540696293 16.04941828508536
1.7292534514561524 1.729280836406773 1.7293155156337627 1.7293583176088791 1.7294097526411232 1.729469874742058 1.7295381754383454 1.7296135421950736 1.7296943031337517 1.7297783411818615 1.7298631738663317 1.7299457294206115 1.7300212658003462 1.7300804321127663 1.7301028287067248 1.7300445944780136 1.7298166519727525 1.7292495729043815 1.7280411769858273 1.7256849122681963 1.7213821363292456 1.7139511213209562 1.7017608133687818 1.6827366576166087 1.654502757672079 1.6147254473477228 1.5616882744925829 1.495043215787286 1.4165623715514564 1.3306234047375143 1.2442009499865232 1.1663664998164471 1.1076557685933848 1.0799681529336767 1.0977943706197943 1.1816290534805758 1.3647056920061895 1.704846619435031 2.3035888347131475 3.3318072806387424 5.047040223681385 7.753978490647937 11.630664001953246
1.7293140032619196 1.7293626442029868 1.7294239174842136 1.7294991677525382 1.7295891685185558 1.7296938854914026 1.7298122973970986 1.7299423368050781 1.7300810069055115 1.7302246904210343 1.730369569078031 1.7305118801249206 1.730647401375735 1.7307690206245694 1.7308604586844956 1.7308831708455892 1.7307522511105555 1.7302961181813663 1.7291945245758074 1.726891137013899 1.7224822883746185 1.7145946021677498 1.7012827528233763 1.6800039387666177 1.6477508481863763 1.601432598526027 1.5385552145509782 1.4581441398371544 1.361681296726021 1.253681441650634 1.1415522613012046 1.0346708241087144 0.943076147002827 0.8765409165604847 0.8448126382077629 0.8596024052468123 0.9388456037776882 1.1142186940925711 1.4437770647690302 2.031685140952827 3.0523144607606034 4.757768569078687 7.41216226971267
1.7294189853375972 1.7295036010896931 1.7296095817823023 1.7297390309486225 1.7298930508387445 1.7300713474248437 1.7302719323797 1.7304910302981356 1.7307233004691385 1.73096244383447 1.731202158704419 1.7314371918911005 1.7316638483190734 1.7318787020454613 1.732073326891289 1.7322216063739748 1.7322546708785722 1.7320170493860112 1.7311969030207832 1.729224499100386 1.725138412774535 1.7174310515439564 1.7039067303538966 1.6816171580594022 1.6469742520133241 1.5961583178084036 1.5259035926122193 1.4346126291702657 1.323526307888003 1.1974570676452048 1.0645799095284914 0.935130011475491 0.8194729411407427 0.7264846549158812 0.6631318259945352 0.6356671442438051 0.6524682265020634 0.7287221858240811 0.8939345762794512 1.2041222329261099 1.759900102776069 2.7249382899135197 4.318864597563332
1.7295973882570914 1.7297416066260114 1.729921120698876 1.730139089730675 1.7303969589227 1.7306938198531419 1.731025928016137 1.731386552732073 1.7317663469425328 1.7321543888637467 1.7325399318626529 1.73291465772702 1.733274798990082 1.733621798354897 1.7339591229987399 1.7342813951358436 1.7345501879670397 1.7346489448152251 1.7343081953302524 1.7329929079964395 1.7297487023404539 1.7230160753601915 1.7104456411477704 1.6887847611331366 1.6539516180612501 1.6014449473613117 1.5272106904198957 1.4289430364236775 1.307519319401095 1.1679639129385113 1.0192655636792252 0.872780174200981 0.7397412014092519 0.6290302567591417 0.5462866063753914 0.49472439075706487 0.4773477417506723 0.5002002688797978 0.5768959723108752 0.7355650720194002 1.0297877639751538 1.553202457933871 2.448822270902151
1.7298945678291342 1.7301354859645506 1.7304333743239482 1.7307927607707088 1.731215307188045 1.7316988076653939 1.7322364347365078 1.7328165031707847 1.7334230477765353 1.7340374802534733 1.7346414647465793 1.7352208845218768 1.735770297654588 1.7362965121774563 1.7368187534118749 1.7373612709511168 1.7379321531022414 1.738479810190056 1.7388166915703513 1.7384996409632802 1.7366602500883817 1.73179039680507 1.7215127751168908 1.702407735670234 1.670023487475205 1.619245880700468 1.545195488638014 1.444677967963934 1.3178944121356058 1.1697199027408873 1.0096910162428632 0.8502598706390557 0.7038346762232347 0.5799718701165183 0.48405204754809783 0.4178714462107388 0.3816399278944218 0.37664456297657256 0.4083451994809476 0.4904634566951287 0.6512147028755171 0.9424474763687348 1.4490707233227356
1.7303798122307743 1.7307744087686932 1.7312588739348507 1.7318393405508732 1.7325172580913022 1.733287877998802 1.7341391243258484 1.7350512467612829 1.7359976974007014 1.7369476441867797 1.7378703940641183 1.738741699364183 1.7395513978458024 1.7403110047683454 1.7410586306318376 1.7418568439195414 1.7427768074354506 1.7438593503252313 1.745041135608125 1.746032959105612 1.746139785708683 1.7440223181369716 1.7374234238144597 1.7229257407217342 1.6958702335583904 1.6506327742383506 1.5814756984255744 1.4840741427991588 1.3574836112684985 1.2058251785324008 1.038645609090937 0.8692440679547963 0.7113612569199637 0.5757758519397029 0.4684740246046781 0.39099439712192263 0.34233654429414206 0.32143654245699216 0.32966945526366787 0.37357766735775816 0.46857866761651057 0.6444039608567569 0.9515797542047089
1.7311563869530904 1.7317902869077841 1.732562786997359 1.7334816049215112 1.7345469731463763 1.7357494329921206 1.7370682212783206 1.7384708126660864 1.7399142431241676 1.7413488099223087 1.742724579287751 1.744000788104413 1.7451576436575817 1.7462091282636296 1.7472141030701216 1.748281169321892 1.7495603220680203 1.7512115042028173 1.753337143749609 1.7558636451716916 1.7583576727223464 1.759770678618755 1.7581255489109815 1.7502002462916524 1.7313300707957735 1.6955332345507907 1.6362199011739538 1.5476796771336798 1.4272437907484963 1.277470641303672 1.107170747809839 0.9301515468948073 0.7616805335725824 0.6143091155406469 0.4953077096448418 0.40672629218946027 0.34732976454356795 0.31507204526225957 0.3093641965972965 0.3331809654174811 0.3955168932654609 0.5147436964052474 0.7226685329807541
1.7323742750503608 1.733373383240621 1.734581574800733 1.7360075684901544 1.7376483715318642 1.7394861923107285 1.7414862584394373 1.7435963109963106 1.7457486229804322 1.7478653486396403 1.7498678047087566 1.751689872893146 1.7532950510438967 1.7546957094517055 1.7559717435364632 1.7572839483455782 1.758874982129623 1.761047742355784 1.7641075982140177 1.7682519481223185 1.7733896510084466 1.7788772818125453 1.783174655677068 1.783457209466467 1.7752863146958433 1.7525297056522762 1.7078139915355381 1.6338023195182645 1.5254015233001512 1.382511678276758 1.2121884148895228 1.0285277281634393 0.8491699656557333 0.6896661731910813 0.5592242346074022 0.46035825756948495 0.3915178243447683 0.3501551773666775 0.3349209787987564 0.3472473524543793 0.39301737038308254 0.4847521631506637 0.6441166638422786
1.734245477647071 1.7357909478061948 1.7376451184365538 1.7398160842757877 1.7422939827424089 1.745046853567629 1.7480178753788433 1.7511249988673574 1.7542640790902997 1.757316539095689 1.7601623234842954 1.7626983892018662 1.7648622084530619 1.766658696630716 1.7681875721120097 1.7696663149469722 1.7714415123040395 1.7739783986804762 1.7778149105706291 1.7834630116213626 1.7912375281012483 1.8009937288801867 1.8117641956380461 1.821311172839829 1.8256627465744075 1.8187861163186392 1.792658478862541 1.7380869599804827 1.6466403671890777 1.5138825864283436 1.3434278904426418 1.1496530915980183 0.9552187313073027 0.7822631900151705 0.6434959579189209 0.5406050558187392 0.4692481766480091 0.424766257566217 0.4051701041852247 0.41185410121265625 0.44994571895252566 0.5293650138405372 0.6662874551800483
1.7370611667300755 1.7394080358646324 1.742201332120021 1.7454451750843938 1.749116667751966 1.7531605964258807 1.7574862169674794 1.7619674324133576 1.7664477358596813 1.770751163078568 1.7747001170809504 1.7781402693913655 1.7809718184967227 1.7831852120671818 1.7848980084968786 1.7863878063625833 1.788114000032719 1.790718408815883 1.794991522441021 1.8017873372031812 1.8118660749373916 1.8256419541262578 1.8428158954902196 1.8618866362549669 1.8795667790833168 1.8901906508658084 1.8852919393848835 1.8536667491584484 1.782519164984363 1.660866936400095 1.4865818996839466 1.2749717198185027 1.0587971041167725 0.872319593544958 0.733180167870813 0.639854858695881 0.5811679555638977 0.5464609851644846 0.5313543686420532 0.5382293884166812 0.5739629369860461 0.6486447913737966 0.7759080920248078
1.7412091814491666 1.7447087506710983 1.7488412862854918 1.7536009440553046 1.7589419378365432 1.7647720989105886 1.7709495866877683 1.7772843700840066 1.78354611619017 1.7894798826042515 1.7948304550833045 1.7993753031094548 1.802965000913805 1.8055686644412965 1.8073205400273598 1.8085623251274663 1.8098739937845962 1.8120836699613234 1.816244261374093 1.8235609996499869 1.8352497450069492 1.852301365480818 1.8751241789175186 1.9030374663300396 1.9335987523127915 1.9617693879416729 1.9789652101698991 1.9721765811951113 1.923931262585278 1.8156529849356204 1.6388602111119341 1.4120079234578946 1.1818163562903554 0.9951908428894896 0.8720170382717213 0.805019182245482 0.7733634733179661 0.7569130205027313 0.7479301742184622 0.7524470333937535 0.7825107182921646 0.8506681273052242 0.9695443182606442
1.7471893796546158 1.7523150490943649 1.7583216674109496 1.7651836733370865 1.772817374680654 1.7810735792832295 1.7897349757771814 1.7985202204775497 1.8070965835888555 1.8151025653275144 1.8221810605174062 1.8280224753009677 1.8324158248351077 1.8353044476191234 1.8368416853548577 1.8374406879330039 1.8378112573829437 1.838975095806139 1.8422486848048136 1.849179970635081 1.8614206638036688 1.8805098940899199 1.9075370672967293 1.9426423291275048 1.9843018853222407 2.028330908294533 2.0665314678918922 2.0850550725807007 2.0634630838606065 1.9783789106876863 1.8184749434170446 1.6064608386906365 1.3977791224117995 1.2437897441990944 1.1614486821072192 1.1331626740828902 1.12299943481186 1.1034449548595728 1.0748932537237277 1.0559269811061704 1.0650866643463508 1.1156623198215725 1.218087832316234
1.75562331701505 1.7629990744917088 1.7715801260398134 1.7813063859989844 1.7920343120966717 1.8035290719250383 1.8154638638231333 1.8274287136424623 1.8389507196022288 1.849526906456545 1.8586695607668537 1.8659622981552701 1.8711234561164853 1.8740720382136251 1.8749905418643922 1.874378507443357 1.8730902222666066 1.872349300856207 1.873731471599735 1.8791044377678472 1.890509552632769 1.9099633343949813 1.9391463832576494 1.9789317070746204 2.028681967436189 2.085215661665077 2.1413357797254164 2.184032675327398 2.193642089696883 2.148325068817743 2.0397074469964953 1.892040996605758 1.7561932527764976 1.6728191986680245 1.6419250251168236 1.6250044462292488 1.581724911361586 1.508155463414507 1.4294040893059463 1.371021191801784 1.3489184112128687 1.3728259131505582 1.450266238630276
1.7672538072759856 1.7776839127598962 1.7897378549738785 1.8032998092020684 1.818135490178653 1.8338845984068561 1.8500640560715902 1.8660847809986034 1.8812839230641125 1.8949730041907582 1.9065003411169998 1.9153238509921413 1.921088419074704 1.9237009858648533 1.923396572171356 1.92078926519378 1.9169030258007065 1.9131773497309084 1.9114419209931157 1.9138522129661373 1.9227740519697119 1.9405984130904355 1.9694566781118008 2.010789934228165 2.0647040374205954 2.1290248737061033 2.1980122514348768 2.261024414316663 2.3025985678526086 2.3074749627625195 2.2728940442312933 2.2185574864205617 2.174575841431464 2.150147091974905 2.11887369959504 2.0470959546248015 1.9326629535196043 1.80131897221209 1.6803467495200275 1.5879174749611722 1.5353543922226658 1.5307505220581932 1.5807504912357866
1.7829293296551065 1.7974268863427414 1.8140827166179854 1.832696359333095 1.85290072946369 1.8741558438526176 1.895758864824431 1.9168737850762358 1.93658236569932 1.953955233842809 1.9681386646844379 1.9784493177325655 1.9844671596182104 1.9861168334759112 1.9837298397482808 1.9780830432221779 1.9704116311804016 1.9623954995444108 1.9561168830149203 1.9539842781619077 1.958613464180716 1.97264990665858 1.9985067030333643 2.037978274315081 2.091676898916719 2.1582476838033333 2.233418030818725 2.309309082261994 2.3752685421398865 2.422035244999878 2.4481626382245025 2.460261692079505 2.4598136566933304 2.430772612369208 2.3522825092110287 2.223599985216314 2.0650058711944728 1.9013098072430359 1.7527595570316987 1.6343789961586541 1.5572513121077507 1.529740055551639 1.5583168884760623
