_RESULTS/REVERSE_NEW/Berg/TZ/9comp/Berg_TZ_z_180_kriged_reverse_9comp.asc
ncols 100
nrows 90
xllcorner 5.6208707817415728
yllcorner 50.959635321741573
cellsize 0.00013419651685393446
nodata_value 1.7014100000000001E+038
[rows 57 to 75 of 90, columns 43 to 85 of 100]
15.802072005846796 16.071709297392964 16.290174920013737 16.45240471042181 16.556374626472355 16.603294370672753 16.59831165156394 16.551256836679485 16.476980140696725 16.395557870816234 16.33294811369842 16.321035824706083 16.393718025138984 16.57833386901486 16.88877668084843 17.32560515573322 17.878871110856327 18.52795649696313 19.239878424170257 19.969693472991857 20.663626035725493 21.264066892040205 21.715906763972452 21.97356165676307 22.00747015940407 21.808628463613463 21.390074498867982 20.784952233861105 20.041610628150092 19.216712064983767 18.36743947572115 17.54412407613631 16.78500242123702 16.114326502251988 15.543523995424389 15.073962593129513 14.699972501555111 14.411486439450547 14.19616040412649 14.04099881877656 13.933519779948044 13.862498699009612 13.818348636951766
15.688319755249719 15.926765703565545 16.11081564372623 16.233961024942335 16.29320687199805 16.28923216596581 16.2268054276455 16.115360808750996 15.969485312339957 15.809252828069683 15.660354783725172 15.553250467804522 15.519985991506013 15.589016046117973 15.781032205091439 16.107553917907104 16.57012229071835 17.158043472188304 17.845906889635707 18.593071986569093 19.346014295042128 20.043393533876174 20.623214024497976 21.03092989459373 21.22696792238929 21.192199286814827 20.930318347368832 20.46670251397311 19.84403469383482 19.115608572177546 18.337609937678288 17.561798067190196 16.829978471112778 16.171225839753266 15.601877912512704 15.127435034843703 14.745260304349003 14.447290820694356 14.222383613700396 14.058175336485931 13.942444274448192 13.864009078361523 13.8132269745982
15.523287825966303 15.730179857015377 15.882604054845316 15.972721255160865 15.996184974085454 15.952498273597692 15.845434781904371 15.683553851158752 15.48068316082688 15.256198733088835 15.034848295871964 14.84565666586016 14.719582146379873 14.686449641782747 14.77221683148107 14.99663453287075 15.370300678619891 15.890877662417768 16.539708278322234 17.280465320844602 18.06092647858439 18.818103819787364 19.48598560327567 20.004362996977026 20.326971115174455 20.427465524964056 20.302285488656192 19.970027093504275 19.46756220769693 18.84375603380721 18.152072529028473 17.443476048934254 16.760867849106965 16.13586355276817 15.588042602030933 15.126129362169518 14.750244569311178 14.454459952672616 14.229173071165171 14.063073292937405 13.94462516803093 13.863077913549532 13.809055299229112
15.318115366159743 15.492349918552728 15.614309817540065 15.675316488318177 15.669836747568965 15.596034192803154 15.456298042056233 15.257785258095666 15.012898539836836 14.739538713883826 14.460914491035414 14.204700689206403 14.00151667144682 13.882929597599022 13.879063304672442 14.01548986712457 14.309142223565239 14.763704112236073 15.365653903549756 16.082411028688448 16.863787032526226 17.647112789497033 18.365216500747298 18.95551159106489 19.36830032403174 19.5728559673466 19.560456386007168 19.344078636085644 18.954985259551606 18.43697746751244 17.839513311109986 17.21101218693267 16.593471391768727 16.01910099434551 15.509139078028467 15.074488065607843 14.717508025085756 14.434290922159414 14.21691687263463 14.055404962240075 13.939232897736636 13.858402103735228 13.804085867729595
15.08826954290902 15.229708734571092 15.322572946000745 15.357886023512174 15.329324471427434 15.233888504666218 15.072533158879493 14.850771721472094 14.579194202339412 14.273785852246403 13.955914061551706 13.651883391986205 13.391994878651984 13.208983675136555 13.135560238456936 13.200806336849386 13.425559301543439 13.817456138865412 14.366745473208296 15.044224333224854 15.802516953671885 16.58110055968337 17.31420664245327 17.93976786888375 18.407498800951565 18.684767220188462 18.75956663741384 18.640394052053416 18.353271257908602 17.936606592895888 17.434966280779104 16.892940603873214 16.350110833506566 15.837744347369927 15.37738896585206 14.981118073731936 14.652912131791505 14.390606080771692 14.187935971814476 14.036380459604159 13.926639564779789 13.849699713481268 13.79750380270653
14.849304532280733 14.959482874476022 15.025805832891123 15.039466886403302 14.993787973961275 14.884937110986607 14.712622633237135 14.480757201873018 14.198046418012792 13.878427340373594 13.541274645445721 13.211279823010278 12.917835962755783 12.693629834115411 12.572101827889625 12.583653990288937 12.750914739325239 13.083785690348005 13.575309051718646 14.199607099853273 14.913039494366917 15.658966772094693 16.375264626766306 17.00279197352181 17.492969102508493 17.813236391565688 17.949829359749188 17.90775877451161 17.70824315135535 17.384214605866447 16.974826537073913 16.519988954520056 16.055805434311903 15.611464682166881 15.207759786968014 14.85706419591141 14.56436531451505 14.328884416144195 14.145868796686925 14.00826196592978 13.908081888604826 13.837437928156035 13.78918868600918
14.614087908859814 14.696064747794402 14.739601050853668 14.736420748338524 14.679877634730254 14.565667027887164 14.392543182615409 14.163025792013094 13.884057612222525 13.567557732279564 13.230797225461878 12.896473150766177 12.592248360633072 12.349416708517616 12.200391370811062 12.17498428321865 12.295844857205289 12.573775072624349 13.003881162859567 13.563674719798266 14.214122891419043 14.903977698571497 15.576607217137342 16.177692723068024 16.662103903250525 16.998837819471124 17.173542467256656 17.188569404619418 17.060805280580016 16.81783037912845 16.493193420953084 16.12166618929855 15.73521823739828 15.36019167761446 15.015846112431758 14.714160569002338 14.460584302558143 14.255352477794172 14.095011004906208 13.973881724074417 13.885300373628612 13.822549285105785 13.779474851387393
14.391500344789259 14.449312805453454 14.47453878067338 14.459685125759306 14.39843896877268 14.286340137318906 14.121489716610414 13.905273827071824 13.643066325978134 13.344856602939977 13.02571843152621 12.705970749188634 12.410782926847851 12.168912026222834 12.010333701658773 11.962784203432786 12.047580991276554 12.275393401848 12.642832317279517 13.130814392435328 13.705512050929553 14.32212801541472 14.930827771491803 15.48344819880867 15.939528477752438 16.270673478570032 16.462816736507282 16.516345112412907 16.444321494771316 16.26928189096303 16.019265663359015 15.72379082579313 15.410389631015894 15.102115148389109 14.816180750190844 14.563662080912131 14.35002552238509 14.176174134717442 14.039712720401326 13.936196063372867 13.860205046301544 13.806171839285009 13.768936775383771
14.186158466900704 14.224208064730645 14.235745772302376 14.214212414459645 14.15383349297973 14.05023330373561 13.901111355969853 13.70695773445784 13.471768418395067 13.203699954809206 12.915566206357099 12.625018776099056 12.354181452125285 12.128481642887303 11.974506239444738 11.916927385931858 11.97483512858061 12.158075429439325 12.46435456780505 12.877903763358804 13.370324561053671 13.903757066594899 14.435820709184197 14.925230426859077 15.336908086089002 15.645740781090979 15.838583956959814 15.914460481744225 15.88315892062449 15.762633298970183 15.575744654675121 15.346922639153545 15.099252030307293 14.852330974625842 14.62104976719335 14.415249578520317 14.240081926182423 14.096823408914394 13.983900798271511 13.897926043538725 13.834603897714956 13.789438273193136 13.758216547075289
13.998788663491583 14.021325520795342 14.023466601383497 13.999647679134759 13.944742475331983 13.85460963401771 13.726722128278077 13.560853257967375 13.359775510901517 13.129903870862861 12.881778667851993 12.630234382234686 12.394057223076846 12.194934058587247 12.055578607872967 11.997097996913634 12.03589503248578 12.180615815749416 12.429781126062094 12.770737552550893 13.180383393470752 13.627735897098562 14.077899791816595 14.49660397485043 14.854393064710836 15.129776465124465 15.310968808895971 15.39615235429794 15.392418167253098 15.31371226661767 15.178221620588447 15.00566465922205 14.814896626536012 14.622118244507362 14.439819107537799 14.27643452269296 14.136580940809868 14.021677885494785 13.930759663133415 13.86131152257057 13.810013574990698 13.773326962171433 13.747901085448543
13.827021780685786 13.837785737605913 13.834181996047908 13.811627425372272 13.765668543717988 13.692460354067078 13.589342196780056 13.455481773795713 13.292538679562343 13.10527368614363 12.901998274159872 12.694724505677558 12.498853891084696 12.332260795133323 12.213703501762886 12.16063716306232 12.18668119909244 12.299158440376361 12.49721761440582 12.7710291508094 13.102378469948665 13.466677805365002 13.836056544242822 14.182916205083817 14.483266539152847 14.719290901427861 14.88082154639661 14.96563996101306 14.978710707445186 14.93060184593387 14.835435101518879 14.708735232786472 14.565508179163988 14.41878305839244 14.27872923839707 14.152338778498164 14.043573967036647 13.953832329996215 13.882574658578786 13.82798346067236 13.787556048335587 13.758576766227232 13.738448703182089
13.666445212214795 13.66846991901742 13.661991350701086 13.643337078038362 13.60868185459875 13.554463521800441 13.477906787747404 13.377622488527082 13.254229279329849 13.110921578275276 12.953882818018922 12.792421835984364 12.638704678558108 12.506980341220341 12.412268593041873 12.368589202820369 12.386944879727475 12.473389301741186 12.627574087468501 12.842138693750007 13.103169526527815 13.391727734043934 13.686191918811996 13.964972745805676 14.209098993702234 14.40425132660489 14.541977593446944 14.619999966566933 14.641681547144072 14.614841550312963 14.55018454225589 14.459633207738737 14.354824545546435 14.245956010688952 14.141071921159915 14.04578702116019 13.96337392502527 13.895103352062312 13.840718729921717 13.798941677626713 13.767932201270867 13.745658395798774 13.730158582473884
13.511765429371088 13.507324589521138 13.500053788143818 13.487083989484633 13.465124237832901 13.430824475182806 13.381255620020607 13.31447045664335 13.230088306434276 13.129826638013592 13.01788558416544 12.901081328840158 12.788629775563361 12.691512332874877 12.62141626467039 12.589328601190495 12.60395942085365 12.670251981148006 12.788274178027716 12.952754198229952 13.153415999398394 13.376106259578746 13.604528750425814 13.822271046399656 14.014762451148336 14.170845201803026 14.28374571374732 14.35136129477194 14.375900833529862 14.363017093971319 14.320631787405476 14.25767541757641 14.182941652102206 14.104199805222029 14.027636179557353 13.957624858781767 13.896775630750783 13.846177353447287 13.80574813356229 13.774613653439074 13.751454859694887 13.734789452654987 13.723173097023441
13.357942551356913 13.348604717371362 13.341924043716308 13.335709447150107 13.327081688877202 13.312795799976463 13.289690706856879 13.255225044875669 13.208038079635287 13.148458480336764 13.078873619888284 13.003871349670467 12.930079469868366 12.865659975684608 12.819466856489075 12.799942659392253 12.813897898696853 12.865370885996317 12.954784445977694 13.078586052903452 13.229477305140763 13.397222606008771 13.56990587127136 13.735413172287517 13.882883341531393 14.003892310318133 14.093206206277332 14.14903034674416 14.172774609351924 14.16843350513547 14.141729813000964 14.09918736131621 14.047281960458257 13.991777771480232 13.937302967663603 13.887167312555421 13.843385298134963 13.806846192888486 13.777566245685557 13.75496477538873 13.738120046434737 13.725977844613244 13.717501630068737
13.201175419826647 13.187930182975647 13.182658191135483 13.183718732302285 13.188512513722813 13.19377736687913 13.196022999428433 13.192058784647687 13.179548964779912 13.157516690262373 13.126714314997809 13.089784193988816 13.051153470610902 13.016638746439602 12.99278059292506 12.985978392946334 13.001543789935782 13.042824195348924 13.1105546658801 13.202569518956414 13.313945164856603 13.437564165738387 13.565007374349095 13.68761808370696 13.797555177443938 13.888665474409864 13.957051644017055 14.001277310019985 14.022219748323172 14.022639154459895 14.006571623571837 13.978665627155538 13.943569875422737 13.905450630993165 13.86767856687908 13.832688757843737 13.801989252424823 13.776277103419766 13.755615663481544 13.739631067686735 13.72769572226182 13.719078788910869 13.713055205314301
13.039639847329768 13.023060636595337 13.019602110521761 13.028056214900252 13.045979012398872 13.069972621080792 13.096120484523777 13.120524712134943 13.139874686665575 13.151965538053464 13.156085825047784 13.153206651846707 13.145928628476547 13.13817626873054 13.13466793899502 13.14022816200991 13.159041380741995 13.193964999039723 13.246018385863733 13.314140456017995 13.395263572055786 13.484694083764111 13.576732669837268 13.665424447434601 13.745309565183181 13.81205293151469 13.862863019340052 13.896655459067416 13.913966395948368 13.916662906283642 13.907525364484735 13.889785904187612 13.866699049467154 13.841200053900222 13.81568022726557 13.791883064242452 13.770905054600298 13.753273009898043 13.739065732227093 13.72805040177602 13.719810830225127 13.713853225123366 13.709683251708357
12.87391073779709 12.854325012154957 12.852810018547808 12.868490240720057 12.898972000698025 12.940622580054276 12.989019154678031 13.039511075526217 13.087819023248324 13.13058525614641 13.165793263969553 13.19299279985524 13.213294818137596 13.22913554958583 13.24384424686855 13.261079721182503 13.284222097085955 13.315814621909436 13.357143609596353 13.408022520917582 13.466811578760138 13.530663176761108 13.595943914460051 13.65875482678243 13.71545844199304 13.7631268118069 13.799846254726075 13.824846368125465 13.83845527661286 13.841912697815983 13.837091768030682 13.82618726165831 13.811422670687353 13.794814894008493 13.778017529526739 13.762246329396529 13.748276528335726 13.736493206138869 13.726972813223767 13.71957553266219 13.714032683270046 13.710019157931534 13.707206480190088
12.707030870615574 12.684675349431412 12.685073583371272 12.707603933240508 12.749845303875468 12.807861629535305 12.87667403320949 12.950859390434047 13.025193023965398 13.095244149315944 13.157838793196138 13.211326223334124 13.255617505946363 13.292001867881794 13.32278076643327 13.350785211940575 13.378855707152915 13.40936521169537 13.443854505344158 13.482828178415717 13.525731463047494 13.57109773443132 13.616829040105316 13.660552497752521 13.69998736500057 13.73326206388493 13.759135699881517 13.7771006521526 13.787366473234952 13.790745647057006 13.788475094976892 13.782012129126242 13.77284039120123 13.76231235746136 13.751543197807644 13.741359053540798 13.732293365968495 13.72461896658189 13.718401432828164 13.713560122515457 13.709926261982389 13.707291308664207 13.705442545102875
12.544227363844845 12.519373053230856 12.52157854623028 12.550419689457506 12.603401444890777 12.676252924328214 12.763428188939127 12.858747463125425 12.956090992829736 13.050047918653975 13.136429448562225 13.212579602077234 13.277453089296767 13.331469991588884 13.376191777289604 13.413886335667494 13.447058671670185 13.478019667132028 13.508550831542982 13.539701841458557 13.571733559677742 13.604195706148515 13.636108779987172 13.666206986251009 13.693194481233494 13.715971360445003 13.733796980798646 13.746373629187342 13.753849791446482 13.756756107072945 13.755896208654066 13.752218070663638 13.746689615072336 13.740196557339265 13.733472758774298 13.727065597911892 13.721332573870251 13.716461345998182 13.712503856944302 13.709415699449238 13.707093773819064 13.705407770778724 13.704223446397695
