_RESULTS/REVERSE_NEW/Berg/TZ/9comp/Berg_TZ_z_1000_kriged_reverse_9comp_test2.asc
ncols 100
nrows 90
xllcorner 5.6208706962070707
yllcorner 50.959635321741573
cellsize 0.00013436758585859339
nodata_value 1.7014100000000001E+038
[rows 57 to 75 of 90, columns 43 to 85 of 100]
2.530067604320242 2.5327095624405658 2.5417655684617837 2.556852256491223 2.576780528096558 2.5992857217857686 2.6222595175451473 2.6450657985920563 2.6681302285178172 2.6919823546472332 2.716757188650474 2.742089704217701 2.7671961474179496 2.7910848116870857 2.8129608600976685 2.8329684335078595 2.853514151404327 2.883393629086998 2.953037325580037 3.079571018472689 3.2259759626158715 3.374142963629048 3.5200907323200297 3.661332503557533 3.6634845653226034 3.289676073480184 2.936870979498349 2.6204384296261036 2.3386750820493853 2.0883581937334075 1.8658468769287926 1.6675045399541695 1.4899386023013679 1.3301317807835256 1.185499062673704 1.0538967937917647 0.933603235292674 0.8232827886185854 0.72194062045203 0.6288710844717349 0.5436017302486651 0.46583427675080435 0.3953842955872512
2.548780230659015 2.5454559470319356 2.5475934154089943 2.554811841952933 2.5661477801649273 2.5800966488063444 2.5951972984234244 2.610637883948286 2.626240476916817 2.642042619625608 2.657940206160171 2.6735344045234704 2.688136217056809 2.7008702677176992 2.710826271730032 2.7171294294951154 2.7186247251331555 2.7130993672363326 2.7454375785171217 2.900285196031349 3.047232858022563 3.182589264667716 3.2984677692248976 3.366429265959911 3.301017919403785 3.0669437157829282 2.777686640520279 2.4946168244573483 2.2331651185355397 1.996194607138551 1.7828654697280504 1.5911198367311814 1.4185711888559396 1.262883033671332 1.1219400768671755 0.993919376851982 0.8773083998151495 0.7708934197537897 0.6737307723167129 0.5851079069578957 0.5044983912245395 0.43151380214560014 0.365855116664497
2.562010861223262 2.5525530459635433 2.5476299375676663 2.5469460624585936 2.5497980376325415 2.5551700835006854 2.562031478685665 2.5696308731336495 2.577549167977192 2.5855379649207872 2.5933243356261637 2.6004968548683407 2.606490321515762 2.6106446221028925 2.6123041983259823 2.610960657152949 2.6068463555025083 2.605600109902196 2.644811119529551 2.7496857122579934 2.864559035854469 2.964977334934014 3.0346977919029636 3.0475287302111322 2.9697688235303157 2.797831995606571 2.5724709586078855 2.3336171276689215 2.101808225150885 1.8852622437359066 1.6864981860114474 1.5055276796268775 1.3412939070247119 1.1923473967056706 1.0571764214742152 0.9343684630956903 0.8226829565986872 0.7210748961216871 0.6286902357292523 0.5448448329091544 0.46899399414633786 0.4006973068915942 0.33958229112035554
2.5697574495223927 2.5539669608801043 2.5419125181301396 2.5334243080208703 2.5280321487659836 2.5250531206296523 2.5237548746381 2.523509785474254 2.523848071191946 2.5244070970782384 2.5248459990898797 2.5247917279722585 2.5238474158741675 2.5216746802339842 2.5181843850984964 2.514001278571753 2.511804883129451 2.5197736094773804 2.5532543445986726 2.6159218950249277 2.6879654054845865 2.7478994110567476 2.7778579460980772 2.7598705317003613 2.6799662654326792 2.5397376441808874 2.3582152215905374 2.1584242053214626 1.9570317865196074 1.763388897683381 1.5819185240740556 1.4142440172088035 1.260511496407735 1.1201396668392714 0.9922354204495516 0.8758210128603524 0.7699538099432603 0.6737834350380179 0.5865717660902042 0.5076907638724322 0.4366073721860426 0.3728615523941329 0.31604173321616336
2.5719387435305117 2.549610617952285 2.530407092193157 2.5142887645589433 2.500976076224082 2.490020169974851 2.480901206092337 2.4731179657430857 2.4662328365433748 2.459869032034743 2.453688520926745 2.4473863805885983 2.440729064932483 2.4336615360630205 2.4265297759598257 2.4205209923946693 2.41843349084088 2.4253094367592842 2.446390385578356 2.480575351688534 2.5175254906439104 2.54300775567593 2.5432780780941595 2.5067215689841484 2.4267418066265973 2.3054143653196957 2.153214964825868 1.9838837949354486 1.8093467290670648 1.637810963965161 1.4741140592732789 1.320717546950332 1.1785941083415612 1.047851252393418 0.9281311787934817 0.8188553828949523 0.7193684347135318 0.629017682640289 0.5471925525615676 0.47333861483339773 0.40695630870545624 0.3475909722218076 0.2948188180749379
2.568412596413993 2.539338631777578 2.5129957376858347 2.489459319606051 2.4685956829571296 2.450119465358795 2.4336599221198414 2.418820512420535 2.4052180814725896 2.3925010539421976 2.380359838134671 2.368548480020468 2.356935804432403 2.3456033037235455 2.335007678358069 2.3262083864893834 2.3210460802788364 2.321820949365338 2.3297373677765654 2.3424754894743725 2.3533408746835427 2.353093436302802 2.3324608802097098 2.28415574603102 2.204746659800365 2.0959595675504734 1.964160066888744 1.8179874949310477 1.6657602340769389 1.5140024644165502 1.3671516864120543 1.2278864207670628 1.0976117063140736 0.9768908946601249 0.8657686390241192 0.7639925665978934 0.6711570441440833 0.5867915827109252 0.5104114603495076 0.4415432957840252 0.3797345773964321 0.324553510181201 0.2755837146419702
2.5589761842752887 2.5229478691461815 2.4894903336343357 2.4587671540309812 2.4307462555658 2.4052488787150965 2.382000292903691 2.3606755881653023 2.34093563206578 2.3224538584568006 2.304940391485772 2.288172846471616 2.2720423947616455 2.2566196075896423 2.242233428574034 2.2295245333135254 2.219360813763819 2.2124135609153597 2.2082783061720055 2.204514577365898 2.196432825510627 2.1779740672573733 2.1431540723617593 2.0874895337123966 2.0091423044754775 1.9094639038189891 1.7925929481717686 1.6642253151283082 1.5302016049243896 1.3955184791331894 1.2639298545180109 1.1379726972844795 1.0191890155099748 0.9083888920427481 0.8058820500974809 0.7116564278758415 0.6255054816459872 0.5471137082871793 0.4761108427782733 0.41210377553271976 0.35469333539235354 0.30348136177405294 0.25807209836735123
2.543368157805595 2.500189240784942 2.4596607020193533 2.4220011266667543 2.3872361429671773 2.355243189041788 2.3257953234212225 2.2986011229884826 2.273338988496166 2.2496865771436916 2.227348290553481 2.2060843919172335 2.1857435405299594 2.1662952756218377 2.1478477326662 2.1306152140262746 2.114774229482632 2.1001473841076788 2.085746212059153 2.0693911670792913 2.047723105732108 2.016729307631179 1.9725999870879025 1.9126187324844661 1.8358382612475708 1.7433390367519916 1.6379621849765886 1.5236210831927826 1.404488480156069 1.284352354561905 1.166268526870868 1.0524761228849917 0.9444741723472668 0.8431656578853798 0.7490098345141016 0.6621545986891242 0.5825400237338128 0.5099738258158064 0.4441833151254777 0.3848492333681848 0.3316264704230646 0.28415582906725545 0.242070130496352
2.5212766402099382 2.470786509032599 2.423267275205595 2.3789548077050093 2.3378882242080405 2.2999538377099866 2.2649270133120223 2.232510335518443 2.2023673141474425 2.174151868472253 2.1475344687989453 2.122225435688661 2.097993906537694 2.074676756385697 2.0521648194470608 2.0303453262014286 2.008976481317079 1.987488367868978 1.964757894983268 1.938973544801497 1.907719168373502 1.8683192541834936 1.8183596388936047 1.7562241310855524 1.6814871277064984 1.5950439703515777 1.498939401296418 1.3959622425223137 1.2891565149195594 1.1814010133242163 1.0751415265403335 0.9722807148923939 0.8741838222597371 0.7817486256649311 0.6954989715347111 0.6156771020301258 0.5423228774825537 0.47533619007179334 0.4145232088573738 0.3596289783649908 0.3103594137901036 0.26639559338868696 0.22740282972703293
2.492352624731666 2.434458059521758 2.3800922370501354 2.3294668773672367 2.2825896237582155 2.2393098897231978 2.1993619596379475 2.1624039839961773 2.1280520542101327 2.0959090406882734 2.0655880296745974 2.0367296659005922 2.0090112330984 1.9821428102784742 1.9558428250448365 1.9297837187088354 1.9035025472765996 1.8762866329396473 1.8470709163641408 1.8144070315243148 1.7765591095484115 1.7317372698357598 1.6784196227081751 1.6156733806315784 1.543381377734877 1.462307585694589 1.3739850874204662 1.2804673428466335 1.1840233060076468 1.0868596592596576 0.9909235281918696 0.8977993225379927 0.8086844036090604 0.7244166516650323 0.6455282980787654 0.5723073797442106 0.5048557254747 0.4431382331843371 0.3870219556783641 0.33630558543498906 0.29074087261869624 0.25004778527706456 0.21392513753282133
2.4562282303870937 2.390939665684248 2.3299666381060344 2.2734521269666876 2.2213264013727434 2.173357079264073 2.1291959089892605 2.0884205332521053 2.0505699658272567 2.015173022378784 1.98176921776259 1.9499214412001635 1.9192189758745613 1.889268347495715 1.8596687486211798 1.8299697788854492 1.7996139107743354 1.7678756019409614 1.7338209677384944 1.696318739865578 1.6541255966765274 1.606044981464021 1.551128522032402 1.4888685020351815 1.4193278416159765 1.3431708161476374 1.2615871066697446 1.176133183256985 1.0885359829769692 1.0005064020271242 0.9135962711871414 0.8291119533421497 0.7480804165285182 0.6712543108461416 0.5991406455576155 0.5320401347785106 0.47008827538720055 0.41329298181514873 0.3615664292371848 0.3147505833196541 0.27263691879773233 0.23498129871488738 0.20151511036756797
2.4125401314054864 2.3400080575331894 2.2727934623499744 2.210923537212297 2.1542043971266382 2.1022775160093925 2.05467245728218 2.0108532197510502 1.9702561879837457 1.9323186315700476 1.8964974792771254 1.8622784149154759 1.8291752048448413 1.7967188807437675 1.764436562114204 1.7318211169290818 1.6982962127609877 1.6631864111320893 1.6257068173266376 1.5849876775657423 1.5401428435129778 1.4903774816639657 1.4351149204354228 1.3741122626842508 1.3075341962372116 1.2359646783379479 1.1603531765506536 1.0819097124039938 1.0019746287561921 0.9218910814887062 0.8429016219157257 0.7660793215300846 0.692293640362636 0.622204612396218 0.5562763685094305 0.4948014312893556 0.4379291159645352 0.38569361170626015 0.338039265689726 0.29484202328848647 0.2559268987655564 0.22108186472865365 0.1900687755744087
2.36095906466893 2.281506016600036 2.208567856147024 2.1420075911832352 2.081459705821328 2.0263953950062326 1.9761838950708976 1.9301454472188646 1.8875927568017838 1.8478597574221514 1.8103181344212367 1.7743829440112193 1.739508852383552 1.7051784345145131 1.6708841650175326 1.6361066850003074 1.6002938106937248 1.5628471052437878 1.5231243867246165 1.4804655363453856 1.4342442406453826 1.3839405144149313 1.3292207277386177 1.2700069076787124 1.2065177077173321 1.1392697670209162 1.0690380941092394 0.996784134831572 0.9235669178425501 0.8504542271281753 0.7784474945135986 0.7084281523167643 0.6411270809686218 0.5771143044015087 0.5168038114101747 0.46046798388492927 0.4082568788497402 0.36021885790226166 0.3163203193202702 0.27646332833845216 0.24050068836699162 0.20824847004491492 0.17949627294615425
2.301226275498703 2.215369720823256 2.1373958651601157 2.066955331053488 2.0034628058194235 1.946174552793319 1.8942621861840445 1.8468749189404456 1.8031854253781263 1.7624183296381786 1.7238632750359202 1.6868758753889472 1.6508699371103976 1.6153039077549378 1.5796642142485742 1.5434483719265757 1.5061514681618955 1.4672604320402656 1.4262606253399237 1.3826579102102519 1.3360161184229864 1.2860053492610526 1.2324522477869142 1.175381126942325 1.115035656959553 1.05187482614331 0.9865427505458025 0.9198177543585958 0.8525501251257336 0.7855990555453111 0.7197776516988076 0.6558115625678189 0.59431311318104 0.5357698563453179 0.48054467640790194 0.42888394797165313 0.38093045081027216 0.3367383852193279 0.29628860910701754 0.25950293546163616 0.22625689638260688 0.1963907778568102 0.1697189761299342
2.2331970664086422 2.1416583253081174 2.0595123779027245 1.9861511705048174 1.92071990200876 1.8622129613101441 1.8095666048236088 1.7617343367214118 1.7177376525908616 1.6766923442757715 1.6378153165731872 1.600418252797387 1.5638937294073247 1.527697989204116 1.4913334640314944 1.4543336088353587 1.4162525506690438 1.3766620824113447 1.3351581431500585 1.2913777191892521 1.2450249995825877 1.1959030456819522 1.1439450128897284 1.0892379963096763 1.03203340945725 0.9727403600363264 0.9119020408083236 0.8501586351648451 0.7882026414741777 0.7267332849641216 0.6664158515049234 0.6078498767422578 0.5515478862038005 0.4979244312774849 0.4472938493182349 0.3998745539872537 0.35579760245953956 0.31511758231288933 0.2778243174364644 0.2438543672626351 0.21310170516247542 0.18542727628761713 0.16066735008021535
2.156890435284733 2.0605845443339974 1.9752979276170786 1.9001207006349858 1.8338743414547911 1.7752382040903056 1.7228727517878006 1.675513691809229 1.632026782361222 1.5914274989094437 1.5528764917324733 1.5156618467740002 1.4791762641669541 1.4428941743260029 1.406351662429564 1.3691309481263467 1.3308507092952286 1.291163290287598 1.2497593986901767 1.2063800321974025 1.1608340941556594 1.113018728959757 1.0629383019793337 1.0107176301198921 0.9566057933536707 0.9009685326678877 0.8442694401180164 0.7870422665744691 0.7298581517884727 0.6732921000107475 0.6178925882029759 0.5641570813411229 0.512514845193611 0.4633171634984222 0.41683412066327896 0.373256581307984 0.332701840268457 0.2952215239892378 0.2608105785068681 0.22941648304997342 0.20094811652554656 0.175283942344727 0.15227935365500225
2.0725425236136963 1.9725436125852303 1.8852929566560266 1.8095382977846926 1.7437107931929263 1.6861073908165745 1.6350661922611538 1.5890867521653216 1.5468843130623582 1.507393555690735 1.4697443370421244 1.4332270568670191 1.397257955132762 1.3613491166834757 1.3250848887944662 1.2881050896959017 1.2500949588060062 1.2107816548257841 1.1699368750115529 1.1273846886874097 1.0830129794589038 1.036786158609317 0.9887563174379088 0.9390699774691268 0.8879681920391794 0.835778874559911 0.7829016226266633 0.7297866258577105 0.6769101709652905 0.624749605746085 0.5737603894214919 0.5243571896984561 0.4769001166249137 0.43168633399230183 0.3889466185422374 0.34884601540198323 0.31148755903165626 0.27691803977408336 0.24513492761661534 0.21609375281350968 0.1897154394106744 0.165893262664164 0.14449924076095239
1.980661088348354 1.8781368417956215 1.7902075371677713 1.7152360808463833 1.6511661488167697 1.5958153922476686 1.5471429781072972 1.5034022924073855 1.463179657239894 1.425364160739807 1.389091358816536 1.3536857526179602 1.3186122555289508 1.2834389714740186 1.2478104724583765 1.2114299926362824 1.1740490645185835 1.135463379544226 1.095513758554267 1.054090994949041 1.0111430456729087 0.9666827349080906 0.9207939741353076 0.8736346310646813 0.8254346550560374 0.7764888323126014 0.7271444463753384 0.6777849563113326 0.628811393342601 0.5806234089509071 0.5336017771407717 0.4880937433198635 0.444402055225949 0.40277794416175683 0.3634178515211561 0.3264633711521672 0.29200371097974775 0.2600799433887418 0.23069037357590802 0.20379646730577153 0.17932891019292985 0.1571934961643812 0.1372766497015253
1.8820803964033475 1.778185583318825 1.690924988138606 1.6182192737612238 1.55735522772704 1.505517014046891 1.4602183307679688 1.4194782887971171 1.381804440216545 1.3460971044027685 1.3115461034620488 1.277546451088846 1.2436368849148065 1.209457544991678 1.1747220077927245 1.1391997712173225 1.102706403990425 1.0650994002120626 1.0262782395573486 0.9861873148397562 0.944820369379319 0.9022250200451372 0.8585059522900335 0.8138255496645452 0.768401092191001 0.7224981879393675 0.6764206967687313 0.6304979454265426 0.5850704120059033 0.5404752117638291 0.4970326401352314 0.4550347696137157 0.4147367338193412 0.3763509489487468 0.34004418829080496 0.30593718041323154 0.27410625842496233 0.24458653683411238 0.2173761119360376 0.1924408455913326 0.16971937731954648 0.14912809805865984 0.13056589927271095
