_RESULTS/REVERSE_NEW/Berg/TZ/9comp/Berg_TZ_z_500_kriged_reverse_9comp_test.asc
ncols 100
nrows 90
xllcorner 5.6208707817415728
yllcorner 50.959635321741573
cellsize 0.00013419651685393446
nodata_value 1.7014100000000001E+038
[rows 0 to 18 of 90, columns 42 to 83 of 100]
0.6482683021406159 0.6741508821689804 0.6775892248781007 0.6576248729189973 0.6175010243565583 0.5635685068434659 0.5032858848890955 0.44329873194332337 0.38831138566668966 0.3408756387028915 0.30179002445413705 0.2707098725682371 0.24669603439717125 0.2285974532903038 0.21527214605729772 0.20569318100592443 0.19898736581771384 0.194440310965681 0.19148668692701928 0.18969411246180024 0.18874369680994804 0.18840845346652263 0.18853086950204145 0.18900143116727539 0.18974005499950683 0.1906819354309866 0.19176847785654805 0.1929430638014346 0.1941506620270733 0.19533989430414556 0.1964661039514136 0.19749419678953337 0.198400424678681 0.19917274453959694 0.19980980336516135 0.20031889517776957 0.20071337602808728 0.2010100190926934 0.20122668635075805 0.20138054081004822 0.20148687243753974 0.20155849376800222
0.7147720351539586 0.751938346123391 0.7625837420575022 0.7443873482266615 0.7004603068238182 0.6382413064290037 0.5669948685135048 0.4952234058055606 0.42905012787883406 0.37183709259693193 0.32466426324171854 0.2871243334060028 0.2580488076086422 0.2360129768282689 0.21962277411335315 0.2076466799781732 0.19905787829766006 0.19303261450533082 0.18893051832528027 0.1862686224014718 0.18469337878468792 0.1839522374071215 0.1838660635602279 0.18430408328602424 0.18516316325136015 0.18635276886508437 0.18778607081074616 0.18937671209713763 0.19103997737749912 0.19269666694668347 0.1942779014262971 0.19572932945256735 0.19701369044213135 0.1981112725678297 0.1990183638713338 0.1997442053170193 0.20030715621455705 0.2007307784554907 0.2010403923146642 0.20126043207099928 0.20141270707041536 0.2015155012902083
0.7428188659187517 0.7907684226941927 0.8106580313443601 0.7984268295290018 0.7561997335468984 0.6915086605825395 0.6146229440075821 0.5354600557853975 0.4614566006882176 0.39689176388519015 0.34331858957486794 0.3004605933146651 0.2670788587618961 0.2415927191817963 0.22243888223255018 0.2082388295201899 0.1978528662497722 0.19037785021694195 0.185121415385676 0.18156824902733174 0.17934459324108468 0.17818338652046767 0.1778916848845694 0.17832216678368915 0.17935049044160076 0.18085969849980268 0.18273191824522717 0.1848466119439865 0.1870838423433244 0.18933054915209874 0.19148771465844994 0.19347652741231539 0.19524218810331695 0.1967547285079892 0.19800695864344336 0.19901024007855989 0.1997890888356672 0.20037562271342488 0.20080465572565845 0.20110992043178302 0.20132157612511328 0.20146491023263197
0.7140606238407258 0.7690573642759894 0.7982993691940469 0.7961008225750126 0.7627570908594646 0.7044339350485641 0.6308932884792595 0.552357883097583 0.47703236783443487 0.41003937955097935 0.35360589889797417 0.30788516763377677 0.27185749532291387 0.24402195068981142 0.22282087777850032 0.20685229833804267 0.19494923380645568 0.18618860222732658 0.17986804016846739 0.17547021774625748 0.17262338771529898 0.17106216124342846 0.17059111645166725 0.1710536219000421 0.17230790825640993 0.17421155248564163 0.17661437337098226 0.1793586772888982 0.1822850573606286 0.18524152231080357 0.18809355862741303 0.1907328554711649 0.19308292390150078 0.19510068253059829 0.19677405798949754 0.1981164827974957 0.19915965169239774 0.19994595717766078 0.20052174955164395 0.20093211865356211 0.20121743661715577 0.20141154360941343
0.6256819180279485 0.6812564728544503 0.7171031876575873 0.7267077128833955 0.7082469498384452 0.6652453507724926 0.6052251767065341 0.5371481760834743 0.46897530184033376 0.40627130119167815 0.3519822171951985 0.30696482068387143 0.2707535491069736 0.24223161126271076 0.22008789412451832 0.20307360070073782 0.19011872780951902 0.18036614169333276 0.17316290376451127 0.1680313917628768 0.1646317203700722 0.16272158801355896 0.16211786695633584 0.16266378882513113 0.16420478932129862 0.16657440235797966 0.1695896554244551 0.17305416074240437 0.17676674347828014 0.18053344704944746 0.1841806124863762 0.18756654889802274 0.19058952836571794 0.19319066908978352 0.1953515091910032 0.1970872706970164 0.1984375739926499 0.19945653131114804 0.20020381492398248 0.20073769231567698 0.20111038749653895 0.20136562997312796
0.49610400699879226 0.5454100368393167 0.5828413395212799 0.6022756602787003 0.6003644108019003 0.5776729061851554 0.5383993626144197 0.48885951066236544 0.43557149037627835 0.3837969469492168 0.3369212843065423 0.29655252729041326 0.2629904532323897 0.23575600509836508 0.21401533067126688 0.19685687628018364 0.18344404422582286 0.1730829013538194 0.16523864780422673 0.15952299714262846 0.1556651203641739 0.15347377654912583 0.1527973262373971 0.15348902080535787 0.15538387120842373 0.15828921542267765 0.16198633193144268 0.16623858970068983 0.17080302394767313 0.1754441385039815 0.1799489720773973 0.18414138831444746 0.187892775372279 0.1911268261164776 0.19381759523961598 0.19598177130686684 0.1976673194095878 0.19894102478824305 0.19987709773083578 0.2005482142298564 0.2010195166866163 0.20134542573746178
0.3571340621523199 0.39577144810059506 0.4296094699532271 0.45393990265433504 0.46506570370419326 0.46143038429179345 0.44406485905921267 0.4161328547158042 0.38185283684542487 0.34534404589703976 0.30983995332449155 0.2774060275214158 0.2490450014072506 0.22498617730821427 0.20499581569869002 0.18862567998379734 0.175379737813729 0.16481069294185668 0.15656612238087975 0.1503998943722198 0.14615728309562598 0.14373893143742036 0.1430531392438233 0.14397325140960598 0.14631646141735424 0.1498479079423672 0.15429941518487583 0.15938880286059154 0.16483388291721401 0.17036398260596955 0.17573316360010596 0.18073524985017853 0.18521707334281412 0.189085815423745 0.19230830807585914 0.19490283219199123 0.19692591222046554 0.1984573230744689 0.1995861442584725 0.20039970091086395 0.2009761249443177 0.2013803902746592
0.23727378676500435 0.2645260219595866 0.29160492086820583 0.3155599328947794 0.3333819970464282 0.34276219032328115 0.3427258606259101 0.3338433271766055 0.31793633568088336 0.2974608007213417 0.27486359965047574 0.2521395677470616 0.23065574494009908 0.21118468876890265 0.19404523481994254 0.17926668274911606 0.16673085181764624 0.15627873361919173 0.14778432944582146 0.14119728555967884 0.13654621643017012 0.13389404479274394 0.13325872243013884 0.13454201935359977 0.13751055438863077 0.14183632206591903 0.14716118123679228 0.15314229567605644 0.15946531658899837 0.1658418146592256 0.1720107167164648 0.17774954803232038 0.1828896463232287 0.1873270785649385 0.19102438073891428 0.19400277196710422 0.19632766076943872 0.1980914510598683 0.19939725632357755 0.200345885365946 0.2010270681429341 0.20151478997358835
0.14996878641162506 0.16787429021158778 0.1877046336498968 0.2079776412470904 0.22678419481729262 0.24212294872274429 0.25235532735216126 0.2565995755377856 0.2548933275884529 0.2480721089522135 0.23745135100100745 0.22446689298751296 0.21040026764523653 0.1962378733313878 0.1826468631798398 0.1700228810416193 0.15857063148584635 0.14839828356610382 0.13961870927960945 0.13243693764922435 0.12717315293423345 0.12417603711373396 0.12365566897073246 0.12554309334075325 0.12947587970688915 0.1349200572853465 0.14133959884569186 0.14830016453678585 0.15547223803565172 0.1625865955744098 0.16940297779539848 0.17570975641802544 0.18134108050424907 0.18619350653652555 0.19023209446696243 0.1934843478108171 0.19602534720163586 0.19795908001109963 0.19940042644730824 0.20046069049406454 0.20123786376982955 0.20181150517346397
0.09415856571583606 0.10567693156891136 0.11956977337961189 0.1352925389117957 0.15189943280153145 0.16809974962378327 0.1824568379039429 0.19367934852724916 0.20089657672495376 0.20380956616880475 0.2026723477188786 0.19813839920306053 0.1910533795163145 0.1822693925005874 0.17252010519162528 0.16236293420649278 0.1521843102592774 0.14227366176696318 0.1329687670382496 0.12481391104196839 0.11858466021751068 0.11507855621976794 0.11478129245925334 0.11763243696702494 0.12302636223313126 0.13005735605767266 0.13787458471721076 0.14590540625530166 0.15383747009159948 0.16148252225804935 0.16867715590594345 0.17526109335706297 0.18109851193947119 0.1861042737756346 0.1902569073619995 0.19359574321307593 0.19620679353367973 0.19820369646015393 0.19970903880370552 0.2008393584936358 0.20169514413918227 0.20235570852790027
0.06203220960812679 0.06971267333186157 0.0794976542552697 0.09133092581728992 0.10488851487127496 0.11952044876711287 0.13428036035516214 0.148056395236496 0.15977324912592555 0.16859662016375 0.1740675665382775 0.17612892351997433 0.17505372821185566 0.17131654779084216 0.16545292684417265 0.15794422348252773 0.1491684935563001 0.139476080791356 0.12942031171120444 0.12000455693465868 0.11262857578112628 0.1086291139606061 0.10875594040507608 0.1129068543916879 0.12015573652020092 0.12909782398213118 0.13844346258801635 0.14744421994257595 0.155852013288231 0.16363223637984428 0.17075869129461743 0.17716481416957333 0.18277432063482998 0.18754098993365625 0.1914700547695521 0.19461923250650126 0.19708627963614464 0.1989908858611989 0.20045682461638567 0.20159776674473734 0.20250801402635002 0.20325798248483615
0.04581607438490683 0.05134441976280862 0.05856163302062775 0.06762297637209604 0.07852324932256276 0.09102365938786125 0.10461618753267335 0.11854876500097089 0.1319197256349955 0.14382095680212098 0.1534855288542334 0.1603931144429221 0.16430497877836273 0.16522606055328656 0.16331260490511768 0.158763488745629 0.151769319534934 0.1426367639439002 0.13213749713784578 0.12180825861808045 0.11370182701323174 0.10961633103171291 0.11045312835890467 0.1159984648698273 0.12497718512967884 0.13547838312810265 0.1458029281636873 0.15509627110820265 0.16324664642809458 0.17041987677612666 0.17675411034875854 0.18229733709846518 0.18705232042680311 0.1910284393113983 0.1942687896359912 0.1968537993399998 0.19889085156440217 0.20049861224782575 0.20179183136863219 0.20286958202208025 0.20380786675724705 0.20465634451734316
0.040716750549381286 0.04501212363248484 0.05067565253777976 0.05792400401775962 0.06687174339875011 0.07748600751692537 0.08954920604332944 0.10264385734834311 0.11617354296597644 0.12942244529788044 0.1416410174950159 0.15213490449988487 0.16033221780081777 0.16580992740199776 0.16827318841677108 0.16751013936638107 0.1634031328527032 0.15613522542160463 0.14662156673224022 0.136786691596614 0.12912964573507707 0.1257427161027504 0.12756726558229187 0.13416016303126535 0.14383538780105815 0.15433309168558443 0.16388945021250423 0.17182881693452073 0.178271615185326 0.18356460211196957 0.18797461660403186 0.19164881208521434 0.19467019353646384 0.19710957814473926 0.19905041218126812 0.20059206192354187 0.20184186651595343 0.20290369238710346 0.20386738423343465 0.2048009944285818 0.2057461833911452 0.2067165289128366
0.04579676354028305 0.049229856803701864 0.05383100471396065 0.05979145711340944 0.06723590052999322 0.07621550203931218 0.08669313563482689 0.09852597707250176 0.11145163962005993 0.12508262546223062 0.13891233990978064 0.152334033416099 0.16467080490285962 0.17521068176425508 0.18324120130944596 0.18809595985239394 0.18927211716041717 0.18671319595852603 0.1812320443529389 0.1747135331181624 0.1696375836188863 0.16806075487775796 0.1707469652863227 0.17690195936329114 0.18461172457737368 0.1918618660888744 0.19748419933531908 0.20131594474559864 0.20372877410221357 0.2051653723988955 0.20595518512539313 0.20631413751092184 0.20639254129072937 0.20631146633071484 0.20617870975021108 0.206091296327213 0.20613203344242403 0.2063647227424069 0.20683005672614904 0.20754272873311266 0.20848971074431277 0.2096296818214812
0.06587101222750633 0.06823171652670679 0.07148773889345901 0.07578951339355576 0.0812730351163361 0.08807717138288283 0.09634603806994893 0.10621686233996955 0.11779243080842336 0.13109821903725596 0.1460278181806532 0.16228544497556727 0.17933959336791952 0.19640558690102494 0.21247721994929575 0.226432871285995 0.23724968268600968 0.2443414083942882 0.24792586478703882 0.2491427766815202 0.24963885861697155 0.25073153109075913 0.2527107546446804 0.2548072966734097 0.2558473741714825 0.2550488216566777 0.25234744476073656 0.24818801241023405 0.24316364150062955 0.23779493909060395 0.23247052552627623 0.2274636544734154 0.22296281911056512 0.21909488520453477 0.21593938739914204 0.213537423558744 0.21189779828819197 0.21100147777106862 0.21080443912925734 0.2112387606571342 0.21221209827087614 0.21360627814971198
0.11893124782456546 0.11833461013582884 0.11759201517992847 0.117136281938991 0.11745814108110442 0.11907594675589228 0.1225143117085156 0.1282929615239623 0.13691676068215186 0.1488523348832723 0.16447615327391246 0.18398452619736028 0.20726937921776234 0.23378519963899008 0.26245809239576096 0.291705475854017 0.3196238304786813 0.3443389497077474 0.3643994015595514 0.3790028225507787 0.3879124955965043 0.3911735521147572 0.38893075433004043 0.3815142894818812 0.3696306735009227 0.35438932013236196 0.3371098076218521 0.31906547422308346 0.3013101469595547 0.2846188381973418 0.2695032190936799 0.2562579299133439 0.24501218778324851 0.2357762276971634 0.22847949005304685 0.2230001657109096 0.21918648794389972 0.21687035566714924 0.2158739958326806 0.21601062155278822 0.2170804956885773 0.21886445976697366
0.2591041077175362 0.24691064090722523 0.23075797147174454 0.2132422410144438 0.19680194726970926 0.18335766816193622 0.17424163204410648 0.17033787954813898 0.17230631899594415 0.18078201354962048 0.19648082109969567 0.2201729630797786 0.25250360743298683 0.2936618097565266 0.3429483474629249 0.39837125040200033 0.45646584919366434 0.5125231707756668 0.561274360442593 0.5978731117154664 0.6188712403944583 0.6228791810604685 0.610719613877856 0.5850564187952673 0.5496615101290847 0.5085927640764751 0.46553106463233923 0.42339563981216666 0.3842251356087917 0.349242684308551 0.3190147339385509 0.29363512403033926 0.2728934196460825 0.25640891677507355 0.24372645623559683 0.23437808929235984 0.22791761343949335 0.2239350210400057 0.2220566420827341 0.22193539403146306 0.22323475034567442 0.22561003735443283
0.6281938852919785 0.5724143077055921 0.5018656075958982 0.42833832869187116 0.3612913475249951 0.30646238300712275 0.26611068113088593 0.24027975214411554 0.22822032357008132 0.2294304243567938 0.24419529033044385 0.27370396592895213 0.31979464694035004 0.38428624714245474 0.4678386666567459 0.568464186552125 0.6801903314579106 0.7927207434612328 0.8928279320662862 0.9674019909518177 1.0069903624823369 1.0081993882800626 0.9739658281640705 0.9119179690346911 0.8318735381981293 0.7435407305559391 0.6549991699188473 0.5720347560742917 0.49812924435483125 0.43483834439371827 0.38232680260946245 0.33989656862997125 0.30641605085709994 0.28061967352794454 0.2612876950646304 0.24733485464238247 0.237838577648815 0.23203127398242837 0.22927307510430228 0.2290146544941153 0.23075579718323963 0.2340041138442228
1.4599046031559084 1.2857317155692172 1.0757008320752404 0.8619704682172876 0.6718276527101802 0.5212900894558499 0.4136931992944589 0.3443454840851083 0.3064656701419933 0.2949242303889189 0.3076505104946089 0.3457487181739249 0.4129699859543771 0.5144803793631316 0.6544355174183545 0.832107135160726 1.037511558961945 1.2492135764914936 1.4373673876347137 1.5722731577879154 1.6342517472468787 1.6191116528289875 1.5368805616765204 1.4061115679741565 1.2476618706417768 1.080325977319844 0.918650399039389 0.7723028329364447 0.6463874446259178 0.5423330763860823 0.4590552347694592 0.39409327664145877 0.34450174108263143 0.30741749789765993 0.2803426682097843 0.26123296887687397 0.2484769711288149 0.24082569670861947 0.23730575610035115 0.23713109478606612 0.23961895523743862 0.24411297623122874
