_RESULTS/REVERSE_NEW/Berg/TZ/9comp/Berg_TZ_z_355_kriged_reverse_9comp_test2.asc
ncols 100
nrows 90
xllcorner 5.6208706962070707
yllcorner 50.959635321741573
cellsize 0.00013436758585859339
nodata_value 1.7014100000000001E+038
[rows 0 to 18 of 90, columns 42 to 83 of 100]
0.9846325457400613 0.8717972295142311 0.770719163451788 0.6812685664214193 0.6027919564534384 0.5342671243002249 0.47453744924929253 0.4366150598469053 0.4238171341780857 0.4119153126270646 0.4008802630812457 0.39061921692797624 0.3809694184810805 0.37170210137616366 0.362534048983631 0.3531453629821501 0.3432030840043688 0.33239018798315323 0.3204382910418885 0.3071605675013339 0.29247965886271854 0.27644463818506804 0.25923214085011936 0.24112971605408048 0.22250355426297044 0.20375658222075602 0.1852850373998328 0.16744130296919077 0.15050833227450913 0.13468755039981634 0.12009897604642104 0.10679031458812172 0.09475113680008887 0.08392867518914775 0.07424273586327725 0.06559828692898821 0.057895166755026956 0.051034954199271544 0.04492537257046023 0.03948272766817115 0.03463288391557175 0.03031122313646765
0.9544128339747773 0.8399529218153272 0.7383440647722089 0.6495378541783478 0.5729029310353999 0.5076752296923184 0.45453254724941405 0.419110206113329 0.3997285096187658 0.38603889244974693 0.3747539835781456 0.3650237866493022 0.3564238343410915 0.34859066600028404 0.3411438809772366 0.33367484007922854 0.3257594848280282 0.3169850608306666 0.3069865449209078 0.2954878949350148 0.28234080231204406 0.26755188564895566 0.2512899789694824 0.23386907138906282 0.21570867897690282 0.19727967601180185 0.17904728886938975 0.1614226448975673 0.1447304821323078 0.12919532586190796 0.11494379713486744 0.10201805224792093 0.09039481484515506 0.08000541046849338 0.07075378524714726 0.06253101653909808 0.05522596278890444 0.048732383728962 0.04295317187022949 0.03780240016102276 0.033205823951284984 0.02910035863945087
0.922338050064855 0.8069854941705203 0.7056030743666982 0.6183763007906697 0.5447237541467637 0.48383499630018706 0.43574041685510895 0.4009720511968351 0.3774643201740143 0.3609509416288662 0.3485134946463624 0.33872989036034296 0.33081686035891283 0.32420329098997713 0.31837083892128504 0.31279927209412983 0.30695733410145165 0.3003202301220005 0.2924065375667478 0.282828059619758 0.2713426644533603 0.2578965382894999 0.24264192967526446 0.2259214059477029 0.20821912793236486 0.19008996310099707 0.17208368178907585 0.15468124844554618 0.1382541630590213 0.12304945043263463 0.10919598534983169 0.09672437997360417 0.08559254582257922 0.07571095813615587 0.06696414928235328 0.0592270904354066 0.05237652548500154 0.04629803323738149 0.04088981527907463 0.036064152019191276 0.03174729905234511 0.027878406330232506
0.8868146981617672 0.7714761775787995 0.6708605186081563 0.5855734700825568 0.514899356640291 0.4573249373138191 0.4118134223990757 0.3774017446443566 0.35230407219843746 0.3341285484052379 0.3208248988171605 0.3110014722516348 0.3037230012071224 0.29827792851994994 0.2940373973433026 0.2903842560831876 0.2866866482963656 0.2823049892685831 0.27662804846839434 0.2691328383651262 0.2594566834482311 0.24746229559916605 0.23327338393621136 0.21726384707205243 0.19999798217341472 0.18213641712731424 0.164333830171481 0.14715443993139127 0.1310211700515958 0.11620088612084585 0.10281777065626993 0.09088268082310302 0.0803273420528948 0.07103584342046192 0.06286975973908121 0.05568608580196103 0.04934877472869952 0.043735290974953184 0.03873961400630604 0.03427288551502289 0.030262584390962875 0.02665083986722333
0.8454796674790778 0.7317948254296225 0.6326207687830753 0.5493890583152179 0.48129351323806613 0.4260058206115606 0.3821127058751466 0.34829631497717584 0.32294913105500334 0.3043284790918985 0.29087698207454704 0.2813747397704308 0.2748931394154244 0.27068084083145744 0.26806179779234957 0.2663646619791453 0.26488456929229875 0.2628789132056936 0.25960070102356536 0.25436952030582305 0.24666940259510972 0.2362482625741371 0.22318359285140574 0.20788345611709694 0.19101342931790374 0.1733696009542281 0.15573817354871325 0.13878234805701967 0.1229796702151199 0.10861065776940183 0.09578414171893666 0.08448030656665681 0.0745959629058353 0.06598305358339819 0.05847712242464452 0.05191607201178194 0.04615114247477818 0.0410523535430574 0.036510334063894215 0.03243595573506776 0.02875871388694118 0.02542443938864627
0.7943754726766024 0.685472676965853 0.5899179627686042 0.5089239875817314 0.4426797108037979 0.38909179796419485 0.34677704685186556 0.3141416201164794 0.2895521895639827 0.271478694106783 0.25860380672800193 0.24986141855649302 0.24440012277061282 0.24150752250996005 0.2405283423571204 0.24079317090010435 0.2415673930368476 0.24203122700506455 0.24130453360143378 0.23852667869401606 0.2329866522636128 0.22427298177651053 0.21238926556572135 0.19777957879889668 0.18123983975914867 0.16374255926704143 0.14624016318766606 0.12951229014513274 0.11409070921926728 0.1002576471979629 0.08809085816300055 0.07752592364300481 0.06841507630609196 0.06057284652717251 0.053806846067664144 0.04793605837705933 0.04280017748764626 0.03826321545330514 0.03421376549646833 0.030563474573502756 0.027244635072363084 0.024207378119650826
0.7277167585705793 0.625541249045579 0.5392821271849146 0.4616267317156422 0.3973581581439495 0.3463289972914475 0.3065068902802598 0.27597532589632146 0.2530538831406744 0.23631736568626746 0.22459884883299663 0.21696878651055107 0.2126865394910884 0.2111325952721214 0.21173192485705555 0.21387662272889912 0.21685700147650672 0.21981686567663614 0.22175744542274797 0.22161679802235595 0.21843531452609763 0.21157717421860914 0.20092750227539086 0.1869654198925141 0.17065792445441164 0.15321138100400583 0.13578942349609985 0.11930548351370485 0.10433778982727368 0.0911494201735255 0.07976489784368598 0.07005849601927149 0.06182833225836991 0.054847944107706804 0.04889723524199542 0.04377834500402112 0.03932199403877749 0.0353884985642017 0.031866152569713334 0.02866850604995886 0.025731287838051415 0.023009264650088773
0.6432772482795586 0.5461523530682136 0.46889250143533484 0.40168007348281964 0.3446844865010311 0.298797478475028 0.26291955250219323 0.23547310891189124 0.21496482874171935 0.2001261172183732 0.18993773622839075 0.18360832815909944 0.18052770831316145 0.1802041581796368 0.18218970655166797 0.18599510328476454 0.19099917240820474 0.19636809463156507 0.2010184349276749 0.2036742637579448 0.20306128809203433 0.19822443447689367 0.18885767601501913 0.1754682910915281 0.15925335815738534 0.14173537849444268 0.12434670692655694 0.10814739251925425 0.09374065577311398 0.08133660418795817 0.07087720122675692 0.0621573270675953 0.054913599338685906 0.04887838986134688 0.04380735807746778 0.03949034473573251 0.03575327325028154 0.03245593812390246 0.029488376636985454 0.026767093261286526 0.02423157780519219 0.021841130945340344
0.5476228920505003 0.457476705282218 0.3927511086026531 0.3370844201179206 0.2890518046817616 0.24961813597334823 0.21854131097825083 0.19477808571401412 0.17711661190115674 0.16446896969120176 0.15596254843190524 0.15094209609916698 0.1489336593023945 0.14958987099850693 0.15262029063855667 0.15770309175923794 0.16437443843506933 0.17190328139139532 0.17918739797183322 0.18474781997904394 0.18692215744843904 0.18429912691928382 0.1762619894353073 0.1633277875529839 0.14701300522456653 0.12927713116251582 0.11189227048287866 0.09606369436303604 0.08237444652248829 0.07093073382595438 0.06155666287640187 0.053951683730537985 0.04778890620701829 0.04276486960316002 0.03861870880353651 0.035135286132770414 0.03214144928051532 0.029500310870975665 0.027105774690531045 0.024878058436447508 0.02276021988270128 0.020715362269685407
0.4534979525727889 0.37667827063009107 0.32485859741686407 0.2772556478405366 0.23606129587232663 0.20238871575484116 0.1760233436862724 0.1560320983416785 0.14131883355963273 0.13090959826747614 0.12404777356910827 0.12019768860465646 0.11901210784398658 0.12028527951217577 0.12389353409158935 0.12971376782714333 0.13750427151102992 0.14673750486627843 0.15640513517292343 0.1648876255436972 0.17007263126783492 0.16990054747111447 0.1632445819595312 0.15059069199522276 0.1339174871247013 0.1158034578122726 0.09844079218365342 0.0831445740161904 0.07039476192111434 0.060123967929613005 0.052002671543295034 0.045627212931000416 0.04061477259341364 0.03663881390803506 0.03343435417860245 0.030791115702413347 0.02854368888359579 0.026562595367724002 0.024747490128758463 0.023022531514584645 0.0213334394183938 0.019645575337734183
0.41061626273730456 0.3271282096020441 0.271276525662189 0.2256202986105675 0.18852460041816535 0.15943921762696125 0.13732827331894945 0.12092463560419704 0.10904907541426931 0.10076073019218916 0.09538407599003373 0.0924818636637287 0.09181388890763202 0.09329553741112126 0.09695377286666956 0.1028660047371454 0.11105486437101003 0.12130246779250074 0.1328618419007935 0.14412915706905327 0.1525395980567205 0.15513162686231857 0.14992921033734985 0.13730025414538888 0.11992825690107792 0.10129049959503682 0.08406849067216868 0.06958020704700839 0.05806691980009703 0.0492060708795296 0.042491046458780914 0.03742486467597901 0.03358990852647697 0.030657370830103864 0.028374445548754443 0.026546986832903238 0.025024350986403123 0.023688218224680684 0.02244529736483804 0.021223192519399112 0.01996853781648148 0.018646465037635767
0.37626646104412065 0.2881800753610012 0.2263634152009821 0.1807003292165547 0.14668440801111257 0.12168007022577998 0.10354272341396857 0.09051978350941345 0.081288269528276 0.07492151963016425 0.07081665555981997 0.06862237015378592 0.06818341128589005 0.06950325757225723 0.07271836559408369 0.07806892690441236 0.08583550884630003 0.09618363532773379 0.1088299121647098 0.12248175272522159 0.13428100003580543 0.14007791387262883 0.13645561475899337 0.12347447728490608 0.1049669542550388 0.08574145502253534 0.0689616891719594 0.0557078973132005 0.04579218675096834 0.03856923980403205 0.033365534803800945 0.029627134445110562 0.026937323655628075 0.024991742095056516 0.02356740275401345 0.02249705225485185 0.02165083454980715 0.02092437689587677 0.02023192207344483 0.019503258265755077 0.018683355125671163 0.017733656825956724
0.33201971205203745 0.24557125299812674 0.1836416645486144 0.14007404988853944 0.10995694900919298 0.0893113790904588 0.07512907963957659 0.06531551556296378 0.05849727351260269 0.05381434500021 0.05075813948715545 0.04906256700725138 0.048638354182923255 0.04953987039691711 0.05195578113572453 0.05621347494133732 0.06277585154116493 0.07217459186691427 0.08474718365318762 0.09994548598812418 0.11511851666342217 0.12476460055275587 0.1229745888127343 0.10905961200302647 0.08888707834395256 0.06923837210845957 0.05349806704875405 0.04206175390108577 0.03411351007414894 0.028686021966509385 0.025006083248545474 0.02252762107350007 0.020879564194332075 0.0198088060856644 0.019137080751938002 0.0187319085697609 0.018488091440695634 0.018316632921982604 0.018138986047576702 0.017885298437705328 0.017495689778418245 0.016923619022590472
0.27905714588846636 0.19930021066658543 0.14149641805952273 0.10284219306227399 0.07813663737556394 0.06240877508032224 0.052194118446202156 0.04536331666521263 0.040669066347431344 0.03740212850716122 0.0351801944751713 0.03382643518356653 0.03330364568451854 0.03368553953152263 0.03515707796334581 0.03804103102647349 0.04284690738935781 0.05031880798251614 0.06137864613423639 0.0766234078670285 0.09463532021919213 0.10905174987095494 0.10964103028818037 0.09381920150620826 0.07145588657253883 0.05207562877470169 0.03836004434195281 0.029391759570925376 0.023670571265399 0.020044787481552587 0.017769534450430443 0.01638489126507232 0.015605628946188055 0.015248453293751848 0.015187720987908744 0.015328877233835848 0.015592527187102473 0.0159051971452239 0.01619481653826288 0.016390017306480077 0.016422758673857746 0.016233703298719517
0.22058478580083293 0.15162118696052074 0.10069533118679404 0.06954888566032272 0.051599953099864454 0.04106982776624751 0.03458912182873618 0.03035448814418519 0.0274119966381503 0.025266167296714933 0.023678634547290387 0.022561325650843626 0.021919689663629508 0.021828140216156443 0.022432086157072147 0.02397813605557202 0.026881347625095545 0.03184459771216462 0.04002677785543016 0.053086139542054676 0.07209805219255902 0.09231471233737867 0.09660012397071244 0.07703287231258553 0.05245814563982626 0.03504779517551418 0.02462005363826298 0.018581456984974185 0.01507307912807136 0.013040665570148467 0.01191158896743362 0.011370605297089564 0.011237348312908475 0.011401894821991982 0.011789967206885903 0.012343057618081235 0.01300638430138612 0.013721505292467712 0.014422438892015997 0.015035168679826781 0.015480791103391815 0.01568238854360912
0.16113778655226613 0.10452648049025368 0.06278465276654646 0.041654139352286665 0.03099694446234734 0.02525608764415177 0.021887214229293423 0.019684476614732688 0.018057446263118098 0.01672929836868331 0.015595856050007198 0.014648263921539074 0.013927908163578593 0.013504775037167634 0.013476743674713638 0.0139907860964711 0.015294608130734768 0.01784466391303131 0.022532711235760877 0.031144126952607917 0.046966381964797216 0.07220301591278405 0.08392567266086737 0.05664753051307009 0.032398091688392236 0.019837214952089496 0.013597695582025261 0.010387602052626947 0.00870147507549588 0.00785369500641781 0.00751785742847681 0.007530769948236698 0.0078068073598413865 0.008297745373105613 0.008971845486409238 0.009801342653926369 0.01075380875201307 0.011785723001075549 0.012838081685095199 0.013834767667353374 0.014684840382007885 0.015289798512081704
0.09665150442366265 0.05527997937190139 0.030989551430621726 0.021134532470854908 0.016703780282596066 0.014545644717247778 0.013362197443857969 0.012542481696707516 0.01179305663653805 0.01100256084137612 0.010169476352404117 0.009348194795540546 0.008610068533936973 0.008022943409371862 0.007648513845639587 0.007554452892711542 0.007841760015163646 0.008699024681079415 0.010523601830684034 0.014232446949883747 0.022162582728186227 0.04093506776672481 0.06966227316913447 0.029309360299771353 0.014539999551643283 0.008773414719105001 0.0062421595020134965 0.005060329957954243 0.0045342938927946256 0.004382119327445878 0.004481655524359517 0.00477963420382738 0.005254888129255859 0.005901224817808728 0.006717639353976858 0.007701035437295888 0.008839510194313796 0.010105671460203988 0.011450445606197552 0.012798716293735345 0.01404886333279586 0.01507854186917028
0.024768246171863528 0.016590731584826407 0.011287210424595637 0.008978179991878386 0.008165024346552373 0.008014572117612185 0.008067870409597475 0.008045419957106574 0.0078038389587173395 0.007322336414391505 0.0066671932599436465 0.005940221170437818 0.005236117996654156 0.004622250187050677 0.0041382722422593655 0.0038066264464893932 0.0036473677125116516 0.003696629782517102 0.004035558379557227 0.004848476588863368 0.006538842649613566 0.009675607646805936 0.011389479402817027 0.007140732820656315 0.004219851719888312 0.002923745660248393 0.0023656953812085393 0.00215928974445994 0.002153174571886918 0.0022890286879343135 0.002548429785565161 0.0029324392706974014 0.0034528118604981546 0.004127177920321863 0.004975087850939159 0.006013410281450922 0.007250280205756918 0.008677349886534224 0.010260832954941762 0.011932876967328813 0.013586060037927297 0.015074876317090275
0.005207275622621728 0.0038330507250327285 0.0033167846857050137 0.003371355921265251 0.0038041869487228422 0.004429004350479451 0.005026775737636168 0.005385877462945461 0.005387184873569578 0.005046047824629933 0.004475919394749189 0.003815655148017219 0.0031751262527770024 0.0026174942910525876 0.0021665795507515035 0.0018223011377560873 0.0015742309620252752 0.0014104952434026952 0.001322663897376694 0.0013070248168770716 0.0013565098984958874 0.0014176543830989661 0.0013303936574128887 0.0010715703786184838 0.000862846335857378 0.0007722600486154177 0.0007703141685545446 0.0008340539566004577 0.0009569362737083642 0.0011434251717449661 0.0014056928493818253 0.0017623358886715563 0.002237861461260259 0.002862047912021437 0.0036684196652955743 0.004691047650141092 0.005958864029811414 0.007486851184645463 0.009264048466021716 0.011239527485946657 0.01330938798419817 0.015310111543829807
