_RESULTS/CROSS_VALIDATION_POSTPROCESSED/MHZ/IZ/7comp/1/MHZ_IZ_z_0_kriged_reverse_7comp_spherical_1.asc
ncols 100
nrows 81
xllcorner 5.5967107548124995
yllcorner 50.982328804812504
cellsize 0.00017565037499993607
nodata_value 1.7014100000000001E+038
[rows 36 to 53 of 81, columns 40 to 79 of 100]
1.6590178767657753e-05 1.2319157156452155e-05 8.470908556742145e-06 5.566905689921082e-06 3.7020804490163145e-06 2.6938623239620786e-06 2.1584573496325984e-06 1.9176336666236454e-06 1.9967529278330926e-06 2.592182103869976e-06 4.195917215009375e-06 8.379537416393602e-06 2.0006406037511178e-05 5.4125578036288384e-05 0.00014973287781179683 0.00038537873297498666 0.0009022460941168902 0.001880662620206605 0.00346245306498741 0.005709257212781604 0.0088466262338552 0.012790998655640439 0.016659684683488985 0.01827718370204111 0.01525058447265663 0.009047012442783095 0.004159686218889896 0.0017317429071428863 0.000759223970309298 0.0003992316211022855 0.00026112102599537085 0.0002040647167248575 0.00018118396052451677 0.00017711379476882333 0.00018484390287294838 0.00020095565351998772 0.00022720448089697006 0.00026726922584222897 0.0003242128493117063 0.00039207664670078574
1.772533147474923e-05 1.2051639109409997e-05 7.5171395277486055e-06 4.528083655510151e-06 2.88721269782054e-06 2.0156825869963803e-06 1.572785822843904e-06 1.3817400897693546e-06 1.405338971069141e-06 1.7869977793919197e-06 2.9045475662978213e-06 6.080064297017723e-06 1.5882575231417852e-05 4.854824572468743e-05 0.0001478487051447912 0.00040519084776435057 0.0009513130169108413 0.0018951471483937686 0.003205112900465404 0.004868401077620836 0.006698110339372894 0.008225858127509733 0.008839552425462695 0.008052573020342457 0.00585628448193583 0.003332610958060868 0.001570455191801992 0.0006792389133645742 0.0003048941614463394 0.00016591350614625914 0.00011543540210104567 0.00010240600711020469 0.00010564654305236355 0.00011911202083572763 0.00014086521257255233 0.0001697803850767142 0.00020513607753772648 0.0002496112098519388 0.00030853646212641465 0.0003815138955491562
1.744234155103433e-05 1.0873835784293296e-05 6.223686546749256e-06 3.571489345899646e-06 2.2278229043964505e-06 1.5656852149451419e-06 1.2307438487804125e-06 1.0755497885512072e-06 1.0599976492490523e-06 1.2868468952672487e-06 2.0429665541628575e-06 4.465170521930221e-06 1.315124107917685e-05 4.6247690856384916e-05 0.0001548742793764149 0.0004497547199046982 0.0010765271200755802 0.0020590661989221405 0.0032527944054706 0.004527657471291584 0.005537576000375214 0.005888430958204911 0.005360133164605732 0.004096265190518047 0.0025920498050842826 0.0013654151920507946 0.0006193037410236469 0.00026327652370456626 0.00011763546397843054 6.58783102850716e-05 4.9849794354670275e-05 5.043238711279579e-05 6.27053622084039e-05 8.397023483920322e-05 0.00011444949076109728 0.00015394304419729502 0.00020173849378870881 0.0002572827051722258 0.00032265960717539713 0.0004044159395763581
1.5926666069892207e-05 9.130392966916535e-06 4.952376298226079e-06 2.812466884014191e-06 1.8126198829106002e-06 1.3128495273935655e-06 1.0541934959534112e-06 9.263275594902968e-07 8.866417473794819e-07 9.93719550954898e-07 1.4237833935887212e-06 3.136776037136231e-06 1.0960719783814959e-05 4.569122940198463e-05 0.00017157405420327102 0.0005302894490087448 0.0012885738875657916 0.0024082050567286505 0.003640303718822015 0.004600447350155838 0.004968082911427575 0.004577825457771711 0.0035677134440027726 0.0023456062551336573 0.0013043712140808786 0.0006244211114055844 0.0002662348717984215 0.00010577484792618033 4.495218894542828e-05 2.5390350756815153e-05 2.1491806654747926e-05 2.610121880689244e-05 4.0051657829111564e-05 6.542872407105974e-05 0.00010361827924728045 0.00015494651125800917 0.00021806488669844925 0.0002913602863358816 0.00037461243073567393 0.00047027910494402134
1.356602821240219e-05 7.233254315092806e-06 3.888202526430928e-06 2.3149486025625366e-06 1.5671329071653e-06 1.1926339676438288e-06 1.0033182972367806e-06 9.141214460886539e-07 8.728305120249519e-07 8.623927588910901e-07 9.882446232105837e-07 2.111449368837488e-06 1.0203711161262952e-05 5.220084011984409e-05 0.00021838373184535903 0.0007076559137804463 0.001718861539567392 0.0031350922627219474 0.004538777738650476 0.005140553052199877 0.004728443910487065 0.003666081343801494 0.002422653345021653 0.0013746973441749037 0.000675378924668682 0.0002917069308714868 0.00011416895030874545 4.251981916140261e-05 1.6292562887352098e-05 9.014254687789293e-06 9.299407580561724e-06 1.5249537266082546e-05 3.0054751105799895e-05 6.0458005451349675e-05 0.00011011089551334794 0.0001793319955783524 0.0002648933816199461 0.0003630616172502653 0.000472653128069849 0.0005965881921572026
1.0809686916255898e-05 5.5688150662720434e-06 3.130558789642915e-06 1.97516454117224e-06 1.4264157065821653e-06 1.167678937699311e-06 1.0654707652761996e-06 1.03575939006278e-06 1.0287170013205238e-06 1.0399786375333996e-06 1.134706416327399e-06 2.395401387501378e-06 1.4212656915095084e-05 7.884281222994934e-05 0.00034366451461992126 0.0011243405330616124 0.0026573604124591295 0.004545522299641266 0.005876219773832443 0.005810901439361362 0.004505146725532081 0.0029325895704081276 0.0016571751250141276 0.0008248845901806838 0.00036626417219096997 0.00014758724893580222 5.4426141360250576e-05 1.8698164387285373e-05 6.263000538160115e-06 2.9182638915961834e-06 4.309434142825631e-06 1.1121817670503242e-05 2.9581372446862712e-05 7.186490264772129e-05 0.00014466772645707612 0.00024577261057845905 0.00036681159810393897 0.0005004294093346288 0.0006451031184341711 0.0008059708844541841
8.123516859864036e-06 4.2954402449294826e-06 2.5515131003514388e-06 1.7178351923769056e-06 1.3418606368941891e-06 1.2141697144351553e-06 1.2240000756155793e-06 1.3149957895398465e-06 1.5062665572144743e-06 1.874671218518756e-06 2.872503915268996e-06 7.341090255348773e-06 3.2595578595927885e-05 0.00016261252398948404 0.0006822072829228411 0.00213635796189917 0.0045669393558456835 0.006944584882936061 0.007752494935077521 0.006523496250437912 0.004296881696449402 0.002344115032382082 0.0011583817536269482 0.0005344362903694933 0.0002311273588465668 9.372787870806381e-05 3.559365497596329e-05 1.2626877099103568e-05 4.186260732858068e-06 1.4364807603291924e-06 3.942745519002817e-06 1.4277135099861142e-05 4.551619176679293e-05 0.0001211452918637293 0.0002529454541956408 0.00041373339872301403 0.0005792821836442822 0.0007573673702664004 0.0009441252619822131 0.001149756332093089
6.02045196115622e-06 3.336847542962107e-06 2.100223248733924e-06 1.5275933309381262e-06 1.3227455949679436e-06 1.329885005270213e-06 1.476928952443303e-06 1.8190742559766349e-06 2.5105104631030046e-06 4.003227915885301e-06 7.947676628711704e-06 2.2511989151371063e-05 9.056462678698764e-05 0.0004097076433904543 0.0015820828089580558 0.004474976810478154 0.008535157043652515 0.01124102979063123 0.01044265354620335 0.007219642501783104 0.004016438625583731 0.001948529654561653 0.0008918943866621037 0.0003984958159083216 0.0001749493454763496 7.577357345539667e-05 3.261660722438659e-05 1.4276603319065927e-05 6.953178738597588e-06 5.566319738278418e-06 1.1214055637114624e-05 3.625243197234722e-05 0.00011640168870358174 0.00030279055899556673 0.0005898241545209853 0.0008761199509079338 0.0010980951118756647 0.0012619593372239517 0.0014537354604726074 0.0016949880371337565
4.72523377324989e-06 2.732307245997839e-06 1.8148087148774508e-06 1.425106773347862e-06 1.3479595261167165e-06 1.45449538043953e-06 1.7988875878392172e-06 2.570062127342571e-06 4.280844276687806e-06 8.477182055520016e-06 2.0601217255635917e-05 6.355205671634114e-05 0.0002518723170208128 0.0010634402087604678 0.003761779203725535 0.00989449925931345 0.01718441862268422 0.019166164436570453 0.014061322492792093 0.007881366738679728 0.0038280344026640815 0.0017047765733192327 0.0007350196291063372 0.0003265195541539123 0.00015082112000746313 7.309093915733199e-05 3.788909212637016e-05 2.200122769647616e-05 1.6114018948428098e-05 1.9334802204024472e-05 4.236793432060784e-05 0.0001359343229219158 0.0004482876768644163 0.0010755718218280709 0.001705822914070231 0.00210446154679956 0.0023166606677969773 0.0023967954138314697 0.002430706645344508 0.002497067387498216
3.950711109888444e-06 2.3570226393154373e-06 1.630441782595339e-06 1.361971496816421e-06 1.3362357864070404e-06 1.5394466131285108e-06 2.1204941305074773e-06 3.5056018402196317e-06 6.947822382205564e-06 1.6525332202319027e-05 4.727882367890511e-05 0.00016142592756727275 0.0006284659443675438 0.002482155887615073 0.00834249065658254 0.021569811237461673 0.03647612528947502 0.03369223439189863 0.018715024248165724 0.008382305616069086 0.0035145892492839 0.0014537677460393402 0.0006093724019817308 0.0002764252171969845 0.00013807537445077378 7.671508604925563e-05 4.847877038025632e-05 3.643501091805589e-05 3.61480391320439e-05 5.566550302638829e-05 0.00013936620228604697 0.0004971148127958354 0.002079365265231756 0.004726017579861772 0.005038735150769147 0.00502003827132854 0.0048993596391838845 0.004699829529422409 0.004325773807901884 0.0038244183116300677
3.507246950995819e-06 2.1310916553812967e-06 1.5105599616297772e-06 1.2768148397476323e-06 1.26170036536589e-06 1.5331447847335953e-06 2.340614476789963e-06 4.447452607917635e-06 1.0327673468617618e-05 2.876126224859976e-05 9.421592868152971e-05 0.00034854056884065204 0.0013146307266448715 0.004819465993372504 0.015240358689854851 0.03948406694995258 0.07650729148937521 0.058726424399904525 0.021556999308642816 0.007609086945200071 0.0028288763391610262 0.0011225755130977837 0.00047640841312010653 0.0002270489792734103 0.0001252123249073883 8.042570161381296e-05 6.114199562994888e-05 5.6653348996370426e-05 7.032086623109145e-05 0.00012736157090284983 0.00034141924702096947 0.0012339851467629789 0.004978776695005933 0.010696956353004283 0.010850447515846724 0.010307826898504253 0.009659895023652925 0.008788396279019907 0.007505367056830544 0.005984577053385198
3.3092457904260473e-06 2.0240320631680534e-06 1.4425928179010854e-06 1.169694395171495e-06 1.119773414919013e-06 1.409581500733869e-06 2.377903219825158e-06 5.162430222203368e-06 1.3872496070062607e-05 4.43429093051605e-05 0.00016216949634511725 0.000611487326007534 0.0022183384962877186 0.007405212842537087 0.0202456005523627 0.044085427201011176 0.07778223303109291 0.05113833595039838 0.015753686457866036 0.005091277527170529 0.0018335302235137436 0.0007395360713944455 0.0003326543647944745 0.00017184797247644923 0.00010648722032194835 7.92701768477334e-05 7.127436646451169e-05 7.881245983736642e-05 0.00011613753454343357 0.00023320912580113113 0.0006255798228932235 0.0020298361015969307 0.006137691023315914 0.012567011455941026 0.016603844558600714 0.01775868869010781 0.01702829402972941 0.014965071149935337 0.01217630739168016 0.009187631532801343
3.3349548627859002e-06 2.0416639312199596e-06 1.4284113337218335e-06 1.089565560332894e-06 9.516013415305563e-07 1.2207197498379582e-06 2.2482216982932225e-06 5.533540660696249e-06 1.7011564565113592e-05 6.113764641766531e-05 0.00023756101429841403 0.0008872033747787235 0.00302219106872615 0.008801762480226674 0.019453931302478484 0.02936294483051678 0.029967931662239874 0.01765750993346254 0.006761271356525557 0.0023987760839600213 0.0009248711387635804 0.00040385504773635757 0.0002008092153647661 0.00011613588094549553 8.21788448213023e-05 7.11236689816405e-05 7.48620015586006e-05 9.810823239332896e-05 0.00016713446003214694 0.00036311469522791245 0.0009639568110611262 0.0028538975302782313 0.007611547789929501 0.01560601156389521 0.02345375434404645 0.027255791875281238 0.0267450793029269 0.023264980840151116 0.01836227339354724 0.0132879764520278
3.661466867848222e-06 2.2735006238617833e-06 1.560020495109091e-06 1.1383334234741879e-06 9.538681035999256e-07 1.1075744686408026e-06 2.079594857242228e-06 5.826915531672259e-06 2.0252632182750483e-05 7.903415896452294e-05 0.0003067149371717631 0.001102077972114272 0.0034725818833731548 0.00869122803228719 0.01493942867038226 0.016068802673957067 0.01100463560270815 0.005351181074186364 0.0021617223295082315 0.000857644401670367 0.0003726927183055381 0.00018442871958503578 0.0001047345494478175 6.950198931832984e-05 5.693235451337239e-05 5.761825425556095e-05 7.137363641459578e-05 0.00011214656896018405 0.00022044950148583813 0.000520972849498337 0.001403507978416355 0.004005287207027763 0.010298131352765276 0.021241344142949765 0.033167788768814925 0.039286915295804595 0.038922875673752584 0.03355493940026583 0.02583243096034374 0.018033517042986544
4.555846433075847e-06 2.926010770593031e-06 1.9938965811825016e-06 1.4118898020347684e-06 1.0815250037267175e-06 1.0033560683821568e-06 1.9492474727893256e-06 6.574100130829581e-06 2.4950490571337757e-05 9.860644830164911e-05 0.0003641062305967795 0.0012207186177905765 0.003553570673265619 0.00793868211881108 0.01082254410583359 0.008005828160172099 0.003785399774800795 0.0014868266153490292 0.000586150076225393 0.00025451284049124955 0.0001272095764520948 7.329116974313437e-05 4.8434672775391e-05 3.733460976198829e-05 3.5682846726130326e-05 4.253241327989031e-05 6.415158414746799e-05 0.00012263571260609163 0.0002827412188021873 0.0007429505154365795 0.0020975964941810756 0.0059521729665256585 0.014912430003654735 0.03027311078176827 0.04733589408708439 0.05525849551588363 0.0539657858269243 0.0455862497518252 0.034099728537107445 0.02295963612399603
6.45297451360956e-06 4.340240738953879e-06 3.0345569023233547e-06 2.1899988279126054e-06 1.6735169193525864e-06 1.4567289305842078e-06 2.779981209893321e-06 9.290241861772273e-06 3.376529900001954e-05 0.00012176001422986891 0.0003992331161341251 0.0011797528302292587 0.003090214066542412 0.006813719562395588 0.008487356462672874 0.003441676799280286 0.0010792054848719511 0.0003388809418489859 0.00013041140009458643 6.457181880897975e-05 3.89117644898494e-05 2.6837782847146524e-05 2.0791155087343664e-05 1.8554245381518282e-05 2.0632981170035256e-05 2.9599176087316202e-05 5.620211962236637e-05 0.00013383596618740448 0.0003694042739987553 0.0010921356687874357 0.0032397014643659916 0.009189759598561035 0.022581840403982728 0.044925988838156745 0.06811702990607538 0.07663475280738835 0.07210131558653615 0.058782861548071594 0.04236392607105881 0.027401555228403415
1.0238059149492324e-05 7.3209578807039525e-06 5.423529564491845e-06 4.219382721855088e-06 3.634866723400602e-06 3.949442453288147e-06 6.682362039341115e-06 1.6772259904670652e-05 5.03666084080542e-05 0.00015003999658360452 0.00040405177700360696 0.0009621834914562999 0.001979162621809533 0.0034209803828471664 0.0033413289774735125 0.0009739907515564222 0.00023487566556081472 6.019830598097289e-05 2.3399797115435877e-05 1.4391794638360994e-05 1.1064249618354149e-05 9.270214763222815e-06 8.320769709086712e-06 8.39259264008183e-06 1.0725036172291267e-05 1.9089881730731393e-05 4.675489854839322e-05 0.0001435636812644957 0.0004889929608074691 0.0016622258383569945 0.005264122457516119 0.015040579869178007 0.03603037098702719 0.06888271549265396 0.09824260110214905 0.10425996317194534 0.09268710915588525 0.0718875569115733 0.04944829817533513 0.030560437057498894
1.755559794571486e-05 1.3621099764194617e-05 1.0857966535305704e-05 9.23597521858884e-06 8.858449694928236e-06 1.0427222009418087e-05 1.6252887797425174e-05 3.293830304622924e-05 7.846149189441503e-05 0.00018335508090431605 0.00038416258416018996 0.0006856019130709423 0.0009776987008511576 0.0010290924834263514 0.000647173923231604 0.00020843028397145693 4.5286605098209636e-05 8.980492527116146e-06 3.635153795670072e-06 3.371804059591643e-06 3.411554832740201e-06 3.3593306705744025e-06 3.3057750022439255e-06 3.5500205996888967e-06 5.10965077613843e-06 1.123575620647295e-05 3.733833066630653e-05 0.00015791157245020494 0.000696608581195502 0.0027816509268542245 0.009388684637781156 0.026610421785231087 0.06062122599873146 0.10720286409176534 0.13982542033242024 0.13706705783426112 0.11340629104125576 0.0827155621992838 0.053876566062799475 0.031661794420516746
