_RESULTS/CROSS_VALIDATION_POSTPROCESSED_80-20/MHZ/GZ/2comp/1/MHZ_GZ_z_250_kriged_reverse_2comp_spherical_1.asc
ncols 100
nrows 74
xllcorner 5.5967023332191781
yllcorner 50.982320383219182
cellsize 0.00019249356164376555
nodata_value 1.7014100000000001E+038
[rows 0 to 18 of 74, columns 0 to 42 of 100]
25.113359742596785 25.006354698545508 24.959609773141583 24.981568156691814 25.101053575452127 25.3361599869543 25.67741763979819 26.100789211444543 26.5767974222631 27.10608285826897 27.67787709062089 28.2680925120815 28.85691361861533 29.42476826149077 29.959758081330847 30.453271290363322 30.89744009805869 31.280613118517763 31.575556875355222 31.549600274110883 31.23792561845014 30.852944187387365 30.42590228666765 29.965168117271922 29.47991240375824 28.99100400641238 28.51864181384106 28.072200367077098 27.631381781249736 27.207107364506335 26.81254066016886 26.460267813076626 26.162482290079687 25.931117832232882 25.77782973389975 25.695139847667615 25.67031164389618 25.673920890175317 25.70676711260649 25.79469901244988 25.92832683024514 26.096312497321506 26.28720564190435
25.00091340049842 24.89672362913995 24.851622861352848 24.87630260332497 25.006649821292683 25.275585751109475 25.676672668685125 26.17139863863567 26.725495598885797 27.34105142825002 27.98958909719535 28.638980004963 29.267608797769757 29.862334008258046 30.41367545330727 30.91411305981635 31.356837234656716 31.72777496580749 31.97724201159935 31.966256693661084 31.701626077613692 31.320882711144186 30.881495838736594 30.3919418326767 29.865708150355978 29.322080697172726 28.78573080179359 28.284052720580572 27.804191269578222 27.34096146130824 26.907997512507997 26.518102191142695 26.183642667057704 25.916876494777057 25.730084902926848 25.615800442969157 25.56580805496934 25.57569992593325 25.64945935354166 25.783173399030083 25.964505105236164 26.18073573148167 26.41941756485667
24.91019412469057 24.809173891897338 24.76297716519126 24.7799130304147 24.898970102646842 25.19183240295873 25.66811639621725 26.245628004200277 26.886892190602723 27.577240423826254 28.2838534261363 28.981565275932418 29.64679984222083 30.259743014370127 30.80895074853258 31.29161324063221 31.700691509131286 32.018938241585445 32.20524755402725 32.20427942774849 32.011304867817145 31.677422670228022 31.25292360056421 30.752182271387372 30.19770622905764 29.61567587370098 29.032439580538576 28.473152898909383 27.95520677099292 27.457172683983732 26.990181151925206 26.566925344169217 26.199627304571326 25.900621416248594 25.682561061994253 25.536633271863856 25.46077373513099 25.491730830229177 25.60852322827917 25.789493666459094 26.019916291143293 26.285575219405803 26.573215555451064
24.847429879649308 24.755062713200655 24.71399007025964 24.724256901968776 24.802368659945948 25.08297057783525 25.6798574488471 26.343467604928556 27.052914942484406 27.797940313913834 28.554243536982394 29.29411566963139 29.98856562055941 30.612322883057725 31.14940728998914 31.596045207701735 31.956618471611076 32.2227811540158 32.373114665748176 32.38219116615146 32.23926413787759 31.955614649533675 31.555464049156974 31.050373126178034 30.470517757664282 29.852479543809064 29.23041095155509 28.632377709030067 28.077728568199568 27.550244279581587 27.05493025736657 26.603871378386916 26.20865318868667 25.88117901550368 25.633229388720725 25.454836125877563 25.36382242801263 25.417801013571246 25.579224148492912 25.809298654775226 26.089854785083112 26.405334901451262 26.742303877987407
24.815702091545518 24.74171693061101 24.723032548228897 24.759384210192025 24.860591558158056 25.162061512667567 25.788353192574238 26.474754645042875 27.21655821976871 27.99941043058925 28.79668973778251 29.575014846378927 30.29529002191807 30.921014332481583 31.432583111406874 31.832173135121355 32.13412508299419 32.3511248921762 32.47779191908663 32.500972083888804 32.404826366095335 32.175251436081204 31.80341683190707 31.290453986022527 30.678927540946393 30.02281473667386 29.365330822908316 28.736908528046023 28.159534863357134 27.615252554729825 27.09910513036961 26.62754101405862 26.210953348832916 25.860002817286894 25.582530417321575 25.36922526270234 25.273920135579115 25.34915328943895 25.558555297819236 25.840018997612535 26.170686874687444 26.534767219930306 26.919778478214212
24.811935033789158 24.764690026627793 24.783803067531245 24.876835721000063 25.067139622613716 25.42983933083205 25.97298827502727 26.623683338738214 27.36599709273569 28.168243912248187 28.99831884640876 29.81622660475873 30.56728630492446 31.190507688447 31.656525696652572 31.987846752005776 32.221973117144174 32.38647613803592 32.49241502296668 32.53382668365249 32.49386937850584 32.33874193915361 32.0056365438322 31.467925690804076 30.807814209994277 30.110406692948217 29.423932071354812 28.776047010550883 28.18558712826549 27.644132389062626 27.12075382289952 26.638103715989097 26.209033178516624 25.842158341113908 25.53593115240844 25.28733529695475 25.183374233607243 25.284284554519342 25.548334133200452 25.882525479555824 26.260305696057856 26.668838189746907 27.098119419911825
24.827274419589507 24.80854549757518 24.867014386610187 25.012567380603922 25.261301491171967 25.635587246013223 26.136889216590713 26.74946614909521 27.474422648608705 28.279349585720414 29.132708489291737 29.99502534176934 30.797781906430643 31.42446498701974 31.810261027017955 32.037650920400644 32.18953653042098 32.29814785065299 32.38013719885668 32.43677229935864 32.459571655880396 32.422736607801674 32.16510446370869 31.549601113170024 30.82070688632307 30.090117938040883 29.390898900179245 28.74095163480912 28.15404053259823 27.62622754379566 27.11805310379291 26.637039603083075 26.20711018459938 25.835653231335048 25.50721466396813 25.230590555914095 25.088851536298552 25.233098413886644 25.562299005971234 25.942104575786377 26.357634197013585 26.802231999845223 27.268824418438857
24.8507278718027 24.855599581839158 24.9446009188088 25.12589087025148 25.40578126118586 25.772948836110537 26.24253566144287 26.81834256627092 27.513454578085994 28.301699419055083 29.157936314793382 30.055841261518978 30.947729791856492 31.62462343760566 31.844521192946345 31.93058089710276 31.995522874587675 32.0525448559655 32.104894025913566 32.158947309793845 32.21211428170777 32.27548764238545 32.17772323928197 31.41088166805592 30.658060650223206 29.935315097683883 29.25443557635889 28.626869117388576 28.063836080018483 27.56370030849728 27.084722041884152 26.6264994735682 26.20931130087103 25.84407645301002 25.513406214741725 25.245423542303115 25.11821197167656 25.278509427698815 25.62495026242737 26.023671431463868 26.460133907831622 26.928390348812638 27.4221874217289
24.8728919408559 24.8924978131264 24.99969728691045 25.200667673819527 25.48764752755498 25.845554641230915 26.28174467340138 26.815048731748654 27.465326240265675 28.21104264004458 29.030254627126666 29.903100576931685 30.80830172119913 31.55584144079931 31.589855728256534 31.590732091301277 31.601393252319955 31.620910623964598 31.6446305414232 31.674133175385116 31.696629003220394 31.68098941492475 31.465791229589012 30.937169078069797 30.292161578094213 29.639791043244852 29.015286497551923 28.437103114059436 27.91920771316594 27.46199960455086 27.024394201221725 26.606330442625854 26.21720705155777 25.866395729174418 25.55571830453915 25.331310431398574 25.27131905747656 25.41760498637838 25.731621797472787 26.12115023085832 26.56085101581024 27.038933207091002 27.545733597860185
24.88788248418998 24.91170978394653 25.02439532945655 25.22984163865825 25.50829197756069 25.852658828141944 26.257920887159177 26.740110975063157 27.329238648224745 28.005217464344728 28.74186938060028 29.5041273864837 30.222974478468934 30.73631453869037 30.927428326778085 30.966817362986422 30.97123985374412 30.973147621673764 30.976536088395957 30.976917168287482 30.960180254859036 30.888652160037754 30.6766434580514 30.285735720501854 29.777732664096916 29.2310361609171 28.691113201374822 28.18468293888296 27.730450435366922 27.329658872078472 26.9452106016652 26.585357936692024 26.24480550299778 25.929393640823612 25.65631207598128 25.477110203367776 25.453395856407752 25.599628669191514 25.886035673675128 26.247595788307294 26.665429456861762 27.12987988531854 27.620566565132883
24.893820319703742 24.90962035624742 25.013754417295935 25.2070612802279 25.4694970327784 25.796846376488713 26.178486997705015 26.606735280801853 27.121605803899328 27.706947142011472 28.32298474633308 28.92985434376335 29.46728053790826 29.85465138097708 30.056099988789025 30.126555257977323 30.138348513957553 30.133646822372505 30.12605724884282 30.109363273787583 30.079888914381424 30.00585262599058 29.839205867744017 29.556638550540796 29.18163786863839 28.753667991922843 28.311038642966217 27.890147835931884 27.514295631903916 27.19268638751895 26.890108647627482 26.603986004704577 26.319034562698363 26.04674264816267 25.81457523149766 25.67193200658542 25.67190863462983 25.820362074425507 26.083339432011492 26.41413411512909 26.800021775436655 27.230047138169283 27.66904629643546
24.865184124106058 24.85400262050573 24.932714559332503 25.09925824276973 25.34170309563029 25.65477913870811 26.02040515172953 26.41789742745257 26.85657953964544 27.33077282746061 27.8124401778932 28.27078046861342 28.66245996606034 28.944916613765713 29.1025865834098 29.159817044792703 29.161208543624195 29.146692471687537 29.136016750470006 29.125694960985015 29.115183200568772 29.07426807689127 28.971739038138722 28.78780874315356 28.532583641320723 28.22938351238885 27.903268041202374 27.58506975077808 27.3192714196212 27.094188432859234 26.877670858599913 26.657611119296377 26.432615548387307 26.20994097896262 26.02027147421115 25.907927761981803 25.925342290504794 26.074159308947074 26.311383790561916 26.608189480183448 26.955321947128507 27.334681137493266 27.711417891648733
24.78882237385988 24.74007067355109 24.778773035006424 24.904806492173815 25.125351207007203 25.429977243171926 25.784460189107268 26.148322964027344 26.51139848141496 26.88468593403353 27.253135768866688 27.58613823549838 27.85193764240203 28.03343866944657 28.12210622735079 28.13129688387973 28.094156928731557 28.055501221073282 28.048329891146135 28.073834134588477 28.11027634904713 28.12630126100892 28.098768673269642 28.011374166420815 27.867459952638495 27.682456037765355 27.488552979521153 27.314868694755834 27.171733180407433 27.040296313927737 26.898167353805736 26.745366717219284 26.58267555245749 26.413755721639525 26.268175339676723 26.18285064139997 26.213651988557167 26.356185070197757 26.564027020846947 26.822457749560197 27.12443648913411 27.441127691255417 27.745950930956653
24.67978289881397 24.5869667131941 24.57068205396144 24.634281119192913 24.836403854860063 25.149130015848954 25.48858219824689 25.815853615636502 26.118693320674357 26.414166351562034 26.684198211694582 26.910856947746147 27.073545331012973 27.15334687260002 27.15684238455507 27.094897269868685 26.987253047517747 26.894563978907343 26.906761454462195 27.00210521966136 27.109425052586637 27.19643483330926 27.2476881372184 27.255687228527265 27.21791714760225 27.159566642151056 27.110663757417687 27.081605791596598 27.06787480652665 27.0206613659218 26.95148852709761 26.867203873759827 26.767973689977627 26.655144901691823 26.55555930802716 26.49707007575773 26.538160690984565 26.664213485326272 26.838112607560983 27.053137748368595 27.302601548492316 27.546187237698977 27.762980737430095
24.555030741273605 24.422098621575877 24.354560974595984 24.326245869441927 24.543017722602556 24.894368822880647 25.229981513843818 25.535392307094135 25.796199207537718 26.022014928139853 26.213712104831703 26.351073940847215 26.4172005686241 26.404113750843617 26.305203440694374 26.135277227127734 25.91424046515106 25.689656905350116 25.767975638147533 25.977612711816324 26.17264399444877 26.3443421886674 26.485195693474406 26.59184924938603 26.66920216489498 26.747637405066016 26.83254816679091 26.92446917036272 27.005125515731226 27.04203952990798 27.03983306655267 27.02296328533464 26.987680223201693 26.93226490296972 26.880916430844458 26.85261172639751 26.8985240229069 26.997136829859546 27.13221496516524 27.298595336693733 27.483860539812476 27.641798417576545 27.76623021610002
24.42690517207629 24.266627289621244 24.200408913281244 24.243243228347758 24.45470563408732 24.762708112700786 25.070965395297083 25.347556206633616 25.573563608294904 25.73811035525902 25.85697879919011 25.91834478833516 25.908427084120007 25.81824339748593 25.644007241612965 25.387222548774474 25.076686820511057 24.78388732740506 24.856647239714388 25.128182431402507 25.396213536579783 25.646192056888 25.870950382125624 26.07087052892385 26.271826907697655 26.47186151788582 26.671793564422103 26.87084951219395 27.031538363272684 27.143008119513613 27.204813666722206 27.230144915963432 27.2427683314631 27.243737759277654 27.243277203156502 27.252661281162556 27.288350033806896 27.35461955443645 27.445910465394586 27.55441917921863 27.66079055585442 27.729538750981046 27.7591757781195
24.300003990154785 24.158351751875802 24.150525164435457 24.261321159683146 24.472461728358695 24.738723116752325 25.01315227736442 25.259924062442767 25.45455036651744 25.57841423881574 25.63045852619966 25.621666392468672 25.54178486229067 25.385718840995057 25.154415733493824 24.860235251823198 24.547339883330547 24.324563907535957 24.317364244889873 24.506101079597627 24.799116838570377 25.111004915598677 25.407672691105592 25.7014237809222 26.00899921311432 26.319754611077972 26.628448251188196 26.913662697924718 27.14685394744259 27.326849084893436 27.452635906838722 27.524683636339457 27.569763445133322 27.599515572857797 27.641766183895573 27.688669630351775 27.707137158380025 27.73476581950079 27.77165269692295 27.803545848046863 27.82388024562738 27.800462701439766 27.734417728092954
24.220105886204024 24.124406459325517 24.166993597595983 24.32361929472252 24.5406179017986 24.791838723502536 25.046000625308373 25.271757796637456 25.44306214909874 25.539482575329274 25.54609931330952 25.47221444808811 25.326006031166486 25.10710106332661 24.829005199618333 24.531903214090008 24.254000694621226 24.04793100386239 23.99734628776904 24.113769679292172 24.368833420106842 24.71789350754449 25.08762497907376 25.47768416793137 25.882953164603904 26.29554389061022 26.697183312543988 27.04942504641578 27.346890410267587 27.58827205029375 27.772338378054684 27.89719476954006 27.974536258705072 28.031647209374288 28.09366059630691 28.14020740425785 28.147739785840898 28.127875975406074 28.095328936690507 28.043351361238493 27.97362741790238 27.857126616530202 27.696368382173258
24.177398909769504 24.14576028400484 24.229025977689286 24.418808622564914 24.651582863860686 24.90747239734338 25.1596957647343 25.37919346959376 25.539277550264504 25.618135411630625 25.600180715483955 25.477680165229295 25.27098082329397 24.993679236030168 24.685305426662115 24.383774381424534 24.11671558306091 23.916145617660007 23.838729801391658 23.916751544347438 24.14524421866258 24.487645919644425 24.923319054631666 25.405647151798338 25.902609931935444 26.40105145300972 26.863385280566977 27.272788159702188 27.62509049882623 27.919416804653487 28.154919619169544 28.329699572587874 28.444263157393614 28.53114173978495 28.592649068899934 28.615986201614163 28.59894216905921 28.53145366071773 28.418970121934866 28.276073098530354 28.111714240241316 27.901764801891698 27.64838546149404
