_RESULTS/CROSS_VALIDATION_POSTPROCESSED/Berg/GZ/6comp/1/Berg_GZ_z_63_kriged_reverse_6comp_spherical_1.asc
ncols 100
nrows 90
xllcorner  5.6208707817415728
yllcorner 50.959635321741573
cellsize 0.00013419651685393446
nodata_value 1.7014100000000001E+038
[rows 0 to 17 of 90, columns 41 to 81 of 100]
0.03989304565327933 0.04372715872118016 0.04799185483140515 0.05269622654591809 0.05786831762682675 0.06354966217004558 0.0697798550583932 0.07661077370597072 0.07778447077410174 0.06986111940218265 0.06289908764414892 0.056852610328819046 0.051526919564631055 0.046800876449253334 0.042627471266076425 0.038960425718811725 0.03575541841110081 0.03297098804805309 0.03056917862078834 0.02851598813955051 0.026781678646527918 0.025341001318444776 0.02417338734847193 0.023263153782806877 0.02259977439638315 0.022178269950903457 0.021999780960128393 0.021993781413701237 0.021993781413701237 0.021993781413701237 0.021993781413701237 0.021993781413701237 0.021993781413701237 0.021993781413701237 0.021993781413701237 0.021993781413701237 0.021993781413701237 0.021993781413701237 0.021993781413701237 0.021993781413701237 0.021993781413701237
0.04109183804878892 0.04506594308815897 0.04943549333932195 0.054183228786290505 0.05926971682824742 0.06460410193547435 0.0699734520990798 0.07439533894991068 0.07421689856109351 0.06874977745314215 0.062288554967603806 0.056271220874732804 0.05098003890569422 0.046395484467139626 0.04232534643388319 0.038731036135133484 0.03557910785633463 0.032834466567962545 0.03046313186851837 0.02843371327133371 0.026718259555592705 0.025292786541922185 0.02413764750792672 0.02323785078912513 0.022583403389879502 0.02216975070807429 0.021998384603683786 0.021993781413701237 0.021993781413701237 0.021993781413701237 0.021993781413701237 0.021993781413701237 0.021993781413701237 0.021993781413701237 0.021993781413701237 0.021993781413701237 0.021993781413701237 0.021993781413701237 0.021993781413701237 0.021993781413701237 0.021993781413701237
0.042231820802835975 0.046245873035876274 0.050566383617817644 0.0551226687036065 0.05978784780262306 0.06431670487121376 0.06819378548581483 0.0703828100078076 0.06952839946520455 0.06562676490830165 0.060298762248415044 0.05481887409560935 0.049747792622519375 0.04528569793027507 0.04145734027046705 0.03806695803936576 0.035066006201278456 0.03243568487661375 0.030152557626172586 0.028192335878942612 0.02653201750363163 0.025151170440087155 0.024032766416108072 0.023163794431479697 0.022535800952293412 0.022145465694121257 0.021995308325672976 0.021993781413701237 0.021993781413701237 0.021993781413701237 0.021993781413701237 0.021993781413701237 0.021993781413701237 0.021993781413701237 0.021993781413701237 0.021993781413701237 0.021993781413701237 0.021993781413701237 0.021993781413701237 0.021993781413701237 0.021993781413701237
0.04332701977905162 0.04729659664707703 0.05144713506052706 0.055650909579320125 0.05970799179295657 0.06329760504495067 0.06591237577083268 0.06685973055191471 0.06558553159196723 0.062285638790129674 0.05776881152259272 0.052878865450062956 0.048160332505078604 0.04388820311976182 0.040176366920604126 0.03703384930865826 0.034260066593339564 0.03180498955083051 0.029658968910132498 0.027807470342632198 0.026234538912158722 0.024924941262992596 0.02386556504713717 0.023046414196107465 0.022461414207952876 0.02210917832375699 0.021993781413701237 0.021993781413701237 0.021993781413701237 0.021993781413701237 0.021993781413701237 0.021993781413701237 0.021993781413701237 0.021993781413701237 0.021993781413701237 0.021993781413701237 0.021993781413701237 0.021993781413701237 0.021993781413701237 0.021993781413701237 0.021993781413701237
0.04441625025962822 0.04828326418037106 0.052189138341270355 0.055962462189350026 0.059368286388755784 0.06209041908189594 0.06373278015718714 0.06389202263784907 0.06234615767322211 0.05926589547574523 0.05521955136794127 0.05078718228678682 0.0464127556388201 0.042370108344977724 0.03879995051714126 0.03575909506265801 0.033224319014152084 0.030987025227122888 0.029014642731273025 0.02730291383560549 0.025843713181905304 0.02462782111650522 0.023646801642171558 0.022894354481592005 0.02236738770524509 0.02206698821731273 0.021993781413701237 0.021993781413701237 0.021993781413701237 0.021993781413701237 0.021993781413701237 0.021993781413701237 0.021993781413701237 0.021993781413701237 0.021993781413701237 0.021993781413701237 0.021993781413701237 0.021993781413701237 0.021993781413701237 0.021993781413701237 0.021993781413701237
0.045554776691712436 0.04928927530750666 0.05291706627399657 0.05624051821542762 0.05902195862509462 0.060990024766519955 0.061867624617035384 0.06143885827863396 0.05964758394796126 0.0566644312782276 0.0528693465668688 0.048746668524001294 0.04465208918555164 0.04082736537176565 0.03741329508309297 0.03447735730836261 0.03204168919420377 0.030033983956497607 0.028258367526785344 0.026707911255966558 0.02538194263749172 0.024277278562476724 0.023390377485980426 0.02271894270727789 0.022263210694768092 0.02202710410559617 0.021993781413701237 0.021993781413701237 0.021993781413701237 0.021993781413701237 0.021993781413701237 0.021993781413701237 0.021993781413701237 0.021993781413701237 0.021993781413701237 0.021993781413701237 0.021993781413701237 0.021993781413701237 0.021993781413701237 0.021993781413701237 0.021993781413701237
0.0468065732147382 0.05040293892349652 0.05374760831292447 0.056630781110552655 0.05883187323513182 0.06013819325643924 0.06037568298603627 0.059453390815336356 0.057408538393670494 0.05442227398820193 0.050783685227809 0.046853501878352195 0.04296680245014197 0.039327555031046804 0.03606294746296232 0.03323971373243199 0.03088407618155829 0.028999243808332822 0.027431178734623606 0.02605428164665885 0.02487419414359439 0.023893201320964955 0.02311243188814172 0.022533575919826118 0.02216030899253496 0.021999583660286502 0.021993781413701237 0.021993781413701237 0.021993781413701237 0.021993781413701237 0.021993781413701237 0.021993781413701237 0.021993781413701237 0.021993781413701237 0.021993781413701237 0.021993781413701237 0.021993781413701237 0.021993781413701237 0.021993781413701237 0.021993781413701237 0.021993781413701237
0.04823933237763419 0.05171094460988365 0.05478300569573784 0.05724261094479038 0.05889765496971284 0.05959844479680519 0.05925986923230123 0.05788263857013405 0.05556605952432033 0.052500851092257765 0.048937125765125176 0.04514010907231163 0.04139989988060349 0.037910515341150995 0.0347801348451687 0.03206797133516238 0.02979894658224098 0.0279777745616576 0.026572881373252456 0.025373919912112377 0.024346222562391672 0.02349664291483381 0.02283046671871535 0.02235311966974996 0.022071645539905906 0.021993781413701237 0.021993781413701237 0.021993781413701237 0.021993781413701237 0.021993781413701237 0.021993781413701237 0.021993781413701237 0.021993781413701237 0.021993781413701237 0.021993781413701237 0.021993781413701237 0.021993781413701237 0.021993781413701237 0.021993781413701237 0.021993781413701237 0.021993781413701237
0.049922455671685725 0.05329753549178491 0.05611321832562648 0.05815886965660311 0.059279711313215896 0.05939386022502703 0.05849908190484422 0.05667190322537003 0.05405926333076205 0.050860637363197195 0.04730094620274459 0.04360001995249999 0.03996495281461807 0.03659491811143122 0.03358256476714861 0.030976120262741196 0.028795775109237025 0.0270450255918167 0.02572041622569165 0.024696975465365287 0.023823190276489943 0.023108804565272825 0.022562615367863595 0.022193401274362066 0.02201138926758268 0.021993781413701237 0.021993781413701237 0.021993781413701237 0.021993781413701237 0.021993781413701237 0.021993781413701237 0.021993781413701237 0.021993781413701237 0.021993781413701237 0.021993781413701237 0.021993781413701237 0.021993781413701237 0.021993781413701237 0.021993781413701237 0.021993781413701237 0.021993781413701237
0.051927162586898466 0.05524719971281199 0.05782136997469872 0.05944517872643959 0.06001319652147668 0.05952268670024987 0.05805717004626537 0.055763082372399436 0.0528270664339161 0.04945484746102025 0.045851007899214334 0.04220089023252892 0.03865840307070382 0.03538542631957033 0.03247796215643569 0.029971792511692578 0.027880501955292174 0.026204760655492088 0.02494043924278297 0.024050791301878007 0.023328781745100842 0.022750342573083525 0.022327131157277847 0.022070857738389783 0.021993781413701237 0.021993781413701237 0.021993781413701237 0.021993781413701237 0.021993781413701237 0.021993781413701237 0.021993781413701237 0.021993781413701237 0.021993781413701237 0.021993781413701237 0.021993781413701237 0.021993781413701237 0.021993781413701237 0.021993781413701237 0.021993781413701237 0.021993781413701237 0.021993781413701237
0.05432737893524584 0.057649193843079385 0.05998950925879754 0.06115509420177857 0.06111224829569063 0.05996093510022841 0.05788207314111599 0.055090540913617064 0.05180522845648945 0.04823220417870377 0.04455454640869194 0.04092557809979382 0.03746511278566895 0.034278547114008025 0.03146769115441082 0.0290582778258574 0.027056541969350683 0.025459551717930295 0.02426193504902849 0.02345953161025968 0.022884809131352428 0.022441025998037437 0.02214212987036221 0.022002374486504637 0.021993781413701237 0.021993781413701237 0.021993781413701237 0.021993781413701237 0.021993781413701237 0.021993781413701237 0.021993781413701237 0.021993781413701237 0.021993781413701237 0.021993781413701237 0.021993781413701237 0.021993781413701237 0.021993781413701237 0.021993781413701237 0.021993781413701237 0.021993781413701237 0.021993781413701237
0.057199367617094814 0.060602943617696074 0.06270305491790959 0.06332870095571015 0.0625638996735952 0.0606551138476736 0.05789920850451368 0.054575841193301604 0.05092365376162044 0.047137985716873936 0.043374600995273516 0.03975362946676778 0.03636301500610492 0.03326698111579207 0.03054984084893783 0.028236518881210627 0.026325987797718168 0.02481161536481962 0.023686694214432785 0.022949323538252176 0.02251124289052549 0.02219972385617283 0.022025589940950767 0.021993781413701237 0.021993781413701237 0.021993781413701237 0.021993781413701237 0.021993781413701237 0.021993781413701237 0.021993781413701237 0.021993781413701237 0.021993781413701237 0.021993781413701237 0.021993781413701237 0.021993781413701237 0.021993781413701237 0.021993781413701237 0.021993781413701237 0.021993781413701237 0.021993781413701237 0.021993781413701237
0.06061546198178876 0.06422370106129595 0.06605177819778048 0.06597875808288856 0.06430706831496336 0.06150479050026154 0.058001041524474925 0.054122873650823355 0.05010519473165266 0.046115469960266345 0.0422733254943089 0.03866302438579329 0.035341253763031336 0.03234280075348517 0.02972167627051583 0.027506855129792063 0.025690785478695834 0.024263579680780207 0.023217507650954837 0.022551108440521207 0.02222657874684189 0.022044678878582007 0.021993781413701237 0.021993781413701237 0.021993781413701237 0.021993781413701237 0.021993781413701237 0.021993781413701237 0.021993781413701237 0.021993781413701237 0.021993781413701237 0.021993781413701237 0.021993781413701237 0.021993781413701237 0.021993781413701237 0.021993781413701237 0.021993781413701237 0.021993781413701237 0.021993781413701237 0.021993781413701237 0.021993781413701237
0.06461734593938147 0.06864724718143217 0.07012046617720591 0.06904677757031628 0.06618559421542783 0.06233460987944814 0.05803662119224921 0.05361661492079979 0.04926789014515766 0.0451092302464621 0.04121557924991975 0.03763374488850441 0.034390760297162884 0.03149896001791239 0.028981542086055016 0.026870466871146248 0.025153793125690604 0.023819252765966623 0.022858734293319024 0.022271770232110338 0.022048458791776887 0.021993781413701237 0.021993781413701237 0.021993781413701237 0.021993781413701237 0.021993781413701237 0.021993781413701237 0.021993781413701237 0.021993781413701237 0.021993781413701237 0.021993781413701237 0.021993781413701237 0.021993781413701237 0.021993781413701237 0.021993781413701237 0.021993781413701237 0.021993781413701237 0.021993781413701237 0.021993781413701237 0.021993781413701237 0.021993781413701237
0.06911323378012049 0.07402833884279801 0.07493819220907744 0.07227507334771605 0.0678604922608037 0.0628647755638043 0.057811462600533464 0.052931235279850296 0.04833294404067205 0.044071181850398905 0.04017335740019866 0.036651171157463365 0.033505972358260354 0.03073176451373585 0.028330330940042493 0.026330545622152472 0.024719708126845166 0.023484367186413713 0.022616921889137692 0.022118650272234953 0.021993781413701237 0.021993781413701237 0.021993781413701237 0.021993781413701237 0.021993781413701237 0.021993781413701237 0.021993781413701237 0.021993781413701237 0.021993781413701237 0.021993781413701237 0.021993781413701237 0.021993781413701237 0.021993781413701237 0.021993781413701237 0.021993781413701237 0.021993781413701237 0.021993781413701237 0.021993781413701237 0.021993781413701237 0.021993781413701237 0.021993781413701237
0.07345717504600043 0.0804902716012676 0.08017850877209423 0.0748568621083255 0.06870766701418751 0.06272090218144788 0.057117592765342014 0.05195376948522395 0.04723945242251038 0.042969089926337134 0.039132164806616535 0.03571289491765427 0.03269146933706117 0.03004860282455354 0.02777379401638408 0.025893240130597416 0.024395887957452254 0.02326731432857415 0.022501493553576002 0.02209661688288288 0.021993781413701237 0.021993781413701237 0.021993781413701237 0.021993781413701237 0.021993781413701237 0.021993781413701237 0.021993781413701237 0.021993781413701237 0.021993781413701237 0.021993781413701237 0.021993781413701237 0.021993781413701237 0.021993781413701237 0.021993781413701237 0.021993781413701237 0.021993781413701237 0.021993781413701237 0.021993781413701237 0.021993781413701237 0.021993781413701237 0.021993781413701237
0.0751358046736786 0.08608103229123498 0.08276306167190582 0.07497834269386179 0.0679346900453469 0.061563914991987934 0.05581493572681046 0.05065437413939911 0.04602771916348088 0.041889099587623026 0.03820125074335027 0.03493306737882722 0.03205780295959618 0.029551894238470412 0.02740039215515547 0.025628259431288696 0.02422973691968707 0.023196548077240475 0.022501929688771287 0.02210335238101488 0.021993781413701237 0.021993781413701237 0.021993781413701237 0.021993781413701237 0.021993781413701237 0.021993781413701237 0.021993781413701237 0.021993781413701237 0.021993781413701237 0.021993781413701237 0.021993781413701237 0.021993781413701237 0.021993781413701237 0.021993781413701237 0.021993781413701237 0.021993781413701237 0.021993781413701237 0.021993781413701237 0.021993781413701237 0.021993781413701237 0.021993781413701237
0.07156815760390657 0.0777363491045829 0.07692648652328694 0.07143821114356755 0.06527196575202064 0.059420993973311215 0.054061749374762956 0.0492106778295852 0.0448456734322042 0.040936253711304084 0.037452176869230545 0.03436577314250616 0.031652317103453224 0.029289883985590102 0.02726476089445642 0.02560383731884975 0.024289479200901846 0.023277257117106598 0.022558301866606636 0.02213210630141749 0.022002631141971214 0.021993781413701237 0.021993781413701237 0.021993781413701237 0.021993781413701237 0.021993781413701237 0.021993781413701237 0.021993781413701237 0.021993781413701237 0.021993781413701237 0.021993781413701237 0.021993781413701237 0.021993781413701237 0.021993781413701237 0.021993781413701237 0.021993781413701237 0.021993781413701237 0.021993781413701237 0.021993781413701237 0.021993781413701237 0.021993781413701237
