_RESULTS/CROSS_VALIDATION_POSTPROCESSED/Berg/GZ/6comp/1/Berg_GZ_z_710_kriged_reverse_6comp_spherical_1.asc
ncols 100
nrows 90
xllcorner  5.6208707817415728
yllcorner 50.959635321741573
cellsize 0.00013419651685393446
nodata_value 1.7014100000000001E+038
[rows 18 to 35 of 90, columns 40 to 79 of 100]
7.827708231997989e-05 2.0598189671587205e-05 7.236546919740691e-06 3.963405861759165e-06 3.2031454309939293e-06 3.2506721440172827e-06 3.7316705193186513e-06 4.617311884948192e-06 6.0260741978240785e-06 8.211651795291944e-06 1.1626320273571827e-05 1.7062521715046537e-05 2.5927920403257842e-05 4.07781256285711e-05 6.633446262972663e-05 0.00011018469123949754 0.00017423913815995846 0.000257474795366105 0.0003530896250378794 0.00044613820530649886 0.000515528174297781 0.0005422546797510752 0.0005520444683404718 0.0005577925736008915 0.0005586641193967826 0.0005586641193967826 0.0005586641193967826 0.0005586641193967826 0.0005586641193967826 0.0005586641193967826 0.0005586641193967826 0.0005586641193967826 0.0005586641193967826 0.0005586641193967826 0.0005586641193967826 0.0005586641193967826 0.0005586641193967826 0.0005586641193967826 0.0005586641193967826 0.0005586641193967826
0.00011336068047759715 3.6557336526152955e-05 1.474604462629278e-05 7.94754926308678e-06 5.68196612695762e-06 5.033964737286391e-06 5.159540907473504e-06 5.844564953437246e-06 7.126489321565266e-06 9.21649021252809e-06 1.253630649527851e-05 1.7844532179804785e-05 2.6493769743974288e-05 4.092678901883613e-05 6.563542040495402e-05 0.00010751376548172804 0.0001677552059347313 0.0002455385897145307 0.0003346340016071327 0.0004214000416761197 0.00048648412876645846 0.000514387472781773 0.0005318827524428909 0.0005462847112103991 0.0005557869898240792 0.0005586641193967826 0.0005586641193967826 0.0005586641193967826 0.0005586641193967826 0.0005586641193967826 0.0005586641193967826 0.0005586641193967826 0.0005586641193967826 0.0005586641193967826 0.0005586641193967826 0.0005586641193967826 0.0005586641193967826 0.0005586641193967826 0.0005586641193967826 0.0005586641193967826
0.00015621160867387726 5.941855897085797e-05 2.638210997009966e-05 1.4379951845352436e-05 9.689967172529219e-06 7.84863055569697e-06 7.3460742291684345e-06 7.679698519152018e-06 8.753492699075046e-06 1.0708138763354172e-05 1.3917656287743149e-05 1.9094030604484933e-05 2.7526776683626614e-05 4.1557590691505124e-05 6.550731496479965e-05 0.00010517475493427809 0.00016092963783589763 0.00023201138209199808 0.00031263390044386995 0.0003905109315141594 0.0004483803427658028 0.00047670501270793107 0.0005009586427085046 0.0005232819459699022 0.0005417202465689414 0.0005541901131578221 0.0005586641193967826 0.0005586641193967826 0.0005586641193967826 0.0005586641193967826 0.0005586641193967826 0.0005586641193967826 0.0005586641193967826 0.0005586641193967826 0.0005586641193967826 0.0005586641193967826 0.0005586641193967826 0.0005586641193967826 0.0005586641193967826 0.0005586641193967826
0.0002025292432523551 8.739407661528974e-05 4.2092961613575724e-05 2.3532922605112e-05 1.547341423915266e-05 1.1858219465784148e-05 1.0377233571539952e-05 1.0143767151279917e-05 1.0872522569229524e-05 1.2602925322928668e-05 1.564490693144867e-05 2.0656082036280994e-05 2.8861161899628256e-05 4.2504585483694667e-05 6.574604528673744e-05 0.00010270022344235329 0.00015322734433895313 0.00021652157099144603 0.0002872846703374154 0.000354645353734009 0.00040345016474628256 0.000432780667357517 0.0004625283465123944 0.0004916272157923405 0.0005180784692726528 0.0005396173214867913 0.0005538802677620945 0.0005586641193967826 0.0005586641193967826 0.0005586641193967826 0.0005586641193967826 0.0005586641193967826 0.0005586641193967826 0.0005586641193967826 0.0005586641193967826 0.0005586641193967826 0.0005586641193967826 0.0005586641193967826 0.0005586641193967826 0.0005586641193967826
0.00024688892242353915 0.00011809467934195209 6.104218712520932e-05 3.521615025282676e-05 2.3033360075998567e-05 1.7092903934784793e-05 1.426608814085812e-05 1.3223737941012384e-05 1.3444963415205832e-05 1.483805673566925e-05 1.763097492930424e-05 2.238177332368357e-05 3.0157070097293444e-05 4.302580159955359e-05 6.47728695272427e-05 9.727000505028426e-05 0.00014059024055935743 0.00019386387023285925 0.00025265141429707387 0.0003081192422625922 0.00034828724938941897 0.0003819852642570488 0.0004180165759543262 0.0004541187739590478 0.0004875660369223346 0.0005171457631546769 0.0005405004413780227 0.000555009269887846 0.0005586641193967826 0.0005586641193967826 0.0005586641193967826 0.0005586641193967826 0.0005586641193967826 0.0005586641193967826 0.0005586641193967826 0.0005586641193967826 0.0005586641193967826 0.0005586641193967826 0.0005586641193967826 0.0005586641193967826
0.0002863584226564935 0.0001490139755851777 8.18748097397637e-05 4.8812363827925516e-05 3.209325980728502e-05 2.3409161044759114e-05 1.891306913880104e-05 1.6828942264588402e-05 1.6375349796696533e-05 1.7235815512049146e-05 1.9468907900032536e-05 2.3545046892702644e-05 3.043165586842885e-05 4.1963197627627775e-05 6.1021451905658765e-05 8.775822530796079e-05 0.00012248657914009858 0.00016433988042478858 0.0002098012198754191 0.0002521149905068586 0.0002851559372675421 0.0003210070590341718 0.000361427168014236 0.0004047564833185717 0.00044832437463455087 0.0004883913165316684 0.0005206329119147218 0.0005441531877897988 0.0005569977393792434 0.0005586641193967826 0.0005586641193967826 0.0005586641193967826 0.0005586641193967826 0.0005586641193967826 0.0005586641193967826 0.0005586641193967826 0.0005586641193967826 0.0005586641193967826 0.0005586641193967826 0.0005586641193967826
0.0003192048801646218 0.00017803253460873478 0.00010309990741616713 6.345266079723059e-05 4.2164325722895716e-05 3.0512771880014832e-05 2.4115656071099054e-05 2.0744112496166875e-05 1.922755486687222e-05 1.918009146151686e-05 2.058259788116535e-05 2.3757144663351617e-05 2.948768285859677e-05 3.933182614105137e-05 5.4669147819343355e-05 7.511921771433851e-05 0.000101036249891561 0.00013165429387337825 0.00016435154786392968 0.00019426153411727625 0.00022296640277090027 0.000258018832331093 0.00029928641847610274 0.0003458814617672113 0.00039587073470994185 0.0004460356433367921 0.0004918332277047875 0.0005277001324073542 0.0005496172517667117 0.0005585551148747688 0.0005586641193967826 0.0005586641193967826 0.0005586641193967826 0.0005586641193967826 0.0005586641193967826 0.0005586641193967826 0.0005586641193967826 0.0005586641193967826 0.0005586641193967826 0.0005586641193967826
0.0003446942314878733 0.00020367004551428609 0.00012341295031171413 7.823803804200006e-05 5.267254371364204e-05 3.8030792394294176e-05 2.939639327736767e-05 2.425119823684026e-05 2.1430567117438032e-05 2.0343183509251016e-05 2.07966083917623e-05 2.2949567598288882e-05 2.73885498655427e-05 3.5244632171120854e-05 4.6335625649008054e-05 6.075520211009206e-05 7.867287383741864e-05 9.948214155464114e-05 0.0001213417224346123 0.00014210184611795334 0.00016748924764312006 0.00019956348514425288 0.00023879798607093824 0.0002851005095344651 0.00033743201120637175 0.00039341939109767464 0.0004490896873849698 0.000498902788727583 0.0005362583685239028 0.0005551986326439781 0.0005580160413218535 0.0005566749501290313 0.0005553598413204299 0.0005545612748346326 0.0005545309139634934 0.0005552778337477158 0.0005565684091208541 0.0005579296661156239 0.0005586590442377093 0.0005590365980261538
0.00036287624481364016 0.0002251352068917437 0.00014188991465594354 9.242736951070376e-05 6.30882937510273e-05 4.510154362500979e-05 3.385021282897144e-05 2.688242302597123e-05 2.273535753382297e-05 2.0594683236869858e-05 2.009136409820821e-05 2.121893349613186e-05 2.4368111718236578e-05 2.9772418291779597e-05 3.6969351558239915e-05 4.6246624856689724e-05 5.7667375874398496e-05 7.07876645224318e-05 8.438617710489946e-05 0.0001002957764077382 0.00012165295174403254 0.0001494935710686612 0.0001847807583122111 0.00022812447544050474 0.0002793831815968008 0.0003371838982569265 0.0003984667959422161 0.0004568844443591359 0.0005040963150914889 0.0005334244355621147 0.0005398613534157922 0.0005343451765317122 0.0005301367126663663 0.0005278672342711229 0.0005277839860153269 0.0005298958256913574 0.0005339734370304899 0.0005395443860713012 0.0005460216580917749 0.000556454632497157
0.00037436248141152094 0.00024224920003279574 0.00015805302708205363 0.00010554508398032147 7.21990477511748e-05 5.076604648431732e-05 3.709911272064267e-05 2.8444724608709895e-05 2.3077683927881454e-05 1.9976791116790397e-05 1.8605845199118005e-05 1.8802939159426064e-05 2.0642124276182356e-05 2.357130570068291e-05 2.7640258117435164e-05 3.3016847107758794e-05 3.970436328097668e-05 4.738390710802808e-05 5.6269161131596075e-05 6.879047377212435e-05 8.604398323301308e-05 0.00010922600432337914 0.000139623369883644 0.00017838718183567313 0.00022616180752202744 0.00028131548796280176 0.0003393414630425417 0.00039565580379209584 0.0004445072014080322 0.00047969643897260365 0.0004956669849284709 0.0004909778814303073 0.0004842389436552387 0.00048069867996652536 0.0004805699386575763 0.0004838602817970838 0.000490372522186756 0.0004996914072356542 0.0005139445227044515 0.0005356292435631719
0.0003801107549503581 0.000255302425469463 0.00017183908011752892 0.00011631386621706644 7.912815933382802e-05 5.4796272093057905e-05 3.906844547866031e-05 2.897687075295755e-05 2.2582120775708002e-05 1.8683197583364773e-05 1.6595186344214042e-05 1.600764202464234e-05 1.6352395559238944e-05 1.74103866816985e-05 1.9288009459331876e-05 2.2049511999938033e-05 2.564788242381751e-05 3.0086054237501632e-05 3.665618960875683e-05 4.621583582262739e-05 5.972923589830838e-05 7.843355833119572e-05 0.00010378309705782976 0.00013710442874665082 0.0001775329541516987 0.0002238261820334906 0.0002738501893051348 0.000324154781028242 0.00037013648331218093 0.00040653419360332565 0.00042824025168071986 0.0004314414455279086 0.00042427483312486265 0.00041979055251555123 0.0004196282280457358 0.00042379327712780736 0.000432142762007308 0.00044537127357931053 0.00046748826497137845 0.0004985576770248429
0.00038123006208661865 0.000264887560508625 0.00018256049121881347 0.00012398178408277598 8.392545387852642e-05 5.732183995203968e-05 3.9949120925656255e-05 2.871288385795004e-05 2.1512622446197483e-05 1.699989907035762e-05 1.4363909767829945e-05 1.2875057152541564e-05 1.2069553674825652e-05 1.1950353818501323e-05 1.252292404610836e-05 1.3757393933455565e-05 1.5630564709510556e-05 1.8731764886285027e-05 2.3548655159565138e-05 3.0692373696927356e-05 4.104875120513048e-05 5.5811997890354324e-05 7.614332400223e-05 0.00010206760142684058 0.00013372810120263772 0.00017063978470514824 0.0002113858861471592 0.0002534933333220912 0.00029350028602414396 0.0003272694791024212 0.00035054753420552497 0.00035970170439605605 0.00035711891888265125 0.00035238727046858054 0.00035220535242571266 0.0003568862661099107 0.0003664010221980898 0.00038391467397771474 0.000411489834368559 0.0004493629960247518
0.00037881801261628936 0.00027148778808028717 0.00018929767962245307 0.00012901546189914202 8.701153047232874e-05 5.873676432449905e-05 4.011335485051852e-05 2.8003713017395322e-05 2.0199340780501004e-05 1.5237314082291776e-05 1.1985075345079882e-05 9.720605306298823e-06 8.290851537333072e-06 7.597917454277381e-06 7.551099618449538e-06 8.073659897808657e-06 9.363596768768982e-06 1.1597344028619084e-05 1.5088090169970423e-05 2.0359591443649298e-05 2.819675039598987e-05 3.945406978970089e-05 5.447026550244436e-05 7.37882597153934e-05 9.767911139340018e-05 0.00012591093779118048 0.00015756360968081814 0.00019092116097512593 0.000223498778535161 0.0002522401859717304 0.0002738850535470371 0.0002854650050833729 0.00028700402822466815 0.0002849975613482506 0.00028480974395360035 0.0002896537710509232 0.0003003741447872319 0.0003205049472523464 0.00035099605398989145 0.00039279242157664
0.00037383773516377395 0.0002739196850683353 0.00019296774628702125 0.00013217116354520385 8.901462611450345e-05 5.9571791322026205e-05 4.0012813592956795e-05 2.7235086603043038e-05 1.897282219546158e-05 1.3430840219689643e-05 9.561537614261882e-06 6.951302602157874e-06 5.3139652276302844e-06 4.463482057893121e-06 4.275062043393724e-06 4.684771497414875e-06 5.642812878509047e-06 7.251825047920261e-06 9.772048605212027e-06 1.3646462804531497e-05 1.9446534407374933e-05 2.7503893660159536e-05 3.833302599119458e-05 5.239479819480656e-05 6.993771015714665e-05 9.084734322096179e-05 0.00011451265292023175 0.00013975120748463944 0.00016483012036335804 0.00018760022950881162 0.00020573464180570657 0.00021703987963155592 0.0002207653837477775 0.00022196346715420807 0.00022240433023169653 0.00022711223677400558 0.00023871507955121657 0.00025951641105254416 0.0002905967956705725 0.0003335364796258896
0.0003666199095663151 0.0002729878283276702 0.00019461883706539443 0.00013429157319013824 9.061795848582993e-05 6.038157113095788e-05 4.0096083388149464e-05 2.6743267236491028e-05 1.7674538546013727e-05 1.1518460246260273e-05 7.440070040284112e-06 4.816541382677638e-06 3.2234654208093383e-06 2.4730951485876323e-06 2.4106129675277773e-06 2.7859266079431775e-06 3.5081796817435793e-06 4.669946741966782e-06 6.493763857567148e-06 9.326638016168816e-06 1.3418194309854401e-05 1.9127827384716917e-05 2.686207561682177e-05 3.6967029110472706e-05 4.962932799231845e-05 6.476857949910784e-05 8.194852843688066e-05 0.00010033730959729024 0.0001187384058560084 0.00013569502770045477 0.00014964964033333802 0.00015912833814759125 0.0001633797253797534 0.00016609404127812947 0.0001680995435547411 0.00017263373548026623 0.00018419336898116003 0.00020415439624190288 0.00023395230732848902 0.0002756718933340914
0.000358192967276099 0.00026989078141143285 0.00019521381572404212 0.00013615601061794393 9.245241869994519e-05 6.167190783870678e-05 4.045313734535101e-05 2.582556500609709e-05 1.6070605181966738e-05 9.765243548927964e-06 5.808126948339729e-06 3.4338744417804195e-06 2.057057243241032e-06 1.356625876729045e-06 1.449710600332447e-06 1.7923104995728313e-06 2.3266046206772377e-06 3.161940970441385e-06 4.489542329165449e-06 6.491410170669656e-06 9.376979333386201e-06 1.3438607339889127e-05 1.8972461808604853e-05 2.6220764861509787e-05 3.529769681798602e-05 4.611444630812937e-05 5.8325986147352696e-05 7.132144776067565e-05 8.42688517459274e-05 9.620641403315496e-05 0.00010615540180760706 0.00011322396841175675 0.00011693588606321587 0.00011996545523469804 0.0001230847798797878 0.00012756803566877945 0.00013823216352899624 0.00015634528249788935 0.00018356035207008666 0.0002223040160968267
0.00035146645510083385 0.0002665041491186848 0.00019551227697138247 0.00013839392020507124 9.456187234954954e-05 6.214718904887361e-05 3.9394670411715504e-05 2.4145476953301805e-05 1.4398256870389253e-05 8.429197341937096e-06 4.882403287194928e-06 2.8274645088697487e-06 1.6705325582497918e-06 1.1157364900849692e-06 1.1175883959777242e-06 1.33019094266104e-06 1.6918159329477477e-06 2.2837248300456855e-06 3.2325398471580557e-06 4.6473918942050914e-06 6.716126279962534e-06 9.654088997987542e-06 1.3670014961560002e-05 1.8919445725414612e-05 2.544884079753335e-05 3.3144980329987164e-05 4.1708609155258775e-05 5.066776103781236e-05 5.94336839845128e-05 6.738485656088006e-05 7.395084600098135e-05 7.866661491999721e-05 8.136466042509039e-05 8.40305538550448e-05 8.728683790366937e-05 9.180416173113585e-05 0.00010110885989089947 0.00011684335014039521 0.00014074965500518571 0.0001754292725531416
0.00035092408092924704 0.0002668031545635442 0.0001953212209288767 0.00013794137691515207 9.314153255467234e-05 6.035932971900951e-05 3.773386903581263e-05 2.2885733943269145e-05 1.3554613187788925e-05 7.903794809675729e-06 4.589493254057939e-06 2.7049319156915236e-06 1.6831635360951755e-06 1.2024221365564117e-06 1.0686466440588144e-06 1.133062912972262e-06 1.3478277027293286e-06 1.7584822879704588e-06 2.425428763890748e-06 3.4518408484269525e-06 4.983326529678519e-06 7.176322273328101e-06 1.0171227695210808e-05 1.4054149985956551e-05 1.8814638751189172e-05 2.4313396421416082e-05 3.0275801624132766e-05 3.6321340407100416e-05 4.2025980852740776e-05 4.699904021020171e-05 5.0946167162972466e-05 5.3692492188726286e-05 5.532404138649428e-05 5.734436643668382e-05 6.0201790916218886e-05 6.447359776565375e-05 7.226306739164203e-05 8.547761464208652e-05 0.00010584369099260161 0.0001359896932910124
