_RESULTS/CROSS_VALIDATION_POSTPROCESSED_CLR/Berg/IZ/2comp/4/Berg_IZ_z_1000_kriged_reverse_2comp_spherical_4.asc
ncols 100
nrows 90
xllcorner 5.6208707817415728
yllcorner 50.959635321741573
cellsize 0.00013419651685393446
nodata_value 1.7014100000000001E+038
[rows 38 to 56 of 90, columns 43 to 85 of 100]
-2.661181558709393 -2.712876858874332 -2.786559678380848 -2.921105930786021 -3.151732829645745 -3.488771196285815 -3.908390681925413 -4.382351946352088 -4.877808648403795 -5.359229217768484 -5.794333342995909 -6.162722399990468 -6.451800919328505 -6.681963605905755 -7.015945591805801 -7.570844058910799 -8.185968104508618 -8.731315318603691 -9.152475778945988 -9.42266726003075 -9.509327784271676 -9.370555404175438 -8.985543786161308 -8.388806800161198 -7.655416724910956 -6.861907563621875 -6.068324331311292 -5.318928439985433 -4.646624519962213 -4.054755881734054 -3.5301962768350377 -3.072806016359017 -2.6993931002421028 -2.4004146092722096 -2.1987166142436303 -2.1023075878479363 -2.0879088718954426 -2.120171582930978 -2.2025219863874845 -2.342484196713566 -2.579280546910675 -2.8669642725919537 -3.177425001137765
-2.702931047353997 -2.6934579641230223 -2.724696022182605 -2.8216199216071858 -3.020653954935813 -3.324693593273271 -3.7108178840957695 -4.152817274367195 -4.621647836031947 -5.086589679645415 -5.518346379477261 -5.888622144510706 -6.1390952156986085 -6.268482812778221 -6.5224115237405815 -7.330292384664486 -8.093997673098393 -8.734458781531712 -9.238601956162952 -9.589796224282345 -9.75243562365789 -9.651782491425337 -9.218241488537107 -8.507897505896109 -7.657854127820028 -6.772711977587997 -5.916656241183603 -5.131581036733902 -4.442894175733627 -3.831687747277658 -3.291382162720233 -2.826433708856002 -2.439294168986174 -2.1377359890343035 -1.944471768930128 -1.858918900240753 -1.8772456147482388 -1.9513972045459145 -2.0785330154005432 -2.267129315150604 -2.539482215498966 -2.8669260903082807 -3.211223964261668
-2.7084377703655806 -2.649096741783618 -2.656336792978239 -2.7239337445447545 -2.8924976066812618 -3.167730916182007 -3.528494894222621 -3.950846011772478 -4.4091179124235556 -4.877754263822111 -5.333109293852498 -5.724203400819324 -6.008832639051564 -6.208390681012027 -6.566727808276115 -7.3776505280285924 -8.181372487702983 -8.866612438209312 -9.419395061879165 -9.829743261071187 -10.079639612195319 -10.067940302827992 -9.54154654659293 -8.634924488594667 -7.634463810422584 -6.64755583579261 -5.724117372738594 -4.895684208616659 -4.176370419333756 -3.5431278148102843 -2.9959772009951045 -2.524541152790969 -2.1289444442216494 -1.8251627187977326 -1.6479655072700834 -1.5826822344138396 -1.627044936278081 -1.742278562871365 -1.9072596163541387 -2.1522178730598194 -2.4691961539988547 -2.829719826884247 -3.1979827178799796
-2.678277408383072 -2.581963527127822 -2.57178071498937 -2.625719024456384 -2.7700147778383815 -3.0196958580067053 -3.3606976514285827 -3.772384644823917 -4.2335747636061125 -4.724015620523295 -5.219299993278483 -5.65746029157012 -6.03713565910596 -6.4195337104201435 -6.930461072874309 -7.625506107210486 -8.372244983413957 -9.047069397816639 -9.594575947436581 -10.005925824060405 -10.28777878255567 -10.459024706850409 -9.73684853347157 -8.59339735058522 -7.466466383402141 -6.396604333779307 -5.418733079876283 -4.561119451323332 -3.820709622356145 -3.1809615203709543 -2.632601486997699 -2.1618762786110057 -1.7701524788800642 -1.476022398544464 -1.3139441362928692 -1.2790631084481179 -1.3538639929979057 -1.5151094163164005 -1.7088854114874832 -2.018320424042894 -2.392086272843231 -2.772933387730072 -3.1529466081548168
-2.612310675617852 -2.4885210115725993 -2.461203425475992 -2.508594844465043 -2.6427219198236656 -2.875746609277134 -3.2018996664348043 -3.610115127917969 -4.08309358976407 -4.604530273429456 -5.132669851507787 -5.622462646604809 -6.097223148469002 -6.603447682481523 -7.191914898550474 -7.872460981666831 -8.579453293083159 -9.22181786405859 -9.722458759753897 -10.043361996499783 -10.172984126255372 -10.026320006934997 -9.319743366055562 -8.22784550670059 -7.077162781437837 -5.977406208133141 -4.981026972540614 -4.116077564644366 -3.3697548096435437 -2.73233342277922 -2.19287488867311 -1.7403058437185537 -1.367686514004847 -1.0977363744115727 -0.9616554798827095 -0.9555166833226312 -1.0732641824906035 -1.2936009342155823 -1.5675343218787363 -1.9136673431583409 -2.3172503651930274 -2.7118454629536304 -3.0904088148271254
-2.5066778070998486 -2.3617138678330845 -2.319634582941648 -2.3620305959140113 -2.491869120411695 -2.7215457881409417 -3.0456447599921894 -3.454067814315201 -3.937308066451358 -4.481154867584461 -5.0292219758912395 -5.565816631468648 -6.114767263977589 -6.702708634480886 -7.349168516932339 -8.045903171006643 -8.744210035711848 -9.362777738480244 -9.803180317375434 -9.985083385248426 -9.878512197721857 -9.451460734671098 -8.668159392669846 -7.6233022201020475 -6.4894055781596265 -5.390318013430674 -4.400967937633181 -3.543456187272627 -2.807417889310066 -2.189537428644737 -1.681233574785388 -1.2664111354706735 -0.930066401941533 -0.6998925721333196 -0.6026003271174112 -0.6329880988023215 -0.7889417781837373 -1.0682120783452898 -1.411054893285054 -1.8017008709233249 -2.2335691839621052 -2.6500165257520982 -3.021556487934978
-2.3586608299681995 -2.1968720871294574 -2.143572551554349 -2.182630055811322 -2.308587478693831 -2.5381053062429 -2.8663181402897298 -3.280425201952329 -3.770553340800486 -4.324151551270523 -4.887839175355984 -5.464590132489006 -6.066717904529061 -6.707839111122362 -7.394889333708541 -8.116506971012209 -8.832393709835321 -9.461793502880889 -9.868192171079755 -9.908975679613963 -9.559538496653012 -8.897531547085418 -7.9860094170607026 -6.9057692798280765 -5.76455344947407 -4.665397907331036 -3.6770026381553507 -2.823387263803223 -2.1204996925160797 -1.5577125235360267 -1.1090820791689309 -0.7527367517632597 -0.471185482923258 -0.29567178753968104 -0.24759722947672191 -0.32246769679879694 -0.5191730971220196 -0.8388853409312196 -1.234214948519703 -1.6705198025404369 -2.13415084434904 -2.5706311196689358 -2.953139460530552
-2.1634265057123305 -1.989829302848836 -1.9294562769636867 -1.9677415872356387 -2.088219648671478 -2.317390878408999 -2.6400857607612807 -3.0558620760750506 -3.558923358153015 -4.128635857560875 -4.712236644851363 -5.31341391480562 -5.94357432922186 -6.610888573564738 -7.3180253674702485 -8.056846497721299 -8.801372073399603 -9.490045826684932 -9.951522142275731 -9.852947473211165 -9.225981987035176 -8.33277097808113 -7.28177568012803 -6.1302396422172505 -4.947382505695569 -3.8164021708340092 -2.801061336623193 -1.9626924772442609 -1.3208606502841875 -0.8464351360999669 -0.4925630600340791 -0.2194026006915406 -0.01137312129714152 0.09761813503259997 0.0896550021768765 -0.03399363489054563 -0.27333828930937676 -0.6302552519830904 -1.0617355941107611 -1.5288491920861929 -2.0189362393092085 -2.472384402473526 -2.8680497929456807
-1.9315976805294384 -1.7518147598107214 -1.6870925614869836 -1.7249530103345114 -1.839082774003004 -2.0569824264442023 -2.372673709829577 -2.7861941073651004 -3.300902288620168 -3.8826199541534807 -4.480085376343251 -5.096701504158752 -5.7378519376873625 -6.4082513175594595 -7.109340039014189 -7.836719480713164 -8.578534467424586 -9.31382717832766 -9.992664821202897 -9.710045104471062 -8.756042979784628 -7.687989423417053 -6.528029279247488 -5.3037354411725115 -4.061424621260263 -2.8571788078590226 -1.7913758323849944 -0.9762355001903638 -0.4349522843850888 -0.09056744715866305 0.14057384739104872 0.30914311504582326 0.42548965499675173 0.45883220353795995 0.3926836506387912 0.2196324307393378 -0.06183075234045976 -0.45417387508772133 -0.9170246340355717 -1.408224327130846 -1.9068547971638234 -2.362439269972952 -2.7626429765391913
-1.67725755947183 -1.4933067585027484 -1.425502460135537 -1.46135266511109 -1.5626024709909923 -1.7626585034065478 -2.070738295138488 -2.4836331471564064 -3.0038191128491287 -3.5861493262503688 -4.184156241987198 -4.798768935158853 -5.431442192642413 -6.0826010781601845 -6.749604244984582 -7.424337695824278 -8.089612776524106 -8.706492259355445 -9.13068703268927 -8.849082369785389 -7.971492604897621 -6.89912801186043 -5.714159567768741 -4.4593816535538435 -3.1525661381650925 -1.8462664971101679 -0.6755905472767489 0.11455964029863219 0.48230996446771757 0.6472369310675798 0.7384185895476838 0.7992646993813377 0.8129804688655176 0.7662582870052832 0.6436122073916204 0.4242374967929283 0.10343677331013357 -0.32197414466499463 -0.8107189404642559 -1.3221535454994915 -1.8203145101727318 -2.2702422586810367 -2.6628066269126345
-1.4140985621136601 -1.2227977302546167 -1.149602824695211 -1.1740397905880338 -1.2652943005021005 -1.4487770001533895 -1.7491434226313458 -2.157433572917933 -2.6737869568004693 -3.248078837600643 -3.835261519914087 -4.43299897155064 -5.038942854979918 -5.649077498840995 -6.255316337702665 -6.8417238563348795 -7.37695857209185 -7.7943144633595045 -7.952410112569776 -7.674150071014142 -6.975074608671895 -6.0130460713158085 -4.886625938167788 -3.644240846927339 -2.313466574561723 -0.923106758004633 0.4562325018807254 1.2452481706347882 1.2914793749821172 1.265125772476071 1.2364473317064215 1.2017333982482983 1.1265429366313153 1.0038317521537818 0.825413403839077 0.5661157723268255 0.21079359436540734 -0.24392601708122186 -0.7522428485520907 -1.2745208910071466 -1.7641209346234392 -2.2034553563345236 -2.5841342980352042
-1.1555042406830824 -0.9534115966363652 -0.8711405689538454 -0.8781794235158329 -0.9617697078126772 -1.1306959474284874 -1.4183483355275426 -1.817746851366893 -2.3226197008184286 -2.8828834498233697 -3.4504873081808762 -4.020140413133317 -4.586274678790359 -5.141149450497875 -5.672202976497072 -6.158058356401153 -6.562114217027494 -6.821651881935649 -6.84716241489139 -6.56349382842921 -5.97048559393966 -5.127854332070825 -4.090242719293088 -2.9172496397055285 -1.6498888771352447 -0.3192126247872964 1.0048355990260065 1.7396864434624302 1.7311060803539204 1.6553242705088946 1.5796970679542 1.480792955577333 1.3428242230285994 1.1606810908580965 0.9291987961228205 0.6337191012601817 0.25008416172006687 -0.2283874883098238 -0.7493500536194873 -1.267077482494038 -1.7417290632261235 -2.1651193319397986 -2.529322403465324
-0.9114372595373088 -0.7096941577539013 -0.6066698012488843 -0.5869273627650249 -0.6565511839501808 -0.8193424948936361 -1.0917153620140625 -1.4794104711819025 -1.9674622484392574 -2.509749162407732 -3.051611663914441 -3.5856420508193834 -4.104187081360527 -4.597348498746012 -5.05063091373619 -5.44199589497634 -5.738523326960859 -5.891809445994642 -5.848435403998594 -5.569221948284632 -5.042100118050797 -4.294065924947072 -3.366446977128782 -2.311642341169157 -1.1869498246767827 -0.056072469898794886 0.9459594986306366 1.573792801047671 1.786415381050257 1.8060650315706628 1.7462756855060553 1.6244396511463144 1.4512466465555898 1.2282270301712837 0.9535084180142332 0.6215127889570864 0.21345103829094558 -0.28132128380016175 -0.8047031958044526 -1.3018093507668187 -1.7550568628299394 -2.1570080692108062 -2.4999788427592726
-0.6747207484208797 -0.476316081109629 -0.35416115667637804 -0.30587560878744124 -0.35666948994414627 -0.5205565783876329 -0.7875692138225845 -1.1629134949786715 -1.6306009590205832 -2.1515514974484793 -2.6633502884283313 -3.1570922681001696 -3.624449778816158 -4.0551379680116355 -4.435241607102286 -4.745594310384607 -4.9602524040517935 -5.042388706570664 -4.955056076634449 -4.675064479467988 -4.1984976864632415 -3.541262105730274 -2.732538060166782 -1.8183109535241126 -0.8642525572987254 0.05982436934001578 0.8514376433027788 1.4028051686802874 1.693650119200666 1.7956163830474043 1.7645010423498206 1.6437440925779097 1.4544941325452738 1.2052562947186454 0.8984547502023528 0.533538227928334 0.09772833697086458 -0.4061655756439695 -0.9102207008929968 -1.3788255061038361 -1.8044516470533947 -2.1795749671163387 -2.4965808569236736
-0.4587929106552253 -0.2614629081219806 -0.10202046287881439 -0.012183165272368957 -0.04598864367339317 -0.23088148759261307 -0.526280012689845 -0.8949877142117235 -1.3390307442239777 -1.83356620908248 -2.311522289264106 -2.7619440285338612 -3.176881371678465 -3.5463356696381823 -3.8574988446380636 -4.094236230903222 -4.235595277478448 -4.257331042248394 -4.1396681451848565 -3.8695018339922234 -3.4447597024106917 -2.875967646894964 -2.185085775202173 -1.4104938650494985 -0.6178801345035572 0.135618930804684 0.7821548456120446 1.2648841441530454 1.5656329975602752 1.6901429965782544 1.6770257276530591 1.560953997886518 1.363555029555636 1.0964883893363488 0.7651908701257639 0.371479419539714 -0.08959862536361296 -0.5929976583577665 -1.0628795885645559 -1.4964924677645102 -1.8887751079626423 -2.2320020484307066 -2.518508333999679
-0.2963758763480997 -0.08883238553962425 0.11861326918340964 0.2813156644866077 0.29368666787955 0.05545700185585112 -0.2928517197937368 -0.6753628914237537 -1.091911767210477 -1.5540046246060575 -1.9951507589044626 -2.3985320719899574 -2.757262992178593 -3.062973850140132 -3.305772236907336 -3.4743806290741706 -3.553976754541946 -3.5319669714469457 -3.3985275482245387 -3.1470416624426374 -2.776322887753123 -2.293000146405627 -1.712990466964568 -1.0666427693066827 -0.4128989998805621 0.20293218429384696 0.7376144370545799 1.1531169316848002 1.41548470826472 1.5292449484173742 1.5157690547021039 1.3974242096507137 1.1914948084857642 0.9092890700683594 0.5573172815911498 0.1387539380359608 -0.3408117219682927 -0.8143451961058448 -1.2535581002273548 -1.651657280386213 -2.00557469196635 -2.3123209708122254 -2.5641324142660293
-0.21526270353511556 0.0025730020368395223 0.24883928406130051 0.4783228151504715 0.6212988915538276 0.25080658598452743 -0.12697844527283442 -0.5092211276179799 -0.8943612620439363 -1.3072912949739535 -1.7060531298791932 -2.06014051698258 -2.363434298400282 -2.6089605547679255 -2.7894361280860425 -2.8968919391943766 -2.923703153346837 -2.867395497742331 -2.726996369510283 -2.5006484356043313 -2.1860513917976276 -1.7847708498171073 -1.3063183909450267 -0.7736112120008465 -0.2371240913374768 0.26735312899940533 0.7054567989697711 1.0363126347835179 1.243913042392264 1.3281235556495625 1.2985611233017833 1.1682894575507774 0.94936396920441 0.6509571497189324 0.27916980634862476 -0.1610440241366815 -0.6249033841833982 -1.0603451168059914 -1.4644311118735844 -1.8297921191377433 -2.1496008510367783 -2.417579614713234 -2.630940986566065
-0.22052580216998185 -0.011387813620376441 0.22334020869884208 0.4239550944110855 0.4602972440244759 0.25024811855578477 -0.06327756780499527 -0.4031649080929198 -0.7506022762816205 -1.1083779288114615 -1.4587096010337977 -1.7619885392318602 -2.011285878833961 -2.2002785453054483 -2.3229834549976514 -2.3729755507886443 -2.3504243121346136 -2.262558459026306 -2.1194980491890814 -1.9239817455858779 -1.6684906992718 -1.3461676409728356 -0.9595497973227056 -0.5259122215484466 -0.08882231187486767 0.3148714000841153 0.6506026636525046 0.8981550582150621 1.0459652621008368 1.0899607644828508 1.0331404157916566 0.882225910876631 0.6447372244785168 0.32723531657711113 -0.0637990624068494 -0.5010979873377637 -0.9274387754243318 -1.3215871834387243 -1.6869616288410976 -2.0158630060112745 -2.301110102279875 -2.535946103640484 -2.713921702220427
-0.3004873485335202 -0.11690028756431703 0.07480810672133575 0.23596073329016187 0.2713809732104502 0.15091474529628401 -0.07713618380789145 -0.3516903137164391 -0.6454589075562192 -0.9542714966834485 -1.2615996823331552 -1.514796530831145 -1.7129373238965342 -1.8500143362687294 -1.9185323922174038 -1.9142681047805625 -1.841082766933801 -1.7163284314730507 -1.5703986554387601 -1.414146584958686 -1.2234488154355758 -0.9771217132307526 -0.6720359441107648 -0.32698775349255804 0.008717985280112472 0.31001391374678366 0.555358645051875 0.7271695894189154 0.8142685208837959 0.8125320888024419 0.721270763490776 0.5430352855088998 0.2818554149388266 -0.05440994537205279 -0.44219801929539093 -0.853136333126232 -1.237060079417366 -1.5883808079131232 -1.9126050027632964 -2.2022888223176773 -2.450026954376538 -2.648852055383675 -2.7921300045463995
