_RESULTS/CROSS_VALIDATION_POSTPROCESSED_80-20/Berg/IZ/9comp/4/Berg_IZ_z_0_kriged_reverse_9comp_spherical_4.asc
ncols 100
nrows 90
xllcorner 5.6208707817415728
yllcorner 50.959635321741573
cellsize 0.00013419651685393446
nodata_value 1.7014100000000001E+038
[rows 36 to 53 of 90, columns 0 to 40 of 100]
0.03910954458280442 0.054769383645094843 0.07815289233678711 0.11264500330871313 0.16229104353387386 0.23059379895228835 0.31729901943197264 0.4126388177937406 0.49285246342723554 0.5284652558169401 0.5073401443479781 0.4455423707585709 0.37230532393270543 0.3027504310127431 0.24192852363995507 0.18995351957039136 0.14736770702681898 0.1135203725568332 0.08723129736676632 0.06717324558900178 0.05207421533256582 0.04081859575325677 0.03250767392674532 0.027019050837667438 0.023752632086883316 0.022142066656683845 0.022182997439334166 0.02395280189433656 0.027094094911831054 0.03157487723629325 0.0379127356704142 0.04698340961210208 0.058677380214328036 0.07310110941265824 0.0902958262697605 0.1094720858103318 0.1258004318906397 0.13484448654034303 0.1335172603768253 0.12031113457043384 0.09421307439394679
0.03877835268183104 0.052114523748094006 0.07094525949535553 0.09694418561808726 0.13157038446546004 0.1750915418859494 0.22491697317032966 0.2738251251598713 0.3102057329105015 0.3228389430921331 0.3081728298076912 0.27566604686715074 0.23659121034522312 0.19781608615662521 0.16324711854412655 0.13349079373221528 0.10791068528208508 0.08669864309758882 0.06956639470073217 0.05599804194992788 0.04540903609335279 0.03723597527856011 0.030982314447200378 0.026554736370128496 0.023987260256569366 0.023000356723913432 0.023655094072359623 0.026012599280986645 0.029604727619440597 0.034555939947955645 0.04136447058225808 0.05016183781321338 0.060900870918536125 0.0736451840655717 0.0882230893149347 0.10390556045923331 0.11664499049558216 0.12251935761413253 0.11951968841680129 0.10634753398346208 0.08228637818266064
0.03875348945666415 0.04994052977789431 0.0647161206391989 0.08373576109290377 0.10711270152465112 0.1339418146637337 0.1616751562833286 0.18588178985703727 0.20112939382027428 0.2032378745990419 0.19218932434507702 0.17380600544525326 0.1521039508522674 0.13025581790738103 0.1103479731788352 0.09337948219054032 0.07875191667202411 0.06609521365076561 0.055475742952906866 0.046769201692472596 0.039758033660521865 0.03419374927384029 0.029833659153747933 0.026521607688951784 0.024653832587721993 0.024398736412143678 0.02577649504804519 0.028770626168094757 0.03286583793277766 0.03832048085952031 0.04533949827467738 0.05364671782823588 0.06333299330455747 0.07433530202836061 0.08648997754872462 0.09916546132483368 0.10946607976918758 0.11354514184285058 0.10950750673774005 0.0950128490134051 0.07140400162534914
0.03891039066604776 0.048590569072443315 0.05993735418254076 0.07344241777836917 0.08868807201614087 0.10457130075292155 0.11922369000663688 0.13019455000373417 0.13509928661135445 0.13258267387513742 0.12415100544394411 0.11278148157137348 0.10003385838893908 0.08735443603757526 0.07577300278394149 0.06585531634111219 0.057719656504972565 0.05061457701997727 0.04446594082712406 0.03930255329191093 0.03507861029660931 0.03170108541808371 0.029038851932306185 0.02699884448530837 0.025956418213423017 0.026561318224757234 0.02885972165615672 0.03252395340581349 0.037192587811680465 0.04299772856995868 0.04962665564538701 0.05714773549855319 0.06564934374668618 0.07510472393938417 0.08508605310142446 0.09519426214674269 0.10375341243920155 0.10519740520278226 0.09809723508006803 0.08264114724497909 0.06069293002984151
0.03939250193829827 0.04781898898659432 0.05683232975905793 0.06604518561066992 0.07542213068400185 0.0840969668446838 0.09090641580080451 0.09464614861689764 0.0944227597046009 0.09006477591547192 0.08344180453280609 0.07579109500425532 0.06780394979824694 0.06012653934531822 0.05323701964345559 0.047419771733205385 0.042804829088359406 0.03916324306675008 0.03599689299700953 0.0333611149852247 0.03126894991254489 0.029685935436602487 0.028602036824359904 0.02798728397127926 0.028118399362686716 0.02982601002110758 0.033273294880840514 0.03771344180806612 0.042867612190756195 0.04833756834424282 0.05416723229646005 0.06050776942634156 0.06749914172196686 0.0751903963243223 0.08344971210034384 0.09144121764569325 0.09595956692425943 0.09382159805851943 0.08500018606258482 0.07008060207532306 0.05065996815418505
0.040394903664764004 0.047674388146963446 0.0548429690866484 0.06126982709299909 0.06637600839681822 0.0701363433741058 0.07206904309867392 0.07171657040716266 0.06890091958026773 0.06399394559224253 0.058526313304140765 0.052969785993680005 0.04761095877346496 0.042715592922304264 0.03848434295247053 0.035044692491265655 0.03246938785145135 0.030782384189482273 0.029560547866483412 0.028683342241096494 0.028180202317373608 0.028115274680488817 0.028540224592749595 0.029498961554939668 0.03141040419434191 0.034703613406156186 0.03953803081410012 0.04477601534208701 0.04972901886953911 0.05431633033603255 0.05877821198492344 0.06344905583873661 0.06859558410714625 0.07435340772505561 0.0803535843220525 0.08395099165356565 0.08426095186249574 0.08016967854764964 0.0711410665022566 0.05795685182828378 0.04159667702769178
0.042128493247211324 0.04835632784673374 0.05384686054554867 0.05804146774565966 0.06049840789034079 0.06095331310991281 0.05963769332950594 0.05681719892509044 0.05263009477212362 0.04764614154056308 0.04293568606448212 0.038617087990967205 0.034765279786312914 0.031456208548286686 0.02875107951915533 0.02669534017497312 0.02532948056573403 0.024708048224367094 0.024711911001991042 0.025018582853950467 0.025723919691923638 0.02695070789485923 0.028836697201992417 0.03157958106808154 0.03584804016970357 0.04178549578439342 0.04809697893304304 0.05376771784815237 0.057913919325593005 0.06074570123102951 0.0630549845033918 0.06552131720883146 0.06854155385939951 0.07206759404840643 0.07371303708736131 0.07289734227846753 0.06986097598401267 0.06472658763107762 0.05669023080954272 0.046173244091558416 0.0333448886175756
0.044846735828027263 0.0500777181005713 0.05395383948771711 0.056074793922311954 0.05629671512523259 0.05470060225595144 0.051533521325034935 0.04716176756318687 0.04216372852194618 0.03722101322611638 0.03300223716685708 0.029437654223386078 0.02647758062593288 0.024095989751389123 0.02228196518339118 0.021039152441007337 0.020392552540345762 0.02039945137980299 0.021085279733040467 0.02220303178753016 0.023823288842840518 0.026144249353870726 0.029434930590695407 0.03415593694590245 0.0412382590094346 0.050208531843587825 0.05909689892973939 0.06529296014272407 0.06736010572438442 0.06698764054784953 0.06624389709072094 0.06610690514321473 0.066871667126914 0.06651444522547607 0.06410647365404726 0.06008341730545779 0.05493222410004937 0.04911957495667187 0.04257176193384872 0.034953343337570185 0.025799344749912106
0.04888472743470387 0.053099939795405705 0.055273336853403125 0.055289964231773486 0.053395293684150726 0.050010585730472575 0.04559578325322843 0.04058391172727682 0.03535586425353749 0.030534884650338073 0.02661839490357809 0.023512816867420364 0.021089190235124847 0.019260364993178368 0.017975502728583285 0.01721666912576243 0.017002613470109156 0.01737471906616987 0.018438951540973598 0.020113938246895204 0.022425291427957683 0.025638427224820903 0.030078400568622262 0.036408684886971826 0.04570711423425254 0.058022629916351764 0.0722395093799786 0.08010080775828068 0.07689187216014477 0.07146046251338453 0.06720552809720377 0.06455681976099362 0.062209645976350626 0.05817823020410602 0.05295564841916484 0.047083989703552175 0.04104795761504887 0.0352340929259145 0.029884602384776825 0.02469167064387817 0.018977735151825763
0.054716550497743016 0.05776806035064393 0.057913741440622835 0.055568845032891744 0.05150716825232513 0.04646671724101234 0.04101252273330242 0.035542841531601706 0.030329354785641728 0.025829443103900257 0.022319813850489725 0.01961141461279576 0.0175677128440685 0.0160954335802798 0.015138093395726424 0.014674760673190986 0.014717188416694458 0.01529825189526564 0.016553541573283218 0.018544463891236485 0.021228335850124187 0.024896219152218225 0.029996389037034873 0.03715582011694909 0.04720462997073955 0.061399515078007 0.08155857294953092 0.09481485694083693 0.08141656343839294 0.07151922561107013 0.06483301749448912 0.0602028859643247 0.054737902171056466 0.04838961645494462 0.041728903315478474 0.035228863665257175 0.02923520176873478 0.02396282732200008 0.019510890554080774 0.015844102976591685 0.012439076111715451
0.06304326849558049 0.06453113917889375 0.0619186938632857 0.05668582217022737 0.05029813560957547 0.04369361855087498 0.03737626194793866 0.03159406882119966 0.02645673267879557 0.022226676635500566 0.019047266152095312 0.016678334300913897 0.014953867386376734 0.013765141243572473 0.013048964247628289 0.01278302505099963 0.012963336988692105 0.013640434662415607 0.014955452038330362 0.017054195524045933 0.019895289338128626 0.02376597191661769 0.028984713220612763 0.035641686726330925 0.044706620032115486 0.056855965624192276 0.07137195892341362 0.07912566131478524 0.0736258215769007 0.06574095811016512 0.059078662523825376 0.05290101353657729 0.04581682914964298 0.03854333299216722 0.0316143108257508 0.025376455830639986 0.020010954317952093 0.015566666474498192 0.011995367889673208 0.009178421660567052 0.006832996689820743
0.07493412365582107 0.07386063450029294 0.06702981580953858 0.058159752948342726 0.049337357993399444 0.041338463763069 0.034370087099027224 0.028426606665682266 0.023428853404621607 0.01944273879068691 0.016532730512196253 0.014426798640969457 0.0129403399408239 0.011956333981446262 0.011408801971347048 0.011271093643167472 0.011532193772242743 0.012256682850759556 0.013581420471617492 0.015688237640297916 0.018553441423464836 0.02228338971049124 0.02682069771622702 0.03230902967512055 0.03930754168740287 0.04770645038441502 0.055978807957181666 0.060516763330240246 0.05948855063342474 0.05549074781327197 0.05079130159439555 0.04429560036856121 0.036895752795547576 0.029734611235793375 0.023302471708958484 0.017826329173170577 0.01335631516118142 0.009829329251664859 0.007117611407710899 0.005063233709601702 0.0035012505077880265
0.09206155661885343 0.0855361377151755 0.07202322367071755 0.05906833508696736 0.048098031151720136 0.03908942876556615 0.031762866989122056 0.025828988763594372 0.021038406406932785 0.017289632122467452 0.01460674129419617 0.012710090140261669 0.011405479312524155 0.010572843492125582 0.01014613541099711 0.010091090608053703 0.010402643898528645 0.011148530964875369 0.0124597623379714 0.014523199549836078 0.017148771838840376 0.020281351356175217 0.02393792658181749 0.028084730736094677 0.03296903085591065 0.03830694828060183 0.043090972000684055 0.045895703986413884 0.04605070435816002 0.0442747762107876 0.0409168283792722 0.035317829742368245 0.028845690776044573 0.02253271765137646 0.016968726780236202 0.012417800502051516 0.008862261133655156 0.006179037851240138 0.004211070083821156 0.0028002445472565416 0.0018085121628688661
0.11710085750032556 0.09422196025378834 0.07381884250845104 0.05817905522960379 0.04611640866109769 0.036745202245099376 0.029421896994919226 0.023675171951304287 0.019155152428660303 0.01564808585185833 0.013158493221396077 0.011430051823328421 0.010266286190913604 0.009547917024558322 0.009210614019676294 0.009212628412213781 0.009560237116989626 0.010319846789946104 0.01156524680685726 0.013350603099031112 0.01552244100123365 0.018026824138249353 0.02082115466030899 0.023781414141926388 0.02698340314310855 0.03025773653859612 0.03304797629621435 0.03474500339420814 0.035071262646710795 0.034263825463497675 0.031558218525802435 0.02697645992000421 0.021718227565001445 0.016648745559047242 0.012243999252666444 0.008682014325463599 0.0059561322808327054 0.0039626799216082595 0.002560283565533706 0.0016070085410597283 0.0009801926452808673
0.09793472845198355 0.08693388283415691 0.06973425951034981 0.05493181790439725 0.04330584894378205 0.03429824964648738 0.027323724613710486 0.0219134553227699 0.017708782649249515 0.014450291362655207 0.01212098258004707 0.010525472417411455 0.0094702453185955 0.008839292548150699 0.008569704306917112 0.008616879735380757 0.0089571652606583 0.009609674227544282 0.010634725034741695 0.012100097268547327 0.013835093913854934 0.015764709243522048 0.017820974754881973 0.019869830959522935 0.021869478368933267 0.023815649540497537 0.025410726211221597 0.026374026790566607 0.026582854667394767 0.026045963950206603 0.023749242524154387 0.020078019653187083 0.015957964287352664 0.012051527711102964 0.008704120384736102 0.0060331606193267774 0.004022373916554792 0.0025842429667551365 0.0016024668829377657 0.000960681104767038 0.0005584226326844677
0.07579543192587211 0.07104320233406226 0.06065041323669089 0.04958835968035807 0.03986109725019459 0.031882135311099374 0.02553206130746906 0.020551838087992512 0.016675957296614797 0.013669530103033404 0.011462853674712618 0.009963818806516606 0.00897787024345418 0.008385300841361977 0.008112647153462669 0.008101117345078901 0.008342617829205016 0.008856289825946075 0.009684867705021874 0.010862648128318565 0.012210769506827115 0.013656934450594307 0.015130598201226097 0.016518446608358533 0.017722063983061958 0.0188228116020762 0.019683676543591842 0.02016530491405807 0.02020893552384032 0.01967606970583934 0.017706567632597883 0.014778313092193341 0.011607176201338042 0.008674171118548273 0.006192869897496171 0.004226438496620834 0.0027595815517527157 0.0017265983562395014 0.0010372742697380354 0.0005998772914295532 0.00033528753050811224
0.058796172166095194 0.05631813500141877 0.050151750905510786 0.04260686894760561 0.03527471063595425 0.028848697052444375 0.023501563285511104 0.019175289249912283 0.015730500669350667 0.013013597799746328 0.01092672731360639 0.009478528561760232 0.008512658009316514 0.007915751716493587 0.007614098214066435 0.0075490577751977225 0.007709850196524007 0.008107285196044763 0.008771214193763538 0.009702120330438387 0.010726791244224067 0.01178825461662041 0.012824483951746575 0.013748404263707189 0.014458518423199538 0.015023370866769107 0.015430923482666207 0.01560599357438661 0.015515943357566066 0.014948372310805782 0.013257952272936828 0.010899506159739905 0.008461347998606669 0.006297324471704625 0.004481357927347647 0.003034883340751043 0.0019561387881942443 0.0012025218297063603 0.0007069328469490086 0.00039866753279251915 0.00021656355311804252
0.04578522017149389 0.04435685072498373 0.040580749715783446 0.035555901832019954 0.03028025915520787 0.025363715319335137 0.021077215146333504 0.01748438071085053 0.014545176119670026 0.012177896018836025 0.010294494388655838 0.008924667526227247 0.007999072691436822 0.007413758518621846 0.007098140619964651 0.006996063426969928 0.007095054524494272 0.007400441440445747 0.007933262310329732 0.008656548173462763 0.009421321102951822 0.010187643954527422 0.010905492811073085 0.011511337986228906 0.011933925287676221 0.012166388189640312 0.012296101846352091 0.012285178772603359 0.012112442989952166 0.011551350018047472 0.010116960376757793 0.008177150540863458 0.006246099853564077 0.0046894333426929025 0.003355556938345 0.002269223074870432 0.0014540472573158147 0.0008858557170664439 0.0005148971358344835 0.0002865434867185664 0.0001532968131612243
