_RESULTS/CROSS_VALIDATION_POSTPROCESSED_80-20/Berg/IZ/9comp/4/Berg_IZ_z_63_kriged_reverse_9comp_spherical_4.asc
ncols 100
nrows 90
xllcorner 5.6208707817415728
yllcorner 50.959635321741573
cellsize 0.00013419651685393446
nodata_value 1.7014100000000001E+038
[rows 0 to 17 of 90, columns 0 to 40 of 100]
0.02278876496576228 0.02278876496576228 0.02278876496576228 0.02278876496576228 0.02278876496576228 0.02278876496576228 0.02278876496576228 0.02278876496576228 0.02278876496576228 0.02278876496576228 0.02278876496576228 0.02278876496576228 0.02278876496576228 0.02278876496576228 0.02278876496576228 0.02278876496576228 0.02278876496576228 0.02278876496576228 0.02278876496576228 0.02278876496576228 0.02278876496576228 0.02278876496576228 0.02278876496576228 0.02278876496576228 0.02278876496576228 0.02278876496576228 0.02278876496576228 0.02294230103010874 0.02347893009337683 0.024382781442032746 0.025645961083661437 0.02730538906930967 0.029407057725017526 0.03196299108980612 0.0350092567265845 0.03853743251395781 0.04249206135273935 0.046768224657697005 0.051199653206830634 0.05555550679394903 0.05955245298165659
0.02278876496576228 0.02278876496576228 0.02278876496576228 0.02278876496576228 0.02278876496576228 0.02278876496576228 0.02278876496576228 0.02278876496576228 0.02278876496576228 0.02278876496576228 0.02278876496576228 0.02278876496576228 0.02278876496576228 0.02278876496576228 0.02278876496576228 0.02278876496576228 0.02278876496576228 0.02278876496576228 0.02278876496576228 0.02278876496576228 0.02278876496576228 0.02278876496576228 0.02278876496576228 0.02278876496576228 0.02278876496576228 0.02278876496576228 0.022824118268640593 0.02320423102591844 0.023985668013310018 0.02516695758122271 0.02675740856260031 0.028809252710846125 0.03141193538214789 0.034641513687882354 0.03852495399085676 0.0430630969846263 0.04821057570284123 0.053850786895151236 0.05977196932310289 0.0656539344540036 0.07107898970400085
0.02278876496576228 0.02278876496576228 0.02278876496576228 0.02278876496576228 0.02278876496576228 0.02278876496576228 0.02278876496576228 0.02278876496576228 0.02278876496576228 0.02278876496576228 0.02278876496576228 0.02278876496576228 0.02278876496576228 0.02278876496576228 0.02278876496576228 0.02278876496576228 0.02278876496576228 0.02278876496576228 0.02278876496576228 0.02278876496576228 0.02278876496576228 0.02278876496576228 0.02278876496576228 0.02278876496576228 0.02278876496576228 0.02278820324689194 0.022946579093712016 0.02353412883399602 0.02455162506650154 0.026011843926027702 0.027940579701604358 0.030446268688767698 0.03367024625539325 0.03768419119976839 0.04255384267064786 0.04831846938318404 0.05496019704059462 0.062363475751429365 0.07026963137771082 0.07824081585139261 0.08565927841649373
0.02278876496576228 0.02278876496576228 0.02278876496576228 0.02278876496576228 0.02278876496576228 0.02278876496576228 0.02278876496576228 0.02278876496576228 0.02278876496576228 0.02278876496576228 0.02278876496576228 0.02278876496576228 0.02278876496576228 0.02278876496576228 0.02278876496576228 0.02278876496576228 0.02278876496576228 0.02278876496576228 0.02278876496576228 0.02278876496576228 0.02278876496576228 0.02278876496576228 0.02278876496576228 0.02278876496576228 0.022786880371150217 0.022787638145285387 0.02311439198111264 0.023894644761965858 0.025137395345989598 0.026870997840575173 0.029190763593821202 0.032223302462534076 0.036122974116384994 0.04101323585737081 0.047018335679256486 0.05424084614633047 0.06272050284740817 0.0723724956372189 0.08290677461312933 0.09374538526294932 0.10398230216752981
0.02278876496576228 0.02278876496576228 0.02278876496576228 0.02278876496576228 0.02278876496576228 0.02278876496576228 0.02278876496576228 0.02278876496576228 0.02278876496576228 0.02278876496576228 0.02278876496576228 0.02278876496576228 0.02278876496576228 0.02278876496576228 0.02278876496576228 0.02278876496576228 0.02278876496576228 0.02278876496576228 0.02278876496576228 0.02278876496576228 0.02278876496576228 0.02278876496576228 0.02278876496576228 0.022786338763625454 0.022769802974533786 0.02281896947716709 0.023297744945570936 0.024251206101358953 0.02570107532293015 0.027738304588572564 0.03048543597541857 0.034059694790283326 0.03866842186256514 0.04450424661635034 0.05177203143331019 0.060670914141570435 0.07134463604578453 0.08379593533213266 0.09775550675530809 0.11251436969208498 0.1267801391265452
0.02278876496576228 0.02278876496576228 0.02278876496576228 0.02278876496576228 0.02278876496576228 0.02278876496576228 0.02278876496576228 0.02278876496576228 0.02278876496576228 0.02278876496576228 0.02278876496576228 0.02278876496576228 0.02278876496576228 0.02278876496576228 0.02278876496576228 0.02278876496576228 0.02278876496576228 0.02278876496576228 0.02278876496576228 0.02278876496576228 0.02278876496576228 0.02278876496576228 0.02278707108732881 0.022770120721411508 0.02273663445392002 0.02286256268214312 0.02346870550901135 0.024569949543025004 0.026230526045396156 0.028586296191093857 0.03174509510937123 0.03585450448977015 0.04117228820722045 0.04797909717828064 0.05658278945910646 0.06731728339794688 0.08049205364173996 0.09625693507579314 0.11441634448569912 0.1342336616798707 0.15401765613302598
0.02278876496576228 0.02278876496576228 0.02278876496576228 0.02278876496576228 0.02278876496576228 0.02278876496576228 0.02278876496576228 0.02278876496576228 0.02278876496576228 0.02278876496576228 0.02278876496576228 0.02278876496576228 0.02278876496576228 0.02278876496576228 0.02278876496576228 0.02278876496576228 0.02278876496576228 0.02278876496576228 0.02278876496576228 0.02278876496576228 0.02278876496576228 0.022788395576819408 0.022774120871448714 0.022740531310497594 0.02268958994739823 0.02289736910811098 0.023602253823437103 0.024830539879029532 0.026711041900110553 0.029350054059681167 0.032882254586573116 0.03749180900308 0.04347186477577472 0.05120833546105164 0.0611275984840486 0.0736516166472655 0.08924429105804027 0.10835199038178439 0.13115300900664054 0.15714728494896033 0.1844420832726134
0.02278876496576228 0.02278876496576228 0.02278876496576228 0.02278876496576228 0.02278876496576228 0.02278876496576228 0.02278876496576228 0.02278876496576228 0.02278876496576228 0.02278876496576228 0.02278876496576228 0.02278876496576228 0.02278876496576228 0.02278876496576228 0.02278876496576228 0.02278876496576228 0.02278876496576228 0.02278876496576228 0.02278876496576228 0.02278876496576228 0.02278876496576228 0.022780416237058704 0.022750309972279635 0.022699715851460908 0.022638398573009238 0.02290642638673763 0.0236778212904289 0.025036088267888373 0.02709581993227539 0.029966117788068895 0.03380800181342681 0.03884353489260752 0.04538908237649455 0.05388008516183561 0.06475394216022579 0.07863958606097464 0.09628085301447464 0.11847961555271377 0.14593236709331828 0.17881441119437083 0.2157766212764267
0.02278876496576228 0.02278876496576228 0.02278876496576228 0.02278876496576228 0.02278876496576228 0.02278876496576228 0.02278876496576228 0.02278876496576228 0.02278876496576228 0.02278876496576228 0.02278876496576228 0.022789165904378045 0.02280552203642333 0.022831355690200002 0.02285141823510054 0.022856846833340216 0.02284548069341294 0.022821945114066915 0.022797474900162252 0.02278876496576228 0.02278645470817786 0.02276372782864766 0.02271787338433702 0.022649917318413683 0.022580361243816637 0.02287776598393178 0.023698444350146897 0.025159081768524515 0.02734470439084702 0.030378442199056513 0.034441400763998 0.03978288211967224 0.04664236381452202 0.05546459528932529 0.06686425775496527 0.08159365070179074 0.10059669751450744 0.1250105902979202 0.15610847011463075 0.19508417518343485 0.24234443159676178
0.02278876496576228 0.02278876496576228 0.02278876496576228 0.02278876496576228 0.02278876496576228 0.02278876496576228 0.02278876496576228 0.02278876496576228 0.022794543650364252 0.02287051150944394 0.02300528002264538 0.023164741168371496 0.023319202385771905 0.023444248104940123 0.02352182461290018 0.02354125273046093 0.02349990835327139 0.023403398758386467 0.023265190195783013 0.02310578075008641 0.02294018710811484 0.02278581632370062 0.022679105950964746 0.022593594789369464 0.022510050655361998 0.022805196775245774 0.023662989145080283 0.025177716498852427 0.027428161609555312 0.03054495498277692 0.034711800703064614 0.04007949260876613 0.046941662828736276 0.055754156863950334 0.06719224820010432 0.08206721216849987 0.10141866962641685 0.1265546454278571 0.15906905730745494 0.20082641520780062 0.25420742251408335
0.02278876496576228 0.02278876496576228 0.02278876496576228 0.02278876496576228 0.02278876496576228 0.02278876496576228 0.02280080650152692 0.022938914455713198 0.023195117313099773 0.023525924873846592 0.02388975340540656 0.02424724084326237 0.024562473945643624 0.02480484038162592 0.024951116568538573 0.024987342583829904 0.024910063694752467 0.02472665046400471 0.024454621935347046 0.024118276487686417 0.02372977647755699 0.023322263214111544 0.02293707578586765 0.022616587021601117 0.022427248571531864 0.022697043124273394 0.02356225369909114 0.025080525539821097 0.02733069874963288 0.030435719665971205 0.034471108468252264 0.03963727545008509 0.0462477017004447 0.05471992459795669 0.06567798211989641 0.07993838332691294 0.09849763363507297 0.12258641924790105 0.15405379181366785 0.1954329662043724 0.2484469085314018
0.02278876496576228 0.02278876496576228 0.02278876496576228 0.02278876496576228 0.02278876496576228 0.022891771696620128 0.023196162260507268 0.023654814862831892 0.024221027587230836 0.024847246463510938 0.02548475393661726 0.026084751934964834 0.02660070855153091 0.026991629476251375 0.027225684353085904 0.027283460403843576 0.02716012261502042 0.02686597171567259 0.026425264931576688 0.02586538153276614 0.025208689586902887 0.024503833636029905 0.02380114409656289 0.023149460734789264 0.022608971452878823 0.02260335569226385 0.02339563880873528 0.02486752739362299 0.027050852363921768 0.029966150872979252 0.033716913288653026 0.038513228442225794 0.04463669818295838 0.05246251225242576 0.06249354808268785 0.07546549737877727 0.09233447760439162 0.11497006398515773 0.14497341336002714 0.18350695736223138 0.23024210942957124
0.02278876496576228 0.02278876496576228 0.02278876496576228 0.022796659496644996 0.02300753453390788 0.023469344403434404 0.024136233751623163 0.024962045694830882 0.02589707563365417 0.02688630345913849 0.027869352084232933 0.028782393822402674 0.029562004822691754 0.03015057113754694 0.030502380575013158 0.030589173552627854 0.030403869205337747 0.029961532814946165 0.029297329818838893 0.028443883117090295 0.027446775336633176 0.026372786137042265 0.025286682891830614 0.024248107639348395 0.02331305319074624 0.022892494010802025 0.023284216737432882 0.024550209296509237 0.02654693068370886 0.02916417888228665 0.03253121459700682 0.036823166281618615 0.04227428083151629 0.04919610578059441 0.05799720894817203 0.0694727196559882 0.08517602900017134 0.10632035272256889 0.1340206972514588 0.16863631715585553 0.2085496636029328
0.02278876496576228 0.02278876496576228 0.02280655235728309 0.02308889248397808 0.023679828136083853 0.024538518376370107 0.02562423872225186 0.02689123445208556 0.028284731054687182 0.029738532217448023 0.031174857671872388 0.032507065528323935 0.0336455605227711 0.03450648479018985 0.03502186715440729 0.035149114234464825 0.03487748885442119 0.034229804776744366 0.03325755262665066 0.032008800858364425 0.03056290607496621 0.02901249222117038 0.027444084890678767 0.025933375032319197 0.024544233515853105 0.023636253065643813 0.023555799009737678 0.024296978705384983 0.0258432406574169 0.028109224093892625 0.031024684952955663 0.03472381058648104 0.03938503641955651 0.04525201384158395 0.05305153360939462 0.06394773867503907 0.0788700168160243 0.0988956138399629 0.1248064984297002 0.15649942261438965 0.19195713624150187
0.02278876496576228 0.022801272902269337 0.02310215588095691 0.0237736769938397 0.024782335388858878 0.026097551813468338 0.02768492359597798 0.029508165796195914 0.0314994531550691 0.03356611717317059 0.03560277297882397 0.037498076803712664 0.03913641333190372 0.04038235640577335 0.04113091183056118 0.04131604655660473 0.0409210056736935 0.03998133741477959 0.038574231286260745 0.03678114279701856 0.03472795498040693 0.03254639439074675 0.030354709936842646 0.0282509838434335 0.026315909135577634 0.024834041682864946 0.02420829853311664 0.02433002905791781 0.025182772675467455 0.026891311161736927 0.02932154498907862 0.0324070590024369 0.036419043638386814 0.04179697475850482 0.049428438527261656 0.06000392888837664 0.07443878344378599 0.09373155002742227 0.11857204904597962 0.14867852847164933 0.1821416638047815
0.02278936698015047 0.023042193462914033 0.02372792816117992 0.024868573098834668 0.02647803034520191 0.02851187581921737 0.030916464890141482 0.03361818690036584 0.0365155104563354 0.039475500316656024 0.04233693405920932 0.04492175976824657 0.04705508273227566 0.048591193228158705 0.049440125490766845 0.049587407077920115 0.049009783517500655 0.0476464593279551 0.04561587200474326 0.04305853736576711 0.0401688112471362 0.03713703489576833 0.034126590244037344 0.03126525059582199 0.0286534510691521 0.026505943480461116 0.02520529502280905 0.024638466086586545 0.02479142193563167 0.02572533210209788 0.02766633635400286 0.030464137909611975 0.03420287363175531 0.03960665829430644 0.047146096326242996 0.057467045627591376 0.07159176632880646 0.09069448862522349 0.11525156350563912 0.1448862170466806 0.17805674330027052
0.022936274153274525 0.023674721143368604 0.02503100465076332 0.026977773611936248 0.029497474599655456 0.032565755616464444 0.03613514684498595 0.04011926957679036 0.04437950145281179 0.04871763628397156 0.05287916329607073 0.056571519785907305 0.05949906818741622 0.061411187336249645 0.06215294811119509 0.061702807823143885 0.060182963169537126 0.05783713664123119 0.05487232480010227 0.051226407166657814 0.047170583987531135 0.042982279584629045 0.03888738426216964 0.035050728405260224 0.03159079012628698 0.028688678320112345 0.026543986434681963 0.025218094101476397 0.02466967840220901 0.025079617150356615 0.02654481831350496 0.029126693477633494 0.03301162082047707 0.03856686441325946 0.046160945314226653 0.056314317820364154 0.07016805416400661 0.08974117252090447 0.11484090230036023 0.1447296992373737 0.17819228404594767
0.0236923047022961 0.025200255647195014 0.02743474054391545 0.030415837343718673 0.03416735001962133 0.038696048587992006 0.043967907502968105 0.04988215515931321 0.05624657021636947 0.0627605140430164 0.0690149210841941 0.07451925506730908 0.07876183201869019 0.08129975588231209 0.08185897256017284 0.08041087435584857 0.07719161648771168 0.07265094952345656 0.06733642345541896 0.06176520973697476 0.05607215831754864 0.050304457322855156 0.04477124725897905 0.039679365279665944 0.035156915244130206 0.03136926655360162 0.02824629946731555 0.026108118453229384 0.02508887946957823 0.025105047843643345 0.026137078279242727 0.028579662273066374 0.032762652036840596 0.038651928647027024 0.04661159892252871 0.057062521877363055 0.07077504190734948 0.09163231552162758 0.11755815115044332 0.14797012608085947 0.18156194679181262
