_RESULTS/CROSS_VALIDATION_POSTPROCESSED/MHZ/GZ/7comp/5/MHZ_GZ_z_0_kriged_reverse_7comp_spherical_5.asc
ncols 100
nrows 74
xllcorner 5.5967023332191781
yllcorner 50.982320383219182
cellsize 0.00019249356164376555
nodata_value 1.7014100000000001E+038
[rows 18 to 35 of 74, columns 0 to 40 of 100]
0.004153878245270876 0.004321614158143979 0.004337301924042903 0.00417704501863167 0.004070336231224335 0.004038056439451796 0.004105733287460357 0.004310793963284578 0.004709391988268529 0.005389114180682753 0.006490337972241993 0.008239003296483912 0.0109901818142048 0.015290901350899078 0.021116859824030644 0.027724613798262188 0.03366167144166487 0.036726817440674166 0.03513383287333981 0.029675244108950918 0.023294164433829895 0.017637801701889614 0.013227643697680157 0.009967487619243874 0.007614525555810157 0.005948961330195299 0.004990025013722737 0.004573852314034206 0.004579221264266098 0.004976004990789351 0.005812369498170055 0.0072016395611090925 0.009260500134020494 0.011642398910818749 0.013437627860807735 0.013962978772782434 0.013089917637029993 0.01135994415872036 0.009087467882352715 0.006765402171262045 0.004769882855149316
0.004629591268103422 0.004858803787968341 0.005017350486380812 0.005132106979664988 0.005280338230979276 0.005506130163340862 0.005858266363165855 0.006407834915547054 0.00725808169685693 0.00856349898486524 0.010578894616906089 0.013765956136625629 0.018730930940804632 0.025588636621535318 0.03335776356762851 0.04063874413793017 0.04506433207059786 0.044420677584005905 0.03847456887991041 0.02936202370144166 0.020720464770699533 0.014101147787104118 0.009529242549539987 0.006538214841171376 0.004639353947722042 0.003551882261437879 0.0029769861236216173 0.0027367947755108555 0.002758963631308456 0.00303317963383473 0.003594175485720366 0.004523927254997501 0.0059439301126816965 0.007694184713029975 0.009254743983449141 0.010198455106409527 0.01025163007204147 0.009415416235971384 0.008086846036989436 0.0064746888843828275 0.00490746196487611
0.005177552406417258 0.005492514358960436 0.005728870004990237 0.00602618950012789 0.006499338344287552 0.007067644024848861 0.007798111193847426 0.008802660579791283 0.010246888275923545 0.012491647587847815 0.01600829752866164 0.02146201357146251 0.02943402048858858 0.038820461310649985 0.04836184362196786 0.055700689973776786 0.05755589734693974 0.05179573118225267 0.040236792414407786 0.027308956464242258 0.016989219989775445 0.010236774130729253 0.0061671443966974954 0.0038268690949814967 0.0025784593315296184 0.0019311221127394495 0.0016219937773165347 0.001512578383303028 0.001555019107099352 0.0017463304606737497 0.0021207585310259983 0.0027435276810130224 0.0037170964604287212 0.0049808518161191416 0.006262466390081575 0.00729152636732852 0.00780624447172604 0.007662690058082649 0.006929070971226231 0.005964000142452767 0.004860689785209525
0.005789964367541865 0.006225634432565311 0.006581882163854108 0.00699625134121167 0.007557700061866659 0.00843701345366741 0.009560371907765616 0.011062149588425055 0.013362833661450165 0.016911098158245763 0.02237434889473929 0.030734536310816647 0.0413621832862579 0.052925537653712586 0.06372065826771237 0.07076077003914014 0.06985075236178287 0.05811775589972427 0.039912870010477976 0.023588317088342754 0.012726261917050168 0.006701119535248218 0.00362114694385156 0.002108823876361491 0.0013597134650360694 0.0009894364842064276 0.000821253701855439 0.000778918860246019 0.0008270870684150667 0.0009649355113979077 0.0012183319021704573 0.0016393329522013287 0.0023027533636486995 0.003205723715942914 0.004219799307414565 0.005178700487574642 0.005875878026047783 0.0061326992596726455 0.005869808415867886 0.005277502878487731 0.004619566601407419
0.006442004435222642 0.0070470053589146275 0.007580079323855275 0.008150139920548527 0.00871680591022504 0.009500612124757044 0.01073265101662711 0.01282507677999379 0.01603555404171289 0.020927336338419224 0.028423940116477066 0.03916455451854022 0.051422254673835974 0.0638970180524274 0.07469230936919455 0.08116192760013494 0.07933675185700279 0.0627088942613668 0.036839928456207705 0.018435192215712465 0.008625349529987053 0.00406706262269955 0.002029189046465615 0.0011090286484050863 0.000683692994440814 0.00048504034923090364 0.00039982921097994053 0.00038271059199193 0.00042144371623154984 0.0005173740385872055 0.0006894379304411321 0.0009798676210709153 0.0014332276213599976 0.002081839838755928 0.0028713499769365855 0.0037055891480333013 0.004436700030594683 0.004898190473606037 0.004964994286141637 0.00462503135670882 0.004201451349697364
0.007077513618285821 0.007910314139439375 0.008707651334128248 0.009490797543612737 0.010067283981341334 0.01060958445853767 0.011792892399879757 0.013969915812161846 0.017581831656170818 0.023334434151774257 0.03231562016816492 0.043818845533497935 0.0559803281987777 0.06721969417898474 0.07562903935387019 0.07948413626695752 0.0778272700884426 0.06453270405345862 0.029574645012421838 0.01279012715465834 0.005390146427260726 0.002298653243774931 0.0010499823142046238 0.0005357222941845888 0.0003163354086914613 0.00022150265266935839 0.00018532037000280012 0.00018359257479397205 0.0002111309918766161 0.000275051426264749 0.00039132697345702083 0.0005886175215970093 0.0009009982334205626 0.0013710607283404167 0.00198371175023413 0.0026884819972370147 0.0033838729046964263 0.003929987050302757 0.004190641091002091 0.004086211511087314 0.003770253830541903
0.007593010108282366 0.008687150919213673 0.009874695435417514 0.011027803495383827 0.01147550572972139 0.011816982255873293 0.012866424468316835 0.015053738152910997 0.018786243126383224 0.024755888616943875 0.03378431124117352 0.04421661544204696 0.05442183295160376 0.06255305788351712 0.06670611276786119 0.06543814898972575 0.05718235875221646 0.039291610397626034 0.018761764291061758 0.007714916908163392 0.003022622228550843 0.001187170303969122 0.0004956031374951656 0.00023455633516165914 0.0001322108552782559 9.188329322028483e-05 7.93155199077049e-05 8.340379726972383e-05 0.00010337401287377681 0.0001460687324075757 0.00022695179719703967 0.0003614950062935636 0.000581149043729419 0.0009262663794206502 0.001401693135813215 0.001986408203159335 0.0026146378664262658 0.003175932886305657 0.0035415305444366366 0.00360977607313972 0.003404352787100493
0.00784779204170528 0.009113110049372628 0.010671945305869826 0.0128175279121355 0.012775348360607106 0.01306398463365565 0.014209037306359298 0.016544794303447494 0.020533600159578783 0.026837656259425528 0.03568851191879295 0.04474052435310892 0.05232047943847699 0.056684969913284027 0.05618660209300182 0.04925710392600475 0.03675970063773703 0.022078876311420557 0.010475831877557453 0.004238765566926678 0.0015783825468244149 0.0005766951679009931 0.00022020232841854048 9.529946733502578e-05 5.073673169733438e-05 3.519724875855342e-05 3.2052558626423484e-05 3.675595225129739e-05 5.0214039857997874e-05 7.803009802228001e-05 0.00013132868197268958 0.0002281656521095712 0.0003917627698598128 0.0006522452317846828 0.0010271218726735278 0.0015131971551769845 0.0020698414101231735 0.0026124696668647775 0.003026832762034285 0.0032048639797051352 0.0031048262095696496
0.007746139631238113 0.009011271588548654 0.010553334854670979 0.01225727616027222 0.01315838014126416 0.014107770528382146 0.015841269148332126 0.01864106216135025 0.023100372519615688 0.029987647503161942 0.03881720166762321 0.046828106600548425 0.05221171534202382 0.05284910383812921 0.04700299970142319 0.036254845238118026 0.02380548792953803 0.013022207785220511 0.005898620625526043 0.0023055440553535747 0.0008156242959518514 0.00027689606659855046 9.629927396615378e-05 3.729028075148703e-05 1.8243283302908867e-05 1.2701629977557944e-05 1.2672356485761344e-05 1.644667496753925e-05 2.5307229409234112e-05 4.3087408870926146e-05 7.810025334591728e-05 0.000146952085111978 0.0002736143238320624 0.00048509203500254704 0.0007908421722336455 0.0012021492483963625 0.0016960897578158307 0.0022081416637884186 0.002639342144277437 0.002883400970386021 0.0028701220822820897
0.007486253275139972 0.008735326784815268 0.01006529350763943 0.011499526459573329 0.013083626953363552 0.014961321454350808 0.01757330460377853 0.021339743677919753 0.026718446722791684 0.03450397091133605 0.0436368456500591 0.05102183185261445 0.054170133332119313 0.05040056043457001 0.040721499172308065 0.02826712133451251 0.01666476287506401 0.00830761763154806 0.003550262105436075 0.0013262310884962403 0.0004448418188271972 0.00014065472122395668 4.430054354623402e-05 1.4972074527397813e-05 6.328281641434759e-06 4.4463518448105094e-06 5.2422778677435866e-06 8.013104309698004e-06 1.3817858268493692e-05 2.5576627398445514e-05 4.963814486955023e-05 9.946878320083949e-05 0.0001991975939556835 0.0003756313451551682 0.0006456089741173847 0.00100595624802325 0.0014513694522463308 0.0019332437763752565 0.0023656536769520726 0.002647333523940672 0.002698017959893353
0.007274600625806046 0.00850990040800578 0.00978089876499932 0.011291490810716915 0.013317277197083331 0.015968503695609267 0.019554744218525634 0.024514841401388213 0.03139750058737779 0.04086739644559302 0.05090036241810099 0.05779601626821966 0.057607044911814384 0.049954764513784174 0.037423854218516094 0.02398308783742193 0.013030555245749269 0.006001561615081397 0.0023837390558877963 0.000843511337253091 0.00027042374349166976 8.12286187894364e-05 2.3846813526376654e-05 7.120575600980367e-06 2.3177395288988507e-06 1.672066484752213e-06 2.6336536874359557e-06 4.629428939472244e-06 8.667285516760281e-06 1.703811089171388e-05 3.478189543485377e-05 7.299259594592266e-05 0.00015432447872212868 0.00030533590964025543 0.0005506824595822947 0.0008928990582135967 0.0013060048243136919 0.0017643677795689506 0.0021924407397012945 0.0024943186537569302 0.002586863990002629
0.007161163833437104 0.00843969846342213 0.00981989644879703 0.011555591263121055 0.014005448335170728 0.01738326816378545 0.022010689993004828 0.028360335941269323 0.03705207548636144 0.04883771555419783 0.061097921146518706 0.06688583958865721 0.06331687303845887 0.05202981630237184 0.03694342589811127 0.022432579792497506 0.01151473797241618 0.004983213352992271 0.0018533385735212157 0.0006143866402223107 0.00018928185828079829 5.6038881838117984e-05 1.651429468248972e-05 5.081210525041465e-06 1.8100824138318995e-06 1.3264812313276174e-06 1.980813830712817e-06 3.4663384524599803e-06 6.555510570106654e-06 1.313465028398902e-05 2.7479400489369467e-05 5.9322165337935406e-05 0.0001292200794832638 0.0002642644122025001 0.0004935856741437697 0.0008302301944988948 0.001241783192060147 0.0016873892106715803 0.002113672381345002 0.0024278813352343154 0.0025449605330485747
0.007167210669262535 0.008553732257622331 0.010162969672059223 0.012276262505113983 0.015211596397320936 0.019380956242825084 0.025179166970121382 0.033145347596130754 0.04396434922480269 0.05845073493195293 0.07258298647542996 0.0773517797735653 0.0711473389069671 0.056524760448227546 0.038759783094625924 0.022806440590336246 0.011324524594438733 0.004679291581765299 0.001641719463391209 0.0005140059008414792 0.00015291181436987472 4.593904369179406e-05 1.4441245478199499e-05 5.117771594465119e-06 2.361112115319801e-06 1.7561100474924922e-06 2.10430188667705e-06 3.304219667474418e-06 5.980766739732815e-06 1.1804923465417753e-05 2.4705875290285538e-05 5.388885771187787e-05 0.0001180787493210981 0.00024584724136353966 0.0004696205826344854 0.0008115388058293078 0.0012504821874533773 0.001708736694025755 0.0021424348870280187 0.002463386664374466 0.0025778558962703934
0.007293971892906553 0.008852046494480995 0.010786922382064905 0.013446647912899776 0.017024791736506742 0.022141419278239278 0.029333118422837614 0.039215680055881906 0.05250610288568821 0.06977109564198473 0.08476056381320259 0.08698303312330122 0.07637561577266125 0.05825063788275509 0.03899404358373429 0.022878975676403984 0.011426963361125047 0.004591102663767701 0.0015029141495497254 0.00044187117068843565 0.0001284402678323215 3.967794358273174e-05 1.380958357243186e-05 5.681022409678459e-06 3.0330528411347428e-06 2.316458445040957e-06 2.5343457528141316e-06 3.6337468422166693e-06 6.2252959234134944e-06 1.1975241808794916e-05 2.4886858935762036e-05 5.405700679419543e-05 0.00011770638436171268 0.00024723739682490484 0.0004788583078959087 0.0008409495073316365 0.0013184750245306305 0.0018187935625432663 0.002250984108956114 0.002553792050683083 0.0026412900068751017
0.0075310041932192045 0.009323162789522825 0.011670668047056704 0.015011105808288355 0.019581377983958828 0.02589836522884332 0.03482802336068489 0.04704110530846246 0.06316369271801477 0.081012719754324 0.092865378059406 0.09003782441400533 0.07495968256163692 0.05477218785218836 0.03585072331557288 0.021330832089902437 0.011350251385365396 0.004541742269690662 0.0013197163565628978 0.0003613913825979232 0.00010355420823585676 3.3088026287682926e-05 1.2560372944762099e-05 5.901863518991173e-06 3.5818129431916202e-06 2.904056482260291e-06 3.1166412030742962e-06 4.279696075116364e-06 7.064828085386532e-06 1.3276604049574784e-05 2.7244942638020648e-05 5.815509425889217e-05 0.00012554535399920288 0.00026367139199467136 0.000512188589200224 0.0009035641779634495 0.0014242930600785507 0.001975977548704718 0.00240807788838948 0.002678786517207552 0.0027357482222859822
0.007858717075564398 0.009945159186432148 0.012785928552324122 0.01695668352295834 0.0228769054731085 0.030973221374282378 0.0421616135516353 0.05707471714904394 0.07405209292147409 0.08821355480074436 0.09411784355898037 0.08568860490746635 0.06704028901267384 0.04631186707866634 0.029015365440727865 0.01691911243514803 0.009391309315793177 0.00381977200310705 0.000991132996560149 0.0002644727089945357 7.66419808656784e-05 2.5514579804730906e-05 1.0390111351888609e-05 5.452854564971745e-06 3.718230502480392e-06 3.314350874834355e-06 3.7657888257201385e-06 5.20088846323671e-06 8.490170322441565e-06 1.5776531475964647e-05 3.1765946878143444e-05 6.664029111560482e-05 0.00014196230787480693 0.00029539127612776615 0.0005698659023206864 0.000999990242419725 0.0015695310101159253 0.0021693002722480217 0.0026084819010716697 0.00282976189886389 0.0029093186274314975
0.008247236058899553 0.010678099617438727 0.0140431800589385 0.01911336776693361 0.02659513724201597 0.03727018695577774 0.05141779774625971 0.06752208949528671 0.08316112078183352 0.09121284178297547 0.08898765342529319 0.0754055581973795 0.05476639824384461 0.03513017532426185 0.02041838671616459 0.010910673822129607 0.00523737754196891 0.0019929764530527408 0.000595482900327094 0.00016913698683514034 5.12189487298809e-05 1.7855220898031496e-05 7.728570705074229e-06 4.450357395473465e-06 3.425588877073618e-06 3.436184767988308e-06 4.303538703144193e-06 6.38376107863908e-06 1.0672841806016122e-05 1.9714231263760727e-05 3.904486048779114e-05 8.052093296047493e-05 0.00016877253363906298 0.00034537022994991654 0.0006560373517025854 0.0011349477786082771 0.0017578908303944407 0.0023990862234890232 0.002841925495680587 0.003027332386651499 0.003178880647082594
0.008426475917418656 0.010924331023208342 0.014445685580350304 0.019970911077086147 0.02854051339201418 0.04127176534571601 0.05704350598016611 0.0734636633211349 0.08682668695922319 0.08902631681380145 0.07933094141434037 0.061869171367915365 0.04125076539405473 0.024266561815284436 0.01289335054858554 0.006238049154714408 0.0026927237034676276 0.000996246269889433 0.00032172563547835573 9.88466481191938e-05 3.16557985079296e-05 1.1482152092876358e-05 5.183228001956561e-06 3.230121258727934e-06 2.859359847696777e-06 3.3342002220353195e-06 4.7448941266362735e-06 7.755940295193902e-06 1.3791223546778083e-05 2.5659763476730726e-05 5.030703017859681e-05 0.00010227543878271266 0.0002108086363826277 0.00042144044005647827 0.0007811442269539485 0.0013183603718005448 0.0019933041834675168 0.002660232722929309 0.003097914050295795 0.003293145761759017 0.003559249040741497
