_RESULTS/CROSS_VALIDATION_POSTPROCESSED_80-20/Berg/IZ/8comp/3/Berg_IZ_z_63_kriged_reverse_8comp_spherical_3.asc
ncols 100
nrows 90
xllcorner 5.6208707817415728
yllcorner 50.959635321741573
cellsize 0.00013419651685393446
nodata_value 1.7014100000000001E+038
[rows 0 to 17 of 90, columns 41 to 81 of 100]
0.029710747972593314 0.03134563247454118 0.03337158917299407 0.035875939170893996 0.03894453543724026 0.042648445675107984 0.047036756332206595 0.05213766146226474 0.054370761019379384 0.0513519679769224 0.048581075405312105 0.04601830530760154 0.04363675663440072 0.04141816196263864 0.03931386659112947 0.037038912580591984 0.03466894724932798 0.03234152822022706 0.030158005913392228 0.028186223124020814 0.026465842477077464 0.025014522742551903 0.02388672248575556 0.02312150263403423 0.022702911691811104 0.02261614326376104 0.022848231007262663 0.023322596257630845 0.023868824335263255 0.024430843132470174 0.024944357143384673 0.02533337941312541 0.025513899127401544 0.02551766330631032 0.02551766330631032 0.02551766330631032 0.02551766330631032 0.02551766330631032 0.02551766330631032 0.02551766330631032 0.02551766330631032
0.028531877887291945 0.029958036344962618 0.031763271854851005 0.03404894460844947 0.036903114834421234 0.04035759725397934 0.04431375770080982 0.04822003635344934 0.04997957919683349 0.048821679392932756 0.04681292197537432 0.04468649065211156 0.0426021281677651 0.04032457162509227 0.037679918523687975 0.034889424976647085 0.032130377680011146 0.02953283135947992 0.02718320498643911 0.025131516274930314 0.02339995629005024 0.02199110833842407 0.020919692429640053 0.02023155967616608 0.019909739614012115 0.019939233108372763 0.02031085537605937 0.0209581260521887 0.021735972532356724 0.022595999902514 0.02347769976465496 0.024304399066374868 0.024984756570324937 0.025417451366272416 0.02551766330631032 0.02551766330631032 0.02551766330631032 0.02551766330631032 0.02551766330631032 0.02551766330631032 0.02551766330631032
0.02718861445753662 0.028327978975109303 0.029806437782674163 0.031743149397845734 0.03422590924066395 0.03721742393838067 0.0404622911115587 0.043355019687689164 0.04498170948276338 0.045015886294786006 0.044036760242909555 0.0425837064783262 0.04042046903583126 0.03765563344102421 0.03460564371949118 0.03151609248490941 0.028565258180303317 0.02587120084517948 0.023502360093502355 0.02148964150310935 0.019838018521441753 0.018536364099239783 0.017575312845634287 0.01699068107189246 0.016769961320127588 0.016900021470020187 0.017377151388870065 0.018141384055641713 0.01908345803302117 0.020167952831784245 0.02134413845101028 0.02254209099179686 0.023671598485187878 0.024624229340261056 0.0252797606249297 0.02551766330631032 0.02551766330631032 0.02551766330631032 0.02551766330631032 0.02551766330631032 0.02551766330631032
0.025783174139137784 0.026581847976345274 0.027652029424602684 0.029158611453376566 0.031241349030538455 0.03381690557277846 0.036551519842782 0.03896386414520777 0.04057185279439875 0.041172527898233294 0.04088839695576548 0.03938224687432241 0.03689308075148851 0.03385638103130287 0.030618042174237196 0.02743198078585422 0.024468754638025413 0.02182981660136765 0.01956402854671243 0.017683724425863644 0.016177254652531108 0.014999697876692301 0.014145889696942374 0.01365616118946047 0.013530081347481787 0.013756738471627441 0.014329500331919008 0.01517110369806606 0.016204322774747017 0.017428576355781794 0.018807479322683812 0.020283950108183325 0.021776742408166946 0.02317941642354038 0.02436371343921172 0.02518874852789737 0.025516503609245934 0.02551766330631032 0.02551766330631032 0.02551766330631032 0.02551766330631032
0.024440143435996906 0.024884252560875744 0.025486269798732426 0.026490117612699066 0.028250510821272296 0.030598578961867552 0.033052043409736866 0.03522169845195409 0.03681796795023526 0.03767880936011991 0.03718214216828967 0.03535800859349039 0.03265914733353645 0.029511149630810043 0.026254441931795686 0.023131005258951187 0.020293056932156012 0.017790343737078856 0.01555795575747642 0.01367595852406331 0.01217992081353121 0.011063955441358192 0.010304997593577772 0.009907234861276613 0.009862478870405464 0.01016425760485501 0.010820206244801093 0.011783131459953968 0.013016543689016549 0.014483531502424572 0.01610342758591075 0.01777364133327248 0.019525925486263782 0.02128125839305626 0.022912948937869337 0.024269691853711556 0.025188903207355767 0.02551766330631032 0.02551766330631032 0.02551766330631032 0.02551766330631032
0.02331411642340915 0.02346865707113753 0.0236190671652966 0.02393348729918165 0.025596287828429737 0.027922175694294307 0.030185380177372264 0.032168314711871815 0.033711533114735445 0.03418271544192344 0.03319804684917778 0.03108543136992389 0.028259630795583832 0.025112804923649146 0.0219560855036463 0.01892980736399711 0.01600171068458056 0.013393540412600683 0.011220657176501666 0.009504024394796516 0.008212935788669586 0.0072969267380357935 0.006706131058383319 0.006420699831745476 0.0064272368940917375 0.006724566064882519 0.007328285425097581 0.008227107653829153 0.00943945663496033 0.010979754847504644 0.012831015139670774 0.01491942537992949 0.017088391541518446 0.019132869588953553 0.02111027466228939 0.02291302957678421 0.024364057853238946 0.02528015457811941 0.02551766330631032 0.02551766330631032 0.02551766330631032
0.02251628194796703 0.02253661101307084 0.02253277861597179 0.022652349312215284 0.02407565667855538 0.026103584860921233 0.028069091713887828 0.0298132828192547 0.030956901565797383 0.030745932836110858 0.029305668979186954 0.0269556675769183 0.024071910649560206 0.020989061355585363 0.017673858644840695 0.014423517572806832 0.011551615197408455 0.00919168654890573 0.0073541037036735715 0.005983960799189636 0.005003781500745237 0.004338810194605504 0.003929340760219025 0.003745940552054086 0.003773791545638248 0.004015588653761639 0.004487720055768285 0.005208102716573794 0.006225304559958351 0.007592972752128598 0.009353622022895561 0.011512792803239734 0.014003193400008215 0.01664633587508621 0.019129452057962806 0.02128102668913168 0.023179646479689835 0.02462483612026687 0.02541787548379608 0.02551766330631032 0.02551766330631032
0.022047627497009892 0.022075754936862646 0.022187823308950347 0.02259233702998836 0.023597800046935718 0.02505878484272117 0.026620139879746384 0.02802051028174673 0.028409625554473242 0.027579493714853118 0.025736641587520273 0.023200576421702465 0.02021801967216063 0.016731193562799156 0.013261517393711375 0.010200347362656872 0.007715243211409495 0.005815598280558832 0.0044270282164729 0.003447505946404218 0.002779835089722531 0.0023457606506726318 0.0020895854426878618 0.001982731748450006 0.002012144121335875 0.002182011616058755 0.0025057016826268027 0.0030161246189285263 0.003769478866544655 0.004838238497827137 0.00630351579127816 0.008236326604756377 0.010663294705879952 0.013517072360092941 0.01658284917876391 0.019468144366543514 0.021776302900915465 0.023671941233786405 0.024985459343655265 0.025514012423870955 0.02551766330631032
0.021836113628909953 0.021914590165181252 0.022124911644558504 0.022596824769114718 0.02341340499559845 0.024506880253718367 0.025705100619578494 0.026485111851055444 0.026140806788489717 0.024770840632780546 0.022605052581536236 0.01978253757018084 0.01623274362109855 0.01260523948666657 0.009381782304680567 0.006781436306583029 0.004827456680270905 0.003433381610607557 0.0024757291144072613 0.0018366491995601578 0.0014217562757750301 0.0011632238595476148 0.0010167501335417604 0.000959605859963506 0.0009820484892342587 0.0010869964309232012 0.001286844174653128 0.0016132998105575001 0.0021172593159912638 0.002871555268945374 0.003971161022449815 0.0055249297914658786 0.007631498084100327 0.010332786626731323 0.013546259848144926 0.016994639664377562 0.020174896048235566 0.022541495373693123 0.024304790295644307 0.025333927819314397 0.02551766330631032
0.021946503533313025 0.02222660430451163 0.022649563782881636 0.023244569055419186 0.024022056431918532 0.024931451493725457 0.025822260126798852 0.025840861806290864 0.024748546358054117 0.0227422335871826 0.019980542689510866 0.01632404452532924 0.012506702626086262 0.009095477969503052 0.00634107375218578 0.004295636499594152 0.0028713490290228063 0.0019219147184704535 0.0013075032978017698 0.000918745423296721 0.0006780500113290341 0.0005342922317616422 0.0004564158481922795 0.00042802211855242104 0.0004422981121727162 0.0005005152759324031 0.0006136419001635375 0.0008054214587666165 0.0011156957353987873 0.0016063879878637148 0.002367314143834454 0.0035176605926282873 0.005195388853616066 0.007523906704912656 0.010547481091275896 0.014140310203741754 0.0179216451173842 0.021240171584975428 0.023477033519832838 0.024944703467171068 0.025515638786325737
0.022911343974198948 0.023462355966465755 0.024109436125527534 0.02484559819171565 0.02565000419843942 0.026471842162632597 0.026965839842458292 0.026267397063401098 0.024449356530672654 0.02171990455024448 0.017802673690539266 0.013475368743034417 0.009557466695048377 0.006479361056392136 0.004252583654031956 0.002730782415213763 0.0017265587778554318 0.001089351104750935 0.0006970685597514548 0.00046068970128107793 0.00032075316729905255 0.00024010444135333522 0.00019715539641059065 0.0001808030773050575 0.0001864114393649519 0.00021502868886077875 0.0002745677379989127 0.0003797478596162837 0.0005586221841684514 0.0008582706853369714 0.0013532956860513989 0.0021540123176953356 0.003408045215155628 0.005283876354844789 0.007921571991569483 0.011341915849739119 0.015329093395039168 0.019343140409392615 0.022552109755526017 0.024430229889735203 0.025410381719720133
0.024820355793530605 0.025694948511007995 0.026615790542261594 0.027546397074535208 0.028441196977181032 0.029240508518661095 0.029226536135463284 0.027792366653020473 0.025188771236787186 0.021101270288182504 0.016145192097860885 0.011529140257431599 0.007755603280764921 0.00496279493565073 0.0030552806285367115 0.0018335185248540017 0.0010888219199773836 0.0006451552506385067 0.0003861063479373613 0.0002381768635440065 0.00015501824742765197 0.00010920640571005308 8.558488461883955e-05 7.629196552607887e-05 7.78052248164409e-05 9.044925196015307e-05 0.00011841219026027527 0.00017165033972547025 0.0002696898003898103 0.00044455850133032936 0.0007529137538577082 0.0012868645051664785 0.0021838877387763077 0.0036257891943887125 0.005809637208962152 0.008871982740180445 0.012762836109848148 0.01710700270154973 0.021145028011760308 0.02386645518197684 0.025193446826132355
0.02781309800210353 0.029112896833663606 0.030405088333887633 0.031619894011173884 0.03268232231024155 0.033463736222290874 0.0328556645580886 0.030589560189405583 0.026672337980445358 0.021270295383816397 0.015658480041961565 0.010709961819648737 0.006859108879534375 0.004151385027345759 0.0024002946741752624 0.0013427311930134848 0.000737623662961912 0.0004049798839558402 0.00022542516530054587 0.00012872377393445018 7.74452531315083e-05 5.070367768028546e-05 3.751986045282695e-05 3.226316268743449e-05 3.2629473470738414e-05 3.8548177578974445e-05 5.209340161115709e-05 7.854674867256587e-05 0.00012914374943239404 0.00022707900095452166 0.0004144108735787865 0.000761799684957634 0.0013870934292342077 0.002464226178755004 0.00421342863093871 0.006847680920898538 0.010456489818335584 0.014841483900346165 0.0193821666689773 0.023065558741755372 0.02492609198423407
0.03214516085308512 0.03403909218090977 0.03586463409785015 0.037505553281308494 0.0388436086054634 0.03957612717027266 0.038290527361632874 0.03511060179804973 0.029826224703454803 0.02314557578838033 0.016489095947515717 0.010849875088066029 0.006642243216761201 0.003815976257984847 0.0020782510046794744 0.001085890757015118 0.0005521368250621288 0.00027790712987457505 0.000141354480891701 7.40883759434051e-05 4.068090218308306e-05 2.4340297192188557e-05 1.6673686485703984e-05 1.370620045040225e-05 1.3831474837757782e-05 1.6837946969244602e-05 2.3803716989779453e-05 3.768986720750925e-05 6.498746080575118e-05 0.00011943841734431169 0.00023005438775734508 0.00045433275560421835 0.0008866133823723603 0.0016820180321616277 0.003060566823658552 0.0052761690021825135 0.008520697473233859 0.012755620651790643 0.017526525479891107 0.0218961627322099 0.024648817543076365
0.03821088449820878 0.04096749999518563 0.043585787609884984 0.04587757787180183 0.047654839356822076 0.04834016090489101 0.0466096799951916 0.042894898320932226 0.035856362063309104 0.027231836402941 0.018879864608592582 0.012017723766350633 0.007071098530921198 0.003876428244931082 0.0019984211901672043 0.0009795382275949898 0.0004625433389345429 0.00021381202554484173 9.868192876923162e-05 4.659494949972556e-05 2.3069003169907908e-05 1.2319779741224462e-05 7.575077587967628e-06 5.864728070702771e-06 5.993305283533232e-06 7.696592137436927e-06 1.1562623227447301e-05 1.937604096137556e-05 3.5145376766860064e-05 6.754155736540847e-05 0.00013526054692251536 0.00027853453215943917 0.0005792697637378814 0.001169321125643903 0.0022548915935220056 0.0041048139120094945 0.0069774383880234795 0.010962743020658736 0.015768971344454104 0.020577219089656703 0.02414689834726671
0.04658249436188597 0.0506237799446092 0.05444905968581569 0.05775313218980599 0.0602298524728472 0.06141380881990601 0.06083726155829326 0.05592881187935248 0.04629142944105917 0.034624575249119355 0.02348583579455667 0.014527806246804852 0.008263996578249628 0.004357357576713565 0.0021460694839278835 0.0009950921799308323 0.0004392835825755796 0.00018758853633299083 7.891327593500668e-05 3.344776073145985e-05 1.4675127506307866e-05 6.860014565108879e-06 3.610049814007591e-06 2.5349756836872998e-06 2.7381675238479837e-06 3.836193810041037e-06 6.181477777276093e-06 1.0964377986234992e-05 2.086680555977953e-05 4.17808885783117e-05 8.662746858191049e-05 0.00018362289598776135 0.00039382869742941786 0.0008393485931759118 0.0017056513137191942 0.003259689341871879 0.005797799080649063 0.009504312203904604 0.01422821772742264 0.019281069744495588 0.023451792109602153
0.05806444306590276 0.06405284629578879 0.06975136673457537 0.07465939450555593 0.07861635361197486 0.08291184706074806 0.08401011279433335 0.0760889022942628 0.06124561327865131 0.044252550626625864 0.028981794714867226 0.017361058398490985 0.009590880388130517 0.004922035232840131 0.0023620690303781102 0.0010666935617371749 0.0004563699359735787 0.00018649827257033775 7.351816144788778e-05 2.8345543001211348e-05 1.1098960014313812e-05 4.580124739318054e-06 2.0279472097148206e-06 1.125073368117947e-06 1.4755949103845024e-06 2.239636238313123e-06 3.7952808465546402e-06 7.027064541143456e-06 1.3895079174940753e-05 2.8755415663325105e-05 6.127116905671482e-05 0.00013272722241915486 0.0002894457943888284 0.0006305515601575758 0.0013397224455725053 0.0026686701481047404 0.004931809690932967 0.008377516052170178 0.012965548124713134 0.018128131620492757 0.022710905814352086
0.07375903956923807 0.08273543648437648 0.09138858784807519 0.09894330796529013 0.10681376804459969 0.1129997577724027 0.11146467556802739 0.0972568107668253 0.07555057331736634 0.052832595279134836 0.03361540330416516 0.019649172128371337 0.010639312939980522 0.005372469584710648 0.0025436880236464616 0.0011343968471890756 0.00047850406595143543 0.0001918067087460418 7.370312672324378e-05 2.7592279574200273e-05 1.030920865200793e-05 3.988515825125704e-06 1.7422645176656918e-06 1.0589416722986074e-06 1.128023534525166e-06 1.6261455650700555e-06 2.759424758130371e-06 5.213962364094196e-06 1.0564533907695938e-05 2.2347905150269053e-05 4.844394530415687e-05 0.0001062219509909034 0.0002334027561919082 0.0005103474703815644 0.0011037425775436646 0.0022721841120119765 0.004327571563430563 0.0075583650505565295 0.012003876770469954 0.01719392738336127 0.022035774138181502
