_RESULTS/CROSS_VALIDATION_POSTPROCESSED_80-20/Berg/IZ/7comp/4/Berg_IZ_z_1000_kriged_reverse_7comp_spherical_4.asc
ncols 100
nrows 90
xllcorner 5.6208707817415728
yllcorner 50.959635321741573
cellsize 0.00013419651685393446
nodata_value 1.7014100000000001E+038
[rows 72 to 89 of 90, columns 41 to 81 of 100]
0.0462625151385696 0.04661161263565713 0.04671234312233607 0.04651593751330031 0.0460196731578728 0.0448949304646827 0.042885497732738566 0.04021839634392477 0.037294212163492116 0.03468508339362992 0.032414892615803215 0.030464273350813524 0.028798321765023796 0.02738388895413523 0.02619085351397727 0.02519226040052454 0.02436655396994754 0.02369953295182903 0.023186121223389356 0.022832049345284204 0.022655599317345038 0.022461187103406412 0.022028243597276675 0.021393033772628346 0.02060618975472527 0.019725980421329725 0.018811939388098976 0.017919946715321485 0.017099392670228884 0.016392489910184705 0.0158354396385962 0.015461048142979703 0.01530249416564686 0.015299585649338828 0.015299585649338828 0.015299585649338828 0.015299585649338828 0.015299585649338828 0.015299585649338828 0.015299585649338828 0.015299585649338828
0.05646953210152872 0.057106942994447844 0.057281399030299565 0.05687460602062025 0.05587219166734363 0.054170257928439686 0.0512964500333675 0.04756282329708157 0.04337064749518393 0.039127329851673144 0.03539734804503545 0.032219594079224104 0.02953229379859677 0.02727241562324511 0.0253814446304056 0.023808854430415576 0.022513961884216414 0.02146684447381681 0.02064884053542818 0.020053016932318105 0.01968494087116053 0.01950716262698094 0.01922211626898636 0.018803845876783427 0.01828629667299734 0.017709623847114817 0.01711645127429116 0.016548898605902612 0.016046828280534546 0.01564748012323564 0.015386465022946121 0.015299585649338828 0.015299585649338828 0.015299585649338828 0.015299585649338828 0.015299585649338828 0.015299585649338828 0.015299585649338828 0.015299585649338828 0.015299585649338828 0.015299585649338828
0.0690976233995351 0.07034971588613567 0.0708285090166974 0.07027752488006314 0.06862962277135637 0.06597224820943036 0.06181526642967648 0.05653911375098446 0.050771160139711904 0.045015995396463684 0.039613059262201614 0.034917177930386 0.031046165948504394 0.02786689413377256 0.025263504014029534 0.023140271472295065 0.021421450394603445 0.02004986418013155 0.01898527064726661 0.018203081906941226 0.017693817569943995 0.017460774867743414 0.017281211921279665 0.017019374265679142 0.01669910474067279 0.016349450978742255 0.016002540037565367 0.015691914462703675 0.015451658029976738 0.015316509290919253 0.015299585649338828 0.015299585649338828 0.015299585649338828 0.015299585649338828 0.015299585649338828 0.015299585649338828 0.015299585649338828 0.015299585649338828 0.015299585649338828 0.015299585649338828 0.015299585649338828
0.08434075715851289 0.08678848962886156 0.08802645920778482 0.08750091896404345 0.08500539653951741 0.08082161787413181 0.07472572422327889 0.06723128979831185 0.05931667051500311 0.05167956140014239 0.04472432223896185 0.038630667156164054 0.03343610057257877 0.029202182943159172 0.025822571737431275 0.023128640829533555 0.02099125234460899 0.019314066505405625 0.01802782537682298 0.017086079114177956 0.0164625214668835 0.01615007859405573 0.016041112617515185 0.015897786486012165 0.015729610195101145 0.015559086679205091 0.015412259400658391 0.015317970316104492 0.015299585649338828 0.015299585649338828 0.015299585649338828 0.015299585649338828 0.015299585649338828 0.015299585649338828 0.015299585649338828 0.015299585649338828 0.015299585649338828 0.015299585649338828 0.015299585649338828 0.015299585649338828 0.015299585649338828
0.10207941268130569 0.10670106050577363 0.10958266077634966 0.10951706313326516 0.10591311475112265 0.09931705612032167 0.09024221936087225 0.07957519423971708 0.06880559836033855 0.05882529867582109 0.050043655928874275 0.04256659816554323 0.03633766038396558 0.031227632474140853 0.02708543839049013 0.02377248914545431 0.021188205526326838 0.01919536131847792 0.017687865744960115 0.016593135374024244 0.015866182489058685 0.015486581868546238 0.015406598023475895 0.015359623531199323 0.01531759060246378 0.015299585649338828 0.015299585649338828 0.015299585649338828 0.015299585649338828 0.015299585649338828 0.015299585649338828 0.015299585649338828 0.015299585649338828 0.015299585649338828 0.015299585649338828 0.015299585649338828 0.015299585649338828 0.015299585649338828 0.015299585649338828 0.015299585649338828 0.015299585649338828
0.12155477042142707 0.12986383937336518 0.13605028935170008 0.13747183264851376 0.13240615575836032 0.12191586985151993 0.1081952299452574 0.09309866033996353 0.07871474369246056 0.06599762010405705 0.05521457940252557 0.0462956763573108 0.03903275520383158 0.033180307781343635 0.028502398569098746 0.02479189645490885 0.02187615423239827 0.019616511339693603 0.017905412997251197 0.016663084802049317 0.015834771358543602 0.015389122777960824 0.015299585649338828 0.015299585649338828 0.015299585649338828 0.015299585649338828 0.015299585649338828 0.015299585649338828 0.015299585649338828 0.015299585649338828 0.015299585649338828 0.015299585649338828 0.015299585649338828 0.015299585649338828 0.015299585649338828 0.015299585649338828 0.015299585649338828 0.015299585649338828 0.015299585649338828 0.015299585649338828 0.015299585649338828
0.140956551525155 0.15483315554340307 0.16726729825762265 0.1726296003417975 0.1655412636927722 0.14834328058516763 0.1274714142131917 0.10659796469099712 0.08806710288324114 0.07248843596196483 0.05974836677218391 0.049487164375035815 0.04129655923969552 0.03479677828829809 0.029662272353493283 0.025625857154719926 0.022474315341947423 0.02004129082455697 0.018200076351328955 0.0168574252259601 0.01594886827600898 0.015435776413195604 0.015299585649338828 0.015299585649338828 0.015299585649338828 0.015299585649338828 0.015299585649338828 0.015299585649338828 0.015299585649338828 0.015299585649338828 0.015299585649338828 0.015299585649338828 0.015299585649338828 0.015299585649338828 0.015299585649338828 0.015299585649338828 0.015299585649338828 0.015299585649338828 0.015299585649338828 0.015299585649338828 0.015299585649338828
0.15711639821923143 0.17758659957648718 0.2004384393592978 0.21601514160107202 0.20561330260443966 0.17583644749993455 0.1450306985803923 0.11785007913843774 0.09542434977748225 0.0773993610444925 0.06308596210783829 0.05179018428686425 0.04290587926610463 0.035932862803206275 0.03047036618996542 0.026203117424631446 0.022886527343496183 0.020333392081732272 0.01840289583217404 0.01699204831664666 0.016029472548992955 0.015471450447350293 0.015299585649338828 0.015299585649338828 0.015299585649338828 0.015299585649338828 0.015299585649338828 0.015299585649338828 0.015299585649338828 0.015299585649338828 0.015299585649338828 0.015299585649338828 0.015299585649338828 0.015299585649338828 0.015299585649338828 0.015299585649338828 0.015299585649338828 0.015299585649338828 0.015299585649338828 0.015299585649338828 0.015299585649338828
0.165446426419243 0.19058734769068553 0.22398055042950044 0.26379608724625764 0.2451380017109827 0.19479598307924006 0.1552965337316957 0.1239155304925286 0.09921633664593756 0.07986185731088984 0.06472930746174138 0.05290969818169864 0.04368087665067141 0.03647612147930859 0.030854724928599864 0.026476592732980826 0.023081275223366268 0.020471194986326713 0.018498604547890946 0.017055777386055036 0.016068011090379232 0.015489161347010793 0.015299585649338828 0.015299585649338828 0.015299585649338828 0.015299585649338828 0.015299585649338828 0.015299585649338828 0.015299585649338828 0.015299585649338828 0.015299585649338828 0.015299585649338828 0.015299585649338828 0.015299585649338828 0.015299585649338828 0.015299585649338828 0.015299585649338828 0.015299585649338828 0.015299585649338828 0.015299585649338828 0.015299585649338828
0.16263895528721523 0.18647404291108055 0.21693843164855695 0.24771499394254168 0.23348657009236357 0.19054490536547197 0.1531562144159303 0.12268393705887429 0.09845649205933067 0.0793722016884832 0.06440415016179785 0.05268894295830987 0.04352843327890889 0.03636945829924735 0.03077936501591251 0.026423028843793696 0.02304315860990065 0.020444234300534766 0.018479878757098396 0.017043299220537378 0.0160604472908597 0.015485654659216736 0.015299585649338828 0.015299585649338828 0.015299585649338828 0.015299585649338828 0.015299585649338828 0.015299585649338828 0.015299585649338828 0.015299585649338828 0.015299585649338828 0.015299585649338828 0.015299585649338828 0.015299585649338828 0.015299585649338828 0.015299585649338828 0.015299585649338828 0.015299585649338828 0.015299585649338828 0.015299585649338828 0.015299585649338828
0.14965779578210145 0.16739262071927677 0.1862218913694956 0.19831609438739356 0.19067573522302222 0.16712722325932985 0.13981172818576293 0.11461746762630007 0.09335296260314209 0.0760343812364187 0.062166329447182395 0.05115953873606005 0.04246720610883292 0.03562425556924358 0.030251431846341097 0.02604702877741289 0.022775217704156702 0.020254571029433212 0.018348157524622613 0.016955655460884764 0.016007570619665276 0.015461565237951459 0.015299585649338828 0.015299585649338828 0.015299585649338828 0.015299585649338828 0.015299585649338828 0.015299585649338828 0.015299585649338828 0.015299585649338828 0.015299585649338828 0.015299585649338828 0.015299585649338828 0.015299585649338828 0.015299585649338828 0.015299585649338828 0.015299585649338828 0.015299585649338828 0.015299585649338828 0.015299585649338828 0.015299585649338828
0.13086444455851437 0.14219452527572451 0.15232596274978152 0.15714505794675646 0.15258613922057307 0.1393924043589533 0.1211979386811094 0.1023291582038245 0.08517007069387214 0.07050718667564441 0.058379220547007324 0.04853104275796096 0.040622470033158435 0.03431769564064061 0.029319750678121332 0.025380242014829822 0.022298467004692173 0.019916518436252063 0.01811347936987874 0.016800144820124995 0.015914938995439974 0.015421385259105528 0.015299585649338828 0.015299585649338828 0.015299585649338828 0.015299585649338828 0.015299585649338828 0.015299585649338828 0.015299585649338828 0.015299585649338828 0.015299585649338828 0.015299585649338828 0.015299585649338828 0.015299585649338828 0.015299585649338828 0.015299585649338828 0.015299585649338828 0.015299585649338828 0.015299585649338828 0.015299585649338828 0.015299585649338828
0.11064222103648833 0.11733902144786126 0.12261709983878387 0.12459041946359872 0.12188596578073631 0.11410717274773499 0.1021353358666578 0.08863052191526147 0.07549885288182187 0.0637028157533323 0.05357848632851517 0.045126081003820255 0.03819328300788929 0.03257539102956224 0.02806529589378795 0.024475973456410567 0.021648768423850672 0.019454792438691887 0.017793374116613594 0.016589657814666148 0.015792486730015442 0.015373248010027448 0.015299585649338828 0.015299585649338828 0.015299585649338828 0.015299585649338828 0.015299585649338828 0.015299585649338828 0.015299585649338828 0.015299585649338828 0.015299585649338828 0.015299585649338828 0.015299585649338828 0.015299585649338828 0.015299585649338828 0.015299585649338828 0.015299585649338828 0.015299585649338828 0.015299585649338828 0.015299585649338828 0.015299585649338828
0.091711521156609 0.09554052649876892 0.09832134361091531 0.09920796188185943 0.09772226803920372 0.0928743837309766 0.08491346275914566 0.07540114965812916 0.06564318544216467 0.05647368663260116 0.04831155562764506 0.0412961289453973 0.0354070543386075 0.03054619663038081 0.02658686992496207 0.023400856289053407 0.020871896184623207 0.018901543399530932 0.01741106297670947 0.01634158890685195 0.01565388444233421 0.015328581926385502 0.015299585649338828 0.015299585649338828 0.015299585649338828 0.015299585649338828 0.015299585649338828 0.015299585649338828 0.015299585649338828 0.015299585649338828 0.015299585649338828 0.015299585649338828 0.015299585649338828 0.015299585649338828 0.015299585649338828 0.015299585649338828 0.015299585649338828 0.015299585649338828 0.015299585649338828 0.015299585649338828 0.015299585649338828
0.07527849553708316 0.07746912282354361 0.07902065622798433 0.07955425919105677 0.0787982214176075 0.07562572178603605 0.07025137419086656 0.0635674859318612 0.05642193455916751 0.049446411094661365 0.04302764349105692 0.03735377755532043 0.03247877130539952 0.028377740429147754 0.024986339169907175 0.02222586680888655 0.020018020502320915 0.018292948229007254 0.01699335309521632 0.016076552817437813 0.015515789618583256 0.015301724868124101 0.015299585649338828 0.015299585649338828 0.015299585649338828 0.015299585649338828 0.015299585649338828 0.015299585649338828 0.015299585649338828 0.015299585649338828 0.015299585649338828 0.015299585649338828 0.015299585649338828 0.015299585649338828 0.015299585649338828 0.015299585649338828 0.015299585649338828 0.015299585649338828 0.015299585649338828 0.015299585649338828 0.015299585649338828
0.06163541387741873 0.0629415733836244 0.0639218917175485 0.06441040931449303 0.06396110603000764 0.061832773772903235 0.05815083109802029 0.053438398435505095 0.04823788289006908 0.042999372977143194 0.03803739981985927 0.03353746297281083 0.02958512695415498 0.026198734067883526 0.023356922111490774 0.021018688728937352 0.01913677096212059 0.017666043177352837 0.01656863312138416 0.01581715479332411 0.01539714785458894 0.015299585649338828 0.015299585649338828 0.015299585649338828 0.015299585649338828 0.015299585649338828 0.015299585649338828 0.015299585649338828 0.015299585649338828 0.015299585649338828 0.015299585649338828 0.015299585649338828 0.015299585649338828 0.015299585649338828 0.015299585649338828 0.015299585649338828 0.015299585649338828 0.015299585649338828 0.015299585649338828 0.015299585649338828 0.015299585649338828
0.050624636391363526 0.051481319151164114 0.052225068297617167 0.052714009949276344 0.05234998332697932 0.05089409432184217 0.048338340873984184 0.04499715214282347 0.041217982720305774 0.037312832169210934 0.0335217291158141 0.030005245133783682 0.026854811769409733 0.024110037363413415 0.021776167557991034 0.019838587686499723 0.018273653719002535 0.017056302287179064 0.01616529926452924 0.01558703404652228 0.015318697077735616 0.015299585649338828 0.015299585649338828 0.015299585649338828 0.015299585649338828 0.015299585649338828 0.015299585649338828 0.015299585649338828 0.015299585649338828 0.015299585649338828 0.015299585649338828 0.015299585649338828 0.015299585649338828 0.015299585649338828 0.015299585649338828 0.015299585649338828 0.015299585649338828 0.015299585649338828 0.015299585649338828 0.015299585649338828 0.015299585649338828
0.04190971803405784 0.042558822625940476 0.043230705709788854 0.04356037170232236 0.04327067537526734 0.042259294855174906 0.04046523767322914 0.03808185483723724 0.0353336482552028 0.03243466753656469 0.02956211768618525 0.026845988666435953 0.024370695261127562 0.022183243534388483 0.020303512905005528 0.018734029745581728 0.017468111646663058 0.016496215260952345 0.015810813522626452 0.01541033772206865 0.015299585649338828 0.015299585649338828 0.015299585649338828 0.015299585649338828 0.015299585649338828 0.015299585649338828 0.015299585649338828 0.015299585649338828 0.015299585649338828 0.015299585649338828 0.015299585649338828 0.015299585649338828 0.015299585649338828 0.015299585649338828 0.015299585649338828 0.015299585649338828 0.015299585649338828 0.015299585649338828 0.015299585649338828 0.015299585649338828 0.015299585649338828
