_KRIGING/CROSS_VALIDATION_CLASSIC_80-20/MHZ/TZ/train_3/MHZ_TZ_3_train_z_125.asc
ncols 100
nrows 81
xllcorner 5.5967107548124995
yllcorner 50.982328804812504
cellsize 0.00017565037499993607
nodata_value 1.7014100000000001E+038
[rows 0 to 18 of 81, columns 43 to 85 of 100]
17.611643384399517 17.671832858342743 17.742325592332055 17.821131554508195 17.905865125512534 17.994077042231638 18.08349306023571 18.172152194351654 18.258454329113132 18.341139186577102 18.419224676320585 18.491932444052679 18.558623103343734 18.618755124613415 18.671871913941466 18.717613281168699 18.755741725583597 18.78617144169651 18.808988594250106 18.824454565668741 18.832988527148736 18.835130716692735 18.831492225221023 18.822700145729716 18.809348193650671 18.791962241306059 18.770987794764022 18.746802682550651 18.719753705081317 18.690211408074831 18.658633231690754 18.625622745142309 18.591972054821749 18.558676070881276 18.526911084712939 18.497975601697153 18.473197764770838 18.453819898075885 18.440875518702775 18.435076592663492 18.436728234153122 18.445684423199914 18.461352226893951
17.377973151362184 17.439424208306601 17.513992188401328 17.599537626042242 17.693534694675257 17.79339739233005 17.896701686452843 18.001300222563572 18.10534507015187 18.207246806059299 18.305603479312765 18.399130791996257 18.486616768809274 18.566912826246849 18.6389613264151 18.701849892824939 18.754876650147541 18.797608792180021 18.829919188742458 18.851991095860676 18.864288019792809 18.867492918277769 18.862426905635033 18.849961521330915 18.830939910284126 18.806120857843659 18.776155810405633 18.741603390117714 18.702979308057323 18.660832974602855 18.615836533766728 18.568868482709618 18.521073246382546 18.473880469805756 18.428973282989823 18.38820273384469 18.353454779665704 18.326485099043161 18.30874384350793 18.30121584059561 18.304300818456213 18.31775290591716 18.340689827117039
17.113866742646302 17.172356335054019 17.247157961593082 17.336189149932174 17.436999245857336 17.547063765760278 17.663964926253918 17.785461626344556 17.90947262977889 18.034009406002966 18.157098480251257 18.276727733299939 18.390839157860917 18.497375469445871 18.594373246591765 18.680083927694984 18.753097897317062 18.812446614346797 18.857662620865909 18.888785804130357 18.906314507631116 18.911110026753835 18.904271014397214 18.886999200511621 18.86047901276622 18.825791148635673 18.78387435594567 18.735541489870577 18.681546489158031 18.622689606959291 18.559940465683198 18.494553615166069 18.428150308530832 18.362743720361802 18.300692677694631 18.24458022119137 18.197026270732771 18.160456108271745 18.136855934692122 18.127551375493287 18.133043301330531 18.15292766686494 18.185913494623946
16.816549958364547 16.866315956241277 16.935977667069238 17.023811014467448 17.127748946448513 17.245609517158716 17.375202009425522 17.514324921556927 17.660691189756967 17.811827554411238 17.964995083509173 18.117167673977466 18.265088079326524 18.405401040283458 18.53484487894783 18.650470020016257 18.749847370011388 18.83123164867294 18.89365344504408 18.936926744202857 18.961573259775044 18.96867851360992 18.959705110390281 18.93629465257801 18.900090596032186 18.852610154025005 18.795184836091803 18.728977576735865 18.655071260864901 18.574610624615921 18.488968922275124 18.399904196968585 18.309668879510916 18.221041488038598 18.137260187623383 18.061853579951606 17.998381977537374 17.950119491598759 17.919720251954804 17.90891819682594 17.918307497169714 17.947239824436274 17.993857096763982
16.48254690278889 16.516198225095671 16.573733290275293 16.654190640379582 16.756294794464409 16.878574820434359 17.019355199470599 17.176648261894393 17.347999355811446 17.530344871281414 17.719938207773701 17.912381794173527 18.102778836249058 18.285992282831891 18.456976116117463 18.611129692374661 18.74462163818286 18.854635676575473 18.939504767395007 18.998718925224733 19.032812402771061 19.04315421160301 19.031679538248607 19.00060682686313 18.952185495061837 18.888512720992452 18.811445564131091 18.72261855198531 18.623558929409704 18.515874471039744 18.401474640185725 18.282777304424741 18.162852030489567 18.045458103756175 17.93495050541123 17.836048320519527 17.75348423681617 17.691576743342363 17.653783923761729 17.642305622511287 17.657797099174541 17.699242163986092 17.764009674646232
16.10783238552855 16.116386812555348 16.15324682426791 16.218720987340809 16.312831734415987 16.435272557971182 16.585234936468716 16.761155678524965 16.960456623005218 17.179353257203466 17.412796350920907 17.654584498186416 17.897651673919434 18.134499935945954 18.35772010500358 18.56052756300469 18.737238389340739 18.88362221833588 18.997089431930526 19.076697167317779 19.122986284293493 19.137685541169432 19.123336480443378 19.082900980544245 19.019412496049128 18.935722286906639 18.834374993108618 18.71762605014105 18.587589508151119 18.446482004564416 18.296910237491296 18.142138348107508 17.986270506315989 17.834293861128216 17.691947346744591 17.565410172715026 17.460835881952818 17.383788064922108 17.338656307688304 17.32814080693224 17.35288854019737 17.411343157598878 17.499838261976635
15.688296226777013 15.661386740470517 15.667684812660914 15.709370316554923 15.788357337951167 15.906030453424385 16.062852209444838 16.257920816524813 16.488576506409743 16.750153171041998 17.035949292731644 17.337453877307865 17.644817435796902 17.947514503384451 18.235111196849665 18.49803460668528 18.72824245466358 18.919709834512584 19.06868054652449 19.173667470760314 19.235223239788532 19.255533627892106 19.237907555600842 19.186247217865599 19.104579139715142 18.996712996848913 18.866072026785321 18.715709878681821 18.548497502792998 18.367434245480368 18.176013871242283 17.978562635958813 17.780465748925334 17.588211991599252 17.409213149909824 17.251392001070993 17.122574240838219 17.029758670069732 16.978368560275481 16.971599045733605 17.009967158225393 17.091143178602767 17.210098933815303
15.220561270710785 15.146844317911912 15.111780503491218 15.120095507362775 15.176253796989942 15.283908663823109 15.445229825075987 15.660223643843214 15.926177238102804 16.237347026621656 16.584976410053013 16.957673665684283 17.34212077046179 17.724028795183813 18.089216070526518 18.424668075560568 18.719444725822051 18.965328616321187 19.157150498510553 19.29277771063504 19.372799205915491 19.399980286217826 19.378586335936141 19.313685359637063 19.21053380490428 19.074130686329902 18.90899447934375 18.719179659887608 18.508509836057499 18.280967267332084 18.041149388863097 17.794686519966952 17.548514871764979 17.310916942071259 17.091276314083885 16.899541497494415 16.745446500688903 16.637584977864623 16.582470341681741 16.583728159613486 16.641555170514255 16.752542168323643 16.90990194607496
14.703130082613933 14.570913930991283 14.483417441635458 14.448627007735682 14.474246643803134 14.566793531636492 14.730583269761709 14.966764119427689 15.272570958047385 15.640947332450516 16.060631525669059 16.516730113371338 16.991724427350785 17.466786764294078 17.92323659799111 18.343949931784586 18.714548571919735 19.024236052082038 19.266204534035488 19.437601574582857 19.53910669794071 19.574216670857965 19.548369576576761 19.468048708223989 19.339998276245737 19.17065650093388 18.965871973687513 18.730921409980986 18.47079696478928 18.190685419403998 17.896526092305972 17.595515039131126 17.296424341320805 17.009628946495788 16.7467781074428 16.520108502236738 16.34146240289553 16.221135060440496 16.166718639305287 16.182125642654164 16.266957671848715 16.416336881603815 16.621245695813649
14.137752115027007 13.935840116704879 13.785419391147247 13.698447803225312 13.68654236958657 13.759652951727572 13.924644438317555 14.183999226857233 14.534856701020315 14.968569608835654 15.470884586162175 16.022759202087542 16.601729117021016 17.183654932297056 17.744624077952295 18.262767013245575 18.71976968255764 19.101919030397585 19.400593870825411 19.612195785905058 19.737590855395268 19.781192481302845 19.749851824990657 19.651732937089484 19.495335575666363 19.288793671926662 19.039526878644679 18.754263176240269 18.439389320363027 18.101530544697667 17.748218894302944 17.388487666221867 17.033232764551705 16.695212447418825 16.38861289569212 16.128181369574463 15.928009986418664 15.800126845957832 15.753102425484967 15.790895820133576 15.912141482735786 16.110014690483979 16.372723468394248
13.530818748857763 13.249531977799563 13.027293676008583 12.880685389411726 12.825839223509147 12.876627791656 13.042788936599869 13.328257390358694 13.729972059107208 14.237373420659551 14.832709127351517 15.492145069873937 16.18755676229604 16.88877475852258 17.56599568169209 18.192056631306571 18.744304789236978 19.205866841340288 19.566219315344412 19.821063751961006 19.971603587755069 20.023390295571929 19.984947319287599 19.866389405509516 19.678234145004403 19.430557056317205 19.132578450851796 18.792697733622909 18.418917373802472 18.019533409845906 17.603920766446777 17.183217707895317 16.770720232942523 16.381836373077945 16.033519439696306 15.743189718178197 15.527251916582149 15.399403223043482 15.368986111943046 15.439656716221501 15.608606775106338 15.866497958387992 16.198155059513798
12.894527531432763 12.526836913697712 12.226601443664508 12.015559262639279 11.914826852504319 11.942553873406652 12.111547356442651 12.427204589376295 12.886080311494787 13.475339368530063 14.173222492858477 14.950502822173565 15.772762244266522 16.603197052372479 17.405592501026817 18.147095813228216 18.800465214213531 19.345566402968075 19.770008375078053 20.06893616639902 20.244109288971451 20.302476773743805 20.2545046884706 20.112518022625231 19.889289386519032 19.597049065954231 19.247013603970657 18.849443138907546 18.414151415614555 17.951316935490439 17.472389034093041 16.990857607915764 16.522666182198623 16.086097285037116 15.701043066504736 15.387682328525882 15.164700752469553 15.047293084210278 15.045253034099046 15.161471905714476 15.391122850461585 15.72170858971934 16.134013150861389
12.247528944390835 11.790193544999473 11.409602475090733 11.133002009722171 10.986767576298941 10.993487740284703 11.169061132713411 11.520218030050398 12.042852468757307 12.721453411289509 13.529769949958316 14.432663550509544 15.388923741999182 16.35468484896613 17.287004305480359 18.147158683223825 18.903278294261696 19.532059176288552 20.019438596152455 20.36027072772481 20.557169517406585 20.618779093903363 20.557779690591829 20.38893803752547 20.127470828650942 19.787917440120744 19.38362480501511 18.926845086187946 18.429347332577031 17.903359180357995 17.362594851699093 16.823100892915161 16.303668195583022 15.825619994897133 15.411886103552348 15.085401061902296 14.866998205367516 14.773088151246794 14.813484047087568 14.989747872711737 15.294373918880522 15.711003442552302 16.215699083563642
11.614794299460778 11.069376194211683 10.610861974398706 10.272118957110639 10.084805406625412 10.075868173506171 10.264106424225966 10.657288571037892 11.250269796082964 12.024435034065251 12.948606356249682 13.981337815442561 15.074314993469704 16.176418432466797 17.237927065115549 18.214341163088456 19.069388569857264 19.776922952586638 20.321599401568506 20.698389595069958 20.911148566055083 20.970548748349884 20.891745370587678 20.692130772169001 20.389481420070382 20.000712272155688 19.541342467166096 19.025658094324207 18.467445409623167 17.881074020843695 17.282646119944637 16.69090511283477 16.127622174916446 15.617254155307776 15.185785000656502 14.858810606133918 14.659080459745416 14.60384005647801 14.702397362165323 14.954342949973558 15.348778214495166 15.864757606853679 16.472954325499291
11.026527660724931 10.400141574523209 9.8716189501169236 9.4792766864109819 9.2597860490542683 9.2440923095792833 9.4534635152116451 9.8962313073795016 10.565731470202598 11.43980243837882 12.481980120630787 13.644276589369317 14.871194944229075 16.104456126651215 17.287826124512314 18.371445691620856 19.315171272025268 20.09061043268624 20.681742911451451 21.084222521773107 21.30362406026336 21.353011740479108 21.250252395806761 21.015479838729064 20.669046737117519 20.2301923043889 19.716524703118147 19.144282568880016 18.529215438449448 17.887821801684716 17.238618456126137 16.603096473138493 16.006054572085404 15.47509128136562 15.039175644690362 14.726385056485608 14.561071365355744 14.560860154140316 14.733971010007094 15.077344687679963 15.575967659318916 16.203606551259579 16.924934675645737
10.516081300152832 9.821744702134632 9.2368917010521105 8.8048051040330169 8.5665820433283475 8.5565098589438318 8.797644052554201 9.2982245578449483 10.049494393646121 11.025307249840383 12.183656092480442 13.469969197321438 14.821756203370827 16.173993426194478 17.464548370047581 18.638970036336005 19.65410318877894 20.48019121646114 21.101372599895281 21.514707553399912 21.728058339236426 21.757265671826524 21.623105713846527 21.348481704145343 20.956215015012681 20.467671196219424 19.902307255296002 19.278075679900969 18.6124849802307 17.924010250463198 17.233483146315852 16.565079351738149 15.946569891828295 15.408610912126758 14.983005833826832 14.700064126024584 14.585372070541668 14.656446378340208 14.919825751462717 15.369142439864309 15.98459709211461 16.734049705714202 17.575673126261549
10.117003435364618 9.3734831927666544 8.751510748912942 8.2985341054949107 8.0591729180293843 8.0701108872668961 8.3552726493736582 8.9219893125369261 9.7587665189934309 10.835062880332105 12.103197939099296 13.502189442147904 14.963029240411478 16.414699446832849 17.790142028356861 19.031437444853946 20.093606953327622 20.946693268995503 21.576047904158834 21.981012012034576 22.172380799226627 22.16916431922504 21.995191544238494 21.67605703900875 21.236797990741209 20.70053669027957 20.088153291146973 19.418886940519855 18.711618019635701 17.986475148629676 17.266350390245229 16.577904837633525 15.951710545316608 15.421302721835414 15.021097406074722 14.783341764904149 14.734472916610908 14.891426520066837 15.258519368226086 15.825503077651383 16.567240883878416 17.445213973227617 18.410759606581042
9.8595190749512707 9.0906232252468548 8.4554856192229035 8.0046228745752348 7.7849862394015954 7.8344547735981447 8.1767040075513027 8.8172139520523984 9.7410711545831479 10.912985228547091 12.279618719123944 13.773978392646482 15.321301832718571 16.845654433493898 18.276367438930805 19.553508673176939 20.631766147715297 21.482399554789833 22.093221606467505 22.466855511533645 22.6177322260822 22.568414607778536 22.345858102985289 21.978149287696773 21.492126534674167 20.912108775918934 20.259766123168191 19.554983784189311 18.817417405332193 18.068328751630279 17.332237516259788 16.637937147968103 16.018504688770847 15.51008428759487 15.149428318213207 14.970413316490051 14.999973055634545 15.254064101616581 15.734358238384402 16.426312017329465 17.299089615116664 18.307532469461329 19.396026042917569
9.7668854901941007 9.0002176251187276 8.379285572686122 7.9563294838535228 7.7792096836746349 7.8856048416253763 8.2976836091554826 9.0180628297287075 10.027736891145301 11.286401281411527 12.735241281583175 14.301877806024663 15.906828221309935 17.47061383628612 18.920568668302867 20.196486234709276 21.254460818171868 22.068589778271154 22.630543201739272 22.947315743439432 23.037704442609336 22.928177323432372 22.648804910610714 22.229834182278132 21.699318861629528 21.082013802305735 20.399526095858263 19.671517999144001 18.917597218764286 18.15942347061333 17.422517548303802 16.737287972011504 16.138893643143653 15.665734322994282 15.356588794540565 15.246674793732319 15.363144701171754 15.720709368508082 16.318154848134427 17.136453041400685 18.138962066672605 19.27389092288972 20.478820539646165
