_RESULTS/CROSS_VALIDATION_POSTPROCESSED/MHZ/IZ/7comp/2/MHZ_IZ_z_125_kriged_reverse_7comp_spherical_2.asc
ncols 100
nrows 81
xllcorner 5.5967107548124995
yllcorner 50.982328804812504
cellsize 0.00017565037499993607
nodata_value 1.7014100000000001E+038
[rows 20 to 39 of 81, columns 0 to 43 of 100]
7.935091485034311 7.902098578433453 7.914850509944308 7.977348357276674 8.090905898758573 8.252185446579094 8.452649089639994 8.679761209815195 8.918901358647306 9.155055455442502 9.374096021030415 9.563761660032673 9.716576133508987 9.82754331390647 9.893139883910873 9.914437514760523 9.894407248318092 9.8371768417414 9.747416061489353 9.630888210748648 9.51426355174914 9.410196153759252 9.311367282891066 9.221387538610346 9.139984080060454 9.044970352778556 8.91968705204529 8.76767039785797 8.592655108436656 8.398667710366494 8.190103419294426 7.971862183581013 7.749584683512397 7.530051116536203 7.321812621645736 7.136015545825956 6.987509438574288 6.909379984169341 6.916537866832989 7.005343472882868 7.163664837656422 7.3819081957053125 7.674297867970231 8.028210705491672
7.840575140463553 7.826059176754964 7.862064583560442 7.9521071574433195 8.096706685881284 8.291655025325683 8.527521017905894 8.790582692493333 9.064623371514033 9.332901559325958 9.579895542341514 9.790606284821628 9.953844191117252 10.065354703964525 10.124564883399934 10.133881960725194 10.097785716098079 10.021911888644281 9.912267185362987 9.774637878034351 9.624963472469306 9.49243818022094 9.37075344017337 9.26026590790967 9.15530128600863 9.053500239473975 8.933027493757946 8.782556960120543 8.608770662416699 8.416547822942112 8.208774594771615 7.990144338229076 7.768202870757531 7.550994054248919 7.347430889062173 7.16884850997237 7.048667252989207 7.001775429115696 7.031507516424543 7.136658598546479 7.31018074801843 7.541994843475475 7.828735605409472 8.17663119429999
7.757630634125966 7.7550557555807265 7.80706249695423 7.91928861450438 8.093728211827118 8.326016046661053 8.60512632497933 8.914563022458543 9.234715720922262 9.544325055389288 9.820166309225376 10.047623285459041 10.21763618091756 10.326325041066248 10.374489507707938 10.36650530306507 10.308985513195305 10.209532661426865 10.075765140229038 9.914662143045886 9.735606088941738 9.57295230264894 9.429721129102234 9.299611009311965 9.173932726905143 9.054477462246279 8.940432866169028 8.800660270181432 8.627254473983776 8.427133195704004 8.21168747021087 7.988433826944162 7.764808909768085 7.548401442139574 7.347617955394198 7.194739995872649 7.107206724829854 7.088498568961536 7.142966278691949 7.274244084366208 7.480944404609664 7.751279910506905 8.063484930449754 8.413237516255997
7.691532638936331 7.695055490893648 7.757189597308581 7.887651863581499 8.091781421723395 8.36597045760591 8.69659666736753 9.062732804487714 9.435907708025756 9.786083921744375 10.091809164809469 10.336744320249549 10.51110949216622 10.612058470296764 10.642750340771762 10.61054693695394 10.525014183487851 10.396247459689036 10.233725010219997 10.045657742860953 9.840478228097979 9.64707176343424 9.482302764157298 9.334293514021596 9.191608948644136 9.057613071385203 8.929595477176536 8.787078202289388 8.611824404570847 8.410063641260223 8.189350594834846 7.962706609249993 7.73814374141749 7.522552423904178 7.340940621099763 7.220644603754038 7.1621457395648624 7.167593702715388 7.242716015380456 7.398707711927507 7.645508696722366 7.972792460761305 8.34966616347727 8.74271123864382
7.64523433780004 7.647739362891253 7.712127235317226 7.85568960481832 8.090956745068299 8.415031331460124 8.80799160456953 9.236540517417854 9.664097724707608 10.061395933253943 10.401056299586235 10.663248406273006 10.83765960774498 10.923523875861529 10.927889414736363 10.862561836840328 10.741085930487834 10.576576243831987 10.380504332555615 10.162599801892606 9.932598968234087 9.709759343283178 9.522145928070548 9.359206532963306 9.201047685233167 9.040035380084642 8.883520502176898 8.733196954006901 8.558139585593334 8.358979474463265 8.142056195287152 7.914628474529009 7.690168259250943 7.484226567589671 7.335701613311282 7.247238847209149 7.217203617065299 7.245077589100515 7.3347197309165155 7.505803611599402 7.798975258634747 8.204005731958645 8.66180700600516 9.130006086725336
7.623565576241707 7.616840482693431 7.6713632666888705 7.817731282337298 8.08563934518703 8.473177032591451 8.941378244111958 9.440535251904148 9.931885958355778 10.380412782118281 10.755418491660258 11.033025952177988 11.200293206159822 11.260198507405352 11.226154925049473 11.116491035325227 10.949897260259934 10.74286672138451 10.508752072678732 10.25959246783255 10.005390457457647 9.762102430322999 9.558666286304435 9.384866455445687 9.20185723230391 9.01488304473745 8.832923958929765 8.664379339771424 8.48502017723102 8.283257662127513 8.067203599648485 7.84497405981857 7.623578121942158 7.4455355552180285 7.3305513958864434 7.275817872491526 7.278236114040862 7.334149769393399 7.439835389459704 7.601170070526534 7.950317012212784 8.466130983303376 9.013735319912834 9.561326051181648
7.636826578709028 7.61466868875605 7.642479927006771 7.768837581150256 8.071698219838819 8.545589185969188 9.103240779432962 9.68519694021408 10.249407515229123 10.756174453606866 11.166984325431699 11.45227708474572 11.600532365735644 11.61851037908024 11.529879767545273 11.362356264543772 11.140773123705031 10.884842568917902 10.615877847883821 10.349732986537884 10.08834473429274 9.837301368912724 9.620093935075563 9.41791882769723 9.21303158732997 9.004332556926819 8.800652814273082 8.610929021858345 8.42566410857691 8.218348342123765 7.996833666768485 7.76976478503119 7.555704468935468 7.403602442693778 7.322907174434641 7.305592567645642 7.348498852948129 7.448298097598557 7.601920248616863 7.817740576526881 8.22371869496014 8.801842932392997 9.41977450498028 10.041315078690143
7.7005100496738645 7.667899874723327 7.66026818980915 7.714097631370738 8.061456577082353 8.662276675445577 9.317547594611701 9.982205728075764 10.622008895144381 11.193474688951701 11.644517735381667 11.930080822647056 12.036873355384039 11.98897735330662 11.824937340466562 11.584622147361962 11.302497105848017 11.013856190615423 10.730470602674059 10.455447881002948 10.188915334225431 9.930494509118253 9.686438462703183 9.457053565785287 9.231318790018538 9.005587986847381 8.784121893726356 8.575930271103703 8.381158863333775 8.167667701492302 7.939890770739558 7.70729530567909 7.5082957463044275 7.37427458934458 7.313111661392431 7.331280573602291 7.42232224926846 7.581379625845697 7.813771170186906 8.141425589851274 8.60721150337538 9.20425045272075 9.872843883275301 10.562971009907068
7.82836461236649 7.810301037102263 7.812454619850562 7.852220592258632 8.235998177859443 8.900808387779351 9.609383756901037 10.333324808501226 11.041982336216362 11.68587678723935 12.188933111841738 12.468707831391123 12.503136329608116 12.35105851061215 12.087081792198152 11.772239361637093 11.452731193684077 11.142797378296073 10.847141303065579 10.566108671226186 10.297309842120765 10.020111850892805 9.753293485225239 9.502741216630273 9.25636551544565 9.016335195341124 8.781323369211798 8.557901641888426 8.351575161141112 8.130729819185678 7.895246863472255 7.659313171180459 7.475619427894081 7.359842674613884 7.3155096956531205 7.3554753073906 7.485816130504346 7.708096464790483 8.019457970143025 8.43450418079781 8.96830786003932 9.614691753287921 10.341356127894564 11.104745647074285
8.019860389508773 8.04560678886433 8.120112025950322 8.298462768340864 8.683271358302749 9.272280653659065 9.967123576726209 10.712890897895038 11.473514782487227 12.199340739703818 12.78831196986149 13.062801145242748 12.96851495542844 12.665209436147103 12.296376539693565 11.929825484824521 11.580497591644395 11.254180037396983 10.951290966998107 10.669438828339528 10.39354047995045 10.099797288530374 9.818231450102981 9.553669802375858 9.293434673589363 9.037471976744744 8.791253254466792 8.555790504582731 8.337285101760825 8.107185739509976 7.861684309856512 7.624429613556794 7.450527957997973 7.348326435144156 7.32109427601681 7.380425315436819 7.538882466711979 7.805046219550565 8.18545033572667 8.674942838410162 9.278368966452001 9.989848048885104 10.7873922877323 11.634584772681544
8.257134993769917 8.336595915319094 8.48440938066792 8.737675853202047 9.132518213674294 9.67582662982344 10.33238828157069 11.06436540043882 11.8424713448073 12.636564531703879 13.379213369734028 13.686575415576085 13.336820412910857 12.872988642429146 12.431617154389587 12.029002088347719 11.662632006599367 11.32972751585465 11.027849760522804 10.751527079471517 10.466319743442494 10.166464584186398 9.880430780039426 9.610059115956373 9.344169911927356 9.077946934252608 8.817314874192956 8.569814296085672 8.339241357283333 8.097108562092718 7.838195927120514 7.597318645738198 7.426142384887817 7.3310391637180725 7.317081556739867 7.392258082943437 7.573968090877741 7.87156650938691 8.295674016767261 8.849826800722022 9.51991761448936 10.300221664123473 11.174494565494339 12.112965395127471
8.515998740963537 8.642397702913065 8.842027992583805 9.131159743046451 9.526790671166728 10.035385582391045 10.64267705998645 11.325452147512088 12.05996613913127 12.821666356999245 13.569507202744802 13.871033998646906 13.39496774553767 12.902234111380498 12.450105829862474 12.043319619384697 11.679992643190213 11.353842634814663 11.063540999438194 10.794861261348613 10.511299842270843 10.219410771546334 9.941497541070833 9.674787475814796 9.411929275776968 9.142253870734047 8.87123935050978 8.607215362780074 8.359493259917304 8.101227046825159 7.824073432647465 7.573267248363071 7.396043484610049 7.299929594236529 7.291944595279107 7.378954307094508 7.578153480554802 7.9005339241372585 8.354416434135283 8.94969541067617 9.678777620538623 10.522034746041438 11.467723933825337 12.493405689353978
8.775961799093349 8.936555362028896 9.166008255568343 9.467155234443187 9.849924668160122 10.317949154737274 10.862173266025735 11.463287643007867 12.092620948089248 12.703254031619462 13.190262291129793 13.334083555539971 13.106320087638238 12.733496096314775 12.340351495566003 11.96587910246405 11.624132972643451 11.317374479262744 11.049051842522124 10.793801693047113 10.527083831235196 10.261239477780054 10.006100592162708 9.754728193988196 9.502259456646636 9.236139776520535 8.957771204346091 8.676507694382575 8.403608044853446 8.114439884877427 7.809046517696067 7.5384651896883605 7.344877619714218 7.23867298925855 7.229821141129856 7.325933564339976 7.539960337617384 7.883396788817652 8.360342890345478 8.978698182369191 9.745698846527425 10.637393271931323 11.636287975820004 12.726481726319678
9.025053651050499 9.205799746899778 9.44625716568493 9.741809905150076 10.098253791326 10.516007248206485 10.985740065472928 11.487318386344846 11.987236851245703 12.430846929088874 12.731211603834128 12.816914299671748 12.697468359814373 12.443973607647168 12.132604520516535 11.80841579835534 11.497177655577223 11.215233542173088 10.972215813946363 10.742773003934326 10.513974187725887 10.295917840160786 10.08102137081219 9.858344913176358 9.619708890194637 9.3579590473329 9.071448553972795 8.772229940742385 8.47173430530915 8.145143626575779 7.799924228096343 7.492086313443423 7.266780595129838 7.13742025955883 7.117476947073306 7.21663489910598 7.4433135998540445 7.806968934407737 8.30641934639042 8.94286078695747 9.720775751852965 10.63800394280531 11.66119279524969 12.776645998000324
9.25768532497969 9.446526134764168 9.683315141262987 9.95980782304448 10.279182928952931 10.639327325768013 11.029681099286408 11.429573834212414 11.806234767551366 12.112653841628369 12.296764364899145 12.355579947215071 12.283522900747599 12.106483920212254 11.864290989687019 11.59046014948237 11.310721333608125 11.049595190962126 10.82709373344583 10.63818522415835 10.475745629277673 10.32744261195742 10.167656769692751 9.979964594431872 9.76019872480309 9.5080612963975 9.21833575598498 8.902200578336172 8.570807183343701 8.201134236166379 7.809170418468946 7.450814658755049 7.176527206129108 7.004864833887843 6.9581452473839915 7.052712142806261 7.291406882262614 7.674205999883702 8.191660116739488 8.839951903898708 9.620805835833119 10.537413868122568 11.556855077881739 12.653876986849191
9.469344478531543 9.655893271336593 9.877490444109066 10.12480506624041 10.399836807310624 10.699108665091885 11.011612797291777 11.31788614328444 11.58959905736089 11.790501139264018 11.903678168444104 11.939693682234374 11.889276198620525 11.760751460005112 11.572735245099116 11.345383107787235 11.097023555045602 10.847443847496027 10.622519344153405 10.49323752064299 10.436229868198604 10.370585719766487 10.269101540362307 10.123881891529011 9.930859437420024 9.69009261527822 9.403206320509394 9.074475936444799 8.707915847467678 8.289951130343354 7.845604474121687 7.425808595121401 7.0875047415523476 6.853857414092293 6.763218267510536 6.85059926313073 7.108811065760332 7.514429527322133 8.046285596207301 8.696849492222873 9.466130001376557 10.356570865551918 11.34937362627396 12.389809681256969
9.658435502197186 9.833436701351047 10.030088769115757 10.240691718711261 10.467560534126974 10.706737148444503 10.947519450782567 11.172683487371478 11.35828136781706 11.475673217658375 11.54245934188432 11.560957687416117 11.522387385826868 11.42738059212727 11.28373612389382 11.10274013872473 10.896013837940407 10.673449040943469 10.418278873854455 10.385217752125975 10.435835896047601 10.441448362713514 10.399183639812845 10.302493244287762 10.14376023327847 9.918767037916695 9.631917008766463 9.291449444670462 8.885725939601976 8.418463842335232 7.919668533591534 7.434180917744615 7.021812014794883 6.702580929243015 6.535670782045195 6.623909212364321 6.924347537489249 7.3571555345944075 7.895785120604507 8.535513140972412 9.277296824075387 10.122244595280439 11.06149052507934 12.03201924679613
9.82538154593152 9.979202549898332 10.141345766480127 10.310270084429742 10.488695796433786 10.671940711262314 10.84974413884002 11.005748933587492 11.117980799101183 11.175041800807756 11.208165644738195 11.213191996196748 11.182231090971145 11.112952531449192 11.008579356502263 10.876893987272302 10.729347712222577 10.583777479457671 10.462500107360007 10.445472395243275 10.502915557835832 10.551851334916462 10.564035310057752 10.522076756748083 10.407843306625521 10.206311724350412 9.916544353530647 9.553308250242768 9.101204725306424 8.585631422654266 8.039648533986666 7.497201773072551 7.019766323445226 6.6143269785861545 6.29571850074514 6.434173006661112 6.796139233400207 7.23960707019466 7.76572888007887 8.3771955360985 9.07592023823091 9.861608417711102 10.728524192486313 11.62908410775215
9.971909078948567 10.088190947699585 10.20681191971497 10.334002867460896 10.467977544078037 10.60230684472344 10.72565773854425 10.8209641906362 10.874460386349337 10.888320716341715 10.89576056326057 10.890081768061801 10.864472377463489 10.816025092466626 10.746713983279447 10.663795275039792 10.580395621043603 10.518375484527015 10.498260785106018 10.526205832069959 10.599536084097476 10.684923766382573 10.753189125731142 10.777955311258522 10.726314131858976 10.56150495306139 10.268359406139774 9.856318239994598 9.34627721724481 8.782924090349995 8.200865985675986 7.626786268430509 7.117392659408107 6.700214188753481 6.426404063578923 6.493936079847323 6.792094380533512 7.1922134760336025 7.675041795562071 8.23765940403289 8.879310195041262 9.59628442415853 10.384194993233221 11.223743487198242
10.059948307946891 10.131230615971267 10.216728125297761 10.311681218970591 10.409666895287122 10.50322476569711 10.578272027613849 10.624452045836751 10.631845773450063 10.613763721396944 10.600679474911406 10.58580370544569 10.563520044921889 10.531376704442822 10.49136238282383 10.450655923662481 10.422031863652323 10.430320555470516 10.484541975845204 10.565067367751785 10.67621897649264 10.806763071158299 10.938953675713684 11.048556924860124 11.091654209976177 10.990728329463403 10.683608534752794 10.188747394400204 9.601371879855442 8.989476326431154 8.386212064594835 7.814427970651416 7.312440240403208 6.9338414409442395 6.722266453778563 6.726373251746579 6.9183450578713845 7.239829218426813 7.65508483052475 8.149441658126179 8.716015599818071 9.350043786069522 10.06043344063477 10.83668723066777
