_RESULTS/CROSS_VALIDATION_POSTPROCESSED/MHZ/GZ/3comp/2/MHZ_GZ_z_63_kriged_reverse_3comp_spherical_2.asc
ncols 100
nrows 74
xllcorner 5.5967023332191781
yllcorner 50.982320383219182
cellsize 0.00019249356164376555
nodata_value 1.7014100000000001E+038
[rows 19 to 37 of 74, columns 0 to 41 of 100]
0.11395785746396354 0.11965124322547929 0.12446191995905996 0.12839007616618406 0.1313545507891002 0.1331484971498836 0.13385425542217755 0.13372523579857268 0.13304552546803114 0.13205135558414693 0.13093224550552793 0.1298678492181748 0.12886792792722399 0.1249384161704161 0.11662953064797876 0.10578823537184542 0.09404252049639308 0.08266938904993128 0.07261616107127054 0.06407660960269515 0.05337867543213078 0.041392724174533525 0.030332030375571625 0.021248379542642002 0.014321639043770248 0.009343200135214585 0.005929854117430179 0.003679902210186954 0.0022465398831369708 0.0013613126083898033 0.0008305518658170388 0.0005218985460062756 0.0003507525623922249 0.0002756525519358432 0.00026668606231934725 0.0003203711392715902 0.000463074065670543 0.0007631749630990332 0.0013777989274770873 0.0026849145840064153 0.005429949013941913 0.011031482728549443
0.10801472153529917 0.11293846965767945 0.11721345777803384 0.1211647597245898 0.12465056362250626 0.127463928942873 0.1295625415859595 0.13102281680971126 0.13198318386515287 0.1327118251257582 0.1333501808788363 0.1339507069622008 0.13453502040445395 0.13506990640380936 0.13445250484182375 0.12983667202022398 0.12210370434015431 0.11244338550328123 0.10221071724299212 0.09224061568792202 0.08012535871412936 0.06438457171073708 0.04858695145260443 0.0348714034385843 0.024005047055965078 0.015945712095727156 0.010295513800202114 0.006500879897969993 0.004046796050894249 0.0025100563888862813 0.0015739402419398625 0.0010288816644957958 0.0007522485365280557 0.0006377416575586546 0.0006378362629568161 0.0007546577599816274 0.001035857342518465 0.0015931332259280732 0.002639520822494387 0.00462057465297163 0.008442692285691085 0.015584987129549813
0.10363097463845498 0.10798795815422804 0.11183252243439881 0.11560179788303075 0.11920130268543654 0.12253169454219168 0.1256048883280924 0.12841299712181115 0.13103186886080048 0.1334986968170821 0.13583710184425982 0.13808900755489223 0.14030601000186405 0.1425168029801642 0.14465227773502426 0.14638699214806883 0.145777234192659 0.14050199125602472 0.1313005222114112 0.12016435766803878 0.10800505583950658 0.09025859074456294 0.07050999449374908 0.05214083523407299 0.03688038244459795 0.025100834586575724 0.016566634851106713 0.010695440208874762 0.006808857909005817 0.004332926008991784 0.0028538444374971448 0.002023192080576012 0.0016008168688660897 0.0014398577191247247 0.0014821224365601023 0.001745410236593149 0.002319213571760952 0.0033927193254414557 0.005303739531904556 0.008596680922135388 0.01424967683262911 0.02392222291031493
0.10111126599759782 0.10508772118025154 0.10865093825630492 0.1122779543330799 0.11588119970147558 0.11937857216501926 0.12281020694967573 0.12644183080662919 0.130369739770359 0.13441990806421344 0.13832512481633108 0.14210387144931777 0.14584133283740502 0.14966248757500963 0.15366652767243388 0.15777039872285276 0.16113210155219204 0.16026402755524594 0.15176716623592199 0.1399356661756205 0.1280651992888027 0.11179286399921522 0.09087837534153098 0.06962864209579019 0.05082700663107041 0.03562428241999548 0.024137572100813274 0.016075245639546674 0.010714197146816595 0.007264483837923216 0.005133149724653489 0.003929694722498378 0.003321291850555584 0.00313710158311761 0.0033147541313775643 0.003909769698923588 0.00509201013258698 0.007186515693324516 0.010734104689551367 0.016540892226857996 0.025647134690261413 0.03935583760143743
0.10030849656998297 0.10403153488177225 0.10738388562714762 0.11087294225228966 0.11443502436587602 0.11804410598934938 0.12193292204599875 0.12614127601778713 0.13067170298104294 0.13555069564838687 0.14076282054518577 0.1458291090461884 0.1507757801557166 0.15581578112286412 0.16120890091681148 0.16721565255653126 0.17404812800021321 0.17768116329944655 0.16221873216247745 0.14766423291375655 0.13464918001586612 0.12178946218489184 0.1034806409818399 0.08278950221973991 0.06310974911057501 0.046379021845947895 0.03316866617643787 0.023403418840374578 0.01654461275536969 0.011917326673529249 0.009044867292468246 0.0074052246315532535 0.0066237222240336695 0.006525473789491213 0.0070644882632088235 0.0083782271455716 0.010785228405213305 0.014841578691892027 0.021406673129769897 0.03165110310263577 0.046883968653773936 0.0680469151702693
0.10114359230627232 0.10469720354377575 0.10785676026643869 0.11117503683370543 0.11463767052258078 0.11845993312312623 0.12276652885906342 0.12751197415796223 0.13259879818502657 0.13790988500656992 0.14339798827381767 0.14917880991396434 0.1548494320251514 0.16044796235241598 0.16622360028590127 0.17225271112379759 0.17761393522332034 0.17680431735588045 0.16522138672745032 0.1510539756123094 0.13767508812800494 0.12569684893395294 0.11209081323787727 0.09429391618626841 0.07569521801244458 0.058706598267701526 0.04439959404581833 0.03314604231255984 0.024777899135749668 0.018943727528148165 0.015354206947143656 0.013340056398208245 0.012540429589884102 0.012821470049367296 0.014198171647921627 0.016970194529274514 0.021716891300879226 0.029371185798749727 0.041271576624311024 0.05906095713518862 0.08422295107441777 0.11706826238449371
0.10360716165324804 0.10704031553980409 0.1099912593645024 0.1131964872272168 0.11685153463285959 0.12114793844252114 0.12603453706242945 0.1314335332750708 0.13717381425801423 0.1429265684903326 0.14832681836321984 0.1533966492994639 0.1586334869159923 0.16374555826125436 0.1687844658334785 0.17339284861242404 0.17537028638489074 0.1721929064005858 0.16310863266157405 0.1509463027541357 0.13837390101049496 0.1266034371435455 0.11604322470367012 0.10299328405297553 0.08726282144012205 0.07146836471693786 0.05713620816928043 0.04505561431543216 0.03551299308934598 0.02882547284805846 0.024757962527051314 0.022680013044450505 0.022282022505177895 0.02354375469290736 0.026620564990687885 0.03210176306824589 0.040992433544640924 0.05480685858318417 0.0755731235198342 0.10551214993260542 0.14603216775586428 0.19581291112151936
0.10776408093742741 0.11129122454384507 0.11444697362193484 0.1178287403804522 0.12185301370708435 0.1265728331919381 0.13197901901167286 0.13804326996054772 0.14459374291548302 0.15104109225686463 0.1562835514471024 0.1600018431691075 0.16335870963192006 0.1672293931101756 0.17065363729451938 0.1725070517942393 0.1718468411887564 0.1676415940146291 0.15951854706119115 0.14884627336173306 0.1373299862329639 0.12614183701417048 0.1159054196946361 0.1067849933127397 0.09562703431562176 0.08273082109149883 0.06985697271663162 0.05808671698532165 0.04822601063376119 0.04143158701827247 0.03747974057978747 0.03597522283846336 0.03675871858045895 0.03997895811542532 0.04605452415834967 0.056028230255592296 0.07153324661225062 0.09491183524122591 0.1291395643382063 0.17716119443197564 0.24000015774804645 0.31322885546182555
0.11428985686829099 0.11835759971191742 0.12183285958940328 0.12540231401613125 0.1296713025833568 0.13465288391935398 0.14040168976769815 0.14699502185485086 0.15444537782194706 0.16224824386847705 0.16751225160117478 0.16869146765906498 0.16944922082796904 0.17090422140051909 0.17214665668614615 0.17164813438213616 0.1688177722270142 0.1633344465422135 0.15549949566893284 0.14578673316226234 0.13517589096724864 0.12465323232467422 0.11485687648542355 0.1061329625329324 0.09861359554878145 0.09012460829646962 0.0802910358946462 0.07027846204214827 0.0614262751543508 0.055587564510923906 0.052696644939993244 0.05268726173966816 0.055736969019360934 0.06213198031451858 0.07272146850670046 0.08913758513699613 0.11380782081382226 0.1501044631413726 0.20219959881316923 0.2740525224483941 0.36643358056496084 0.47071738466792684
0.12392107982624509 0.12863643111984238 0.1324953766047314 0.13617083252152712 0.1404612084921113 0.14541524864218597 0.15113191556321823 0.1577549648362902 0.16547213989390866 0.17451707689598261 0.18054170049107232 0.17761242758142587 0.17552850561719868 0.1741755588427878 0.1732726004619615 0.17107877434091576 0.16671991037095188 0.16011525198525112 0.1516815691599853 0.142262322583431 0.1323444731299147 0.12243769866235533 0.11313716802633397 0.10479580372463157 0.09759136600263185 0.09159480608997292 0.08591384475681066 0.07903388467470411 0.07259110148207593 0.06888457844629703 0.06811552643350202 0.0705942391465126 0.07691883706999741 0.08750507155038481 0.10370882021756425 0.12775671157053173 0.1628453455702798 0.21332070788869997 0.28454147225533677 0.3818059143380608 0.5069223758105492 0.649365310676161
0.13717843201763996 0.142659810241289 0.14694243364574 0.15057650377589132 0.1545398663680382 0.15903573410551625 0.16416147948202797 0.1699882645218622 0.17645673230264897 0.1827342168700395 0.18557755708722534 0.18347251852055937 0.18008438192880777 0.17687685089143806 0.17405297684654497 0.17077998046038434 0.16540913663201762 0.15789664275733475 0.14873470347268805 0.1388152969840157 0.12907336890384297 0.1196994280949532 0.11090241903134665 0.10300542906608617 0.09617842671900245 0.09049666474597143 0.08582964368481447 0.08188002612223709 0.07881804784285971 0.0780980994837725 0.08020363285782864 0.08579332697642446 0.09573326672023032 0.11065922478500144 0.13227478110189203 0.1631677184825474 0.20691678027395682 0.268250783251963 0.3529483125927884 0.4670683215181255 0.6146170768598311 0.7923910546746192
0.15433754356926893 0.16088676180677838 0.16562699171489192 0.1691125296466942 0.17225615379979994 0.17568555581414072 0.1794560792308428 0.18344975104440853 0.1872621128021968 0.1899578800743309 0.1901371080916644 0.1874830759997792 0.18333981499217614 0.1788231606788897 0.17445134330341072 0.17018159383714238 0.1641780237712238 0.15594543367642216 0.14604338032704067 0.13557824136631128 0.12555539410768196 0.11654404564317095 0.10826179108901904 0.10085878247638935 0.0944797232695131 0.08919077826466067 0.0848269442005779 0.08113805474308057 0.07910278319916929 0.0804648916581894 0.08531454831753887 0.09380178959296562 0.10657470914601852 0.12461197147058278 0.14957376621653232 0.18393736740310804 0.23093675768064426 0.2945774898352846 0.37940500105043706 0.4923832326593058 0.6441209846762814 0.8472257243805329
0.17435264267879805 0.18213182721745255 0.1871686623640241 0.19027016556904652 0.19209088317817258 0.19385391564473645 0.19566468956228567 0.19725000161483647 0.1981208193372077 0.19767797627970432 0.19527078725372052 0.1906003253899871 0.18457723308528104 0.17828924427494494 0.17246425285947894 0.167345300886863 0.16129277183496205 0.15261121533311262 0.14187200871918854 0.13088850375445454 0.12084076319724509 0.1122011930765632 0.10491521827564056 0.09837256504477102 0.0925742508796524 0.08774709080715258 0.08372400873702908 0.08034039365003172 0.07849087530579126 0.07997752162824177 0.08496511658541998 0.09383094027491024 0.10701016697409607 0.1254462587420677 0.15038736507380926 0.18389606141652515 0.2287688411585827 0.28872194873387813 0.36850927420694063 0.4737030329654336 0.6103882006609617 0.7807204158855299
0.19721432944115455 0.20611460065254195 0.21076331206367765 0.2126846159975956 0.2128727451737059 0.2123869200478113 0.21190364304000292 0.21102804836820657 0.20919375948524718 0.2053093200500742 0.19913825480058003 0.19136160386239273 0.18289532938726671 0.17469744274059618 0.16751912647241043 0.16179408435796333 0.15656227939213144 0.1478331118251737 0.13574538571746939 0.12434164510497789 0.11455319111637141 0.10648994719934149 0.100115023256345 0.09481557113133253 0.09019109696220354 0.08619917479285877 0.08257897258729574 0.07953995045640386 0.07778881925407502 0.07924176384455987 0.08409918740709435 0.09242808086702863 0.10482295041775627 0.12216569219935448 0.14548138762729676 0.17647114083436988 0.21689705871536336 0.2693100244151929 0.33678526948470994 0.422141330148486 0.525894891812866 0.6412998313648116
0.22295059466679043 0.23240837129763223 0.23521150735096313 0.23480907254020394 0.2330001902647475 0.2303728208006422 0.22754364860048332 0.22415329706679477 0.21864044623836273 0.21074950044599727 0.20084000215088338 0.18969593513879637 0.17848424932843884 0.16814503784854554 0.1593751284603179 0.1526459467373291 0.14779554886953514 0.13951329571149723 0.12666361935249054 0.11577182153447195 0.10682374958861504 0.09969168618581119 0.09425287106420324 0.09022890855753447 0.08687933310685672 0.08403256661802495 0.08134507602099976 0.07879512470585863 0.0771123771735159 0.07838434097583336 0.08272002087404488 0.09022845814772928 0.1014829125079671 0.11718366439238143 0.137594778785437 0.16365446263183533 0.19678955829029823 0.23858174162478354 0.29044893024236085 0.35282716712569995 0.42400789152473495 0.49626710730178886
0.25141201743356445 0.2593414904393625 0.2576856334823589 0.2540845980320423 0.25038137117601716 0.24655082424704794 0.24175845368351917 0.2347788296020901 0.22537444566500367 0.21360890346640943 0.2000267217023541 0.18566127619806871 0.17161960241828703 0.15900153503644307 0.14839560810145827 0.13996122939011543 0.1329988605098013 0.12454095706855936 0.11464797835298865 0.10556325711718383 0.09804322444723948 0.09215611516102355 0.08783419322756951 0.08498258506898333 0.08293843154499173 0.0812157875279842 0.07958145064496373 0.07801316463785961 0.07661550838515757 0.07740219404579708 0.08095760380761419 0.08745430146875004 0.0971966666077826 0.11003987395193891 0.12626674306707686 0.1465975749277923 0.1718263048300232 0.20268135862244147 0.23951378974874818 0.2819687492085861 0.3280965997759831 0.37327406630438936
0.28359908688957913 0.2824734364010507 0.2751418305156764 0.26964807179945727 0.2655198299805833 0.2615610493602008 0.25503240602514216 0.2448624021850561 0.23130215141566202 0.21494508543812735 0.19704141109368103 0.17925587215037886 0.1626796115772857 0.14796204959774514 0.135693905997129 0.12584676684713827 0.11781344872499676 0.10983154648551653 0.1018896524371034 0.09473189999854163 0.08883248607848787 0.08432685585261816 0.08121077265579445 0.07945756732834112 0.07865690166991297 0.07801020397551611 0.07742848228662967 0.07688427449383045 0.07618821006844378 0.07638860109415783 0.07921573777383659 0.084585117342489 0.09207543305512328 0.10173690771922154 0.11365704052534074 0.12820039271894798 0.14578086700917275 0.1667957322897606 0.19126891520663125 0.21876103088715898 0.24942318696119545 0.28144028757332046
0.2791251604177676 0.2851294234893176 0.2815837152362198 0.2786538374007979 0.2767370360537374 0.2732981240554361 0.2665000654759302 0.2551935651027583 0.23851632297624 0.21732278999596932 0.19423731050360885 0.1719260874567867 0.15218671138738551 0.13577262525277048 0.12239083202331397 0.1118504222625819 0.10361971745475776 0.09629928733908964 0.08974891000551016 0.08419138080134968 0.07980038592766858 0.07664151144284084 0.07472087085696297 0.07404140588201744 0.07428775818216693 0.07467268923343758 0.07511547051773247 0.07570419237199094 0.07629545852619299 0.07705230587039708 0.07940077154427529 0.08326383242672147 0.08866784818943488 0.09544391074174831 0.10352176406863307 0.11299244720939762 0.12395208357985227 0.13645969418110745 0.15074100346345237 0.16861078025798013 0.1905694247748925 0.2145777955464399
0.255155675685321 0.2705224113814309 0.2766989731832621 0.27999869164774926 0.28176048407664805 0.2803612559100359 0.27522170204526886 0.26479384764555214 0.24675463449794197 0.22094992368920915 0.19194495772850553 0.1648521910249888 0.14189020859087886 0.1234458373827348 0.10922432327714335 0.09861474226495458 0.09065859091927272 0.0840824371214985 0.07868394818763544 0.07445180170321962 0.07137887614994301 0.06944907261822071 0.06865178299554256 0.06894917535093696 0.07008988982498929 0.0716829171935598 0.07375572470575764 0.07603661072843919 0.07823651077648487 0.07998003444392585 0.08158322818376057 0.08391943992040826 0.08732250659675479 0.09144293685974174 0.09614815417783511 0.10139886740607162 0.10717257775820573 0.11348452975967972 0.12195249258787576 0.1335644726590354 0.14829568457226 0.1659606755344192
