_RESULTS/CROSS_VALIDATION_POSTPROCESSED_CLR/Berg/GZ/6comp/5/Berg_GZ_z_125_kriged_reverse_6comp_spherical_5.asc
ncols 100
nrows 90
xllcorner 5.6208707817415728
yllcorner 50.959635321741573
cellsize 0.00013419651685393446
nodata_value 1.7014100000000001E+038
[rows 57 to 75 of 90, columns 0 to 43 of 100]
3.8015687933450266 3.7553811338853427 3.7084955476093344 3.6618301291462068 3.6160413415015107 3.571643129752238 3.5291142584634247 3.4889836539649677 3.4519049492645646 3.418741281017745 3.390677607686823 3.369354571221446 3.3569573839903972 3.3544613178304177 3.358647829226317 3.3710533131573763 3.391498434353692 3.417595470013966 3.449030933435973 3.484554663678906 3.5215348151936317 3.5580056069691284 3.593067087551362 3.629738758126714 3.6685902079266812 3.7094761353218284 3.7521475402785187 3.7960829507229907 3.835688977234645 3.870243835426301 3.9138432588383485 3.967608253221684 4.029961009322742 4.100748475758073 4.185613156084264 4.284207044295554 4.395218348404339 4.517223807717308 4.648620648856265 4.787522483075028 4.931610192063118 5.077936694411007 5.226136883284018 5.3540252853332255
3.8618258131011634 3.8163807482409284 3.7687493663511935 3.719870071781844 3.670453225168605 3.621056391142873 3.5721632597375335 3.524261158125731 3.477926851879631 3.4339423550356383 3.393470353794374 3.3583291988301758 3.331341739791835 3.316531738746874 3.31654277343468 3.329800023858914 3.3557922067558152 3.3911943672426115 3.4341822236295156 3.480588036201448 3.5271951542133033 3.5723556705695643 3.618154722809517 3.6647857754006443 3.7120555519136107 3.7597873142489653 3.807712381927013 3.855394358094043 3.9020187216157143 3.94302606859565 3.98934982599335 4.04439897250883 4.106667774379826 4.175039541772366 4.254987901850901 4.347375413487694 4.4507566331409505 4.563508294706861 4.68376026897577 4.8092918760195715 4.937383739813913 5.067815592128932 5.198311736759625 5.303383669863106
3.914861463175768 3.870638151559677 3.8229001635060933 3.7725686806973284 3.7203599864947616 3.6668378255349223 3.6124565933174777 3.557621794377273 3.5027701846440458 3.44848246812644 3.3956813518856537 3.3460052557071673 3.3025027271913308 3.2706870738364797 3.2588910532372437 3.272861386242732 3.307315534753787 3.3564102801696913 3.4127983555439574 3.4706652954906305 3.52751422722332 3.5842833709668764 3.640553607594197 3.6960790618247747 3.750729307986219 3.8043579179880314 3.8567166453747124 3.907398945557653 3.95580625292878 4.001102601942472 4.0488125755135265 4.103790845094907 4.164564627584444 4.229609419257011 4.303505211387223 4.388416421349066 4.482775840375924 4.58479163838235 4.692381364475284 4.803076994776908 4.916884286655475 5.0345181024756425 5.15196610677079 5.243399174992631
3.960076739905582 3.9176202200629926 3.8704684781610803 3.819524708771083 3.7654923250191983 3.708907075267538 3.6501767735651076 3.589619790907893 3.527513595500548 3.4641696501190196 3.4000757017956964 3.3362127633546974 3.2748524721431735 3.2216927250074114 3.1903901511343093 3.20014491905054 3.249698347655676 3.3169822178186754 3.3879690891396397 3.4587250793964173 3.528198400603367 3.59568745545982 3.660978158526067 3.7240286230684023 3.784814225436377 3.8432418106236943 3.899095305734262 3.95200043882842 4.001404240379499 4.046567617941939 4.091493434272079 4.144987442104625 4.2028829091495385 4.263494577853005 4.330372994767017 4.406780083230512 4.4910491055857475 4.5812617304870695 4.675261773397597 4.774010961845807 4.877153691769061 4.98201871935786 5.085192331187553 5.170447567508447
3.996823889662616 3.956707904785259 3.910917360444693 3.8602721108274243 3.8054567711437564 3.7469969482454264 3.6852773944554076 3.6205619997612657 3.5530156481757276 3.4827319707151583 3.4097797138569628 3.33430735657596 3.2568584915276433 3.17970591523828 3.115578548838366 3.121873747929147 3.1950236544476596 3.2814698677723504 3.3684245665927386 3.451899148638266 3.5315811548016702 3.607538083938511 3.67991531009392 3.748821180212535 3.8143040677016513 3.876300706349011 3.9346095720889553 3.9888728892670837 4.038566262366237 4.082996130850021 4.122491543564136 4.16822772599619 4.221024973939255 4.275992082319276 4.335073895644547 4.402180190476306 4.4755837918359935 4.55413102202197 4.638960409380126 4.7286419151509715 4.821071113912294 4.913638579611194 5.003178128385839 5.08218872397014
4.029036522946255 3.988947979034043 3.9438601369815487 3.8941256433217006 3.839619028341862 3.780564675079318 3.717365374742612 3.6502995407941867 3.579533519220284 3.505133539779683 3.42707810307144 3.3452737950679747 3.259586235850556 3.1699590273747904 3.078508726171195 3.0858224800179332 3.1779684286835748 3.2708821378485764 3.362664203529497 3.4525843744331803 3.538711707807182 3.6202429366558637 3.6973866833294755 3.7702681864448753 3.8388865130631573 3.9031411603419093 3.962805152401652 4.017508240073889 4.066730485353153 4.10980119888546 4.145903312939887 4.1810453415360245 4.22232920049303 4.267186076282958 4.31728208618482 4.374853552415489 4.439924795634046 4.5116418016611455 4.588605583572523 4.669104989147718 4.751069863767735 4.8320370190628195 4.909311468962794 4.979645402362353
4.059517626106146 4.019747105758459 3.9745392703305367 3.924296822733829 3.869336580494564 3.809905001505985 3.7461980808188984 3.67838555714922 3.6066417218003424 3.5311908073937914 3.4523901247908904 3.3709220353302394 3.288348099221939 3.2095680578716177 3.152609607424697 3.1555611221774615 3.2154215463336353 3.295156622638668 3.3802305068760248 3.466124770610353 3.5509048779873886 3.6334351399765534 3.7127866449559583 3.7877047745003147 3.8578756871137365 3.9230722991597364 3.982985019527791 4.037197772285794 4.085168989347855 4.126228172913523 4.159577656164952 4.185638866036689 4.214282506370672 4.246488439562947 4.285381565936016 4.334574506795733 4.392364886757132 4.456899600709412 4.526042637819954 4.599221807950408 4.674012733062815 4.7473794276349714 4.816140630952389 4.877055194244023
4.087818332106726 4.049126056039234 4.004672214392816 3.954911732485658 3.900236548356661 3.8409933613489975 3.7775088202339733 3.7101253598023907 3.639255648268152 3.56547439751386 3.4896919583163433 3.413518026386628 3.3407842142230986 3.279797229601246 3.2431406746131586 3.2447547522150035 3.283819085443655 3.3459659029321402 3.419182700206397 3.496975095361595 3.5759355836695588 3.6540755879855933 3.7300693047329005 3.802920798603805 3.8718097526652873 3.9360117308054745 3.994825725262833 4.047610653193162 4.093759132210434 4.132679908764136 4.163792853955615 4.186525705377721 4.205073077103469 4.227058188108913 4.256358472215965 4.2956659579710195 4.3438839100079205 4.401647147017853 4.466352170412758 4.53492245429012 4.604251484744014 4.671243332169374 4.732876345524757 4.786296505114863
4.113346087032923 4.0764460058935335 4.033553548219255 3.9851833355849853 3.931810603199686 3.8738926870224506 3.811900662444037 3.746366318352469 3.6779547636841317 3.6075827137733643 3.536662904136908 3.468671179850359 3.4080780913831927 3.3608560103033893 3.3346924248307235 3.335730863633273 3.363658746219877 3.4120093703702006 3.473179113236651 3.5413883457004873 3.612814051790075 3.6849422925563404 3.756032876433005 3.8247939984751653 3.8901982427198685 3.951378795128378 4.0075611040908505 4.057999087985371 4.102023453922018 4.139000553725191 4.168317789340203 4.189377661415138 4.201727743312846 4.212822854963096 4.232383039736324 4.26517223450213 4.3103074656039695 4.364791676569489 4.425580361977835 4.489605738465758 4.553813825084476 4.615217888792648 4.6709713898066605 4.718462052506592
4.1353771713250715 4.100918544263002 4.060306885060705 4.014118343842627 3.9629110645727073 3.9072495251023147 3.8477399933371403 3.7850821233619256 3.7201470341292358 3.65480439760036 3.5915035077569595 3.532921250189993 3.4826433217332293 3.4451688267150145 3.425202715952821 3.4259104265355096 3.4471462126970245 3.4855500858227053 3.5363946550098877 3.5952560229775363 3.6586392791286606 3.723939862262185 3.7892155378939343 3.8529740303662763 3.914020153351336 3.9713546909920314 4.024109195508966 4.071482143686672 4.112711176067325 4.147114192632385 4.17404118516833 4.19286495325756 4.202975229574512 4.206215619283278 4.222182077456029 4.253043559763654 4.295821625329547 4.347482788627005 4.404959681425041 4.465183789540336 4.525132298173927 4.581890998738021 4.632733872293556 4.675217674334212
4.153074165075323 4.121628998784955 4.083916420821896 4.04057015054607 3.9922227267073715 3.939530477349354 3.8833382592969956 3.8250274394784416 3.765936889779769 3.7076660061852618 3.652200989824927 3.6020097413665684 3.5600628984221907 3.529638893341996 3.513749154644864 3.5142313252138075 3.5310095512304738 3.5621316964413623 3.604548850744465 3.655005870448446 3.710580307403299 3.768852294064008 3.8278734924333895 3.886070970985633 3.942150186295383 3.995017007509853 4.043720315440686 4.087409798714819 4.125264281436327 4.156535953869931 4.180537094176708 4.196609693623565 4.205651216256898 4.2147988273607515 4.230910526117047 4.260079045943006 4.300881882457975 4.350249102188246 4.405082550653569 4.46229464939809 4.518862742824311 4.571900069404462 4.61874229575926 4.6570455720499195
4.165657497388971 4.137753427661782 4.103596569349135 4.063948959075814 4.019633066348184 3.971551616778638 3.9207141992650403 3.868272245955298 3.815563009801255 3.7641598928837157 3.7159184406218024 3.672991467038402 3.637763437166622 3.612638142906885 3.5996456904102474 3.5999548006029585 3.6135248572409466 3.639121845776386 3.674686366305359 3.7178191409566983 3.766159126598547 3.8175814802526027 3.870255009194832 3.922624387301178 3.9733645086393716 4.0213315545786745 4.065520452259123 4.105031018414317 4.139025883614053 4.166688731240236 4.187293948714237 4.20165596948851 4.2158019453427915 4.233287670644656 4.257130917826901 4.286528375157914 4.325790666243863 4.373447014864369 4.426355924266946 4.4813861199809795 4.535476692841283 4.585716050095922 4.629437767042 4.66432742852183
4.17646077928519 4.152626847723331 4.122779722292374 4.087711559442178 4.048275896305178 4.00540455230964 3.9601286586311453 3.9136036884024867 3.86713674064608 3.8222108716657743 3.7804950124125014 3.743819014095667 3.7140853990144276 3.6930931522995927 3.682279389651375 3.682443208399067 3.6935649380053497 3.714813118249754 3.7447346407702047 3.7815309490827036 3.8233099160142965 3.868254849070139 3.914708271513354 3.961195399728183 4.006414490512698 4.049213333911831 4.088562741401685 4.123532059917544 4.153266872437834 4.176924032460729 4.194521074886126 4.2129992442632505 4.233147051641396 4.259519401355227 4.29226562136986 4.32983317017991 4.370688917267621 4.417255493384976 4.469001251288563 4.522722664688942 4.57527610684427 4.623665211736334 4.665149876910243 4.697369544361271
4.186671622742215 4.167224956929279 4.141980629109104 4.111749794586064 4.077401874531982 4.0398774294388815 4.000202674265596 3.9595045147633074 3.919023518799385 3.8801197442067963 3.8442626101367665 3.8129917445421175 3.787834188008808 3.770170710866685 3.761064960896064 3.761097600587357 3.770263620012249 3.7879749719132843 3.8131663706906536 3.844459929572064 3.8803322747711957 3.919245376818642 3.9597289159342273 4.000420557461141 4.040077327102981 4.077570477428799 4.111872687352513 4.142042921016109 4.167211726968261 4.186596031399577 4.206268688255576 4.229370297110835 4.256746456585202 4.292012997708037 4.333761070313189 4.380381317558032 4.430170899641021 4.481333533300542 4.533045416495939 4.586379955357536 4.638393435007389 4.685935680219554 4.72610879174095 4.756417340516958
4.1955411384047006 4.180727104699914 4.16029841295625 4.135074350812121 4.10592648078274 4.073787219153244 4.039658059362955 4.00461589740751 3.969814991621085 3.9364809772485505 3.905891973475646 3.879339911534248 3.858063991555169 3.8431529538126803 3.835427919918755 3.8353348955419504 3.8428807791303727 3.857633908758953 3.8787871085712635 3.9052606698550276 3.935814966884246 3.9691483527064126 4.0039479900934305 4.038767703074834 4.0725455333705884 4.104357671351295 4.133307413182033 4.158514698434817 4.179105460369284 4.19751261698586 4.221281487399922 4.249239458959413 4.285121130969493 4.329221662079326 4.380011658709405 4.4358402070763185 4.4949339301953195 4.555386828454422 4.6151593497225125 4.6720945629667545 4.724774649211559 4.772567533515062 4.812444156265486 4.841661374624599
4.202301748790186 4.192302558115902 4.1768341263998785 4.156714225380759 4.132805287526004 4.106019048446727 4.077319399272002 4.047721739505079 4.018286693071951 3.990106352884328 3.9642826336879615 3.941897478993681 3.9239686833036265 3.9113806792573067 3.904796247971538 3.9045773974147364 3.9107414404843994 3.922961688921914 3.940608392496249 3.962806420830563 3.98798546512902 4.01496659232827 4.042927554133502 4.07102376843345 4.098406172743669 4.124227132604643 4.147638798810193 4.167787712872525 4.184262785514577 4.205557799593583 4.233503193436488 4.269324132282793 4.315065993273078 4.369015990948888 4.42931730950427 4.494439361582847 4.563069967163288 4.633215519399032 4.702686044442096 4.769095807947804 4.829892409681656 4.882437910703123 4.924161595074007 4.9532347779518675
4.206179120071458 4.201123048702735 4.190703244923485 4.175727961652954 4.15704193848003 4.135527865588011 4.112105196660638 4.087724454637035 4.063354712158517 4.039962807638902 4.018488267140121 3.999826962866052 3.9848225299733104 3.974223053774291 3.9685942877632945 3.9682467584788093 3.9732056653815704 3.9832127561391166 3.996951277355184 4.013363426877376 4.031988449898249 4.0522505355482865 4.073497379500889 4.095027340129842 4.116105369365851 4.135969840460079 4.1538332229082595 4.168879554844602 4.1840423266748745 4.208182606395473 4.241244985127559 4.286126967497599 4.34159187482716 4.405922724757352 4.4772541009340125 4.553551555121953 4.632583888396218 4.712763483781167 4.792505880110556 4.869207179093584 4.939966947958387 5.001647710475269 5.051041807471446 5.085178673617547
4.206859880426519 4.2063716779902025 4.2010437179631515 4.191209720415235 4.177690554029336 4.161334776014448 4.143014955428164 4.123619241509994 4.104035140480645 4.085120989561805 4.067665335724024 4.0523737884213205 4.0399422787676915 4.0310558966756975 4.026236560051421 4.025760233258813 4.0293223381457866 4.035362294245016 4.043702028161863 4.054191019380527 4.066532469183634 4.080315804546869 4.09504396661722 4.110153084221224 4.125024168557476 4.138988067608432 4.151325859570455 4.161364873913692 4.177412975993293 4.204452388579806 4.245086073111929 4.2985895529828655 4.363391762678928 4.437788952135573 4.5199288897687335 4.607786680933269 4.699128199468426 4.79145880325057 4.882233850287488 4.970062153012134 5.051962567497238 5.124226188720683 5.182816476598598 5.223753763552939
4.206952049517185 4.207521217714147 4.207020743537265 4.202292047500475 4.193855386774363 4.182522111490812 4.169117536447648 4.154472237579201 4.139406772179488 4.124702181080633 4.111029135690551 4.098835632313777 4.088647104457686 4.081238610133185 4.077122619393489 4.0757051722623086 4.075597746043184 4.077043266643328 4.080164492010557 4.084933649490516 4.091194389046466 4.0986832120096865 4.107047238062912 4.115856353166412 4.124609301411966 4.132734690413694 4.139588884899983 4.1460225644429 4.163320491873978 4.19618282416699 4.244140122564365 4.3057035990866135 4.3793181386767985 4.463304170618919 4.555842869174405 4.6549520744513915 4.758444891963286 4.863864691467079 4.968389830023746 5.068794083023203 5.163095752259594 5.24770053296218 5.3175384148793885 5.367155384856507
