_RESULTS/CROSS_VALIDATION_POSTPROCESSED_CLR/Berg/GZ/6comp/5/Berg_GZ_z_500_kriged_reverse_6comp_spherical_5.asc
ncols 100
nrows 90
xllcorner 5.6208707817415728
yllcorner 50.959635321741573
cellsize 0.00013419651685393446
nodata_value 1.7014100000000001E+038
[rows 57 to 75 of 90, columns 42 to 83 of 100]
0.6323583655223664 0.8754034251110554 1.0840638867591517 1.2425862401911394 1.325661834321726 1.302143530226388 1.157809700496433 0.9318586340105981 0.6875432747725372 0.45565829420702886 0.2563484189804257 0.10237928700252152 -0.014821032432518866 -0.10638131916174842 -0.16738440880696492 -0.1954616813711334 -0.19114959738662596 -0.15794292305856494 -0.10034869809462243 -0.01897394856894241 0.08715433759995128 0.21784468682768332 0.3805338627060981 0.5806000913291187 0.8073277604946723 0.8558261164396563 0.3850921334059014 -0.06917414315254167 -0.4753839786472631 -0.828965603298941 -1.1291624931138753 -1.3764614668903115 -1.574387000979157 -1.728456048098389 -1.8447874429462894 -1.9285926554103623 -1.977465337210136 -1.9975920176038708 -1.998443985720616 -1.9847937576429584 -1.9610244076077805 -1.9311808137962931
0.4577984197314857 0.694448592015114 0.8908436686060284 1.0343347526707347 1.1091658279030654 1.1020645902643607 1.0063473779616967 0.8443371640879145 0.6650995813326508 0.4911607374929561 0.33978327747954995 0.22332083735697794 0.14698440359114362 0.09265318311749593 0.06032735753386054 0.05293416310501464 0.07115775994054618 0.11396566298438038 0.18000411981683784 0.2694791985093252 0.3846357063946162 0.5261071908661716 0.6864638298772772 0.8575381604184644 0.9841284827692298 0.9270253741810095 0.6386856686875826 0.2663271015814799 -0.10290003334903064 -0.4422128403226686 -0.7428883705193265 -1.0027895941160423 -1.2229600157251204 -1.4054537363903123 -1.554121067329159 -1.667145119077411 -1.745637534903798 -1.7979331582698124 -1.8316032550949717 -1.8509251886176694 -1.8599523263966435 -1.8624898672718915
0.24149413189052304 0.4561081492674812 0.6445957953587993 0.7820590775933038 0.8583210964478878 0.8668901215579854 0.8081053199050483 0.6951858677687179 0.5676387155073843 0.442453950701412 0.33321484507938126 0.2506360416020954 0.20241401837970074 0.1841222912954501 0.18038855282537747 0.19403807754747127 0.22669740318101517 0.2786699981101013 0.34970510483626627 0.439666592455193 0.5483494232010735 0.6739155015796527 0.8096192239676749 0.9325909879676806 0.9860005705822188 0.9197482919510989 0.7193758648865554 0.4351293527685136 0.12331567627843598 -0.18342828189769378 -0.4693855441091557 -0.7277034310043193 -0.9562621868680251 -1.155623173962259 -1.322751001406823 -1.456123736888555 -1.5584001291533298 -1.6379792351309894 -1.7002790035860498 -1.749048703441678 -1.787933938409062 -1.8204300280280443
0.010979277699558088 0.19451124663320196 0.35793777514952496 0.4905344057807415 0.5733352443999677 0.5982546027978979 0.5665929355886787 0.49042123430021367 0.4037529695398099 0.31837551029216793 0.2446082814290571 0.19122508560910512 0.16488819095871388 0.16997609293510307 0.1940522658985253 0.2283951685652299 0.27513895049752857 0.33516049792331626 0.40843329871422784 0.4941631582652508 0.5903479515354715 0.6924777523753025 0.7923223660719636 0.8810711952376458 0.9125593315033476 0.855838456689604 0.7060151459326967 0.4861118269821978 0.2286744043777198 -0.040005717729264756 -0.30317083002117906 -0.5514063061858507 -0.7800986016107638 -0.9831294630628198 -1.1569925120142226 -1.3023290478463232 -1.422005111893863 -1.5234133760523172 -1.609888575538286 -1.6844692495604303 -1.7488259134049695 -1.801088525625588
-0.22541232104879172 -0.06904363693853766 0.06818857170631909 0.17903868456889005 0.25635549638127997 0.2947743230313751 0.28675354895604266 0.23657152620657462 0.17862509746677646 0.12524775942368938 0.08056257440581871 0.051437443222754675 0.04333451742352512 0.06004535419046664 0.1030272764056488 0.15724362580474316 0.2173810579912574 0.2844775168033833 0.35843237000248984 0.4379363313981115 0.520555365713897 0.6091359444985993 0.7004227870431465 0.7712424413602024 0.7875382196464373 0.7375400640636782 0.6200742280484939 0.44642096446590007 0.23395804971340461 0.0014292577188761424 -0.23654911708122994 -0.469936898563754 -0.6882233386786092 -0.885921568329531 -1.0610532588053074 -1.213110543546388 -1.3459592431372651 -1.4643279701727232 -1.568094719094293 -1.6579531176982814 -1.7349664793909567 -1.8001855859235933
-0.46163788187112287 -0.3297466395311688 -0.21620985551797767 -0.12402456750558666 -0.05872064794149923 -0.024777946820955687 -0.02490836388461637 -0.05754980160599743 -0.09854198467641773 -0.1316284932918732 -0.1535931758611928 -0.16318406214863446 -0.15669330928874436 -0.13105476124716353 -0.08458661420365066 -0.017668231988733796 0.055181450765876994 0.1289178585404127 0.20651392499948318 0.2899212552549535 0.3788913173598367 0.4714280335486276 0.5616278372868517 0.619360819522125 0.6287948841674595 0.5839875967576253 0.48510765440207915 0.3392917165005833 0.15826690686626432 -0.04527416968444675 -0.25895091779709656 -0.47040563699256066 -0.6725684674489392 -0.8607006142311264 -1.031721609172366 -1.1843490301673656 -1.3224492144351983 -1.4470405250258924 -1.5585071917628246 -1.6574525618679907 -1.7446031208365587 -1.8168463485830872
-0.7350220393540803 -0.630338178498284 -0.5399146238244295 -0.46367126409570925 -0.4053858778164541 -0.3688132122343841 -0.3567214383524908 -0.3707464229971953 -0.401323730459642 -0.42554420080947164 -0.4410700594337149 -0.4410326234138118 -0.42449853331023624 -0.39203014400517433 -0.3423911019765109 -0.274876754370041 -0.1896159107409534 -0.0971112679618571 -0.0029111347251262742 0.09384512946628187 0.19294700567342926 0.29295143521930656 0.3801516744517526 0.43019535853040813 0.43727924211750513 0.39826124302408794 0.313829886829472 0.18885447862573934 0.031751986340999405 -0.14552874888024836 -0.33302063828719386 -0.5224607791640494 -0.7073069582887666 -0.8826567537097099 -1.044995255430659 -1.1946075709184725 -1.3335803658939038 -1.4614437643948188 -1.5781339072215161 -1.6838701860238956 -1.7740747551628422 -1.8349093193565655
-1.0637146117388354 -0.9844992978935333 -0.9135168958246 -0.8514057876135959 -0.7986967423116025 -0.7587095483620792 -0.7342462815446724 -0.727466804489241 -0.737558446965989 -0.7414235188707097 -0.7356852772560944 -0.7239351194025294 -0.7059944470135067 -0.671143913022106 -0.6184416422042776 -0.5489637118206603 -0.4634890065060038 -0.36284135416021623 -0.2521804643890022 -0.14099260630737143 -0.029622638486822117 0.07846964203395657 0.1597737260440797 0.20576759030404346 0.21303508973940732 0.1799253773272358 0.10830960576542847 0.0030511979836373992 -0.1293312056034679 -0.28120412563376695 -0.4448756254886268 -0.6133485672412338 -0.7807035985407214 -0.9421928453064428 -1.0949596078325703 -1.240670349309387 -1.3784745582527733 -1.5075130611366734 -1.6272951533628601 -1.7289906604839158 -1.804360899458045 -1.8505250902342012
-1.4397315805640003 -1.384735177702785 -1.3308495524453505 -1.2801685744208522 -1.2318678742529494 -1.1876700799438686 -1.1504984403408511 -1.1230044244440442 -1.1075304434354902 -1.0928124696635861 -1.0641192770667498 -1.0260188590648789 -0.9833449909808089 -0.9411377580169908 -0.8909433554188773 -0.8236665940278962 -0.7402257068507108 -0.6419482133322201 -0.5305860664897177 -0.40833426917713966 -0.28277268225500407 -0.174663258552886 -0.09655361928786577 -0.051076008872491974 -0.039979460216927665 -0.0635617719454995 -0.12026678674314817 -0.20663506807167575 -0.31765580925092785 -0.44739030342745 -0.5896490378488413 -0.7385434287324191 -0.8888354450123006 -1.036212916323083 -1.1805922346375408 -1.3211816230882136 -1.4563312198323253 -1.5817922003336682 -1.6883856754712618 -1.7725580355899482 -1.831189012443939 -1.8613225234684112
-1.8556117201423477 -1.824020820073845 -1.7861725303168179 -1.743708404080206 -1.6981801950428497 -1.6488846160605921 -1.59835855411981 -1.549763304518484 -1.506196061905835 -1.4683886360881107 -1.4178563495668515 -1.3544078754007254 -1.2837767744347806 -1.2118000052546405 -1.1444573278479784 -1.07958123562269 -0.9995102274031629 -0.9044822140076525 -0.7960277972212109 -0.6759330223472331 -0.5559886914817136 -0.45392033946734034 -0.3759758200232943 -0.32797172165499333 -0.3109903106781453 -0.3248956401389216 -0.36820121504023695 -0.43805757332351614 -0.5304720234063307 -0.640697231137229 -0.7636765529695106 -0.8944414117517212 -1.0284001621047647 -1.1638429194913549 -1.300062693864628 -1.4315632468642563 -1.5521069607248732 -1.6578653076014487 -1.7452681997987927 -1.8109677170226126 -1.851803675769154 -1.8648336742514333
-2.3041883684208075 -2.2955909600018938 -2.273064398719637 -2.2376896482358934 -2.191259249064722 -2.1355008805365103 -2.0706653444558647 -2.000148176377173 -1.9278253737724198 -1.8575836304189683 -1.7849775220527204 -1.6966537995855309 -1.5984607597915441 -1.496945729913051 -1.3986455105770799 -1.3101063276991092 -1.2307897812459645 -1.1382976643697829 -1.0315263143752262 -0.9188231619846459 -0.8169415014847494 -0.7304535494819313 -0.663185364700325 -0.6183176562687012 -0.598108540065299 -0.6036417347471572 -0.6347610706870965 -0.689897739351383 -0.7658222010748799 -0.8586476371172111 -0.9641627612107713 -1.0774566039572986 -1.194955185065829 -1.3143604487398637 -1.4313237036633089 -1.5416723170427904 -1.6414550597215394 -1.7269429763161022 -1.7946159869752205 -1.841142517009748 -1.8633567657345735 -1.8648336742514333
-2.7784601967805957 -2.792839237842205 -2.78522211832345 -2.756161291124815 -2.7072358001046433 -2.6409658364395883 -2.5601662667984484 -2.466474643728822 -2.364267655943373 -2.258386578316412 -2.1535381786885464 -2.0403459963276953 -1.914629979537406 -1.7836001565765736 -1.654301301186036 -1.5336289120501652 -1.4283456906789511 -1.335589772538765 -1.236121289708199 -1.141712428504248 -1.0564239741077106 -0.9838986139444381 -0.9273528945356677 -0.8893881110735025 -0.8717954459942308 -0.8753883902673207 -0.8998988171797748 -0.9439636687941868 -1.0052085895440543 -1.0804111957959859 -1.16571010972673 -1.2584152298703684 -1.3563191731687843 -1.4554074595491886 -1.551689162790112 -1.6412733107242135 -1.7204091995075261 -1.7855036720347963 -1.8331230755857935 -1.8599859254984956 -1.8648336742514333 -1.8648336742514333
-3.2714978296684922 -3.3092530488237744 -3.3164226506341894 -3.2930167733551325 -3.2404641873536013 -3.161538833855081 -3.0601432150188157 -2.94087223162488 -2.80718204629936 -2.6642860351557536 -2.517979696296617 -2.373005445793989 -2.2195276436986795 -2.058844251172429 -1.898452843828953 -1.7455442490321649 -1.607108732822023 -1.498687428807371 -1.4176565486349069 -1.3406339861105971 -1.2705940066041632 -1.2107025453029354 -1.16369620215846 -1.1317393580400477 -1.116284651060396 -1.1179581860383387 -1.1364912551281487 -1.1707139522952008 -1.2186140722856587 -1.2774986977018914 -1.3459710266333798 -1.4217029534593504 -1.5012453232492762 -1.5810047347713343 -1.657343374349618 -1.7266506357986353 -1.7853899340671269 -1.8301257718208856 -1.8575362816712286 -1.8648336742514333 -1.8648336742514333 -1.8648336742514333
-3.7763542457155976 -3.8383600202563812 -3.860497135082812 -3.8421658321140617 -3.7846990677199828 -3.69129123586156 -3.566694095426562 -3.4167589701232273 -3.2479339413525508 -3.0661971988977124 -2.8769831753954294 -2.686728565930159 -2.5003164081787035 -2.3097776283951115 -2.1182431975660907 -1.9351799365025264 -1.7767655698532672 -1.6530767333377636 -1.572614997890987 -1.511864221423097 -1.4559254731590707 -1.4075714375726602 -1.3691574305748175 -1.3425126015859488 -1.3288381658701531 -1.3286266969162333 -1.3416159226096427 -1.3667861368945569 -1.4029051082808661 -1.4493957839072065 -1.5039993631199993 -1.5639580137641866 -1.6262294811277789 -1.6875913683184756 -1.7447277830560126 -1.7942962934075388 -1.8329761207472184 -1.857500208777768 -1.8648336742514333 -1.8648336742514333 -1.8648336742514333 -1.8648336742514333
-4.285962094050413 -4.373675313476984 -4.4113122664384266 -4.3975208364006155 -4.333591701316614 -4.2233775573674235 -4.072830766755396 -3.8893062060406036 -3.6808227062975365 -3.455436792086693 -3.2208022878060736 -2.983449425079755 -2.749187725119677 -2.5244624440663603 -2.3100694417764696 -2.111468436802369 -1.938194843591135 -1.7993501100127893 -1.703613383056497 -1.6519344206208355 -1.6091183460999687 -1.5713911026269858 -1.5408020228933692 -1.5189187728615812 -1.5067517892260052 -1.504696184719729 -1.5127444915155075 -1.5312236074388874 -1.5591961707919813 -1.5950834556370577 -1.6368436111479268 -1.682059756341661 -1.7280304425720598 -1.7718545101544048 -1.8105050360394772 -1.8408897853803357 -1.8598977945620867 -1.8648336742514333 -1.8648336742514333 -1.8648336742514333 -1.8648336742514333 -1.8648336742514333
-4.793007025642258 -4.908637248835459 -4.962755181811266 -4.952981510217916 -4.880626890341723 -4.750570505655164 -4.5705055842579165 -4.349833401506521 -4.098564899064285 -3.826472989091983 -3.5427533117164365 -3.2579648571158937 -2.981292853621324 -2.720685873451009 -2.483156978789787 -2.2698810776689764 -2.0821117617233162 -1.9286446855971084 -1.817834412504518 -1.7575810912200285 -1.7270367763652965 -1.6991746736401756 -1.6757815085225363 -1.6582585697408505 -1.6479890751119366 -1.6457332570957672 -1.6516378214092955 -1.665318236115362 -1.6858764488015994 -1.7119407774546962 -1.7417229331522743 -1.773085582012959 -1.8036136314274884 -1.8306833256452861 -1.851524813262146 -1.863275619060959 -1.8648336742514333 -1.8648336742514333 -1.8648336742514333 -1.8648336742514333 -1.8648336742514333 -1.8648336742514333
-5.309339337738802 -5.448257508601701 -5.5157038031528 -5.506775954472876 -5.422136758361742 -5.267861108644369 -5.054127127165888 -4.793388464014455 -4.498721828837976 -4.182712947127191 -3.8568946255917824 -3.531579670224836 -3.215915062818523 -2.918032045287842 -2.645219938211693 -2.4040891628029857 -2.200103649839448 -2.032831215849731 -1.9080618440396389 -1.8333169053212106 -1.807572908207493 -1.7895548720582974 -1.7739353750572946 -1.7621335681089736 -1.755171168431139 -1.7536344334495828 -1.757651294024212 -1.7668862610368652 -1.7805537032646512 -1.7974479497197984 -1.8159868545595246 -1.8342643272522228 -1.8501070152862182 -1.8611307501836472 -1.8648336742514333 -1.8648336742514333 -1.8648336742514333 -1.8648336742514333 -1.8648336742514333 -1.8648336742514333 -1.8648336742514333 -1.8648336742514333
-5.845589382568921 -6.0121815061530475 -6.0936661638165575 -6.082856050663439 -5.980733367945198 -5.796148586916525 -5.543333774369086 -5.238739522451034 -4.89858040875931 -4.53753074271226 -4.168324834587638 -3.8018529121806757 -3.447449435621789 -3.113211698358829 -2.806281876504617 -2.533074560507932 -2.2994522760433656 -2.110858003247839 -1.972161613042283 -1.8848504936366133 -1.8536716064181245 -1.845395414354477 -1.8374415972610427 -1.831073935842636 -1.8271979874013644 -1.8263317219811017 -1.8285880100602345 -1.8336707360138467 -1.840884940551448 -1.8491599470873472 -1.8570831772478398 -1.8629415267586662 -1.8648336742514333 -1.8648336742514333 -1.8648336742514333 -1.8648336742514333 -1.8648336742514333 -1.8648336742514333 -1.8648336742514333 -1.8648336742514333 -1.8648336742514333 -1.8648336742514333
-6.393833183302462 -6.595746817772598 -6.695684057994614 -6.6823777144085 -6.557393359259638 -6.334471006005552 -6.034374382891099 -5.679200158657008 -5.288914943873145 -4.880213393935283 -4.466671591445666 -4.05934581620558 -3.667398922416959 -3.2986149502517703 -2.9597842913234764 -2.6569807553993026 -2.395757931059665 -2.1812880467299074 -2.0184606242843004 -1.9119531481121443 -1.8662822022000773 -1.8648309559722014 -1.8641156502966443 -1.8628657505832071 -1.8618914726625664 -1.86165504617567 -1.8622570783696315 -1.86343353706004 -1.8645636310031122 -1.8648336742514333 -1.8648336742514333 -1.8648336742514333 -1.8648336742514333 -1.8648336742514333 -1.8648336742514333 -1.8648336742514333 -1.8648336742514333 -1.8648336742514333 -1.8648336742514333 -1.8648336742514333 -1.8648336742514333 -1.8648336742514333
