_KRIGING/CROSS_VALIDATION_CLASSIC_CLR/Berg/GZ/train_4/Berg_GZ_4_train_z_63.asc
ncols 100
nrows 90
xllcorner 5.6208707817415728
yllcorner 50.959635321741573
cellsize 0.00013419651685393446
nodata_value 1.7014100000000001E+038
[rows 19 to 37 of 90, columns 0 to 41 of 100]
-3.3285316384171955 -3.2890938961649736 -3.2462358567849572 -3.2006170545790704 -3.1531320145926029 -3.104901373440895 -3.0572480312471226 -3.0116592485707345 -2.9697376776933622 -2.9331465757483235 -2.9035566457801227 -2.8826037821488066 -2.8718680999058872 -2.8728846212372474 -2.8871945059456596 -2.9164424378002876 -2.9625205247059041 -3.0277518395738152 -3.115097794405981 -3.2283635319454613 -3.3723654915346204 -3.5530167664247512 -3.7772807335620162 -4.052943866988449 -4.3881667542483394 -4.7907897396958408 -5.2673968964359315 -5.8221781533735317 -6.4556713074966527 -7.1635080773489852 -7.93532416254219 -8.7540142983222271 -9.5955117262561398 -10.429241648352788 -11.219338307392839 -11.926628866577405 -12.511283630821026 -12.935925948660032 -13.168904160986134 -13.187370118212504 -12.979798340346113 -12.547623961924895
-3.289075349904814 -3.2431122487086688 -3.1933745192421172 -3.1406665787093795 -3.0860565304377525 -3.0308613008595957 -2.9766146012672303 -2.9250190710172648 -2.8778862421712459 -2.8370703841975455 -2.8044045777620168 -2.7816492039805132 -2.7704640516465977 -2.7724150553961389 -2.7890249185700053 -2.8218732500228398 -2.8727461865995085 -2.9438278149748225 -3.0379163628949217 -3.1586377818801785 -3.3106191076873976 -3.4995754391018163 -3.732259505432252 -4.0162238205234271 -4.3593544871720322 -4.7691544157778694 -5.2517825343638886 -5.8108932785234551 -6.4463639094287153 -7.1530404048086584 -7.9196682859555336 -8.7281942944757507 -9.5536203408562947 -10.364557004439643 -11.124558697399554 -11.794230695071475 -12.333990003803601 -12.707253242312111 -12.883734223377704 -12.842480328346355 -12.574274395174085 -12.083084065900662
-3.2457873632862269 -3.1929059161566338 -3.1359337276454449 -3.0758381586486943 -3.013877931595073 -2.9515808280985576 -2.8907019925227653 -2.8331647606150563 -2.7809884076392057 -2.7362097526649087 -2.7008078829845266 -2.6766430412084929 -2.665421580487159 -2.6686984670803033 -2.6879267497687964 -2.724559453155206 -2.7802033506921608 -2.8568161015026234 -2.9569286464893829 -3.0838642765964166 -3.2419155683862848 -3.436432047424375 -3.6737670056964951 -3.9610336012324336 -4.3056303294576885 -4.714515707496882 -5.1932419102335272 -5.7447957356658357 -6.368339059794379 -7.0579839794068597 -7.8017723607529428 -8.5810468555106976 -9.3703926380412188 -10.13829079268365 -10.848554587144044 -11.462523881974155 -11.941882043951001 -12.251850703457505 -12.364430181996719 -12.261306345099248 -11.93605202014106 -11.39531825236209
-3.1990103896257418 -3.1389389053479215 -3.0745171476544835 -3.0068921259187418 -2.9375278139849224 -2.8681739234255401 -2.8008131239616256 -2.7375893194516605 -2.6807222319596482 -2.6324161666865402 -2.5947731309056818 -2.5697221260197196 -2.5589770696991723 -2.5640350866967951 -2.5862245224544829 -2.6268077535578076 -2.6871375986351449 -2.7688579799915076 -2.8741298387177587 -3.005852914984672 -3.1678440485462747 -3.3649247564962672 -3.6028670122143942 -3.8881485817176507 -4.2274800274759201 -4.6270859906372781 -5.0917538194500382 -5.6237014373960443 -6.2213597416907707 -6.8782067176759769 -7.5818229514275197 -8.3133526637401189 -9.047542978354473 -9.7534919091039072 -10.396162281650714 -10.938620375171288 -11.344846748410626 -11.582860024867569 -11.627812474666177 -11.464677923115326 -11.090171135317211 -10.513617251828451
-3.1491900585793298 -3.0818014432387288 -3.0098782324348514 -2.934761444596103 -2.8581314905584483 -2.7819665869044696 -2.7084775974046034 -2.6400227273408285 -2.5790082784179296 -2.5277843176649117 -2.4885463168381792 -2.4632552535672358 -2.4535890042141668 -2.4609367935930218 -2.4864457382357834 -2.5311239514024466 -2.5959982248484206 -2.6823161137597107 -2.7917727445877967 -2.9267326036051431 -3.0904071169110354 -3.2869415939977702 -3.5213620261583531 -3.7993354226945457 -4.126708772157027 -4.5088126140233893 -4.9495456432107297 -5.4502949917076586 -6.0087888986019529 -6.6180182381168073 -7.265392955888391 -7.9323103867156908 -8.5942972592398341 -9.2218415211779803 -9.7819544326617862 -10.240404344566917 -10.564454209093718 -10.725833190806917 -10.703598975199494 -10.486519913912714 -10.074637177246521 -9.479758753047582
-3.0968348457398838 -3.0221642382336702 -2.9428681003529329 -2.860492469365707 -2.7769409191279619 -2.6944213173038554 -2.6153672144341558 -2.5423382252037792 -2.477906647888152 -2.4245401815239109 -2.3844926327995601 -2.3597156486988045 -2.3518044783338707 -2.3619893063074082 -2.3911806151513 -2.4400722151727896 -2.509299039687364 -2.5996387339487614 -2.7122369052672561 -2.8488264068188838 -3.0119023323623968 -3.2048080280827507 -3.4316852274498557 -3.6972453645591412 -4.0063309983873765 -4.3632571877234518 -4.7709524643234928 -5.2299558630648821 -5.7373662674991746 -6.2858769970734194 -6.863054410928914 -7.4510262104244092 -8.0267261947693171 -8.5627937413595596 -9.0291495110923297 -9.3951712340945992 -9.632288481474415 -9.7167213150622871 -9.6320245530298738 -9.3710845988314162 -8.937260014091569 -8.3444604061515424
-3.0424605598502792 -2.9607155076348297 -2.874364486119096 -2.785165258459009 -2.695245912524272 -2.6070388999353851 -2.5231882164469779 -2.4464351214595057 -2.3794907416732727 -2.3249064254700906 -2.2849545037190833 -2.2615328903539789 -2.2561064862728708 -2.2696964510440107 -2.3029249621525523 -2.3561180571909643 -2.4294626279089657 -2.5232058399411232 -2.6378766378560869 -2.7745002939698811 -2.9347692398503917 -3.121128099234129 -3.3367296191628668 -3.5852228698095874 -3.8703472258581448 -4.1953261501917192 -4.5620833658825966 -4.9703386162306211 -5.4166768582113649 -5.8937174432305355 -6.3895312590473186 -6.8874563471023684 -7.3664399803494272 -7.80198468063546 -8.1676992525604497 -8.4373616989309603 -8.5873027929166046 -8.5988352496284577 -8.4604030957905128 -8.1691251629308859 -7.731464404682221 -7.1628688480961751
-2.9865228536850301 -2.8980847261537752 -2.8051862782893933 -2.7097985822640362 -2.6142694688797983 -2.5212441136753716 -2.4335576587110106 -2.3541063798349553 -2.2857068733861201 -2.2309551066291817 -2.1920986541873511 -2.1709357868285455 -2.1687541170414102 -2.1863191387998393 -2.223919201015371 -2.2814682774094646 -2.3586614856663033 -2.4551709385591001 -2.5708616296838178 -2.7059993542839869 -2.861416116892268 -3.0385943570870637 -3.2396311434533742 -3.4670488179871009 -3.7234307525095396 -4.0108805754431138 -4.3303299592887754 -4.680751743338246 -5.0583678613554479 -5.455969548999799 -5.8624837524742608 -6.2629176478393003 -6.6387873668353166 -6.969085408362651 -7.2317666992535932 -7.4056445103724577 -7.4724985087642892 -7.4191258386896157 -7.2390304215059817 -6.9334601139559568 -6.5115725413371255 -5.9896337917921914
-2.929343772362448 -2.8347597948940075 -2.7360010659612177 -2.6352478061340419 -2.5350561800158813 -2.4382651065143426 -2.347874455807875 -2.26690229240769 -2.1982317581012456 -2.1444603521062753 -2.1077654738046583 -2.0897999499503168 -2.0916297746143595 -2.1137234401010083 -2.1559981046817711 -2.2179225725328688 -2.2986708687759392 -2.3973133861201426 -2.513025599571697 -2.6452878170373735 -2.7940442128297969 -2.9597865785153137 -3.1435291088709523 -3.3466464368117408 -3.5705591075737488 -3.8162691710245085 -4.0837729267561258 -4.3714059646215802 -4.6752037150795713 -4.9883834362406505 -5.3010646671640718 -5.6003385988178511 -5.870768176297414 -6.0953490160630004 -6.2568901078678785 -6.3396918760735064 -6.3313214851445165 -6.2242282437981853 -6.0169222899353372 -5.7144698269839367 -5.3281421429292113 -4.8741864174516323
-2.8710407046331889 -2.7710068158515915 -2.6672356968251938 -2.5621064500721191 -2.4583652888080243 -2.3590187295426821 -2.2671980409167398 -2.186003749530693 -2.1183418611191813 -2.0667653631877512 -2.0333352674078355 -2.0195147823547739 -2.0261081613977581 -2.0532524402176913 -2.1004658430921497 -2.1667513366113678 -2.2507479298113666 -2.3509161990087346 -2.4657385732299502 -2.593909697523749 -2.7344884117085586 -2.8869814406652252 -3.0513308253854903 -3.22778346542488 -3.4166326764887938 -3.6178385814154659 -3.8305556588649972 -4.0526197693009207 -4.2800699004154978 -4.506796879428979 -4.7244168701362845 -4.9224564799712978 -5.0889054178446846 -5.2111418356207446 -5.2771692188175052 -5.2770313746885424 -5.2042073634076562 -5.0567470331604358 -4.8379050752107977 -4.5560772570377726 -4.2239381773728688 -3.8568159022419199
-2.8114678424899227 -2.7068034417999174 -2.5990016330346437 -2.4906239589151626 -2.3845815857135788 -2.2840155657962784 -2.1921487942577143 -2.1121195405577344 -2.0468091711584933 -1.9986782913624799 -1.9696257810282711 -1.9608839909532598 -1.9729607704623442 -2.0056352084616025 -2.0580092768508749 -2.1286123021414136 -2.2155497114825775 -2.3166821651822205 -2.4298163875398546 -2.5528851932333865 -2.6840919336428 -2.8219945347061111 -2.9655072298738934 -3.1138047423613742 -3.266124530331469 -3.4214777290009675 -3.5782976927382624 -3.7340745132638316 -3.8850412991382548 -4.0259890661777735 -4.1502871170935913 -4.2501706800246186 -4.3173251043200773 -4.3437470476376223 -4.3228029802593797 -4.2503435447610247 -4.1256819627138306 -3.9522203550908532 -3.7375224121318156 -3.4926917788594078 -3.2310215023777693 -2.9660187876719322
-2.7501809628938156 -2.6417974169218956 -2.5310474307357937 -2.4206526022114376 -2.3136575161285924 -2.2132983174124812 -2.1228440210595672 -2.0454214008370259 -1.9838368684785737 -1.9404100432786313 -1.9168335014407507 -1.9140714536120802 -1.9323069779522601 -1.9709432329074197 -2.0286591807034133 -2.1035151969445729 -2.1930989389607669 -2.2946973750992248 -2.4054772876796275 -2.5226542013367559 -2.6436289406011708 -2.7660723301532517 -2.8879423996467533 -3.0074252686279714 -3.1228008626638988 -3.2322474749662105 -3.3336139301358689 -3.4242027836069755 -3.500619686207382 -3.5587491095634007 -3.5939112682249603 -3.6012362668483937 -3.5762581443071473 -3.5156855233629813 -3.4182527486210827 -3.2855052728463172 -3.1223380042176343 -2.9370983835742992 -2.7410977315025242 -2.5474496308101227 -2.3692686739421207 -2.2174022724750682
-2.6864356679190395 -2.5753010701307177 -2.4627496075033788 -2.3516351202198154 -2.2450982942391056 -2.1464253361554126 -2.0588810545508522 -1.9855279722405141 -1.9290454591719239 -1.8915638242501034 -1.8745276454515434 -1.8786003750119811 -1.9036186608227093 -1.9486002708251915 -2.01180448512397 -2.0908388436593568 -2.1828016764758855 -2.2844462888666581 -2.3923503272588702 -2.5030729500753401 -2.6132831777077854 -2.7198454019398723 -2.8198526925350911 -2.9106053669059384 -2.9895411988605485 -3.0541341502367736 -3.1017895376651179 -3.1297732898435662 -3.1352188917874608 -3.1152547845174414 -3.0672845314984012 -2.9894300578185149 -2.8811147273630744 -2.7437208076524175 -2.5812112174418909 -2.4005677777855969 -2.2118789381329558 -2.027920423417771 -1.8631206501401079 -1.7318910343841443 -1.6464225819631673 -1.6141876391255892
-2.6192269441303617 -2.5063299714017697 -2.3931503208118263 -2.2826415918409806 -2.1779983733317918 -2.0825073315132885 -1.999375009871847 -1.9315445097642492 -1.8815153481433367 -1.8511813955966856 -1.8417007196933728 -1.8534084699373352 -1.8857799446905048 -1.9374461582893563 -2.0062591578282571 -2.0893996124051806 -2.183515331185637 -2.2848767546023354 -2.3895343568624985 -2.4934634205565658 -2.5926838238698418 -2.6833462845965004 -2.7617818458770644 -2.8245180881146026 -2.8682732493959682 -2.88994745966792 -2.8866375233266233 -2.8557064858893897 -2.7949395091111735 -2.7028110988565088 -2.5788735738695481 -2.4242520083095398 -2.2421978155042508 -2.0386153693266547 -1.8224402003092366 -1.6057224918759645 -1.4032662121294042 -1.2317016919098296 -1.1079335255719842 -1.0470054862267766 -1.0595501797314082 -1.1491246234811219
-2.5473740254084847 -2.4336897397800614 -2.3210457252643275 -2.2124591294649232 -2.1111324618032503 -2.0202998725375805 -1.9430530786729552 -1.8821593574716804 -1.839885890247194 -1.8178450160584276 -1.8168735062647965 -1.8369559144847321 -1.8771977567618707 -1.935849287796982 -2.0103756154165282 -2.0975644892947138 -2.1936598674807755 -2.2945076981885784 -2.3957004534004165 -2.4927088262569708 -2.5809925110541356 -2.6560868604929686 -2.713668102654633 -2.7496062394119409 -2.760021125965888 -2.7413627084373378 -2.6905398382898049 -2.6051220499936112 -2.4836335510008158 -2.3259468944350923 -2.133764421951402 -1.9111488174075233 -1.6650321053072417 -1.4055996203462806 -1.1464187534223775 -0.90417037855796889 -0.69785298191611789 -0.5473731701980642 -0.47151467544069903 -0.48538765243393134 -0.59758897539788891 -0.80743183680154496
-2.4696493171171552 -2.3561093986011388 -2.245122954677286 -2.1397318033413919 -2.043097847235452 -1.9583477116098074 -1.8884005737090988 -1.8357915156431854 -1.8025043082721464 -1.7898275057300532 -1.7982459781894349 -1.8273766851739035 -1.875953003976246 -1.9418568877043292 -2.0221932477443625 -2.1133969376960695 -2.21136014433942 -2.311567252444013 -2.4092254911748134 -2.4993827958256745 -2.5770290220787064 -2.6371824536465263 -2.6749698389819274 -2.6857142566122088 -2.6650500997049824 -2.6090874068229697 -2.5146475189257345 -2.3795873867097193 -2.2032196164890188 -1.9868187016293208 -1.7341807911894882 -1.4521760466453462 -1.1512021705575561 -0.84542017186013163 -0.55263591173405602 -0.29369168542605084 -0.091258994490919787 0.032017659217840777 0.055984843926336347 -0.034106771506908551 -0.24452937451285622 -0.57025418176763765
-2.384944077292503 -2.2724132794299949 -2.1641370124834181 -2.0631413400714136 -1.9724978187639417 -1.8951699587564974 -1.8338469948477503 -1.7907768328006783 -1.7676113111069762 -1.7652766227192798 -1.7838797688692676 -1.8226584388674141 -1.8799771653340542 -1.9533676400101605 -2.0396064427740166 -2.1348198712530357 -2.2346036626935208 -2.334145550370506 -2.4283408922165477 -2.5118958588164588 -2.5794184164834237 -2.6255039162876255 -2.6448286634699709 -2.6322704348875918 -2.5830784892394427 -2.4931160749512888 -2.359194679483517 -2.1795102772731436 -1.9541769044570425 -1.6858318766694684 -1.3802606874473817 -1.0469602627067938 -0.69953068207387648 -0.35576337557356708 -0.03728527898167816 0.23136885638964422 0.4243431649941718 0.51672127817978797 0.48737331225735492 0.32217754908081003 0.017275481835543172 -0.41809305327449753
-2.2924573927806167 -2.1817170786738833 -2.0771122979159866 -1.9816125152577717 -1.8981493803857736 -1.8294686623139738 -1.7779741361046444 -1.7455744161836186 -1.7335446981129756 -1.7424148556847836 -1.771893243112566 -1.820832049916036 -1.8872355972903856 -1.9683082099479234 -2.0605340165845476 -2.1597779781315043 -2.2613962260677387 -2.3603447782415987 -2.4512789425296311 -2.5286409454936245 -2.5867399507052999 -2.619835815574616 -2.622244635661561 -2.5884891739236151 -2.513519445948651 -2.3930268332226321 -2.2238680586631192 -2.0046024000103948 -1.7361263561972899 -1.4223651239630966 -1.0709513023733042 -0.69379125227690963 -0.30739311519539514 0.067186247416648748 0.404918107542662 0.67802139514425064 0.85789069515163563 0.9177142929819182 0.8356520491933952 0.59831405648995328 0.20415307165822777 -0.3337193405751398
-2.1918896199283706 -2.0836282013425933 -1.9835480133247057 -1.8945217593871577 -1.8192932236417656 -1.7603383979746772 -1.7197236578519801 -1.6989706952564116 -1.6989385780421644 -1.7197326273478515 -1.7606476880986914 -1.8201499788627906 -1.8958974825386532 -1.9847944301742118 -2.0830716033759957 -2.1863816897644397 -2.2898983795985894 -2.3884096421769168 -2.4763996885249973 -2.5481201710937675 -2.5976585022500731 -2.619018802515563 -2.6062377029481829 -2.5535616767191862 -2.4557133889177525 -2.3082704566294416 -2.1081699845841637 -1.854335718624466 -1.5484017672383334 -1.1954786773421298 -0.80487655251046153 -0.3906696497435781 0.028037266456299448 0.42729214258033121 0.77907182634520722 1.052760766047667 1.2173777369766996 1.2445016952174885 1.1117285171503652 0.80635845953827801 0.32888891481214666 -0.30420697521200196
