_RESULTS/CROSS_VALIDATION_POSTPROCESSED_80-20/Berg/TZ/8comp/2/Berg_TZ_z_0_kriged_reverse_8comp_spherical_2.asc
ncols 100
nrows 90
xllcorner 5.6208707817415728
yllcorner 50.959635321741573
cellsize 0.00013419651685393446
nodata_value 1.7014100000000001E+038
[rows 36 to 53 of 90, columns 0 to 40 of 100]
0.16420771560421832 0.21475445395998197 0.2787513995206169 0.35696376492873316 0.4479221163390882 0.5462141260700827 0.6476482258781194 0.7423745770246981 0.8087178082038311 0.8268130264694908 0.7937826743200113 0.7279546362767783 0.6583956216461658 0.5987726592559407 0.5521588145833163 0.5154706710389767 0.48946528596161537 0.4741354778498622 0.4691645151810915 0.47410737505523887 0.48815202552271664 0.5091150567505738 0.5307866703906481 0.5439871881776226 0.529719570406801 0.4906825659894849 0.446104841458535 0.40715258847759717 0.37070490345493423 0.33501937534164405 0.30153630104479234 0.2712716374181362 0.244590211981404 0.2214123639008817 0.20139621574254188 0.18403310307714207 0.1687167575418688 0.15481038023182334 0.13862839199267715 0.1131602659318029 0.09229433099618467
0.18716361383538752 0.24257419657475332 0.31052378882700127 0.39012692389025705 0.47764764349106714 0.5654031665982394 0.6491243764509389 0.7202368615799319 0.7640746068672996 0.770094865976652 0.7383882284387482 0.6864455141369116 0.6317179260590231 0.5837850383147871 0.5487138372545936 0.5261571366658153 0.5125553313666438 0.5091433166400072 0.5169145564463176 0.5369207682488122 0.5703775628317617 0.6182848931413748 0.679053178466789 0.7380542569365444 0.7184085039627861 0.6316370107674971 0.554679921974861 0.49330266982365345 0.4372504014923764 0.38499123408060537 0.33741156507189546 0.2950226713470766 0.258177097460039 0.22665507515619462 0.19985998594637253 0.17706033690848755 0.15750464093599223 0.14047667810710937 0.11740663021003496 0.0899717108695048 0.06985362270440193
0.21436736890220243 0.2749252012203701 0.34673908327381125 0.42735164379852303 0.5112534204939795 0.5894833895183876 0.6583009654349695 0.7110286804843853 0.7372842836637671 0.7312998343786044 0.696811433655983 0.6510094732031404 0.6039220158704223 0.5630600603275558 0.533778046890423 0.5196763026576922 0.5175921268333753 0.5254621102765502 0.5451974353797492 0.5789747145563904 0.6295491160663094 0.7004984799191096 0.7963534203066611 0.9230052919337874 0.8973501665874745 0.7546827036159863 0.6533991715503019 0.5739244411328224 0.4997883069735047 0.4311830324944495 0.3693422005083833 0.3150299068575721 0.2683686218748004 0.22902761806134092 0.19627477778293143 0.1690767360864187 0.1464308791144848 0.12600486905976852 0.09833736104654293 0.07123818848431211 0.05270191202242845
0.24676465336798473 0.3128594962688798 0.3885885787351897 0.47010017538120863 0.5506381872862977 0.6206284706816609 0.6767969798868653 0.7143771193463679 0.7253635258566964 0.7066591720750375 0.6670592124343646 0.6209606664413687 0.5757174035118218 0.5375703535724846 0.5109964940861734 0.49918826472445715 0.5041913597411734 0.5208457510923123 0.5494939475978855 0.5925702580091735 0.6526581025293714 0.7316017672765625 0.8262733031936399 0.9087329206501059 0.9000431545868876 0.812846973454035 0.7236514928163611 0.6391362688852477 0.5528414177005053 0.4702436167939366 0.39513188719943626 0.3295845763172198 0.2741245371213873 0.22818596964146462 0.19063224792288075 0.16018002069343207 0.13552454278710632 0.11168181130562146 0.08227578396478646 0.0566204325060077 0.03992643651432309
0.2854454024722094 0.3574627930353732 0.4370643292503711 0.5192462899596347 0.5965780567129305 0.6595053645111786 0.7047238669513759 0.7293579394753615 0.726118453534533 0.693599476104597 0.6457983256013895 0.5942882731689866 0.5463613240103719 0.507424804499355 0.48092699436652436 0.4692048169398927 0.4745336764474097 0.4964064757215901 0.5300196004503173 0.5771717966899358 0.6392962873005862 0.7153374399638651 0.7967206798657067 0.8586702505867325 0.8670829617240335 0.8273786830745246 0.7660814805245991 0.6868092659402365 0.5943054406472458 0.5003606275294696 0.4133589172450298 0.33773468004437673 0.2747163200268943 0.22357637982152717 0.18270760660034804 0.1503284841843786 0.1249431811969753 0.0985498901441594 0.06921437038456506 0.045431052941359414 0.030582383816785037
0.33162468701517656 0.40975279905749495 0.49272781881940336 0.5747085637882532 0.6483036349522384 0.7048998657563068 0.7406620320696302 0.7545738745836748 0.7378964946338945 0.6902058180309009 0.6294863155127334 0.5681457128095049 0.5142763713805789 0.4722916080957983 0.44421640609235036 0.43116987736675105 0.4344722405014499 0.45607283239054 0.4911339774052199 0.5383792744235653 0.5984540211946926 0.6694080737199437 0.7436541295036301 0.8055223163404415 0.836254539932675 0.8304155913526581 0.7929616760716083 0.7220423552074787 0.6255955741980656 0.521242056501952 0.42325717743595764 0.3389064424364789 0.26996354628102626 0.21526168462383835 0.1725944951452249 0.13982356063898144 0.11447053381677165 0.08693976691574358 0.05883560002731288 0.037025667587544824 0.02386080529506562
0.38665076191590914 0.4706050677097216 0.5554971719304991 0.6350640151405417 0.7028849145416182 0.7525400848144014 0.78043158637329 0.7872745447505158 0.7593206373564387 0.6931369707171867 0.6134645716585511 0.5387351116486226 0.4774458840689558 0.4318269780507401 0.40181836885743516 0.3870494778345555 0.38777773095337675 0.40546069653943273 0.4392943673941575 0.48423058868074254 0.5406880745203139 0.6074946109767624 0.6801689612731249 0.7499447024692881 0.8051961202058475 0.832914523470853 0.8153432648255932 0.7521083737649011 0.6494591026131641 0.5328849870969896 0.4241064438021312 0.3326579444443267 0.25987286098967627 0.20359378236745923 0.16101818960736994 0.12896739464145746 0.10414212114373483 0.07701063898412179 0.05079211893614785 0.03087397831173953 0.019125304253140674
0.452076007150945 0.5407605880598324 0.6245467790558951 0.6973479363871269 0.7548266294981884 0.7941496382089643 0.8141693976261873 0.8197583641683048 0.7889979261838944 0.6960790012012462 0.5899149435915133 0.5012434486578972 0.4340196522180536 0.38619655103586814 0.35521342780153703 0.339267828115057 0.33769528041842045 0.35119393816003636 0.38109962991028146 0.422367638354762 0.47444134818055794 0.5374717880825021 0.610124393996334 0.6890289519747888 0.7683411337968793 0.8278985701924977 0.8391295922477273 0.7832450814397953 0.6667890272030066 0.5334836780896848 0.414433143868197 0.3185045970550835 0.2446413917104713 0.1893448440011053 0.14837475853918974 0.1179831109590274 0.0944098135712592 0.06877072444118473 0.044734800675405036 0.026546454041123366 0.015891964156581385
0.5298320579484059 0.6209614112097899 0.6984028749805744 0.7573465616279914 0.7968176228290519 0.8181786021125358 0.8238508734709132 0.8247573888271371 0.8229794376227009 0.6753970439861683 0.5467770716608366 0.4528034187499831 0.3856126131793725 0.3391245195221168 0.3091080542936954 0.2929527806011883 0.28948780271972435 0.298947993290089 0.32307826886288415 0.35925335481222953 0.40589883418639516 0.46424320240164263 0.5350606259561145 0.6191870048694594 0.7123514128924529 0.8002363021979295 0.8593991084539152 0.8190593530585657 0.6706485016243473 0.5169836136242714 0.3918283113484218 0.29616191534032943 0.22506924003265916 0.17309050904048745 0.13505656701283314 0.10711361835173988 0.08551030777896378 0.06209876989363441 0.040329756515050115 0.02370857703618655 0.013801496974469968
0.6225351183981097 0.7121567923372063 0.7750691634889108 0.8102913320826345 0.8220723911129036 0.8155759695143828 0.7944346526172583 0.7619282074839647 0.7074125298943986 0.59640665848836 0.48559419555672656 0.4006824013546213 0.33941129160606415 0.2968476189674192 0.2690684115454804 0.2535195084417431 0.248927786603022 0.25525058964217623 0.2737915498177441 0.3041448725676647 0.34338721516620724 0.3935478271445294 0.45751464747764303 0.5369716740854233 0.6259783364474335 0.7233830007443125 0.8291625850076593 0.8328211262634558 0.6323430909411478 0.4740225247783464 0.3548165838095397 0.26651373611383145 0.20224940388430743 0.15557789027685928 0.12155837034337623 0.09663732725747577 0.07753990583941046 0.05682302971444797 0.03729861782896446 0.02213888718982792 0.012621805235761374
0.7339146976119333 0.815441536847866 0.8514542244920589 0.8509748039980366 0.8263106463763779 0.7862190365027751 0.7371691727445933 0.6759048583316711 0.5986701335604743 0.5067848475101533 0.41988317850376494 0.3494480676377038 0.2968628886346943 0.25958864362262263 0.23480942065578678 0.2204598144436251 0.21541984544113504 0.219556312078526 0.23384033715663166 0.2589016441702027 0.2915763868180292 0.33335638586497 0.3855577311166264 0.44592539178693236 0.5144405959002168 0.5887015789062842 0.6520136474639917 0.6380002395393604 0.5242852592964098 0.40474923867916385 0.30663168365498716 0.23241300994258052 0.17782041352824013 0.1378095902459878 0.10845510080856606 0.08685559804535067 0.07051150767488143 0.052765693621004646 0.035429047965417675 0.021555541641410984 0.012237655303081225
0.869335795887171 0.9305473389836222 0.9205475024412306 0.8721959323754019 0.8095707818721081 0.744384519028855 0.6758963370222584 0.6002494382296019 0.5164708578512206 0.43388005242092287 0.36210126672550724 0.3040278678054844 0.2598531699650417 0.2279401634838504 0.20631673691501204 0.19342500570865623 0.1883727561098844 0.19102787702980656 0.20214009476265477 0.22265778760537946 0.24961048226971208 0.2825216451729536 0.3197503012067726 0.36077312729966293 0.4039951008783473 0.44468719589844613 0.47027943312736203 0.45674739719936774 0.3984745179962612 0.32404187861736994 0.25462236220661166 0.19778783920658688 0.1538372063869016 0.1208817038232967 0.09632553535496886 0.07805994160197965 0.0643899947812236 0.04976371510768079 0.0345720088690412 0.02181397096994991 0.012642340693161565
1.0363956996908419 1.047344526586183 0.9640308158056188 0.8676668965840467 0.7784596957090275 0.6958606709800012 0.6162821053764168 0.5362123406907994 0.4543367740842294 0.37832172402320985 0.31621367385890203 0.26711626318996334 0.2297238239916955 0.20242308724826197 0.18364692121227363 0.1721864646004042 0.16734395731054205 0.1690162396408207 0.17780331972103203 0.1946068207656363 0.21517990206880838 0.23794382299511013 0.2624474943454224 0.2877073759666964 0.3116928520286559 0.33049002490212565 0.3379104065441829 0.32716494767817605 0.2948382030304275 0.2501198538869162 0.204471122034934 0.16443274208215042 0.13161272508587302 0.10568574186181356 0.08565802446899147 0.07049648792592406 0.059120243358297124 0.0476752187725487 0.034633625438484125 0.022909041097135895 0.013854136720719081
1.2455882802200395 1.1012942175597964 0.9518296404424235 0.8308883341693635 0.7295687989433913 0.6408022284855978 0.5593340305310076 0.4817798132817336 0.40697058967460265 0.33745079732189115 0.2820245563454336 0.23927255430573235 0.20694169003909868 0.18325293950542026 0.166798065683251 0.1565715018843947 0.15201127134818798 0.15304482626478397 0.15968361287266872 0.17167630499102557 0.18561251202153056 0.20025164032093004 0.21503302435746557 0.22900688184497084 0.24063717115109504 0.24769803266121285 0.24769980134417227 0.2377038595045096 0.21751730121929175 0.19048676335796744 0.1613403495860585 0.13421447148556664 0.11081088891968513 0.09153687698728928 0.07613390485932792 0.06408433087521925 0.054827732935667554 0.04635291941781662 0.03556054623095495 0.024830190011679357 0.01578211087894761
1.0050448383191504 0.9715384757131278 0.8627172159218467 0.7566580723874539 0.6634559624654724 0.5808415007526088 0.5056151461934375 0.4355289706112779 0.3697229894965501 0.30888122493429365 0.2584947699405063 0.22021372336897418 0.19151087077568935 0.1704798530998529 0.15577774314860773 0.14650040688736077 0.14176326504756384 0.1411497212240275 0.1447172152701608 0.1524556491268129 0.1610975410917878 0.16954747233149287 0.17734594781216076 0.18383103238705772 0.18811475240648814 0.18917704374837874 0.18611478618322386 0.17703360983661037 0.16254131447177106 0.14516165856761484 0.1267134503957094 0.10872149388659179 0.09249794048843822 0.07861534462219115 0.06716487020596133 0.05798505092393091 0.05081550769596681 0.04495561573927366 0.036757655439394535 0.027160215442933722 0.018291042621364176
0.7443939619090416 0.7616948807769572 0.7190965786957728 0.6544668884967231 0.5860023132835607 0.519546325522693 0.45647945271813817 0.3969548802387897 0.34112034905254746 0.2894130952178445 0.2448318163052343 0.2096671364056415 0.1832839787805648 0.16370986669679344 0.14953089829036775 0.13979268387186547 0.13389462379276248 0.13153143005544102 0.1326670940312757 0.13701699242851625 0.1414918835291901 0.14533543230636548 0.1482752755051565 0.14996411148297065 0.15000672742970694 0.14805129473536174 0.14357682021879664 0.13539716663144083 0.12436166435272815 0.11199133603900979 0.09997602033536639 0.08817970675067169 0.07715331764109977 0.06740570892161978 0.05914531512875723 0.05239037443679681 0.04706147645871484 0.04301776184714839 0.03744484731287264 0.029443618770096325 0.02115008482001853
0.5488624464732738 0.5766244878968854 0.5690247381881326 0.5388804279221027 0.4978384549210044 0.4525511445726534 0.40622600345733195 0.36040615753872657 0.31601592854417865 0.2738314626965225 0.235425666926791 0.2039351572510958 0.17877625777597259 0.15972577478399816 0.14552039574149084 0.1352522956995843 0.12835421261663135 0.1245266381482595 0.12369863071750035 0.12526563683089062 0.12642438602145853 0.126826396232704 0.12639044493964255 0.12501655779827042 0.12261288072903094 0.11914880775518424 0.11388082618359696 0.10648141404156798 0.09767110505431824 0.08842171740086087 0.07984385678213171 0.0721161714980139 0.06474321907116151 0.05805885217859728 0.05228091169469268 0.04750286753788788 0.04370798374022065 0.0405699980062995 0.03730780586084358 0.03138882819662953 0.024177429942317634
0.40472038428977003 0.43195729784744863 0.43947405948775375 0.43063042061560736 0.41075129543484007 0.3842740858264211 0.35414625661709764 0.3222022724101204 0.28964951340343814 0.25739718433893816 0.22627080507664987 0.19925814387167104 0.1769456998532255 0.15858874441268586 0.1442965350798423 0.13347400109410582 0.12561171068289997 0.12045413482011788 0.11794657293080682 0.1170423828786147 0.1154498372062357 0.11318620132157406 0.11032837116402652 0.10693875126116838 0.10308366647420995 0.09867604217737491 0.09296509016597028 0.0861987305665413 0.07888012579750857 0.07164871098184797 0.06520489774162772 0.059816251617529195 0.05497681665643151 0.05051922031007243 0.04663250342043259 0.04335198323175039 0.04049324924788176 0.038073479987591696 0.03610348972980843 0.03264112309331356 0.02706805717878315
