_RESULTS/REVERSE_NEW/MHZ/TZ/7comp/MHZ_TZ_z_250_kriged_reverse_7comp_test3.asc
ncols 100
nrows 81
xllcorner 5.5967107548124995
yllcorner 50.982328804812504
cellsize 0.00017565037499993607
nodata_value 1.7014100000000001E+038
[rows 0 to 19 of 81, columns 43 to 85 of 100]
27.45620518136245 27.23387411974295 26.99153208028486 26.750666477846945 26.52886259174091 26.33788744156151 26.183248101713936 26.065018111259686 25.979424605372653 25.920626641983873 25.88224475706396 25.858415236605786 25.844340753757095 25.836436887494486 25.8322226837874 25.830093195661636 25.829072380938733 25.828600467027247 25.828374997334468 25.82824357951888 25.828137083617243 25.82803055302602 25.827921394313297 25.827817719437967 25.827732559758697 25.82768155813438 25.82768272235874 25.82775716272041 25.827929751201022 25.828228606145625 25.82868244299234 25.829315284685677 25.83013883168117 25.831143830254817 25.83229274963219 25.83351656203562 25.834718028277887 25.835782484433977 25.836594970421046 25.83706031163318 25.83712131711875 25.836770267724308 25.83605049096427
27.9750205486656 27.68451394492778 27.366735053086128 27.04984117143157 26.757197691398645 26.5046635494761 26.29983842024805 26.143060772855094 26.02948333210798 25.951442469023117 25.90051096165337 25.86891821886101 25.850295224232863 25.839876769919073 25.8343599513921 25.831604141188468 25.830304303913117 25.82970995010763 25.829415200706684 25.829217102880868 25.829027067306804 25.828818498332545 25.82859695196737 25.8283836973564 25.828207366613427 25.82810077386973 25.828101053521802 25.82825142893129 25.828602671384708 25.829212103094275 25.830138217388708 25.831429893625952 25.833110828115846 25.835161926355788 25.837506385676967 25.84000317530076 25.842453803721245 25.84462437404675 25.846280528649952 25.847228356719555 25.847351421682323 25.846634112925347 25.845164832729893
28.536789500958292 28.17448690147196 27.77632616830469 27.377576546656186 27.008031906061454 26.688264480447486 26.42839983180651 26.22923803137731 26.084854063885928 25.98563142081446 25.920909802737928 25.880823106149126 25.857267272277834 25.84416840839 25.83730814886474 25.833945067038755 25.832401638902464 25.831709234646123 25.831343292311505 25.83104453399659 25.8307066019237 25.830308549715987 25.82987517083863 25.829454210334475 25.829104417279247 25.828891239145456 25.828887878790535 25.829179070599352 25.82986407367419 25.83105479426254 25.8328653006637 25.835390743061808 25.83867691537851 25.842685866364757 25.847266846578005 25.852143756456375 25.85692859862628 25.861164728374575 25.86439509409224 25.86624189640045 25.866478535269383 25.865074907097245 25.862203549387992
29.10001563448134 28.66835663717463 28.19125343223953 27.710989418286815 27.26405151362938 26.87611844705718 26.560185340377977 26.317733537620175 26.14185953477201 26.02100969144746 25.942261624447255 25.89360747863828 25.86515975655012 25.849491554463437 25.8414304158344 25.837601345977774 25.835927765667826 25.83520344828074 25.834773914428915 25.834321248764947 25.833727739396156 25.83299200836745 25.83217754461744 25.831381464327407 25.830717452657638 25.830309963057168 25.830297072275354 25.830837876649333 25.832118235747103 25.834347324472905 25.837738010124816 25.842467342704317 25.84861953855024 25.856121705878333 25.864689826375265 25.87380591276627 25.88274393570216 25.890651224435313 25.896675940394132 25.900115120861173 25.90054786800887 25.897918957996506 25.89255009143648
29.61656328236687 29.124215462513114 28.576485803865108 28.022002921366635 27.503708367762243 27.052408577640303 26.684105661346752 26.401138231570933 26.19580723902597 26.054797760106794 25.963083161692253 25.906643891693708 25.873905087547172 25.856148017429277 25.847276646513833 25.843290108975985 25.841707143571174 25.84107421398291 25.840600662988457 25.839912116648367 25.838892308930845 25.837582515393887 25.836116188710502 25.834676505684502 25.83347201306281 25.832728716370955 25.832695992871574 25.833660032226906 25.835954163240686 25.83995264960696 25.846035390530215 25.854516877468896 25.865543858288902 25.878980450068394 25.894312470422477 25.910608521510504 25.926568740385044 25.94067199633228 25.951403447477674 25.957516456242164 25.958266602233028 25.953557848755764 25.94396200493849
30.040125313471922 29.500715612753027 28.896618688781334 28.281655483661382 27.704419423113485 27.200366658222 26.788314257998547 26.471504432681535 26.24166366167569 26.084035717794535 25.981834964838068 25.919343596952515 25.883547582275156 25.86460864666457 25.8556099502594 25.851974243633123 25.850831353255177 25.850480717365492 25.8499945636264 25.848949292435936 25.84725022915166 25.845015241024495 25.84249358380238 25.840008976696126 25.837925001414607 25.836633986255432 25.836567441642703 25.83821875113166 25.842160502182814 25.84903346780519 25.859485483289163 25.874048806270338 25.89296410376531 25.91598424194347 25.9422134230548 25.97004615469626 25.997257325930896 26.02125836619465 26.039484907792982 26.049836190277187 26.051062952358823 26.04300763943261 26.0266359765953
30.334301235004652 29.76420905473336 29.121938342784652 28.465034467011307 27.84640181331821 27.305117293910225 26.862217991613317 26.521699758366235 26.27492118919855 26.106108378460537 25.997217687892267 25.9313047399988 25.89429677960846 25.875504276853373 25.8673541473375 25.864777996783804 25.86455161606424 25.864737808173683 25.864276875717934 25.862708431568528 25.859986021524495 25.856347733961933 25.85221881983855 25.84813753585887 25.84470684737086 25.842578130186766 25.84246713132961 25.845189328940283 25.851686818893498 25.863008865202357 25.880209838552933 25.9041457842129 25.93518426701137 25.972884554829122 26.01574199244038 26.061102692318183 26.105328184886694 26.144225406881343 26.173675826429037 26.190330393300147 26.19221023525894 26.17907311376652 26.1524609425923
30.47797386250305 29.89405617669327 29.23338121451008 28.55561698257718 27.91622662091519 27.356404913974856 26.89844387822075 26.54674140699642 26.29244574215253 26.119240312212828 26.008421796162768 25.942393620943076 25.906490135639203 25.88949962235369 25.883396452942716 25.882731206460992 25.88397793955387 25.884986637652695 25.884580561404903 25.882280359798866 25.878116637876097 25.87249394617092 25.86608127875864 25.85972110829245 25.85436448484961 25.851046027418434 25.85090437389684 25.855232235998187 25.86551425269077 25.883392750616153 25.910503100411802 25.948149123315357 25.996844496037564 26.05581583893254 26.12262124445858 26.193051762825302 26.261430338799496 26.321310177194633 26.366445242591553 26.391817130560025 26.39448986589458 26.374117311261752 26.333008526293188
30.467417266053015 29.885299910933107 29.22546026177104 28.548094328302152 27.90927193746183 27.350540307718706 26.894263356950372 26.544757469337092 26.293065165457445 26.122801071271624 26.01522281889792 25.952681465051008 25.920402972006272 25.906993941965446 25.904189647720937 25.90628427602094 25.90952408748371 25.911594694807068 25.911236333002876 25.907974903520547 25.90193981562589 25.89373456982665 25.884329791383664 25.87496437692328 25.867063862683537 25.862200577221333 25.86211256949058 25.868765845972618 25.884401018532145 25.911473396305123 25.952396009473343 26.00904089286197 26.08204377062295 26.17006890558201 26.26927918798948 26.373265750007768 26.473586667138704 26.56086848657639 26.626225742992627 26.662658037239705 26.666133094360482 26.636195296962683 26.576046352516425
30.315973708872264 29.748951243268916 29.106958394188354 28.44923546373332 27.830561576318324 27.291096294946808 26.85209671898096 26.517297907730164 26.2777062778955 26.117292498078648 26.017838515679202 25.962183144332062 25.935873231601793 25.927632410474754 25.929151678518643 25.934603957795698 25.940117821066583 25.94330996046954 25.94290820142462 25.93847701480559 25.930244564502086 25.919005069224426 25.906048918586876 25.893081581674547 25.882131413262034 25.87548471140445 25.875687696490484 25.88560910027859 25.908486280527992 25.94782212689456 26.006996828810042 26.0885294286198 26.19306572504694 26.31834341554994 26.458515574033996 26.604205307012208 26.74346331210066 26.863461129402772 26.952454094667523 27.001486531968954 27.005527480071134 26.96402625112706 26.881001090832935
30.052061522517263 29.510281702627868 28.899491827369143 28.27671050485704 27.693830394623127 27.188182200204388 26.778950839657746 26.468882961387724 26.249002028192827 26.103968644112108 26.016524077205634 25.970399244027686 25.951770621698216 25.94969063505072 25.955961849332958 25.964785964248872 25.972343519022743 25.976355364054804 25.975667513301993 25.96993017766391 25.959431452632874 25.945074625705505 25.928410702694922 25.91162697066104 25.89746064192725 25.889092534463547 25.89010209297174 25.904503786182666 25.93677249356496 25.991671594275896 26.073685943837738 26.185967925497682 26.328921958853424 26.498818543180008 26.68701649896139 26.880324308142356 27.062660916545024 27.2175964781918 27.330908905045636 27.392350520683145 27.39640334336596 27.34244076335706 27.23482157292367
29.715420199760512 29.205161665329854 28.634084039237994 28.05606523415229 27.51901019355537 27.05646413425353 26.684918943861856 26.405881627949835 26.210435041969394 26.08414138968581 26.01096004234788 25.975733582695714 25.965416014825443 25.969487185438155 25.979968542492454 25.991262388158283 25.99984990554268 26.00383109854874 26.002379882726 25.99529901364994 25.982848612596104 25.96586299156459 25.94598844243129 25.92582540320809 25.908876681008568 25.89937583300544 25.902147151689725 25.922571369026553 25.9665577500536 26.040270706084396 26.14933185396601 26.297371431169285 26.484125362003613 26.70366838458532 26.94363922864621 27.186194957077937 27.410783786344705 27.597857113355918 27.731986142148816 27.803176164150585 27.80645884738678 27.741086366255214 27.610666629956093
29.351414363822613 28.874611021622858 28.346180405776828 27.816403854441425 27.32869535458108 26.912413420875552 26.5811183188287 26.334994701837523 26.16521337858575 26.058317577592472 25.99955719389584 25.974915059393293 25.97210801752235 25.981029032953305 25.99397565280733 26.005738598844047 26.013417942837734 26.015860292949778 26.01285179756396 26.004437945307306 25.990724980711928 25.972216903884572 25.95039148569119 25.928105713103694 25.909616496006972 25.90031234780123 25.906414542354455 25.934812975589605 25.992944127298117 26.08838257659135 26.22776501804675 26.414877840834134 26.64819968489473 26.91875585780446 27.209510619633292 27.497294402728308 27.757197340670054 27.96780652482979 28.114720237710287 28.19059666797676 28.19245961293822 28.11917424574924 27.97177226128506
29.004277369435783 28.558556921040516 28.07014240250323 27.585766118698885 27.14444302819286 26.771468677609473 26.47758308357474 26.261717121389616 26.11514724933602 26.025366505070235 25.978837647020057 25.96256619074055 25.964898180353224 25.976041285430018 25.988576174231742 25.997849218847136 26.001900565558618 26.00070919853799 25.9949818030988 25.98511694107206 25.97095004925622 25.95238680710013 25.930448138117434 25.908046925210158 25.890116412924634 25.88321014039542 25.894977405962134 25.933809663262913 26.008587839933874 26.128116792201112 26.29974533366785 26.526951707984136 26.806302451877702 27.124970508663935 27.460496885733544 27.784099249893874 28.06719186316309 28.288426578049126 28.437269849911456 28.511755802098293 28.51224911841098 28.436507616813046 28.280573938703117
28.71118204576583 28.290473033834207 27.834639753229283 27.387348800320783 26.983803712162718 26.64578624215126 26.381608217508624 26.189141559337966 26.059793664759674 25.98191942717978 25.94304556305923 25.93102727533447 25.934671481150513 25.944371169499732 25.952943129522183 25.956360892839943 25.953794193946578 25.946607485280282 25.93665317587301 25.924797915032688 25.910582344677273 25.8931857617494 25.87300880194952 25.85287665492107 25.83828603375988 25.836842638305928 25.857465041068313 25.90980735398975 26.00386476745493 26.149258704751503 26.35356875537814 26.619434825637555 26.940966371892305 27.301011585068018 27.671481814705984 28.01835422876649 28.31063182441503 28.529219885739636 28.670042270873353 28.73849090781995 28.738692732849437 28.66591916653046 28.50876261639142
28.498785225643076 28.094274243828742 27.660012177385468 27.237370593085704 26.858665362077964 26.543005272353355 26.296864216759946 26.117352912613782 25.996073117375985 25.922169932607137 25.884115982789385 25.87050269124138 25.870500257304226 25.874592246909156 25.87572403445933 25.870374870467067 25.858728108862188 25.843457380762597 25.827558938548183 25.81245669861591 25.797560765372925 25.781514629172612 25.764250010229546 25.74855573238369 25.740401754145047 25.748196474338158 25.78172320944881 25.851361557865754 25.967589911159127 26.14017740988893 26.376304069598426 26.67727784446741 27.03451234513966 27.42667725038192 27.82070817709957 28.178568274603442 28.468551010550247 28.675608742630654 28.803350455010275 28.864559311065697 28.865836374394092 28.79796745257024 28.64047432566971
28.382547220426446 27.983696024656425 27.557743721388928 27.144659384185545 26.77496018780922 26.466076323001236 26.223349194761546 26.043505921674665 25.918473892860472 25.83820283406905 25.792119389239982 25.76960221185583 25.76025291529278 25.7546456821235 25.745685597646407 25.729966473019104 25.708122196259904 25.68356557560179 25.660079776376094 25.63966604117695 25.622011669320944 25.60586103980274 25.591291987167576 25.58142452469091 25.58270238831108 25.6039676146308 25.65520359766815 25.746657899462594 25.888349001415456 26.08928106617472 26.35549574930922 26.686586684332692 27.071448853554752 27.48546829867439 27.892216165790057 28.25167953321434 28.53327050640632 28.726762151305007 28.842522610594397 28.89817784248993 28.89966040183434 28.831136296119187 28.66326457276992
28.367792095347827 27.96325994910478 27.53130609285725 27.111381549629765 26.73331337931519 26.413878466147683 26.15802907781343 25.96253923769911 25.81987704591694 25.720942450397605 25.65630968093542 25.616420599425705 25.591593949404633 25.572625529495546 25.552165664175387 25.5262553296257 25.49494208663062 25.461272932364903 25.429057161741536 25.400776260094776 25.37700934659194 25.357670614963034 25.344077400389892 25.34040405397841 25.35371218374498 25.392844012097555 25.467110922518323 25.585502303447804 25.756375258277608 25.986865486953675 26.281068282093084 26.636592806040632 27.040340137660124 27.465888905647244 27.8757333695797 28.230357816458213 28.5018554364897 28.68432156130104 28.79188136322129 28.842381368951802 28.83693795294775 28.751770123810243 28.551441185733818
28.451033891563338 28.029530897476246 27.57730910494881 27.134093429016108 26.73003744610851 26.382219419008567 26.095914399822057 25.86839439619929 25.692963410540155 25.56175804413396 25.466886830091397 25.400352980963213 25.35368608827237 25.318166610975346 25.285966523815034 25.251718664140732 25.213503766394446 25.172491605019097 25.131419213731405 25.09299415312965 25.059366194460953 25.032928899755756 25.017645469270157 25.019739865444603 25.047190807547242 25.108427168245502 25.211132145253757 25.36177813006933 25.56573199981589 25.82707273390919 26.147117868791312 26.52126566149552 26.935051882734513 27.361851541006143 27.765424142664468 28.10903991235309 28.368449654172 28.5405978049302 28.639337100565037 28.677630686123333 28.648258600690085 28.520066242005022 28.25696727365005
28.62061688663592 28.17180242748842 27.68623137019593 27.2045372304272 26.758032504833036 26.364894188885767 26.03133814237607 25.75556951389748 25.5320819619362 25.354652488510244 25.217463517148914 25.11473910821744 25.039855691373575 24.984940438772743 24.94150241635282 24.90188359462274 24.86072737892541 24.815674746056168 24.767121590408905 24.71757434565276 24.67129127556457 24.634379204510658 24.614859860535006 24.62207796967155 24.66533734684363 24.752343247200248 24.888275912070995 25.07590182305222 25.316346410994605 25.609530284144743 25.953223915564898 26.340360587233786 26.75554508154829 27.173132296909863 27.559837226983547 27.883213297179914 28.12294124206795 28.277071511173663 28.355674121815778 28.36321377810636 28.282922065842353 28.07940556388873 27.723262743633715
