_RESULTS/REVERSE_NEW/MHZ/TZ/7comp/MHZ_TZ_z_125_kriged_reverse_7comp_spherical.asc
ncols 100
nrows 81
xllcorner 5.5967107548124995
yllcorner 50.982328804812504
cellsize 0.00017565037499993607
nodata_value 1.7014100000000001E+038
[rows 0 to 18 of 81, columns 0 to 42 of 100]
20.454775218623247 20.549968800920265 20.638557848787563 20.71745548892888 20.76095844400295 20.720288949042292 20.59126612624618 20.374851199903695 20.07556840141722 19.699146440506084 19.250793162569625 18.734850619183412 18.165636495360253 17.565090124459893 16.94720805374295 16.319387078319135 15.687270337718553 15.056541074543677 14.432887659758784 13.821940154416176 13.229186481985977 13.357845776491018 13.89041725647268 14.431264101292953 14.968722792118689 15.494196365540663 15.98122148207947 16.42038959877214 16.80904457187502 17.14575050398171 17.429697406257283 17.660691505938736 17.83915901479249 17.966095695583125 18.042877570030633 18.072189912274933 18.057407838385686 18.002253099013295 17.91886584709648 17.861737650330177 17.84334358639551 17.865003079385776 17.924595340232692
20.342470433097215 20.421115255138567 20.501892528236628 20.582291013028772 20.637086846800194 20.61299599957684 20.501258442537107 20.302957911417856 20.02580823692757 19.67747465012408 19.263157622314758 18.787672557692765 18.262423978898195 17.687977463477033 17.084761545548037 16.47125005770122 15.854152239398406 15.241899659185718 14.647453772050529 14.099884030599677 13.704733257005392 13.736070640190942 14.113541784820319 14.590766969081937 15.088252899453977 15.569381623938513 16.012162689264052 16.41562754004093 16.779063406814444 17.09230298450589 17.35249884957682 17.558122301552174 17.709164056957167 17.807107004116016 17.854233955871578 17.853795482340246 17.810129480674668 17.72857818612674 17.624578110325572 17.55515616809083 17.533904396421523 17.56283694631457 17.638817648939956
20.10179688873696 20.157247604726106 20.224735309203645 20.303805463681865 20.374129902948766 20.37524042181026 20.286365628684127 20.11073241171615 19.864245906938535 19.556225541965368 19.199904544947405 18.802762206449287 18.361034429321652 17.871498836575768 17.332142742293822 16.75400388142671 16.175559046888495 15.612578204942352 15.088351458032237 14.647878777614732 14.37614655802495 14.365536162251082 14.595850846444817 14.963320014243815 15.38151145309847 15.79022646119849 16.168721480889232 16.511758935793996 16.818270975341818 17.088319288422184 17.31397000351686 17.484766606859598 17.600800058224568 17.66304433532167 17.673530152986462 17.63565769274032 17.554568804348943 17.437401384088353 17.305997345825265 17.220306055863908 17.19501051290213 17.23344893156157 17.33066576937399
19.736457185159207 19.75992661662448 19.805366038360432 19.87573096504472 19.961497761951602 20.001093226019613 19.937452075205993 19.787576947936465 19.58523304735739 19.351407566345287 19.087770154071553 18.788254727589575 18.44736680357833 18.060814363982264 17.62615332411091 17.143672474217304 16.625617048157967 16.12642159287608 15.67817008751444 15.320854827894323 15.10613626469759 15.07329252792015 15.215763835250929 15.485577107493793 15.812551836897985 16.136739421076086 16.439114754462462 16.71119747355361 16.94719447747534 17.146950325595895 17.312853525523018 17.442080898044864 17.517712238947315 17.538701991334577 17.506446266316853 17.42403278761002 17.296937221653106 17.133902960830305 16.96721442933655 16.858897071565227 16.82740391153554 16.878904012429338 17.004812900722005
19.254681761561468 19.23627313548632 19.248473401045814 19.296758615027223 19.38158038038115 19.461037656435582 19.424300523993463 19.32264805691021 19.20775689509328 19.07789060077434 18.924321883857765 18.739059750827973 18.515257995512055 18.247673706279123 17.933277697665535 17.57211588275492 17.16851258267763 16.742549650093395 16.362484481864225 16.064832384950087 15.88124134227336 15.832332195792704 15.916300660751206 16.107777910418065 16.34693927628662 16.584836577380464 16.805350875674836 16.996413259091824 17.154276866349612 17.278608124699684 17.37076831560457 17.433166793580508 17.462694406757443 17.438534100559202 17.359142942046283 17.22670150040034 17.04610463522391 16.826629992095388 16.615698063774744 16.473936273999602 16.431867831774337 16.502704774787865 16.66941496088859
18.67010839593026 18.600861285664216 18.5699284269319 18.583886331099407 18.64481891987719 18.71333618939995 18.739814734621547 18.745376148914964 18.746484274023235 18.73741094605651 18.70908633582632 18.65246753045038 18.559598888156124 18.424205519635965 18.242273996074573 18.01276757858501 17.738482578940243 17.42684937908119 17.109364123372263 16.85702271073058 16.693293938492356 16.631097068021543 16.671048521344556 16.797894481224738 16.95664771096223 17.1107050115958 17.244665144906275 17.35155718130004 17.42838405146162 17.474376088895752 17.490229379298338 17.477571594716647 17.43864692658005 17.36651175933744 17.23818226111316 17.053302288367128 16.81500753215148 16.53279316382614 16.266883063861982 16.072391897317914 16.00934061547789 16.11182002105739 16.327764432957295
18.001111953846998 17.874526882400634 17.7949126049188 17.77105406852759 17.807147365268268 17.887285678123686 17.98166385760527 18.09552660562952 18.218450798121168 18.339267472251723 18.446410720703433 18.529006909354813 18.577555388521485 18.584343796237963 18.543826734853532 18.453079750047497 18.31230341943697 18.125168703856875 17.89856098117168 17.68361969483031 17.534435378373928 17.460412529425096 17.463897962418873 17.533886274263086 17.619301812526025 17.690123032432613 17.738956831967055 17.76197222714086 17.757159863222295 17.723960467526023 17.662839945006723 17.574946460976534 17.461884305916104 17.325595376461248 17.14972748878551 16.91451753339876 16.62079249243989 16.282532301708386 15.954979743834768 15.676770995182418 15.557119399576248 15.709741297493702 15.990842208769246
17.268936356409828 17.080726528359964 16.950200720789255 16.88994961717846 16.907959605418743 17.010871719144685 17.18262599823462 17.398773688911987 17.642325327383602 17.89600414271026 18.14391251162804 18.372146068836162 18.568928322836104 18.72457443824472 18.83147106753204 18.88416634085507 18.87955986363098 18.817053035558068 18.69838076144477 18.53371254434029 18.396449561722893 18.31124806902886 18.282090778131835 18.299021992506763 18.313463311400156 18.304862482299516 18.271648480350457 18.212655867159743 18.127370131120948 18.015905352831993 17.878883891800545 17.717318617711598 17.53253631937056 17.32613803719449 17.097855044888615 16.81924620978334 16.480786209328684 16.112529600835586 15.746198822065253 15.380797739788363 15.065642387925113 15.392692475687427 15.723048598180092
16.495933705207268 16.242585453446388 16.059464382174244 15.964046739642882 15.969012158483253 16.10217722950571 16.351595331920677 16.669157174620235 17.032703620611912 17.420014226724973 17.810744537101428 18.18752069703541 18.535903428127448 18.84391926813477 19.101559767178834 19.300441396381242 19.433699108475707 19.496095221760587 19.484214254522968 19.39649118918965 19.27069520978413 19.1741606428286 19.113592239371094 19.076352067206575 19.02230060814037 18.93822686794264 18.826363484887583 18.68823119790164 18.524991717342683 18.337673589835124 18.127320089300632 17.895110111654844 17.6424822530989 17.371264787965796 17.083790698529636 16.77029386737129 16.40997326997271 16.047129862939627 15.693345097343212 15.36835188235626 15.19256929456759 15.33046097883011 15.567677287687065
15.704846364807379 15.38210868478702 15.14316553586617 15.011710418317554 15.01308859498734 15.178005632007475 15.496128478399132 15.91720901517817 16.401907938286637 16.923312682919462 17.456992015794093 17.98237957809688 18.482573560914737 18.943445206515673 19.35259263861134 19.69819805166198 19.969545232508644 20.15660876221846 20.25057808415429 20.245008865320692 20.14626105598371 20.0377955111948 19.944136519957883 19.84958432123921 19.729715725770827 19.57338582208307 19.38639618308187 19.17274650288997 18.935192812130996 18.67569803282481 18.395827811021608 18.097110959612447 17.781394439442316 17.451210220181345 17.11015510306306 16.76166424709109 16.408357505709787 16.06830956308026 15.752976804534224 15.500171203890403 15.368427822928298 15.384236169908599 15.479879999934552
14.919249938652806 14.520999493335978 14.220006554085248 14.048795398669009 14.052263504248415 14.250677717504251 14.629461902108362 15.15451958174421 15.76311224035396 16.418970178564052 17.094053265172 17.76540527946266 18.413732539166915 19.02284857060486 19.579193396995215 20.069086549535402 20.477846880651093 20.78975034512994 20.98932331190937 21.064066120396138 21.007613454068483 20.884899767771483 20.75162091468495 20.59773130249783 20.415539641604656 20.191686784634708 19.934257710677254 19.64950071674166 19.34234434684304 19.01550488939577 18.670995919983216 18.31071474743502 17.937024297858628 17.551515299456533 17.156676001655175 16.774990435161254 16.433488999697136 16.111661480972035 15.830563061149366 15.610325425451304 15.467184374056245 15.398324500046312 15.373454321572519
14.165014076065678 13.68266126258997 13.308917087165367 13.092645152734079 13.095826811468292 13.332012909779467 13.779417005712874 14.397832548530133 15.133063861116527 15.922788942411495 16.734606581749908 17.542939549043552 18.329665076057562 19.079532268214386 19.777995661264384 20.409329218313005 20.95500136040198 21.39293962323485 21.69902726918817 21.852108166980088 21.841051243906204 21.702530414620213 21.518720858159398 21.30090645117029 21.05561099216549 20.768117063631323 20.447341839185174 20.100017719052246 19.730155889105397 19.34197002795173 18.938691326366637 18.520513774129252 18.08453422898397 17.636335404524793 17.190585522806785 16.792807847446646 16.451104790803896 16.145034894305645 15.883001959945178 15.666519984279395 15.491133112911454 15.346528149926602 15.216850245953395
13.474158873407516 12.897199984936798 12.43349044172784 12.158038427256654 12.154564657465729 12.438713967445958 12.971300997189275 13.689493575815456 14.53562064420441 15.452523705215349 16.388833529408334 17.322476657014295 18.236417842000474 19.11626706855927 19.947829423079625 20.714721424699565 21.39569796753211 21.96215064423188 22.378201000743438 22.608335615716538 22.63337956186086 22.47243968796436 22.226903710971047 21.939175118466842 21.62838931700444 21.28111476664213 20.902941884433428 20.500935924778236 20.07911001856688 19.63952538042474 19.177676964213177 18.69453761050353 18.19495833837293 17.68932707968773 17.216803212559164 16.799627520758214 16.449190015262726 16.15153959815127 15.894953028854145 15.666629027818324 15.45077036808864 15.234709061199107 15.00992827234651
12.886155407307411 12.205080364140185 11.626013106980016 11.259186420741994 11.238407797269192 11.595133760383254 12.242385918730777 13.074735057443721 14.01860177631606 15.030493868241301 16.075417261736323 17.11705856839217 18.140738289933324 19.13409754532098 20.08425503659215 20.976065489404267 21.788156740732052 22.487345891096894 23.022735428214414 23.33190896241979 23.377320719283734 23.17238406878156 22.851326987238096 22.48783191733242 22.10936972180172 21.70869151544904 21.281425800063648 20.83378266077508 20.368589600869104 19.877649552001255 19.359204564778164 18.816374819291422 18.261133009832335 17.725776740775608 17.229572814123433 16.786189987857984 16.420550466414763 16.12255685338583 15.863252152837271 15.617715715083097 15.360740238421691 15.077883773901405 14.765170891208987
12.448830459179721 11.666947631269773 10.947164536150375 10.42227580098118 10.359184427412911 10.85262836914089 11.656857251182917 12.604283978133049 13.630992541267286 14.707910932883175 15.816311087735688 16.938961927331416 18.0482556635537 19.13145880450234 20.178539625294757 21.17689205050828 22.108830794730522 22.943763336909157 23.619633046284402 24.021472719833888 24.052270015431894 23.7676587849203 23.356143396701132 22.9161623078822 22.4728327265171 22.028184966485647 21.563480292793646 21.0811298634511 20.57195788927024 20.03353397583778 19.46755365583846 18.884078298440517 18.3057248900626 17.748233662112163 17.225831552137592 16.752779119627245 16.363062883563863 16.05480850026263 15.791080574244159 15.532105789006215 15.238936777567048 14.89518389983224 14.50110352740259
12.213117294774053 11.367771138578163 10.530969468506575 9.761955282710396 9.560382336493273 10.359714082558012 11.31855143169069 12.342192420086715 13.413635624976122 14.521727038137506 15.656040511545456 16.80606488399237 17.961011184886317 19.104732141140847 20.218742961348795 21.293847326379574 22.318305469995828 23.27423942463114 24.119640206134243 24.670646616251137 24.60531784926488 24.19144004148061 23.691590228981877 23.192600598687246 22.704466197408713 22.229336694954167 21.745281427649175 21.233067279775433 20.687143154510785 20.111058270863342 19.52083528559818 18.926028487562796 18.334860447581956 17.759331222925574 17.21173583109555 16.708825152533105 16.283441661431468 15.948140245446227 15.686636345678407 15.427890728024035 15.10615413955928 14.707666679962585 14.239092654106559
12.212034846507043 11.37877103892047 10.562105947939976 9.84051792726583 9.679013113481565 10.404530207099791 11.331755756769404 12.334891605075763 13.390361730527633 14.485685014331365 15.610330355244564 16.7540354283918 17.90638480288437 19.056644926235528 20.193615737901723 21.3038649379242 22.370562851628875 23.381920770063687 24.321281805622178 25.103762997968005 24.829926924839402 24.345811139268275 23.820491959028118 23.30611100953711 22.804020665445496 22.31414896147319 21.821471445261096 21.29263954671268 20.736538919567106 20.159624128466113 19.5680451453743 18.968538067761063 18.368707581368678 17.777240378492777 17.205266440121612 16.678060280654154 16.21349961061767 15.808458080531103 15.575981002562578 15.333785892454976 14.985146660068779 14.536300441918273 14.00116192774195
12.437707562212438 11.685120791442957 11.005224967529356 10.52864760588247 10.480305951355415 10.928781919405422 11.675517274789401 12.571464157609105 13.554437363002824 14.595311466437527 15.676103991271628 16.782809487741286 17.90280639151448 19.023700348700395 20.132541406181435 21.21485246294406 22.252653349034826 23.21575147114553 24.03944028939146 24.554381985190304 24.548213184227585 24.189630325580495 23.72644024455135 23.246604793835893 22.7659804919174 22.289180150850267 21.803331226374432 21.294853388169233 20.755647932545564 20.191702374099137 19.609150713013783 19.014757829926012 18.41626641013888 17.822618562879793 17.24025087436467 16.701923431334862 16.22940576045401 15.82713992883181 15.563617365025964 15.284159258641527 14.895341338230562 14.399165370875306 13.808823295787354
12.845886249306805 12.199135251053432 11.659210100476862 11.328080124169295 11.313868570092305 11.636536232006796 12.225372893295242 12.991065661159887 13.871780531210343 14.829689941514104 15.83994765506115 16.88389232161268 17.945529866361518 19.009553820293558 20.059817972919834 21.077377835466123 22.03251836644479 22.88731265368342 23.57641747103956 23.993122199512552 24.062832444069233 23.831237282164675 23.472351555208647 23.06756575094007 22.643311429701683 22.201421413319835 21.737397908857183 21.256508678661355 20.746542837290086 20.206530479998875 19.6430688918248 19.063463659017135 18.476324840587562 17.89193747638722 17.31805181333034 16.789742878973342 16.33841197650995 15.960306617526498 15.630846350631266 15.28042928744535 14.844751045645452 14.30886782242391 13.700492988704768
