_RESULTS/REVERSE_NEW/MHZ/TZ/7comp/MHZ_TZ_z_355_kriged_reverse_7comp.asc
ncols 100
nrows 81
xllcorner 5.5967107547500001
yllcorner 50.982328804750004
cellsize 0.00017565049999994641
nodata_value 1.7014100000000001E+038
[rows 0 to 18 of 81, columns 43 to 85 of 100]
16.666964870182504 16.483307480084317 16.285376691967812 16.090883538111076 15.913671410555134 15.76248739119513 15.64098082935109 15.548608541387852 15.481996032695541 15.436336711166312 15.406541063155357 15.388004589261117 15.376995236541067 15.370742589111677 15.367340245437608 15.365563195296314 15.364672746674291 15.364249160102734 15.36406647419394 15.364008223994682 15.364015644824145 15.364058551535948 15.364120516579158 15.364192267366446 15.364269357356816 15.364351767899615 15.364444143300096 15.364555953453804 15.364701153026036 15.364897006000577 15.365161812232223 15.36551143378535 15.365954844406083 15.366489390525503 15.367096917388059 15.367742157466166 15.368374585320558 15.368934224769603 15.36936077960723 15.369604296236583 15.369634807491488 15.369448412660288 15.36906810665662
17.10385242472275 16.85783312316258 16.592918923572945 16.3328581020666 16.096151367618187 15.894419904866474 15.73244043575549 15.60939465788912 15.52071179664756 15.459942160858054 15.420284203824977 15.395598929335502 15.380918243257266 15.372558721153009 15.367988890609496 15.365584659502096 15.364368726168035 15.363787070540724 15.363541760730564 15.363478455712439 15.3635175333371 15.363615825960055 15.363747745689576 15.363897555886746 15.364057356220048 15.364227500277758 15.364417592539828 15.364647018315674 15.364944310943137 15.3653447619447 15.365885771269733 15.366599743580487 15.367504993434295 15.36859606905775 15.369835852711619 15.371152290233885 15.372442203811312 15.373583171020242 15.374452176394884 15.374947372172501 15.375007743659822 15.374625493577373 15.3738477119227
17.591261918804225 17.275357372629195 16.93544171212378 16.602046976403436 16.298899903294632 16.040819535465882 15.833801467084182 15.67667338828738 15.563492573432361 15.485955477531018 15.435344551987908 15.403812414408705 15.385020282409808 15.374276057954377 15.36836085390453 15.36521450897923 15.36360134558827 15.362823475258262 15.362506230976164 15.362453930205547 15.362562098788423 15.362769623363153 15.363036369805705 15.363335432811475 15.363652714023576 15.363989317442284 15.364364152840635 15.364815209090018 15.365398377593687 15.366182771392465 15.367241602427306 15.368638257720052 15.37040849196216 15.372541504756992 15.37496452343575 15.377536471072743 15.380055504080186 15.382282311128082 15.383976609364177 15.384939657467989 15.38505262295773 15.38430070362124 15.382776329171227
18.09724937477527 17.70849896755771 17.29044120519289 16.88070096309189 16.50847894111598 16.1919195278901 15.938247733081084 15.745871514082674 15.60737888601628 15.512514656014018 15.450562624939232 15.411904636289675 15.388788776236733 15.375489086444642 15.368087661605795 15.364086172572733 15.361993839975705 15.360973738078453 15.36057777604187 15.36056877811223 15.360813228244389 15.361224601891394 15.36173927417813 15.362311099708617 15.362914991213506 15.363553353938734 15.364261736205611 15.365111456529995 15.366207421322356 15.367679297714767 15.369664342828845 15.37228124352317 15.375596710109058 15.37959004180151 15.384124350187879 15.38893489603646 15.393643453174954 15.397802143106293 15.40096182919633 15.402751574121934 15.402950187722658 15.401531094042944 15.398668156828196
18.579905396574055 18.121308616915037 17.62838615158714 17.14556857677444 16.707330231379768 16.33499509198796 16.036920819731634 15.811054556316066 15.648529132328143 15.537193920246493 15.464413043961228 15.4188816834998 15.391512644367216 15.375612773346555 15.36662000990831 15.361641997789413 15.35896719824589 15.357644272680718 15.357166171059555 15.357258414094394 15.357753378629289 15.358527308393425 15.359478246491564 15.360527257588133 15.361630146924348 15.362791314446481 15.36407471115789 15.365608696072464 15.367582004678715 15.370227718005818 15.373792249920843 15.378488226901188 15.384434443073205 15.39159234217832 15.399714700940137 15.408325282833838 15.4167453080248 15.424172614875387 15.429804376974895 15.432979035879143 15.433303630628883 15.430733330799839 15.425581445326964
18.993743865436475 18.474592593557222 17.91698351413479 17.371192472148365 16.876233010637684 16.456128435561787 16.12013816907417 15.865732006410948 15.682727004602517 15.557305509815592 15.475169798123623 15.423573454822789 15.392303770262997 15.373868318004227 15.363190121339414 15.35708007283389 15.353677222827145 15.35196486054653 15.35140535942379 15.35169599631397 15.352627477988792 15.354019491832984 15.355707321122816 15.357557014987421 15.359491927615052 15.361519154703917 15.363749013665407 15.366403168585704 15.36980720899129 15.374362584208875 15.380492826805547 15.388562163441213 15.398772106533215 15.41105250746693 15.424974253543322 15.43971589166119 15.454110998442532 15.466785540849354 15.47636861356699 15.481734391207105 15.48221785969778 15.477748740420102 15.468867598485527
19.298164289143234 18.73306773785073 18.12697328889984 17.534411036621435 16.997660532814 16.542611395254564 16.1790434340769 15.903943687077804 15.706064587634025 15.57030695325976 15.481132293940869 15.424744465933133 15.390135870637886 15.36927697245666 15.356776682769526 15.349300371383908 15.344949201075478 15.342718270426081 15.34208409212888 15.342729421385787 15.344390131568419 15.346797353665293 15.34968386287516 15.352825033590722 15.3560904729027 15.359490381090989 15.363207604525764 15.36760980667163 15.373235846307768 15.380748335959153 15.390844052518679 15.404119078773684 15.420898157323537 15.4410559733263 15.463875736830603 15.487998291513257 15.51150485062741 15.532146356484471 15.54768969907574 15.55631050428585 15.55693982934993 15.549477294108602 15.534815042433388
19.465618868061753 18.872445222373663 18.23798302148287 17.618965922920857 17.05923709231813 16.585423067312156 16.2073052782098 15.92137422824795 15.715640263039502 15.574215380845821 15.480854501900126 15.421206233359724 15.38388476285098 15.360655616293933 15.346071962557827 15.336853508424323 15.331215933347025 15.328274745558042 15.327583982762395 15.32882915052111 15.331667294942264 15.33568820530758 15.340458443822438 15.345606747897419 15.350915965242848 15.356399014472114 15.362347701977155 15.36934844472572 15.378257377221194 15.390122774070534 15.406041529378511 15.426944692060182 15.453327583265125 15.484969547743432 15.520716378767496 15.558409632476366 15.595028389636287 15.627058612615697 15.651037139192498 15.664157121816075 15.664793492679749 15.652820881331508 15.629645769785139
19.487166052259024 18.884443936875375 18.242800265052914 17.618933304528912 17.05634158972663 16.58110388714286 16.202401128812692 15.916190344528442 15.71007675400752 15.56790842998765 15.473304920186637 15.411889626053576 15.372348037456623 15.346605116817633 15.329451358886386 15.317899298611486 15.31047162254055 15.30654771748528 15.305843712353878 15.308066497534536 15.312751579792264 15.319262111928897 15.326898692917403 15.3350579239399 15.343386375048123 15.351897841060241 15.361041690431312 15.371718493570857 15.385234979317136 15.403181098215596 15.427208715646831 15.458704066867607 15.498378548588313 15.545848763694067 15.599319513688526 15.655497896592555 15.709832598520999 15.757089364227886 15.792168482043692 15.810987114584938 15.811223494927615 15.792755136363338 15.75769585754458
19.374039128929148 18.778394713430373 18.148857714450966 17.53997958977747 16.99308795245142 16.5324684054644 16.166100701380522 15.889344376699649 15.689692771396055 15.551205443977413 15.457890522858179 15.395836645739863 15.354222473141215 15.325485105381977 15.30495272030079 15.290194986640563 15.280272104056515 15.275008704114267 15.274390723235124 15.27816280969768 15.285667144140156 15.295907784571778 15.307768990979703 15.320289551592396 15.332908611736102 15.345636946605268 15.359143604503004 15.374761829894162 15.394409099057677 15.420398099844318 15.455107940118959 15.500503366429816 15.557539557650902 15.62556073358667 15.701864184586412 15.781618022732818 15.858259827391288 15.924367633948547 15.972835651896395 15.998082688507651 15.997021597134417 15.969602732255403 15.918845897733666
19.155000005908526 18.57908592760345 17.97654173384885 17.398080005734208 16.88138493997769 16.44793125164451 16.103986762600755 15.8442296303479 15.656247553233001 15.524671141661175 15.4343030610362 15.372083451823224 15.328024886917282 15.2953770757606 15.27028609795197 15.251153471286152 15.237839271354728 15.230831254738861 15.23051431501447 15.236679088384195 15.248362617045483 15.2640164520984 15.28189475194358 15.300504115162749 15.318980059272869 15.337324340489317 15.356501422812885 15.378415864587092 15.40577457848937 15.441804818066258 15.489783154636433 15.552356692868322 15.630711849627616 15.723750876407138 15.827527868054858 15.93521280754811 16.037745721172843 16.12512281813976 16.18801743642534 16.219321722019565 16.21527441022638 16.176032906202416 16.105681986656435
18.870240391533184 18.321495384350122 17.754847489561808 17.216102298082056 16.7383666411907 16.339644262005105 16.024138284720976 15.785759132959138 15.612292498840993 15.489151400954867 15.402183376908713 15.339425747264348 15.291951991329892 15.254044203948554 15.222901750364267 15.198021861092318 15.180340722437268 15.171248727264327 15.171668234781208 15.181426381083302 15.199096025417388 15.22231715405406 15.24843473097838 15.275200700656749 15.30132771761656 15.32680168288289 15.352969657573754 15.382458282907125 15.418946006187841 15.466755234271753 15.530201341440792 15.612670255641461 15.715502859876842 15.83691562409657 15.971316676663024 16.109391094891627 16.239151433207628 16.347795939845437 16.423855993328257 16.459003630482748 16.449149080723924 16.39486906433543 16.301371442327568
18.563491774724934 18.04391787855189 17.51567396517735 17.019291587773875 16.582970727184346 16.220993635824772 15.935343021932614 15.719100276126225 15.560268030738452 15.445115967803213 15.36063802939105 15.296077052382028 15.243678682147369 15.198885996016823 15.160120278610343 15.128193848928792 15.105367707253045 15.094154818329129 15.096131284379213 15.111118459091344 15.137021410214363 15.170359624506702 15.207245540582468 15.244424966661201 15.280057733049023 15.314109771813165 15.348403942363836 15.386437951454878 15.433025824686572 15.493727333836565 15.573979889674828 15.677891584091924 15.806801267825858 15.957922524535476 16.12356908583118 16.29147069682426 16.446407079410168 16.572831923841626 16.657612113455844 16.691932432863194 16.672019525821067 16.59914572044082 16.479549447387065
18.274587939449795 17.78146376716161 17.28840671238434 16.8309553529984 16.432634831918865 16.104148298178043 15.845312230328625 15.648377643081854 15.501545354963483 15.39193036744326 15.307676512086013 15.239247824022234 15.180088990458069 15.126850602527869 15.079257114981695 15.039559132185792 15.011489748422935 14.998807583855486 15.00377854295908 15.026121160331929 15.062841593637314 15.109024670056892 15.159235949332187 15.208979074761645 15.255746622325553 15.299490117224599 15.34259904165526 15.389570741502148 15.446476263489437 15.520189953380276 15.617272665149596 15.742451287732678 15.896831567869828 16.076264272072116 16.270530126859466 16.464019246034812 16.638161448791504 16.775022371810483 16.860665054084635 16.886880371783043 16.851067122813 16.75547710033728 16.607161382393212
18.03446734187379 17.56162214712286 17.09616250681181 16.6694162217137 16.300910686015676 15.998241368785898 15.75931333486257 15.575639604238994 15.435624485277794 15.327208277660567 15.239671926119264 15.164700053658944 15.096937223561662 15.034231715257777 14.977585722154904 14.93064799179416 14.898567431318229 14.886265691579828 14.896572902181502 14.928924251008713 14.979197050159016 15.040791370614784 15.106501847924653 15.170436654344066 15.229361677966633 15.283240859199172 15.335110665685386 15.390558240774386 15.456970000390749 15.542529308949637 15.654830463006581 15.799035547039065 15.975743977663845 16.179106642065385 16.396037248562013 16.607385723066482 16.791351366165195 16.928206573036817 17.0042428410182 17.012999363340008 16.953840943135678 16.830216881416423 16.649835373089687
17.863436764905668 17.402586274703328 16.954264339389255 16.546687181344254 16.19635887804818 15.90847788933446 15.679463926911305 15.500299190128086 15.359678171213215 15.246417672015793 15.150996747414872 15.066391079928637 14.988489656760716 14.916307653070332 14.851979795534486 14.800284222662462 14.767421697945842 14.75907529739483 14.778265517295171 14.823846935038668 14.890365700304697 14.969421461884064 15.051989676563776 15.130785406422632 15.201888652230863 15.26534132828389 15.324896142022059 15.3872744525973 15.461167565470271 15.555980120913974 15.680169159076943 15.83909481687566 16.032585907821904 16.25286146218093 16.48384574868614 16.702927255368262 16.885438404409577 17.010517896602607 17.06549854854596 17.046359343568575 16.954803179264974 16.79563719116624 16.57752205226736
17.77209088260814 17.313862639609606 16.87059510169401 16.468638862452565 16.122602142694898 15.836138074080427 15.60473158839284 15.419155784948435 15.268599185891429 15.142937010142326 15.034052221038763 14.936424005362712 14.847333172019672 14.76694588983751 14.698267647824107 14.646676209313858 14.618691846290602 14.61996665989927 14.653027944392646 14.715702430896766 14.801033187799048 14.89887234563845 14.998554562996558 15.091609996923905 15.173611686249705 15.24480770067769 15.309740896082207 15.376280956375835 15.454365064458544 15.554475816982722 15.68571380259088 15.853383892176842 16.05633277574792 16.284771890343954 16.519775946986513 16.73564909520045 16.90538897475017 17.00748636921224 17.0305142505772 16.97273392024176 16.83797716407838 16.632724860642025 16.36779700588526
17.763380636604438 17.29793681200781 16.84688881397413 16.435983670564276 16.07909246092188 15.77922150389382 15.531537767901185 15.327018367779063 15.155671378073809 15.008764496864647 14.879963217240725 14.765632562384553 14.664721570897242 14.578573011073704 14.510714508971615 14.46636468264051 14.451290848335033 14.469946104657353 14.523365843908174 14.607725844304195 14.71438770826436 14.831644151443138 14.947575741572958 15.052942308562315 15.1431436581145 15.218853313020977 15.285520542888456 15.352193106246148 15.429999202872613 15.530355715672863 15.662789173232156 15.832314116742403 16.03664351342282 16.26403080602753 16.493025314052794 16.695390620378962 16.842307665121233 16.91173284975408 16.892941789542988 16.785547924362472 16.595034856425293 16.33042769587441 16.007029104054
17.83428250207629 17.35171722393741 16.879961438990936 16.44534240623331 16.06208690922453 15.73341631581523 15.454800910528618 15.217885824176754 15.013919254721241 14.836024406067047 14.680173310399592 14.545138267624743 14.431920327551648 14.343114332196388 14.282391532270195 14.253931473792422 14.261472203922107 14.306847364543035 14.388355256619992 14.499715219414844 14.630350768255921 14.767215093990696 14.897634391143391 15.012160353183038 15.1064953386321 15.182076229507524 15.245473245406254 15.307030878624195 15.37909899383283 15.47396382682762 15.601423865300863 15.766011032115118 15.964175693091068 16.182267811199143 16.396610447149374 16.576870785374062 16.69268819248966 16.721191152345487 16.651390917843564 16.483187184334863 16.223656085875863 15.886081346300369 15.493301877139839
