_RESULTS/REVERSE_NEW/MHZ/TZ/7comp/MHZ_TZ_z_63_kriged_reverse_7comp_test3.asc
ncols 100
nrows 81
xllcorner 5.5967107548124995
yllcorner 50.982328804812504
cellsize 0.00017565037499993607
nodata_value 1.7014100000000001E+038
[rows 0 to 18 of 81, columns 43 to 85 of 100]
1.3279370493029707 1.378079069928125 1.4341951487292288 1.4915348397394672 1.5457636883770518 1.5935864292276138 1.633102158355193 1.6638117382995488 1.6863328561082949 1.7019674817035404 1.7122747570884416 1.7187500754413887 1.7226427464105556 1.7248939763959026 1.7261545397254496 1.7268414495937974 1.7272039102409085 1.7273817801012903 1.7274499724901062 1.727448440972247 1.7274002909275856 1.7273213398903766 1.727224174998364 1.7271190996246368 1.727013657967888 1.7269118096860523 1.7268133445029616 1.7267137975796412 1.726604947533724 1.7264759165682597 1.7263148802999846 1.7261113541884456 1.725858895767531 1.725557845280576 1.7252174923341759 1.7248569276611387 1.7245039425536568 1.7241917293901665 1.723953746909819 1.7238177515240154 1.7238004107623286 1.7239039076931657 1.724115468335059
1.215601005298335 1.2776385712675584 1.3478662458300614 1.4204773640368797 1.4899203003213535 1.5517661687496271 1.603290140733328 1.6435946902513505 1.6733043150349625 1.6940160374574402 1.7077249499072806 1.71637898962105 1.7216191413267956 1.7246854682158235 1.726434687067096 1.7274133559754057 1.7279454719424798 1.7282110208240775 1.7283059926230804 1.728282911150164 1.728174986406918 1.7280082452224694 1.7278058231796258 1.7275878594098362 1.7273695386527206 1.7271589539149497 1.7269557208027198 1.7267507383098557 1.726527195685247 1.7262628319832856 1.7259334472770955 1.7255175893584025 1.7250020824995493 1.7243876240775324 1.723693196715745 1.7229577848362412 1.7222381015254595 1.7216018346201727 1.7211171663264229 1.7208406139676304 1.7208060731068942 1.7210179201743538 1.721450060420808
1.1009221842893122 1.1739138747780773 1.257600675283695 1.3452747950567836 1.4301736153681708 1.506618201322311 1.5708890347130466 1.6215347239379267 1.6590866339015555 1.6853976059813525 1.702903199946452 1.7140296206626469 1.7208387763455315 1.7248925964121136 1.7272673735145045 1.7286444268606138 1.7294222192989575 1.729818315890317 1.7299478865237694 1.7298766916860184 1.729652009716194 1.7293169430476603 1.7289136971182715 1.7284807401515927 1.7280476823354003 1.7276304986828448 1.7272285706164883 1.7268241408030274 1.7263842858698826 1.7258653736168472 1.725219978167776 1.7244060892290956 1.7233979510925894 1.7221970049095714 1.720840476057765 1.7194046549179876 1.7180003649110747 1.7167597005345894 1.7158155519860563 1.7152779308058066 1.715212693020473 1.7156281758538825 1.7164733738958586
0.9924595868882583 1.0746101810419229 1.1700424477909732 1.2713937668896467 1.3708088022252132 1.4613449343146008 1.5381878867891738 1.5992081494286503 1.6447415161881664 1.6768330758231573 1.6983290414094103 1.7121239360144032 1.7206976465371726 1.725930044002186 1.729108952261512 1.7310385992732946 1.7321785659426912 1.7327722564971522 1.7329467782565413 1.7327802614400238 1.7323399370054091 1.731697415899775 1.730928515787768 1.7301046381730336 1.7292815275389828 1.7284895538250338 1.7277278613452196 1.7269632739994534 1.7261340332701487 1.7251582425442633 1.7239469321669205 1.7224214113453884 1.720533630453698 1.7182866543874755 1.7157506100919748 1.7130685879553 1.7104478820252178 1.7081349917592767 1.7063773601216394 1.705379395785719 1.705263129533648 1.7060435954005408 1.7076255213796923
0.8977951783603413 0.9869458745992497 1.0917879344342014 1.2045723998551587 1.316555352792931 1.4196363373086558 1.5079200630360952 1.5785537851793114 1.6316099934567845 1.6692592494299319 1.6947015680885427 1.711252701887507 1.7217697243656842 1.7284126191215257 1.732644124391073 1.7353562219135654 1.7370379908471396 1.7379337900154161 1.7381677326943674 1.7378273653174396 1.7370088361584743 1.7358307582091639 1.7344263373648467 1.7329238440346766 1.7314243681195693 1.7299834139236727 1.7286000449206462 1.7272148915056245 1.7257169976094555 1.723959192030393 1.7217817805647548 1.7190439083256803 1.7156602174590634 1.7116374788725075 1.7071027784712263 1.7023133779995407 1.6976402103861081 1.6935226043551868 1.6903999733410093 1.6886340803555222 1.6884400279776408 1.6898433325604971 1.6926742684024325
0.8223343304438974 0.9164842062904873 1.0283094211383512 1.149890803642167 1.2718365038189894 1.3851019981291375 1.4828593430972017 1.5616028181174337 1.621143660767932 1.6637329068403464 1.6928540999461035 1.7121649753016457 1.7248208458860868 1.7331869071721488 1.738831018037873 1.7426692822626741 1.7451653715095476 1.7465224690280345 1.7468365830793857 1.7461992010124445 1.7447490728674793 1.7426806377121382 1.7402216146964078 1.7375944678201947 1.7349755480954763 1.7324622621853285 1.7300540665742867 1.7276491659271542 1.72505664387812 1.7220233690441626 1.71827526038452 1.7135716915402956 1.7077687355265565 1.700881777339627 1.693132748541476 1.6849650776777123 1.677013211248831 1.6700237446565953 1.6647390948688567 1.6617672556208127 1.6614676192776228 1.6638806194018763 1.6687186908078508
0.7689466522226822 0.8666071473536158 0.9833111452910036 1.1110859088627654 1.240120531851052 1.360715969279579 1.4653855478926294 1.550165481899433 1.614695349563158 1.6613014776323254 1.6936814751252989 1.7157331287877493 1.7307980405406143 1.741336222958862 1.7489164448425303 1.7543836133966217 1.7580936699743237 1.7601454025958565 1.7605690098550824 1.759451700293934 1.7569953387748745 1.7535132739677457 1.7493830046469923 1.7449764909032155 1.7405894782918774 1.736385996298273 1.7323668780062196 1.7283648338504332 1.7240652742278026 1.7190516447855801 1.7128745168593724 1.7051422183289537 1.6956254007942488 1.6843591294578315 1.6717175354861824 1.6584334153207216 1.6455428672984023 1.6342530450581076 1.6257536564332355 1.6210112054758647 1.620592201759121 1.6245557928272953 1.6324403570183423
0.7382682167729857 0.8385706558290918 0.9585545375082536 1.0902086036623235 1.2234955140649593 1.3483910959428753 1.4571157081828112 1.5455448508562064 1.61331534154796 1.6628664485402054 1.6980506054139994 1.7228922217927687 1.7407839324824026 1.7541411407018017 1.764397642839591 1.7721996476260413 1.7776830576216591 1.78075488268108 1.7813271875062615 1.779472029914079 1.7754841930395657 1.7698575233016673 1.7631976290983433 1.756103698454981 1.7490524036299753 1.742308676840272 1.7358763725327748 1.7294918779575044 1.722658798029629 1.7147215679595231 1.7049767431376348 1.6928180635196675 1.677902109778396 1.660306795124157 1.6406418069559348 1.6200680545245385 1.600198807900923 1.5828862481480286 1.5699317402673008 1.5627815145554447 1.562273264491249 1.568485626437787 1.5807198254062067
0.7292220181957141 0.8318235756799521 0.9539663721263849 1.0875514872864502 1.2224772924256024 1.3487364943810063 1.4586673363799925 1.5483377092640813 1.6175978799780504 1.669067711068153 1.7067079997909567 1.734555756162712 1.7559089723695667 1.7729807725952826 1.7869092967961713 1.7979851948390695 1.805981839727504 1.8105013807276633 1.811269700866455 1.808330759147965 1.802113904850569 1.7933774569155316 1.7830605800619241 1.7720930309019365 1.7612131590538291 1.7508312511875086 1.7409564640047424 1.7311903022113218 1.7207827425791147 1.7087475162189731 1.694034670306185 1.6757537197438284 1.653424994185 1.627213366342568 1.5980795708688649 1.5677858259847255 1.5387233041548805 1.5135810057928032 1.4949251738676486 1.4847818113933617 1.484305527944392 1.493589339994398 1.5116413138919371
0.739388823284616 0.8442846088579968 0.9678094526007354 1.1017186124941822 1.2360011565973728 1.3610026080790898 1.469585119494816 1.5583602060309036 1.627610743316421 1.6802127100249313 1.7201993269989062 1.7515155409224252 1.7772231537354184 1.7991710401867544 1.8180268976557175 1.8335463412823412 1.8449709150197562 1.8514604830755763 1.8524718389590022 1.848007247167176 1.8386862966348168 1.8256404528448744 1.8102765289838416 1.7939839865159048 1.7778618559474768 1.7625191556606006 1.747972889374851 1.7336448979109766 1.7184500420277173 1.7009703656928867 1.679712669029345 1.6534383427129602 1.6215283241623797 1.5843095856141194 1.543244087233542 1.5008924422447576 1.4606226850630293 1.4261183022636053 1.4008047444526688 1.387324695614205 1.38715231186881 1.4003828207093285 1.42570371130575
0.7651337097139009 0.8724760248797455 0.9968259818441476 1.1297728068133097 1.2615626566220701 1.3832043317985172 1.488437513367338 1.5747123737886257 1.6429244079605134 1.696267378905082 1.738818272423975 1.7743433950678476 1.8055451555628235 1.8337571403234905 1.859001527491734 1.880308194709304 1.8961995930238291 1.9052381625951755 1.9065186241512555 1.8999903537578349 1.8865339655869828 1.8677862376169339 1.8457808471426806 1.8225166991520751 1.7995652661696533 1.7777925889193051 1.7572254722783096 1.7370584943310747 1.7157882308215435 1.6914668909012776 1.6620721528846658 1.625975184972518 1.5824471305740182 1.5320897183290378 1.4770445816287747 1.420868077746214 1.368061671412008 1.3233758201059753 1.2910804467504609 1.2743709768907208 1.2749829066081404 1.2929985443485856 1.3268089007603001
0.8016615053388567 0.911640195480813 1.036432733770367 1.1674994862131578 1.2955176313121297 1.4124163067270066 1.513072655115357 1.5959742966179498 1.6627416502349797 1.7169199395201569 1.762606518285655 1.8033266858210977 1.8413295670595495 1.877307189567687 1.910476523542215 1.9389565701302882 1.9603623626957223 1.9725014700292205 1.9740152385103973 1.9647973771640115 1.94607454368205 1.9201371320179166 1.8898181566630898 1.85788287393506 1.8264878880174238 1.79681196646086 1.768891717964578 1.74164948106857 1.7130904146238488 1.6806579079004638 1.6417436081843713 1.5943239705849082 1.5376310143475773 1.472686799332979 1.4024981238538399 1.3317778143942731 1.2662298625409758 1.2116178585054809 1.1729061218178713 1.1536703053303896 1.1557944663261313 1.1793422251392223 1.222496636690748
0.8432812938745362 0.9560629041114361 1.0811199740871786 1.20986537558089 1.33355975113973 1.4452213935792015 1.5410010123616737 1.6205058484569212 1.6861145029219897 1.7417238542926075 1.7914313395661994 1.8384835979369671 1.884615896780887 1.929786283426715 1.9722777925522172 2.0091413244438425 2.0369224210247943 2.0525419022510984 2.054120361840699 2.0415122936469263 2.0163862968186437 1.981834938142578 1.9416530669786738 1.8995122574648755 1.858248441410585 1.8193949828278138 1.7829945431266383 1.7476619693895215 1.7108619411300385 1.6693868380071082 1.620030770928351 1.5604177484284054 1.4898479892073202 1.4099204571741282 1.3246621194590742 1.2400233174493391 1.162860009720879 1.0997625332847911 1.0561279560132157 1.0356734894195827 1.040304521443806 1.0700888899550076 1.1231464321774818
0.8840330187399442 0.9997213236040488 1.1251171161903608 1.2516770930336258 1.3713355651104764 1.4782494564047743 1.5698409678011955 1.6468008295226815 1.7122219930618823 1.77031849848979 1.8251646075463024 1.8797068495691631 1.935133042712233 1.9906096701674654 2.0434007523993953 2.0893861428221183 2.1239438312581402 2.143043308573419 2.1442756328582733 2.127509017796796 2.09495573414696 2.050634869114976 1.9994206551449643 1.9459790944013067 1.8938744568180141 1.8450081935715335 1.7994192124448467 1.7553969279966415 1.709854265286662 1.6589421079635396 1.5989007247998657 1.527088261897422 1.4429968516451779 1.3489320218510124 1.2500198450082172 1.1534158765103582 1.0669576348334415 0.9977873438661803 0.9514407288714688 0.9315591674540781 0.9399920947833312 0.9768825488226073 1.0404566439002976
0.9185416581676202 1.0371299054235026 1.163195700566468 1.288307290936248 1.4050694755059496 1.5086935654370963 1.5977365640184915 1.6738298899481048 1.7406677732670301 1.802709597770858 1.8639670480092019 1.927062203937128 1.9926107756040392 2.0589557141082646 2.122307240949972 2.177351827432153 2.2183095971420412 2.240252889084183 2.240337515948213 2.2185584113125985 2.17777498368729 2.1230045375236086 2.0602317657053844 1.9951121943810497 1.931911454655239 1.8728677412479744 1.8179970504363658 1.7652685713559335 1.7110798883390659 1.6510099285698903 1.5808444303584586 1.4977930031677784 1.4016495978169663 1.2954879017746728 1.1855005789720916 1.079896466980918 0.9872445962662503 0.9149608890440029 0.8685007420194922 0.8513315762606605 0.8652813602978704 0.9106981655352816 0.986063208635215
0.9427490875382418 1.0640746490347721 1.1913465698919197 1.3162745606162298 1.4320326238318517 1.5346790721889212 1.6236550313505225 1.7013023925373854 1.7717424375794908 1.8395637551105737 1.9086396059130584 1.9812122891418296 2.0572815193344485 2.1343411527241205 2.207561396625316 2.270514227188146 2.316420028873416 2.3396774195011614 2.3372495350104936 2.3094571986364674 2.2599123284872316 2.1946263199164693 2.120602575659505 2.044351252304551 1.970708222485314 1.9021563925019125 1.8386550533158381 1.777882463786187 1.7158073289369187 1.6475654596612117 1.5686351012782171 1.47620772476531 1.3704495280099676 1.2551718004891546 1.1374843551739342 1.0264075122297749 0.9309809202986259 0.8587053417152968 0.8149025208535742 0.8029543082222659 0.8248480976312009 0.8813233695922364 0.9711958374919486
0.9542398508874296 1.0779806977597188 1.2071238356940963 1.333522968925337 1.450747977850107 1.5554096497775514 1.6475036682256472 1.7297886790858328 1.8065846755899007 1.8824386308110503 1.960948469887867 2.0438570670904923 2.130450609813834 2.217328291243614 2.298672704649813 2.3671320536224667 2.4152616095665858 2.4372148797204236 2.4301854717294424 2.395125659875706 2.3365121669695035 2.261262158830347 2.177166545856356 2.091306552258901 2.00883704081582 1.9323213352508881 1.8616053831879802 1.7941227339278696 1.7255414952067043 1.650732101289962 1.5650478019144483 1.4657937324526398 1.353533936380105 1.2327044832084173 1.1110995897671716 0.9982775167301293 0.9035473576393886 0.8344581822940653 0.7963512649681126 0.7928160239603124 0.8263291507259919 0.8982485817058865 1.00767789744397
0.9521744752372802 1.077909504217538 1.209654269877059 1.339409473940384 1.4609449658340234 1.5710977765216798 1.670056118052949 1.7606666534221025 1.8471737544717548 1.933846701408011 2.0237845791450915 2.1180119286284795 2.2149135963631386 2.310099318989392 2.396840536782055 2.4671656096688905 2.513487106195874 2.530359182392303 2.515816615923417 2.4718583129577425 2.4039497365382396 2.319750883133792 2.2274824087505727 2.134375724760079 2.0455384937471326 1.9633747898660372 1.8875267043349984 1.8152292203445002 1.741999844542853 1.662651001099568 1.5726160457422633 1.4694478719892994 1.3541112611361463 1.2315189698811526 1.1098998964016438 0.9991138547706472 0.9086478573380236 0.8462331633378762 0.8175815308078782 0.826969142857361 0.8778216756468187 0.9723475988195153 1.1096729378547199
0.937091612287728 1.06439828524908 1.1994866437443468 1.3345411553939286 1.463372790560396 1.582752322838128 1.6927200802447484 1.7958811311761445 1.896096493940103 1.9970491558574368 2.1010054859438743 2.207919037345428 2.314959132009457 2.4165746243674033 2.5052136040074067 2.572700366261671 2.6120134436968945 2.618957897551378 2.593183884976279 2.538238909451431 2.4607078898610792 2.3687774475283914 2.27065459800252 2.1732063957264702 2.081042145103934 1.9960999183997714 1.9176814630969672 1.8428436211066175 1.7670944454523916 1.685398886839614 1.5934855409986821 1.4893028691498005 1.3742389093080958 1.2535702008487193 1.1357749974306497 1.0308804765440869 0.9485963937422068 0.897127453706602 0.8830708395616542 0.9120206385473302 0.9889038941030535 1.1169394236663994 1.2946216294636241
