_RESULTS/CROSS_VALIDATION_POSTPROCESSED_CLR/MHZ/TZ/4comp/5/MHZ_TZ_z_0_kriged_reverse_4comp_spherical_5.asc
ncols 100
nrows 81
xllcorner 5.5967107548124995
yllcorner 50.982328804812504
cellsize 0.00017565037499993607
nodata_value 1.7014100000000001E+038
[rows 57 to 75 of 81, columns 43 to 85 of 100]
-3.0338013268504773 -2.9721149987184807 -2.941527805333899 -2.9443992073981007 -2.9801925383090015 -3.048189162467175 -3.1480473763784564 -3.2793409988504694 -3.4418142000367777 -3.6323092822999867 -3.8279742693361793 -4.020090349565662 -4.197949994049763 -4.342071546699887 -4.425988230552775 -4.4260866787746105 -4.335578971712703 -4.16778299731104 -3.944741586673323 -3.6880640658155097 -3.4172755142614526 -3.1372352852704264 -2.85087228737281 -2.5604428604620293 -2.2683703995971847 -1.9802055567567793 -1.8467713372373005 -2.0278256615485843 -2.231944517835419 -2.454774599625157 -2.693058509017672 -2.9435960995541235 -3.1968916527530937 -3.428649702240357 -3.635371617663876 -3.8136649210342646 -3.9601761194865355 -4.075433857145051 -4.160083990419807 -4.214473355862296 -4.238470943794047 -4.231546114812078 -4.192837877990256
-2.9936844375032416 -2.9327582347894925 -2.904889118663613 -2.9111913475102043 -2.9518046970142016 -3.026610519343544 -3.134181647703415 -3.2725190991199975 -3.43929743079013 -3.629001832962202 -3.8163632096334714 -3.99049004892297 -4.14128656105268 -4.254156214483501 -4.312252039602025 -4.301789334807436 -4.218527523362041 -4.068945136021809 -3.866494038538499 -3.626475175307144 -3.363214118870231 -3.0856079264324574 -2.8010058323236056 -2.5138378417901315 -2.230317392150014 -1.9722050082371467 -1.8660665821295317 -1.987751566677045 -2.1781583349547686 -2.3964476121590095 -2.6334496611545632 -2.8854879228369694 -3.1384195157488977 -3.3693374878693856 -3.5738551864783927 -3.749742849542804 -3.8958980306937248 -4.011931013727574 -4.097730867361172 -4.153143649206483 -4.177769853869885 -4.17097850733512 -4.135016148614513
-2.947836506591764 -2.8851008230110553 -2.856931301196641 -2.864557404769519 -2.908930310756226 -2.9895640825236507 -3.1035338633689404 -3.2469815795623025 -3.4156710311286576 -3.6031122048978443 -3.7832954647525914 -3.9437524753724973 -4.075782941023213 -4.168681752980379 -4.211296324811552 -4.195271565729031 -4.119155408876083 -3.984961954274034 -3.7983916277149343 -3.575834754510522 -3.331815914609435 -3.0741001571558457 -2.8100037682804464 -2.548758018955613 -2.306044468999307 -2.115257692898737 -2.0334228716387983 -2.083840979361992 -2.2267713147543056 -2.419011542315889 -2.6405967956214176 -2.8814985503071764 -3.117742365770491 -3.335064995191149 -3.52953184412156 -3.698368003389679 -3.839771126672576 -3.952609889453947 -4.036119533250385 -4.0896460796489755 -4.112460343216434 -4.107673363767228 -4.079788065500048
-2.8979421732120554 -2.8295769290768664 -2.7968787768931147 -2.8040475019725113 -2.8519710450188 -2.9384808916791783 -3.05874400774988 -3.206695727187468 -3.3763942055758465 -3.5612841806289612 -3.736624277978921 -3.8878507100842206 -4.0077464818436415 -4.088477824934228 -4.122681073437779 -4.106650571815441 -4.038328255286868 -3.918544233154797 -3.7507641207141833 -3.5430237701286833 -3.3146155019970007 -3.0809212873178042 -2.845779950703939 -2.6196782453273144 -2.419435502982531 -2.2695996842415482 -2.196826521709708 -2.2206321021001845 -2.3257567382121795 -2.4866539648299932 -2.684913887060607 -2.905294492143016 -3.119981756515555 -3.3199011289664515 -3.5004591106056804 -3.6583570311525393 -3.7912626073196445 -3.8974183411762695 -3.9754905729046075 -4.024885549405979 -4.049527842766044 -4.050863104926923 -4.029356530356516
-2.8463303582117137 -2.7665321632117736 -2.7253176609562657 -2.7301066098727964 -2.782314821922354 -2.876384217262897 -3.004138212400747 -3.1569365223452843 -3.327491313548402 -3.509428023227347 -3.682385650067072 -3.8280969698695366 -3.940787347080014 -4.015017611096371 -4.047386352785657 -4.034595877597328 -3.975078344401178 -3.869517806042548 -3.7206176479266584 -3.5326325528253983 -3.3189052208607173 -3.102677195440384 -2.8929529106979137 -2.6988748751406595 -2.531226378237884 -2.405786163698986 -2.3435546124545112 -2.3577367180939772 -2.4400939239934836 -2.57634767974379 -2.753048723543734 -2.947763142830314 -3.1385444454281104 -3.3185364365714243 -3.4826109243025014 -3.626907406321168 -3.748506034648012 -3.845328296713824 -3.9186379427781923 -3.969133044327342 -3.99688997583112 -4.0020859114763105 -3.984903362129851
-2.7961907466379423 -2.6993843983616745 -2.643608583812986 -2.6436703251059903 -2.7028797899576493 -2.8086109998065356 -2.946060547994353 -3.1041978176385405 -3.275311955228534 -3.4533858412882465 -3.625112522315053 -3.767993401700086 -3.877447852936665 -3.9507905025835135 -3.984835234136275 -3.977331955070756 -3.9274533804062215 -3.8360034688643796 -3.705372211309582 -3.539347904181562 -3.3440730072526423 -3.1438400998929477 -2.9524953856687457 -2.7784142414159922 -2.6312269566226805 -2.5240076818201245 -2.475168448917758 -2.487557996034207 -2.557419914166945 -2.676640322066814 -2.833251408464256 -3.000521543894122 -3.166915887054138 -3.3256533238888215 -3.471403785481199 -3.600973173109719 -3.712456039561212 -3.8043088258756024 -3.875564894730477 -3.9256292703867626 -3.9541961977372355 -3.9611172872744964 -3.946316694276284
-2.7557061374277403 -2.6360835968596183 -2.5550248548426557 -2.5462701737740074 -2.620660370282688 -2.74474310901681 -2.893468927277084 -3.056053422127036 -3.2262425816775675 -3.399259714964928 -3.5681426622026953 -3.7109870134292744 -3.8211578132287816 -3.89609157007993 -3.9337261124592207 -3.932753879411766 -3.8929259257048843 -3.815224691259868 -3.701893430920739 -3.5563708674193064 -3.3836030048195425 -3.2000796867652217 -3.0238409366684147 -2.864447837352677 -2.730787131501486 -2.6401938109160246 -2.600055867376889 -2.612349876754725 -2.6749480992922 -2.782695819188505 -2.9162878134235917 -3.0587256791273223 -3.2027562190648378 -3.342436396951178 -3.4730851467510213 -3.591126839489806 -3.6939056735723392 -3.7795024757617206 -3.846545174136938 -3.8940739642123723 -3.9214502808162854 -3.928232692168029 -3.9144126388930163
-2.7318660797342678 -2.5956568010165824 -2.4730642203610333 -2.4424758190122344 -2.5556647960206895 -2.701379320165497 -2.857611493272591 -3.020275529223467 -3.1861199141432794 -3.352482826429255 -3.5161448790162844 -3.6605494287026086 -3.7724502030640874 -3.8501317892110727 -3.89235073892518 -3.898460142031042 -3.868628753637304 -3.803980214328588 -3.7066426241869337 -3.5797269819745257 -3.4274688778690905 -3.26475422385885 -3.1034101649230568 -2.956264692179017 -2.8410673671790603 -2.765433821683593 -2.733726555217804 -2.7477237848301694 -2.8065198219927883 -2.900835520722887 -3.011808042591807 -3.132333240563968 -3.256243390690081 -3.378185387703021 -3.493710658812869 -3.5992388663647956 -3.691960836656066 -3.7697133543318415 -3.8308307418643013 -3.8740826436589963 -3.8985534397406982 -3.9035500777294994 -3.8922691195960133
-2.7334037425864324 -2.606464288615628 -2.47645783633204 -2.4342603024261464 -2.5551267665639172 -2.6983750697925717 -2.848858487500154 -3.0042483411443177 -3.161969149140691 -3.3192881135695584 -3.4732503095083063 -3.61686730521148 -3.7306750200415433 -3.811488954021326 -3.858599067398452 -3.871789568415231 -3.851495489618007 -3.7989075201478726 -3.7160156862299796 -3.6055957316368192 -3.4713373308991318 -3.327319858069091 -3.186554583542353 -3.062481745926007 -2.964670533336276 -2.9023767499609026 -2.879176455365863 -2.8967299774344015 -2.95159836976839 -3.0278583311187726 -3.1190895758699684 -3.2199121694211565 -3.325125215811871 -3.430002811669882 -3.530437020272123 -3.6229721435246334 -3.7047723819676017 -3.7735304944131682 -3.8274122041671963 -3.8649831130995818 -3.8851119603606707 -3.8869031268073457 -3.8819034761864906
-2.772037317634191 -2.6673888479420502 -2.586329173598468 -2.565926945682354 -2.6310216837276723 -2.742429858789724 -2.8727968704469546 -3.0126299976182094 -3.156748111025051 -3.3013544934307375 -3.4431437353148207 -3.578913221148626 -3.694319242019075 -3.7781445031377094 -3.829980645637976 -3.8498566969148533 -3.838341742162996 -3.7966148403275 -3.7264917423755475 -3.630405173217617 -3.511716540446601 -3.388801403284642 -3.275312637262757 -3.1776739888221948 -3.1019632573042206 -3.053555416400046 -3.0389053849086194 -3.058891722883258 -3.1013377473421944 -3.1614999147179828 -3.2353173894007563 -3.3183932416534323 -3.406336059048226 -3.49500946581093 -3.5806827406502544 -3.660098902443066 -3.730471603867304 -3.7894538514825182 -3.83512462382028 -3.865908992442767 -3.8805169985958385 -3.881325327161913 -3.881325327161913
-2.8433475998720787 -2.7617822451190057 -2.7076389268828 -2.6983650149065843 -2.7383896313724145 -2.818391793813724 -2.9232983074682277 -3.04256153142893 -3.169199643993845 -3.2982404372098832 -3.42577912208003 -3.548373221516126 -3.661095367983901 -3.7475453447192457 -3.803664997567666 -3.8295872982577643 -3.8259108177896595 -3.7937368399864795 -3.734676414392701 -3.6530081196989848 -3.5557620642520975 -3.458628163407848 -3.370607469160028 -3.2972247352449235 -3.243672913100319 -3.2145305758325344 -3.210484200977781 -3.2239709076988032 -3.254205507205009 -3.3000995504248056 -3.3583713239524204 -3.4253720723283068 -3.497370201454283 -3.5707511990667014 -3.642155771565699 -3.708552373134026 -3.7672568259641155 -3.8159680824318385 -3.8527262598682883 -3.875532495436263 -3.881325327161913 -3.881325327161913 -3.881325327161913
-2.933402717534122 -2.870138332745351 -2.831350608343734 -2.825488786604323 -2.8543443185585042 -2.911483102999905 -2.990951989423845 -3.08867483710925 -3.1962138001334885 -3.308097913746117 -3.420019275151172 -3.528274692601817 -3.629283314268726 -3.716698100049956 -3.776541222124764 -3.8077573625444483 -3.811337819705519 -3.7902221993365512 -3.7471539803109506 -3.685292206780425 -3.610040079199225 -3.536801835057165 -3.4723259383929155 -3.421412773308794 -3.3885479303669794 -3.3721053667011716 -3.369284049558172 -3.380250523928169 -3.404361110067053 -3.4402254534237744 -3.485833767273446 -3.5387180763435 -3.5961161609876044 -3.6551148003074974 -3.712754922792556 -3.7660967103040024 -3.8122991603262584 -3.848629732069301 -3.8724706310650667 -3.8813169338913194 -3.881325327161913 -3.881325327161913 -3.881325327161913
-3.0326817950086795 -2.982928118903857 -2.9537868494397985 -2.949865061017724 -2.9720418290210917 -3.0169393290074726 -3.0789395373104114 -3.153331459804471 -3.2386474733498 -3.331191777838468 -3.4260875956422256 -3.5191630833288308 -3.6067740337687777 -3.6861827614377125 -3.7510189350294683 -3.7908182284803127 -3.8064073467349755 -3.799613121973574 -3.7727513725771327 -3.728557892050945 -3.6740091279037723 -3.62304749934117 -3.580498165012288 -3.54843773317184 -3.5252261273357237 -3.5121055677370703 -3.509857283374181 -3.5186163520734417 -3.537860773729295 -3.566453693932858 -3.6027296049677178 -3.6446072836314127 -3.6897101005537762 -3.735470197744975 -3.779218553195488 -3.818278137594892 -3.850000400113555 -3.871795204764217 -3.8811471752845215 -3.881325327161913 -3.881325327161913 -3.881325327161913 -3.881325327161913
-3.135463398030734 -3.0957513460870487 -3.0731565911383183 -3.070444821157124 -3.088102240436972 -3.124122473096456 -3.1751173470799023 -3.237954299648144 -3.3086375000302772 -3.3836318811739527 -3.460658355352507 -3.5380690888269477 -3.6124926275958202 -3.681202589930906 -3.742001088324506 -3.789960165012798 -3.8164159925918004 -3.8224497209107975 -3.8100630162513127 -3.7816180174939222 -3.7471964805801177 -3.714454202498318 -3.6848570091276085 -3.6603131216183042 -3.6423918808980478 -3.632237808218524 -3.6305005281979157 -3.6372921173912958 -3.6521795995630892 -3.674213989490154 -3.7019904988607713 -3.7337290659737 -3.7673523758496343 -3.8005881608225662 -3.831046725841733 -3.8562785757323557 -3.8738211634140165 -3.8812315526879617 -3.881325327161913 -3.881325327161913 -3.881325327161913 -3.881325327161913 -3.881325327161913
-3.2381727122620965 -3.206104679797562 -3.188207642190994 -3.1862674784295257 -3.200571882171968 -3.22981175371371 -3.272025506849034 -3.325091096393774 -3.385799403844411 -3.4511263731150055 -3.5183392924813224 -3.584753362096082 -3.648249376137746 -3.7070295692851336 -3.759497019712436 -3.804211362331654 -3.8386753663837463 -3.8551294675145904 -3.8533182079954607 -3.8354739723124607 -3.812975319378021 -3.790228696638565 -3.7691373432936652 -3.751362212172786 -3.738253367570392 -3.730786342442985 -3.7295114813005905 -3.7345235805966572 -3.7454565746632413 -3.761504099065256 -3.7814561539236737 -3.8037636551702585 -3.826611127664725 -3.8479807567381146 -3.8657150794507267 -3.8775705783550225 -3.881325327161913 -3.881325327161913 -3.881325327161913 -3.881325327161913 -3.881325327161913 -3.881325327161913 -3.881325327161913
-3.3383473225720386 -3.3122469581240863 -3.2978547833647096 -3.2963880418728264 -3.308020840986719 -3.3318411297004857 -3.3669633235719503 -3.4116962650525866 -3.4634900963284867 -3.5198034301630323 -3.578076350629814 -3.635855035753378 -3.6911509754015 -3.742179495651764 -3.787326815441712 -3.825119067037501 -3.8541946886320972 -3.8732813689269197 -3.878029818949311 -3.869667008832825 -3.857789906663629 -3.8444174339119863 -3.8312422266852453 -3.8197253602433303 -3.8110432632612574 -3.80603974243589 -3.805188535710053 -3.808569742174742 -3.815864058180268 -3.826372634336984 -3.8390470435162856 -3.8525335645062175 -3.8652248719848066 -3.8753137242459235 -3.880844204069124 -3.881325327161913 -3.881325327161913 -3.881325327161913 -3.881325327161913 -3.881325327161913 -3.881325327161913 -3.881325327161913 -3.881325327161913
-3.4341066843566317 -3.4127736665396102 -3.401069337689012 -3.3998570384914655 -3.4092393323224566 -3.4286627605453193 -3.457914164135426 -3.495482484964905 -3.5393319160866956 -3.5873018494019218 -3.6369909877746145 -3.686313617147376 -3.7333954447002298 -3.7765079838184503 -3.8140576625160794 -3.8445689446281244 -3.866666214156578 -3.879056803109265 -3.881325327161913 -3.881325327161913 -3.8795393053738003 -3.875011872374416 -3.869258371220273 -3.8635765684913497 -3.8590028530474196 -3.856275483733331 -3.855806378715732 -3.8576646134892023 -3.86157359914079 -3.8669222865915325 -3.8727890388101103 -3.8779754110584435 -3.88104625538886 -3.881325327161913 -3.881325327161913 -3.881325327161913 -3.881325327161913 -3.881325327161913 -3.881325327161913 -3.881325327161913 -3.881325327161913 -3.881325327161913 -3.881325327161913
-3.5238875274369454 -3.5064418527351457 -3.496840789845067 -3.4957149526140507 -3.5031185982416364 -3.5189892252887067 -3.543267377963509 -3.574603509159294 -3.611349128834035 -3.6515240801796613 -3.69309435917456 -3.734239080114778 -3.7732164546368367 -3.8083810590683767 -3.838186460378851 -3.86117954303638 -3.875990884484818 -3.8813238563379735 -3.881325327161913 -3.881325327161913 -3.881325327161913 -3.881325327161913 -3.881325327161913 -3.881078795164278 -3.8803494408275 -3.8797456239491432 -3.8796311281005234 -3.88006687481381 -3.880808782876485 -3.8813162814160336 -3.881325327161913 -3.881325327161913 -3.881325327161913 -3.881325327161913 -3.881325327161913 -3.881325327161913 -3.881325327161913 -3.881325327161913 -3.881325327161913 -3.881325327161913 -3.881325327161913 -3.881325327161913 -3.881325327161913
-3.6063091377724357 -3.5920923378013874 -3.5841629041060648 -3.5829917607376913 -3.5886500713495013 -3.6016737549206805 -3.6216592802064826 -3.647505949569417 -3.677772527307636 -3.7106855140458337 -3.7446050999542497 -3.7778955698843673 -3.8089529099009134 -3.8362287064138814 -3.858241094977261 -3.873577101616452 -3.880889821239565 -3.881325327161913 -3.881325327161913 -3.881325327161913 -3.881325327161913 -3.881325327161913 -3.881325327161913 -3.881325327161913 -3.881325327161913 -3.881325327161913 -3.881325327161913 -3.881325327161913 -3.881325327161913 -3.881325327161913 -3.881325327161913 -3.881325327161913 -3.881325327161913 -3.881325327161913 -3.881325327161913 -3.881325327161913 -3.881325327161913 -3.881325327161913 -3.881325327161913 -3.881325327161913 -3.881325327161913 -3.881325327161913 -3.881325327161913
