_RESULTS/CROSS_VALIDATION_POSTPROCESSED_CLR/MHZ/TZ/4comp/5/MHZ_TZ_z_63_kriged_reverse_4comp_spherical_5.asc
ncols 100
nrows 81
xllcorner 5.5967107548124995
yllcorner 50.982328804812504
cellsize 0.00017565037499993607
nodata_value 1.7014100000000001E+038
[rows 36 to 53 of 81, columns 42 to 83 of 100]
-0.5040448606913275 -0.482433079679663 -0.46155319915028803 -0.4433620947917302 -0.42895133640782335 -0.4192674317627385 -0.4128914813682576 -0.40099587251175767 -0.382169949061517 -0.35524081510103844 -0.3192640642398434 -0.27360291873347176 -0.21733708381309735 -0.14991354184100852 -0.07120661692354124 0.019695080836504952 0.11979003959388379 0.22544745197959604 0.3330768846915694 0.4373090399371278 0.5341403648605481 0.6145868996533859 0.6601393965519868 0.6569861115010043 0.6144277213783071 0.5517924666880187 0.48165220209351967 0.4110088551492411 0.34154835742843903 0.272188227741767 0.2004355026063651 0.12623820981620448 0.04955566612361262 -0.021913944241863048 -0.07973556839341228 -0.11864682937429255 -0.13774954717652177 -0.13939226069606908 -0.12927702074852604 -0.10691256961842383 -0.07750184458708947 -0.05008619685642124
-0.3934667959627913 -0.37357309176063475 -0.3563383115413553 -0.34315463405866387 -0.3416840652994486 -0.35306633256292697 -0.3712185036766007 -0.38407794904198966 -0.38927279134089143 -0.3851712871900495 -0.3704304742013823 -0.34265251805495256 -0.30151030654037936 -0.24711587563996035 -0.17947267315802617 -0.0984809133313142 -0.0018463976072310428 0.10131960297930576 0.20570187449553112 0.30495371810065464 0.3903894072592262 0.45068869387758737 0.48061061456044507 0.47745688654328167 0.4451293634590653 0.39477572645182346 0.33576992554380725 0.27401419957119344 0.21210877467065337 0.14892705976270215 0.08324198424843343 0.01933080047524849 -0.04435444184029297 -0.10210372425354763 -0.15102650992151706 -0.185861305912421 -0.2018273416737782 -0.1996830948320074 -0.18556285643810255 -0.159319509001152 -0.12781293168478836 -0.09743438777134816
-0.27546637222454873 -0.25631067985176964 -0.24537928993724523 -0.2511112408981723 -0.27225124028200287 -0.30703435653506644 -0.3507775375950015 -0.39031898881314564 -0.4214722738125215 -0.44205278662232417 -0.4484070473444359 -0.4375568141564773 -0.41153591574603143 -0.3701470464082033 -0.31371159344495186 -0.24343895837273677 -0.15643516597291512 -0.05658034677004292 0.044158352994327355 0.13903722072633862 0.22008941885875366 0.278347781605203 0.3053201997300784 0.2997805078879415 0.27392829759727133 0.23330364125542247 0.1842728287892631 0.13252164126725963 0.08030468614477304 0.027540876823974547 -0.026361510369106 -0.07909160245243962 -0.13110210212154377 -0.1764640676909467 -0.21331221318958815 -0.2401718170784541 -0.25366214589823355 -0.24881983609984776 -0.23075165962958166 -0.20105779720165684 -0.16825064769975534 -0.1356307758786066
-0.15242440571756483 -0.13842799226773 -0.14720139822606904 -0.1756596013349861 -0.22071422182355654 -0.27996322067323254 -0.3500223945383597 -0.4183312711819763 -0.4767083438541648 -0.5205016096236964 -0.5461213959629997 -0.5529819435762477 -0.5426566916002524 -0.5146722381377797 -0.4694815327255964 -0.40862196802096007 -0.3324048450598318 -0.23893170716611611 -0.1404598545997438 -0.04742318355495018 0.033076242523283894 0.0933909687452541 0.12726128351621724 0.13284755039001672 0.11126472119809316 0.07638254197552585 0.03455219833184753 -0.008563944484435648 -0.04944289187372569 -0.08829341160272797 -0.12715275946330068 -0.16718108724731134 -0.20801694389107994 -0.24222835732065745 -0.26835186859248894 -0.2852298352657868 -0.29113910508960195 -0.2839774786104755 -0.26255201336700623 -0.2309961202309767 -0.19807155371162316 -0.16445353401356783
-0.03327107946107327 -0.0358188164172184 -0.06387131460236506 -0.11506153038089795 -0.18533532428865568 -0.27056532579879744 -0.36701758925952677 -0.46408140062252734 -0.5480695114460216 -0.61487927642929 -0.6613607453578818 -0.6870430642877838 -0.6928626778943826 -0.6782422291593391 -0.6437580115333246 -0.5911502935370463 -0.5222364208568321 -0.43627357683369 -0.33739633283805825 -0.241773480551969 -0.15752849179394185 -0.09113491030769788 -0.04535955192532465 -0.024289384444614093 -0.03110638497233964 -0.06357933614104794 -0.10365891214528289 -0.14222720785363963 -0.17177319194725527 -0.19495793422010466 -0.21781642773997834 -0.24383885914129488 -0.2729673297124231 -0.2969181294882286 -0.3136347023190741 -0.32199568955291874 -0.32035801513461004 -0.30671268978465127 -0.2796158634196615 -0.2478055970065372 -0.216269047608056 -0.18314096980354627
0.07040358070888442 0.05205659880023639 0.005127878505150729 -0.06816675089862989 -0.1641675865360358 -0.2764522141350737 -0.3975687973152986 -0.5209403115983283 -0.6319424199161291 -0.7238464922913059 -0.7927866884364629 -0.838134806344895 -0.8602414873307418 -0.858496429469849 -0.8335083608407827 -0.7858917646059107 -0.7183212603025566 -0.6346940300933254 -0.5358057486971503 -0.4347444743855948 -0.3437542549483566 -0.2660921025908513 -0.2060246256665127 -0.16823481058352635 -0.15709906481616376 -0.1761032390374525 -0.21926682186740065 -0.2600673169632764 -0.2747914526677541 -0.2803691252976343 -0.2898900303182032 -0.30461808501975507 -0.32311003192470167 -0.33800880809599 -0.3467395301312613 -0.34810483538452325 -0.3405005251726472 -0.32196463317339774 -0.29087572399051725 -0.2568804733086901 -0.22429437176193767 -0.1910405603342809
0.15936003334401128 0.1266095294574171 0.06143918001635196 -0.033894165559204825 -0.1537185228261434 -0.29036009155737674 -0.43683695779473863 -0.5863905658828044 -0.7270186216366182 -0.8462062099451744 -0.9391905753637739 -1.0048229803598088 -1.0430408611194346 -1.0523688780456206 -1.032339461177912 -0.9856812870515186 -0.9164371410257917 -0.8294173852035791 -0.729022672886565 -0.6204825931589546 -0.5178114437182149 -0.42442392836648835 -0.34656773872084456 -0.28995464023187734 -0.2597537926168241 -0.2595678207144218 -0.291616548318976 -0.34230885856814164 -0.3376678314879159 -0.32980862056778876 -0.3301438211740174 -0.33788539084421054 -0.35146628039932437 -0.36207803570770725 -0.365306125088499 -0.3612843000177711 -0.3492270299655041 -0.3273750059129441 -0.29767699066846703 -0.2655289916264121 -0.2327903224043366 -0.1979156536911807
0.23570490075069128 0.19160827102942002 0.11081076950410973 -0.004375281033840772 -0.14738351889913542 -0.3105968701726155 -0.4847528007992183 -0.6616541417192917 -0.8321566246820624 -0.9809112156594133 -1.099506506011278 -1.1858710103759968 -1.2380769075389382 -1.2542471145397913 -1.2363332805514224 -1.1876565943348367 -1.1133739334141075 -1.0191094928790847 -0.9101764512945767 -0.7907290119344963 -0.6706653086253749 -0.5591964381186154 -0.46266965827902967 -0.3863277030084007 -0.3349089928532306 -0.3112983872437969 -0.31537357131131294 -0.3375231992511851 -0.34381275677262624 -0.33861245965666775 -0.3357230168991512 -0.33960727796940826 -0.35015175632494216 -0.36099345213687356 -0.364142713582571 -0.3584281224086754 -0.3442509920526452 -0.32135996675183753 -0.29706552571346684 -0.27177110344346544 -0.24259849195694422 -0.20559079538537722
0.30486256472187667 0.2530804455616218 0.1592906770444269 0.02530023970049211 -0.1435600869596027 -0.33698172273311977 -0.5425931363994769 -0.7496344790698248 -0.9483754355890586 -1.1276294666679259 -1.2730229104437987 -1.3783658776478012 -1.4414654990153677 -1.4623067822701579 -1.4434171815639982 -1.3890825628960946 -1.3058260067234997 -1.1992102361639954 -1.0753418467167584 -0.9383967891283203 -0.7993014886315191 -0.6688388684413704 -0.5526256727524222 -0.45555916209436964 -0.38189109868062787 -0.3337708009279313 -0.3104954048104843 -0.3084025514905885 -0.31441529553897846 -0.3126223265097954 -0.30881873246590885 -0.3106237219794412 -0.3198291043040262 -0.33206899223877295 -0.3378472125441151 -0.33463371914212425 -0.3213293072900596 -0.30447728679695196 -0.2865023042027093 -0.26775880750612396 -0.2445817008124328 -0.20906290717257342
0.3663141570340923 0.3122403157292717 0.21071024042961062 0.057305823287543634 -0.1415868154683354 -0.37002260195715087 -0.6110712354765474 -0.8513189457090291 -1.0802758801874943 -1.2874691563188732 -1.4592177634170036 -1.5817079542125312 -1.6541777776774742 -1.6767032718512735 -1.652799994804343 -1.588354870701875 -1.4898112343884022 -1.3653320316028945 -1.222834957521231 -1.0648213050316784 -0.9019930650086619 -0.7506781762154263 -0.6143938543843536 -0.4967146130990132 -0.4015047387691537 -0.33080750994061936 -0.2846286556509463 -0.2619559630888064 -0.26047185769848735 -0.2589419342933504 -0.2538777479459925 -0.25356216627271466 -0.26297503454862525 -0.27613931090093224 -0.28531511283506683 -0.28650208430852525 -0.2812712018602549 -0.27381851434464227 -0.26482161005948884 -0.25186619857426146 -0.23338328471715675 -0.2082376994636876
0.4159491104304338 0.3688805235590905 0.2674480692913074 0.0931832040462518 -0.14324891061454842 -0.4125374965677083 -0.6920435649478939 -0.9673778099691609 -1.2282538258920594 -1.4627243182517193 -1.6561264937333613 -1.7964853134985563 -1.8768816182351449 -1.8974164907300184 -1.8632066568581456 -1.780926236299412 -1.6607627403324607 -1.5139160277138313 -1.3484804165812334 -1.167086248065008 -0.979810680202094 -0.8043530593718493 -0.6463106016116853 -0.5089878036725614 -0.3941547259216531 -0.30387386399776917 -0.2388229599517595 -0.19922531048858205 -0.1858459720540691 -0.18399735035978088 -0.17897187419255933 -0.17712151309354618 -0.18350561523855752 -0.19462898945101553 -0.2069519989062779 -0.21625144148972697 -0.22480659969754108 -0.22986030032983612 -0.23139575244847066 -0.2284298664571192 -0.22018782203650644 -0.2086434369473374
0.4434612806118805 0.4140873219041912 0.3309701446406862 0.13037132284983322 -0.1577242055194994 -0.47142762574923613 -0.7884368564775848 -1.0977319017214402 -1.3905663640388006 -1.651898048707282 -1.8669382992489099 -2.02231290535961 -2.1089810724211495 -2.1225555613497695 -2.0691945230877624 -1.9609606460655473 -1.8133025089351702 -1.6396805156671181 -1.4479267319369882 -1.2416817295269444 -1.0302566712255947 -0.8315455475490854 -0.6514067521111355 -0.49324979980603467 -0.3597809906361712 -0.25293443469957944 -0.17268628090189875 -0.11947740709100751 -0.09433044653694211 -0.09092294865215828 -0.08691492150286556 -0.08344050737646291 -0.08337832887627694 -0.08988997705747093 -0.10619909078330864 -0.12880530545522856 -0.15279477455426482 -0.17406912320927986 -0.19004258088199605 -0.20207650168532126 -0.2090055488219944 -0.21079206129215483
0.43131373785468063 0.4140449743662562 0.3825981572825117 0.13430023547222614 -0.20831811496159042 -0.5553763176364519 -0.901246127241234 -1.2394656754361337 -1.561017487843719 -1.8504324306187123 -2.091513550594215 -2.263823844799253 -2.350517142597722 -2.348037754122763 -2.2642622963111565 -2.1210744953225333 -1.9397257700861255 -1.7358383188900874 -1.515980150750774 -1.2846876322972434 -1.0502840251925645 -0.8302453832630226 -0.6303511980936013 -0.4538669010824372 -0.30329213201245475 -0.1807860043858341 -0.08711781241977701 -0.022681826535603133 0.011957864185202505 0.01914322020067294 0.023870747330440256 0.030471423978950973 0.036638109204268354 0.03220749271121737 0.010556517791818432 -0.027477537189682932 -0.07120762421404903 -0.11335633849911203 -0.14862618223477508 -0.17668082332424545 -0.19909612127152926 -0.2153865977903905
0.3764734998086511 0.33614312863521156 0.24282271829807756 0.016669891446370988 -0.30586974639617515 -0.6565966951626256 -1.0161710277547744 -1.3755530511804728 -1.7231472041759786 -2.0449759151425213 -2.3215097572592733 -2.5210300133334838 -2.607726898660908 -2.57026803403939 -2.4381051180187363 -2.2494363140219953 -2.0294204389109076 -1.7938444396724658 -1.5468026875563508 -1.2920820691403228 -1.0371208876553517 -0.7986445185091 -0.5820247692619883 -0.3905235229727122 -0.2265427540294438 -0.09220044079254863 0.01162902455646353 0.0847142242988338 0.12684457945014915 0.13878676922186817 0.1450602305430606 0.1536020645204763 0.16112962058133184 0.15895411975991514 0.13284935235734685 0.07813149487096549 0.010317042042801816 -0.05440509930786408 -0.10996081892659132 -0.15444652127434605 -0.19158609294625173 -0.221967749161112
0.3018832437276131 0.22610264990851292 0.08998852877508423 -0.12987681803411455 -0.4230556231616389 -0.7597067811936469 -1.1187103329283197 -1.487345984744448 -1.8531684421500547 -2.2058171272427662 -2.5284325524264615 -2.7813836971824037 -2.8796651788610403 -2.782955369839172 -2.577529975261371 -2.330484688439215 -2.0691824377139447 -1.8044788280444062 -1.5346541416484245 -1.2604841671366729 -0.9888408186123663 -0.7356058983732217 -0.5057544699580301 -0.30287707232726613 -0.1295292718097525 0.012516894862019012 0.1223199450514445 0.1999894273235212 0.24560159598176934 0.2582691474691031 0.26016745804188646 0.2653017164321714 0.27380988149235697 0.28030120907380807 0.25568786973471136 0.17674893747729814 0.08360133048675022 -0.003157496992785558 -0.07728526631609312 -0.13758672491859458 -0.18785044263749812 -0.23072283188216292
0.23000630998471538 0.1295121465871033 -0.02634295518219726 -0.24579447285664252 -0.5235754607685841 -0.8441403003415231 -1.1935649707812983 -1.5594812075194817 -1.9309623095207293 -2.301490863423587 -2.663793678351963 -2.9998505582630934 -3.1521609117618064 -2.9368663781111333 -2.6487260819383627 -2.3492941011709547 -2.0537125536413914 -1.7655465915694495 -1.4783338262763732 -1.1894342092358998 -0.905637398406894 -0.6413644720933002 -0.4017536428418393 -0.19127075881213434 -0.012981390828892048 0.13164142134752088 0.24164966232596996 0.3170158606812702 0.35782800014874105 0.36423927336724793 0.3577084021085585 0.3551825048265781 0.3584048656442558 0.3679103283965395 0.35529856069418453 0.24302850422650601 0.1348659641176303 0.03434404069088115 -0.05404470739128264 -0.12768691240077396 -0.1888493025733659 -0.24220918232581534
0.17505054146595245 0.060737641885344695 -0.10345514012628454 -0.32052042977902073 -0.5868221793072697 -0.8930473842856825 -1.2279713339330285 -1.5797247284618188 -1.9400850439921822 -2.302191394411891 -2.658654465284219 -2.9925379522264923 -3.1438432440460247 -2.907283690640987 -2.6027166504980865 -2.28701165360871 -1.977820419363003 -1.6826385275504958 -1.3889116331546387 -1.0912684339811243 -0.7997912418109097 -0.5272133870413797 -0.2803973864017192 -0.0660682779937996 0.11187689470243689 0.2528223991328198 0.3571111846573496 0.42486520572440634 0.4563916780222106 0.4520935998121599 0.43360030984013964 0.41772736862128057 0.4046693869919329 0.3890066922978205 0.3452439231776314 0.2575433697756808 0.15443099197555976 0.05286806855042303 -0.041688459774839814 -0.12491923570655455 -0.1947246606324597 -0.25619546190612236
0.14360137757581537 0.02372404300447961 -0.14151696209209713 -0.35280604594244536 -0.6069131954387774 -0.896970723473528 -1.2137794577323215 -1.5439330914328515 -1.8777527915409764 -2.205860385253124 -2.509909869323632 -2.7461524024347463 -2.821526297986807 -2.6911828672209377 -2.440755521819738 -2.1408276181334545 -1.8447217114646788 -1.5637305509933128 -1.2748151471041818 -0.9754848648394818 -0.6810588785074786 -0.40260495735927615 -0.15023678028278875 0.06493760637383261 0.23761307412692578 0.3697776224563252 0.46406703341491995 0.5205042768801313 0.5388604541261195 0.5198411897565776 0.48679616846872786 0.4543173125493982 0.4214262998254187 0.38261962093124813 0.324739674246999 0.24345758044691024 0.1484008437926948 0.05066695820225808 -0.04300792730102648 -0.1287788686270036 -0.20447206900250703 -0.2709565156828557
