_RESULTS/CROSS_VALIDATION_POSTPROCESSED_CLR/MHZ/TZ/4comp/5/MHZ_TZ_z_125_kriged_reverse_4comp_spherical_5.asc
ncols 100
nrows 81
xllcorner 5.5967107548124995
yllcorner 50.982328804812504
cellsize 0.00017565037499993607
nodata_value 1.7014100000000001E+038
[rows 19 to 37 of 81, columns 0 to 42 of 100]
1.6023208698047153 1.5670787175441623 1.5387612605084056 1.5210199521021273 1.5161355974616093 1.5246734433111326 1.544354042514757 1.571532300543888 1.6029215137297361 1.6361104731431646 1.6694265742565966 1.701693538754008 1.7320523908014973 1.7598541911769183 1.7847745167433033 1.8068881112707007 1.8261119785871103 1.8424593889854317 1.8560209461264565 1.8668251648454162 1.8745802082135976 1.8787962489005008 1.8813443850542728 1.882349574813927 1.8814301118226007 1.8776260249822816 1.8707271667695622 1.8607796446656792 1.8478065394203258 1.83106239807768 1.8106823662855482 1.7871792148278702 1.76117342463637 1.7334543322330167 1.7051038578293443 1.677879187391796 1.6551944671099061 1.6411121778028597 1.638716286087513 1.6474281684110594 1.664242004204529 1.6861198054957978 1.7085608332091904
1.6419718604199658 1.6131957667689973 1.590884944832051 1.577216894952421 1.5729721102562744 1.5785635889724308 1.5928409424035486 1.6136464772027503 1.6386547003512542 1.6658511973009524 1.6936470986646437 1.7208283678833145 1.7466476412913354 1.7706016450182085 1.7922885372875577 1.8114902040457728 1.8281340607903116 1.8422610420054664 1.853945772557546 1.863142531355852 1.8694580288823388 1.8737341297777617 1.877224244830985 1.879305176896973 1.8793059590693295 1.8763063931041457 1.8702614650722225 1.8612198082185587 1.8492981646490225 1.8346323394943833 1.8167499701886376 1.7959129486168242 1.7728088856618047 1.7483122058497211 1.7235799771027083 1.7001868125113138 1.680921125574709 1.6688496440449998 1.6656895373786818 1.6714656675378583 1.6848245418901837 1.702424183154913 1.7204170504434277
1.6824088523449636 1.65861073755889 1.6406995756426739 1.6297182027531791 1.6259074054240708 1.629483370293633 1.6397978968171167 1.6555155900861722 1.675036111361208 1.6968208141591357 1.719550328244865 1.7421397199301754 1.7637460213708576 1.7837652935265282 1.8017797944020597 1.8175507461281193 1.8310177912419139 1.842277554524007 1.8514869661824696 1.8586528045295312 1.8634031871456365 1.8683730223707766 1.8732768057195015 1.8768318422033927 1.8780122277167246 1.8761748635065008 1.871279783151353 1.8633813914303137 1.8526505257623438 1.8393068676636495 1.8236381580080316 1.8055947796303689 1.785429320383226 1.7640188386719893 1.7424595464719204 1.7221047144872654 1.7050312082346035 1.6939412813603587 1.6900869491766337 1.6938348963485568 1.7044722127923395 1.717928680944775 1.7319681207994384
1.7232516674704708 1.7034471913129778 1.6887431088140255 1.679469543091979 1.6758436065443716 1.6778830224222427 1.6852132369911226 1.696972156248569 1.712031905880378 1.7291956565523428 1.747309810347152 1.7654206093760467 1.7827454961758464 1.7986661082370172 1.8127293705013316 1.8246619035384783 1.8344041581572894 1.8421477099777217 1.8482823083106716 1.8530707646935898 1.8568033141238807 1.8627740886880875 1.8695545639911102 1.8748816848253298 1.877532242495673 1.877108669702894 1.8736058789446437 1.8671068844419316 1.8577663529070234 1.8458325972709824 1.8316594006917073 1.8156424654952454 1.7982187116169663 1.779629743014835 1.7607413612551444 1.7426663461592158 1.7270491873830516 1.716273643350212 1.711553869564312 1.713622445354832 1.721692735532463 1.7318871340475288 1.7427319390531872
1.7633227989714435 1.7468817657352187 1.7347340651654135 1.7267917700627387 1.7233220952537056 1.7242168032217462 1.72922174384858 1.7377692297820104 1.7490225601264908 1.7620233919902397 1.7758748895045122 1.7897455494186394 1.8029023539097506 1.8147267752578315 1.8247273890056477 1.8325663249825235 1.8381265832035412 1.8416609312710748 1.8439774426302245 1.8460725967101153 1.8500824648000922 1.857448125349975 1.8662890400036796 1.8736182074691559 1.8779583156151187 1.8791087366040269 1.8771263737182733 1.8721402097440947 1.864337344525583 1.853960216677846 1.8413244341247341 1.82688015352607 1.8111032525762738 1.7945475972303824 1.7778368781613625 1.7615283739261505 1.7468883186368247 1.7359260961922327 1.7299678123177236 1.7302811000113287 1.7359861826933487 1.7439751031088169 1.752568655208384
1.8016962045700171 1.7881438191127446 1.7781307930467791 1.7713193470109472 1.7679558471959063 1.7679917221104091 1.7711516961060199 1.7770230563816043 1.7849771116365618 1.794328184342506 1.8043438197881478 1.8143029417637324 1.8235320771992938 1.8314251509773314 1.8374557666272515 1.8411950452309276 1.842365454373933 1.8410371069161153 1.83834567052226 1.8379622831469427 1.8439555462534165 1.853305658262567 1.8639174359140696 1.8733048203803797 1.8793909042700556 1.8821568490091798 1.8817344066649986 1.8782989096811162 1.8720648891224403 1.8632874050373487 1.8522658520295654 1.839360793768411 1.8250667928972992 1.809869496756741 1.7942794378843345 1.7789887328764995 1.7648349546956243 1.753332931949539 1.745618598774596 1.743463417548891 1.7471715679281201 1.7544268718658595 1.7617920003703553
1.8376049481231518 1.826583149234987 1.818441150332946 1.8126632917279801 1.8093932416500325 1.8087302575348263 1.810363191746398 1.813955471231712 1.8191095226080534 1.8252949453510392 1.8319119769795018 1.838341261507532 1.8439768070672429 1.8482448213634726 1.8506121892771423 1.8505886604821697 1.8477287402224778 1.8416555588699617 1.8323848641957117 1.830415073891435 1.840463318153869 1.8516927933253353 1.8632311540262467 1.8741852130647825 1.8818730509914054 1.886171059432482 1.8872634227252805 1.8853542346447045 1.8806718751158595 1.8734730286543 1.8640458297091649 1.8527113050070956 1.839841927395111 1.8259221841933422 1.8114120308446902 1.7969711720187536 1.7830568239799618 1.770869828503037 1.7610594658452536 1.7544040104979746 1.7568392562866044 1.7655595883805115 1.7723356976379185
1.8703743524017191 1.8616025173526511 1.8551740273905002 1.8504228388335988 1.847297163964311 1.8459142953168801 1.8462264324262223 1.8479273107375227 1.8507211623692885 1.8541881024612037 1.8578323080196462 1.8611323187483264 1.8635586648922715 1.864595213803561 1.8637533074245076 1.8605799574969608 1.8546758576784095 1.8457767366367066 1.8359020881840764 1.8343465827588685 1.843072583818508 1.8538660216990153 1.8651610570069073 1.8763029256198227 1.8852975463343444 1.8909584522718834 1.8934630836493669 1.8930135372075971 1.8898333078214729 1.8841689178103869 1.8762906506915562 1.866491390181903 1.8550823791177442 1.8424355307018947 1.8291941507848333 1.815805868356857 1.8026179326910223 1.790785028887761 1.7809479233762215 1.7739128102700348 1.7749940811918767 1.7818533071417204 1.7866608927107457
1.8993859118372662 1.8926117577212476 1.8877689171417564 1.8841561796769235 1.8812479662360282 1.8791939973596419 1.8784261802422917 1.8786992603463812 1.8796001064555952 1.880777455050181 1.8818248983893524 1.8823106976581494 1.8818026590459198 1.8798891429087485 1.8762001595808786 1.8704391760751338 1.8623934157875937 1.8531055834770969 1.8465567966227512 1.8456918319854996 1.850934429673119 1.8595577689519376 1.86959834274317 1.8799718130661895 1.8893403563955844 1.8961848872581668 1.899984760557471 1.9009124899175645 1.899170172744177 1.8949846387899132 1.8886043800131365 1.8802961730910612 1.870340246994082 1.8591671606646278 1.8473334536551005 1.835237046154768 1.8232899497856798 1.8128394342659075 1.8049387396171224 1.8011016564714368 1.8008551285750702 1.8029998378456038 1.8045055585066403
1.92407597299765 1.9190402296845792 1.9156455808607933 1.9132324772200235 1.9107911088601834 1.9085022874757576 1.9069685496495052 1.9060695763083133 1.9054461138661407 1.9047019037522384 1.9035120362788893 1.9015290094358024 1.8984062740743566 1.8938218908326059 1.887506729541378 1.879287264670964 1.8699587521212906 1.8623122411930257 1.8576352018060491 1.857018319271365 1.860602735685774 1.8673094350243489 1.8758373252659122 1.8851636336845063 1.8938588719366727 1.9013825855415925 1.9063861501840171 1.9086176309412173 1.9082497033439105 1.90548473974485 1.900548240292439 1.8936838573528245 1.8852574100565187 1.8757006149338995 1.865353022106569 1.8546844717569857 1.844242862719347 1.8355021354410819 1.829480135621154 1.8271516057235182 1.826262959336481 1.825729195026276 1.8243765094370104
1.9440526808305425 1.940809079144258 1.9387708547664624 1.937194343240551 1.9353684602296826 1.9333619351011135 1.9314245955036191 1.9295608409216116 1.9276141577979446 1.9252663746301517 1.9221469250107852 1.9179847346067755 1.9125122515154482 1.905488866975076 1.8967287777716704 1.8872087159457518 1.8787991911537085 1.8722372647430128 1.8683513678595725 1.8677988315902507 1.8705074731373066 1.875873387524537 1.88306767890137 1.8913279146135433 1.899280284091 1.9063251631649587 1.9121542055416032 1.9156396073388688 1.9165931007335604 1.9151930616346449 1.9116433446606793 1.906280020111211 1.899464722909404 1.8914883193579708 1.8826574381526775 1.8734080274926097 1.8644895477663144 1.8573175264164046 1.8526467417067114 1.8510885642500656 1.849994752456074 1.84804311769147 1.8447516435311395
1.9593183133280467 1.957779004043128 1.9569673038903743 1.9563812962041738 1.9552058953985763 1.9535010958791388 1.951357844405576 1.9487772958319225 1.94565469677035 1.9418108213724605 1.9369987123017578 1.9308853740522969 1.9232559270028826 1.9140671068534614 1.904713424860908 1.8959641450887317 1.8883472878442127 1.8824602628477847 1.8788905599741983 1.878060466039798 1.8800733818706812 1.8845221847412144 1.8906563522344184 1.8979353278555764 1.9052313808811763 1.9117296233220151 1.9171987958849432 1.921452727409595 1.9236885794606553 1.9236138329720762 1.9215391532141388 1.9177341544151965 1.9124576295998945 1.9059836608920475 1.8986036936109323 1.8906725489189513 1.883191673689349 1.8773316760613161 1.8736079717551264 1.872458687934475 1.8715256849893798 1.868932398090148 1.8645022076776714
1.969487184655351 1.9695726169236705 1.9699587096084281 1.9703715207200776 1.9699204454031054 1.9685632886942852 1.9663345589650423 1.9632159165967198 1.9591233723507284 1.9539185126834584 1.947428277343755 1.939511346422866 1.9308749866418815 1.9220219790896733 1.9133181968716497 1.905189967859732 1.8981184961624706 1.8926102923741044 1.8891282113291068 1.8879906664346278 1.8892893621982843 1.8928557787538878 1.8981729882414113 1.9045755612461317 1.911326403888979 1.917361341446974 1.9224337676679428 1.9263747873329335 1.929118600997301 1.9304583539174915 1.9298890523319066 1.9275719994455232 1.9237385936778888 1.9186454892227265 1.9125744204222563 1.9058504040662192 1.8997044169133548 1.8949233499343492 1.8918843910351064 1.8908786451326116 1.8903854593357214 1.8877012839747997 1.882763619825336
1.9741134346462479 1.975773929560186 1.9773377561367236 1.9786654770733483 1.9790184155767105 1.9780862810903013 1.9758785825435847 1.9723630811358166 1.9674705797138927 1.961415993695508 1.9544625811626073 1.9468069280692253 1.9386856182594587 1.9303800470342245 1.9222128360280648 1.914538012773563 1.9077937733651948 1.9024387390547495 1.898890013926947 1.8974340924666604 1.8981532813580029 1.9008833050125602 1.905337882959594 1.9110143167429021 1.9172288080371236 1.9229078773966881 1.9277803775805094 1.9317360268558093 1.934632926877284 1.9363683457993712 1.936877051375036 1.9359864579830086 1.9334785405811048 1.9295724974015296 1.9245230307966377 1.9188081836203654 1.913669542519679 1.9096635132872548 1.9071159990753141 1.9062061845385438 1.9065141915239392 1.9047170692243778 1.9003255911220855
1.9746061917865108 1.9767894617440023 1.979079666356077 1.9811746722021688 1.9826133644099133 1.9825572829764766 1.9809129008708115 1.9778997086094783 1.973637243471886 1.9682485515091166 1.9618905873401387 1.9547587642984168 1.9470894315692313 1.9391654581657338 1.931446948320979 1.9242634426297736 1.9179039853597237 1.9127158469016334 1.9090741801883901 1.907269120238719 1.9073641034371025 1.909171347567365 1.912497466557402 1.9171989333883208 1.922964180283815 1.9288384335740703 1.9339552516090306 1.9381426872708156 1.941265146512754 1.943221592085413 1.9439459504202308 1.9434079020387496 1.9416139063969904 1.9386080338444622 1.9344189088336108 1.9297335652433982 1.92537366047876 1.9220565989510061 1.9205217724428036 1.9207189364466684 1.9223679156468587 1.9222630507369 1.9190690862242585
1.9715257363499312 1.973992558306905 1.9768238528826292 1.9797205293586795 1.9824690050246316 1.9842487938558802 1.9845858678512376 1.9833084405808576 1.9802424774084235 1.9755589053920315 1.9698096801473477 1.9632755209251143 1.95650961752712 1.9496675066772253 1.9428944174814466 1.936379391644876 1.9303632914572852 1.9251713913853108 1.921267908089135 1.919115365964687 1.9187031686867422 1.9196742401320757 1.9219219590218781 1.9255437539791795 1.9303655989023782 1.9357576533638934 1.9408684006303278 1.9453281901383968 1.948702484039433 1.9508857299358153 1.951810331529791 1.9514421369928678 1.949781692825202 1.9468643730281754 1.9429438428652221 1.9389864111291943 1.9362182313101883 1.9349399116648778 1.9350503975205073 1.9364194798499426 1.9388904205482986 1.9409895105645296 1.9400543911806356
1.9647576371544657 1.9675236021870914 1.970944834825549 1.974722773335069 1.9786436962621679 1.9823126375389652 1.9848313130313295 1.9858854239900856 1.985244250348758 1.9827228415037215 1.9786521657785883 1.9736613407143648 1.9682906404681813 1.9626246715290976 1.9567833291066985 1.9509133515151773 1.945188449206959 1.939843380918667 1.935398515717301 1.9329858424926627 1.9322838845317298 1.9327280497460573 1.934312839052569 1.9369564191086244 1.9406133492588256 1.94498882400599 1.9493929695503496 1.953257596954236 1.9566297763258098 1.9590447265826525 1.9601532950086547 1.9599157194285517 1.9583252701604164 1.9554365994106069 1.9524005591228268 1.9506553331835068 1.9501330133352075 1.9508367208700614 1.9526210603484275 1.9553055919261837 1.9586916056791928 1.9623809233044922 1.9636078853050627
1.9544763292867524 1.9575484155656282 1.9616093849629876 1.966353798615203 1.9715424817620455 1.976868916663813 1.9817191656693267 1.9852619993531535 1.9873737287252469 1.9884456308150875 1.988119565170077 1.9860197015527359 1.9821639248652343 1.9776842370407524 1.9728002405792622 1.96763174680972 1.9623022309499152 1.9569354809475403 1.9516563714468453 1.9492134838397308 1.9485130318958777 1.9485850998709173 1.9494295132692518 1.951048872270969 1.9534504488129298 1.9565898042531416 1.9599561202064624 1.962998896066844 1.965443670921192 1.9674070074490924 1.968663918167269 1.9685193484205143 1.9669376039091935 1.9650563149615428 1.9645435988644222 1.9652244460186248 1.96692702715276 1.9696153422649911 1.9731019780709314 1.9771603745169222 1.9815485985658359 1.9860168602925443 1.9894190630404265
1.9408475749269272 1.944221345617839 1.9489689230280909 1.9547700332641327 1.9613543608354604 1.9683654920358102 1.97536987899799 1.9819155425046728 1.987980512040212 1.993026586365388 1.996543419710778 1.9981216083374052 1.997441238524382 1.9944509481784132 1.9905725776356669 1.9862124790767695 1.9814975638589634 1.9766134419579127 1.972034572606325 1.9690281051343024 1.9675887685538958 1.9669368969126386 1.9668780746587335 1.967389447823147 1.9684925962096025 1.9702253559800182 1.9722655979424202 1.974243797105032 1.9757387727927533 1.9766433341089138 1.9770997443115845 1.9769521861164323 1.9762825810997329 1.9770356762776065 1.9790601341675869 1.9821260718898432 1.9860389013681625 1.9907283372451035 1.9959641793753327 2.001474935333292 2.0069712083018842 2.0121570169911873 2.016744471461209
