_RESULTS/CROSS_VALIDATION_POSTPROCESSED/MHZ/TZ/5comp/5/MHZ_TZ_z_90_kriged_reverse_5comp_spherical_5.asc
ncols 100
nrows 81
xllcorner 5.5967107548124995
yllcorner 50.982328804812504
cellsize 0.00017565037499993607
nodata_value 1.7014100000000001E+038
[rows 60 to 79 of 81, columns 0 to 43 of 100]
8.096067590942827 8.096067590942827 8.096067590942827 8.096067590942827 8.096067590942827 8.096067590942827 8.096067590942827 8.096067590942827 8.096125273102784 8.096199899509656 8.096113860935038 8.096067590942827 8.096067590942827 8.096067590942827 8.096067590942827 8.096067590942827 8.096067590942827 8.096067590942827 8.096067590942827 8.096067590942827 8.096067590942827 8.120476010502287 8.206728076391267 8.352057678592463 8.55372300331036 8.80925387827361 9.116098750616054 9.471212882225606 9.870551127342676 10.308414893666138 10.776585307411546 11.263161979505988 11.751053899706813 12.233348177905503 12.693667308583754 13.087500112534828 13.367468149055698 13.496529460904988 13.462000256220685 13.27841300902897 12.976948544781536 12.592057751883093 12.15379703100713 11.685980688619454
8.096067590942827 8.096067590942827 8.096067590942827 8.096067590942827 8.096067590942827 8.096067590942827 8.096067590942827 8.096067590942827 8.096067590942827 8.096067590942827 8.096067590942827 8.096067590942827 8.096067590942827 8.096067590942827 8.096067590942827 8.096067590942827 8.096067590942827 8.096067590942827 8.096067590942827 8.096067590942827 8.09659519926898 8.138105462176062 8.243436450199802 8.409806632580292 8.635101335161343 8.917576084164654 9.25553302967581 9.646942513268455 10.08896923985195 10.577339501263179 11.105444901754957 11.66300934239687 12.234049745344475 12.793808074953281 13.317790301922127 13.767649225553141 14.073359325050081 14.175738078088306 14.060069401154355 13.761979961850326 13.338525219064037 12.841077327559796 12.30702679532461 11.761852057546921
8.096067590942827 8.096067590942827 8.096067590942827 8.096067590942827 8.096067590942827 8.096067590942827 8.096067590942827 8.096067590942827 8.096067590942827 8.096067590942827 8.096067590942827 8.096067590942827 8.096067590942827 8.096067590942827 8.096067590942827 8.096067590942827 8.096067590942827 8.096067590942827 8.096067590942827 8.096067590942827 8.099549399182886 8.154959789296743 8.275430130958226 8.458653093527225 8.703067189928412 9.00759088700792 9.37134042439253 9.79330820614902 10.271967381570267 10.804744861888418 11.387255896400088 12.012088488763068 12.666701159540814 13.329536932178105 13.962722212077786 14.505347718481204 14.871103077832329 14.950463652651107 14.722267542614292 14.272434932930736 13.70329885909832 13.08385940950076 12.453612966390915 11.835141042911205
8.096067590942827 8.096067590942827 8.096067590942827 8.096067590942827 8.096067590942827 8.096067590942827 8.096067590942827 8.096050698638406 8.095774000536105 8.095794046833678 8.096062170732766 8.096067590942827 8.096067590942827 8.096067590942827 8.096067590942827 8.096067590942827 8.096067590942827 8.096067590942827 8.096067590942827 8.096067590942827 8.103125891476378 8.168346183386046 8.2995713270756 8.494851088360718 8.753049708232236 9.07360917907626 9.456309153018811 9.90100841117526 10.407347266677482 10.974376869208202 11.600049110643857 12.280420440940274 13.008209951283417 13.769740902192437 14.53739612280352 15.248855967936834 15.755831213364532 15.822355348191246 15.412410915867378 14.757317707846923 14.025203689882012 13.286274752945634 12.569773784283356 11.88959697682251
8.096067590942827 8.096067590942827 8.096067590942827 8.094285390478664 8.08386808319843 8.068688580973046 8.053262827773848 8.041097445838263 8.034575965312602 8.034882006981123 8.041961261385847 8.054523231754183 8.07008269563032 8.08503983373241 8.094797117728755 8.096067590942827 8.096067590942827 8.096067590942827 8.096067590942827 8.096067590942827 8.10563404225684 8.176326160113746 8.31357559567079 8.515639868423817 8.781634359423146 9.11131500764993 9.504867327399982 9.962693549852531 10.485190085928723 11.072506370162895 11.724270678986409 12.439250588605963 13.214858630563263 14.046214087317447 14.923630322160964 15.82259277039686 16.637034785213878 16.757172648876438 16.00684264661946 15.114610322077052 14.239973872002457 13.40989936709365 12.632511664843744 11.911290269228225
8.096067590942827 8.089785128821346 8.06515161490433 8.028617184905624 7.986930487669039 7.946060461069961 7.91100817129186 7.88565070245279 7.872620707871934 7.87322478545851 7.887402993199652 7.913730706225774 7.949462759549235 7.990618569979706 8.032105834977699 8.067879588671415 8.09113298942251 8.096067590942827 8.096067590942827 8.096067590942827 8.106124739054641 8.177804100882655 8.316142401387557 8.51943531928832 8.786844633421872 9.11818468566562 9.513717128536742 9.973947219051434 10.499416661343766 11.090489776336952 11.747131104617468 12.468672005151884 13.25355670510996 14.099026103581963 15.00054603281015 15.9497955468076 16.91592088654873 17.101801587486097 16.152078525536005 15.194887947491148 14.282520283682734 13.42491617054514 12.62712837860199 11.89264915611151
8.066654575971898 8.01556891853346 7.949020767320178 7.875083336926698 7.801183028860768 7.733873172310086 7.6786359785461915 7.639717265446114 7.619998314337642 7.620908667216492 7.64238274784115 7.682861853587773 7.739341445186378 7.807462056082157 7.8816408405213725 7.955239890315798 8.020766925400832 8.070103807798333 8.094758836369051 8.096067590942827 8.104426255906493 8.172581207697524 8.307035042997065 8.50594816719109 8.76831825595947 9.093753646118655 9.482248310381056 9.933946787277064 10.448884771032768 11.026683479082836 11.666155928708513 12.364730000498819 13.117441932122107 13.91477644102433 14.736889801058165 15.534333819606912 16.155119318007113 16.23002245456238 15.687088341876915 14.907839853328303 14.085086619092563 13.28041043093052 12.517394601834516 11.807018886912317
7.9632273964239175 7.865570095656188 7.756347317898582 7.644375290034196 7.537745491626088 7.443587599555286 7.367860852051973 7.315178697838563 7.28867159546724 7.289892759325194 7.318770938379158 7.373612589872497 7.451153334037593 7.546656138508616 7.654052045541272 7.766118622712533 7.874691276031373 7.970902552289121 8.045444483132123 8.08884958485548 8.101150962064052 8.161365597268198 8.287095638298066 8.47620622520703 8.72734053546763 9.039667323482572 9.412617844784307 9.845592377410574 10.33760742760453 10.886834680002611 11.48993814301691 12.14101353840125 12.829690141132719 13.537360473895092 14.229121661585095 14.836960639235116 15.23671891312758 15.278800651898175 14.942723824330509 14.36591371940008 13.684486452035907 12.976478953899411 12.281927625055001 11.621959065512028
7.795370154518951 7.650908321661615 7.498843015798783 7.348711539633765 7.209254238864143 7.088167655688658 6.991885537424639 6.92539185698858 6.892071336052903 6.893604493311574 6.929914218886162 6.999168247162876 7.09783731253323 7.220804285962846 7.36151719052746 7.512179169986403 7.663970067689882 7.807295520396547 7.932059409642103 8.027954663958537 8.086369590196625 8.145736772406579 8.258192425953563 8.43247627638177 8.666727520638858 8.959503400806245 9.309472789101083 9.715060457552138 10.17400292658893 10.682752241541825 11.235616618344753 11.823436940890186 12.431438144679793 13.035670490239893 13.59745689945461 14.057038240140946 14.335306355892477 14.363246773065672 14.132775293418295 13.704107989584783 13.157913912145677 12.558724147362724 11.949139983351623 11.355653862222193
7.574723581854685 7.3838868709307945 7.189388573774967 7.001456818044313 6.829459844619986 6.681652810159052 6.564949018986027 6.484717623630671 6.444614500479583 6.4464583273811975 6.49016559864501 6.573753663073413 6.693411330140403 6.843627303581624 7.017362618010094 7.206255433815219 7.40085197430649 7.590861831365048 7.765436807913775 7.91347021008401 8.023910630678673 8.118049580013205 8.223108943720996 8.378100887978 8.590584281783807 8.85840894823389 9.179394587941362 9.550930028316033 9.969474390579473 10.42990220307705 10.924605950165848 11.44223307607855 11.96591532436352 12.470952676921785 12.922462381919548 13.275109761607325 13.479607876289531 13.499715137755835 13.33150351595435 13.005786429732137 12.570851017394244 12.073723836545884 11.551583113429038 11.031079485221712
7.313768546998602 7.077626282287541 6.841646702749833 6.61670712855032 6.412778846152192 6.238674086492352 6.101808403732216 6.007975639658518 5.961144094100965 5.963296312377075 6.014341130402491 6.112117848196553 6.252491523591962 6.42951813848737 6.6356509956255385 6.86196699095262 7.098405354929511 7.334022338030673 7.557268268977946 7.756289305074448 7.919249199215125 8.049919980742395 8.181007143648587 8.317280557992952 8.503987561160214 8.742634892574213 9.030207982053632 9.363140559403995 9.73681024509825 10.144909222151547 10.578647667303692 11.025759845528606 11.469347580970082 11.886792988036387 12.249422089072652 12.524300531572399 12.67982637140037 12.694951552325904 12.567490480248471 12.315082760150691 11.967959976886176 11.559386805771181 11.119177518582427 10.671230042032574
7.025465855260367 6.745685141195184 6.4696586881948726 6.208856942199828 5.973825920930252 5.773946317688797 5.617190141338602 5.509860704867247 5.456325668215337 5.458785551602282 5.517138873056635 5.6289886679150225 5.789788084096124 5.99307733773454 6.230751299216248 6.493317982986856 6.7701409123601035 7.049680810187466 7.319756964463191 7.567840413956407 7.781377966116601 7.951498516460307 8.10942719705195 8.254815936394792 8.412650467481118 8.619059637170825 8.870303972116703 9.162029816607381 9.488823276991797 9.843664879473597 10.21730470405993 10.597590752584004 10.968863965857368 11.31168792716072 11.603408537340611 11.82020654537746 11.941034996185467 11.952710751171052 11.853899620134246 11.655554284078313 11.377507728659157 11.043385965086774 10.676316557217811 10.29649227953081
6.722895578222101 6.401685630094314 6.087455223217084 5.792191268077288 5.52697857113481 5.3017937870757486 5.125267675552175 5.004374403966589 4.9440507557348585 4.946823019069751 5.012574059023357 5.138554817897011 5.319634759063723 5.548680572692884 5.816932798519069 6.114309335142991 6.4296384582254005 6.750864459405631 7.065271417373636 7.359751928999669 7.621124496607952 7.836485128361416 8.016346153214412 8.180870843719623 8.322620179439452 8.494776577396276 8.70808576260773 8.957605952951432 9.237430527926938 9.540250800063044 9.856911095019743 10.176014842474514 10.48370251883156 10.763808432762238 10.998679896214986 11.170912545333243 11.265974503651405 11.275123615345786 11.19748959831175 11.04029494973054 10.817096465156425 10.544939239572606 10.241600310187092 9.923650460787773
6.418914183759274 6.0589726724437565 5.708721889693065 5.380555468576574 5.086038733970037 4.835780425454725 4.639235155339115 4.504333065791178 4.436900424166989 4.4400013537108185 4.513492427234288 4.654045202560967 4.855622869646865 5.110141766171891 5.408034821566024 5.738603638793139 6.090205653969803 6.450381187552501 6.80600736859874 7.143522983546453 7.449229758523451 7.709650037316837 7.9158395956459575 8.0939606991057 8.23966632736765 8.37678982934223 8.551589218020412 8.759100934273514 8.993180158836651 9.24654637317813 9.510490624375748 9.77468126714056 10.02716498841949 10.254695703134916 10.443529461996071 10.580750497071078 10.6560022524622 10.663225846131402 10.601824825864009 10.47678578975286 10.2977028420754 10.07710905552139 9.828702164862769 9.56591516746571
6.125847427572227 5.730331139999838 5.346553983383952 4.987153249927737 4.664061251076365 4.3885299046570765 4.171062788067264 4.021020486562085 3.945719006956281 3.949186727134736 4.03123204564665 4.187492060948853 4.410424299118181 4.690540058300333 5.017261140327714 5.379276292449535 5.764592517780524 6.160511043641991 6.553670024868705 6.930207301886387 7.276039996324495 7.577228526253017 7.8203810621028715 8.007892894535809 8.158986070910665 8.271832431344649 8.408280784219725 8.574777554170296 8.7651276900968 8.97228279809431 9.188160745248537 9.403576949961197 9.608354080472472 9.791685010054882 9.94280496395983 10.051963737502538 10.111574292247512 10.11728671729461 10.06867620034723 9.969313059516239 9.826189925263758 9.648702835878389 9.44749387573023 9.233427522567629
5.855225457714819 5.427768088535846 5.013314628582898 4.624506458453909 4.273417780288089 3.971843094899171 3.7315547991215983 3.5640740047432216 3.4793413595703084 3.4832548360723967 3.5755264647031213 3.74979943044368 3.9959080360678865 4.3022756815923175 4.657130255395277 5.048665818563135 5.464768446138081 5.892738423968616 6.319184281200721 6.730117534891368 7.111215359085849 7.448197242046003 7.7272573772303215 7.935650187288762 8.086694985378653 8.18629978535906 8.28500707767197 8.411929563558191 8.56094193151287 8.725334832927146 8.897708924510386 9.069975202817675 9.233502992280911 9.379452960555398 9.4993098848996 9.585583056270284 9.63257700208175 9.63707575343105 9.598767106502763 9.520285273930309 9.406859150953128 9.26566856683752 9.10507720832828 8.933907241890275
5.617548633769035 5.162338580791395 4.72057038863799 4.304566663295748 3.926141293389567 3.5972522499815995 3.330920116931879 3.141764585583509 3.044513203086005 3.0490325390747484 3.154819495712747 3.351324633031436 3.6236808987769367 3.957393196591478 4.339568868679486 4.758297410899461 5.201741097830449 5.657514384801173 6.112430889485784 6.552553411085356 6.963460646059762 7.330650106882959 7.640005925580493 7.878270611787901 8.034855684507376 8.12554354574447 8.188060181910561 8.277012046853121 8.38714132707086 8.51211170573914 8.645183067112423 8.779242790435788 8.906953357764927 9.021031725141981 9.11465672628602 9.181969876722757 9.218598635210205 9.222103555093986 9.192248917904436 9.131029690209697 9.042447866584261 8.932094404846639 8.80663315048529 8.673288335731735
5.422055205989388 4.943960044087987 4.479017327781133 4.0388745198195775 3.6345006094112517 3.2771572780284774 2.9802801215390096 2.7621009621208628 2.6460756040145803 2.6515440443567915 2.7774412907218853 3.00337699285175 3.3061745634656727 3.6681120105153653 4.076044293350434 4.518795358618578 4.985364726512294 5.464022056137463 5.941997961653284 6.405552552278605 6.840281757534542 7.23156378363061 7.565069061131531 7.8272702631735065 8.00590558161555 8.091971469501889 8.123324628539462 8.175851515411528 8.249393302939954 8.33797054583055 8.435432892357133 8.535497818062662 8.631879021540328 8.718508074454876 8.789838642182952 8.841203064094378 8.869171063406668 8.871847728044687 8.849050652139576 8.802327459527245 8.734809756295531 8.650935818201352 8.556099173637888 8.456286847326
5.276456374384449 4.781138348314949 4.298244490697349 3.838504422089674 3.411475823530156 3.026457155447278 2.694901129122972 2.4362407707957496 2.2877406442414485 2.295014843145673 2.4551348961040924 2.7213250174756025 3.058147882255647 3.447234089805693 3.8774832205793213 4.339639551447456 4.824066014989835 5.319913203192157 5.814936013950721 6.295662030906614 6.74777066491681 7.156594162360778 7.507670554067615 7.787288640286034 7.982978459714789 8.083928658820732 8.09647963529858 8.113901253308727 8.152837405981437 8.207617263502787 8.272587446979887 8.342144760330235 8.410837852479963 8.473535485117567 8.525649130707357 8.56338558160604 8.583994296319673 8.585968681324559 8.569164179882128 8.534809894723617 8.48541139720355 8.424564040436813 8.35671181627464 8.28689263899145
5.186623283609591 4.680550583420026 4.186174949669124 3.713388443330011 3.2702715356327716 2.86344585019606 2.499404421414504 2.189627614958452 1.976196802234084 1.9882018480227432 2.2139054862589935 2.5292797254612034 2.8973732456227337 3.307612325513793 3.7536004167731223 4.228619639588498 4.724437652312611 5.231002369416986 5.736515467561149 6.227733680880861 6.690423314814136 7.109908789240856 7.47165881733724 7.761856423609801 7.967908254521766 8.078873832694015 8.096067590942827 8.096067590942827 8.102413367063992 8.125484038734122 8.16047518717433 8.202318912943433 8.24621141384378 8.287735022940511 8.323017318901764 8.348908387670747 8.363151391460931 8.364519438510069 8.35289514638491 8.329278444889486 8.295721173279444 8.255200433147012 8.211452838787409 8.168796457980733
