_RESULTS/REVERSE_NEW/Berg/TZ/2comp/Berg_TZ_z_90_kriged_reverse_2comp_test2.asc
ncols 100
nrows 90
xllcorner 5.6208707817415728
yllcorner 50.959635321741573
cellsize 0.00013419651685393446
nodata_value 1.7014100000000001E+038
[rows 19 to 37 of 90, columns 0 to 42 of 100]
1.6521176169264153 1.6596732537635797 1.668700738970173 1.6792298889483626 1.6912034416099273 1.7044556260650372 1.7186952476815998 1.7334973496430497 1.7483077830185056 1.7624643391656643 1.775236166472573 1.7858800430612085 1.7937082275028584 1.7981590105902008 1.7988588352921306 1.7956647744112961 1.7886785320362093 1.7782276032910882 1.7648148850666938 1.7490436244346024 1.7315288170584044 1.7128081308458443 1.6932651335570144 1.6730762299397302 1.6521926902782968 1.6303741950485524 1.6073046318639772 1.5828418428169315 1.5574445134498198 1.5326762279591293 1.5113286789236238 1.4964897772783576 1.4896969970278098 1.4899139821365586 1.4947896086480605 1.5028046300052853 1.5140009031613177 1.5293982343442738 1.5503445107037193 1.5781155077696118 1.6135575715008132 1.6567036476361263 1.7064224911717558
1.6600325566671668 1.6697452184396253 1.6812652824389245 1.694600639605183 1.709648333980891 1.7261708608840642 1.7437786527814385 1.761923487436723 1.7799078372215238 1.7969142741445634 1.8120565482770055 1.82444996139619 1.833293951591081 1.8379557106800726 1.8380415050169345 1.8334429309653602 1.8243486030813993 1.811217150314743 1.79471393025828 1.7756203016984222 1.7547291781542247 1.7327428280664952 1.710188472858373 1.6873655500172662 1.6643379987829343 1.6409879956813158 1.6171535697787514 1.59286916482884 1.5686774544500917 1.545834623465922 1.5260670889505121 1.5107251653045173 1.4999461746375224 1.4928407637382985 1.4886041943937873 1.4873109920391248 1.4899001053168437 1.4978644914742094 1.5129467394458833 1.536783556604828 1.5704789524831668 1.6141608244550132 1.6665846573870362
1.6696102131859034 1.6818713156417648 1.6963095794552678 1.712896754056659 1.7314655447721994 1.7516844554818354 1.7730410494432092 1.7948390243452077 1.8162147537787086 1.8361777167637836 1.8536759717319602 1.8676827418503805 1.8772945261164247 1.881826836852634 1.8808922126889134 1.874446910939569 1.8627969864132823 1.8465604786257521 1.8265894814426826 1.8038629539660556 1.7793666077739345 1.753978551030116 1.728378393961156 1.702994751457348 1.6780038400070756 1.6533912263372665 1.6290859651569507 1.605157303777947 1.5820056562920637 1.560388280761795 1.5411203283463841 1.5245777238607179 1.5105172290934419 1.4985214863193437 1.4886249126402624 1.4815784221715378 1.478793667110359 1.4821641014187708 1.4937727330928858 1.515484986376758 1.5484832455602937 1.592797365391052 1.6468835709759138
1.6809018913850888 1.6960998065484554 1.7138703331184553 1.7341312576078824 1.7566284872152407 1.780910810780646 1.8063160261220204 1.831974350085297 1.8568351995021233 1.8797218009488896 1.8994138472888382 1.9147519371573458 1.9247508768394512 1.9287049206587927 1.9262682271011071 1.9174974170739767 1.9028482967221791 1.8831247569117648 1.85938491731634 1.8328172901623423 1.8046059021871625 1.77580555238867 1.7472462884287012 1.719481630238298 1.6927904714765099 1.6672382668752725 1.6427944854893504 1.6194798869395943 1.5974726313100027 1.5770691064890472 1.5584694619695039 1.5415744099590365 1.5260822079695078 1.5118785463533728 1.4993886381871657 1.4897050890030843 1.4845440703993118 1.4860559770498805 1.4964831817884903 1.5177107741937745 1.5507723056813572 1.5953554068276026 1.6493672814712879
1.6938510777823563 1.7123427777360891 1.7338150700373427 1.758110127267952 1.7848608727145423 1.813467958638134 1.843091970321601 1.872666798603198 1.9009401449121037 1.9265452129594758 1.9481024359656631 1.964341977679133 1.9742300626765217 1.9770792680075577 1.972625965109565 1.9610640011496847 1.9430289276526194 1.9195318518927893 1.8918488066964505 1.8613803852593738 1.8295035297735143 1.7974390536325053 1.7661544600424648 1.7363147118014233 1.7082867004962439 1.6821963951242729 1.6580270883447827 1.635727086925173 1.6152697630999964 1.5966122515124235 1.5795821383465445 1.5638457798221812 1.5490905894666793 1.5353356178470752 1.5231705287761321 1.513842530486372 1.5091923802814056 1.5114227989562343 1.522710522376312 1.5447183734773302 1.578064788345701 1.621802715808339 1.6729966279512332
1.7082679121153928 1.7303439192173884 1.7558020287396299 1.7843829353734626 1.8155767724691265 1.848606234135553 1.88242997675287 1.915770914593987 1.947173779269288 1.975094861870704 1.998021578268612 2.014609980319487 2.023819523339097 2.0250230852919233 2.018076911807183 2.0033428791147845 1.9816590943119023 1.9542576361403738 1.9226358444503076 1.888398973935957 1.8531002291258272 1.8181041390722055 1.7844920615252575 1.7530189886245977 1.7241222753614103 1.6979754220379464 1.6745705503643367 1.653799481576848 1.6354931644857402 1.6193981221299718 1.6051356187061612 1.5922513086175891 1.5804107061935018 1.5696551949029969 1.5605895823709497 1.5544418308192327 1.5529692133972741 1.5581892474935457 1.5719531738521844 1.595416186735938 1.6284667202581407 1.6691941039635696 1.71353263338513
1.7238146896823645 1.7496596082290687 1.7792557445751398 1.8122115022965002 1.8478406738803193 1.8851584815111244 1.9229047022066812 1.9595939215086542 1.9935920636319826 2.0232196484001674 2.0468803698802813 2.063204395659285 2.071185009003418 2.0702858806780275 2.060504966442924 2.0423885113946683 2.0169894379131366 1.9857668715258248 1.9504354453517323 1.9127887482087804 1.8745291516963993 1.8371318034267625 1.8017586957772798 1.7692265455264125 1.7400232874696702 1.7143615256498157 1.6922505842020579 1.6735613329736105 1.6580572190030864 1.6453870469290217 1.6350832281871786 1.626638924056799 1.6196879375745254 1.6142181860189115 1.6107231676960185 1.610234260610063 1.6141984776285403 1.6241796850218266 1.6413985820829788 1.6661648084106058 1.6972829809157257 1.731559554969321 1.7636107642435612
1.7400094175987895 1.769662512702327 1.8033704562115858 1.8405724776884826 1.8803681677954778 1.9215378979140416 1.962600109513882 2.001894000127833 2.037673265083464 2.0682062977651094 2.091889698309556 2.107378445115735 2.113719481400088 2.110465200478604 2.097746621284771 2.0762907617277606 2.047368262366275 2.0126672042367915 1.9741110784323699 1.933658473467684 1.893124807133912 1.854053406760096 1.8176455415654016 1.7847454651482137 1.7558690492630404 1.7312606934824102 1.7109599555941242 1.6948568020747419 1.6827183274121984 1.6741896050479204 1.66880463645427 1.6660585907209757 1.6655544820994592 1.66717180370665 1.6711796336953573 1.6782369549068723 1.6892417623432403 1.705007008992188 1.7257767507780604 1.7506438210028379 1.77698582801465 1.8001062083382868 1.8133261552777649
1.7562533555284925 1.7895759182560766 1.8271529509365603 1.8682105691540856 1.91159126425694 1.9558170420669037 1.999204635722758 2.039996482566824 2.076462722550135 2.106959897585295 2.1299797376252747 2.144235644151007 2.1487992752043956 2.143254493955294 2.1278171421936394 2.103374110006671 2.0714143992830016 2.033858486910065 1.9928286928250858 1.9504195843330279 1.9085158333947936 1.8686790263525908 1.8321021335870606 1.7996180173192537 1.7717444803459357 1.7487481051006881 1.7307092920813905 1.717571707011408 1.7091649434816387 1.705204894205423 1.7052989653674073 1.7089925646741555 1.7158674623737462 1.7256550331501146 1.7383008109242217 1.7539242977684784 1.7726354961533792 1.794190184575887 1.8175045837892811 1.8401119402947776 1.8577212280929005 1.8641060874800621 1.8515300991185868
1.7718850992054527 1.8085426863928087 1.8495112529252031 1.8937534306732118 1.9398072413549103 1.9859187630511945 2.030251287953066 2.0710872356404177 2.106917665459205 2.1363886058262156 2.1582017001644305 2.1711185824364185 2.174132373182783 2.166735253687417 2.149145554772285 2.122384202111894 2.0881663335689584 2.048653058623503 2.0061535875914123 1.9628633691967898 1.9206859759862667 1.8811461199641968 1.8453770032567964 1.8141577596213716 1.7879783239526876 1.7671128450455054 1.7516857477337828 1.7417173050243713 1.7371411181447483 1.7377972685128968 1.7434198437662716 1.7536441730446204 1.7680437892168548 1.7861741414738619 1.8075742063366824 1.831675289919374 1.8575824100604499 1.8837216849207405 1.9073948684909254 1.9243526402847169 1.9285678642685617 1.9123965395799987 1.8671893022060615
1.7862580835943782 1.825724756988048 1.8693842214071426 1.9158833807031668 1.9634086452405042 2.009922657451331 2.0535149854088606 2.0927024239222423 2.1264691135705003 2.1539938054716536 2.174289496228007 2.1860923934682295 2.1881382738327426 2.1796559106620887 2.160773150307603 2.1326298545096387 2.0971854551995723 2.056850378959304 2.0141019815140635 1.9711936914752797 1.9299924503723551 1.8919285299271948 1.8580225491192686 1.8289555230566967 1.8051557012392023 1.7868833639160593 1.774299691499661 1.7675094369185569 1.7665718008211464 1.7714815047220933 1.7821313549296927 1.7982723973891577 1.8194802129034322 1.8451157851694495 1.8742489581774553 1.9055069072094155 1.936825292501496 1.9651150363692256 1.985909576490064 1.9931082112175418 1.9789434184388957 1.934290159593211 1.8497153435608336
1.798831508798623 1.8404189485438014 1.8858913864982305 1.9335360837267521 1.9811525158994288 2.0264306349624253 2.067494077995804 2.103322415801446 2.1336875525507337 2.1585342502988185 2.177243629668149 2.1883979040786308 2.190263772126064 2.181636819402787 2.1624837154934777 2.1340660665584688 2.0986065216430734 2.058761356176764 2.01714312577179 1.976011281412984 1.9371377024887542 1.9018013146888118 1.870858342516523 1.844846315394783 1.8240938184159148 1.8088180094941362 1.7991978505154382 1.7954146610101622 1.7976551267700356 1.8060766314450443 1.8207402405880966 1.8415199781277494 1.8679943358278681 1.8993163595628426 1.9340478486475503 1.9699419545343106 2.003675613945246 2.0305666611462208 2.0443385030464016 2.0369926279834116 1.998908394416627 1.9198457909989224 1.7929769316006434
1.8092589179098755 1.8521664384308023 1.8984689719599959 1.9460730772989734 1.9923854993836674 2.0348645795257485 2.0717938734290193 2.102830825898462 2.1287731848592792 2.1504811583902517 2.1676941365292532 2.1787016559561216 2.1811365919702306 2.173260012811795 2.1548554573899468 2.1273196909246566 2.093139131926091 2.055185918406777 2.016155456204303 1.9782531763770563 1.943097641056328 1.911762948225206 1.8848917866901391 1.8628324857122645 1.84577177921408 1.8338464096760523 1.8272227175447635 1.82613643176538 1.8308871537795732 1.8417848961956393 1.859049527664922 1.8826666862849162 1.9122039535749529 1.94658905076669 1.9838517332654522 2.020840349345943 2.052945874799409 2.0738850897923937 2.0755841626110336 2.0482594421958744 1.9813847452275948 1.8676276407574064 1.710996407579589
1.8174564386817704 1.8608313604186175 1.9069563895511308 1.95337244426435 1.9971344140914917 2.035551558276623 2.0671973790744214 2.0925554355570735 2.113550655474819 2.13196238023972 2.1478101679238226 2.1590001149417084 2.162489163041055 2.15601980447012 2.139228139691012 2.1136559748976973 2.082020572051255 2.047347182739028 2.0123433526733807 1.9790959258843892 1.9490151217462768 1.9229219337132792 1.9011999119166019 1.8839626263188223 1.8712090854687724 1.8629511330612691 1.8593023391460861 1.8605197657705475 1.866990705656646 1.8791582506967206 1.8973829804533124 1.9217418901361767 1.9517685653101982 1.9861420737825253 2.022341913668183 2.0563096183314715 2.082190846014758 2.0922522044238128 2.0771032221292174 2.0267116210807785 1.933678875839678 1.7996975702504765 1.6394138004998253
1.8236349906391125 1.8666300091925054 1.9116113022141341 1.9558101849946867 1.9960242310847334 2.0295405427995146 2.0553446098056147 2.074795910793772 2.0908756166196234 2.1061262519489015 2.1207178293205686 2.132161406048414 2.1368412849426313 2.132118078835754 2.1175648405948175 2.094867473101928 2.0669092117687353 2.0367806139355804 2.0071204018205764 1.9798329806529253 1.9560706795235485 1.936358964059871 1.9207807102547627 1.9091706151141277 1.9012926004673814 1.8969847793925436 1.8962614541388807 1.8993615635390642 1.9067311463666854 1.9189281259249857 1.9364430095427474 1.9594366608760985 1.9874033657038128 2.018776554916833 2.050515795182822 2.0777585153016647 2.093685867082752 2.089821403508863 2.0571109584948637 1.988472369523746 1.8832224990280433 1.750084374220021 1.6013711272636892
1.828286218524256 1.8701025043351613 1.9130523268415036 1.9541477042817053 1.99006920741888 2.0182448058992373 2.0381808594198256 2.0520717304110487 2.063740998297859 2.076220112730014 2.089671799125679 2.101264823854933 2.1070162241041257 2.1041189752906 2.0921953254314314 2.073067973169339 2.049707554923321 2.025175801204778 2.001963708190784 1.9817354847212163 1.9653424828818526 1.9529776935750909 1.944386534289639 1.9390852272542745 1.9365591669033086 1.9364261232379338 1.9385546304269883 1.9431253768660999 1.9506166464384318 1.9616931605423702 1.9769865455102966 1.9967709120200512 2.0205519687136646 2.046605745475947 2.071540171702647 2.090029035452091 2.094977337474079 2.0784608441807557 2.0337432019822335 1.9582429339519325 1.8556092469046634 1.7326359787201435 1.5909820539075408
1.8321181399678828 1.872027479887507 1.912142128141872 1.9493652557228993 1.9804288554065654 2.00308603565623 2.017462478356673 2.0264931290310373 2.034558197525209 2.0448544558476263 2.057371854280479 2.0690105372520353 2.0756505427147296 2.0745446925332764 2.0654795554679004 2.050410234413369 2.0323254287828703 2.014177725534365 1.9982449105380378 1.985902862505248 1.9776643402367702 1.973356401529067 1.9723551668277721 1.973827973171673 1.9769517702882933 1.9810920936091623 1.98593703175057 1.9915764690112179 1.9985010996030887 2.0074868347167256 2.019342941292477 2.03453066649522 2.052688213928399 2.072128080508054 2.089426968213843 2.0993292131885473 2.095295020531203 2.070974848847365 2.0223991408664057 1.9495673241402909 1.8549524241647746 1.738102802718528 1.5932234717180411
1.8359420371029247 1.8732848898715855 1.9098242766109033 1.9424725684362325 1.9681938296978614 1.985259126713107 1.994507411401851 1.9995065625682114 2.004902768236506 2.013743564888385 2.0256854276491514 2.0374147881497193 2.0448654249419205 2.0455388179053924 2.0394836778657197 2.0287916223877227 2.016424165905778 2.0051704806810946 1.9970488108225652 1.9931080824357434 1.9934864003287016 1.997609859001924 2.0044557427063823 2.0128250818866844 2.021582656809043 2.0298443708530813 2.0371155999502855 2.043384376827125 2.0491437739436456 2.0552907554176025 2.0628600062940663 2.072598175680548 2.084436621346487 2.0969673801755366 2.107090640565436 2.1100977904007294 2.1004945418987937 2.0735851172114064 2.0269792081612747 1.960206937522001 1.8713111966175804 1.7536730002949839 1.6008918100473057
1.8405170246635894 1.8746748573232976 1.9069231686893884 1.93430649663618 1.9542094651219528 1.965617314132477 1.9701730894549863 1.9719738155302389 1.9756664031143807 1.9838693574405621 1.9957550313145993 2.007816284394861 2.016166654712202 2.018686411337954 2.0157585151440434 2.009623778455385 2.003197844591312 1.9990794637405453 1.9989990728175189 2.00364591100534 2.012742553585934 2.0252689753539177 2.0397685565577603 2.0546703241751456 2.068560784028751 2.0803682553571967 2.089475891647791 2.0958025780087675 2.0998477470783716 2.1026300346867055 2.105439842057775 2.109391954518819 2.1148550687971426 2.12090645834152 2.1250219712376635 2.1232701108925753 2.111210097750354 2.0852096755848297 2.0429643973210667 1.9817134654277935 1.8950170447442571 1.7734818239125663 1.6137493479539176
