_RESULTS/REVERSE_NEW/Berg/TZ/2comp/Berg_TZ_z_90_kriged_reverse_2comp_spherical.asc
ncols 100
nrows 90
xllcorner 5.6208707817415728
yllcorner 50.959635321741573
cellsize 0.00013419651685393446
nodata_value 1.7014100000000001E+038
[rows 57 to 75 of 90, columns 0 to 42 of 100]
1.7901755518350937 1.8059096385001145 1.8222445502001499 1.8389563680325374 1.8558841414751386 1.872887686835226 1.8898103337225833 1.9064473433939144 1.9225148300343302 1.9376117276951808 1.9511693581459402 1.9623929325277523 1.9702256487604086 1.974239782172552 1.9752054818898486 1.962564264010458 1.9343605783755131 1.8925070577794956 1.83809952509588 1.7728258289963008 1.6990639739719233 1.6188988646334155 1.5340475303530137 1.445493573525656 1.3546739962156855 1.2631527376497789 1.1725796332680212 1.0848377436507812 1.0032263510661361 0.9309024062917665 0.8710210840281545 0.8287954848378983 0.8100087320091008 0.8170538923428098 0.8455956623312277 0.889874477261354 0.9447249687722694 1.0064403465851028 1.072515325729734 1.1411886036117203 1.2111231172868302 1.281219416608269 1.3472607268822683
1.7715777140646685 1.7878898221043715 1.8052686898427581 1.8234756491195052 1.8423337586609005 1.8616991137381456 1.8814307882837678 1.9013597741297024 1.9212691392994894 1.9408494980263573 1.9594904013548402 1.9762839556672511 1.9898881303346643 1.998445928103874 2.000710737138577 1.9892951480298664 1.9602966463843285 1.9160947380112265 1.858543401136123 1.7907178677933282 1.7153182690305413 1.634464423823846 1.5494271148644208 1.461785144926982 1.3731429803525315 1.285107626339934 1.199378293051027 1.117859540651017 1.0428466445691331 0.9780095701903659 0.9262988086407086 0.8909109707473445 0.8749195088024414 0.8795829581695647 0.9019555370325831 0.9384973724514323 0.9858310862508722 1.0410261671984011 1.1017956810786493 1.1663898696051478 1.2334386913735718 1.3006629753271635 1.3658439498460477
1.7541523256426428 1.7707328708438992 1.7888076689540189 1.8081423783747739 1.828564634597866 1.850211035915345 1.873014471664754 1.8966802368368576 1.920895468054879 1.9452844377027199 1.9693255504197409 1.992189271052181 2.012431826481156 2.0275278902454894 2.033720739078582 2.0234950431040106 1.9924231890015396 1.9441664452434546 1.883275231973399 1.8132994491371828 1.7368137227948788 1.6554635202969503 1.5710210263228501 1.485126090978768 1.3993527198424776 1.3152847138831334 1.2345873324569305 1.1590846311666416 1.0908390211077807 1.0322139192703241 0.986182220832051 0.9551486742229103 0.9408525114087798 0.9440426742577411 0.962497916263283 0.9935311057992937 1.0349316155716646 1.084517348074227 1.1403817097573392 1.2009385210730958 1.2637964115946154 1.3261055173837553 1.386404452533215
1.7382388512062645 1.7547922722012665 1.7732433899137725 1.793911746164936 1.8166816682414817 1.841212178920553 1.8672035431172895 1.8943857257218168 1.9225033381798313 1.9512892257567975 1.980407620604752 2.0093178804197005 2.0369209291136405 2.0606041011898375 2.0742150449605705 2.0672224096736667 2.0313502090979396 1.9767413951528905 1.9112238788634242 1.8385626426357766 1.7611289496293037 1.6802298653470782 1.5973296296454886 1.5139613748974514 1.4316239217775837 1.3518323531877574 1.2761705109284516 1.206315403690165 1.1440569627806774 1.0913281076183377 1.04997585666522 1.0218034168635122 1.008565275673288 1.0107324434876308 1.026546466981604 1.0536006631355814 1.0904047424149304 1.1353520952538532 1.1868886113331079 1.242355873290752 1.2993982286540517 1.356337091645111 1.4115988821498848
1.7241180657855137 1.740795665136365 1.7606742064189864 1.783316264850628 1.8083191249549961 1.835329293902857 1.8640384898701976 1.8941810348327308 1.9255320071502637 1.9579035540730108 1.991132580293043 2.0250406168765824 2.0592958169392257 2.0928136803500546 2.119845519970961 2.1145099766785496 2.0709667870377126 2.0104279688961357 1.940737085934302 1.8656871732302647 1.7872729639631406 1.707251670937042 1.6270193372984794 1.5473050822082837 1.4693272272250801 1.3944026066169035 1.323931135291424 1.2594043700615754 1.202396445875421 1.1545229234418604 1.1173254024740016 1.091894431599256 1.0792164343805153 1.0803976285086665 1.0942149086838016 1.1183127512878432 1.151544528058328 1.1924179296480262 1.2384512539539465 1.2878803379114763 1.3390568216415937 1.390386283788471 1.440339761967974
1.7121564590212819 1.7306216531599268 1.7522295510818555 1.776603637195941 1.8034797026649698 1.8325393704288377 1.8634416324325684 1.8958872404205591 1.9296226037094288 1.9644451395046534 2.0002082323148818 2.03682245505015 2.0742453247263146 2.1124240963051415 2.15037389591283 2.14326213570646 2.094771071951309 2.0354455066851957 1.9674526560803671 1.893156707212178 1.81594599802733 1.7381473113848454 1.661116987153216 1.5860298996585094 1.513051362067141 1.4432102521561347 1.3778290789194736 1.318280743843729 1.2659662441135007 1.2222697689842932 1.1884870083439931 1.1656037571300752 1.1542952384753613 1.1551070690821574 1.1669271962132066 1.1880211579127589 1.2170397693204233 1.2525704608648491 1.29288772847037 1.3364801056625413 1.3818350035086537 1.4274544288724786 1.4719124013976288
1.703189723125863 1.7233007296967937 1.7466970032592681 1.7729744159611864 1.8017499160988253 1.8326575203013833 1.8653456627534866 1.8994756431288249 1.934719555102847 1.9707530358531629 2.0072307755695027 2.043710818680947 2.0794123933056454 2.11210943135955 2.1337384888472326 2.1274216546198357 2.094614892297712 2.0457399877580573 1.9855018305029097 1.918497166011172 1.8473327472440455 1.7741761537544465 1.7009995906161597 1.6297941046226103 1.5619063412916463 1.497386684211515 1.437107427094959 1.3823529948025 1.334399267305034 1.2944737799982156 1.2637017598106686 1.2430260891707627 1.23302416236365 1.2338682363362306 1.2439674232535882 1.2612768204827787 1.2851625050005788 1.3148156735743692 1.349445031170595 1.387772573737029 1.428033928480343 1.4686739851292088 1.5081635239494802
1.6971224138914898 1.7186427284893324 1.7435624444655387 1.7714432283816632 1.8018497397583317 1.8343432331120735 1.8684760619441612 1.903785822182407 1.9397853005797105 1.9759388015172241 2.011603046088001 2.0458817724151013 2.0769485727510797 2.1010425265304367 2.1126226267716706 2.1056604788445425 2.080842947163718 2.044516230875167 1.9960694853325904 1.938885619441277 1.8761333138607363 1.810331141345435 1.7436223624395217 1.6778939746079908 1.6148408601770345 1.5558739121290661 1.500951152511953 1.450978542300301 1.4071671235114709 1.370614162296349 1.3422683286297235 1.3228921566889131 1.312978134130896 1.312749336755556 1.3204170210314412 1.3342619297971972 1.3539074061653622 1.3792059921629243 1.4092413930646415 1.4429342022740512 1.478829383593976 1.514784029432566 1.549287859315137
1.6938838745474312 1.7165967647875062 1.742805103206246 1.7720300880956754 1.803775441546391 1.837517432696711 1.8726957577243817 1.9087038967758774 1.9448747400034112 1.9804517790272602 2.014507361273362 2.045258550443046 2.0705783646610505 2.0878014184043385 2.093631713203362 2.0856525994802775 2.065574521027392 2.036961111995259 2.0004897246204507 1.9540456919077682 1.9007486053046627 1.843287893393273 1.7839535972039169 1.72474346151236 1.6674306432524149 1.6136117366622262 1.5644075548467713 1.5194534855130446 1.4796987679859348 1.446201872672327 1.419873687861763 1.4014512064516915 1.3914775088829103 1.3901601652564024 1.3953147530576022 1.4064113900435362 1.4232404216143502 1.445001750212974 1.470777657726043 1.49956257892449 1.5302900667494037 1.5615801176932695 1.591045128853044
1.6934379295120316 1.717148561231492 1.7444447239834133 1.774804299620967 1.8076659745191392 1.8424152361541195 1.8783722213071519 1.9147813609529294 1.9507998412459389 1.98516210428424 2.0164008732111864 2.043054111440616 2.0634005697512965 2.0754740550950617 2.077435481492592 2.0695724482786537 2.0527112187458307 2.028557775922807 1.9994629366047882 1.9638289932297683 1.9204371149365553 1.871929338477089 1.8206145693368276 1.7685258963994617 1.7174695827551192 1.6690662357755917 1.624785019489812 1.5851027087538865 1.5495995383792092 1.5192802154510516 1.4950463840840096 1.4776402812891019 1.467631129707464 1.4652988969641563 1.4692134282153162 1.4785623910350132 1.492764432736352 1.5110929618041091 1.5326996258283745 1.5566398524840885 1.5818989022752152 1.6074178338770106 1.6317513023921864
1.695776813526751 1.720310351338183 1.7485260954796922 1.7798597671354432 1.8136859512287136 1.849299757547952 1.8858463045412617 1.922179718230785 1.957141324244573 1.9894801228429257 2.0178590392325164 2.0408736564934187 2.0570853624126744 2.0651280146474122 2.0652431075145214 2.0577618477568094 2.0429359981159387 2.0219018406925096 1.996295773767379 1.9678125631269496 1.9343932021535573 1.89514990341917 1.852297212782715 1.8078179537052537 1.763489614322402 1.720914190363096 1.6815473812809816 1.6466641413123901 1.6156441215401798 1.5886683031514741 1.5666463736946739 1.550347006106074 1.540740701312867 1.5387647330524188 1.5418903361514893 1.5495330296164864 1.561169390940035 1.576136059636652 1.593643197965891 1.6127975304831283 1.632628312085927 1.6521155161523713 1.6702195025205553
1.7008523926459362 1.7260309827178733 1.754962729268128 1.787011864268437 1.8214375328132928 1.8573713235062157 1.8938023567614248 1.929576280945937 1.9634147613007908 1.9939589747391278 2.019833939914661 2.0397246203342165 2.0524586248272687 2.0579443879082064 2.0571161002640843 2.0497435160223874 2.0361706598917872 2.0172964001256632 1.994367215241254 1.9687276111056136 1.9416296661402888 1.9117560788588301 1.8776535508852346 1.8411714220926814 1.8039960235703267 1.767659861559713 1.7335673079534129 1.7030196146016676 1.6765607461442602 1.6531093518844404 1.6334307903541128 1.6186974072663525 1.6111848980358514 1.6095436818818993 1.611867396340225 1.617824974303082 1.626940342077039 1.6386075660374173 1.6520885740411735 1.6665334449970297 1.6810072262713742 1.6945209557787893 1.7060658330842453
1.7069380728000243 1.7325353133860064 1.7618904083846205 1.79434021121696 1.8290999376849124 1.8652351477012779 1.9016425490556106 1.937049809136124 1.9700470105735137 1.9991595026424176 2.0229597156671826 2.0401967692403487 2.0501886179170534 2.05428572724983 2.052511021923151 2.044919305182189 2.031991391645759 2.014554423875372 1.9936488371814456 1.9703779912532804 1.9457835090364226 1.9207695241501677 1.8952529680147503 1.8670816783551134 1.8374457440528884 1.8077566745362903 1.7793221667083314 1.7533752980637636 1.7310311168021297 1.711275552819869 1.6942603253971376 1.6827444906972466 1.6774106716536568 1.6758830893169228 1.6773993985093631 1.681694251291806 1.688343760725111 1.6967907666971667 1.7063484515212823 1.7162029188434431 1.7254453555658171 1.733106782331785 1.7381978952452648
1.7131572509312742 1.738985799308896 1.768613944205346 1.8013667592426534 1.8364347229584188 1.8728381798541989 1.9093992320779372 1.9447345232498934 1.9772891630775624 2.0054330882476723 2.027625230846176 2.042612575685177 2.050992054980848 2.053718390173194 2.0507852340995645 2.0425785617473537 2.029764691105822 2.013191216183702 1.993794603083931 1.9725129479035401 1.9502130963168427 1.9276418763867018 1.9054046468089676 1.883968688829115 1.8622321588774744 1.8395971189231926 1.81722495811722 1.7962364524573418 1.7777489486208866 1.76178567537025 1.7489224698629267 1.7409896655154455 1.7372693733696754 1.7357896793279697 1.736475318404064 1.7391346497098799 1.7434082287095507 1.7487743139463607 1.754569349050484 1.7600215880807533 1.7642382756480175 1.7662838144488855 1.7672716604488738
1.7194075861299614 1.7452594312772944 1.774989456635799 1.807929699988341 1.843270703441703 1.8800170314646283 1.9169446852367156 1.9525743411280894 1.9851878735082022 2.012929807598119 2.0340290898212183 2.0474434628008207 2.0545678381616006 2.055658806908044 2.05117040986115 2.041882845298744 2.0286957594343553 2.012523129683511 1.9942442027064184 1.9746711374677575 1.9545203088367837 1.934389061824329 1.914754486191387 1.8960692317826693 1.8784926386244682 1.862076983959916 1.8462774523419656 1.8306269456969368 1.8161169734404348 1.8043435807284864 1.7960370982530023 1.791393242213568 1.7885829500564432 1.7870593841368951 1.7868813320745203 1.7879400906659855 1.7899431624562236 1.7924179061946433 1.794724463791358 1.7961466143210938 1.7972889405054677 1.7983669052481395 1.7991559399008206
1.725597674947178 1.7512300105810075 1.7808487301123954 1.81381236591464 1.8493401288111784 1.8864595553087868 1.9239463768557723 1.9602645143356086 1.9935322723319184 2.021579443988342 2.042206217695838 2.0548270180421477 2.0604131625475177 2.0593426782506863 2.0527259197707544 2.041844277992245 2.0278555330277905 2.011736400910176 1.9943087078632342 1.9762733879061554 1.9585273158484924 1.9415666005073655 1.9255372796885863 1.9104772532687664 1.896327459783765 1.8829647933911593 1.8702693354032491 1.8582309076403216 1.8471965589726587 1.8401103750218812 1.8359523158950848 1.8328879845895665 1.829941271717999 1.8276105073050468 1.826252034370213 1.8257697277462004 1.8258305707145688 1.826590326325154 1.8279345235839506 1.829649960454931 1.8314456325832371 1.8329796302136694 1.8339032598197025
1.7316577345738375 1.7567809376473689 1.7860133659877435 1.8187563422772823 1.8542852268468493 1.8916945444955486 1.9298252005593597 1.967167566123245 2.001741981899112 2.0310075094637132 2.0520893086867957 2.0643639061798518 2.067816838534971 2.0637334432147623 2.05427015202833 2.0413114705186532 2.02621936290179 2.0099634109023414 1.993737910822678 1.9783081609107265 1.9638851889954405 1.9505818436419755 1.9384097924823651 1.9272698539615798 1.9169460530173603 1.9071199508750476 1.8974321120494198 1.8876186357876448 1.878729740323434 1.8738852237402803 1.8714332373278058 1.868162243992275 1.8645147939180988 1.8611087065469403 1.8585025783809106 1.8571532224498228 1.8573992664138304 1.8589566818508225 1.861261580412709 1.8640402470946345 1.8669032019752192 1.8693683892778892 1.8709105904573826
1.7373688064518802 1.7618272254212524 1.7903234068675045 1.8224965263031176 1.8576957309716207 1.8951188433139077 1.9337427394780418 1.9722128785419974 2.0086480153242907 2.040286544239362 2.063419303190957 2.075518564046231 2.0756793482750715 2.067321461065606 2.05429499323555 2.038988087784824 2.0229326197947977 2.0077263836573325 1.9937876498366214 1.9812745747712264 1.9702551392524914 1.9607187936024617 1.9525668182459468 1.9455899123664946 1.93944013106691 1.933612475610076 1.927474646497733 1.9204414934155323 1.9147100468207885 1.9117929743200233 1.9092053856815356 1.9051517974119316 1.9004295789793388 1.8958519478756237 1.8921156951929616 1.8897686569199001 1.8892046138848526 1.8906656572095832 1.8940822730956062 1.8983265736920718 1.9027560637705183 1.9067230579632228 1.9094681693356819
1.741377042444043 1.7662322501401484 1.7936794371232496 1.8248204365950376 1.8591888319634602 1.8960937249198 1.9346837768695855 1.973869361638956 2.012162283521956 2.0472252633911783 2.0749952106711422 2.0875219461916372 2.0818759849151465 2.0677398914894667 2.0509272135405316 2.034006623933477 2.0187073564302214 2.005311425316521 1.993900370049995 1.9844727304090255 1.9769726101489744 1.9712896119832477 1.9672413078730946 1.9645413171689268 1.9627532458087744 1.96123528037907 1.9591060903296553 1.9557659550158262 1.9534400540351586 1.9509559441916526 1.947746744457389 1.9426320957183365 1.9366237203313768 1.9307356810124274 1.9257993493070293 1.9224518898870144 1.9211469206885818 1.9221647363499734 1.9256118522601557 1.9313533395438156 1.9379262842772835 1.9441013764631236 1.9488242832625398
