_RESULTS/REVERSE_NEW/Berg/TZ/2comp/Berg_TZ_z_0_kriged_reverse_2comp_test2.asc
ncols 100
nrows 90
xllcorner 5.6208707817415728
yllcorner 50.959635321741573
cellsize 0.00013419651685393446
nodata_value 1.7014100000000001E+038
[rows 0 to 17 of 90, columns 0 to 40 of 100]
0.016673590562791232 0.016673759361254994 0.016673978845265707 0.016674256037930782 0.016674595669301982 0.016674998842771134 0.01667546177682385 0.01667597487780322 0.0166765224298738 0.01667708317275915 0.0166776319666923 0.016678142613827666 0.016678591711623975 0.016678963135806624 0.016679252328656885 0.016679468878961465 0.016679634721694057 0.016679773398493535 0.016679882965707583 0.016679881270648747 0.016679507873017713 0.016678163165749153 0.016674664827228836 0.016666908758797068 0.016651441692054653 0.016622991615363035 0.016574063668997382 0.016494789374050387 0.016373297194181863 0.016196911338164276 0.01595442083066489 0.015639431134059516 0.015254411029215972 0.014814598219564275 0.014350692986485773 0.01390954810484968 0.013552947543017004 0.013355753279913814 0.013405588701438247 0.013806306962435266 0.014686641479560728
0.016673974468180683 0.016674298504689006 0.01667471911466982 0.01667524951310153 0.016675898519267537 0.016676668024849288 0.016677550601341823 0.016678527726359416 0.01667956916590885 0.016680634024387332 0.016681673855694003 0.016682638026624348 0.01668348125974088 0.016684172971782756 0.016684707638318592 0.01668511484503994 0.016685466702966074 0.016685878563314084 0.016686496072977848 0.01668745729353943 0.016688813029759712 0.016690382716367577 0.016691519619070453 0.0166907619616036 0.016685362052039236 0.01667072091753459 0.016639817724208937 0.016582811904279786 0.016487097941846756 0.016338170205132476 0.016121639915129937 0.015826554701797814 0.015449757406715009 0.015000464637756955 0.014503814352661504 0.01400220620262972 0.013554070319995237 0.013231035959175892 0.013115662729877839 0.013302237877631996 0.013902379855898681
0.01667468292172242 0.016675290503377203 0.016676077614084 0.01667706846824912 0.016678279058339924 0.016679712472168748 0.016681354462009162 0.01668317014013144 0.016685102776561274 0.016687075624703073 0.016688997485679025 0.016690772373253664 0.016692313227295467 0.016693559225558707 0.016694495901770835 0.016695176925589448 0.016695745797443314 0.016696454417075637 0.016697672902119542 0.016699880581035085 0.016703621525849553 0.016709399919188208 0.0167174829865061 0.016727576176830718 0.01673834306070608 0.016746769395604058 0.016747425965313735 0.016731774054621496 0.016687776173452507 0.01660019567207958 0.016452029326151345 0.01622741839424533 0.015916030244947508 0.015518294172636678 0.015050218166700921 0.01454623160265627 0.014059010858846335 0.013656570285774678 0.013418440722823863 0.01343359601918544 0.013802349215109151
0.016675960559641344 0.0166770735704656 0.016678512235136028 0.0166803197528051 0.016682524316861777 0.01668513067938557 0.016688112161979827 0.016691404666843466 0.016694904413146958 0.01669847102010676 0.016701937157678717 0.016705125351650817 0.016707871809708206 0.016710056523556033 0.016711638563964012 0.016712695447438343 0.01671346549252879 0.016714391655015013 0.01671616358402959 0.016719750585544913 0.016726411038128955 0.016737653551386348 0.01675511317131664 0.01678029564973354 0.016814140136539847 0.016856364131732637 0.016904594695095358 0.016953367505674305 0.016993196515396172 0.017010072579519288 0.016985897711708886 0.016900410494334706 0.01673497281474442 0.016478059810793387 0.016131481666405746 0.015715619168264965 0.015271846408913218 0.014861246583739097 0.01456045215718827 0.014457004074173115 0.014646981881314953
0.016678213036223254 0.016680205508226017 0.016682774454996042 0.01668599490348309 0.016689915158810326 0.016694542003491596 0.01669982667152686 0.016705654288867184 0.016711839755205616 0.0167181328365904 0.01672423450103261 0.016729825369778448 0.01673460584649975 0.01673834640785468 0.016740946068887562 0.01674249737797888 0.01674335729250439 0.016744224285558433 0.01674622186920735 0.016750985880081025 0.016760745904659126 0.016778379339591133 0.016807400392116513 0.016851828466889915 0.016915865911245442 0.017003311540913658 0.017116653747804973 0.017255837848770182 0.017416801134082036 0.017590027589496727 0.01775958699347107 0.017903338799358955 0.017995071921618522 0.01800912016170349 0.017927279414157032 0.017746745537585443 0.017486798098849888 0.01719185097058356 0.01692973759014878 0.016786232309529317 0.016858516582690244
0.016682096570556488 0.01668558327829488 0.016690066055038706 0.01669567175227071 0.016702480796726055 0.016710501894480145 0.0167196480458356 0.016729718416200138 0.01674039107445478 0.016751231231644036 0.01676171829926003 0.0167712930069938 0.01677942343190729 0.016785686775310036 0.016789862810493626 0.016792035627361212 0.01679270261695529 0.01679289281667876 0.016794299209123592 0.01679942915956091 0.01681177161787338 0.01683596738937936 0.01687794956696335 0.01694499704996061 0.017045618994389923 0.017189167665767786 0.01738506822829877 0.017641565254463663 0.017963931465647807 0.018352189100946145 0.01879859257947974 0.019285435932046503 0.019784138948869476 0.020256855698313 0.020661707285348718 0.02096183106353362 0.021136771807768344 0.0211930072348949 0.021169813638033535 0.021138088467970592 0.021192639558894482
0.01668864711455059 0.01669461367247877 0.01670226058602227 0.01671179668534797 0.016723352130899136 0.016736936291416215 0.01675239776377581 0.0167693940149575 0.016787378900041804 0.01680561567115907 0.01682322085065167 0.016839240726213376 0.01685275795740599 0.016863022003369577 0.016869595099034233 0.016872506377563566 0.016872410773334012 0.01687075571328632 0.01686996522180959 0.016873654866002608 0.016886888672134125 0.01691647829750535 0.01697130475152971 0.017062615603015988 0.01720421949232288 0.017412468524807097 0.01770588912020713 0.01810429164180764 0.018627158997977577 0.01929109975407359 0.02010620234585899 0.02107134176264337 0.02216898842817626 0.023360888301167376 0.024586897661735888 0.025769641941281427 0.02682667031752212 0.02768896976902708 0.02832095197612715 0.0287346192525177 0.028991795934821204
0.016699461201468313 0.01670944966684018 0.016722206878714844 0.016738067754586642 0.016757237232347358 0.01677972190257281 0.01680526497372162 0.01683329656108922 0.01686291260327362 0.016892894746208552 0.01692177989520787 0.01694798206648677 0.016969961734332704 0.016986430903675145 0.016996577895184623 0.01700029632265096 0.016998408909561908 0.016992887797864103 0.01698708600644539 0.016986005341391684 0.016996629672996567 0.01702834571065785 0.017093455625154314 0.017207759768807764 0.01739115804807646 0.017668188464224785 0.01806838745089623 0.0186263038173474 0.019380899933073015 0.020373904833729372 0.02164645264558124 0.023233146219134772 0.025152785854118023 0.02739580495896493 0.029910319409647636 0.03259145768361177 0.03528102712584081 0.03778419952248856 0.03990461286948637 0.04148980709821233 0.042470441538026475
0.01671694166978551 0.016733308144925668 0.016754132952155006 0.016779939909437675 0.016811043560968054 0.016847440931070407 0.016888708099980415 0.016933920311890217 0.016981616629993108 0.01702982893288815 0.01707618947008406 0.017118121371320127 0.017153103872395686 0.017178991430254933 0.017194357175068484 0.01719883002523911 0.017193403466840437 0.017180711806823 0.017165292645593924 0.017153875870357972 0.017155752721059393 0.017183278774620687 0.01725255189873353 0.017384285395463456 0.017604875996390892 0.017947652484486955 0.018454279684436865 0.019176260161342606 0.02017636818355219 0.02152958011063781 0.023322527718063056 0.02564964139223485 0.02860313208543442 0.032253434856996575 0.03661801090518756 0.04162104325694244 0.04705495199731635 0.05256383630056089 0.057671544892661325 0.0618646531592942 0.06471277643632374
0.01674462162197272 0.01677088489628491 0.01680416918962785 0.01684527489065435 0.016894674281619216 0.016952344143373727 0.01701760453950061 0.01708899218463312 0.017164200997673497 0.01724012142146272 0.017313002140987337 0.01737874250789545 0.017433302960442876 0.017473198304998425 0.01749602136676629 0.017500939179620156 0.01748911532683136 0.01746404020394221 0.017431789867399475 0.017401273295193764 0.017384556187940402 0.01739735980287913 0.01745982632632091 0.01759762704094116 0.017843480842193213 0.018239162543272267 0.018838116361929117 0.01970883018350644 0.02093911030797843 0.022641195996933223 0.024957028868359158 0.028061567289731325 0.03215943265320435 0.037466591711777596 0.0441660967415783 0.05232949814106347 0.06180892666668677 0.07213065593791752 0.08244956214064177 0.09163088647541648 0.09848411788818127
0.016787578872236465 0.016828882274267938 0.016881010534336025 0.016945161875095958 0.017022034031890204 0.017111570918111607 0.01721271541187703 0.017323210204508298 0.01743949652631249 0.017556761134473027 0.017669171717413053 0.01777031785216839 0.017853840207016174 0.01791419103782831 0.017947435210276134 0.017951986115803446 0.01792918502883203 0.017883677241140344 0.017823604095847812 0.01776069858346633 0.017710423884766142 0.017692316998118 0.017730694587600182 0.01785586053099513 0.01810594845172629 0.018529562635993257 0.01918946355832666 0.020167679431720126 0.02157258573428236 0.023548595529967895 0.026288891335777068 0.030050419114266588 0.035166751906428394 0.04204677308669841 0.05113609814751019 0.06281089394016849 0.0771849001323037 0.09385387521097709 0.11167336863186972 0.12872770336486433 0.1426309960662878
0.01685295073804258 0.0169166643583076 0.01699674062602763 0.017094944452896287 0.01721229875090333 0.017348708146679166 0.017502584308526827 0.017670533100321028 0.017847178816927534 0.01802520628170468 0.018195690607061898 0.018348751243443834 0.018474511032492934 0.018564270928408115 0.01861174587507629 0.018614172231141427 0.018573113426490977 0.01849486375692099 0.018390463753531535 0.018275460244890122 0.018169633168633743 0.01809694690351566 0.018085968380706918 0.018170952327231656 0.018393762500830628 0.018806812157743522 0.019477292995588275 0.020493139952829892 0.021971490842257354 0.024070941014867224 0.027009723807826486 0.031092474613148784 0.03674575723139319 0.04455152050240123 0.05524440283193703 0.0696124555968357 0.08823956678787366 0.11108509256472934 0.1370162421758899 0.16353890208636596 0.18701445596059674
0.016950555815753 0.01704705544549859 0.017167849393386857 0.017315510349499595 0.0174915431001936 0.01769583380393116 0.01792608557885505 0.01817732443375965 0.0184415883868052 0.01870793040185627 0.01896285886009396 0.01919129380418871 0.019378026859275293 0.01950954838349028 0.01957598022019902 0.019572775638576654 0.01950186469571689 0.019372048115847983 0.019198645035440515 0.019002612185991846 0.01880950176753553 0.01864867021265331 0.01855309593016674 0.018560055641488805 0.018712803572204246 0.01906333967124602 0.0196763629804039 0.02063460726283797 0.02204607560599456 0.024054679884541023 0.02685832500060262 0.030742646460964276 0.03613960146083412 0.04370538463762906 0.05437319231599145 0.06929044237121293 0.08953929069329605 0.11561023844658573 0.14675823867067794 0.1805252881757879 0.21275500151088816
0.017093626481211797 0.017237302564568596 0.017416493838454346 0.01763493926669972 0.0178948879152718 0.0181963006561746 0.018535999858125884 0.018906880925061733 0.01929735427064999 0.019691231148110954 0.020068275651326323 0.0204055871478689 0.02067983159046165 0.020870117651163766 0.02096107293070558 0.020945514129584477 0.020826118470251093 0.020615727274900946 0.02033628560611654 0.020016806135832527 0.019690995453427527 0.0193952197671742 0.019167336430863064 0.01904666986026625 0.01907516536493523 0.0192995687503256 0.01977435521914594 0.020565080478177903 0.021752108471348352 0.0234363159499027 0.025753478229067525 0.028912845897800372 0.033277194964990764 0.03947431862433819 0.0484757685651602 0.06154231448763293 0.07994698282735614 0.10447067111649269 0.13482925782996244 0.16926352375867165 0.20442363712759345
0.017299654898603467 0.017510234220237838 0.017772084117493366 0.018090668562339804 0.01846944046567831 0.018908688605930646 0.01940424878933731 0.01994622853370276 0.02051799693871897 0.02109579198891854 0.02164934806088404 0.022143881090200393 0.022543533027676765 0.022815974973500148 0.02293740372379397 0.02289683506903367 0.02269860180738879 0.022362385130338586 0.02192081778341569 0.021415405649712768 0.020891927182619518 0.02039645442043756 0.01997277368115568 0.019661474033585192 0.01950051042579573 0.019526721713019096 0.019777574499984935 0.02029233768920444 0.021112458133054537 0.02228382073566144 0.02387149165197947 0.026007458126453872 0.028982899612141066 0.033348930527458034 0.03994587475604692 0.04979873356619251 0.06386736836400707 0.08272925982465017 0.10636140719159382 0.13404526437015024 0.1642158294689612
0.017591357634101357 0.01789566760164518 0.01827332670318907 0.018732432241559672 0.019278463648642132 0.019912611764197924 0.020629803241794278 0.021416607896617607 0.022249405067843078 0.023093395925737736 0.02390319481898053 0.024625679255193732 0.02520539459962116 0.02559207311311371 0.025748924551567805 0.02565968500500791 0.025332403435533335 0.02479877373670155 0.024109204567450932 0.023325137042513634 0.022510779217883 0.02172621947901012 0.021023053691350505 0.020442678606162175 0.020016645191316036 0.01976806452547374 0.019712970064266734 0.019860819370126005 0.02021466437372092 0.020775758966581664 0.021565328598146 0.022678433919229652 0.024358348609104654 0.027032833141313384 0.031257194069803526 0.037577443676127406 0.04639398514072853 0.05794512159192694 0.0724260220136497 0.09003984058586244 0.11080906996162572
0.01799776880287108 0.0184321434930451 0.018970922209422772 0.019626357763765735 0.02040743653425472 0.02131743408121923 0.022350840702721815 0.02348987912459233 0.02470117783424133 0.025933587714650805 0.02711848163596517 0.028173884617143107 0.029013150670348854 0.029557532247564897 0.029750222882284582 0.029568113929842897 0.029027510171539664 0.02818174685164321 0.027111397778912204 0.02591021061803203 0.02467087529295671 0.0234739724334024 0.02238165288649465 0.021435787696487626 0.020659198928548037 0.02005828487902497 0.019625712997617766 0.019342827466425204 0.019183541317274264 0.0191254710383193 0.019177184765456733 0.019420838633807974 0.020039507752486686 0.02128415850176976 0.02338459931761189 0.026480457015572785 0.030658783505376173 0.03609250301931637 0.04315264582280113 0.052404162895855366 0.06451013485087417
0.018555473271645716 0.019169093128807425 0.019931186719993534 0.020860759505073694 0.0219729608565369 0.02327545161347623 0.02476353326064982 0.026414273871556395 0.02818048021956229 0.029986199224212983 0.03172621189853021 0.03327216448914773 0.034486914065734814 0.03524606370116788 0.035462182664902156 0.03510457242937114 0.03420759390606636 0.032864168759209854 0.03120656340355323 0.029381025024384194 0.027524005680192174 0.02574550750315909 0.02412131559067034 0.02269268363914686 0.02147054307085146 0.020441473508289676 0.019573884629762405 0.018824636432549318 0.01814850030531681 0.01751446484372556 0.016929538716796238 0.016456811334744734 0.01620135293139727 0.01625884224080204 0.016674035055071215 0.017466476686057136 0.018711303162747696 0.02060185747937494 0.023467115980188646 0.02778449154091864 0.03421007608260493
