_RESULTS/REVERSE_NEW/Berg/TZ/2comp/Berg_TZ_z_250_kriged_reverse_2comp_test2.asc
ncols 100
nrows 90
xllcorner 5.6208707817415728
yllcorner 50.959635321741573
cellsize 0.00013419651685393446
nodata_value 1.7014100000000001E+038
[rows 20 to 39 of 90, columns 0 to 42 of 100]
24.207600746304806 24.160853910273076 24.102837336911477 24.032625245972618 23.94988648467388 23.85511588846228 23.7498398950352 23.63675854641134 23.519785384287104 23.40395287834335 23.295164998461797 23.19980082635906 23.124202507185068 23.074112642894285 23.05415123097039 23.06742901512199 23.11537450527382 23.19780656721864 23.313223567304224 23.45921871045301 23.632883846111124 23.83104260363568 24.050170349970394 24.285929237608116 24.53239433200848 24.78129688921834 25.02195135167152 25.24275821828669 25.434577149471167 25.5937564862093 25.719091444095216 25.799139966231362 25.799885908990756 25.67174386018279 25.375425835366155 24.902715401424413 24.279828064936396 23.560798812812475 22.817082781417582 22.124971540836164 21.553497360282403 21.15553298495426 20.96279218707647
24.174500344124723 24.117721572894524 24.047708429966463 23.963512473751294 23.86490726866525 23.7526450093742 23.62867654223163 23.49629293767931 23.360148113060756 23.22612975049425 23.101059984754084 22.992229299634936 22.906798172008553 22.8511383661639 22.830218184889954 22.847146504734017 22.902966885019687 22.9967380184016 23.12586712430036 23.286599029193976 23.474520071852123 23.68492110958495 23.912886805298665 24.15305244656517 24.399108360854484 24.643331159448937 24.87660544008227 25.089313887889613 25.272642777685228 25.418188007458735 25.51325118107996 25.533693639694743 25.44338243283284 25.20633887814883 24.803601010568958 24.24315454653194 23.561195238762004 22.817229304190292 22.08427156514287 21.43669138473815 20.93929136928035 20.63972408468309 20.56423520053789
24.13714835941858 24.069397903617602 23.98640373371682 23.887251792148977 23.771895757010547 23.641435514103584 23.49834304843423 23.34658982466066 23.191635713042608 23.04025107330331 22.90015757705214 22.77949160440937 22.68612374477803 22.626911338234528 22.607003780651656 22.629335252856315 22.69440804128956 22.800399972959152 22.943550756166754 23.118720704198985 23.31998116445047 23.541088916430724 23.77572104876092 24.01741378875231 24.259264690028235 24.49359807917335 24.711861793356995 24.904814914962763 25.062404069630066 25.17205394249316 25.21506801638958 25.16439594008621 24.98900728492297 24.6649402605793 24.186481512703782 23.572368318047733 22.86619580329732 22.13109542385522 21.439884485232575 20.863840234827855 20.463205574098104 20.280721902282796 20.337703779454877
24.09601948369077 24.01652184110305 23.91976062099051 23.804917185058454 23.672209750394103 23.523193681789003 23.360985475432397 23.190357588900394 23.017666949396254 22.85060128370117 22.69774249488677 22.567955693936533 22.469634599019965 22.409882972528315 22.393768210797525 22.423801217956825 22.4997493319034 22.618798952886618 22.776000833896703 22.964883189996545 23.178101202538038 23.407991871448917 23.64692164338589 23.887365184623366 24.121741879441924 24.342130469208318 24.539993149623342 24.705846274837363 24.82843890723806 24.892975393309786 24.879160298899553 24.76187421460398 24.516909936496518 24.130125088018964 23.605616564510026 22.970019591434287 22.271815606451597 21.575457367008262 20.951937369733816 20.468774261813234 20.18179585687632 20.129386805894388 20.328428255705205
24.051890099058035 23.96006359406943 23.848948605859345 23.71787127844516 23.567395393879995 23.399655045000117 23.21857632690303 23.029917890138268 22.841094330000885 22.66079230268085 22.498413957656968 22.363376532131202 22.26429834341568 22.208149604914965 22.199516145900823 22.24013921223258 22.328820612957376 22.46167119145317 22.63260700612301 22.83398160200791 23.05725057867865 23.293566286797095 23.53420248049876 23.770736708790356 23.994980936297317 24.198717323827836 24.373296804961175 24.509036493212992 24.594212756036633 24.613704246543893 24.548351110681576 24.377030049716726 24.082390009603035 23.6584185552056 23.116727041344056 22.489414215692815 21.82745882863651 21.194736688292622 20.659380477595345 20.284974743165378 20.123305971804932 20.208882041077782 20.554284162710765
24.00585121516255 23.901327099164664 23.775446741291397 23.627693675398515 23.459032833652806 23.27230939488791 23.072488669246237 22.86662169300148 22.663487202786055 22.472965726436588 22.30526499579722 22.17009104292088 22.07580942620398 22.028660652679346 22.03216216791746 22.08683118225977 22.190260061181423 22.337462778181596 22.52137992267264 22.73346566682172 22.964308113901495 23.204220020488712 23.44370850183068 23.673734035877086 23.885713772439512 24.071281693706258 24.221835132987906 24.327853057904854 24.37797595992925 24.35815237264802 24.25184875018263 24.042653713241737 23.719535650522424 23.28310898289251 22.750508160185007 22.157144500857477 21.55456740925839 21.004766341668322 20.572468062092234 20.317378886916778 20.287544343542674 20.51371167537554 21.00365544949321
23.959301597486057 23.841940733033372 23.70102491310851 23.536136796983236 23.34863915952931 23.142215975957576 22.923195108292234 22.70042929022173 22.484626834922864 22.287262188782933 22.119377724854754 21.99055023012259 21.90811990506563 21.876683793532916 21.897877360572533 21.970458140679455 22.09061339167686 22.252359065061476 22.447954642145888 22.668349066648503 22.90369197263017 23.143884145654916 23.37907047257267 23.599958204514046 23.797882023940357 23.964600735648066 24.091853528946956 24.170719210850088 24.190892425777065 24.140261571549193 24.005598743267388 23.77522474052982 23.44361679339579 23.016569094964545 22.51496980630586 21.975785387000343 21.449732757371514 20.996081393528435 20.6758658695978 20.544942889740252 20.647608902799234 21.010389509590894 21.63473806559892
23.9139136768382 23.78383473008934 23.627742771956235 23.445153628115555 23.237724372465063 23.0100778086087 22.770348921096403 22.529998895907045 22.302620906798477 22.101981032411576 21.94001555519359 21.8254800695274 21.76347225014474 21.755627190124837 21.80067340629036 21.895079635093897 22.033577647164933 22.209463950983693 22.414758148473073 22.640395115581736 22.876575334831305 23.113258272223426 23.340670668797976 23.54967389073634 23.731882252908644 23.87950339327168 23.984940917151533 24.040252284097214 24.03664242521923 23.964367000961285 23.813653200205355 23.577182769376307 23.253998933708246 22.85371566746612 22.3994616953654 21.928392035070313 21.489406240523472 21.13851398959014 20.932838199660235 20.924230146680337 21.152782870681296 21.639416317921725 22.375342253715562
23.871559719697856 23.72919272781428 23.557962302939337 23.357020281414805 23.128079988586766 22.87674754725747 22.613539281486695 22.353689880826256 22.11510452410615 21.91486753170125 21.765830340731256 21.674828278034745 21.642955660990765 21.66717511702535 21.742187599696113 21.861792285868475 22.01945407233613 22.208230138605458 22.420458423814882 22.64759791025643 22.88039996051637 23.109353698170942 23.325213867337702 23.519409295605996 23.684201974794412 23.812566765533997 23.89785151177245 23.93334834145468 23.91198484880835 23.826458982967353 23.670243208981972 23.439779517093502 23.13769994689643 22.7762136449386 22.379425574794126 21.983608023653424 21.635114117534183 21.386288680269306 21.290086858342626 21.393921560627337 21.732374800724187 22.31675318882799 23.117126605905653
23.834180513011283 23.68034703837045 23.494330124325362 23.274503510965967 23.022265746497965 22.74417877106946 22.453810629447112 22.171640034903252 21.921697622162046 21.725620003340666 21.597040808848625 21.539334623281242 21.547387180220504 21.611592077345808 21.721624016353687 21.86851526398926 22.04491376135207 22.244263095610297 22.45981442033451 22.684066186383024 22.908781346901332 23.125414924670146 23.32567002655739 23.50193540464657 23.64746447630184 23.756276758116314 23.82286563666435 23.841871312452934 23.8079338907409 23.71598976562253 23.562286497247964 23.346274904436832 23.07320706370907 22.75681013022789 22.421111315481127 22.100611405221873 21.83848325584488 21.682981147122714 21.682402330777954 21.878382292394086 22.295761873643478 22.925246765316952 23.697155216233813
23.80357970229083 23.63957323161336 23.439637133068057 23.200908040477692 22.924033535408043 22.61645164352806 22.295460227958365 21.988317302271405 21.72701775518967 21.538858443630183 21.437857879441342 21.422149623714947 21.47817404843077 21.58808900013857 21.735916456314968 21.910150158835336 22.103234830946423 22.309634583069425 22.52403372346094 22.740393648961525 22.951873316049156 23.1512750091524 23.331630961635312 23.48664852110668 23.610877611061195 23.69960353990608 23.748577148989607 23.753762729078733 23.71131327973063 23.617978088615775 23.472101611052885 23.27525350621392 23.03430891961347 22.763517138387122 22.485899112254543 22.23335467721558 22.04513327493244 21.964562547995513 22.033653242993143 22.28398288095546 22.720948626323175 23.302558775209114 23.936210830342773
23.7811418453296 23.60874997715951 23.39644990584139 23.139760823897493 22.838215925048182 22.500067631103914 22.146903034403337 21.813948254212036 21.54242524503483 21.36579370715272 21.297758231173336 21.32963631267255 21.437803775164248 21.5952481699541 21.78026752807351 21.979289082505083 22.18514380595841 22.39379147009274 22.601692467249038 22.80455520166381 22.997225217367408 23.174173659954196 23.330102775874362 23.460364599521615 23.56107329943956 23.628946620239518 23.661021763177146 23.65444488823148 23.606531359803434 23.51524761693677 23.380185841289265 23.203988588634527 22.994029392513564 22.763990560147075 22.534867214930753 22.334934270820668 22.198288963460868 22.161420084315147 22.256436127721887 22.498876673274186 22.872666957200487 23.33369911618794 23.870941281304688
23.76750244696887 23.588899500238977 23.366480243527818 23.09397548738062 22.769676231187596 22.40270864240285 22.019279370417426 21.66300827535794 21.384444100422357 21.22269656759192 21.190203136774507 21.270559919609823 21.429647641821553 21.631445341528366 21.84906854866862 22.06745473367008 22.28021409302374 22.48500229429367 22.680168886657356 22.863298044419437 23.031117970535277 23.18003608320676 23.30673597216613 23.40852254218153 23.483321706220444 23.529413222131527 23.545085429857888 23.528432367219633 23.47747211966436 23.390680696866426 23.267939391353615 23.111795624131283 22.92883467802054 22.73086311765556 22.535549240238854 22.36616912217415 22.250059042033428 22.215008662790854 22.282479578217416 22.459634643441547 22.744880022270713 23.171312500773894 23.860816844711476
23.762229482149802 23.579695084578677 23.349807835028315 23.064624765222984 22.721414748068224 22.330449519984874 21.92262920041199 21.549443696355166 21.269469974715392 21.125829505139563 21.12855967402912 21.253473591452877 21.456859502100983 21.694979175391662 21.936851924449147 22.166515548352162 22.378504073124883 22.572088377546333 22.74740491649336 22.903901523467727 23.04030028799075 23.15516837824955 23.247470142563195 23.31678134254981 23.363101419473313 23.38639933509879 23.38614585066783 23.36108697604753 23.309414755709327 23.22935985454224 23.120126859894828 22.98302650884219 22.82260524269847 22.647528365556628 22.47097599018348 22.310389786792797 22.18649341157677 22.12158396696523 22.138315856302455 22.265681852268415 22.563977429590697 23.15340838086501 24.16447277077922
23.763582522314508 23.57906136226865 23.344192912615146 23.049749271576648 22.692558793778943 22.284568626216174 21.861277863359206 21.48073863077893 21.20711760733057 21.085031467024034 21.120852771462474 21.283170531719662 21.52054633871173 21.783618297214762 22.038770753396022 22.269736287625683 22.471952571548997 22.646043116887014 22.79368453676014 22.916070896113613 23.013957518865418 23.088259031342854 23.140526648182906 23.172971766331262 23.187996183499077 23.18743956731023 23.171900271076463 23.140451916085773 23.090891519478934 23.020448962645514 22.926777835187163 22.80903498372305 22.668874703775632 22.511213988863684 22.344737696238283 22.1823986174775 22.042610975516002 21.952362145942804 21.954380386785797 22.12072687962759 22.56397688786878 23.403741441612468 24.649366939586987
23.768381663567542 23.582953632249758 23.344689123923075 23.04366579291565 22.677152083644703 22.259562095986663 21.83089752521232 21.454088666455117 21.19588392430454 21.099444292247682 21.16610198176689 21.357965412712034 21.618057720197186 21.893766506803775 22.150444658260984 22.37214134496332 22.555153745425578 22.701155208569144 22.813063524976336 22.89363697380941 22.945637885716334 22.972474048635856 22.978599802189095 22.96930468778208 22.949852164765424 22.92427103649897 22.894322146754252 22.85910047563167 22.815411777423897 22.758725583347967 22.68437386355495 22.588736106007033 22.470289540573432 22.33055134696277 22.175201756439193 22.016174514625448 21.876048518665325 21.795856855948433 21.845052569674607 22.125588473330424 22.748558825503114 23.758273289156694 25.043206323297706
23.771957294780545 23.585297565139285 23.343588071570228 23.036939951492666 22.66417863647112 22.243231523845367 21.81865876221124 21.456601680872108 21.223348169595504 21.157617826715107 21.254238100073906 21.469396135010946 21.742534489928776 22.019977862415377 22.267572583039783 22.470334349356126 22.62545786869382 22.735435934961377 22.804150920282737 22.835707087605776 22.83477042235887 22.807308514780857 22.760967245959872 22.704627769217677 22.647054208530687 22.595021835344504 22.551695530084206 22.515983069440086 22.483083560646158 22.445878670377652 22.396595419847262 22.328346732821235 22.23648042674534 22.119978883754488 21.98353298537773 21.841421145167192 21.72439436154636 21.68877086117926 21.821191991855184 22.224427570949466 22.9681696265965 24.016738330950115 25.213217976824758
23.76809991503269 23.57797364462194 23.33053845622418 23.016818556099462 22.638558574075653 22.218503063505427 21.80602301250149 21.468972397337637 21.270339946600455 21.2415801899731 21.369501672299364 21.6046071142081 21.88424511667645 22.155454797465573 22.38589736598763 22.562211563955696 22.682646261031554 22.750406240325503 22.770122846713285 22.747002839870202 22.687406779793495 22.59977796709274 22.495116880868345 22.38640167057817 22.28670970296058 22.20644957880971 22.150787063145035 22.118453616105636 22.102428919171523 22.09201411551677 22.07533908219068 22.041606070071637 21.982977147832976 21.896561153184084 21.7873957827569 21.673591972223555 21.594032328064365 21.615308740662257 21.827580651870026 22.315088971892013 23.10047205835645 24.10275414754733 25.17732394920456
23.748922822171256 23.550718779126818 23.29264887087815 22.967812655172747 22.582579896139066 22.166056941136596 21.772731893130747 21.470663984860813 21.316796723314752 21.332648007084444 21.49551424601885 21.75023274905325 22.033161291639193 22.293464082275378 22.501738755230182 22.646894317777146 22.72849496798319 22.750472918278835 22.718066316800616 22.637324931140526 22.51596908157839 22.364608293361947 22.197502518347196 22.03207213638141 21.886595718457926 21.776342929438655 21.709534847762775 21.68506180263162 21.69309572220867 21.718118042872767 21.74280771473621 21.751457325946237 21.73261967001312 21.681638477445187 21.604211081461248 21.522029586372664 21.479924033703984 21.54919946853068 21.81545119627229 22.340900585167102 23.114915327842763 24.0429101350844 25.00998463882947
23.704617465046248 23.490936749650324 23.214579780748306 22.87240922579043 22.47759419725552 22.067249034047595 21.700945810871428 21.44497225452224 21.347251011194853 21.4167592362851 21.61995463417884 21.896100596422034 22.18159009201315 22.42897153886103 22.61278912750209 22.72485544104948 22.76637772055714 22.742128962123207 22.657892356691843 22.52031818031491 22.338058974535365 22.123349217020056 21.893274199081233 21.669723046284307 21.476941637373415 21.336446477710027 21.26088512875955 21.249868765849147 21.290148678703922 21.35991649870067 21.434765186619643 21.492838430000322 21.518409823907223 21.504781595035734 21.458007082578543 21.402426533798373 21.38670374244615 21.483893550109435 21.77386914345058 22.302738251388167 23.042346969332918 23.899773546101848 24.78584133437874
