_RESULTS/CROSS_VALIDATION_POSTPROCESSED_CLR/Berg/TZ/9comp/4/Berg_TZ_z_90_kriged_reverse_9comp_spherical_4.asc
ncols 100
nrows 90
xllcorner 5.6208707817415728
yllcorner 50.959635321741573
cellsize 0.00013419651685393446
nodata_value 1.7014100000000001E+038
[rows 57 to 75 of 90, columns 43 to 85 of 100]
-0.38139020487979325 -0.43147082641266077 -0.4791194992105323 -0.5153574052281851 -0.5288658792144736 -0.5132154554583028 -0.4759248302871859 -0.4288948388428957 -0.38023250096852945 -0.33265243688843094 -0.2904066635957243 -0.24977693965129943 -0.20651350030514104 -0.15883695710787626 -0.10587058922427661 -0.050123991428505876 0.0079116654515059 0.07583464885058833 0.18736917520036545 0.35813744348593635 0.5410976653364323 0.7114750314912243 0.8604936392903456 0.9868009658307653 1.0955050140128646 1.1848965478601448 1.2538194752790752 1.3021131516935551 1.3307005543416435 1.3415988000960433 1.339188152305716 1.3271233937612779 1.3059738853515184 1.275979497278631 1.238620603647145 1.191558121516631 1.1352091979460601 1.0732899912329708 1.0149104246900298 0.962193699561101 0.9167425907846696 0.8801737756950154 0.8541309000233351
-0.2517825930757642 -0.29372214441936806 -0.33309781973623975 -0.36401175848335665 -0.38143927565702707 -0.38167852486532694 -0.3666220435132963 -0.34351573646610944 -0.3167293240590252 -0.28883552919777555 -0.26440816297213243 -0.2457988024697375 -0.2247766652551999 -0.1993199336933078 -0.17193585075334106 -0.1436301191725473 -0.11734235059038767 -0.09601856072509318 -0.029455840596127825 0.16973399570064718 0.3552865100621877 0.5219255372409533 0.6662334584510394 0.7908140496307781 0.9000364216904011 0.9925367879637856 1.0675851239338758 1.125212656222225 1.16627501260338 1.1924281023432934 1.2047141429815444 1.203678907549329 1.1924547806910806 1.1731430713416593 1.1441320105246084 1.1051104854561034 1.0571896362780064 1.0037928365159254 0.9541424730691953 0.910468845130317 0.8743680863541851 0.8474479623113575 0.8313373309658081
-0.11872945856047057 -0.15403267845666657 -0.1878726895291496 -0.21639387298195079 -0.23678171858518615 -0.2484681359370593 -0.2511784225018949 -0.2479407803297604 -0.23988346182296083 -0.2300331724569673 -0.22250830465895377 -0.2190112315172985 -0.2156407520646617 -0.2067782518966581 -0.19473341522816412 -0.18146716786547 -0.16735932327585012 -0.14539731155084712 -0.07318346697017564 0.07455643870985151 0.23562488197990417 0.3860284653990983 0.5188210698489265 0.6379816016068846 0.7449661740254372 0.8384161913399168 0.9176431872391366 0.9823795191215425 1.0320399759345595 1.0671491728667062 1.0888084646923526 1.098515680817188 1.0980239300603478 1.0866728152645635 1.0641945558784203 1.0322817800850363 0.992038455645992 0.9469460441270315 0.9060913956050566 0.8715961374406627 0.8450305066632193 0.8279793538749409 0.8220305976565337
0.012716584059849323 -0.017301239766806198 -0.047384058886264624 -0.0749441006806868 -0.0982898611087677 -0.11722581658030395 -0.13321694862437594 -0.14603153549526904 -0.1536661921760396 -0.15928468027984755 -0.1640799477940742 -0.16931387835621803 -0.17673883040085103 -0.1815004504718889 -0.18026126228903183 -0.17341881298235107 -0.15835101120939132 -0.1255780347420974 -0.05750759086551027 0.05016355567273456 0.17675065253476374 0.30283289463718976 0.41939611574601365 0.5292830053557183 0.6306298108115906 0.7213723267348784 0.8001811244806085 0.8663426287292262 0.9197058394812709 0.9606334566237783 0.9899353204187062 1.0087633452152835 1.0162716492916402 1.0120851886778623 0.9973185748731854 0.9731262683909194 0.9406559145858794 0.904072053831259 0.8721702950844632 0.8468596764191553 0.8296539542416799 0.8220037516751908 0.8217423121508305
0.13845460811506316 0.11273640381750138 0.08534888860980439 0.0580953168238626 0.03206066777434469 0.007301691622777495 -0.01724322137764478 -0.040851488719768625 -0.06081340785430678 -0.07614506893595263 -0.08886881475815334 -0.10076434587741345 -0.11312268899565736 -0.12632240592445587 -0.13370488911439327 -0.13167269299988038 -0.11729730613765366 -0.08453127128612081 -0.026713836226639476 0.05603751002055646 0.15415670278529714 0.2555083335171622 0.35495900100861666 0.45298430072995133 0.5459090622531074 0.6312575904048587 0.7074245550061944 0.7734791042748761 0.8290573171080403 0.8742856725158961 0.9095737786184418 0.9334960274150101 0.9459203865245307 0.947604072351885 0.939431525236546 0.9223581397312566 0.8973665980919958 0.8695787777805271 0.8467893368130026 0.8305858706454636 0.8224332421293842 0.8217423121508305 0.8217423121508305
0.2550207762065674 0.23296952133316007 0.20768991668581482 0.1804954223246663 0.15213847630629518 0.12263943877844441 0.09213821196168359 0.06479993986404409 0.04067810100696212 0.018998628720369837 0.00020090730230681864 -0.016689755691705388 -0.032507714020628464 -0.04745279533134039 -0.06056692054438306 -0.06444802396898464 -0.054607284074372986 -0.028037117838686454 0.01746408053895787 0.08051974297263809 0.15537625704532576 0.2347219378328692 0.3187580922560185 0.4045149657160435 0.4882113065817284 0.5671833310138785 0.6396239566948256 0.7044053794977851 0.760961308140219 0.8085480592522415 0.8455299350921943 0.8719077672588366 0.8880201140185314 0.8944048485842488 0.8917420853776229 0.8808049036956664 0.8624402971975779 0.8433986073718793 0.8295798015054139 0.8224229130680828 0.8217423121508305 0.8217423121508305 0.8217423121508305
0.35980018179789275 0.34106711420654434 0.3176095409485038 0.2906039436370381 0.2612048963653293 0.2298588974460748 0.19892492703320164 0.17093971683767295 0.14552609358671875 0.12211988906331006 0.10012801534294702 0.07952993173417933 0.061099966012399864 0.044958233620359445 0.03183523710437974 0.02330617326038764 0.02560863171918859 0.042834922440756706 0.07521680603604897 0.1209509391130813 0.1759097525005231 0.23803102653085717 0.3082084856291102 0.38222630515382017 0.4566198137263767 0.5287722755107048 0.5968053538546814 0.6592257289794972 0.7139145659543604 0.7599414845650665 0.7968910182130188 0.8246577797069903 0.8433903405875801 0.8534378200971882 0.8553007418745213 0.8495877253896627 0.837450816544358 0.826996588112253 0.821985041397767 0.8217423121508305 0.8217423121508305 0.8217423121508305 0.8217423121508305
0.4519358407353574 0.4371600935953338 0.4168981127061835 0.3921831219447618 0.36378973179272245 0.3329658247301124 0.30349490689823755 0.275960263342216 0.2503120717049474 0.2263780599062577 0.20399737460453826 0.1831090344391253 0.16380022442107922 0.1466246210578449 0.1329251720953949 0.12407287142055967 0.12144967097654069 0.1278324844580816 0.14676204399020376 0.1764672744365574 0.21451478113892863 0.2636760566203338 0.321616853525448 0.3848263477762208 0.4502855933195926 0.515084876188728 0.5767493415645804 0.6335557873114409 0.6842265915476804 0.7278764634338353 0.76396118919916 0.7922281191567381 0.8126682913884992 0.8254707912267176 0.8309804004157927 0.8296596179394298 0.8238685580670351 0.8217423121508305 0.8217423121508305 0.8217423121508305 0.8217423121508305 0.8217423121508305 0.8217423121508305
0.5367095335420059 0.5253022037430568 0.5084401060636276 0.4861006738895113 0.4591728925473574 0.43127473962835694 0.4040354738301639 0.37783245345277827 0.35285240598531575 0.3291798905421852 0.3068950524265299 0.28616928518363594 0.26734855061536245 0.25087193719345713 0.23742094439796158 0.22797352950447702 0.2235416646626307 0.22488630986283242 0.2321739631529819 0.24671584532978952 0.27268060710985365 0.31046650429026224 0.35705821539076454 0.40940946816732826 0.4646921890626261 0.520430569630705 0.5745507911048746 0.6253820110195485 0.6716334009604146 0.7123606791225527 0.7469283636485784 0.7749704927609042 0.796351278747831 0.8111268423301006 0.8195091012129574 0.821832759207175 0.8217423121508305 0.8217423121508305 0.8217423121508305 0.8217423121508305 0.8217423121508305 0.8217423121508305 0.8217423121508305
0.6134248472721869 0.6037087716148049 0.5902580685749832 0.5704284801707935 0.5472914156320734 0.5231523397111159 0.49871534515778715 0.4744856695881444 0.4508166187056156 0.4279719663525271 0.4061950630747463 0.3857752544063583 0.36710179806166265 0.35069385513561313 0.3371065075270202 0.32679142992444454 0.3203094245626067 0.3179690446396971 0.31960695578620435 0.32754630451252 0.3453173798136222 0.37245800674490237 0.40819920465276516 0.4500679179839896 0.49565373901011756 0.542770440396538 0.5895226300304472 0.6343307354724543 0.6759298132377303 0.7133532421484289 0.745908102146981 0.7731462030197779 0.7948331749852655 0.8109161174501879 0.8201819310048025 0.8217423121508305 0.8217423121508305 0.8217423121508305 0.8217423121508305 0.8217423121508305 0.8217423121508305 0.8217423121508305 0.8217423121508305
0.6805761046063391 0.6709588901779074 0.660368100828751 0.6451077429047636 0.6269906461377593 0.6069454598358857 0.5857246681507631 0.5639221123855691 0.54200543838133 0.5203590164526636 0.4993309624597623 0.47927677062082774 0.4605912972412608 0.4437200297424234 0.42914010153492066 0.41722992759512056 0.4080198955240062 0.40150988936086984 0.39954444245454934 0.40615688279931517 0.42106917204308114 0.44343821216355195 0.4720838077041821 0.5056243297218781 0.5425981237982491 0.5815929399910102 0.6212405373925582 0.6600909582182466 0.6969314405607596 0.7307956949469505 0.7606793654869873 0.7855759812954013 0.8045968991219573 0.8169047773666164 0.8217046873154151 0.8217423121508305 0.8217423121508305 0.8217423121508305 0.8217423121508305 0.8217423121508305 0.8217423121508305 0.8217423121508305 0.8217423121508305
0.7367416052249971 0.7269691648593011 0.7188365543538524 0.7096314098922427 0.6967103418023037 0.680999982891625 0.6632846412934391 0.6442176274906796 0.6243426012482337 0.604121824747615 0.5839666391331745 0.5642644215124621 0.5453956737653296 0.5277347652798673 0.5116285904013689 0.49734987746375425 0.4849293783241031 0.4760669912136033 0.4743302864501461 0.47986199916627115 0.49236457124897137 0.5111852409199277 0.5353894039205819 0.5638509352332465 0.5953395827902574 0.6285922603464426 0.6623633344455213 0.6954551629615804 0.7267331653933791 0.7551302850167143 0.7796449906839756 0.7993358501176944 0.8133146630216951 0.8207393421429329 0.8217423121508305 0.8217423121508305 0.8217423121508305 0.8217423121508305 0.8217423121508305 0.8217423121508305 0.8217423121508305 0.8217423121508305 0.8217423121508305
0.7790653868356663 0.7731141922087104 0.7670178472298395 0.7624866338582217 0.7548848446865883 0.7436725661342063 0.7296535598780602 0.7135195773585987 0.6958629630687703 0.6771938666247169 0.6579586530253076 0.6385552315876777 0.6193406602717181 0.6006266378730556 0.5826596159712116 0.5656103457813166 0.5522922502381675 0.544861696893596 0.5434156152654508 0.5480228975448044 0.5584490267283786 0.5741743126534653 0.5944419710013251 0.618319818828198 0.644763565356177 0.6726725215855215 0.7009329252056741 0.7284479915384336 0.7541562955845167 0.7770411487075723 0.7961337000088579 0.8105120588442449 0.8192981530159124 0.8217423121508305 0.8217423121508305 0.8217423121508305 0.8217423121508305 0.8217423121508305 0.8217423121508305 0.8217423121508305 0.8217423121508305 0.8217423121508305 0.8217423121508305
0.8077566138832569 0.8098536957081632 0.8057296330886871 0.8026919731133112 0.7999526326779336 0.7933378795686798 0.7831289390974095 0.7700416354509145 0.7546982985364769 0.7376366768360616 0.7193197827781386 0.7001434867767802 0.6804384958233413 0.6604637804384577 0.6410380801517933 0.6251244913575917 0.6137241447449404 0.607413431746047 0.6062207829566589 0.6100209896568323 0.6186243146387786 0.6316070659812788 0.648344202585786 0.6680525314746855 0.6898370625579838 0.7127342420305359 0.7357480839523436 0.7578776148454411 0.7781358649866188 0.7955616803420384 0.8092260070824402 0.8182342505278137 0.8217260504998525 0.8217423121508305 0.8217423121508305 0.8217423121508305 0.8217423121508305 0.8217423121508305 0.8217423121508305 0.8217423121508305 0.8217423121508305 0.8217423121508305 0.8217423121508305
0.8238984521943801 0.8344987617447858 0.8342481021982682 0.8321442376671916 0.8306087386241829 0.8283919153431372 0.8220462280922842 0.8120562422741533 0.7990622453137398 0.7836164224134845 0.7661868716684521 0.74716040744684 0.7271618876212413 0.7083586722975026 0.691842398541122 0.6783993372018102 0.6686863847540766 0.6631984612954149 0.6621667094123285 0.6652501676371138 0.6722279257103783 0.682747453409084 0.6962834121492021 0.7121686086461929 0.7296284081310046 0.7478143165733756 0.7658336441684572 0.7827736026625534 0.7977194399345278 0.8097670716486599 0.8180311184918092 0.8216493906487075 0.8217423121508305 0.8217423121508305 0.8217423121508305 0.8217423121508305 0.8217423121508305 0.8217423121508305 0.8217423121508305 0.8217423121508305 0.8217423121508305 0.8217423121508305 0.8217423121508305
0.8277245084562461 0.8462205837244349 0.8518483406158743 0.8505969438088101 0.8491113247465598 0.8475116865177769 0.8447747619715731 0.83788551217585 0.8272354274958507 0.8134409237135827 0.7977751777058364 0.7813150603678705 0.7649620042299468 0.7495697837497654 0.7359228763126586 0.7247119747066808 0.7165084923266736 0.7117407347364281 0.7106748252794499 0.7131123768014966 0.7186208237302867 0.7269015040646948 0.7375060118542502 0.7498587074382397 0.7632826328443187 0.7770257321354718 0.7902850493984891 0.8022274361101334 0.8120061340599681 0.8187732501292772 0.8216885526294724 0.8217423121508305 0.8217423121508305 0.8217423121508305 0.8217423121508305 0.8217423121508305 0.8217423121508305 0.8217423121508305 0.8217423121508305 0.8217423121508305 0.8217423121508305 0.8217423121508305 0.8217423121508305
0.8231515201875075 0.8473687767540334 0.8583988658028472 0.8583210003642249 0.8567346298030167 0.8545368669235962 0.8518557689009969 0.848426462778605 0.8418268501656591 0.8323786912523412 0.8209780778257543 0.8084931857327577 0.7957524640763396 0.7835301146044236 0.7725289434198154 0.7633614123174308 0.756530373036153 0.7524114444431431 0.7512391619083412 0.7530149448851995 0.7571798859595112 0.7634043825130549 0.771300446452567 0.7803656637698976 0.7900029902778936 0.7995413765373378 0.8082554878068646 0.8153832950194031 0.820140860477762 0.8217423121508305 0.8217423121508305 0.8217423121508305 0.8217423121508305 0.8217423121508305 0.8217423121508305 0.8217423121508305 0.8217423121508305 0.8217423121508305 0.8217423121508305 0.8217423121508305 0.8217423121508305 0.8217423121508305 0.8217423121508305
0.818776443998882 0.8474026497523096 0.8624496348826651 0.8640648829449037 0.8621668526127821 0.8595672331861406 0.8564351812048886 0.852937426341592 0.8492248601498397 0.8440926407781055 0.8367661597611095 0.8280549167629734 0.8187215352816861 0.8094705720854928 0.8009352410626981 0.7936628324406317 0.7881000778931759 0.7845799553588808 0.7833114585158585 0.7843689064285821 0.7872930731215875 0.7916118905862063 0.7969855824489714 0.8029710471759015 0.8090371889176071 0.8145812807589993 0.8189450712792387 0.8214296471562508 0.8217423121508305 0.8217423121508305 0.8217423121508305 0.8217423121508305 0.8217423121508305 0.8217423121508305 0.8217423121508305 0.8217423121508305 0.8217423121508305 0.8217423121508305 0.8217423121508305 0.8217423121508305 0.8217423121508305 0.8217423121508305 0.8217423121508305
0.8156093281659891 0.8479538992792026 0.8662998830388073 0.8699945059004641 0.8677022617304647 0.8646164575267594 0.8609643067534057 0.8569511201206307 0.852748563798037 0.8484962365999298 0.8442897506302973 0.8391824107692221 0.833087523364726 0.826647715198327 0.8204359643509257 0.8149443558751044 0.8105728428858058 0.8076192048917051 0.8062713383806285 0.8066028103786247 0.8083562499058815 0.8108947493472598 0.8139026697678644 0.8169855274885421 0.8196671289159319 0.821402670826382 0.8217423121508305 0.8217423121508305 0.8217423121508305 0.8217423121508305 0.8217423121508305 0.8217423121508305 0.8217423121508305 0.8217423121508305 0.8217423121508305 0.8217423121508305 0.8217423121508305 0.8217423121508305 0.8217423121508305 0.8217423121508305 0.8217423121508305 0.8217423121508305 0.8217423121508305
