_RESULTS/CROSS_VALIDATION_POSTPROCESSED_CLR/Berg/TZ/9comp/4/Berg_TZ_z_125_kriged_reverse_9comp_spherical_4.asc
ncols 100
nrows 90
xllcorner 5.6208707817415728
yllcorner 50.959635321741573
cellsize 0.00013419651685393446
nodata_value 1.7014100000000001E+038
[rows 19 to 37 of 90, columns 0 to 43 of 100]
3.003304735141956 2.9893939571559205 2.9748658128518697 2.9605022004636714 2.94704847388559 2.9351906342900653 2.9255294996837096 2.918553953498403 2.9146162319264985 2.913912592195447 2.9164723095010006 2.9221567100676342 2.9306681417167395 2.941566996819974 2.9542938061717168 2.9681934198237916 2.982539161432774 2.996555757026702 3.006272353654582 2.9940009139564174 2.9575490216763467 2.8974357068500574 2.8148784340377424 2.7143741049327597 2.5977781030876805 2.48042177933645 2.3890744319675767 2.3232578527319614 2.2839332426157144 2.270514023390951 2.2660887161901533 2.249913737743671 2.2258672405741162 2.200308265101248 2.184674973142682 2.2008734617488512 2.2828589852443404 2.448689676991359 2.6715270753817824 2.9104336708661984 3.133004145556624 3.311095782091327 3.422974589162312 3.4619112307831466
2.980054069443753 2.9616148758200183 2.942806529817847 2.924494295820313 2.9075160211431634 2.892654702074494 2.88060577986237 2.8719418102290835 2.867078732832195 2.8662489015239014 2.869485680104789 2.8766225018890315 2.8873062460710255 2.901021643377286 2.9171215046070764 2.9348578689765077 2.9534114557026694 2.971918995972352 2.9878646209750848 2.9839702299061335 2.956198612435747 2.9050681594801353 2.8311482749955177 2.7359480736847326 2.624626772066247 2.519744225885619 2.4420705930184674 2.3910787680152104 2.3672712273298484 2.369858920586368 2.370392745685668 2.36258303029333 2.351837480353405 2.346070789857256 2.357230845085612 2.4020890219510553 2.498516331099273 2.6538462954888873 2.8568588969474695 3.0846587994808066 3.310151454475693 3.506567860101507 3.636287542432819 3.6523875157393713
2.9521052655977016 2.928934212083803 2.905602918224789 2.8830709798267837 2.862285202841938 2.8441470831291062 2.8294713831948517 2.8189388995726907 2.8130494081130895 2.8120828949022836 2.8160771624956427 2.824826991498985 2.8379048134835734 2.8546971565553863 2.8744473793835668 2.896295821634036 2.919314216693732 2.942537184941775 2.9646408029958167 2.970483831739202 2.9527643836228687 2.9120112955156094 2.848829194517238 2.7639079335126118 2.659499180017086 2.566388337405497 2.5017989233139235 2.4653525716053073 2.4570996200270363 2.4701459658627356 2.4760706061448747 2.4764459867091126 2.4772303829561664 2.4863663537253435 2.514235623429205 2.5729137301402987 2.6732203222563022 2.8198677875310163 3.0086950159982093 3.228432829701634 3.470452753214372 3.7176908124471364 3.89468648110819 3.877717128498797
2.920315173522541 2.8921999244675947 2.864079439575853 2.837018375941722 2.812091176521821 2.790344647990846 2.772745867179259 2.7601184433503114 2.7530753906287537 2.751961507898296 2.7568193049477427 2.7673881309083868 2.7831370712358297 2.8033218471236188 2.82704825670156 2.8533240833603926 2.881094481520956 2.90927499070715 2.936790877734888 2.953562116754304 2.9471428909392774 2.9180081785362137 2.8668079628445255 2.7942836220098615 2.700180403197655 2.61761916343299 2.5649961522339 2.54177854531264 2.5482635999079757 2.567691813936206 2.578215950657973 2.58481743065066 2.593312997202445 2.6108491243654086 2.645844495571448 2.7071090782244047 2.8020334264604596 2.9345233577972936 3.1040906759974054 3.3128373497867 3.572990884331934 3.874316393282214 4.17011774446913 4.100745236897452
2.8856070250422823 2.852334394029577 2.8191388005188682 2.7871986664570416 2.757735924925621 2.7319754161528924 2.7110807330892768 2.6960679058564594 2.6877075535352937 2.6864361320083705 2.6923013864982765 2.7049606018340655 2.723733861096967 2.7476962409041614 2.775778772858935 2.8068385999437337 2.839679283815086 2.873073868641646 2.905828637025889 2.9330997700723405 2.9390770492542186 2.922620445803699 2.8844325242496622 2.8248336503628635 2.74318874694028 2.6708750938174712 2.6286409393449186 2.6167588778385666 2.635414956309539 2.65906012725491 2.6730663323350248 2.683096085014667 2.694881986448236 2.7144458921849366 2.748346725558879 2.8029983492302604 2.8835342097481957 2.9928264991443143 3.133293851794411 3.3237085735949656 3.5630589996256115 3.841879482479211 4.121023324019921 4.010922481006026
2.8489821973661904 2.810352191134162 2.771785448179812 2.7345775936809313 2.7001163581980725 2.669842709134435 2.645175540109848 2.6273956814959005 2.6175005902890556 2.6160624484108514 2.62313616489883 2.638254453389984 2.660514968394433 2.688731255425893 2.7216039622339037 2.7578393363740803 2.796101808721114 2.834974653078218 2.873121373901418 2.908898419193764 2.9281902965725175 2.9252685334537207 2.9008935690307003 2.854455811971305 2.7857187239489676 2.724024627252597 2.6901300256142657 2.687278863471578 2.714294998406585 2.7408528114752624 2.7576003174426615 2.7687793234184563 2.779708162968544 2.795828742482982 2.822015852200884 2.8626971164618054 2.9210200649177565 2.9981555233604538 3.1087793932858916 3.2609786209932428 3.440207108780395 3.615913309166688 3.707801152134319 3.5803804741356013
2.8115312180724144 2.7673799402618586 2.723155143731123 2.6802625026767224 2.640266471212395 2.6048640348852548 2.575805449001568 2.554743069005074 2.5430129398178907 2.541398865029053 2.549968656283258 2.568061847664298 2.594437419262227 2.6275169224707344 2.66565921360494 2.7074632440231547 2.7515509093024697 2.7961502321627396 2.8397758773552946 2.8812328617435954 2.914014636042763 2.9252656511540662 2.9151183472551194 2.8821837892375024 2.8269426960251365 2.7741877840137996 2.747389222941484 2.751031242490132 2.7832549037867302 2.8115710368844384 2.8292966035410356 2.8400759953979358 2.847746858579785 2.8563269300347702 2.8699957721791973 2.89153895334461 2.9222757214948536 2.9667676329485198 3.0455180385782845 3.150242357120803 3.2606179539428126 3.3410591953532216 3.332213837331273 3.1784469814007954
2.774441060519936 2.724675829910812 2.6745499492177967 2.625553642556258 2.5794206669461848 2.538135240547317 2.5038705804636585 2.4788076108030968 2.4648076740023495 2.4630036909228874 2.4734896223696246 2.495294062607519 2.526655462873196 2.5654301753223154 2.609444950440618 2.657060576163134 2.7075033471706944 2.757932450228604 2.8069817726870934 2.8535096288598063 2.8960073761316174 2.921841533181609 2.925992895358362 2.9069629139317006 2.865799055527193 2.8202155555951753 2.799230696307376 2.806449618905955 2.841454515523641 2.870556163426971 2.887830366446302 2.896289725350118 2.8989212495573553 2.89849933359371 2.89731910176701 2.897026193977898 2.8979438983557624 2.9166031375682557 2.962816274942443 3.0237244883583965 3.079120932736685 3.099031756496856 3.0429751461873127 2.879938541754169
2.7389936227463516 2.683643202129309 2.627474503702004 2.5720093558923844 2.5191072842618487 2.471038096618962 2.430488515049282 2.4003918826466624 2.3834576921804973 2.381433743215432 2.3944666196137483 2.4210451219368014 2.4585764723402312 2.5041490094430423 2.5550957422542417 2.609469853581256 2.665734825466087 2.7217359384410975 2.775962424932657 2.827274978063342 2.8747052594801032 2.9141545084510927 2.932602435751275 2.927506248663273 2.9000043895608574 2.860676249757834 2.8430038903866204 2.851070654669362 2.8871199280396462 2.9168659376593515 2.933335494227465 2.9386530872809242 2.9349667206749555 2.924436052828531 2.9083040297347953 2.886917661213555 2.8626296247431386 2.859933963555808 2.8777071858693755 2.9049043982346534 2.9254705139663937 2.9172617312181974 2.85206985090855 2.7108977429200505
2.706547673608321 2.64582775390806 2.5836622107586495 2.5215183068679403 2.461279464423919 2.4054205858538755 2.357175055413166 2.3205126201307533 2.2995633943791907 2.297251322406 2.3138305026505033 2.3467461135927854 2.3919823652708474 2.445539279770663 2.5041690902536207 2.5654862734078367 2.6276230486306655 2.688892984642952 2.747910313033329 2.8035798167855166 2.854541712930854 2.899133835946665 2.9292354206332254 2.935646268716195 2.920199170705157 2.887445962945741 2.870074758208307 2.87702511683005 2.9118434281573036 2.9426560898700607 2.959234583944972 2.9631480307260643 2.9555737722257227 2.937133086705267 2.9074904693901873 2.8662544645381067 2.8240661040045403 2.8036325586269593 2.799499667605738 2.8042721354534415 2.8087730230317525 2.798320682852582 2.7522105020051963 2.6561102506475827
2.6784945686463195 2.612881893922741 2.545067536538665 2.4763529533776794 2.40847367499184 2.3438869462045866 2.286209264290565 2.240666652138622 2.213805585982225 2.2110539412048325 2.2329117575383384 2.2745376469538923 2.3293710597428845 2.3919775528391374 2.4585972576573427 2.526719749734453 2.5945556382017214 2.6606905057485752 2.7232867479654876 2.7797834275688236 2.8299733298563137 2.873836800776794 2.909327198660197 2.9269175056230696 2.9231731695683454 2.9000120224653325 2.8804129236594003 2.8843328832492388 2.915500746053637 2.9469440410682566 2.9639341860516506 2.966940400463543 2.956383654963995 2.9319018232875327 2.8930146677806565 2.8383721126894215 2.7866873590655343 2.753078670783876 2.733204912845376 2.7235143080079087 2.7262281447097916 2.733111891236092 2.7211502804176178 2.677513330015552
2.6561790906155944 2.586476235967881 2.5137854997090354 2.43914222749662 2.363928646775538 2.2901988367041883 2.221366817503374 2.1635557870184656 2.1271226039901148 2.1235755146054967 2.154112793404656 2.208064258858861 2.2744822999870626 2.346696392802582 2.42103320763269 2.4953364923268486 2.568060936481166 2.6356539110262625 2.6967989034678626 2.75153695571665 2.799972565669039 2.8422228983309927 2.876323301104985 2.9006665814139883 2.9081290147121344 2.8966931869954804 2.8755924641291313 2.8744889203180057 2.8995139629393103 2.931466040016636 2.9489915041492045 2.9514223820649104 2.9383207453956857 2.909636682260257 2.864667928255027 2.8031265008631814 2.750564018671737 2.7134377160766086 2.6855074590295773 2.664184688509622 2.6733986486042434 2.711528573312906 2.7340177525040392 2.739962273926471
2.638817208780163 2.5663978968987418 2.490689080645054 2.4121990234618558 2.331455462604055 2.249571936918046 2.1691860643832426 2.095279735644022 2.0415380882821346 2.03616549501257 2.0830922029388423 2.1539504602676316 2.232727500822988 2.313682183647537 2.3943795137766952 2.4728896131344316 2.544977831223279 2.610100425914019 2.6684617616771336 2.720313499463568 2.7659293057859577 2.805572986460196 2.8374390280647006 2.860241750233375 2.8742079855609277 2.873887708846951 2.8573978775481375 2.849212479685688 2.865780840369162 2.8979327200256995 2.915286027668054 2.917168945938555 2.90345862212975 2.873259962607034 2.8258495040502094 2.76327506557752 2.714283471031482 2.6819382669215983 2.661558599063537 2.6515050146406063 2.6733270473986073 2.72479703609567 2.773136173778828 2.8179523239379822
2.614678896167378 2.541276094207209 2.465194233732368 2.3867242623083733 2.306009616505607 2.2230853162212374 2.1379773933360102 2.0510974464173906 1.9674655671967938 1.9559299264739158 2.035702171952106 2.1231117971792814 2.21066023047288 2.296948073832449 2.380334099540153 2.4563064799309857 2.5246241407164254 2.5856618373727436 2.6398130648448586 2.6874841225515107 2.7290854106706206 2.7650161878460566 2.793821086548426 2.8141149937653513 2.8263085857448424 2.83068092376843 2.8247020777783804 2.810573791423457 2.817262380893735 2.8460106939089216 2.864218205349687 2.8667574211776743 2.8536726799851624 2.8245823676144672 2.7783554465962608 2.7192269201876647 2.677389954332036 2.6550050293708916 2.6499627358897158 2.663651915414825 2.7013051117122595 2.7564233612851816 2.8212603227178707 2.8930785914645205
2.5827522367330014 2.510029136706762 2.435701291316241 2.3600406195681405 2.283164644364666 2.2050975282446554 2.1259308023153194 2.046461966808259 1.9731109024984488 1.9660219892244752 2.04049197054898 2.126299440597458 2.2131566469365325 2.298320536665572 2.3762459335329438 2.4462160047338513 2.5085730041070677 2.563720326929988 2.612103574786259 2.6542003051186978 2.69050890799166 2.721531674591515 2.7463456891164046 2.763323234215356 2.772976060677273 2.7756987881078543 2.7716982036321216 2.760614727482898 2.755290418103593 2.776198203843387 2.7967736131575904 2.801827237974548 2.79137889021155 2.765168601985802 2.7227194077914696 2.669849336523955 2.637072135296817 2.626536123843849 2.637197899249416 2.669818212898269 2.7229165404091082 2.786332575392846 2.862484050410666 2.9517421291542
2.543930849620639 2.4735424938029356 2.4030903815390148 2.3330146786825408 2.2637404387857374 2.1959302459331935 2.1311272417162392 2.0736379047615694 2.0358764358098327 2.041359553269685 2.0920975256769005 2.1624585989677296 2.2395066236230727 2.314056044204869 2.382233650656689 2.4434700282814914 2.4977182556282096 2.5451911767927435 2.5862539468998325 2.6213733727115156 2.651087026144561 2.675975499316184 2.6957346689187753 2.7085216021888274 2.7148679580775106 2.7153087404125635 2.710147977167481 2.698235626984121 2.683394614605021 2.6906298115207874 2.713566280986881 2.7229938575785244 2.7173412232326726 2.6964575740378174 2.660051845875133 2.6142020093921 2.5902216527434963 2.5908854386532534 2.615207072286681 2.66304084119918 2.7273759555686987 2.801170532951069 2.8853918776400898 2.984565527864582
2.4986142006310033 2.432026377446979 2.3672751224446937 2.3050411608768635 2.246130030770749 2.1918321755438726 2.1446272175004806 2.1094349438359945 2.094762289947842 2.1095705873785926 2.1535622712862037 2.215926969661055 2.2814271826999084 2.341569311904152 2.397505702165989 2.447922706517684 2.4922898974021157 2.5305349705811464 2.562867768029515 2.5896903444760078 2.611544806395521 2.6290737252702234 2.6425767963614453 2.6502372821695186 2.6524396838608832 2.649898262484993 2.6423854191236327 2.6287475308801778 2.6137796555562733 2.6044812319854587 2.617856913190638 2.631030660558439 2.6316603746454073 2.6182295594886753 2.590046758619726 2.5520878868334376 2.5359141466794397 2.545747282877803 2.580561980909353 2.6393027361571577 2.711105719947505 2.7929178925204248 2.8866357438940957 2.995199617336406
2.4467920719255383 2.385163871104871 2.3274808409272527 2.274608572468215 2.2275709450343113 2.187867349719099 2.1579185315356333 2.141474575035038 2.1432784036346666 2.16683769584753 2.211150397881463 2.2690067873730655 2.326690506377772 2.3775199529061948 2.4203300628806748 2.458737554762524 2.4920192749606187 2.5198562181562445 2.542298356991127 2.559665994439807 2.5724905256845587 2.581471271641489 2.5873681593053215 2.5889040143881843 2.586041435043657 2.5795589529969902 2.5684616899054085 2.553172834127574 2.5399434384993844 2.5319346423331397 2.5306880505165523 2.543761406530555 2.547820850805941 2.539779502280183 2.518899696766994 2.4877882174678727 2.4770802818486617 2.493901975008836 2.5374485844489127 2.6052248655304906 2.6852970629554225 2.7764068229352104 2.8795666291671465 2.995597955233063
2.3881754727945133 2.332327679888276 2.282619861467474 2.239974953614504 2.2053969923795247 2.180190843669696 2.1661683820114193 2.1656581809452122 2.1809923940084097 2.213299132951601 2.261211146719897 2.3155805179332387 2.367827338681783 2.4134687520329474 2.4487135149696346 2.4747916139280783 2.4963744245831996 2.5130504221241203 2.5247499568544276 2.5317213291675023 2.5344838456855734 2.5337950225001973 2.5306149372096174 2.524915989078192 2.5160515478537935 2.5050228409439113 2.491321863103 2.4759806571356826 2.4657850013718567 2.462182199483456 2.464386984762874 2.472166471132518 2.481576700944906 2.480120048807679 2.4670646296900323 2.443033633072529 2.435405271556581 2.456324043913816 2.5048916973329924 2.5774087846727967 2.661871212438416 2.7569168961804986 2.862833354436901 2.980396364627314
