_RESULTS/CROSS_VALIDATION_POSTPROCESSED_CLR/Berg/TZ/9comp/4/Berg_TZ_z_355_kriged_reverse_9comp_spherical_4.asc
ncols 100
nrows 90
xllcorner 5.6208707817415728
yllcorner 50.959635321741573
cellsize 0.00013419651685393446
nodata_value 1.7014100000000001E+038
[rows 0 to 18 of 90, columns 0 to 42 of 100]
0.8561543238811015 0.8561543238811015 0.8561543238811015 0.8561543238811015 0.8561543238811015 0.8561543238811015 0.8561543238811015 0.8561543238811015 0.8561543238811015 0.8561543238811015 0.8561543238811015 0.8561543238811015 0.8561543238811015 0.8561543238811015 0.8561543238811015 0.8561543238811015 0.8561543238811015 0.8561543238811015 0.8561543238811015 0.8561543238811015 0.8561543238811015 0.8561543238811015 0.8561543238811015 0.8561543238811015 0.8561543238811015 0.8561543238811015 0.8561543238811015 0.8568506072570485 0.8592482023813406 0.8628841051289173 0.8674374908282659 0.8722286703090724 0.876576286652597 0.8803980598611765 0.8826947152763529 0.8833466191504925 0.8825581671453375 0.8804590172254428 0.8771020998801538 0.8724680510754452 0.8664775096028989 0.8590109506305739 0.8499328658944058
0.8561543238811015 0.8561543238811015 0.8561543238811015 0.8561543238811015 0.8561543238811015 0.8561543238811015 0.8561543238811015 0.8561543238811015 0.8561543238811015 0.8561543238811015 0.8561543238811015 0.8561543238811015 0.8561543238811015 0.8561543238811015 0.8561543238811015 0.8561543238811015 0.8561543238811015 0.8561543238811015 0.8561543238811015 0.8561543238811015 0.8561543238811015 0.8561543238811015 0.8561543238811015 0.8561543238811015 0.8561543238811015 0.8561543238811015 0.8563150616812956 0.8577167770019405 0.8601332316148607 0.8636034516238243 0.8681563615125536 0.8731693747647411 0.8773340568244128 0.8796115127023354 0.8803280073933908 0.8797857578016754 0.8782087883395848 0.8757323483711114 0.8723972695368167 0.868152889382079 0.8628721141794118 0.8563800448873573 0.8484926742118899
0.8561543238811015 0.8561543238811015 0.8561543238811015 0.8561543238811015 0.8561543238811015 0.8561543238811015 0.8561543238811015 0.8561543238811015 0.8561543238811015 0.8561543238811015 0.8561543238811015 0.8561543238811015 0.8561543238811015 0.8561543238811015 0.8561543238811015 0.8561543238811015 0.8561543238811015 0.8561543238811015 0.8561543238811015 0.8561543238811015 0.8561543238811015 0.8561543238811015 0.8561543238811015 0.8561543238811015 0.8561543238811015 0.8560958571960048 0.8559344656795288 0.8567955236238249 0.8587842236419484 0.8619727276114302 0.8664135897406826 0.870353978770626 0.8722435062339453 0.8725409984088921 0.8716606127103013 0.869946199083446 0.8676535249982139 0.8649335019534954 0.8618200278799968 0.8582282700297768 0.8539709790788321 0.8487990657937154 0.8424648500297366
0.8561543238811015 0.8561543238811015 0.8561543238811015 0.8561543238811015 0.8561543238811015 0.8561543238811015 0.8561543238811015 0.8561543238811015 0.8561543238811015 0.8561543238811015 0.8561543238811015 0.8561543238811015 0.8561543238811015 0.8561543238811015 0.8561543238811015 0.8561543238811015 0.8561543238811015 0.8561543238811015 0.8561543238811015 0.8561543238811015 0.8561543238811015 0.8561543238811015 0.8561543238811015 0.8561543238811015 0.8559582374386232 0.8546138141570245 0.8536561201153627 0.8538352130774576 0.8552584988521366 0.8580143485647727 0.8605736872874864 0.8617828511527696 0.8612634575545601 0.8594997187776305 0.8569655029396883 0.8540618288171757 0.8510930648650225 0.8482416667811457 0.8455451358123532 0.842883083584354 0.8399882254208455 0.8364984599294463 0.8320573615131713
0.8561543238811015 0.8561543238811015 0.8561543238811015 0.8561543238811015 0.8561543238811015 0.8561543238811015 0.8561543238811015 0.8561543238811015 0.8561543238811015 0.8561543238811015 0.8561543238811015 0.8561543238811015 0.8561543238811015 0.8561543238811015 0.8561543238811015 0.8561543238811015 0.8561543238811015 0.8561543238811015 0.8561543238811015 0.8561543238811015 0.8561543238811015 0.8561543238811015 0.8561543238811015 0.8559019227903617 0.8541906483382053 0.8514532711777243 0.8495851799453933 0.8489343703537571 0.849633394469516 0.8502385723441145 0.8495132671994324 0.8478128609410853 0.8447514859670044 0.8407967564483962 0.8364971152605738 0.8323295192080309 0.8286693838729624 0.8257551465265867 0.8236492551094126 0.8222030301930077 0.8210456520310717 0.8196474793568578 0.8174960482690437
0.8561543238811015 0.8561543238811015 0.8561543238811015 0.8561543238811015 0.8561543238811015 0.8561543238811015 0.8561543238811015 0.8561543238811015 0.8561543238811015 0.8561543238811015 0.8561543238811015 0.8561543238811015 0.8561543238811015 0.8561543238811015 0.8561543238811015 0.8561543238811015 0.8561543238811015 0.8561543238811015 0.8561543238811015 0.8561543238811015 0.8561543238811015 0.8561543238811015 0.8559780715415977 0.8542233861125366 0.8508036549406974 0.8467864427968264 0.8438625446290318 0.8422187867456423 0.8409341039307254 0.8379362602274946 0.8337302274285476 0.8288683101193093 0.8230854759987765 0.8167515755262327 0.8105049423864101 0.8049192429785466 0.8004683815111968 0.7983256115347053 0.7995886556964367 0.8030972515846742 0.8074828762863553 0.8112446594195318 0.8129730535935662
0.8561543238811015 0.8561543238811015 0.8561543238811015 0.8561543238811015 0.8561543238811015 0.8561543238811015 0.8561543238811015 0.8561543238811015 0.8561543238811015 0.8561543238811015 0.8561543238811015 0.8561543238811015 0.8561543238811015 0.8561543238811015 0.8561543238811015 0.8561543238811015 0.8561543238811015 0.8561543238811015 0.8561543238811015 0.8561543238811015 0.8561543238811015 0.8561158738579818 0.8546360095706524 0.8511985180713331 0.8460738518447591 0.8407926998266151 0.8366606809719839 0.8334387683140342 0.8284450444476366 0.8216736919820213 0.8137736580245549 0.805415774909539 0.7966827624523232 0.7877157660960953 0.7792922692242055 0.7749291895426045 0.7759319390422049 0.7813083056054282 0.7899800091600309 0.8007068098030062 0.8119589074867919 0.8217879041315834 0.8279907188937538
0.8561543238811015 0.8561543238811015 0.8561543238811015 0.8561543238811015 0.8561543238811015 0.8561543238811015 0.8561543238811015 0.8561543238811015 0.8561543238811015 0.8561543238811015 0.8561543238811015 0.8561543238811015 0.8561543238811015 0.8561543238811015 0.8561543238811015 0.8561543238811015 0.8561543238811015 0.8561543238811015 0.8561543238811015 0.8561543238811015 0.8561543238811015 0.8552872180643944 0.8521929234658299 0.8471014862583203 0.8403224434791718 0.8336835961299474 0.8281852574620394 0.8217096441451737 0.8127895792218621 0.8020756036562191 0.790258060190625 0.7780647842282551 0.7660244493581156 0.7564824827051746 0.7538715399056503 0.7574062695334669 0.7661562365978014 0.7791592124399551 0.7953915109363762 0.8136901569453425 0.8325469161746757 0.8496465406521395 0.8613841148978784
0.8561543238811015 0.8561543238811015 0.8561543238811015 0.8561543238811015 0.8561543238811015 0.8561543238811015 0.8561543238811015 0.8561543238811015 0.8561543238811015 0.8561543238811015 0.8561543238811015 0.8561542437757013 0.8561509770943367 0.8561458222556906 0.8561418229570383 0.8561407414083588 0.8561430061941431 0.8561476993711776 0.8561525839960064 0.8561543238811015 0.8559139769155866 0.853565801212179 0.8489136719752466 0.8422129125212365 0.8338230208516838 0.8257059467732318 0.8179936907594039 0.8075916557472096 0.7946486124604834 0.779835879864705 0.7638785842681266 0.7477288387752323 0.7380646640395485 0.736561014940443 0.741938460719466 0.753287725863495 0.7696844022759155 0.790184911730649 0.8138288853664486 0.8396213905254477 0.8664002857291011 0.8922266520969238 0.9119327115805912
0.8561543238811015 0.8561543238811015 0.8561543238811015 0.8561543238811015 0.8561543238811015 0.8561543238811015 0.8561543238811015 0.8561543238811015 0.8561531694652785 0.8561380200954537 0.8561112667616531 0.8560798109380677 0.8560495447731993 0.8560251872311375 0.8560101406163491 0.8560063800478939 0.8560143864832617 0.8560331300903627 0.8560601056984158 0.8560914166582383 0.854940743617074 0.8511902780470599 0.8450641153700282 0.8368179585799841 0.826843625542046 0.8171435098377 0.8061252482530665 0.7917917330873808 0.7747653746655387 0.7557271114346447 0.7360814238768275 0.7244628025503939 0.7225264503298827 0.729026755579014 0.7422732955925379 0.7612973652756022 0.7851515831987781 0.8128521331799382 0.8434123949782508 0.8759073800623034 0.9088668335129262 0.9404662669710047 0.9700664440894324
0.8561543238811015 0.8561543238811015 0.8561543238811015 0.8561543238811015 0.8561543238811015 0.8561543238811015 0.8561519186533667 0.8561244217934219 0.8560738431111719 0.8560093467012934 0.8559394390366053 0.8558717669532752 0.8558129064964572 0.8557681570220066 0.8557413577845998 0.8557347448017194 0.8557488633750208 0.8557825462880229 0.855832960248437 0.8557105227169379 0.8533389445805415 0.8483101248312055 0.84084787571579 0.8311864526379553 0.8196799974446382 0.8079816104562412 0.7932769893328125 0.7750621713222963 0.7539471160561813 0.7312844569279637 0.7169356029368855 0.713098567403633 0.7187213763291971 0.7327895794940014 0.7537700473958191 0.7803237697785783 0.8114473406693012 0.8460217033292787 0.8814193782685958 0.9145858036947181 0.9455200409644959 0.9739219943571188 0.9960699447678729
0.8561543238811015 0.8561543238811015 0.8561543238811015 0.8561543238811015 0.8561543238811015 0.8561337893336751 0.8560736379537814 0.8559844597635206 0.8558766955019748 0.8557603717743506 0.8556448890136901 0.8555387786349851 0.8554494415124582 0.855382886425607 0.8553434922226766 0.8553338193018962 0.8553544932140156 0.8554041755175226 0.8554796257972725 0.8547981183260287 0.8513245695136091 0.8451419761868909 0.8364648933383809 0.8255170756558272 0.81259649821531 0.7983913628722126 0.780167025219332 0.7581934887614215 0.7332673448281147 0.7153722770595429 0.7089044518449649 0.7127293760542966 0.7257712113776528 0.7470224760932863 0.775450200962852 0.8094430720541479 0.8472147523421665 0.8835082267601435 0.9170355326629624 0.9473623444716557 0.9739890448061224 0.9958793351588932 1.010078933837931
0.8561543238811015 0.8561543238811015 0.8561543238811015 0.8561527468520713 0.8561108205296782 0.8560203142167635 0.8558926743929012 0.8557393616969983 0.8555717080387562 0.8554007242287658 0.8552368557844684 0.8550896912212811 0.8549676363007621 0.854877578090004 0.8548245717733526 0.8548115876851703 0.8548393531728449 0.8549063127769505 0.855008384745283 0.8535362541210232 0.8491055187251458 0.8419152698141775 0.832169679493433 0.8200803108503074 0.8058815471272165 0.7889466381043215 0.7674978565513335 0.7420001238833891 0.719686282442229 0.709775593715494 0.7111212497877625 0.7225288041657287 0.7428797930023883 0.7711699503602811 0.8065122405419485 0.8458782024154362 0.8832853117361069 0.9181399410532377 0.9495521068695449 0.9765533840450096 0.9982929754865546 1.0141888326683723 1.0236395410303878
0.8561543238811015 0.8561543238811015 0.8561507713939944 0.8560947463227302 0.8559796455622863 0.8558173532133708 0.8556200024607445 0.8553998875870702 0.8551693234747999 0.8549404408628827 0.8547249094565501 0.8545335891881589 0.8543761229081661 0.8542605002069323 0.8541926381616793 0.8541760347841588 0.8542115490614139 0.8542973451836104 0.8543248574697309 0.852095342836767 0.8468703818476981 0.8388400780078502 0.8281978612176366 0.8151423951268124 0.7998477045657305 0.7802609791120463 0.7559182867005758 0.7299036763022061 0.7155605171093347 0.7136068580581622 0.7227666805683578 0.7417569067157426 0.7693763488884914 0.8045394771680782 0.8426279317156551 0.878512664020469 0.9130052176975282 0.945648611699806 0.9749779769843698 0.9988722387367974 1.0158682770863456 1.0262106366276251 1.0320229690267149
0.8561543238811015 0.8561518255177467 0.8560921311290974 0.8559616275451646 0.8557722940109207 0.8555365413194231 0.8552649100498961 0.8548705075028651 0.8544574476550151 0.8541566787900687 0.853990046961718 0.8538696283487089 0.8536837347516292 0.8535400126340542 0.8534557526524482 0.8534351464124448 0.8534792269257239 0.8535857882404169 0.853437389642778 0.8506228544981091 0.8447835154454062 0.8361009830653194 0.8247584972535744 0.8109423668898287 0.7946782537116475 0.7729205431480124 0.7461883882984783 0.7261828476208546 0.7198976498588855 0.7259664473505605 0.74304148580563 0.7695558781174414 0.8027098116821982 0.838477285186183 0.8707558077036894 0.9013414712788733 0.9325531922638768 0.9646426974888983 0.9941425608997807 1.0166913512199063 1.0294290626396956 1.0329107582630817 1.03312388431381
0.8561542036023525 0.8561039659735752 0.8559704020546537 0.8551121209900541 0.8532512578239089 0.8509436707731997 0.8486598942091903 0.8467723460519878 0.8455444670875221 0.8451225951795378 0.8455312958646652 0.8466725578764811 0.8483288841140393 0.8501699410783203 0.851762142186897 0.8525803708651745 0.8526505907636666 0.8527803405186276 0.8524545121221905 0.8492395328147084 0.8429802657327079 0.8338509548161754 0.8220261342435053 0.8076816543914713 0.7907010821157932 0.7674383898505523 0.7420227467560998 0.7298924906434483 0.7316413088094915 0.7458641426445694 0.7694833977357336 0.8001393896359019 0.8349653352537647 0.8653227976443342 0.8913508615425343 0.9156830892635872 0.94361571756022 0.9778704035625975 1.0115996803410516 1.0361167274241754 1.0463554435580733 1.0410128503199232 1.029040211835376
0.8560767249459096 0.8542747392210699 0.85056012714704 0.8456806357425006 0.8403258404330659 0.835110872279645 0.8305597480735526 0.8270894714557443 0.8249962325551266 0.8244450020829897 0.8254635589341219 0.827941534129744 0.8316344891650833 0.8361725043589991 0.841072354408692 0.8457521547562404 0.8495473512042315 0.8517270204279551 0.8514574452816299 0.8480361503067699 0.8415627773660984 0.8322058261076235 0.8201334054426916 0.8055140167318215 0.7881723176857958 0.7642280671663169 0.7443359362783035 0.739923216268446 0.749412718509467 0.7686979555923044 0.7961602539838455 0.8303861517865423 0.8618156062346614 0.8875739836554639 0.9079981275781477 0.9245086432414518 0.9468831512077288 0.989941336764865 1.033067780368062 1.0637462509651643 1.0765030727744864 1.0671452160977521 1.0329101253187498
0.8503435893331 0.8434663691913143 0.8350687680670694 0.82596894052703 0.8169284446096299 0.808632574894547 0.8016696679970985 0.7965109278567906 0.7934926259251012 0.7928025545916928 0.7944722715654381 0.7983759927740055 0.8042361188181265 0.8116345479621354 0.8200283631527656 0.8287682893165219 0.8371184293890017 0.8442760144585995 0.8486791438173265 0.8470710904987234 0.8405968566613127 0.8312400189383797 0.8191651102860389 0.8045372262134368 0.787231267092903 0.7646035148523174 0.7519972711262046 0.7545506207464616 0.7678222432283457 0.7905256866392754 0.8220322608372113 0.8558712136113025 0.8843332882033299 0.9077243884601649 0.9261236394687034 0.9393762021030021 0.9528828331968718 1.0120144999688003 1.0646744189111672 1.1039642264660998 1.1258483609496097 1.1277786488014339 1.1166394806742388
0.835781229790314 0.8236262726349362 0.8103255677809929 0.7967779550619624 0.7838293460384331 0.7722489052629095 0.7627031526206246 0.7557300291278992 0.7517155496632992 0.7508758266706556 0.7532468125131715 0.7586830748010218 0.7668655231569091 0.7773166684438145 0.7894211572801031 0.8024492083372108 0.8155810103500785 0.8279306541134962 0.8379365182204532 0.8422435125389056 0.8398172878043557 0.8309841127957597 0.8191546471028963 0.8047878437938192 0.787891976077832 0.7691098033873625 0.7633488395283858 0.7687147298473731 0.7845805573282668 0.8105240248372687 0.8445759096724437 0.8757547398422172 0.9026170138542705 0.9260926468185342 0.9473773749993031 0.9692631803998791 1.000809467289879 1.0507368349808548 1.1059062775976989 1.15444169386686 1.1898007116259621 1.2078297449677038 1.2089782800881264
