_RESULTS/POSTPROCESSED/Berg/GZ/9comp/Berg_GZ_z_250_kriged_reverse_9comp_test_gaussian.asc
ncols 100
nrows 90
xllcorner  5.6208707817415728
yllcorner 50.959635321741573
cellsize 0.00013419651685393446
nodata_value 1.7014100000000001E+038
[rows 0 to 18 of 90, columns 0 to 43 of 100]
27.22383828504943 27.223806639630777 27.22376481263255 27.223711406091116 27.223645717963326 27.223568287419525 27.223481654986987 27.223391455673607 27.223308064364183 27.223249171255453 27.223243888895787 27.223339278007906 27.223610505044242 27.22417616549777 27.22522055503152 27.22702476215207 27.23000831337825 27.234782683444802 27.242217319935634 27.25351804848216 27.270317022024535 27.29477294953066 27.329680214216918 27.37858532199579 27.44590800420411 27.537060748498405 27.658552752696576 27.818050848020075 28.02435074839384 28.287189483251524 28.61680989416808 29.02318012899783 29.51478769159626 30.09698230763666 30.769944246313365 31.526500719519714 32.35017265600384 33.2139553441981 34.080383637581754 34.903394027700394 35.632229075351376 36.21685265623535 36.61338767199969 36.7882067380071
27.223776829807605 27.223717056601394 27.223637876619616 27.22353652258115 27.22341144814024 27.223263267047535 27.22309601136349 27.222918862733835 27.22274865772192 27.222613702292232 27.222559761063604 27.222659502221497 27.22302713501948 27.223840388579706 27.225372221265538 27.22803456416298 27.23243584150567 27.239452889468872 27.250316259154094 27.26670597618713 27.29085307055049 27.325641123427342 27.374702127194322 27.44250210311486 27.534413362794226 27.656770244330975 27.816901002902743 28.023117600347476 28.284625940474267 28.611293034238283 29.013180530873996 29.499737383083463 30.078554846613713 30.753644493613656 31.52332110182958 32.37795467033835 33.29805148728304 34.25323333023024 35.20264364315911 36.09722450436098 36.88417996343221 37.513105263921396 37.9415283142474 38.137386749991784
27.22366853836982 27.22355859579259 27.22341261280135 27.22322528268572 27.22299341059259 27.222717514449247 27.222403888332448 27.222067312184244 27.221734800266866 27.22145112144573 27.221287308326247 27.22135397472617 27.221821903309333 27.22295290106632 27.225144134336876 27.228988785015147 27.23535466216134 27.24548020720217 27.261084216217142 27.284481971249587 27.318697099746903 27.367556416611183 27.435755271570493 27.52888403258303 27.653411695263298 27.816628102043396 28.02654825986663 28.291776397585256 28.621310229981127 29.024237136300833 29.509239099666296 30.08379551895018 30.752974079592228 31.517758159401694 32.373002395200544 33.30534030375571 34.29161970725488 35.29852254374886 36.28375276229024 37.19880499285678 37.9934380406848 38.62175552707297 39.047413949553615 39.24388507583141
27.22348363507074 27.223286759285138 27.223024663610367 27.222687468183494 27.222268889326635 27.221768938007717 27.221197272422526 27.22057739357102 27.21995216066938 27.219391591346287 27.219004613510016 27.218957307044555 27.21950108367146 27.221014965627443 27.224066294421924 27.22949341401283 27.238511726875448 27.25284077440646 27.274844750168192 27.30767275131213 27.355379366276857 27.423002649002488 27.51657700523943 27.64306427213751 27.81019709032138 28.026242130078728 28.299702053748277 28.638977903373906 29.05200188432796 29.545821611506177 30.12607503487547 30.79625491392842 31.556649667633597 32.4029025628563 33.3242975959483 34.30217811392899 35.30924249059047 36.31050201688572 37.265957975993885 38.13388396341721 38.87381129340295 39.45006005849865 39.83527200639001 40.009215688762666
27.223178138268505 27.222835006128687 27.222376857308983 27.221785804983355 27.221049981973998 27.220168033381547 27.2191545123448 27.2180463128465 27.216910659664194 27.21585586365486 27.21504705880866 27.214730392556895 27.215270437009615 27.217206559871233 27.221334114810027 27.2288149532461 27.24131831997355 27.261187311518576 27.291617906554777 27.336828075287052 27.402185534934638 27.49425704128997 27.620742647806395 27.79026737086843 28.012020521157215 28.295257024768294 28.64869951505442 29.079896438510804 29.594591024623163 30.19613277588829 30.884918569672543 31.657798321289743 32.5073512911259 33.42098430435488 34.37998786876562 35.35905101776914 36.32715593445148 37.250697497137786 38.098209633330434 38.843609252646885 39.465070614159394 39.94192789235058 40.25439203892841 40.38360028432881
27.222690633119086 27.222108776818338 27.22132924491823 27.22032050764776 27.219060925282708 27.217546127400706 27.215797610186787 27.21387251132065 27.21187502293682 27.20997085751884 27.208407615650863 27.20754570406101 27.207906304848674 27.210244254615706 27.215653781516046 27.225712953409882 27.242667543669906 27.26964630954352 27.3108876365286 27.371943498953105 27.45981342653474 27.58295250549341 27.751097661387682 27.97486903108729 28.265129303152104 28.632121153424507 29.084445014996824 29.62797667220517 30.26484512013444 30.992585728655637 31.80354826960514 32.684583376208856 33.616985283037366 34.576690875823225 35.53490221404986 36.459648178035906 37.319126733050076 38.08720733775887 38.74916781091237 39.30253707731128 39.749178898330705 40.08385077170005 40.290257115584936 40.34535984034014
27.22194113365109 27.220981606880805 27.219690975892135 27.218015070755385 27.21591564680369 27.213382328292912 27.210446159368214 27.207194333131568 27.203786294960675 27.200472718831392 27.197620875574895 27.195752478859948 27.195602746671497 27.198211356245388 27.20505608949258 27.21823697135187 27.240711390014315 27.276568360882543 27.33131310170976 27.412113314161047 27.527939695356224 27.68952042592026 27.9090284640664 28.199436261039736 28.573507327276715 29.04244660427725 29.614296507068534 30.292233661304714 31.07298047793623 31.945582318685105 32.89080520703888 33.88138071758024 34.88327462535916 35.858097627719665 36.76671866717657 37.574073258891566 38.25493225673079 38.799511165175396 39.215851067080806 39.52457885342515 39.7453759176056 39.8834180022677 39.92677413760488 39.85392688761421
27.220834902708233 27.219296975689144 27.217218552464693 27.214508846591123 27.2111021686398 27.20697695404371 27.202176872040756 27.196832839812885 27.19118551120296 27.185609559696474 27.18064389496157 27.17703559310833 27.175809116332978 27.17837521278114 27.186694168350105 27.20350405039134 27.23261461444479 27.27925073566829 27.35040607825367 27.45514075061914 27.604730700155766 27.812558207576238 28.09362931723898 28.4636216491417 28.937408651918595 29.527074940148516 30.239530137813613 31.07394106128193 32.0193267418289 33.052790164940575 34.1389906806071 35.23157131428818 36.27722228330618 37.22256727948911 38.02281722687362 38.649629564914044 39.095270271629694 39.37164665406791 39.50455490236 39.52449631914894 39.45705221330872 39.317446426601215 39.11114576414642 38.836181421072055
27.21927556817117 27.216881506746553 27.213627592228196 27.209365286220947 27.203984706044647 27.197444432963252 27.189803976731064 27.18125640855519 27.17215951119179 27.163066111685254 27.15475816295133 27.14829427338884 27.145085803267804 27.147020764464397 27.15665543996752 27.17748848647188 27.214319163184015 27.273669108657927 27.364216479040348 27.49715552777022 27.686359833019825 27.94820139069385 28.30086925816575 28.76304783413802 29.351861883122538 30.080077760057844 30.952673082155457 31.963057237779406 33.089457720305454 34.292326378696096 35.514140823838055 36.68359126160705 37.72599229656169 38.578948328015464 39.20650347716392 39.6021278788786 39.778712105994565 39.756292818351206 39.55845278076537 39.215816338598295 38.767879841324124 38.25886983685919 37.729113306888465 37.205175755002635
27.217193384558897 27.21357719548835 27.20862797972051 27.202108319863694 27.19383891319583 27.18374445072303 27.17190286250828 27.15859327714026 27.14433890509146 27.129944078703755 27.11653003229874 27.10558119521741 27.099021476182156 27.09934604787364 27.10983560381109 27.134873786027796 27.18037172754748 27.2542750403574 27.36708910539954 27.532312291806804 27.766620947052957 28.089613868113155 28.522906843429496 29.088377780540764 29.805407035546565 30.687044596524128 31.73517948952846 32.93501519328152 34.24955586041579 35.615650542042026 36.94488347296697 38.13481426103645 39.09445335858085 39.77483476355659 40.17727191360629 40.321859554141184 40.207500168000934 39.81587864340156 39.157381152393185 38.30117346299357 37.35586057947627 36.425788606712686 35.58106287066159 34.85192347809257
27.214595580763422 27.209301892707096 27.201994438632017 27.192302258332575 27.179939557103733 27.164775039423873 27.146905519949627 27.126725761560998 27.104987256555724 27.082842558317495 27.061879050930983 27.04415604263698 27.03226995871909 27.029481201546417 27.039939071718628 27.069033868492042 27.12388444338013 27.21393344354365 27.35157262586742 27.552662002765093 27.836747567005517 28.22673293701305 28.74772972098954 29.42480689744546 30.279387495372784 31.32411012320166 32.55609909946094 33.94882772436874 35.44340735255579 36.942234978372774 38.31330658630258 39.42002438990088 40.18108459776605 40.61643761980901 40.80002034343534 40.73229958320911 40.29152365213092 39.361378411061956 37.992294995626075 36.40488857900086 34.85788396154197 33.528455755298744 32.47928009074056 31.69160227195124
27.211645706576437 27.204147399623878 27.193684930138453 27.17969132704303 27.161721112729754 27.13955313650052 27.11329892279355 27.083503362457016 27.051225049010192 27.018088506694326 26.986310383952056 26.95871548611068 26.938773794180214 26.930702323430246 26.939680690925805 26.97222124660196 27.036709260987184 27.14408409606952 27.308570392344933 27.548295220256175 27.885552348630483 28.346408555889006 28.959297159083064 29.752214529763172 30.748126679073085 31.95820038456436 33.3724870126658 34.94779318048769 36.59348160330425 38.161147689188226 39.45915798174755 40.32811295973866 40.76731882579369 40.96325188240978 41.06931465915783 40.92724530998721 40.142395665400265 38.50925245685853 36.25183882981851 33.83659111335438 31.67808913723322 29.99530959412985 28.81677984293646 28.057714657996303
27.208776869465034 27.19852208900108 27.184016405435795 27.16441163465049 27.139028056948284 27.107504070272682 27.06995314388517 27.02710744902921 26.98042742338676 26.932162733892582 26.885363264460217 26.843857651102233 26.812238120611703 26.795908539964742 26.801260911432053 26.836037218584657 26.909903228074956 27.03520652762736 27.227815303308102 27.507844558568745 27.8999832593017 28.433049330599538 29.13832469299995 30.04615673519511 31.180240675547005 32.54887450134758 34.13221189769463 35.86423388606954 37.60980764472336 39.14947535936419 40.22093344044199 40.68862613412399 40.759776886164936 40.88542921675843 41.218758922550016 41.241568011227336 40.21755813012911 37.99241973424727 35.054601925022496 32.03788099131158 29.397429857821265 27.34520474013565 25.900369650826843 24.976929656815543
27.206838883896612 27.19333883370365 27.173899867903163 27.147279206368935 27.112460735820054 27.068868703826737 27.016591416131032 26.95658380136373 26.890816555495512 26.822347281664676 26.755306538216068 26.694817369948677 26.646896136972387 26.618408036629276 26.617163818502103 26.652236125697858 26.734538183404936 26.877642033764822 27.098721749826332 27.419398155765823 27.86614749884268 28.469826938789467 29.263765974361615 30.279761950597056 31.54115781143722 33.051852893749576 34.77935696735939 36.62900542916599 38.409554180271996 39.81641267580139 40.530148789724784 40.531230836251616 40.36236520656823 40.73079773666648 41.60600534917423 41.965832619839674 40.8596005257358 38.370823046024064 35.17707027910079 31.886501730183937 28.885954319306062 26.37947094760372 24.440558979368653 23.065263619177376
27.20727112712595 27.19023852957886 27.165123573308424 27.130141599270534 27.083803262127436 27.025213985770236 26.954387623600866 26.872528757860927 26.78223526745181 26.6875822462787 26.59407144767251 26.508464997580855 26.43856198471895 26.39301207696368 26.381280038827153 26.41386792253267 26.502859952917706 26.6627766110463 26.9116142005873 27.27181571712801 27.77078207602678 28.440399327886084 29.31492481607051 30.426418656796045 31.796651921739766 33.423859473965585 35.26141760104683 37.183935397387394 38.94253177194095 40.1577563156292 40.5062032536496 40.1791686012997 40.06102808896742 40.935023103348726 42.37112857630312 42.87666401462577 41.58747369223961 38.91624708423718 35.57877702695182 32.06939921182513 28.71763816297698 25.76063410165531 23.354617946808656 21.577186630175508
27.212281553934748 27.191824964661652 27.160654932858314 27.116258103407436 27.05649265826709 26.980000279828392 26.886638892389946 26.777871287217124 26.657039416480504 26.529465611740292 26.402352253698407 26.2844976087523 26.185899358857355 26.117366025254334 26.090285101742943 26.116691362050254 26.209730080502514 26.38451600553105 26.65925723052315 27.05635863556182 27.60305943456044 28.331004207889293 29.273991545977545 30.462955824036648 31.916916421474728 33.627901904127505 35.5362536401873 37.491317334415115 39.20403366097587 40.26505301019861 40.419564132455534 40.08112891923638 40.300985362044706 41.65842265090342 43.214702572698 43.31349494919693 41.5075973782831 38.454748876657256 34.802877063160835 30.982887769892542 27.336960467313958 24.142386548473436 21.583845174499096 19.743145177608014
27.224999255844384 27.20187001272287 27.16491058844312 27.110647525846627 27.03605700692322 26.939121493340313 26.81941734633948 26.678643205876334 26.520989893731777 26.353266363335276 26.1847356322424 26.02667585315822 25.89175357481965 25.793361970756205 25.745117104441434 25.760702614212327 25.854196126685185 26.04089803624908 26.338526087649615 26.768458193428962 27.356523358006708 28.13266963130771 29.128673670392697 30.372864773482135 31.880518383808376 33.63787604842418 35.576377904667524 37.53372357307308 39.21541264724787 40.245226244878815 40.479207263454256 40.44518989373899 41.08362780917834 42.54809976104673 43.560914089967795 42.805914677795165 40.34194582079545 36.85692465306909 32.891090987629646 28.856545252925358 25.112691206642996 21.936937680512816 19.489712982526424 17.81859540657182
27.249555857320917 27.225432588626646 27.18392459611549 27.120318529558986 27.03042143099005 26.911299833404208 26.762065398488904 26.584584364831088 26.38397378005636 26.168763785989274 25.950656182443694 25.743889922737605 25.564319172910547 25.428397073090174 25.352313842478285 25.351539278253348 25.440952549277323 25.635605682840833 25.95197823335936 26.40936987236508 27.03087575653342 27.84321322777276 28.874514455018108 30.149042870103482 31.677565869503628 33.44168127183782 35.369824774491214 37.30485772892723 38.98281698578122 40.10584240607566 40.623248859234735 41.00865555836933 41.86108038680114 42.91062473646363 42.965512165644846 41.333115423762465 38.34485487160414 34.56380982068844 30.44438853498046 26.391758811678994 22.758119811620762 19.789090207270803 17.601019266723807 16.204023165944484
27.291043703384894 27.2688252916868 27.225332652039626 27.154282760882527 27.04996310531612 26.90819648435324 26.727375539766562 26.50940338785281 26.260355061546363 25.99069351926648 25.71493933547745 25.450797697593785 25.21787001560018 25.036192117189458 24.924916529741196 24.9014651319527 24.981400097900604 25.17909286113737 25.509038968871057 25.987420368787735 26.633301365483046 27.46867909002463 28.51648884816117 29.79557752029859 31.311593280376965 33.042712274513114 34.91955281028506 36.802446776451546 38.47688342025872 39.72778730521595 40.53796217095281 41.19875656273288 41.918013003759995 42.23793976545587 41.36822347024825 39.104246981953175 35.802953509911035 31.90240720972864 27.815092871428053 23.93412695955838 20.579614672751788 17.947458871802567 16.10743578900457 15.041050365311968
