_RESULTS/POSTPROCESSED/Berg/GZ/9comp/Berg_GZ_z_355_kriged_reverse_9comp_test_linear.asc
ncols 100
nrows 90
xllcorner  5.6208707817415728
yllcorner 50.959635321741573
cellsize 0.00013419651685393446
nodata_value 1.7014100000000001E+038
[rows 57 to 75 of 90, columns 0 to 42 of 100]
2.0579419473494154 2.0823578687907873 2.110038262852573 2.1418958221916258 2.178929698221265 2.222099091200679 2.272169506759276 2.3295251554944847 2.3939249066072525 2.4641697415611548 2.537656966073632 2.609850259625798 2.673861043005007 2.7206746099089956 2.740841494589635 2.727799094557989 2.680909510923239 2.6054296636107295 2.5095256000213504 2.401139833674687 2.2864629600117334 2.1697707818071024 2.0538386046077286 1.9404436174180157 1.830783101607034 1.7257877517183298 1.6263600032625565 1.5335821231084557 1.4489479134918508 1.3746751362946668 1.3140946328268666 1.2717883680350375 1.2524665742895418 1.2581316539204404 1.286575075055714 1.333670892912772 1.3961460075597476 1.472371742811334 1.5620429424985578 1.6656953740555938 1.7842871312736628 1.9187664320427622 2.069443031492901
1.9355669896513303 1.9591082823827728 1.986744988292974 2.019417636906349 2.058160160799024 2.1040167758203476 2.1579293962832966 2.2205829308774137 2.292178150166271 2.372077885706676 2.4582438591631255 2.546372416399747 2.628761592774944 2.693529505738908 2.726152151828033 2.715532659774694 2.661244214367283 2.5732863153487515 2.464828934992798 2.3465820956462173 2.22553699641215 2.105785838898192 1.9896028988067722 1.8782509599200687 1.7725024379510137 1.6729685697263927 1.5803193193668141 1.4954521211199472 1.4196460846381245 1.3547069214739167 1.303034158878306 1.2674057366957587 1.250226204868325 1.2524483262997341 1.2731469282946257 1.3102923603578622 1.361900051743447 1.4266582776656522 1.503987682862743 1.5938245480369675 1.696295614807335 1.8112917475449009 1.9378528378004916
1.814314139717833 1.8359715259483458 1.8622617698604378 1.8941686277063683 1.9327894521739577 1.9792875091210809 2.0348216983744254 2.100440980303395 2.1769137372103153 2.2644300695963278 2.362051225863951 2.466658016677282 2.5709845051635782 2.660571334831041 2.712394869190629 2.7048346884077374 2.6379296608809595 2.5323381020705766 2.409223986984263 2.2815949024925466 2.1559964296865517 2.0354262222548156 1.9211555172331196 1.8136889780597143 1.7132615094401522 1.6201052973360033 1.5346049491469322 1.4573981767139808 1.389444393360815 1.3320521445990665 1.2868174628983706 1.2553960269969617 1.2390837863495143 1.2383734734505871 1.252816326263265 1.2813285456290529 1.322692180576403 1.3759157516719738 1.4403388328293485 1.515534711546063 1.6010800682919917 1.696211867754932 1.7993534707399812
1.6946453372003383 1.713504874602911 1.7372641173428842 1.7669373155430403 1.8036740085581857 1.8487396237601879 1.9034838173474233 1.9692890611220906 2.0474808980142782 2.1391568162948 2.24482982620345 2.363613053520611 2.491160258671883 2.6141447196757612 2.698413087457763 2.694032378831383 2.602697392383141 2.472753149103239 2.3349268426264818 2.200846130765378 2.0742966913299417 1.9562272745273284 1.8465953828474848 1.7450856060903346 1.6514132855805965 1.5654625337735213 1.4873522396325547 1.417465888897587 1.3564539571376875 1.305199380782281 1.2647235369163772 1.2360135543489976 1.2197912488109353 1.2163128792095639 1.225317546084353 1.2461615812376343 1.278047551695911 1.320212844009814 1.3720009829292117 1.4328091042475728 1.5019324646459058 1.5783234833285138 1.6602801402913137
1.5771835679796113 1.5924602913249664 1.6126585580041115 1.6387935047543793 1.6720293047107844 1.7136786109112192 1.765197966639029 1.828177319983398 1.9043184249155152 1.9953896888139422 2.1031259535077838 2.2289784241984205 2.373352195627153 2.532414398698347 2.6773389564111483 2.6740882175871117 2.533254425350438 2.3783487878298835 2.2328477040166095 2.099531010924213 1.9778532165082277 1.8666658608185474 1.7648523591411038 1.6715142238358591 1.5860280396282191 1.5080568936064873 1.4375420370410597 1.374681549893735 1.3198938302806966 1.2737583084400115 1.2369248420430592 1.2099916716837134 1.1933724890495478 1.1871961535627364 1.1912833421034472 1.205208876336777 1.2284103872141283 1.2602835159907562 1.3002201537068654 1.3475750745336108 1.401565901481333 1.4611202542992272 1.524693081902453
1.4626744206633986 1.4737456413485732 1.4895495487752999 1.5110665409424728 1.539427150445081 1.5759194679889663 1.6219948008842602 1.6792708029162728 1.7495304570831312 1.8347142358456143 1.9369011526362045 2.0582701520202185 2.2010144014554247 2.3670466458046238 2.554775314322004 2.5512059566812657 2.3837543962508594 2.232435640538148 2.0972076332322365 1.9758436287179044 1.8662749206795382 1.7667817115967162 1.6760123901772148 1.5929684251354623 1.516978725976052 1.4476692936610336 1.3849289115288952 1.3288691688328857 1.2797755105603377 1.2380455845701324 1.2041133234375463 1.1783634311813707 1.1610503523234605 1.1522426991428654 1.1518102752422987 1.15945412783865 1.1747601583056038 1.1972473407244748 1.2263867044968062 1.2615800011808531 1.3020991721189685 1.3469971284834115 1.3950098458359634
1.3519384354806723 1.3583696998839423 1.3691780754168255 1.3852772758081096 1.4077204527510978 1.437706421880493 1.476580432512585 1.525824589874511 1.5870281815829619 1.6618169667535512 1.7516900760374952 1.8576155606798923 1.978861052250215 2.108798932119551 2.217588373809912 2.2289563271793225 2.145480156823825 2.038002211944007 1.9320504651615045 1.8331901570524944 1.7421549640205596 1.6584661376838978 1.5814158641856306 1.5103778294603065 1.4449079346923699 1.3847673438872197 1.329911626774399 1.280461699365649 1.236662284069073 1.198830425711632 1.1672970235069402 1.1423471385587205 1.1241683117720582 1.112817370595363 1.1082124795165258 1.1101487257045644 1.1183265151143607 1.1323776140390005 1.1518756600629523 1.1763242484834646 1.2051230705977727 1.2375194885817615 1.272559610309492
1.2458176033556965 1.2473758545253502 1.2528392418621166 1.2630332719652526 1.2789054925281989 1.3015258419787157 1.332075255364498 1.371811920202992 1.4219949109349725 1.4837240381497607 1.5576052434504173 1.6430261199770695 1.7365183760026899 1.828168945616414 1.89650241908664 1.9150997389874123 1.8825107396083112 1.8216227923882717 1.751094143790937 1.6796472231110606 1.6106356495338374 1.5451566809420048 1.483441043538359 1.4254413949767923 1.3710818551346393 1.3203590104180831 1.2733730393047251 1.2303229661998178 1.1914818171009667 1.1571601742175885 1.1276643367907373 1.103255278128982 1.0841149927286347 1.0703260165381947 1.0618669082701022 1.0586217817129169 1.0603974997190786 1.066939986567962 1.0779421083570635 1.0930389584018418 1.111790790735817 1.1336582899692995 1.1579789283377915
1.14512128517665 1.1417725246038337 1.1417913763824388 1.145906560649152 1.1549512822624377 1.1698581391890817 1.1916373235326945 1.2213239999324985 1.2598702232149417 1.307937858398333 1.3655150288787605 1.4312258519286654 1.5011768354832193 1.567481227078071 1.6180943813409916 1.6417035644342677 1.636176391351724 1.6090093162468333 1.569634351610191 1.524694279648816 1.4778807931718296 1.4310350670144407 1.385036320757516 1.3403226330302391 1.2971656100887214 1.2558054259927192 1.2165089517428231 1.1795849023131761 1.1453745658657426 1.1142291688192636 1.086481551342915 1.0624183620593717 1.0422579792382844 1.0261378630283229 1.0141126610513482 1.0061614921916193 1.0022003506587414 1.0020944305234476 1.0056657255345915 1.0126931810349369 1.022905296099181 1.0359677923183448 1.0514713545623888
1.0505774793984977 1.04246953236495 1.0371714308484035 1.0353179001684882 1.0376356361423789 1.0449367436554373 1.058093885464271 1.077982559544855 1.1053678323759164 1.1407026248898529 1.183795713887467 1.2333161166979212 1.286181342867206 1.3371504937283814 1.379432384871372 1.4070536973743897 1.4177684355283964 1.4135560406828467 1.3984190779492067 1.376151422900573 1.3494821093895315 1.3201421417748684 1.2891902679290888 1.257304153840742 1.2249760821347864 1.1926271538750193 1.160665051305188 1.1295054265019053 1.0995708474190438 1.0712769973019698 1.045013306780446 1.0211236244955542 0.9998911906693516 0.9815306083006055 0.9661876015136002 0.9539453725985456 0.9448348050258926 0.9388450444980807 0.9359312726327463 0.936017591316536 0.9389945056359897 0.9447121763811427 0.9529721236886979
0.9627945636396052 0.9502284464955771 0.9399295235579358 0.9324484337360198 0.928422618767034 0.9285734304466833 0.9336866816336501 0.9445631185387413 0.9619197215386767 0.986219509985934 1.0174135217249511 1.0546078627091262 1.0957435556640942 1.1375076024751967 1.1757917884722608 1.2068055975950827 1.2283023594606604 1.2400115916708137 1.2430648451444228 1.2390894153977519 1.2295988789566257 1.2157822724434015 1.1985242498777597 1.1785000717534286 1.1562682635144967 1.132336568812972 1.107199592713676 1.0813536672939625 1.0552956792220654 1.02951209966463 1.004463627221975 0.9805699412452767 0.9581979800025019 0.9376558281765148 0.9191927888307959 0.9030047511384118 0.8892428413735828 0.8780227902003488 0.8694325297661251 0.8635361486951456 0.8603732939990051 0.8599542305702318 0.8622518986323124
0.8822366674086578 0.8656317530708749 0.8507901992115513 0.8381905623465915 0.8283996895388939 0.8220779802108866 0.8199722139216853 0.8228833390642907 0.8315914115636126 0.8467186512346351 0.8685222141153156 0.8966401493396368 0.9298694579030637 0.966113402983317 1.0026359842665482 1.0366281022691488 1.0658512446501263 1.0890119761442063 1.1057181835531318 1.1161732232997743 1.1208556393822253 1.1203151933557804 1.115087589312375 1.1056808428000118 1.0925904234157713 1.07631815278943 1.0573839710822175 1.0363277383842102 1.013702175451428 0.9900597740599741 0.9659370802731045 0.9418396350216853 0.9182302359881683 0.8955221959444098 0.8740780887563165 0.8542133164807139 0.8362029174187033 0.8202895135864032 0.8066902078352706 0.795600536843308 0.7871941833926387 0.7816179832777423 0.778982780868131
0.8092133424298295 0.7890717352653719 0.7702414848751035 0.753138996492445 0.7382742204575587 0.7262670190268552 0.7178570689053831 0.7138950742735211 0.7152953358022218 0.7229251448553984 0.7374158503098234 0.7589156239699077 0.7868603147476857 0.8198795265863045 0.8559300110674625 0.8926459036281935 0.9277727598038024 0.9595050022200686 0.9866196957389181 1.0084277315752876 1.0246386596776336 1.0352258888496328 1.0403315744592876 1.0402128849670598 1.0352160306433191 1.025763625091184 1.012345334668149 0.9955065121416443 0.9758331095316354 0.9539335039398917 0.9304191626821114 0.905886529651098 0.8809023091291375 0.8559936393806781 0.8316436986861719 0.808292294964532 0.7863401493561317 0.7661550155858595 0.7480775212760432 0.7324246637952794 0.7194892320899392 0.7095340878748169 0.7027812774239541
0.7438818933998959 0.7207563779533609 0.6985472596525582 0.6776142930808469 0.6584157231211609 0.6415367809621304 0.6277197412619773 0.6178844326114598 0.6131151970932588 0.6145757009008526 0.6233136838053348 0.6399620652317303 0.6644325463955508 0.6957598665517545 0.732198567394518 0.7715314680913674 0.8114496179261336 0.8498670454749989 0.8851002322097894 0.915914729223144 0.9414850348838442 0.9613205211034686 0.9751933657848316 0.9830833470431374 0.9851399819684581 0.9816563248867748 0.9730479940269737 0.9598327232105694 0.9426081014658324 0.9220272787755659 0.8987739144430931 0.8735384148491068 0.8469975832390795 0.8197993231376703 0.7925532061938909 0.7658267622105631 0.7401464668504735 0.7160017115095569 0.6938495858765831 0.6741180965369472 0.657205523866373 0.6434741079697546 0.6332373435433061
0.6862591375469538 0.6607272676060897 0.6357750542435849 0.6117064913923582 0.5889243680888564 0.5679694469317007 0.5495715484215503 0.5347061500205125 0.524631563680373 0.5208479512468024 0.5248903558583896 0.5379153102600753 0.5602223474924172 0.5910113386986895 0.6285388030031963 0.6705250223660232 0.7145643347232863 0.7584126184104514 0.8001434994573096 0.8382059745786721 0.8714202158585417 0.8989429803895258 0.9202250664007227 0.9349729558820047 0.9431181578616863 0.9447925132118544 0.9403057415869264 0.9301218007626837 0.9148320988299242 0.8951253998603044 0.8717558175002471 0.8455112614967217 0.8171849646309314 0.7875523311437056 0.7573545038045754 0.7272889916449999 0.6980066543657755 0.6701134405113145 0.6441745708085831 0.6207183454183227 0.6002364824061102 0.5831780731802846 0.569935280046457
0.636238706672681 0.6088836021965865 0.5818303304942394 0.5553253786878611 0.5297061610404062 0.5054460991378041 0.48322292525870914 0.4640153634082668 0.4492160878515044 0.4406913771896206 0.4406085494591346 0.4508272705737137 0.4720327977290298 0.503328933500881 0.5426465242721773 0.5874490605256734 0.6352119222208406 0.6836302775161176 0.7306889854976423 0.7746811425193983 0.8142067314810206 0.8481620979261651 0.8757261567595 0.8963470312926295 0.90973011512314 0.9158260445680468 0.9148157270578849 0.9070896591088244 0.8932199981835827 0.8739256667193817 0.850032554807396 0.8224321504761883 0.7920423815643803 0.7597740789176709 0.7265054641349873 0.6930657355689652 0.6602274687234216 0.6287063453665062 0.5991657182693356 0.5722226430169237 0.5484512342419536 0.5283787572351731 0.5124704678140776
0.5936102640960094 0.5650069442282964 0.5364891703881596 0.5082452627415603 0.48053721052185877 0.453743294827622 0.42843150375312816 0.4054862290887101 0.38631507563707523 0.37311498193810544 0.3689337088813997 0.3768273131918032 0.39800380513468314 0.4309907638198921 0.47288775060389393 0.520734071835131 0.5719449790887985 0.6242849449488295 0.6757850224382956 0.7247018835391207 0.7695108478199025 0.8089148378573533 0.8418589372509238 0.8675459266196917 0.8854499397912019 0.8953250911534862 0.89720544032713 0.8913930492303869 0.8784324155672704 0.8590718978654419 0.8342152030289145 0.8048678690676002 0.7720844523743506 0.7369217104186752 0.7004017110990244 0.6634869598759944 0.6270677724735372 0.59196051830875 0.558914049275217 0.5286204119041618 0.5017245387872323 0.4788260280429173 0.46046529071998793
0.5580779839401578 0.5287829576971602 0.4994237314868793 0.47013527228829227 0.4411024015190732 0.4125904231088173 0.3850036201274896 0.35900502932302025 0.33577556697032085 0.31756421847700533 0.30852843587384204 0.3142171976341633 0.33687858836658513 0.373136124173435 0.4184294202068558 0.4694371386993278 0.5237661924356188 0.5794377696844201 0.634648990664183 0.6877016538451047 0.7370048028532812 0.7811071208777282 0.8187403958138033 0.8488655938429084 0.8707161447845018 0.8838331074924772 0.8880864656666352 0.8836773887634258 0.871118453286147 0.851192268458668 0.8248927540231652 0.7933563301024917 0.7577916413157998 0.7194159145862811 0.6794040457096027 0.6388537971648296 0.5987678413686819 0.5600512792700505 0.5235217526476719 0.4899279523698326 0.45997043996146464 0.43431545860192 0.4135881840802354
0.5292770170607273 0.49981868344827485 0.47021854278295133 0.4405715760484508 0.4109995782152362 0.38166503831414084 0.35279875270753125 0.3247632190344436 0.2982249195342128 0.27471898593675853 0.25873119626636504 0.26161022231575826 0.2888324446638023 0.33031008037114873 0.3793500743532809 0.4331738344342145 0.4900406225017014 0.5483956350729645 0.6066627412108591 0.6632176218201227 0.7164214746685392 0.764679437594009 0.8065108846535572 0.8406250823911778 0.8659961454412063 0.8819295614408144 0.8881110275553085 0.8846286375252742 0.8719624351449944 0.8509406710835024 0.8226682845919476 0.7884381902650934 0.7496383217224958 0.7076666258796768 0.6638630414616087 0.6194633136561792 0.5755756335046257 0.5331783598751094 0.49313560257905653 0.45622663674372477 0.4231836170336777 0.3947275357582952 0.3715822920932741
