_RESULTS/POSTPROCESSED/Berg/GZ/9comp/Berg_GZ_z_180_kriged_reverse_9comp_test_spherical.asc
ncols 100
nrows 90
xllcorner  5.6208707817415728
yllcorner 50.959635321741573
cellsize 0.00013419651685393446
nodata_value 1.7014100000000001E+038
[rows 60 to 79 of 90, columns 44 to 87 of 100]
52.66594673531203 52.52453466467234 52.4326934543498 52.44452718635454 52.580714838336995 52.82532518799855 53.152570376832365 53.530570378304375 53.92506033698602 54.28794442421459 54.57242982169163 54.78204077687735 54.923096379783374 55.009402873362646 55.05171422995664 55.06119868201751 55.0534021375625 55.02743199885028 54.921941490710694 54.62472902790185 54.12267657725717 53.49335077208819 52.869957373602446 52.39885958241637 52.1602198449369 52.128891998112934 52.227955815073315 52.39056388151363 52.57727441917748 52.77052913701448 52.976337875433344 53.23706351993799 53.54508837899512 53.814455328415 54.04209140680789 54.23959996338298 54.38721367347401 54.45353319756758 54.45745350804639 54.45745350804639 54.45745350804639 54.45745350804639 54.45745350804639 54.45745350804639
53.02132582746207 52.90560061288855 52.832510350096754 52.84638521252095 52.975320338304485 53.19893293787803 53.495370904504256 53.83726022082118 54.19436453729827 54.53003356946442 54.79311678586072 54.983197175033574 55.10796230212842 55.17684779455897 55.20165404415681 55.195367366730544 55.16435222527124 55.10580601519393 54.96922772198233 54.68822540346538 54.25104602140129 53.70978350907717 53.15925650257185 52.699822308186405 52.39533522242469 52.253183228596086 52.24148999449791 52.319140916183635 52.45358940379117 52.62518348318576 52.85503283271169 53.16091920452444 53.512748749021874 53.82358381888568 54.0930127657114 54.292575765335215 54.41382747170178 54.457360454568985 54.45745350804639 54.45745350804639 54.45745350804639 54.45745350804639 54.45745350804639 54.45745350804639
53.34793251511372 53.25363911105833 53.19591108825444 53.19902682770267 53.31686909678659 53.51915209702193 53.78631738349785 54.09457868545513 54.41739014004246 54.72681906636107 54.97528904485216 55.15160386814241 55.26496512588102 55.32545390538952 55.34341059084851 55.32626212412832 55.277280678946774 55.203028193660195 55.061821179748435 54.80437257868306 54.417546752830944 53.94679518459874 53.45898080123344 53.025555807229416 52.69834233503138 52.49697323006789 52.41374724653076 52.4277558365955 52.51706765999329 52.67569931716525 52.92780203070606 53.26773290872943 53.63905382285517 53.94921327846749 54.185033676949644 54.34777458965998 54.438100565977166 54.45745350804639 54.45745350804639 54.45745350804639 54.45745350804639 54.45745350804639 54.45745350804639 54.45745350804639
53.63905536420952 53.56476554367139 53.519557140472074 53.51190853082869 53.60406379674063 53.78375250398385 54.021960187137694 54.2979503044218 54.58852242802805 54.86982610918295 55.1093598654265 55.277521564583964 55.38294862763503 55.43537691737544 55.44283188327185 55.40968288635695 55.35521172796487 55.27300376645111 55.13535747687509 54.91443764055438 54.60011729217575 54.21059189631592 53.78911830417984 53.39278010942311 53.07047905833181 52.84596684174686 52.724234181459906 52.697941814536684 52.75757371298394 52.922582543468636 53.18531008221744 53.51950477067447 53.8341383554354 54.086760862166784 54.275158076261555 54.398247129419396 54.45426498420187 54.45745350804639 54.45745350804639 54.45745350804639 54.45745350804639 54.45745350804639 54.45745350804639 54.45745350804639
53.89206762044629 53.83501351578466 53.80029342686113 53.79073184339656 53.843129355032474 53.99180116198791 54.20047192307308 54.44442618836022 54.70344742119953 54.95679269667243 55.18384180890595 55.34897343013038 55.44927926486082 55.49376484223632 55.48866528737864 55.45386614928155 55.39949270635989 55.31538892347319 55.18501806322145 54.99294031919489 54.73449579093598 54.42192466904332 54.083212691594454 53.75447281907972 53.46993689324343 53.25414649923 53.1189049680678 53.06521270812124 53.1093292600105 53.253806492951526 53.48540779205507 53.769902659413816 54.017912978635685 54.2142165558904 54.354924022526404 54.436875053943425 54.45745350804639 54.45745350804639 54.45745350804639 54.45745350804639 54.45745350804639 54.45745350804639 54.45745350804639 54.45745350804639
54.1029483737814 54.06080392171011 54.03506681275114 54.02796911466703 54.04844869058798 54.148427437562354 54.32113663560373 54.53233562806253 54.759201962604706 54.98363865570426 55.188548902752046 55.35292476672199 55.45097051502164 55.488539416018114 55.48661329360075 55.460316376120936 55.4095026545157 55.32841781665413 55.20786175007824 55.03985106843462 54.823129665086746 54.56672655405291 54.289595012219216 54.01650562089764 53.77219243049316 53.576240255395014 53.440780213752326 53.38830513602338 53.42959346391909 53.560092441110385 53.76943146961176 53.99293555429184 54.17949157311721 54.322354677817174 54.41633222270844 54.45641414221648 54.45745350804639 54.45745350804639 54.45745350804639 54.45745350804639 54.45745350804639 54.45745350804639 54.45745350804639 54.45745350804639
54.293395153394144 54.263647758344256 54.23930571971276 54.224814831109526 54.22558106787051 54.27271631886135 54.39099459313351 54.56114227888619 54.754259748313515 54.94755527458106 55.12581514521821 55.27568025168071 55.37571533730691 55.42625447706983 55.441153871095416 55.426164615820554 55.38284615710286 55.308979857115425 55.20031031514109 55.053528895902424 54.86954545951951 54.655612501207564 54.42525939114676 54.196033902743004 53.98603251728936 53.81207666269353 53.701137020499615 53.667118360307775 53.71378757929058 53.838526571716535 54.01716268281037 54.17919002633529 54.31019695066326 54.403151516711 54.451773127283346 54.45745350804639 54.45745350804639 54.45745350804639 54.45745350804639 54.45745350804639 54.45745350804639 54.45745350804639 54.45745350804639 54.45745350804639
54.57449764314867 54.555163934019866 54.52488451933506 54.488104486967025 54.45075703164939 54.42143388376597 54.447001044724665 54.54413279513054 54.68948383505035 54.847591242218286 54.994961224109495 55.1237948309086 55.235527516056514 55.31210598291179 55.347151411775656 55.34721499827218 55.31557421644651 55.252790788590744 55.158043244660334 55.031086286478214 54.87427202237099 54.693863127645855 54.500073897131884 54.30579962260993 54.13029107140584 53.99659825321421 53.919046054002806 53.90696511789814 53.96412371707285 54.0854197221232 54.213383164292864 54.32193318147791 54.40301563061689 54.44934496886906 54.45745350804639 54.45745350804639 54.45745350804639 54.45745350804639 54.45745350804639 54.45745350804639 54.45745350804639 54.45745350804639 54.45745350804639 54.45745350804639
54.94271566524951 54.93251799706638 54.89502761305215 54.83480857733473 54.75837753264331 54.67389048073842 54.59509833618037 54.56788601963669 54.601866958745504 54.69724878613322 54.8175895423905 54.9381048188861 55.04698204800842 55.138698910624605 55.198225061754805 55.21777888342261 55.20223462888336 55.15435095848896 55.07577679339527 54.968373863304144 54.83551465953629 54.68294715197093 54.52254506436468 54.36988392667321 54.23993541946237 54.146808278563 54.10203066850384 54.113301926518055 54.183379889307915 54.273990036403966 54.35420265969875 54.41598050751843 54.45168349622816 54.45745350804639 54.45745350804639 54.45745350804639 54.45745350804639 54.45745350804639 54.45745350804639 54.45745350804639 54.45745350804639 54.45745350804639 54.45745350804639 54.45745350804639
55.38207638203665 55.3771253860588 55.33024278724452 55.24520252267078 55.128943747421225 54.991209643190686 54.84409378997201 54.70560093070925 54.61995701093917 54.600812157532054 54.65274167111326 54.74640344072378 54.83827330275371 54.92061780221149 54.98781696161865 55.03063678417624 55.035864058826924 55.0070532255525 54.94809393114608 54.86334296766181 54.75859006639647 54.64169700325294 54.52266698833627 54.41307728294764 54.32500687960326 54.26972294786575 54.25640805692803 54.29094634169059 54.34655428379587 54.39744659661066 54.436466825616215 54.456337184642635 54.45745350804639 54.45745350804639 54.45745350804639 54.45745350804639 54.45745350804639 54.45745350804639 54.45745350804639 54.45745350804639 54.45745350804639 54.45745350804639 54.45745350804639 54.45745350804639
55.91486334055816 55.908368410017474 55.84674340654432 55.73433523017475 55.57907334935247 55.391966893162135 55.18650995827856 54.97808500602475 54.78446473170422 54.64416696443944 54.57673022805161 54.589789550719935 54.65440511073283 54.71641565184977 54.76923061703085 54.80837315523095 54.83086987000873 54.827234170337604 54.795086852815864 54.740069333999585 54.668699721976836 54.588740459893806 54.509196897127275 54.43990396362194 54.39077170252832 54.37084074432108 54.38595399388316 54.41287852581694 54.437507971289065 54.45404258527694 54.45745350804639 54.45745350804639 54.45745350804639 54.45745350804639 54.45745350804639 54.45745350804639 54.45745350804639 54.45745350804639 54.45745350804639 54.45745350804639 54.45745350804639 54.45745350804639 54.45745350804639 54.45745350804639
56.53310330888812 56.52496529285078 56.44769048493359 56.306410647225526 56.11037609280556 55.87221334015546 55.607101890994414 55.33202247391711 55.065143627836896 54.82532914531616 54.63793949308929 54.53320367627006 54.52192964656201 54.559195447217114 54.593468843640345 54.620079989055206 54.635819301342515 54.63892851815429 54.629071485553006 54.60598063417661 54.569348871613556 54.526274548460094 54.48495730592193 54.453889155302925 54.44129604557403 54.44652958654539 54.45319482743942 54.45730461058699 54.45745350804639 54.45745350804639 54.45745350804639 54.45745350804639 54.45745350804639 54.45745350804639 54.45745350804639 54.45745350804639 54.45745350804639 54.45745350804639 54.45745350804639 54.45745350804639 54.45745350804639 54.45745350804639 54.45745350804639 54.45745350804639
57.21849918938181 57.20857478542328 57.11434851953345 56.942082411342746 56.70286986908396 56.41148593545029 56.085206471792034 55.742841758291625 55.40406041440299 55.0889500552978 54.8176943731873 54.61022425156917 54.48839894647149 54.47078435109166 54.484493322218874 54.496843774988754 54.50469493394371 54.506288208197496 54.50128402776805 54.490767634834555 54.477229059580836 54.46450099400584 54.45762154222679 54.45745350804639 54.45745350804639 54.45745350804639 54.45745350804639 54.45745350804639 54.45745350804639 54.45745350804639 54.45745350804639 54.45745350804639 54.45745350804639 54.45745350804639 54.45745350804639 54.45745350804639 54.45745350804639 54.45745350804639 54.45745350804639 54.45745350804639 54.45745350804639 54.45745350804639 54.45745350804639 54.45745350804639
57.95343959001822 57.94151577160827 57.82842094561408 57.622127026294244 57.33640356026106 56.988955943100116 56.59969742614843 56.18952563555104 55.779630258085575 55.39117444059841 55.04515069574932 54.76222676936063 54.562421474059676 54.46450021611877 54.45745350804639 54.45745350804639 54.45745598912325 54.457479456610805 54.45745350804639 54.45745350804639 54.45745350804639 54.45745350804639 54.45745350804639 54.45745350804639 54.45745350804639 54.45745350804639 54.45745350804639 54.45745350804639 54.45745350804639 54.45745350804639 54.45745350804639 54.45745350804639 54.45745350804639 54.45745350804639 54.45745350804639 54.45745350804639 54.45745350804639 54.45745350804639 54.45745350804639 54.45745350804639 54.45745350804639 54.45745350804639 54.45745350804639 54.45745350804639
58.720999654665476 58.706751734650666 58.57190573973602 58.3271640467535 57.9903335660076 57.58317995359563 57.12889748657519 56.650666755246895 56.17110068446498 55.712186526540144 55.29540189897407 54.94178885473564 54.67182649985709 54.50497551964858 54.45745350804639 54.45745350804639 54.45745350804639 54.45745350804639 54.45745350804639 54.45745350804639 54.45745350804639 54.45745350804639 54.45745350804639 54.45745350804639 54.45745350804639 54.45745350804639 54.45745350804639 54.45745350804639 54.45745350804639 54.45745350804639 54.45745350804639 54.45745350804639 54.45745350804639 54.45745350804639 54.45745350804639 54.45745350804639 54.45745350804639 54.45745350804639 54.45745350804639 54.45745350804639 54.45745350804639 54.45745350804639 54.45745350804639 54.45745350804639
59.5047115051046 59.487628245760014 59.32658742338679 59.03693340546059 58.642789446827756 58.17154310158072 57.650284654183515 57.104436198715355 56.5576877103368 56.0324241928832 55.55019629978819 55.13203721422452 54.79851674256252 54.569428580913915 54.46304076800488 54.45745350804639 54.45745350804639 54.45745350804639 54.45745350804639 54.45745350804639 54.45745350804639 54.45745350804639 54.45745350804639 54.45745350804639 54.45745350804639 54.45745350804639 54.45745350804639 54.45745350804639 54.45745350804639 54.45745350804639 54.45745350804639 54.45745350804639 54.45745350804639 54.45745350804639 54.45745350804639 54.45745350804639 54.45745350804639 54.45745350804639 54.45745350804639 54.45745350804639 54.45745350804639 54.45745350804639 54.45745350804639 54.45745350804639
60.28796767035196 60.26720371566556 60.072875601703046 59.72884157615314 59.269396398765295 58.729433787410365 58.140133745729514 57.52858008837977 56.91880520968079 56.332954618113526 55.79216019166737 55.31706560733836 54.92800734225687 54.6448033073191 54.48607247977464 54.45745350804639 54.45745350804639 54.45745350804639 54.45745350804639 54.45745350804639 54.45745350804639 54.45745350804639 54.45745350804639 54.45745350804639 54.45745350804639 54.45745350804639 54.45745350804639 54.45745350804639 54.45745350804639 54.45745350804639 54.45745350804639 54.45745350804639 54.45745350804639 54.45745350804639 54.45745350804639 54.45745350804639 54.45745350804639 54.45745350804639 54.45745350804639 54.45745350804639 54.45745350804639 54.45745350804639 54.45745350804639 54.45745350804639
61.05277456884915 61.026815509440034 60.78728989407897 60.375225295532864 59.84133785551441 59.22932473490946 58.57334848403668 57.90067133316844 57.2345045996109 56.59597884512875 56.00531814644303 55.48246001377105 55.0472712946967 54.7193739190987 54.51750380724827 54.45745350804639 54.45745350804639 54.45745350804639 54.45745350804639 54.45745350804639 54.45745350804639 54.45745350804639 54.45745350804639 54.45745350804639 54.45745350804639 54.45745350804639 54.45745350804639 54.45745350804639 54.45745350804639 54.45745350804639 54.45745350804639 54.45745350804639 54.45745350804639 54.45745350804639 54.45745350804639 54.45745350804639 54.45745350804639 54.45745350804639 54.45745350804639 54.45745350804639 54.45745350804639 54.45745350804639 54.45745350804639 54.45745350804639
61.77724935998757 61.74297104410778 61.43677776611438 60.93854833688499 60.32307516761048 59.6403776305631 58.92397506460584 58.19891515440754 57.486287923338566 56.80555498303429 56.175715445825084 55.61584325278209 55.14523603152806 54.78321501449865 54.548488831046924 54.458020211591794 54.45745350804639 54.45745350804639 54.45745350804639 54.45745350804639 54.45745350804639 54.45745350804639 54.45745350804639 54.45745350804639 54.45745350804639 54.45745350804639 54.45745350804639 54.45745350804639 54.45745350804639 54.45745350804639 54.45745350804639 54.45745350804639 54.45745350804639 54.45745350804639 54.45745350804639 54.45745350804639 54.45745350804639 54.45745350804639 54.45745350804639 54.45745350804639 54.45745350804639 54.45745350804639 54.45745350804639 54.45745350804639
62.429759570658305 62.37874269571425 61.96483816640759 61.36478574484019 60.67167441485479 59.930002111542976 59.167108349802035 58.40378778294125 57.658376649732205 56.94855049852578 56.29213640574219 55.707434789495956 55.213245127207614 54.82860838889797 54.57215503154328 54.46096184071556 54.45745350804639 54.45745350804639 54.45745350804639 54.45745350804639 54.45745350804639 54.45745350804639 54.45745350804639 54.45745350804639 54.45745350804639 54.45745350804639 54.45745350804639 54.45745350804639 54.45745350804639 54.45745350804639 54.45745350804639 54.45745350804639 54.45745350804639 54.45745350804639 54.45745350804639 54.45745350804639 54.45745350804639 54.45745350804639 54.45745350804639 54.45745350804639 54.45745350804639 54.45745350804639 54.45745350804639 54.45745350804639
