_RESULTS/CROSS_VALIDATION_POSTPROCESSED/MHZ/TZ/7comp/2/MHZ_TZ_z_90_kriged_reverse_7comp_spherical_2.asc
ncols 100
nrows 81
xllcorner 5.5967107548124995
yllcorner 50.982328804812504
cellsize 0.00017565037499993607
nodata_value 1.7014100000000001E+038
[rows 0 to 18 of 81, columns 44 to 87 of 100]
9.737015097860299 9.737015097860299 9.737015097860299 9.737015097860299 9.737015097860299 9.737015097860299 9.737015097860299 9.737015097860299 9.737015097860299 9.737015097860299 9.737015097860299 9.737015097860299 9.737015097860299 9.737015097860299 9.737015097860299 9.737015097860299 9.737015097860299 9.737015097860299 9.737015097860299 9.737015097860299 9.737015097860299 9.737015097860299 9.737015097860299 9.737015097860299 9.737015097860299 9.737015097860299 9.737015097860299 9.737015097860299 9.737015097860299 9.737015097860299 9.737015097860299 9.737015097860299 9.737015097860299 9.737015097860299 9.737015097860299 9.737015097860299 9.737015097860299 9.737015097860299 9.737015097860299 9.737015097860299 9.737015097860299 9.737015097860299 9.737015097860299 9.737015097860299
9.737015097860299 9.737015097860299 9.737015097860299 9.737015097860299 9.737015097860299 9.737015097860299 9.737015097860299 9.737015097860299 9.737015097860299 9.737015097860299 9.737015097860299 9.737015097860299 9.737015097860299 9.737015097860299 9.737015097860299 9.737015097860299 9.737015097860299 9.737015097860299 9.737015097860299 9.737015097860299 9.737015097860299 9.737015097860299 9.737015097860299 9.737015097860299 9.737015097860299 9.737015097860299 9.737015097860299 9.737015097860299 9.737015097860299 9.737015097860299 9.737015097860299 9.737015097860299 9.737015097860299 9.737015097860299 9.734941256157153 9.729368915753328 9.722729391390713 9.716976045766383 9.713484523757002 9.713005428962381 9.715637895654957 9.720826065121175 9.727378742627156 9.73351071921305
9.737015097860299 9.737015097860299 9.737015097860299 9.737015097860299 9.737015097860299 9.737015097860299 9.737015097860299 9.737015097860299 9.737015097860299 9.737015097860299 9.737015097860299 9.737015097860299 9.737015097860299 9.737015097860299 9.737015097860299 9.737015097860299 9.737015097860299 9.737015097860299 9.737015097860299 9.737015097860299 9.737015097860299 9.737015097860299 9.737015097860299 9.737015097860299 9.737015097860299 9.737015097860299 9.737015097860299 9.737015097860299 9.737015097860299 9.737015097860299 9.737015097860299 9.736665461659385 9.728790195028072 9.713425981734535 9.694175594220424 9.674267008245376 9.656453494144753 9.64292235068534 9.635217810227353 9.63418389107154 9.639932142899774 9.651837327898185 9.668561458730167 9.688103890538365
9.737015097860299 9.737015097860299 9.737015097860299 9.737015097860299 9.737015097860299 9.737015097860299 9.737015097860299 9.737015097860299 9.737015097860299 9.737015097860299 9.737015097860299 9.737015097860299 9.737015097860299 9.737015097860299 9.737015097860299 9.737015097860299 9.737015097860299 9.737015097860299 9.737015097860299 9.737015097860299 9.737015097860299 9.737015097860299 9.737015097860299 9.737015097860299 9.737015097860299 9.737015097860299 9.737015097860299 9.737015097860299 9.737015097860299 9.737015097860299 9.729747221417938 9.708557836370934 9.677838646797392 9.64185611402318 9.604595258102586 9.569643722666743 9.540076662824086 9.518348277144856 9.506197730862715 9.504577993212719 9.513615144600848 9.532602899203408 9.560033005212212 9.593657917500165
9.737015097860299 9.737015097860299 9.737015097860299 9.737015097860299 9.737015097860299 9.737015097860299 9.737015097860299 9.737015097860299 9.737015097860299 9.737015097860299 9.737015097860299 9.737015097860299 9.737015097860299 9.737015097860299 9.737015097860299 9.737015097860299 9.737015097860299 9.737015097860299 9.737015097860299 9.737015097860299 9.737015097860299 9.737015097860299 9.737015097860299 9.737015097860299 9.737015097860299 9.737015097860299 9.737015097860299 9.737015097860299 9.736150175759226 9.71953270714289 9.685460145494975 9.638819252348457 9.584450539003313 9.5270353639183 9.470974215204143 9.420256722709542 9.3783270284656 9.347951920951564 9.331102660265278 9.328863325973694 9.341377559652516 9.367841349983728 9.406542938110832 9.454944006697431
9.737015097860299 9.737015097860299 9.737015097860299 9.737015097860299 9.737015097860299 9.737015097860299 9.737015097860299 9.737015097860299 9.737015097860299 9.737015097860299 9.737015097860299 9.737015097860299 9.737015097860299 9.737015097860299 9.737015097860299 9.737015097860299 9.737015097860299 9.737015097860299 9.737015097860299 9.737015097860299 9.737015097860299 9.737015097860299 9.737015097860299 9.737015097860299 9.737015097860299 9.737015097860299 9.737015097860299 9.734948616147337 9.711747653982181 9.666811082214332 9.60533266952871 9.532588743166459 9.453835277076786 9.374193502631787 9.29852039302162 9.231262678441489 9.176297358697381 9.136767726634094 9.114930317962616 9.112032491840282 9.12823987553352 9.162626457195595 9.21322915003017 9.277157016817062
9.737015097860299 9.737015097860299 9.737015097860299 9.737015097860299 9.737015097860299 9.737015097860299 9.737015097860299 9.737015097860299 9.737015097860299 9.737015097860299 9.737015097860299 9.737015097860299 9.737015097860299 9.737015097860299 9.737015097860299 9.737015097860299 9.737015097860299 9.737015097860299 9.737015097860299 9.737015097860299 9.737015097860299 9.737015097860299 9.737015097860299 9.737015097860299 9.737015097860299 9.737015097860299 9.735303247333686 9.709763432659 9.657579121175344 9.584084930825563 9.49481979564087 9.395439876600655 9.291622728236964 9.188955675908646 9.092801172492756 9.008134001460075 8.939350794356523 8.89006178154373 8.8628862681722 8.859282644735442 8.879445140376882 8.922289586252278 8.985531412812197 9.065838672175822
9.737015097860299 9.737015097860299 9.737015097860299 9.737015097860299 9.737015097860299 9.737015097860299 9.737015097860299 9.737015097860299 9.737015097860299 9.737015097860299 9.737015097860299 9.737015097860299 9.737015097860299 9.737015097860299 9.737015097860299 9.737015097860299 9.737015097860299 9.737015097860299 9.737015097860299 9.737015097860299 9.737015097860299 9.737015097860299 9.737015097860299 9.737015097860299 9.737015097860299 9.736718787091025 9.714363951877857 9.660035411551517 9.579040334780926 9.476994613827367 9.35975083034106 9.233324921591244 9.103814045198448 8.977295172598636 8.859691725776651 8.756596160023728 8.67304262105075 8.613237875985346 8.58027939952474 8.575909454994205 8.600361062844035 8.652336498801269 8.72912431939474 8.826823224448185
9.737015097860299 9.737015097860299 9.737015097860299 9.737015097860299 9.737015097860299 9.737015097860299 9.737015097860299 9.737015097860299 9.737015097860299 9.737015097860299 9.737015097860299 9.737015097860299 9.737015097860299 9.737015097860299 9.737015097860299 9.737015097860299 9.737015097860299 9.737015097860299 9.737015097860299 9.737015097860299 9.737015097860299 9.737015097860299 9.737015097860299 9.737015097860299 9.737015097860299 9.72369024140947 9.673585663898415 9.591114363308815 9.481795031016146 9.351475466804963 9.206276146568662 9.052536674468662 8.896756460706676 8.745515500735806 8.605355104645517 8.482594740426164 8.383065352570204 8.31175839061037 8.27242576560818 8.267208468139835 8.29639458062785 8.358384960526095 8.449878436252387 8.56621476942568
9.737015097860299 9.737015097860299 9.737015097860299 9.737015097860299 9.737015097860299 9.737015097860299 9.737015097860299 9.737015097860299 9.737015097860299 9.737015097860299 9.737015097860299 9.737015097860299 9.737015097860299 9.737015097860299 9.737015097860299 9.737015097860299 9.737015097860299 9.737015097860299 9.737015097860299 9.737015097860299 9.737015097860299 9.737015097860299 9.737015097860299 9.737015097860299 9.733371107581789 9.694814603782573 9.61810029069685 9.50850316495426 9.371695222574239 9.213693768544188 9.040823322506329 8.859687988482218 8.677146147859336 8.500270908461102 8.336267721061938 8.192307692908923 8.075230187234487 7.991087491914895 7.944563145617177 7.93838540367305 7.972924578969008 8.04613473766346 8.153864842684024 8.29041078479491
9.737015097860299 9.737015097860299 9.737015097860299 9.737015097860299 9.737015097860299 9.737015097860299 9.737015097860299 9.737015097860299 9.737015097860299 9.737015097860299 9.737091891637178 9.73737439815097 9.737465637549883 9.737257197496566 9.737019079026354 9.737015097860299 9.737015097860299 9.737015097860299 9.737015097860299 9.737015097860299 9.737015097860299 9.737015097860299 9.737015097860299 9.737015097860299 9.717735148261264 9.654844481109595 9.553064111259593 9.417761485437541 9.2546962907217 9.06997998424143 8.870056636665279 8.661705557136555 8.45206129507265 8.248636068971663 8.059310392937192 7.892228873754968 7.755508913984399 7.65667088059235 7.60178023350402 7.594477591792901 7.635263469430196 7.721391708546578 7.847429521238671 8.006194462459574
9.737015097860299 9.737015097860299 9.737015097860299 9.737015097860299 9.737015097860299 9.737015097860299 9.737407794667629 9.74086498667281 9.74636466830869 9.752270909088846 9.757267748407287 9.760405067665634 9.761135052825043 9.759334524749075 9.755310093818355 9.749785420492596 9.743872346453536 9.739029759894494 9.737015097860299 9.737015097860299 9.737015097860299 9.737015097860299 9.737015097860299 9.734201238073606 9.693635296804052 9.608427096500435 9.483547303193953 9.324398563729439 9.136758930302301 8.926748909127062 8.700828038408053 8.465827263708194 8.229021032502944 7.998233887097622 7.781952733928854 7.589367180814341 7.430182680255819 7.313981358404511 7.24896753307808 7.2402897348552795 7.288669603300421 7.390189115529895 7.537384558459294 7.720929372637755
9.737015097860299 9.737015097860299 9.737015097860299 9.737015097860299 9.73826883047686 9.745858529495298 9.758187872433727 9.772917550939862 9.787923443057053 9.801360424446294 9.811729205593684 9.817938864711767 9.81935716309083 9.815841610445823 9.807746662116404 9.795905949226015 9.781592235365297 9.766460923016357 9.752484713749924 9.741887245337793 9.737082441565445 9.737015097860299 9.737015097860299 9.724736970618503 9.665090134074967 9.559987769908114 9.414412304746909 9.2337491201555 9.023728144057277 8.790391866918315 8.540099357674418 8.279579536203379 8.016050233104366 7.7574186245670305 7.512562531693666 7.291634920771345 7.106191560357165 6.96869664142009 6.890805263348822 6.88034953958008 6.938461171473374 7.059096858243981 7.231399867423899 7.442900969835893
9.737015097860299 9.737015097860299 9.73714022742905 9.7443325763264 9.760541002193555 9.782952382468443 9.80883400205513 9.835585827503856 9.860810402972078 9.88239628899803 9.898607714038906 9.908170244854745 9.910340846802297 9.904951607122584 9.892419913631159 9.87372335667218 9.850343588683579 9.824188155784645 9.797501738200362 9.772778056342437 9.75268152260671 9.739984570167703 9.737015097860299 9.711749727415196 9.635783871482355 9.513606922912778 9.350179273466255 9.150827628531554 8.921179335188997 8.667122851309916 8.39480616584728 8.110692019134463 7.8216994381928195 7.535475556941218 7.260854006950591 7.008536466117155 6.791881662412383 6.627177713743428 6.531829175048384 6.518896347767036 6.590364722518026 6.735922633024972 6.9387381680452025 7.181844485474306
9.737015097860299 9.738374528303446 9.751414377489812 9.775827968551981 9.80858056421157 9.846630948541543 9.886968345130766 9.926674423532884 9.963010459771695 9.993525695519123 10.016177791734437 10.02945117720805 10.032455904923358 10.024990214652208 10.007555188827869 9.981318676682967 9.94803536986578 9.909937408354882 9.869613120267259 9.829890282836287 9.793736038306287 9.764180283780552 9.743221843398226 9.698147399868045 9.608954556498011 9.472892802847854 9.294879904053632 9.08005954612495 8.833931151192665 8.56248071796381 8.271538485293862 7.966886146682146 7.654920705462054 7.342715473482089 7.038398659242001 6.752268665127516 6.4985545998663214 6.297725554267052 6.176710901024137 6.15994570173259 6.251502559473046 6.43127567925864 6.671530867796706 6.949622065502678
9.739191436709046 9.756131407120305 9.787294657408163 9.829539841727117 9.879641748476951 9.934300959032157 9.990181077958049 10.043979052644751 10.092531406349973 10.132953791428207 10.16280324422826 10.180243493228497 10.184186893155262 10.17438589288997 10.151454637258386 10.11681591141234 10.072585054127268 10.021414560944294 9.966327144203575 9.910561307579641 9.857445271884904 9.810306178786227 9.768899041028197 9.69532113230178 9.582496341129064 9.430821534592837 9.237008036259228 9.007355750456616 8.74785964074729 8.46410421350562 8.161278468636601 7.8442815858068835 7.517930554615844 7.187307033965018 6.858350638480563 6.539097861562253 6.24349794346031 5.9941169608309535 5.831350493881964 5.807625648883627 5.9334580385166475 6.161998885281476 6.446635496843835 6.760723494597499
9.756628666993205 9.792040201730446 9.841750417009164 9.902494452979852 9.97084929828134 10.043232913787401 10.115935891120612 10.185195825914017 10.247322489759526 10.298875235554176 10.336881957828387 10.359073040727198 10.364089571380891 10.351620729783516 10.322436581096321 10.278307767989846 10.221832628095386 10.156212381579028 10.085019307559007 10.01199328451615 9.940886262999909 9.872775026544483 9.801576759244892 9.691621619664568 9.54415077424617 9.368843778428499 9.163071777821278 8.923749711820165 8.656678057496213 8.367028460368665 8.059350138073173 7.73766145759158 7.40561946182514 7.066769308055224 6.72491271228451 6.3847593825072675 6.053492151522629 5.746026822692714 5.508686212741544 5.468244190692371 5.663207737466861 5.957541085004972 6.286941814926096 6.631602327136534
9.788931835816776 9.842949738912942 9.911605774436481 9.99152880255551 10.07910455869778 10.170455892322282 10.26145897887902 10.347812464882878 10.4251768556309 10.489394904200203 10.536786637548726 10.564485164039933 10.570750058830205 10.555180700259173 10.518767905287502 10.463767957450207 10.393437172409634 10.311699686017015 10.222822947604026 10.130167201125499 10.029914573697196 9.926893897375361 9.820979795280142 9.677094006552666 9.498426165891338 9.295202719168971 9.075825001605612 8.831987020363917 8.563241385379296 8.274426311151831 7.969546172031347 7.651872973997101 7.324117564239428 6.988642967236419 6.647690649113369 6.303595047118103 5.958980071170215 5.617030849601772 5.283299282112084 5.188207561193461 5.516984250104275 5.863144168495655 6.217754258573944 6.577289502639147
9.832919125986667 9.905567659251906 9.993478958235778 10.093210511852826 10.200984172422178 10.312636501783437 10.423604333628615 10.528971203334924 10.623606715716297 10.702428629419286 10.760796566587008 10.79500051663885 10.802746771632581 10.783502861196444 10.738582619902845 10.670939714797735 10.584744929884039 10.48488359175126 10.372770568867834 10.24373622156804 10.105359609511865 9.965495319468225 9.825074207167017 9.64990459467499 9.443375814298733 9.216270696994016 8.97811531445973 8.732600546544008 8.46780947392554 8.186405667728286 7.891994109436909 7.587311739538732 7.274476237278105 6.955310745350057 6.631743577649255 6.3063620136500855 5.983515779263579 5.673026301837146 5.411166715736009 5.363731424677583 5.596632270681812 5.912745095736904 6.253692063301941 6.605365091396004
