_RESULTS/CROSS_VALIDATION_POSTPROCESSED_80-20/MHZ/GZ/1comp/5/MHZ_GZ_z_63_kriged_reverse_1comp_spherical_5.asc
ncols 100
nrows 74
xllcorner 5.5967023332191781
yllcorner 50.982320383219182
cellsize 0.00019249356164376555
nodata_value 1.7014100000000001E+038
[rows 19 to 37 of 74, columns 42 to 83 of 100]
0.10142879063987813 0.10516943521086658 0.10691316327968194 0.10638682198162831 0.1035963404795705 0.09904112810036833 0.09322279114076534 0.08667493360992413 0.07992357070188084 0.07343524620517913 0.06803986630341483 0.06413581546918343 0.061923358651736905 0.06120765517485905 0.06194169335344559 0.0639931180883763 0.06707146463772223 0.07093912513201453 0.07546742908373431 0.08058956792849889 0.08596903753923729 0.09088869834792782 0.09476629829908127 0.09728057514376154 0.09847630726942533 0.09880161064003053 0.0982724871158553 0.09692528051547955 0.09482524001420159 0.09227715893612415 0.08998978465548593 0.08810225994593755 0.08670652980012435 0.08587041658954836 0.08529457229520399 0.08448746325092034 0.083538446965685 0.08258467034275772 0.08179265248338086 0.08115852997985083 0.08061913594160253 0.08013073650918993
0.10282052589685872 0.10582520098200297 0.10644956141227949 0.10466272297568564 0.10079037435444724 0.09527731787798209 0.08872558021019056 0.08179017301514024 0.07506417609600367 0.06897940101545987 0.06412556482220176 0.06089727234817626 0.059270125948066604 0.05933047938923467 0.06065353338997006 0.06301705578761493 0.06630578700389751 0.07040299980060889 0.0752350998194991 0.0806631865497557 0.08596272405801689 0.0904844139320792 0.09396675376221328 0.0960781330658923 0.09670894175295354 0.09642332635726811 0.09532916540124406 0.0934662258535944 0.09090418393607913 0.08809416948180832 0.08559489459730603 0.083529496692869 0.08201803489356348 0.08098084158408983 0.07995139110749179 0.07877449757393784 0.07753089596678997 0.07635471404080316 0.0754622044597595 0.07482480575407562 0.07425685471933419 0.07367558354547667
0.10672694278652346 0.10919463500197375 0.10900560559756035 0.10619179744977716 0.1011140975138671 0.09439156362676575 0.08679393577165652 0.07912444495372449 0.07209249500164262 0.0661638515683497 0.06170113789871105 0.058959277954935184 0.057761240213484825 0.05810540719133987 0.059967743362071696 0.06277025089087482 0.06639424633727738 0.07080538213495483 0.07598713161895615 0.08139584792693416 0.0862652457333001 0.09033175989524789 0.09335055196205035 0.09500130853829172 0.09512084165347888 0.09423353860724319 0.09258824640125429 0.09022137731239761 0.08722111732940944 0.08419277309070995 0.08146722528436766 0.07919182990074258 0.07744047528163737 0.07602147257661561 0.07466269089476284 0.07337099069876464 0.07210319913804025 0.07093027797360651 0.07021845839086428 0.06977153950404591 0.06922456319452652 0.06851853273807694
0.11416131917227038 0.11643411871866069 0.11546412911966739 0.11139877273529963 0.10478620848587028 0.09645006652473485 0.08734304337491246 0.07843904653183463 0.0706527638765067 0.06462109012807012 0.06050554596819404 0.05822543318953771 0.05742478043687259 0.058007704185337884 0.06005731845742726 0.06335753397581081 0.06740105732313645 0.07219793191683815 0.07743677461749039 0.08245349965184873 0.08686420907648536 0.09043098949278022 0.09293548928774474 0.09408498939768813 0.0937224365453934 0.09226758005792708 0.09011196491563644 0.08728012128847255 0.08395787460844303 0.0807318750634105 0.07776331138129725 0.07520617040768679 0.07297687028867604 0.07135304569502782 0.07017458098486806 0.0692203677343827 0.06819788069869691 0.06688278072597467 0.0665959113704817 0.06633983200278136 0.06572940474402802 0.06482621404136672
0.12658346450824148 0.12868235170035341 0.12672218328253163 0.12101133847592252 0.11236062453733144 0.10185763105570012 0.09064404420283773 0.07981843204943569 0.07056167102007156 0.06414399888635938 0.06054084978677501 0.05883590124692738 0.05842273751615781 0.059216474415759335 0.061339177907832554 0.06495449781169987 0.06939876709476832 0.07421141516005454 0.0791957213610219 0.08377907293977925 0.08767580806293472 0.09069470333215812 0.09266026105222419 0.09331339559124861 0.09250509011352039 0.09054627847907695 0.08795049195972893 0.08472638594354372 0.08126718875537524 0.07788811211693587 0.07467614064936828 0.07168200129520859 0.06917805278322856 0.0675947974771623 0.06685668548621926 0.06654979960372716 0.06615563062073739 0.06556206582178878 0.06515299126894634 0.06464507337786803 0.06377973375637119 0.06256938376890851
0.14432705766217194 0.14737073028206973 0.14419072442760852 0.13619714838378852 0.1247770645587682 0.11141279828455822 0.0974691523038944 0.0840297379286227 0.07208195974253123 0.06477098673682376 0.062365834137671924 0.06124603510412076 0.06107427317444815 0.061965403385621155 0.064069344058201 0.06745743531047863 0.07175196217387274 0.07622954410440291 0.08073069284788836 0.08472798864490655 0.08800046764561976 0.0904004724445167 0.09180634313515225 0.09202387208658235 0.09093755825784455 0.0887931965654682 0.08604702802161232 0.0827391137680878 0.07929661437530558 0.07585662760607823 0.07254107340242948 0.06937551078069346 0.0664840124758038 0.06470610866483308 0.06478708149554967 0.06548292231413548 0.06586999907506844 0.06581865389201047 0.06541225043023145 0.06459349696616033 0.06334628035901503 0.061724354169329004
0.16742136507424196 0.1725126416108571 0.16880544135085204 0.15817678121831424 0.14321901665082942 0.12622556109716318 0.1090464584161748 0.09293971387854412 0.07880411229431886 0.07023087555809587 0.06756091808099911 0.0661249108658442 0.06562761698660577 0.06610079142623233 0.067535340780519 0.07010723936302858 0.07385368495850479 0.07783929089003064 0.08175941270784966 0.08510405866412216 0.08769464659987468 0.08942255150554658 0.0902194384097004 0.08998401731615806 0.08865242495234603 0.08647723718526706 0.08386930306418117 0.08105575327504635 0.07803946517008682 0.07481642158033652 0.07178764490698607 0.06864711900098062 0.06537813097548657 0.06233209410776736 0.06446895112401473 0.06626333845659718 0.06732437943867474 0.0676366475931119 0.06721731831229115 0.06611595582594043 0.0644220522880912 0.06229283298833917
0.1975632692617056 0.2048989032647864 0.200864365753905 0.1866435598144059 0.16717204060749752 0.14594841186171284 0.12535719568728376 0.10695318105796651 0.09201890278208578 0.08190563901838875 0.07619538526760627 0.07309101453864135 0.07139520647330022 0.07073906567692763 0.07115163271269405 0.07274720902962696 0.0756638748814195 0.07903289752751236 0.08228700582801364 0.08493181320526152 0.08680953087351179 0.08783790381846325 0.08798392723868825 0.08726094556252399 0.08571768677309606 0.08368123376110242 0.0815318618167779 0.0791841168343061 0.0766196090139429 0.07429100596866263 0.07199921894197489 0.06942059229285781 0.06698669543387463 0.06570851834365947 0.06693354727729962 0.06880289916821979 0.07018876086189756 0.07080580824331326 0.0705252374027594 0.06926956824885308 0.06709236247336588 0.06433655005034071
0.2364407807279147 0.24680403917502342 0.24092798129561635 0.22167914896073088 0.195883017948282 0.1693734021971139 0.1448683982474137 0.1238295579015478 0.10706159535466676 0.09473657031354446 0.08652690795302788 0.08118865394441464 0.07766880658196139 0.0755686867216524 0.0747589632314093 0.07524982397039055 0.07714331873050569 0.07978372474772885 0.0823043968482421 0.08425087821231371 0.08548020179686737 0.08589831391609 0.08544699406129896 0.0841800367159379 0.08236286090640602 0.08059174149586247 0.07887684947832797 0.07695508116320637 0.07519231348846242 0.07389715476893559 0.07267029005997847 0.07131839949662368 0.07017730931476701 0.07008883444845951 0.07118267387440574 0.07286933141408945 0.07437233534116516 0.0752025808904253 0.0750649134111276 0.07378414509973019 0.0713558950632644 0.06801078095510213
0.28549137499269356 0.3008405163874121 0.28952270445651823 0.2613054362200656 0.22733908627978971 0.19509462506245548 0.16679100036398448 0.14306097855472846 0.12399290440329505 0.10926214598528922 0.09838187813704918 0.09038793717089702 0.08459199752538551 0.08058663093204038 0.07820237564295222 0.07743777727790302 0.07823953548005359 0.080083156324339 0.08193586871688927 0.08332232497657907 0.08402916226649189 0.08396742356381912 0.08304885778301307 0.08105523265022638 0.07856740703510964 0.07757051839125673 0.07631605288307622 0.07493278665105543 0.07404841055909069 0.07370520612957525 0.0734997033521191 0.07339492151152488 0.07364012614370863 0.07449261448360787 0.07602788797635161 0.07793806416219094 0.07972241890017945 0.08088044315620257 0.0809993002163414 0.07978304152874059 0.07713998422539703 0.07328247291250704
0.34366675627378557 0.3692808692806652 0.3431438887854572 0.30202820295703525 0.26051901887381956 0.22351126412134553 0.191826054691397 0.1652801946321391 0.1435412048142357 0.12600943852016255 0.11217262328387352 0.10139737169689632 0.0931004158941719 0.08687281437393256 0.08248523477675279 0.0798732184454921 0.07917727076268143 0.08009030880615953 0.08128560083742908 0.08215760586245185 0.08243426727503322 0.08205636483114542 0.08079169790890986 0.07866060046017777 0.07646231898345912 0.07520624303763997 0.07405904818652477 0.07325348013734981 0.07312056273623409 0.07363659231203437 0.07439510595041277 0.07538585679334421 0.07678742770504439 0.07874964018085573 0.08106209938126001 0.0836125216855303 0.08603416095893011 0.0878320142997208 0.08849498466418895 0.08758317187984303 0.08487968785210159 0.08053066673144209
0.38850546438843814 0.4385251251366072 0.3865957952340357 0.33799634309709264 0.2927812604220116 0.252360629686053 0.21816737075758932 0.18935026169838615 0.16494528142859632 0.14449533208947948 0.12768494111324513 0.11402282300431833 0.10305042998922954 0.09440391368147609 0.08788255903463318 0.08346629216546597 0.08109958268307167 0.08040895807939788 0.08031403372958827 0.08062978617324582 0.08056222735178717 0.0799456400493871 0.078556049520309 0.076614671204226 0.07467744233275143 0.07324053570103312 0.07213468504588483 0.0718008878472417 0.07227108114742484 0.07351530604743965 0.07513027787979196 0.07709912431144068 0.07955601035627573 0.08258896962514517 0.08600816845136336 0.0895702301579364 0.09307232867781262 0.09598714628343237 0.09768483875156832 0.09753019694306576 0.09512657006801267 0.0905248012408685
0.3763739462958211 0.41238197044512037 0.3961972987716882 0.3598863040238104 0.31945228832482647 0.27987508317091636 0.24482676024895697 0.21428918191577617 0.18736885100380354 0.16434645758368158 0.14469313057252714 0.12809709528582758 0.11429612333277521 0.10309490614653677 0.09443092382103496 0.08809410644173565 0.08397308599278495 0.08158286712188298 0.07985800132723152 0.07891780150950016 0.07850130160472713 0.07762490915862029 0.07617110973305026 0.07431783924192795 0.07260931369827231 0.07125453425609722 0.07037016342671921 0.07042351442023825 0.07136496520676149 0.07319061732526022 0.07552740757994943 0.07834210043259321 0.08176232188661552 0.08586776670613587 0.09059776447434331 0.09544739412323656 0.1004998354192773 0.10514584881174979 0.10859569752204516 0.10992596651697274 0.1084373296586946 0.10401328149607506
0.34963812244190134 0.3828916532222581 0.3869265315803272 0.36874283060726054 0.33880158233295055 0.3040456670835996 0.2705418230734971 0.23947377173343004 0.2110436436330345 0.18573841910469058 0.16332570322203152 0.14369617077862745 0.1268991387300261 0.1131172162835691 0.10213262749254025 0.09373837217708374 0.08781273397743328 0.08369305360739542 0.08039608612116957 0.07809606315591487 0.07637847756741237 0.07502356531810372 0.07350723080063182 0.07182021314917542 0.07037743290868705 0.06918741880917172 0.06863293220077747 0.06901634776962327 0.07030600158656163 0.07254878951130156 0.07544879102871963 0.078949115733594 0.08320561346574984 0.0883317346664149 0.09434445659500854 0.10090099373997337 0.10778977069006605 0.1148538827711882 0.12100346174252062 0.12490766117504391 0.12525195073858916 0.1214209517035497
0.3257391789349575 0.35902088129824405 0.37283368755675 0.36765207863669425 0.3485027288344403 0.3208107901558692 0.2911812578174957 0.26191895971721474 0.23363101765950986 0.20717128764148693 0.1828240111561334 0.16077605033636813 0.1415656267465237 0.12525306732241148 0.11169551072103746 0.10099456334151224 0.09307946361531155 0.08694782711853506 0.08186713729374934 0.07788491804221687 0.07468966285565097 0.07224291092391663 0.07057327471080119 0.06922467376637116 0.06810872395818196 0.06716621496120097 0.06691245083907013 0.06755441251421315 0.0690595680212067 0.07152402395570531 0.07479757369976331 0.07878079164113573 0.08368784515933037 0.08969959116304209 0.09690994484355658 0.10524905784135258 0.11428430167228158 0.12423530401846608 0.1341607912935396 0.1422372359569556 0.14584398705231816 0.14276181348771183
0.30376786964511376 0.3359847399438068 0.35486836340523525 0.3588069983812557 0.34933695233237566 0.32962393006823687 0.30631538848793105 0.2809488662517959 0.25438391456789544 0.22789516003661145 0.20235342000483747 0.1784830270702343 0.15719699159550116 0.13868461537885327 0.12298404686528672 0.1100351381411161 0.09978539570555581 0.09123587122840188 0.08407460635227784 0.07806252459705787 0.07322637733556957 0.06970510425260115 0.06758698097741639 0.06665895131300494 0.0659581804596415 0.06533565169982408 0.06532373651743317 0.06609127000988756 0.06765836484585619 0.07012245463280002 0.07352659652647614 0.07773905535553959 0.08304259298370897 0.08971173107456902 0.09793363824210002 0.10775370063968431 0.11901160355279201 0.1319149586131172 0.1462916141475618 0.16057651421760102 0.17029151411607313 0.16727270428616264
0.2815894296798912 0.3125234478131705 0.3342131588844128 0.34445123813335876 0.3429362390332572 0.33189810345818305 0.31652948210852494 0.29658773688800255 0.2732371767289072 0.24789411630444916 0.2219277752821589 0.1968742172032579 0.17369266232793945 0.1529930190192237 0.1351126682553882 0.12015763740482995 0.10776697629429378 0.09649970572288018 0.0868047519826698 0.07848671746188679 0.071877189165899 0.06737800873625834 0.06499864943466177 0.06429364623318144 0.0641252215131201 0.06386656047107814 0.06403424402852144 0.06479132965656426 0.06620446008107694 0.06843111742688134 0.07164942895704624 0.07578670672059572 0.08116972898605661 0.08819249045592191 0.09713064512020136 0.10807990720424793 0.12095961932679278 0.13622144770620648 0.15417056942668772 0.17479160965996535 0.19734900510084813 0.19021998630291417
0.25907720116673494 0.2882677415174041 0.3111657400362897 0.32561390868974527 0.33138985854653635 0.32933983793971316 0.322311337710232 0.30905957646525845 0.2903447055542525 0.26733644457514266 0.2418255327952193 0.21601012182542711 0.19107944119478815 0.16821846630639875 0.1481383482852644 0.1311401272193684 0.116298837334309 0.10261156761981469 0.09013407194842753 0.07917109209512452 0.07065691373919915 0.0653083737505768 0.0629196575418569 0.06245497248552241 0.06288034856343137 0.06299241695363753 0.06324198225991048 0.06384685998293411 0.06490902529655332 0.06661382234108881 0.06925419249991242 0.07296619121719183 0.07806341552334166 0.08510830445393378 0.09444452038279273 0.1061028464528971 0.11987325553537524 0.13599845268051178 0.15543849593905246 0.17745693896591866 0.19660562272329668 0.19737935176314939
0.23576010222776078 0.2629693650771104 0.2860958571557595 0.30424150414029383 0.3163056657677818 0.32241708387811674 0.3239712178065022 0.31856244185878974 0.3059495204756264 0.2865375077662032 0.26240879947004214 0.2361216843388398 0.20959935512218897 0.1845761168588423 0.16227590096227135 0.143054657777385 0.1253870184530546 0.10921270800729956 0.09427351376418983 0.08069072853672406 0.06992235255374876 0.06361385014816634 0.06171880471448453 0.06176594436456377 0.06259226431115048 0.06300093893894547 0.0631742228025541 0.06345547500846711 0.06398295252830498 0.06494496334191346 0.066629194406414 0.0694468786925242 0.07382709390254523 0.08059970546497683 0.09013488483394626 0.10217605772584115 0.11643599762446752 0.1330388939081198 0.1523719527493695 0.17284316677486533 0.1891838119333781 0.1954042692019716
