_RESULTS/CROSS_VALIDATION_POSTPROCESSED/Berg/TZ/6comp/2/Berg_TZ_z_250_kriged_reverse_6comp_spherical_2.asc
ncols 100
nrows 90
xllcorner  5.6208707817415728
yllcorner 50.959635321741573
cellsize 0.00013419651685393446
nodata_value 1.7014100000000001E+038
[rows 0 to 18 of 90, columns 0 to 42 of 100]
24.062967134344362 24.062967134344362 24.062967134344362 24.062967134344362 24.062967134344362 24.062967134344362 24.062967134344362 24.062967134344362 24.062967134344362 24.062967134344362 24.062967134344362 24.062967134344362 24.062967134344362 24.062967134344362 24.062967134344362 24.062967134344362 24.062967134344362 24.062967134344362 24.062967134344362 24.062967134344362 24.062967134344362 24.062967134344362 24.062967134344362 24.062967134344362 24.062967134344362 24.062967134344362 24.062967134344362 24.0573380962419 24.01906704965984 23.946455340869722 23.841482172499717 23.706009563531143 23.541883856634215 23.351054781235938 23.13572492183165 22.898546189368645 22.642884580263797 22.373178644538054 22.09541581268803 21.817730984751847 21.551063809806987 21.309642604366946 21.110752400503376
24.062967134344362 24.062967134344362 24.062967134344362 24.062967134344362 24.062967134344362 24.062967134344362 24.062967134344362 24.062967134344362 24.062967134344362 24.062967134344362 24.062967134344362 24.062967134344362 24.062967134344362 24.062967134344362 24.062967134344362 24.062967134344362 24.062967134344362 24.062967134344362 24.062967134344362 24.062967134344362 24.062967134344362 24.062967134344362 24.062967134344362 24.062967134344362 24.062967134344362 24.062967134344362 24.062967134344362 24.04979784758627 24.000023380404652 23.915040549443056 23.796581800751603 23.64622232401231 23.465469970603046 23.255871807969317 23.019151450426712 22.757397275697027 22.473331075497544 22.170700675548442 21.854858164014257 21.53359986889147 21.218322177814244 20.925386200503038 20.677053253872135
24.062967134344362 24.062967134344362 24.062967134344362 24.062967134344362 24.062967134344362 24.062967134344362 24.062967134344362 24.062967134344362 24.062967134344362 24.062967134344362 24.062967134344362 24.062967134344362 24.062967134344362 24.062967134344362 24.062967134344362 24.062967134344362 24.062967134344362 24.062967134344362 24.062967134344362 24.062967134344362 24.062967134344362 24.062967134344362 24.062967134344362 24.062967134344362 24.062967134344362 24.062967134344362 24.062918816709743 24.041388203014094 23.98207597463226 23.886759421249625 23.756941637755872 23.593922994871892 23.398875524687934 23.172929815086263 22.91728763591469 22.633380213473206 22.323104049717532 21.989187566044503 21.635779800728002 21.26941698690976 20.900616261969013 20.54639846415613 20.233656333263188
24.062967134344362 24.062967134344362 24.062967134344362 24.062967134344362 24.062967134344362 24.062967134344362 24.062967134344362 24.062967134344362 24.062967134344362 24.062967134344362 24.062967134344362 24.062967134344362 24.062967134344362 24.062967134344362 24.062967134344362 24.062967134344362 24.062967134344362 24.062967134344362 24.062967134344362 24.062967134344362 24.062967134344362 24.062967134344362 24.062967134344362 24.062967134344362 24.062967134344362 24.062967134344362 24.06204457598579 24.03364312848584 23.966959228724217 23.86360740243997 23.72489648673772 23.5518885549398 23.34545649853045 23.10634780240634 22.83526472868894 22.53297648069457 22.200489328949427 21.839321407179636 21.45197196367077 21.042768517656448 20.61948514139913 20.196582220103075 19.80168656836924
24.062967134344362 24.062967134344362 24.062967134344362 24.062967134344362 24.062967134344362 24.062967134344362 24.062967134344362 24.062967134344362 24.062967134344362 24.062967134344362 24.062967134344362 24.062967134344362 24.062967134344362 24.062967134344362 24.062967134344362 24.062967134344362 24.062967134344362 24.062967134344362 24.062967134344362 24.062967134344362 24.062967134344362 24.062967134344362 24.062967134344362 24.062967134344362 24.062967134344362 24.062967134344362 24.0608401412682 24.027763758533073 23.95604408279398 23.847178548675675 23.702334111510876 23.522395852296086 23.308010149742255 23.059627630743456 22.777552288766653 22.4620058285882 22.113221786423733 21.731595561248866 21.317942752559425 20.873983520014846 20.403351527156115 19.91399125522363 19.424790701682735
24.062967134344362 24.062967134344362 24.062967134344362 24.062967134344362 24.062967134344362 24.062967134344362 24.062967134344362 24.062967134344362 24.062967134344362 24.062967134344362 24.062967134344362 24.062967134344362 24.062967134344362 24.062967134344362 24.062967134344362 24.062967134344362 24.062967134344362 24.062967134344362 24.062967134344362 24.062967134344362 24.062967134344362 24.062967134344362 24.062967134344362 24.062967134344362 24.062967134344362 24.062967134344362 24.06004089837542 24.024578854246368 23.950283058293294 23.83858911343351 23.69058836497699 23.507070612739163 23.288558862093335 23.03533977191207 22.74749349858315 22.42492711003468 22.067416785930064 21.674486070667776 21.24587354028538 20.781978801581367 20.28339597317227 19.75137629922954 19.189342938030812
24.062967134344362 24.062967134344362 24.062967134344362 24.062967134344362 24.062967134344362 24.062967134344362 24.062967134344362 24.062967134344362 24.062967134344362 24.062967134344362 24.062967134344362 24.062967134344362 24.062967134344362 24.062967134344362 24.062967134344362 24.062967134344362 24.062967134344362 24.062967134344362 24.062967134344362 24.062967134344362 24.062967134344362 24.062967134344362 24.062967134344362 24.062967134344362 24.062967134344362 24.062967134344362 24.060023966708467 24.024515055109152 23.950168607071813 23.838418996379865 23.69035606061319 23.506767692992657 23.28817442024721 23.034859591137643 22.746886562106887 22.423274703637045 22.06393989673828 21.6694765001454 21.240362800595584 20.777042036697253 20.280080888654027 19.750558348637366 19.191338990804514
24.062967134344362 24.062967134344362 24.062967134344362 24.062967134344362 24.062967134344362 24.062967134344362 24.062967134344362 24.062967134344362 24.062967134344362 24.062967134344362 24.062967134344362 24.062967134344362 24.062967134344362 24.062967134344362 24.062967134344362 24.062967134344362 24.062967134344362 24.062967134344362 24.062967134344362 24.062967134344362 24.062967134344362 24.062967134344362 24.062967134344362 24.062967134344362 24.062967134344362 24.062967134344362 24.060796767721392 24.02758076823273 23.95571044745337 23.846679660765506 23.701650999420355 23.52150406276775 23.30687815831966 23.057316614306405 22.771979030775572 22.4521068807061 22.098954004726004 21.71386310623566 21.29847294882135 20.855114416755153 20.38768102385004 19.903801650572905 19.421068577185284
24.062967134344362 24.062967134344362 24.062967134344362 24.062967134344362 24.062967134344362 24.062967134344362 24.062967134344362 24.062967134344362 24.062967134344362 24.062967134344362 24.062967134344362 24.062955601327328 24.062485280935302 24.061743087749925 24.061167247695632 24.061011517414325 24.06133761834574 24.062013358259573 24.062716636134116 24.062967134344362 24.062967134344362 24.062967134344362 24.062967134344362 24.062967134344362 24.062967134344362 24.062967134344362 24.061996795964607 24.033365845406056 23.966435109161797 23.862813487668653 23.723803041605976 23.550386094175053 23.341069959366294 23.096268218702633 22.81777629272593 22.507452813549882 22.167386804314717 21.800133533464766 21.40910332696087 20.999283653245875 20.578682300113105 20.161336256392115 19.773542091133695
24.062967134344362 24.062967134344362 24.062967134344362 24.062967134344362 24.062967134344362 24.062967134344362 24.062967134344362 24.062967134344362 24.062800928880176 24.060619674329104 24.05676698812821 24.052236034585682 24.047875345814955 24.04436517813149 24.042196460410292 24.041654395781865 24.042808458053877 24.045509900963726 24.0493970650643 24.053907878491763 24.05829817560692 24.061663938054416 24.062967134344362 24.062967134344362 24.062967134344362 24.062967134344362 24.062902622535308 24.041057091551856 23.981407752727556 23.88572466884218 23.755220575504016 23.58790752687404 23.384844801008914 23.14822077498455 22.8803338045471 22.583770041644804 22.26161626352544 21.917758582112164 21.55736036475083 21.18767812132918 20.819914328329876 20.47131950801932 20.166914139567506
24.062967134344362 24.062967134344362 24.062967134344362 24.062967134344362 24.062967134344362 24.062967134344362 24.062620843160033 24.058661518777473 24.051376287080263 24.042082023441417 24.032002439673033 24.022239693763705 24.013743749722508 24.00728183705286 24.003410832813564 24.002455491681445 24.004495060855056 24.009359935401097 24.01663877880675 24.025695209722578 24.03569202727937 24.045620236579616 24.05432993372224 24.060560365688993 24.0629670458214 24.062967134344362 24.062967134344362 24.04946753278983 23.999273158155166 23.913539155523708 23.7900344207264 23.629852637985397 23.4354774827909 23.20950159766939 22.954807795049113 22.674752592106586 22.3733834372761 22.055739447123628 21.729398506479157 21.404321914618237 21.091233437058605 20.80524355978475 20.566864908093237
24.062967134344362 24.062967134344362 24.062967134344362 24.062967134344362 24.062967134344362 24.060010467805863 24.05134673059493 24.038494379569382 24.022950896220145 24.006157388512893 23.989469345536698 23.974121593272805 23.961189405757803 23.951548808150385 23.94583997105657 23.94443792487704 23.947434376783637 23.954633146868165 23.96555987461924 23.979484620144362 23.99545429571862 24.012330884503193 24.028831257523233 24.043564958383875 24.055067304110974 24.06182624032471 24.062967134344362 24.057075656146772 24.01821853665516 23.94075321750315 23.82504379332417 23.673811297892307 23.489844126826767 23.276186829785072 23.036303848238944 22.774242536876237 22.495291886198597 22.208503501708876 21.920754429998386 21.639928748836464 21.376307966602738 21.14301017266007 20.955818927468098
24.062967134344362 24.062967134344362 24.062967134344362 24.062740083322886 24.056702720179 24.043662843823828 24.02525649409954 24.003122474551162 23.978885933501292 23.95413316552634 23.930377201781 23.909014820958184 23.891277120215 23.878177525260096 23.87046266703074 23.868572349984717 23.87261439329166 23.88235828105284 23.897248650440826 23.916436449097926 23.938823001534427 23.96311087793163 23.987855508451865 24.01151262316027 24.032478276474688 24.04911990857561 24.059798255470184 24.06206980144767 24.03350855252395 23.964563649397196 23.858145462782076 23.717189628656467 23.54482521635198 23.344531252317715 23.120267513358502 22.878319035777896 22.627725585793293 22.373794748891978 22.122774333583305 21.88235127901648 21.661846447325335 21.472163443232763 21.32521775336468
24.062967134344362 24.062967134344362 24.062455664814742 24.054387498953687 24.037800291131344 24.014385734390814 23.9858709803081 23.95401196073209 23.92057752371306 23.887322415930797 23.855947703583073 23.82804853367778 23.805051283341758 23.788144913766963 23.77821410352723 23.77578348931314 23.780982088166216 23.7935342559168 23.812778863606052 23.837713156795115 23.86705367656241 23.899304796162628 23.93282599851295 23.965891265434202 23.99673681225529 24.02359599333573 24.044722050587765 24.057217591594853 24.04215808013162 23.983111179040815 23.887152891607748 23.75747050378915 23.597518534264815 23.411131524240695 23.20530266747172 22.989090105421816 22.76700076085678 22.544238752258885 22.326975980100897 22.122446730769486 21.93890120404327 21.785314951461938 21.670735484893196
24.062967134344362 24.06260743388035 24.05401079531468 24.035202297340746 24.00787932639542 23.97379784335487 23.934777237803203 23.892697647979418 23.849486769058146 23.807092806285798 23.76744052556033 23.732368774602957 23.703550759125278 23.682402693102564 23.669991333485108 23.666954611381406 23.673450016814794 23.689141367177672 23.713226815932327 23.74450211734529 23.78144652978791 23.822316375277115 23.86523311863424 23.908257207625446 23.949443764197074 23.986880085013173 24.01866835525496 24.037979731631076 24.037902589686567 23.994467988171447 23.909944978869458 23.792317713977663 23.64530385265452 23.475704326966344 23.293425087390716 23.102574613242485 22.907607121216927 22.713688804802864 22.526779894151268 22.353612462746902 22.20150733462361 22.07797136465931 21.99004725092995
24.062949817446526 24.05571547280915 24.036467529953125 24.00686623530075 23.96864011785995 23.92360157680591 23.873658160704515 23.820816640559634 23.767175759935803 23.71490244763037 23.666185851908033 23.623164661940507 23.5878267882819 23.56188705291556 23.546657155302707 23.542929868186235 23.550901881355344 23.57015380302567 23.599692388829887 23.638044422014126 23.68338055875347 23.73364475298042 23.786669735643432 23.840267512746184 23.892291953824255 23.940676052115617 23.981949098590167 24.007551979580594 24.015065294310332 23.993593534834424 23.924512726584744 23.819592233376422 23.68766625839544 23.540026367031192 23.381025644466597 23.21453346766463 23.04494139529721 22.87727576668736 22.717238574506172 22.571132790464482 22.44561443258453 22.347225953424 22.281723997178158
24.05883201228636 24.041307104406982 24.01151867805496 23.971124553962365 23.921869621858935 23.865608381389304 23.80432500207328 23.740147671520774 23.675352025984587 23.61234616534913 23.553627807370557 23.50170392656525 23.458966841965122 23.42753010493142 23.409042484825537 23.404514220858815 23.41419757853257 23.437555445032224 23.473327431754793 23.51967383844591 23.57435860869592 23.634930556250552 23.69887407641547 23.763716952366302 23.827096054323427 23.886788872119208 23.936155073320258 23.968400242137353 23.981738311350608 23.974289681775584 23.927841686395563 23.83786334228871 23.726518258371467 23.600976101668884 23.464673233914578 23.321370847854528 23.175301101463212 23.031274411794392 22.89472662688 22.771656120424332 22.668374030617873 22.590990648239035 22.54463675576133
24.04856552518992 24.02103810292015 23.980902088204925 23.929794942307296 23.86945724984129 23.80176332132367 23.728752336953374 23.652657039019044 23.57592417893794 23.50121696031601 23.43138506603682 23.3693843315941 23.318129564428823 23.28027569328335 23.25794745944289 23.252470499443927 23.264178689612105 23.292362529892532 23.33537733293677 23.390872551042104 23.45606921184312 23.528015877347737 23.603782134939262 23.680579976212414 23.755823632643335 23.826633001238804 23.883806582765086 23.923040095742135 23.94241502425471 23.940422911635952 23.913645453205742 23.848860000797387 23.75916687972969 23.65556334600665 23.541353527556797 23.4201084697262 23.295807374710204 23.172963310589456 23.05672133415067 22.952881317613283 22.86773759532663 22.80756304381818 22.77760810413138
24.033719030477226 23.996579641738638 23.94639814223681 23.884770071662604 23.813405165249858 23.734166350154144 23.649113604583015 23.560550927453896 23.47107131282015 23.383588821892257 23.301338165860383 23.227812026980864 23.166600257523832 23.121104703407482 23.094141990950742 23.08751296132188 23.101676532193707 23.135660071679744 23.18724619400857 23.25335449713783 23.33047363079469 23.415022944201745 23.503591029781283 23.593056734541115 23.68062513720755 23.761987700599374 23.827469538563467 23.874021017743114 23.899670059827606 23.902956355144394 23.88419555185975 23.84826946311637 23.782773918124825 23.70100387571122 23.60840974354939 23.50829980759077 23.404304076012895 23.300526030975462 23.201721229279627 23.113486844982887 23.042351265709094 22.99544011332526 22.97919194658712
