_RESULTS/CROSS_VALIDATION_POSTPROCESSED/Berg/TZ/6comp/2/Berg_TZ_z_355_kriged_reverse_6comp_spherical_2.asc
ncols 100
nrows 90
xllcorner  5.6208707817415728
yllcorner 50.959635321741573
cellsize 0.00013419651685393446
nodata_value 1.7014100000000001E+038
[rows 0 to 19 of 90, columns 0 to 42 of 100]
3.0508565043603033 3.0508565043603033 3.0508565043603033 3.0508565043603033 3.0508565043603033 3.0508565043603033 3.0508565043603033 3.0508565043603033 3.0508565043603033 3.0508565043603033 3.0508565043603033 3.0508565043603033 3.0508565043603033 3.0508565043603033 3.0508565043603033 3.0508565043603033 3.0508565043603033 3.0508565043603033 3.0508565043603033 3.0508565043603033 3.0508565043603033 3.0508565043603033 3.0508565043603033 3.0508565043603033 3.0508565043603033 3.0508565043603033 3.0508565043603033 3.0506848292148434 3.0495056289313047 3.0472109352555976 3.043761241675571 3.039079585541545 3.033064074807192 3.025601667413706 3.0165848022347808 3.0059328566882466 2.9936209043398563 2.979718715561306 2.9644428987776483 2.948223210525337 2.931777383654425 2.916172062113481 2.90281628667119
3.0508565043603033 3.0508565043603033 3.0508565043603033 3.0508565043603033 3.0508565043603033 3.0508565043603033 3.0508565043603033 3.0508565043603033 3.0508565043603033 3.0508565043603033 3.0508565043603033 3.0508565043603033 3.0508565043603033 3.0508565043603033 3.0508565043603033 3.0508565043603033 3.0508565043603033 3.0508565043603033 3.0508565043603033 3.0508565043603033 3.0508565043603033 3.0508565043603033 3.0508565043603033 3.0508565043603033 3.0508565043603033 3.0508565043603033 3.0508565043603033 3.0504541557562925 3.0489110697934088 3.0461949281145024 3.0422381586066654 3.0369316817418808 3.0301359857618517 3.0216933464555513 3.0114429021257267 2.9992408935125097 2.9849893525716475 2.968677980272165 2.950445851073319 2.9306711565347072 2.910095176825559 2.8899708249842195 2.872173330441064
3.0508565043603033 3.0508565043603033 3.0508565043603033 3.0508565043603033 3.0508565043603033 3.0508565043603033 3.0508565043603033 3.0508565043603033 3.0508565043603033 3.0508565043603033 3.0508565043603033 3.0508565043603033 3.0508565043603033 3.0508565043603033 3.0508565043603033 3.0508565043603033 3.0508565043603033 3.0508565043603033 3.0508565043603033 3.0508565043603033 3.0508565043603033 3.0508565043603033 3.0508565043603033 3.0508565043603033 3.0508565043603033 3.0508565043603033 3.0508550326911132 3.050195926889816 3.0483460063094823 3.0452683012598345 3.0408699301568682 3.03501194680127 3.0275186357231343 3.0181875246500693 3.0068017179927455 2.9931468262244136 2.977035991896086 2.9583487036374656 2.9370929610450363 2.9135069202766903 2.8882256575546377 2.862544271325278 2.838770671116724
3.0508565043603033 3.0508565043603033 3.0508565043603033 3.0508565043603033 3.0508565043603033 3.0508565043603033 3.0508565043603033 3.0508565043603033 3.0508565043603033 3.0508565043603033 3.0508565043603033 3.0508565043603033 3.0508565043603033 3.0508565043603033 3.0508565043603033 3.0508565043603033 3.0508565043603033 3.0508565043603033 3.0508565043603033 3.0508565043603033 3.0508565043603033 3.0508565043603033 3.0508565043603033 3.0508565043603033 3.0508565043603033 3.0508565043603033 3.0508283991054768 3.0499572107342674 3.047866506737243 3.044501302348435 3.0397477306723055 3.033441472430024 3.025375209061376 3.015306151299382 3.002964935763628 2.9880677190308336 2.9703343657167594 2.9495177467321447 2.925453534594181 2.8981493219163483 2.8679529489386884 2.835885776068326 2.8043039503077813
3.0508565043603033 3.0508565043603033 3.0508565043603033 3.0508565043603033 3.0508565043603033 3.0508565043603033 3.0508565043603033 3.0508565043603033 3.0508565043603033 3.0508565043603033 3.0508565043603033 3.0508565043603033 3.0508565043603033 3.0508565043603033 3.0508565043603033 3.0508565043603033 3.0508565043603033 3.0508565043603033 3.0508565043603033 3.0508565043603033 3.0508565043603033 3.0508565043603033 3.0508565043603033 3.0508565043603033 3.0508565043603033 3.0508565043603033 3.0507916883137645 3.049775426769951 3.0475182601974025 3.043952438857548 3.0389489823358504 3.03232497329015 3.023849467155678 3.0132488306963894 3.0002124134821466 2.98439972521233 2.965450867387845 2.9430031732020687 2.91671969493563 2.8863417683343986 2.8517959977804304 2.8134421196177413 2.772747114167291
3.0508565043603033 3.0508565043603033 3.0508565043603033 3.0508565043603033 3.0508565043603033 3.0508565043603033 3.0508565043603033 3.0508565043603033 3.0508565043603033 3.0508565043603033 3.0508565043603033 3.0508565043603033 3.0508565043603033 3.0508565043603033 3.0508565043603033 3.0508565043603033 3.0508565043603033 3.0508565043603033 3.0508565043603033 3.0508565043603033 3.0508565043603033 3.0508565043603033 3.0508565043603033 3.0508565043603033 3.0508565043603033 3.0508565043603033 3.050767316188944 3.049676746805962 3.047333772554747 3.0436639616659624 3.0385303437116113 3.0317400633665312 3.0230493985701443 3.0121677975972427 2.998761567743844 2.982457898661421 2.9628500355533047 2.9394494689005484 2.911775513677355 2.8794935800737482 2.8422717610753034 2.7998294019444656 2.7520957152002756
3.0508565043603033 3.0508565043603033 3.0508565043603033 3.0508565043603033 3.0508565043603033 3.0508565043603033 3.0508565043603033 3.0508565043603033 3.0508565043603033 3.0508565043603033 3.0508565043603033 3.0508565043603033 3.0508565043603033 3.0508565043603033 3.0508565043603033 3.0508565043603033 3.0508565043603033 3.0508565043603033 3.0508565043603033 3.0508565043603033 3.0508565043603033 3.0508565043603033 3.0508565043603033 3.0508565043603033 3.0508565043603033 3.0508565043603033 3.0507667997756114 3.049674768596616 3.047330102658984 3.043658237751061 3.0385220445390284 3.0317284693224216 3.0230335339265766 3.012146345852685 2.9987298139870133 2.9821886150615717 2.9621078924901694 2.9382289822162106 2.910259991090765 2.8778844640775243 2.8407785559172427 2.7986525169677714 2.751382099665501
3.0508565043603033 3.0508565043603033 3.0508565043603033 3.0508565043603033 3.0508565043603033 3.0508565043603033 3.0508565043603033 3.0508565043603033 3.0508565043603033 3.0508565043603033 3.0508565043603033 3.0508565043603033 3.0508565043603033 3.0508565043603033 3.0508565043603033 3.0508565043603033 3.0508565043603033 3.0508565043603033 3.0508565043603033 3.0508565043603033 3.0508565043603033 3.0508565043603033 3.0508565043603033 3.0508565043603033 3.0508565043603033 3.0508565043603033 3.050790365914631 3.049769760982703 3.047507588922711 3.0439357121312174 3.0389246878687133 3.032291025722277 3.0238030471630752 3.012979818445218 2.999222538344895 2.982382992484878 2.9623005117877117 2.938803484049527 2.9117298276176142 2.8809659496303857 2.8465327643347136 2.808800868217466 2.7691064622938026
3.0508565043603033 3.0508565043603033 3.0508565043603033 3.0508565043603033 3.0508565043603033 3.0508565043603033 3.0508565043603033 3.0508565043603033 3.0508565043603033 3.0508565043603033 3.0508565043603033 3.0508557872206694 3.0508265411539965 3.050780385703834 3.0507445725072406 3.0507348867447583 3.0507551686261096 3.050797193752171 3.050840927791457 3.0508565043603033 3.0508565043603033 3.0508565043603033 3.0508565043603033 3.0508565043603033 3.0508565043603033 3.0508565043603033 3.050826943180689 3.049948648521116 3.0478498234784364 3.0444748665101757 3.0397091850595763 3.033371925222552 3.024729103475291 3.0134341624653196 2.9994274762728117 2.982637629586337 2.962999023186925 2.940475287214464 2.9150968305260965 2.8870305225983794 2.8567200716186147 2.825180711617769 2.7946121818001592
3.0508565043603033 3.0508565043603033 3.0508565043603033 3.0508565043603033 3.0508565043603033 3.0508565043603033 3.0508565043603033 3.0508565043603033 3.0508461693665447 3.0507105149477622 3.050470823627258 3.050188789260097 3.0499172048953085 3.049698485399536 3.04956330487779 3.0495295112786946 3.049601455563969 3.049769823750602 3.0500119943318187 3.0502928733721144 3.050566098637042 3.0507754633004027 3.0508565043603033 3.0508565043603033 3.0508565043603033 3.0508565043603033 3.0508545394378994 3.050185739013098 3.0483248791673265 3.0452341829926515 3.040759030466675 3.0340431889564363 3.024863040352368 3.013222220330727 2.999118656031811 2.9825644116673553 2.963607609939186 2.9423613873179075 2.9190492181036287 2.894082546460021 2.8684055219528544 2.8436391886619083 2.8216685358591826
3.0508565043603033 3.0508565043603033 3.0508565043603033 3.0508565043603033 3.0508565043603033 3.0508565043603033 3.0508349710318443 3.0505887042905604 3.0501352555690358 3.0495561707921044 3.048927408645808 3.048317668773686 3.047786453442025 3.047382046799258 3.0471396338307253 3.047079790038851 3.0472075427771754 3.0475121356187618 3.0479675294950535 3.0485335692160818 3.049157654562364 3.049776699261436 3.0503191459160495 3.0507068259756256 3.050856498855823 3.0508565043603033 3.0508565043603033 3.0504440320883868 3.048887541383266 3.046092203535441 3.041139895585994 3.0338042385369555 3.024140791389874 3.0121995366180587 2.9980465491970327 2.9817842654244435 2.9635734406729437 2.94366183592952 2.922898226260086 2.902456029648344 2.8828029947154006 2.8648292298990548 2.849977491347752
3.0508565043603033 3.0508565043603033 3.0508565043603033 3.0508565043603033 3.0508565043603033 3.0506726212808597 3.050133415081922 3.049332463562391 3.048362112143208 3.047311642578859 3.046265626182221 3.0453017313563606 3.0444881365321077 3.043880785977099 3.0435207959703914 3.043432346801604 3.043621361881661 3.0440751749082553 3.0447632371365807 3.045638754823649 3.0466410123359866 3.0476980592937477 3.048729430092976 3.049648610290532 3.0503650432641796 3.0507855569989735 3.0508565043603033 3.0506768142260965 3.049462657757995 3.046231460971139 3.040596264225105 3.032659025291477 3.022510478532817 3.010254216288468 2.996026451259023 2.9800140471156453 2.9626649416714153 2.945647594876559 2.9293091946175385 2.9138368221312834 2.8996547972964417 2.8874768614026594 2.878306482844345
3.0508565043603033 3.0508565043603033 3.0508565043603033 3.0508423858132434 3.050466824293425 3.049654711436577 3.0485061633607895 3.047121571438035 3.0456011431087147 3.0440436688060664 3.042544477117778 3.041192621940312 3.0400674646163384 3.039234954097032 3.0387440346637953 3.038623677807593 3.0388810017942856 3.0395007954407807 3.040446528945736 3.041662677208541 3.0430779731717656 3.0446091023411506 3.046164356500264 3.0476468587925982 3.0489571087375236 3.04999473129264 3.0506594206513893 3.050829167747789 3.0494142477896022 3.0454839596718775 3.039180271803631 3.030630362111364 3.019966175545505 3.0073449786154036 2.992965657543032 2.9777701102863188 2.9635620494839023 2.950358750312339 2.938201811106406 2.9272753883013323 2.9179295946724837 2.9106834542763322 2.90618313225687
3.0508565043603033 3.0508565043603033 3.0508246994697488 3.050322729192343 3.0492891723586792 3.0478266133520124 3.0460397981971887 3.0440360308498606 3.0419247708603754 3.0398162736968217 3.0378191537288384 3.036036850565474 3.0345631500492622 3.033477135395276 3.032838170371242 3.0326816632860147 3.0330163445354157 3.0338235726042684 3.0350588049884326 3.0366549472803928 3.0385269635097445 3.040576986345616 3.0426992169585283 3.0447840906448445 3.0467214181399647 3.0484024212061125 3.0497207265251935 3.0503225856076077 3.0485298241680185 3.0439323775322626 3.0369637035444437 3.0277824326386806 3.01656178377327 3.0035053627587236 2.9899187936985037 2.9777258881943567 2.966841610001696 2.957219450749322 2.948910868042402 2.9420771096189204 2.9369875494826068 2.9339958273776356 2.933484391171439
3.0508565043603033 3.0508341371878944 3.0502992799738533 3.0491270993384867 3.047419452986594 3.045281379177061 3.042822482955489 3.0401576627243974 3.037406942926555 3.0346941406352372 3.03214410935425 3.029878411074708 3.028009499384025 3.0266338487582627 3.025824868270938 3.025626747853425 3.026050429516701 3.0270725716493194 3.028637740043637 3.0306633363400364 3.0330462346133165 3.0356699097900828 3.0384110006147638 3.0411446139040943 3.0437480745439767 3.046103138127645 3.048088627338134 3.0485347935408385 3.0466201658342493 3.0416716143681155 3.0340480631476523 3.0242236138172722 3.012406983809381 2.999903597968323 2.9890695688900357 2.979826781057824 2.9720667262486233 2.965755178930116 2.960943852264696 2.957770632480573 2.9564422567761133 2.957194046191788 2.9602263102498307
3.050855427570237 3.0504053848511616 3.049206035957564 3.0473560261808568 3.0449570357555316 3.0421160832157637 3.03894742939911 3.035573862962993 3.0321270410685948 3.0287464596485307 3.025576581267314 3.0227617269221936 3.0204386236525713 3.0187270357041895 3.0177196195836657 3.0174727877697274 3.0180005826294747 3.0192730842963678 3.0212197706122614 3.0237369572705894 3.0266975350995864 3.0299610104320926 3.0333822686293517 3.0368181887098724 3.0401319042818815 3.0431949512829 3.045569612513729 3.0457416939259794 3.043519299047647 3.038617903879633 3.0305620787346803 3.0200990750934005 3.0083655409101366 2.9983486208574965 2.9901913917897476 2.9837379192717983 2.978886629552674 2.9756070540211654 2.9739490689840027 2.9740386162386505 2.9760517603762837 2.980160910336786 2.9864564596302987
3.050599311317329 3.0495078591254807 3.047647237680199 3.0451132949944535 3.0420065222228962 3.0384349055849227 3.0345165417096953 3.0303817730050437 3.0261744306237945 3.022051573791114 3.0181809388214194 3.014735274694749 3.011883021553827 3.0097755525231094 3.008532439203103 3.0082275349363847 3.0088793477477513 3.010448502534855 3.0128430797662014 3.0159301978829554 3.0195506179903506 3.023533017210705 3.027705591034407 3.031904016486655 3.0359758958590493 3.039782375332564 3.042228596914398 3.0422043233870157 3.0396744941763782 3.0346249877246585 3.0265839430016426 3.0157871265754466 3.006138893270721 2.998608303849807 2.993009141794092 2.989185502249988 2.987032842814592 2.9865163466058364 2.987683785122613 2.9906651905917605 2.9956464634719753 3.002802974827588 3.0121916805187543
3.049960199064998 3.048242571998187 3.045727794438126 3.0425076772448345 3.038680023002381 3.034352115717661 3.0296442347487553 3.0246929745041466 3.019653915815862 3.0147028574646773 3.010034412614313 3.0058564537524477 3.0023789740691114 2.9997968764470153 2.9982682816766943 2.997892698817316 2.998695286994351 3.000622627778697 3.003551581348394 3.0073079862937524 3.011689102828176 3.0164840291139647 3.021488751360664 3.026515118923195 3.031394703377645 3.0358692163687557 3.038315308099067 3.0381831038353977 3.03542282532379 3.0300330265300452 3.021992250531019 3.0128433670859693 3.005554987545495 3.000431765140777 2.997285285340414 2.9959511161684285 2.9963103442220027 2.9983122429224265 3.001996864142854 3.0075100062765814 3.0150914510786033 3.025003908026513 3.0373757098118697
3.0490345441644595 3.0467115652059653 3.043556004415523 3.039654092196962 3.0350989562475945 3.029994771899272 3.024461303502726 3.0186387286849916 3.012692359898231 3.0068163902394716 3.0012350491892783 2.996198664860738 2.9919715599881735 2.988809448641792 2.9869272064702588 2.986463497842862 2.987453804759635 2.989822994989808 2.993400802260866 2.9979533358085364 3.003218446082578 3.008934870165148 3.0148608807457777 3.0207830640707667 3.026518060978431 3.0315177980542183 3.0340764143399714 3.0339354508872427 3.031038593179732 3.0253896361280597 3.017568638627492 3.0111893179086393 3.0063586397658 3.003582079127519 3.002809590249175 3.0038602636926304 3.0065877454529266 3.0109073115487117 3.0168319991357944 3.024516149472481 3.0342870438009424 3.0466042282925536 3.0618438776513295
3.0479176328379807 3.045017740387914 3.0412435447113553 3.036673961233448 3.031395059208988 3.0255047826157164 3.0191185099663715 3.0123755727847095 3.005446612245795 2.9985410891811526 2.991913151787908 2.985862261747042 2.980722855740528 2.976836563146636 2.974504425476661 2.973927583909554 2.975158381867608 2.978086406211637 2.9824673338819387 2.987978730328533 2.994277067973792 3.0010384754846307 3.0079795199504824 3.0148627800964363 3.0214937559434425 3.0269679165206798 3.029753559118648 3.029711152270293 3.026785227346545 3.020987336565069 3.0145903875561597 3.010496900154783 3.0082870640166974 3.0078219775912522 3.0093816976619223 3.0127639997562454 3.017782998415943 3.0242963415643724 3.03225126708469 3.0417630123914754 3.0532299445707487 3.067422393496807 3.0850827148776987
