_RESULTS/CROSS_VALIDATION_POSTPROCESSED/MHZ/TZ/3comp/3/MHZ_TZ_z_1000_kriged_reverse_3comp_spherical_3.asc
ncols 100
nrows 81
xllcorner 5.5967107548124995
yllcorner 50.982328804812504
cellsize 0.00017565037499993607
nodata_value 1.7014100000000001E+038
[rows 0 to 18 of 81, columns 0 to 42 of 100]
0.8105433840058422 0.9068428933023303 1.0061582471496335 1.099246471594498 1.1718731806023044 1.2076587849222986 1.1963446785178509 1.1413498065073917 1.0570634356614559 0.9595718478568573 0.8608194280585993 0.7678502939152367 0.6841038077169399 0.6108135474552857 0.5479995695732777 0.4950826647640348 0.4512433135517105 0.41562523433044535 0.3874488747120626 0.36607510582059627 0.351043906117508 0.3421039922767854 0.339240031142174 0.339240031142174 0.339240031142174 0.34002318755243904 0.34469258279446596 0.353359906970702 0.36585574993203307 0.3820487212083936 0.4017994929733021 0.4249074644655723 0.45104650192639534 0.4797278658980574 0.5103531261316142 0.5416197133677547 0.5717427835634599 0.5985646051558463 0.6197473303003319 0.6331420874464768 0.6372751053670094 0.6317712502478592 0.6174953471347764
0.8761856351874872 0.9949346888918844 1.1234143351052874 1.251589799029393 1.359102507292937 1.415431621262489 1.3973374796693177 1.3129347976244357 1.1923875019786165 1.062260083440921 0.9375699539394655 0.8249810286786298 0.7266487564887489 0.6425480351414214 0.5716919788613993 0.5127481989234122 0.46434675012718507 0.42523105335138733 0.3943291069707698 0.37078568907970283 0.35397808395432506 0.3435288779739914 0.33932525149834675 0.339240031142174 0.339241121688372 0.34162774219885145 0.34841845570722874 0.35945278686462223 0.37465799030349406 0.3940082575812497 0.4174843937695221 0.4454956865593305 0.47802278920490454 0.514428826288232 0.5536848958298406 0.5942220055134145 0.6338071237102169 0.6695184492734761 0.6979439242929237 0.7157277019826854 0.720439355903562 0.7114269607256859 0.6901228914472326
0.9308135510996405 1.071320774317904 1.231248532412532 1.4037394456196064 1.5660086620150897 1.662525881359679 1.6303054856301977 1.4936005079425618 1.3219901945355568 1.1538805406403665 1.0027303434638668 0.8718224342047202 0.7606718679375207 0.6674689168193453 0.5900509274146575 0.526305808647436 0.4743382672939259 0.4325312076079162 0.399560463370613 0.3743907834271148 0.3562677691541938 0.3447145559865702 0.3395397212359082 0.339240031142174 0.33957598233258196 0.34372208536006527 0.3524527699492316 0.36569835551817576 0.38348919841256357 0.40645083852223857 0.4353112752958788 0.4700156052460857 0.5103589053096315 0.555844696289141 0.6054970322866954 0.6576245846353942 0.7095562933569304 0.7574347361416408 0.7962862462383141 0.8207284217320707 0.8265313516970421 0.812464670902574 0.7810380574153187
0.966378560130483 1.1228686822787444 1.3083857451698118 1.5241254698111935 1.761284148149819 1.95100269957778 1.8790555369664699 1.6487769430024852 1.4190882200993278 1.2174099184726892 1.0458800997272355 0.9019479689409644 0.7821282123089952 0.682970604248776 0.6013590018815335 0.5345979641197915 0.48042015357466683 0.4369629890762018 0.4027355593931345 0.37658627133162076 0.3576772368073121 0.34546960617661787 0.33972377145088195 0.339240031142174 0.3403116100734166 0.3459800221720816 0.35642024813667395 0.3717469012292443 0.39322449347996835 0.42133184096150234 0.4562689990873756 0.49821847034664246 0.5472280989107475 0.603050309480869 0.6649138810606725 0.7311966909040449 0.7989699694694085 0.8634406710647996 0.9175467656126368 0.9524971703754661 0.9604357578010215 0.938776073114229 0.8922661873555076
0.9764216619775994 1.1377215632124322 1.3314287816748431 1.5628922336239657 1.837541380693914 2.153901758198835 2.0017193809756852 1.7027591403176345 1.4490429582559583 1.23601492284286 1.0581798040775374 0.9103995084765341 0.78808639345503 0.6872453513009694 0.6044620370858697 0.5368654860867684 0.4820793189031499 0.43817033794551347 0.40360032805967183 0.37718504640001205 0.35806338331538107 0.3456793851862657 0.3397802494071405 0.339240031142174 0.3411905667582745 0.3481078391788239 0.36021996070701884 0.3790150369713836 0.4049048703489695 0.43823803294304575 0.47946347208216783 0.529046184848388 0.5873552014286638 0.6545046574579538 0.7301162579089118 0.8129448557207982 0.900259880672446 0.9868190826704294 1.0633819090330376 1.1157420888291252 1.1281740181705668 1.0944043636847127 1.0245163378489655
0.9589233651818265 1.1119308526967093 1.2916666240073542 1.4969172934104866 1.712898298020778 1.8679002520508752 1.8121815838490731 1.612290876141468 1.3976531471402276 1.203799026598077 1.0367834211567122 0.895658186806912 0.7776764884745377 0.6797681593369141 0.5990300072966571 0.5328938186957064 0.4791720922970465 0.43605431782559256 0.4020846485128039 0.37613579181195667 0.3573872010933909 0.34531283759121434 0.33968300429774684 0.3392423404696552 0.3419990831317294 0.35011811152555294 0.3651917976924137 0.38763406799675804 0.4178226695860512 0.45633142762973233 0.5038680022634188 0.5611984228717425 0.6290470661546504 0.7079575381885694 0.7980890610060536 0.8988910412734452 1.008509937729394 1.1225471308665131 1.2312472578634372 1.3139439828211463 1.337003933767456 1.281839638846837 1.174211225130088
0.9173447476521539 1.0521931795876194 1.203597563560992 1.3632642323539768 1.5080665252181007 1.5903594724930592 1.5632906679290106 1.4442782464539197 1.288169214575045 1.1306779978460815 0.9865449493235078 0.8603358687240695 0.7524022297056876 0.6614497259888198 0.5856368368241693 0.5230567855241305 0.4719491663242145 0.4307877765992068 0.39831115852329324 0.3735283480223705 0.3557170477847522 0.34442443963905883 0.33947795536604386 0.3392822710147486 0.3427050647557852 0.3531483016175583 0.3711474442964241 0.3969952758038776 0.43125915870684134 0.47472798319717424 0.5283553446247655 0.5931891653314039 0.6702799983029533 0.760562495082748 0.8647047256123543 0.9829092089236179 1.1145976737462218 1.2577065090235457 1.4064316917344193 1.5417057239595335 1.595458088671741 1.494240164442778 1.3262241860115522
0.8588861951127559 0.9713598649239602 1.0913831126875801 1.2088781139692946 1.305150881221062 1.3545377933933516 1.3387628703260526 1.2641053895464636 1.1549296780613714 1.034497798522126 0.9171896335163872 0.8100111674727569 0.7156101687843136 0.6343745732813024 0.5656230828409539 0.5082410359665703 0.46101240993316817 0.42278991209966427 0.39257994296613175 0.36958437665691635 0.3532229569768165 0.3431508173676633 0.3392812369697653 0.3393135416287929 0.3442593142490396 0.3569848803676496 0.377588821638916 0.4065166536137841 0.4445058216554998 0.49253543018318796 0.5517680127339709 0.6234726212190614 0.7089220912923782 0.8092643645694342 0.9253792041889675 1.0577457907904644 1.206356924644711 1.3707096571968331 1.5498569319710376 1.7422302205534645 1.912905176632154 1.6756653833275914 1.4438266269201239
0.791546134483416 0.8819903296052081 0.974162312540492 1.0593385918806335 1.1248200837413218 1.156725076844684 1.146665383321664 1.0974133654937233 1.0209011616976644 0.9310791229257771 0.8388858029417042 0.7511552855478132 0.6714611524677347 0.6012639198319547 0.5408026818094089 0.48967985620880244 0.4472177490350851 0.4126681112548519 0.3853330824331903 0.364635558243815 0.35016329635019383 0.3417028354695894 0.339240031142174 0.3399244861578089 0.3465938790751471 0.36123481139462327 0.384064094582793 0.41565644004144825 0.4568920352595358 0.5089038261434966 0.5730086330146006 0.6506066490499429 0.7430362984067393 0.8513785914648587 0.9762181913328352 1.1173807462319687 1.273646842646697 1.4422831580432538 1.6174289611700994 1.781296433576027 1.8499686746931383 1.70403858831666 1.4878578396232787
0.7220128830936061 0.7931212156062812 0.862885959955937 0.9246829257984326 0.9702839119166257 0.9918606889611251 0.9851043293402364 0.9514089075502425 0.8971300739037177 0.8306332864240644 0.759543654310267 0.6894746459955579 0.6239612317290051 0.5649109901171014 0.5131631910941994 0.46917634076500575 0.43249933288289216 0.4025045048943219 0.37866587976305627 0.3606023920846356 0.3481086089171971 0.3411860076739731 0.33967713437069524 0.3414673932430129 0.349410319073227 0.3655615604229164 0.39017605898014535 0.42393011536041536 0.46781441604269725 0.5230742891093478 0.5911218637146596 0.6733959258675106 0.771143498737177 0.8851003501010193 1.0150578072997245 1.1593088208988793 1.3139086460826104 1.4713867546023587 1.6175952191848193 1.7237968029894315 1.7398907034670423 1.6384704836774768 1.4669079691687403
0.6549465973485915 0.7101015526618699 0.7626069455906602 0.8076988133453789 0.8400709835043336 0.855110572947177 0.8504207597452755 0.8267670715471879 0.7877639286808038 0.7385380846692453 0.6842566437481267 0.6291866412494539 0.5770386546540344 0.5301431364365317 0.48882535275896755 0.45307196295576013 0.4227082041648485 0.39751176855447556 0.37728866970909625 0.36192561286239167 0.35143132020993056 0.3459774373896399 0.34497262978193405 0.34699226229800473 0.3543398067105873 0.3702947262650925 0.3955965998506435 0.43092695423065236 0.4767611243793541 0.5344130629324992 0.6053416225670413 0.6909590953450206 0.7923233819123212 0.9096638149936033 1.0417098435558545 1.1848306926866912 1.3320294614940527 1.471777005472813 1.5865736705230264 1.652233014474859 1.6440840087174908 1.5566199248005224 1.4140327661571073
0.5931500742275194 0.635571297693394 0.6750160322172927 0.7081275771181329 0.7314477516970986 0.7421503981713954 0.7388220358277802 0.7219103542624896 0.6935780661874306 0.6570507515026431 0.6164687875118652 0.5763835551128501 0.5382909460049431 0.5030725315600476 0.47125001489026275 0.44309577370907693 0.4187350032625905 0.3982284229963287 0.3816359418832401 0.36906656345998795 0.3607215861402785 0.35686153818146804 0.35602444540417255 0.3580773287430077 0.36444965732489654 0.37911926571960913 0.4029283787424078 0.4370680199828438 0.4833283052413362 0.5424260447391337 0.615093878213473 0.7026993199539604 0.8061113366047473 0.9250765306149985 1.0573128010165818 1.1973831945050804 1.3356606758051461 1.4580051426341585 1.5468965129903125 1.5847694674233401 1.5603636563736631 1.476212828990876 1.3494666253239092
0.5380482154659437 0.5704739505578346 0.6000842123087208 0.6245232865534759 0.6415008585752303 0.6492265251782625 0.6468284480331506 0.6345811668803838 0.6138447615988912 0.5887079947902886 0.5621133269159129 0.5351527396205138 0.5087644441873364 0.48367829299422627 0.4604261279475494 0.4393859465026024 0.42083731692096665 0.4050155667937921 0.3921599484752019 0.3825559575786032 0.3765751894690422 0.3736203331568702 0.37271299748462067 0.3745215261865596 0.3796938600644938 0.3925059864536354 0.4142949004969834 0.44610256038648854 0.489546065709486 0.5468847075290402 0.6199685500525939 0.7082065941124919 0.8122535222548944 0.9315875727294256 1.0632685075142458 1.2005031643838129 1.3314736219192405 1.4398490586749293 1.5084156389501038 1.5248560630448382 1.486255294906175 1.4000678680229983 1.2812659997566174
0.4901640133560718 0.5147963757471533 0.5369877279998145 0.5550768262983858 0.5675191062567077 0.5731467640087701 0.571402223511193 0.5625780307648989 0.5502485631903757 0.5360802264264232 0.5205713216586454 0.5043115690117863 0.48787977787791303 0.4717875166749157 0.45646361264192115 0.4422672950400667 0.42951757838248456 0.4185293885557282 0.4096505597353668 0.403297348443131 0.39980721331045455 0.3964487704838678 0.39510512720358293 0.39628292568639784 0.40017082329916837 0.4103611856277436 0.42941590368574967 0.45820748008342205 0.4981458041094537 0.5512311565719206 0.6201151497732097 0.7071572549168794 0.8104454365147642 0.9291230294677613 1.0602186537763636 1.1963574913356174 1.3238175409953175 1.4229981181224924 1.475107665450414 1.4720315308335987 1.4185697448247179 1.326953866535844 1.21161655032534
0.44948880185352685 0.4680449924800956 0.48460547856485164 0.49798653082421473 0.5071262808258642 0.511242620635175 0.5100632874542129 0.5065997255996504 0.5021155304492841 0.49655527519107495 0.49004632809310855 0.48282332657747773 0.4751643117328349 0.4673488698005974 0.45964102378919064 0.4522941829503425 0.44557266311488086 0.4397833546761123 0.4353114063873893 0.43265536154883744 0.4299479150217269 0.4256900445843133 0.4234123359538117 0.4234186061090903 0.4259356188862803 0.4327255480162823 0.4481089487885264 0.4729945114945097 0.5085646989389356 0.5565503438355437 0.6192895889537255 0.6997738326908671 0.8001992355619171 0.9168969310168751 1.0472046363048986 1.1845390033653476 1.3142004240857792 1.4106407846008062 1.4480401001040442 1.4232498724748381 1.352637059875272 1.2537371557876058 1.140041661102025
0.41574095574584463 0.42953481298306334 0.44178067824602446 0.45162245950157454 0.45831488053048863 0.4613228868845113 0.4628544278199127 0.46470291249146184 0.46648628646237317 0.4679887224502162 0.4691226641712203 0.4698856921707565 0.47032103084262455 0.4704895990305773 0.4704589716945281 0.4703116818428175 0.4701722406609557 0.47024891725788937 0.47088306213701453 0.4710910022642882 0.4674446364212352 0.46185503866104877 0.45789356675756465 0.4557470027215326 0.45585134598201554 0.4588812007300177 0.4691769199559678 0.4889266060929101 0.5190778448986639 0.5610738069531402 0.6169058321674326 0.6891679692886515 0.7810801256152644 0.8934623258011115 1.0212017437239087 1.1603595511998968 1.2991523814806003 1.4043399505844716 1.42506302211555 1.370841009813448 1.281320137082286 1.1761626671938281 1.0650751657427093
0.3885372821837181 0.3985596387223203 0.4074556626204712 0.41459399395269636 0.4194392910407418 0.4229256970863306 0.42794155419803703 0.43415425398853197 0.44119206409608247 0.44878880470769106 0.45675694071756445 0.4649568585418422 0.47326688413912715 0.4815603290983176 0.48969675104614696 0.49753460355851664 0.5049705785211415 0.512005767947169 0.5176401999117748 0.5181569081760006 0.5129834242616971 0.504675003349469 0.4973337556251604 0.49154071193013327 0.4879231888994702 0.48714505846970035 0.4911173005382731 0.5043447175668843 0.5277770831245963 0.5625188387828597 0.6101871929334985 0.6729793101495487 0.7537504531821546 0.8560656045049837 0.9775910352740964 1.1135196318025542 1.260838392514545 1.4012754904161282 1.3894714812381728 1.297475510173921 1.195513863503613 1.0903543326946314 0.9856703368813349
0.36750450338631013 0.3744913251178414 0.3807399098657615 0.38577268616234817 0.3894939930127811 0.39506657132269585 0.4030365708327854 0.41301004851398304 0.42468486315419063 0.4378272266911812 0.4522447131084205 0.4677547488394906 0.4841504016148419 0.5011685821526646 0.5184699501893932 0.5356444488809616 0.5522589698290092 0.5665016127774679 0.5742182972503472 0.5739549352092026 0.5658528441796752 0.5532934968917632 0.5410997331188897 0.530173473346985 0.5214090341926915 0.5156592433199392 0.5137098855613109 0.5189398008152932 0.534355356345707 0.560636237200326 0.5989212800491737 0.650853836682188 0.7186355205810732 0.8050762425165183 0.9123587584940387 1.0333945501242958 1.1623800218735965 1.2763138882202845 1.2660935078948266 1.1833635774752322 1.090412656349683 0.9956773998754789 0.9025277905449486
0.35235351950439386 0.35683944455957806 0.3609449406091344 0.3642967312353544 0.3684383092649543 0.37596894885613474 0.3865548729154658 0.39992992766417274 0.41590929273913074 0.43436248405500055 0.455181793144728 0.4782424786788887 0.5033530556175255 0.5301979135615615 0.5582819955557285 0.5868743521315444 0.6125900965684719 0.6311986215613812 0.6401567701706857 0.6385139740527366 0.6265522116392168 0.6080159158054815 0.5890270163763928 0.5710722214421285 0.5554372339726067 0.5432115980340996 0.5352747308643259 0.5324920892871181 0.5386971291362904 0.5555283090270898 0.5835470137823399 0.6237178185335264 0.6773809643207997 0.746147343940691 0.8315562355918257 0.9282538470852374 1.0210748457081344 1.0857726899079656 1.0901219523926597 1.042975852571417 0.9735374106435123 0.8965616036131913 0.8185477645041404
