_RESULTS/CROSS_VALIDATION_POSTPROCESSED_80-20/Berg/GZ/3comp/5/Berg_GZ_z_0_kriged_reverse_3comp_spherical_5.asc
ncols 100
nrows 90
xllcorner 5.6208707817415728
yllcorner 50.959635321741573
cellsize 0.00013419651685393446
nodata_value 1.7014100000000001E+038
[rows 54 to 71 of 90, columns 0 to 39 of 100]
0.028452564876991708 0.033010808659665124 0.03726434907532486 0.04102337774551402 0.0442143027540458 0.04679361362415446 0.0486886786199396 0.049786085828919475 0.049953736865776706 0.04907876514810371 0.04710737408594225 0.04431804707623717 0.0415031481623163 0.03862438600911479 0.035657066747656556 0.03266034891575246 0.029756703469144503 0.027094963697946107 0.02481263540671863 0.022673891483165527 0.020528572805967586 0.018504861654048275 0.01667578009864724 0.015073230012369569 0.013702234655128506 0.01241084533177471 0.011427514963144422 0.010807916539555495 0.010489756889844574 0.010144593119895387 0.009102745348991503 0.007606860728092149 0.005923977437744711 0.004221960681235081 0.0027597576706971765 0.0016605267048658435 0.0009223999070591203 0.00047419422728641483 0.00022612492197291145 0.00010007836975815294
0.02074767172464423 0.024241276260662543 0.027839284164863524 0.03141097708536535 0.03486092223406661 0.03810571188750889 0.04104537721762967 0.043545605166086764 0.045435100768929544 0.04651692607043889 0.04659265293158042 0.045503118003180375 0.043741591451787395 0.041599417141143465 0.0389859537481014 0.03596097637473509 0.0327232974846474 0.029543017575087812 0.026636379003191518 0.023726811647507375 0.020909106145196154 0.018344852081595232 0.0161094812901034 0.014221325972887562 0.012590489854015627 0.011060754051618505 0.00972578522629727 0.008801496024467604 0.008211112695278433 0.007681767336742732 0.006697899166383908 0.005454908827081035 0.004175122260254399 0.0029523360385316695 0.001916958103246285 0.0011472843065287392 0.0006351558702955472 0.00032638012647065304 0.0001562262555768173 6.994811010903311e-05
0.015441172163473012 0.018132555166604763 0.021105662266909936 0.024306127938160893 0.027684534942121947 0.03118885123341116 0.034749145784538416 0.03825995012690941 0.041563634835793305 0.04443697946122675 0.04658549934657877 0.047657292925284776 0.047379163154128906 0.04619169271350882 0.04402954050359084 0.040897577429348714 0.03709975502171022 0.033114878495275925 0.029218057472568747 0.025294306851406996 0.021660012249581063 0.01849092493157588 0.01583701664891635 0.013640234529888166 0.011701332833076984 0.010000814150112955 0.008532561693953424 0.0073923612322281855 0.006629956249726063 0.006022721979818949 0.005134366646338459 0.004102983740661211 0.0030938949219291604 0.0021862042752142834 0.0014226214696085205 0.0008558473218556279 0.00047805500779632464 0.0002490577394955086 0.00012163534849895373 5.602454679388994e-05
0.011746615674488635 0.01383856396091021 0.01627592191312911 0.019063932035490994 0.022209650564033838 0.025718402941322757 0.029584340666414324 0.033774597985213664 0.03820561031912689 0.04270903387041933 0.04698632560483191 0.05056158496974775 0.05277156482399757 0.05307654253839451 0.05162041226008354 0.04828116507713907 0.04352329936470286 0.038225256035307784 0.03272155966615819 0.02743159653947508 0.02278623906899872 0.018925828973059614 0.015803111831893833 0.013175975238592525 0.010971532252973749 0.00914295474837826 0.007640787587274553 0.006420555014755716 0.0055406112347334375 0.004902020827872443 0.004113611967698095 0.003249052183298664 0.0024310244431634703 0.0017243317871589534 0.0011340615430831243 0.0006924794907230079 0.00039460896695465167 0.0002110553221615858 0.00010665129800690264 5.132837227446349e-05
0.009148284503549355 0.010791543435966685 0.012788571131529274 0.015183621919479272 0.018030286081973722 0.02139139758672644 0.025335491227890777 0.02992727800597295 0.03520999198367137 0.04116824072543904 0.04762736886329865 0.05413850612237712 0.05980990633975183 0.06322671330871064 0.06311846529368109 0.059434649161520206 0.052941337829792996 0.04522669987003247 0.037270118848412984 0.03014316912624144 0.024259684410718785 0.019588144041899378 0.015808486653891986 0.012770706008797988 0.010350447097108572 0.008432753938548471 0.00691991635692185 0.005732196227682189 0.004808842094446893 0.004148714292846212 0.0034514564382850726 0.002714571817061052 0.0020315802787531493 0.0014537244162919297 0.0009737848813777867 0.0006087402015208988 0.00035727251985906856 0.00019821743357720354 0.0001047993314316754 5.332169561673796e-05
0.0073063382100773235 0.008611699164507564 0.010253324095061484 0.012297485725963793 0.014829422217932254 0.01798055679560964 0.02190561753070252 0.026771681197617615 0.03276533284151034 0.04006705677634966 0.04877990117191914 0.05875258074714521 0.06918887039897577 0.07798727307537895 0.0814732971983743 0.07698910233100717 0.06679092428910607 0.05439267005033605 0.04281935621051811 0.03332328106882862 0.025931035949026397 0.02017890770685823 0.01575709944741465 0.012377580464921576 0.009798884088164659 0.007831026724979328 0.006328847323246462 0.005182962632534165 0.004311524169107198 0.0036538916468998417 0.0030354856796957546 0.00239512829801473 0.0018069147108399652 0.0013120637190552975 0.000901259723523407 0.0005810275897668809 0.0003539590045242109 0.00020536573445946533 0.00011453547978223221 6.209188847017368e-05
0.005995805698061476 0.007044722209020869 0.008402773539267811 0.010173082076853747 0.012478402363249808 0.015469178558578626 0.019344208111213592 0.024364715576584386 0.030870460798716054 0.039292445612813476 0.05014221471275202 0.06391046124011177 0.08065283596721312 0.09858494470132495 0.11071871547700034 0.10607661829154852 0.08698682361634395 0.06607655774470816 0.049152642434993676 0.03650134010282233 0.02726269742999764 0.020517126459077557 0.015581565953671057 0.011959572299564764 0.009289304380248074 0.007311120185523795 0.005839572317499983 0.004742178463458349 0.003924147635429977 0.0033176707327573557 0.002798251956165839 0.0022315710370778407 0.001709631402599912 0.0012677666749130359 0.0008981681056073695 0.0006007335988101423 0.0003821743595015417 0.00023326278669807276 0.000137959528877503 7.93584308805715e-05
0.005066962760854104 0.005932842506869256 0.007115062243831513 0.008705337099546932 0.010829963811459507 0.013663100837537325 0.017444926079542063 0.022508180235899327 0.029317037507938834 0.0385236192008879 0.051047005988077834 0.06816760359617859 0.09155239046435049 0.12260407589297624 0.15586905311313531 0.15051119393323087 0.11175407808085333 0.07865917372562119 0.05511017815775369 0.03901673542561372 0.028028487442273577 0.02048366074360388 0.01523431935084432 0.011495477411635393 0.00880665638442228 0.006857204200400195 0.005434231114037162 0.004390756308617959 0.00362468593801175 0.003064918024487499 0.0026449671588462936 0.002186570924587334 0.001718612653877069 0.0013098811166545132 0.0009616561899990214 0.0006704448639396783 0.0004474178476542151 0.00028787312646549944 0.00017904679976822897 0.00010867679283459642
0.004381738791072935 0.005179835559391668 0.0062628601457876175 0.00772364098832481 0.00970462183906545 0.01239890011506862 0.016070383665847676 0.02109331987932816 0.028003403365435515 0.03757685084169808 0.050954779791726565 0.06984134064347662 0.09681892796116116 0.13580976856107674 0.19122781121108978 0.18278629206935007 0.1252766608069523 0.08542864596144283 0.05847491145321274 0.040349689197388926 0.02826353364303083 0.020183459364863494 0.01472276607410418 0.010984910784616969 0.008348771083828876 0.006462911657790863 0.005103063831321434 0.004117097024532635 0.0034010916047423323 0.002883854908856076 0.0025168868730914657 0.0021832968238084103 0.0018062344936088353 0.0014411045764561009 0.0011028455516086898 0.0008036288478728499 0.0005603385120983227 0.0003763740939042618 0.00024565314930750936 0.0001573907751391856
0.00387187181415495 0.004615021900036664 0.005636201911746751 0.007031134890444506 0.008935794313663167 0.011542784314498018 0.015124941124731802 0.020069053474664512 0.02692328169147167 0.03646113901378008 0.049757614208318604 0.06823769892863346 0.09349489752940264 0.12559641666175955 0.15410259164748086 0.14905622502477553 0.11510705261929724 0.08204736371480446 0.05720289798767261 0.039764651685829655 0.027816019895374026 0.019699584251963616 0.01419730971450217 0.010470966860644746 0.007925421825899085 0.006129940373105707 0.004842931605820115 0.0039156454653982604 0.0032470274101132593 0.002768382720625248 0.0024334293995242275 0.0021958279856716194 0.001922885585850834 0.0016256460231632794 0.0013143553238075857 0.0010044469522504996 0.0007323155907606708 0.0005145105064935078 0.00035282368373109674 0.00023977689219197408
0.003498007797101679 0.004192318297533059 0.005155214232679063 0.006482125198726098 0.008308237139365272 0.010823463158524525 0.014292509130882668 0.019080380295338605 0.02568134860171431 0.034741880858054304 0.04704529044899205 0.06335888453708048 0.08358426638166012 0.10449989406571039 0.11798848219917021 0.11408539629093972 0.09488664753699302 0.07188240170472643 0.05205521437224874 0.0370219469586076 0.026250999176164202 0.018735372708519223 0.013552238316573654 0.009991114676213603 0.007543462484873269 0.00585416362609039 0.004649612466814336 0.003781018193280217 0.003155588676777448 0.0027092119735801484 0.002398215925302763 0.0021937839627664646 0.0020250182856486206 0.001807760805596447 0.0015402901568311853 0.001242508584167564 0.0009595845466134136 0.000722111467837466 0.0005338700798975916 0.0003907932497278601
0.003234297357844888 0.0038874441690683304 0.0047992945660177404 0.006062889118836696 0.007809027924798256 0.010218686137128034 0.013537599136412132 0.018090540030089117 0.024288247770460143 0.032609367678592314 0.043507620425459824 0.05683861103741487 0.07141976134855942 0.08436918625041186 0.0910214775899462 0.08767311464593121 0.0755998915772278 0.05994428317866626 0.045100095895866714 0.03299182968447851 0.02386368584265327 0.01726828993659061 0.012609166533851216 0.009354119692680098 0.007090426631253805 0.005519041866665328 0.004423338657060709 0.003630214194977998 0.0030550360430114847 0.0026429290986982345 0.0023560603322189937 0.002169398200526499 0.0020664587736114954 0.0019539898658647594 0.001757255259815348 0.0015144437304546146 0.0012654003857321312 0.0010308087770419362 0.0008237210731635027 0.0006501241301455661
0.003064919497852696 0.0036857079352784336 0.004556622326295339 0.005767467670379755 0.007443146958017405 0.009753107669071975 0.012920033597653322 0.017223156781515533 0.022986303667965325 0.030431282426658983 0.03952044263570407 0.0497887963263711 0.0599990157787998 0.06799646678514944 0.07123305133996247 0.0682398641646465 0.05992109494500796 0.0489595752365776 0.037992845641117476 0.028547554110863575 0.021098764016290555 0.015525672172125835 0.011483485552600288 0.008602946562053878 0.006569707575562699 0.005142499418582303 0.0041464755013780556 0.003443414102415022 0.0029297307595360735 0.002560213408493358 0.0023037985759642027 0.0021399478040187436 0.002056804855048362 0.00204097328094479 0.001978361985076077 0.0018494943639397999 0.0016751796720791438 0.0014773063115028496 0.0012752665686120853 0.0010838560195548103
0.0029820363039414948 0.0035802008041716273 0.004422684128802987 0.0055962906369087274 0.007220362822070602 0.009453427586872374 0.012489088580963354 0.01651512425996837 0.021694156161014302 0.028074074977101265 0.035458377752266325 0.043252386488972 0.0503617791188914 0.0553022174219334 0.05668118594705782 0.053938677716524296 0.047775675875688844 0.03978114511278755 0.03158662865974321 0.024277846436243113 0.018311429038342424 0.013710765600304401 0.010289540738072877 0.007801916671463592 0.006017709562555742 0.004749571712702892 0.003856186130003538 0.0032350822640348905 0.0027890984074898694 0.002467402676610759 0.0022458850119241383 0.0021087679631589707 0.002057689574156629 0.0021114426870660675 0.0022033971352415443 0.002235960627153445 0.00219610234308509 0.0020964698366760454 0.0019539238871379406 0.0017863324344228114
0.0029829726682634064 0.0035681030135641637 0.0043932083660842905 0.00553925321015643 0.00711251843125723 0.009243759450247514 0.012078534299173433 0.01575131409113675 0.020335304691207007 0.025764537131426814 0.03173948090943379 0.037654305431596376 0.0426146106128203 0.04561961413742812 0.04591295904409262 0.04334856422121378 0.038505221869328456 0.03242475730066289 0.02616510855281848 0.020476068308998136 0.015721563889890322 0.011968395719310125 0.009117143077654521 0.007005185503585297 0.005466689094966747 0.004359345255032785 0.003571752228096625 0.003021777898871905 0.0026426667580568327 0.0023711511084344035 0.0021871882386221594 0.0020896945275084527 0.002118237869682002 0.002240223226704655 0.002417914593017884 0.0026407694907928107 0.002813042383287625 0.0029066563120160246 0.002923573493647518 0.002872811196729354
0.003013310627417051 0.0035829784175889843 0.004383183706837828 0.005487545494495028 0.006990171274907342 0.009001859289769171 0.011636401368808131 0.014980459850539475 0.019042211136317173 0.023682840003128813 0.02855327806198767 0.033079573181560885 0.0365440829197344 0.03827487448091296 0.03788496358709355 0.03543963144607142 0.03144110254914768 0.026629396516436317 0.021722150863819754 0.017234716425518968 0.013433190393292242 0.010382449473466861 0.00802547333695006 0.006251809708857058 0.004941514753057515 0.003987328820836065 0.0033026952767677706 0.0028223730239919187 0.002499218100513851 0.002277914926089294 0.002138099674004667 0.0021238919864989565 0.0022392148330900837 0.0024364706394537426 0.0027056541445115347 0.003051147981285159 0.003474359097376754 0.0038854898901791147 0.004216627469678209 0.004451502970492026
0.00304931803933775 0.0035988249573636172 0.0043688816249755616 0.005426272220906367 0.006854661709956638 0.008749013215667572 0.011199627472718455 0.014259802112560402 0.017894341989592766 0.0219181734813286 0.02595562147705136 0.02946668028909142 0.031867673951160566 0.032713146518156204 0.0318514730644505 0.029473143127313826 0.02603169648327814 0.022084858038493412 0.018135949307230087 0.014537775464389209 0.011473393074389285 0.008989279126779999 0.007046449199253901 0.005565829922452226 0.004458971560449837 0.0036447620079485855 0.0030563613838018363 0.0026426138959170674 0.0023670144703563704 0.0021940263689458417 0.00213504372575214 0.0022140767563867104 0.002414940910874757 0.0027034680885590873 0.0030897183036104527 0.0035863616224228916 0.004204899988000887 0.004951394757780186 0.005787086749628887 0.006563502307081663
0.0030939744054191737 0.003619079039899819 0.004354740084438805 0.005361692805247065 0.006715305733340655 0.00849937328234883 0.01078945073130223 0.013619474807635056 0.016928850189742443 0.02050165436483384 0.02393715949225388 0.026708370015416396 0.028322852283053954 0.02850360254615257 0.027274228674310952 0.024915859846327458 0.021849491200098173 0.018510279306733567 0.015255546365647188 0.012321995878271819 0.009826705739306388 0.007794334274164695 0.006192714366365294 0.004967312990402973 0.004044699645000133 0.003359087970148884 0.0028585143637792454 0.002504112792966073 0.002268795284222183 0.0021545897317092676 0.0021845166261384224 0.002357893907071078 0.0026445041349092463 0.003045186550595648 0.0035821264149923228 0.004281754532792942 0.005171159744556878 0.006271806190548705 0.007589439239895926 0.009100307969764541
