_RESULTS/CROSS_VALIDATION_POSTPROCESSED_80-20/Berg/GZ/3comp/5/Berg_GZ_z_1000_kriged_reverse_3comp_spherical_5.asc
ncols 100
nrows 90
xllcorner 5.6208707817415728
yllcorner 50.959635321741573
cellsize 0.00013419651685393446
nodata_value 1.7014100000000001E+038
[rows 72 to 89 of 90, columns 41 to 81 of 100]
0.00021960451062717778 0.0001778465588622274 0.00015387112171785184 0.0001434510194294451 0.00014475524432503768 0.00015802396415177754 0.00018561491005930294 0.000232390078353447 0.00030642083824822025 0.000419916725600794 0.0005901151025987035 0.0008395851752651831 0.001195214321812175 0.0016842135282918514 0.002326244310942446 0.0031284624104420157 0.004054987873116441 0.005008964080756394 0.0058514414498199155 0.006421568384108765 0.0065826972236131594 0.00649598964434938 0.006410010218826315 0.006339916310811366 0.006300589063135832 0.0062808323675599765 0.00627650074457962 0.006287844919813486 0.0063142060720258655 0.006354024878715046 0.006404863816158337 0.006463444674141137 0.00652570451074313 0.006586874486948099 0.00664158687998747 0.006684015700162966 0.006708055386520898 0.006711249227327701 0.006711249227327701 0.006711249227327701 0.006711249227327701
0.00012019678467687496 9.362583912319489e-05 7.877664836867534e-05 7.244038653526742e-05 7.324894843835819e-05 8.137674291563219e-05 9.857945532297807e-05 0.00012857219201359974 0.00017776230630359377 0.00025632344190566184 0.0003794789411414375 0.0005686010203373938 0.000851302207706523 0.0012591800383408688 0.0018215720590336933 0.0025541485078307046 0.0034430671598791925 0.004428099347247171 0.0053856885609550684 0.006155262244442961 0.0065745831181977755 0.006594849052711886 0.006558634715681913 0.00652739967455402 0.006503896225558798 0.006490069613538621 0.006487021716006934 0.006494991567445292 0.006513351236687781 0.006540616734396489 0.006574474799027885 0.0066118275585070815 0.006648858117679401 0.006681120924391842 0.006703661091009177 0.006711249227327701 0.006711249227327701 0.006711249227327701 0.006711249227327701 0.006711249227327701 0.006711249227327701
6.465410254559121e-05 4.806433390553829e-05 3.906857357186634e-05 3.5302222868480346e-05 3.578021214791909e-05 4.062726702458905e-05 5.111262590168524e-05 6.999411240387032e-05 0.00010221300010354236 0.00015598540973800313 0.00024426273863069055 0.00038631763829576613 0.0006087916449403648 0.0009449308014316713 0.0014301566819310148 0.0020921189789045312 0.0029347642442724884 0.003919325519466885 0.004949907793102879 0.005874444595407106 0.006505354313317576 0.006688401246171763 0.0066715099227878955 0.0066553161394506235 0.006642379634883341 0.006634517406580783 0.006632761470218655 0.006637335965351911 0.006647652286598032 0.006662321948080819 0.006679187944559455 0.006695376355520002 0.0067073707291693384 0.006711249227327701 0.006711249227327701 0.006711249227327701 0.006711249227327701 0.006711249227327701 0.006711249227327701 0.006711249227327701 0.006711249227327701
3.4607924405632013e-05 2.4298952701509e-05 1.8898934775410077e-05 1.668795706375993e-05 1.6966726350946424e-05 1.982314222110963e-05 2.616208469890325e-05 3.800470266630516e-05 5.911414576797235e-05 9.603317976454096e-05 0.00015958581670674337 0.00026673100250192107 0.00044227499990010796 0.0007193079401161419 0.001136465261316898 0.001729713511719103 0.0025172070980953878 0.003478770438739424 0.0045366874106786146 0.005549527608919579 0.006331222819555954 0.0066992341126170495 0.006711243653852067 0.006709777171641647 0.006707215450174596 0.006705219295047498 0.006704734979448057 0.006705968299892917 0.006708379032773592 0.006710695561275446 0.006711249227327701 0.006711249227327701 0.006711249227327701 0.006711249227327701 0.006711249227327701 0.006711249227327701 0.006711249227327701 0.006711249227327701 0.006711249227327701 0.006711249227327701 0.006711249227327701
1.8750295361139418e-05 1.2261213501609011e-05 8.993803818796755e-06 7.69075446005247e-06 7.853766984840396e-06 9.54498563787688e-06 1.3412157401090245e-05 2.0944320263366674e-05 3.5022204873426036e-05 6.087250719288965e-05 0.00010753362907816588 0.000189824622285075 0.00033047842379544236 0.0005614688772743332 0.0009226875402948714 0.0014554190160224697 0.0021884163838683927 0.0031169254506397772 0.004180181372465347 0.005249002012955509 0.006137615877334684 0.006647431193756963 0.006711249227327701 0.006711249227327701 0.006711249227327701 0.006711249227327701 0.006711249227327701 0.006711249227327701 0.006711249227327701 0.006711249227327701 0.006711249227327701 0.006711249227327701 0.006711249227327701 0.006711249227327701 0.006711249227327701 0.006711249227327701 0.006711249227327701 0.006711249227327701 0.006711249227327701 0.006711249227327701 0.006711249227327701
1.053729941220815e-05 6.304263820830163e-06 4.2638045472538696e-06 3.4740559392823845e-06 3.5719694293381917e-06 4.602404228371682e-06 7.039753978731569e-06 1.2008361110176632e-05 2.1765910120389262e-05 4.057217070254272e-05 7.608698017920895e-05 0.00014136419246207758 0.0002572273290911381 0.0004542108697285987 0.0007723246709655762 0.0012559773956326143 0.0019413443830636789 0.0028355571304807333 0.0038921336837064563 0.004993839831286782 0.005958300252279532 0.006577096249174868 0.006711249227327701 0.006711249227327701 0.006711249227327701 0.006711249227327701 0.006711249227327701 0.006711249227327701 0.006711249227327701 0.006711249227327701 0.006711249227327701 0.006711249227327701 0.006711249227327701 0.006711249227327701 0.006711249227327701 0.006711249227327701 0.006711249227327701 0.006711249227327701 0.006711249227327701 0.006711249227327701 0.006711249227327701
6.378629741167193e-06 3.422238681906198e-06 2.0608292344990614e-06 1.5482683934483664e-06 1.6113529694654254e-06 2.283197338706439e-06 3.924088079465556e-06 7.422329689337258e-06 1.462424576035953e-05 2.9130035831250633e-05 5.7622637298342284e-05 0.00011184495379200838 0.00021110146120626762 0.00038459243362909455 0.0006719434359405015 0.0011192336409053991 0.001767480324948148 0.002632249332221502 0.003677907655735148 0.004797187160403569 0.005812022363697544 0.006508559689656687 0.006711249227327701 0.006711249227327701 0.006711249227327701 0.006711249227327701 0.006711249227327701 0.006711249227327701 0.006711249227327701 0.006711249227327701 0.006711249227327701 0.006711249227327701 0.006711249227327701 0.006711249227327701 0.006711249227327701 0.006711249227327701 0.006711249227327701 0.006711249227327701 0.006711249227327701 0.006711249227327701 0.006711249227327701
4.400142915879266e-06 2.0931729223959976e-06 1.0740812512077675e-06 6.890286538090172e-07 7.372050063005473e-07 1.2395304229454361e-06 2.4734088316337173e-06 5.192072898707121e-06 1.1001390024381037e-05 2.3103255851400445e-05 4.757344852305966e-05 9.531365190370979e-05 0.0001846106819706571 0.0003436951098047342 0.0006117425152206105 0.001035623381800904 0.001659174022361561 0.0025032118701859506 0.0035391945577476053 0.0046667660013657375 0.005711455575484456 0.006456770722374763 0.006711249227327701 0.006711249227327701 0.006711249227327701 0.006711249227327701 0.006711249227327701 0.006711249227327701 0.006711249227327701 0.006711249227327701 0.006711249227327701 0.006711249227327701 0.006711249227327701 0.006711249227327701 0.006711249227327701 0.006711249227327701 0.006711249227327701 0.006711249227327701 0.006711249227327701 0.006711249227327701 0.006711249227327701
3.6760076224378914e-06 1.6086180199600862e-06 7.092018920910948e-07 3.299237856980646e-07 3.873800969325536e-07 8.562283662129273e-07 1.935569415990379e-06 4.341110762753462e-06 9.579455922028677e-06 2.0679428551109536e-05 4.344770240864879e-05 8.840620122435544e-05 0.00017337149180763706 0.0003261075560281172 0.0005855349634767165 0.000998809645509681 0.0016109669941249806 0.002445155274485452 0.0034760697330293465 0.004606614042059261 0.005664162306118256 0.0064312559576692714 0.006711249227327701 0.006711249227327701 0.006711249227327701 0.006711249227327701 0.006711249227327701 0.006711249227327701 0.006711249227327701 0.006711249227327701 0.006711249227327701 0.006711249227327701 0.006711249227327701 0.006711249227327701 0.006711249227327701 0.006711249227327701 0.006711249227327701 0.006711249227327701 0.006711249227327701 0.006711249227327701 0.006711249227327701
3.8767117725400085e-06 1.71149228077071e-06 7.774096898556684e-07 4.0837844910481106e-07 4.5883903564962704e-07 9.269232828921933e-07 2.0343846049566377e-06 4.498628851142461e-06 9.844695725591495e-06 2.1134522863390135e-05 4.4226580795978687e-05 8.971623344559987e-05 0.00017551151257990478 0.00032946803252543967 0.000590558204163642 0.0010058862585163957 0.0016202592892338727 0.0024563767389618545 0.0034883058849648546 0.0046183130554648556 0.005673404568689866 0.0064362974813995805 0.006711249227327701 0.006711249227327701 0.006711249227327701 0.006711249227327701 0.006711249227327701 0.006711249227327701 0.006711249227327701 0.006711249227327701 0.006711249227327701 0.006711249227327701 0.006711249227327701 0.006711249227327701 0.006711249227327701 0.006711249227327701 0.006711249227327701 0.006711249227327701 0.006711249227327701 0.006711249227327701 0.006711249227327701
5.106619334300058e-06 2.4610769265605304e-06 1.312841218846122e-06 8.951781774959929e-07 9.462115576268497e-07 1.4868540930609418e-06 2.820211072404566e-06 5.733080734585096e-06 1.1892673550387898e-05 2.460413067930002e-05 5.010208207197887e-05 9.951034731962432e-05 0.000191387686797936 0.00035422928315645007 0.0006273449043266627 0.0010574173213558629 0.0016875602113576324 0.0025372161447043498 0.0035759597772533664 0.004701569049411059 0.005738559099632985 0.006471068162424303 0.006711249227327701 0.006711249227327701 0.006711249227327701 0.006711249227327701 0.006711249227327701 0.006711249227327701 0.006711249227327701 0.006711249227327701 0.006711249227327701 0.006711249227327701 0.006711249227327701 0.006711249227327701 0.006711249227327701 0.006711249227327701 0.006711249227327701 0.006711249227327701 0.006711249227327701 0.006711249227327701 0.006711249227327701
7.956056124186593e-06 4.2724799978141566e-06 2.6218565849979364e-06 2.0152139000214446e-06 2.0870203295452152e-06 2.850688890570778e-06 4.6985147796869085e-06 8.5834472159875e-06 1.6464995796832034e-05 3.212688334281483e-05 6.252715431725261e-05 0.00011978307629478982 0.00022364131162365115 0.00040370530953783804 0.0006997499995757563 0.0011574321166869341 0.0018164423328741392 0.002689969634118869 0.0037392591819731228 0.00485409890066329 0.0058550346898237505 0.006529602753524032 0.006711249227327701 0.006711249227327701 0.006711249227327701 0.006711249227327701 0.006711249227327701 0.006711249227327701 0.006711249227327701 0.006711249227327701 0.006711249227327701 0.006711249227327701 0.006711249227327701 0.006711249227327701 0.006711249227327701 0.006711249227327701 0.006711249227327701 0.006711249227327701 0.006711249227327701 0.006711249227327701 0.006711249227327701
1.3783395025771363e-05 8.149043034947096e-06 5.514227393237787e-06 4.511288602533932e-06 4.620701151412846e-06 5.82494595867646e-06 8.641491204818849e-06 1.4297288399447387e-05 2.522693949239621e-05 4.596833726078411e-05 8.45840168035305e-05 0.00015465359121673877 0.0002775861965901655 0.00048438926571750724 0.0008151159846850431 0.0013133525388779525 0.002013175406768662 0.00291824308073155 0.003977783928591954 0.0050708313830651495 0.006013711091750424 0.0066006283813215775 0.006711249227327701 0.006711249227327701 0.006711249227327701 0.006711249227327701 0.006711249227327701 0.006711249227327701 0.006711249227327701 0.006711249227327701 0.006711249227327701 0.006711249227327701 0.006711249227327701 0.006711249227327701 0.006711249227327701 0.006711249227327701 0.006711249227327701 0.006711249227327701 0.006711249227327701 0.006711249227327701 0.006711249227327701
2.5307568421832142e-05 1.6173418827411916e-05 1.1714374798780643e-05 9.949901886612375e-06 1.010996133481566e-05 1.21115843046574e-05 1.6641978720224953e-05 2.534273227840834e-05 4.13505903302172e-05 7.02800912085369e-05 0.0001217063379491929 0.00021110917447212432 0.0003618925068892372 0.0006064546632085055 0.0009844402915080435 0.0015356859304755536 0.0022858762940342263 0.0032256289275778972 0.004288910330898199 0.005342491323909834 0.006200044790130422 0.006667422543684895 0.006711249227327701 0.006711249227327701 0.006711249227327701 0.006711249227327701 0.006711249227327701 0.006711249227327701 0.006711249227327701 0.006711249227327701 0.006711249227327701 0.006711249227327701 0.006711249227327701 0.006711249227327701 0.006711249227327701 0.006711249227327701 0.006711249227327701 0.006711249227327701 0.006711249227327701 0.006711249227327701 0.006711249227327701
4.7648598908837503e-05 3.240339070343966e-05 2.465900198727515e-05 2.147710859974809e-05 2.1684418537109753e-05 2.5077588369780537e-05 3.254207267263489e-05 4.6314473202369796e-05 7.050735716176362e-05 0.00011216931269079103 0.0001827842662612239 0.00030005819360504884 0.0004894452148447482 0.0007842285164294817 0.001222257833584764 0.0018371640998012995 0.0026428927777332714 0.0036135396569072324 0.004665524376319499 0.005653748347392418 0.006393137855621168 0.006708003263276848 0.006711249227327701 0.006711249227327701 0.006711249227327701 0.006711249227327701 0.006711249227327701 0.006711249227327701 0.006711249227327701 0.006711249227327701 0.006711249227327701 0.006711249227327701 0.006711249227327701 0.006711249227327701 0.006711249227327701 0.006711249227327701 0.006711249227327701 0.006711249227327701 0.006711249227327701 0.006711249227327701 0.006711249227327701
8.9950863800386e-05 6.433607772407245e-05 5.084718677727497e-05 4.5108400325294496e-05 4.5316837669489475e-05 5.106161599471844e-05 6.339662090836158e-05 8.536684509980414e-05 0.00012236075357527685 0.0001832062419149289 0.00028159154733192797 0.00043752012341106864 0.0006780807950085999 0.001036227502732704 0.001545763468401627 0.002230870723948145 0.0030900881366613332 0.004078086517064211 0.00509315715174816 0.005981305397604455 0.006565241202973257 0.006711249227327701 0.006711249227327701 0.006711249227327701 0.006711249227327701 0.006711249227327701 0.006711249227327701 0.006711249227327701 0.006711249227327701 0.006711249227327701 0.006711249227327701 0.006711249227327701 0.006711249227327701 0.006711249227327701 0.006711249227327701 0.006711249227327701 0.006711249227327701 0.006711249227327701 0.006711249227327701 0.006711249227327701 0.006711249227327701
0.00016757877602517016 0.00012501125123606178 0.00010185550244890478 9.16901358457994e-05 9.17807249746566e-05 0.00010134746751306761 0.00012146952305306683 0.00015621484669644164 0.00021251599844026423 0.0003012128656382705 0.0004382386837825679 0.0006455045297093683 0.0009506158670259652 0.0013840863352330881 0.0019725178973163367 0.002726846877829924 0.0036267925787080648 0.004606122751178784 0.005546991406175923 0.0062925695576362675 0.006682321665546332 0.006711249227327701 0.006711249227327701 0.006711249227327701 0.006711249227327701 0.006711249227327701 0.006711249227327701 0.006711249227327701 0.006711249227327701 0.006711249227327701 0.006711249227327701 0.006711249227327701 0.006711249227327701 0.006711249227327701 0.006711249227327701 0.006711249227327701 0.006711249227327701 0.006711249227327701 0.006711249227327701 0.006711249227327701 0.006711249227327701
0.0003044716756939873 0.00023550616014009372 0.0001968757186370679 0.000179450898962616 0.0001792283151801604 0.0001947110561578753 0.0002267026055224428 0.0002804417865251181 0.00036453038456550683 0.0004917755869869537 0.0006799252248572858 0.0009517057229343042 0.0013332172807602788 0.0018494712450142393 0.0025160328080167005 0.003326834032547082 0.004240547279992089 0.005171029608101289 0.005989614269696711 0.006545816041966416 0.006711249227327701 0.006711249227327701 0.006711249227327701 0.006711249227327701 0.006711249227327701 0.006711249227327701 0.006711249227327701 0.006711249227327701 0.006711249227327701 0.006711249227327701 0.006711249227327701 0.006711249227327701 0.006711249227327701 0.006711249227327701 0.006711249227327701 0.006711249227327701 0.006711249227327701 0.006711249227327701 0.006711249227327701 0.006711249227327701 0.006711249227327701
