_RESULTS/CROSS_VALIDATION_POSTPROCESSED_CLR/Berg/TZ/5comp/3/Berg_TZ_z_355_kriged_reverse_5comp_spherical_3.asc
ncols 100
nrows 90
xllcorner 5.6208707817415728
yllcorner 50.959635321741573
cellsize 0.00013419651685393446
nodata_value 1.7014100000000001E+038
[rows 0 to 18 of 90, columns 43 to 85 of 100]
0.46958373883428417 0.4460588050998803 0.4284438600696834 0.41665547603137565 0.40998276061016403 0.40737154448889745 0.42354561590599327 0.46660211461461887 0.5104770745946993 0.5542842649765786 0.5972734013472552 0.6387976629927543 0.6782592471398996 0.7149177245800742 0.7483237709261034 0.7781224171780828 0.8039743669942558 0.82554846557731 0.842515611375766 0.8545439346636927 0.8633071811359382 0.870572167976113 0.8762272583118302 0.8801440631731352 0.8821778577078199 0.8828492473718912 0.8835399100470533 0.884234256209764 0.8848548708503272 0.88531659337028 0.8855284485074045 0.8855328501396428 0.8855328501396428 0.8855328501396428 0.8855328501396428 0.8855328501396428 0.8855328501396428 0.8855328501396428 0.8855328501396428 0.8855328501396428 0.8855328501396428 0.8855328501396428 0.8855328501396428
0.43585920052840477 0.4115726017778596 0.39503603052188474 0.38623225819615115 0.384549462928639 0.39089528141380314 0.4129352282333062 0.45169375505647713 0.49589254580193987 0.5410723390772337 0.5856720546703957 0.6286083004068471 0.6690529458736131 0.7065738406333939 0.7407971646615179 0.7713820877555013 0.7980060969521457 0.82035506003143 0.8381158372630859 0.8509704900702652 0.8596691309236328 0.8668231485459642 0.8724666200508769 0.8764686678309199 0.8786799529170343 0.8796604500121796 0.8807474905910708 0.8819050571477869 0.883046992210528 0.8840794417643243 0.8849031534910008 0.885415445840241 0.8855328501396428 0.8855328501396428 0.8855328501396428 0.8855328501396428 0.8855328501396428 0.8855328501396428 0.8855328501396428 0.8855328501396428 0.8855328501396428 0.8855328501396428 0.8855328501396428
0.40480006899265697 0.37987649737232176 0.3656143131585412 0.3619979134710758 0.367906099583742 0.38335379093710586 0.4100092704773106 0.4470242565211274 0.4899004453178534 0.5348580209519707 0.579426960062969 0.6223241054581727 0.6628613045053279 0.7005408143594609 0.7349625429249121 0.7657791045538913 0.7926713500806044 0.8153333262392982 0.8334619300124317 0.8467491844893495 0.8554100321173819 0.8623018424258916 0.8678008775593056 0.8717715628712908 0.8740575142825647 0.8753558065243789 0.8768656056381186 0.8785141328388646 0.8802048464839163 0.8818338004803542 0.8832923711451484 0.8844694917387115 0.8852533767263749 0.8855328501396428 0.8855328501396428 0.8855328501396428 0.8855328501396428 0.8855328501396428 0.8855328501396428 0.8855328501396428 0.8855328501396428 0.8855328501396428 0.8855328501396428
0.37678890999744497 0.3504895690412313 0.33942959498085146 0.34281080083538673 0.35703466970298625 0.37990320291315083 0.41073559631699263 0.4484019784856541 0.49057601055331257 0.5343591847514554 0.5778571166924785 0.6199385312841869 0.6598411026173975 0.6970143966850819 0.7310283163169292 0.7615215999986619 0.7881716423105636 0.8106753519363713 0.8287518909206727 0.8424108274288145 0.8513917056012953 0.8581763811839834 0.8633838808432983 0.8668813989597501 0.8686710396266533 0.8700287059803848 0.8719888229900613 0.8741604810042366 0.8764311596228491 0.87868519150744 0.8808033900558241 0.8826655351404582 0.8841521644672832 0.8851457661390493 0.8855314941201926 0.8855328501396428 0.8855328501396428 0.8855328501396428 0.8855328501396428 0.8855328501396428 0.8855328501396428 0.8855328501396428 0.8855328501396428
0.3532887010873209 0.3228718230428258 0.31637785399503215 0.3294725165786261 0.352515077954763 0.3817662958201581 0.416196064177905 0.45498837917895807 0.496353356169682 0.5386488675377187 0.5806271740092435 0.6213113038596634 0.6599673791570057 0.6960360150786364 0.7290730622469034 0.7590583607645826 0.787029480029999 0.8120755243103436 0.8331339917770302 0.8492664751124366 0.8597840723547779 0.8669589655015733 0.871718774883889 0.8739233413162273 0.8736309178735406 0.8724356268267144 0.8713906643691398 0.8710427536741491 0.8720527989343773 0.8747451036768481 0.8775492168822911 0.8801168398240673 0.8823205970548473 0.8840368065621358 0.8851459493576455 0.8855328501396428 0.8855328501396428 0.8855328501396428 0.8855328501396428 0.8855328501396428 0.8855328501396428 0.8855328501396428 0.8855328501396428
0.3560565719962059 0.3118112027460609 0.3119299186575202 0.33430254895959477 0.360969554173473 0.3917622058378053 0.42770758874354886 0.46663189667701577 0.5067835699797945 0.547332709165015 0.5874037824666729 0.6262106121431904 0.6630976594191843 0.6983207120956225 0.7338314016554122 0.7684341914620154 0.8007498933644829 0.8295144317969477 0.853587368018716 0.8719625742806624 0.8838482348092298 0.8913482068912321 0.8955516785861972 0.8963097992319471 0.8938629741840636 0.8899799034065327 0.8854143134879379 0.8807714700817143 0.8767805160812447 0.8742755218182778 0.8741755787519977 0.8769427268936236 0.8798762124285301 0.8823207020454424 0.8841525862214429 0.8852538416859861 0.8855328501396428 0.8855328501396428 0.8855328501396428 0.8855328501396428 0.8855328501396428 0.8855328501396428 0.8855328501396428
0.4105068505640026 0.3651978905444755 0.3640808623898104 0.38339805173081143 0.40498317121137917 0.4287539673525408 0.45562571964257803 0.48622201980169644 0.5217825409501609 0.5601284087937691 0.5978686302091121 0.6345016348736766 0.6729840074430665 0.7133878208371192 0.7540345469119338 0.7933432512771543 0.8298378950370334 0.862158390488053 0.8890745355152123 0.9095010415532971 0.9225801354405538 0.9303643571112032 0.9339166557524897 0.9330781665333052 0.9284769828924018 0.9217488984317797 0.913463587859485 0.9042963284234233 0.8950574893832037 0.8866685854709679 0.8801375335473561 0.8765351553172999 0.8769743583460436 0.8801165150523556 0.8826658312305564 0.8844702269204607 0.8854159436927678 0.8855328501396428 0.8855328501396428 0.8855328501396428 0.8855328501396428 0.8855328501396428 0.8855328501396428
0.5152073457251207 0.4837450341103793 0.4720230501404815 0.47589117786205815 0.48582925260646137 0.4985867893850763 0.5133093642193167 0.530712753640501 0.5520617202778338 0.5787137354017904 0.6126472460292391 0.6531551207120849 0.6971853491893341 0.7429098893723541 0.788567768351063 0.8324787617407499 0.8730588990264848 0.9088390076401929 0.9384854214454685 0.96082077930307 0.9749565292372031 0.9830115994372494 0.9858334133384111 0.9832712976322089 0.97657925291464 0.966821342192449 0.9545825056223856 0.9406228581716094 0.9258506796370534 0.9112915174600998 0.8980569952093775 0.8873162086726566 0.8802714609396617 0.8781390079301575 0.880802788005993 0.8832928031141739 0.884903992707671 0.8855285809997837 0.8855328501396428 0.8855328501396428 0.8855328501396428 0.8855328501396428 0.8855328501396428
0.652917460367218 0.6260126568134639 0.608223241621308 0.5994802968404839 0.5964548030573642 0.5963671470087716 0.5977661253762653 0.6007980021949237 0.6067929682693868 0.6191034047087347 0.6448690352413932 0.6849344215873554 0.7343552738636664 0.7853190316566283 0.8359432180118794 0.8844355243657964 0.9290891518550368 0.9683091539886396 1.0006415125593593 1.0248015374082065 1.0399386077736459 1.0482815625311406 1.0503107523631559 1.046151695391441 1.0372725036930772 1.0242655142031847 1.0077957528427006 0.9887278769945123 0.9680899946652428 0.9470327817454065 0.9267896075700603 0.9086416696258932 0.893890068754223 0.8838351008324139 0.8797620283868999 0.8818330122437517 0.8840799220134585 0.8853172392515777 0.8855328501396428 0.8855328501396428 0.8855328501396428 0.8855328501396428 0.8855328501396428
0.8004835053152263 0.7714122187652127 0.7465546041184893 0.7269302641814231 0.711806753719034 0.6994517802236422 0.6892790956526724 0.6814818506369983 0.6780399853492773 0.6861525740576458 0.7058150344325034 0.7373317551971925 0.783055270203663 0.8389393432684279 0.8946058940997952 0.9478012761487836 0.996640076361354 1.039362597580711 1.074375527188758 1.1002910466267442 1.1164748723923728 1.1251565038335218 1.12635832130757 1.1208961484034723 1.1096564130357 1.0931371679233266 1.0721030693163516 1.047550506933824 1.0206569546173794 0.9927253093192725 0.9651323639478806 0.9392866214493202 0.916597025043053 0.8984518433478286 0.8862058611703901 0.8811737828514239 0.8830461455933984 0.8848552850846634 0.885530482853369 0.8855328501396428 0.8855328501396428 0.8855328501396428 0.8855328501396428
0.9440890125729906 0.9110655914959918 0.8789597211458788 0.8493247361529586 0.8225122067780346 0.7979200440413323 0.7758605659118616 0.7576280917982703 0.7514881831555413 0.7588259129825059 0.7786978852263992 0.8101001911307335 0.8515975169712778 0.9034093833521779 0.9642599104360591 1.0225061338965247 1.0757898088557083 1.1221727307374705 1.1598900369003144 1.1874066266001693 1.2045075488392918 1.2131873492333172 1.2135421556467145 1.2066475332320616 1.1928297624402648 1.172477214353267 1.146471143409842 1.1159790495692983 1.0823686023459786 1.0471297627252856 1.0118081247847406 0.9779551014365416 0.9470947780325472 0.9207044927794157 0.9002054959812917 0.8869603813372495 0.882274699497082 0.8842335073057795 0.8854071458775223 0.8855328501396428 0.8855328501396428 0.8855328501396428 0.8855328501396428
1.082640642164391 1.0444040155742464 1.0044848152939976 0.9648597269630834 0.9263678811899547 0.8895599428682783 0.8555232649829594 0.8320318909419953 0.8239771366570942 0.8309165436723512 0.8517596290328774 0.8851416452770847 0.9294708584641334 0.9829573780084064 1.0437325820587036 1.1073009804885838 1.1653391622198344 1.2156729319606387 1.256322147530894 1.285570965542869 1.3039967987141514 1.3128099399592628 1.3126255419018318 1.303686284639674 1.2863327330805292 1.2613448149493096 1.2298209055153158 1.192830878417126 1.1519541099781052 1.1089116325204293 1.0654457686381087 1.023264581832861 0.9840104703718754 0.9492461001695327 0.9204515064740202 0.8990276836063671 0.8863034716249107 0.8835369486519047 0.8851513307957741 0.8855328501396428 0.8855328501396428 0.8855328501396428 0.8855328501396428
1.2154599709647822 1.170888583852645 1.122322690822715 1.0721538702592428 1.0216633815905665 0.9724554524205078 0.9294349812977892 0.9030511059228532 0.8937063794081179 0.9006303988772357 0.9227027197036608 0.9584796912058977 1.0062298757860555 1.063973730979895 1.129526441040076 1.2000695198511293 1.2634752616469207 1.3182023863266494 1.362147070306551 1.3935665483096893 1.413750677684592 1.423526275637639 1.4229412538627777 1.4118471623891873 1.390524960284585 1.3598626316287175 1.3213322874327016 1.2768201753333717 1.2280202276565018 1.1766100708691105 1.1245553714381682 1.0737283296511553 1.0258850105305706 0.9826622016600506 0.9455847812617949 0.916077811216906 0.8954799782553984 0.8850565940630832 0.884833015937463 0.8855326000241284 0.8855328501396428 0.8855328501396428 0.8855328501396428
1.342053864764528 1.2899835320566375 1.2316605775582916 1.169961366903199 1.1068258338009644 1.045319328237289 0.9976256479257006 0.968497327281439 0.9577910190807746 0.9648390465369118 0.9885038721277505 1.027240934917626 1.0791590267744433 1.1420723523192973 1.2135440597939964 1.2909275318006337 1.3677742012896752 1.4280199787673686 1.4758173931275902 1.5103259326700633 1.5331818220342321 1.5443937660395943 1.543562740070564 1.5302425974884784 1.5045077516909724 1.4674115026339407 1.4208530339796042 1.3672129474000931 1.3090382222377337 1.2485965983182024 1.187498739576212 1.1277370963961748 1.071163956075626 1.0194686259186254 0.9741991803650867 0.9367850781476038 0.9085579275406466 0.8907694023168309 0.8846061771313978 0.8854993805470224 0.8855328501396428 0.8855328501396428 0.8855328501396428
1.4620409040937916 1.4011336370728138 1.3315946332781667 1.2569945400427696 1.1804287674418275 1.1095828711014666 1.057245103632478 1.0249831869969577 1.0128763682875979 1.020307445958884 1.0460705491344153 1.0884790733400262 1.1454559464320502 1.2145985333169282 1.2932182732100976 1.3783623242511909 1.466826678069598 1.5429306576457842 1.5958847504863989 1.6353727973783134 1.6615753842520393 1.674387358891403 1.673709537839153 1.658185540825272 1.6273642374999555 1.5827081416346607 1.5268734379052276 1.4629610674441427 1.3940741635646403 1.323106406254559 1.2524578186809687 1.18354344938487 1.1181933731018976 1.0581150420542103 1.0048498000563337 0.9598068421888957 0.9242910278198972 0.8995250127588906 0.886666600410245 0.8854398106307558 0.8855328501396428 0.8855328501396428 0.8855328501396428
1.5751295127910168 1.5037330019316733 1.421038014232361 1.3319287932279376 1.2413781828494668 1.1626087121156383 1.1047191436476056 1.0689551621080609 1.0558037615445297 1.064556700392978 1.0933369540732942 1.1400656902015773 1.2025978701261006 1.278795404953127 1.3659017506253186 1.460365421972917 1.5586333581465006 1.6531755629263738 1.7223009373633191 1.7686284339246905 1.7983047793315405 1.812478966042265 1.8131686350970833 1.7954604053530567 1.7582339762107189 1.7042315049456176 1.6374050258735435 1.5618220895210646 1.4812134200032343 1.3988345569912466 1.3174782198415882 1.2392547910445866 1.16522545836362 1.0969977097628751 1.0360691895300058 0.9838008877364067 0.941450177404206 0.9101954731666158 0.8911546072309728 0.8853874338993062 0.8855328501396428 0.8855328501396428 0.8855328501396428
1.6811184693765033 1.59706992262403 1.4987138838062601 1.3933977700290885 1.2891185769940574 1.2055427716096703 1.1472500234607246 1.1142192127623374 1.105358631240303 1.1188418017724862 1.1524301023404258 1.2037279385126602 1.270351615948934 1.3500118938534083 1.4405170107100194 1.5397032922083533 1.6455280119334248 1.7556843442693508 1.8493341009984563 1.9103440004492827 1.945226891473113 1.9580140678324809 1.96410471991027 1.9425077208717845 1.8959900663130411 1.8298587612993034 1.7498050372366767 1.6609767234664974 1.5676768958555416 1.4734045567537313 1.3810108235032095 1.292861054025013 1.2104401735125674 1.1344853663765073 1.0663938346156505 1.0074505923712098 0.9588464367783522 0.921702510852647 0.8970878391349182 0.8860319793379028 0.8855328501396428 0.8855328501396428 0.8855328501396428
1.7799092636970166 1.680232391586315 1.5656730422457417 1.4498191640816276 1.342196273088389 1.259096221673857 1.2031650829444778 1.1742143338267936 1.1706567489531918 1.1900671941122567 1.2296524780944287 1.2865861816727602 1.358209204004929 1.4421139417689182 1.5362514480934866 1.6389250555333048 1.748201886412447 1.8634418943032813 1.9743800673521577 2.0585305065371595 2.1080356122897905 2.1313734761926253 2.1307575181830654 2.098915008557598 2.0382305584449703 1.9562167444902534 1.8603871428353234 1.7568265604808335 1.6501515542686156 1.543856535506569 1.4406596483621361 1.342758793925147 1.2519895704637969 1.1689617596558046 1.0944025263476036 1.029498427385692 0.9753597663932229 0.9330419604918947 0.9035602508379688 0.8879000056170331 0.8855328501396428 0.8855328501396428 0.8855328501396428
1.872638037190865 1.7632205797340132 1.6405430764329028 1.5155249198038427 1.4032799008504337 1.3196173807893865 1.2664424904396707 1.242860176397061 1.246293978761438 1.2733479491882083 1.3204362492290187 1.3842089655494574 1.4618636188377623 1.5510309986298743 1.6497867683506298 1.7565351608380384 1.8709195345865295 1.99268320491044 2.1158762449590682 2.2153478520824397 2.28021326417314 2.3135990309091796 2.3079797791732575 2.260543449827498 2.1799172195594756 2.077907875793398 1.96404617814601 1.8448708102140607 1.7248002062294496 1.606959187048758 1.4937056348793762 1.3869364691278991 1.2882635826710136 1.1988864341422192 1.1187666230375601 1.048787103660856 0.989972605073562 0.9433111928515269 0.9097645913162898 0.890275237330197 0.8855328501396428 0.8855328501396428 0.8855328501396428
