_RESULTS/CROSS_VALIDATION_POSTPROCESSED_CLR/Berg/TZ/5comp/3/Berg_TZ_z_250_kriged_reverse_5comp_spherical_3.asc
ncols 100
nrows 90
xllcorner 5.6208707817415728
yllcorner 50.959635321741573
cellsize 0.00013419651685393446
nodata_value 1.7014100000000001E+038
[rows 19 to 37 of 90, columns 0 to 43 of 100]
3.451765063238978 3.432621150644575 3.412699779360015 3.393082985818546 3.374800964986221 3.3587999859412028 3.345906031686325 3.3367870985448853 3.3319183072017733 3.331554548510578 3.3357149040633325 3.3441814539549304 3.3565126773717435 3.3720691813524173 3.3900477047879978 3.4095186736534027 3.429463008119684 3.4488050290926764 3.4664396949822938 3.481253630778101 3.492140290727969 3.498010093044813 3.4987315856371763 3.4987315856371763 3.4987315856371763 3.5061193700373794 3.5341096128766565 3.5817221574721403 3.6476201501063525 3.730436491340176 3.817263264091254 3.892102029371782 3.955064223253725 4.005137244167875 4.0432226707389045 4.070331440916048 4.087281025208725 4.094497614350759 4.091657573820651 4.077072912815241 4.046792300368883 3.993877134890866 3.9149039675797783 3.8155577802765626
3.419398728268936 3.393980181655846 3.368134094001546 3.3430593945976916 3.3199159500417377 3.2997859872573994 3.2836280701981293 3.2722273031479965 3.2661476526431747 3.2656936155143423 3.2708880421139965 3.281470429306321 3.296916026266489 3.316472002460075 3.339204131654236 3.3640466958636597 3.389849419344121 3.415417385180879 3.439542156618275 3.460833889693344 3.47788673423258 3.489850091116857 3.495856700937575 3.49622860713371 3.4962438713470774 3.5074241955202408 3.5400270267994696 3.5926083415359615 3.6636337990322576 3.750157594944054 3.830917744791294 3.8995950164155606 3.956964962024071 4.003574456345996 4.0387776091415555 4.063496019743484 4.0788814194003775 4.08586192681468 4.084811067087782 4.074812799220415 4.052073699753807 4.015356434419982 3.9581374505596867 3.858680338168035
3.380467691260373 3.3484848361386037 3.316369571529067 3.285453159695884 3.257048321299126 3.232403546215902 3.2126448590023724 3.1987093168040523 3.191278548298383 3.1907236048601497 3.1970724179227434 3.2100072756287377 3.2288929156472523 3.2528287675140444 3.2807144076313635 3.3113167119757203 3.343190540247338 3.374028911963522 3.4027351576239995 3.428488243165874 3.450456005293155 3.4677895238341088 3.479613482343579 3.485015218560478 3.485481508347533 3.4997643927363704 3.5361368227698344 3.593162426911303 3.6693147557166035 3.756995821237731 3.833340645166986 3.896537432421124 3.947252056604804 3.9873152153830684 4.017719138485303 4.038477391026871 4.050332833576805 4.054747762258094 4.053055686686658 4.046007382655194 4.041163640268724 4.044381321926014 4.023378479380865 3.917856509550244
3.3361608089733537 3.2973105087916132 3.2585475344160573 3.2213505497793955 3.187211358131106 3.157582389102795 3.1338035737399363 3.117012773969275 3.1080511992196045 3.107381677418136 3.1150391904840236 3.130627002565933 3.15335947148663 3.1821398651283563 3.215560667767549 3.2506501222229254 3.2858452749110034 3.3202561043985837 3.3530027863177096 3.383223196815299 3.4100675223232293 3.4326848588148042 3.4502060261846546 3.4617260172893607 3.466571479339963 3.4827530315336257 3.5216490857607226 3.5818136245101617 3.66170498084249 3.7473183905859755 3.819795022833357 3.8791747590617995 3.925670665480035 3.9595233180512905 3.9818898896104256 3.995249090285561 4.000690445789169 3.9988248580161585 3.991424199747649 3.9871061384903173 4.007285785063307 4.051239340405585 4.099100290962669 3.9775743482049357
3.2877606557193726 3.241737565212693 3.195919606083176 3.151945016458038 3.111512469274287 3.07632416816346 3.0479959402814836 3.0279362016518014 3.0172085270080906 3.016406427144882 3.0255750056371333 3.044204750495018 3.071299570327186 3.1046355934218455 3.14080045620706 3.178656594340961 3.217162072059515 3.255312073967069 3.292160366714284 3.3268177756106123 3.3584357754448986 3.386181987222711 3.409212889684036 3.42664780520174 3.4378382062194506 3.456652674032773 3.4968095925110214 3.5587882650990506 3.6408366510747183 3.7226588545559736 3.791190117484841 3.8465188180852703 3.8887208843754273 3.9178837579669485 3.934131991942963 3.9378504977552806 3.931968922884182 3.91827620577467 3.9004571728599706 3.902104448233509 3.9277200373314436 3.9750479706717448 4.025887262426718 3.892949540345136
3.236660225027248 3.1831765049364984 3.1298809747342764 3.07857618211879 3.0311931849212623 2.9897371425285186 2.956181924652696 2.932307769951127 2.9194977720112005 2.918538728564081 2.929490878595928 2.9516774072352066 2.9820489807605948 3.0172497522278596 3.056025631636168 3.0970804565842696 3.139179835722036 3.1812029520386784 3.2221522399278815 3.2611358616238952 3.2973349551881617 3.3299641733314256 3.3582314979312313 3.3813017544171644 3.3984005535899957 3.421790735084191 3.4621211489015637 3.5246100608494353 3.6067212957878785 3.6847510411325346 3.7494193369120223 3.800647595529543 3.8383179547652055 3.8622864869877622 3.872389390860794 3.8684383406149676 3.850228229754121 3.8200362854688867 3.7967759964310495 3.7938908343442885 3.8049970657513588 3.8166675217109387 3.78863177018195 3.654733868578477
3.184378559403207 3.123196050444862 3.0620121589131424 3.0027835950367137 2.9476888824142935 2.899091647072731 2.8594298056286807 2.831004231087745 2.81567337915512 2.8145232657789174 2.8276379182241795 2.8518762326384355 2.8836383605947407 2.9213926505593157 2.9634473191427015 3.0081749873730526 3.054132120885595 3.100095580151069 3.145047189084762 3.1881307716608216 3.2285970905894956 3.2657456365942545 3.298868861709773 3.3272031542218485 3.349890388505682 3.3770259013517014 3.418346216872612 3.480104392854761 3.5608817554101275 3.635468231172469 3.696567758704337 3.743902894006138 3.7771247807211576 3.795811662302323 3.7994491826991137 3.787382159960298 3.7587168894029 3.7178601178166755 3.691768187582636 3.6796241758496997 3.671538430720828 3.6508662306403643 3.5852460879118366 3.4465496979914536
3.1325711579740743 3.0635506962518315 2.994128289732048 2.9263789661959603 2.8627092265130516 2.8056340671526634 2.7582811352801464 2.723917083137029 2.705277748985109 2.7039926280547126 2.7181544284502195 2.743529279796995 2.778114442893856 2.8194767713171554 2.865589414629918 2.914474389363862 2.9644861334010923 3.014338946062743 3.063046786640373 3.1098443515291834 3.1541047689891117 3.1952600632390102 3.232727710354439 3.265846896372155 3.2938289634660194 3.32341936160692 3.366490334748228 3.426391582697359 3.5050817427395833 3.5767808719225065 3.634852442632387 3.6788038832714296 3.708044435199939 3.7218708287553297 3.719425929973734 3.699617736052819 3.6609873824563017 3.6215934711116637 3.594569291881616 3.5755391749574432 3.555712709611771 3.5204952272964816 3.4454665145833068 3.314105914388593
3.0830279998332606 3.0061642909027246 2.927360191764877 2.848753144764652 2.77341196821589 2.704914728410305 2.6473467134787763 2.6050522746132225 2.581969151413084 2.5793672402568673 2.59345791341939 2.6223013165536355 2.662756010680728 2.7111696911063667 2.7641225699017387 2.818735000334644 2.872976740954998 2.9264764297430657 2.9784840846363805 3.028397532730069 3.0757767070702586 3.1202430887977846 3.1613874628749037 3.1985045520817277 3.2306947194586315 3.261537862389532 3.3051682611516715 3.363015547619806 3.4395605205801516 3.5097167985914193 3.566184117760027 3.607931406946996 3.6340547579434963 3.6439525942453215 3.6365008341199165 3.610295484297902 3.5671486441477755 3.533823414371525 3.5109685432175337 3.4914259535471515 3.4703396453074595 3.4376439743114773 3.375010196398096 3.2725092537845493
3.036020316365203 2.948416691170612 2.857828208714964 2.7668791674749458 2.6787220570952455 2.5972683557485334 2.5274076935392644 2.47496382378622 2.445552713245157 2.4388784123910585 2.4543521710773213 2.48892621800867 2.537428912690369 2.594624160221988 2.6562085944126634 2.718945887638559 2.780468630866081 2.839038612080162 2.893806459065576 2.945969458398613 2.9950472134923407 3.039954132249158 3.08110430129734 3.118757690968914 3.1528415519761137 3.1841491622528344 3.2264381049737683 3.282297027915946 3.356782725949859 3.4271549960852163 3.4844711425941317 3.527457856149351 3.5546353530232366 3.564309723211918 3.554121976375857 3.522426449625964 3.480742454962317 3.454415270902346 3.4389832000798535 3.4277849778100986 3.4153064181981803 3.3985003978498494 3.364499605726379 3.303114806576938
2.9880692606166708 2.8897118221190543 2.7876495234268015 2.6843340759321292 2.582770552715137 2.486901831749021 2.402201990791034 2.336288454694625 2.2957393487636395 2.284559007395776 2.3040003551809702 2.3477840744187204 2.407133072422753 2.474757192495818 2.5456334162744474 2.6164651509975467 2.6850687752745896 2.749960330811949 2.809348598664073 2.8607049621266905 2.9061099149962164 2.9479905358901473 2.987203704630934 3.0243140101758454 3.0594571145307308 3.092251949311035 3.131814884770822 3.1854373189376246 3.2575529142112263 3.3294242525799618 3.3889690097733425 3.4346823466301912 3.464422144551092 3.475507490552999 3.466234237189762 3.434697527962372 3.401506302255595 3.384236899232508 3.3796355534507545 3.3824535656947177 3.3875621706224437 3.3950850431994555 3.395373936240721 3.3764142943389537
2.941234272614909 2.8330590603113572 2.720404848347418 2.6054201186855463 2.490686660531847 2.379652050787827 2.277568183239522 2.1927563756399717 2.134653175058795 2.1186836417483885 2.147086369629503 2.205391694390385 2.2786344421255214 2.3577427042477535 2.4377870751920687 2.515972699483121 2.5904784969870427 2.657472527791455 2.715811057435457 2.766008401584984 2.8087383431037933 2.8460288134589637 2.8818004870133738 2.917116351620221 2.9523777953072603 2.9872941219367832 3.024371493427503 3.0752644749506333 3.1443206151295584 3.2191664247743432 3.2824410196947684 3.3310807762228754 3.3630182407489704 3.376734591548169 3.370577997426616 3.3440545708561524 3.32534068940184 3.3228875490596397 3.332170487732496 3.352104874720805 3.380100257234747 3.415220537576403 3.4451422458506373 3.4669342051456007
2.896118148819892 2.779732216028183 2.6585739040454763 2.5342514359421426 2.408427051949438 2.2834023234277554 2.163214550180181 2.052575661189471 1.966299289788508 1.9443812099881341 1.992846363631184 2.072437508512497 2.16103645094864 2.2507898882876276 2.3384267258012255 2.4215707411556333 2.495475411482656 2.559720143404875 2.6149287331995916 2.661989242870896 2.702004348989514 2.7361859960430213 2.7669270367337875 2.7989798326350277 2.8333214314902175 2.8697542021691578 2.9072750443610187 2.9547550484777916 3.020268325486127 3.098726795607554 3.1652276895736597 3.217153474785344 3.253009135946422 3.271267929023039 3.2703627023189243 3.2523159967091657 3.248522900163577 3.2632308316717245 3.2923833844032284 3.3323620940864664 3.383981334569745 3.4426225545876536 3.4991259211168675 3.555761115936385
2.84332894849406 2.7207954315142544 2.594137694678924 2.4647670800771717 2.3339324711935414 2.2027351744464214 2.0720625484712007 1.9381824733061377 1.8063809429792128 1.77280313245058 1.8647467995444162 1.9656015385971326 2.0650454539445966 2.1611754639098706 2.2519576865887654 2.3322168652503428 2.401669414037796 2.4608993314828904 2.510755885121947 2.552405960002437 2.587356895749547 2.6173973145406517 2.6443787959755864 2.6715754851129923 2.703876342679344 2.7413122494300226 2.7823671878462024 2.8273907435766494 2.889289633887069 2.9683375221534716 3.03907415437794 3.095945813507573 3.1374114967839395 3.1619887497508814 3.168245636234966 3.160597471095562 3.1714857100741862 3.2031372914509166 3.2522048002564965 3.315855103804571 3.3913738211311792 3.4677528831352817 3.5463329616589334 3.6305567352282533
2.782999598192495 2.656386320859937 2.526875590465058 2.395976388753231 2.265050507731532 2.1353489228658207 2.0071365515191606 1.8765239823929123 1.7528525790169889 1.7214073449983265 1.8039690832603341 1.9013213668047044 1.9990331854023033 2.0933710753228074 2.1777115199739816 2.2509298378661455 2.313220104854508 2.3650527662336414 2.40724641594538 2.441067459429675 2.468334127776854 2.4914588074218966 2.5132739770516825 2.536425688611157 2.5655027250166738 2.603653728294921 2.6486746902080305 2.6968048294005484 2.7533589976942796 2.8304912537627844 2.9070798097582204 2.97043475503953 3.0190249064016568 3.051455499532837 3.0664577410789797 3.0698869349539026 3.0945147056358313 3.1419699183034613 3.2094421782496676 3.294667291216099 3.3913619906757497 3.483969447525954 3.579335661494001 3.683848755384057
2.7168007820698437 2.588146747178266 2.4583821225532336 2.3293941758357413 2.203154177998284 2.0820111134331505 1.9671701395921213 1.86025449242109 1.7798986754361046 1.7602746285385469 1.8051968162640248 1.8795141856718276 1.9636431448351233 2.044874116986761 2.1177342859603683 2.1808083918807535 2.2335153683349533 2.275835160728486 2.308273602150926 2.331953259367769 2.3488032138291475 2.3618040225608983 2.3750729667827177 2.3932020745614944 2.4195591827069265 2.4586243885744095 2.5084059530336615 2.5613383376505743 2.617059949078941 2.689643134409918 2.7723861000511905 2.843523730397249 2.900482231289823 2.9419845459019345 2.966929953708968 2.9812543004622443 3.018035721472758 3.07937121218724 3.16282414107571 3.2664710894043014 3.377857595233774 3.4859864760111603 3.5937170571874706 3.711736260978551
2.645789545378636 2.516858766878875 2.388984767293111 2.2645530548997046 2.146281937362509 2.0376559639020284 1.940093892478214 1.8573497829122307 1.8030600938243153 1.791154954704897 1.8222097268098878 1.8817118424784964 1.9496652574480817 2.0137489432748126 2.0726545653272934 2.1236325762590784 2.1651510389951123 2.196506732059202 2.217683284490316 2.2293963699051007 2.2333391897012707 2.232712470302765 2.2330221915002006 2.242183860968198 2.2670214647642446 2.3086475729821574 2.3636297565423128 2.4216551623198432 2.483652931085528 2.5539877221433422 2.6381856145371443 2.7180526951335215 2.7842825356300787 2.835716916874336 2.871399646058841 2.8960114203435183 2.942816619241545 3.015493404751338 3.1118460460531474 3.2292910998645032 3.350483421261889 3.469593872351947 3.5878694128135455 3.7130809238081333
2.5705424119709055 2.4426733974829675 2.318159886846635 2.1998234314906675 2.0909415708053203 1.9956019608765119 1.9143812063725267 1.8508022311873051 1.8135437385391122 1.8090553219092453 1.8369023518421783 1.8878099555417314 1.9443327686453886 1.9968994860823057 2.0417826522174938 2.0802210861704213 2.1100598549991667 2.1299500950150803 2.1392908863841935 2.1382021670812943 2.127709450159543 2.1103813027527956 2.0921091188748036 2.085662881642787 2.107941349232415 2.1576176868857857 2.219241002449047 2.283439853509081 2.3530642186643753 2.4296816603932108 2.511979823835392 2.600192093799208 2.676407497740014 2.738043888216456 2.7842711640453697 2.817745212616687 2.8710934949178704 2.951377899924722 3.056850795668336 3.182848438893174 3.3101820352597118 3.4358564315039213 3.560348234457148 3.688902140204176
2.4913532434304164 2.3654387833742954 2.2450925012047933 2.1334003013604432 2.0339026334819827 1.9507559381232467 1.8836028055643983 1.8350735194945118 1.8108888877160974 1.814381601053093 1.8445643677899692 1.8902616956216198 1.9400149135095646 1.9866808474826536 2.0240389261232945 2.05089858426747 2.0696743912757443 2.078622590839811 2.0766786340017678 2.0634035572234337 2.0389848844573955 2.00447676704996 1.9630484241565194 1.9278385863315621 1.94696757717985 2.0154707660565707 2.087464714346499 2.1584536682969553 2.23516210902795 2.3182684441324497 2.405899483364394 2.496382141824814 2.582808221302539 2.6548104684299156 2.7115479221813743 2.753531629252997 2.80992473685397 2.893323277893068 3.002118754855965 3.130112033373975 3.2589898000448634 3.3870981132607203 3.5133805592953795 3.6414885016480687
