_RESULTS/CROSS_VALIDATION_POSTPROCESSED_80-20/Berg/TZ/3comp/2/Berg_TZ_z_1000_kriged_reverse_3comp_spherical_2.asc
ncols 100
nrows 90
xllcorner 5.6208707817415728
yllcorner 50.959635321741573
cellsize 0.00013419651685393446
nodata_value 1.7014100000000001E+038
[rows 57 to 75 of 90, columns 42 to 83 of 100]
0.8043685613969093 1.1047100709050042 1.4989322106841008 1.9709470141415952 2.4385752799729814 2.735328736808136 2.726572246127461 2.4987864234374593 2.2219617096166493 1.9836224063276322 1.8150518864732634 1.7260068677196132 1.6735085648984682 1.6153278591641211 1.548482659111382 1.4618856425409763 1.3320684301113168 1.1319962641525962 0.8710691772251107 0.6253203451076161 0.44082344331637724 0.3041490252411337 0.2103692942677441 0.14986622335933056 0.11058248558498808 0.07640199653814339 0.042621341831201705 0.02539119213329211 0.016552159209734178 0.011866296959422823 0.009350992897178763 0.008039619912517199 0.007479525416808911 0.007486611778579095 0.008011087892416493 0.009097240619641383 0.011010167789745631 0.013825893265022532 0.017292325955005804 0.021495726123908744 0.026328584546106905 0.03148989787379157
0.6566015513179503 0.8918547288979826 1.1882499445019612 1.5285056849148786 1.862494606729675 2.1153369176411965 2.213800530936761 2.1639479947462714 2.0510498434032027 1.9314305386673507 1.8405606607355427 1.796362270784912 1.797397301017726 1.7758312066678086 1.715686432316803 1.6071570100453896 1.4334793492255686 1.190939201360026 0.905261370089179 0.6649453236181709 0.5297248256474114 0.4058543560603328 0.30435524348633397 0.22820397431843809 0.16803408994369118 0.11427854312735153 0.07223817284441492 0.04603210987060303 0.031013935155583285 0.02245036301987897 0.017539605356765853 0.014793627540526629 0.013441257728238112 0.013053535490856048 0.013455237546569895 0.014770169734202148 0.017240737885419688 0.020601895969184655 0.02444545077398453 0.028773425792406195 0.03332496412875782 0.03765094312534721
0.5098540795642659 0.6694603890295187 0.8783591294167878 1.114276989790572 1.348805324028777 1.5439781623461428 1.6687552372828374 1.7097715067341632 1.7007848537890335 1.6710317289647305 1.6441615608881077 1.6357011363115657 1.6533352043651028 1.671991717823986 1.6347419595315782 1.535609883165293 1.372696271944679 1.1560351833995044 0.9177654093965962 0.7196994297195042 0.5815394640311605 0.4642556023238687 0.3650677420527655 0.28265351167687347 0.2104197184364086 0.14994790372200978 0.10295055323848604 0.07041887145232788 0.049625299820626155 0.03678571022320957 0.02895953124691876 0.02428823472063961 0.02168101077356421 0.02052475698133414 0.020664035880664858 0.022139422692433987 0.025023553314911108 0.028525301069396544 0.032195127937004187 0.03596101112339396 0.03944797861095795 0.04214924254118143
0.39032185653510304 0.48850139369070195 0.6153560774865101 0.768728713148903 0.9280372240578747 1.0697293728080222 1.1764708835031616 1.243543460915993 1.283122624845258 1.30316245954171 1.3157800592234214 1.3304344359233384 1.3523406199611356 1.3817143841920878 1.3799224373232923 1.317740989544705 1.199321349569434 1.03948013326005 0.8656468762079551 0.7086722731825608 0.5791182504183667 0.46920760823726165 0.37532910458638047 0.29978547688470686 0.23335373746711047 0.17551816453155164 0.12856467676731154 0.09360278230617725 0.06927782306782893 0.05302811639107408 0.04242180455496039 0.03564953546455229 0.031508130613809436 0.029454855399568852 0.029203128433540223 0.03061034077772594 0.03343912987208323 0.036406621465400794 0.03915798179456013 0.04158931592843565 0.04338858581353996 0.04445807870379341
0.2968493895536948 0.35666961579576995 0.4296321004912835 0.5156048356609517 0.6097795155875902 0.7042193297646198 0.784156513602288 0.8420036580453519 0.8882475441384097 0.9257323338578421 0.9543271353615789 0.978383644359829 1.0005157347517093 1.0208677018884422 1.0359157494623061 1.014948891243936 0.9491049023546715 0.8498378350291362 0.7345991045317785 0.6203951459819488 0.5165839924054424 0.4291564839631751 0.3578432877814027 0.29600845646077434 0.23799489365149865 0.18668027742687363 0.14400482519305796 0.11058400889051698 0.08559853736275834 0.06768061498459756 0.05519917230081392 0.046727275193745525 0.04146330771443717 0.038716892887925305 0.038029456209660445 0.039221054758208 0.041296527864154865 0.04302641126932672 0.04436842652240762 0.04537376297391015 0.04580068597481551 0.045420188601594455
0.22590518389463896 0.26336967728822874 0.3041492406728756 0.35132294918632073 0.4022391989495774 0.45317962179405513 0.49998694196510907 0.5388914843246123 0.5729717020476359 0.6043147921970479 0.6329037952539951 0.656558021862408 0.6755830742232519 0.6899131241225599 0.6984515923688603 0.6986892329354891 0.6739057076463122 0.6232766635054333 0.5587671468854827 0.49157142491807826 0.428551786302877 0.3728220329311013 0.3246926489169479 0.27670848314049845 0.22959962298843778 0.1863825594190469 0.1490989546350453 0.11866869787883266 0.09495981142187825 0.07713269372660714 0.06420638272179656 0.05539011559519392 0.049754340405240016 0.04665151201412549 0.04570725345529299 0.046582718837213745 0.04756348154695775 0.0480608110625114 0.048109725047954646 0.04771469774695655 0.04667858589734541 0.045140299247140483
0.17370308648024427 0.1982662108518836 0.22100027849722997 0.24612016243390536 0.27297750081663397 0.29962088621939803 0.3239674417441193 0.3441457157778816 0.3605935392033181 0.3769747342618101 0.3931427307164688 0.40857905221088975 0.42229343818745685 0.4324174217961487 0.43849183207618 0.4402634539291577 0.4377822107571919 0.4248464261988785 0.40082840112240886 0.37094925235239057 0.3395794213061512 0.3097054475377093 0.27955527938881947 0.2452179469404101 0.20971315039316699 0.17571991776146795 0.14518576728416677 0.11920064837720151 0.09812523647773101 0.0819822970773265 0.07010930744796542 0.061757598739817364 0.056292906145227944 0.053256664488099466 0.052383244545152065 0.05252914655782385 0.05224208802089323 0.05133003175587851 0.049979776640273754 0.048152021710536695 0.04609893019320012 0.04474130082139635
0.13590916501282385 0.1521680909551063 0.16625437067264928 0.17874900883470216 0.19218657561243924 0.20547002253048685 0.21749155272925502 0.22727400531187097 0.2343589425635787 0.24120704115094632 0.24834526379348207 0.25556545433801375 0.2625683691083605 0.26879909091081206 0.2738593546521605 0.2771345325481344 0.2785386816343152 0.2784819038233163 0.27590624830196414 0.2683149459299542 0.2578937313613312 0.24594586671611843 0.2283105341947843 0.20597203485021595 0.18130055636337788 0.15644752077221144 0.1333112652510149 0.11312986248088194 0.0963815137777556 0.08307991603999358 0.07296377001922816 0.06566624129125123 0.060834875732200415 0.05820312199779519 0.05728586298475234 0.05619660934633653 0.054520856735280745 0.05221121143109341 0.049541592294916885 0.04713081034029253 0.04541811253410256 0.04439912216449601
0.10866823766294954 0.11956273563495834 0.1290671138599682 0.13546097686822925 0.1412703139766445 0.14711427688578943 0.1523516325088141 0.15644094865998098 0.15898325182189252 0.16080175573782257 0.1631675729378887 0.1659187988643467 0.16891755392436256 0.17204970904081293 0.17505661164119335 0.17771742983912045 0.1800279972740482 0.18210778020852048 0.18420215239254192 0.186650283764027 0.1882911967274491 0.18544675799355387 0.17699749864476488 0.16437470286222866 0.14922150937448475 0.13313060094484583 0.11743920044531675 0.10311429146211026 0.09073514960827037 0.08055326678753527 0.072593103607958 0.06675767698647458 0.06291664727243694 0.060917150654129504 0.059156496424932724 0.056832117043792915 0.05385262067260915 0.050658758442931696 0.04807937563276191 0.046133284864285036 0.04482319863148363 0.044164012403137116
0.08912237259858671 0.09652560787829652 0.10297990899851038 0.1073080514486495 0.10909078311634762 0.1106686888645352 0.11209465385411414 0.1130338278078593 0.11324895081557926 0.1127289056663025 0.11261194640856911 0.11307162655372777 0.11400287371582142 0.11534120096250906 0.11706403084174535 0.11912644570460743 0.1214007490120098 0.12398087248299411 0.1270470818367274 0.13086017928751542 0.1342239161464783 0.13494225399250878 0.1325638472498833 0.12689760292154095 0.11887870489326713 0.10953214184993461 0.0998037077555049 0.09046027364447169 0.0820487182590619 0.07490689046024362 0.06920882844768336 0.06502411008420228 0.06237624050986916 0.060228931181416985 0.05749623835981284 0.05443635329589548 0.051400759811133456 0.04880455854617285 0.04675568712515038 0.04527089815187943 0.04437121816379584 0.044087819329054215
0.07526034990763864 0.08031463110047322 0.08467975042996201 0.0877913857189278 0.08880252194343587 0.08800067452721744 0.08717086769508609 0.08629069758375099 0.08519236746163372 0.08378010134882499 0.08235666307959953 0.08160684269337246 0.08145957438086553 0.08186108649420065 0.08280129647961827 0.08431639070374738 0.08645016251665115 0.0891584731418114 0.09259016013115448 0.09620680631915601 0.09846198535812233 0.0991378731778075 0.09818408369841163 0.09569594657697739 0.09190966860113177 0.08717381859775941 0.08188880460882574 0.07647682572630073 0.07137864110572391 0.0669246217766211 0.0633434473403203 0.06085853454477696 0.05895929333541715 0.056724867665548115 0.054258771212510104 0.051662078579610665 0.04919886562834083 0.047178206910799235 0.04563610001301097 0.04460441059758627 0.044119853141881264 0.044087819329054215
0.06624145018910997 0.06906955411001373 0.07204076662034721 0.07419831245634283 0.07502891007798203 0.07419880426407321 0.07207669734825582 0.07002986421127144 0.06810875383267433 0.06622444763846275 0.06433981235672334 0.06288759185369143 0.06213162821399732 0.06201112434778478 0.06251219712643742 0.06366719745228623 0.06555963019877042 0.06828623130934952 0.07132678729625468 0.07372132774478585 0.07529292186765121 0.07593694403475774 0.0756249228592746 0.07441274828094413 0.07243807505060527 0.06990630900843435 0.06706793444728135 0.06419291111233874 0.06154902694650363 0.05939004311564474 0.057957100670515314 0.056812723964760795 0.05527292749064384 0.053424918637958355 0.051358034642257806 0.04920325002678199 0.047329750666820686 0.045840856424600736 0.04478060454154292 0.044193050586492096 0.044087819329054215 0.044087819329054215
0.06102524345275094 0.06182748092718003 0.06357256656883242 0.06498460620949736 0.06562778177549902 0.06510409830105882 0.06340214685485648 0.060770431079487326 0.05821288452235486 0.055951243034293746 0.0539282719837358 0.05214291910886377 0.05097639824254489 0.05052394881884371 0.05076052940565384 0.051711807695165195 0.05345305314199848 0.055550652566507736 0.05752219032744824 0.0591331285601007 0.06028165819631816 0.060905831093090626 0.060990291855387166 0.06057090557446961 0.05973399185874904 0.05861012376251423 0.05736403113258434 0.0561835604107002 0.05527137533859651 0.05482351924819437 0.05428851045574877 0.053357530493606926 0.05208896097512241 0.05055049042384322 0.04881705211541139 0.047184977329602515 0.04584341778395491 0.04484663126162676 0.04424631831903374 0.044087819329054215 0.044087819329054215 0.044087819329054215
0.0588420234156939 0.05801851277457533 0.05834585934398276 0.05921165644789246 0.059546456152638365 0.05922777886900424 0.05801719910517001 0.056031816983161 0.0534763896046731 0.0508138207991063 0.04858104015696482 0.04674675818322971 0.04531914407120746 0.04460014413885556 0.04465740315096965 0.04540059001234037 0.04640060573679378 0.047539073467691755 0.04874855388164934 0.049858584911478494 0.05074219818056865 0.05136238305537478 0.05171282510441502 0.05182090476123705 0.05174823111129016 0.05158886244440523 0.05146620237447481 0.05153036785751058 0.05176350788288059 0.05166997617050953 0.05122150311659862 0.050446677699138166 0.049388124750110646 0.048097306930985434 0.046768094541404265 0.04564326855241175 0.044783839563728424 0.04424710319308389 0.044087819329054215 0.044087819329054215 0.044087819329054215 0.044087819329054215
0.05937323213327446 0.0570741412313009 0.05608946419561746 0.05625749658178583 0.056320629144274076 0.05595318787508869 0.055100036883862745 0.053638552550145324 0.05172278229241795 0.049542135257296706 0.047287516056834705 0.0452956644274017 0.04384978534171572 0.04290581811866771 0.04240874489150987 0.0423143065343029 0.042528181442098245 0.04297819314327307 0.043611297270912806 0.04436847076362335 0.04508664783694703 0.045723576795958946 0.04628026102772116 0.04678288250747022 0.04728436895863949 0.04786547684045871 0.04854717025029711 0.049014198755836985 0.049201064218514216 0.049095949451565736 0.0487037695736567 0.04804419134626608 0.047148501636568786 0.046149228615158744 0.04528119258230578 0.0446099530356799 0.04419496592154379 0.044087819329054215 0.044087819329054215 0.044087819329054215 0.044087819329054215 0.044087819329054215
0.06267711775289929 0.058853742281084184 0.05662250797130154 0.05586147682500532 0.05567788181580163 0.055178030096793146 0.05439190058359795 0.05332591455644591 0.051915247577856836 0.05031209351227916 0.04867575734771333 0.04703058483709982 0.04542577348935882 0.043925421332262383 0.04265904051350878 0.04176476951571361 0.04130329380937796 0.04119385488159527 0.041381628649832095 0.04183487860544287 0.04245351759762034 0.04313472859479867 0.043886552040333496 0.04472583542046873 0.04552960604981561 0.046217038265454 0.04674279010700748 0.047070942836839956 0.04717737862093143 0.04705099347694476 0.04669361889346914 0.046118769734665326 0.045434792558437465 0.044834341917454924 0.04437730263927462 0.044121613849768905 0.044087819329054215 0.044087819329054215 0.044087819329054215 0.044087819329054215 0.044087819329054215 0.044087819329054215
0.06763342784808947 0.06274829647609656 0.0595470163301399 0.05791595478550055 0.05744471358876856 0.05679484724351842 0.05590575534694471 0.05483859888147361 0.05363322819880391 0.05221020584570317 0.05064197301699663 0.049021394073744756 0.047426821677160454 0.04592246075672666 0.04455970860593311 0.0433789578165614 0.04242422167741152 0.041844003204979954 0.041644137619673935 0.04179220495240993 0.04223540584373918 0.042795106139743 0.043403381273492296 0.04401372749662281 0.044580465869497835 0.045060925476732384 0.04541782065540051 0.04562144923154399 0.04565136269704939 0.04549725801786132 0.045159370779359956 0.04475548907625971 0.044408249977945055 0.04416817762401403 0.044087819329054215 0.044087819329054215 0.044087819329054215 0.044087819329054215 0.044087819329054215 0.044087819329054215 0.044087819329054215 0.044087819329054215
0.07292422414208988 0.06704918586006871 0.06303470458691754 0.06069949273291587 0.05985557818464695 0.05904879840005343 0.05796005225408003 0.05667294176966957 0.055266836526255476 0.053809824870622 0.05228469356214348 0.05069395749383635 0.04911668450970185 0.04761704174529337 0.046246047266298544 0.045043576178791345 0.044040380595321144 0.04325999716394608 0.04272579048503272 0.042522576108900985 0.04264980882680225 0.04295347161062904 0.04331483931632654 0.04369280069312371 0.04404793090928826 0.04434397492522792 0.044549470893822864 0.04463925917352841 0.044595640084862234 0.044428934020480086 0.04425617794720686 0.04412886365125382 0.044087819329054215 0.044087819329054215 0.044087819329054215 0.044087819329054215 0.044087819329054215 0.044087819329054215 0.044087819329054215 0.044087819329054215 0.044087819329054215 0.044087819329054215
0.07834926388650217 0.0715618323323599 0.06679025023903533 0.06378537307704986 0.062441703839731716 0.06143006630903408 0.060091925780397876 0.05854283761346299 0.05688313144971148 0.05519184133796806 0.05352809640609081 0.05193408672823541 0.050386935099357814 0.04890559016908873 0.0475396103228627 0.04632767963528553 0.045299596735381836 0.04447809275581561 0.043880455027892964 0.04351994674570952 0.04340702153555722 0.04348180522689509 0.043611440991468894 0.04377420590172445 0.04393502242801499 0.04406214153711624 0.04412821944855684 0.04411818743242242 0.04409367481861312 0.044087819329054215 0.044087819329054215 0.044087819329054215 0.044087819329054215 0.044087819329054215 0.044087819329054215 0.044087819329054215 0.044087819329054215 0.044087819329054215 0.044087819329054215 0.044087819329054215 0.044087819329054215 0.044087819329054215
