_RESULTS/CROSS_VALIDATION_POSTPROCESSED_80-20/Berg/TZ/3comp/2/Berg_TZ_z_500_kriged_reverse_3comp_spherical_2.asc
ncols 100
nrows 90
xllcorner 5.6208707817415728
yllcorner 50.959635321741573
cellsize 0.00013419651685393446
nodata_value 1.7014100000000001E+038
[rows 0 to 18 of 90, columns 42 to 83 of 100]
0.2717625445295148 0.28123476803907527 0.2913622351245331 0.30199476124548885 0.3128392378681246 0.3238866795947923 0.33509513723605694 0.3338777972531604 0.31362473827212217 0.29451480091152993 0.27662236097925774 0.2602991938329368 0.24573371128743327 0.2330175960485378 0.22282004066343708 0.21495650766724736 0.20910630094024885 0.20485280423476024 0.2010707258883269 0.19746377079073557 0.19391545276111022 0.1905224570654749 0.18742536490541356 0.1846485488110928 0.1822574736963413 0.18035591353518238 0.17879343272625797 0.17709113012385225 0.17539566952265376 0.17389363749369555 0.17278429641440174 0.17227759983027813 0.17226708775074556 0.17226708775074556 0.17226708775074556 0.17226708775074556 0.17226708775074556 0.17226708775074556 0.17226708775074556 0.17226708775074556 0.17226708775074556 0.17226708775074556
0.28261169462542557 0.2903093451567823 0.29825661151980526 0.3068634530996116 0.31639324199791574 0.32570161776444945 0.332324926494679 0.3289442766492817 0.31419681775369035 0.29665744598129284 0.27931176959211546 0.2628687244509545 0.24838859174285882 0.23685879083966133 0.2278470633992695 0.22097767749921005 0.21595336044855762 0.21254628734539519 0.2098898381981309 0.20714255719698066 0.20417641007351364 0.20101015015307755 0.19787409994624985 0.19481793032894298 0.19192628467886447 0.1893270096361837 0.18686201027837307 0.1840723982762506 0.18114643586149556 0.17830442126346938 0.17577232155099334 0.17377730895464982 0.1725476893831795 0.17226708775074556 0.17226708775074556 0.17226708775074556 0.17226708775074556 0.17226708775074556 0.17226708775074556 0.17226708775074556 0.17226708775074556 0.17226708775074556
0.2953007957425394 0.30051178503613846 0.30542540134216956 0.310494144737441 0.31580568486554145 0.3207795508029635 0.32314038539926343 0.31892809013224577 0.3079857418826473 0.2934528541648746 0.27795848349547553 0.2641078529464755 0.252505145138236 0.24286923339572192 0.2353619109904051 0.22977931612401747 0.22585738459780405 0.22338052532618063 0.22195124778244907 0.2202759355746626 0.21805066685030372 0.21523448622914446 0.21210033517195864 0.2087462717665814 0.20528376577750737 0.20187685775551104 0.198319304616954 0.19422487374753086 0.18984838940274767 0.18545984237549212 0.18132523321157504 0.17769942509996353 0.17482486343007514 0.17293577339088745 0.17226708775074556 0.17226708775074556 0.17226708775074556 0.17226708775074556 0.17226708775074556 0.17226708775074556 0.17226708775074556 0.17226708775074556
0.3100868007455989 0.3120019153952425 0.3130198526741255 0.31392159140952397 0.31473036020116324 0.3147268725779462 0.31289565268010544 0.3081086695474583 0.29901823497249536 0.2870136298495793 0.27552056883148374 0.26567873377960255 0.2574885495002107 0.250752174046026 0.24525222874840105 0.24131482468415355 0.2388516895751446 0.23765332082367113 0.23752128997717317 0.23721515173943908 0.2359589144166797 0.2336541957255154 0.2305839143137027 0.22690698061190603 0.2227714394399662 0.21839387503921415 0.21346044893888458 0.2077559321733766 0.20162053123974846 0.19539452243037164 0.1893998121204949 0.18393004952875774 0.1792489132325033 0.17559529459965287 0.17319392270592826 0.17227032616106894 0.17226708775074556 0.17226708775074556 0.17226708775074556 0.17226708775074556 0.17226708775074556 0.17226708775074556
0.32752598217274626 0.3251962054577596 0.3212520324346236 0.3176592113203093 0.3142503259381691 0.3099301638993166 0.30422306021830575 0.29712918902436397 0.2888945611966978 0.28066628195951304 0.2735523601051215 0.26773211140799313 0.26320416491573545 0.2598222427508131 0.257346503931354 0.2556030834552326 0.25504835711611434 0.25558361132865737 0.25700517596180644 0.25845103740148995 0.2584833915873498 0.25690710675077283 0.25399195114844336 0.24995873326876605 0.24500495880976542 0.2393964011790179 0.23269621091256804 0.22496406076846537 0.21665243785678545 0.20819863253530466 0.19999928703878062 0.19239821931640153 0.18568581843534673 0.18010718001871975 0.1758761881242587 0.17319348286017944 0.17226708775074556 0.17226708775074556 0.17226708775074556 0.17226708775074556 0.17226708775074556 0.17226708775074556
0.34874464631782204 0.3412879362526017 0.33038901874401216 0.32248626688343324 0.31521743792253304 0.3067273914847988 0.29738687122603075 0.2876482625376551 0.27987102360720145 0.2753334180894723 0.2722002319284391 0.2703248823823863 0.2696339169079768 0.2699650907656704 0.2710734000025917 0.2726438662296597 0.27460768459961465 0.27746848103133925 0.28101148498422224 0.28462116059314296 0.28638577161088946 0.28583582339416663 0.28320790917128874 0.27877243611470187 0.27279418108352627 0.2655387764771217 0.25654435472386106 0.2462213025871808 0.23518053320272073 0.22399073219965004 0.2131448785393189 0.2030474627403244 0.19401795709332031 0.18630505242775736 0.1801069181753175 0.17559426844137854 0.1729346588029001 0.17226708775074556 0.17226708775074556 0.17226708775074556 0.17226708775074556 0.17226708775074556
0.37523485934642414 0.36297287922078586 0.34565780439226806 0.33146181562524374 0.3184369634020296 0.305078102418228 0.2919534639729439 0.2805179761123096 0.2734895860356889 0.2708288777080654 0.27137544614080367 0.27338109428178076 0.2766857859156821 0.2810887698785748 0.28631413990126964 0.29200047203084395 0.29770036033470015 0.30365463515942337 0.31010945892212716 0.3165162452302011 0.3206296215968612 0.32152299969388887 0.31937206039096316 0.31446805515561005 0.3071690249491736 0.2976239284709485 0.28561369868010944 0.2719464966818151 0.2574553136435567 0.2428832156343552 0.22884238011528607 0.2158050057122838 0.20411627528196422 0.1940195815409915 0.18568665285363087 0.17924817822294384 0.17482308232898713 0.17254649855373022 0.17226708775074556 0.17226708775074556 0.17226708775074556 0.17226708775074556
0.40768488302788825 0.3908017343390768 0.36725004836392344 0.34390379630743384 0.3229704936629127 0.3041128440800823 0.28740822745110584 0.27568178216465117 0.2692326566456676 0.26767313375556123 0.2708479679629913 0.27670585231199957 0.28417483714929465 0.29302124581743527 0.30294116205898586 0.3135203187816441 0.32421216357003846 0.3344958218878663 0.3449197209201943 0.35507991797875627 0.3624045002514097 0.36533640550737756 0.3639345879952037 0.3584611330980295 0.3493911149165624 0.3365845123000644 0.3205716969376721 0.3025605636001554 0.28369238074812186 0.26493520917505015 0.2470403845243473 0.23054649229936128 0.21581113004746677 0.20305426555680553 0.19240285112665587 0.18393158208502972 0.17769836182063845 0.173775287679827 0.17227728339980458 0.17226708775074556 0.17226708775074556 0.17226708775074556
0.44545956600974024 0.4217154060774425 0.3870676657423755 0.3542392353022126 0.32612354357899936 0.30231698618592784 0.283709015127974 0.27199878438096436 0.2661925687717975 0.26575610089815266 0.27055679416545253 0.2800424734505013 0.29182375373778774 0.30548893587374504 0.3207139821154796 0.3370537405658164 0.3538668512481868 0.370280490039627 0.3860870497831112 0.40139067538488205 0.4131456168828585 0.4189834776988993 0.4187230370432668 0.4125178030705299 0.40076324714564776 0.38344556076431596 0.36208082707415273 0.33841120986316275 0.31399832770880387 0.29008762623797435 0.2675776272580508 0.2470553673707041 0.22886172862692555 0.2131623912502191 0.2000119340832906 0.18940677033225456 0.18132721201771376 0.17577115192316517 0.1727827494487092 0.17226708775074556 0.17226708775074556 0.17226708775074556
0.48456023166845197 0.4475305373134106 0.3987367665770629 0.3583813337068078 0.32536760617566673 0.298475013553083 0.279710715941941 0.2684596031149131 0.26354182460610354 0.26437103874453216 0.2708209481791498 0.28311129113516564 0.2993154746170912 0.31810493160069137 0.33924109437663186 0.36228410546468226 0.38653391650853963 0.41091788254235884 0.43424477674627904 0.45664581952074135 0.4745489317776744 0.4845732327254815 0.4860260653473615 0.4788050205884884 0.46279776743093626 0.43923756685755955 0.41067980598165893 0.3796492236054991 0.3482611979444636 0.3180762128413055 0.2901190565438088 0.2649782842245097 0.24292596212683037 0.2240267162086565 0.20822514908602668 0.1954112865902026 0.18546811980119451 0.17830651211785054 0.1738926391463691 0.17227274128073194 0.17226708775074556 0.17226708775074556
0.47852555721633744 0.4423457382686416 0.39515663512350374 0.35372500318882927 0.31937192038029766 0.2923261841721862 0.2745065468496108 0.2643077772247724 0.2606144757037175 0.26290488844918647 0.2711377368740925 0.28571600374172623 0.30637411431425093 0.3306859739492731 0.3584285408814846 0.38927646530000787 0.422508924998349 0.4569251603141663 0.49065875386394286 0.5229000355842115 0.5493908144718033 0.5653603635949697 0.5690889671247542 0.5596224717992021 0.5371204846292866 0.5048141093475269 0.4665711961596554 0.42603331193150024 0.3859966313800086 0.34832267686408025 0.3140847590751439 0.2837815304730912 0.25753496463716175 0.23524505210663324 0.21670029625011716 0.20165264392881876 0.18986707670227088 0.18115483849666375 0.17539748965649418 0.17256754350962203 0.17226708775074556 0.17226708775074556
0.45566752433117774 0.4198288306384938 0.3791904643879066 0.3412017427295095 0.3084936340971618 0.28366463434683936 0.2677207314214727 0.259119121973714 0.25695950338970674 0.260913415553586 0.271189351657644 0.28834078612392056 0.313089385967331 0.3431899549894891 0.3780199162556298 0.4175473776001244 0.4612904173499282 0.5080576183817256 0.5556657122977797 0.6016720682947019 0.6405728817379873 0.6656097955480823 0.672609179317316 0.6585969695358345 0.6260311351622542 0.5807927668133089 0.5292803740116997 0.4766403421545724 0.426149964390328 0.3798143695893806 0.338583936427896 0.3027186637906319 0.2720796885932395 0.24632646129926805 0.22504209991997662 0.2078098780752863 0.19425875054250102 0.1840906493999407 0.17709839536673586 0.173180564336535 0.17226708775074556 0.17226708775074556
0.4320414111761403 0.39471855067057837 0.3578487224624223 0.3239644350202351 0.29448500001171174 0.2729745227864205 0.25946327343014414 0.25280640481425765 0.2525094427033749 0.25844912997225805 0.2709121741736904 0.29066952342583763 0.3190260712687272 0.35490945209042957 0.39706642334792336 0.4458989749704779 0.5014412446126602 0.5628996861865181 0.6281379149871841 0.6932703444978884 0.750437206078876 0.7896860218182222 0.8006029576768073 0.7792067760522257 0.7312238547179287 0.6673720720815149 0.597838275011225 0.529685571489189 0.466880691510898 0.4110027990633749 0.36237788768560514 0.320825429959215 0.28581925508972233 0.25670355361016317 0.2328140684558748 0.21354322772717144 0.19837349650349742 0.18689388516301977 0.17880893329739084 0.17394631799790466 0.17226768506563883 0.17226708775074556
0.40837461677467846 0.36942749052232143 0.3351137078079626 0.30495104776645915 0.27917759685449445 0.26110742821583244 0.2502010557537671 0.2457902932243396 0.24750212423639045 0.2553870941147462 0.26994810987813594 0.2921927008648997 0.3237399012087509 0.3650334339552972 0.41435185051852347 0.4726237423416964 0.5406434219925954 0.6185809129581643 0.7051110656841674 0.795674502071233 0.8799649109412163 0.9410090013474558 0.9582657650600062 0.9243349758221692 0.8519135146538814 0.7615752043246616 0.6689590831225475 0.5825260418601296 0.5058392925038182 0.4398001936971484 0.3839081594045357 0.3369617048724695 0.2979209714717924 0.26576539374295954 0.23956359482433476 0.21851235502066868 0.2019500028322749 0.18935817931497267 0.18036000343708963 0.17471965083694754 0.1723470362886565 0.17226708775074556
0.3843683260176737 0.3447274639461322 0.3134623941259604 0.2869080694127606 0.26449919365591495 0.24925531599491604 0.24075569444690142 0.23842963899368283 0.2419734280983912 0.2516149464458195 0.26805064926937716 0.29250591090450107 0.32688371632765634 0.3727529489704952 0.4285282255775165 0.49558016647364483 0.5756694425637944 0.6703698563489233 0.7803055879806411 0.9018284028940412 1.0237108692914072 1.1213310050838492 1.1517660226787587 1.094099457809781 0.981800454315088 0.8555304205489873 0.7358968977626971 0.6301853269230135 0.5398761150800226 0.4641697315038878 0.40146863773714264 0.3499163859236216 0.30753729616802256 0.27291185659465667 0.24485951595293812 0.22240189424660847 0.20475237715745737 0.19130198073422935 0.1816066882694637 0.1753794602228471 0.17248941984572877 0.17226708775074556
0.35929360334064736 0.3210463191030487 0.29450590193085363 0.2714365438698209 0.25182428501262083 0.2388869616356025 0.2321081374907794 0.23113929824132975 0.23603386728235942 0.24712688780572623 0.2650970275028192 0.29134235498398675 0.32799757723442236 0.3773854787785567 0.438327381972558 0.5125385151340844 0.6027126703724888 0.7119200126992379 0.8432595366004391 0.9942921284614838 1.161236255583708 1.3230387814673517 1.3879041094131266 1.2760369199871482 1.10133702701462 0.9339303094672189 0.788532275847969 0.6662550565752424 0.5649429660651859 0.4817266867287391 0.41378752805897956 0.3586045786108447 0.31391423475004043 0.2776238263285679 0.24833764386613857 0.22495103078915363 0.20658932672549904 0.1925808627330812 0.18243592783975263 0.17583314569526973 0.17261470493997405 0.17226708775074556
0.33677915647623263 0.30353732309351517 0.28099867872865925 0.2598116708684744 0.24190206477210552 0.23034650555674574 0.224661473807095 0.22456812926890243 0.23017902367607002 0.24202942554253107 0.26108243361572425 0.28859650137911125 0.32682316159351676 0.37850804803500765 0.4428349936312913 0.5217051698326102 0.618374088665212 0.7364275358152961 0.879166495686747 1.0466176751214324 1.2441026682158003 1.4775608754313803 1.665252574195716 1.4027871140420862 1.1695761092062493 0.9756466436287917 0.8157243786608511 0.6845680710874811 0.5774650196567217 0.49031724676156113 0.4196371308381905 0.3625061239477408 0.3165170700114021 0.27953615228734807 0.24974603172685317 0.22598193755978924 0.20733215805645525 0.19309891090433629 0.18277361475395226 0.17602082707088945 0.17267179169880195 0.17226708775074556
0.34063732841715444 0.30108188481007736 0.2743192271224888 0.2523901830232034 0.23471977539497413 0.22363355165397614 0.21844371438037002 0.21878758575769702 0.2247513198414217 0.2368673400590538 0.25618229274286675 0.2843347968683026 0.32336158654877645 0.3760591995236902 0.44173626985038433 0.522124941588661 0.6198569570880604 0.7380691080561165 0.878825499752804 1.0401042172358486 1.2229217707452205 1.4124318809090561 1.4986181046351121 1.3517064595187054 1.1496021115602368 0.9663440947933297 0.8108517846691177 0.6816987926367147 0.5755305317353857 0.4888169098564289 0.41833023240222006 0.3612766428684466 0.3153097305932104 0.2784953401135666 0.24897972610604752 0.2254211160424687 0.2069280593345139 0.1928170346844281 0.18258975458104115 0.1759184416273737 0.17264029762292415 0.17226708775074556
0.342447515558776 0.30133685799769744 0.2712285191000717 0.24785931632315908 0.22969005332729273 0.21848974901434895 0.2133606468760319 0.21379071050821036 0.21979379067058735 0.23185996442775123 0.2509984868130091 0.2788646577682807 0.31785903637561297 0.3701537699043064 0.4346323291890357 0.5126529587387014 0.606325161456368 0.7176839136714893 0.8445008530307061 0.9817803209568916 1.122137018964124 1.2385074777086558 1.273873915929968 1.197609255975788 1.0596053863664454 0.9118865650864219 0.7761831153965264 0.6586391567180969 0.5596148602071201 0.4774719581531622 0.4100040760981254 0.3549981101137809 0.3104522202231789 0.27464865774962316 0.24609604358004133 0.22330866397728485 0.20540581584907688 0.19175652164689125 0.181900666837721 0.17553906942750128 0.17253129165997536 0.17226708775074556
