_RESULTS/CROSS_VALIDATION_POSTPROCESSED_CLR/Berg/TZ/9comp/2/Berg_TZ_z_0_kriged_reverse_9comp_spherical_2.asc
ncols 100
nrows 90
xllcorner 5.6208707817415728
yllcorner 50.959635321741573
cellsize 0.00013419651685393446
nodata_value 1.7014100000000001E+038
[rows 57 to 75 of 90, columns 43 to 85 of 100]
-3.5089401002345677 -3.4876940178666107 -3.4291864281356013 -3.3285614584891756 -3.1795531623266458 -2.9744977159568133 -2.7411148701499757 -2.532874099645114 -2.343264729246233 -2.159514255645289 -1.9800038727331344 -1.8319007129370153 -1.746073636458012 -1.748835114977247 -1.8574410637302972 -2.096167542721189 -2.5085085722026026 -3.1569093331084748 -4.125813597485194 -5.397443525110544 -6.7921663500236615 -8.228517343068356 -9.674410338217031 -11.103681474182586 -12.084347538687537 -11.798407435737637 -11.392952122501526 -10.920050727116536 -10.39295877173887 -9.825333422365475 -9.235351609907548 -8.639215524511393 -8.03492305223604 -7.416523119506133 -6.788624998488418 -6.157382820558029 -5.546992136652207 -4.99971967809453 -4.53546411829572 -4.157938122748122 -3.8692922315378615 -3.671451882582461 -3.5662846420535743
-3.4369364095196357 -3.3697622103514218 -3.2674557617673945 -3.1258303188511465 -2.9408258101477474 -2.706454758424556 -2.446717747962251 -2.2187598011831415 -2.018791713729222 -1.8427450377178785 -1.6889714615511653 -1.5631164373146937 -1.5023532776837718 -1.5207668738062883 -1.6334644498972302 -1.8723843238896478 -2.261198875550674 -2.817215549295819 -3.654094513362731 -4.942402785265635 -6.326578137335371 -7.732920960878648 -9.107839825212414 -10.340192322185876 -11.12085919754865 -11.242229638873704 -11.024372166049469 -10.664090369967566 -10.224997929767252 -9.735917683897252 -9.208130625090185 -8.643126184900435 -8.051253489727719 -7.439277572929114 -6.814347264300078 -6.181063010603034 -5.573142492481348 -5.023110823424668 -4.551570574083961 -4.163297935396477 -3.861191863547066 -3.6478357451001857 -3.5279203674799877
-3.433954207457551 -3.327654907261583 -3.1876140570617637 -3.0116786636241586 -2.7966191001566223 -2.5395650624033017 -2.2584316111373424 -2.0141416599012576 -1.8064281356008478 -1.6324851624317112 -1.4918208278387795 -1.3868713453502415 -1.3364540021489315 -1.3752223967090629 -1.5148097649271084 -1.7705761467212162 -2.1616136950599416 -2.7185027224597924 -3.536744668046521 -4.6556329031974295 -5.911626038004394 -7.2105602843870695 -8.457482302472343 -9.517416381059762 -10.219030972777093 -10.50620090569356 -10.482200980401872 -10.269674001007882 -9.936128832753388 -9.518585259943197 -9.03860016112498 -8.510332879756648 -7.944037536420247 -7.349716241477609 -6.735259443084331 -6.108608582825476 -5.512272595078425 -4.968700797746739 -4.499102446371896 -4.108856845566615 -3.8015724646583644 -3.5908987298544894 -3.5036989179245386
-3.4548841173451397 -3.357503843969702 -3.1951424846122323 -2.9910496174094936 -2.75254336872797 -2.4777303488442275 -2.1791055671078965 -1.9205284152715283 -1.706585454081258 -1.535404503613687 -1.407250096568327 -1.324989345929616 -1.2946529514868943 -1.3458493731948575 -1.5042427660145252 -1.782345216573452 -2.197644497130939 -2.7772062719974793 -3.556612971738942 -4.531314170173141 -5.63042741713822 -6.770103161075859 -7.845567452066854 -8.756337186581971 -9.40515637221926 -9.756147382532292 -9.846483760090948 -9.741101600766891 -9.495547458426415 -9.147878396020259 -8.723122993120507 -8.238302937098275 -7.707560004807282 -7.141556240683785 -6.547375786621963 -5.940543818436051 -5.365086570154085 -4.837121614411112 -4.378106035696156 -3.9988252387076004 -3.7209209083428396 -3.555495309499497 -3.500730638073027
-3.4725843945350174 -3.3985420136374156 -3.259960010038159 -3.062221007998251 -2.811582526877963 -2.5249448464069557 -2.2128682409518454 -1.9392705255778186 -1.719280593810995 -1.5500551237609974 -1.4322478185534107 -1.3687618170143443 -1.3650508250840767 -1.4301887054092228 -1.596437472607335 -1.8837334785659579 -2.304676340702139 -2.8739475547147793 -3.600496735247715 -4.468819080948623 -5.418011098430167 -6.376307276844611 -7.272010286476472 -8.035351964968989 -8.61002827748342 -8.96997964754118 -9.123389847933218 -9.096852731696242 -8.927070175553519 -8.645626002767873 -8.27651813438468 -7.839395401823278 -7.348414352171448 -6.813811974749232 -6.243359273443359 -5.668209331772559 -5.121618168724242 -4.627000610761213 -4.2106611510253344 -3.8839565030011896 -3.6576864469018058 -3.535621517008747 -3.500278025727655
-3.482661045527575 -3.4349263466401263 -3.324194219352312 -3.1559706509449166 -2.935784459739902 -2.669295677297475 -2.3633716246530656 -2.074441725493397 -1.845266047056977 -1.6758393009340207 -1.5651504561704774 -1.5155580086119604 -1.5317252608596608 -1.6204266397193674 -1.7913702015387765 -2.073441085962917 -2.4815885219434834 -3.01458280808591 -3.6632947779099876 -4.405330511205567 -5.2011477854058406 -5.9994976457428795 -6.7453195285825975 -7.386676569232182 -7.883055653851595 -8.213055249779078 -8.376227677631354 -8.387322852718567 -8.267571534560872 -8.038852759722577 -7.721473523441909 -7.331418445865333 -6.881949104611479 -6.384336028737254 -5.852913330150105 -5.333518253087513 -4.8454396539302405 -4.412493457958988 -4.056089492843206 -3.787552036317534 -3.612478662368586 -3.5175160984411615 -3.500278025727655
-3.470407286409063 -3.446351244330214 -3.366420966827791 -3.2315853094055345 -3.047481151300681 -2.819819191249371 -2.5544691791345953 -2.2813733850980378 -2.0604208417413146 -1.8961544758215885 -1.7929462848887305 -1.7538648781597503 -1.7821470630628693 -1.8825918353190074 -2.0603164223051795 -2.320269822996554 -2.67907230953276 -3.1418516706271884 -3.6968788227934164 -4.322507271968091 -4.986639334939686 -5.649716764049527 -6.269650109325709 -6.807115926724273 -7.231221012968815 -7.523669846540952 -7.679756104354519 -7.705930308278796 -7.6160784681780225 -7.425721014695613 -7.1499986709928525 -6.802696338582382 -6.396014404080317 -5.940724861559074 -5.466856210083126 -5.010864882487973 -4.585614401102769 -4.218169429815328 -3.925590942331719 -3.7124842356123535 -3.5702450768919185 -3.504289670860268 -3.500278025727655
-3.435351348623565 -3.4233039267904095 -3.3765553736119145 -3.2774934638634803 -3.13177086682754 -2.9451227900952666 -2.723403209653259 -2.4781916230377905 -2.2724038214174196 -2.1226857586278345 -2.029833017879934 -1.9962160400960829 -2.027930516786066 -2.12816126423416 -2.2992422279155 -2.5429461689646007 -2.85928912180725 -3.249689599560103 -3.715053984984059 -4.235962205155348 -4.785798178095866 -5.333400498165418 -5.846006228045745 -6.293191545720383 -6.650548899517187 -6.902682447051945 -7.043624186321638 -7.075250639134891 -7.005036222292336 -6.843464352349648 -6.602057132402052 -6.292202186681671 -5.924610691344622 -5.515190291714958 -5.106145932330279 -4.714229179009192 -4.354982298581873 -4.0556741204098605 -3.817896738911994 -3.6416712735647065 -3.5337333644822957 -3.500278025727655 -3.500278025727655
-3.3795765037081154 -3.371970823217538 -3.3502745148524102 -3.288938262847202 -3.183428561279912 -3.0394316615710704 -2.862693751992967 -2.6591044632039287 -2.4659647053461056 -2.3285662299987124 -2.247265040274078 -2.222221158161174 -2.253571048526931 -2.345607290936747 -2.502311146707721 -2.7233720186817143 -3.0064302279958603 -3.346043759534598 -3.732706203717391 -4.158817435443115 -4.608299737390057 -5.056000728073 -5.476037444544553 -5.844483321347033 -6.141785168048088 -6.35445424132803 -6.475637220037909 -6.504528838960098 -6.444989719534858 -6.303920169282528 -6.089837149857178 -5.811857108352358 -5.4799671270373675 -5.1295253394357 -4.784330618825922 -4.456256087746828 -4.162065969253505 -3.9128364986456843 -3.716030524123213 -3.5789436404872568 -3.508487554967106 -3.500278025727655 -3.500278025727655
-3.3048219841719093 -3.298825330700913 -3.287588856504819 -3.261070841535789 -3.197211804609097 -3.0970967403365384 -2.966275634995063 -2.8103609128442546 -2.6403675615675923 -2.5121534666513368 -2.438790138872413 -2.4195344807159205 -2.4534214206523535 -2.5390395114799267 -2.6768449359582713 -2.8710348527240637 -3.11827775858984 -3.412361715134533 -3.7439713351674384 -4.100580808979703 -4.46677332092792 -4.827156063043319 -5.16628331026031 -5.464898453541344 -5.706843122601264 -5.880348345022926 -5.978506540099187 -5.999024760805192 -5.943441458581219 -5.8160995377673395 -5.6231457609897175 -5.371719558362844 -5.087037519158941 -4.797365368057157 -4.509945217420579 -4.2314739376400885 -3.984197106010541 -3.7798377254404114 -3.626223670961508 -3.5307438644627873 -3.500278025727655 -3.500278025727655 -3.500278025727655
-3.2123187802257123 -3.2050361082338794 -3.202241577385318 -3.1915871562689233 -3.1679425678258446 -3.1126327100446103 -3.028366956509763 -2.9203902138045157 -2.793994984303263 -2.6738630181511303 -2.6052996911992614 -2.588419720340558 -2.621299820280591 -2.7014751302112634 -2.8256489391184223 -2.991594257549787 -3.2024555597604034 -3.4525551112643607 -3.73316670281504 -4.0332850327723175 -4.339785799144625 -4.638279852521591 -4.914165851827546 -5.15380708989445 -5.345613694252085 -5.480957509210071 -5.554318930227734 -5.562674732874294 -5.506077807584603 -5.387048075944477 -5.208972787416227 -4.988300532006617 -4.750264583573879 -4.50341562646682 -4.255790101594287 -4.022566409444674 -3.822684492012805 -3.664456152058244 -3.555671046452515 -3.5037312307884583 -3.500278025727655 -3.500278025727655 -3.500278025727655
-3.1033076587863295 -3.094430204427582 -3.0953058329416776 -3.097217644751142 -3.0933054332779224 -3.080774991585116 -3.0435165454107858 -2.9835841930586646 -2.905736546992007 -2.8148984307561626 -2.7485080432888993 -2.731238971732375 -2.7603527781046884 -2.832549752071145 -2.9437358057156615 -3.088747988578625 -3.2641050405670895 -3.4721356073805447 -3.705478334883217 -3.9543065732794522 -4.20740939015045 -4.452760451268691 -4.678273056543452 -4.872628366315039 -5.026036496212642 -5.130800949083257 -5.181602463063508 -5.175485556301783 -5.111597337893833 -4.990771022657619 -4.8270917685741495 -4.640778043341822 -4.439337936829025 -4.2302810151830466 -4.0229913623447295 -3.8379613157862034 -3.6857619348529416 -3.574421548188978 -3.5116126956385005 -3.500278025727655 -3.500278025727655 -3.500278025727655 -3.500278025727655
-2.9764990711215624 -2.968364020125759 -2.9695605522168655 -2.981555670316944 -2.9931316593099777 -3.0017212100072235 -3.0066339058050624 -2.994796292089081 -2.965162757555457 -2.921853414280826 -2.870766900465133 -2.8509285037372667 -2.8741839389873407 -2.936590561733379 -3.0334953402526335 -3.1593351248747648 -3.3075295578095654 -3.4756925912855117 -3.664991105553285 -3.8668713755432784 -4.071658668823291 -4.269150345392807 -4.449169214884426 -4.602158736697836 -4.719730133311506 -4.795078748622102 -4.823214788108468 -4.800993778683553 -4.727330817443676 -4.616741820710226 -4.480974808700108 -4.326099971767689 -4.158619562187771 -3.9854174541404688 -3.8233680223350057 -3.68602786908047 -3.581429635969349 -3.517340282936499 -3.500278025727655 -3.500278025727655 -3.500278025727655 -3.500278025727655 -3.500278025727655
-2.8305260992495445 -2.8279224267395797 -2.8295891644095494 -2.8453237617578204 -2.872050673950728 -2.899059684558182 -2.9250578025544396 -2.94963956242555 -2.9676465097052684 -2.971335202233792 -2.963811165888923 -2.950830289044819 -2.9666631245595374 -3.017999837391001 -3.0998351868548912 -3.2064814159854564 -3.331319807930183 -3.466921750976783 -3.6150129322315863 -3.773584529668156 -3.9342036024793146 -4.088097194432695 -4.2265649769239575 -4.341415697192489 -4.42536871747812 -4.47236679404914 -4.477763347878729 -4.442164811893848 -4.37728949557661 -4.28731756501517 -4.17668731102548 -4.050576589181994 -3.9146585126792766 -3.78110129038692 -3.6652036373853423 -3.5747651478002496 -3.5174246260740967 -3.500278025727655 -3.500278025727655 -3.500278025727655 -3.500278025727655 -3.500278025727655 -3.500278025727655
-2.6681326037059527 -2.671581990585936 -2.676632964847264 -2.6955050151736955 -2.730284022989229 -2.7761821206937682 -2.8233141143820024 -2.870208125305679 -2.915842326328061 -2.9592566275105066 -2.996092088418477 -3.0224257190166215 -3.041823342191746 -3.0812523097203304 -3.147646326560078 -3.2351825748397802 -3.337352601266906 -3.4469198894812867 -3.5582743347745134 -3.6766025817502976 -3.796472098447918 -3.9102472205743073 -4.010389478040385 -4.089783747412775 -4.142038693527732 -4.163575412886567 -4.159351179578697 -4.130594958310525 -4.079019075311402 -4.007441781600715 -3.9195986634608433 -3.8199408308588643 -3.7176754585024816 -3.627305479546302 -3.5562619660198083 -3.511818757281553 -3.500278025727655 -3.500278025727655 -3.500278025727655 -3.500278025727655 -3.500278025727655 -3.500278025727655 -3.500278025727655
-2.4920845660236797 -2.5004449171860745 -2.5119305145504347 -2.534501621901697 -2.5758920414389586 -2.6336881021993275 -2.7025403690494727 -2.7727013730263286 -2.841987878050749 -2.908943708850866 -2.9723703575675278 -3.0313049547172435 -3.0849566954813 -3.1308239806284908 -3.1814809215163837 -3.249992274117501 -3.330095440318329 -3.4149187590889767 -3.497068542751411 -3.577754367214068 -3.659719549817325 -3.736250132438172 -3.8010438783453897 -3.851778668005074 -3.8860938942051453 -3.9020195695208204 -3.898717694419548 -3.8764856297402615 -3.8366987015062475 -3.7817038619021144 -3.7146807502845856 -3.6434184838457977 -3.5801260022871606 -3.531395881435722 -3.503920962312644 -3.500278025727655 -3.500278025727655 -3.500278025727655 -3.500278025727655 -3.500278025727655 -3.500278025727655 -3.500278025727655 -3.500278025727655
-2.3052564918176524 -2.317041891147178 -2.335653597021931 -2.363816410892813 -2.413103286332426 -2.481385482139995 -2.564684395718256 -2.6579584631157194 -2.7516670359611566 -2.8425652304590097 -2.9290675470169463 -3.0099264768711067 -3.084155664505914 -3.150939097365397 -3.2095383003232123 -3.260622835869429 -3.3175605714044796 -3.378225476976983 -3.435608775394985 -3.4854789062391465 -3.53661770979659 -3.5866039824258484 -3.631280204667087 -3.6671705641052306 -3.691612690742641 -3.702855741716015 -3.700114971777444 -3.6835787435666068 -3.6543701312402646 -3.614488271682913 -3.571753152695845 -3.5347108783294194 -3.5089359459608045 -3.500278025727655 -3.500278025727655 -3.500278025727655 -3.500278025727655 -3.500278025727655 -3.500278025727655 -3.500278025727655 -3.500278025727655 -3.500278025727655 -3.500278025727655
-2.110682120078182 -2.1240254938021197 -2.1489578198863963 -2.185359981975048 -2.2443298007849157 -2.3250972595390498 -2.422406841325992 -2.5310784294663584 -2.646423981085009 -2.7614854419607284 -2.8708656652729605 -2.973126139622528 -3.067149705592309 -3.1520199651434133 -3.2269148088027464 -3.2910148934818406 -3.3434266976732765 -3.383711003380841 -3.4185773474256456 -3.44552414032538 -3.4712009938130137 -3.4991412289457164 -3.525654901558883 -3.5476661107318987 -3.5628148215078714 -3.569533210611444 -3.567089598024322 -3.555596885855497 -3.5369252475066117 -3.5183997002734917 -3.5047021137623684 -3.500278025727655 -3.500278025727655 -3.500278025727655 -3.500278025727655 -3.500278025727655 -3.500278025727655 -3.500278025727655 -3.500278025727655 -3.500278025727655 -3.500278025727655 -3.500278025727655 -3.500278025727655
-1.9112583570065995 -1.9237066214784435 -1.954147412385488 -2.0011327937247163 -2.0723504244893114 -2.1682231361608375 -2.281691643869322 -2.406377158415625 -2.5369461913165847 -2.669061553304811 -2.7991519579285153 -2.922038247101484 -3.034872924058451 -3.1367258248005117 -3.226760978817145 -3.304145183541038 -3.3679762391843386 -3.417227513244875 -3.4507071133465046 -3.467030793508395 -3.4713254642263185 -3.4784896391399887 -3.487919292923269 -3.496866623559426 -3.503220697967276 -3.5055676759025824 -3.5035517293998444 -3.5009094221216026 -3.500278025727655 -3.500278025727655 -3.500278025727655 -3.500278025727655 -3.500278025727655 -3.500278025727655 -3.500278025727655 -3.500278025727655 -3.500278025727655 -3.500278025727655 -3.500278025727655 -3.500278025727655 -3.500278025727655 -3.500278025727655 -3.500278025727655
