_RESULTS/CROSS_VALIDATION_POSTPROCESSED_CLR/Berg/TZ/9comp/2/Berg_TZ_z_250_kriged_reverse_9comp_spherical_2.asc
ncols 100
nrows 90
xllcorner 5.6208707817415728
yllcorner 50.959635321741573
cellsize 0.00013419651685393446
nodata_value 1.7014100000000001E+038
[rows 19 to 37 of 90, columns 0 to 43 of 100]
3.3517700135263877 3.3294962870798224 3.3063179962134934 3.2834940781169837 3.262223153017345 3.243606194317371 3.228604223927494 3.2179944480378797 3.212329664208187 3.2119064350725384 3.2167469618481137 3.2265976971824744 3.2409449365873337 3.2590447535616187 3.2799625628622255 3.3026168155923794 3.325821823861722 3.3483260471730047 3.3680280024359477 3.3792866224389497 3.38045848937595 3.370614999318665 3.349945267113917 3.3239459452380267 3.2937584384817997 3.2597377267416405 3.2229102688012996 3.1822878620871595 3.1420381367728094 3.103463921419726 3.0675035112052775 3.035254390290036 3.0074708767796237 2.983954329559859 2.968225942642408 2.966687552677234 2.9887262774556644 3.039478429340428 3.1123602187292962 3.1970988420028092 3.2858573483578386 3.3726129227881714 3.452349759639752 3.52111658478545
3.314112147735081 3.284537955357356 3.2544663237989284 3.2252921937720993 3.1983650569849615 3.17494407226061 3.1561445179506067 3.1428798540370293 3.13580624922572 3.1352779821458134 3.141321638924797 3.1536341271014483 3.171604905007911 3.194358062805903 3.2208066388073715 3.2497106821529185 3.279731859984043 3.309479899943726 3.3371281546413405 3.356833582721867 3.3661395734194484 3.3644114885483503 3.3510001742074165 3.3266467273230864 3.2978679517090814 3.265826945683492 3.228951767660183 3.188218979477459 3.1461363131025886 3.105920662811524 3.069172386619968 3.0375973668532184 3.013154078683388 2.998178418836484 2.9945565204827433 3.0074359338325864 3.0426181625777433 3.1031267267503932 3.1870764670575547 3.289328117925923 3.4030993060518364 3.5182673363154158 3.6184432109162477 3.687997877295785
3.268816325142195 3.2316046338304356 3.1942388855726316 3.1582679890024674 3.125219279806353 3.0965453618789773 3.0735563520949416 3.0573425058772856 3.048696890506506 3.0480512200733845 3.0554379924857233 3.0704875535797704 3.092460782796435 3.120309876554954 3.1527545044071497 3.188359940455788 3.225442353792974 3.2613005901718033 3.2945720611914435 3.3206561870461635 3.336948664883698 3.342830783552864 3.337660739571616 3.3207637824512077 3.292339804086124 3.259577162653212 3.223329766006879 3.184166541831189 3.143257670424308 3.103888154057109 3.0684917526815996 3.038341454043741 3.0155875868508097 3.004334413880419 3.0083691807442476 3.030742209158411 3.0751161845091817 3.1444827966202524 3.2394408563404733 3.3584023097030116 3.497400128986966 3.646486431257673 3.778088520837718 3.8486370407717314
3.217265767183126 3.1720638809779045 3.1269635973635372 3.083685325153069 3.0439647606064497 3.0094917892232003 2.9818254056663487 2.9622894994577065 2.9518628082826215 2.951083827215805 2.959993257325741 2.978129500922796 3.004578472192268 3.038064135681327 3.0769472328645366 3.117743466863026 3.1586330803680793 3.1985908831396372 3.236602993212486 3.2693453225262217 3.2928829641979815 3.3065906443429904 3.309851350726236 3.301945210315195 3.2751418386445623 3.2409766226976817 3.205505499673568 3.1679758842633845 3.129578719230551 3.09171490423435 3.057897539386844 3.0304447210121808 3.011141536624815 3.002280472963578 3.0076839734273557 3.0329447900238433 3.0816838654659957 3.1558949485615644 3.2575134867922726 3.3874860431514864 3.5455067457244174 3.728753481457508 3.920114812561848 3.9873495336744766
3.1609527346076463 3.1074053877360877 3.0540967089089106 3.0029327697151755 2.9558899569637274 2.9149487653866704 2.8819891916606863 2.8586499119484694 2.8461683834603164 2.845235149313542 2.8559026870090474 2.8775781850916586 2.909102702458977 2.947873783764096 2.989889456365984 3.033835895222457 3.078512353104609 3.122760988640436 3.1654916286077697 3.204718462214691 3.2356542815073244 3.257286423902969 3.26904470626004 3.268187577525598 3.2449858702252548 3.210558012964967 3.1759417360600573 3.1400135420494815 3.1039389280779446 3.069000268572386 3.036740415769261 3.010590426797058 2.9930923796229005 2.986369340727335 2.9929671182635795 3.015948718630306 3.0612667243852347 3.132979820684186 3.2335732446480363 3.3640278907754997 3.524361276635634 3.712205104040491 3.9139953702062416 3.9850061844634173
3.101497959679828 3.0392702544094776 2.977261505952495 2.9175689582311315 2.8624393752583974 2.8142057373716973 2.7751646197247504 2.747387309922307 2.7324830217582243 2.731367185521189 2.7441098885923667 2.7699236645001526 2.8052301720309982 2.8460966111360153 2.8910760788454306 2.938672920163129 2.98746336324539 3.036155620355734 3.0836009160436477 3.1286528850151045 3.167002986510241 3.1965143783530774 3.2166918373261515 3.220665755865407 3.2013691120597074 3.1695936546712273 3.13521530182479 3.1008343687243523 3.0668380185533133 3.0343844682024765 3.004794581655332 2.9796349471960735 2.9618618812578856 2.954415605174689 2.9595136564509543 2.9797005594522408 3.0177197147864927 3.0792287859897796 3.168629809510451 3.2869203440711527 3.431577102618285 3.592113807112843 3.740701578316746 3.8262253026758177
3.0406688312277375 2.9694836719175695 2.8982969039988693 2.8293851377598127 2.765283060843596 2.708740725481409 2.6625946201680146 2.629521784701961 2.6116845113412452 2.6103463673961267 2.625605117642032 2.6537677175940244 2.6906136624294725 2.7343734534286517 2.7830916342699257 2.8348879737082786 2.888096326625056 2.9413069891390724 2.9933484952497875 3.0432372933691956 3.088704832126188 3.1258751973361956 3.153597417319997 3.1615552859934715 3.1465609523177185 3.1176898204071546 3.084037588662535 3.0512078715510627 3.0191231373179472 2.9887316992672135 2.96109421582181 2.9374593110636704 2.9193359644019155 2.9088285728838335 2.9091468408401324 2.9226204253686827 2.951773480944512 2.9992732017648684 3.0706818779788625 3.1691045260464348 3.290782214822768 3.423661978252007 3.548845988116114 3.644253984760805
2.980391503818864 2.9000869748446667 2.819314787630657 2.740489213603349 2.6664113871849353 2.600041418383735 2.545004971971757 2.5050720561107314 2.483406502066293 2.4818969136785993 2.4982943366608716 2.5276418844460187 2.567649725318188 2.615523723873499 2.6688852003582264 2.7254420230942906 2.7832940032029985 2.840959894290738 2.897307092896296 2.9514594356158415 3.002570885226971 3.046970565720782 3.080713922763695 3.0929156226904633 3.082649167864857 3.056328792099489 3.0243994558668765 2.9921089939166965 2.9619465709735344 2.9334270629637738 2.907267527320147 2.8843072691060785 2.8655748903919216 2.8523559977314323 2.8462712054007877 2.849684551768902 2.865712444678221 2.897254571231816 2.9475378125039846 3.0227602674597644 3.1228506102114633 3.2381259869947847 3.3561014667120936 3.4622790172618645
2.92274859794549 2.833323367516983 2.7417623593899734 2.650549979142248 2.5631919759788957 2.4837952848952254 2.417067197211307 2.3680280068925224 2.3412376126536354 2.338143996384195 2.354275937288142 2.3874011002496394 2.4339091130000994 2.4896076746794202 2.5505861906800016 2.613572203946581 2.676251450818327 2.7380861720528413 2.7982031986473785 2.855918128804059 2.910734484048223 2.9613912451323214 3.0000571023306466 3.0164939197920213 3.0107060334970277 2.98662502893573 2.9564402370029166 2.9232317976659 2.8953168928073434 2.869318141555426 2.845148840914286 2.822889386946092 2.802942903393343 2.7862695690272403 2.7737830020034413 2.7668123222663623 2.7674246361963895 2.7789730330950952 2.8068704003620697 2.857853076612669 2.9398442082043315 3.0470793943734176 3.167728650390436 3.287025710210654
2.8682764255363695 2.7667925290737916 2.661980217501285 2.556813959647665 2.4548899827838033 2.3606967180446317 2.2798717052396595 2.219152119177847 2.185041918852957 2.1771101332094416 2.1946626270843996 2.2341871381923504 2.289715414587744 2.35521807534539 2.4257632213098486 2.4976708962730028 2.5682806939399274 2.6356709738292574 2.698897383898349 2.75916090568583 2.8160283094962573 2.868512950487918 2.9087693520908937 2.927036021383417 2.92439890623056 2.9025771477584823 2.8733969733305784 2.8401104498397602 2.812468547365291 2.790200180206682 2.7697311595292526 2.750611326280392 2.7323366605184725 2.7143877641201613 2.696297087799654 2.6786565542414387 2.663433349939652 2.6533216795278665 2.6548529754550323 2.681142352656977 2.748708230488104 2.8583045635403104 2.99048590760382 3.122511428489478
2.8136629976896907 2.7001952040709654 2.5825153803842644 2.463389113182485 2.3462329926957737 2.2355642624620353 2.1376936403711286 2.0614398089297428 2.0143801583346677 2.0010995264315623 2.0230737924581152 2.0730338890325926 2.140821726769281 2.2180247301567277 2.2988815498734763 2.3796507161416525 2.4578946591460857 2.531996716961132 2.600192150041681 2.6601395288060337 2.7139256113876153 2.7639790224957723 2.8030184215578546 2.822820328333475 2.8233402246773025 2.8053570175864286 2.776972048013141 2.744764735005179 2.716532529838263 2.696647760317658 2.680942755687755 2.666096208908421 2.6510447333449036 2.634621378732806 2.6155600685415963 2.5925429461688445 2.5644133397170066 2.5323692694504505 2.5023238440431625 2.49334422287016 2.5512135309934756 2.6798421986016363 2.8305519992352894 2.9727194852769845
2.7612805783236722 2.6369419255468145 2.507446186060582 2.3751967582219224 2.2431080963522554 2.115111801993876 1.9972516683293868 1.899148164720063 1.831656436580736 1.8126982420360094 1.8448978449321891 1.9114605651206336 1.9950347412757028 2.0851428009179354 2.1761415899086796 2.264883325132053 2.349394166641832 2.4260767958040286 2.4938460830109332 2.553174970902633 2.6047289263889235 2.6505390127804453 2.685894370211077 2.705734597552543 2.709324348268139 2.6964880315116906 2.670043129639283 2.639822891413357 2.612236102486034 2.593587444788257 2.5818903793682617 2.5730136402535386 2.5631824409542596 2.550766955108947 2.533967589500203 2.5107618473139484 2.478862711534808 2.4357460384466294 2.379371637825928 2.315123007891941 2.3639238753842546 2.5379399867723196 2.701639821014855 2.853762605322658
2.7121249411844515 2.578767912720851 2.439798572734952 2.2970278358979703 2.1523655375325133 2.008432629412499 1.8697660203994602 1.7417391910409727 1.6414696434344065 1.6154859697085575 1.6708190066465467 1.7618387809576386 1.8628789347587686 1.9648896273202574 2.064168240609944 2.158242351984553 2.242710134803256 2.3171438659557824 2.3821327603192075 2.438576099881006 2.4876275090173907 2.5305445706708865 2.5612335680490093 2.5784129471964685 2.5838357325037578 2.576509541952066 2.5553347061093543 2.5277839040603127 2.502530629552864 2.4868096960560644 2.4783479231046486 2.4746902834283944 2.4724217730079476 2.467121322785749 2.4567657253542947 2.43933687828207 2.412765489256599 2.3752165373792775 2.3264765135616345 2.278341379664128 2.325929789028713 2.4736441273618466 2.628596669618059 2.781384935693801
2.657680430592662 2.5176798726543694 2.3725872843599456 2.2239775483465936 2.073274770359993 1.9217712401416553 1.7705490755885434 1.6152703314102785 1.4620288857280879 1.4223759388897226 1.5280771606767085 1.6435093112149053 1.7567408999912266 1.86565755174133 1.9682796299408905 2.0598959524027824 2.1402154714615085 2.2097775775758626 2.269427745165517 2.320379768593418 2.364245295123899 2.402968791854547 2.4309331091494766 2.4445024255350662 2.4495296428342908 2.4467083024085943 2.4343046241831017 2.4114215573093776 2.390341206941354 2.3794486279831286 2.3762214639520263 2.3779986390503907 2.3822289511763177 2.386383889180118 2.3865889389551227 2.380650753187182 2.367785126486508 2.348906137014569 2.3297718412978883 2.3290304776608166 2.3789289975990027 2.482706524685658 2.612656635395423 2.753267942226704
2.598284626797205 2.4540718205464964 2.3059533617656833 2.1556101317971113 2.0045920039578933 1.8543619674289107 1.7052618950020468 1.5527590874990773 1.4078598134987033 1.369997716965719 1.464521501526793 1.5755277507953442 1.6862865281520207 1.7927950658901055 1.8888756505402862 1.973376381323054 2.046389466887682 2.1083212040721113 2.1599746382108407 2.2026673558089325 2.2383569221606123 2.269696244482569 2.293943320773445 2.305424174578068 2.3096918056840723 2.3106484387081165 2.306434302033897 2.293661007465994 2.278669327740519 2.274537976653643 2.2784523974378317 2.2876787687883633 2.299757805022626 2.3124921682541495 2.324029589646737 2.3330270827750406 2.3383756990010225 2.3422525058308317 2.3512520757990956 2.3772712074749833 2.4355444444266072 2.5254027334810196 2.634750296327021 2.759787522229165
2.5355761013553684 2.3895496062604753 2.2414482762440215 2.0933852287031747 1.9476131643802193 1.8068678058969576 1.6725597046814307 1.546578389922085 1.4507627857880028 1.425091068148765 1.4742757189556266 1.5577236613504093 1.6522650554095484 1.7443669225306633 1.8281704707026534 1.9019133928737668 1.9647936498161294 2.016647094478033 2.0579052899379544 2.089703420375635 2.1141073108923507 2.1344085878658436 2.1514804049103757 2.1604464475609753 2.165306174997409 2.1713288876186247 2.1766895213190316 2.176062661385945 2.1710546843917937 2.175131450596231 2.1877459228037335 2.205971753499644 2.2275511927456937 2.2505936355215854 2.2736800439800944 2.296111132287046 2.318337907948492 2.342570845877204 2.3732033795974283 2.4183968958938706 2.489578332313216 2.579346783192377 2.6782765135041924 2.7899028343985615
2.47046911616615 2.324706936095269 2.179136205883696 2.0364423442771304 1.8997406859043764 1.7730817759453998 1.658095161078351 1.5591647585038344 1.4923231563631867 1.4740116364639997 1.5051996138464951 1.569360358273825 1.6447390899632066 1.7179275135543586 1.7865082296010448 1.8471792065161825 1.8980436452750984 1.9381445745761765 1.9672977736301802 1.98614628253409 1.9964532375439588 2.00173362883758 2.0065217325202847 2.009291944864157 2.0167691881754575 2.0307363640411418 2.048697037984378 2.0622800755478154 2.0731094419462712 2.086554149186833 2.1074227346395813 2.1349087339871797 2.1667439111669786 2.2009387734783923 2.2362124301700215 2.2720981078185334 2.309061262772422 2.348704876918279 2.3937820586705083 2.45803549396757 2.5406455445595117 2.6348299286039145 2.7336422706083177 2.8377057443197327
2.403306431612342 2.259388377996462 2.118073588923213 1.9825495022174835 1.8565765195323936 1.7448986879262534 1.6481358559480723 1.5704122811607109 1.5219913992459624 1.5106240729944242 1.5361351119338384 1.5885500235087768 1.649890180612677 1.7095093547068938 1.762673638104903 1.809699283724196 1.8479537711351612 1.875733544548969 1.8921666051796189 1.8971815369076912 1.891727788524754 1.8785331522510096 1.863952445023194 1.8536337030039256 1.8634215745410188 1.8928303582000365 1.9274504818462865 1.9568521455642949 1.9847342713578129 2.0140462690948278 2.044199085904185 2.0800474513117835 2.12102245554577 2.165425430816012 2.2120205265119335 2.26018075756308 2.310000729353998 2.3622877168756657 2.4222773319182425 2.5039184051317447 2.5980775416134083 2.699668046327638 2.8031047812822454 2.9071764874223334
2.33408746695096 2.1930674591510377 2.056954605012752 1.9292436248871951 1.8139988152953068 1.716034486497143 1.6348567701038434 1.573540998599424 1.5388965596878643 1.5350568751807132 1.5612501823863898 1.606523180703609 1.6590684921332786 1.7108733727657026 1.7549771779937395 1.7893908245514725 1.8157207694259343 1.8318014822891344 1.8362166771242392 1.8282251522431288 1.807762033202628 1.7757238637777943 1.735448915965613 1.6972544346419736 1.7094453488531816 1.767705249094789 1.8215836519055442 1.8658222688164166 1.9092599814771662 1.953990497569476 1.9993390525238923 2.0448745446206713 2.0945353226445 2.148441777087908 2.2052550923132364 2.2641391990100024 2.3247830497213866 2.3873394270757293 2.4639575414491084 2.560439642924643 2.665586938836147 2.775124991192966 2.8844854629229717 2.9930927683824486
