_RESULTS/CROSS_VALIDATION_POSTPROCESSED_CLR/Berg/TZ/9comp/2/Berg_TZ_z_710_kriged_reverse_9comp_spherical_2.asc
ncols 100
nrows 90
xllcorner 5.6208707817415728
yllcorner 50.959635321741573
cellsize 0.00013419651685393446
nodata_value 1.7014100000000001E+038
[rows 0 to 18 of 90, columns 0 to 42 of 100]
-3.9008772231678432 -3.9008772231678432 -3.9008772231678432 -3.9008772231678432 -3.9008772231678432 -3.9008772231678432 -3.9008772231678432 -3.9008772231678432 -3.9008772231678432 -3.9008772231678432 -3.9008772231678432 -3.9008772231678432 -3.9008772231678432 -3.9008772231678432 -3.9008772231678432 -3.9008772231678432 -3.9008772231678432 -3.9008772231678432 -3.9008772231678432 -3.9008772231678432 -3.9008772231678432 -3.9008772231678432 -3.9008772231678432 -3.9008772231678432 -3.9008772231678432 -3.9008772231678432 -3.9008772231678432 -3.8979301522940197 -3.8844450683462615 -3.8596306178388726 -3.8240477703416706 -3.777242104186837 -3.7188562005097006 -3.651133757510128 -3.580254521728297 -3.508208649881346 -3.435303481792907 -3.3619838157165134 -3.288889050968697 -3.216912597606002 -3.1472513927598182 -3.0814201851999865 -3.0211811115976515
-3.9008772231678432 -3.9008772231678432 -3.9008772231678432 -3.9008772231678432 -3.9008772231678432 -3.9008772231678432 -3.9008772231678432 -3.9008772231678432 -3.9008772231678432 -3.9008772231678432 -3.9008772231678432 -3.9008772231678432 -3.9008772231678432 -3.9008772231678432 -3.9008772231678432 -3.9008772231678432 -3.9008772231678432 -3.9008772231678432 -3.9008772231678432 -3.9008772231678432 -3.9008772231678432 -3.9008772231678432 -3.9008772231678432 -3.9008772231678432 -3.9008772231678432 -3.9008772231678432 -3.9004273610680262 -3.8921248688147028 -3.8698679568884833 -3.8352616258678234 -3.7900513599945658 -3.733939912825228 -3.669255536576891 -3.602655218624351 -3.534405183425871 -3.464617339619985 -3.3934823531820975 -3.3213328621964475 -3.248723611479069 -3.1765259975076408 -3.1060308571033817 -3.0390418345076275 -2.9779013496880626
-3.9008772231678432 -3.9008772231678432 -3.9008772231678432 -3.9008772231678432 -3.9008772231678432 -3.9008772231678432 -3.9008772231678432 -3.9008772231678432 -3.9008772231678432 -3.9008772231678432 -3.9008772231678432 -3.9008772231678432 -3.9008772231678432 -3.9008772231678432 -3.9008772231678432 -3.9008772231678432 -3.9008772231678432 -3.9008772231678432 -3.9008772231678432 -3.9008772231678432 -3.9008772231678432 -3.9008772231678432 -3.9008772231678432 -3.9008772231678432 -3.9008772231678432 -3.900673325902712 -3.895334310516558 -3.877532464204854 -3.845707745458532 -3.8016386149194488 -3.7471176161567508 -3.6879155200259524 -3.626909574415426 -3.564074275257148 -3.4993859720737195 -3.432824296433556 -3.3644233549732463 -3.2943478966362427 -3.2229964649905725 -3.1511319164950304 -3.0800422318735787 -3.011742728598516 -2.949214801078159
-3.9008772231678432 -3.9008772231678432 -3.9008772231678432 -3.9008772231678432 -3.9008772231678432 -3.9008772231678432 -3.9008772231678432 -3.9008772231678432 -3.9008772231678432 -3.9008772231678432 -3.9008772231678432 -3.9008772231678432 -3.9008772231678432 -3.9008772231678432 -3.9008772231678432 -3.9008772231678432 -3.9008772231678432 -3.9008772231678432 -3.9008772231678432 -3.9008772231678432 -3.9008772231678432 -3.9008772231678432 -3.9008772231678432 -3.9008772231678432 -3.900193389472035 -3.8950938542680715 -3.8816021738381643 -3.854598435459626 -3.8136171561940326 -3.7605275448391438 -3.7044431969510163 -3.6498044901608697 -3.593551004093067 -3.535480478918008 -3.475460311318192 -3.413316680938914 -3.348886764383259 -3.2821054667482272 -3.21313062323172 -3.142505392795033 -3.07135812256677 -3.0016754836044077 -2.9367923147779997
-3.9008772231678432 -3.9008772231678432 -3.9008772231678432 -3.9008772231678432 -3.9008772231678432 -3.9008772231678432 -3.9008772231678432 -3.9008772231678432 -3.9008772231678432 -3.9008772231678432 -3.9008772231678432 -3.9008772231678432 -3.9008772231678432 -3.9008772231678432 -3.9008772231678432 -3.9008772231678432 -3.9008772231678432 -3.9008772231678432 -3.9008772231678432 -3.9008772231678432 -3.9008772231678432 -3.9008772231678432 -3.9008772231678432 -3.8999969972403217 -3.8940290826901536 -3.88220911461468 -3.860589485968329 -3.8248730401350373 -3.775204058686996 -3.7205518591949756 -3.6689238172358616 -3.6194910405633047 -3.5689491961214697 -3.5167622318279945 -3.4626947989435966 -3.4064083698066043 -3.3475081271471336 -3.2856371707707375 -3.22062699061979 -3.1526991650521374 -3.0826900089559595 -3.012257296529336 -2.9442440786313036
-3.9008772231678432 -3.9008772231678432 -3.9008772231678432 -3.9008772231678432 -3.9008772231678432 -3.9008772231678432 -3.9008772231678432 -3.9008772231678432 -3.9008772231678432 -3.9008772231678432 -3.9008772231678432 -3.9008772231678432 -3.9008772231678432 -3.9008772231678432 -3.9008772231678432 -3.9008772231678432 -3.9008772231678432 -3.9008772231678432 -3.9008772231678432 -3.9008772231678432 -3.9008772231678432 -3.9008772231678432 -3.9002625591084943 -3.89414325271094 -3.8822172501972276 -3.8632319094341994 -3.833740988710171 -3.789855099423118 -3.736893838458886 -3.68686773045884 -3.640169779283756 -3.59646350442546 -3.5526325035280397 -3.507540674192428 -3.460875341835276 -3.4121398390262505 -3.360684417973001 -3.3047267086737224 -3.2424482763129996 -3.174963991432595 -3.1039580581217248 -3.0317923106661455 -2.961249667121125
-3.9008772231678432 -3.9008772231678432 -3.9008772231678432 -3.9008772231678432 -3.9008772231678432 -3.9008772231678432 -3.9008772231678432 -3.9008772231678432 -3.9008772231678432 -3.9008772231678432 -3.9008772231678432 -3.9008772231678432 -3.9008772231678432 -3.9008772231678432 -3.9008772231678432 -3.9008772231678432 -3.9008772231678432 -3.9008772231678432 -3.9008772231678432 -3.9008772231678432 -3.9008772231678432 -3.9007431321971473 -3.8955822396229065 -3.883594299576807 -3.865715157234988 -3.839435860570952 -3.802445816735789 -3.7528355993310956 -3.704042207082178 -3.6589669895340764 -3.617630538982215 -3.5799717509418194 -3.543839197510324 -3.5070964686058512 -3.469362053679397 -3.426417745269954 -3.376461769600489 -3.3202334420630364 -3.258318044950152 -3.191509178019742 -3.1214014050047902 -3.0510596609767795 -2.984968952220636
-3.9008772231678432 -3.9008772231678432 -3.9008772231678432 -3.9008772231678432 -3.9008772231678432 -3.9008772231678432 -3.9008772231678432 -3.9008772231678432 -3.9008772231678432 -3.9008772231678432 -3.9008772231678432 -3.9008772231678432 -3.9008772231678432 -3.9008772231678432 -3.9008772231678432 -3.9008772231678432 -3.9008772231678432 -3.9008772231678432 -3.9008772231678432 -3.9008772231678432 -3.9008772231678432 -3.8978532702223996 -3.8870621982619724 -3.8693062724643 -3.8454217562758277 -3.8120924560007823 -3.768051038312237 -3.7200999769694008 -3.676103252225994 -3.6362212023600806 -3.6005882189230727 -3.569273970434165 -3.541475851897668 -3.5112664723805445 -3.473455934253818 -3.429429864081591 -3.3802105867460477 -3.3262790515451397 -3.2677221860656185 -3.204668314533345 -3.1382491338205334 -3.0724853560458625 -3.016662325063195
-3.9008772231678432 -3.9008772231678432 -3.9008772231678432 -3.9008772231678432 -3.9008772231678432 -3.9008772231678432 -3.9008772231678432 -3.9008772231678432 -3.9008772231678432 -3.9008772231678432 -3.9008772231678432 -3.9008772231678432 -3.9008772231678432 -3.9008772231678432 -3.9008772231678432 -3.9008772231678432 -3.9008772231678432 -3.9008772231678432 -3.9008772231678432 -3.9008772231678432 -3.90003903490951 -3.8918499849712984 -3.8756261059042374 -3.8522578146331705 -3.822433760744593 -3.7824663387238564 -3.7349579134549113 -3.6915746253032653 -3.6524639214855577 -3.617900688055741 -3.5881705510855486 -3.5633155262572767 -3.5359708041413667 -3.501893916256882 -3.462205634254922 -3.4187305310753358 -3.3725853148824747 -3.3240583405004616 -3.272656769539729 -3.217454725678738 -3.1580241522383865 -3.096973559346644 -3.047988215258839
-3.9008772231678432 -3.9008772231678432 -3.9008772231678432 -3.9008772231678432 -3.9008772231678432 -3.9008772231678432 -3.9008772231678432 -3.9008772231678432 -3.9008772231678432 -3.9008772231678432 -3.9008772231678432 -3.9008772231678432 -3.9008772231678432 -3.9008772231678432 -3.9008772231678432 -3.9008772231678432 -3.9008772231678432 -3.9008772231678432 -3.9008772231678432 -3.9008772231678432 -3.896758051722677 -3.8835971289670415 -3.862201126148935 -3.833443401735872 -3.797919674548345 -3.7518085826068006 -3.705536568841423 -3.666720406506346 -3.6324791542210564 -3.6032143719932295 -3.5785575394884326 -3.549072914927351 -3.514293315045485 -3.4763284230441185 -3.435513717242607 -3.3940153872752434 -3.3532904134635144 -3.3136316885379484 -3.274069549619665 -3.2325650553174263 -3.1865805391469726 -3.134137046549341 -3.0772372103518233
-3.9008772231678432 -3.9008772231678432 -3.9008772231678432 -3.9008772231678432 -3.9008772231678432 -3.9008772231678432 -3.9008772231678432 -3.9008772231678432 -3.9008772231678432 -3.9008772231678432 -3.9008772231678432 -3.9008772231678432 -3.9008772231678432 -3.9008772231678432 -3.9008772231678432 -3.9008772231678432 -3.9008772231678432 -3.9008772231678432 -3.9008772231678432 -3.900231381383305 -3.8917190099243015 -3.8739412723068423 -3.8477065375354655 -3.8138623295713 -3.773009467557709 -3.7228578587876235 -3.6794269113655975 -3.6450155642314686 -3.6155200956963407 -3.5905114177417294 -3.5590530882182163 -3.5202287697479298 -3.4775080153116367 -3.434439046980085 -3.3926726089781 -3.354052686910358 -3.3207528152200174 -3.2934078825757327 -3.2708571476852253 -3.25032884175774 -3.2282641644767827 -3.2025329490863026 -3.1821213175310312
-3.9008772231678432 -3.9008772231678432 -3.9008772231678432 -3.9008772231678432 -3.9008772231678432 -3.9008772231678432 -3.9008772231678432 -3.9008772231678432 -3.9008772231678432 -3.9008772231678432 -3.9008772231678432 -3.9008772231678432 -3.9008772231678432 -3.9008772231678432 -3.9008772231678432 -3.9008772231678432 -3.9008772231678432 -3.9008772231678432 -3.9008772231678432 -3.898164966361542 -3.885666108786703 -3.8636974474776657 -3.833038183224166 -3.7945023118084746 -3.7487769518131753 -3.6975866035665237 -3.656594940817532 -3.625993345894883 -3.6007700914212295 -3.56900843936191 -3.5268790956182405 -3.478001468958656 -3.4263949556255087 -3.376447012654965 -3.332475704098611 -3.2966913092162775 -3.2719915692553974 -3.2597989549363824 -3.2590266821036 -3.2663102143248786 -3.2771928106874073 -3.2889809504948326 -3.306019097545022
-3.9008772231678432 -3.9008772231678432 -3.9008772231678432 -3.9008772231678432 -3.9008772231678432 -3.9008772231678432 -3.9008772231678432 -3.9008772231678432 -3.9008772231678432 -3.9008772231678432 -3.9008772231678432 -3.9008772231678432 -3.9008772231678432 -3.9008772231678432 -3.9008772231678432 -3.9008772231678432 -3.9008772231678432 -3.9008772231678432 -3.9008760789001355 -3.8952815226816124 -3.879291657828615 -3.8536317496787693 -3.819048484278957 -3.776316924261293 -3.726215619835345 -3.6759075367233423 -3.636982589675493 -3.6092744704471342 -3.580111062674295 -3.537224865623207 -3.4838897313679626 -3.423980153608091 -3.362010799745671 -3.303259386832516 -3.2537146879975376 -3.219073467994865 -3.2027552900053875 -3.20736023159574 -3.2319699756171323 -3.2722242810895756 -3.3214132062529846 -3.372045374656758 -3.418330933830081
-3.9008772231678432 -3.9008772231678432 -3.9008772231678432 -3.9008772231678432 -3.9008772231678432 -3.9008772231678432 -3.9008772231678432 -3.9008772231678432 -3.9008772231678432 -3.9008772231678432 -3.9008772231678432 -3.9008772231678432 -3.9008772231678432 -3.9008772231678432 -3.9008772231678432 -3.9008772231678432 -3.9008772231678432 -3.9008772231678432 -3.900513997548584 -3.892143054462755 -3.8732193623514215 -3.8444412381850204 -3.8065223081287547 -3.760196804380901 -3.7063732835457373 -3.657800594097152 -3.6206197584743043 -3.5913250224821187 -3.551489745637844 -3.4974316251236983 -3.4324234264869613 -3.360415733800586 -3.28620707228918 -3.2158185157215247 -3.1568685697779926 -3.1183130156746306 -3.108128123220122 -3.129637776577135 -3.18175857716777 -3.2585145324463793 -3.350337621872365 -3.443242507212388 -3.519116315202134
-3.9008772231678432 -3.9008772231678432 -3.9008772231678432 -3.9008772231678432 -3.9008772231678432 -3.9008772231678432 -3.900874981736594 -3.9007721381843834 -3.900657881990301 -3.900647769878411 -3.900750396324525 -3.9008671424755192 -3.9008772231678432 -3.9008772231678432 -3.9008772231678432 -3.9008772231678432 -3.9008772231678432 -3.9008772231678432 -3.899788572491042 -3.8892302628124114 -3.8679867435714237 -3.8367321282391043 -3.7961497700822875 -3.7469356205040265 -3.690550152470534 -3.643293954658603 -3.607501707087192 -3.5684180200849687 -3.5172266573893074 -3.452242555803931 -3.375408193734694 -3.290508802892896 -3.20228370369677 -3.11694643665655 -3.0432939529086864 -2.9938356696913093 -2.9832365243910397 -3.0200132269214466 -3.10007597305495 -3.2144012096203034 -3.3522965078008164 -3.495883283124263 -3.609561752059827
-3.9008772231678432 -3.9008772231678432 -3.9008772231678432 -3.900235147947681 -3.898665750873648 -3.8967027926038487 -3.8947955727262547 -3.8932963793933797 -3.8924499043031844 -3.8923854425860833 -3.8931126185671854 -3.8945210633205933 -3.8963840767080624 -3.898365907239512 -3.900031951436415 -3.9008609648758332 -3.9008772231678432 -3.9008772231678432 -3.8990455776789514 -3.886928864100812 -3.864027901558291 -3.8309978356324383 -3.788497957599372 -3.737193264602383 -3.6790868787624182 -3.6324314085167773 -3.593800693807136 -3.5431015296601323 -3.4798483637310973 -3.404521159095003 -3.316367321843904 -3.218685969931764 -3.115554124903201 -3.012414053677922 -2.917670497532591 -2.846622886104976 -2.82571476398366 -2.8744805844223706 -2.981026326648319 -3.1279925390970025 -3.307935401799695 -3.5112317667527364 -3.689592986493635
-3.9008291718432746 -3.899177334519723 -3.895728726183784 -3.891206719112406 -3.886276864621807 -3.8815308147888414 -3.8774698677159383 -3.87448930501396 -3.8728648576811393 -3.87274261785064 -3.874133471198873 -3.876912675821444 -3.880824635837579 -3.885492330283307 -3.890430381709677 -3.895060470461209 -3.898727747432351 -3.9007170400900426 -3.8985338123195903 -3.885517560277168 -3.861658085760244 -3.8275988967038166 -3.7839843861865505 -3.7314601722671528 -3.6722300344329115 -3.625231449810239 -3.5790788774657063 -3.517779052800872 -3.4431758082051265 -3.3572727908235764 -3.2591604362829485 -3.149920640054335 -3.032852332360847 -2.9119312469811236 -2.792654638995017 -2.6860603631051303 -2.634619423649082 -2.701230189146661 -2.8284820262868315 -2.9904413663728246 -3.187963239422982 -3.425931726882478 -3.7092472662721825
-3.895263382151546 -3.8886905147153863 -3.8807084914396235 -3.872109893509581 -3.863630935082132 -3.8559320001151685 -3.849577166609281 -3.845014258878075 -3.842557286718071 -3.8423731749920735 -3.8444743770933805 -3.8487183144721384 -3.854813715289211 -3.86233303879467 -3.8707294750241323 -3.8793566410514435 -3.8874890864853446 -3.894342003495336 -3.896609594796364 -3.8851586809506253 -3.8610615998703106 -3.8267469697858347 -3.7828554289467196 -3.7300276153805907 -3.6702187948038025 -3.620587070526618 -3.565220956207737 -3.494634777627647 -3.4102468241363026 -3.3138904629082218 -3.207079355217137 -3.088759267235978 -2.9610638480095033 -2.827205660365247 -2.6908602958013863 -2.55658804426505 -2.450657082662355 -2.5417982552214315 -2.6625448648542385 -2.806655865774591 -2.978550847237936 -3.1750307689957507 -3.3519934848401007
-3.8810493729204425 -3.869353567173471 -3.856619411134898 -3.843718933065177 -3.8314713320521125 -3.820619382772173 -3.8118037702618026 -3.805537375636162 -3.802182124191697 -3.8019311976040124 -3.804799030208666 -3.8106205470329577 -3.8190597573808485 -3.8296264432042473 -3.8416986397220416 -3.8545481265508617 -3.8673662548959378 -3.8792879783188505 -3.8872090326511364 -3.8818368511303993 -3.8619963170508473 -3.8284949006708757 -3.7851727467390432 -3.732968711652261 -3.6732609228212603 -3.6183205886985994 -3.55383505387043 -3.4756083248789555 -3.3831556842911046 -3.2782372189013422 -3.162759072337198 -3.038163148112416 -2.9042917190572344 -2.7647049372792507 -2.6253657231573264 -2.499200317757474 -2.4229526892558555 -2.4349459868345398 -2.500855983937096 -2.5944857885893633 -2.709041354739722 -2.8351658951308685 -2.946659805904769
