_RESULTS/CROSS_VALIDATION_POSTPROCESSED_CLR/Berg/TZ/9comp/2/Berg_TZ_z_1000_kriged_reverse_9comp_spherical_2.asc
ncols 100
nrows 90
xllcorner 5.6208707817415728
yllcorner 50.959635321741573
cellsize 0.00013419651685393446
nodata_value 1.7014100000000001E+038
[rows 19 to 37 of 90, columns 42 to 83 of 100]
-6.723386357150174 -7.201708990448646 -7.518813137963429 -7.70962282901738 -7.808611365340617 -7.830373444077996 -7.794902131959214 -7.714553348599363 -7.593984384158052 -7.43271941318461 -7.226775215984658 -6.969643337644728 -6.652938091429889 -6.284932897316989 -5.924178265072812 -5.574255626058088 -5.233653159599332 -4.901437411056417 -4.58084984218228 -4.284506285193075 -3.9719683290354375 -3.648566932013385 -3.3511419638838156 -3.1025273096101986 -2.8995986797608992 -2.728692828109208 -2.5808413765366964 -2.453599736559195 -2.348470198438293 -2.268834862771075 -2.2188471780906003 -2.2029019523520206 -2.2253962323053793 -2.2906295423541763 -2.402769656494824 -2.5321528909031676 -2.6429316628435653 -2.733446821248788 -2.80208862889977 -2.8472754914265126 -2.8674465220298218 -2.868403069124749
-8.283276337730022 -8.752768802937847 -8.923916114477029 -8.919593697382812 -8.847259954336621 -8.742740781234119 -8.621158420231202 -8.487470180689625 -8.339181215603357 -8.170077720780219 -7.971722146974377 -7.734010778213163 -7.44537986698718 -7.104937617765567 -6.756329106332068 -6.41689502157671 -6.080678527277075 -5.742204962669204 -5.406746706529913 -5.096973705873397 -4.785568205098723 -4.448724653880719 -4.114744829740247 -3.803839469424628 -3.5235021438072267 -3.2729176602694663 -3.049756943002467 -2.8533948322947387 -2.6851647948109747 -2.5477186961598814 -2.444425417420825 -2.3789845656853332 -2.355211169489867 -2.3769254233895873 -2.447901028410369 -2.5619336611394568 -2.6660662771368697 -2.7504437188622806 -2.813370643620632 -2.853197602160198 -2.868309341554194 -2.868403069124749
-9.84988023132371 -10.31210264139487 -10.237622580825274 -9.986614324512677 -9.735824929159016 -9.517132272760836 -9.325281119134369 -9.153433323194442 -8.991028090050406 -8.826364556862124 -8.647141671231628 -8.440295403114364 -8.19161663034571 -7.904889653393216 -7.594055845008963 -7.280482644789611 -6.959559479239109 -6.624129025700508 -6.277354754944923 -5.95117091326484 -5.626696400530828 -5.260429255080621 -4.879814005874329 -4.50658838652081 -4.154041842054941 -3.8285021226978415 -3.5327053149838026 -3.2684072901172154 -3.037564065691983 -2.8426079497986643 -2.6863773154111374 -2.571977887303361 -2.502666824090171 -2.4817745644894478 -2.512657325398462 -2.5980278678021307 -2.6938978025315237 -2.770595672319696 -2.8263347196730653 -2.859391351598113 -2.868403069124749 -2.868403069124749
-11.330045391078777 -11.74453936758136 -11.225788509201369 -10.737055454221997 -10.358095288222007 -10.073519581755765 -9.849561894533164 -9.668368303064158 -9.513829518564819 -9.37202111192682 -9.229707582776754 -9.07123097865076 -8.880254192095741 -8.667136612520537 -8.42834057601215 -8.1574918207696 -7.866903599397105 -7.543440185931224 -7.185178260160715 -6.837797341005117 -6.481184594151019 -6.068360764459594 -5.631177665850043 -5.1929306894774445 -4.770469701804442 -4.374147478170342 -4.0098225096390205 -3.681030536817616 -3.3903917306816367 -3.140317981555329 -2.933292380810588 -2.7719432849085073 -2.659038096303692 -2.597453964361674 -2.5901474538309093 -2.6401298402685547 -2.7248550007423327 -2.7925199321439766 -2.8397527646540306 -2.864756827163026 -2.868403069124749 -2.8648015176620203
-11.619158858603909 -12.040027737496246 -11.491465329392302 -11.000137464156143 -10.625349018524364 -10.354628181910515 -10.153007938150356 -10.002565904233528 -9.889270368015776 -9.797250514450031 -9.711104949296555 -9.615419833984873 -9.49884885267219 -9.37570931117898 -9.227800860653574 -9.029914878723982 -8.79073654153001 -8.493351701232346 -8.131309070119325 -7.757031905238542 -7.348093884420043 -6.868248694187919 -6.357228386856594 -5.845470183084551 -5.353665141457437 -4.890793926576883 -4.463030619905637 -4.074870032990341 -3.7291782994174967 -3.4282036973503023 -3.174142181808583 -2.9692368734558094 -2.8158479193443804 -2.7164640507436504 -2.6736906127305797 -2.689961614034862 -2.7554153785507487 -2.8109790648370523 -2.8469407746435023 -2.861543732145101 -2.8531200132953836 -2.8429582606351635
-10.552652112455618 -11.063281470849608 -10.999695650025345 -10.758074548697472 -10.523477256424222 -10.347187003719213 -10.230152412267953 -10.154864682015639 -10.110938697762649 -10.086685334294707 -10.069932883927116 -10.047886194833815 -10.021986194672841 -9.999369933451234 -9.958669620998714 -9.868308328275573 -9.709936826354646 -9.460687268032308 -9.106508935284413 -8.693066045507955 -8.20839048311548 -7.64456431929502 -7.050852380242215 -6.460088075632237 -5.893310455368026 -5.363988462116936 -4.878839431595737 -4.437201101235554 -4.041743443476409 -3.6948514442846028 -3.3987051614563346 -3.154875578803146 -2.964899788675498 -2.827963597423823 -2.746841604524373 -2.725487692395271 -2.7632926425779223 -2.803019723132896 -2.824102753465765 -2.8152175127829757 -2.79059603237482 -2.7836955007942237
-9.350169350690328 -9.907339913103375 -10.128883921668855 -10.155266143236409 -10.120050657652811 -10.093778646445351 -10.098967999861404 -10.12610595881338 -10.170939356018856 -10.227930386684847 -10.289540231559373 -10.348050749573844 -10.420093716463633 -10.503817941786991 -10.583531166443418 -10.630057414549453 -10.598468271594218 -10.439698255358069 -10.099309820102746 -9.615921788661176 -9.023401146478857 -8.360374977661664 -7.681083925954774 -7.0153431934948305 -6.380676801339253 -5.788180644705583 -5.2453995109672675 -4.757152929708286 -4.3208411766107115 -3.936779309283822 -3.6054332450625832 -3.323184814511565 -3.0913174536093746 -2.913017951304508 -2.792316040590888 -2.734011402978756 -2.741918745311237 -2.7635294627343083 -2.7561902830697576 -2.7234647487125696 -2.6876903921384043 -2.6850949733896874
-8.118639518856494 -8.71797408488143 -9.11195055677864 -9.353956087184116 -9.516437978329794 -9.650903234142833 -9.786840958001982 -9.92970883803067 -10.074275168382332 -10.221365014657344 -10.364858993989813 -10.511672473342122 -10.680183543059242 -10.866847736603344 -11.063699713277668 -11.254555500838235 -11.399551846310274 -11.422910340718015 -11.084125610256464 -10.460258457036257 -9.729139016625687 -8.966218724462317 -8.211562001267609 -7.483998336711716 -6.794785077862219 -6.154713653009312 -5.572044570626982 -5.049130829414398 -4.587580258690009 -4.177602170596351 -3.810627706811469 -3.489491743998597 -3.2179583681607444 -3.0003820925495255 -2.841148120756964 -2.7441096838385524 -2.713856744054728 -2.6935326451258064 -2.6462441971709056 -2.590950125394892 -2.5489294556428645 -2.5483663901729248
-6.885637323157619 -7.532389394116639 -8.054890741334493 -8.464687388933662 -8.79333222407882 -9.076003007668104 -9.343368308533702 -9.607912854339514 -9.862020375794929 -10.101643393320614 -10.328588848695201 -10.567105226332622 -10.822377835391332 -11.093106592787244 -11.378169290801392 -11.676472347582795 -11.995570779657488 -12.363791456564552 -11.941698442408871 -11.080870242180481 -10.234436464925011 -9.407915247478924 -8.608004605472836 -7.847013424162095 -7.136658945339158 -6.479670449412254 -5.878194894899245 -5.334114667157994 -4.843328475275985 -4.402372173848619 -4.005251893838338 -3.651916857502339 -3.34633718017599 -3.093130100408745 -2.8975207228369992 -2.7649897615005905 -2.689936988879392 -2.6210499278650286 -2.5333525381533564 -2.4421646017064083 -2.381420809735822 -2.375157479413665
-5.680929621198285 -6.388507472775938 -7.015332249598501 -7.552510102201474 -8.022352183367712 -8.444835566904219 -8.83578828721387 -9.205816994425076 -9.55824072925907 -9.882818986871872 -10.198397334539283 -10.517935055159773 -10.840940697580432 -11.166128763591818 -11.491267991595297 -11.815764083600342 -12.147237069020534 -12.408773742119255 -12.08086015787735 -11.32037122593061 -10.486446582612864 -9.656057192735638 -8.864756319073507 -8.117415556688368 -7.414513810673769 -6.759323374671559 -6.154545974202484 -5.594755213421334 -5.0769222324826515 -4.605725245553667 -4.1844418213551675 -3.8058501530629676 -3.472079350524315 -3.1881633531035485 -2.959802541745704 -2.7891934314686857 -2.665592645468419 -2.551844735576179 -2.427205474819252 -2.301092853863368 -2.2147648579803163 -2.1843071968762064
-4.550974689149408 -5.323474912405963 -6.034056992991378 -6.680689131560248 -7.266287025093863 -7.800369053392 -8.292959623677309 -8.751430407537981 -9.179468480306653 -9.589070744420681 -9.987191375791163 -10.372577957802168 -10.74298623844908 -11.093945081631304 -11.419308105220345 -11.720682974503429 -11.954042850633087 -12.02208168579093 -11.795687518279685 -11.250528080213304 -10.53367472968963 -9.773849538390678 -9.021652242450113 -8.302051484698001 -7.625948276906787 -6.988681745218429 -6.387166932060369 -5.8173286687712995 -5.283660744156084 -4.79131900843832 -4.345877182806035 -3.948381243243217 -3.5922201354731156 -3.282427838906448 -3.0251053909161385 -2.811460054120773 -2.6436279666489177 -2.4916029694020687 -2.3290579797870317 -2.1681304255496516 -2.0528285598441753 -1.9947649247090014
-3.572477478443833 -4.391580878379106 -5.1656866864874456 -5.8861813739420334 -6.552513029385648 -7.168367479127669 -7.738357438440843 -8.26578866701563 -8.762129763177285 -9.244906437453523 -9.711029991743938 -10.148780167539208 -10.552901120033264 -10.916439921195913 -11.242769778341685 -11.509833614837529 -11.670271744900557 -11.676388142177021 -11.496318421611232 -11.066874230203021 -10.476865207573724 -9.808952205919207 -9.116988482305 -8.434176426410792 -7.782084131095286 -7.1686422238107586 -6.574362158693592 -6.003270975280239 -5.46211857405405 -4.957382490180733 -4.494070634715088 -4.078280184202994 -3.7052562289322832 -3.374130759461577 -3.086891632424402 -2.8348637871176123 -2.634470637417065 -2.441694069891824 -2.2400886593897207 -2.0431801640179184 -1.8955047016783566 -1.8064783360264705
-2.828296809594695 -3.639153053025949 -4.429226593533867 -5.184188134575734 -5.897317289967036 -6.566027762936259 -7.189303226223352 -7.776097236776745 -8.339839783458402 -8.879808733687938 -9.39390330613243 -9.874373362902254 -10.30898106166336 -10.698374488799631 -11.027894483015901 -11.273532162185681 -11.40129367049041 -11.398931854150533 -11.234813819781674 -10.881054750733423 -10.38447515457196 -9.799195764004404 -9.172458656305082 -8.540146394996704 -7.923009325711944 -7.32243085136543 -6.746850203140278 -6.187059188990613 -5.646131599968255 -5.131552792607133 -4.6512077806614975 -4.212382453127133 -3.818813631354779 -3.464867058993315 -3.148175964690363 -2.8714760112584505 -2.6396749721282213 -2.4045277084530747 -2.161328871897792 -1.9264589294326566 -1.7431277481631355 -1.6200153559190809
-2.3134670394707926 -3.05845897957309 -3.8221423687047387 -4.576799983517562 -5.306803837694783 -6.003045836360149 -6.6708881575289745 -7.3136480489192985 -7.930782158422307 -8.519662613755894 -9.072722751460914 -9.590152381410094 -10.0658351097493 -10.483533773007894 -10.82280404915803 -11.064094633993939 -11.185780466767058 -11.185747587678907 -11.031362318353537 -10.724019595904014 -10.296976197318635 -9.78955425036593 -9.235210433514048 -8.661902964515427 -8.08064149704228 -7.49845536142846 -6.930974402455365 -6.387463759646423 -5.854993503346908 -5.337899435351839 -4.844468603520978 -4.383895011574404 -3.9662403694490895 -3.5910968639537355 -3.2429979662482276 -2.932209816533983 -2.6601950572174906 -2.3810126277923875 -2.094220580605224 -1.8184185680911986 -1.5964204947194012 -1.4365765702370172
-1.9522115175584058 -2.6125099970245502 -3.3252447344271068 -4.0549259299752185 -4.782755410801432 -5.502895733120379 -6.206980225108599 -6.89187184438285 -7.553547683596524 -8.189198672980403 -8.79355033920434 -9.35646278604723 -9.865475797870701 -10.305805740390586 -10.660880827276031 -10.91139591563018 -11.041096278758545 -11.030874757251105 -10.885409869877428 -10.621319943748013 -10.256769681151177 -9.816312129192877 -9.32576044728002 -8.80559835658034 -8.25840535824554 -7.6994695753284885 -7.1443047150280155 -6.606366066204151 -6.08835606734831 -5.575641313102635 -5.075428073013473 -4.600842999895158 -4.166117423857461 -3.773278954820473 -3.396064484710888 -3.0491145208714636 -2.7183266774484576 -2.3767728766174665 -2.039692753793701 -1.7196295641021195 -1.456379676507626 -1.257936404220025
-1.679755601140285 -2.2593212851846456 -2.9152234940374075 -3.6180678875936887 -4.344222539368166 -5.076394935907977 -5.806357866016921 -6.532435067148024 -7.245198050823887 -7.934463617127193 -8.588916244375323 -9.19562771429879 -9.739872204948714 -10.205457760264867 -10.576002695253878 -10.837481482990455 -10.954095335180149 -10.93847095468022 -10.813027443829965 -10.584540404910772 -10.267666583032636 -9.881416907612678 -9.44605178191372 -8.969786579787929 -8.457059519352946 -7.92460014311178 -7.386995066210829 -6.857051999595095 -6.347143189596267 -5.84932754389658 -5.356787578912753 -4.880178625572777 -4.4323092342565396 -4.015282759567059 -3.609801099270296 -3.224275315138693 -2.8266423589435288 -2.4161586018755323 -2.0107759598153123 -1.6317206627237826 -1.3240934605627332 -1.0863185560602062
-1.4621171892671057 -1.988853897967976 -2.6035562067353752 -3.2830804479362663 -4.003795832832303 -4.7482350263126945 -5.509420471895441 -6.275711363737485 -7.034006495834346 -7.771026623862128 -8.472648252688309 -9.123462135685102 -9.706555469196761 -10.203779296612495 -10.597308571676802 -10.85233095459451 -10.944829413060859 -10.926759189133765 -10.810070292097803 -10.604301840144036 -10.322670430160974 -9.980290750491136 -9.591607819549615 -9.153555105748627 -8.676041983606954 -8.174237700543223 -7.66191669194784 -7.151501912041323 -6.654395533776702 -6.177097272552446 -5.6992995666137976 -5.225143820003311 -4.76710470347815 -4.3242397496974725 -3.8873552354578638 -3.45079848912313 -2.9819317372623857 -2.4985812109985046 -2.0219995819204897 -1.5733469006661776 -1.2021999635564935 -0.9242271058941922
-1.3401589173859132 -1.8456528926679932 -2.4205586575193396 -3.0741929374036165 -3.784472059754348 -4.537785186162067 -5.322755740088293 -6.123337157667516 -6.923309556992836 -7.705971424831368 -8.453789824652379 -9.150178038978131 -9.776824135717689 -10.313139724432496 -10.719142927034358 -10.943929527681505 -11.020084398918831 -10.991576588554455 -10.873367039381414 -10.680088339962047 -10.424994921593505 -10.120085673346548 -9.77139061949967 -9.370701716314453 -8.930477383530791 -8.464086587946255 -7.983731086747665 -7.500279250701895 -7.023347660614495 -6.561886975034909 -6.104921151147403 -5.63803779309066 -5.172461174826205 -4.704543991604119 -4.233477077425915 -3.726110819616881 -3.180738944164718 -2.6193884445064626 -2.067805566059477 -1.5498283731141056 -1.1091319547077103 -0.7760531815135434
-1.3016589301847756 -1.798951700923661 -2.3395181908019227 -2.9627942940618186 -3.6592825824350257 -4.416567878715047 -5.219526507680141 -6.050209335008663 -6.890427109006744 -7.721257115845861 -8.522816040028676 -9.272851406673382 -9.947619414162308 -10.503708435026017 -10.88681859278733 -11.090049026443355 -11.144267906108384 -11.091851405777655 -10.962089883233498 -10.775081404709123 -10.543261900085867 -10.275283671674005 -9.96774768806986 -9.611485665254568 -9.215947678064419 -8.791277952308654 -8.348000224976836 -7.898350914517798 -7.450023567175175 -7.009144549336005 -6.575430303587878 -6.121527640039934 -5.6514931893930545 -5.160472384713476 -4.6374339378956 -4.049015201284739 -3.419624994114579 -2.7736666219748978 -2.14162661263825 -1.5540542702649058 -1.0468110977573208 -0.6600400402553932
