_KRIGING/CROSS_VALIDATION_CLASSIC/Berg/TZ/train_5/Berg_TZ_5_train_z_1000.asc
ncols 100
nrows 90
xllcorner 5.6208707817415728
yllcorner 50.959635321741573
cellsize 0.00013419651685393446
nodata_value 1.7014100000000001E+038
[rows 60 to 79 of 90, columns 45 to 89 of 100]
2.6175641397385 2.56778889476348 2.51668590421579 2.46240768912022 2.4035507897834 2.33929956112056 2.26949798370044 2.19464870600497 2.11584643373607 2.03465895214447 1.95297299298871 1.87282369393974 1.79622572697654 1.72502171552963 1.66075987276988 1.60460846135297 1.5573102347393 1.51917591043502 1.49011226764661 1.46967786355901 1.45715773197473 1.45164778970296 1.45213998156959 1.45760032930628 1.46703383596945 1.47953240556053 1.4943043002625 1.51068589842736 1.52813838235404 1.54623328191375 1.56463142095559 1.58305975226293 1.6012899160866 1.61912128740742 1.63637000296857 1.65286420069403 1.66844464909772 1.68296922057427 1.69631932446218 1.70840644599407 1.71917726081284 1.72861630208953 1.7367457295624 1.74362228127834 1.74933190265505
2.56507820424842 2.51960119654226 2.47288899183029 2.42338311241968 2.36991555244052 2.31183076933025 2.24904427260623 2.18203767108545 2.11179695774148 2.03970613325833 1.9674115553236 1.89667354565298 1.82922097974404 1.7666222282118 1.71018243079215 1.6608732023736 1.61929697808514 1.58568468524694 1.55992255121426 1.54160177384265 1.53008355735189 1.52457163794722 1.52418481923894 1.52802308771918 1.53522242290738 1.54499526206333 1.55665551225844 1.56962880860299 1.58345020481268 1.59775250678174 1.61224894459327 1.62671382421157 1.64096428252094 1.65484542298627 1.66822010197154 1.68096363892419 1.69296288334415 1.70411848757554 1.71434895013739 1.72359499714787 1.73182310252863 1.73902732718154 1.74522909169463 1.7504749045242 1.75483238810813
2.5015431049131 2.46016120435592 2.41778761184765 2.37310064541759 2.32511852645952 2.2733024740167 2.21760434743873 2.15845922439806 2.09672928888102 2.03360993660768 1.97051171496098 1.9089325304988 1.85033366933756 1.79603096088335 1.74710934743772 1.70436568629271 1.66828123588037 1.63902229477715 1.61646509138836 1.60023937685878 1.58978428094476 1.58440981143202 1.583357826649 1.58585726868195 1.59116976845755 1.59862326221395 1.60763282348426 1.61770935210599 1.62845792975051 1.63956844590689 1.65080146669777 1.66197226722177 1.67293553786698 1.6835726114387 1.69378227056391 1.70347541507435 1.71257320885631 1.72100786160605 1.72872496652118 1.73568630141503 1.74187216539812 1.74728260271945 1.75193719015349 1.75587337206681 1.75914357198718
2.43161465015766 2.39393442908333 2.35564036043508 2.31559688281094 2.27296166593872 2.22727272837135 2.17848728850883 2.12697316414643 2.07345865945472 2.01895068901902 1.96463308530838 1.91175757871157 1.86153901411584 1.81506432121699 1.77322201398627 1.73665598866913 1.70574449398972 1.6806026441912 1.66110491288669 1.64692276362168 1.63757194288449 1.63246392764873 1.63095649023352 1.63239920400409 1.63617083739024 1.64170683831233 1.64851636469839 1.65618944690002 1.66439577154342 1.67287718107061 1.68143625534065 1.68992329061006 1.69822366699997 1.70624707966818 1.71391950003476 1.72117813090079 1.72796910750024 1.73424733316538 1.73997764875608 1.74513651305571 1.74971348532089 1.75371200381217 1.75714919347203 1.76005466508432 1.76246845243644
2.35957719286471 2.32504947260051 2.29040273294691 2.25463953793279 2.2170135858541 2.17710369926243 2.13484586820116 2.09052451601826 2.04472849434454 1.9982804740598 1.95215014447109 1.90736195042221 1.86490716607694 1.82566823846358 1.79036091182139 1.75949704168943 1.73336854776719 1.71205087375579 1.6954227622709 1.68319816718379 1.67496569822982 1.67023105898496 1.66845840645513 1.66910732201906 1.67166302884658 1.67565851178017 1.68068819027258 1.68641367318292 1.69256281352737 1.69892373308623 1.70533568158076 1.71167854456856 1.71786255874221 1.72381939550413 1.72949530778459 1.73484657509222 1.73983709026773 1.74443765106433 1.74862636930983 1.75238958550696 1.75572275406274 1.75863090910834 1.76112849474616 1.76323851183653 1.76499107017252
2.28911904348917 2.25707966918527 2.22551570357353 2.19352337843362 2.16041297676698 2.12577240250181 2.0894941977357 2.05176747970091 2.01303990515366 1.97395735321179 1.93529036974538 1.89785654840308 1.86244710685935 1.82976423320202 1.80037365751455 1.77467467163105 1.75288774860597 1.73505819823504 1.72107304664692 1.71068757970295 1.70355771429516 1.69927449086852 1.69739742527386 1.69748412165404 1.69911433558474 1.70190750027228 1.70553351046903 1.70971723375603 1.71423773740273 1.71892355037725 1.72364541482413 1.72830793207811 1.7328413076763 1.73719409548301 1.74132748816348 1.74521135419563 1.74882192600189 1.75214083062444 1.75515503725291 1.75785727152009 1.76024649790687 1.76232817355144 1.76411410134036 1.76562183204268 1.76687366538883
2.22318692805566 2.19290122804714 2.16376781256923 2.13493629814562 2.10573848894459 2.07574403686926 2.04478399553393 2.01294401226995 1.98053192428782 1.94802660458537 1.91601591536137 1.88513160495291 1.85598809263113 1.82913057453358 1.80499604004549 1.78388888619622 1.76597108550956 1.75126545883599 1.73966961333696 1.73097754441785 1.72490573506481 1.72112074973804 1.71926572976255 1.71898376717058 1.71993678377199 1.72181920128547 1.72436629780317 1.7273576594891 1.73061652157329 1.73400603137975 1.73742355575579 1.7407941085718 1.74406381711698 1.74719411519999 1.75015708615928 1.7529321201636 1.75550382985818 1.75786100867253 1.75999632652574 1.76190643573205 1.76359219343681 1.76505877773409 1.7663155626974 1.76737570466818 1.76825546451665
2.16391856460858 2.13462702054336 2.10723004395357 2.08089501264283 2.05494483799553 2.02890798662125 2.00253990870032 1.97581787488486 1.94891372030595 1.92215064025996 1.89595090259796 1.8707811909723 1.84710142840616 1.82532157502186 1.80576929327313 1.78866975951437 1.77413745873442 1.76217865576835 1.75270245338574 1.74553793082278 1.74045476838459 1.73718494107571 1.73544343186621 1.73494639839833 1.7354257584151 1.73663968275635 1.73837895634719 1.7404695550997 1.74277206952481 1.74517877487698 1.74760920463778 1.75000504122868 1.75232501592001 1.7545403359575 1.75663096047678 1.75858285594103 1.76038619970756 1.76203438232916 1.76352359188085 1.76485274502645 1.76602355098162 1.76704054309124 1.76791097421777 1.76864453359912 1.76925289446034
2.11264520511535 2.08360802425894 2.05725579361355 2.03274307415837 2.00935831516872 1.98657023704498 1.96404824826307 1.9416591538489 1.91944446940212 1.89758393340279 1.87635128203593 1.85606808926045 1.83706063326358 1.81962352785344 1.80399246442109 1.79032703863363 1.77870343658678 1.76911582541564 1.76148467679376 1.75566994473389 1.75148698338025 1.74872326724855 1.74715429926104 1.74655749686622 1.74672327791146 1.74746298138847 1.74861362101862 1.75003976007791 1.75163300177991 1.75330970749939 1.75500758946399 1.75668178639481 1.75830093651532 1.7598436324854 1.76129549841396 1.76264698998453 1.76389190092411 1.76502647311339 1.7660489579262 1.76695946136331 1.76775991901321 1.76845407976967 1.76904741962424 1.76954694967682 1.76996091887087
2.06995108781016 2.04048958483239 2.01453345924532 1.99119924142013 1.96972035256076 1.94949155398775 1.93008925021481 1.9112701637285 1.89295259558638 1.87518545796375 1.85811052482035 1.84192298840989 1.82683458304692 1.81304242296122 1.80070547884048 1.78992944604068 1.78075975607478 1.77318172532552 1.76712634885504 1.76248002211783 1.75909647127735 1.75680934023 1.75544416142529 1.75482877390442 1.75480160013253 1.75521751841705 1.75595134598558 1.7568991647046 1.75797787054086 1.7591234093665 1.76028818114354 1.76143806177498 1.76254942005039 1.76360641105984 1.76459872238363 1.76551984909197 1.76636588906495 1.76713478844492 1.7678259309499 1.76843995308472 1.7689786756088 1.76944506365997 1.76984315682085 1.77017793989594 1.77045515046628
2.03577427724985 2.00530721177139 1.9791767699085 1.95644186291777 1.93626545634768 1.9179584821092 1.90100071817622 1.88504142148383 1.86988390754888 1.85545899001952 1.84179227454763 1.82896985627222 1.81710614944462 1.80631654576977 1.79669651085641 1.78830771596615 1.78117095858489 1.77526500326279 1.7705300886323 1.76687468149893 1.76418407718675 1.76232959872078 1.7611773857821 1.76059604214939 1.76046269053852 1.76066723931341 1.76111487899765 1.76172698861534 1.76244073991152 1.76320774368739 1.76399209274988 1.7647681288706 1.76551820693452 1.76623065915086 1.76689808656626 1.7675160336751 1.76808204203828 1.76859503514644 1.76905496101438 1.76946261019244 1.76981953195681 1.77012798606058 1.7703908868987 1.77061171700174 1.77079440416385
2.00953307609646 1.97760634736184 1.95083769559446 1.92821463996233 1.9088195015212 1.89187385870464 1.87676049863064 1.86302592225594 1.85036764449778 1.83861104555148 1.82768046026735 1.81756866887016 1.8083081272684 1.79994630210564 1.79252649095535 1.78607461897772 1.7805917819538 1.77605178800491 1.7724026407608 1.76957078490899 1.76746696473174 1.76599268398397 1.76504645793397 1.76452927747806 1.76434893098974 1.76442303099554 1.76468075727553 1.76506344989273 1.76552426454335 1.76602714177596 1.76654534680162 1.76705981506441 1.76755749848351 1.76802985643598 1.76847158172932 1.76887960151099 1.7692523511766 1.76958928885936 1.76989060001747 1.77015703521068 1.77038982722629 1.77059064332918 1.77076154140034 1.77090491222931 1.77102340204103
1.99026356663151 1.95657194924649 1.92882816854156 1.90594048466096 1.88690566073274 1.87085472780251 1.85707632007069 1.84502090956016 1.83429028145303 1.82461694304559 1.81583796401769 1.80786715091588 1.80066862096252 1.7942339054234 1.7885638021747 1.78365539992596 1.77949406734129 1.77604976132607 1.77327675550753 1.77111579856534 1.76949774728717 1.76834784164781 1.76758996120733 1.76715039173735 1.76696081394033 1.76696038617576 1.76709692121772 1.76732724999035 1.76761692389963 1.7679394354886 1.76827513998188 1.76861004392924 1.76893459786292 1.76924259364928 1.76953022940491 1.76979536987697 1.77003700127688 1.77025485859168 1.77044919093853 1.7706206259676 1.77077009617155 1.7708987962357 1.7710081491465 1.771099767765 1.77117540650918
1.97675626665818 1.94115620340425 1.91223932040235 1.88883261085879 1.86984757553737 1.85432775780378 1.84147360674705 1.83064825817046 1.82136870862845 1.81328708088561 1.80616637974865 1.79985447849854 1.79425921957598 1.78932660001719 1.78502315261834 1.78132290289666 1.77819872031971 1.77561750111805 1.77353840764636 1.77191331895096 1.7706886843922 1.76980808075673 1.76921492027635 1.76885491533271 1.76867805558568 1.76863998219276 1.76870274525475 1.76883500299316 1.76901176611799 1.7692138120855 1.76942689619639 1.76964087478585 1.76984883500028 1.77004630029226 1.77023055459484 1.77040010415977 1.77055427636624 1.77069294060216 1.77081632787647 1.77092492267346 1.77101940168708 1.77110059814551 1.77116947605813 1.77122710464147 1.77127462845454
1.9676827699138 1.93019564100456 1.90004990606374 1.87599492028983 1.85686221667787 1.84161498423791 1.82937445069559 1.81942699884398 1.81121663928752 1.80432758610983 1.79846129780448 1.79341163118196 1.78904087768278 1.78525854832428 1.78200394754056 1.77923289164319 1.77690841444909 1.77499496310439 1.77345540393273 1.77225010211908 1.77133737617857 1.77067472491805 1.77022035162338 1.76993464435379 1.76978139619085 1.76972865517887 1.76974917594578 1.76982050302235 1.76992475172678 1.77004816967143 1.77018056461842 1.77031467672948 1.77044555907533 1.7705700129244 1.7706861065401 1.77079279003625 1.7708896056501 1.77097648332088 1.77105360584358 1.77112132575498 1.77118011680764 1.77123054551763 1.77127325192399 1.7713089325654 1.77133832214534
1.96170610640487 1.92251187946522 1.89121855269257 1.86650668301285 1.84713774313217 1.8320054547588 1.82016354872193 1.81083398774915 1.80340041568372 1.79739164524838 1.79245954513732 1.78835492587382 1.78490412436126 1.78198808689323 1.77952494597825 1.77745643381654 1.77573799630461 1.77433216152735 1.7732045540108 1.77232189952387 1.77165140126992 1.77116095533014 1.77081978466913 1.77059918672285 1.7704731959006 1.77041905138368 1.77041742916238 1.77045244540816 1.77051146820448 1.77058478961244 1.77066521362482 1.77074761122685 1.77082848459927 1.77090557100689 1.77097750509762 1.77104354762427 1.7711033799151 1.77115695721326 1.77120441034105 1.77124598376808 1.77128199860884 1.77131283076858 1.77133889681154 1.77136064262651 1.77137853221937
1.95757108819312 1.91699280992046 1.88475709490974 1.85948911012587 1.83989420895364 1.82481080466062 1.81323925291951 1.80435094196711 1.79748246999904 1.79211978172539 1.78787663382617 1.78447096148391 1.78170180125681 1.77942852613904 1.77755335896579 1.77600750050896 1.7747407541469 1.77371424022854 1.77289564500008 1.77225640877733 1.77177029256506 1.77141284149644 1.77116136290458 1.77099513864496 1.77089568378922 1.77084694064115 1.77083535588765 1.77084983009821 1.77088155490813 1.77092376703203 1.77097145288612 1.77102103595191 1.77107007356831 1.77111698256961 1.77116080557717 1.77120102283086 1.77123740884603 1.77126992919899 1.77129867040659 1.77132379499899 1.77134551418052 1.77136407156231 1.7713797329591 1.77139277884509 1.77140349751652
1.95417295465448 1.9126531400336 1.87978434738814 1.8541534812382 1.83442698114718 1.8194047360207 1.80804974474898 1.79949783134888 1.79305236876474 1.78816891747895 1.78443414720386 1.78154258787128 1.77927382862137 1.77747188660057 1.776027690091 1.77486500846616 1.7739297256123 1.77318208039245 1.77259135988799 1.77213249516158 1.77178404212632 1.77152710296077 1.77134483367 1.77122227468802 1.77114632366526 1.77110573750924 1.77109110270351 1.77109474967602 1.77111061064745 1.7711340336597 1.77116157110534 1.7711907615159 1.77121992066142 1.77124795374758 1.77127419581641 1.77129828313113 1.77132005481357 1.77133948151034 1.77135661641409 1.77137156344227 1.77138445758133 1.77139545310398 1.77140471632748 1.77141242060008 1.77141874212829
1.95060418969458 1.90867474300516 1.87556117873695 1.84983196139583 1.83013415469889 1.81524774027179 1.80411564859073 1.79585385959666 1.78974654801004 1.78523117253013 1.78187784871083 1.77936651140115 1.77746444371711 1.7760058602376 1.77487446860374 1.7739893381227 1.77329398394631 1.77274831498508 1.77232296386038 1.77199548410788 1.77174793099462 1.77156540997307 1.77143525962741 1.77134661914845 1.77129020484879 1.7712581815239 1.77124406138037 1.77124259668984 1.77124965431634 1.77126207326197 1.77127751280164 1.77129430075806 1.77131129072389 1.77132773486976 1.77134317630603 1.77135736239482 1.77137017828963 1.77138159847395 1.77139165320191 1.77140040644562 1.77140794210268 1.77141435566767 1.77141974917972 1.77142422790078 1.77142789776405
1.94618053085096 1.90442832673475 1.87150874011506 1.84599316733136 1.82653011931101 1.8118992221839 1.80104117418621 1.79306800116922 1.78725854471414 1.78304402306456 1.77998793736194 1.77776376303405 1.77613294668949 1.77492485472701 1.77401957426503 1.77333388925736 1.77281035004978 1.77240910565613 1.7721020449278 1.77186876187945 1.77169388990211 1.77156541279267 1.77147363730873 1.77141058859867 1.77136965818499 1.77134539030989 1.77133333549792 1.77132993111973 1.77133238947594 1.77133858670381 1.77134695280206 1.7713563661312 1.77136605635986 1.77137551909179 1.77138444408974 1.77139265760802 1.7714000781414 1.7714066840333 1.77141249089321 1.77141753661859 1.77142187192833 1.77142555460598 1.7714286460343 1.77143120900513 1.77143330615448
