_RESULTS/CROSS_VALIDATION_POSTPROCESSED_CLR/MHZ/GZ/3comp/5/MHZ_GZ_z_125_kriged_reverse_3comp_spherical_5.asc
ncols 100
nrows 74
xllcorner 5.5967023332191781
yllcorner 50.982320383219182
cellsize 0.00019249356164376555
nodata_value 1.7014100000000001E+038
[rows 38 to 56 of 74, columns 44 to 87 of 100]
4.314701594403982 4.389368598061223 4.43691945973458 4.4665138321541225 4.489017684608609 4.49697873314231 4.48666151051033 4.455129161324529 4.400006145592433 4.322980076984406 4.2291072864940755 4.120513145959531 4.002586676682659 3.874378032990316 3.731736053928869 3.577746872778268 3.410026292863345 3.2276262985310673 3.036391179353329 2.8908624573667927 2.8470609965967846 2.8186424857692 2.806470688470914 2.803965205963428 2.800052251074992 2.793475451072559 2.784495466686054 2.773891776674499 2.7636558904124153 2.7597350615600584 2.775990616069295 2.8312128584538105 2.9186996405806616 3.0177297782120767 3.114288148337671 3.206304032330772 3.2979433315149964 3.386142255099355 3.4681482859324384 3.5401695413725482 3.600035017013549 3.6517165165359273 3.7027838223550247 3.7527443828027716
4.21607433145034 4.2933755078358935 4.349348958602156 4.39883250320808 4.445694535735488 4.481390589640279 4.500331928322072 4.492795547517815 4.452221151660358 4.38122898793204 4.289231954394773 4.184994110283844 4.0690727969623435 3.937638659416573 3.7947651492295638 3.643820100149797 3.4800800843806297 3.304057235660852 3.1251716703503196 2.984657931125108 2.913100675045603 2.870736700288966 2.84751621797157 2.8389245032516253 2.830446317509047 2.819959568473933 2.8049694211137464 2.783709539310119 2.7574906804463786 2.7285415392059806 2.711708453589849 2.7714902262130527 2.8871732429166888 3.005361960114282 3.1166336473325593 3.221991518026979 3.324391799661554 3.4214744391547907 3.5108873497313984 3.5910867860134896 3.6610504781071977 3.7196341534575588 3.7731375713566324 3.8225565695400707
4.1128802442602765 4.181865456980099 4.2424071485817105 4.308659904637652 4.3806272975052245 4.450284757720908 4.506049745972866 4.528618563497655 4.502298390828616 4.4329466121467505 4.3378950860199685 4.23156893962828 4.1146348940329505 3.98616358619861 3.8489058858071226 3.705900659140018 3.5528814764338947 3.3923092704486835 3.235527485955472 3.10043586133233 3.0049731294647186 2.942524258809744 2.90493718820974 2.8874198173387295 2.8727573122148553 2.856587847339254 2.8377726249228212 2.81334510605859 2.780228167314605 2.739125331932793 2.6947303236863434 2.763708821933761 2.8956790690995087 3.0229980707925668 3.143435997729562 3.257169625691491 3.3671035492037564 3.4712596428379525 3.5676048222763033 3.654357430313525 3.72973236195323 3.7922276286033725 3.8448041677107514 3.8913623680329597
4.012095661299731 4.059232026588695 4.12080923322134 4.198463894049433 4.293684599546628 4.398612418708891 4.501193461952128 4.567040257791085 4.5513589812267705 4.47210358151968 4.3707750307400834 4.259139602666297 4.140685756355254 4.017709348359529 3.8898658839126408 3.758454606090108 3.619761503439613 3.475711605560841 3.3349851499578853 3.2064903570601677 3.099929238399192 3.022804324445495 2.972402269999761 2.9470644261790055 2.9273343629461195 2.9068805393229225 2.884894732711414 2.8609283422189984 2.8331385174575665 2.804101051252481 2.7949313774198714 2.8483471478637634 2.954010675760874 3.074649576611452 3.1947256605113257 3.312046261120509 3.4270927981369876 3.53690002492789 3.6388418642233376 3.7306919282846023 3.8102034112306775 3.8754173726719285 3.9254746851203324 3.965616528338303
3.9112028003382218 3.9332201475027935 3.9842387017319387 4.067608424965973 4.1782227041537485 4.3129257834882075 4.468120552249799 4.61309756519441 4.584211685959289 4.480862761463143 4.371966214011073 4.260664498754072 4.146981011715361 4.031009719910628 3.913547533859545 3.796039395409261 3.6734429371308908 3.5453318597982104 3.4181871443618452 3.297732598447374 3.188801230462523 3.104092141938309 3.045893767135946 3.014270067939433 2.990684387165403 2.96778316282724 2.9453185982229293 2.9237267581231117 2.9048293174952606 2.8918222220449543 2.9033648228252504 2.9550242480606363 3.043938933828033 3.1531487777464937 3.26798295754149 3.3854560848979487 3.5028824315568934 3.6163088566631085 3.722373255800067 3.8181960875181407 3.9008920551617723 3.9679005684089113 4.017200146515564 4.049729506055503
3.809510288452878 3.807383754395537 3.8389837376471934 3.9138456917671682 4.0252844319538355 4.170465200598189 4.34493750596063 4.514682847878773 4.506969557647352 4.420467958860032 4.3273525284831225 4.231013636798858 4.131299871650606 4.028375320612362 3.9231823467272218 3.8175743632144816 3.709984216138111 3.5971507798692843 3.4830933021211345 3.3719321266341846 3.266778357417909 3.1802945965891327 3.119437437765601 3.083833436098674 3.057750110239446 3.0340045165332166 3.012548227598788 2.994347705070305 2.9828020714209798 2.9860482377151802 3.0132232015849785 3.067302160465409 3.147588657724018 3.2466278193560805 3.3554937729233125 3.471687033916995 3.5900003949412547 3.7058197945915685 3.8151239266667325 3.914310545738835 3.9997087496777395 4.067967059350411 4.116401118785624 4.143354059523197
3.713667687505455 3.6858893486319637 3.6919701672716467 3.741681515300074 3.837253479142213 3.9723406777627956 4.1306160698117065 4.263316808432091 4.312734565656511 4.2920817885717994 4.240016864743744 4.172584698955839 4.095272201428357 4.010693673297031 3.9209641497838605 3.8285326000227986 3.734314114223119 3.6337971623010556 3.5305960675136223 3.428563644582074 3.330338786107986 3.2455836202378303 3.1855032959630214 3.149831962827753 3.1234906033799485 3.101093089678925 3.0829028141425994 3.0704597930187574 3.066770169825489 3.0831163515028104 3.120939388744843 3.179222557227819 3.255292144933078 3.3469580409504824 3.4506825517231623 3.564625263501341 3.683195206604785 3.8009654417536574 3.9132730929399244 4.015828637743845 4.1040582371766225 4.173553781744149 4.2206519237037226 4.24316152924224
3.6210418857414437 3.5683918811309265 3.5471461349031337 3.5640022497350325 3.6279191226097383 3.739092667483417 3.884330191722122 4.019265190565975 4.10492021663893 4.1363035617866695 4.128500436468814 4.09525136730878 4.044678709531023 3.9814977162522815 3.909027126666653 3.8304027881431986 3.748717745925055 3.6604166432280736 3.567566750037841 3.47439169773632 3.383915050755645 3.303668108894894 3.247504084434743 3.2149093913118136 3.1907755279888947 3.1716957940401325 3.157892166156315 3.15045229734828 3.1539797546163015 3.178831521131386 3.2242768148661236 3.2861289891396726 3.3613327312414674 3.447800565903732 3.548671464588968 3.6605133964473433 3.7783136812757263 3.8971873857074546 4.012386789544172 4.118849899421961 4.210783040247078 4.282252367937291 4.328010639093982 4.344953935500462
3.535489277245152 3.459345443828682 3.4091306023242405 3.386348134263442 3.400212421958757 3.4798719472928807 3.641671930047077 3.799967353619739 3.916004845162884 3.9844572593727805 4.012970232982775 4.011363813870297 3.987298167670213 3.945929933370554 3.8909042952765933 3.8255974521970453 3.754084146873848 3.677142300258071 3.594197418241137 3.5101824181376533 3.428550473853585 3.355687067972554 3.306433100128576 3.2787009702075367 3.2580331131561713 3.2429035828614134 3.2334470154403894 3.2302802001420163 3.240203609814436 3.270832730855229 3.3211592849163525 3.3855862088767443 3.460668876160534 3.545380406974304 3.644382074566094 3.7546505537369095 3.8718988323717665 3.9917120854214625 4.109601045413089 4.220244479648262 4.317051519903809 4.392058377852814 4.4371222334866 4.447251112203571
3.4516963493098456 3.357872358079046 3.287213955511845 3.2371084406029285 3.203280571301635 3.2225076358977995 3.4455801946399442 3.627863638424666 3.762203372080231 3.8534070753805705 3.9074422992179527 3.9311057805278673 3.9303314676763157 3.9092952442655644 3.870701690194913 3.817177540950494 3.753099725499672 3.6840439941646093 3.6098228459193247 3.534861066394539 3.46296183177909 3.399894645962216 3.360374862067464 3.338312846338837 3.322158644108584 3.311469288631268 3.306236994478196 3.3069446516600323 3.3222396204069278 3.3567266734453884 3.409641698126864 3.4754271844315516 3.55049390352255 3.6362231539074203 3.7336129099337882 3.842347751690255 3.9588652399048927 4.079439636661816 4.200147292374903 4.315978982687035 4.420043244892771 4.5021112109596055 4.548686519467235 4.550129479567276
3.3721412267849287 3.270126572208222 3.19410237668364 3.144841815925642 3.1308602227905755 3.190394311580659 3.344471446485369 3.5114837962897125 3.6496478983781353 3.750206730974445 3.8189409666927636 3.8604791493580652 3.8785947206283806 3.8757507883565654 3.852372773085937 3.8084176211727843 3.7480634854452393 3.680752529068809 3.6131824488754876 3.547011557120635 3.4859106974102847 3.435121183080138 3.407611862426514 3.391517438470808 3.3807798540778173 3.3749089790308577 3.3737839394791873 3.3781080011941285 3.397355231952369 3.4342809490649495 3.487936696514643 3.553804959332308 3.630479453481414 3.717189020100654 3.812872550957716 3.9194925943755408 4.034416910267291 4.154731142896014 4.277258174870951 4.398053009993624 4.5114283551857906 4.60662136191589 4.660865247970192 4.6496063726892825
3.297829434365461 3.196369373040873 3.126757311075299 3.0936880326738945 3.1075305429734503 3.1796168764995887 3.299124444323624 3.43798754383514 3.568313453257021 3.6731697217227492 3.7485720968822047 3.8010931772864853 3.8334987256461335 3.846966143572375 3.839058029240147 3.8025439115783675 3.739841090070489 3.6681433601635733 3.6020604734264783 3.5448398173670808 3.4964146787214787 3.4610500804275666 3.4457273623799827 3.4368317659867973 3.4322203142863312 3.4313841298946812 3.4341943084429234 3.441605753642941 3.4633357746318287 3.5013063947254945 3.554414136848332 3.621526135722184 3.6993381699500447 3.7858439442593808 3.8793662768228487 3.9826945413621235 4.094448845708041 4.212349019749975 4.333882441829566 4.456397863774896 4.576814811532585 4.689828575774673 4.770751733685595 4.733087857292569
3.22715030467964 3.13218225290926 3.0742066001444615 3.058166358186563 3.0887576174440095 3.1652284255920686 3.270149538298745 3.3898536927960756 3.508032909178177 3.612333194568442 3.6933210424724603 3.7511158532025655 3.792841957791793 3.820047798007447 3.8312177150845046 3.802256951344444 3.7259637138050343 3.644490577383394 3.5748294611946028 3.526566918244202 3.4945000778456237 3.478610874219339 3.474315215765317 3.4735790476398654 3.475422142529342 3.4795566779385774 3.4859844380126215 3.4957335600290262 3.518509281794827 3.5561194887928718 3.6099457346493096 3.678367695994752 3.755986217609374 3.840843545598763 3.931064636872388 4.029504448906016 4.135997963661599 4.2484135169339 4.364470347844282 4.481847312924359 4.598092861109641 4.7099573690433685 4.801456853314338 4.748203394730027
3.1578308438202343 3.0728691488486506 3.028126621894068 3.0269830260266586 3.069454683258207 3.1490700646239684 3.247213651652449 3.355545380098893 3.4637957146988447 3.5638061712501266 3.6489884984762915 3.7129765101554417 3.759743345399912 3.793379084841689 3.81395544859644 3.790283618035412 3.7041208121307676 3.6139131487341483 3.5360450837648147 3.4942904467291 3.4834902508761165 3.4875742386971735 3.494320484639447 3.50178177753388 3.5097580081329136 3.518394090776254 3.527902818971486 3.5391278171797884 3.561806935895403 3.600617394726225 3.6554739650604615 3.7235297701886854 3.7993454072224377 3.8810112685184355 3.9665483743949093 4.058547581969028 4.157552978980896 4.261275610386261 4.36711681317425 4.471881632594168 4.570818304791733 4.654158718478702 4.6990156779754395 4.675801342719442
3.088471085569637 3.0158020256759137 2.984972561504531 2.9975682066044045 3.050712564349218 3.1335489548572966 3.2286766622450473 3.332075579682205 3.437185231734061 3.536019016071207 3.62186417869905 3.689462325044539 3.7365871525106757 3.767325497056396 3.7762765252194095 3.748343516533045 3.6808594345501033 3.592938512069421 3.4985130266117466 3.47092028217817 3.4802427367908777 3.493277130908183 3.507472042125844 3.5216827266011443 3.534680022863204 3.5469169946405597 3.5587569307548086 3.571945588775023 3.596409649109239 3.6361706665307074 3.6906512408248853 3.756679230923263 3.8290134779271177 3.9057903502179956 3.9850267712775422 4.069129147638566 4.158709048937451 4.251209288420242 4.3434905240375175 4.4313544611290565 4.508477377554103 4.567244900293613 4.595188502921176 4.581281756619576
3.0192064752365373 2.9607761520591875 2.9447020664554246 2.971033435522024 3.0352227218711243 3.1218666142982934 3.220167888879815 3.3251395513239137 3.4302588747175786 3.528877925149892 3.614872398465455 3.68284102495557 3.727928908141081 3.752901559839819 3.7562447966421 3.7312091944937573 3.6779031716680106 3.6057070442914823 3.5324673726720857 3.5027078060020287 3.5018083244666838 3.508603303915681 3.519596369158095 3.5336453137284174 3.54938370090914 3.5651490367917686 3.5811532286310386 3.598155113823807 3.6232740230586593 3.6625539565119554 3.715316502536628 3.7776678697677233 3.8449309859922436 3.915289277529411 3.9868167479057917 4.061788700090965 4.140559470222727 4.220331444817754 4.297610433776949 4.36823719266366 4.429098826169259 4.473421449016279 4.493119931293002 4.483443850731632
2.9518439248308415 2.9097245030501657 2.9096228762446223 2.950327525980658 3.0269739773539155 3.1224034086469907 3.2268008150862837 3.3352071703163464 3.4420553298544565 3.541572965185663 3.6281475701986814 3.6964855825514324 3.741521621748769 3.7623517902903636 3.763526284888999 3.742911771755862 3.7023184950596995 3.6496329329157815 3.5992769156063833 3.5613925076606465 3.5431192506114053 3.5374526395470025 3.5388808565110064 3.545993018209596 3.558924340492129 3.5773597174630383 3.597183472115692 3.617444906749962 3.6421603046773594 3.6796336339308735 3.7293701247460285 3.786476081904476 3.8472978871617305 3.9100144444390215 3.9726227804892345 4.037661347739276 4.10489710089186 4.171580158775762 4.236036435407678 4.295162283892151 4.344542718393608 4.379039203485903 4.393885415320547 4.386633591322207
2.8899225404405344 2.866505197621154 2.883815887937641 2.940984201255524 3.03362656952304 3.138525505684009 3.2497091984042683 3.362664845145577 3.4724641809273367 3.57395649785407 3.6619903955371393 3.7315750818475415 3.777974540456481 3.7985132454988637 3.8005421523838048 3.785140914497002 3.7547229948226057 3.714668169855472 3.667819730197112 3.6250409451814987 3.596667360230175 3.5797825734677255 3.5712558954738407 3.569625319970619 3.5746525391180226 3.5867348850915683 3.606231755586907 3.6285660501274206 3.652837740732428 3.687330456829861 3.7326300774437735 3.783261558525886 3.83654388416494 3.890509449253947 3.943471995839264 3.9989700902272527 4.056656582202946 4.114371868610649 4.169523920240472 4.219020014487572 4.25932282469045 4.286789352988524 4.2984087518772425 4.292749205688996
2.839070125356628 2.836962009064099 2.873685389486668 2.951945526378192 3.057934361074623 3.1719642210076384 3.290044514774944 3.408072708387153 3.5216083390845165 3.625974885164774 3.716420230245466 3.7882952681730755 3.8372589091029092 3.8600637705137486 3.8642327964084067 3.8536148827387295 3.8275919765804702 3.7868265507375893 3.7372699407048646 3.6928286774599046 3.6576060020270003 3.631493345724526 3.6134838447073223 3.6028857479864516 3.5995859881259697 3.6039131848923462 3.616459842047283 3.636944468839605 3.659615143003776 3.6890528561727907 3.728066697536184 3.7712573277619246 3.8166529127297424 3.8623927996971914 3.907685267773133 3.9558669627619585 4.005725752639284 4.055178244479528 4.101850368278091 4.143096089214021 4.176124315385352 4.19829454670104 4.207581063981028 4.203064996061735
