_RESULTS/CROSS_VALIDATION_POSTPROCESSED_CLR/MHZ/GZ/3comp/5/MHZ_GZ_z_355_kriged_reverse_3comp_spherical_5.asc
ncols 100
nrows 74
xllcorner 5.5967023332191781
yllcorner 50.982320383219182
cellsize 0.00019249356164376555
nodata_value 1.7014100000000001E+038
[rows 0 to 18 of 74, columns 44 to 87 of 100]
2.6100278587155787 2.6857450920680703 2.753885139264007 2.8109870457561503 2.854015037905605 2.880513206630322 2.8887477298297943 2.879412847253948 2.859392963281528 2.8307728501022007 2.795457772427005 2.755689481933245 2.7138812881410015 2.672490598716326 2.633934033805979 2.6005393702614414 2.574524443902689 2.5579933898834097 2.5528763255513707 2.5528763255513707 2.5528763255513707 2.5528763255513707 2.5528763255513707 2.5528763255513707 2.5528763255513707 2.5528763255513707 2.5528763255513707 2.5528763255513707 2.5528763255513707 2.5528763255513707 2.5528763255513707 2.5528763255513707 2.5528763255513707 2.5528763255513707 2.5528763255513707 2.5528763255513707 2.5528763255513707 2.5528763255513707 2.5528763255513707 2.5528763255513707 2.5528763255513707 2.5528763255513707 2.5528763255513707 2.5528763255513707
2.6538813057143424 2.7448490787521393 2.8268409070552467 2.895954346379201 2.9487056484263325 2.982263376567072 2.9946816432454937 2.985156775171353 2.9596066635079423 2.9231558386803282 2.8786090224819434 2.828946780339523 2.7770904760523165 2.7257452109405356 2.6773178263774526 2.6338921834656235 2.5974394581996174 2.5706097839075897 2.55550867524232 2.5528763255513707 2.5528763255513707 2.5528763255513707 2.5528763255513707 2.5528763255513707 2.5528763255513707 2.5528763255513707 2.5528763255513707 2.5528763255513707 2.5528763255513707 2.5528763255513707 2.5528763255513707 2.5528763255513707 2.5528763255513707 2.5528763255513707 2.5528763255513707 2.5528763255513707 2.5528763255513707 2.5528763255513707 2.5528763255513707 2.5528763255513707 2.5528763255513707 2.5528763255513707 2.5528763255513707 2.5528763255513707
2.7059000983898964 2.8128061071778827 2.9093864322747987 2.9911973532421476 3.0541419509538392 3.0939616028937658 3.1075296427087924 3.0947895931818614 3.0605674440488353 3.013858453521686 2.958319897586592 2.8975937058234944 2.8351111587447515 2.773918769699074 2.716615646468768 2.6653622965728614 2.6219273090795503 2.587749347521268 2.5640028526080347 2.553199580158398 2.5528763255513707 2.5528763255513707 2.5528763255513707 2.5528763255513707 2.5528763255513707 2.5528763255513707 2.5528763255513707 2.5528763255513707 2.5528763255513707 2.5528763255513707 2.5528763255513707 2.5528763255513707 2.5528763255513707 2.5528763255513707 2.5528763255513707 2.5528763255513707 2.5528763255513707 2.5528763255513707 2.5528763255513707 2.5528763255513707 2.5528763255513707 2.5528763255513707 2.5528763255513707 2.5528763255513707
2.7650205326187924 2.88842945416977 3.0003810170098326 3.0950869442927265 3.1652562629617327 3.207369454020897 3.2196175561500935 3.2020679946425026 3.158387019035861 3.0998125064862894 3.031815031207471 2.958890105579559 2.885054071074592 2.813687481323087 2.747529711077535 2.688748771751994 2.6390385331628194 2.5997181251419965 2.571821749449689 2.556174325813115 2.5528763255513707 2.5528763255513707 2.5528763255513707 2.5528763255513707 2.5528763255513707 2.5528763255513707 2.5528763255513707 2.5528763255513707 2.5528763255513707 2.5528763255513707 2.5528763255513707 2.5528763255513707 2.5528763255513707 2.5528763255513707 2.5528763255513707 2.5528763255513707 2.5528763255513707 2.5528763255513707 2.5528763255513707 2.5528763255513707 2.5528763255513707 2.5528763255513707 2.5528763255513707 2.5528763255513707
2.82972312233889 2.969958270744658 3.0959625582405823 3.199728384731797 3.2761820106345243 3.320801731595727 3.3308736682551072 3.3065553531618375 3.251678850344253 3.179108953340479 3.0968730056219256 3.010530455033492 2.9247074304028255 2.843045255691486 2.768315752203949 2.702585699298966 2.6473789526435003 2.6038177869886594 2.572738596173057 2.554782406770343 2.5504629188482255 2.5528755112354298 2.5528763255513707 2.5528763255513707 2.5528763255513707 2.5528763255513707 2.5528763255513707 2.5528763255513707 2.5528763255513707 2.5528763255513707 2.5528763255513707 2.5528763255513707 2.5528763255513707 2.5528763255513707 2.5528763255513707 2.5528763255513707 2.5528763255513707 2.5528763255513707 2.5528763255513707 2.5528763255513707 2.5528763255513707 2.5528763255513707 2.5528763255513707 2.5528763255513707
2.8977696096139143 3.051580898015235 3.1882409205906783 3.3021284420454156 3.386474197094401 3.4344154140560907 3.4413845739758346 3.4075754293446487 3.338423075937075 3.249043609775388 3.1505185181062965 3.049610695757199 2.951445898737032 2.8597410222862734 2.777120314414485 2.705399516440051 2.6458161066215835 2.5992092918272665 2.5661568210211683 2.5470754211592 2.54229151388697 2.5491838745082127 2.552842521390737 2.5528763255513707 2.5528763255513707 2.5528763255513707 2.5528763255513707 2.5528763255513707 2.5528763255513707 2.5528763255513707 2.5528763255513707 2.5528763255513707 2.5528763255513707 2.5528763255513707 2.5528763255513707 2.5528763255513707 2.5528763255513707 2.5528763255513707 2.5528763255513707 2.5528763255513707 2.5528763255513707 2.5528763255513707 2.5528763255513707 2.5528763255513707
2.9628636485368647 3.126124004501473 3.273813365392869 3.399679903229786 3.494781481303715 3.5481376623754968 3.551073955733777 3.503653330035377 3.4153575129125735 3.3055942271298555 3.1887180290818673 3.072515519470145 2.962237905294861 2.8613471710709217 2.772073917401372 2.695807043327276 2.6333740316078074 2.58524680634505 2.55169058976032 2.532866874770186 2.5289004084325457 2.53912436340673 2.5492133215462385 2.552876157613305 2.5528763255513707 2.5528763255513707 2.5528763255513707 2.5528763255513707 2.5528763255513707 2.5528763255513707 2.5528763255513707 2.5528763255513707 2.5528763255513707 2.5528763255513707 2.5528763255513707 2.5528763255513707 2.5528763255513707 2.5528763255513707 2.5528763255513707 2.5528763255513707 2.5528763255513707 2.5528763255513707 2.5528763255513707 2.5528763255513707
3.018555764464688 3.18919912914651 3.34733962566214 3.4870245864637024 3.59760785778216 3.6613937104060525 3.6595400621044383 3.5914051528076065 3.4766902179598516 3.342648397627669 3.206117756330912 3.0749425702858737 2.953786504657319 2.8454309806818054 2.7514574060838286 2.6726639373285694 2.609359937276531 2.5615822399298396 2.529246791935774 2.5122460159256352 2.5105045177548404 2.5239291304428533 2.5404372247293416 2.55040983505626 2.5528763255513707 2.5528763255513707 2.5528763255513707 2.5528763255513707 2.5528763255513707 2.5528763255513707 2.5528763255513707 2.5528763255513707 2.5526628436262735 2.551993667365032 2.5513270012761664 2.550985502071125 2.551108988587119 2.551648345722642 2.552367681724299 2.552854450767164 2.5528763255513707 2.5528763255513707 2.5528763255513707 2.5528763255513707
3.060822003676653 3.2349660764294588 3.400609759343369 3.5538107506444145 3.685651111026481 3.7718598036317 3.7652623901400046 3.6619378554055375 3.5116450615668233 3.3513015692856207 3.1961780492923832 3.0522667407710524 2.9228935825932347 2.809861862358929 2.713950702660045 2.63526397728656 2.5735219335991695 2.5282875060247685 2.4991172790717995 2.4856453864553227 2.4876191803993337 2.5049057029275033 2.5277392211889897 2.543868733922358 2.552070758622327 2.5528763255513707 2.5528763255513707 2.5528763255513707 2.5528763255513707 2.5526157926917294 2.5505789931858978 2.5473117207135894 2.543675999664731 2.5403980982356114 2.538038939184124 2.5369685356144887 2.537347759368771 2.5391200629772714 2.5420144140869954 2.545558991274085 2.549103606462626 2.5518477819933594 2.5528763255513707 2.5528763255513707
3.0856537610465273 3.2572751255744805 3.4235026539704148 3.5830347902278055 3.7336280464523854 3.8645556681239155 3.8574740513367463 3.689372962442457 3.5021490648401907 3.320711548261146 3.1523625687300347 3.0004468946309837 2.867082028018822 2.75324379992768 2.658947817496738 2.5835758869047734 2.526226969133721 2.4859849074020914 2.4620708829501337 2.453903002391144 2.4611001643014196 2.4834600114153615 2.5123747961854077 2.5344199841801256 2.5482899266848937 2.5528763255513707 2.5528763255513707 2.552759950167816 2.5499972505526354 2.544446804220743 2.537259017386481 2.529513794577906 2.5221857437294424 2.516105560972117 2.511921093830058 2.510062788086547 2.5107185731538055 2.513822336081993 2.519058015889628 2.525878587566632 2.533536677797845 2.5411220263427894 2.547600780709948 2.551852472547297
3.0903976387665426 3.2520638022052135 3.4078830917057537 3.5560290417444964 3.6946324698749584 3.812632350104833 3.79442581584148 3.6184820787431526 3.424480063834993 3.2387926947533217 3.0682814877033655 2.9165234724804345 2.7853270140487956 2.6753877205762757 2.586892325953605 2.518492293708542 2.4686414029309987 2.4359708958170176 2.419432376040842 2.418308500544656 2.432167371646155 2.460803764861235 2.495615509817531 2.523225150158473 2.5423638304522713 2.5519484893459743 2.5518815175901626 2.5463851138709503 2.5372314971853753 2.5257333462284652 2.513130734250221 2.500615812757835 2.4892938600473014 2.4801341629858045 2.473917696681005 2.4711853411995577 2.472143669133918 2.47670135073561 2.4844833684573686 2.4948454427551954 2.5069168431609943 2.519403818366815 2.5307109221226325 2.5399977562640745
3.075312380465593 3.2149148933175757 3.3467621527824383 3.4658993123564708 3.5635728188661036 3.6160847998976107 3.5781119192819384 3.446749161607912 3.274816175156383 3.100004788103967 2.936943798237867 2.793338394137232 2.672822299643212 2.5756058501443952 2.499478568360272 2.442065972808247 2.4028938237022524 2.3803136020019804 2.3731311144521916 2.3806196768751877 2.4024024846149716 2.4383527409840324 2.478724594298002 2.5114164716115592 2.5353110013320688 2.547688849546084 2.543774752304331 2.5316183876690292 2.5160514457107057 2.498434084630444 2.4801374702242422 2.462508885082157 2.44682212910208 2.4342145111547038 2.4256159758987637 2.4216804579007505 2.42273233897407 2.4287397878724217 2.439298501133564 2.4528628429554518 2.4675600169844123 2.4827818704817184 2.497775923651054 2.5116567114961033
3.0374096088453744 3.148037212489269 3.247834134738817 3.331408809443289 3.38684110076203 3.3967654807835297 3.3434728709012878 3.227604018322136 3.076324235299613 2.916218923360321 2.764668730897892 2.6334511150029627 2.528606032378454 2.4502012341036172 2.3943944911632156 2.356394743933872 2.3321971638879684 2.321897166748392 2.325696659764178 2.3430334098218424 2.3737104768501704 2.4176792096536484 2.4629203455088717 2.500087868760912 2.5267353705273488 2.536515323570743 2.5291767623261747 2.510306786338545 2.488079778837031 2.4640130080028255 2.4396266091417553 2.41645074932385 2.395967860695409 2.3795321517409076 2.3682723830383456 2.3629924874400596 2.364091190797279 2.371307810417044 2.382269078404907 2.3962651941611974 2.4128093773116164 2.4309768541076027 2.4498701025095273 2.4685055139553467
2.9802832327215882 3.059764518472607 3.1256957797139395 3.172748892375874 3.1926029788811614 3.172815863862465 3.1051474498406617 2.9923393502399227 2.8525260620775557 2.7030878185446126 2.5614341886129446 2.443522174650466 2.3585667613091745 2.3048172081258724 2.2745086534734145 2.2605124961798784 2.258108178981565 2.264367250511376 2.280172423890548 2.3079946885657616 2.3476454154912827 2.3989845877096396 2.4482778912211463 2.4890725832145852 2.5136632194038415 2.5202331718152524 2.508995216126372 2.4837882530203728 2.4546564733755094 2.4237863113361002 2.3928590615307592 2.3636175988108166 2.3378028467971155 2.317052683072835 2.3027674369046762 2.2959621829187586 2.296461271888854 2.3018170942780234 2.3118917025649197 2.3263964000344197 2.344715058842296 2.3660129986137433 2.389026587358342 2.4125571068017537
2.909147027518215 2.957502514931791 2.990887151261552 3.0048042286745646 2.9936082597467704 2.9506588743708115 2.8696530556719155 2.7563843488420843 2.6214270123377754 2.4765737311996188 2.3385562900234906 2.23081340997549 2.170547660412283 2.148827487987549 2.1488827779740225 2.161322328493841 2.181442448717805 2.2055064810761307 2.2331521655043645 2.2678095236230598 2.314190370542753 2.370645587320188 2.423133255640125 2.463179285345573 2.4860829285041475 2.4917182795576664 2.479815425027463 2.45180343846705 2.4172160546642862 2.379207509974161 2.341235661726175 2.3053117794655553 2.2734946921914068 2.247797053499457 2.2299994146853583 2.2205804126857656 2.2172670607654656 2.2204107011093535 2.230001956692234 2.2454772056478363 2.265926374836388 2.2902815894201183 2.3174375771064293 2.3459558420045177
2.830928863809971 2.848747197169537 2.851245765396876 2.835527827805534 2.7979971696885886 2.734891275680698 2.6442250654531163 2.5305682943940595 2.398550340207772 2.2550555862155006 2.1117269697272953 2.0023335947954757 1.9777161947240494 1.9973813795257258 2.0291870221600155 2.0632888955412865 2.098563681380732 2.135716240550072 2.175607024031578 2.21906654990341 2.2718009811687776 2.331000911532663 2.3834101190471255 2.42036816913216 2.4410788633158456 2.4453493317265957 2.4328071659516026 2.4041979623963736 2.368960759030181 2.3295039876344843 2.2863519539990844 2.2430222765744903 2.204360597883457 2.172876703121131 2.1503442869506273 2.1349388815561046 2.127569424093095 2.1288966591025744 2.1383714725288963 2.154553398371444 2.176573022487584 2.203444177611923 2.2341451350337813 2.2676328178661254
2.758484858703152 2.746970095138794 2.719892852317607 2.6756104241755776 2.6126492211332915 2.530695768255575 2.4348323463345203 2.3233466515669736 2.197781116999956 2.0617107242528467 1.91896535920544 1.7747044807700778 1.8183843363138763 1.8710564381924333 1.9197427930657014 1.9663259141455365 2.0125621791592225 2.0600199020509176 2.1100765906501713 2.1640267542995675 2.223098631316055 2.281701941519999 2.330118124152483 2.363395063655963 2.381501918575951 2.38411335701659 2.370678963280353 2.341588727212796 2.306048058566859 2.2665420996483063 2.2235466040595346 2.177877684025992 2.131958783044059 2.093467561397146 2.062534350547863 2.0403645172146248 2.0278972909126223 2.025241643061214 2.032345478275185 2.0482016149900204 2.071438124210717 2.100713171740828 2.1348648913963264 2.172884763134105
2.6954628103374088 2.6566583937827706 2.602506221156496 2.5325757029024736 2.4470320778758534 2.350804918058704 2.2479969664881554 2.1397761955467907 2.026928002906299 1.911511943914789 1.802601308198649 1.7309069936993227 1.7357651160434597 1.7775556579922005 1.8267597720760622 1.87755016112337 1.929567063904424 1.9837324409365875 2.041316812653971 2.104080793688435 2.1676960085128063 2.222790135032346 2.2655989948524917 2.2947150440335164 2.3099763380939797 2.3108493207560348 2.296515887277672 2.26725183758919 2.2320102354246094 2.192755952029985 2.149803498843913 2.1039885558249436 2.0568281785095968 2.0094671977435383 1.9672779570385701 1.9339690613465956 1.9131745145952141 1.9061832707032131 1.9120221617024802 1.928579967587872 1.9536661592324402 1.9855356881116997 2.0229642447212512 2.0650972349833934
2.643726958024327 2.5796362724281905 2.5005808958086857 2.407412196893694 2.3051268734344617 2.198222892295182 2.090565657786239 1.9858961157178672 1.8857351445460404 1.7963377766380613 1.7253000910293554 1.684382866736668 1.6816897524902819 1.708948317823503 1.7510766046515946 1.8001064436830432 1.8534247584808232 1.9108281447141517 1.973404928457736 2.0414895525247245 2.1044077922155746 2.155220790386072 2.191776776122315 2.216441057426973 2.228861606033971 2.22821440604948 2.2133129917356724 2.184628506320494 2.1506544412466893 2.112300305214281 2.0695495088360962 2.0230718112159702 1.974278521410965 1.9193526298037407 1.860886670771814 1.813834094030264 1.7849951523014482 1.7752338711206748 1.7816701248918942 1.800304019720088 1.8278633601598981 1.862272655790656 1.9024375023733162 1.9478708740424762
