_RESULTS/CROSS_VALIDATION_POSTPROCESSED_CLR/MHZ/GZ/3comp/5/MHZ_GZ_z_180_kriged_reverse_3comp_spherical_5.asc
ncols 100
nrows 74
xllcorner 5.5967023332191781
yllcorner 50.982320383219182
cellsize 0.00019249356164376555
nodata_value 1.7014100000000001E+038
[rows 20 to 39 of 74, columns 44 to 87 of 100]
4.731509529639998 4.632364684194879 4.515857786967268 4.384481374309867 4.242403701210421 4.095667530786363 3.9519493429581924 3.81969792444124 3.7038788141698173 3.6081967031003677 3.5341089585194503 3.4887951778274955 3.471274358488336 3.479364895861755 3.5098375741313608 3.559162361305027 3.6252578022438167 3.707036954216606 3.7932072935485532 3.871216109581648 3.9397556090622268 3.99179427023876 4.024726978715686 4.045443849513021 4.054217820562191 4.049693870171448 4.030223723399416 4.001405947015124 3.971682124101821 3.9409353963126543 3.909286453834123 3.876010080961787 3.83465887707408 3.783171006140579 3.7273995984959547 3.67850590219047 3.652276419197218 3.6495439938131744 3.658032826029217 3.6700700068751604 3.682726056973367 3.69555925960205 3.709521590584292 3.7264876074836306
4.708693479445076 4.588745866671118 4.4519329011156845 4.3016781338861865 4.143471924431426 3.98532519659282 3.837587971997668 3.710998585586395 3.611296575403875 3.5335290168141613 3.4763685243168516 3.4445415297858517 3.4404661723717007 3.457339915549939 3.4931695858432117 3.5466683441594595 3.617108352387084 3.6946368283304283 3.7668032674514462 3.8323475840715697 3.890131067943485 3.9328788377562516 3.9578518719919873 3.971358414245468 3.975083737857129 3.96714191962897 3.9457454520121082 3.9196865601482123 3.8926026586189098 3.8641661149734197 3.833860867072416 3.7993089701050033 3.7529907006078593 3.6936487973128678 3.62473738319332 3.562065624700171 3.5407412538125786 3.55143874599649 3.5675593233024863 3.5819463543109786 3.5934913153847634 3.6028434563716334 3.6116397539593637 3.62255393438729
4.722500735705548 4.584389420941397 4.429255241897914 4.261087335213043 4.086125324254269 3.9139619474066913 3.75866394119727 3.636005905716096 3.551201501131213 3.489808999857739 3.4484619126846554 3.4286639473122484 3.433314291938152 3.4600445931267734 3.5024554179074805 3.560487848903298 3.6246907630570986 3.6862157136679765 3.7428452709817113 3.79398086224335 3.839058766404417 3.871301677060838 3.8883498806712726 3.895136238030264 3.8947674659712357 3.884599302863988 3.86447226151348 3.8430681979447217 3.820243359715451 3.7954390806168394 3.7668152154303196 3.7334094174654844 3.6875136511922597 3.627070078141375 3.5505005619432146 3.45702438351058 3.459288180504059 3.4849599868903187 3.5038021641268817 3.5164316274528744 3.5237915545763823 3.527148021195054 3.528259201832939 3.5298531597538254
4.774930605102917 4.6214882145011105 4.450347648974349 4.265787720515564 4.073904722302945 3.8841341448821236 3.7141085494581256 3.5930179914498854 3.5254717988690984 3.4829194151129332 3.456753267657366 3.44762574210678 3.458697137697648 3.492435697773552 3.5390698047477693 3.588106083034753 3.6367814132601572 3.6813085397956753 3.7207664727916967 3.7554890678353994 3.786017650457706 3.806748542398974 3.815843806692909 3.8169618799564753 3.8141430634179225 3.80367475761445 3.789605432633227 3.775063486068291 3.758316333959699 3.7376964899025156 3.7124976976089314 3.683511817329275 3.644891364624522 3.5946636074509875 3.5327836426404797 3.473720098724356 3.457791974967433 3.465330021526733 3.473976819049647 3.4785291365303355 3.478163267894259 3.4733705528358305 3.4651939493896666 3.4553534805380313
4.867623880037355 4.7018152302586165 4.5175446766490195 4.319623270581675 4.11365428439589 3.9062969843136255 3.709437089373408 3.58414023684384 3.546735559494774 3.5232517893664603 3.5088689026700255 3.5073712028908757 3.5212830107052877 3.5487454662884037 3.5838093281403367 3.617678870041304 3.6490239545893965 3.6750067724586977 3.695483485949003 3.711598536100242 3.725402819308035 3.7336464729596233 3.735586668719425 3.734546298212895 3.7333722399606666 3.7285918917455696 3.7245589881445413 3.7193771113226086 3.71083498626135 3.695839141308922 3.67450087854544 3.650943695216001 3.6264503714070093 3.5947130944570507 3.5550494367416485 3.5181692044197828 3.4962620104397324 3.4842790762392553 3.476647908560009 3.469077506394813 3.4587456460577837 3.445017931716652 3.4280346449409196 3.409589883353853
4.985533462189129 4.819235846457421 4.62954407301113 4.424592129910564 4.212307066762815 4.000484617444249 3.799512737314086 3.6738396523977848 3.642101885983884 3.620559115106018 3.6051771710142777 3.5974875426767228 3.5980133460453607 3.6084924036879062 3.6282117388100397 3.6463402655384463 3.660204907609709 3.6672239443360874 3.6675467852366284 3.6628084587970733 3.656572589508336 3.6497026466909808 3.6438586955565304 3.6435300307588734 3.649356739773867 3.6602720357022314 3.67170675119684 3.678478518371597 3.679288502160728 3.6714643716361737 3.654805029366868 3.630259450867575 3.63095498220054 3.6192951945328375 3.5978503276308764 3.57322485569836 3.5501135644426767 3.527465421452738 3.50552673744187 3.4856324289078238 3.465148825816751 3.4433041607903276 3.4205822294180477 3.4027288777041993
5.106277983733529 4.944731754498939 4.75655695254688 4.554259330943023 4.348042219161299 4.149225267032106 3.976051987811946 3.8575027392353984 3.7908709499838285 3.7487567062308766 3.7175300319133138 3.6935039040430615 3.6773638233304293 3.6702797576757558 3.6729115654228655 3.675348610247381 3.672083831841547 3.6604320844593015 3.640249136965983 3.6128802256341848 3.582398300843371 3.555348604651731 3.5402022331101954 3.545503252500242 3.5681067200201135 3.5965544136869227 3.622949872103335 3.644374206542381 3.657682721633616 3.6605270955208447 3.657079549241578 3.6540487949455533 3.6574357683143726 3.656594411874467 3.6476054783613776 3.632598582748193 3.612925251325141 3.586873316382212 3.5550113295434826 3.5245908371879544 3.495060976682163 3.466622178543627 3.443882381730258 3.433545193771973
5.220791422560137 5.069083209618849 4.882478833721212 4.684875415445414 4.4880963581922755 4.304287590067239 4.148299368299973 4.032056787407168 3.9478059931364586 3.884099689664395 3.8327731678909003 3.790741775680366 3.7573517886952965 3.732948380312674 3.718150661178643 3.7054852481298073 3.6862058690363457 3.6573172814769723 3.6178875464732907 3.568091873645053 3.5100921098214055 3.4528155698838856 3.4225894449191343 3.445128376030204 3.49121418496594 3.5380282673457626 3.579993163097685 3.6159491737504723 3.6431199080061063 3.660906529089039 3.672580052453191 3.6850260614745447 3.695306297453377 3.7011633314866135 3.700362931400893 3.6924098311823172 3.676822939544534 3.6518472490935157 3.618018564329037 3.5823407557370164 3.5452168807999773 3.5115592966725 3.4919792718958567 3.4920406826706722
5.328951374365607 5.179883532543765 4.995985768903364 4.805975491181229 4.622307785297252 4.454347024092803 4.311868292759945 4.198919701728001 4.103258583319535 4.0208789256300275 3.949508895768159 3.8877744190641863 3.835727345808667 3.7944076955815227 3.7634552346422367 3.7365572907030846 3.7027900197618955 3.6591462726900357 3.604190813255194 3.537036987714047 3.4566708872421397 3.3605860798346594 3.293215458023768 3.364029030903862 3.4325367681709906 3.493088449345315 3.546904012907697 3.5945620355832135 3.633952603891528 3.6654610525337494 3.6915455463881934 3.7152847264956823 3.734387348494163 3.7475368003226097 3.753842711948956 3.7522257386210685 3.7413438049107848 3.719213728383556 3.6863309222164213 3.650527298418768 3.611771272083889 3.5746446326341976 3.5566921391658655 3.5672026052940304
5.423481795379487 5.270851054732061 5.094798512235591 4.918252300795797 4.751191950915905 4.599419825192556 4.469454900165618 4.359356996169686 4.256192486470482 4.160712173087321 4.072951971166829 3.9929358257923 3.921319507665635 3.8593850635771614 3.8086474083689588 3.7666334705354987 3.720551127248658 3.665831241793189 3.6009659190463927 3.525786342655966 3.438731825997384 3.347749242437968 3.3008014890259103 3.3432139849810794 3.405886525297342 3.467663370235412 3.5260274375647525 3.580524106145658 3.62861125705765 3.6706653478462523 3.708384178147667 3.743214397877381 3.7711906519487677 3.7921490230639816 3.805785747049785 3.810895414176734 3.8057650733432586 3.78820450768909 3.7589031596287645 3.7256738994432177 3.6881329954249757 3.652130766041373 3.6306540424048523 3.6527406214457265
5.478916693494603 5.336683600040942 5.178578911729252 5.015733062190332 4.866021953029598 4.732191233693662 4.615128866780038 4.507823756260007 4.401448462241619 4.297482516722406 4.197316168064891 4.102156717259534 4.013354076620872 3.9324560460620948 3.861879368930823 3.8001162997445497 3.7378758538246384 3.6746695179967768 3.604933714586217 3.5296196798219572 3.450515368275413 3.3808975653891205 3.347596507173428 3.3633064873338046 3.406338588585118 3.4597344973582453 3.5160948557836855 3.5726286670592606 3.625632121120095 3.6747908810937338 3.7210277198682515 3.764966285212765 3.8035424269594946 3.832583189716911 3.8541289974290547 3.866860272109496 3.868829808327803 3.8576661795026115 3.834796000930393 3.8075622661667423 3.7755771038381485 3.7457532654485064 3.7226078032553302 3.7576493640283912
5.463677584375849 5.365822694904047 5.240815634293105 5.101233510515698 4.9698987434350785 4.851476692015072 4.743707221856322 4.6411174271891396 4.535298480787683 4.426752318519462 4.317778729493426 4.210397397884135 4.106491450960647 4.008805241343924 3.92048896823741 3.8403564140792477 3.760824059722532 3.685673593147146 3.6158952766786148 3.543468436312418 3.472520536462791 3.413447095163038 3.3836231225096842 3.3890099908960702 3.4182496571394063 3.461796611898081 3.51294408190759 3.5681314731564964 3.6229269797616177 3.6762336273104896 3.7283765372034994 3.7793839243608516 3.8279878795030413 3.8666008521590385 3.8967751794424856 3.9182058357441107 3.928737385952458 3.9257864510436913 3.9122981061812236 3.8944787557744043 3.873162120813289 3.8584483186816967 3.859855789517185 3.890563907796537
5.415954495135114 5.368842306017379 5.2833905926497655 5.172999863711747 5.063832224458178 4.96196593863673 4.861883958164679 4.763455533521958 4.659300031821516 4.548114842702506 4.432423159692238 4.314815884185401 4.198378111311467 4.08678788091905 3.9842666034949703 3.8896574987355788 3.797386735533917 3.71205396730835 3.631983666301778 3.558939184858762 3.4924796027065694 3.4391032075764443 3.410653038194183 3.409230568044788 3.430703152344674 3.466475039915947 3.5117827284211662 3.5637081413212424 3.618045538739105 3.6731364686361685 3.729051026040276 3.7854859928342277 3.841353252996223 3.8914186447586463 3.931404473677292 3.962643011456504 3.9831521799732106 3.99014757082704 3.988714451472757 3.9824526517025314 3.973545212829511 3.9733121083992895 3.987884255565638 4.021043891279338
5.362731260698765 5.352553544708724 5.301689573172275 5.220641245244155 5.1354701174388895 5.049504727372893 4.9599620920085155 4.868822898782467 4.771373849453054 4.663696914904884 4.547406526461806 4.424656608178872 4.298505560794307 4.175370945260376 4.060777178602163 3.951913954824888 3.8463690514986686 3.7475178357868595 3.654307841693398 3.5718740015784896 3.5057608040965422 3.457419904036615 3.430095847316191 3.424252506592211 3.438820352048951 3.469052087111806 3.5088603793685254 3.5563766079382018 3.6086071395941084 3.6635449619113754 3.7214441149067854 3.781970640027304 3.843749697537854 3.90397661906973 3.9551742953980655 3.9975357941248872 4.029248163875183 4.048447337227672 4.060922583980687 4.066750165646073 4.068922915770935 4.079243102600054 4.101696274131762 4.137313591137713
5.30286257131339 5.320774236899007 5.299576857282004 5.246545355218068 5.184368393317904 5.1146347117500355 5.037799626320396 4.955605310386418 4.867006270972363 4.765246077640392 4.6517257029908805 4.529517529042349 4.401990120586952 4.272798976580106 4.146844596800287 4.022966902777439 3.90291497977628 3.7867249744350286 3.6780246099561777 3.5840331459256296 3.513321214711273 3.4693788420062828 3.4438900469929257 3.4357510467903305 3.4442943389759835 3.4675098326949927 3.5020333634360616 3.5441561453039965 3.5926701352542034 3.645622008870887 3.7038578541946814 3.767378250107418 3.8345924075606663 3.9022996940249097 3.9654545967070054 4.0199185856143975 4.063681088656692 4.097785992482173 4.126056325268837 4.14306754064277 4.153510290090992 4.17105732782392 4.198545857200456 4.2356659712466795
5.239225010278211 5.278915264710754 5.282429636982738 5.253445697292396 5.212232844832515 5.1600963977395935 5.097778150498338 5.0264432856366374 4.94696695383169 4.853073186360236 4.744318085717267 4.624454568145298 4.497516333130971 4.3677041517744755 4.237124407513812 4.099304532598369 3.96210097406367 3.826182929733988 3.699661085221573 3.5944152035282637 3.519890355555524 3.476967963610103 3.454736643584716 3.445978708586386 3.4500282318483038 3.465550745405754 3.4912609284665415 3.526360777636877 3.569003027155132 3.6178397704322403 3.674623370790998 3.740226984061189 3.812833226611206 3.8880875401634634 3.96038590712478 4.026929412415046 4.082860877250203 4.133444094810586 4.181824360261166 4.207885865407298 4.22599911559018 4.250300866283398 4.28181452428462 4.319226469296057
5.172441550516956 5.228919238031834 5.250911458993327 5.24199190961238 5.221535832533719 5.188258022827461 5.142187833157556 5.083478801488518 5.012465735749874 4.927626388578331 4.825233197627745 4.709822395070129 4.585856700324098 4.457710433549248 4.323478239053539 4.1788772725107375 4.024773121299014 3.8661329884226565 3.7194483251564945 3.603627427653353 3.527014228201664 3.4844530958503572 3.4664058145447623 3.4582538203669966 3.458669339101195 3.466933514779701 3.4824305384901995 3.505409186433961 3.537458991066175 3.579194460746113 3.6321816362686197 3.6991545900789444 3.7778937434154036 3.8617310686382766 3.94273620599023 4.01735325359953 4.0881930953594345 4.155606917399802 4.215806222106554 4.25910812879325 4.2900999877441475 4.321643223653611 4.35647961906415 4.394605826837173
5.101153403285674 5.167799542430327 5.203273336718851 5.213058464150866 5.213646188408759 5.200782476251541 5.172979180425186 5.1287486308977295 5.067640937363824 4.991690408707072 4.8989931328287115 4.790549925559892 4.671658871449639 4.54615545027625 4.408209031737152 4.258339888969262 4.093773487071051 3.9155082609176883 3.7458078459117683 3.6161530247542246 3.541492601523746 3.500859572581848 3.483927771883317 3.4766054359611163 3.4735756470378263 3.474715932472466 3.4796698529097974 3.4889056825948352 3.5046317343526123 3.5314730493820203 3.575439671673379 3.6431235206647092 3.730347144130287 3.8248986751693432 3.916885083051304 4.002839905542327 4.088657325143255 4.171117387641777 4.243290398978745 4.301350049978756 4.345639626837505 4.384731817032993 4.424963944782698 4.466869440775863
5.019907835801052 5.092388528786256 5.1379654418219305 5.166139994239018 5.188573657219036 5.198313757321443 5.191768324739943 5.166491702667489 5.11930200118383 5.051191509414908 4.966480389249621 4.865595688296275 4.753144103568479 4.628362654894385 4.487624944687535 4.3340926724818685 4.165292461420993 3.980372020110596 3.7856124260150255 3.633181183392787 3.5759739948968154 3.5354560001320827 3.513431943551663 3.5042085842666175 3.4978453260206903 3.4923232735023833 3.487012474565241 3.482064005240052 3.478991300063803 3.48353115944889 3.509535270535165 3.5761265583743436 3.675985564452606 3.786791918051096 3.893512810047265 3.994219261772701 4.092807756497248 4.185639221044718 4.2697246569121186 4.341363693315878 4.398880267282408 4.4467494880822995 4.492782689727422 4.537030163984398
4.9260606359033074 4.999950028021182 5.052541154830056 5.099243395131762 5.144538309168818 5.180686716589088 5.202970415063519 5.201639277143243 5.169257981150799 5.107763497151403 5.0256776327099955 4.930669833615952 4.821800407161562 4.695568551226437 4.556108833728128 4.406837127791597 4.242776575615844 4.0644252051459 3.8811157427523106 3.7321988228979337 3.64779800779612 3.5925894931358324 3.5587807292788436 3.5428338629013854 3.5308074084623504 3.520582891568742 3.5084503181292837 3.491543145218921 3.47076697174 3.4480311893659326 3.4384825119285516 3.5090637809451355 3.637260548670569 3.766715311802913 3.8879084277564577 4.0020467774350585 4.1113550254523865 4.213100708824293 4.304908184047806 4.385632664936049 4.454352598783293 4.510413159409756 4.56019598004349 4.605047289347375
