_RESULTS/CROSS_VALIDATION_POSTPROCESSED_CLR/MHZ/GZ/3comp/5/MHZ_GZ_z_250_kriged_reverse_3comp_spherical_5.asc
ncols 100
nrows 74
xllcorner 5.5967023332191781
yllcorner 50.982320383219182
cellsize 0.00019249356164376555
nodata_value 1.7014100000000001E+038
[rows 0 to 18 of 74, columns 44 to 87 of 100]
4.130636475352581 4.238595800506217 4.335674212007184 4.416698113529637 4.47714891395022 4.513437373232752 4.523153939908843 4.507060250576123 4.4733634266209865 4.425190973838121 4.3657497724294405 4.2988130666218005 4.228442861277942 4.1587753858397 4.093878217510023 4.03766939531847 3.9938819090910593 3.966057371354082 3.957444493467209 3.957444493467209 3.957444493467209 3.957444493467209 3.957444493467209 3.957444493467209 3.957444493467209 3.957444493467209 3.957444493467209 3.957444493467209 3.957444493467209 3.957444493467209 3.957444493467209 3.957444493467209 3.957444493467209 3.957444493467209 3.957444493467209 3.957444493467209 3.957444493467209 3.957444493467209 3.957444493467209 3.957444493467209 3.957444493467209 3.957444493467209 3.957444493467209 3.957444493467209
4.2212412380724755 4.351838629490301 4.469403978216111 4.568004041446213 4.6423461145362355 4.688188684208702 4.702746530343586 4.685064806361352 4.642297289927233 4.581284371679974 4.506581492431064 4.4231020224639055 4.335726100819212 4.249037924005721 4.167186345152138 4.09383903360964 4.032451723169741 3.987292879460278 3.961875179691288 3.957444493467209 3.957444493467209 3.957444493467209 3.957444493467209 3.957444493467209 3.957444493467209 3.957444493467209 3.957444493467209 3.957444493467209 3.957444493467209 3.957444493467209 3.957444493467209 3.957444493467209 3.957444493467209 3.957444493467209 3.957444493467209 3.957444493467209 3.957444493467209 3.957444493467209 3.957444493467209 3.957444493467209 3.957444493467209 3.957444493467209 3.957444493467209 3.957444493467209
4.324783549271666 4.479315324487736 4.6188004476419025 4.73635744216759 4.825627749380309 4.880282657719427 4.895859756579358 4.872375880190121 4.816124120928625 4.7387142176643104 4.646048503000388 4.544138078282682 4.438715705279791 4.334944982516103 4.237313025978565 4.1496395608728 4.075146778894934 4.016553164078415 3.976172305475359 3.9579885852112318 3.957444493467209 3.957444493467209 3.957444493467209 3.957444493467209 3.957444493467209 3.957444493467209 3.957444493467209 3.957444493467209 3.957444493467209 3.957444493467209 3.957444493467209 3.957444493467209 3.957444493467209 3.957444493467209 3.957444493467209 3.957444493467209 3.957444493467209 3.957444493467209 3.957444493467209 3.957444493467209 3.957444493467209 3.957444493467209 3.957444493467209 3.957444493467209
4.438590170692881 4.618275552598731 4.781299148579757 4.918725599119276 5.019692568976487 5.078443989908829 5.09196483469601 5.060409964816698 4.989074298065873 4.892628239313563 4.779573387786317 4.6573377656649395 4.532631603641935 4.411186868686988 4.297745549073437 4.196169220884042 4.10959080610495 4.0405678991679395 3.9912196708966383 3.9633410762563894 3.957444493467209 3.957444493467209 3.957444493467209 3.957444493467209 3.957444493467209 3.957444493467209 3.957444493467209 3.957444493467209 3.957444493467209 3.957444493467209 3.957444493467209 3.957444493467209 3.957444493467209 3.957444493467209 3.957444493467209 3.957444493467209 3.957444493467209 3.957444493467209 3.957444493467209 3.957444493467209 3.957444493467209 3.957444493467209 3.957444493467209 3.957444493467209
4.559223836370728 4.765035885836743 4.950646264688083 5.103869740049093 5.2161518789528145 5.279843185497054 5.290334086569677 5.247862014390477 5.158459357874006 5.03947378125956 4.9030882027689415 4.758495509212537 4.613422695347482 4.47404872588707 4.3451948042717055 4.230589864278259 4.133126864438058 4.0550817876289456 3.9982898730483005 3.9642817766107026 3.9543851947482374 3.957443444490272 3.957444493467209 3.957444493467209 3.957444493467209 3.957444493467209 3.957444493467209 3.957444493467209 3.957444493467209 3.957444493467209 3.957444493467209 3.957444493467209 3.957444493467209 3.957444493467209 3.957444493467209 3.957444493467209 3.957444493467209 3.957444493467209 3.957444493467209 3.957444493467209 3.957444493467209 3.957444493467209 3.957444493467209 3.957444493467209
4.682115675960231 4.910426836202894 5.115103803646966 5.286616457788689 5.413476010252923 5.484020503587464 5.490447757284594 5.432982019273329 5.3205148465787575 5.17435475743039 5.011254663964651 4.842398298037857 4.676340596218307 4.519398665630655 4.376178353629429 4.250035851016997 4.143441502851166 4.058256767893309 3.995940337191174 3.957697373094861 3.94458394892568 3.9526879907513193 3.9574009479794054 3.957444493467209 3.957444493467209 3.957444493467209 3.957444493467209 3.957444493467209 3.957444493467209 3.957444493467209 3.957444493467209 3.957444493467209 3.957444493467209 3.957444493467209 3.957444493467209 3.957444493467209 3.957444493467209 3.957444493467209 3.957444493467209 3.957444493467209 3.957444493467209 3.957444493467209 3.957444493467209 3.957444493467209
4.797254354219749 5.043165405811456 5.268232394267038 5.461803292294055 5.608673717924509 5.690188646644183 5.691563257773722 5.612723465341182 5.469370790088906 5.290149060023767 5.096951166178974 4.902635964525212 4.715951367459599 4.542800718739805 4.387172929723915 4.251772987056246 4.138458788411677 4.0485512968480935 3.983053540444725 3.9428001895226514 3.9285546429806897 3.939729635632872 3.9527259235267866 3.957444277134519 3.957444493467209 3.957444493467209 3.957444493467209 3.957444493467209 3.957444493467209 3.957444493467209 3.957444493467209 3.957444493467209 3.957444493467209 3.957444493467209 3.957444493467209 3.957444493467209 3.957444493467209 3.957444493467209 3.957444493467209 3.957444493467209 3.957444493467209 3.957444493467209 3.957444493467209 3.957444493467209
4.8942626507475895 5.155128232721977 5.400346156662959 5.619746905012714 5.79522567900141 5.896777727936385 5.89244050392764 5.7808717798988924 5.59487766002297 5.376205060754288 5.15083061300148 4.931641918610722 4.7263716142876255 4.5397997206612635 4.374887628540278 4.233439198653886 4.116543361419915 4.024886639099094 3.9589675949517726 3.919233499395254 3.9061589723134458 3.920155600387319 3.9414208235114923 3.9542672357049296 3.957444493467209 3.957444493467209 3.957444493467209 3.957444493467209 3.957444493467209 3.957444493467209 3.957444493467209 3.957444493467209 3.9572686810930113 3.9567175830682393 3.956168552288105 3.955887311681915 3.955989008617374 3.9564331945056814 3.957025601428373 3.9574264785568376 3.957444493467209 3.957444493467209 3.957444493467209 3.957444493467209
4.965884172228085 5.235976664193101 5.497095762049909 5.742477047605582 5.956921814025554 6.099330413160098 6.089996911877378 5.921973954086347 5.678463713850232 5.4171533987165885 5.161544558328602 4.92130631537589 4.701879784277829 4.506432250560809 4.3366715187664155 4.19336575069413 4.076751194264163 3.9868396666657353 3.923621540131809 3.8871786416863534 3.877733068137253 3.8956572976694144 3.925063642977447 3.9458411889016918 3.956406786740419 3.957444493467209 3.957444493467209 3.957444493467209 3.957444493467209 3.9572299324424796 3.95555253255618 3.9528617804925292 3.9498675937517573 3.947168088243845 3.9452252101582035 3.944343682633839 3.944655991175006 3.9461155662892358 3.948499200126764 3.951418325624183 3.954337482417579 3.9565974396249812 3.957444493467209 3.957444493467209
5.005221218127661 5.2750857499235995 5.541080062742999 5.80093953463296 6.050724460545368 6.272126205673207 6.265606476719627 5.992000561327723 5.689223194217156 5.394333455677894 5.117741058765322 4.8645022143912025 4.637960217040902 4.439943457518122 4.271025169794923 4.1309535193143985 4.019107806876878 3.934845312326984 3.8776987042097972 3.847453364761776 3.8441527023480084 3.8680699531678506 3.9052716597112003 3.9336695979217744 3.9515364344544905 3.957444493467209 3.957444493467209 3.9573486528827115 3.9550734402232846 3.9505023874420115 3.9445829079920136 3.938204353882358 3.9321693604405317 3.9271620448767677 3.92371594000085 3.9221855380963184 3.922725607845013 3.9252817021331037 3.9295935299241465 3.9352105904756374 3.9415173868227145 3.94776427698073 3.9530998349518107 3.9566013025160607
5.007931087036143 5.265545158835034 5.5188140676871615 5.764915386180633 6.0001075869547105 6.205150803674359 6.184823526395056 5.902222669773614 5.590840690409977 5.290076035758897 5.010131755621607 4.756560644044059 4.53253958936413 4.339561342325593 4.178132643441633 4.047056510359237 3.944881974375918 3.8703838326493716 3.8227478621294564 3.8015852232346696 3.8068740785874366 3.838884110691626 3.8836828586158183 3.919248754475091 3.943902618191084 3.956249283191084 3.956625222470607 3.9520986763146086 3.944531627502631 3.934973936997835 3.9245132345665756 3.914175220524249 3.904884639100701 3.897424199195589 3.892392159296491 3.890168137855827 3.890957365839991 3.894710830321192 3.901119686766946 3.909653340766387 3.919594704955738 3.9297605857108766 3.9386348732003578 3.945719605114798
4.975504410959202 5.203697341664094 5.4243253980421855 5.628756146611819 5.801690828692111 5.902608935509916 5.854548553328302 5.651878530878078 5.380723582849882 5.099898326717971 4.832690988205532 4.591209635708193 4.381562230255065 4.205169130258086 4.060219965999513 3.9443232229408856 3.8568189645661946 3.796121989515862 3.7612565562104288 3.7518404213180405 3.7679362765000293 3.8099249331304295 3.861924496865465 3.9040371752495417 3.9348173790172 3.951483116927596 3.949549462770987 3.939032372289445 3.9256710245943696 3.9106945742194865 3.8953138034800823 3.880688623587804 3.8678847379340904 3.857820899296123 3.8512114559877197 3.848512359884841 3.8498808723071622 3.8551581669772967 3.8639078300798264 3.87476185476448 3.8858433909121883 3.896941075766022 3.9077125950338787 3.9176721647888217
4.908374530164054 5.096726931085479 5.271795331509085 5.423901197549242 5.532707265627282 5.568432896305521 5.5006010785627115 5.3294429341509 5.096289216018193 4.842524091328505 4.59549681716306 4.373403540666605 4.186051767992385 4.0350694220236285 3.916803128444625 3.8262458940960733 3.7592975013889216 3.7159699327753923 3.696645304138934 3.7011862500349135 3.7299115944623775 3.7832876958735 3.841565946024991 3.8893848237407336 3.9238380838347853 3.9392991875541106 3.935303634317141 3.918593779490204 3.8991938873493903 3.878498377815957 3.8578534650522602 3.838577917630021 3.821912049621085 3.808950247959621 3.8005621749002656 3.797314429491963 3.7994095065313847 3.8063808524105904 3.8152059023755682 3.825190336918099 3.8362411206852234 3.848342583133198 3.8611082931104552 3.874006284410935
4.813176873488621 4.958079361460041 5.084707943624288 5.183401933716845 5.239519114016451 5.231904261911405 5.146143990531601 4.985289246376697 4.775091751023822 4.542496227623692 4.314019938673557 4.113313274743579 3.9545701400950213 3.83736651942027 3.7532309008281413 3.6943248996177576 3.6557908437792737 3.634996276418754 3.6331454240077954 3.653079632359756 3.695281875995547 3.7596509766435093 3.8228862459367523 3.8744777324501745 3.907811529544686 3.9211517972509484 3.9144488344017527 3.8920464728039703 3.8663629532444705 3.8396220189005743 3.813319010878946 3.7889586257194643 3.767997725014678 3.751760379823727 3.7413289221213057 3.737427267535099 3.7394411975049087 3.744052386426733 3.7511905733243447 3.760799381766225 3.7725474890608806 3.7859453192403123 3.800794003431468 3.816662081991982
4.698426812687791 4.799816892189403 4.880178277241653 4.931172737503138 4.942536644839774 4.902550196778563 4.80049027086515 4.642882119242657 4.444644578882313 4.223928055902752 4.005414718583196 3.8220854118258556 3.698446305175687 3.6249637388616263 3.5817267504964905 3.558127563010786 3.549641598083325 3.553382790105729 3.5696724466498457 3.6024002722795867 3.6566700184294776 3.72900456749783 3.7951719224831564 3.8463586423788514 3.8784942959755693 3.8912755093493123 3.8842737332020687 3.8592799021156994 3.828521777458087 3.7954172903206875 3.763013000914487 3.733050163674241 3.707252393720527 3.68724711052552 3.6744151134068352 3.6686150559529285 3.6664073502491505 3.668101884003159 3.673874399521504 3.683448508841382 3.6962686301616245 3.71165144855492 3.7288854969835445 3.7476960398634773
4.574408881800507 4.633475490402009 4.670644187384136 4.679909199080927 4.654287733906968 4.5869114636526955 4.473216180109154 4.317682176454101 4.1272908674690765 3.912918557842235 3.69197546237788 3.51038278770388 3.435869440311671 3.4182741671363956 3.4181716879214616 3.425824408336401 3.4409499152196275 3.4651585034137877 3.5002121539301045 3.547807909264234 3.6136449692421255 3.689563487309543 3.755381685163792 3.803715497046612 3.8337463282118014 3.845149121606692 3.8374441356086986 3.8116297919083193 3.7798938513040907 3.7453062528800016 3.708399130255438 3.6722256538383173 3.6409107361918025 3.616483863584211 3.6000371287576534 3.588184772040659 3.581471573625704 3.580607380374801 3.5853826959834745 3.5949306408891064 3.6086082717019385 3.625714166152976 3.6455665268227992 3.6675253892372224
4.457825050185493 4.476738644044206 4.473482649820409 4.44393849473539 4.384211079714474 4.29210481273468 4.172200363485851 4.02138138163621 3.842256188956282 3.6409044261880092 3.424208571493174 3.200944402996052 3.217271042255185 3.24568935192363 3.2726571530206066 3.3015636955351892 3.335460232611976 3.377051196719448 3.428734037497285 3.4924411551911447 3.568589985192104 3.643204483379508 3.704839152832053 3.7492750395720047 3.7763446174069015 3.785636557412799 3.7765516150280916 3.7497553156031467 3.7172601002009618 3.682339716944803 3.6455197766380336 3.6075349613744945 3.5704072330869505 3.5405587086070645 3.5162584436195443 3.4976624660524616 3.486024936064665 3.4817016128782186 3.4845654729385602 3.4937639074514077 3.508219719093572 3.526962366999692 3.5492459151540103 3.5745067910160166
4.354322672869967 4.336304316228476 4.296700493480793 4.233137328735706 4.144030384113486 4.03357244418075 3.9056703372863715 3.760975471418377 3.6004329215064614 3.428207427384441 3.257716876680468 3.130478418870231 3.1009570257298367 3.1213618098161473 3.154729761601718 3.1944487006095734 3.240798726199314 3.2955945629285437 3.360947517828323 3.438303235985572 3.5201888298011434 3.590328214551578 3.6458303713427505 3.6854111860430523 3.7087970565270414 3.7154144238517435 3.7044624041304917 3.676629569639227 3.643785236208793 3.608703691483574 3.5718269390756534 3.5339408546181503 3.496280377937849 3.4587723273180004 3.424298746043567 3.3966159656710913 3.378558959888891 3.3709901140925194 3.3729640915800347 3.382681435474918 3.3983810026701167 3.4187840531038534 3.443155337077959 3.4711581343196336
4.26708948263333 4.215302374837451 4.142938948004223 4.049355079616266 3.9387396623249322 3.815039803730771 3.682037410422832 3.543849487501838 3.4018836866812987 3.2650437195746704 3.145122954596144 3.06127275056114 3.0278160226702715 3.0352742135534694 3.065226125371201 3.108233560569324 3.161591247497339 3.2255668178317753 3.301240397669325 3.3877248292353896 3.4673219110856217 3.531904264687431 3.5801573514799205 3.614109561109717 3.633313431704732 3.636950012629764 3.623923281321156 3.5953933796015254 3.5628855923570812 3.5280710648919738 3.491193358122529 3.4529586433489152 3.4143973936439425 3.3705918102147647 3.3234153190503153 3.2851679973636054 3.2611760243279084 3.2518520168700045 3.2546011898289873 3.266015144900149 3.283419712584562 3.305282136369783 3.3310435691733487 3.360797998666017
