_RESULTS/CROSS_VALIDATION_POSTPROCESSED/MHZ/GZ/2comp/3/MHZ_GZ_z_710_kriged_reverse_2comp_spherical_3.asc
ncols 100
nrows 74
xllcorner 5.5967023332191781
yllcorner 50.982320383219182
cellsize 0.00019249356164376555
nodata_value 1.7014100000000001E+038
[rows 36 to 53 of 74, columns 41 to 81 of 100]
0.013066680171941531 0.01705422449529873 0.022784860457015912 0.03051953055582783 0.040204725139227626 0.047426674539635255 0.04517998013348331 0.03844524729616062 0.031483717270743956 0.02526658109417826 0.0199736836453177 0.015629042157100023 0.012204857498599763 0.009546789005531527 0.007500890582453674 0.005974006062618844 0.004872607070815114 0.004143415522956525 0.0037640225393704837 0.003673482484283429 0.0038638648761790627 0.00428279912695364 0.004760784181865528 0.005234924570492987 0.005664827105542053 0.006008896870667854 0.006209981205087886 0.006074627448828103 0.005586349636866254 0.004849910576297495 0.003997066009327111 0.0031480866314849533 0.0024456153326657968 0.001919810152908687 0.0015286191560646017 0.0012390816877005965 0.0010259270641806676 0.0008702390613772766 0.0007576147513876101 0.0006725732217596266 0.0006123620826992543
0.013584529376027134 0.01735162826341182 0.023186847964086744 0.03207945375469557 0.04538579863617821 0.06200540133659074 0.051488436818693056 0.04176932768652939 0.03364154103124068 0.02683612945720437 0.021175612304274987 0.016540938801930683 0.012786742548825112 0.009853578860280071 0.007637329397995089 0.006013508368150867 0.004886815428040214 0.004224259227004904 0.003916698131353273 0.003914904577044829 0.004201810577820767 0.00478532597851392 0.0055445810715009074 0.00635945200393615 0.007134539923692516 0.007739777851583579 0.008081731915608492 0.007953447624852939 0.007314161226599216 0.006316796330307132 0.005156257866397402 0.004008161948156523 0.0030132289262866986 0.002275164886616649 0.0017400842735067585 0.0013544770993325795 0.0010781371421106543 0.0008734674306403007 0.0007181960064239845 0.0006097088172313303 0.0005506171981948443
0.013578732757727807 0.017122055936292395 0.022786217390355457 0.0313194412785538 0.04290783889241105 0.05267779777219345 0.05012388936273923 0.042755479030129516 0.03536716026441155 0.028692916177023978 0.022628539830364672 0.017487393904964694 0.013356732204045652 0.010166403637195447 0.0077863179311007105 0.00607463339763511 0.004992124472195697 0.0043892545856861875 0.004150559933464464 0.00420604777295126 0.004565615100368915 0.0052758005951392085 0.006285822163836626 0.007550770508097732 0.008864772627261168 0.010019432543647526 0.01077456319830664 0.01073261156307861 0.009885538991898484 0.008505266154810358 0.00688638826473428 0.005292517768366429 0.003898508736700516 0.002834828592062279 0.002087632962010893 0.0015659392734741068 0.0011816626618042494 0.0008987831091792056 0.0007002399153855545 0.000570524860357493 0.0005002392913127788
0.01306101662343553 0.016439270686416516 0.02166900926156862 0.02909791975996857 0.03770932006846448 0.044434095568600014 0.045617169010109954 0.04220310893048648 0.03669496679168487 0.030218875236855982 0.023886858739221785 0.018404432047901147 0.013956918784241556 0.01052014574285398 0.007969968538281988 0.006229353963464184 0.00517893066396896 0.004594876700253878 0.004369132196042071 0.004466808978337983 0.004916006266063344 0.005778519030344525 0.007027409527788702 0.00873686420871789 0.010799565736488936 0.01277572382056823 0.014241165006294076 0.01468000578654612 0.013693251219929972 0.011750845590954538 0.009446912670212259 0.0071855644175329745 0.005229472368346746 0.0036929385326131725 0.002620960981381324 0.0018542723432603623 0.0013091207434653448 0.0009367936101675018 0.0006914837059373762 0.0005374465626150444 0.0004504537378041134
0.012336886526816322 0.015421055931966389 0.020043786604371852 0.026447054182500436 0.03364916036799105 0.03974438845137594 0.042715481780948444 0.041870546201953435 0.03758625730646695 0.031553601680918926 0.025187754007001482 0.019448679121248334 0.014687862756076505 0.010966656634183166 0.008213368792134934 0.006419894677804524 0.005323462768216406 0.004720714387109927 0.0045058837717792 0.004649531331590111 0.005196754645006395 0.006220891543808508 0.007744223629766215 0.009919805206393167 0.012862703231019805 0.016039004717201908 0.018524773922813136 0.019752143422422833 0.019019181194698122 0.016512820209012326 0.01319021326066598 0.0099316879147618 0.00714372897950609 0.0049776268582414395 0.003344071390301785 0.002207796544392838 0.0014597349321656006 0.0009824981520486352 0.0006851740746846083 0.0005047015018322635 0.00040064809748483404
0.011491895294299264 0.014260848634744375 0.018340059408933768 0.0239734221682234 0.030488809852602876 0.03664683521496521 0.04086955412695755 0.04131902134074583 0.03822343873827943 0.03281859622859376 0.026533103823562814 0.020536267213794417 0.01538994746686893 0.01130716752773242 0.008366984772934528 0.006490860129307346 0.005346219670362584 0.004725044618793105 0.004519107646932117 0.004703847506053136 0.005342459631578517 0.0065050511253501265 0.008296205039305277 0.010984123364519063 0.014900673899540624 0.019790804005335994 0.02349701193536839 0.025895725362112966 0.025871068417033696 0.023116370776637172 0.018554252574285224 0.013818200651984535 0.009816177814141036 0.006665956890818796 0.0042658994013716 0.002636211411528895 0.0016330370416945653 0.0010329941658903696 0.0006787585804306369 0.00047161975790278654 0.00035276637739538346
0.010596300415630136 0.013086983752628371 0.016749879924380633 0.02187380000495166 0.028093133711241464 0.034516113748766106 0.039118143338533015 0.040470006339265195 0.03841782362131382 0.03370966048609302 0.027612597260574367 0.021418672282964214 0.015907246129514406 0.011474340148986543 0.008388624204173384 0.006419629571079955 0.00522299224166585 0.004580411697124846 0.004376633334211031 0.0045884328926356 0.005287195361451537 0.006531289853003002 0.008517955827372947 0.011610046551014188 0.01629289839772972 0.02254955820277361 0.02834186918461716 0.032777349358653965 0.03429875637414431 0.031622238347296855 0.0258549882513514 0.019106616583086978 0.013328744087807255 0.008664425009220636 0.005313051469913043 0.003140007271860157 0.00182988986480193 0.0010877897774308775 0.0006724745511233923 0.00043958864490728185 0.0003089534628385941
0.009696914616197155 0.011959437658598093 0.0153179644544609 0.02011928255453837 0.026248374763872567 0.03264725248331892 0.03748453263833281 0.03961597857915689 0.03854030135486412 0.034562570159589606 0.028693719689570105 0.022288458319982826 0.016358060781029197 0.01155728608720691 0.00828280855563283 0.00619840050224601 0.0049430491961364904 0.004275775490933449 0.00406582608145264 0.004284955202590203 0.004986095850520321 0.006238288227981778 0.008302466317046736 0.01159979691195875 0.016664044352860157 0.023786784360358484 0.03246183596408402 0.04026082262677051 0.044293145216562656 0.04211192595468467 0.034876888830611526 0.025842913948063095 0.017403049565680697 0.010832870710142805 0.006382343703705547 0.0036336404741913173 0.0020385691640465737 0.0011490315478759026 0.0006685131247173577 0.00041081650827335693 0.0002709573234687533
0.008905728193373489 0.011000978895415405 0.0141328426125793 0.018698802922151845 0.024688798041399874 0.030845406323999666 0.03594234601025957 0.038845489286021495 0.03879290734991723 0.03565092982495656 0.030064772944821214 0.02337876969774255 0.016886211090524825 0.011611659592020025 0.008060588948171715 0.005829884318295157 0.004511908673350378 0.0038216093275381894 0.0036007018479939836 0.003807604765878658 0.004447419336778458 0.005632477058506665 0.0076491245343044 0.010973641382644696 0.01630514759002441 0.02446093811850095 0.035970034188942075 0.048489693334343845 0.0560350588061535 0.05431530089454778 0.04494507849845061 0.033131704850633624 0.021544158617617885 0.012896410652405479 0.0073388189709752884 0.004045451721576815 0.002198869878927853 0.001199430528495381 0.0006685001528751004 0.0003879078192832579 0.00024010462203856306
0.008498657043162564 0.010536487713496629 0.013592222158722415 0.018098163743562143 0.023822281215004723 0.029613286121683548 0.034660458462723476 0.03812165523002529 0.03921096656597584 0.03715486440117989 0.032024604481373564 0.02497355937455452 0.017659863987892238 0.011683889536117887 0.007731825932319207 0.005325217323795099 0.003952202319913842 0.0032511449685068256 0.003022733290410538 0.003188518474043807 0.0037323179164760563 0.004789632210105781 0.006644122478400519 0.00980606049636237 0.01513931843844379 0.024006785743428856 0.03821643428427628 0.05734641588002172 0.0703958208382579 0.06679031732995476 0.05397976552342263 0.03904010453859142 0.024887588160908795 0.014464469360225348 0.008022867061681975 0.004316969221526118 0.0022889322090881258 0.0012149083474508483 0.0006561205959657465 0.0003667610202305094 0.0002161240739748994
0.008435342297448543 0.010505643961233666 0.01361764907194441 0.018225370093649315 0.023755897711238906 0.02937141836958252 0.034415448031228354 0.03817556869863526 0.039953013082619566 0.0390898242564974 0.0348767141170223 0.027454847624676343 0.0188795932509009 0.011801760933515044 0.007294131151978944 0.00470255982320416 0.0033032522465194555 0.0026168891353471344 0.002391692046803651 0.002498654583445356 0.0029408058353660393 0.003835128977776277 0.005438331401869726 0.008239831166425978 0.013140437851624462 0.021786474469722622 0.03717045898008259 0.06365542322598366 0.087673215128385 0.07445113578357417 0.05772144170728162 0.04129609445658987 0.026286995309002352 0.01514535038689906 0.008298329050393911 0.004408063760849501 0.0023018113989060787 0.0011984172533897185 0.0006312897567476227 0.0003417001372247946 0.00019321350391118933
0.00869152528445791 0.010869832031874095 0.01414231285673678 0.018891793277486843 0.024320510589955584 0.02982426483075309 0.03487870344659423 0.0389469757766615 0.04148875210694064 0.04182647846158233 0.03886753366694705 0.03139684841924242 0.020765127841124116 0.011916588386272669 0.006719668331080219 0.003990339491766992 0.0026200191151704976 0.0019823476235586346 0.0017612992283344267 0.0018295501293872254 0.002182756086626404 0.0029084269881292897 0.0042168828804105855 0.006519125860089793 0.010583278910593826 0.01782845029231167 0.030817960898748442 0.05315110670762372 0.0734861872726243 0.0660315792336882 0.05284421414286889 0.038553968261813495 0.025169386487056893 0.014737409042208598 0.008109159733265158 0.004310857507570593 0.002243201772730166 0.0011576641092448697 0.0006004491551118522 0.00031733209503376653 0.00017317890638313
0.009286859424667067 0.011644280716250012 0.015165921068950464 0.020061400377334608 0.025403645306010362 0.030726491951231602 0.03561295185409709 0.039716324552122324 0.04278463390107089 0.04454241372591758 0.04411460061358683 0.03784449142611957 0.023278752029807864 0.011740144206657548 0.005956488889978488 0.0032393526764551107 0.0019702623058848517 0.0013981495436450487 0.0012008565328376437 0.001258242086177065 0.001545563491432207 0.0021211610095859777 0.0031431056217952093 0.004918073238401323 0.007995406674272927 0.013298727209551183 0.022138641011841365 0.03510310256281527 0.046316438023025 0.04790512141666242 0.04221767319074795 0.032408208701359756 0.02198430171957928 0.013358028432171383 0.007506981228176523 0.004051954766485153 0.0021288074190478 0.001102566801311664 0.00056994966097818 0.00029766861458561657 0.00015844410134382644
0.010291180486578767 0.012903601711332615 0.016756832188539718 0.021761131527815756 0.026949355224910234 0.03189411384359808 0.03623771852496436 0.03975913024654112 0.042413013494530735 0.044322640908636565 0.04574287245039307 0.04697377961261245 0.023772781309573648 0.010601817364092863 0.004998585708418582 0.002536912790516383 0.0014152810503024913 0.0009144800945940773 0.0007595293347388504 0.0008292842911392597 0.0010745297851555875 0.0015294315216170923 0.002307968916016326 0.0036220950324353583 0.005823729245135904 0.009433793203270058 0.015029805284079165 0.02264516439387442 0.02967999061820477 0.032785310535429144 0.031292833456462436 0.02553926506557092 0.018134494952257177 0.011429524085891537 0.0066253042761411675 0.0036808796880958704 0.0019786347167074997 0.0010424169014706624 0.0005447459327068955 0.00028532211244521467 0.0001506455170105186
0.011844440439097804 0.01480353935457992 0.019026840018202817 0.024084999282810056 0.028977434898017844 0.03325126220816232 0.03657027642355132 0.03875597498344007 0.0397594090471486 0.0395216114343824 0.03750211044576244 0.030858731759123043 0.017783463541135705 0.008418131403277703 0.0040074858369142504 0.0019682822589076696 0.0010140051594319927 0.0005721966187588865 0.00045260120650736103 0.0005565935511896226 0.0007737750880698658 0.0011335760703237506 0.0017214036345847207 0.0026791971227472506 0.004223386427811717 0.006642485226981379 0.010217399215417165 0.01496135495470779 0.01959061807091108 0.02243321456908484 0.02262385203114108 0.019512928781258557 0.014544612772709426 0.00955118746790598 0.0057120284871680325 0.0032675655032684955 0.001811690376052961 0.0009837811113466769 0.0005276538515781509 0.000281591232149476 0.0001507143846351724
0.014198806789549575 0.01762759854709387 0.022180310928767016 0.027220965939206664 0.031608753164188805 0.03486974902627633 0.036716660918651445 0.03703592412896982 0.03579551936442997 0.032878850001755944 0.027898911255481166 0.020525310319818035 0.012304666637163016 0.006284994451036597 0.003078667060777664 0.0015260955849354036 0.0007776050937898618 0.0004175153208374275 0.00031951506693970376 0.0004217905666506007 0.0005980493037400801 0.0008811895964685114 0.0013324309786881155 0.0020410838223788056 0.003132321456619319 0.004781645971942724 0.007151699150465786 0.01026907592705228 0.013407409630370173 0.01566415618141983 0.0164006861448728 0.014817310707629242 0.011566403918844902 0.007930702166809828 0.004932394175343609 0.002925032260699596 0.0016773782855190355 0.0009412452785799747 0.0005216120669902706 0.00028749458774297105 0.00015922269480168826
0.017799085747030628 0.021815058837314924 0.0265984465809461 0.031488496167988315 0.035084277992210894 0.03696345391024663 0.037001223679724596 0.03528064505060366 0.03197688033831514 0.027272483557066008 0.0212078723145508 0.014494587583042286 0.00859997231758571 0.004557155123762369 0.0023062978554212097 0.0012036703277288504 0.0006608236788578622 0.0004098757343417062 0.000334631034004339 0.0003746464994496713 0.0004937377402110423 0.000702139739909122 0.0010409468207175376 0.0015758604860316033 0.0023930591775568636 0.003581054751585575 0.005227007754503673 0.0073711380078730435 0.009554890737551499 0.011267390961294551 0.01209088544669227 0.01135729655609494 0.009248876385081654 0.006619524091528208 0.004304434798137234 0.0026673612971101868 0.0015973531466250736 0.0009351916514088551 0.0005399136661708559 0.0003109394095782362 0.0001809203459142505
0.02308988459966672 0.0277245391947037 0.0327245754094753 0.03727119552027123 0.03969804415059598 0.03978013704766246 0.037732820796497146 0.033967731705796714 0.02885888168209697 0.022576739561172187 0.016092371546123755 0.010373448069287097 0.00606985095284399 0.003301449646679307 0.0017418995039384657 0.0009617724919859155 0.0005769453979755567 0.00039522942519010354 0.0003312959563159985 0.00034474152576034035 0.00042152274867136337 0.0005700717053604608 0.0008191321608672777 0.001217251180911393 0.0018315911902426932 0.002739032852557674 0.004001993650922189 0.005549875413476856 0.007108268599868053 0.008390973141459267 0.009125944080811643 0.008862783862044256 0.007501522034976747 0.005596464363882779 0.003820982507920963 0.002489035686281504 0.0015668229862623917 0.0009628266071590671 0.0005848026854686707 0.00035576429533930835 0.00022000628767329368
