_RESULTS/CROSS_VALIDATION_POSTPROCESSED/Berg/IZ/2comp/2/Berg_IZ_z_250_kriged_reverse_2comp_spherical_2.asc
ncols 100
nrows 90
xllcorner  5.6208707817415728
yllcorner 50.959635321741573
cellsize 0.00013419651685393446
nodata_value 1.7014100000000001E+038
[rows 19 to 37 of 90, columns 0 to 42 of 100]
17.703750294708062 17.703750294708062 17.703750294708062 17.703750294708062 17.703750294708062 17.703750294708062 17.703750294708062 17.703750294708062 17.703750294708062 17.703750294708062 17.703750294708062 17.703750294708062 17.703750294708062 17.703750294708062 17.703750294708062 17.703750294708062 17.703750294708062 17.703750294708062 17.703750294708062 17.703750294708062 17.703750294708062 17.703750294708062 17.703750294708062 17.703750294708062 17.703750294708062 17.703707345075646 17.702619247599465 17.700111476470827 17.695924545215806 17.690165643018712 17.682994069132512 17.67457686826952 17.66507458648584 17.6546274557312 17.643586959808687 17.63239456631249 17.62157009900833 17.61169865175349 17.603396116245754 17.597251045922796 17.593748588055476 17.59319228898105 17.59564650294324
17.703750294708062 17.703750294708062 17.703750294708062 17.703750294708062 17.703750294708062 17.703750294708062 17.703750294708062 17.703750294708062 17.703750294708062 17.703750294708062 17.703750294708062 17.703750294708062 17.703750294708062 17.703750294708062 17.703750294708062 17.703750294708062 17.703750294708062 17.703750294708062 17.703750294708062 17.703750294708062 17.703750294708062 17.703750294708062 17.703750294708062 17.703750294708062 17.703750294708062 17.703003491281432 17.700712595175286 17.69703918885803 17.691933151160576 17.68522076190213 17.677061339137524 17.667631494066796 17.65714186686705 17.645843228216968 17.634000182024852 17.622082453455608 17.610670875015483 17.600417995052116 17.592001525401944 17.586050215898975 17.583053413056 17.583277369641017 17.586715390494643
17.703750294708062 17.703750294708062 17.703750294708062 17.703750294708062 17.703750294708062 17.703750294708062 17.703750294708062 17.703750294708062 17.703750294708062 17.703750294708062 17.703750294708062 17.703750294708062 17.703750294708062 17.703750294708062 17.703750294708062 17.703750294708062 17.703750294708062 17.703750294708062 17.703750294708062 17.703750294708062 17.703750294708062 17.703750294708062 17.703750294708062 17.703750294708062 17.70345369916146 17.70157474366827 17.698097098429194 17.693168946560874 17.68693626409789 17.679235718808172 17.670021278013024 17.65947359825829 17.6478142790436 17.635331440124602 17.622404469003243 17.60947857504692 17.597169366119232 17.58622488958366 17.57742287930704 17.5714733585163 17.568902581296356 17.569953264993842 17.5745379509982
17.703750294708062 17.703750294708062 17.703750294708062 17.703750294708062 17.703750294708062 17.703750294708062 17.703750294708062 17.703750294708062 17.703750294708062 17.703750294708062 17.703750294708062 17.703750294708062 17.703750294708062 17.703750294708062 17.703750294708062 17.703750294708062 17.703750294708062 17.703750294708062 17.703750294708062 17.703750294708062 17.703750294708062 17.703750294708062 17.703750294708062 17.70373846765468 17.70257141917412 17.699599432841705 17.694959314739624 17.688780621323687 17.68119453389379 17.67232908008739 17.661994972551565 17.650221001273948 17.63723072940487 17.623325597853533 17.60891841695331 17.59456340303603 17.580965492564836 17.568944918326416 17.559426174527655 17.553260891634554 17.551056693757754 17.55304345361584 17.559025950464076
17.703750294708062 17.703750294708062 17.703750294708062 17.703750294708062 17.703750294708062 17.703750294708062 17.703750294708062 17.703750294708062 17.703750294708062 17.703750294708062 17.703750294708062 17.703750294708062 17.703750294708062 17.703750294708062 17.703750294708062 17.703750294708062 17.703750294708062 17.703750294708062 17.703750294708062 17.703750294708062 17.703750294708062 17.703750294708062 17.703750294708062 17.703413264351852 17.70126811257913 17.69725517103126 17.69149035772684 17.684081037254316 17.675134733617693 17.664769105853363 17.65311240437328 17.64000728802801 17.625518326437213 17.6099458494746 17.59372372441314 17.577466220998815 17.562000611176213 17.548356565719207 17.53767613484486 17.53101912212834 17.529137045802077 17.532256313490482 17.540018090181402
17.703750294708062 17.703750294708062 17.703750294708062 17.703750294708062 17.703750294708062 17.703750294708062 17.703750294708062 17.703750294708062 17.703750294708062 17.703750294708062 17.703750294708062 17.703750294708062 17.703750294708062 17.703750294708062 17.703750294708062 17.703750294708062 17.703750294708062 17.703750294708062 17.703750294708062 17.703750294708062 17.703750294708062 17.703750294708062 17.703750294708062 17.702752807210256 17.699705206587097 17.694718371330328 17.687885416763496 17.679288003299035 17.669004321579695 17.65711865448587 17.64373399628344 17.628989588053297 17.612839016718617 17.595340152345827 17.576923774297466 17.558249273406858 17.54027408568949 17.524276313289164 17.511761072097247 17.5041918064956 17.50258575962115 17.507165131071325 17.517290574485195
17.703750294708062 17.703750294708062 17.703750294708062 17.703750294708062 17.703750294708062 17.703750294708062 17.703750294708062 17.703750294708062 17.703750294708062 17.703750294708062 17.703750294708062 17.703750294708062 17.703750294708062 17.703750294708062 17.703750294708062 17.703750294708062 17.703750294708062 17.703750294708062 17.703750294708062 17.703750294708062 17.703750294708062 17.703750294708062 17.70365174775058 17.701897476939642 17.698037165419617 17.692162009103242 17.68434107454295 17.67462753341976 17.663065194426956 17.64969654154724 17.6345740784941 17.617777768192223 17.59944280226166 17.57972911537494 17.55870900426637 17.53700685478206 17.515695322175347 17.496364710484162 17.481075265244435 17.471983801370953 17.47062535463449 17.477231034038873 17.49064170083196
17.703750294708062 17.703750294708062 17.703750294708062 17.703750294708062 17.703750294708062 17.703750294708062 17.703750294708062 17.703750294708062 17.703750294708062 17.703750294708062 17.703750294708062 17.703750294708062 17.703750294708062 17.703750294708062 17.703750294708062 17.703750294708062 17.703750294708062 17.703750294708062 17.703750294708062 17.703750294708062 17.703750294708062 17.703750294708062 17.703382857288176 17.70097593746237 17.69640851243154 17.68975161430071 17.681050213343237 17.670327740865975 17.657590425431536 17.642832542153755 17.626044390289586 17.607226170807486 17.586413320561924 17.56372276786577 17.53943519623001 17.51402043090515 17.488330256928826 17.464269221450763 17.4447110010775 17.433071520813613 17.431963331259386 17.44164305272777 17.459880376393993
17.703750294708062 17.703750294708062 17.703750294708062 17.703750294708062 17.703750294708062 17.703750294708062 17.703750294708062 17.703750294708062 17.703750294708062 17.703750294708062 17.703750294708062 17.703750294708062 17.703750294708062 17.703750294708062 17.703750294708062 17.703750294708062 17.703750294708062 17.703750294708062 17.703750294708062 17.703750294708062 17.703750294708062 17.703750294708062 17.703044447293234 17.700102258249327 17.694949736045576 17.687639672893944 17.678194563926183 17.66660916812016 17.65285211300121 17.63686729723175 17.618576481978764 17.59788583329526 17.57470194916315 17.548968369433545 17.520744076148993 17.490364473508563 17.458751028436154 17.42791557175456 17.401553688057962 17.385348647081063 17.384448474678134 17.399196540243413 17.424864128654562
17.703750294708062 17.703750294708062 17.703750294708062 17.703750294708062 17.703750294708062 17.703750294708062 17.703750294708062 17.703750294708062 17.703750294708062 17.703750294708062 17.703750294708062 17.703750294708062 17.703750294708062 17.703750294708062 17.703750294708062 17.703750294708062 17.703750294708062 17.703750294708062 17.703750294708062 17.703750294708062 17.703750294708062 17.703750294708062 17.702721270640716 17.699372529907016 17.693772467054135 17.68595888685632 17.67593537852587 17.66367196026062 17.64910386803294 17.632128724968034 17.61260267237395 17.59033696747543 17.56509871253604 17.53662430242522 17.5046307245614 17.468956901138682 17.429946129394857 17.389183396825874 17.351194971224402 17.325733854783383 17.324720761900007 17.34871580599699 17.386129283882802
17.703750294708062 17.703750294708062 17.703750294708062 17.703750294708062 17.703750294708062 17.703750294708062 17.703750294708062 17.703750294708062 17.703750294708062 17.703750294708062 17.703750294708062 17.703750294708062 17.703750294708062 17.703750294708062 17.703750294708062 17.703750294708062 17.703750294708062 17.703750294708062 17.703750294708062 17.703750294708062 17.703750294708062 17.703749421288535 17.702478423925637 17.698861388283447 17.692964481202917 17.684815039954334 17.674403231012434 17.661681189949824 17.64655952101197 17.628900878484004 17.60851032173169 17.585122360102474 17.558357067596575 17.527683820026976 17.49251218819322 17.452176494410253 17.406085761708873 17.354275814828803 17.29946441023839 17.254733551729455 17.25269531014578 17.295366393892813 17.34770114987516
17.703750294708062 17.703750294708062 17.703750294708062 17.703750294708062 17.703750294708062 17.703750294708062 17.703750294708062 17.703750294708062 17.703750294708062 17.703750294708062 17.703750294708062 17.703750294708062 17.703750294708062 17.703750294708062 17.703750294708062 17.703750294708062 17.703750294708062 17.703750294708062 17.703750294708062 17.703750294708062 17.703750294708062 17.70374402329701 17.702359237427366 17.698618912128456 17.69258519392072 17.68428044870811 17.6736884079643 17.660752545564712 17.64537139402454 17.62739022822968 17.606585659310454 17.58258070400555 17.5549019045219 17.522950069171557 17.48593269664841 17.442813376712152 17.392261361888806 17.332634659143 17.262188782031217 17.18203480988042 17.176667577091408 17.255717756115814 17.317362788774968
17.703640154890525 17.703652481160486 17.703685010878267 17.703724536813304 17.703749495387715 17.703750294708062 17.703750294708062 17.703750294708062 17.703750294708062 17.703750294708062 17.703750294708062 17.703750294708062 17.703750294708062 17.703750294708062 17.703750294708062 17.703750294708062 17.703750294708062 17.703750294708062 17.703750294708062 17.703750294708062 17.703750294708062 17.70374550967369 17.70238372646621 17.69866834135339 17.69266231907027 17.6843890395432 17.673833549886155 17.660941099422462 17.64561270239375 17.627687601620938 17.606866853490125 17.58280207944622 17.5550438914905 17.522998343741076 17.48589190699961 17.44274027019915 17.39235024899394 17.33347050945488 17.26571449448697 17.19693910393298 17.192885033451365 17.255050170140564 17.31321087590596
17.702711565336404 17.702751776051866 17.70286736074223 17.70304337448006 17.703255540389595 17.703471108143823 17.703649896230957 17.703745393588342 17.703750294708062 17.703750294708062 17.703750294708062 17.703750294708062 17.703750294708062 17.703750294708062 17.703750294708062 17.703750294708062 17.703750294708062 17.703750294708062 17.703750294708062 17.703750294708062 17.703750294708062 17.703750294708062 17.702547836777565 17.699004963058716 17.69319022925343 17.68513391357985 17.67482997129487 17.66223561126865 17.647257753200062 17.629686402731792 17.60929105738486 17.58577954448212 17.55877536622609 17.527811444158548 17.492343738373254 17.451824001088852 17.40594097743735 17.355361308665916 17.30401796487533 17.265181637175825 17.26256070912489 17.294590780099515 17.33836440918376
17.70087173707323 17.700942125095455 17.70114744626549 17.70147044992222 17.70188327144388 17.70234862998184 17.70282127061665 17.703249474705192 17.703576474366976 17.703741639313854 17.703750294708062 17.703750294708062 17.703750294708062 17.703750294708062 17.703750294708062 17.703750294708062 17.703750294708062 17.703750294708062 17.703750294708062 17.703750294708062 17.703750294708062 17.703750294708062 17.702823599380167 17.69959634027442 17.6941302929517 17.686467848354134 17.676618420956384 17.664553756701164 17.650144323618548 17.633249838399582 17.613700567637917 17.59128099883134 17.5657362631816 17.536796345209712 17.504242580415045 17.468069698910472 17.428857357039455 17.388570968730775 17.352026424397827 17.32817954468489 17.328196862977443 17.349261466618096 17.380055734817287
17.69815331712963 17.698256909960726 17.698560788048802 17.699044644298496 17.699675884953596 17.70041130432664 17.70119907541368 17.701980801673667 17.70269340494679 17.70327068259552 17.70364443349649 17.703750294708062 17.703750294708062 17.703750294708062 17.703750294708062 17.703750294708062 17.703750294708062 17.703750294708062 17.703750294708062 17.703750294708062 17.703750294708062 17.703750294708062 17.703160171124775 17.700383847203696 17.695413131300068 17.688306642692847 17.67909336284253 17.667719777298625 17.654107082983174 17.63817385491574 17.619812413016074 17.598898816636996 17.57531460327452 17.54899317406236 17.52001446383278 17.48878829381733 17.456383839124843 17.42503960274008 17.398679713644817 17.38440239910379 17.388817489032583 17.405037625336085 17.427275675309318
17.694581030397632 17.694721753718913 17.69513560831548 17.695798213920995 17.696670723424994 17.697702183431232 17.698832290824726 17.69999417049072 17.701116863419372 17.70212731713411 17.702951776868723 17.703516561970208 17.703748267224935 17.703750294708062 17.703750294708062 17.703750294708062 17.703750294708062 17.703750294708062 17.703750294708062 17.703750294708062 17.703750294708062 17.703750294708062 17.703485602457032 17.70128527179035 17.69694241964729 17.690534695715666 17.682087291195586 17.671561986489 17.658940973207557 17.644189108855134 17.627262789778992 17.60812715083 17.586786674987525 17.563339954005038 17.53807449764773 17.51162030398019 17.485169326242016 17.46071167309471 17.441176301579045 17.43641382054616 17.443488765418568 17.45734923433739 17.474220790981416
17.690172768994998 17.69035568113714 17.69089418699613 17.691758422012317 17.692901204985887 17.694261407420726 17.695767797972476 17.697342801462806 17.698905743671105 17.700375332940524 17.70167129714661 17.702715215224664 17.703430648135317 17.703742693645808 17.703750294708062 17.703750294708062 17.703750294708062 17.703750294708062 17.703750294708062 17.703750294708062 17.703750294708062 17.703750294708062 17.70370906917679 17.702198095837943 17.698599635425087 17.693005938150243 17.68542852086994 17.675856354929454 17.66429604256355 17.650786106196254 17.63536466994119 17.618089516561472 17.599070382682903 17.57852049718013 17.55683485948605 17.534697961521665 17.51320538272173 17.49394142620669 17.481078507805805 17.483265460922063 17.492303334805683 17.504956323670648 17.518477827962005
17.68494046379885 17.685172093866225 17.68585411894918 17.686949181177688 17.688398861389494 17.690128568024154 17.692052951069037 17.694080991764185 17.696120184155475 17.698079537212465 17.699871383531146 17.701412139388648 17.702622225822584 17.703425358987758 17.703747380192553 17.703750294708062 17.703750294708062 17.703750294708062 17.703750294708062 17.703750294708062 17.703750294708062 17.703750294708062 17.703750294708062 17.70300299073459 17.700237348995596 17.695419690062618 17.688606571930908 17.679901866888052 17.6693926205014 17.657159412210845 17.643290494815265 17.627901951399316 17.61116732537056 17.593360350318914 17.574912597771956 17.55648137779392 17.539008553002922 17.52374620530086 17.5180369764477 17.52502955310708 17.535708148270203 17.547810213145056 17.559297970656456
