_RESULTS/CROSS_VALIDATION_POSTPROCESSED/Berg/IZ/2comp/2/Berg_IZ_z_0_kriged_reverse_2comp_spherical_2.asc
ncols 100
nrows 90
xllcorner  5.6208707817415728
yllcorner 50.959635321741573
cellsize 0.00013419651685393446
nodata_value 1.7014100000000001E+038
[rows 18 to 35 of 90, columns 0 to 40 of 100]
0.015078064472537329 0.015078064472537329 0.015078064472537329 0.015078064472537329 0.015078064472537329 0.015078064472537329 0.015078064472537329 0.015078064472537329 0.015078064472537329 0.015078064472537329 0.015078064472537329 0.015078064472537329 0.015078064472537329 0.015078064472537329 0.015078064472537329 0.015078064472537329 0.015078064472537329 0.015078064472537329 0.015078064472537329 0.015078064472537329 0.015078064472537329 0.015078064472537329 0.015078064472537329 0.015078064472537329 0.015078064472537329 0.015078064472537329 0.015095959319565784 0.015498841267763267 0.016464997738790628 0.018020933423825953 0.02022970545019932 0.02314316917893047 0.026675503690415537 0.030834521369431336 0.03559930190914303 0.04087744113240511 0.04647857648181983 0.052095889956885105 0.05730816544406329 0.06161599933380972 0.06451928605197205
0.015078064472537329 0.015078064472537329 0.015078064472537329 0.015078064472537329 0.015078064472537329 0.015078064472537329 0.015078064472537329 0.015078064472537329 0.015078064472537329 0.015078064472537329 0.015078064472537329 0.015078064472537329 0.015078064472537329 0.015078064472537329 0.015078064472537329 0.015078064472537329 0.015078064472537329 0.015078064472537329 0.015078064472537329 0.015078064472537329 0.015078064472537329 0.015078064472537329 0.015078064472537329 0.015078064472537329 0.015078064472537329 0.015083717006857397 0.015227399697217514 0.01560651303499386 0.016498226253280138 0.017960034370158362 0.020040925122631777 0.022812372332178803 0.026313342708173187 0.030427932197022226 0.03510530881357577 0.040233430152873215 0.0456023106783747 0.050893235967662556 0.05569163647730816 0.059533146343625776 0.061982674602961155
0.015078064472537329 0.015078064472537329 0.015078064472537329 0.015078064472537329 0.015078064472537329 0.015078064472537329 0.015078064472537329 0.015078064472537329 0.015078064472537329 0.015078064472537329 0.015078064472537329 0.015078064472537329 0.015078064472537329 0.015078064472537329 0.015078064472537329 0.015078064472537329 0.015078064472537329 0.015078064472537329 0.015078064472537329 0.015078064472537329 0.015078064472537329 0.015078064472537329 0.015078064472537329 0.015078064472537329 0.015078064472537329 0.01517655502560957 0.01548140226237344 0.015978804065697433 0.016801589065435902 0.01818435527542598 0.020167100061216716 0.022806530835844496 0.026164088325817698 0.030261065856948967 0.03492542607818063 0.040005046661984775 0.045272484343402544 0.050393948107095035 0.05495002434438992 0.05849006539887116 0.06061500852516743
0.015078064472537329 0.015078064472537329 0.015078064472537329 0.015078064472537329 0.015078064472537329 0.015078064472537329 0.015078064472537329 0.015078064472537329 0.015078064472537329 0.015078064472537329 0.015078064472537329 0.015078064472537329 0.015078064472537329 0.015078064472537329 0.015078064472537329 0.015078064472537329 0.015078064472537329 0.015078064472537329 0.015078064472537329 0.015078064472537329 0.015078064472537329 0.015078064472537329 0.015078064472537329 0.015078064472537329 0.015117128271532877 0.01536619547705661 0.01583446965402944 0.016514354572835115 0.01740361041343794 0.01872086473436332 0.020634255132492632 0.02318938044627754 0.026434418082704785 0.030398595207403446 0.03506177207873135 0.040199019129462436 0.04549784658191423 0.05060220582833368 0.05507212174640959 0.05844761059262888 0.060340364142657296
0.015078064472537329 0.015078064472537329 0.015078064472537329 0.015078064472537329 0.015078064472537329 0.015078064472537329 0.015078064472537329 0.015078064472537329 0.015078064472537329 0.015078064472537329 0.015078064472537329 0.015078064472537329 0.015078064472537329 0.015078064472537329 0.015078064472537329 0.015078064472537329 0.015078064472537329 0.015078064472537329 0.015078064472537329 0.015078064472537329 0.015078064472537329 0.015078064472537329 0.015078064472537329 0.015079620869200621 0.015233736613335689 0.015631012561457002 0.016265139574020905 0.017135941493124866 0.01824665283208252 0.019610916676094478 0.021482004815100906 0.023999442459217295 0.027203207363719152 0.031112919946904728 0.035697835051146785 0.04084095020340936 0.046287086826397976 0.05153262032646086 0.05607174759470911 0.05940757925326268 0.061136664068939195
0.015078064472537329 0.015078064472537329 0.015078064472537329 0.015078064472537329 0.015078064472537329 0.015078064472537329 0.015078064472537329 0.015078064472537329 0.015078064472537329 0.015078064472537329 0.015078064472537329 0.015078064472537329 0.015078064472537329 0.015078064472537329 0.015078064472537329 0.015078064472537329 0.015078064472537329 0.015078064472537329 0.015078064472537329 0.015078064472537329 0.015078064472537329 0.015078064472537329 0.015078064472537329 0.015122459143367302 0.015407103182960019 0.015949265286520423 0.016750314628824186 0.017818608746758557 0.019167008586019628 0.020809864831788774 0.022767475485255453 0.025292453192175036 0.028526047680243402 0.03248482093597982 0.0371328530065211 0.04234194329853422 0.04785219042858094 0.05325072935573272 0.05799165670259132 0.06141633081692987 0.0630348663747213
0.015078064472537329 0.015078064472537329 0.015078064472537329 0.015078064472537329 0.015078064472537329 0.015078064472537329 0.015078064472537329 0.015078064472537329 0.015078064472537329 0.015078064472537329 0.015078064472537329 0.015078064472537329 0.015078064472537329 0.015078064472537329 0.015078064472537329 0.015078064472537329 0.015078064472537329 0.015078064472537329 0.015078064472537329 0.015078064472537329 0.015078064472537329 0.015078064472537329 0.015078064472537329 0.015209713484228596 0.015616754676944474 0.016298530782172357 0.017264622457705592 0.018533035682752077 0.020128151673240748 0.02207802288267264 0.02441030180400259 0.027145993292911074 0.030480649539808103 0.034595544652642835 0.03945836031466753 0.04493666629413851 0.050746889398564234 0.056420076884895344 0.06132152501554458 0.06476071990573809 0.06618418422476777
0.015078064472537329 0.015078064472537329 0.015078064472537329 0.015078064472537329 0.015078064472537329 0.015078064472537329 0.015078064472537329 0.015078064472537329 0.015078064472537329 0.015078064472537329 0.015078064472537329 0.015078064472537329 0.015078064472537329 0.015078064472537329 0.015078064472537329 0.015078064472537329 0.015078064472537329 0.015078064472537329 0.015078064472537329 0.015078064472537329 0.015078064472537329 0.015078064472537329 0.015091036219476127 0.015323219005825802 0.01584262300349674 0.016655632296985627 0.017780374706967313 0.019245380122685323 0.021088217177574368 0.02335349543453526 0.026089390206043752 0.029341467057248494 0.03314204894289404 0.03755293533184791 0.04279529298170343 0.04877488028839881 0.055190006461352636 0.061496283633834116 0.06690454625745693 0.07051876505883835 0.07163322811635744
0.015078064472537329 0.015078064472537329 0.015078064472537329 0.015078064472537329 0.015078064472537329 0.015078064472537329 0.015078064472537329 0.015078064472537329 0.015078064472537329 0.015078064472537329 0.015078064472537329 0.015078064472537329 0.015078064472537329 0.015078064472537329 0.015078064472537329 0.015078064472537329 0.015078064472537329 0.015078064472537329 0.015078064472537329 0.015078064472537329 0.015078064472537329 0.015078064472537329 0.015126468810288254 0.015446150765745724 0.016065268742575613 0.016997087212908546 0.018268229483480333 0.01991809842464072 0.02199845314900742 0.024572563668091872 0.027713079576501102 0.03149722116875876 0.03599701092904985 0.04126086784093485 0.04728098109599559 0.0540367975213755 0.06143972737386642 0.06887289620197835 0.07530734962893933 0.07945243906380056 0.08026049554141376
0.015078064472537329 0.015078064472537329 0.015078064472537329 0.015078064472537329 0.015078064472537329 0.015078064472537329 0.015078064472537329 0.015078064472537329 0.015078064472537329 0.015078064472537329 0.015078064472537329 0.015078064472537329 0.015078064472537329 0.015078064472537329 0.015078064472537329 0.015078064472537329 0.015078064472537329 0.015078064472537329 0.015078064472537329 0.015078064472537329 0.015078064472537329 0.015078064472537329 0.015171142356756916 0.015563311965297198 0.016266466164774743 0.017300058476809647 0.018698598854856415 0.020511903923702817 0.022805786568563014 0.025662726961275497 0.02918179818254713 0.0334765686600458 0.038668647739856926 0.04487255365067081 0.052163904959937786 0.06051650583131751 0.06968771834414197 0.07906441956163705 0.08747042035750602 0.09289634839620177 0.09343158908453036
0.015078064472537329 0.015078064472537329 0.015078064472537329 0.015078064472537329 0.015078064472537329 0.015078064472537329 0.015078064472537329 0.015078064472537329 0.015078064472537329 0.015078064472537329 0.015078064472537329 0.015078064472537329 0.015078064472537329 0.015078064472537329 0.015078064472537329 0.015078064472537329 0.015078064472537329 0.015078064472537329 0.015078064472537329 0.015078064472537329 0.015078064472537329 0.015078064472537329 0.015213888359709977 0.01566162779548587 0.016430062751483777 0.01754371655027616 0.019043715831662263 0.02098882657938644 0.02345726045916806 0.02654897611718629 0.030388025710985048 0.035124088010590186 0.04093146031505326 0.04800193439333675 0.0565713508694512 0.06684413192108755 0.07878379700082204 0.09187734287942421 0.10452201155859932 0.11322350376105485 0.1137067004607291
0.015078064472537329 0.015078064472537329 0.015078064472537329 0.015078064472537329 0.015078064472537329 0.015078064472537329 0.015078064472537329 0.015078064472537329 0.015078064472537329 0.015078064472537329 0.015078064472537329 0.015078064472537329 0.015078064472537329 0.015078064472537329 0.015078064472537329 0.015078064472537329 0.015078064472537329 0.015078064472537329 0.015078064472537329 0.015078064472537329 0.015078064472537329 0.01507817940760234 0.015246062915929323 0.01573074242971188 0.016542976984242473 0.01771082520343715 0.019280104899078658 0.021316035265824474 0.023905937676477258 0.02716290200195114 0.0312302776707063 0.03628667516353591 0.042590354799978664 0.0505082933465501 0.06037887683336609 0.07255852749009203 0.08735187723442323 0.10478930803949485 0.12386589112188275 0.13979378076739263 0.14079014203711995
0.015078064472537329 0.015078064472537329 0.015078064472537329 0.015078064472537329 0.015078064472537329 0.015078064472537329 0.015078064472537329 0.015078064472537329 0.015078064472537329 0.015078064472537329 0.015078064472537329 0.015078064472537329 0.015078064472537329 0.015078064472537329 0.015078064472537329 0.015078064472537329 0.015078064472537329 0.015078064472537329 0.015078064472537329 0.015078064472537329 0.015078064472537329 0.015078889753556375 0.015261870682679713 0.01576360088599776 0.016596159781927557 0.017789283868486414 0.01939103852832387 0.021469764907423694 0.024117239693777878 0.02745305915542505 0.03163410103641419 0.03695569984737215 0.0437364724840483 0.05232733371797332 0.063156536892989 0.07673445959738746 0.09365021341977328 0.11454618902384921 0.14000014299424718 0.16940442871087213 0.17182397162875046
0.01510102350558078 0.015098452839724125 0.015091670174625463 0.015083431612771859 0.015078231005875188 0.015078064472537329 0.015078064472537329 0.015078064472537329 0.015078064472537329 0.015078064472537329 0.015078064472537329 0.015078064472537329 0.015078064472537329 0.015078064472537329 0.015078064472537329 0.015078064472537329 0.015078064472537329 0.015078064472537329 0.015078064472537329 0.015078064472537329 0.015078064472537329 0.015078694152305934 0.015258621783157601 0.015756898879294365 0.01658533624098615 0.01777332817722326 0.0193684806180747 0.021438494962125097 0.024074232419475886 0.02740838510802178 0.03171250996885581 0.03724181345865106 0.04429336704015053 0.05323430502871735 0.06450653911425305 0.07862306176898093 0.09614260974824368 0.11757763139468082 0.14300284273071998 0.16925193165716634 0.17139341305466904
0.015295561743358303 0.015287101661045526 0.015262801530829958 0.015225848750148022 0.015181389062972513 0.015136309329490949 0.01509899190613969 0.015079085610024044 0.015078064472537329 0.015078064472537329 0.015078064472537329 0.015078064472537329 0.015078064472537329 0.015078064472537329 0.015078064472537329 0.015078064472537329 0.015078064472537329 0.015078064472537329 0.015078064472537329 0.015078064472537329 0.015078064472537329 0.015078064472537329 0.015236861765677632 0.01571130807541965 0.01651137718262713 0.017664134796852308 0.019214075011203785 0.02122458736388638 0.02379715862796942 0.027164041478173247 0.03152541271342185 0.03711244515135276 0.0442097674090697 0.053153775591374304 0.06431768112259681 0.07806566159850521 0.09463141256304229 0.11379158364420519 0.1339309468436616 0.14964892744216787 0.15091428616138403
0.015686148777410976 0.015671079428897346 0.01562717981561288 0.015558291850337259 0.015470556200376618 0.015372068757487482 0.015272488131014634 0.01518265887750857 0.015114309058290021 0.015079867837474302 0.015078064472537329 0.015078064472537329 0.015078064472537329 0.015078064472537329 0.015078064472537329 0.015078064472537329 0.015078064472537329 0.015078064472537329 0.015078064472537329 0.015078064472537329 0.015078064472537329 0.015078064472537329 0.01520034469960165 0.01563142955940943 0.016380222382126577 0.01746969626823587 0.01893894044181703 0.02085376286438037 0.023405951004801397 0.026756566410238745 0.031077981043009333 0.036583442337091515 0.043523603141847486 0.05217178099643134 0.06278570258243953 0.07552157178933179 0.09025223325112815 0.10620079384433471 0.12130247999983233 0.13166318384836875 0.12983434287589568
0.01627587021716296 0.01625311986215901 0.016186511414948798 0.01608084379948889 0.01594371030187607 0.015784971301043404 0.015616154489643536 0.015449878827025918 0.015299383644917458 0.01517821945651889 0.015100131159980186 0.015078064472537329 0.015078064472537329 0.015078064472537329 0.015078064472537329 0.015078064472537329 0.015078064472537329 0.015078064472537329 0.015078064472537329 0.015078064472537329 0.015078064472537329 0.015078064472537329 0.015155855587959219 0.015525485312320989 0.016202371767277356 0.017203993970795917 0.018563655331756048 0.020423814926906814 0.0229288709130509 0.026202627057389904 0.030401693851170426 0.03571259974133622 0.04234125879123477 0.05048725961668626 0.060290358960118265 0.07172936551328972 0.08444762230452402 0.09749353291661778 0.10906432337452175 0.11593667412516154 0.10974036326140733
0.017073951317206796 0.017042011526000524 0.016948318479577413 0.016799051993150814 0.01660388920266615 0.016375202511570597 0.016127159794967944 0.01587487346239598 0.015633713289172367 0.015418852285262196 0.015245071196792487 0.01512681591701446 0.015078486888322692 0.015078064472537329 0.015078064472537329 0.015078064472537329 0.015078064472537329 0.015078064472537329 0.015078064472537329 0.015078064472537329 0.015078064472537329 0.015078064472537329 0.015112923082964878 0.015404812026628613 0.015992050612168348 0.01688565062932335 0.018158949713290254 0.019962387638561962 0.022382526709125845 0.02553098362408764 0.029545249564986893 0.03458220438416274 0.04080254834209726 0.04833907252808633 0.057238914306360064 0.06736897362570086 0.07828115747435851 0.08906573054669033 0.09826658991574978 0.10120491847470539 0.0920035620781313
