_RESULTS/CROSS_VALIDATION_POSTPROCESSED_80-20/Berg/GZ/1comp/3/Berg_GZ_z_710_kriged_reverse_1comp_spherical_3.asc
ncols 100
nrows 90
xllcorner 5.6208707817415728
yllcorner 50.959635321741573
cellsize 0.00013419651685393446
nodata_value 1.7014100000000001E+038
[rows 54 to 71 of 90, columns 40 to 79 of 100]
0.0002859409242759336 0.0001496394774318192 7.844618187749492e-05 4.3379965092746874e-05 2.5559568384066152e-05 1.598834402224944e-05 1.0228408685931762e-05 7.693584289085008e-06 1.4414885793546437e-05 2.778421249120518e-05 5.364057504113491e-05 0.00010354596629238026 0.0001956087647595067 0.0003567347505936694 0.0006284757359243681 0.001077162046117884 0.0018102076321644307 0.003008157671564088 0.0049493827300545 0.007971699086981983 0.008727612147151636 0.003147767259489401 0.0011217932250101109 0.0004031850978137615 0.00014950726773787723 5.88648078123359e-05 2.578386514460292e-05 1.3670261311585449e-05 8.982395207316998e-06 7.131982705506994e-06 6.5555031622937066e-06 6.763404990522268e-06 7.662155342640002e-06 9.369132028125123e-06 1.218747707076011e-05 1.6651424573691322e-05 2.3619815357319786e-05 3.441028321291789e-05 5.097094893467056e-05 7.631232114454211e-05
0.00023704144465943442 0.00012513999670850896 6.643759366606446e-05 3.750575792366408e-05 2.2836962661669336e-05 1.5216649795186316e-05 1.1286335877907928e-05 1.093283168157837e-05 1.654823079061531e-05 3.059927199333407e-05 5.927633685484521e-05 0.00011668962245620094 0.00022726063290205215 0.00043248669254616434 0.0007967324496635126 0.001426970243763793 0.002494265451756601 0.004249374275111116 0.0068609810233015685 0.009771495129401331 0.00912580727764632 0.00459158695564662 0.0018125825467224532 0.0006682440643662872 0.00024383981289602277 9.16928219631757e-05 3.792806567188922e-05 1.970184521597865e-05 1.3426542815713735e-05 1.1136054723795268e-05 1.0492852068547945e-05 1.0864536787692605e-05 1.2145601968336809e-05 1.44760350420597e-05 1.819531591011368e-05 2.3872903105980276e-05 3.237540459234768e-05 4.4963707335724826e-05 6.369274051781181e-05 9.33620481855445e-05
0.00020667569889278349 0.00011192200328519388 6.115338830224966e-05 3.594014746087052e-05 2.322439069101451e-05 1.6939999348998836e-05 1.4661212547696131e-05 1.5893366542450236e-05 2.2509883396437897e-05 3.8496073053181755e-05 7.171057655694532e-05 0.00013899956496417267 0.0002698457416935081 0.0005187114318546724 0.0009713352518856427 0.001760660318583557 0.0030773875583581557 0.005066608104584143 0.007533382453051784 0.00931879824499269 0.008369857682579385 0.005123069742398663 0.0023699916805741653 0.0009487289010393503 0.0003560252990731182 0.0001310350669033365 5.016330884608633e-05 2.494613662536175e-05 1.8896659048725095e-05 1.687482767743952e-05 1.6384843889731228e-05 1.7020623187528667e-05 1.8765418433555668e-05 2.180072247366957e-05 2.6487659933228323e-05 3.339081666045352e-05 4.334502618333271e-05 5.766349114022576e-05 7.935913618510988e-05 0.00011405748619339472
0.00018908369434935025 0.00010636937562031272 6.0472304096040924e-05 3.7304901199114195e-05 2.5687305215238906e-05 2.0276612442442078e-05 1.9098510933391864e-05 2.210316556115667e-05 3.104258864892877e-05 5.090394968687164e-05 9.116336118468857e-05 0.00017127894643863135 0.0003250219705861081 0.0006148575006767832 0.0011411478554761113 0.002045931804575413 0.003474247013252965 0.005420327978693083 0.007495571716326074 0.008680526800926094 0.007874902536063207 0.005338702397559581 0.0027745902730227584 0.001220577134244505 0.0004893994818215447 0.00018615240581779037 7.010523739464206e-05 3.3115960822741015e-05 2.8268675093379244e-05 2.6082136330625434e-05 2.5437231593655637e-05 2.614604765482889e-05 2.822444347139721e-05 3.1847038981133034e-05 3.734375214235807e-05 4.528988594207179e-05 5.6526248474787736e-05 7.247527033369208e-05 9.851466503364304e-05 0.00013853727571269767
0.0001807606680139573 0.00010646977313814099 6.337081662316796e-05 4.0987593475561256e-05 2.982103435656719e-05 2.4942429719172436e-05 2.4615765176609226e-05 2.931781470426092e-05 4.149316528131541e-05 6.678517151223146e-05 0.00011645592674076928 0.00021229584712102815 0.00039152416711781007 0.0007202905779243578 0.0013049189116258273 0.002266320039415885 0.003674009582567713 0.005439912597452612 0.007135694038776223 0.00801078683400196 0.007482013685434096 0.005510389235792876 0.003017080805395673 0.0014578634941614726 0.0006440266055731577 0.00027158011199955985 0.00011952248066012821 6.526797056001511e-05 4.8089010311093125e-05 4.173680344979941e-05 3.9324393179688194e-05 3.92507124773239e-05 4.1088400147830707e-05 4.4849453333256646e-05 5.0817297100228843e-05 5.943329240638075e-05 7.1390846240777e-05 9.023361736995038e-05 0.00012143711097062448 0.00016648735804475478
0.00017970314137587764 0.00011124461914334451 6.958488689828419e-05 4.690168146567695e-05 3.5633943382545506e-05 3.1018298685499606e-05 3.145372088437791e-05 3.7613439079746114e-05 5.3139486293461385e-05 8.501917634685495e-05 0.0001456478150826399 0.00025799414928562515 0.0004617512723692666 0.0008235198262042635 0.001437180196529116 0.0023906250953644554 0.0036961985255855546 0.00520818681298044 0.0065370319356401535 0.007134509832547984 0.006610660878094227 0.004985426467449247 0.003030577999581485 0.0016151231780837786 0.0007978914572191328 0.0003813730315635118 0.00019333733830763513 0.00011387557641998896 8.053371150248134e-05 6.579952990923567e-05 5.913248184764104e-05 5.6815563628981836e-05 5.7490194159217235e-05 6.070295723470995e-05 6.642063932509622e-05 7.486021865972463e-05 8.842329467811736e-05 0.00011107417524104815 0.00014770574026498615 0.00019689236177015265
0.00018494223841359012 0.00012042711582877224 7.942699302472287e-05 5.539346342959311e-05 4.34579257070903e-05 3.88372417767737e-05 3.9958153855492405e-05 4.7649658607327906e-05 6.586323293031699e-05 0.00010407344537292992 0.00017605638284630076 0.00030424862701313425 0.0005290806330267464 0.0009078726507482801 0.0015098593571467073 0.002396457199866595 0.00354763552137607 0.004790140630682087 0.005791267033372261 0.0061509862969376106 0.005629543773520262 0.004364538426994109 0.002884683444053143 0.0016905859813125478 0.0009197303146569757 0.000488753190480224 0.0002757735601382107 0.0001727655018930229 0.0001224429261034553 9.717335326025136e-05 8.430241679700946e-05 7.82539959465915e-05 7.656445619052212e-05 7.814220776001798e-05 8.25528471544538e-05 9.154155815972624e-05 0.0001078049244337724 0.00013473005706034447 0.00017608907669433875 0.00022780102738615866
0.00019627718530326068 0.00013430526912888293 9.327146523035646e-05 6.728415991915557e-05 5.3985221708969054e-05 4.9026232937169534e-05 5.073279070176404e-05 6.0030610758559416e-05 8.11253104941372e-05 0.00012411595035100037 0.00020442402935131888 0.0003454645850777495 0.000579744483988434 0.0009532867809883825 0.0015151037773479792 0.0022944748200254225 0.003260333160330367 0.004250042085987135 0.004991215958470653 0.005205520974408234 0.004762847446423403 0.0038012292194604296 0.0026687501871532748 0.001689359844349193 0.0009966984066095937 0.0005784617670652445 0.00035198447863083886 0.00023130845992474795 0.00016659227394510853 0.00013119258087548213 0.00011142033403661242 0.00010065362902901975 9.557407477802392e-05 9.459184562268275e-05 9.88626705787753e-05 0.00010963711095347089 0.0001288833140978226 0.0001604684910316273 0.00020438972230397726 0.0002563000417256544
0.00021415352860705612 0.00015368219603017078 0.00011203141982702095 8.402858296089477e-05 6.838880236141831e-05 6.262010348588771e-05 6.477214819646741e-05 7.578608140544128e-05 0.00010007910830655508 0.00014777467617467483 0.00023136031736156596 0.0003714038237111882 0.0006006781564461584 0.0009506544273136218 0.0014506216939825353 0.002107171753747652 0.0028754956705241285 0.003636090717690483 0.00418119930171743 0.004316434191064132 0.003972238341655451 0.0032551698823699198 0.0023945808178911445 0.001609239811252319 0.0010143473050516776 0.000636276604981232 0.000412336009087455 0.00028216333656037163 0.00020644946576346636 0.00016188114260451 0.0001353278850803047 0.00011956046836631203 0.00011125256579238141 0.00011002399960330941 0.00011545393749590666 0.00012837662955918997 0.00015116135443842487 0.00018732329308892068 0.00023253571972893316 0.0002849725563512943
0.00023879719924609476 0.0001788587156117773 0.00013617910785004687 0.00010655745895889662 8.789330601990094e-05 8.06538634781736e-05 8.299650544374983e-05 9.560045544931412e-05 0.00012275152265426735 0.0001725997861537511 0.0002569314993611752 0.0003898400817822649 0.0005943439592026768 0.0008983511242359854 0.0013221784113653955 0.001852869868772034 0.0024429540377866187 0.0029970029270508 0.003385946908861871 0.0034785635534718595 0.003226865699903137 0.0027052010542679542 0.0020639249475825463 0.001451899735194191 0.0009729251965670315 0.0006515115757079422 0.000445561256858927 0.00031654437249285105 0.00023615995395309653 0.000185789597358381 0.00015425455507334516 0.00013622799305576012 0.0001279310628783436 0.00012752542457836901 0.0001347478944900905 0.00015078814595309605 0.00017862916754387333 0.00021796629057728914 0.0002640312873351131 0.0003158837025835201
0.00026841392563061627 0.00020927761576088638 0.00016584531322993144 0.00013485253147336773 0.00011393769048161068 0.00010380950595636538 0.00010524191073407841 0.00011849682444357282 0.00014700759238101886 0.0001963780603085133 0.00027814111572217585 0.00040211070462786887 0.0005820433096689744 0.0008323182489612102 0.0011603130862025532 0.001558836572751039 0.0019919674883042485 0.002383612631643164 0.0026426151073152488 0.0026975984948127887 0.002522798136284346 0.0021552989417611946 0.0016916393406854005 0.0012365333606836858 0.0008790008578482912 0.0006221639384369656 0.00044580807288255775 0.00032783137308003854 0.00025084978047917124 0.0002018532154255243 0.00017159666476619732 0.0001544069242845141 0.00014712132318816422 0.0001483936641158315 0.0001583843065094675 0.0001788343154096529 0.0002118884037331741 0.00025206150570248383 0.00029782169183596767 0.00034732844483777967
0.0002970966131659664 0.00024057180645554693 0.00019779870824467897 0.0001665453463899356 0.0001449303212063649 0.0001323118029186646 0.00013181300773746894 0.00014478560148387896 0.00017216371890794877 0.000218753390380069 0.00029385797263052654 0.0004066530021763648 0.0005622112209015208 0.0007673070448325724 0.0010210792289988295 0.0013084278292425384 0.0015990188697643172 0.001847675488827134 0.0020006911236864163 0.0020162334322543587 0.0018834081556729943 0.0016296374907826406 0.0013076323790193547 0.0010006171202795028 0.000750334943519495 0.0005598486589469528 0.0004219257091112594 0.00032553890392165476 0.00025998265843816593 0.00021666236570605036 0.0001894368433708233 0.00017433826275425996 0.00016917408500606988 0.00017325341769671958 0.00018735039970420208 0.0002137471801893155 0.00024839417482619777 0.00028814130001546137 0.0003320713972494327 0.00037743385675272057
0.00032226734594653005 0.00027032487039943884 0.00023001509963184455 0.00020006856072736972 0.0001791614157122353 0.00016700601227851136 0.00016414230466140395 0.00017417857940436272 0.00019821473497052698 0.00023986662547645346 0.0003055795811134856 0.0004042141291309023 0.0005364121519371127 0.0007024548178684659 0.0008978982515254583 0.0011080902737917154 0.001306428564165374 0.0014595086765540226 0.001538875689215509 0.0015231523146367802 0.0014106269207327293 0.0012216470009132044 0.001004950354542182 0.0008061992491968172 0.0006370748151210241 0.0005012421621760544 0.0003975283016303019 0.00032143207573160075 0.0002675598150656036 0.000231046396576906 0.00020815792791786054 0.00019643813374962916 0.00019469530736853096 0.00020302794720191921 0.0002230322237507552 0.0002523163393838696 0.00028619233400439684 0.0003243808874878285 0.0003661995914307505 0.0004078198325130202
0.00034210591626580985 0.0002965642684557666 0.0002605391265184631 0.0002336087578808488 0.00021515290531638856 0.00020495785183281007 0.00020219050820071828 0.00020697369025420953 0.00022550638224633568 0.00026026240151052354 0.0003151499315995138 0.0003960977419019353 0.000506437653984131 0.0006394009929310085 0.0007888925981135384 0.0009420701218955739 0.0010788920614137995 0.0011750637405052568 0.001209969884659168 0.0011775294498988754 0.0010805682046462306 0.0009433367017431762 0.0008012922892937679 0.0006674649537311388 0.0005500110195592404 0.000452638097426222 0.00037561793332782195 0.0003171826468016085 0.00027475043675812005 0.0002458028943626271 0.00022840953255140212 0.00022141227380044395 0.00022462226506369485 0.0002391311160189733 0.0002632882154941208 0.00029210427318649036 0.0003252935101955889 0.00036234318840046406 0.00040106485357589895 0.00043752280811441623
0.00035500175638774803 0.00031733212585255177 0.0002872304041539021 0.0002649825538087024 0.00025057193946890946 0.0002420692596897961 0.00023938386385299594 0.00024319324791982673 0.00025477775504430527 0.0002808433012619584 0.00032394960096859956 0.00038707554242657714 0.00047385002874923254 0.0005792389388119092 0.0006927636759447839 0.000803758297130832 0.0008973645012182041 0.0009570387090509145 0.000968900642271247 0.0009281541274659994 0.0008512692860657623 0.0007604953285400692 0.0006651514111660184 0.0005731446280425897 0.0004901393423552528 0.0004193311974207571 0.00036184074807387584 0.0003174043383542541 0.00028508245142774526 0.0002638363926597451 0.00025294955709716975 0.00025234968762027183 0.0002629306596905782 0.0002824205338473792 0.00030635193487981636 0.00033448479163633376 0.00036638605286566374 0.0004009906690318121 0.0004346231781976466 0.00046438950143262893
0.0003597571850316418 0.00033091487613702276 0.00030799455916632047 0.00029147324093560745 0.0002797426833766446 0.00027269445581023556 0.0002705515404702914 0.0002746160607776875 0.00028522456049114427 0.0003028465459867187 0.0003334864372737344 0.00037983162199023266 0.0004428944144506902 0.0005226649375355375 0.000608178813983588 0.0006879192495218091 0.0007509743655353245 0.0007860907858830088 0.0007847047987852572 0.0007528487669600572 0.0007018514122570292 0.0006408948223514912 0.0005757636145602902 0.0005116463975074319 0.0004525741348024705 0.00040120335365118867 0.0003589530717302885 0.00032635395373775797 0.00030346922753122065 0.0002903002837626549 0.00028715627949261487 0.00029488335093858886 0.00030950435991425096 0.00032841752531657405 0.00035137914671525493 0.0003779910842382106 0.0004076032487705155 0.00043739265815877644 0.0004643357551761471 0.00048596209449491926
0.00035575898879735456 0.0003360496024561497 0.0003195137966507124 0.0003062815319224677 0.0002969598259794706 0.0002919116966431652 0.00029133663564796477 0.0002956301539677399 0.00030604243247465897 0.0003226303402533492 0.00034526096254694586 0.00037594285200457755 0.00041869222608822824 0.0004723731689157067 0.0005338848314295572 0.0005904411196486563 0.0006317952306236558 0.000652141346116178 0.0006542996716485737 0.0006385353236978285 0.0006066419870105773 0.0005654104051177823 0.0005206725472158006 0.0004759782031074235 0.0004342994140549716 0.00039786158113114023 0.0003681839943582087 0.0003462714181242489 0.0003328912488817377 0.0003288947906262191 0.0003338832002981285 0.00034352025180005595 0.0003573076823538518 0.00037499080138063336 0.00039619001524148026 0.00042035303287851257 0.0004455137834265549 0.00046856326727381394 0.00048737362203105675 0.0004996886651884027
0.000341822996865329 0.0003278643137154062 0.0003154282755102012 0.00030557274300382426 0.0002990289877812825 0.00029626353751632784 0.0002975380882917036 0.00030295382166247315 0.0003128667149616898 0.00032819145305797376 0.00034862194690442674 0.0003735498988142454 0.00040198262776792364 0.0004344385000243245 0.0004712364148619957 0.0005088033831272298 0.0005407843886251277 0.0005622408875069603 0.0005711659183953806 0.0005668222039403962 0.0005498980768924396 0.0005230628684221399 0.0004928901270986712 0.0004625622981671238 0.0004343885112806724 0.00041031372559956187 0.00039193701390489733 0.00038064431893387223 0.000376899694762585 0.00037766331979590035 0.0003824874176489226 0.0003912323839435565 0.00040366448670662073 0.00041943417778587586 0.00043804519584794986 0.00045798382331326546 0.0004763558222373293 0.0004913140671188754 0.0005009091903841461 0.0005034312521277292
