_RESULTS/CROSS_VALIDATION_POSTPROCESSED_80-20/Berg/GZ/2comp/4/Berg_GZ_z_500_kriged_reverse_2comp_spherical_4.asc
ncols 100
nrows 90
xllcorner 5.6208707817415728
yllcorner 50.959635321741573
cellsize 0.00013419651685393446
nodata_value 1.7014100000000001E+038
[rows 72 to 89 of 90, columns 0 to 41 of 100]
0.08105812415486434 0.09505527577722574 0.11354329417316701 0.1376129346393711 0.16847632048956054 0.2072662092367763 0.2546036222139908 0.3098063989623563 0.36969894290808397 0.4274158940796083 0.47255543845260645 0.4945415147751881 0.48834124897147724 0.45726111900080874 0.409964997836879 0.3556299778384641 0.30121360797375585 0.25098011391435787 0.20702494898890145 0.16998476620030045 0.13989081990102886 0.11593797764509861 0.0970603484598095 0.08231873894959581 0.070928963871509 0.06226357881225578 0.055841730469745963 0.051316314847921714 0.048464432322414805 0.047159545569223416 0.04664691730157434 0.04638123537510676 0.046127773472236594 0.04593240695665311 0.04584659616487729 0.045846266460587176 0.045846271923589414 0.045846271923589414 0.045846271923589414 0.045846271923589414 0.045846271923589414 0.045846271923589414
0.08476688143586532 0.09958770301415254 0.11930695285336623 0.145229840397901 0.17890676107508569 0.22198516430906312 0.27580764188741846 0.34051545028491703 0.4133257125979336 0.4859460147356228 0.5429636035717694 0.5666974122776152 0.5499949295224416 0.5018862852088652 0.43804780522817127 0.3710962771019699 0.3083683887354726 0.2532367106922341 0.20730658861575227 0.17019484340146013 0.14052146519271008 0.11697973796785145 0.09842567980638744 0.08390310772476052 0.07263909309823761 0.06402738247439596 0.057609086640810554 0.05305590261424926 0.05015932199000006 0.04882893754437152 0.048362506061651156 0.04784124054164055 0.04728558714779196 0.046749199111680524 0.046289745445686974 0.0459677104127129 0.045846271923589414 0.045846271923589414 0.045846271923589414 0.045846271923589414 0.045846271923589414 0.045846271923589414
0.08812001305006031 0.10357269397826555 0.12417474675255895 0.1514857605070371 0.1873879865100483 0.23410491336361272 0.29395117960380773 0.368583731676265 0.4570759648451956 0.5514915766166157 0.6296623035561018 0.6574215430552678 0.6219937395302992 0.5478080799564048 0.46292730591206005 0.38234978909982126 0.31219757762230166 0.2548434200847388 0.20873924255794185 0.17194230288961396 0.14270483844176848 0.11955274941776056 0.10128293902253149 0.0869340584339055 0.07575157320320132 0.06715521565421355 0.06071204258785126 0.056116632523639055 0.05317968510772477 0.05177054808252938 0.05107294633765841 0.05024733554387288 0.04933869145757749 0.04841269721426161 0.047537225733971906 0.046780150319870296 0.04620857988429137 0.04588958757803093 0.045846271923589414 0.045846271923589414 0.045846271923589414 0.045846271923589414
0.09050962664327886 0.1067662541452151 0.1278040723508061 0.15578480268697104 0.19287008078984832 0.24175102985083163 0.3056813280768902 0.38819165236316544 0.4919404263402277 0.6144883814077758 0.7323648422647737 0.7707727072202918 0.6963744187947408 0.5842503165729274 0.4770167472056346 0.3861808902496801 0.31364205354824937 0.25615746410522333 0.2106659118370735 0.1746503672714031 0.14611504429070538 0.12349907664286704 0.10558972128430742 0.09144988854047582 0.08036132016850836 0.07178150923975557 0.0653123047732488 0.06067888952935523 0.05767878203083139 0.05589707999377275 0.054865164757251825 0.053663640365256705 0.05232629590641761 0.05093671334118496 0.04957798480778288 0.04832933392365467 0.04726476358001579 0.04645363932200326 0.04596298106461809 0.045846271923589414 0.045846271923589414 0.045846271923589414
0.09164938203201965 0.10838022659070273 0.12988334288914602 0.15769473413848367 0.19453962384473314 0.24333283844915668 0.30774783944737527 0.39242870955296244 0.5030301987786441 0.6458052013701663 0.8231315389332385 0.9001376174988399 0.7378752582636796 0.5907351954021127 0.47289043581036594 0.38184965110174424 0.3111195590575082 0.25580275070165004 0.21227691097573864 0.17785076594657984 0.15051005553420818 0.12873688704490202 0.1113821273702198 0.09757503139014892 0.08665902073854342 0.0781462194201993 0.07168609884725181 0.06698804190024696 0.06356970168265912 0.06132181624257775 0.05987395554337258 0.058194742190018266 0.05632156581751485 0.05436386811214284 0.05242631127686458 0.05060400090603354 0.04898071957937574 0.04762976947267095 0.046616848929363394 0.046004451552189296 0.045846271923589414 0.045846271923589414
0.09143278289545977 0.10807307787922572 0.12944347553169683 0.1568759505544464 0.19213512101566077 0.23826430974725654 0.29873162013183635 0.3775246204156386 0.4791372711070763 0.6070927902056013 0.7531455275791388 0.80409975307059 0.6814816303996425 0.5522843291471613 0.44852492338143213 0.36714375972904245 0.3032969938954299 0.25296386866122056 0.21305587140597526 0.18123973355264045 0.15575564383025706 0.13527356596510817 0.11878698877369812 0.10553614097322417 0.09495309922748339 0.08662308055509725 0.0801177785015581 0.07494728467617937 0.07100219849915253 0.0682503462765168 0.06628351343834625 0.06398450685947306 0.06142779985437079 0.05875960521686834 0.056114210348638366 0.05360769549579729 0.051336203171703565 0.04937775488809444 0.04779646933119816 0.046648244015860686 0.04598733297214147 0.045846271923589414
0.08988032812554321 0.10587750573735946 0.12631032250087346 0.1523502764198594 0.18544928383656362 0.22734049983260196 0.28022116599579194 0.34671640638578716 0.42754807411593976 0.5181119728566863 0.5973371008859133 0.6175740615608779 0.5632671967916548 0.48360266830340765 0.4078354120994671 0.3434049590590096 0.2905263385376256 0.2476170662636545 0.21287966562547536 0.18472450937473017 0.16184990260125334 0.14322358323732054 0.1280417126652772 0.11568898141449964 0.10567988951018673 0.09736992699237833 0.09044299874712203 0.08476321659300799 0.08026907008744051 0.07696352076019397 0.0743295402656758 0.07121394791345773 0.06777301590469803 0.06420464764122165 0.060682757979398344 0.05734974959619133 0.05431584048911695 0.051663107172665056 0.049452189904442306 0.0477301532802827 0.046538657965567096 0.04592219652323617
0.08713537230881076 0.10202045281953354 0.1208528270404962 0.144555489443764 0.17418848045803093 0.2108558475144954 0.25545163946459487 0.30805068563870924 0.3667501530451822 0.425236143011582 0.46870473724943745 0.47843480347479067 0.4539108797914497 0.40987233942107826 0.3608727553178888 0.3148306438037988 0.2745588111365378 0.24045818202452166 0.21201027738885392 0.18843198944763156 0.16893631390690814 0.15282603265025324 0.13949426930250894 0.12820831974421878 0.11852147839819203 0.11016058579934307 0.10295376283217181 0.09682035960831208 0.09175854315433042 0.08783249000131965 0.08429992987770668 0.080096234218284 0.07550112525631952 0.07078426491265374 0.06617097955944129 0.0618347106744596 0.0578995117201372 0.05444842964826573 0.051534369331335206 0.049191269502420296 0.04744455435241657 0.046320668414695225
0.08343624770983404 0.09687224072042362 0.1136589570686354 0.13444659080270702 0.1598947291726673 0.19052872872617332 0.22644509814873048 0.2667608463801401 0.30871633305591983 0.3466301060186304 0.37190833718940125 0.3785492363057714 0.36827616364999016 0.3452358661210733 0.31601819221744976 0.28584134694601193 0.2576177187022523 0.23257022941095026 0.2109789010162074 0.19264798641624364 0.17707517913923154 0.1637796886040774 0.1523146274766225 0.14228651701543607 0.1333769399882926 0.12535983945082016 0.11811396272944784 0.11162584853606479 0.10597992887150393 0.10133339015150153 0.0965307056785635 0.09086520881826304 0.08475644645148568 0.07857184401439937 0.07260052923349976 0.06704912059867245 0.0620514245384863 0.057684509896650395 0.05398600076427741 0.05096986359690315 0.0486397508389102 0.04700004736567437
0.07907423333841695 0.09087252150070854 0.10540190331724118 0.12306688022626106 0.14419842154294626 0.16890885936780628 0.19684582148095314 0.2268235594423709 0.25638750247465525 0.28158582690810796 0.29784196757724435 0.304984436287819 0.3026917238098912 0.2922547818962347 0.27661252426569144 0.2587455068829739 0.2408138951269487 0.22406462908430644 0.20905814364423927 0.19592038241902282 0.1845270804661118 0.17461955345950378 0.16587546726082925 0.15795803704496514 0.15056062072904716 0.14345431336502143 0.13653413798130556 0.12984869007862174 0.12359747811065228 0.11797292135578734 0.11139127416727172 0.10375157934255136 0.0956569355875315 0.08760371724176726 0.07995449530280785 0.07294491013363574 0.0667076599617029 0.061301136963898856 0.05673585228694075 0.05299600953844814 0.05005603250225496 0.047892998493816515
0.07435009523335012 0.08445806857119566 0.09671938701602927 0.11134663971172445 0.12844205835730013 0.1478795406232716 0.16913550658599585 0.19108591487817653 0.2118468461032442 0.2288311601147211 0.24058035717891157 0.24799021188111273 0.2501870102915819 0.2474358273909061 0.24095260997943255 0.23228044846008672 0.22278873021281373 0.21345873021317968 0.20487587127099838 0.19730502024706895 0.19077348154601853 0.18513489586223156 0.18011472670513293 0.17535107202808206 0.17044963337394076 0.1650674005046368 0.1590197791181944 0.15237370374615614 0.1454724342741286 0.13831821865708985 0.1292482270632109 0.1189374683388643 0.10824988352658345 0.09784201423421593 0.08814923938484547 0.07941949266367458 0.0717627397756758 0.06519824632199384 0.05969259030386249 0.05518748231192686 0.05161905870243455 0.048931025553464624
0.0695394916609868 0.0780103278322185 0.08813654746102184 0.09999712505961318 0.11355679926532283 0.12858254927042698 0.14454192884126113 0.1605082141373786 0.17512875077906065 0.18678120246444888 0.19617451345967202 0.20351240038461718 0.20813141258533455 0.20996086832812275 0.20945741865984752 0.20737137013825926 0.2044974603321697 0.2015099241872115 0.19889223434526332 0.1969256815276376 0.19569863385905345 0.1951133627415245 0.1948844389583841 0.19454023636790413 0.1934588109186144 0.1909829616737889 0.1866364106173106 0.18037485672326173 0.17270931857095995 0.16296349195244092 0.150388205610166 0.13647519872379446 0.122442778672143 0.10912340645381291 0.09699994626858828 0.08629425880514051 0.07705696098317515 0.06923878473129834 0.06274084314445783 0.05744750306637183 0.05324684858469497 0.050043123485108525
0.06487212980416286 0.07182871634004086 0.08003656338247322 0.08949081888272044 0.10008628391063551 0.11156376768904568 0.12345520350942137 0.13504766556149939 0.145399217701178 0.15376706272020038 0.16155570398797198 0.16857503269126803 0.17439211157860926 0.17886701199978064 0.18215122107324858 0.1846056014116118 0.1866870836211148 0.1888499784485961 0.1914799782063761 0.1948542754263359 0.19911020353620973 0.20420416147809434 0.20984856465599408 0.21543101641788184 0.21995981789160104 0.22214947812545385 0.22079601698724677 0.21541306127954957 0.20642427047154904 0.19239358676924107 0.17486544272817325 0.1561514521074222 0.13790402308868577 0.12109583401153216 0.10618441678709414 0.09329585784142574 0.0823678442177124 0.07324554380727692 0.06574058303992372 0.05966509961603272 0.054850299621479734 0.05115604585520752
0.060524423911447044 0.06612618073005688 0.07266666532651014 0.08009393392164206 0.08827609123573951 0.09696929392126777 0.10579112446982983 0.11421256756994563 0.12158564734437485 0.12787895898326668 0.1344272009030404 0.14097002944313683 0.1472425138072429 0.15313434632460804 0.15870233019636448 0.16414649407493215 0.16976419767450032 0.1759003876082706 0.18290451433934557 0.19109315883841105 0.20070720479080195 0.21184362839733617 0.22433369190606023 0.23753798171905915 0.2500679943911198 0.2596108394160791 0.26336668940227176 0.25955947616163366 0.2472633028107636 0.22669975778038762 0.20221827985958443 0.17728002766197834 0.1539390326985786 0.13315541801446903 0.11521624707457237 0.1000481938080485 0.0874106559287331 0.07700481235948439 0.06853134862761431 0.061718824095285764 0.05633604005267405 0.05219624185754313
0.05662237955718504 0.06103934404937312 0.06616313768234636 0.07191899327644616 0.07817264444512458 0.08471235834736608 0.09123774876742435 0.09736314182878536 0.10264360122420775 0.10753803812564215 0.11307403689389338 0.11905214272562861 0.12532806309234235 0.13184965576932298 0.1386703215139007 0.1459475692145645 0.15393026910556795 0.16294113032890187 0.17335911693032063 0.18560111477688587 0.20009394461402105 0.21721461723475974 0.23715204395569867 0.2595978450344406 0.2831195900683457 0.30418441869719787 0.31678794720326026 0.3150497629032174 0.2955892938578095 0.264947472023008 0.23098808353179656 0.1984364899218123 0.16937700656987653 0.14441371161372213 0.12344686428545108 0.10608606377984316 0.09185359354393784 0.08027947822403214 0.07094241724021796 0.06348419817011518 0.05761164551861584 0.05309334480771101
0.05325063891512345 0.05664567721246589 0.06058226108905976 0.06497727319266816 0.06970575756092998 0.07459132229327818 0.07940262983563237 0.08386020193838006 0.08765800059636156 0.09153263892130015 0.09621388880422518 0.10158973083957597 0.10759960323018093 0.11424842062242972 0.12161847468830436 0.12987711039953093 0.1392809870582966 0.15017963393552627 0.16302105111462528 0.17836007117329036 0.1968653818438813 0.21931011165943426 0.2465025084919878 0.2790335604321634 0.3164899782861033 0.3552341876210584 0.3840450113806472 0.382811807176833 0.34977971341545655 0.30386193097836584 0.25806408613318615 0.2172508779174066 0.18255893290570396 0.153746056568043 0.13012060573965586 0.11090064308467293 0.09535134157574397 0.08283254036355016 0.07280884837807151 0.06484448878653191 0.058592781651485265 0.05378482167881547
0.05046427066407969 0.05298228126637001 0.05592950603079436 0.05922208863445338 0.06274847158851336 0.06636442557641375 0.06989290862143976 0.07313089860874392 0.07587500685578812 0.07894117375342846 0.08288577666178046 0.08765682305445778 0.09324877082515544 0.09971109743361953 0.10715882907208149 0.11578410169869986 0.1258693512160275 0.13780413137953043 0.15210851422182484 0.16946642909438264 0.19077192021798617 0.2171888360595225 0.2502143890279196 0.291696535960689 0.34357504885625323 0.40613689377477485 0.46493498677889167 0.4621710025935603 0.40154258438852747 0.3357715639540918 0.27833209386040636 0.23057614386996578 0.1915687697922426 0.159972459336496 0.13449742232485468 0.11401856118988991 0.09759512342989235 0.08445867335153927 0.07399143860871192 0.06570337676177908 0.059211268031037725 0.05422109125089821
0.04830109132548553 0.05006331279474905 0.05218374985581977 0.05458096667407948 0.057156732125319284 0.05979336978102016 0.06235475167764258 0.06469192472252226 0.06666790093406641 0.06906685338703293 0.07236862613842908 0.07655523839824335 0.08165422276763402 0.08774431283531009 0.0949648269708466 0.10352855023901945 0.11373894340037194 0.12601367118642764 0.14091772602592 0.1592109520361647 0.18191684358120436 0.21042257204193518 0.24662495177743604 0.2931444498460029 0.35364078761620926 0.431965253117557 0.5286347793097274 0.5216332830772591 0.4262574233705025 0.3487277392608979 0.2860029608095697 0.23543928091876343 0.19478737036240726 0.16216627265434633 0.13602499575200055 0.11509935715533866 0.09836898693656108 0.085017399390206 0.07439664262242156 0.0659971159262826 0.05942259214564498 0.054370196757732386
