_RESULTS/CROSS_VALIDATION_POSTPROCESSED_CLR/MHZ/GZ/9comp/2/MHZ_GZ_z_0_kriged_reverse_9comp_spherical_2.asc
ncols 100
nrows 74
xllcorner 5.5967023332191781
yllcorner 50.982320383219182
cellsize 0.00019249356164376555
nodata_value 1.7014100000000001E+038
[rows 19 to 37 of 74, columns 43 to 85 of 100]
-5.846813641891425 -5.467977943915717 -5.08855370765937 -4.732950892342414 -4.471964063818045 -4.302607419957878 -4.217833044664126 -4.253624760639336 -4.428925039270391 -4.662623390343925 -4.924102696559025 -5.226327873241814 -5.615925270184325 -6.108577289808795 -6.665986272321941 -7.223356142444253 -7.713829822446613 -8.082911337423635 -8.294702881762083 -8.359397311197348 -8.27708328310012 -8.065827788468578 -7.748906087907592 -7.347731055204063 -6.891748012080205 -6.397596302524577 -5.877246906091938 -5.339839860712979 -4.809312891539573 -4.332851641828043 -3.9266668842988977 -3.6069765746830327 -3.3918454881757585 -3.2573859624174064 -3.1444623336637134 -3.061720917137201 -3.023635045376989 -3.0409125148329466 -3.109130186989323 -3.212532257562143 -3.335669338732004 -3.467964183132752 -3.602922715785996
-5.726298812919546 -5.239545441645375 -4.773661911936602 -4.373638914331793 -4.096263055520269 -3.933270530779055 -3.8848781668067325 -3.9946420179570215 -4.274034951431639 -4.663523135268184 -5.100510387563026 -5.5860791880678295 -6.1205097218860685 -6.7272070517910745 -7.386146373190874 -8.040944303738003 -8.617482574146408 -9.031894631992902 -9.232797879404536 -9.218352966560705 -9.019803642347913 -8.696409325122904 -8.278518075046952 -7.7913729200073405 -7.265486710908821 -6.716992201987089 -6.155886710952104 -5.588963542052642 -5.042135394912212 -4.5478817948027945 -4.115696470977563 -3.76465169505347 -3.507729974209875 -3.336977027060457 -3.1809928940584475 -3.047729121804796 -2.968300063990092 -2.9714188290625856 -3.04671894663249 -3.1613151235997927 -3.2930531008835593 -3.4307730687787856 -3.568291713810917
-5.546337693173823 -4.963895827696463 -4.425154946407683 -3.994692320524633 -3.708083524441797 -3.555995759186862 -3.5537359210554373 -3.7385631099903716 -4.116180771344608 -4.645973043808094 -5.240010665264193 -5.8889143130781365 -6.582753176072021 -7.311724764019624 -8.089859421241604 -8.866421543197104 -9.547848906274588 -10.016781791658824 -10.168738087333843 -10.014076442644752 -9.664150352191207 -9.209582174159248 -8.685737356071666 -8.116161622319213 -7.526811669550083 -6.932308649802517 -6.339764288955826 -5.754870024898552 -5.2120439853613405 -4.7281855804799555 -4.305707548178569 -3.945603496459988 -3.6576637468815303 -3.45099264057445 -3.247515120693543 -3.043598037229769 -2.8900971456059423 -2.8832836382147953 -2.9812905924126585 -3.1099011891925628 -3.2483213153643087 -3.3899472524923264 -3.531105673345403
-5.286963896554946 -4.630962339440636 -4.043517294478883 -3.5951876293695113 -3.306668313601981 -3.1697105780942416 -3.21928563079332 -3.4751448952671464 -3.9458639134105056 -4.59987552574988 -5.332500063964602 -6.123122150498278 -6.958499893506978 -7.82214595300135 -8.69962551643111 -9.591416028779179 -10.427058285718026 -10.999651244097498 -11.047387514534966 -10.677578360124144 -10.142022033149207 -9.551830909010189 -8.930663377307237 -8.291757472981846 -7.652495390233414 -7.025182501247519 -6.413861370209004 -5.829056025858296 -5.304910566556207 -4.846480746779423 -4.452968188241148 -4.120021530447228 -3.834565644870505 -3.5906382347994903 -3.3401509624186483 -3.0704919201799363 -2.794896658577956 -2.8176143084906693 -2.9409264137236386 -3.0699675273095206 -3.204102684883904 -3.3419068055523544 -3.4812224523397832
-4.976383383162924 -4.280625969974356 -3.6721862963474843 -3.2216884314989973 -2.940630547463557 -2.833320925882277 -2.9260942765784863 -3.229427230620634 -3.7703164126017477 -4.527721056447051 -5.378515355320324 -6.285010445072644 -7.230314096862582 -8.1796193364011 -9.121202123898506 -10.092191650956 -11.072000602356766 -11.923952303878899 -11.741752864406028 -11.064815699432867 -10.35987066744389 -9.665435113530469 -8.97539368891864 -8.290924666027365 -7.622568017791584 -6.980097346359982 -6.365544137602316 -5.803497378510666 -5.313411752611929 -4.8964453293906365 -4.54838498178406 -4.249493501787155 -3.984090097245236 -3.74264899162935 -3.4700170573839615 -3.1868606072999803 -2.9575423614888283 -2.8979387328309896 -2.9566279481452993 -3.052187134149126 -3.1654193149835184 -3.2899751861367212 -3.421629700939494
-4.622414347934157 -3.9213492766517017 -3.3180568291756813 -2.883511752977196 -2.63027771205092 -2.5748382264921137 -2.713255267229156 -3.047161868606472 -3.6398640891894134 -4.486019006407748 -5.407414303879966 -6.381225344490826 -7.371559458601966 -8.345596628701966 -9.286324444103437 -10.210732704835895 -11.135960598601192 -11.912342116326297 -11.701854228845484 -10.9961322436545 -10.258258920830531 -9.533082423878497 -8.818592614620972 -8.115580355528186 -7.435177365723552 -6.790569095850131 -6.193334719984085 -5.673009978012194 -5.2313627511773735 -4.865907334541422 -4.562764814138737 -4.317121950648074 -4.098659891436842 -3.869212971269617 -3.606731018904694 -3.3315446350332434 -3.1180967000040596 -3.010809685527955 -2.9989663900701933 -3.0457755324496354 -3.1276306418557436 -3.2323814100523443 -3.3523768765233584
-4.1612807471499655 -3.520229248108641 -2.9702288402376205 -2.5841144390288204 -2.4008707003648837 -2.4143341796336304 -2.614863986076516 -3.0015676682673935 -3.6424469502915073 -4.528897981281317 -5.472181047931293 -6.428794422641247 -7.372423038624679 -8.301187218038443 -9.178012111359806 -9.968898902894997 -10.656649779057972 -11.068357364027582 -10.975406244434277 -10.48488830449258 -9.842465003202308 -9.15871487703912 -8.466343144840096 -7.777064218249636 -7.108676109631089 -6.478961071629744 -5.918269600810192 -5.441874651816374 -5.051613739247271 -4.729922532270834 -4.475534133552082 -4.295063281514275 -4.178745257383518 -3.927965526815391 -3.6811103616659757 -3.4348554275093015 -3.2193409797370762 -3.0826954168776055 -3.024749361433147 -3.0293446589512882 -3.0797712727071973 -3.16347907746805 -3.270973433319887
-3.574134831748876 -3.038309040442159 -2.5838914028871818 -2.3013889469640363 -2.2229189122925104 -2.329371366128664 -2.613469553933044 -3.0838304033533723 -3.7694520907152698 -4.622881907314817 -5.520444509457317 -6.407530257080622 -7.273606302726251 -8.101408873381388 -8.865005143279376 -9.500629170915014 -9.973823264244107 -10.201534800306053 -10.110277171861078 -9.736900547422126 -9.195352415961814 -8.58005050853895 -7.936798630618294 -7.284327470816059 -6.648072133084232 -6.065097879146345 -5.558675062595684 -5.134219460720475 -4.77731327583797 -4.490000452507573 -4.2769139578525595 -4.127759314305155 -4.008791465753173 -3.855845036393074 -3.6620385997631875 -3.456510329403155 -3.256986627749348 -3.1009039157376357 -3.012739532246215 -2.9860543621880633 -3.0107261754563 -3.076424212280202 -3.1735358293259357
-2.8877895600725725 -2.476382379554409 -2.1940440921511093 -2.048685025692948 -2.0881703117161727 -2.292575992450423 -2.6571707217532783 -3.1892191496378715 -3.900314178470757 -4.715042719689738 -5.540217484558171 -6.345775989730463 -7.112692017688183 -7.819254976928377 -8.43632336118019 -8.921370889055176 -9.23251126707197 -9.339775487714943 -9.218346985242235 -8.888194484756625 -8.409904106148195 -7.850998309652854 -7.26084471592028 -6.6561309936948385 -6.07821524174577 -5.564142621233069 -5.125072031965425 -4.751113468546433 -4.433883811618377 -4.17949230998189 -3.991952361685086 -3.867519178962793 -3.778690130247611 -3.6945625305045615 -3.559896237169954 -3.397618353028153 -3.2269604175302895 -3.064316543428731 -2.9554738732931067 -2.906593705361341 -2.91246342154722 -2.965313166144213 -3.053580016417669
-2.13380719435534 -1.9061846312373905 -1.843819693385719 -1.8636465360002323 -2.014635959989183 -2.296159127068176 -2.712636979118115 -3.2750477757696292 -3.984673901971131 -4.7508054128092905 -5.5059832446723505 -6.229751108845709 -6.900381270037267 -7.491252368751258 -7.969152022307414 -8.302452039569577 -8.481835537392243 -8.494777853408323 -8.329084022041322 -8.00094493088048 -7.549152327206148 -7.023682416456118 -6.4714491860637455 -5.928234446362456 -5.42852729290741 -4.993922073943429 -4.627607592899044 -4.309445946007952 -4.041577708751287 -3.828184629662867 -3.6722719223520466 -3.5748109749435706 -3.53321897443906 -3.493802451472992 -3.4019482470039026 -3.2753831054497464 -3.130082926795336 -2.9763146789381016 -2.8517961648613515 -2.7869702656472386 -2.780318660133081 -2.826136748576637 -2.9036681804209685
-1.37124859526239 -1.4271571675769632 -1.597057651098619 -1.7513477271038105 -1.9757913705864065 -2.3044494457377382 -2.7471769691316545 -3.318060281863091 -4.004104172879827 -4.704996596611696 -5.3813901787295855 -6.0184182377388815 -6.595660378937413 -7.087394153566287 -7.462663956495566 -7.686292365782401 -7.746997381768216 -7.678167898339368 -7.460076349147657 -7.108582357420664 -6.653508186614744 -6.138421299826029 -5.620992620669201 -5.141324270064431 -4.722002745741436 -4.375638587176522 -4.084163324324159 -3.833240128698314 -3.6249220022804636 -3.462091328907082 -3.3483720049567163 -3.2880980552109005 -3.285410333103286 -3.272841213378004 -3.2098507505924894 -3.108086878253259 -2.9807502010844176 -2.8387947894766983 -2.703521083714733 -2.62628936497431 -2.612235757439246 -2.658690092157075 -2.7318433133325843
-0.7680134583156955 -1.1875550758469435 -1.520318802244672 -1.772060952163014 -2.012305282239951 -2.3448394318207186 -2.784517864413193 -3.342125917905249 -3.9717987198773375 -4.591333495954117 -5.181256625536371 -5.728473636922772 -6.213934331518906 -6.61337047498081 -6.898302571716469 -7.037845416473674 -7.024830153328615 -6.89927739926439 -6.628190770535097 -6.2363678572746135 -5.761229805846943 -5.249916082067918 -4.754708001474705 -4.325877260785127 -3.986352770749708 -3.730529674784756 -3.522654521047158 -3.3500744661303665 -3.2106268919484644 -3.1067086226401868 -3.0433332684768053 -3.0275868122937153 -3.04923414665791 -3.045065553873908 -3.000077754250952 -2.9121848826670407 -2.7932704697505564 -2.6555188741656233 -2.5138859136306366 -2.4262293843922538 -2.412520163784228 -2.467995548025281 -2.5448402505592256
-1.1644705257301493 -1.370548478236171 -1.6773611951109912 -1.9456356950927525 -2.1698732508087484 -2.4617665977665704 -2.853208394900588 -3.351916309995474 -3.8935666602891645 -4.419359322190846 -4.916739262644263 -5.3735987723802054 -5.771765987206532 -6.088052502766761 -6.295651246056755 -6.366076515078218 -6.29700271312613 -6.13146729993393 -5.8522759302447716 -5.434603599322914 -4.93091992667318 -4.397000149783752 -3.898007594868103 -3.506205209110929 -3.2516555452908147 -3.0948486041660734 -2.98059505384696 -2.8927564161719355 -2.827300663772692 -2.787108649780601 -2.778766619320118 -2.8104349997062825 -2.835655126548345 -2.8270862600689286 -2.787364673515155 -2.7031764897448913 -2.582465002744451 -2.439829221292045 -2.2920828093083885 -2.1960685043984522 -2.187728566936748 -2.258135539478386 -2.350470366605895
-1.6473430007635894 -1.78593703652521 -2.023521655199158 -2.2585062835249943 -2.4536013665765406 -2.6732469619151034 -2.991338880061231 -3.3773499325400715 -3.7966073733802133 -4.207463712874029 -4.6025507596855855 -4.968318638667986 -5.285195527249676 -5.529968662394334 -5.6767449858424275 -5.6987194130333565 -5.602151099573001 -5.42373193248421 -5.150616738107995 -4.742139236579275 -4.205418351103539 -3.616793644037434 -3.076312087689704 -2.7075460959289104 -2.5503562629396432 -2.51225228675856 -2.503876377669201 -2.5042352125220497 -2.512168084458361 -2.534252342524272 -2.580168959939371 -2.6379670637402093 -2.656983015031517 -2.639264808857271 -2.5911143244371417 -2.5036954549005355 -2.3725899388167417 -2.2137254829328326 -2.049937490340167 -1.9402219166350854 -1.9412588984641914 -2.0377193365792863 -2.1600373726156312
-2.1172633776152865 -2.2760693902478106 -2.490667795899763 -2.6928214814322016 -2.847007294785196 -2.9962550754928827 -3.181437962857251 -3.42991757842992 -3.71760219663417 -4.003295336534253 -4.288065537725158 -4.559618753464084 -4.799648908104567 -4.985591147935787 -5.088817758306401 -5.081582099796856 -4.982110472562368 -4.811950396795669 -4.556029255669167 -4.17075116796499 -3.634102019221392 -2.973914513741538 -2.325138567657104 -1.9536531690950363 -1.9483882256481624 -2.04455215783412 -2.1408322029584914 -2.222036687970731 -2.2966175873715393 -2.3764740041166297 -2.466565932318403 -2.520224068451972 -2.529956340004663 -2.500046648623058 -2.4360802953915344 -2.3372888384956005 -2.1871625558668737 -1.9978612265191678 -1.797650854250628 -1.6617909411666711 -1.679109905896806 -1.8214981023884733 -1.9909309206886658
-2.586633893268335 -2.8054652879787643 -3.0387076375157616 -3.2230906968275903 -3.325385147509964 -3.3728459899935883 -3.4021301384572595 -3.4923173582687532 -3.641479749553122 -3.8078782853993363 -3.9862002820590297 -4.170262800981769 -4.340411929435651 -4.473294740608627 -4.543841321508592 -4.527347979820798 -4.450408384757322 -4.314708189847149 -4.100369045256362 -3.767856842691641 -3.2640889635858037 -2.5973232085963858 -1.8058514670631092 -1.3668110103625364 -1.5935582565651423 -1.7829646074042254 -1.940198456326562 -2.0777994568175178 -2.203743688319556 -2.3294720775345614 -2.4200250030851804 -2.462923180201719 -2.461178178980762 -2.4182190159814305 -2.3380523400190576 -2.223388429755197 -2.052611143363684 -1.8249634086124598 -1.5620456814758867 -1.3648721841946587 -1.4174111898846733 -1.6402850845107033 -1.8702244303744515
-3.047498091460964 -3.349559176474152 -3.6423368586138265 -3.8322504759346554 -3.835433043465246 -3.7213302506247836 -3.6064490720100366 -3.541292809277145 -3.5498208232577264 -3.6037398132698923 -3.6904321814944767 -3.7987265597879976 -3.9127864121186082 -4.007259485770063 -4.056092865553953 -4.045961969991664 -4.013928639346634 -3.941253664871579 -3.803052629572174 -3.560979948227997 -3.14898858318894 -2.583249427957624 -1.9525983672632443 -1.5944636142353548 -1.642145821074195 -1.7866471476298633 -1.9381105841471329 -2.089665319051214 -2.2442892391059748 -2.3647729722613327 -2.4385061028507367 -2.4672474684800645 -2.453108573914156 -2.398524394543962 -2.306202825205268 -2.178927278487075 -1.9977086589144575 -1.7464065763749108 -1.425941049147037 -1.0757405700820284 -1.2383693906454227 -1.5578123794186363 -1.8329340704103436
-3.473786495477049 -3.8677642007801376 -4.268378820611904 -4.475435752226201 -4.295515314035173 -3.978736174415496 -3.7081239407494264 -3.526462453603987 -3.42406025711857 -3.376920447960077 -3.3901641806732883 -3.4414143727969106 -3.515192264306272 -3.5864563790254715 -3.62811862677111 -3.64883067489679 -3.6732740927710186 -3.6857474527739678 -3.6584033321761074 -3.548448542681026 -3.273383785681914 -2.8448364779361692 -2.381200222680207 -2.0542285944767475 -1.9690669525524749 -2.0198009333546487 -2.1280438455150734 -2.2615213920697883 -2.377966052493286 -2.4647904776728926 -2.516739300780012 -2.529377067267472 -2.5033668193075735 -2.4403178792980476 -2.342432485131803 -2.2125015266275874 -2.0386448932105643 -1.8022767301181033 -1.5157836926112922 -1.2854048180348583 -1.3680224415741202 -1.6364982817243683 -1.90114636994155
-3.829425042662058 -4.266678121297089 -4.724497311187814 -5.105358423048275 -4.560034559453123 -4.050040559290175 -3.6500922211582725 -3.371721975795521 -3.208980062172559 -3.1138604917737434 -3.0763267162833787 -3.0944716241885586 -3.1455913645591087 -3.2086007373245984 -3.260717881698998 -3.332915446102642 -3.425357476615297 -3.528938150338797 -3.6359192910406253 -3.7023962355470004 -3.580077356348891 -3.244838743906241 -2.8665526992974746 -2.5620542023893096 -2.4195727622835013 -2.407350274962575 -2.4574238175704557 -2.523372827261046 -2.584392006137611 -2.6284887347047707 -2.648772058566944 -2.641398314923542 -2.604501717973861 -2.5368130781191245 -2.439973179574533 -2.318015141882407 -2.1656312516185388 -1.9687958638994791 -1.753439764967124 -1.6186452246135592 -1.6568327246377903 -1.8380717381420957 -2.061783289294948
