_RESULTS/CROSS_VALIDATION_POSTPROCESSED_CLR/MHZ/GZ/9comp/2/MHZ_GZ_z_90_kriged_reverse_9comp_spherical_2.asc
ncols 100
nrows 74
xllcorner 5.5967023332191781
yllcorner 50.982320383219182
cellsize 0.00019249356164376555
nodata_value 1.7014100000000001E+038
[rows 19 to 37 of 74, columns 43 to 85 of 100]
1.7507853336309889 1.7678616467413 1.7352031261207965 1.6542059689033732 1.5387878724364972 1.39108918629811 1.214182600105784 1.0271676542401103 0.8461990754678687 0.6791945655282129 0.5412105733066521 0.455192320710504 0.436101893552562 0.4913939204986777 0.6102934191884074 0.7685808494350328 0.9435166022220348 1.1186449615440206 1.2686532996587534 1.3791658771907362 1.4339833218196176 1.4257666422143236 1.3668977609481734 1.2716590452521066 1.1491570416528476 1.0033466700744222 0.8383254646117118 0.6588780553513964 0.47867517608002985 0.3294749899769185 0.2262001203905315 0.1857904532886261 0.22450238986282378 0.337324710456645 0.4897356557239976 0.6564050917268371 0.8111886319139301 0.9353180969187247 1.0233749924775786 1.0796182981489875 1.110154519091377 1.1196919723970098 1.1117204036093271
1.8119908549157464 1.7891059878810587 1.7180773437620267 1.607097239153354 1.4670168324328547 1.3005877113692907 1.115396274123031 0.9350305604465331 0.7735438903853731 0.640195437022644 0.54558126178717 0.5053901700572494 0.5335254692425166 0.6234334420712598 0.764162366157382 0.9400341295436077 1.1316819194017265 1.321549084890719 1.4848556238623436 1.5877809567283394 1.6208225295999548 1.5921782981309889 1.5177013391504193 1.4078982740623562 1.273062591972584 1.1179994879551118 0.9468828818477784 0.7648014386006157 0.5920882833834281 0.4562157435991483 0.36995714190911255 0.34607798272694357 0.3954353099545156 0.5088008550260346 0.6571809485003368 0.8188094006273725 0.9633845922623976 1.0634773130660404 1.1175669593519486 1.1396593956748515 1.1392407771956832 1.1207593229892763 1.0869792495084676
1.9185445507236092 1.862002088319056 1.758809787649159 1.6202383406869625 1.455472072358151 1.2690623286151301 1.075801214548626 0.8994249071727972 0.7537494953240914 0.6486474954424869 0.5895454877130034 0.5855687299726765 0.6450029782253885 0.7692884349014781 0.9394717888994211 1.142806824561146 1.362227637254513 1.5734877341745033 1.735556568225946 1.813084035834116 1.819392013469464 1.7678643102136604 1.6760562849335627 1.5519200832069466 1.4046093455036097 1.239904330616612 1.0616045714809788 0.8753852409106853 0.7082947066861164 0.5789948766282677 0.49963099248874543 0.48297690952206396 0.5377080084988419 0.6526298071273191 0.8066001995245502 0.9804301133718253 1.1366089773819916 1.2113158741186925 1.2224930980751605 1.2083868108214513 1.1774216581248338 1.130937902884142 1.0697603387201802
2.074508004746042 1.9882020555483004 1.8549669306092553 1.6890173259328725 1.4989696038723666 1.2914965214769671 1.089246426957432 0.9117115901672822 0.7771857864522358 0.6960716261493052 0.6671509624830807 0.6929924613516638 0.7779917947776399 0.925796638518043 1.128993753549621 1.3677962508217856 1.6264591649172475 1.857140584855903 1.9964002333479247 2.038293009586431 2.0136415836801773 1.9391697794496046 1.8307134237055167 1.693733013774422 1.5349066975748324 1.3607717938034865 1.1744422352057793 0.9855273994689645 0.8213742969497222 0.6934520041526905 0.6131755360850685 0.5936808773645612 0.6470948973353183 0.7660423591798343 0.9283578609864367 1.1165842112167503 1.317291889935376 1.347212396846963 1.3162802392861388 1.2752622348925329 1.220824224668454 1.1509282400048728 1.064895525724637
2.2688065355731277 2.154075517399692 1.9919853907005312 1.7985626597106892 1.5827134998761527 1.3571673079353057 1.1429997188032812 0.9589927506249106 0.8339287132710154 0.7788195830644953 0.7774447964999217 0.827260665979271 0.9318896002777285 1.0976194507868764 1.3256559103018222 1.5930695979339398 1.8767698630854444 2.1463349491760804 2.240510547495312 2.232965672659401 2.1814702044483103 2.0903150143426306 1.9699978700476743 1.823765694256563 1.65577157410427 1.4733274606978959 1.2789726999592343 1.0915587766913761 0.9284995231830521 0.797826938265855 0.7102706052352599 0.6833528200171082 0.7309988312791522 0.8494432535659105 1.0131070933850692 1.1903147052552892 1.3419020682387957 1.395965781202921 1.3783170364350776 1.3325504691297887 1.2663454914247225 1.1802975865721599 1.074256397882932
2.49140125256958 2.3546083139120646 2.1652564561671572 1.944522302171504 1.7049592519435934 1.4654583903666638 1.237124236822358 1.0336191967865291 0.9112768674227684 0.8937113130187582 0.9211012801862197 0.9904521050923414 1.1092464774213404 1.2833219219814944 1.507427625201869 1.7659994515766635 2.035299503818888 2.2845378440094875 2.3647638817948207 2.3480624927708 2.2931788622346487 2.1990007364881388 2.07550391405507 1.9268923898559889 1.7562816212488694 1.5702042916188186 1.3748560744593568 1.1919682634669462 1.0300400565791614 0.8964990692482971 0.8027854492047161 0.7595419071511674 0.7903703450209568 0.9127017529176555 1.076046977998729 1.236089549038181 1.3598978510595332 1.4212826134246055 1.423510406011069 1.3849196873935843 1.3161277390206323 1.2210950072135927 1.1012219793702018
2.701871865461337 2.565901557161386 2.362556903438002 2.1211449341880884 1.8683275118287455 1.6196592261763902 1.3863716663842696 1.1808558537331315 1.0627290388040906 1.057854950116706 1.0947289945155463 1.1716508878720604 1.2899227262046757 1.44578620806833 1.6412749511934197 1.8691948792120217 2.094385197635252 2.278231567767199 2.3693559373419877 2.3792893306047085 2.341148464040808 2.2573328626434614 2.138370717893014 1.9924081737511794 1.8232986774075237 1.6387458395777097 1.456147922169521 1.2846567724156661 1.1293274462987137 1.0012848127688652 0.9059837033012593 0.8454307226968544 0.8276157127558695 0.9855764973769964 1.1489718130434445 1.29318422464445 1.4029627779488414 1.4637625092871465 1.4746447749054417 1.4427015542066584 1.3750547648742468 1.2761878659175807 1.1486627951148987
2.8832815504748783 2.7549947304697957 2.541202468608838 2.2911971144688668 2.0351415403542235 1.788199612343401 1.564633005573613 1.3832624950500854 1.2732452110801091 1.240855309174655 1.263027287143959 1.3286018131548245 1.4307669998069543 1.566349995681621 1.7306512375982888 1.9202927306265036 2.105014489299358 2.25314124866247 2.3382923183534103 2.3607868895974957 2.334361513011503 2.2666609856191378 2.157457713169805 2.0179888733561087 1.8538019237800523 1.6830219980577368 1.51770275936527 1.3623079010347794 1.2268633423545228 1.1156188416201038 1.0320182219106986 0.9863427578503682 1.004275867140659 1.1156634683248232 1.2526889401577883 1.376058086075318 1.471546208954278 1.5281794617850486 1.5411783290650725 1.5127121411653999 1.4467038794988198 1.3469038304591665 1.2165426510418347
3.0418255782383783 2.908737541546297 2.693146266518502 2.4335057915078355 2.173234215658504 1.9293707255493342 1.7163529660366459 1.5491926829183875 1.442140801061051 1.3956729301359987 1.4000335305740577 1.446246901840703 1.5284389269561036 1.641557819408885 1.77960780715975 1.9345817271722965 2.086945441012608 2.210124368940072 2.2857718437184134 2.3109355402146683 2.290638441686778 2.2306582551621443 2.1335297013583228 2.0026893362354268 1.8542072286368998 1.705010768496197 1.5594974033724944 1.4271124107934163 1.3159195274701458 1.229076298334749 1.1709819944361117 1.1508457679922581 1.1872779080434956 1.2746593975180303 1.381076097304076 1.4818300508797515 1.5618605147046019 1.6119181582380404 1.6238264304261396 1.5963946324223377 1.5313872677321818 1.4317276328001507 1.301201515797268
3.1824992506917127 3.034656106519691 2.8026204384848086 2.53128718381143 2.2677882768226265 2.0299268750430315 1.828410604079335 1.6726192755404445 1.569181429089587 1.5124353874284526 1.499395684317067 1.525401040980391 1.5854708012507186 1.6748161140143702 1.7881787798793014 1.9177120102728504 2.0443495464722896 2.1469753502132214 2.212351787172068 2.235622435523771 2.2179929985682114 2.161736587424303 2.0687402284961522 1.9545848642922368 1.8312996259161558 1.7052318686439882 1.5830697353173384 1.4772043067565992 1.3920932705038822 1.3315066877556996 1.3001690955594722 1.3044811224110338 1.351238689229629 1.4290133381055754 1.5163931392229706 1.599611303846022 1.6666484875979082 1.709147069084922 1.718973285195929 1.6912541371980143 1.6263274087900659 1.5264927854490657 1.397813590364282
3.3144232231008504 3.1218452503503125 2.8564275112770963 2.57323682338368 2.3124433301530023 2.085808407620037 1.8982115705993097 1.7547744266738323 1.6537600648258062 1.5900312666660117 1.5643165150972307 1.5731398523989288 1.6124378022870542 1.677975891231296 1.7652755383576106 1.8694948548578971 1.9767794373756917 2.060914283842784 2.1160229568001663 2.1354283879063227 2.118485352746459 2.066117997612873 1.986666893010998 1.8876864594444438 1.786534324917188 1.6841265267719467 1.588626328405549 1.5095018739448995 1.4505939872164777 1.4157117334641525 1.4088616287977267 1.4340757829914286 1.4935819774604078 1.5677924742017733 1.6453616343408233 1.7178971893494772 1.7762749066423862 1.8128633148630735 1.8208558543622941 1.7924710794788212 1.7266583777265385 1.629098176285815 1.5111924013486209
3.3825589712634567 3.1101331397091383 2.834140375779623 2.558088566684283 2.3004238509521233 2.087463104052988 1.919000133289229 1.7905965158361599 1.692503049481889 1.6267188677886837 1.5929041272226099 1.588426391449367 1.610167986063619 1.6548400165267783 1.7190937105264412 1.7995960344586128 1.8850406379632871 1.9496693346775373 1.9938132330304983 2.008709442681831 1.9967934420099354 1.9604561831679481 1.8999050475171841 1.8185220308431491 1.730680898385299 1.6449886629806478 1.5742823640824966 1.5210831566609297 1.4874566454131595 1.4768734352520219 1.4924073999286744 1.5364461515596919 1.6066580124546488 1.6846077284615615 1.7587230632406525 1.8266915488517055 1.8812940710538157 1.9154680117187999 1.9227723207998952 1.896114821914823 1.836342716440255 1.747321630353098 1.6381137980315208
3.086554311924952 2.9374932717993847 2.716162471463001 2.47754426413731 2.243049434920083 2.047149548380457 1.8948568510925088 1.7773772124273228 1.6862829823365666 1.623125775850852 1.5855560796306407 1.5715987989418667 1.5790715432047084 1.605772844898165 1.6496143910093413 1.708748451456823 1.7727537740699888 1.8188719609410062 1.849677101995081 1.8683187745090268 1.8696331600615452 1.8511993049383846 1.8106788077003884 1.7509299823263638 1.676817605295916 1.6044678771665806 1.5487862344919145 1.5134500243846882 1.5006676922859878 1.5119824515810016 1.548317851729876 1.6099934460964034 1.6877353475522565 1.772164966078564 1.8486790497313665 1.9170579655516575 1.9736083565089588 2.012757227636799 2.02871298892873 2.012759258232336 1.9609338022235652 1.8773600317878927 1.772640238729982
2.7619636196252157 2.6806468866829296 2.5263083211988735 2.339759233696137 2.1456433971546955 1.9770640044110575 1.8458353201530047 1.738495956210635 1.65279276631398 1.590843724571327 1.5500767895706604 1.5283025504505934 1.5238624902964517 1.5354794254174662 1.5625069464519812 1.6050562117965048 1.6527273904022295 1.6864908589302046 1.70770538758846 1.7245266027321162 1.7368105909418072 1.7377678641776662 1.7215870245527851 1.6847662559969938 1.6266795734199582 1.5662350993028655 1.5238524883086788 1.503309059312061 1.5062309594516132 1.5334932664852368 1.5855506901341894 1.6586670384048827 1.7419648794376656 1.83165954195896 1.9182752943325416 1.9947231344981666 2.0621332009840154 2.1147879037985176 2.1451290035802586 2.141617884517438 2.0959965819173 2.013497602524853 1.908233433131691
2.4526920574861943 2.404498320307963 2.2978568491900346 2.1599519633035493 2.0118582235029696 1.8821802326948818 1.7750691684914506 1.6844816012886754 1.610059343594708 1.5533292944838968 1.5123496541382981 1.4855290364460902 1.4718043032248915 1.4707671578608335 1.483547286621132 1.511637539528892 1.541341754094694 1.5595769465014713 1.5686702005956685 1.5793996505434584 1.5956615275055337 1.6164679387469916 1.6329937071700933 1.6215897074061907 1.5751797463877129 1.528454727614581 1.498725328260685 1.4927623488080903 1.5110218954581822 1.5536061212480348 1.6192450881886629 1.698119868265419 1.7861094401566124 1.8801967089379097 1.9762107257351338 2.063633778938037 2.1445732639522674 2.214956428920611 2.26568130755197 2.2786660846941293 2.236543122220161 2.1482688444372338 2.036748392396927
2.1623606365147334 2.1296769255929693 2.052805609099723 1.9544324562470274 1.8527103730017163 1.7689545834758915 1.693534625605142 1.6251611760682594 1.5660831258898837 1.5178359960450434 1.4790952334795433 1.4495217444787905 1.429168645148436 1.4186127283454324 1.4189848294247664 1.431619861624962 1.4400306143555794 1.4386387105855907 1.4314597914553329 1.4290037292229505 1.4444686542487115 1.479103330603479 1.5323363449479492 1.5531889381732114 1.5105380407848856 1.4826742197515752 1.472743583869973 1.4826421123590645 1.5163826596232055 1.5733865315582103 1.6456409806645553 1.7286543482952563 1.8201367893667084 1.9174530138050585 2.017570839408113 2.1159261917328975 2.210462728667409 2.300510990688628 2.3792345289541617 2.4198274716647523 2.3746353902687143 2.2692113128316245 2.1471149784329926
1.8980416211880122 1.8691516570092435 1.805601480492748 1.7354982519867683 1.6791879681994684 1.6452081292299747 1.6128630347324233 1.5730284146436644 1.5313343943310573 1.4930335847206495 1.4577854215456487 1.42636945043389 1.4001922862397578 1.3808797704252627 1.3704168983757743 1.3669001967833794 1.3514741386665512 1.325838961455232 1.2960427797421001 1.2736022579690272 1.280873791163598 1.3206769612947291 1.3800777511747158 1.4190701599036268 1.421374645956373 1.4250136093123653 1.4420474335533926 1.4747545371094908 1.5245441912253233 1.5889460407249452 1.6649339015649343 1.7505955397942472 1.8438333674520517 1.9423232944127857 2.0435208305399026 2.1447526941858084 2.2485090414001276 2.352702931709211 2.456808255316364 2.5541548339672975 2.4813700936613774 2.353376286962847 2.2257785123342426
1.6701755200335788 1.6378886424459982 1.5698921184785872 1.5087176565317144 1.5048189553225566 1.5293302359825904 1.5428782824692817 1.538085319476419 1.516733191811986 1.4877763280068637 1.4556908260957322 1.4224156424882854 1.391108205323908 1.3642149807373105 1.3441130405411321 1.3213678229679369 1.282155429855947 1.2286965901447557 1.1685429480944318 1.1186470963686257 1.1119228057237052 1.153870047363098 1.2205699535929913 1.2833668426274154 1.325275235283348 1.3634369328257963 1.4089968982231729 1.46537527553954 1.5293356758306635 1.600255309927232 1.678572333551921 1.7650597790263958 1.8579073055619757 1.9549470354556149 2.0537767151652173 2.1517570414305878 2.251643608035061 2.35637520019064 2.4554102507787987 2.521493732305583 2.4818342836203238 2.3782785275076854 2.263335093796327
1.4907544206956331 1.4587865851734103 1.3797595214973186 1.2769510037787197 1.3681579804393555 1.4474963433068255 1.499516731027297 1.5248681677618856 1.5259349736014396 1.5098824187906934 1.4814439575245062 1.447355831688319 1.4117284524819682 1.3781775055626957 1.3476615012103492 1.3031771142056527 1.2402948926574153 1.1596692993968827 1.0663394517736968 0.9794911159809957 0.9527444866965106 1.0041138474974889 1.0864639549790815 1.1716463153127468 1.2433925891079227 1.310001705831779 1.378178833259958 1.448804373361048 1.5233667912480235 1.6024421302535443 1.685993443309299 1.7735144159475646 1.8640985420356735 1.9569690466619636 2.0500295694071533 2.1402252087702545 2.2280656165749 2.3175672666099345 2.397889891820067 2.4404233199282483 2.422079469183638 2.3537823822811013 2.2610344966842484
