_RESULTS/CROSS_VALIDATION_POSTPROCESSED_CLR/Berg/TZ/9comp/5/Berg_TZ_z_710_kriged_reverse_9comp_spherical_5.asc
ncols 100
nrows 90
xllcorner 5.6208707817415728
yllcorner 50.959635321741573
cellsize 0.00013419651685393446
nodata_value 1.7014100000000001E+038
[rows 19 to 37 of 90, columns 0 to 41 of 100]
-3.0722924243804814 -3.0778486911466936 -3.0850114951708147 -3.0935814940881423 -3.1033447400614187 -3.114068678133541 -3.1254971497931803 -3.1373443887064707 -3.1492883140879537 -3.1609641165779165 -3.17196041519331 -3.181822253125719 -3.190067405255485 -3.1962229631419663 -3.1998843333397144 -3.2007862025846197 -3.1988601006041963 -3.194250725858739 -3.1859138318914004 -3.1669977943039123 -3.1373875611693087 -3.098127267004404 -3.050230767156603 -2.9946728718231026 -2.9325419075819967 -2.876062071134915 -2.8289648157847833 -2.791170325223803 -2.7589137571142897 -2.731926854014683 -2.7011031871062863 -2.6550591585507353 -2.596322135349808 -2.5265876512827035 -2.4512136717107262 -2.381478207515107 -2.3341600861256784 -2.3195519130253293 -2.3289941745408544 -2.3481105385334127 -2.3661278928113276 -2.372902462983501
-3.0746258238977644 -3.0811867968826716 -3.08941211366635 -3.099109937187392 -3.1100742858377166 -3.12208048819531 -3.1348790918502165 -3.1481878270635573 -3.1616813630075837 -3.174979154405555 -3.187633170032821 -3.199120488392279 -3.208851097821286 -3.2162067948541675 -3.2206249241280456 -3.221718580405156 -3.2193855225269976 -3.2138406527253314 -3.2048439927790047 -3.185674414918667 -3.155294422741398 -3.1152198476801067 -3.0668388401383324 -3.0113844169947983 -2.9499434900801633 -2.888773716921067 -2.8380754281186755 -2.7974851125287366 -2.7647264020659814 -2.7357044032437536 -2.6944798432059134 -2.637745076092112 -2.568543711547788 -2.490284170286362 -2.405892229239268 -2.322869814113287 -2.2494755867770273 -2.1893728788473394 -2.1383478977024093 -2.087943277732726 -2.0307528183446646 -1.9780287554640958
-3.076966906573234 -3.0844311036491807 -3.093619973102227 -3.1043513958462485 -3.1164306393139207 -3.129645723471676 -3.143760819006853 -3.1585068253257687 -3.1735680362864964 -3.1885637926865322 -3.203024924815291 -3.216368275618031 -3.2278817131493556 -3.2367488926862245 -3.242157422680248 -3.2435070715064254 -3.240462078447761 -3.2321654083253946 -3.219447220729695 -3.1975884653827884 -3.165126008863549 -3.1237594561276563 -3.0749826579201134 -3.020099179288882 -2.9608887732648257 -2.897675635522527 -2.8441470111352856 -2.8013847543388444 -2.768761087604137 -2.738311863181929 -2.690786473333934 -2.6262475774536314 -2.5473505678269346 -2.4586457711006164 -2.3626999699279545 -2.262791988676778 -2.1622686979913857 -2.061875104709447 -1.9582115651889622 -1.8452276702993753 -1.732299815198563 -1.6438948583367679
-3.0791556064521304 -3.087401994306609 -3.097432126559882 -3.1090750144929244 -3.1221495803866226 -3.136460515345742 -3.1517920562384543 -3.1678984797492267 -3.1844893960668905 -3.201206915225498 -3.217590775964846 -3.233028327958327 -3.246695006291085 -3.257522403790198 -3.2641812271925277 -3.263782437487888 -3.255942684136472 -3.2419938504676034 -3.2237659134489167 -3.1991736130139934 -3.1648081622436153 -3.1224884102074975 -3.073790899110856 -3.0200974682732027 -2.9651738071073934 -2.9027690558913872 -2.8467612302046774 -2.8022672366365775 -2.7686326099258256 -2.734822141450093 -2.683620524777915 -2.6153083465676077 -2.5316116087212004 -2.4344819003133034 -2.325654945075581 -2.2082075476729037 -2.0832912167634126 -1.94940121986475 -1.8030955886735942 -1.649808356563489 -1.5158445291481704 -1.3955288435596231
-3.081049883924896 -3.089938207604151 -3.100663764252196 -3.11306688949844 -3.126981001762083 -3.142229498205436 -3.1586208787074668 -3.175940857063848 -3.193939196323841 -3.212307060465172 -3.230637068581847 -3.2483523672564094 -3.264586259162514 -3.276957477908736 -3.28138550938465 -3.2767030677668942 -3.263121085580124 -3.2426402767393476 -3.2179869481507266 -3.1899235170614966 -3.1538328466127306 -3.1109121151790506 -3.062771350645818 -3.011607526764907 -2.9619808198955186 -2.9045197679113697 -2.846407726753965 -2.800622385630015 -2.7663031825067743 -2.727259280550199 -2.673212264368334 -2.6029011819946613 -2.5165587062911934 -2.4153735845588744 -2.2993774890564733 -2.167497053504629 -2.022072720182266 -1.862353163296204 -1.6891463064670516 -1.5353265889396075 -1.4015486815615283 -1.280781348437826
-3.0825306929242684 -3.0919031711272345 -3.1031563517516307 -3.116140587469334 -3.130702525873157 -3.1466833331897197 -3.163915805746039 -3.1822194811051894 -3.2013919727874436 -3.221192772559586 -3.241311087782372 -3.2612976811815217 -3.278261594063878 -3.2888274855446573 -3.2912272564237437 -3.282551425446712 -3.2621426648428073 -3.233781749811998 -3.2018530550218105 -3.16904418901937 -3.1315143538191204 -3.0884234706947993 -3.0413538080518823 -2.994109786200051 -2.950309154237719 -2.900775467808361 -2.8435533751623145 -2.7969258269753916 -2.7618365289451905 -2.719231526279885 -2.6619482591167136 -2.590391043055844 -2.5036050952028104 -2.400901931580489 -2.281881012912187 -2.1442599808905634 -1.986540655008171 -1.8095031958102217 -1.6415350293370656 -1.5039966459173244 -1.391092383424711 -1.3038658000330505
-3.083506722068677 -3.093191224932295 -3.1047859205817767 -3.11814835449645 -3.133134877819345 -3.149600050019304 -3.1673956450529266 -3.1863689178457153 -3.206359403631032 -3.227192581826366 -3.2486661889666544 -3.267807480441582 -3.281933743655123 -3.291048331008714 -3.2934297904488203 -3.2819526604311045 -3.252165100207055 -3.2141279733938966 -3.1744532850447085 -3.1357365293112878 -3.097079938735154 -3.0543896184521477 -3.009206389961166 -2.9666914654205514 -2.9290478671703886 -2.8887108978878544 -2.8386778890020294 -2.79167136018828 -2.7562546644115247 -2.7121061685075873 -2.653661347136702 -2.5810967824972666 -2.494429174595555 -2.3931114084207303 -2.274856362462017 -2.136814189082725 -1.9772532204968654 -1.8034841032375515 -1.6602032640325797 -1.5496950825949856 -1.468637992600593 -1.4198249109915777
-3.08391841177732 -3.0937330162498466 -3.1054704591228477 -3.1189914659624964 -3.1341451999694376 -3.1504656444796675 -3.167941532879523 -3.18672881241974 -3.2068732967504934 -3.2283049732426874 -3.2483831460522485 -3.26342854433188 -3.2738503575816864 -3.280168426316352 -3.2833518839238907 -3.2745182205336056 -3.2284654234809236 -3.180964430154949 -3.134603143743978 -3.090608420051026 -3.049863356993229 -3.0082819127219693 -2.9660172197133425 -2.9285426063953492 -2.897246772613599 -2.867065963064743 -2.828812760761058 -2.785397212447762 -2.7505375657357347 -2.7069286363401677 -2.6495568927411886 -2.5784378290606353 -2.49343094887867 -2.3941761853786487 -2.2795561343706368 -2.146080968395532 -1.9911419207366228 -1.8463145483196248 -1.7365502866936686 -1.6599150416446882 -1.6152753341944697 -1.6034362525753156
-3.08374076084902 -3.093452859767492 -3.103909628728008 -3.1149943222889203 -3.1271892787630775 -3.1408924645496823 -3.1564023101762118 -3.1739036590099 -3.193455610379185 -3.213476017517116 -3.228894804211515 -3.2397269116817635 -3.2462868114478782 -3.2485508936430314 -3.2451024570575058 -3.2261897420159182 -3.1826060524509834 -3.132186586140322 -3.0819108006285125 -3.0340347241215233 -2.990059623543081 -2.9498167707505134 -2.9112208503243457 -2.87900831813157 -2.8542388908982788 -2.8345028811925643 -2.809076112445924 -2.777966267904945 -2.745391765411302 -2.7044561830741474 -2.6504300112805814 -2.5832041630207865 -2.5025768829485298 -2.408231450782937 -2.2991610466546435 -2.1725208028689273 -2.032759300749353 -1.9267899482803001 -1.8584572656088048 -1.8210095530707793 -1.8149199376203378 -1.8405132076512036
-3.080860055438404 -3.0861248676813413 -3.091893913078532 -3.0987799439439647 -3.1073237029326375 -3.117974228313271 -3.1310683924334017 -3.1468104709053737 -3.164851034830369 -3.1796102119117164 -3.1896756680585865 -3.19532523634081 -3.196491588912519 -3.192403166522037 -3.1806597648519626 -3.1565343660919227 -3.1180201833265606 -3.0699781149786225 -3.0178735559347465 -2.967149202784803 -2.920278087556894 -2.8789035530916105 -2.8441780942250285 -2.817156757749001 -2.7989254472681733 -2.789238388004536 -2.777570618456799 -2.761620583021496 -2.7408732310621478 -2.7047368430272116 -2.656293554015142 -2.595374761875182 -2.5217629541167503 -2.4352033597132636 -2.334532169002579 -2.2172047852708996 -2.102659587343295 -2.035476954810962 -2.0105753597486338 -2.0184535830970356 -2.05201796297528 -2.115053249510927
-3.0682424175109935 -3.0680080580815883 -3.068681373762447 -3.0709438128534066 -3.0754021807226266 -3.0825633932905707 -3.0928071287162338 -3.10635723141703 -3.1198538760965646 -3.1286369130852267 -3.1330347613880516 -3.1331289374335105 -3.1285894495289988 -3.1184619412655783 -3.100976889322319 -3.0740748569235197 -3.0373044697770983 -2.9927825977527265 -2.943453389770113 -2.8916412384000663 -2.841688877098136 -2.7976802705957344 -2.7644641212382055 -2.742537123569371 -2.7308436177480857 -2.7300978827796043 -2.7330665857028813 -2.7331528344102436 -2.730419117860981 -2.708169481363716 -2.6673176778467558 -2.614728020707297 -2.549906787727789 -2.47220884280638 -2.381061105671185 -2.2750350455984667 -2.192317494899779 -2.16400587405706 -2.1844371646079015 -2.2425337839556376 -2.317589847159957 -2.4131208444909604
-3.0461966695921663 -3.040068504175293 -3.0352248896589114 -3.032426601650953 -3.03235905793242 -3.0356005734979834 -3.0425869587439043 -3.052838852789058 -3.0599256831815747 -3.0627283319048537 -3.0615197123737667 -3.0562569759492857 -3.0465238221157254 -3.0314918580695407 -3.0100273460917357 -2.9811645977476724 -2.9448649376606704 -2.9021798170821715 -2.8550563529935626 -2.805621899616137 -2.75579191061499 -2.7089297158370345 -2.674029527324061 -2.6551681018945827 -2.6498958594647486 -2.6572363120682794 -2.6745938158663907 -2.6915690668147896 -2.707259732197848 -2.7084513686359237 -2.683805051158488 -2.6403068180484066 -2.5844555784304863 -2.5165581842858296 -2.435953087670351 -2.344155318543436 -2.2922474264679122 -2.299096636383584 -2.361783946795782 -2.476296518995257 -2.5937968292012923 -2.71065033014538
-3.0142954420853307 -3.002035383594678 -2.9916770678661315 -2.9838978470449873 -2.979190697947681 -2.9780977951117786 -2.981447382385389 -2.9862825115193843 -2.987038971235885 -2.984091889720833 -2.9776513662506257 -2.967608724208498 -2.9535390070682026 -2.9347570786363377 -2.910486963065939 -2.880143030926272 -2.8435510637198522 -2.801557555359753 -2.755680579180548 -2.7077858794879504 -2.6598719850640147 -2.6139266231793057 -2.5766785983329923 -2.5569920332771288 -2.556157384070965 -2.5716986876285715 -2.6014075789904103 -2.6361755548988755 -2.670558935539015 -2.6962643183946984 -2.6958460869938947 -2.6703801310715667 -2.6249046364000623 -2.567550821848013 -2.4976640795691214 -2.421331674002079 -2.3945815065446645 -2.4284316434444504 -2.519570618600542 -2.6605290386634657 -2.8137831442683647 -2.976533567313402
-2.9641957073297793 -2.9455998926939566 -2.929950620647239 -2.9180151517241235 -2.9103731459484794 -2.9073799036788204 -2.9089289980328337 -2.9083743646042186 -2.903134290192755 -2.8948624775878353 -2.883797315733687 -2.8697836584723238 -2.8523808705400855 -2.8309595079239873 -2.804805633047613 -2.7732005782597637 -2.736163444737248 -2.6943269806257026 -2.6488968678267635 -2.6015780600533804 -2.5544892635254994 -2.5100429489023592 -2.4736347109542924 -2.452331305071399 -2.452375392171894 -2.473895375485388 -2.5141422225463486 -2.5666887849657893 -2.6203449176791924 -2.6687002914214855 -2.693339782575577 -2.6927671200815437 -2.6691316960861364 -2.6248338688072175 -2.5654131978537404 -2.5033114555188782 -2.4954267217539376 -2.5477682264315504 -2.6550694831590227 -2.807536572214083 -2.990558493061243 -3.2035623383517464
-2.896007716560775 -2.870684927441272 -2.849350392548053 -2.832876891189096 -2.821953051844408 -2.817040685909354 -2.8170443183791467 -2.814342411169489 -2.8077359903428585 -2.7969325864655668 -2.7821441991088918 -2.765137696888698 -2.7455219197656473 -2.7225621912999896 -2.6952357504936977 -2.6630162850103423 -2.625794789424227 -2.583943202657018 -2.5383950553269172 -2.4907063540283274 -2.443121074621338 -2.398591537637464 -2.3628429892524268 -2.3424438319914316 -2.3430490712835095 -2.3687005131430072 -2.4168299272069738 -2.483258136324533 -2.555640105020665 -2.6246974295590797 -2.675383100716813 -2.700232176493472 -2.7013206434971284 -2.680205199614743 -2.6379706909904956 -2.5889170236273507 -2.5942939782891066 -2.6591971190344466 -2.778256288505565 -2.944449805997605 -3.1512753261005404 -3.398147336876252
-2.8117447566414224 -2.779307751865222 -2.7518881221780593 -2.730479367092167 -2.7159043170280506 -2.70876747107037 -2.7065105239485394 -2.7021304626825713 -2.695428752815734 -2.6860855960670906 -2.6732880435931694 -2.6558477349130354 -2.6352667778913923 -2.6117728587908795 -2.584411980720531 -2.5525184545989354 -2.5157228936061755 -2.4740821548707785 -2.4282008819512346 -2.379385823039213 -2.3298802582043576 -2.2831663641930935 -2.2455384122175843 -2.2263231436249304 -2.229458754192188 -2.2605330324611383 -2.3172396155972343 -2.3919172378828066 -2.4780858324035866 -2.5650496780372936 -2.6414690874508238 -2.6918965678956384 -2.7174207164088795 -2.718876432268471 -2.6980936149793173 -2.668776249460943 -2.6891325114775775 -2.764798375037552 -2.892685555486464 -3.0700031770114964 -3.293291492852287 -3.5616790173913166
-2.7135303252874605 -2.6736061532725897 -2.6397007709166576 -2.612939575045336 -2.5943053755565333 -2.5845891660361113 -2.5797416172031795 -2.5741780719945777 -2.568127320096621 -2.5612642564137635 -2.552655237515198 -2.540821094946885 -2.523617467006254 -2.5010461181884613 -2.4750686953970815 -2.444749976903797 -2.409393019860374 -2.368680073948426 -2.3227913396104487 -2.272589913564138 -2.2199801856939496 -2.168593311624595 -2.1254572232044664 -2.1039691547462827 -2.1125763001811295 -2.1522334336241986 -2.219672411324852 -2.3038668720854023 -2.398109711412414 -2.4975654122324 -2.5927006953709717 -2.6673458601380844 -2.71608607738819 -2.739316304845679 -2.7391356463098417 -2.7268262236832244 -2.760542091059868 -2.8483302132248745 -2.987510839103594 -3.1754285444046926 -3.410108405850728 -3.691132555336681
-2.6036142031071794 -2.5558636546184412 -2.5150848117543485 -2.4825357604082665 -2.4593803716179448 -2.4466317059941796 -2.4391336773622303 -2.432855953959278 -2.428239126003688 -2.424988481409098 -2.422018329311265 -2.417441605768965 -2.4085316417367215 -2.3927526956558767 -2.369948381716368 -2.3427824296311597 -2.310308176116586 -2.271819171146319 -2.227019700853475 -2.1761477127930346 -2.1202839304190717 -2.062186460570838 -2.0086305825706674 -1.9781498970451656 -1.9923204203391696 -2.0488448369342924 -2.130437436674808 -2.2243938146401057 -2.3235710234023736 -2.425576944837764 -2.5284859191055697 -2.6216942462687074 -2.689572256619692 -2.732702851274709 -2.7531037672192484 -2.7577720949528253 -2.802618527262426 -2.900008279725571 -3.046740625214587 -3.2414084319584875 -3.483187514809747 -3.7710427890323324
-2.4843889907542644 -2.4285407037540105 -2.3805441729514105 -2.3417698364669146 -2.3135679285932267 -2.297167485090388 -2.287099852245719 -2.2804791756225287 -2.27807002064528 -2.279673363156739 -2.283999622005243 -2.2884342547324166 -2.2898785931978884 -2.2852911367660647 -2.271709167570583 -2.249597468008375 -2.221832739888073 -2.187434837192881 -2.1457193243804733 -2.096338278335188 -2.039352922162563 -1.9755727707778705 -1.908134129828619 -1.8540606752492725 -1.8740117170527646 -1.9575812987167804 -2.0498096892271933 -2.145831113141131 -2.2438794129140938 -2.3434500916935237 -2.4443041449885787 -2.544885624637109 -2.630539889594248 -2.6922691151328983 -2.732136738615885 -2.753484167723885 -2.8062778395021604 -2.911889842249399 -3.0671508494115822 -3.268847424393076 -3.5133585568812116 -3.7981531248043523
