_RESULTS/CROSS_VALIDATION_POSTPROCESSED_CLR/Berg/TZ/9comp/5/Berg_TZ_z_250_kriged_reverse_9comp_spherical_5.asc
ncols 100
nrows 90
xllcorner 5.6208707817415728
yllcorner 50.959635321741573
cellsize 0.00013419651685393446
nodata_value 1.7014100000000001E+038
[rows 38 to 56 of 90, columns 44 to 87 of 100]
3.4130396569034946 3.656559665593969 3.91073350094807 4.177892489929345 4.457811451565464 4.741642025917407 5.018119670013226 5.273621908667957 5.493273600172433 5.663284597083164 5.770460423420701 5.815769225588859 5.8144764244394205 5.792594967809137 5.771624010673699 5.7570101242312965 5.750656797700854 5.750306800456894 5.760197844427363 5.774072174494834 5.779097157218115 5.765116837492863 5.732501879365156 5.690116958692915 5.647048717517451 5.608852101049569 5.577478524409864 5.5520203164161535 5.516084876587376 5.446485924576616 5.33742929719406 5.189010581687308 5.012967060788086 4.819035966535178 4.616241667074128 4.41284045850235 4.215960386540854 4.031678868299316 3.8652362581479065 3.7204896446918228 3.591098470519972 3.4768918383420173 3.3757293954347425 3.285664115285899
3.405123702392058 3.6357476441184966 3.8775877402502403 4.1313932607231365 4.395139629636265 4.660503081474286 4.918557149075796 5.158505225609707 5.366622152386196 5.528258225141108 5.637935603177463 5.701836686217947 5.728691536745163 5.742509273623552 5.754912886395376 5.76977511793693 5.79205852963114 5.829919512662572 5.883697133689946 5.943374068651475 5.9877712394313924 5.994524431804267 5.967681615509402 5.928956072147652 5.892982457315076 5.865771560980962 5.848649167277065 5.838272705497257 5.804627393742949 5.728540898851222 5.603673816661404 5.435775161574452 5.236232823764206 5.016764080696486 4.78870964309459 4.56154485526879 4.342783130704529 4.13848299572682 3.953709340398656 3.792609555786192 3.649536659725409 3.52266187910947 3.413791297613859 3.3181456705728687
3.395645956823288 3.6103138219027926 3.837780090288861 4.078131526220098 4.3267566853594435 4.577239658056111 4.818825446325031 5.039597717220297 5.229577142926825 5.380656644918677 5.492520790749426 5.568465994324159 5.617418289140433 5.661306697599208 5.704527126381027 5.750617890470403 5.812193513219775 5.895182370971433 5.998366622734647 6.1149957559529735 6.217542752160543 6.241687428702296 6.207753653386162 6.169712402498742 6.14198763811286 6.126853173557562 6.122924174669707 6.121141860861702 6.088418635026514 6.006935772787138 5.868384117567634 5.678079937078267 5.450138706212685 5.202038893443394 4.9477516736613225 4.697348689569188 4.458140847055473 4.235758392138892 4.03484502268033 3.8593715426219726 3.7042402234438065 3.5663506149199256 3.448196064656965 3.3483260114945264
3.3918361552159983 3.5890623223924263 3.7971946162094814 4.021092248214474 4.253019163144088 4.483129594932936 4.702833560256154 4.903537928384429 5.077326000822055 5.218857574152086 5.3311496427902325 5.412609737634447 5.477928366919043 5.54204156006954 5.610183218713985 5.692552044269389 5.794045613344537 5.91778553510816 6.063903989854255 6.232078671889022 6.420676367455523 6.446082852706661 6.401869327851818 6.374032610798638 6.361119701517919 6.362099331844143 6.376041488179672 6.384881668390523 6.361598858636043 6.287633294220484 6.137616411479673 5.912140471922843 5.644629817639137 5.364184975664774 5.084293234462761 4.812850014477602 4.556007244778775 4.31853715485463 4.10447418553822 3.917399957916743 3.752266264443988 3.6053469749214098 3.478987685420909 3.3746635219480154
3.3864447634922654 3.5636786875817275 3.7466582496652734 3.9464918862440284 4.157127984402667 4.367269205596848 4.567155246885891 4.749624775656857 4.9077306221399235 5.038508161040828 5.144929169689862 5.228658619033011 5.305033420928462 5.389495254742817 5.488215614632441 5.602952278988968 5.735468408620331 5.888196267303768 6.059668855936624 6.243381904431138 6.412526243874238 6.491610397049336 6.50583816722664 6.514897901880113 6.53161776192673 6.558027305213449 6.591371297858801 6.609796825578494 6.608569550862239 6.566229439225287 6.406024185944433 6.124917675213217 5.809095602086479 5.492834692884477 5.188418585315901 4.900671933567249 4.630749611738397 4.382361411859853 4.158949240860671 3.963688585608872 3.7910083441789695 3.637324354097867 3.5048595448927498 3.395828923796858
3.3650736483033894 3.522634164114438 3.6826450214330926 3.857079615329355 4.04302983876078 4.230659020951697 4.411759682716782 4.574876821454517 4.713760513998591 4.831904395982921 4.93193877391348 5.019255306435526 5.112546874083836 5.220976888792242 5.3448882333465555 5.484560340503451 5.64004353719578 5.8118733033735825 5.996057837176011 6.1814103507716 6.345335262425515 6.462564898093728 6.537804452999275 6.594833900099079 6.647979961693421 6.702729854462593 6.748451793007211 6.776128846471714 6.789091978051171 6.793999652648294 6.628253208278524 6.270486043736409 5.919271479058876 5.579592356433555 5.2566121597663855 4.955099573099598 4.677906711659745 4.4237749050106325 4.195467035485744 3.995822116572937 3.8183607336321916 3.660389660489388 3.5240579806857104 3.41151916513698
3.331110592016115 3.4696790395966675 3.6077912480344003 3.7565971045736424 3.917090464750909 4.079989193580382 4.234243034566164 4.3736251389402625 4.493661594515578 4.601222349540125 4.703240087172698 4.8040010425577435 4.913682913828545 5.04041169047826 5.183445684327859 5.341845210878351 5.514213982916861 5.6996053948526955 5.892864755964931 6.084252334786455 6.259378585995439 6.4068562494309305 6.52667388593464 6.627320329150985 6.716554336430772 6.794850332470451 6.845439757173574 6.867219519999859 6.859379735150565 6.803721365076098 6.61761027571942 6.301837465677341 5.957571284057902 5.6155892798282645 5.287012660667221 4.97857679181783 4.695547883982916 4.4407694622306755 4.21234263289537 4.01215941770433 3.8328503279105615 3.6731866185038466 3.5353065145136893 3.4213410991028534
3.2889533153748776 3.4074362282501642 3.5237396312527527 3.6470698795046856 3.7808984206375134 3.9156872086051244 4.042828702116664 4.157907307540005 4.262882830792046 4.368008076336772 4.477518307770271 4.5891034413459835 4.710516826585968 4.850593651799601 5.007730877877738 5.180038920324881 5.365174308967968 5.5615116633229675 5.7640861854639365 5.965453723379564 6.156791124904094 6.330898700121802 6.486627258558209 6.627069180420181 6.752266669270119 6.843296913248615 6.891176243112438 6.8932395702738845 6.846291393617702 6.735508668256866 6.535063177059174 6.253258763286776 5.932743490757686 5.603058581863543 5.2796607976334915 4.972557994280866 4.688696347495818 4.433604698231208 4.209242252362868 4.011932305951865 3.8337096566389106 3.674952434758572 3.5378489384537093 3.4245502650851747
3.256977558210456 3.3517828641088987 3.4452094554703034 3.543451936158928 3.648056871533046 3.7549218991130204 3.8577221257218537 3.9539847378932294 4.0474342118399464 4.150156017949439 4.2612122334188935 4.378348672472654 4.506315382515251 4.654931837665161 4.821855770883637 5.004310821058502 5.199364364994369 5.4052773531333855 5.6178004109582815 5.831544596646378 6.04117019304255 6.241849740791221 6.431589434705492 6.609111266937421 6.756978260743433 6.8585722066304875 6.899874612757754 6.876087477691625 6.791658676189395 6.646424055081855 6.4364423120215175 6.168338828792131 5.865746170720555 5.551546975899571 5.239138298968786 4.939222781407712 4.659916069889567 4.407586442348208 4.187592509450453 3.995658556428218 3.8210152950934844 3.665538701015399 3.5314521614323655 3.420871720356161
3.242029352497562 3.3121461519166626 3.382610269519795 3.4532546478160544 3.5279389446235982 3.6079862640262976 3.6905558725261747 3.769697821718748 3.8546379286702748 3.9536319739262504 4.06400124204194 4.1834191507371115 4.313722658878625 4.465960551552431 4.638240283214898 4.827343130265215 5.0301774456372295 5.245068741804112 5.468244493266701 5.6954969588477535 5.923003419298658 6.147400293087159 6.3657565023994955 6.564307554645595 6.731615523314859 6.8500772267661345 6.88485184226637 6.8283822294515915 6.708459376510066 6.538114744333038 6.320316336599232 6.060750737717829 5.771290140810434 5.4708588967275125 5.171620937903786 4.882406929516116 4.611582929406169 4.36595754062561 4.151294872933513 3.964704859322861 3.7960675063029177 3.645968715507302 3.516757701111734 3.4106753310510074
3.2427714292763827 3.288252918918166 3.3340123134896205 3.3796347060495866 3.428454743903412 3.4849677137535733 3.5468087666268726 3.6104480935158754 3.6870237505455696 3.7804522038156363 3.88814923375433 4.007774344071391 4.138614987073536 4.291543218349343 4.466439769774064 4.659744046561562 4.868403599174803 5.090730589885171 5.3232328284351365 5.562387491086624 5.805037185945549 6.047401768819833 6.27524124138878 6.4826125257954725 6.666204625720804 6.816658597786638 6.849990787962232 6.7433082593569456 6.592449545466675 6.405801708586344 6.184418538174054 5.932111465404373 5.656379015484397 5.368440099201286 5.082871603522409 4.806402435644582 4.546816163629177 4.310969677668702 4.103766059305641 3.920810259126536 3.7601604249630194 3.617504119364291 3.4951061255142437 3.395293463478255
3.260009062924981 3.2829357073439938 3.306490781156283 3.3311882183300168 3.3564614152336936 3.3893824961864647 3.4297592183150507 3.4801412254104562 3.546660071459932 3.6327127085873245 3.735843447743157 3.853762355670656 3.984333593637548 4.135399392337807 4.3105767700361834 4.505957859812378 4.718652244790187 4.946670289880332 5.186707303237254 5.435595757413335 5.68664540904147 5.927821638650215 6.152931594362412 6.357208759360063 6.536489728411713 6.6811579166089 6.706984190251806 6.591883929129338 6.434508541519412 6.245395749253769 6.027373963114787 5.784467160312456 5.522748103084604 5.249733742858132 4.977711271331466 4.715345079190825 4.468993264542663 4.245324702858021 4.045966861609993 3.8680694749801194 3.7149244817558813 3.5814984525071547 3.467642106764847 3.37576182964465
3.300418522956548 3.302241056587636 3.3050877656052298 3.3099266889240524 3.3147429359343525 3.324030434012909 3.344145667791479 3.3809290711766447 3.435695106603506 3.512584419610635 3.609296750205784 3.723661753861718 3.853538656616902 4.001073677270897 4.174537690969792 4.37019773086505 4.585283091516128 4.817089079029322 5.061621704885475 5.309133225822072 5.5529514153593675 5.786626454369222 6.002651383078243 6.192937977243654 6.347932361921128 6.448521379653053 6.460207581057789 6.378592712433108 6.237796527960756 6.058778257601652 5.850875998798413 5.620476234200322 5.373874685665577 5.117807862722283 4.8603975547063145 4.613077184903686 4.381518170951525 4.171255354356524 3.979593697101757 3.808620788785912 3.6623808298408846 3.5396220421496674 3.435809322200621 3.3533403164137607
3.3429779516427396 3.3375848315674395 3.3293716490579106 3.3177506727418704 3.304272674945955 3.2916106460784897 3.292876527793635 3.3149221178444233 3.356384080452299 3.4223527289842086 3.5107848133769046 3.6196946745488194 3.74717215687214 3.891831214469914 4.061901429891679 4.256653057087462 4.470845220581656 4.697065005990229 4.931330058003707 5.169324566118006 5.4047514748384735 5.629478798295253 5.833784569237469 6.006570815611198 6.13641825037597 6.20915332760854 6.211319301231848 6.142926969702044 6.018615489301664 5.853912649095855 5.659756984535113 5.444108544322807 5.213795292669832 4.975342273850654 4.735179070571054 4.5033396717431184 4.28775560312541 4.089172221106463 3.9065129724775707 3.7440726893735006 3.6058626764398474 3.4937828036603884 3.4012925631075817 3.329525792844695
3.3786150446264416 3.369037142380757 3.3570759685305616 3.3401767863209946 3.31727889984716 3.2913575973735942 3.2767889303156856 3.2840459667159174 3.3111606234978597 3.364519783224485 3.4427627832614434 3.544009243293483 3.6662681992229516 3.807258298069086 3.968332320851287 4.153825358063852 4.355829190680334 4.567748790661201 4.789151125266606 5.0176071712263015 5.2458192834467345 5.463224898605036 5.657333678614371 5.814710331290366 5.924379643724302 5.977836049957128 5.970734698930304 5.905711415039184 5.791831932624014 5.640095801560804 5.460213109480428 5.2601676967743405 5.04683964387593 4.826555360238359 4.605346705302763 4.3902244822585486 4.189359596232822 4.001099300845048 3.8287041707870673 3.676205442650213 3.547543955925082 3.446058868373696 3.3659594286636016 3.3060024778135757
3.4063563846350045 3.3943159546540413 3.380875175395447 3.3607283791808453 3.328889320528503 3.2947326697821984 3.272692555253718 3.2688756093083193 3.2838757368409115 3.324132818866341 3.389392136447149 3.477934665103216 3.588242505928439 3.718972611706749 3.868930291556762 4.044595338828785 4.2346057202841925 4.426840948822053 4.6337488396172155 4.854584400558944 5.079367151049101 5.294222795182723 5.482987723946264 5.6291987573921745 5.722347245355438 5.7590397605616825 5.7412484614964505 5.674368461654421 5.566009951098401 5.424572274468739 5.2580283537472745 5.073501861474998 4.877395208189252 4.67564208453319 4.473882165159052 4.2766770877851545 4.087053283250421 3.9095250218346367 3.7482352110588346 3.6069331942248706 3.4891817690502966 3.398643741985861 3.331810578254414 3.2845980150719694
3.425258227574023 3.4104457772395884 3.3958118766661025 3.3775300597330524 3.332966527133333 3.2924833034639907 3.266452323810559 3.2551369173338616 3.2580941490842337 3.283897300420329 3.3343348921570732 3.4077236825860178 3.502754889118374 3.6187022235622357 3.756391053122527 3.920175032712799 4.102399278974476 4.265625151895194 4.461236155551341 4.679675065951461 4.907334563592547 5.1272508827822945 5.318527119957443 5.458543459031056 5.535799076282043 5.554099662633058 5.523040293103571 5.4510599642150765 5.34521711545333 5.2120610015545585 5.057850584571505 4.888517810463996 4.709679830595985 4.526707629187073 4.344477018486518 4.161582232781642 3.983298567907397 3.8174009889971052 3.667831654721063 3.5383802408171743 3.432674458534883 3.3540134201471297 3.3009385736259502 3.267245818883413
3.434719231154341 3.415505113936403 3.3941238436246977 3.3653911345406717 3.324472774159142 3.2831199091474907 3.2550759892307375 3.2407791907460903 3.2357090815123626 3.246125791845488 3.280203090207107 3.336182511099175 3.4124994715971853 3.5082579729250862 3.624583278980051 3.7608045443427103 3.90987756167392 4.073929580370649 4.269357658194734 4.492689518508498 4.729943181856315 4.9638034238115765 5.169464382355278 5.309555505808282 5.3660155245358965 5.360313368882244 5.313438855997939 5.235178876744546 5.131007565871427 5.005518410542614 4.863317792068236 4.709118409518778 4.547677404844176 4.3833956714085645 4.215960794649103 4.046662442748636 3.8805465135171096 3.7271572342411186 3.5902775662264643 3.4735496860388575 3.380503671316182 3.314557731916785 3.2754945691196866 3.255953574054949
3.435834943325947 3.411949787274071 3.384248302758405 3.350376804670304 3.3093815425206623 3.2685407246511224 3.2396237077621963 3.222895939811945 3.2141517061664824 3.2138164879388693 3.230654466668607 3.2677631330446575 3.3230907314036617 3.3957136950656994 3.484676981110724 3.5888229914870444 3.710223323050741 3.863971037830337 4.063625980848455 4.296497834034762 4.545507481615791 4.797136318520802 5.033325406160053 5.187276152883264 5.20340962359025 5.16787908389635 5.106828822751495 5.024741643708461 4.923962851499849 4.807154937117966 4.6775681807103515 4.538919016573442 4.394397499447511 4.243730060273932 4.089635285966467 3.9342682408766834 3.7813062595874767 3.641267378559432 3.517984726442404 3.4149589954902435 3.3356121781193773 3.28328268368425 3.2583315362332224 3.252241692394697
