_RESULTS/CROSS_VALIDATION_POSTPROCESSED_80-20/Berg/TZ/5comp/2/Berg_TZ_z_180_kriged_reverse_5comp_spherical_2.asc
ncols 100
nrows 90
xllcorner 5.6208707817415728
yllcorner 50.959635321741573
cellsize 0.00013419651685393446
nodata_value 1.7014100000000001E+038
[rows 57 to 75 of 90, columns 0 to 43 of 100]
50.684519042738366 50.68200042793273 50.78901245404215 50.995979099296704 51.286323209479114 51.640014921676546 52.0366561506712 52.45745898017743 52.8861248387073 53.3089474808207 53.71449235764303 54.09310649748653 54.436401723424495 54.732977709726725 54.96310966207073 55.122120289803235 55.206704734468204 55.21402567634155 55.18035807827826 55.13043503181396 55.065396318279056 54.9864643585578 54.8965696619222 54.81052370796352 54.734157703290265 54.670435565512165 54.621754575754665 54.589809763117216 54.57550697317481 54.578741051543254 54.59750839602183 54.629365732218396 54.67047006429486 54.7146837881154 54.750962442504814 54.771977509826065 54.770722283645114 54.739925323553194 54.671966915622505 54.55867283332595 54.39100422437411 54.15883648205161 53.885313870838104 53.56756679893427
51.60578211636163 51.619012388750065 51.716001163168144 51.89041315027081 52.130937508688234 52.423327978083 52.75234830477446 53.103202577073205 53.46234399741743 53.81776518224592 54.15894661746871 54.47662366445966 54.762478514386316 55.00880211172896 55.20373531567909 55.33005877107998 55.383059872747275 55.37072223431534 55.335732825923486 55.283277337388895 55.21459947688436 55.13260548950116 55.0501334400753 54.972307356932035 54.90212760003884 54.84220178866532 54.79464261311414 54.76098052565324 54.742107621942715 54.73820652618894 54.74794508023226 54.76935706859075 54.79926898161958 54.83295157671685 54.86013764946741 54.87328210389266 54.86610402912062 54.83215546242099 54.764846431399214 54.65741267031097 54.50287920223118 54.30283657925437 54.064662945983045 53.77622505239833
52.38063086353005 52.40701354941139 52.49796831221529 52.64909584384539 52.852380597760565 53.09740444914534 53.37258070476643 53.666149668294814 53.966826970703075 54.26412018683543 54.548395873020795 54.81079850424766 55.04311846330183 55.23767517336024 55.38713411840009 55.48066254045535 55.50311903932528 55.48741471657521 55.451376338225685 55.396312717645124 55.326564801932044 55.25299735158803 55.17944388194363 55.10895715283495 55.04426879888611 54.98772856167834 54.94124236502108 54.90621865529196 54.883533563675016 54.8735213274275 54.87545318286323 54.88775339429893 54.90787939387051 54.93206623787778 54.9513152098406 54.95778000743016 54.945897039674804 54.910019959288434 54.84452237670181 54.743878532674536 54.61008724482149 54.45087683687599 54.26906679597777 54.04002193327428
53.02662806295869 53.06408995854473 53.15139413574461 53.28536253132948 53.460113897471416 53.66780923507295 53.89944416552039 54.145530511359674 54.396580808115026 54.64337905166325 54.87706813193496 55.08911241667091 55.27123165860085 55.41551691910688 55.515057384465074 55.56378500087629 55.57216094021887 55.558430594683784 55.522042697948635 55.47084633671972 55.411532917379894 55.347660143347554 55.28245823311091 55.21881692827824 55.15927246455191 55.105983960828496 55.06047092463321 55.024053263935045 54.99824374384693 54.983481453836156 54.97891577300036 54.983175360366964 54.99459079525182 55.01010911793792 55.022069948686855 55.022436806710495 55.006313660248765 54.968772774602535 54.905160631868775 54.81909889167462 54.71389930837751 54.59100617352712 54.45451853267773 54.29218821310386
53.55659946827098 53.603377464637525 53.68846725723026 53.80935707449039 53.961592970082805 54.139108824521934 54.334742209215314 54.54069756545977 54.74889282356641 54.95116226607883 55.13931532517679 55.30506585626578 55.439864826269094 55.53479549309719 55.58191727068539 55.5918319973429 55.59307086909146 55.58141206660159 55.55618255505143 55.517198514259135 55.468679850105886 55.4142946036428 55.354343763638845 55.288833446985464 55.223297839728936 55.16245431330227 55.1100588289143 55.06883200368799 55.04039509112613 55.02523594217163 55.02267346140361 55.03046563171862 55.045133466745646 55.061643455398354 55.070246379188724 55.06459351327139 55.04408345631555 55.00620682516448 54.954412005334376 54.88833297937623 54.80823012636168 54.71593943170506 54.615356214761704 54.504374382023336
53.99591707332222 54.04015960484641 54.11878601828719 54.22822265848286 54.36210111261086 54.51448400563731 54.67953357715892 54.850712805590284 55.02102522753909 55.18315347247788 55.32948189991136 55.45199270601019 55.542018465543066 55.5898258380899 55.590861661510374 55.5917123677314 55.59415002207339 55.583393702624605 55.56224470824046 55.53312329020157 55.486729339205695 55.42220673997811 55.34713160076979 55.268160927554945 55.191096841451284 55.1208565653979 55.061390853028726 55.01558600407267 54.98517897697911 54.970708357783415 54.971514989904435 54.985489827120894 55.00916021707839 55.03785544856189 55.06229912359192 55.07182432564507 55.06315348949422 55.03552823752964 54.99732403411208 54.948466199917966 54.88944912057813 54.82203838430091 54.74965081390436 54.675160776401185
54.36096664471911 54.401114789520996 54.468564704162404 54.560389825890475 54.67243751208245 54.799579001902046 54.935974914664975 55.07531230859212 55.21097957304497 55.33615804983931 55.443820817002745 55.52664231779553 55.57686318009538 55.59189856163268 55.59490713191037 55.594873028745475 55.59128641404353 55.578785402469975 55.55043612518943 55.496259924057426 55.423111256515035 55.33773720543466 55.24609246785176 55.15262209833527 55.06306049508481 54.98267901783945 54.915758263696226 54.86545194911179 54.833669963292344 54.82100817133746 54.82674240955128 54.848812374131505 54.88347988332285 54.92801108761643 54.97506700198692 55.015272920106796 55.04250067235063 55.050369514682764 55.03267938043371 54.99943434466752 54.959831154608274 54.91476506391192 54.86627120902327 54.81712474409534
54.6546857647232 54.690824554520404 54.74821139515594 54.82435913700782 54.91575438595005 55.01802595921137 55.12612525812193 55.234488844191866 55.33715888046014 55.427845530714094 55.499927227709534 55.54640793478315 55.568439153667484 55.58196893133485 55.58796715954814 55.58772033289572 55.58084031676219 55.54864866074127 55.48548908471308 55.39847013265774 55.294668684114136 55.180889452076734 55.06360884255265 54.94892700177374 54.84247402942714 54.74926554255147 54.67352404840584 54.61849392793553 54.58628277586227 54.57775970127614 54.592531656850454 54.62900388477186 54.68413126908749 54.75366560601017 54.828950370613036 54.90119419870629 54.96469882543976 55.01497320582855 55.04526335975991 55.048676970282564 55.02731529772446 55.00061983369176 54.9708814977543 54.94015228695708
54.87872174795074 54.91082126726514 54.9588717481816 55.02070263381415 55.09326337399476 55.1727371331793 55.254662628695264 55.334043878895386 55.4054309970914 55.4629620038831 55.50087493753434 55.52803645324925 55.549105264991795 55.56320743916871 55.57004830568072 55.568373516558346 55.5346265661964 55.46504092765522 55.36625549518324 55.2452232582187 55.10901112324183 54.964678014018006 54.81919420805873 54.679336691023565 54.55152515175035 54.44159343984752 54.35451537067032 54.29412253149852 54.262862659415724 54.26164609567209 54.28981308425712 54.34522970806406 54.424477868829214 54.522188233602634 54.62816682261711 54.73675428952408 54.84220159094353 54.93718400252266 55.01451419148437 55.06725782205434 55.0887782547671 55.079556691772424 55.064404782000246 55.04732177436254
55.03353759486564 55.061499105964 55.10067116041797 55.14911260394189 55.20410964227751 55.2622521289779 55.319514822767424 55.371329940671586 55.41266413284512 55.44643731375864 55.47683528158781 55.50269152828449 55.522935169918874 55.53672765977311 55.54229305661676 55.51254066171454 55.4411082680567 55.3343314636113 55.19894721303058 55.04199737359106 54.87077677057525 54.69279814532033 54.51572992623108 54.347264615733735 54.1948903342748 54.065561401323514 53.965293198935626 53.898736891813705 53.86881105783796 53.876468682389564 53.920653780763836 53.998458060006506 54.10544065442689 54.235979245322405 54.381025761657234 54.53224389258672 54.68191945233761 54.822395772044395 54.94626684210184 55.04647608523746 55.11633829575281 55.14949824839734 55.148374224961984 55.14153671128934
55.11845254796833 55.14213774302553 55.17269772224503 55.20835786529372 55.24664947807598 55.28446015443795 55.31959976335842 55.354356624618674 55.38805254841078 55.41964364568277 55.44805902237467 55.472245280482866 55.49123786356366 55.50406734251453 55.484338446140725 55.41716163711838 55.30814088476419 55.163454572169925 54.98979414362465 54.79431904581919 54.58466285966392 54.36895065152637 54.15576610106112 53.95401106387152 53.772615082430555 53.62008011461008 53.50388960048669 53.42986457404525 53.40159356860992 53.42007215845673 53.48364705629469 53.58827908503429 53.72925526078549 53.90211540386627 54.09298119625663 54.29116124095147 54.48808572537652 54.675726734715994 54.8464630886935 54.993143906872646 55.10907520335231 55.18795139618764 55.22374363299218 55.22551287519046
55.13337290387202 55.153075896557944 55.17682489248149 55.203890594836594 55.2334981318707 55.26482804103019 55.297016253569794 55.32915466361147 55.36029487620805 55.38945892242104 55.41566165279137 55.43794907115666 55.455453318502556 55.45090726541012 55.39448961059231 55.29013183844664 55.143095637463915 54.95925180201371 54.74512033774824 54.50791233673448 54.255607418124754 53.99703721981561 53.74190710540464 53.5006737841435 53.28420110645008 53.1031472864936 52.96710432785496 52.88360875373846 52.85723653153158 52.889027429761306 52.97641404826068 53.114906692313504 53.30182771590407 53.52377896491562 53.765800919879716 54.0165268820752 54.264943406896634 54.502372707264 54.721095476492465 54.91400469968153 55.074537226186514 55.19656784226781 55.27428021399344 55.30210594382429
55.12593634703171 55.14292237299681 55.16389397030703 55.18813276453412 55.214877217959554 55.24332574469463 55.2726394138224 55.30194570181388 55.33034544849357 55.35692582964007 55.38078240537929 55.4010524890701 55.41141949337658 55.3725016874957 55.2801613783205 55.13876738695534 54.95312428168594 54.72866052668677 54.471572913153764 54.18898017089984 53.88911147213036 53.58150581630581 53.277147972816394 52.98842534042595 52.72876771485666 52.511852671808754 52.35035518028752 52.25439921845742 52.230073006338415 52.27846947714345 52.396275544622675 52.58171771466527 52.823474945709634 53.10249386368414 53.40303083820282 53.711691133722695 54.01670265707308 54.307571550536906 54.576177640543555 54.815725119880284 55.02002372489234 55.1833351133428 55.30022466998914 55.36541559232072
55.11888433873451 55.13289483213626 55.150837326136404 55.17200903938909 55.19566664408093 55.221031340071 55.24729390473835 55.27362098847396 55.29916436649261 55.323075172800785 55.344525064326575 55.362735189635835 55.348418482936005 55.275695206625485 55.148328696416925 54.970173801143844 54.74544922511374 54.47897780515852 54.17642600386866 53.844582635985084 53.4917005324337 53.12788321647045 52.765436579134274 52.41902800414218 52.10541911455782 51.84251230199348 51.647560612917474 51.534703803688366 51.51244085276714 51.58199423968766 51.74329639489201 51.987236203794176 52.293932277190244 52.64045184663285 53.00852802711825 53.38228714944157 53.74852439992003 54.096539358063154 54.41762905527505 54.70478861663355 54.9525128711295 55.15573220758539 55.309606940614664 55.40939641168387
55.11274836540513 55.12356999196874 55.13827891905688 55.156192739137644 55.17659112942531 55.19872264979126 55.221811732426396 55.245066918307 55.267691649963346 55.288899035213305 55.307931776770516 55.31715518337196 55.27184058769174 55.16696521116108 55.005768557959954 54.79148082072726 54.52758867025198 54.21810843995804 53.867901876361046 53.4830783775233 53.07152020320952 52.64353354593495 52.21259693973078 51.79628264060754 51.4153497867055 51.093225240584275 50.853777704118976 50.717402243583145 50.69658335075224 50.79593687490937 51.013599305064695 51.32947317504581 51.71445723051622 52.14138884059778 52.5875653531356 53.03444057807186 53.46757375076068 53.87599580847011 54.251385329638836 54.58728717165528 54.87847130410479 55.120589347030894 55.309642289510805 55.44159371884029
55.10807963902581 55.115543561717814 55.12685967980487 55.14137061233648 55.15838351399056 55.17717832960678 55.19701631819577 55.21714969231394 55.236833342223214 55.25533959807953 55.27197671701717 55.261545958170835 55.18754396448291 55.05254043447189 54.859179368606966 54.609961711146205 54.30748970004339 53.954746258687535 53.55545491604589 53.11459930534422 52.640139252829286 52.142190865629864 51.63425647778628 51.13524910437467 50.67040338979761 50.27087125397156 49.970763007401736 49.80092603924081 49.78123270468341 49.92276934789647 50.211564014021945 50.61427727124941 51.092537800180104 51.612878160329856 52.14792918314019 52.676183287341956 53.18152259806551 53.653409365634275 54.08444545132206 54.46923473937632 54.80355181093019 55.083774576122494 55.30652435619157 55.46849956383225
55.10543717061373 55.10941795337768 55.11722494590534 55.128230165363945 55.141772260674074 55.157165955283524 55.17371173220778 55.19070642214709 55.207455390705185 55.22328694053957 55.23595426066272 55.201058292312965 55.10104836084706 54.93842731085748 54.71519464797737 54.433039717033004 54.09354494370714 53.698442927079086 53.25144712596933 52.75667834436653 52.21880943578488 51.64561186452086 51.04977393673384 50.451280704278545 49.87993585056924 49.3766844631114 48.99107062372154 48.77183868915825 48.75521826011248 48.95353305770907 49.336101152019054 49.8506180564021 50.444584149637976 51.07395957758205 51.70629185428366 52.31962243454149 52.899878071461735 53.43688756819734 53.92369253442095 54.35654987065108 54.73262479721449 55.04938547612108 55.304266271457905 55.49452278370119
55.105048520304955 55.1057906651414 55.11001300938126 55.117448610029705 55.12747113533762 55.13943287163655 55.15267525011124 55.16654002297305 55.18038157658569 55.19358076010828 55.19708777190559 55.14041184211202 55.01750703170089 54.830355408560216 54.580298871025015 54.268175994834856 53.89504491686126 53.463735647933795 52.97459010950721 52.42815944544251 51.82636961456488 51.1739279057803 50.48066047656785 49.76516036647588 49.059855251214 48.41634717402304 47.906583570493105 47.61108274165293 47.59770381620983 47.87524059083399 48.38664639045835 49.0492963960099 49.78685627165371 50.543339930858366 51.28297596861824 51.98491629591424 52.63786730713925 53.23610161270658 53.77643403032207 54.25498436684991 54.670261075204365 55.020997136053076 55.305474532100064 55.52147945839728
55.105048520304955 55.105048520304955 55.10584436161727 55.10968281459806 55.11617017825748 55.124698566217475 55.13465156180312 55.14541571458589 55.156392755743134 55.16701275214009 55.15881564700248 55.08384533907116 54.94162438146546 54.73365379748868 54.460653107292664 54.124071978939114 53.72595905762121 53.26482827427144 52.73868072950199 52.14537516071419 51.4832490186244 50.75237928209921 49.957022338349645 49.11014124837111 48.24133764212238 47.40913166617079 46.71399319904812 46.29466634322187 46.27928576347682 46.67650732676734 47.375982467933206 48.23586447504922 49.147741180464024 50.0466986663344 50.89901439345618 51.68927714858814 52.41177955165358 53.06548676926419 53.651246018541784 54.17016250999323 54.62064141951966 55.001790284136185 55.31269120780853 55.55148475044712
