_RESULTS/CROSS_VALIDATION_POSTPROCESSED_80-20/Berg/TZ/5comp/2/Berg_TZ_z_90_kriged_reverse_5comp_spherical_2.asc
ncols 100
nrows 90
xllcorner 5.6208707817415728
yllcorner 50.959635321741573
cellsize 0.00013419651685393446
nodata_value 1.7014100000000001E+038
[rows 0 to 18 of 90, columns 0 to 42 of 100]
1.9120875382237508 1.9120875382237508 1.9120875382237508 1.9120875382237508 1.9120875382237508 1.9120875382237508 1.9120875382237508 1.9120875382237508 1.9120875382237508 1.9120875382237508 1.9120875382237508 1.9120875382237508 1.9120875382237508 1.9120875382237508 1.9120875382237508 1.9120875382237508 1.9120875382237508 1.9120875382237508 1.9120875382237508 1.9120875382237508 1.9120875382237508 1.9120875382237508 1.9120875382237508 1.9120875382237508 1.9120875382237508 1.9120875382237508 1.9120875382237508 1.9085122158706183 1.9061773038751357 1.9077737659504606 1.9138972413863025 1.9272625850781138 1.9506750026551032 1.9846363245704963 2.0311374048723803 2.0911730550156378 2.1654019984488126 2.2545667761937778 2.3592554991197785 2.479480961928418 2.61402643745293 2.7596057626027055 2.9101353556848517
1.9120875382237508 1.9120875382237508 1.9120875382237508 1.9120875382237508 1.9120875382237508 1.9120875382237508 1.9120875382237508 1.9120875382237508 1.9120875382237508 1.9120875382237508 1.9120875382237508 1.9120875382237508 1.9120875382237508 1.9120875382237508 1.9120875382237508 1.9120875382237508 1.9120875382237508 1.9120875382237508 1.9120875382237508 1.9120875382237508 1.9120875382237508 1.9120875382237508 1.9120875382237508 1.9120875382237508 1.9120875382237508 1.9120875382237508 1.910572154973651 1.9017595553294853 1.8967956175863208 1.8960237923703112 1.8995665203235585 1.909987018747894 1.9310455933819903 1.9646826227263645 2.011278384414626 2.0715149919315654 2.1464251169192536 2.2373279000619943 2.3456346134425745 2.472402292456315 2.6174712494532844 2.7780684570828025 2.947097850186533
1.9120875382237508 1.9120875382237508 1.9120875382237508 1.9120875382237508 1.9120875382237508 1.9120875382237508 1.9120875382237508 1.9120875382237508 1.9120875382237508 1.9120875382237508 1.9120875382237508 1.9120875382237508 1.9120875382237508 1.9120875382237508 1.9120875382237508 1.9120875382237508 1.9120875382237508 1.9120875382237508 1.9120875382237508 1.9120875382237508 1.9120875382237508 1.9120875382237508 1.9120875382237508 1.9120875382237508 1.9120875382237508 1.9121703408851904 1.906353305977427 1.8949539380291698 1.8874739606881443 1.8838997139516502 1.884322882638632 1.8925626277893348 1.9129262968056646 1.9454308195031629 1.99045693915869 2.0488368381312507 2.121917331330255 2.211598088250217 2.3202661718374373 2.4504595232237114 2.6039468687430833 2.7797563909187875 2.970819319133607
1.9120875382237508 1.9120875382237508 1.9120875382237508 1.9120875382237508 1.9120875382237508 1.9120875382237508 1.9120875382237508 1.9120875382237508 1.9120875382237508 1.9120875382237508 1.9120875382237508 1.9120875382237508 1.9120875382237508 1.9120875382237508 1.9120875382237508 1.9120875382237508 1.9120875382237508 1.9120875382237508 1.9120875382237508 1.9120875382237508 1.9120875382237508 1.9120875382237508 1.9120875382237508 1.9120875382237508 1.912365248187816 1.9137451013495603 1.902869780556273 1.8889561267202062 1.8786573078640136 1.8719157111711362 1.8708921201961624 1.8782166826328601 1.896854169018445 1.9268597911368028 1.9685579143414618 2.0227925602973404 2.0910697196998242 2.175732390990492 2.2801167514570215 2.4085316928574034 2.5656620194968265 2.7545184933442752 2.971349863686451
1.9120875382237508 1.9120875382237508 1.9120875382237508 1.9120875382237508 1.9120875382237508 1.9120875382237508 1.9120875382237508 1.9120875382237508 1.9120875382237508 1.9120875382237508 1.9120875382237508 1.9120875382237508 1.9120875382237508 1.9120875382237508 1.9120875382237508 1.9120875382237508 1.9120875382237508 1.9120875382237508 1.9120875382237508 1.9120875382237508 1.9120875382237508 1.9120875382237508 1.9120875382237508 1.9124450072533117 1.9148692765538624 1.9158414543962707 1.9008403550487627 1.8842249475814796 1.8708770730243105 1.8627143968568478 1.8614348833001737 1.8672348550757631 1.8831564691878264 1.9093817323534434 1.9460384559367692 1.9937901056859493 2.0540429844723724 2.129255329771126 2.2233591508405275 2.3422343237399694 2.4939352853323373 2.6877159719454267 2.929305651830531
1.9120875382237508 1.9120875382237508 1.9120875382237508 1.9120875382237508 1.9120875382237508 1.9120875382237508 1.9120875382237508 1.9120875382237508 1.9120875382237508 1.9120875382237508 1.9120875382237508 1.9120875382237508 1.9120875382237508 1.9120875382237508 1.9120875382237508 1.9120875382237508 1.9120875382237508 1.9120875382237508 1.9120875382237508 1.9120875382237508 1.9120875382237508 1.9120875382237508 1.9123371572144647 1.9148228884297507 1.9196706248155595 1.9189877250693277 1.9006989606546727 1.8812681366201616 1.8661538832065678 1.858000451961854 1.8561294667738915 1.8600776308021243 1.8724655953699165 1.8938268289933562 1.923945745885829 1.9630889261249944 2.0122371800473626 2.0730380303705744 2.1487499498476383 2.2462841329272476 2.376447883859183 2.55498019353164 2.80140166521383
1.9120875382237508 1.9120875382237508 1.9120875382237508 1.9120875382237508 1.9120875382237508 1.9120875382237508 1.9120875382237508 1.9120875382237508 1.9120875382237508 1.9120875382237508 1.9120875382237508 1.9120875382237508 1.9120875382237508 1.9120875382237508 1.9120875382237508 1.9120875382237508 1.9120875382237508 1.9120875382237508 1.9120875382237508 1.9120875382237508 1.9120875382237508 1.9121419924078664 1.9142382516285326 1.9191106611058895 1.9263727763403293 1.923749740619785 1.9028973046133577 1.8811631381643588 1.8662360157513942 1.8579166088703691 1.8552499412514931 1.857364757178417 1.8656245331237393 1.8813216435790912 1.9037561556882046 1.931289018888617 1.9638643943068295 2.0033221895774562 2.052927630195487 2.1185135506045674 2.2105409106394096 2.3470292588099815 2.5545561100537624
1.9120875382237508 1.9120875382237508 1.9120875382237508 1.9120875382237508 1.9120875382237508 1.9120875382237508 1.9120875382237508 1.9120875382237508 1.9120875382237508 1.9120875382237508 1.9120875382237508 1.9120875382237508 1.9120875382237508 1.9120875382237508 1.9120875382237508 1.9120875382237508 1.9120875382237508 1.9120875382237508 1.9120875382237508 1.9120875382237508 1.9120875382237508 1.9133156988838198 1.9177007189790727 1.9249233585096 1.9342389440790229 1.930508441623912 1.9078886120264336 1.885879866502533 1.8711802337608725 1.8626239276200263 1.8590845988795204 1.8594624400442035 1.863498438985187 1.8719349033817632 1.882304736617929 1.89452475244251 1.9088210319603105 1.925823641871147 1.946931709395942 1.9752006064917487 2.01749267724708 2.0892647841158842 2.220116800894404
1.9120875382237508 1.9120875382237508 1.9120875382237508 1.9120875382237508 1.9120875382237508 1.9120875382237508 1.9120875382237508 1.9120875382237508 1.9120875382237508 1.9120875382237508 1.9120875382237508 1.9120875382237508 1.9120875382237508 1.9120875382237508 1.9120875382237508 1.9120875382237508 1.9120875382237508 1.9120875382237508 1.9120875382237508 1.9120875382237508 1.9124279347592785 1.9157547361776353 1.9223516008435397 1.9318662141190082 1.9430641291101187 1.9394387788972967 1.9170276536479471 1.8955116207709886 1.8810151891710247 1.8722297845021514 1.8678242420552604 1.866341337715301 1.8638803502470158 1.8611662419595978 1.8590004516174967 1.8569021271970834 1.8543709879012962 1.8508492851493672 1.845755559655252 1.8387565201635185 1.8308756720535269 1.8292807875213786 1.8680943257356413
1.9120875382237508 1.9120875382237508 1.9120875382237508 1.9120875382237508 1.9120875382237508 1.9120875382237508 1.9120875382237508 1.9120875382237508 1.9120875382237508 1.9120875382237508 1.9120875382237508 1.9120875382237508 1.9120875382237508 1.9120875382237508 1.9120875382237508 1.9120875382237508 1.9120875382237508 1.9120875382237508 1.9120875382237508 1.9120875382237508 1.913760585717838 1.9191095106185483 1.9278159693307322 1.9395363619997836 1.9527708290296473 1.9504912576818147 1.9310424484578217 1.9099745032875395 1.8956909778358086 1.8867087491478818 1.881132417042011 1.8738969196129183 1.8635556943933425 1.8507610299717234 1.837548766446206 1.823327780074091 1.8071183377877313 1.78759642917324 1.762955420386559 1.7307696105396606 1.6878560361865702 1.6303589051702114 1.5596744084539604
1.9120875382237508 1.9120875382237508 1.9120875382237508 1.9120875382237508 1.9120875382237508 1.9120875382237508 1.9120875382237508 1.9120875382237508 1.9120875382237508 1.9120875382237508 1.9120875382237508 1.9120875382237508 1.9120875382237508 1.9120875382237508 1.9120875382237508 1.9120875382237508 1.9120875382237508 1.9120875382237508 1.9120875382237508 1.9123498190037416 1.9158079614726022 1.923037110265027 1.933720909758219 1.9475268898689828 1.9630690941787514 1.9638385730335988 1.9494986455152286 1.929110882696776 1.9150364226291412 1.905521769105863 1.8947040373022819 1.8807963107268395 1.863669636445965 1.8432496783295262 1.8210690841730788 1.7976160697184478 1.771744778448218 1.7419611096753853 1.7064244540136904 1.6631059133713777 1.610413552131365 1.5502644246199782 1.5098399734955774
1.9120875382237508 1.9120875382237508 1.9120875382237508 1.9120875382237508 1.9120875382237508 1.9120875382237508 1.9120875382237508 1.9120875382237508 1.9120875382237508 1.9120875382237508 1.9120875382237508 1.9120875382237508 1.9120875382237508 1.9120875382237508 1.9120875382237508 1.9120875382237508 1.9120875382237508 1.9120875382237508 1.9120875382237508 1.9131890921344632 1.9182682840666008 1.9272066844207167 1.9397016447451625 1.9554336845245126 1.9734544868704122 1.9791948418570515 1.9710023826323277 1.952674612724444 1.9386411752349226 1.9247304808539458 1.908004603515919 1.88835124202922 1.865740081630499 1.840176276637682 1.811799032127796 1.7820788107672996 1.7504298572099324 1.715627726029999 1.676634516725728 1.6332730176028716 1.5877752587616603 1.5490935091082165 1.541655538764059
1.9120875382237508 1.9120875382237508 1.9120875382237508 1.9120875382237508 1.9120875382237508 1.9120875382237508 1.9120875382237508 1.9120875382237508 1.9120875382237508 1.9120875382237508 1.9120875382237508 1.9120875382237508 1.9120875382237508 1.9120875382237508 1.9120875382237508 1.9120875382237508 1.9120875382237508 1.9120875382237508 1.9120880029071128 1.9143604227419058 1.9208604696764522 1.9313064181600896 1.9454098532623718 1.9628652648098883 1.9832153970635344 1.9954245957648928 1.994292590578214 1.980337237067594 1.9632724077231534 1.9438544815925507 1.9219797267217897 1.8976624853381023 1.870981745245364 1.8420317956380512 1.8108156889205949 1.7775162910814262 1.7430579808182214 1.7067773960047914 1.6686406610747773 1.6301495482193533 1.5953587742756137 1.572352526585119 1.5736159382643926
1.9120875382237508 1.9120875382237508 1.9120875382237508 1.9120875382237508 1.9120875382237508 1.9120875382237508 1.9120875382237508 1.9120875382237508 1.9120875382237508 1.9120875382237508 1.9120875382237508 1.9120875382237508 1.9120875382237508 1.9120875382237508 1.9120875382237508 1.9120875382237508 1.9120875382237508 1.9120875382237508 1.912235045026148 1.9156356412488764 1.9233308583260782 1.935051855078676 1.950523938308908 1.9694554016643648 1.9915672020566395 2.0112117963611045 2.0179221120791198 2.010108326793644 1.9879542552611318 1.9635545824623 1.9373283668394983 1.9094270370374242 1.880022796364605 1.849270815552344 1.8173788557124875 1.7840436696260034 1.7491053427756083 1.7133156998953458 1.6774199786603523 1.6442008109826771 1.6180980343732672 1.6041114061034927 1.6062089361110643
1.9120875382237508 1.9120875382237508 1.9120875382237508 1.9120875382237508 1.9120875382237508 1.9120875382237508 1.9120892181737343 1.9121663006695266 1.9122519402443356 1.9122595198359988 1.912182596804069 1.912095093700429 1.9120875382237508 1.9120875382237508 1.9120875382237508 1.9120875382237508 1.9120875382237508 1.9120875382237508 1.9125296543035895 1.9168194301633654 1.9254604572386333 1.9381950662869123 1.9547606348637072 1.9748778044999078 1.9984643442946235 2.025101091504423 2.040225578079027 2.036782476336767 2.013177130859544 1.9842453507062763 1.9543194528165047 1.9237636436134513 1.8932780498705504 1.8627715827570117 1.8319874540353147 1.8004894215196738 1.7673000814603959 1.731789479318976 1.6965164034868394 1.6660924358887768 1.645775962539233 1.6383643340867269 1.6406023186760366
1.9120875382237508 1.9120875382237508 1.9120875382237508 1.9125688252345678 1.9137456573917053 1.9152184911800485 1.9166504457222688 1.917776702790406 1.9184128639189775 1.9184613170680758 1.9179147911252938 1.9168566258186082 1.915457720774771 1.91397057043517 1.9127211592748605 1.912099723822854 1.9120875382237508 1.9120875382237508 1.9128314160971698 1.917754922057944 1.9270721351477147 1.9405339246260775 1.9578869878779535 1.9788616029923556 2.0035648720623187 2.035554201647866 2.0578820039326864 2.0587576377516 2.0388977110508475 2.006010124208328 1.9733469044523086 1.9418586894584982 1.9113912222949336 1.8818312012869012 1.8530076051082411 1.824318093254711 1.7935650007098785 1.757394468743639 1.7184711765830154 1.6860835696798713 1.6678171351601372 1.6672253449916696 1.6759329400757443
1.9121235529137366 1.9133619709006133 1.9159497113165027 1.919347500766103 1.9230576912693709 1.92663541526873 1.9297012551080177 1.931954132598094 1.933182937359431 1.933275432328007 1.9322232435621294 1.9301222396702626 1.927168247284892 1.9236487013991304 1.919931357761914 1.9164515030523643 1.9136991565666566 1.912207598473057 1.9130392758089185 1.9183286782341946 1.928037103479803 1.9419205769981267 1.9597314600033555 1.9812059229690513 2.006526743184635 2.041017570556229 2.0688930431463137 2.0748161972933 2.060650206361146 2.030306957754334 1.9959523672478183 1.9633758729672572 1.9326185919784384 1.9038356746858511 1.877220509007781 1.852534593120294 1.8252376962067534 1.7826310906456058 1.7342125747253827 1.69427486348058 1.6713736412677185 1.67137643124865 1.698107206331769
1.916299125063812 1.9212404115722 1.9272558937217263 1.9337542556323533 1.9401807036105025 1.946031870216487 1.9508729426249347 1.9543553075572904 1.9562326495784512 1.9563733892587094 1.9547676921789183 1.9515280030443782 1.9468830238212633 1.941166038669872 1.9347992624214618 1.9282762986148987 1.9221448020938676 1.9169911254638443 1.9144358067677465 1.9184746063941032 1.9282800101766222 1.9422681706248817 1.96019284398577 1.98179169854413 2.0071741172798774 2.0409758940613685 2.072263380737323 2.0839733265818294 2.077885777332429 2.0560093511029054 2.021729775506591 1.9871764929607263 1.9549067376670664 1.92523044442903 1.8986526322083035 1.8758544545560414 1.8537053332973612 1.7937694522498444 1.7326291644757588 1.6824115310882126 1.6482995211480267 1.631771830767725 1.6236222825162996
1.9269986629713847 1.935841339210493 1.9455088237828515 1.9553448575389862 1.9647224927818938 1.9730635811675699 1.9798616656677104 1.9847060302750483 1.987304004643383 1.9874984130525326 1.9852774847496728 1.9807756113802113 1.9742648255345683 1.9661383964725936 1.9568890952298166 1.9470852168222184 1.9373473319891497 1.9283281391382325 1.9215954099615535 1.921226481843163 1.9279994925866084 1.9415550150823042 1.9592458139046878 1.9805890720951334 2.005508541331222 2.036726166633308 2.0673447362804462 2.08715487092164 2.089772487031122 2.0765900304424054 2.049455115898455 2.0127388581578907 1.9770040502787447 1.9433072091601618 1.9113053043318067 1.8790625226813666 1.8380193391002382 1.7778106814768597 1.7111383244692593 1.651070379013873 1.6029439049571965 1.5675103910661885 1.540219452668441
