_RESULTS/CROSS_VALIDATION_POSTPROCESSED_CLR/Berg/IZ/4comp/3/Berg_IZ_z_500_kriged_reverse_4comp_spherical_3.asc
ncols 100
nrows 90
xllcorner 5.6208707817415728
yllcorner 50.959635321741573
cellsize 0.00013419651685393446
nodata_value 1.7014100000000001E+038
[rows 38 to 56 of 90, columns 0 to 41 of 100]
-2.001792559703348 -2.004341976668808 -2.006840156006082 -2.0092242084206675 -2.0114194998064985 -2.0134714915748173 -2.023091319052319 -2.0442013421137477 -2.0760005480558275 -2.1177304863817112 -2.1660100889439247 -2.206168301845814 -2.236933239858512 -2.2593758440673675 -2.2746419391314934 -2.283963172271847 -2.28861361321467 -2.290034671374931 -2.289920380744959 -2.290230059807483 -2.293251718807254 -2.3016540399661714 -2.318466841095208 -2.3462737815650176 -2.2632329523087362 -2.0974028135920126 -1.9618232258424466 -1.859577651416753 -1.7908587619076293 -1.7541144813705887 -1.7461748942952742 -1.762867232704808 -1.8001802377924974 -1.8644048649560867 -1.9533216056696527 -2.061115569926298 -2.143166089474515 -2.154268394160653 -2.0938755497976147 -1.9825964230602304 -1.8731526242224423 -1.7654267068955143
-2.0002555810646157 -2.002374262364848 -2.0043888618973056 -2.006241435999027 -2.00787058670549 -2.009292093443088 -2.0179278242832335 -2.038119662221837 -2.069124504530022 -2.1102195309831657 -2.1524507021681187 -2.18413489909028 -2.2060372984633982 -2.219095938405734 -2.2243237465466295 -2.2228154184090902 -2.215753190378707 -2.204349395879278 -2.1900250745237893 -2.174363075779231 -2.158974598961586 -2.1449795731418786 -2.1307160407651935 -2.1010143330635684 -2.011799281681793 -1.8779971818528218 -1.7545670256175987 -1.6620912609598937 -1.6056973602844622 -1.584672920257284 -1.5951540420021537 -1.6318642975639945 -1.6892778501175656 -1.7633457308063767 -1.8604471791875645 -1.9760908371028996 -2.0849242689830283 -2.125830200051146 -2.0944219803507425 -2.0153689821662466 -1.939638758335591 -1.8664750338212783
-1.9987801103645493 -2.0004692456714888 -2.002005977332193 -2.003339541639965 -2.0044233277556205 -2.005221852252539 -2.0122051470431965 -2.030766586278927 -2.0602057889285694 -2.099313777120656 -2.133413672029148 -2.1565010949814147 -2.16929628440695 -2.1725771479117464 -2.167176122062551 -2.1539738504492387 -2.1338929967820874 -2.1078408269350026 -2.076660681765886 -2.041164520712818 -2.001735073939905 -1.9574771448503572 -1.9041423243483986 -1.8309753281543062 -1.729632464214738 -1.6125045310065262 -1.5057730154638453 -1.4293566026295093 -1.3917579429815432 -1.3927814724880636 -1.4273430760170611 -1.4886719532196415 -1.5702011731436367 -1.6662557727849137 -1.77298707934359 -1.8954728930377234 -2.024518121303289 -2.0991439909406466 -2.102022348422539 -2.0573705212807214 -2.0160825709044286 -1.9772699730263017
-1.997454373895604 -1.9987257273272772 -1.9997992642495357 -2.000632008854845 -2.001190755589769 -2.001456889976237 -2.0062011124968557 -2.0224124732997573 -2.0495240069291234 -2.0844248025673395 -2.1104633999400524 -2.125052892888582 -2.1287537702782395 -2.122170903046273 -2.105934565927593 -2.0806742902589783 -2.046988123785047 -2.005391886999739 -1.9561414742819005 -1.8992340909786176 -1.834092424301518 -1.7590344370219217 -1.670721094422556 -1.5650941986947704 -1.4470691344023616 -1.3292145597283178 -1.2308387991852625 -1.1700281021839625 -1.1553683406817523 -1.1843953818019328 -1.2486191081369913 -1.3387744509211967 -1.4471776043812021 -1.5679729133463078 -1.696389522783226 -1.8271959519721885 -1.9639524299490265 -2.074075608473004 -2.1146827724384294 -2.105661072835217 -2.098935154436063 -2.093318281786094
-1.9963599223732347 -1.9972336797233237 -1.9978657572203238 -1.9982216338429688 -1.9982792970150565 -1.9980328208904716 -2.000319773949226 -2.013463257454753 -2.037501638344457 -2.066863632056598 -2.085220710502589 -2.0916481546111614 -2.0865454522741436 -2.0703587243349677 -2.043526562738103 -2.006434715652675 -1.9593686075669559 -1.902450494234549 -1.8354911533776448 -1.7578501116764302 -1.6684475425274297 -1.5655695797096703 -1.4472103934728826 -1.3133225772780466 -1.1738536216131623 -1.0427324374754523 -0.9413832427902328 -0.8924638442993089 -0.9046811413612572 -0.9684267878599472 -1.067770375093156 -1.1899160522883174 -1.3265101918287883 -1.471999416992246 -1.6207016668629022 -1.7695323534763725 -1.9162959415458207 -2.054107661683575 -2.1349609622463595 -2.1623053549530957 -2.189193441395732 -2.2143587422799818
-1.9955696345759435 -1.9960721196898397 -1.99628953016918 -1.996199114688611 -1.9957910127448903 -1.9950652784108895 -1.9951169227184202 -2.0044910177307904 -2.0246887164086513 -2.0480591933498227 -2.0593430164494864 -2.058156643323334 -2.0448015877629526 -2.019612185502229 -1.982872086931574 -1.9347663672329174 -1.8753311077529804 -1.8043888924608873 -1.7214425678796645 -1.6255151458181185 -1.5152970885253287 -1.3891869360861584 -1.2458046946688999 -1.0865488975253916 -0.9219537031290903 -0.7657232026659808 -0.6461211569068186 -0.6034951375884878 -0.6506965567145353 -0.7584267484142151 -0.8973382885097667 -1.052192125964156 -1.2157616555667046 -1.3823233048013348 -1.5486867486477012 -1.7134357616269698 -1.8753085779542578 -2.032878148233752 -2.1590282602196553 -2.225651167323728 -2.2877671097066603 -2.3431212729234154
-1.995145867330939 -1.995306044616342 -1.995136128777806 -1.9946340523439703 -1.9938107784768349 -1.9926782518337416 -1.9913174275192216 -1.996397168645235 -2.011773142773838 -2.0296241363614125 -2.0345126388706554 -2.0263740227689855 -2.0055305663354166 -1.972243251329979 -1.9266834494229401 -1.8688983146302691 -1.7987669822919419 -1.7159380825455617 -1.6197801952976016 -1.5092420647226426 -1.3829794499597952 -1.239521567571995 -1.0775914256998902 -0.8984171779790089 -0.7099607565034853 -0.520358287645645 -0.3574300529773782 -0.31002673740545594 -0.41485042240280445 -0.5766197492576184 -0.7541409283573717 -0.9373675385736003 -1.1219472309245688 -1.3044653385988179 -1.484311227351792 -1.6610488962760375 -1.83423402585608 -2.0033283251802643 -2.165788226779213 -2.2826227008040876 -2.386377995154933 -2.4777374515068455
-1.995139123620449 -1.9949828277035262 -1.9944443323093508 -1.993559965726723 -1.992377696738449 -1.9909388573324243 -1.9892832520539818 -1.9903627541440627 -2.0015691621554876 -2.0134110863695156 -2.0122464264588036 -1.997880451134452 -1.9704954081221802 -1.9302682310138155 -1.8772963629009152 -1.8115590535544714 -1.7328776504248604 -1.6408691819184493 -1.53494087260491 -1.4141977441363272 -1.2774877644298455 -1.1236688692338488 -0.9517326765988144 -0.7626747933485152 -0.5624014916832636 -0.3523909362480053 -0.13497517745582455 -0.05052145423001608 -0.25316637154806254 -0.45542753544586345 -0.6564092169865618 -0.8560722929549256 -1.051877232776933 -1.2434874134029932 -1.4310351222330928 -1.6145170743009511 -1.7938289067882023 -1.9687949740401502 -2.139190457448568 -2.2980634294857634 -2.438167145378225 -2.5847891027304226
-1.995587843077501 -1.9951280932243605 -1.994216203013468 -1.9929606439841747 -1.9914629206991936 -1.9897992884122293 -1.988045918166042 -1.9867441504652557 -1.9931205648095773 -1.9999445625690646 -1.993558846358288 -1.9739116632583098 -1.941120141456679 -1.895309914376706 -1.836554282362906 -1.7648368677378032 -1.680013658823941 -1.5818095032871673 -1.4698234674808701 -1.3435012931181065 -1.2021501753655115 -1.0452972873795385 -0.8727752585687154 -0.6864856548294496 -0.4946357384098581 -0.3040528001718985 -0.13869671313587273 -0.09929738607713867 -0.2322713377313559 -0.41754718070762786 -0.6147343447900864 -0.8137261928717878 -1.0099854954976286 -1.2026977690646043 -1.3914379263519057 -1.575855825345719 -1.7555500801375852 -1.92995988423842 -2.0981344860728184 -2.2579716345340337 -2.4049263645893655 -2.530515332197912
-1.996519639532339 -1.9957360667255013 -1.9944008316410804 -1.9927631356295956 -1.990978179076723 -1.9891352875063493 -1.9873131003568167 -1.9856146842275566 -1.9869228839495987 -1.9896009808851804 -1.9791365666297718 -1.9553703055900888 -1.9184610347702142 -1.868552839027547 -1.8057551048663734 -1.7301213600955418 -1.6416275870401476 -1.5402074993429111 -1.4257686181741482 -1.2982279908690892 -1.1575447298220476 -1.0040888819790852 -0.8389356943167947 -0.6658669966631414 -0.4967502445956873 -0.34510619579372936 -0.23868401677647544 -0.22088776171107938 -0.30383700899751176 -0.44968977102609387 -0.6245287092314638 -0.8094047233844026 -0.9966994525689015 -1.183172614502611 -1.3670028577313873 -1.546917483135847 -1.7217585549583618 -1.890143767612026 -2.049973468315965 -2.1974063216849986 -2.3252997005241425 -2.446713079000396
-1.9979537034210728 -1.9967228732809945 -1.9948561692336229 -1.9928374811575762 -1.990806383064081 -1.9888223989196094 -1.9869395713559181 -1.985223590361734 -1.9838550914719095 -1.9829355156817399 -1.9695417964777115 -1.9428940810500313 -1.9032244288919589 -1.8507460052688909 -1.7856554428132796 -1.7081262036906213 -1.6183186342438258 -1.5164319195865041 -1.402743168795507 -1.277685119329043 -1.1417839777066452 -0.9963314583762024 -0.8438048039536803 -0.6891221577727578 -0.5457449969704133 -0.4279961566286914 -0.3550736102383787 -0.3467141226227819 -0.4076093771267777 -0.522933945372837 -0.6717383533920871 -0.83668988835009 -1.009124149133037 -1.184005895723929 -1.3581428443696124 -1.529221711039885 -1.695222501018752 -1.8539660161416092 -2.0026215511663397 -2.137092549222939 -2.24763717428042 -2.3366942894438374
-1.9999032710714664 -1.9976722608905897 -1.9953044389199617 -1.9930231453244276 -1.9908400250136138 -1.988774154700786 -1.98685625263546 -1.9851258630558144 -1.9836210730186765 -1.9803823066074953 -1.9651820552056218 -1.9368809644827616 -1.8957957104689276 -1.8422361360991666 -1.7765183199550538 -1.6989659680918232 -1.6099559070000269 -1.5099691862412492 -1.3995965748357941 -1.2796547756860797 -1.1513668346622898 -1.01680491918438 -0.8792496309957611 -0.7438661997843801 -0.6231751484015451 -0.5301623637598982 -0.4770092842585525 -0.4738669079585709 -0.523024583450874 -0.617461309917664 -0.743208982656314 -0.8876490505557344 -1.0428134221705854 -1.203083971645393 -1.364439222866935 -1.5237741374647127 -1.6783830014234673 -1.8255489037221393 -1.962193620627271 -2.0830403248111455 -2.177384877457869 -2.2407012251413327
-1.9992122539428776 -1.9976927114399279 -1.995502510033477 -1.993224261549776 -1.991026446913984 -1.9889558627773558 -1.9870448069210924 -1.9853244558604703 -1.9838216120450973 -1.9817895032913826 -1.9662775111761788 -1.9374969635345087 -1.89627094470325 -1.8430182279216467 -1.7781871179549282 -1.7022626320590728 -1.6157830677416072 -1.519445384616431 -1.4141894344918666 -1.3012844407147384 -1.1823895484191222 -1.0600123101796548 -0.9377410388334563 -0.8205501108499256 -0.7181393866742583 -0.6426787370468476 -0.6019979050957223 -0.601894249156445 -0.6436033217657826 -0.7230551820297515 -0.8299167065138511 -0.9555580350263954 -1.0933460198776763 -1.237909216601656 -1.3849717708322937 -1.5310129988161103 -1.67292806655695 -1.8077396943718234 -1.9317463320384545 -2.0358843791305503 -2.1149596214131896 -2.1658173793931224
-1.9980405254092732 -1.9969636184736588 -1.9952735664502643 -1.9933264281358896 -1.991320918647579 -1.9893629868093896 -1.9875209559743534 -1.9858450360492534 -1.9843725028175399 -1.9831243457054728 -1.9726493336120174 -1.9446901519929014 -1.9044752566092467 -1.8527316571314314 -1.7900195149541804 -1.716961181320007 -1.6343164827289374 -1.5430261038090203 -1.4442863082465023 -1.3396324529853096 -1.2309765304688995 -1.1209997423096494 -1.0132424344040016 -0.9122099051909477 -0.8246101848709655 -0.7616791382206352 -0.7292075615798101 -0.7307550272712351 -0.7669984107570791 -0.8349549035457222 -0.9264846249872096 -1.0356325922606717 -1.157107494386693 -1.2861486817033811 -1.4186149051842067 -1.5508965892990467 -1.6797581935807926 -1.8018029706439866 -1.9090931480519777 -1.9965394096297902 -2.0607934050062693 -2.0992606821064914
-1.996901357755618 -1.9960471381071225 -1.9947189551372375 -1.9931083904444378 -1.991378047950118 -1.9896399075108282 -1.987970596596763 -1.9864245250750565 -1.9850401065752794 -1.9838421394445351 -1.979331787382992 -1.957573074565095 -1.9196352896862454 -1.8704125464522177 -1.810884600680334 -1.7418157575416693 -1.6641272288903395 -1.5789336187091678 -1.4876083291561606 -1.3918326428659968 -1.2936217312966 -1.1956436753869506 -1.10119442204455 -1.0141912640176725 -0.9391868677709356 -0.8852843930440542 -0.8583114454529075 -0.8605321658615921 -0.8922952110579738 -0.9509793820075693 -1.029878775147976 -1.124751491894211 -1.2314321423017156 -1.3458686213345237 -1.4642373116507585 -1.5830530548301802 -1.6986828449391527 -1.8037522764718703 -1.8936772932287536 -1.9650542081226263 -2.014889737014021 -2.0408192039316617
-1.9957869799010388 -1.9950837777366919 -1.9940111252218229 -1.99268017689867 -1.9912075663074211 -1.9896902486938879 -1.9882023014820964 -1.9867988336239382 -1.9855198002671821 -1.984392517435585 -1.9831791521827595 -1.9701925958083477 -1.940223781179204 -1.8952552230213782 -1.8398329925797996 -1.7756466732546035 -1.7037397418869178 -1.625346764457423 -1.5419452753959089 -1.4552588417604482 -1.367306442205495 -1.280629226429078 -1.1981981503559211 -1.1233573918098176 -1.059664318013369 -1.0125095896970242 -0.9891873562984459 -0.9913566740645925 -1.0191582731783966 -1.0701033126651738 -1.1384307131766334 -1.2209725950720105 -1.3144484367181315 -1.4155733787261706 -1.5208050067327705 -1.6258629735223398 -1.7240761395600932 -1.811563929032377 -1.8848988176769854 -1.9409385516841822 -1.9769209288199594 -1.9905838297580276
-1.9946912468422415 -1.9941067089520128 -1.9932263472148022 -1.9921211168665212 -1.990873875790345 -1.9895624140867285 -1.988252195771803 -1.986995216734998 -1.9858310795764003 -1.9847884909858586 -1.983886782950803 -1.979341227582447 -1.9592087107617602 -1.9241115835879763 -1.8758001388074441 -1.8172033958790337 -1.7516556251839688 -1.6804952388301313 -1.605243856248999 -1.5275839277048984 -1.4494892033345044 -1.3733126492705643 -1.3016875645924357 -1.237452588561915 -1.183504340506869 -1.1428039092302493 -1.121807967898845 -1.123375558958214 -1.1475062744311713 -1.1918529854247397 -1.2512356851888864 -1.3231766604779387 -1.4050325508392159 -1.4941023844854289 -1.584736918635959 -1.672288320742911 -1.753190669330994 -1.8240579693475485 -1.8817217966804278 -1.9232830216517762 -1.9461782514567343 -1.948248901573291
-1.993609511220205 -1.9931254003648051 -1.992398443866933 -1.9914777760912685 -1.9904237682020298 -1.9892975711156529 -1.9881545540500383 -1.9870414672081975 -1.9859958372514275 -1.9850464088176007 -1.9842140485916917 -1.983468226583202 -1.9737262890424032 -1.9493375955204688 -1.9120692853527856 -1.8637649027270482 -1.806393184214967 -1.7427117440625584 -1.6756331960415898 -1.606777668908967 -1.5380415919764325 -1.471568109203192 -1.4096739640791218 -1.3547719275468726 -1.3092741964091281 -1.2754312012926987 -1.2561914883555856 -1.2567336596812178 -1.277366913501391 -1.3159976822254882 -1.3677518696081212 -1.4305595311064838 -1.5007246560085532 -1.5745628113925185 -1.6486945565697044 -1.7197492969843027 -1.7844787191938933 -1.839787976141478 -1.8827780603054096 -1.9107964339564456 -1.921492633042802 -1.9128732002422413
-1.9925384252958844 -1.992142842639223 -1.9915437720313842 -1.9907774710269956 -1.989889406287593 -1.9889278230006173 -1.9879387726582445 -1.986963158913601 -1.986035420632459 -1.9851832671554404 -1.9844280263920036 -1.9837853438597977 -1.9820674688239814 -1.9687533731015425 -1.9428086765507264 -1.9060632179201915 -1.860453422681829 -1.8080157106202461 -1.750848348928928 -1.691066707850625 -1.6311711842099474 -1.5736562612995026 -1.5205657198866778 -1.4739740544174764 -1.435932667594033 -1.4082437763491327 -1.3923652067580012 -1.3915638236652836 -1.4087882342058724 -1.4417159788323468 -1.4849209116642954 -1.536004255666817 -1.5925182661291761 -1.6517331298162246 -1.7107345597563364 -1.7665553553750062 -1.8162812618921509 -1.857116261043808 -1.8864361636697342 -1.9018422522116718 -1.9012176175554079 -1.8827881732283855
