_RESULTS/CROSS_VALIDATION_POSTPROCESSED_CLR/Berg/IZ/4comp/3/Berg_IZ_z_63_kriged_reverse_4comp_spherical_3.asc
ncols 100
nrows 90
xllcorner 5.6208707817415728
yllcorner 50.959635321741573
cellsize 0.00013419651685393446
nodata_value 1.7014100000000001E+038
[rows 0 to 18 of 90, columns 42 to 83 of 100]
-2.3754376016475396 -2.32147207359004 -2.256915719798986 -2.1815232480027835 -2.096012168810825 -2.0019547534116877 -1.901390900284461 -1.855874137251266 -1.9014773841357457 -1.9451277821178348 -1.987428733116087 -2.0287984466721154 -2.0695141894231743 -2.1110990111424606 -2.1648112940307223 -2.2294523150826198 -2.3005821075756145 -2.374040588620134 -2.4460526826993867 -2.5133362969406097 -2.573206678167252 -2.620928271531305 -2.6523893324421075 -2.666830928020442 -2.664323209839288 -2.6457448148530713 -2.6152867356546934 -2.5811048856801606 -2.546740734818061 -2.516025658850245 -2.4931743734480056 -2.482689370024553 -2.4824715271640483 -2.4824715271640483 -2.4824715271640483 -2.4824715271640483 -2.4824715271640483 -2.4824715271640483 -2.4824715271640483 -2.4824715271640483 -2.4824715271640483 -2.4824715271640483
-2.4252713831155317 -2.375776759996462 -2.3143637160502943 -2.24064288386153 -2.156321881917194 -2.0660459462139342 -1.9821361450680621 -1.9416722039876888 -1.9552128172540442 -1.9855735832038688 -2.019972662332973 -2.0556636866564464 -2.102079949017318 -2.168072610813854 -2.2483828989779804 -2.337867258190214 -2.431581303117537 -2.5248712381201113 -2.613487963911157 -2.693713497183185 -2.7624891067298076 -2.816065327051833 -2.8490112229925857 -2.860317591696208 -2.8501267053990023 -2.819505572807744 -2.7731047224498777 -2.7193055824064403 -2.662016014285649 -2.6055000703973614 -2.554402715605823 -2.513636084258832 -2.4882820281405906 -2.4824715271640483 -2.4824715271640483 -2.4824715271640483 -2.4824715271640483 -2.4824715271640483 -2.4824715271640483 -2.4824715271640483 -2.4824715271640483 -2.4824715271640483
-2.4839809588891275 -2.4422816509739635 -2.387431918054797 -2.318653737298609 -2.2393530767876877 -2.1577699174534644 -2.087569797665208 -2.045629828399781 -2.036143262587142 -2.04730598541644 -2.069376047879633 -2.116076034633235 -2.189249204427407 -2.28227431136293 -2.3890132645042987 -2.503608729217065 -2.6204597207197424 -2.7342849387097106 -2.8402367829304356 -2.934045346937354 -3.012174717619552 -3.071245638047079 -3.1052655850879045 -3.112683379880023 -3.093727024931277 -3.0496967256990866 -2.9861474757144792 -2.9114254317220225 -2.8298375430444906 -2.7461617889561425 -2.6655426052011975 -2.5933559279212757 -2.5350986035022713 -2.496303052491403 -2.4824715271640483 -2.4824715271640483 -2.4824715271640483 -2.4824715271640483 -2.4824715271640483 -2.4824715271640483 -2.4824715271640483 -2.4824715271640483
-2.548431810201352 -2.518113293723272 -2.473018397892799 -2.4100915622773638 -2.3345115250280166 -2.257638899670887 -2.1915788957264772 -2.1458150491173256 -2.1229996944220813 -2.1203795043388176 -2.155392303025423 -2.2269746060104425 -2.3265666575765986 -2.446630095173441 -2.58019067992286 -2.720616017817493 -2.8615564699859988 -2.996992318252108 -3.121353700761226 -3.2297129440735826 -3.318377487109568 -3.383605196278561 -3.418774601114605 -3.421486837163892 -3.3920918995461697 -3.3324289857425606 -3.2499754205681466 -3.1527841424629024 -3.0453057871007947 -2.9329267652237867 -2.821371613211725 -2.7165390406682532 -2.6243789077948576 -2.5508035685667894 -2.501628849126952 -2.4825386384400945 -2.4824715271640483 -2.4824715271640483 -2.4824715271640483 -2.4824715271640483 -2.4824715271640483 -2.4824715271640483
-2.613268995318439 -2.5983288972087437 -2.5674293953669713 -2.50857705165241 -2.431476147569101 -2.354359929578279 -2.2880648511634205 -2.238382311122885 -2.2079444657248084 -2.220895932679213 -2.2808566051534376 -2.378584858771848 -2.505445181976438 -2.6533952148274875 -2.8148009930569966 -2.982299588941128 -3.149259352617908 -3.3107809312152505 -3.459577670745869 -3.5887709712507436 -3.692556194179552 -3.7663350999857883 -3.803286422644045 -3.8004087408151053 -3.7581985378202014 -3.679096589797838 -3.572326966712255 -3.4458528854329455 -3.306238605074821 -3.16073036026355 -3.0163720033513735 -2.877592566808991 -2.7505173601371147 -2.641450370198772 -2.556512790664483 -2.5016197813854504 -2.4824715271640483 -2.4824715271640483 -2.4824715271640483 -2.4824715271640483 -2.4824715271640483 -2.4824715271640483
-2.669395837831465 -2.6716012847658814 -2.6658956932331934 -2.6032883638676196 -2.5179747574269493 -2.439320230410475 -2.3726562638695627 -2.3205731084459744 -2.3069715871223613 -2.3479394396102324 -2.435564903021269 -2.5614354415131753 -2.7171473904000267 -2.8944614435616582 -3.0864092522187514 -3.288399551198996 -3.491343289250878 -3.6859930726837216 -3.86357014814374 -4.01606705730293 -4.136624176532336 -4.219839695797273 -4.258493909368283 -4.249134598800507 -4.192462081096481 -4.092131256073744 -3.958758156818547 -3.800015686125839 -3.6235172725347136 -3.4375136555829955 -3.2505720139025467 -3.0713348007848933 -2.9076085942406005 -2.762426342379434 -2.641445174069167 -2.5507826953706876 -2.4962800409978536 -2.4824715271640483 -2.4824715271640483 -2.4824715271640483 -2.4824715271640483 -2.4824715271640483
-2.7068754109049507 -2.7149560485956235 -2.716366108708187 -2.659134154852296 -2.579187644306622 -2.5053205608888187 -2.441699515732731 -2.402952116358027 -2.4214173110811767 -2.492986379651477 -2.6106224337099895 -2.766673013412349 -2.953271230004988 -3.167210573677453 -3.4009102338254245 -3.644034624238785 -3.8861694698131775 -4.116950541108411 -4.326310218047865 -4.504859301020556 -4.644391850352054 -4.738364375684686 -4.778796040368283 -4.7619729066516285 -4.688888547889116 -4.565392577273147 -4.402606295859554 -4.208610969624579 -3.9923293702124454 -3.763212657525804 -3.530856416769733 -3.304739202377082 -3.094065190706163 -2.9076845704764347 -2.7505334335377767 -2.624364253886771 -2.5350622183418805 -2.488257388731278 -2.4824715271640483 -2.4824715271640483 -2.4824715271640483 -2.4824715271640483
-2.7240069963035576 -2.7259456935618145 -2.713285081721907 -2.672787401725475 -2.6132610939318313 -2.551180758814505 -2.49728381627309 -2.4921011970668996 -2.5442605040189257 -2.648383174139306 -2.7980290027286956 -2.9874038291929224 -3.2157980717113226 -3.474412125927286 -3.7527461407323783 -4.03987833153906 -4.324500747315883 -4.595041125301302 -4.839930951292983 -5.04806908592122 -5.209494047291686 -5.316051349081443 -5.358531520038833 -5.333116785458751 -5.241310914066361 -5.092376395934875 -4.896690168918647 -4.663859575998993 -4.404447045427674 -4.129326304759068 -3.8492413046586966 -3.5745470789443514 -3.315086489598909 -3.0801559153694646 -2.8785227452052515 -2.716568836946171 -2.5933345491774777 -2.513594550266288 -2.482682812793609 -2.4824715271640483 -2.4824715271640483 -2.4824715271640483
-2.7272667824743992 -2.7239011714904007 -2.7076309710163518 -2.674903856449558 -2.629588917362765 -2.579808246508507 -2.552389872692633 -2.583453207413151 -2.6699763354678487 -2.807357937582349 -2.9923684568387627 -3.226347417103064 -3.5008549271280227 -3.806024095352271 -4.131382336963023 -4.465528805364073 -4.796304381222377 -5.110856483504531 -5.395879339793645 -5.63813346110552 -5.82531770748998 -5.946932462029382 -5.9919918144622475 -5.956619758098762 -5.844081596507484 -5.666028519664712 -5.43307459518991 -5.157111325953089 -4.85074828263725 -4.526512181077301 -4.1963817514105095 -3.8715785492378476 -3.562520120382645 -3.2788612467067106 -3.0295746587062946 -2.823043295630548 -2.6655816161196273 -2.5543789474126326 -2.4931424078902342 -2.4824715271640483 -2.4824715271640483 -2.4824715271640483
-2.7147521942684074 -2.7048119337853787 -2.685659572944597 -2.656662802489595 -2.620172343095207 -2.5833848158684654 -2.592355236509036 -2.660464229651075 -2.7842346201515418 -2.9609742654096665 -3.1941775384004014 -3.4761191976476153 -3.7978450506785375 -4.15120222497789 -4.525608114380115 -4.908725116895712 -5.288158006606336 -5.65071785126658 -5.981585733960014 -6.2647876854098845 -6.484260712774722 -6.624901030138496 -6.673432710911815 -6.626372299644823 -6.490729571295484 -6.278436748378546 -6.002706626608084 -5.678495011073202 -5.3209285517961975 -4.944379073991256 -4.562064514987106 -4.1859763815681195 -3.8269701688940154 -3.494917332297825 -3.1988662652029327 -2.94718934202772 -2.7477084956300923 -2.6055419706488405 -2.5160051578207425 -2.4825886874321372 -2.4824715271640483 -2.4824715271640483
-2.6776401439913453 -2.662555234421919 -2.641549432220522 -2.614990314763239 -2.5846185878547328 -2.5678409680355285 -2.610415530794247 -2.7131565031509326 -2.8736344565500374 -3.0981332478200985 -3.382107640533487 -3.715650826918937 -4.084645473732496 -4.480270454626827 -4.894512267973321 -5.320878752167481 -5.7480716530504425 -6.161888619613256 -6.545504636665818 -6.879715243425633 -7.144055446030261 -7.317791111279137 -7.382275555827473 -7.331844867185943 -7.173464917247625 -6.920304761401622 -6.594847901797941 -6.21642661662654 -5.803142090293612 -5.3712658135353895 -4.935100863364086 -4.50718136246029 -4.098572244613016 -3.719161950188212 -3.377911416613858 -3.083053857993549 -2.84225099334483 -2.662714006142263 -2.5467777991108616 -2.488692804762322 -2.4824715271640483 -2.4824715271640483
-2.6182441130324126 -2.598752246672624 -2.5761145821108116 -2.5511418823762924 -2.5252802038123208 -2.53284742486186 -2.6052167303850378 -2.739522670318149 -2.9418099227998047 -3.2103721872953166 -3.5301727070998474 -3.89558907000574 -4.300630416205783 -4.737969823957948 -5.198699436140347 -5.672026275541755 -6.149706301408664 -6.619778710508278 -7.063640638764891 -7.458463499938562 -7.777883180927336 -7.992361214722836 -8.077978577186023 -8.02950093234195 -7.854041936246574 -7.568789055520989 -7.195269370680382 -6.7569488210081285 -6.283599267757092 -5.794052887404542 -5.303286710255094 -4.823982788109307 -4.3670922534796555 -3.942273777614445 -3.5582186285778263 -3.222888337758574 -2.9436886235427604 -2.727597589682086 -2.5812514492174414 -2.5013534465777734 -2.4824715271640483 -2.4824715271640483
-2.538325907384586 -2.514643814211423 -2.490251770791125 -2.4662078199831403 -2.4460628043031867 -2.476995157416086 -2.5751799178095784 -2.7412539493371324 -2.971860188104679 -3.2601062766937057 -3.602769824108883 -3.9956655613412595 -4.433540900217478 -4.909900136826634 -5.416719311860007 -5.944004725959006 -6.479144100663517 -7.0096164754199854 -7.521454584975828 -7.988635001806379 -8.377152529535994 -8.644531351555267 -8.75866761490462 -8.707474529855288 -8.503586344643786 -8.17643967827178 -7.757905230458562 -7.274523505806625 -6.746216326757018 -6.198103242073984 -5.65350340957086 -5.1246924911520715 -4.622123630810412 -4.154966855686109 -3.7314708117903543 -3.3592098382801994 -3.0452563650807525 -2.79630367070899 -2.6187548789434767 -2.517107288681433 -2.482483905726342 -2.4824715271640483
-2.4393630734051346 -2.4113825939190296 -2.384931110716378 -2.361250640995016 -2.3487957538718716 -2.3989105750099498 -2.5156003451762876 -2.6932085472676603 -2.9341253307498905 -3.2362750381873475 -3.5968698690688297 -4.012339340652804 -4.478224129669625 -4.98899981495729 -5.537792090517851 -6.11592903520043 -6.712235092014149 -7.312002354054176 -7.898363634037949 -8.450834942835034 -8.927533364282468 -9.27068125185764 -9.422906993081197 -9.359095385671804 -9.107784826992633 -8.722389781501317 -8.249195260347836 -7.719712538029437 -7.154315270207299 -6.566520794419485 -5.972055865481549 -5.397493439170331 -4.853406857469811 -4.348268641490866 -3.8897614261599367 -3.4849993801733437 -3.140678945049875 -2.8631843788567375 -2.658663295700305 -2.533081692643091 -2.484127983542527 -2.4824715271640483
-2.322745713855811 -2.2901292515405047 -2.261187268507785 -2.237342133002818 -2.232455460094781 -2.2913059715276702 -2.403596902385473 -2.5827355923133215 -2.8283882181745095 -3.138691697379756 -3.5112405011746004 -3.943041211214287 -4.430426198902669 -4.968898616804431 -5.552879773326252 -6.1753189732865525 -6.827088363512084 -7.495979504930684 -8.165230232760015 -8.813065407092667 -9.40402204081663 -9.86090348182143 -10.068964249295526 -9.969841278561335 -9.638838123451329 -9.176723155503312 -8.643264241069959 -8.0691236968599 -7.471264939416637 -6.860221563619129 -6.243208311463269 -5.630993808365956 -5.05127580965546 -4.513875817483221 -4.0258780807812515 -3.5939290454552504 -3.224353920811639 -2.9232386543700044 -2.696488667454922 -2.5498715720329255 -2.487076180996973 -2.4824715271640483
-2.1898763330042144 -2.1520950318479812 -2.120117146235163 -2.0955769699957556 -2.090437595421357 -2.132673400109695 -2.2369232338901073 -2.4119119360742687 -2.6563082330880827 -2.96906044803858 -3.3479583147474496 -3.7892410920243016 -4.289502300798523 -4.845585020549404 -5.454350087713572 -6.110743726844382 -6.806936543922877 -7.533712204561297 -8.27889970877867 -9.026111564385909 -9.749171705748614 -10.380969595835925 -10.69457015489846 -10.496058490408144 -10.039469910074912 -9.493805487912244 -8.907935058590224 -8.30044766516794 -7.681386608107337 -7.057407277304408 -6.433392022779147 -5.8131438922277185 -5.2072001728831445 -4.6445602862898525 -4.133611422498834 -3.6806006727716385 -3.291538775350849 -2.9722607922194433 -2.7284698477676947 -2.565768933776334 -2.489668377797155 -2.4824715271640483
-2.0422353191742344 -1.9985725468016633 -1.9628860618015733 -1.9336408002829235 -1.9054333086586803 -1.9291398201083572 -2.0311043946497165 -2.211046287752727 -2.4637781265815697 -2.7844881379850714 -3.1689199610091574 -3.6134921719241957 -4.115318790514385 -4.672103919612082 -5.28189739042803 -5.942714018390557 -6.652037632180477 -7.40710654124816 -8.203598272545916 -9.02195724872316 -9.844609670236785 -10.663886730846734 -11.277718508524668 -10.774498277265014 -10.208584173888596 -9.618717328939194 -9.011867096167771 -8.394495174434114 -7.772250792604183 -7.149734542828053 -6.530611581730174 -5.917845107042749 -5.313919252937916 -4.734575238814179 -4.208055165359061 -3.7407725380821466 -3.338525403473983 -3.006976900673486 -2.7516904562429 -2.578154900441491 -2.491802583080885 -2.4824715271640483
-1.8814416743870197 -1.8309720745639235 -1.7903084879116222 -1.7435554983304222 -1.7090225929803005 -1.7402349625355082 -1.852123965099659 -2.0399315356361845 -2.297770551209122 -2.6202456908509704 -3.002750790111425 -3.44167396112724 -3.9344588405524803 -4.479486917012861 -5.075758152683725 -5.722813096146808 -6.4203454051676605 -7.1656330376915225 -7.950675794744914 -8.763058766846616 -9.580835212725196 -10.332677756420171 -10.752795421310289 -10.535280690764251 -10.064479647607785 -9.51852013843964 -8.938511090091032 -8.341707406294756 -7.737969702002864 -7.133556815679251 -6.53271435067208 -5.93853960696554 -5.35348074016029 -4.779998411550732 -4.245857605245121 -3.7715480566369486 -3.3627844246859504 -3.025157059248833 -2.7641672743145804 -2.585251455330025 -2.4937978500993268 -2.4824715271640483
-1.7105822627146603 -1.6536871257838448 -1.6194465076279054 -1.5817435916391884 -1.5529452685238183 -1.591090300341106 -1.709471106736341 -1.9012392586190439 -2.1594575752578984 -2.477787794221162 -2.8509518452503007 -3.275048201898784 -3.7477669820197907 -4.268635182020846 -4.837896984123605 -5.455912407247556 -6.121994351308209 -6.831097417442059 -7.572121230931602 -8.3250979153544 -9.048751103129641 -9.654325546981623 -9.995068807517951 -9.963670871900415 -9.65882520362867 -9.211835172319828 -8.695565693910256 -8.145834222220378 -7.5809373536233515 -7.010897256531296 -6.441700442390712 -5.877300985238978 -5.3206039620075165 -4.773966216377286 -4.245389890255913 -3.7715040400199857 -3.3630642305198535 -3.025692732710471 -2.764911436358172 -2.5861703286383233 -2.4948668565604977 -2.4824715271640483
