_RESULTS/CROSS_VALIDATION_POSTPROCESSED_CLR/Berg/IZ/4comp/3/Berg_IZ_z_710_kriged_reverse_4comp_spherical_3.asc
ncols 100
nrows 90
xllcorner 5.6208707817415728
yllcorner 50.959635321741573
cellsize 0.00013419651685393446
nodata_value 1.7014100000000001E+038
[rows 19 to 37 of 90, columns 0 to 42 of 100]
-3.8629234678420628 -3.8518252143707903 -3.840276246680877 -3.8289038510985614 -3.81830526002353 -3.8090290517064305 -3.801554071246608 -3.796267574513397 -3.7934450020555346 -3.7932341211221097 -3.79564599383765 -3.8005542860303123 -3.8077030359222617 -3.8167215698010093 -3.827144215074974 -3.838432072075668 -3.849994352154575 -3.8612074545100317 -3.8714307560926606 -3.880018802739776 -3.886330099397834 -3.889732985491124 -3.89015125462123 -3.89015125462123 -3.89015125462123 -3.887567146249202 -3.8777766844628463 -3.8611227096799245 -3.838072828248481 -3.8091052259025022 -3.7734648282895247 -3.730087485439308 -3.678888384724657 -3.617751938204005 -3.548009613233442 -3.471457832465896 -3.390072234482466 -3.306093954689423 -3.222173451733448 -3.141603547885043 -3.0686474214929698 -3.0087914977063273 -2.969685863798012
-3.844159811893355 -3.8294239802397003 -3.8144402912673616 -3.799903797312556 -3.7864869049916297 -3.7748170110634067 -3.765449821456411 -3.758840482750677 -3.7553159418823188 -3.755052724051785 -3.7580640762378428 -3.7641989775968216 -3.7731532156207237 -3.784490353711188 -3.7976687951867385 -3.8120707139749213 -3.827029263541168 -3.841851717634694 -3.855837512180531 -3.867927360455326 -3.877000078381041 -3.882953827141591 -3.8856068714795096 -3.8853638962314583 -3.885393091552086 -3.8823219459682403 -3.8723631119587334 -3.855636832923071 -3.8321211605538936 -3.801584534548261 -3.7628287603280564 -3.716071757483792 -3.6620440044473686 -3.601074906999518 -3.5314632412873523 -3.454310981954256 -3.3713719800736905 -3.2846006615029504 -3.196296401690341 -3.1093974965796027 -3.0280815062854924 -2.9611371647466753 -2.921150059998764
-3.8215904173409143 -3.803049075223625 -3.7844309716789044 -3.7665078761123754 -3.7500408088510078 -3.73575355386761 -3.7242988986149825 -3.7162200809326564 -3.7119122597411653 -3.711590543743488 -3.715271125560963 -3.722769818878132 -3.733718344622756 -3.747594617289508 -3.7637606910063903 -3.781501689809212 -3.7997941977461256 -3.8159996200327573 -3.8297815961381363 -3.841288554145114 -3.8505884766986203 -3.857650836402808 -3.8623271826814998 -3.8643330998000103 -3.8645437076604248 -3.861615785699537 -3.8527217610296187 -3.8379321868364036 -3.8171565397129257 -3.7895111971779687 -3.752341850383043 -3.7051861003652045 -3.6484655556329413 -3.584750140174229 -3.514919751744921 -3.4380740640427123 -3.3545279519821722 -3.2659085334978455 -3.174031624827408 -3.081113278510233 -2.9927856486294138 -2.9188534189856186 -2.872380563118568
-3.7959044971969376 -3.7733819080069946 -3.75090994399238 -3.7293458273663287 -3.709554397565932 -3.6923776680574205 -3.6785924337777365 -3.668858344629495 -3.663663072890597 -3.6632749326595695 -3.667714203918549 -3.6767508879659996 -3.689929526390383 -3.706614313372341 -3.7258645870590748 -3.7439156414296457 -3.759763586757159 -3.7736834535847894 -3.7859136570852097 -3.7966440459587982 -3.8059949080369306 -3.813990794097386 -3.8205329991409784 -3.8253742883831796 -3.8280001067445384 -3.8257183630229767 -3.818479619287019 -3.806300163013069 -3.7890147666712988 -3.764955744174955 -3.7318026122447088 -3.6891843852886983 -3.6366723299940444 -3.573786627182266 -3.5016625143876574 -3.4237773391557313 -3.3407235093911227 -3.2519596178946086 -3.1585609348613994 -3.0637664529211506 -2.974513425037674 -2.8927806512749186 -2.8293617840876655
-3.7678455951197263 -3.741164741795955 -3.714602808782092 -3.6891095278475756 -3.665669666485818 -3.645270039031104 -3.628847384995478 -3.6172182019441173 -3.6109990734474655 -3.610534074062035 -3.61584935157265 -3.626649527843741 -3.642357141257299 -3.660534993472139 -3.67677774645483 -3.6911693837662556 -3.703988181010098 -3.7155122626452926 -3.7260161218417833 -3.7357505834813076 -3.7449115499347423 -3.753602717439746 -3.7617971852163308 -3.7693025695068174 -3.7756318951355534 -3.775656127227651 -3.7706990778584486 -3.7618503511839756 -3.748842926162838 -3.7292324785276247 -3.701224749684467 -3.664349418037422 -3.618061121668161 -3.56176809111746 -3.4948568610718898 -3.41708473550029 -3.3328997060597847 -3.244322082122207 -3.152743123775114 -3.0645510250011583 -2.981585661684683 -2.904961914162219 -2.8483702549784975
-3.7382212678294837 -3.7072152820245177 -3.6763183950818252 -3.6465755935552306 -3.6191063648626396 -3.5950731551349167 -3.575620271016625 -3.5617797658960706 -3.5543534572246953 -3.553797473320488 -3.560146736383062 -3.5730088781877827 -3.588284668239122 -3.6018628723271924 -3.613951049575034 -3.624747572284007 -3.6344876353195135 -3.643460161238495 -3.6519957402103107 -3.6604341256657804 -3.669078772953876 -3.6781448125876777 -3.6877063597479354 -3.6976489364121283 -3.7075857781575308 -3.712289709383098 -3.7103661724193637 -3.705612273297226 -3.6976615728094075 -3.6835960518714397 -3.6619239886925516 -3.63205425578225 -3.5933317489536845 -3.5450727450226807 -3.4865960152336934 -3.4172520651335856 -3.3365170261769492 -3.2489410438921285 -3.1631576972828412 -3.0844739374688968 -3.0142605756369902 -2.956571807004643 -2.936017049937977
-3.7079121461107865 -3.672442960327591 -3.636972973028536 -3.6026365430329115 -3.5706966204807613 -3.5425234644885317 -3.5195304024740235 -3.503051313898684 -3.4941635967280247 -3.4934968443226957 -3.501099769602852 -3.51221330133878 -3.5222931422295662 -3.531412255120393 -3.5395778520738554 -3.5468567642411246 -3.553436555270275 -3.5596336541419396 -3.5658653520542374 -3.572599186757691 -3.580288877823462 -3.589303543524627 -3.5998565909078755 -3.6119413705736894 -3.625281019135414 -3.6354257626645445 -3.6383946726956036 -3.6385423401058716 -3.6365398407213303 -3.6291838367114373 -3.615076407910538 -3.5934968701715615 -3.5636818474613134 -3.5248694019886653 -3.4763387320128865 -3.417450505199051 -3.3476974825748504 -3.2683991509762684 -3.192428398213184 -3.1254715835892686 -3.069827014805254 -3.0303048502322847 -3.0313431477002672
-3.67787796841001 -3.6378649055044905 -3.5976188241278217 -3.558342675043725 -3.5214263109012722 -3.488178638161518 -3.4604713466758605 -3.440333098511548 -3.4294346610942155 -3.428752748481362 -3.4345010479932 -3.440493397015201 -3.4463460133091246 -3.451539262653342 -3.4560816727175423 -3.459918629420455 -3.4631980907942443 -3.4662955903664856 -3.4697597658675363 -3.4742377636530515 -3.480388847579758 -3.488791087320832 -3.4998469650952586 -3.5136965946785423 -3.5301494040950416 -3.545953576685492 -3.555629312385724 -3.5615384243701236 -3.5664781586068632 -3.567036841451321 -3.5617424421225805 -3.5497273989716294 -3.5301132602574525 -3.502063331842014 -3.464829237661746 -3.417798561527812 -3.3605581608852915 -3.2985380680080434 -3.2367227449265963 -3.18241214564509 -3.141113508892117 -3.117026888591645 -3.132997802081807
-3.649156434914567 -3.604575213977354 -3.5583338042179093 -3.5116822547886204 -3.466684265621983 -3.425660621820297 -3.3911813065184964 -3.365915590167801 -3.352241257038434 -3.349298153637279 -3.349608831108728 -3.35239538168542 -3.3566718313299457 -3.3611523748238463 -3.364692051765757 -3.3664733364979273 -3.366357605077983 -3.3658875952275014 -3.365950294045696 -3.3674374293587026 -3.371282293290548 -3.3783414076466034 -3.3892710285086736 -3.4044251798058482 -3.4237465071084836 -3.4452112243778568 -3.4625311025174 -3.4756218312301765 -3.4885517197403058 -3.498219164814879 -3.5029382578514827 -3.5016952022225434 -3.4934887035733664 -3.4773714628446886 -3.452564445125772 -3.418475070477911 -3.375746743515692 -3.332299863368502 -3.289693765970884 -3.2492516306549737 -3.2209064123857774 -3.2098911403478723 -3.2378379974340206
-3.620935035296976 -3.568207282280384 -3.5131145987299606 -3.457524869738365 -3.4035804946886326 -3.3538237724964044 -3.3113155626884705 -3.2796020583424523 -3.261611794570654 -3.251296986498875 -3.2471111283109098 -3.2481274526587884 -3.2521746189049905 -3.257044486987377 -3.2610855448219356 -3.2632956497636627 -3.2632188780660716 -3.260811362296323 -3.25685616079761 -3.2543890201513777 -3.2549745698716506 -3.259916000885831 -3.270157555176506 -3.286254707298268 -3.30824542215366 -3.335129765633305 -3.360630543226873 -3.382452169878732 -3.404484254757803 -3.424478899836028 -3.4403417312551654 -3.4508530259867434 -3.4548937438114913 -3.451502452326621 -3.4396218987124225 -3.4184025127132696 -3.390990258850677 -3.3651634663283705 -3.3410235265739803 -3.3186798131288215 -3.3023214930061577 -3.3026837706914005 -3.3406577675883424
-3.587965277466726 -3.526683424225026 -3.462820882907276 -3.3981809787172805 -3.334856320595589 -3.2754413305605476 -3.223365651166249 -3.1832390788912504 -3.155313707076982 -3.1371003943519193 -3.130129672286519 -3.1315813646301462 -3.13717071935234 -3.1434774829887977 -3.1484203818962984 -3.1509670454872873 -3.150800088253728 -3.1480932317237986 -3.1434344099217206 -3.1377433975237787 -3.1341547888989325 -3.135973189135686 -3.1445832484293295 -3.1609033718444257 -3.1851806119707518 -3.216868289630419 -3.251119439425141 -3.282998151939438 -3.3153282315197012 -3.3469768150291257 -3.375213747981686 -3.398574514196167 -3.415448938087346 -3.4241985828492734 -3.424272160524631 -3.4154096273958743 -3.403916145923445 -3.3950705362997335 -3.3884485042338834 -3.384021837808133 -3.3821756917752683 -3.392550859838108 -3.4428192055064457
-3.5515459479016593 -3.4821473514287584 -3.4099141348846738 -3.336515059896235 -3.2638397403315853 -3.1942366002255222 -3.1310434501383537 -3.078510853938645 -3.0352395593612567 -3.009253627099512 -3.0026797755762873 -3.007915957954892 -3.0170486707222626 -3.0255814949211715 -3.0314501991181637 -3.0338922852800554 -3.0328869184468648 -3.0291238929863424 -3.0234755868684395 -3.017004282757018 -3.0109867268782686 -3.008302155431477 -3.014005644299708 -3.029653368307648 -3.0557928781207284 -3.0918815390741456 -3.135068345314952 -3.1782231395241185 -3.222117618142745 -3.2668060135421877 -3.308582637357731 -3.3447546078789796 -3.3737069658312375 -3.3946045857071026 -3.40691465940362 -3.410753536531553 -3.4144632134050896 -3.4212406680520253 -3.4308159102326785 -3.4428112082053843 -3.4571256237739796 -3.477869291875183 -3.547018900061527
-3.5130281476004 -3.4362636790222028 -3.3565738326376775 -3.2754306518791676 -3.194353333016297 -3.115126161120279 -3.040307673221443 -2.9693311021004423 -2.904853309598664 -2.8707853187603276 -2.8714172909412445 -2.884728112298064 -2.8985948982242817 -2.9091577979248786 -2.9152453118179027 -2.916716698620445 -2.9142006349933327 -2.9083888646822764 -2.9003051368461286 -2.8913800817925184 -2.8834157116726096 -2.878436249680562 -2.8798561874423343 -2.8937082229245714 -2.9212559676803513 -2.961945648506986 -3.013621490673696 -3.069255453914998 -3.126202684017415 -3.1851118174165265 -3.240038526080749 -3.2888975571145904 -3.3304104460614368 -3.3637025322231566 -3.3882565449198125 -3.4048667275770272 -3.4227024040460274 -3.4436606845122855 -3.467485699401468 -3.4940382909974437 -3.522916321880878 -3.5623155532875264 -3.648718310870917
-3.4710899656940173 -3.3879471398592047 -3.3021378425745844 -3.2150838244434405 -3.1281385439481237 -3.042572312040082 -2.9592949451687636 -2.8697313592986378 -2.7743663358239257 -2.729348416216209 -2.7512343520024336 -2.773093754842521 -2.7895559306949353 -2.800109918397048 -2.804860056696713 -2.8044152687548793 -2.7992179877253127 -2.7899813717843474 -2.7778607039028107 -2.76456858899211 -2.752442758589307 -2.7443697467385393 -2.7434183919505104 -2.7541844391040167 -2.782674457230133 -2.82845965538101 -2.8886288286937134 -2.957731625193208 -3.029189606758327 -3.1018990014663217 -3.170513296698112 -3.2326547091407996 -3.2869713683878112 -3.3326094854415205 -3.369115939792482 -3.397952796100605 -3.428538220072209 -3.462102318991847 -3.4983909396410215 -3.5372258424849368 -3.579380889923627 -3.642821860170608 -3.7440941848658875
-3.4267201486573304 -3.33824863788009 -3.247663715953943 -3.156517885619059 -3.066318995313442 -2.978522383133223 -2.8926023788725477 -2.7988522504756452 -2.702525489787221 -2.654224731679216 -2.6672599031055135 -2.683933653930238 -2.696335732207997 -2.703314302176339 -2.704935806145767 -2.701128427320201 -2.6920105179315588 -2.678083674798766 -2.6603939356560615 -2.6407406178088824 -2.621901680142594 -2.6077557981633808 -2.6030089354577086 -2.61211341741702 -2.641095549479504 -2.69300992340417 -2.763437818791407 -2.8457787642465187 -2.9320398029159946 -3.0192232826682526 -3.1022896116444523 -3.177978091732645 -3.2449830518166403 -3.3025653225388054 -3.3504023293469185 -3.3904042584005785 -3.432079095050527 -3.4764290546331074 -3.523222477959497 -3.572261011061998 -3.629549286083004 -3.7145132961437928 -3.830177273248035
-3.3811363695518186 -3.288358168478463 -3.1942896107284167 -3.1007878303733234 -3.009821026603692 -2.92360358704541 -2.840546303153161 -2.7548039114594074 -2.6781237354413117 -2.631500597005899 -2.6181598897632963 -2.6185506210150953 -2.621041326726646 -2.6216821250871982 -2.6184565219403235 -2.6102081171817773 -2.5963798321000437 -2.5769538189595997 -2.552571412385646 -2.52479917526737 -2.4965550242596675 -2.4726394638921394 -2.459976217283469 -2.4664470390578077 -2.4975552755055404 -2.557670537872445 -2.641310265824888 -2.736972386275477 -2.8381288193573955 -2.940387915132831 -3.0380756926839774 -3.1270736902700467 -3.2061797774979732 -3.2748847342524794 -3.333067332221618 -3.3827593710370873 -3.4335941399522696 -3.48668772710039 -3.5418484594483224 -3.5988767635489114 -3.6720748031115926 -3.7746464948933136 -3.904840725848315
-3.3352460180032137 -3.239016892204681 -3.1424686889601405 -3.0478438547984146 -2.9576717322667605 -2.8749784841302413 -2.796633322360166 -2.719528790190208 -2.652975544357422 -2.6062753279443047 -2.580746418192966 -2.568732327094926 -2.5619458321126682 -2.55557008312707 -2.547071005214194 -2.534265216755392 -2.5157748681361842 -2.490874956454727 -2.4595381763579605 -2.4226885945694656 -2.3827756192493563 -2.34487429328336 -2.318307369118617 -2.316969372762918 -2.352793160375578 -2.4257910562689777 -2.5264816028777908 -2.6378761330186 -2.7531727154287906 -2.8697815708570475 -2.9809423059519977 -3.0823010246734412 -3.172334562314907 -3.2508662610992913 -3.3180270956179543 -3.375638549390936 -3.4334575844706055 -3.493058335318694 -3.554301227344809 -3.618093783979456 -3.70513617376706 -3.821516040813686 -3.9647206286522256
-3.2897324773708014 -3.190662870559302 -3.0922265945262315 -2.997024528103119 -2.908061201560777 -2.828888151123853 -2.7546024478813864 -2.683566309968012 -2.6224043797377257 -2.5761518171911426 -2.545509017687235 -2.526746621261619 -2.514726166815435 -2.50416768401484 -2.4915636729014587 -2.4752634686662205 -2.4532162595928173 -2.4239913121562053 -2.3867765797633864 -2.3415153430963267 -2.2893802159740693 -2.234087267394877 -2.1854029611939696 -2.1660855094744935 -2.2068259079764556 -2.304088107803887 -2.4276182057519935 -2.5571400967361315 -2.68685366421291 -2.814351830278798 -2.936570776759817 -3.048743041127568 -3.1480190149616525 -3.234405142612845 -3.3083197345948836 -3.3712309565446428 -3.4329012552566294 -3.4960128152736036 -3.5607278640030247 -3.6303407358446247 -3.727309567073296 -3.853570008756116 -4.00635890517718
-3.2451788197990576 -3.1436364840439652 -3.0435071504411413 -2.9476543290279906 -2.8594075157360175 -2.7825162341093295 -2.7110654779881402 -2.6439831537349754 -2.586416671491068 -2.54170931297696 -2.510221695825903 -2.4898297235250286 -2.4764837416963945 -2.465409534652403 -2.4523184339414277 -2.434640669068736 -2.4111561573138283 -2.3799337748059766 -2.339522666436991 -2.288926615300165 -2.2277074458773263 -2.156520045228392 -2.0795844215755195 -2.0198427730713875 -2.066896025126344 -2.210393459650823 -2.3629264648189636 -2.509702902998058 -2.6509300320253937 -2.7857650032649133 -2.9129336330511078 -3.0314546623396725 -3.137534451684164 -3.2295410866697845 -3.3080807988503795 -3.374148897465669 -3.4366276105119766 -3.4997802613494358 -3.56386169164729 -3.6355753278671408 -3.7359927134102175 -3.8621093648136906 -4.0121084367757085
