_RESULTS/CROSS_VALIDATION_POSTPROCESSED/Berg/GZ/3comp/1/Berg_GZ_z_125_kriged_reverse_3comp_spherical_1.asc
ncols 100
nrows 90
xllcorner  5.6208707817415728
yllcorner 50.959635321741573
cellsize 0.00013419651685393446
nodata_value 1.7014100000000001E+038
[rows 19 to 37 of 90, columns 0 to 42 of 100]
14.548725086228611 14.644236106854237 14.768035954456455 14.917147777079062 15.08832627411152 15.277934185836395 15.481801419889104 15.69506785051386 15.91201812239665 16.12593166732317 16.328997624621028 16.512383699213174 16.66658907839279 16.782215367232048 16.851186629214425 16.868197523952514 16.831878159536203 16.745123236457804 16.621552566259858 16.50765187157421 16.41530644523351 16.350011788662762 16.316492917595323 16.318540710333686 16.358683679660864 16.405374184412604 16.440452439310175 16.469173946404347 16.496075838035157 16.52488714820925 16.558327500763966 16.597636729877387 16.64145314482287 16.661296506932764 16.61650155087307 16.46145463567665 16.124077557915726 15.572710689820738 14.881821496429023 14.153036485720625 13.459317160847359 12.856429657297067 12.390725472980463
14.588780050653238 14.701836878640101 14.844469201021656 15.013907774919014 15.207117349833817 15.420660025495946 15.650529362908644 15.891948571149664 16.139130166038143 16.38500760117373 16.62098128305174 16.836785841939765 17.020688440465513 17.16032706093394 17.244439013721095 17.2652863615192 17.220825968094484 17.11535319745499 16.961899793607728 16.809461148232522 16.676727713295044 16.570891132944077 16.497566340628524 16.460847009155536 16.463498071610434 16.48406122964843 16.493836747783718 16.497411596509963 16.49868074547546 16.500472625968897 16.504244304732296 16.509461481162933 16.512385299182803 16.495081292177744 16.40660064928362 16.212834207056 15.882209924753706 15.410997976680882 14.839800268904593 14.231389735515176 13.644661703289096 13.123700047221764 12.699456179441507
14.629047925237673 14.757976502357085 14.917819706822819 15.106054456493403 15.319916584164108 15.556260005340866 15.811377011126268 16.08076372021499 16.358811678397757 16.638409465011968 16.91046065923228 17.163398240715708 17.382954835342236 17.552762697021596 17.65659988640104 17.682539215681846 17.62731970568137 17.497742273200746 17.30866235754909 17.10909821298678 16.928687507067213 16.7764555358593 16.658693026508715 16.579479816776374 16.541216847080463 16.533091756678342 16.517967136185895 16.496838103469518 16.472905330969645 16.44816938505535 16.42312508857688 16.396223720180135 16.36302279267432 16.3128787268824 16.200158907135283 15.996386971115465 15.688899572028623 15.282526906103772 14.804574277193524 14.296630315380202 13.7979564381288 13.33986862627364 12.952014704011875
14.666768027432276 14.809520690088188 14.984495388571203 15.189436898329461 15.421894809998204 15.67909005215418 15.95773873310215 16.253809717220335 16.562179985408527 16.876135852516637 17.186656463178345 17.48144413412544 17.743849458132942 17.95244035412801 18.083146102093522 18.116241835441286 18.046011136432448 17.884215389144494 17.6532816136999 17.3975904663834 17.16272266281357 16.959401730318266 16.794017672271693 16.670114278161265 16.589343442669495 16.54876424301145 16.51051035293646 16.466590161889822 16.419579742849457 16.370878491875217 16.320481261518527 16.266644855716162 16.20550183885993 16.130781191830277 16.009117829379292 15.81108040145496 15.532928625147346 15.182137102789033 14.778998034466149 14.3496719613199 13.91697729595597 13.511088426737999 13.155873896897575
14.699471140371386 14.85362579502226 15.041183132318078 15.260152004457412 15.50840600480869 15.783568351482389 16.08285843194244 16.40287450381947 16.739268152582802 17.086231677720022 17.435658615575946 17.77574482274236 18.08874499255659 18.348069074178422 18.517576628837336 18.561626983384517 18.468735443068535 18.261947229551033 17.979336352690144 17.66250173008875 17.368267229555396 17.11144950421741 16.897502435020893 16.72875843493625 16.60572763171408 16.52777386175815 16.46956046128673 16.406175655253545 16.339706016520488 16.27122571847699 16.20065757201103 16.126643867755316 16.046506798713185 15.956499688536278 15.835783619894222 15.651891605961302 15.404868084441059 15.102673141876421 14.759944982011003 14.387341457816166 14.007655787288073 13.644991214340637 13.318713374549143
14.72507291095103 14.887861529484928 15.085010198905541 15.314756819654862 15.575265782620045 15.864537305526493 16.180289729692905 16.519794763406075 16.87962824703753 17.25526209591188 17.640339344453615 18.02527271531179 18.39431719064005 18.719307673422943 18.94904181380394 19.012359175545306 18.880836068814048 18.60864691585576 18.263147844515053 17.886970348309532 17.53271952100174 17.22376231452002 16.96337478363434 16.752105857805162 16.589094691431143 16.472672300685694 16.393676183643045 16.315380814763266 16.234242123611214 16.151265950438525 16.06661164275555 15.979607649278002 15.888901341365264 15.79286828073927 15.67875447121381 15.513329194379589 15.297170030134872 15.03788466978157 14.739563720732903 14.411988757120312 14.07527984016922 13.7485040756436 13.447591797137951
14.741965179606606 14.910334024502339 15.11371137538123 15.35049768098663 15.619068555657115 15.917706171559908 16.244516383248552 16.59732095083554 16.973505279324296 17.369782471791563 17.781785753545094 18.203259928282183 18.62412980924491 19.024619103437708 19.3524327187605 19.45927733894611 19.247901659898677 18.883195427080672 18.471825405793325 18.04917056644457 17.642816356314604 17.28816848179782 16.987024532703444 16.738135356196686 16.53941117598132 16.388323686857415 16.282037916297817 16.19432490242633 16.104103322875478 16.01252112947842 15.920161156940246 15.827136833471181 15.733315089013992 15.63872883297998 15.535364220451253 15.390420878055233 15.203922091356864 14.979995204000199 14.716176978674667 14.425563211787548 14.124198450738279 13.827480325058229 13.5487074077082
14.749094553314587 14.919793818232973 15.125779400727634 15.365523193436095 15.637494831171034 15.940104001487763 16.271635445685266 16.630171875393895 17.013497545629452 17.418971378881814 17.843352376126287 18.282548814530536 18.73123378646021 19.182133504182055 19.623288271161616 19.872015920285502 19.465020800893388 19.01823176758082 18.567119212353685 18.121172576471967 17.68799229063876 17.299244978140518 16.96626045596017 16.686853901408107 16.4583034789253 16.277644766693854 16.141772708637085 16.04360002273844 15.950291167783309 15.856187449556414 15.762391734466949 15.669789593257057 15.57928080891282 15.492136342326127 15.402690973648559 15.278940614290578 15.120514899058222 14.923696802783617 14.689328693072392 14.429726616864514 14.157988281925418 13.886802492230318 13.627430893542996
14.746017804609995 14.91571306836933 15.120574452788164 15.35904280772002 15.629546829421923 15.930440535428042 16.259930302441276 16.615984006121003 16.996209272428402 17.397676407170366 17.816634229602816 18.247987699342296 18.684112522479023 19.1111046908405 19.48951556937704 19.632863895027196 19.362903765195234 18.95808045168049 18.52537424591328 18.08984887908684 17.66229964831906 17.256627126831116 16.902523202106984 16.601330077402217 16.3509709729545 16.147877604084293 15.9885207856389 15.869522844254682 15.777263029589209 15.685409931625474 15.594795149356008 15.507672239694974 15.425954788334085 15.351119903418867 15.277959031940986 15.175383142462746 15.041560944906157 14.867557015035556 14.658913103197833 14.425971616206729 14.179643285093539 13.930575021826305 13.688425439191782
14.732926127009128 14.89831962237756 15.098372940167232 15.331398388226264 15.595656571021522 15.889275340846126 16.210147041493865 16.555787685018124 16.923127206795087 17.308168237940674 17.705374804824988 18.1064506861769 18.497581008796633 18.852491385779572 19.115810239177105 19.19173691524633 19.035956578243287 18.730008908942295 18.357534694178103 17.960625585615812 17.56082473214487 17.171487536759038 16.812738273642207 16.503679629567554 16.241807242971078 16.024101892724094 15.84747204176981 15.708927208132007 15.60566466970428 15.519975146946937 15.434997341592652 15.35367771657257 15.27939973437861 15.216158003743482 15.158693707844003 15.076861748816098 14.963686537913489 14.810680438750648 14.625062326221697 14.41565623018799 14.191707178374061 13.962286002285243 13.735763890358028
14.710634602870948 14.868582204266072 15.060346253016865 15.284032978514206 15.537638574785445 15.818943525705109 16.125372483922135 16.45379556594264 16.8002275134952 17.159343095906895 17.523650992511946 17.882021021543192 18.217033944616677 18.500699326934285 18.690883801453506 18.741174977857654 18.6355822142763 18.40568425125498 18.10086533104343 17.761992295279555 17.410993080523554 17.060707921117757 16.719273296081557 16.40949288650638 16.142258808563415 15.915419758463253 15.726541819380218 15.573192404311293 15.45310294040939 15.364233117309334 15.289383542473429 15.217984309928005 15.154096543484433 15.102357493180584 15.054124312338077 14.984329347267492 14.88581179469746 14.752510843700655 14.588032186729347 14.399994767065708 14.1963450881256 13.984909884434849 13.770090438079343
14.680538477306557 14.828149235050581 15.00847358298347 15.219363736383684 15.458499524682734 15.723261090768489 16.01055963133229 16.316600956063066 16.636540987871797 16.963968091341986 17.29011591607899 17.602697865614328 17.88438079127572 18.111565847866764 18.255928676447596 18.29278424941535 18.214987346540926 18.043677489947758 17.807267324079863 17.530685989189283 17.233024978001993 16.92754795879272 16.623269605731515 16.32696139962117 16.059329124644485 15.828012567378074 15.631293803926924 15.467366354977093 15.334555730694893 15.231464074922066 15.1570762554887 15.099060313817455 15.04856878578945 15.010788552004964 14.97079679463906 14.909448560730047 14.816988022640643 14.694148800454618 14.548100160471513 14.380025484770503 14.19536736161016 14.000430495886382 13.790780797443105
14.648186526648255 14.782509112385878 14.947597056394365 15.141459051027848 15.362179334696885 15.607095570992847 15.87186490887278 16.15212164618219 16.442412931868528 16.735726321544135 17.022909792200757 17.292003339421278 17.52772676649429 17.711801130126624 17.82529837084244 17.85521255679566 17.805591334390066 17.684159860824856 17.50537396257737 17.285978878179932 17.04094215843718 16.782092283376603 16.51830112350847 16.25616836797025 16.00087555306315 15.768753469210523 15.567825320022264 15.396884143231288 15.254846830551557 15.14092077361237 15.054719832395937 14.996352859487827 14.961076201712622 14.938363971617196 14.905061113898627 14.850565166935436 14.763751007370962 14.647475295190727 14.509208106238313 14.356566748784633 14.19022040293902 14.006953918968188 13.801971590111014
14.639231227659227 14.757711590904684 14.903812042294607 15.075283261923392 15.269938579063021 15.48551227845811 15.719476721555376 15.968807097274896 16.228104433183578 16.48726588806328 16.737272247390226 16.96730434004035 17.16464033831825 17.315455846035686 17.408946255397257 17.445496593047054 17.42183768484786 17.34067324357918 17.21038573449731 17.041994556647047 16.846548839133817 16.633720027233608 16.41140904012986 16.185908204693114 15.96226967706981 15.744697894845668 15.542621957731859 15.367525000858276 15.219094146372084 15.097117857303338 15.001826103831206 14.93396466787598 14.8948508758535 14.88080797067991 14.85344437148403 14.804785978768379 14.723398260308077 14.613230496840993 14.48142736890142 14.335273270136309 14.18131153203451 14.006443653538739 13.807287771845944
14.659009766448044 14.759867536002641 14.88514777284233 15.032391942529308 15.199220830005475 15.383198600778645 15.581665688015297 15.791539246316951 16.00908599284802 16.22968649698862 16.44517200364887 16.640948195007432 16.806364517175442 16.932739454227068 17.022003902713163 17.0681487006802 17.067219715517165 17.020042885889463 16.931397270417122 16.80839941226878 16.65888803074546 16.490313485433227 16.30921333208072 16.12112067014406 15.930714826350616 15.742071978736604 15.558928815721169 15.385385813312565 15.232743095924754 15.10485678491125 15.002561382501675 14.927240005426157 14.880847568343555 14.85115792931927 14.815001209247852 14.769134739982693 14.69312063206402 14.588888068566916 14.463349766932932 14.323456696606026 14.171782908352265 14.001373942161779 13.809680655317097
14.708778519859008 14.790482814103525 14.893399741196344 15.014928486540699 15.152594781697287 15.303923914069491 15.466292339011847 15.636764444511003 15.811928170377989 15.987755618440659 16.159534588487105 16.321757891511304 16.46110578967018 16.577543325861672 16.667238663383294 16.723668956772407 16.743294396080387 16.725818888379347 16.67376081280098 16.591547835382272 16.484511827101837 16.358086740515223 16.21733164239908 16.066756436632975 15.910364776307459 15.75182214816165 15.594671922935325 15.442540123587337 15.299287882397355 15.169331575973747 15.0614994784487 14.980155033760184 14.926380689090369 14.876114349892994 14.820955466496319 14.758980987024712 14.675645663029055 14.57224881116374 14.452517013903938 14.319130826512417 14.16810170522439 13.996640640573506 13.811340693256252
14.790118014947648 14.851345062166239 14.930578369577606 15.025153673799322 15.132609597761205 15.250567379246505 15.376596666702874 15.508079681846304 15.642091720357065 15.775323786653114 15.904083094263452 16.024415907900487 16.140947818258393 16.252805503458738 16.344974460622108 16.411990190309865 16.450580749903036 16.45974972753396 16.440536091543027 16.395478345970467 16.32797384470228 16.241714305950527 16.14030431479822 16.02709016854635 15.905173583773335 15.777558195512755 15.647364539254339 15.518045140681133 15.393538590259833 15.2783248278058 15.177379519490724 15.096059204443701 15.028898369039204 14.957058422000188 14.882307414715951 14.803843300160946 14.707401350856575 14.593842330755583 14.467366569291972 14.331637307773565 14.176904898124537 14.002445321447487 13.812147685349691
14.904886529364061 14.944468605615333 14.99884289928344 15.065369355589034 15.141714485482026 15.225729936710344 15.315321670065737 15.408326942587061 15.50241897709617 15.595061707312006 15.683539144290917 15.768225641490508 15.860799379730839 15.959449791497452 16.055077593704098 16.1327042658924 16.188997224603774 16.22252316112577 16.233331772801307 16.22261543328226 16.192280785244925 16.144544240840638 16.08163705566649 16.00566706863844 15.91864857395627 15.822679881227497 15.720214971428186 15.615293315927984 15.512130460696257 15.414663063599606 15.327752171764198 15.254798743214765 15.17639514101525 15.08927423294927 14.99703159633608 14.901743503944406 14.790962766966986 14.665166567863846 14.529261120026932 14.383980794579267 14.21652509594627 14.028986525591163 13.826310494296004
15.055186611151816 15.072056933932581 15.100458020725494 15.137871499225955 15.182216161314392 15.231711324422449 15.284733141026734 15.339686857306065 15.394916330868783 15.448669028921783 15.49919869766019 15.556689115285186 15.627258143615878 15.70814796973536 15.797271665419027 15.885207134125503 15.958100107551143 16.014163043228596 16.05279139865635 16.074222847051548 16.07922536595155 16.06878503802108 16.043863715856858 16.00528601066776 15.954139992022537 15.894061292003745 15.826049534216354 15.75135564665094 15.67268149747838 15.594249405670437 15.521573162621586 15.444409693522774 15.352364990083908 15.249591962537515 15.140266800638924 15.02799495854463 14.902327641081396 14.761337281479516 14.610211674177858 14.449447279664367 14.265657923297212 14.05794905800466 13.832094416235647
