_RESULTS/CROSS_VALIDATION_POSTPROCESSED/Berg/GZ/3comp/1/Berg_GZ_z_90_kriged_reverse_3comp_spherical_1.asc
ncols 100
nrows 90
xllcorner  5.6208707817415728
yllcorner 50.959635321741573
cellsize 0.00013419651685393446
nodata_value 1.7014100000000001E+038
[rows 57 to 75 of 90, columns 43 to 85 of 100]
0.3708852949986129 0.3461659536677777 0.32966839354429983 0.32278035302311425 0.32760695198646433 0.3456862614799281 0.37617404733102927 0.41650092626919616 0.46527678154170843 0.5204630957307842 0.5810035878973846 0.6457644413443884 0.7131847443973086 0.7809614848639354 0.8455809572600038 0.9016298269185556 0.9411536782938258 0.9538975981284041 0.9278598607491483 0.8623751097809137 0.7755914561575639 0.6823169393263617 0.5903454512241099 0.5057043876540315 0.4476896799144237 0.43828521261211173 0.43240482771614264 0.4287198239811842 0.42758113219443256 0.4293747136641219 0.43445880422869115 0.44316372354541755 0.45579810874220167 0.47265370975246873 0.49400681960792986 0.520115568548374 0.5498988814941543 0.5806111082604827 0.6100764305644839 0.6368876633012027 0.65955509051636 0.6765111629416097 0.6862177672763506
0.3897658381044246 0.3676188279982667 0.3539054920784386 0.3494857345158396 0.35553323259225206 0.3730372029227485 0.40162903303146297 0.43935962580963556 0.48494860689461655 0.5367146847148375 0.5935363053325058 0.6540148369943538 0.7162856777883109 0.7777956962081874 0.8350690001967059 0.8835914022583857 0.9181630286442996 0.9342119984060463 0.9169190846929871 0.8484332593333792 0.7702236999979982 0.686630819089387 0.604231350702053 0.5326989203417205 0.4853883538704599 0.46446929142748805 0.45563397915826653 0.45182053872661254 0.4513974061405063 0.4541069462627379 0.4600548624081004 0.4694542868076909 0.4825483122729458 0.49958221412708653 0.520790415129051 0.5463789681724269 0.5745606187269904 0.6030260882833369 0.6295359633925437 0.6526893077424499 0.6710681198041288 0.6832227505671035 0.6879995963003764
0.4113925246876618 0.39136545101995734 0.3797166544745104 0.3769554331057738 0.38380117025827737 0.40097121278929493 0.4283393425937734 0.46400259289650486 0.5064831624183972 0.5545000134206107 0.6068937723876965 0.6621563307424843 0.7183127392874303 0.7727933767556308 0.8223489443110333 0.8630980096198351 0.8907466121764419 0.9001578407957517 0.8798995071007102 0.8263559278668278 0.7590934306316107 0.6883498902800448 0.6190595234173287 0.5603026948956942 0.5187156711605658 0.4943125332640159 0.4817526392284177 0.47618549920022296 0.47523428446134935 0.4779873729162728 0.48417584961323884 0.4938012109539198 0.5069780569554462 0.5238639938626701 0.5446244703866685 0.5692454009373066 0.5952823404044918 0.6209371619037148 0.6439324980216876 0.6629210065612463 0.6765764048075441 0.6845991928572677 0.6881344245315013
0.4350087726760059 0.4166490504927952 0.4065030641340609 0.4048589382447972 0.41218390856199766 0.4290226698910089 0.4554667685826204 0.48930818215538585 0.5288287908199185 0.5730795139086048 0.6209005512791702 0.6707493703959949 0.7206351991888847 0.7680583667318575 0.8099903543118366 0.8429147969214028 0.8628463327982971 0.8650808094346667 0.8447758613711434 0.8026953383552968 0.7472132213805059 0.6867639235852785 0.6282748245975177 0.5800859847899782 0.5441514490991748 0.5202238431564536 0.5061266739005522 0.49915456243569933 0.4973791063973039 0.4997400638960034 0.5057445451433634 0.5152128325593844 0.5281259565589124 0.5445407083450563 0.5645408246643359 0.5875598230620098 0.6109289145879897 0.6332106534363563 0.6521624588754535 0.6670143578524573 0.6782436581963435 0.6854598427124918 0.6882588270371971
0.4601080023733114 0.44300492353949344 0.4339141852298312 0.43297838532854116 0.44050405023369654 0.4569051260665292 0.4824702161013417 0.5145065182484526 0.5511933540371756 0.5917461906748989 0.6350241052730503 0.6795049780332851 0.7232561034441704 0.7639194380439134 0.7987338954301377 0.8246076594321932 0.8382478889878513 0.8364887288590697 0.8174121666306146 0.7823446360027454 0.7360696189687085 0.6844181544466311 0.6345771631247469 0.592983983517593 0.561149879892436 0.539035994151082 0.5253176644884566 0.5180061055439522 0.5157731337753731 0.5177449721110541 0.523404039798291 0.5324839977661916 0.54487224520087 0.5605395777898866 0.5794922993653904 0.6001156669836493 0.620402508694647 0.6396404820935119 0.6563778324726657 0.6700813412364478 0.6802553382360752 0.6864454935453181 0.688282379409294
0.48636407703932943 0.4701484700337836 0.4617381888465253 0.4611720385406233 0.4686400938587269 0.48444625665062535 0.5088291937805892 0.5390099414067353 0.5729688920398258 0.6099413770970052 0.6488205572740168 0.6881458661299581 0.7260999561748153 0.760528793137727 0.7890032044333044 0.8089435048340027 0.817848813614951 0.8137326361484386 0.7958651896368318 0.7655141756507092 0.7258593446490529 0.6812493176043951 0.6392155020314478 0.6033110687499623 0.5747825176096016 0.5538525154850995 0.5399508270461882 0.5321114564418248 0.529346171106273 0.5308549945233851 0.5360838198021334 0.5447033429709778 0.55656646453757 0.5716699337367889 0.5898438240874162 0.6088604110380118 0.627968032959827 0.6458469740822138 0.661230295226246 0.6736000422761709 0.682466853397181 0.6873859020871047 0.688282379409294
0.5133234650171564 0.4979160235158454 0.48985725649384226 0.4893627708477321 0.4965292420166082 0.5115628919251636 0.5340627033335711 0.5623325817568086 0.5936615747339098 0.6272036330898358 0.6619008640332759 0.6963846838713257 0.728992717950784 0.7578144758817348 0.7807809824540286 0.7958175944413441 0.8010864252499704 0.7953427974410618 0.7783635883712471 0.7512379052422063 0.7162363073497889 0.6780919869880984 0.6426285022439536 0.6117270993245187 0.5864766697878406 0.5672603513734968 0.5539049017696718 0.545909638152458 0.5426722999838766 0.5436460533878696 0.548415355280914 0.5567148484964075 0.5684206550123737 0.5835337487904071 0.60085426167552 0.6186227077749837 0.6364491072389933 0.6527256747308091 0.6665206862076393 0.6773221680237306 0.684650469744419 0.6880736536103083 0.688282379409294
0.5402960491934613 0.5262306715683989 0.5182268039296598 0.5175325607484769 0.5241667815700328 0.5380117969138228 0.5581306047994875 0.5840430393634489 0.6128415393706957 0.6431249988108498 0.673897996585184 0.7039040994615995 0.7316569399327265 0.7555013634143422 0.7737150244293762 0.7846608148055295 0.7869963836015799 0.7799288300599356 0.7634564708124186 0.7384821156100863 0.7071669844719928 0.6752383232212746 0.6453133214054926 0.6188360161714943 0.5967578970963748 0.5795404707148785 0.567243007749561 0.5596598676233683 0.5564632682597102 0.5573162339762039 0.5619426957693833 0.5701607806805018 0.5818927639907376 0.5967796167570261 0.612740189494246 0.6291799727957302 0.645471426732066 0.6599413677556784 0.6719385857808354 0.6809613062769374 0.6865435093380873 0.688282379409294 0.688282379409294
0.5667799418484067 0.5544856701930552 0.5468640008100595 0.54571807742869 0.5515446348284073 0.5634257426336813 0.5809073293839215 0.6037492552997209 0.6301105759809663 0.6573206283630177 0.6844447123839419 0.7103490018333782 0.733728007820363 0.7531719070430924 0.7672668367285636 0.7747304409556258 0.7745772502999247 0.7662925073296516 0.749969217603934 0.726380878705786 0.699598573387451 0.6729007302106351 0.6476993178085253 0.6251559620982202 0.6061000773322969 0.5910190970953777 0.5801067549187254 0.5733463867808426 0.5706033176710643 0.571705347600639 0.5765009008008346 0.584894598090564 0.5968093588914233 0.6105690839767463 0.6251377838976843 0.6401963619935888 0.6546383268122427 0.6671241118379673 0.677140400113925 0.6842001917369684 0.6878553011756746 0.688282379409294 0.688282379409294
0.592280557549741 0.5819858111326169 0.5755633236214471 0.5739966516475163 0.5781667694372618 0.5876906361684645 0.6023013595122204 0.6216655942632485 0.6450842351574666 0.6694120909731488 0.693163900110889 0.7153307418996149 0.7347813209051612 0.7503285853383549 0.7608208917480642 0.7652550312738524 0.7629013793508307 0.7534210477516126 0.7369443188835914 0.7158097216164502 0.6935135801251273 0.671250248591859 0.6501340155583506 0.6311144614101974 0.614915579288674 0.602021339487197 0.5927006557121389 0.5870579925694884 0.5850939014868297 0.5867622684155239 0.5920164379238568 0.6008420438968884 0.6121241183292434 0.6245087013265969 0.6376800938468153 0.6512001876495598 0.6635265903331333 0.6738776897961153 0.6817575964363679 0.6866987238886455 0.688282379409294 0.688282379409294 0.688282379409294
0.6163268981604236 0.6082939233096123 0.6032176834619007 0.6017232360403695 0.6038149605541726 0.6107211267660799 0.6222549336830022 0.6380062132978662 0.6574694711475146 0.679022178230966 0.6996694557660497 0.7184392863549827 0.7343610803050035 0.7464430686621581 0.7537510761554521 0.7554994495615159 0.7511440593728214 0.7404614180231589 0.7248314090302758 0.7073145965225202 0.688868014543718 0.670429443169206 0.6528978307907976 0.6370626787604423 0.6235591568658264 0.6128531690020278 0.6052531984597663 0.6009410285102079 0.6000117669379689 0.6025146568677612 0.6084889568922194 0.6171603236255443 0.6271716514634165 0.6382182169671404 0.6500022554036489 0.66159976599765 0.6716950196592043 0.6797883824590405 0.6854055102123409 0.688102705687162 0.688282379409294 0.688282379409294 0.688282379409294
0.6384411162061183 0.6327313313420325 0.6287326342754308 0.6270254036140124 0.6282139140162772 0.6324543634169213 0.6407350245857494 0.6527685347840844 0.6680045067363604 0.6857783447328174 0.7035745297644951 0.7192593761818049 0.7320064589715894 0.7409916836626806 0.7454592694232318 0.7447935178075505 0.7385875664125884 0.7279056179804848 0.7150659544077493 0.7007368729782885 0.685647930430512 0.6705629038776589 0.656222136376781 0.6432931295277909 0.6323373771465415 0.6237967722705131 0.6179983554028384 0.6151729649823608 0.6154819672249888 0.6190465412600101 0.6251722065038368 0.6327680417670933 0.6415764214901465 0.6513281545977703 0.6615784550548345 0.670918397225885 0.6786933087051666 0.6844342416470922 0.687692789434885 0.688282379409294 0.688282379409294 0.688282379409294 0.688282379409294
0.6580421612847693 0.6538990631276794 0.6508123655021224 0.6490450396023353 0.6495521430143393 0.6524822663535319 0.6577261360312808 0.6659660649905719 0.6769838754894582 0.6901156378161493 0.7045043181626175 0.7173881972936715 0.7272743423764148 0.733481090727284 0.7353987286407976 0.732560337329592 0.726256377406703 0.7177475466229326 0.7074749255798947 0.6959779817281896 0.6838631867817977 0.6717648264466973 0.6603044327872126 0.650055581797373 0.641519235592962 0.6351121192980308 0.631167817116734 0.6299481400391632 0.6316370663840105 0.6354246712387783 0.6407150828432934 0.6473082875850814 0.6549784560320161 0.6634652264645673 0.6716602533288631 0.6786796506541992 0.6840715559590822 0.6873950399745391 0.688282379409294 0.688282379409294 0.688282379409294 0.688282379409294 0.688282379409294
0.6734584041709967 0.670595380762769 0.6684205178219347 0.6671026069382529 0.66693825454449 0.668720661419322 0.672359885024098 0.6776005171445334 0.6844520884688674 0.6930552966749884 0.7026999337430375 0.7124532536592575 0.7197591779498103 0.7234679622682485 0.7234554190301926 0.7209731194323314 0.7163480541251038 0.7098727799971785 0.7019314280620257 0.6929840146006603 0.6835429204169463 0.6741445005014 0.6653199846604368 0.6575699918202237 0.6513460807175033 0.6470411679770933 0.6449889063695997 0.6452096494889625 0.6470081331584905 0.650242474774386 0.6547771735683204 0.6604406658582113 0.6670331737958602 0.6738132274151278 0.6797499352980367 0.6844164553361272 0.6873906562849954 0.688282379409294 0.688282379409294 0.688282379409294 0.688282379409294 0.688282379409294 0.688282379409294
0.6836947616658137 0.6820957164345601 0.6808218917100486 0.6800291247758469 0.6798088469340035 0.6804334344956902 0.6824916841453479 0.6857734893016897 0.6899573840615285 0.6946555828868688 0.6996807926684773 0.7047756679939366 0.7092876795708382 0.7121899090992801 0.7129828747670567 0.7117722008684924 0.7087428629448589 0.70415897335336 0.6983574462421229 0.6917354513238199 0.6847326728252677 0.6778104554453281 0.6714306071999282 0.6660367112438759 0.6620402602491339 0.6596828267743945 0.6586438542903365 0.6589044185993803 0.660444580076169 0.6631948214554132 0.6670429613299647 0.6718411515744004 0.6770561031408953 0.6817018032335407 0.6853748811561313 0.6876820751993741 0.688282379409294 0.688282379409294 0.688282379409294 0.688282379409294 0.688282379409294 0.688282379409294 0.688282379409294
0.6881347905613688 0.6877657908946647 0.6873699121788929 0.6870892287646615 0.6870072299322618 0.6871465371599252 0.6876619042529828 0.6889974194450283 0.6908931581066737 0.6930156585852388 0.6953850432515142 0.6979252390349501 0.7004858987598448 0.703060588115655 0.7048096233303445 0.7048451805759189 0.7033384752582097 0.7005285023057787 0.6967133878692776 0.6922404597803216 0.687492801767639 0.6828737759284678 0.6787691327185796 0.6752949715723657 0.672596220822516 0.6708174143815789 0.6700511047671955 0.6703380668409795 0.6716698145307917 0.6739927713507385 0.6772134021201259 0.6808712961586371 0.6841390085845781 0.6866648684333041 0.6880928350368611 0.688282379409294 0.688282379409294 0.688282379409294 0.688282379409294 0.688282379409294 0.688282379409294 0.688282379409294 0.688282379409294
0.688282379409294 0.688282379409294 0.688282379409294 0.688282379409294 0.688282379409294 0.688282379409294 0.688282379409294 0.6883561355972189 0.6889751647498391 0.6901030916054559 0.6915954948037529 0.6933104922477787 0.6951107437725973 0.6968662890126102 0.6984581204855352 0.6997073111198081 0.6997780192591444 0.6986693918455752 0.6966572895907206 0.6940236744526976 0.6910473980415517 0.6879945546056462 0.685109062508933 0.6826041995548542 0.6806557411151232 0.6793971542056092 0.6789170359540517 0.6792587144616637 0.6804217095236862 0.6823631123960272 0.6845723848962293 0.6864927640313349 0.6878319820026573 0.688282379409294 0.688282379409294 0.688282379409294 0.688282379409294 0.688282379409294 0.688282379409294 0.688282379409294 0.688282379409294 0.688282379409294 0.688282379409294
0.688282379409294 0.688282379409294 0.688282379409294 0.688282379409294 0.688282379409294 0.688282379409294 0.688282379409294 0.688282379409294 0.688282379409294 0.688529120395955 0.6891867311854516 0.6901241136838554 0.6912162953557278 0.6923467447941701 0.6934101897934855 0.6943157575812986 0.6949901646048225 0.6953495910244287 0.6949479928082339 0.6938447123168142 0.6922884067628216 0.690516384893387 0.6887466569752881 0.687170810730312 0.6859481674975321 0.6852015413393019 0.6850147472490438 0.6854318213953464 0.6863778232920923 0.6873399792220111 0.6880521975718221 0.688282379409294 0.688282379409294 0.688282379409294 0.688282379409294 0.688282379409294 0.688282379409294 0.688282379409294 0.688282379409294 0.688282379409294 0.688282379409294 0.688282379409294 0.688282379409294
0.688282379409294 0.688282379409294 0.688282379409294 0.688282379409294 0.688282379409294 0.688282379409294 0.688282379409294 0.688282379409294 0.688282379409294 0.688282379409294 0.6882857179039139 0.6884846644825274 0.6889101780732045 0.6894566623828294 0.6900298647142703 0.6905492793004948 0.6909505493391633 0.6911876283260158 0.6912344620402401 0.6910859914034411 0.6907580197375242 0.6902006551597782 0.6894916926895036 0.6888030683332952 0.6882788941113251 0.6880316558132424 0.6881120442436742 0.6882495239448213 0.688282379409294 0.688282379409294 0.688282379409294 0.688282379409294 0.688282379409294 0.688282379409294 0.688282379409294 0.688282379409294 0.688282379409294 0.688282379409294 0.688282379409294 0.688282379409294 0.688282379409294 0.688282379409294 0.688282379409294
