_RESULTS/CROSS_VALIDATION_POSTPROCESSED/Berg/GZ/3comp/1/Berg_GZ_z_63_kriged_reverse_3comp_spherical_1.asc
ncols 100
nrows 90
xllcorner  5.6208707817415728
yllcorner 50.959635321741573
cellsize 0.00013419651685393446
nodata_value 1.7014100000000001E+038
[rows 36 to 53 of 90, columns 41 to 81 of 100]
0.026068358632565278 0.02716374547061679 0.028868166442870206 0.031035858336293635 0.033610977164218826 0.03668569438750705 0.04034439491197454 0.04464818245886949 0.049604895867450864 0.05511296032003842 0.0608608660219387 0.0661966565244513 0.07038440520911593 0.07272528942093791 0.07304884937360065 0.07158791646190589 0.06739797878317062 0.05803286163054823 0.04599472883747182 0.03395935633502597 0.023629748969599268 0.015662961579139774 0.009993195730005464 0.006201959554776281 0.003785458368017715 0.002296894404955527 0.0014029207257349181 0.0008749311297004523 0.0005661014685403695 0.000386733084835554 0.0002841259302189104 0.00022826342941262897 0.00020234114462661616 0.00019941219625305563 0.00021913927506093305 0.00026622278433036345 0.00035127129527681434 0.0004949634275570084 0.0007317227917668957 0.001115874148552568 0.0017287048904273414
0.025911769281575552 0.02630186472105863 0.027235136012460782 0.02880035711027956 0.03083724735104837 0.03340798443688629 0.03660989835628724 0.04052624472502813 0.04520014780228053 0.05058669093624946 0.0564775804476136 0.06241624152877942 0.06775402481906266 0.07177271338838596 0.07377806388836017 0.07385928081827474 0.06872255754604996 0.05758812316530045 0.044076369860082565 0.03130402390820818 0.02089742699392931 0.01325293628732956 0.00806429713175229 0.004755969918346777 0.002748154192512168 0.0015747778186182167 0.0009073272372767511 0.0005336415201553839 0.00032534821152084483 0.00020979895311827725 0.000146380125406364 0.00011292074145428756 9.777260457333407e-05 9.616144601454445e-05 0.00010777836886206352 0.00013608147135808288 0.00018893389144731602 0.00028193173802268026 0.0004422556661782928 0.0007149748304794612 0.0011712262855115899
0.02420580217892265 0.023788187072893912 0.023962952645197242 0.024802610407816464 0.026210503530016794 0.028141448613490865 0.03069186246467314 0.033956370396059116 0.038010661973477806 0.04287926045359422 0.04855608596401706 0.05499509038297237 0.06179621070701612 0.06834923507834728 0.0738368843723293 0.07660501686000526 0.0706878095700319 0.057548000339862626 0.04251998613163078 0.02913493146063233 0.018741436268018306 0.0114245796596317 0.0066589348923052506 0.0037458069564680454 0.0020544516381736703 0.0011114158320586081 0.0006010911918425305 0.0003302914502524612 0.0001880714370311493 0.00011351740554385982 7.44304002350443e-05 5.453351867859206e-05 4.5804966537708766e-05 4.496259150456445e-05 5.176167052445134e-05 6.866197147835384e-05 0.00010144340246348304 0.00016177818353114618 0.0002709234923419872 0.000465798994638005 0.0008075446638543671
0.021350237579624384 0.020231545824085012 0.019746410215650143 0.019931776706170818 0.0207415871890202 0.022039291220705356 0.023898042420272825 0.02641115049579602 0.029679938493588496 0.0339410676895002 0.03932616315250584 0.045829551100373865 0.05331277097228828 0.061463588497937566 0.06976818208565197 0.07619207494334315 0.07287410503415805 0.057546553409221775 0.041171273595322785 0.027408057206800274 0.01711050196034336 0.010085701545013528 0.005653148234966848 0.0030417468732993557 0.0015872207092511163 0.0008123241778271505 0.0004130531262946463 0.00021192353643899206 0.00011186257830909688 6.231251527123232e-05 3.787868177690024e-05 2.5967321991162066e-05 2.09164204786956e-05 2.0489789037337993e-05 2.4511546438015038e-05 3.4731166230594987e-05 5.5417934241734024e-05 9.539855948093501e-05 0.00017142486644090575 0.00031385388544209774 0.0005751283883217559
0.017854748290881635 0.016286358275927944 0.01535814937678586 0.015049247573855482 0.015360753563805354 0.016131201888519985 0.017375435349677424 0.0191958188375859 0.021828901901013473 0.02544245251238088 0.03019394104890106 0.036215404455375744 0.043560422569479604 0.05213456549169246 0.06160177962870072 0.06917775281584479 0.06758214438003839 0.05519289288991132 0.03985002327037881 0.026032578742131458 0.015823765381752803 0.009031961277229742 0.004884061794486409 0.0025252760535320324 0.0012606850142283946 0.0006139788495496711 0.00029503024209985996 0.00014180354858317956 6.937457536904577e-05 3.539536257701361e-05 1.9509949370261623e-05 1.2215575022957975e-05 9.303622414363853e-06 9.139725690733473e-06 1.162424289913384e-05 1.8050726820673808e-05 3.1668934621198836e-05 5.935080583639348e-05 0.00011463100427875218 0.00022295825240319368 0.00042988014636451274
0.014215309179518035 0.01245971694102934 0.011333312893491362 0.010759632468957317 0.010710389739936097 0.011093145552564455 0.011879031551114763 0.01322424472488432 0.015257362695778159 0.01813943402432313 0.022067468173659954 0.02725040586655832 0.03385873565999881 0.041940638120566365 0.051271547687510445 0.0585694826831172 0.05843526084143973 0.0501694427874165 0.037540943160906254 0.024840021729095114 0.014828738406989292 0.008266424815000192 0.004346881604559315 0.002176085090890495 0.0010468206233534073 0.0004886346212256784 0.00022362337714008004 0.00010151390134059914 4.633028125070976e-05 2.1652767146481104e-05 1.0661588580922832e-05 5.8500023860332e-06 4.012929420160546e-06 3.962147525106412e-06 5.641867389341643e-06 1.0044784257283451e-05 1.971887403589107e-05 4.028497954444031e-05 8.316204932234154e-05 0.00017041586406373917 0.0003426128270595518
0.01082443593079017 0.009099847262441915 0.007969648634981487 0.007319302150666252 0.007088120134956231 0.007218860876867827 0.00773615926679875 0.00868864594161498 0.01017735502817739 0.012356399546842867 0.01542977790201273 0.019646678745339353 0.025289020636260824 0.03252988151273519 0.041264903026138854 0.04845734407403302 0.04964767100300952 0.04417302580156673 0.034310279436259965 0.023455068010806643 0.014203774244815691 0.007800587645137568 0.0040243627978076135 0.0019693684872171954 0.0009226777946238613 0.0004177018575715923 0.000184407224634832 8.014335264884639e-05 3.463410404823008e-05 1.505362013512816e-05 6.6610270326233375e-06 3.1077127186895133e-06 1.737158508017711e-06 1.7031251661689266e-06 2.998646163055405e-06 6.366549326529368e-06 1.406220741057751e-05 3.099662799280218e-05 6.722219340941288e-05 0.00014284119197776837 0.0002952844789115353
0.007924160688480139 0.006376533841451351 0.005366296564922336 0.004759098385341311 0.004478718195652721 0.004508298545860092 0.004823975896495817 0.005466392745982549 0.006507374220239727 0.008082030491471779 0.010400651018898253 0.013735837839648784 0.018392803754852586 0.024647102205198924 0.03247976823245752 0.039236281350507246 0.04150371544224942 0.03833054066664172 0.03095759645179181 0.021960595798457373 0.013750297556765212 0.007637189342673486 0.003899440587458436 0.0018841795800877512 0.0008699609530806428 0.00038744856571423065 0.00016795384337290595 7.147794760012172e-05 3.0110054978121297e-05 1.2616790816465988e-05 5.2811465102265225e-06 2.222291976456782e-06 9.448037459313364e-07 8.944152950807349e-07 2.1390093363336947e-06 5.117036427807586e-06 1.2047499656833312e-05 2.770900403357468e-05 6.180966626353691e-05 0.00013317788729957862 0.000277995150243502
0.005610124608544386 0.004311516905806133 0.0034784854295132756 0.002972579653525661 0.0027290989233345942 0.0027149027833381807 0.0028963371681968225 0.0033066091769418174 0.004007750204335411 0.005120826713413281 0.00682949285866029 0.009389797663466341 0.013129615460880296 0.018331369704714297 0.02497767175379801 0.03130070282124804 0.034432578668255144 0.03314825277833848 0.0279251899128585 0.020634351246355633 0.01342378713096545 0.007723131643792997 0.0039690428892251465 0.00191220640340341 0.0008805110183889755 0.0003915649364692873 0.00016988056494675165 7.262310428117572e-05 3.0869117879516056e-05 1.314323255950232e-05 5.68966890207991e-06 2.5868481528780874e-06 1.3926136873187089e-06 1.3659870831201639e-06 2.5281192959329727e-06 5.597828490558636e-06 1.2794255783540793e-05 2.906986376622784e-05 6.459248373025387e-05 0.0001388347261824094 0.00028708032414584986
0.00386754766449303 0.0028314490232256304 0.002183838856487464 0.0017974231863418385 0.001612258236316703 0.0015817257779924127 0.001681084172869575 0.0019329657285377443 0.0023979340328503375 0.0031666549565216766 0.004394420014048887 0.006317684479527119 0.00923659770189152 0.013378025405001426 0.018923972148634744 0.024806343416189328 0.028574085794139652 0.028818997671730014 0.025422256105805317 0.019639127475178562 0.013328300899257016 0.007983028788301098 0.004243664312005248 0.0020579746710837894 0.0009553300778727406 0.0004300221725907757 0.00019001348786055038 8.345659669796813e-05 3.6839885893947905e-05 1.6636846068700757e-05 7.920018068149353e-06 4.214056557668545e-06 2.826741975268007e-06 2.817397902772441e-06 4.197937170451248e-06 7.908834379554946e-06 1.649451185156959e-05 3.545333030349003e-05 7.605593194276581e-05 0.0001597618313498398 0.0003242442220651099
0.0026171098359239024 0.0018198826810275502 0.0013372825920395556 0.001061320849053741 0.000927029650217319 0.0008945421182454409 0.000946647898091564 0.0011014318570709922 0.0014014144984396207 0.0019208884913995646 0.0027875584337951494 0.004206233255167786 0.006405917987114725 0.009668094301620926 0.014255743047807487 0.019679229195350815 0.02389195882153836 0.025375031960281576 0.023532934350216233 0.019069292505547304 0.013542351425069491 0.008471948607777769 0.004700634629530086 0.0023395549713867993 0.0011043915035324659 0.0005086552600291835 0.0002319736892732865 0.00010614349505059475 4.9576942877302616e-05 2.421898628491221e-05 1.2828169581187141e-05 7.791430476574756e-06 5.868580470491865e-06 5.884451310867596e-06 7.86523739557208e-06 1.2994559466854452e-05 2.4446285763159154e-05 4.878951912927504e-05 9.916366295902233e-05 0.0002001728654381063 0.0003942951368016849
0.0017549086827124633 0.001155340055117089 0.0008070864329295258 0.0006155699009332639 0.00052114802011691 0.0004928451627236012 0.000520322331574775 0.0006140352625747221 0.0008038275693958479 0.0011495162296253287 0.0017550152830137875 0.002774201873589119 0.004421392674727938 0.006986726833110404 0.010779804913171 0.015737928802313558 0.020262515068854507 0.02277370842810851 0.022286497264941297 0.018992677060410846 0.01414001911249085 0.009253063215202207 0.005367669064067284 0.002788408437096171 0.00134696319008183 0.000639295071182942 0.00030270322971849903 0.00014545536359245243 7.242102400820664e-05 3.8340420118410576e-05 2.2327428886351555e-05 1.4939985310345753e-05 1.2054057165477406e-05 1.2147111802456013e-05 1.5244790061356388e-05 2.2975287076106447e-05 3.944696183656162e-05 7.310079275572181e-05 0.00013982113092936705 0.00026875722458284966 0.0005088524507106077
0.0011789920821816012 0.0007326220677030058 0.0004853828633174907 0.000353347246401699 0.00028802665360510215 0.0002660832082529242 0.0002800085456681443 0.00033595290828354255 0.00045511886310820737 0.0006833584685911481 0.0011011358866171831 0.001830163971027776 0.0030696197397609573 0.005100814967915628 0.008261725243755498 0.012769516112280594 0.017533297028442075 0.020949178936927777 0.021702296503598433 0.01948330524307394 0.015210587504544687 0.010404989325561914 0.006304788323408821 0.0034280266224098062 0.0017112407060895585 0.0008377996906475346 0.00041299074395774796 0.00020900998966011988 0.00011092309293155272 6.324810149893296e-05 3.986373773951555e-05 2.8666853285354578e-05 2.4240964537648463e-05 2.4543201734520838e-05 2.962646954001387e-05 4.178829020674072e-05 6.667361722131212e-05 0.00011553181662510935 0.00020818781044461615 0.00037989381384396007 0.0006878085726464567
0.0008017969391372412 0.00047028888197890107 0.000294468565441971 0.00020279863966238872 0.000157746208039432 0.00014140388540434412 0.00014788309438828608 0.00018106080363341261 0.00025600809007995603 0.00040724041070094776 0.0006948704924136702 0.0012230438532658838 0.0021694437194419345 0.0038031719134181373 0.006480296228312673 0.010570300804050796 0.015555133082830136 0.019841537100009674 0.021820114216041936 0.020649275990202814 0.016877190564224643 0.012029746030287064 0.007585122876945296 0.004298020898079483 0.002225522829303557 0.001123534546297832 0.0005768667391925789 0.00030726873362402787 0.00017323023870651632 0.00010556382309704013 7.109655068510712e-05 5.411494235236524e-05 4.744267616149216e-05 4.8262121648401415e-05 5.682080179683901e-05 7.642594870950477e-05 0.00011498620086848566 0.00018796676277319164 0.0003206373227615183 0.0005558967259380567 0.0009606993699682007
0.0005600330394878602 0.0003102197234707607 0.00018287964187211494 0.00011809525777591274 8.656974306968389e-05 7.42953480309847e-05 7.68411974675429e-05 9.662192836102522e-05 0.00014449551503844068 0.00024593236795550653 0.0004483157775911447 0.0008408280438794638 0.0015820497396253966 0.0029288715385835246 0.005250882344012699 0.008987028637301797 0.01419327655802852 0.019408757392900905 0.022723249203365676 0.02266220730701472 0.01931529549671235 0.014252373349942702 0.009270499601555855 0.00542552305228998 0.002914454310644395 0.0015148827680353258 0.0008089469642496508 0.00045253114131558407 0.0002699796007288528 0.00017471010322887473 0.0001246499733113395 9.954051241403701e-05 8.986161808805845e-05 9.198533402969706e-05 0.00010658283581678041 0.0001384947920711248 0.0001987875192474872 0.00030916404116662643 0.0005023357046416062 0.0008297114697076081 0.001369099714163918
0.00040862709001548444 0.00021472573230409876 0.00011870292753283972 7.118689334156982e-05 4.8291015156366195e-05 3.8844141755774656e-05 3.9389734404435443e-05 5.150739752927807e-05 8.327357546484085e-05 0.00015383216799392982 0.0003023835588794724 0.0006060880459358757 0.0012084851884322343 0.002356221585449465 0.004431117390069616 0.007937378788874908 0.013320390215191028 0.019618165365776 0.02455678808740969 0.025786861955430517 0.022724829484140133 0.017139167879386474 0.011372603459555188 0.006815849517264815 0.003776189917165786 0.0020189712105953108 0.0011188692324274445 0.0006560390794870915 0.0004131029110292715 0.00028279061720556015 0.00021269056919365821 0.00017722017689586283 0.00016414221761342531 0.0001694039807814241 0.00019440316466189903 0.0002462911541948904 0.00034059574960047193 0.0005069906411611971 0.0007899085301116766 0.0012474970787677085 0.001968153998081009
0.00031778337013829206 0.00015972810206529243 8.320916520793248e-05 4.6088191366920435e-05 2.8173754234135735e-05 2.0403882295727764e-05 1.991833382214552e-05 2.7927862960599523e-05 5.065049069399961e-05 0.00010329953750768105 0.00021965911708749148 0.0004684376832849027 0.0009824753738600074 0.0020010725706626196 0.003917665546548822 0.0073003033029263266 0.012801762165950763 0.020361208133569206 0.027439919889081777 0.030303485629818983 0.027230748687860958 0.020678005887764604 0.013838137234375525 0.008416171166485438 0.004770246778327368 0.002617591427615061 0.0015024359810194108 0.0009227805361649487 0.0006131606840639866 0.0004436153315513668 0.0003509263633538041 0.00030382307709467173 0.00028853507126490026 0.00030079327925387484 0.0003434261996714478 0.0004269992099570611 0.0005731403486105376 0.0008214673137980865 0.0012321383541248649 0.0018691622931093642 0.00282559670512801
0.00026865180618078344 0.00013120080653484674 6.550734348562371e-05 3.392953486912893e-05 1.8476268419875e-05 1.126223159203536e-05 9.947081727124449e-06 1.6265654841382892e-05 3.464481488482512e-05 7.813182049082799e-05 0.00017733954603342354 0.0003959028640868143 0.0008598080216150281 0.0018028775512503252 0.0036251355429354135 0.006942036891426793 0.012561463814334591 0.02120993338770989 0.03129918293978739 0.036674059756171204 0.03269114597571675 0.024573331151050665 0.01645635414891651 0.010088862101958033 0.005804244859764449 0.0032543730761671217 0.0019318602479170026 0.0012452035498752923 0.0008758920898422617 0.0006709467799902169 0.0005570679613667403 0.0005008036656591222 0.0004876692250544953 0.0005142342156822273 0.0005859526121018585 0.0007182808090683256 0.0009408445490245788 0.0013055337907983853 0.0018901122057310871 0.0027620132559251697 0.004012964682478008
