_RESULTS/CROSS_VALIDATION_POSTPROCESSED/MHZ/GZ/5comp/1/MHZ_GZ_z_63_kriged_reverse_5comp_spherical_1.asc
ncols 100
nrows 74
xllcorner 5.5967023332191781
yllcorner 50.982320383219182
cellsize 0.00019249356164376555
nodata_value 1.7014100000000001E+038
[rows 19 to 37 of 74, columns 42 to 83 of 100]
0.16875776056349798 0.17034438609757266 0.16920128141785112 0.1652033683559409 0.15763012970028875 0.14511959623503506 0.12959051363316 0.11295709970453702 0.09674197503562584 0.08195867041665152 0.06914515030889673 0.05848378639040473 0.05043247178311191 0.045139548136914134 0.04179016204015031 0.04010345368182322 0.04005053300892296 0.04184591465189739 0.04591617627624377 0.052277718592018005 0.06091447649984228 0.0715531525837638 0.0833083041220459 0.09473290413464885 0.10418034118843006 0.11025603303252893 0.11200949325950436 0.1093087145425787 0.10282708371291262 0.09379484927538022 0.08366044602492463 0.07379901222003842 0.06531297263712589 0.05886146710504531 0.05497013845841859 0.0538022332426814 0.05498050754367834 0.057937023022494906 0.06101269342201997 0.06386629043033128 0.06633292805427533 0.06831095530264918
0.19951469945479317 0.19930726192856416 0.1950592390499449 0.1874733972932095 0.17557765695021693 0.15810750287074785 0.1377426286753665 0.11689167358413671 0.09731906790072745 0.08005588986648242 0.06550753866214643 0.05385579103996537 0.04609303936760557 0.04141821717639292 0.038591031420193454 0.03718343720588962 0.037256116897971675 0.03919611598913789 0.043784280350158536 0.05173648185736291 0.06333731415020619 0.07844442036189833 0.09591267860094939 0.11362026612422517 0.12887954120197637 0.13937102766090648 0.14353143749164268 0.14110984370291274 0.13314595324533607 0.12149915551663054 0.10824906978294407 0.09521319587172682 0.08366999974888482 0.07425723055238456 0.06690859694076465 0.06254002624728502 0.06087328340807078 0.06170138171066766 0.06377188537364567 0.0656101773610511 0.06700264774266591 0.06782510420037313
0.23627300348033203 0.2342427051653562 0.22754117390547898 0.2168322596658382 0.1994286655897736 0.1757721659864968 0.14948705119346534 0.12360066938855341 0.10015042708503799 0.08014489497264718 0.06377236983673316 0.051849173416271904 0.04415725702984093 0.03943893857357175 0.03688953025494762 0.035601013851015086 0.03556198351762516 0.0373006503223878 0.04211427010787675 0.05190720603434108 0.0677048617475671 0.08947772891145177 0.11567871187932077 0.14312305293501387 0.1674165978219997 0.18453120708642023 0.1918935274044917 0.18915529793467603 0.17809631678238536 0.16168378996354518 0.14301984101505738 0.1246139014345731 0.10807879570380878 0.09407917539929644 0.08210910549848645 0.07398407342407669 0.06944357639672098 0.06790331832392345 0.06886099509565485 0.06988269610344937 0.07025913374523542 0.06986449342370755
0.2823276061726468 0.279855515377249 0.2704238957731847 0.255022069166964 0.23045727316052866 0.1989756072527955 0.16537648299764388 0.13339188423190151 0.10533716013282947 0.08220910060853222 0.06419776437725698 0.052137257599783576 0.044325056682978925 0.039447146576209964 0.03676795263686003 0.035572523977454376 0.03527832167741363 0.0363355787999916 0.04069221918178275 0.052805239560270306 0.07516855900340233 0.10730995630450568 0.1471884070675665 0.19001237850710134 0.22842974420405837 0.2552612814895618 0.26627917779296856 0.2613273986833007 0.24382358753719116 0.2187773256418044 0.19096172787294807 0.16391279045928958 0.13971041076125362 0.11954987749277211 0.10250241647948129 0.09022275575773918 0.08241680444213853 0.07821276489948566 0.0771574780710437 0.07738688230155433 0.0766989775861252 0.07497771881974742
0.3414693537422447 0.33777885556965376 0.3240660849678661 0.3019067417254784 0.26817095145467507 0.2270248718391018 0.18470395696899827 0.14567318592284298 0.11249165295002274 0.08610701533978794 0.06703315597160922 0.0546122158204506 0.046549033454650016 0.04150327882942395 0.03869527058860399 0.03763569912311083 0.037359586560526556 0.0375885488303996 0.039519546718541146 0.055926576788362214 0.08939300349835126 0.13762514533135542 0.1990819078227517 0.26652781621700794 0.32703279681744857 0.36741280366586043 0.3808883238715542 0.36873785891632105 0.33812290194720446 0.297779483562301 0.2550292193521596 0.21501874047165112 0.18155618215695557 0.1540087267620506 0.13032865803197247 0.11266855599856994 0.10076736457414463 0.09336670193727295 0.08970714897242879 0.08872917940062566 0.0868764826744665 0.08363576327295812
0.4107123882916935 0.40978250388354637 0.39002676587835394 0.3585414754013998 0.3131306910293972 0.2601312622453443 0.20750583499534636 0.16033685152984042 0.12107785857574326 0.0912969970850964 0.07189032520618989 0.05922241411579801 0.05095334351196414 0.04581025076418976 0.043148244646877394 0.04257726662786676 0.04347876279348847 0.04518465389137751 0.04948495804025132 0.07204890161508139 0.11911758053939833 0.19094033661301274 0.2865998656853596 0.3942407327105311 0.4893152987445062 0.5465869016854775 0.5562102255293724 0.5252047453624288 0.4690823355461233 0.40280995456958046 0.33789819004311733 0.28249502371334145 0.23697164267010282 0.1993991625588424 0.16705824650197643 0.14266122526990163 0.12571191319479436 0.11445935435130725 0.10777807281570652 0.10488978188406266 0.10173169759789345 0.09669275017138011
0.48832046355417535 0.49561163835888883 0.47059905503599364 0.42597356740588876 0.36561926282396406 0.2982986436285737 0.23394963091562024 0.17807927605814683 0.13272291276371925 0.09947941272259796 0.07897314266543626 0.06576435019195721 0.05741051363754982 0.05256623037803653 0.05052469617783606 0.051251082497478284 0.055023292455860316 0.06206313703152102 0.07665607450039941 0.10984792119982964 0.17461805685536447 0.2817158600830912 0.4332366411345528 0.6091970919691789 0.7590203231372733 0.8314085114504975 0.8174115363091052 0.7432205226544567 0.6410616617263825 0.5354877008918435 0.44382735206420926 0.3681162781405332 0.3068371165294436 0.2566340491651969 0.21370783529450244 0.18141530082651577 0.15857399994308785 0.14285587292866575 0.13272211129786116 0.1272669791804203 0.12264168634659271 0.1154307658891003
0.5750354799618171 0.5940135761645694 0.5664400891127508 0.5038408688086968 0.4242804163867216 0.3401033653012332 0.263054451756664 0.19851441588761903 0.14777121584873976 0.11103850699339063 0.0882402085744727 0.07415850669832073 0.06576585962458709 0.06156159502959011 0.0609337695958561 0.06402935825237414 0.07225596389968854 0.08734277802869203 0.11480083064272618 0.16661212923553192 0.26129035855254934 0.42217127798963894 0.6666000049605951 0.9658973430346909 1.2059086412564952 1.2706511918901102 1.1821021875770932 1.0219598400587695 0.8475274397121116 0.6946009200204787 0.5694443500053861 0.4691281411090957 0.3893308190581344 0.3247441627616255 0.2701774533119606 0.2295414234292941 0.20044742465813933 0.179981772607039 0.16618689474888948 0.15785087361777417 0.15147407989137784 0.14160275765854358
0.6715306688699667 0.7068672615156981 0.6730427437971902 0.5884338406539535 0.484474500877219 0.38162337576936195 0.2919112392712827 0.21926417788972846 0.16329167490790267 0.1233588045236369 0.09874364749186074 0.08392307150536028 0.07568664841712477 0.0724789162556839 0.07387140077874474 0.08050341207235671 0.09455969244318356 0.11973326797307447 0.1630551972193181 0.2396941104818519 0.3754945598135078 0.6102369209405742 0.9929720787661668 1.5241849920531712 1.9314311634420365 1.8860249415864938 1.6205545319152046 1.325395376552456 1.067923502043219 0.8632586002830086 0.7027758062722035 0.5772901526239846 0.4788095183709037 0.4000086686797895 0.3347130859545092 0.28664696452314625 0.2519173724491007 0.22712548137214808 0.2099527484723025 0.19893027729401994 0.1905805885629971 0.17744414685891566
0.7771009101779667 0.8363473450054896 0.7843871337180492 0.6677366631642515 0.5362365144638337 0.41579727698575514 0.3158196696977906 0.23715833519238008 0.17738400371030974 0.13516043893258942 0.10937645872888867 0.09423626642911108 0.08648088635187431 0.08462579654166345 0.08850961262910652 0.09934040547919329 0.12034379187976488 0.15671165155643574 0.2171403907464859 0.3202628120182463 0.49845166513454653 0.8059732379070219 1.3289638089837599 2.1873613822059053 3.010137441812917 2.491825017860786 1.990948610437234 1.5744486530034771 1.2548301708523513 1.0107975978793184 0.8234525251954715 0.6785535571304848 0.565353370575875 0.47531893574782913 0.40332964663297843 0.35073498070170106 0.3125444896838483 0.2850893500708595 0.2657896832322982 0.2529607152411731 0.24273089288784241 0.22555368718178115
0.8817340508047262 0.9834121377641456 0.8776889439424455 0.7165548331266285 0.563645014512402 0.43326796137067103 0.3292248885453971 0.24883394193970326 0.1880715696916256 0.14504733007225082 0.11896703237447251 0.10406750182729502 0.09716457255186978 0.09693910215278198 0.10354259273610499 0.11873861276767575 0.14669687158529024 0.1940659699619942 0.26950385299585006 0.3935049253331226 0.5992074984649047 0.93859130753192 1.4821847916429498 2.265333533530583 2.8422323729869134 2.5650833180440844 2.0933684269173654 1.6792454078988204 1.3544990935483967 1.102827752349511 0.9077523376929004 0.7557166001586768 0.6360965355312425 0.5410081938220399 0.46973897417692934 0.41777255785137596 0.3802905057241805 0.35363041520456073 0.3350234181391107 0.32251001943408397 0.311037596999031 0.28877859926168953
0.902564358183566 1.0817893970252537 0.8801261617728385 0.7023684827495189 0.5506911369739053 0.4260033401468833 0.32758279670006163 0.2514828700151269 0.19353189335476947 0.15170641531393178 0.12638242440188274 0.11234371368302075 0.10663342626043143 0.10816777105468008 0.11740513525418811 0.13655380532469077 0.1704255446328658 0.2263665369494427 0.3118524500085947 0.4451287030497558 0.653432711135101 0.9699729609846596 1.4156653842243008 1.9289363600771305 2.2604505963715686 2.206285338850419 1.9206377051645611 1.6115370369114999 1.3407177462307478 1.1172655123756177 0.9373571025669915 0.7935380366018624 0.6782901948248236 0.5882649614151926 0.5259464384368115 0.4815868252259338 0.4509902862550435 0.43077498168853817 0.4179340430439074 0.40987131698079404 0.3990709484924958 0.3721494718968253
0.7198516878583385 0.8116642720439134 0.740770614899759 0.6174756697959229 0.49650468300734124 0.3927392333291987 0.3096295510232688 0.24386122927956516 0.19263426622316893 0.15426798696109048 0.13077177614619342 0.11817718893343837 0.11390580173521161 0.1171532205347224 0.1286338009414431 0.15081937948963167 0.18875345078058847 0.24935750341542662 0.33826134590528956 0.4681249179463074 0.6573491732558531 0.9195299579461716 1.2463914240392753 1.5746122029581608 1.7827399308884737 1.785134149675309 1.6306038903510371 1.428782611052909 1.230143661049745 1.0545316623632566 0.906401563191651 0.7838682324488611 0.6831992314286104 0.610013836544507 0.5635306482115551 0.5342479601789797 0.5179892606767347 0.5122797253435616 0.5141610746179409 0.5199520721762414 0.5149844195754814 0.4829898395191326
0.529626177571764 0.5853733056155198 0.5663109733290436 0.49939057575328055 0.4180112111067509 0.3405968031016363 0.2782985933778642 0.2269056793720088 0.1853363774515665 0.15257751873913936 0.13178957232448887 0.12107991188082916 0.11835631982365473 0.1231063657289638 0.13622293848056813 0.1602428948761327 0.20004906826062763 0.261048040618885 0.3465899600485473 0.46388797509619173 0.6224334149621912 0.8243616599467226 1.0528723915694798 1.2634455528272246 1.3949097639152157 1.4058961750682524 1.3239305378621815 1.2012182110665075 1.067630139531364 0.9408301019640272 0.8284490389424861 0.7322855913779767 0.655489896144194 0.6052198646373235 0.5784781512193563 0.5707729854286875 0.5772238306678035 0.5967009472905044 0.6264202885850181 0.6598621763926003 0.6667137135925163 0.6276785306450254
0.388971808250028 0.4251694465279266 0.42138297279974934 0.38606702188950603 0.33549088628957635 0.2824837559018775 0.23907569270135268 0.20329382445327224 0.1727517543530505 0.1472427935112483 0.12967783851508508 0.12107031445995631 0.11984868981264203 0.1257724297692632 0.13982952301469218 0.16445503669276812 0.20409073852308535 0.261709483027824 0.33890437170689947 0.43877883933379475 0.5636934785808025 0.7110596128983478 0.8654104901480207 0.9994660937783219 1.0805545527013938 1.0880916609274123 1.0434106108631829 0.9708048515202911 0.8859841154147687 0.8007315163866683 0.7218315393044987 0.6536079056275381 0.6061816087059643 0.5801448084301501 0.5746642231539402 0.5898543697807078 0.6237098711444442 0.6768008410774539 0.7491663518336993 0.829749818621545 0.8620756087112136 0.8113061269153898
0.29028097795358637 0.31354222046894076 0.31298164088790703 0.2926853758194987 0.26157061500570167 0.22745815725832608 0.19896749999296284 0.17640853696156997 0.15667953221589415 0.1390675010773363 0.12517276109381903 0.11863015537005085 0.11872161426854143 0.1254299290206999 0.1397638044539189 0.1639463885733165 0.20164365710311924 0.25321531257021895 0.31922074762393166 0.39958369267129545 0.49284878880737815 0.5959162617170646 0.6976066196044193 0.781290695357796 0.8291041987805675 0.8311602967367138 0.8045849220431217 0.7612925638478362 0.7089550423645561 0.6543664688875713 0.602683700155543 0.5639688147681807 0.5418240460926673 0.5370241907691277 0.5510317143675533 0.5866461161667571 0.6477529388538631 0.7373129054355696 0.8634942566837099 1.015073068115653 1.1080003255379567 1.0299755986041155
0.2222823856262251 0.23658576919328558 0.23511396095487067 0.22092831966951595 0.20078018047390978 0.18010953933588833 0.16355227208894102 0.15021574290309472 0.13911822537034985 0.12879007845544396 0.1193103663126464 0.11454219064473009 0.1156510596413804 0.1227496831250504 0.1368090864545842 0.15978704270406863 0.1940301862387536 0.23798741310597105 0.29135319583388725 0.3528334013518727 0.4195184746543389 0.48907121583252483 0.5541844534158451 0.6046444190227966 0.6307301498087273 0.6279280388911324 0.6097633930810993 0.5827431887785719 0.550396868525943 0.5166075839649906 0.4896790707787736 0.4736303197195371 0.4702104588085806 0.48141091924417745 0.5100935641278269 0.5607494321051598 0.6405491459773833 0.7594034497255052 0.9298614204937737 1.145797324110883 1.3898833161724276 1.2176096469228508
0.17608183031064714 0.18438587167628984 0.18103171289719605 0.16822130784537118 0.15305444354255143 0.14233704590018648 0.13499934271286762 0.12852076920149216 0.12261575014484295 0.1175257228307067 0.11289000401225825 0.1096980616761982 0.11145961766730957 0.11859179462442068 0.13197350183690418 0.15328633127969649 0.18270817151179722 0.21824352518959328 0.2594041216649841 0.30430711807241445 0.35006166039820685 0.39536418604010604 0.43539357755427044 0.4641396964702214 0.47637347172032485 0.47009251240235084 0.45567573763312436 0.43736038150597406 0.417279795405089 0.4010596512597076 0.39126480679436787 0.3897340809337661 0.398443319572106 0.419865528233466 0.45743104483361907 0.516212749313635 0.6039307817199907 0.7322667124108725 0.906749171896422 1.101394946205983 1.2514458750292452 1.162644727166219
0.14526124513669694 0.15000220385533244 0.1457005479203765 0.13315785030984775 0.11654611319791533 0.11596873511840948 0.11448877376162593 0.11219226442233163 0.10965750907974872 0.1073683183027106 0.10570948293491814 0.10490944089082387 0.10694809194647335 0.11382123741107476 0.12627067575925438 0.14531468875117642 0.1689712497367805 0.19640041996455723 0.22672455838313416 0.2581877682025218 0.2883703812768934 0.31645386752990007 0.3395057549271327 0.3541622506119344 0.3578422919972916 0.3495544579048518 0.33684063473108783 0.32470887010772914 0.31536144263157745 0.3099901890707379 0.30989645339205496 0.31658904806555266 0.3319946806858207 0.35867339350428507 0.40003365179351474 0.460820021075779 0.5478048500436627 0.6685145152822229 0.8091903008062509 0.944928214174988 1.0211950235067464 0.9836565340594728
