_RESULTS/CROSS_VALIDATION_POSTPROCESSED/Berg/TZ/5comp/5/Berg_TZ_z_0_kriged_reverse_5comp_spherical_5.asc
ncols 100
nrows 90
xllcorner  5.6208707817415728
yllcorner 50.959635321741573
cellsize 0.00013419651685393446
nodata_value 1.7014100000000001E+038
[rows 54 to 71 of 90, columns 0 to 40 of 100]
0.013144153508103606 0.015005383857307134 0.017080180478433397 0.01929044946964331 0.0215109134678824 0.02357129159774989 0.02527326049770029 0.026423451993389392 0.026875951317577286 0.02656997169269301 0.025546826484493797 0.02417312873495847 0.02328861867718053 0.022902613648607933 0.02251510274392381 0.020738495686460415 0.01792096097255555 0.014579070159770287 0.011196892952996486 0.008135415572555508 0.005599988243532995 0.0036546678294268557 0.0022618837715012623 0.001327584802759305 0.0007389680483952778 0.000383343344292034 0.00018595697606484983 8.494935488308372e-05 3.666280862007332e-05 1.5073666094718383e-05 5.992878485047495e-06 2.3583987823301224e-06 1.2194545280194408e-06 2.2609237660873734e-06 5.005287789487865e-06 1.1107664020572941e-05 2.4389756840493227e-05 5.271532036580162e-05 0.0001116965051308907 0.0002311391654656313 0.0004655514092000029
0.011258379785942655 0.012580199565522568 0.014026869191541958 0.015538170837169981 0.017027318996718607 0.01838463710020995 0.01948909024962883 0.020227282979239983 0.020515938168463938 0.020320857283650497 0.019665253360855353 0.018626201762491898 0.01772235986175012 0.017246436368074842 0.016845182627117743 0.015429870614243238 0.013222204336856494 0.010653023203700832 0.008106973490979313 0.00584118807880955 0.0039925087982714555 0.0025929450234237045 0.0016024236430765815 0.0009438325905285538 0.0005262319858473003 0.00027297946393380355 0.00013254445928808183 6.144208943259149e-05 2.7452912841177668e-05 1.2036880544106427e-05 5.388637207496183e-06 2.7067333571541253e-06 1.967797657701613e-06 2.5757196337778224e-06 4.710829259115699e-06 9.614016852725961e-06 2.0278450902644027e-05 4.299900034779761e-05 9.047529582282461e-05 0.00018746333631420372 0.00038049968958971553
0.00978636911599563 0.01071466399229573 0.011717544607977564 0.012749832533632896 0.013751748743201822 0.014652211396691515 0.015376270648504765 0.01585602668644319 0.016042732341676993 0.01591660620975944 0.015491061108333195 0.014809821915597578 0.013981061666261863 0.013429731917296009 0.013038166196011131 0.011936276856635819 0.010235104837590915 0.008253504770455253 0.006282745735703314 0.00453050638665023 0.003105660862475086 0.002030482447572704 0.0012696705096129947 0.0007587252777117066 0.00042634603508938943 0.00022542086954313234 0.00011279246701763497 5.43885073617215e-05 2.5936419682593298e-05 1.256943818837994e-05 6.5303342197500965e-06 3.982330745429563e-06 3.2447386139465168e-06 3.784745379399617e-06 5.8390637682808494e-06 1.0540068113045913e-05 2.0543919658633735e-05 4.143703695505356e-05 8.452546346762528e-05 0.00017203500431228698 0.0003463553186350184
0.008666584524483378 0.009306318334096373 0.00999367613624983 0.010694908094912923 0.011368548579421146 0.011967882434038594 0.012445597736475198 0.01276007659329172 0.012882023154401654 0.012799670861023156 0.012520990756356688 0.012072188389262575 0.011492976867052525 0.010903032323269503 0.010513899558990536 0.009657353649194686 0.008324910861297512 0.0067620931770157175 0.005196228998488534 0.0037922888619951094 0.002638911762280929 0.0017580385932938402 0.001123690215695698 0.0006803129723477114 0.0003901811500347425 0.0002131535914490602 0.00011187655459318553 5.718813474179093e-05 2.936370683671224e-05 1.572006093641051e-05 9.233577556734505e-06 6.350427195029317e-06 5.467694471941253e-06 6.068819689179739e-06 8.409873349553753e-06 1.3639437530752586e-05 2.439970056321668e-05 4.6180450458994265e-05 9.000888376844243e-05 0.0001775196478874492 0.00035012945410411723
0.00784712250852275 0.008272017765505518 0.008731709771244161 0.009200580067120642 0.009649278192972233 0.010046388541128944 0.010361275960171373 0.010567717384717746 0.010649196045085407 0.010602259816592099 0.010425341146882254 0.010130477680545999 0.009742368122543615 0.009294302339014661 0.008884619043346602 0.008220005376374268 0.007155910946536898 0.00588591327105066 0.004593665325226511 0.0034166492771812245 0.002432957412053918 0.001663207130609228 0.0010805860920587269 0.000667940709199543 0.00039483289645909464 0.00022486933283911778 0.00012473109991812322 6.843242352113064e-05 3.797127629509207e-05 2.2179078793024018e-05 1.4288519371636889e-05 1.0615753920179677e-05 9.444135912143845e-06 1.0213913644316802e-05 1.3222257478138662e-05 1.9757558856329842e-05 3.2728162784787564e-05 5.806882242507501e-05 0.0001075276808004343 0.00020393293437263272 0.0003907967128259512
0.007288920651239867 0.007549194208257097 0.007840246435883965 0.00814188576866864 0.008432781723288593 0.008712919134249684 0.008966695493323478 0.009162721970167065 0.009275266304713033 0.009287504313145005 0.00919390112010953 0.00900095603191151 0.008726047742965762 0.00839472017161781 0.00803720700830944 0.007473049577245477 0.00655804879800184 0.0054674833479789915 0.004355050193825836 0.0033210957322020247 0.0024265163220961385 0.0016865275298627135 0.0011182816314551538 0.0007107728446728619 0.00043586096239172517 0.0002601521373023312 0.00015294629820843927 8.999005176446682e-05 5.4106241451242836e-05 3.4132343258809646e-05 2.355002221522166e-05 1.843890682327904e-05 1.6762399390755605e-05 1.785023834246941e-05 2.2077967576095714e-05 3.102790987240488e-05 4.820265548332686e-05 8.060312882228815e-05 0.0001418327524748743 0.00025794302590319447 0.0004722057329341198
0.006967509494906748 0.007095508587260733 0.0072579386798668965 0.007476110348019446 0.007739062747777207 0.008016634560503395 0.008278604769810552 0.008496310466157335 0.008645261393598329 0.008708063679997748 0.00867682590671605 0.008554321287712732 0.008353539659707103 0.008095764758733024 0.007807758910384676 0.007421500270431916 0.006587213989885653 0.00554847312000064 0.004478677801728835 0.0034619781372462097 0.0025645397206170103 0.0018180566376308398 0.0012369637769916834 0.0008123335854831692 0.0005187239910844685 0.0003251507683412795 0.0002025466927221087 0.0001273206624270766 8.2251638008102e-05 5.581752734532869e-05 4.083201932565187e-05 3.3189974004461696e-05 3.063371087577985e-05 3.229024215766495e-05 3.867098509970818e-05 5.187978310443835e-05 7.648567464034477e-05 0.00012142936805909208 0.00020367410461240434 0.00034988836425770296 0.0006005262276155916
0.006873580763532853 0.006917330055679012 0.0070671368081597075 0.007295663694825457 0.007574828486143377 0.007876038549897133 0.00817006369199992 0.008428346342253552 0.008625419414860891 0.008741847460152108 0.00876691155911855 0.008700267477789517 0.008552081274688404 0.008341615098541613 0.008094719899656565 0.007832649534643172 0.007216434240827975 0.0061884767129697146 0.005003592144088054 0.0038685297763786947 0.0028771702536184275 0.00207243661723371 0.0014547806263947535 0.0009960878744117135 0.0006687324514371866 0.0004436278709005033 0.0002938072603121732 0.00019681565033317916 0.00013548154457134544 9.757871576341411e-05 7.49719417019626e-05 6.281169428020623e-05 5.826132694014912e-05 6.057398145508689e-05 7.06441509923865e-05 9.142368341085938e-05 0.00012915673598556425 0.00019543045826076762 0.0003074700530983285 0.0004934131889189092 0.0007944788297144682
0.0069413970627932925 0.007091762239203853 0.0073110171829905025 0.007584089458078824 0.007907707492856105 0.008262979002331946 0.008619309040536864 0.008945716580763645 0.00921329949199472 0.00939852461184725 0.009486530229375909 0.009473528382878352 0.009367602370939483 0.009187683905617089 0.008953941704117317 0.008667906498372863 0.008196822076404138 0.007215365511592112 0.005946198052111287 0.004633322622537542 0.0034892827141843157 0.002574315692848369 0.001870497923178617 0.0013454326370429261 0.0009538481337941779 0.0006698094960098471 0.00047028356653948497 0.00033397911933939913 0.00024315841554581295 0.0001842134783638041 0.00014743637823123068 0.00012672224576564144 0.00011861787902934614 0.0001217282192745744 0.00013725525256286938 0.00016985821417910745 0.0002271139736239072 0.00032247010214489383 0.0004751406190023124 0.0007148458423643387 0.00108190566948595
0.007167809269423667 0.007454844135501077 0.007819195591666401 0.00824581358355978 0.008716304754156048 0.009207979602991455 0.009693743507875639 0.010143094086742672 0.010524349841651522 0.010807947798686268 0.010970274959497366 0.010997187010955216 0.010886294557567204 0.010647361930691738 0.010300700230745757 0.009874024172932835 0.00939008731008651 0.008499758492041952 0.007237665718385911 0.005905417498407372 0.004651080240157053 0.0035627882047620735 0.002677425888262938 0.0019965634852202405 0.00148888073241824 0.0011052012029512854 0.0008201321615189934 0.0006145076250211129 0.00047025216830055253 0.0003720877612140971 0.0003082188424549502 0.000270485594597725 0.00025477453588466757 0.0002583956925088 0.0002818320274390189 0.00032943908273865404 0.0004101562025990677 0.0005395685077815609 0.0007438136235657227 0.0010532393081572797 0.0015022053709259518
0.007547451223202319 0.007994423537984362 0.008536197645028453 0.009158239084010067 0.009839925295408374 0.01055291037955282 0.01126061261605413 0.011919422161897942 0.012482045336761739 0.012902899734885996 0.013144727282552891 0.013184886739116488 0.01301953076088143 0.012664340879830972 0.012151577253711705 0.01152440197973927 0.010832353993622012 0.010145971789533035 0.009108985448600561 0.007833436959757557 0.006497786365522991 0.005237577865823151 0.004135246128223163 0.0032256020219105096 0.0025091035874280905 0.001963449960736256 0.0015373290617111787 0.0012104598302973913 0.0009678089795489808 0.0007935741623446561 0.0006736972663285495 0.0005970958180817319 0.0005569821244828278 0.0005505847216583544 0.0005772887794095009 0.0006408797741537314 0.0007502926233448345 0.0009210543070329081 0.0011776245938231484 0.0015567974246682235 0.0020997605153398055
0.008079329718346588 0.008719146568883332 0.009483333996865925 0.010358981351165166 0.011323424528454938 0.012341193789225158 0.013362384191103645 0.014323676236763849 0.015153087320994527 0.015778713543372444 0.01614024396513698 0.016200426841629378 0.015952889592582162 0.01542352976838085 0.014664958192619757 0.013758987072198288 0.012984328882365608 0.012400227048521156 0.011742836926154163 0.010653696744266888 0.00931510692327947 0.007905896353333509 0.006562255407807238 0.005369655703832319 0.004368364691660196 0.0035655898776607376 0.002938207895051554 0.0024234577736704376 0.002012349729895338 0.0016963575689916727 0.0014635021891909708 0.0013016563326815555 0.0012006755201643313 0.0011565017602366671 0.0011670853068335247 0.001233417076931235 0.0013620035025198145 0.0015655313437593166 0.0018639620659651496 0.0022859975134370157 0.0028707290879302085
0.00876457283336581 0.009640332249463333 0.010686492486975266 0.011894427638185892 0.013241008239627122 0.014682873774165165 0.016152249369479104 0.017556668895527913 0.01878513550576819 0.01972207040029798 0.02026754533436706 0.020358637170381052 0.019984495629420958 0.01918906011194929 0.018076239933743795 0.017069408320779376 0.016286838939885553 0.015697846846794775 0.015279523921412155 0.014632430411742559 0.013493035651047038 0.012063103958077536 0.010528923611967125 0.009036439282931293 0.007683476158283234 0.006524080257000874 0.00557912588644485 0.004804469287486212 0.004129114535999063 0.003565637857238044 0.003115796927301189 0.002773546449746058 0.0025294481418025754 0.0023745503955305836 0.0023075724593221315 0.0023251247990831217 0.002427150829138042 0.0026190872754603754 0.0029118434066014256 0.0033216990943926634 0.003869938594933126
0.00960313113653394 0.010768173122237375 0.012171943564154257 0.013815331554671087 0.015679030892811724 0.017713094849993845 0.019827452655630337 0.021887634258490978 0.023721241047732232 0.02513951884594057 0.025973136560438762 0.026112914848100258 0.02553984086295729 0.024333671150634745 0.023057149488318947 0.022027074639977683 0.021219511041932097 0.020619110521912072 0.0202125694350365 0.01998414405222049 0.019441920530020602 0.018316841428299084 0.016816854959580598 0.015140367889534496 0.013452268135345287 0.01187461154656608 0.010488167374738365 0.00933471906356193 0.008279947040863182 0.007302168565134362 0.006444057398984748 0.005726568475489528 0.005154422971308372 0.004722255530067058 0.004421525139328571 0.004251302072825099 0.004201813899749118 0.0042653336643598905 0.004438343583975386 0.004720652074138691 0.00511409877906654
0.010589917969895012 0.012106632817741029 0.013959819501393998 0.016169134309723263 0.01872829433220052 0.021586889426638525 0.02463069506986467 0.027667413665515266 0.03042916204295173 0.032603659155169794 0.03389744343738469 0.034115522605861835 0.033223509648206744 0.031726920480103976 0.03042728432405893 0.0293424774640831 0.02848508374655904 0.027867104831080958 0.027492210554560262 0.027352648102428212 0.027428317503332373 0.027243482342357773 0.026326696214140747 0.024878184028652363 0.02310695467617728 0.02120522468969107 0.019335999295098834 0.017629332393821865 0.01607533193208838 0.014439694242363826 0.012833299226070927 0.011356396607025337 0.010068038434470765 0.00899242807654235 0.008129198764199744 0.0074653681734011615 0.006993473780445849 0.0066892353462044704 0.006527709634949207 0.006487578421979406 0.0065500372971228765
0.011710323400936307 0.013646746221266728 0.01605442080533715 0.018986812689809084 0.022468022249083786 0.02646305201360141 0.030840005483128638 0.035333706520764493 0.03953180422136877 0.0429129978586828 0.044956914813548896 0.045303824477751005 0.04406174862227456 0.042602557260549255 0.04122775134473136 0.04001679623910358 0.039053311291949486 0.03840075461545882 0.038093604493166726 0.03813667109597217 0.03850639168711317 0.03915118182654226 0.03976890200775965 0.03949190987228683 0.038387020963214794 0.03665495876965416 0.03451988439848399 0.0322141433945066 0.029943894140451392 0.02732722049873854 0.02439181850680629 0.021435541616737372 0.018674372439683853 0.016233323170134897 0.014160775948680936 0.0124524149321109 0.011074494030634962 0.009994235524099091 0.009162744842190158 0.008526902890359908 0.008041024507566798
0.012935437218385797 0.015358561614434892 0.01843107560606665 0.0222626282795425 0.02693718596812211 0.03246851833948178 0.038733590085288094 0.04539212920492142 0.05182566691734328 0.05716218416957302 0.06045735028482006 0.0610219382880344 0.059931932558799826 0.05848912027514634 0.056881535304462716 0.05536096344792647 0.0541520304544891 0.05341225954448376 0.05322842376400714 0.05362610803111157 0.05457748576318949 0.05600184019120649 0.05775994503073601 0.05964819269598711 0.06079949253356602 0.060519329780437295 0.05894212293280481 0.05633238165016324 0.05306936387701002 0.04905723773431927 0.043845876760134836 0.038148042153476475 0.03256830241837385 0.02749601796304908 0.023115433437622037 0.01946063003356753 0.016477200614630975 0.01407065973079419 0.012141515402524202 0.01060185161988569 0.00935945466141313
0.014217886317799112 0.017182924379061392 0.02102071055260791 0.02592683821668112 0.03208978489680382 0.039632460708908766 0.04850731283896032 0.05833931611674985 0.06825242101914754 0.07680457722581112 0.08224421002868465 0.08359949701390834 0.08310936252149158 0.08144367981907784 0.07916016630003768 0.07688591504791929 0.07511433434696817 0.07415721896177128 0.07417612068048464 0.07522489682843786 0.07727337890117816 0.08020599077901788 0.08379967999163206 0.08769297534110826 0.09136855454846311 0.09418351220350835 0.0950863611969796 0.09320509858090242 0.08894472412994955 0.08278850437846337 0.07383911284874685 0.06337188857116835 0.05284393108970588 0.0432193881252494 0.03496076724443467 0.028162863720092073 0.022710197730253727 0.0183981356856087 0.015006293352493998 0.01234074154650458 0.010344880040579311
