_RESULTS/CROSS_VALIDATION_POSTPROCESSED/Berg/TZ/5comp/5/Berg_TZ_z_355_kriged_reverse_5comp_spherical_5.asc
ncols 100
nrows 90
xllcorner  5.6208707817415728
yllcorner 50.959635321741573
cellsize 0.00013419651685393446
nodata_value 1.7014100000000001E+038
[rows 19 to 37 of 90, columns 43 to 85 of 100]
2.475407317034854 2.33231699879548 2.1856880662660942 2.0398845120931357 1.9142867150214344 1.8310376254578975 1.786042208437277 1.7771326341204707 1.8040459743409805 1.8684767765969372 1.974259935074962 2.127721189185167 2.3358251594617783 2.5981527420504666 2.9240253449515157 3.3264694509485397 3.815543653357319 4.395206778374782 5.070490270759661 5.8213830836845215 6.579647339903295 7.153420672898244 7.254570668933772 6.841922131864073 6.161564292743944 5.423179009627958 4.7240545965295055 4.099193004221298 3.5567499501091846 3.0938377744567522 2.7032816184845383 2.376619167668687 2.1054762600411725 1.8821923149494084 1.7000806465380374 1.5535079567220877 1.4378882684327299 1.3496440789886863 1.2861662994864247 1.2457942085798137 1.2313600818484625 1.2313600818484625 1.2313600818484625
2.306272352497174 2.1842924262705896 2.0589979323539285 1.9350892499592987 1.8355751706985965 1.774931752976261 1.7505039848645307 1.7614746242623096 1.808950997639672 1.8961705973808005 2.0288866196025617 2.21600723591034 2.46663390903915 2.7850199039208294 3.1878894339751835 3.6968235540563534 4.331205141273866 5.123715945540543 6.115675552054643 7.339308600060909 8.772057029924268 10.043656733249328 10.07951270022395 8.935085852696641 7.605455200798418 6.421356545363133 5.424690788223643 4.598423072416062 3.9169230588461517 3.3562248963251293 2.8958069593492697 2.5185393843919863 2.2102772489350913 1.9594325135508128 1.7565942418861593 1.594207152156794 1.4663069491475789 1.3683100285709335 1.2968566055799169 1.2497086139586138 1.2313602471688163 1.2313600818484625 1.2087031682506955
2.1448078412419087 2.041801844365592 1.9357018802236639 1.8313317914925142 1.7543347926195374 1.71340372293569 1.7070099711793698 1.7354507267642674 1.8010073715060426 1.9082707023917276 2.064698896217915 2.2815102519443253 2.568402072244393 2.9349169217007183 3.403639177601218 3.997479019381926 4.751676243694361 5.718979695657569 6.969814305279108 8.595764343308764 10.722462204394944 13.403482403700211 13.210066179205024 10.751819401189913 8.772132837491657 7.21230217783802 5.976457617767361 4.990217394445243 4.198554145043589 3.5604596594555384 3.0448228069718857 2.6276465485254286 2.2902001377412327 2.017765122004176 1.7987554264292396 1.6240807820810155 1.4866772314585652 1.3811601311420862 1.303573725191062 1.2513828465111816 1.2313960718283652 1.2217406003091509 1.138167666747875
1.9945250621850172 1.9083799547479334 1.8193412694009587 1.7313618437181568 1.672718141378284 1.6482671875894899 1.6569307392912842 1.6998689204839057 1.7802824536487682 1.9038202323150666 2.079255313293342 2.3193427269531233 2.632422155904434 3.0333496233193094 3.5419868948038515 4.186146443681533 5.006628107976492 6.058382998534405 7.404481439084133 9.117041144665626 11.23583401161537 13.411130466762906 13.310729664780766 11.226410269844523 9.230689383870988 7.587654392382329 6.2671684176444415 5.209971948645877 4.362689391083956 3.6822379307682276 3.1347487092373143 2.693723244356139 2.3384086595482403 2.052529176269739 1.823325620512107 1.6408318991992676 1.4973304953979931 1.386945739351881 1.3053472774145585 1.2508745941344648 1.2310864052592307 1.1740147353469985 1.0367895850766333
1.8577810071382765 1.7863658146553747 1.712309627305943 1.6385621942515114 1.5927573698957673 1.5815000686500515 1.6020765391649365 1.6562639550663043 1.7479015782491434 1.8833401561603953 2.0721685768868925 2.3266955931740605 2.6540837051170985 3.067511049035857 3.5870156229636034 4.240474097147976 5.062638139853779 6.092204334447087 7.351326495729234 8.834055469890052 10.408754055286312 11.5909718303813 11.580912977777542 10.430602295822961 8.923294708671206 7.491798534450962 6.256355984646396 5.229506461869438 4.390238289900118 3.708719632536137 3.1569343396558542 2.7109059229570183 2.350892742673342 2.060951316754871 1.8283600425978208 1.6430726522375392 1.4972533753068682 1.3849039014215028 1.3015788571746523 1.2483195866064722 1.2105360120812412 1.0987806475485995 0.9216902654096949
1.7359466735978508 1.6772111995065735 1.616174003010227 1.5551432595911157 1.5163479130548108 1.5151537883436312 1.5445725786696969 1.6067703874058359 1.7059489811108646 1.848796979161944 2.04520186175876 2.3039986909435672 2.6290096226369366 3.0344350022891233 3.5386414202505843 4.156951958425065 4.908265464629185 5.806985695797202 6.845577285487887 7.971094338723134 9.026334070958072 9.710672683517373 9.719986668674524 9.065321384637018 8.050962742208819 6.960343610642143 5.941173780089727 5.046356297991782 4.283259698431526 3.641386010952661 3.1113869568494747 2.678733676843974 2.3271103336986267 2.0425421113535895 1.813454460520351 1.6304788068962022 1.4861846168849497 1.3748175720085516 1.2924446480478067 1.2437605797565956 1.1654011137438829 1.00979738824005 0.8067052451213136
1.6296454248909613 1.5817157016919787 1.5319080307741963 1.4821478528980394 1.4468795591073014 1.4512767679314107 1.4867262028300294 1.5539443964946826 1.6572507868338537 1.8033483693544898 2.000345802520097 2.2497035433539785 2.559336378509754 2.93416927026751 3.3818684267110615 3.9153049426045863 4.544396839543606 5.264442222003871 6.052756197073491 6.848707569472136 7.535111333020454 7.949682672695062 7.962501389677577 7.5756097268544265 6.918282331516392 6.146745724462307 5.373321888195139 4.657873349739733 4.023695055237185 3.474093493275352 3.0033120660246464 2.6026303784649762 2.270434230746688 1.9993636905537804 1.7798337810709708 1.603794080994335 1.4646190600857383 1.3570177462585553 1.2802453657074209 1.2250423494831189 1.1064959831107812 0.9185447551504904 0.7012487441820653
1.5390042056874298 1.5002381386522128 1.460083930296023 1.420153294751833 1.3878762679838486 1.3918982703569924 1.4309009738633343 1.5005665856288213 1.604753016505164 1.7482365187280005 1.935266532730541 2.1652523685413825 2.435694562298889 2.7528691786168173 3.124136713008593 3.555724293313136 4.046493471904947 4.585420753351533 5.147663136900419 5.684875602628577 6.123258941836995 6.378255571703351 6.390233987594838 6.159048112697777 5.743747613442643 5.226441615593102 4.677600374571178 4.144244932560726 3.6517142334655848 3.2103549736733212 2.821714287652106 2.482819369419496 2.188750946767201 1.937560573720884 1.7320024797234372 1.566090672308237 1.4343832552794318 1.3330894186777358 1.26653154508768 1.1932967425091083 1.0432769309815113 0.833336978706221 0.6105777018225603
1.4648802888245018 1.4334908819221637 1.4012679916410218 1.3697089939794316 1.341417706645516 1.341676542768703 1.3788911077961012 1.447265603874064 1.5472122806614796 1.6829139916202411 1.8489409415412519 2.0400629234536067 2.2602440506878936 2.5135990449045518 2.8036798999551795 3.13107289223958 3.4897878776411004 3.8692837189620506 4.249179917750028 4.597031482248011 4.870394035798539 5.026202135949818 5.037357380228481 4.9043187477333845 4.652635762974654 4.322624984446579 3.9547320678605913 3.5806309650936714 3.221045801928693 2.887409566010303 2.584628454816794 2.313564557618775 2.0728358492599677 1.8599772626168964 1.6736978754832426 1.5206791011561325 1.3986066025756594 1.3089586426292321 1.2533850817795038 1.1577013481238418 0.9830727778059078 0.7594206220085582 0.5367853839705985
1.4099612886279709 1.3843924269098509 1.3581935923995223 1.3325682393895844 1.308686593445982 1.3012988771619811 1.3295421699705312 1.3927802865330308 1.486595714394955 1.6032384343140704 1.7351080758648103 1.884375858899727 2.053234651027197 2.2435942117793592 2.4561456371647323 2.6879276706965936 2.93566833244485 3.1895638115905403 3.434195413594754 3.649137264014716 3.811720030573134 3.903921486490035 3.9145203265804875 3.843365956085021 3.698992980372668 3.500237401258384 3.2683924224043017 3.022317599734549 2.7762342818475045 2.539539848253692 2.317653472337878 2.113130620477954 1.9266574310005034 1.757800908257246 1.6055216562396644 1.4697174997353204 1.361641389534563 1.2872527642617446 1.2388122935036687 1.126278773626968 0.9315983617162192 0.6996593173353656 0.47996555003134234
1.369106491524398 1.3481361243121124 1.326569289897008 1.3055045204060098 1.286037277118019 1.272934549358532 1.2898131125513659 1.3407805020927543 1.4186305108739867 1.5064264491783594 1.6041254883110392 1.7128016330107707 1.8351210832181806 1.9753479948670543 2.1302346494909012 2.2956956093164753 2.4659600307512237 2.632861028688192 2.785846544025981 2.9134112152042375 3.005666535163387 3.053007771839995 3.050554650481784 2.9999775531684243 2.909166753982479 2.790083520532471 2.65450676694463 2.5054084176974754 2.3498717443528916 2.194284255155044 2.043063201398806 1.8989831123824967 1.7635834744563823 1.6375419685774582 1.5209705180711175 1.4154444852991865 1.3283594829847665 1.2699048961535109 1.2270113995433223 1.101375203863632 0.8925781750508603 0.6557714162362855 0.43930748758563165
1.339533799201046 1.3225233686722582 1.3049797222278785 1.2879213511975127 1.2723878386330834 1.2594217656847528 1.2642244185377551 1.2963952342454497 1.342406108299835 1.4006712658265208 1.4689591596351546 1.5512996220078374 1.6465886008105155 1.751811423579468 1.8638884483152085 1.9789429058661236 2.0920018420379582 2.197059836434912 2.2881790080092 2.3606815406384896 2.408671961183269 2.427846757169653 2.416674592514449 2.3769320443205553 2.3134187891644764 2.2329673644212003 2.1431791925484087 2.051342685245619 1.9623931575875115 1.8709260142768365 1.777904462904599 1.6855376780536873 1.5954138782166685 1.5086118216353626 1.4275253414814904 1.3579220727904349 1.3004072165649878 1.2589370036839702 1.2231473254743548 1.0856161993552356 0.8676988414040046 0.6280253539147249 0.4139398247529401
1.3211922138199252 1.3076193607197277 1.2935924202011948 1.2800742215893741 1.2680683603695526 1.2586006279388904 1.2525102319766632 1.2565722768517915 1.271883998701198 1.305524529676092 1.35775758502025 1.422619542904224 1.494955669490413 1.5720151138815148 1.6507159294772384 1.7274654045798445 1.7982922511725623 1.859664537277458 1.9098012355358716 1.9456408363545907 1.964695876796142 1.9656448237522075 1.948644087622065 1.915397049631102 1.8689329983865157 1.8131708176622023 1.7524157516925476 1.6909287030592939 1.6326463965312292 1.581066789039402 1.533623112381292 1.4834034947721797 1.4315196198615332 1.3813553947970802 1.3376747518164918 1.301675252093956 1.2743271991122098 1.2565071864420116 1.2256097414383589 1.0807768060804877 0.8578332072955528 0.6162267191332436 0.402856643856456
1.3142130036875552 1.3036530018027932 1.2927236031243767 1.2823564370824896 1.27345108535171 1.2649123709833323 1.2490603884215044 1.2279579752215952 1.2270277285337428 1.2445744604244018 1.2774316039441411 1.3228563112019502 1.376336142741765 1.4310685292580998 1.4837543728577367 1.5312248043980958 1.570712002443973 1.6016860414355734 1.6228741139022274 1.633258888165404 1.6325481454867203 1.621168326943413 1.6001751668378947 1.5711089079290192 1.5358447689189605 1.4964764342465446 1.4552359802605956 1.414432843012006 1.3764006858093065 1.343458985451359 1.3179068185697866 1.2996952118043652 1.2825922909942307 1.2678225946621065 1.2569395052069916 1.251415143375884 1.252673112217922 1.2605256521790227 1.2332996706868753 1.0876430847471026 0.8633505989394533 0.6202515193742566 0.40554818218632915
1.3189521100609893 1.311059929974647 1.3028806090936298 1.2945997840937176 1.2854456814029904 1.2739908952141359 1.2517593069095223 1.2281118031235094 1.2136876700622443 1.2158761751109903 1.2312307968778402 1.2566213208239851 1.2889872469867232 1.3246090321781332 1.356875409877295 1.3816301392162162 1.398226370747587 1.4064783078564922 1.4061386039354031 1.3977865226635329 1.382659681039993 1.362348566692602 1.3384426580437103 1.3122681916365357 1.2848228037337093 1.2569001130585784 1.2292980140721574 1.202992361111426 1.1792187938965484 1.1595163914443767 1.147333923271988 1.1461468642402592 1.157227820761479 1.1716528018193146 1.1890874964234959 1.2111496776117965 1.2394275263598222 1.2613031572495033 1.245860000518486 1.1060829959692369 0.8842469725522665 0.6401791648447774 0.4221285895990393
1.336035009942849 1.3300233747265358 1.3220896804434854 1.312667821774766 1.30227923274274 1.2876477298211695 1.2708044060739923 1.2521157041507902 1.2311432572957999 1.2186653490322326 1.2183746134910622 1.22660233983716 1.2398698580182748 1.2548141058308495 1.2671106358220356 1.2728028583661175 1.271417835768371 1.2616235642297562 1.2441116748516536 1.2207651821615972 1.1940882310752188 1.1666238334268757 1.1403521740378044 1.116335490649513 1.0947681806775973 1.0753539836041188 1.0577708896328122 1.042353708232206 1.030549697293685 1.0238862917673879 1.0243868368453068 1.0345920696086455 1.057657603626346 1.0948575613027944 1.1370180500783411 1.184405180871286 1.229014173847084 1.2589399594645678 1.2591947820744902 1.1349833001122644 0.9200862757971076 0.676247955077387 0.4533086620864412
1.362755024970736 1.3555905867269236 1.3461580301694056 1.33494383116599 1.3241694363492549 1.3151808519227572 1.3045229526120763 1.2914431589342388 1.2751537937053876 1.2550111307571918 1.2399824405972175 1.23279792308118 1.2295165833534694 1.226456547093304 1.2203122568471776 1.2081687903726657 1.1884180287077617 1.1609584844408962 1.1271855410080966 1.089837970674768 1.0524401527480742 1.0183885115529736 0.9900052528558467 0.9680462144390145 0.9519304750878653 0.940473662863082 0.9326476169971891 0.928049610796932 0.9270559687285502 0.93079085046239 0.941050897932389 0.9602807363478877 0.9916537561027975 1.0392970884709456 1.103201510999975 1.166201942189043 1.217728928007977 1.25473690068344 1.2701204730187072 1.1720612290542416 0.9697535778810672 0.7286272409376824 0.5002460051243168
1.3931618441026539 1.3853404957930713 1.3748621481160694 1.3624156553406397 1.3601418840297512 1.35822866937033 1.3539577716867246 1.3466775131057853 1.335769061927314 1.3206013093423772 1.2997470827958277 1.2779877912442053 1.2596192773649146 1.240503662512814 1.2176112771085883 1.1895102522523342 1.1528463239807043 1.1078586178634076 1.0569027934429414 1.0041059804731876 0.9545997802777357 0.9131335050044823 0.8825412331137723 0.8629941055345675 0.8525981695113917 0.848784055560497 0.8494815425120544 0.8536469430956132 0.861306399211639 0.8734103782471867 0.8916944812907251 0.9186355454897821 0.9575370596054675 1.012588628101001 1.080993669488085 1.149508666733199 1.2068567982080152 1.2498752665321302 1.2756563800232779 1.2130783248485255 1.0310360653213884 0.7969859819301668 0.5642266216684138
1.4369018035089962 1.4295608350782125 1.4187389518811326 1.412898881896342 1.4210512817539067 1.4269852852673777 1.4296207882842717 1.4282178926314342 1.4220367156177502 1.4103255702188058 1.392315126279394 1.3672374297010772 1.3355406373789709 1.3013693545972636 1.2631460089681434 1.219028906981397 1.1654331418296036 1.101832884652199 1.0314892630927144 0.960223632771478 0.8955243984512883 0.8444766018768545 0.8109578246510093 0.7941124758483716 0.78980328081214 0.7934785513542705 0.8019543857979674 0.813755886671484 0.8288211385473712 0.8481429994073315 0.8735525940171889 0.9076799809351289 0.9525126659141684 1.0047738731106501 1.0657406145706951 1.1354658144843954 1.1974865085991544 1.2453694442365133 1.276122597773246 1.251736291431339 1.1000852498809996 0.8798453555510797 0.6461085507904527
