_RESULTS/CROSS_VALIDATION_POSTPROCESSED_80-20/Berg/IZ/4comp/5/Berg_IZ_z_125_kriged_reverse_4comp_spherical_5.asc
ncols 100
nrows 90
xllcorner 5.6208707817415728
yllcorner 50.959635321741573
cellsize 0.00013419651685393446
nodata_value 1.7014100000000001E+038
[rows 57 to 75 of 90, columns 43 to 85 of 100]
14.185097972763941 13.733376274429068 13.33952368093406 13.039001026080669 12.868670934431462 12.841773045652118 12.95194425425444 13.193074282937298 13.534310524833185 13.95102444252456 14.433507163559664 14.936208588718609 15.415558721733893 15.878103094975678 16.333216118579276 16.804052188046313 17.323214805433228 17.895883976447767 18.387310589362713 18.673141906956037 18.86310965924266 19.019992558685907 19.159027644472133 19.30433220910676 19.22091403293229 18.382593628189657 17.636908004628808 17.028229678222228 16.55872981479353 16.222113738125138 16.007074919275183 15.899517343780925 15.88103432452425 15.932662805269626 16.03802525533528 16.18100273063798 16.366809358160285 16.605729162894438 16.85562885059222 17.10017332667986 17.325055182459508 17.51613771257754 17.65961007461248
14.42203524743918 14.033491187695365 13.704325729301534 13.45907755377907 13.318535105475998 13.289955114315454 13.378687625186625 13.59728488613692 13.922327159903986 14.33383445070131 14.823301831395327 15.379614952858173 15.940328751949984 16.49524289632848 17.059084025859185 17.65762029135222 18.32077289260196 19.071061038164526 19.685914246735255 19.791945511768425 19.92791741595168 20.05765809043778 20.152762206911103 20.174508175146897 19.95857877812985 19.40689576183801 18.769652362028882 18.19295436284466 17.71759305980261 17.35172641756782 17.08960645466911 16.918653033867546 16.825596504605496 16.795941194187602 16.81468512080325 16.86679023729512 16.968240284667736 17.12166928020436 17.28361656700943 17.437755413680247 17.570365518064555 17.667968425998122 17.719308011527197
14.696817725216855 14.365826665303501 14.091121590031197 13.890179881961537 13.77644352690464 13.755157766860645 13.834226218947295 14.037668530485018 14.347669473476273 14.75045420483804 15.239137461039368 15.80866674684823 16.43100000625031 17.05841654543488 17.69969688250022 18.368341009970436 19.072554458414775 19.781445847302745 20.30611604435518 20.534347888663163 20.676023324276066 20.78529609990717 20.825554879041672 20.7672975443778 20.544882571248248 20.13794327298494 19.636181301547563 19.136133486632716 18.689163565036164 18.316088287549466 18.021259381953627 17.800372793319603 17.644477148215582 17.542095871663108 17.48038477992574 17.448475825963467 17.47218507514138 17.54359584564196 17.61960417001501 17.684900331440943 17.726539424143436 17.740247224052275 17.73316444522281
14.994115819520228 14.715363022601593 14.488125956488346 14.325575191107479 14.23751292194896 14.228451772837728 14.304761193706547 14.496337437018065 14.791802013905414 15.182246586241735 15.659188114726616 16.217214298574163 16.854427485789742 17.52908009065133 18.211167132993538 18.900764702658783 19.583723588772703 20.209987601973726 20.690567065292655 20.99158975953309 21.167150514668712 21.254807014598402 21.255484573423086 21.17936412583316 20.98646416954817 20.669925786790216 20.27169451151064 19.848142138317552 19.442504062131043 19.079404095958687 18.769223030883275 18.513081494333292 18.30635917615935 18.14092314003638 18.00650214173418 17.90195751229827 17.855824485754425 17.850135075081774 17.84376977888222 17.8273929016695 17.803049981591375 17.76491661230274 17.73160707273675
15.302483270693598 15.071663572277883 14.887192952358868 14.759579173733284 14.69666411639421 14.702670070861615 14.781049595372142 14.960622678485674 15.239729517034437 15.609548996392986 16.06393897946341 16.598065411664166 17.207932609395264 17.887531203617066 18.5842500880054 19.267706020248472 19.916349320835824 20.49109093771935 20.94690316333899 21.26417856496504 21.454625904223608 21.531950628496297 21.51700193686293 21.430660880346963 21.259472374346192 21.00431681860545 20.685208620648414 20.33002808161483 19.969659902552987 19.626428137717856 19.31276723241084 19.03319572553808 18.786538103560115 18.567714477129147 18.36903423399536 18.20706883970013 18.10060977524733 18.03105482597085 17.96686190307584 17.901183414025958 17.827712950302875 17.754342655505013 17.731312264361666
15.61300229827702 15.426749670035509 15.2817809940486 15.186884923485378 15.148745382460433 15.171432914087916 15.255058489159506 15.417941720237518 15.674152582717554 16.0175111129853 16.44204043100188 16.941922777223763 17.51096182218467 18.141379844768846 18.819786156672556 19.487022805635785 20.104194349701555 20.643075704563348 21.076209596584803 21.38822060389589 21.577303817484818 21.64853008383015 21.640805726104702 21.56273628660854 21.411281554444315 21.19068269602182 20.914912839168768 20.604129926684923 20.278681960347527 19.954784374323324 19.643002110639674 19.348605067642936 19.072661203747728 18.813205978419937 18.57090869861942 18.378712391582965 18.24139413882454 18.13106733499792 18.023471494007005 17.912816663300116 17.804490026480575 17.74254247796956 17.731312264361666
15.922664862439772 15.773997911543141 15.66613905454136 15.60215611405572 15.587214551834816 15.62470471424755 15.71128886951096 15.854806590441594 16.08502720319942 16.39751542180725 16.786021069914216 17.243745772216847 17.7627707323615 18.333038633110863 18.940904570904696 19.56723004988165 20.156944456969335 20.666950971166965 21.07769957867584 21.37595968744673 21.555440929917452 21.63227436928119 21.639469552809317 21.577973909751375 21.449246578302912 21.258771261420325 21.017152430661223 20.738606453020807 20.438006318728117 20.128224869992664 19.818687061441107 19.515069983042313 19.21969280263021 18.932181042878753 18.671498312493668 18.462273864419167 18.30085371981486 18.154204650493885 18.007481848502703 17.86987596983369 17.776922487441972 17.73392535303279 17.731312264361666
16.231724771936687 16.104135362570513 16.029581532315472 15.99267332359485 15.99830403533411 16.04813583952392 16.136462848014528 16.26487640775546 16.4659921918373 16.74368454912195 17.09131285721722 17.501283642269865 17.964547626363885 18.469861165337605 19.002925525497975 19.54571706691606 20.07655212404724 20.559932773247276 20.94873720450629 21.22993352930248 21.400634889884508 21.494166624890067 21.51915720781357 21.47733035701289 21.371800586124888 21.208218613293045 20.99516275337958 20.74335587907638 20.464092100525203 20.16762345362183 19.862051833885914 19.552862197276642 19.242958744763243 18.939350430320392 18.675396723607623 18.456296495413024 18.273791428826826 18.095407320049404 17.938961118022586 17.823561107175923 17.753111820434068 17.731312264361666 17.731312264361666
16.525816682953284 16.412449423823457 16.359704595742784 16.34880844495763 16.37412111505764 16.43242287099296 16.52238923786226 16.64324375764717 16.812506459514765 17.05214440391195 17.355315162473914 17.713881892982474 18.11818983950056 18.556586098995584 19.014971675286223 19.47660734101884 19.92244573685338 20.332138601686857 20.685439750421743 20.9486966248142 21.127763634471723 21.23861329372697 21.28223922249353 21.26075119224652 21.177670491448502 21.038313197383076 20.84983276706645 20.620714112227752 20.359850129619122 20.075532063523227 19.774653793050618 19.462266884918275 19.142409298198146 18.844303294722668 18.583042895532067 18.359996317682793 18.165679624825888 18.00132576458578 17.872197402834374 17.782598157654583 17.736660017792506 17.731312264361666 17.731312264361666
16.79891253641672 16.703087389641542 16.65484331560232 16.66459541872959 16.704804371981062 16.770269754823158 16.861593532100375 16.978120151242738 17.12134702282737 17.320390431531614 17.576644109302602 17.88167052337439 18.2256050773055 18.59687143830907 18.98198594869576 19.36558467428264 19.730795146705493 20.05997284257074 20.33564974556451 20.55805544327187 20.739335417906773 20.86699391056706 20.929138853224092 20.92756785010427 20.865683832406702 20.748270262468306 20.581377075070506 20.371937827678003 20.127169031615892 19.853905263818568 19.55803208550008 19.244115603035556 18.93387391987778 18.650044504875876 18.40538140955667 18.211613405601717 18.048290299468285 17.913998691136985 17.813467810108634 17.75116315873771 17.731312264361666 17.731312264361666 17.731312264361666
17.04702945599761 16.972585679473497 16.927351747109924 16.933008620831043 16.9827511822416 17.054772499964674 17.14709949162969 17.25912251412252 17.389124066456013 17.546811541707864 17.754612933286015 18.005086068873723 18.28842623997297 18.593410281351897 18.907342474099288 19.216172223798335 19.50483338394162 19.757790336977248 19.971257386602755 20.156522676638083 20.306096026846248 20.41314776602256 20.472367964647248 20.480231152084492 20.435220095858426 20.337640634515413 20.190027130568108 19.998025611355885 19.767631290065747 19.504625956366144 19.216136454404918 18.92314776033758 18.6542335510894 18.41946533198798 18.227932613137806 18.073573593226154 17.942102889197294 17.838455130411255 17.767415764752776 17.733561583865317 17.731312264361666 17.731312264361666 17.731312264361666
17.266400432262405 17.212589864227315 17.174024081347465 17.16694479186701 17.204214611690183 17.279470508518276 17.372431080182846 17.479795606468983 17.59994796897683 17.73037588987708 17.888921411453566 18.08463829524022 18.307952681228144 18.54813754191315 18.793332850646692 19.03069270803824 19.24667803148837 19.438536545488923 19.613946028400182 19.76537276575413 19.885816659080945 19.969345917860927 20.011354140843256 20.008783712798095 19.960288499742816 19.86629873152043 19.728958234171486 19.55192755947929 19.34007690352602 19.09911668796174 18.847863868627297 18.610511376298902 18.396939080908986 18.216426056258886 18.073853736460034 17.952129997225065 17.85238943768784 17.77964742217671 17.738696031432323 17.731312264361666 17.731312264361666 17.731312264361666 17.731312264361666
17.45709950250091 17.413975935473097 17.38490205550939 17.369325583004823 17.387920406017535 17.44360748082674 17.53165611388441 17.634242202698474 17.744651835784104 17.860448162714714 17.979502379986446 18.120835284293694 18.285207719568394 18.462452447913872 18.641533351148993 18.810826815362088 18.9725009561124 19.12746569206071 19.268537028508756 19.388954627202992 19.482644306273336 19.544463030147213 19.570418836998986 19.557851758006464 19.505554470535618 19.413810380690325 19.284334701486856 19.1201191441357 18.92557471033402 18.72067658898464 18.521497400575658 18.337279255796012 18.177031622711226 18.049094106239064 17.94255145671399 17.85256340629174 17.784220441457034 17.742427915138435 17.731312264361666 17.731312264361666 17.731312264361666 17.731312264361666 17.731312264361666
17.613214546575097 17.56977052234212 17.549445245152036 17.53723882488883 17.538351767917362 17.570334119029525 17.631561711941675 17.717470150296567 17.81800830996005 17.919681749911668 18.019140407911287 18.114194044919042 18.22104383929609 18.337427121269666 18.45634145338235 18.58169381744041 18.708184260667522 18.829323688571225 18.938807964148864 19.030733613561875 19.099813383785115 19.14158009787524 19.152567284255362 19.13045247917076 19.074147292132977 18.983820366523286 18.860846099729244 18.711636415368975 18.553563902816343 18.39535230925744 18.245238625776913 18.111558498498205 18.00261406805531 17.914827097106834 17.838943880494682 17.779871615288613 17.742482873762498 17.731312264361666 17.731312264361666 17.731312264361666 17.731312264361666 17.731312264361666 17.731312264361666
17.726329241943844 17.680367013301122 17.663456450332486 17.656213837312908 17.6542003083731 17.66315906376405 17.69670665011728 17.751441370679657 17.8222863124995 17.903515589804897 17.985218504046514 18.057260146765984 18.117830987309432 18.188401654741718 18.27245298188774 18.364230870593786 18.457899261741563 18.547674630280316 18.62798599681734 18.69364853617182 18.74003901162056 18.763261779626273 18.76029385228444 18.729096877531795 18.66868437883746 18.58105206213182 18.47688900359161 18.36264402239161 18.244746228915602 18.130191187376898 18.026350050498493 17.94081621084377 17.873274256656163 17.814174533820403 17.767801161728954 17.7388302848371 17.731312264361666 17.731312264361666 17.731312264361666 17.731312264361666 17.731312264361666 17.731312264361666 17.731312264361666
17.790004275086048 17.742059416066294 17.723042441040327 17.720496704380384 17.719752899209023 17.72101650552493 17.728210221099207 17.752413212341768 17.789883902199247 17.835568974699186 17.887601920376568 17.943255073223746 17.99914169840052 18.0501612888983 18.102151627683728 18.162237001943172 18.225159515617786 18.28572885071761 18.338989086574824 18.380358628409326 18.405771758228028 18.411811870481337 18.396142533260452 18.361004751143998 18.308897112149538 18.24279905037726 18.166740275403093 18.085650951001917 18.005198545609765 17.93162673511663 17.871610264944994 17.824702944271152 17.783369718638223 17.751588154749722 17.73368517488649 17.731312264361666 17.731312264361666 17.731312264361666 17.731312264361666 17.731312264361666 17.731312264361666 17.731312264361666 17.731312264361666
17.81627542248868 17.759849656223885 17.73320949574593 17.731312264361666 17.731312264361666 17.731312264361666 17.731312264361666 17.732939759890858 17.74659571521262 17.771461811701396 17.804329520568594 17.84204970821858 17.88158395987883 17.920071882542626 17.9549114476208 17.984780279406067 18.01721656959332 18.050190162616246 18.079139489201943 18.100357583080566 18.11109627414559 18.109648710921064 18.095401403291746 18.068849593685606 18.031573734498238 17.98617934824997 17.936206572410033 17.886018618667052 17.840680026643152 17.80580245684749 17.777906399307565 17.75374902819721 17.736952133090284 17.731312264361666 17.731312264361666 17.731312264361666 17.731312264361666 17.731312264361666 17.731312264361666 17.731312264361666 17.731312264361666 17.731312264361666 17.731312264361666
17.840712194532333 17.77401362101443 17.73769391418695 17.731312264361666 17.731312264361666 17.731312264361666 17.731312264361666 17.731312264361666 17.731312264361666 17.736756478833538 17.751261492822827 17.771925057361454 17.79598200327604 17.82085948448508 17.844240780418353 17.86413372567837 17.87893803426694 17.887892341386163 17.89554017166027 17.900955733949136 17.901685515203443 17.896210003454208 17.88398014405732 17.865426460226253 17.84193976190759 17.815825327391043 17.790235121281086 17.769084684798887 17.75519255369644 17.743118247381624 17.734194022376418 17.731312264361666 17.731312264361666 17.731312264361666 17.731312264361666 17.731312264361666 17.731312264361666 17.731312264361666 17.731312264361666 17.731312264361666 17.731312264361666 17.731312264361666 17.731312264361666
17.86274973242155 17.787536714592562 17.743236556658655 17.731312264361666 17.731312264361666 17.731312264361666 17.731312264361666 17.731312264361666 17.731312264361666 17.731312264361666 17.73138593308621 17.735775654208062 17.745162384509598 17.757213340709136 17.76984811404522 17.781292440179605 17.7901304691611 17.795350836369018 17.796381974714315 17.793112961224338 17.785901786111605 17.776637022822843 17.766274179088022 17.755186907582367 17.74461320346325 17.736620939758588 17.733444657258175 17.731723524326405 17.731312264361666 17.731312264361666 17.731312264361666 17.731312264361666 17.731312264361666 17.731312264361666 17.731312264361666 17.731312264361666 17.731312264361666 17.731312264361666 17.731312264361666 17.731312264361666 17.731312264361666 17.731312264361666 17.731312264361666
