_RESULTS/CROSS_VALIDATION_POSTPROCESSED_80-20/Berg/IZ/4comp/5/Berg_IZ_z_0_kriged_reverse_4comp_spherical_5.asc
ncols 100
nrows 90
xllcorner 5.6208707817415728
yllcorner 50.959635321741573
cellsize 0.00013419651685393446
nodata_value 1.7014100000000001E+038
[rows 54 to 71 of 90, columns 40 to 79 of 100]
0.0003517242771458113 0.00016915324946724318 7.800551134721014e-05 3.521309892249166e-05 1.5712263462274744e-05 7.0536451914504375e-06 3.2082677928205965e-06 1.8046131442392899e-06 3.666822865783235e-06 7.690673714630646e-06 1.6989529011361354e-05 3.9400019076523465e-05 9.343177292919749e-05 0.00021402945360589766 0.00046342912040951614 0.0009502993650346378 0.001849709971191035 0.0034273963308583226 0.006032325972994664 0.00997440561851919 0.013342363992279374 0.010871160191850048 0.008310333051103156 0.005975471459321306 0.004036396283201869 0.00254697845013749 0.001500360538024826 0.0008671385357619676 0.0005041204685027477 0.0003085687584565236 0.00020839251088864672 0.00015936416865315215 0.00013851059379394842 0.00013533819577698703 0.00014611205449614046 0.00017113237479943658 0.00021381256276918598 0.0002807692176993654 0.00038266783439130166 0.0005354352753405341
0.00032201345875010546 0.00015424708465497524 7.126628947179779e-05 3.2619544336553677e-05 1.511681717641432e-05 7.266370195190666e-06 3.878127640760191e-06 2.9907768322856577e-06 4.26764371447576e-06 8.07831822584839e-06 1.7195721798188785e-05 3.925634519087028e-05 9.302589315130447e-05 0.00021956316078163764 0.0004915535141636216 0.0010434782132053297 0.0021018089874874288 0.00401236483827428 0.007144496722551347 0.011558760579304474 0.015177648428094744 0.015001725668502792 0.012988169884904359 0.010489785168240005 0.007996092985665702 0.00573697727710806 0.0038368146439987385 0.002419437490990125 0.0014397120290854982 0.0008710981240786792 0.0005716693519868914 0.0004183116267513354 0.0003431029089009092 0.00031330467757025607 0.00031448562488484665 0.00034190624801705503 0.0003967395003541045 0.00048488484936253114 0.0006201442340526963 0.0008175959328158787
0.0003168627876605714 0.00015430598221414602 7.318036845105968e-05 3.532948625786004e-05 1.7753346924546458e-05 9.665598261587683e-06 6.188647001290967e-06 5.324503964486376e-06 6.586174285800331e-06 1.0715746434884458e-05 2.074525284887452e-05 4.458548039618272e-05 0.00010134173329203795 0.00023706554959083807 0.000536534418811599 0.001153848180569027 0.0023495085971567127 0.004464404269225968 0.007767133742401572 0.012032989135491085 0.015923217934098694 0.01785068416613738 0.01772972406782909 0.01625368764072002 0.01400786897636092 0.011454587027027062 0.008950182788425293 0.006299543274206839 0.003649484660759204 0.0021466846638899134 0.001377233311194968 0.0009784358234662318 0.0007706960221331911 0.0006691395864991335 0.0006340202256471934 0.000647820596202561 0.0007056420187743253 0.0008137831313506882 0.0009841952272281696 0.001226243032485999
0.00033208754675734015 0.00016695269694781646 8.330015753564634e-05 4.3168672563276804e-05 2.377571331914354e-05 1.4503569231423643e-05 1.0413069186453375e-05 9.400677597837772e-06 1.0956966001711717e-05 1.6045101277168092e-05 2.820731402716189e-05 5.606710611846326e-05 0.00011973971113906558 0.0002679405857060756 0.0005992867391681774 0.0012837393074833035 0.0025890290025100526 0.004820837690418302 0.008160646585094807 0.012303806495898397 0.016292444432456085 0.019450640486482325 0.02164363421208517 0.022168700638801237 0.021093719823638328 0.018931421261731855 0.01657949233064642 0.013173133514095395 0.007402261438960114 0.004397603367005998 0.002838088351858211 0.002001989609182957 0.0015440725787439274 0.0012967836461281713 0.0011773419569300904 0.0011479648915994553 0.0011937366797732023 0.0013118194426473444 0.0015099372500084797 0.0017840861163972352
0.0003661509755876665 0.00019321022423774892 0.00010282627691294191 5.733466997492759e-05 3.435872647505219e-05 2.2906834893336405e-05 1.7700959684462452e-05 1.6436497880470636e-05 1.8582958287407545e-05 2.537748386574964e-05 4.1176920837480865e-05 7.564780868900034e-05 0.00015060499801835902 0.00031668722433094164 0.0006854882109498971 0.0014345054450570073 0.0028183853818182997 0.0051271663831552496 0.0084894803805121 0.01258931583307805 0.016516919885977553 0.019992657436340773 0.024377491864275604 0.026959370194566436 0.027210136108072405 0.025231493450661155 0.021862063787430507 0.01698216868328195 0.011355504690437036 0.007353094684604444 0.0049535479148782365 0.0035535276473698846 0.0027341701084902005 0.002259878971481045 0.0020038190642556273 0.0018961541938144447 0.001902196073140212 0.002008341748637306 0.0022148173776009696 0.002490226582034912
0.0004218741795250358 0.00023673892050240372 0.00013469041569945912 8.043261264147637e-05 5.1809238074957045e-05 3.6977816606202406e-05 3.0067618695082286e-05 2.8464970803512036e-05 3.1616461154539363e-05 4.111996647682116e-05 6.253471815473674e-05 0.00010681524000416572 0.00019822788008905143 0.0003902049098512228 0.0007946961396442738 0.0016052792647755292 0.00305736696704229 0.00541399089925268 0.008802127743845735 0.013000868797134892 0.017413570850960944 0.021882228477148855 0.026577439422438516 0.02990388428652744 0.030782482849767173 0.02870203125158173 0.02487971485960753 0.019904470798905588 0.01464970562369025 0.010371845761081643 0.007409989607390993 0.005499828311024949 0.0043000887704963894 0.0035610027400794584 0.003125167360228807 0.0028993885303189226 0.002831308295745864 0.002894370327964472 0.003074472825472533 0.003302174022344414
0.0005070092150461513 0.000302751452436255 0.00018404609030683552 0.0001168979229159694 7.999983439476406e-05 6.022704222827679e-05 5.0858362380752094e-05 4.8859720977123104e-05 5.367002462350959e-05 6.734041109986864e-05 9.696386126627752e-05 0.00015517158800061303 0.00026936286949644353 0.000493783896132273 0.0009334602964334651 0.0017842075018589631 0.003297425331243744 0.005697911543804094 0.009117714375985082 0.013433183759666139 0.01826936712700988 0.023249214756778772 0.027864895259616215 0.031027354308278996 0.03162712126553835 0.029419256357418957 0.025950667969237742 0.021578587268852017 0.016964107579784872 0.012908455387098951 0.009791755466896312 0.0075795839277743955 0.006076222054318109 0.005084411142512587 0.004454501613946752 0.004085401490049729 0.003913235660635063 0.0039001570444975723 0.004004194947641276 0.00412463413300629
0.000629589401473384 0.0003993749648652195 0.00025851785667876015 0.00017384375642736603 0.00012518757646245792 9.837934040174112e-05 8.557131205367146e-05 8.31979865381e-05 9.073847518109818e-05 0.00011081799513130179 0.00015195683315228384 0.00022903142452851305 0.0003706415701071716 0.000631131407159961 0.0011092178682374134 0.001975625141043605 0.0035014378609426484 0.0059135933329881665 0.009317697622178257 0.013638666729058765 0.0185535481968057 0.02354020480764327 0.027856376111564617 0.03051627050307332 0.030610232294273086 0.028558885260498785 0.025595397023021747 0.021973776866094773 0.018152786947636054 0.01462345289689598 0.01168239957016989 0.009416720798598217 0.007759914802736233 0.006592477801381439 0.005799659253880292 0.005291040095580245 0.005001937174039662 0.00488875743691385 0.004858117642561055 0.004817691716319606
0.0008012478066560271 0.0005384137759118805 0.0003694735466916226 0.00026248096272898165 0.0001973733260200077 0.0001607077604334587 0.00014320801340941334 0.0001406749028573191 0.0001527337776037991 0.00018239779312077768 0.00023780086637443783 0.0003367059603116567 0.0005092438222695176 0.0008085739472826921 0.0013248050864431136 0.0022028775397219583 0.0036592580318637997 0.005978027406014027 0.009260049175135003 0.013394943169136558 0.0180602882360182 0.022676847823646082 0.026447684743471075 0.028482892934647546 0.02819277530992403 0.02665839520693465 0.024346269104552256 0.021473176358068245 0.01837407776626385 0.015398022583620595 0.012794252833211596 0.010670368870142402 0.009023693850254809 0.00779524402435096 0.006910833752580118 0.006302498273833006 0.005916186580557776 0.005698972548532509 0.005515893574951542 0.005321369249146176
0.0010379259977577086 0.000736406115464228 0.0005334099585864353 0.0003994116759581443 0.0003124886442311847 0.00026219296707777345 0.00023837049337919162 0.00023577251636423374 0.000253977710572113 0.0002948451071081395 0.00036590356966220667 0.0004889597127406967 0.0006943014124806083 0.00103195933089732 0.0015811638411984577 0.002460156078483502 0.0038315396921987516 0.005893771811283415 0.008844882163977325 0.012594735394391487 0.016742023440076966 0.02071465998133903 0.023766860765628568 0.025153478883480653 0.024932923176211548 0.023960338274026705 0.022323881035560243 0.020192197218742797 0.017806280423893348 0.015418265918383744 0.0132273002838249 0.011347818815970785 0.009816372926735317 0.008618322255983293 0.007714780925316871 0.007061076221645093 0.006616480412670737 0.006279931349016308 0.005945095212132808 0.0055964593602408986
0.0013561583744446401 0.001012859069980907 0.0007710566207233044 0.0006049253029889902 0.0004926384237943372 0.00042268667908905926 0.0003891001164376244 0.00038567681977986476 0.0004108627677774833 0.0004638374020241677 0.0005517396203379645 0.0006985526511743748 0.0009349575327419464 0.0013055740332822848 0.001876412420712639 0.0027383265889714733 0.004004606463964948 0.0057962008662888215 0.008207715061827192 0.011251274330888373 0.014689911418536854 0.017864859949380533 0.020136374163598265 0.021046029555805115 0.021189466905243745 0.020725717739163665 0.019706521383187257 0.018251534652432545 0.016529592414841376 0.014722026650030933 0.012984196576970312 0.011422168716048833 0.01008996612090265 0.009000932199290436 0.008143367710468452 0.007493873370720348 0.0070038597056555725 0.006536945021096023 0.006064828277319916 0.005585544770362928
0.0017491045781296934 0.001369299649097287 0.0010913140602051852 0.0008928799111370725 0.0007558836685184492 0.0006643600272796843 0.0006181380611099604 0.000613474018469914 0.0006432121253856438 0.000707890764852966 0.0008134050996772218 0.0009788863733936153 0.0012390906194083638 0.001630855630493297 0.002204962590929082 0.0030250726317791656 0.004160827407410967 0.005671352224428751 0.007576563864414019 0.009818151118729568 0.012220239505025522 0.014469404507148518 0.016012351655753165 0.016883515833726177 0.01729769025898974 0.017234537299700075 0.016722271943614885 0.01583773202367031 0.014693946579294574 0.01341786245935691 0.012126412732248933 0.010909629274740875 0.009824751121254987 0.008899536036397263 0.008140185390030752 0.007536255140530526 0.006976473426659336 0.006411426406756898 0.005838347348570196 0.005303685110181452
0.002238955843002618 0.0018075156274318365 0.0015014450576661615 0.0012771309669858983 0.0011196437034432293 0.0010143860260608496 0.0009548573419901469 0.0009423978129754895 0.0009721266919668913 0.0010450675625426264 0.0011654528329711252 0.0013423829260552154 0.001611615784104298 0.002005006282264166 0.0025568359330308513 0.0033051078091540335 0.004282959831821528 0.005503848884498586 0.00694078996317518 0.008503832172201613 0.010025296144782158 0.01126671110321605 0.012193735315534986 0.012991751469569298 0.01355132246000181 0.013758482414656246 0.013618914070627063 0.013175576290133778 0.012499041450526289 0.011674054555916158 0.010784473139936048 0.009901271836017404 0.009076317319562821 0.008341821708199464 0.007713531882917732 0.007128570444822441 0.006525368335414918 0.0059441761848978035 0.005425917596478864 0.005002811235872884
0.0028341224830214047 0.0023457804629967807 0.002000560742010568 0.001763624323432045 0.0015958108255155585 0.0014884118526117785 0.0014222786174513586 0.0013931203372808852 0.0014149401083638742 0.001488263708214416 0.0016145879796791347 0.0017971694701276778 0.002052495365752221 0.002419717565646664 0.002917372226959811 0.0035608000715594158 0.004354977154656196 0.005283342859831276 0.006295355572609464 0.007297157304998355 0.008152231655018863 0.008818616377292164 0.009436508642737746 0.009968342808735741 0.010370123457203811 0.010604092241405894 0.010646559993438559 0.010494018241900193 0.01016332933734885 0.00969144132948369 0.009134053898975371 0.008543208528501425 0.007961263882536233 0.007427468683881734 0.006927724261231246 0.006420981920349528 0.005929389430492591 0.005469378270928731 0.005066243622616766 0.004744350916578721
0.0035215744816291658 0.0029817327061094348 0.002594857630292082 0.002343176384833945 0.002183614478870559 0.002076409455115617 0.0020082610457933863 0.0019741637862481314 0.001978369691870042 0.002038736600667701 0.002155855218746728 0.0023284760102836003 0.0025547295714488582 0.002860293391400634 0.0032675289317389876 0.003773296482267563 0.0043631872965642325 0.00500453744674177 0.005640976321338444 0.006191818622081129 0.006647565194149008 0.007097108882875253 0.007517559167806977 0.007881877115702809 0.008163582531372544 0.008340613903928184 0.008399397444882762 0.008337936227253148 0.00816683793485069 0.007907848104260587 0.007590363603643493 0.0072470959135196005 0.006910200951078105 0.006566931062806015 0.006191016866866706 0.00580381299677876 0.005423221344637807 0.005066950620745171 0.004768217464644187 0.004535680470523308
0.004264804186144486 0.0036872454889869564 0.0032689695411777836 0.002995501895558619 0.0028364084576715243 0.002731619871349976 0.002669474756944846 0.002640457579745703 0.002643145249355803 0.002679009818721294 0.0027657635236686515 0.0029043675106220973 0.0030872150645837124 0.0033054940584624245 0.003584924800847382 0.003924136105679431 0.00429751885903335 0.004667351341831141 0.004983886774297245 0.005279323919862962 0.005588732912557745 0.00589737719460837 0.006188753733223638 0.0064456107933267065 0.006651631062843621 0.006793582361772608 0.006863500831139322 0.006860334117083231 0.006790547171633881 0.00666749427090313 0.006509769952350854 0.006337879732474573 0.006127602015640621 0.005872853161518287 0.005590447107682769 0.005296329371236394 0.005004816499870483 0.00474541623103856 0.004536076766866 0.004382833414147422
0.004998893381573416 0.0044067542705830505 0.003961340985295974 0.0036498120745248283 0.003467915011695683 0.0033785343903701124 0.003325816580280344 0.0033084870009962115 0.003315572184417358 0.003346125382611904 0.0033982017990752105 0.003475850042403066 0.0035862810022038584 0.003714804975856735 0.003845673895151143 0.003997217796010544 0.004152760435490422 0.004294200924244419 0.004463483529214978 0.004657413486843306 0.004866052651005628 0.005078649599132509 0.005283858667636391 0.00547035649276593 0.005627823389191243 0.005748157206203655 0.005826685584033393 0.0058630934823481065 0.005861830354614442 0.005831907222359215 0.005774607084331083 0.005665488059911015 0.005510986613597572 0.005322191089247203 0.005111180197567469 0.0048898491550638835 0.004679987297482816 0.004505148493336696 0.004373246021348751 0.004291615013702368
0.005616871297732115 0.005008860368979125 0.004535633371406816 0.004197177332494918 0.003991849220999979 0.003911936047129095 0.0038757378887111444 0.0038657325738439448 0.0038785860095667643 0.003901587601092562 0.003931736543124954 0.003963911517668786 0.003990206100680456 0.004007682869150744 0.004010856978879201 0.0039888037085462425 0.0040012910781348 0.004058260093554275 0.004150100236296857 0.004268054090651722 0.004403680747585057 0.0045486251035174955 0.004694674414558744 0.004834084511213406 0.004960131815579423 0.00506780361441268 0.005154497607158623 0.005220587285537234 0.00526459408914775 0.005267577096047343 0.00522759343001399 0.005148011231613011 0.005034834546606906 0.004895905913555375 0.004740031533598138 0.00458348510203459 0.004449399591079846 0.004346737041449087 0.0042837162585338566 0.0042675007277830955
