_RESULTS/CROSS_VALIDATION_POSTPROCESSED_80-20/MHZ/GZ/4comp/3/MHZ_GZ_z_0_kriged_reverse_4comp_spherical_3.asc
ncols 100
nrows 74
xllcorner 5.5967023332191781
yllcorner 50.982320383219182
cellsize 0.00019249356164376555
nodata_value 1.7014100000000001E+038
[rows 18 to 35 of 74, columns 41 to 81 of 100]
0.008849569454714611 0.007310239896382759 0.00633836387528517 0.0058291167203479025 0.0057497038609955215 0.006115614215409186 0.006540162973816047 0.006939647847892898 0.007395742696327046 0.007887934169403041 0.008311730918070354 0.008610066273794985 0.008620521416764131 0.007945147994371652 0.006219228069061285 0.003940156664659231 0.0021779144149532822 0.001179151604880889 0.0006777178133125088 0.0004344536758544192 0.0003226209108527534 0.0002773936560059882 0.0002713692363894452 0.00031141303065431884 0.00041597850950591875 0.000628014225562002 0.0010379150319237832 0.0018368725215394404 0.0034157027718245787 0.006560990160024206 0.012682368934227941 0.023019432611121885 0.03798816425138166 0.055140979288689294 0.06768729508637095 0.07375094340661605 0.0750997243910274 0.07267743330252809 0.06721746651145617 0.05956214840565929 0.05090634133967185
0.011722904263949771 0.01049753383719863 0.009841245753167447 0.00974520391322101 0.010284315408425199 0.011361066297313378 0.012126914399893433 0.012553549089617267 0.012691093515700703 0.012349910153668672 0.011431287994830362 0.009985965960555617 0.008109992159169131 0.005967716111389024 0.0038316414042412054 0.0021285253172545317 0.0010726268076018913 0.0005315256136133395 0.00028111980989734323 0.00016950076785821603 0.00012243617387491728 0.00010621758302593106 0.00011204843144874249 0.00014179808886133675 0.00020954706505976544 0.00035051053845230705 0.0006347068164587811 0.0012176048663245238 0.002433091162867454 0.004991512647666965 0.010163715876929134 0.0192202652122031 0.032868429355630335 0.04945990392288327 0.06365327752453304 0.07195670839070242 0.07727151299125108 0.07878108745877858 0.07576454169081402 0.0684605558857336 0.058706207587279575
0.015024775061872934 0.014499045326099415 0.014593687276358078 0.015435817243393253 0.017255399140841742 0.019423538138261767 0.020657649155686346 0.020895281996397883 0.020075629312149103 0.01790576644424693 0.014657601013627784 0.010922964562712028 0.007350378938974089 0.004426629818521366 0.002372524232226662 0.0011336174555960964 0.0005007477919663801 0.0002189623810067903 0.0001035442476969578 5.834773344211991e-05 4.193936691232452e-05 3.949211368792299e-05 4.749975823812554e-05 6.829709253674633e-05 0.00011333449185125007 0.00021031497067097572 0.00041599093061410344 0.0008572772254250938 0.0018136505514259758 0.003891134863348067 0.008138384063767667 0.01578348009490749 0.027834378296047273 0.0433725841211051 0.05843281559522211 0.06889480712314502 0.07771314732872653 0.08380329003394704 0.08435015214188327 0.07751960117945873 0.06613756124346264
0.018452244704123672 0.019065569057687335 0.020434406041208605 0.022831900121394362 0.026708529883474892 0.030433215789150554 0.032344662350561854 0.032183608961615956 0.029608824513218914 0.02451480871468421 0.017994262561627342 0.011622509897829614 0.0066187321998182665 0.003341858571665939 0.0015077781913442924 0.000616664891708242 0.00023362486214400981 8.742895187107728e-05 3.597256007821303e-05 1.8666663960584515e-05 1.4026989001665478e-05 1.545573500881892e-05 2.2057401778642578e-05 3.6821586200093924e-05 6.901715738141638e-05 0.00014128496785636822 0.00030292803784887686 0.00066434953000488 0.0014732855289254704 0.0032668517598779213 0.006879662763436829 0.013350372894194018 0.02356234192604764 0.03734361977305982 0.052166462065717095 0.06400803716917271 0.07581040636433818 0.08784123709591893 0.09534975809195315 0.08856377987496665 0.07393061252714711
0.021488099522989933 0.02354715117288617 0.026589763128468908 0.03108252999417284 0.03765101079856462 0.04345683311609689 0.04636766405637023 0.045809570068835355 0.04092209950534414 0.03212917567327672 0.021538696284826336 0.012235114024872496 0.00600450223389012 0.00260150152095872 0.0010097477859376837 0.00035638391642058633 0.00011795333297124144 3.782577811551916e-05 1.2781174601359567e-05 5.8200050153505355e-06 4.911731419228352e-06 6.893512035398526e-06 1.2133051551504487e-05 2.3629199215256362e-05 4.953557981074684e-05 0.000110092248096256 0.0002518106308530753 0.0005788075250272533 0.00132670940923597 0.0029787544308558247 0.006223887635646996 0.011925474391560555 0.020740445617117673 0.03243036653554936 0.045619501527152405 0.05817991698457364 0.07190159056274027 0.08856848458217433 0.10844873602190666 0.09759192333150413 0.07945060002494736
0.024061624369878284 0.026901776817226296 0.031709380385147486 0.03841330184929378 0.04775720228689832 0.05583397991924526 0.05999770695443843 0.059111546377802 0.05237551473371736 0.040385806104947276 0.02533012777315414 0.012738340818735164 0.005472819119712147 0.002092684356806963 0.0007242652447820593 0.0002336193740830246 7.099802282536034e-05 2.0377475293796614e-05 5.776998140553341e-06 1.9041974327804707e-06 2.087838566109476e-06 4.14839513090798e-06 8.83658867267134e-06 1.934595443221069e-05 4.38361673213521e-05 0.00010276929940975218 0.00024461385066695547 0.0005771735883157097 0.0013429404458218245 0.0029707949026297094 0.006057273745000838 0.011285059127363843 0.01909301018773271 0.029445535688098868 0.0411559354791702 0.05227318652062837 0.06521894951772263 0.08048915404362968 0.09334292555537797 0.0911180268639913 0.07928313495017329
0.027522159613557886 0.029818906997177107 0.03461606380165761 0.042738376035095116 0.05408115566191699 0.06388699493540109 0.06884215161413769 0.06733727788887948 0.05983241328174978 0.047591116502984324 0.02888704102698593 0.01263019068947455 0.004882748285493152 0.0017206565197352896 0.0005693316056583891 0.00017999333488653456 5.539865042925353e-05 1.6737250949544913e-05 5.062534602233276e-06 1.8271417426688556e-06 2.078430608867236e-06 4.272826863572151e-06 9.424527224205428e-06 2.1282625152628415e-05 4.933620022078953e-05 0.00011743527430982278 0.00028209934026272545 0.0006667659300528509 0.001527787218434374 0.0032512786105382244 0.006354983500067903 0.011373186617069111 0.0187662059512577 0.028269651110295953 0.03857560511808 0.04770618864888783 0.057688232213628406 0.0696102212534348 0.07887553612226295 0.08067204941939553 0.07551947153938834
0.03217510379415851 0.034166112324298566 0.03768773023452898 0.04475315703390542 0.055492878056812085 0.06493669245059833 0.06868999363387553 0.06575003413392545 0.0570590620483836 0.044493571920373114 0.026266005806621754 0.0109587471473648 0.004114040812352581 0.0014610167628449247 0.0005054056324126672 0.00017220446249041851 5.9034894786376847e-05 2.1096866390537136e-05 8.424748243938184e-06 4.635871813896392e-06 4.633628164060996e-06 7.473328127501896e-06 1.4743876964210374e-05 3.1592027188828004e-05 7.096585944275951e-05 0.0001651049262889155 0.00038822086868598913 0.0008948027807139322 0.0019434362798611477 0.0039008372712474254 0.007215960038357765 0.012432229355333283 0.019775406319857046 0.028703921191250946 0.03769543933843143 0.044844410300237635 0.052274036353797834 0.06091353028257034 0.06900049356124231 0.07280187144488744 0.07165358058486705
0.038192712586955106 0.03978535029296287 0.042388003995551087 0.047117792958705856 0.05592185174970978 0.06294956181969012 0.06363696790163474 0.057957394859508696 0.04725550367307288 0.03344511065102269 0.019127164529213567 0.008759971789018037 0.0035335392767076486 0.0013673399579616963 0.0005217129622582723 0.00020066527634840934 8.020644283954783e-05 3.509169646630438e-05 1.8074166005174606e-05 1.2357874238051594e-05 1.238660557384365e-05 1.7519172436730266e-05 3.07860289879635e-05 6.062076007968421e-05 0.00012776455240058108 0.000282567581237674 0.0006339656806112488 0.0013674758121563148 0.002754742166487114 0.005142158851261431 0.00901040952138831 0.0147550859493568 0.02233119359394869 0.03087003282820524 0.038605819521188 0.043983109476356634 0.04963252123779228 0.05613029649317416 0.06298177162282972 0.06798133595545257 0.06925216176907233
0.04569104720719349 0.04679362720995272 0.04847507226697523 0.05094410799624401 0.05556713213337446 0.059705050624079214 0.05758699866598687 0.04991127488276195 0.03853783930367107 0.025944817796622766 0.01484911111109223 0.007255398275441123 0.0032496482103305637 0.0014075962306454792 0.0006081775659653748 0.0002700015433666537 0.00012768120292727447 6.757220943831532e-05 4.2397553903490275e-05 3.355059545827535e-05 3.500146743427761e-05 4.730642811860283e-05 7.745897415088592e-05 0.00014270124835168157 0.0002808628603183928 0.0005827235052206443 0.001207267758222878 0.002368623432796661 0.004340081804247968 0.007488030413786763 0.01224443395188424 0.01879397334024556 0.026751872048937638 0.0348885150317272 0.041236593039017 0.04506847252887527 0.04951630134063876 0.05476674750728009 0.060555195133425645 0.06629534470968118 0.0692620276004152
0.05450081199453753 0.05533382740155078 0.055711775727189036 0.05494816955401876 0.05481712554302763 0.055578935016786964 0.051645209982246705 0.043368467209470414 0.03263323256748492 0.02172975375843664 0.012693300420923861 0.006631328042341955 0.003289112245597185 0.0015979148070063237 0.0007841456363059671 0.0004017029269175734 0.00022310417384390873 0.00013993994072689856 0.0001031520706127147 9.232888522568697e-05 0.00010241844182029826 0.000138920903221219 0.00022094206431329404 0.0003906782045464768 0.000732726452892948 0.0014035067296539637 0.0026154717270709463 0.004601777239032209 0.007597878741444372 0.011987644652614168 0.01797834007804525 0.025416991483155744 0.033564407923461985 0.04096045624557701 0.04551897757775643 0.048095470877071285 0.05173517173887737 0.0563107167683814 0.06163904037510859 0.06760389951173389 0.0721464880182412
0.06345783127304105 0.06467399182679462 0.063281052956535 0.05718848338442359 0.052922017688629266 0.0516917201676761 0.04741729259206834 0.03941802906796349 0.029596952093394916 0.01994904839426024 0.012056512643575048 0.006798109393443941 0.003720820378244777 0.0020223499758659407 0.0011219508699641032 0.000655290265446549 0.00041735577342396507 0.00030218730562180985 0.000256376138670025 0.0002567118569348422 0.00030576802544776774 0.00042817096675976227 0.0006830235174919261 0.001189106447074249 0.002128741105576094 0.003750707584199118 0.006268512518006918 0.009781641493978628 0.01449330741073422 0.020625247969730538 0.028032236075006434 0.036134331476388 0.043794704440432146 0.04939924485075424 0.051408996336008 0.05313397484952281 0.05625884757931998 0.06061348346483569 0.06602296976356711 0.07232457194279146 0.07847779425338688
0.06827593957960947 0.06916021786755988 0.06818064934897643 0.05586538027055675 0.049230754061303665 0.046613239631553734 0.0441215235741573 0.03748596021067688 0.028663430194804117 0.019895752031405655 0.012625914008152618 0.007708406256261301 0.004638352920708836 0.0028043575090368343 0.0017453422053049865 0.0011516860851239065 0.0008346212030610263 0.0006844026218859937 0.0006486250508646927 0.0007128019964494364 0.0009158117200701234 0.0013490896554724525 0.0021958387112595563 0.0037745842824822816 0.0065079002907824715 0.01065770591030399 0.016021744852450052 0.022176900022265553 0.029226127375201295 0.037066794134373575 0.045220666071673646 0.05276067966049299 0.05837035786148725 0.06059909300998821 0.059696323538701475 0.06031520054804139 0.06316534605060704 0.06776745884085798 0.0739020967417715 0.0812970076988864 0.08927836197139287
0.06460829462349034 0.060859821398483 0.056275984657857 0.049013030234173464 0.043497566606105556 0.04082468192088187 0.03993647427019962 0.03591461532713509 0.0290787653582501 0.02130413062264854 0.014405296373375235 0.009523117882007905 0.006272267168525129 0.004186511526561495 0.0028993331232260557 0.002148495141698423 0.0017469929003930706 0.0015973143577848697 0.0016673105805769068 0.0019805138891334562 0.0026794558339832616 0.004103442785018463 0.006865765684809946 0.011939922544836432 0.020293181162614356 0.031196105435413412 0.0419458399111262 0.05115028772048738 0.0595627421560555 0.06709630974771086 0.07323947252175615 0.07709638676319272 0.07764323350333564 0.07412471170801745 0.0708257228963413 0.07018191191483676 0.07256932959340646 0.07795223960530029 0.08564145267886718 0.0950800010148337 0.10521226741230642
0.050448252639059124 0.04488943901682188 0.04073775894595073 0.03718390817013733 0.03486087439044553 0.03427170379920335 0.03505679946172137 0.03407593672825254 0.029701829519638793 0.0234321910121989 0.017214716812538666 0.012424461332985484 0.008960912373805982 0.0065786509624605775 0.005049825960642552 0.0041437284379756256 0.0037121725457218892 0.003703221805869472 0.004147376385300896 0.005192316529074839 0.0072852960871202105 0.011483077583192421 0.01998043819102956 0.03613700927941181 0.06214791272690433 0.09029698933183206 0.10708545225422764 0.11280564420744839 0.11465289019011596 0.11450938390757003 0.11239108443679847 0.10758917916568717 0.09936306184323467 0.08978962903396413 0.0842408436147782 0.08233517305227667 0.08408505869629336 0.09003128497964122 0.09995426431405172 0.11275932790965233 0.12666413024366713
0.03330948858790788 0.0286868578867573 0.02610222270564936 0.024954064616854805 0.02507895908971148 0.02658127297038247 0.02944645491655376 0.03191466666518624 0.03140172307112206 0.026982433108939424 0.02150070398978409 0.016783070220641766 0.013037925448757209 0.01036042536805488 0.00863580850722749 0.007716480919337221 0.0074834401238542125 0.008000195017515232 0.009453613534920333 0.01232562631340284 0.017823892741845215 0.02868421198266516 0.05092933265694241 0.09694230640269719 0.17713648338985774 0.24783545000576176 0.24700840126982818 0.22175682945315311 0.19678296085363878 0.1753621132449789 0.1557891865330584 0.1363731776927425 0.11711314337751585 0.10417156612730284 0.09697294400517917 0.09430066212000615 0.0956708849293305 0.10216614904721097 0.11478193032088757 0.13311078063852405 0.15456933195604008
0.019167671646698307 0.0165658002860887 0.015564050979267004 0.015719543006200917 0.016976197151073496 0.019541267269888273 0.023682155169404535 0.028186183770978625 0.03172689391899162 0.031636587347315136 0.027927625013269456 0.023446152035757957 0.019520227874133152 0.01656094020623206 0.01461705438004338 0.01372017966558812 0.014001625314351732 0.015780475595176563 0.019366464642692163 0.02586590959985019 0.03775226018551791 0.060554272753284864 0.10682854935830201 0.20351984872670892 0.405181945914871 0.5746330067920661 0.4487119262776211 0.35533191287346855 0.2861085043119746 0.2325042348575489 0.1897185303425702 0.15385720439310754 0.1292262658117719 0.11413057203792042 0.10579122216252312 0.10281051904126719 0.10473015656047226 0.11199493665782645 0.12677306039910094 0.15176486132145023 0.18658537784857138
0.010108741729990971 0.008955526685243949 0.008784128155239946 0.009428573294138463 0.010984898658330137 0.013830648790401091 0.01853701128526041 0.024468224634996108 0.0305014569044509 0.03500853034105711 0.03589129434242399 0.03339045828598015 0.029586564600940887 0.026453741201828848 0.024365889204315875 0.023631304742756678 0.024658211081621327 0.028144750525777442 0.03500629988240238 0.04676534334994162 0.06742722338279332 0.1050530954000076 0.1752867404974987 0.3032231658694547 0.5086886687542493 0.6413402081203918 0.5554737396145226 0.4360824616132649 0.3376398757508069 0.2602397295971197 0.1995208929195521 0.1588712430945631 0.13329447181319717 0.11756063930678433 0.10878308756367104 0.10558361015588272 0.10764965366517124 0.11557203667420458 0.13125588003657143 0.15911402051091972 0.20584899011571817
