_RESULTS/CROSS_VALIDATION_POSTPROCESSED_CLR/MHZ/IZ/8comp/1/MHZ_IZ_z_63_kriged_reverse_8comp_spherical_1.asc
ncols 100
nrows 81
xllcorner 5.5967107548124995
yllcorner 50.982328804812504
cellsize 0.00017565037499993607
nodata_value 1.7014100000000001E+038
[rows 38 to 56 of 81, columns 42 to 83 of 100]
-0.7388429897293962 -0.8838350273051491 -1.0044885747802725 -1.1047927936658404 -1.187033802167286 -1.2629432623053396 -1.3268819563005296 -1.361313128682951 -1.3537970711617917 -1.2934524629286965 -1.1796337230153964 -1.023776363958935 -0.8338698464131418 -0.6222427337326224 -0.400336506496508 -0.1720849208539013 0.04926772598979268 0.24928496375918963 0.42461256552348914 0.5713855138754526 0.684576591703112 0.7580127521508532 0.7862233345946824 0.7789168032084105 0.7535725712517855 0.7209637003930561 0.6867262905168025 0.6624039783994699 0.6476298097683638 0.6408840006605082 0.6422919734645588 0.6216502576370945 0.5939894092519161 0.5837963797694629 0.593056065035794 0.618911737322081 0.6569464962064099 0.7020285043684954 0.7504455304743173 0.7832906250636801 0.7830669560321607 0.7605118360012836
-0.6711522912770456 -0.8343540039381399 -0.9851338396273112 -1.1169288482676838 -1.224999701172369 -1.319790524802029 -1.4071639281767916 -1.471411152175453 -1.4934996363884692 -1.443662873895915 -1.3157308226568396 -1.1392457929524689 -0.9315035147163518 -0.7054868966326014 -0.4687999838273006 -0.22857802457828957 -0.0012981071870534766 0.20251375607137978 0.379782368120109 0.527920715167503 0.6442659527595501 0.7238278907239676 0.7635167202541543 0.7750992630601318 0.7650883229887034 0.7494459332044999 0.7296650844818161 0.7120479559276972 0.6981660924314775 0.6866546652275521 0.6796253607788364 0.6705439385757298 0.6631270059179598 0.6684259568826793 0.689134097329222 0.722207286756268 0.7627679391771564 0.804801242132915 0.8432473546155742 0.8713328058485287 0.8728268049771067 0.8507014653376633
-0.5992649846650554 -0.7875825668776354 -0.9663694689723956 -1.1265013211610984 -1.2633543663170856 -1.3765208614995785 -1.4836469926883673 -1.5807794556009234 -1.6471116703047723 -1.6136353514537904 -1.4515273026127558 -1.2507941007075216 -1.0282450827121192 -0.7924393532287557 -0.5493116955203216 -0.3050092282017378 -0.07574660346880957 0.13443726094798603 0.319992068821914 0.47698931244891274 0.6014803452042022 0.6905909600272299 0.7488874820211032 0.7804520075728653 0.7927941768187386 0.7915132665143799 0.7819890477046215 0.7629791823243318 0.7284826892563186 0.6940073365988656 0.675968147473489 0.6739863190724736 0.68271159286827 0.7054258123475329 0.7414045950097387 0.7887992388692743 0.8427430605462315 0.895293971258654 0.9381365651313015 0.9648973756861484 0.9637994043358634 0.935489643201907
-0.5330912822876078 -0.7454049203353343 -0.9490065236517347 -1.1335219640494976 -1.2941847147840693 -1.4273493644367454 -1.544916885032927 -1.6548823486255397 -1.7431814078165186 -1.7248063786129157 -1.5460841803033616 -1.3401778019622004 -1.114243823019887 -0.8756483640386433 -0.6307190434831208 -0.38378985063725185 -0.14724879491007642 0.07295633845381522 0.2678094032160512 0.4325692708146648 0.5643419853154669 0.6678133743023521 0.7432454995012964 0.7893363789184275 0.8184861171650105 0.8348904906357023 0.8390803018389302 0.8293812754954925 0.7588830466817765 0.6794972411540664 0.6342454497207427 0.629833489498541 0.6541056495058472 0.69797980464305 0.7571831713900689 0.826087578454355 0.8986143469709903 0.9681417970397902 1.0261857584789822 1.0585873159826988 1.0572377564881377 1.0184171274632843
-0.47430296235956093 -0.7097946156601926 -0.9348108366491719 -1.138992722798421 -1.3176708073001067 -1.4660205083967037 -1.583178589503429 -1.6820828528832026 -1.740857097291605 -1.7114568156991932 -1.5855028328789276 -1.4028216808341702 -1.1866423273736002 -0.9478572895092654 -0.6912861455804735 -0.4369855336865631 -0.19656642848308326 0.025013803796017142 0.22381377965393112 0.39382814479139094 0.5339479584407191 0.6471847149749356 0.7309479597842258 0.7837583157717479 0.8189367365732539 0.8419463255023231 0.8525049401081858 0.8649269580627871 0.7407151049675548 0.6240434332307642 0.5548351461874094 0.5427408080657751 0.5806690330207581 0.6522586178009745 0.7430027330622996 0.8370150756969302 0.9309930465718735 1.0207383752699624 1.0971576164982637 1.1436338306214227 1.145591893419915 1.0899624869503337
-0.4241892241367655 -0.6802065846311951 -0.9214075786969684 -1.1407042172738344 -1.3335039564218252 -1.4919762083043393 -1.6081695814714516 -1.6925835909413252 -1.7348599974527374 -1.7089367108806002 -1.6112655360065822 -1.4536365730788527 -1.2433342613563245 -0.992772395391587 -0.7236447932346446 -0.46355692697968204 -0.2222683472283809 -0.002704513558998367 0.19250752657734904 0.3582833069693462 0.500321084209567 0.6172654542376942 0.7052242946248136 0.7609504169268567 0.7927187692718615 0.806401269845532 0.7946806473125393 0.7444102688114921 0.6400365867894987 0.5229596787910845 0.44360105626961055 0.43028047335535013 0.4826819147791094 0.5762719578771317 0.6947039159889784 0.8217394357412714 0.9398769866376692 1.0468299813204207 1.1373586495742325 1.207283063702918 1.2281663805377088 1.134870550668222
-0.3803214338341162 -0.6532154032032012 -0.9082507119216708 -1.141580921694391 -1.3460361532404532 -1.5129518373812942 -1.631941690202996 -1.7088014519392294 -1.7447144092523281 -1.7276904125985446 -1.648964036485967 -1.5008444184114842 -1.2826671933476017 -1.0163846568747505 -0.7312419279643726 -0.46497897139821004 -0.2269028693225026 -0.017590843230626874 0.16413373075310977 0.3240878892569786 0.4673269106458816 0.5864817087748798 0.6760822412006696 0.7315160120787486 0.7558019202445364 0.753502133545313 0.7177670798875989 0.6433395662230842 0.5297878458414839 0.4066970198706211 0.31225392036763855 0.30197825107453313 0.38265885653526843 0.5021215068809121 0.6362713573379389 0.7775234778854302 0.918609201822029 1.037497999571233 1.1292479773118829 1.1991014865075433 1.2205815304098109 1.111378458927153
-0.34601746306830244 -0.6311298689066488 -0.8991307916801077 -1.1444359809565667 -1.359339512889134 -1.5350159782745623 -1.6611579432449708 -1.7385002880449991 -1.77701344078995 -1.769731191741991 -1.7009151999273802 -1.5504915277393898 -1.3210686611797244 -1.031284879259183 -0.7186924356242538 -0.44468276967942055 -0.2245225395285585 -0.03483936669701271 0.13432057540892273 0.2919674134642988 0.43551800625823456 0.5573833117587249 0.649123905129788 0.7041257899808516 0.7232385415159724 0.706818092878375 0.6563239503320636 0.571912334607057 0.4506441460820668 0.31393786444337357 0.18331545976161756 0.17302753746402266 0.3089481922621474 0.45581908639180935 0.5997747803503409 0.7400563645104962 0.8744446304163357 0.9907437762248726 1.0730739346378928 1.114240688435462 1.0999973187369307 1.0169309836338436
-0.32160676552908773 -0.6169111861010691 -0.8956221316998414 -1.1510809452579134 -1.3757618238424674 -1.5611477457841765 -1.6975272647397817 -1.78296298146366 -1.8325518773719858 -1.8354984130160736 -1.7663565971467925 -1.6171844375559803 -1.37925430264559 -1.0619965979640482 -0.696196159098504 -0.4214241085743353 -0.23829241774984466 -0.06566216797751534 0.09960109134996886 0.26067019803018066 0.4085514776720771 0.5338271072570243 0.6282614908932286 0.6845929270404595 0.7012953225728423 0.6779261826089044 0.6215305110993291 0.536717728990857 0.4216207249363455 0.2913639187248299 0.1726638057098414 0.17163761784120213 0.3104564475363274 0.4585805036986045 0.5977342517376673 0.7234401790560526 0.832737224209246 0.9281483110362764 0.9939691295935175 1.015495063676744 0.9856127112026688 0.9103649184299677
-0.30854625193545104 -0.6116457036426116 -0.8982535343255269 -1.1619216002536499 -1.3955640280978798 -1.5912868557675006 -1.7402349479665808 -1.8401751135721458 -1.9079408322451137 -1.918273267072507 -1.8548932090720887 -1.7116589295604805 -1.4779911921154838 -1.1536341544422324 -0.7701702869446012 -0.4884355036260926 -0.30230998753918786 -0.1215015903341049 0.05630841324628166 0.23021038890252898 0.3888406454762179 0.5219566616746701 0.6208832531351792 0.6787194285222596 0.6940173745737009 0.6706457447792574 0.6158538313616245 0.5374160807512033 0.43997627470362743 0.33835269798094914 0.2742215013033533 0.2901694525831605 0.38797073174353414 0.513439368579076 0.6310373456452844 0.7273289198696665 0.8027996052151231 0.8626065384397558 0.9076736004305582 0.9164498320360909 0.8827586546076444 0.8088541586015005
-0.3079274672186459 -0.6145437231718384 -0.9051491241817478 -1.174106699007385 -1.4151411216033711 -1.621220873633435 -1.7846148934491421 -1.9047142473162944 -1.9902325909948977 -2.0149826644649687 -1.969058392000603 -1.8417150345546824 -1.622345435992775 -1.317485898357028 -0.9738665892956431 -0.6681458595502755 -0.41856195071518076 -0.19917807931158116 0.007780217398554723 0.20434103366263978 0.3804122661513246 0.5259935650504398 0.6324919918076434 0.6935707146744833 0.7074603581873194 0.6849871675318003 0.6360779325721945 0.5659280077209693 0.48654800336826154 0.4126201484914491 0.38049725587338723 0.41022763781148874 0.4964245122440375 0.6007488177828239 0.6905642363282419 0.7506883378092296 0.7858165756668106 0.8070775164141023 0.8224289543287809 0.8202168220148763 0.7843146021447255 0.7151111462954342
-0.3101596399081682 -0.6134305138729726 -0.902864122086602 -1.173306371259121 -1.4191534588981738 -1.6343748836166943 -1.8136880741578092 -1.9572246280400298 -2.0621145040518907 -2.1134133886518724 -2.1002253424071604 -2.0040133421874704 -1.8059905095601674 -1.5147504442079818 -1.1741127886299356 -0.8421971538038548 -0.5440854771123429 -0.27942304752378055 -0.03513388478466484 0.1904772606679579 0.38913321020503366 0.5509297530105975 0.6671531771900666 0.7319282819814997 0.7445753759383668 0.7225297048332856 0.6763371020151397 0.6144195726129341 0.5471976888566904 0.4908214162819914 0.4767879606866331 0.5180547923496911 0.6048957183650748 0.7035405362569801 0.7733051861287356 0.7909812087898328 0.777756303063435 0.7575377800001916 0.7404945341599475 0.7254740848411415 0.6883688072302093 0.6254175047880391
-0.3076581622362819 -0.6029442027321614 -0.886974724451753 -1.1550176664047485 -1.4021650772086804 -1.6243947506908323 -1.8168122822808983 -1.9780958607206136 -2.1028399550515178 -2.1859945241908525 -2.2197462432155026 -2.180225168999915 -2.0176964323302684 -1.7186442586641637 -1.352837743829924 -0.9859836501676098 -0.6477134120336696 -0.34264383533015175 -0.060199615438970566 0.19735768099171314 0.4215507250282766 0.6021152623022571 0.7290551720360802 0.7960852897107317 0.8079106097373959 0.7804369932795988 0.7298066423583703 0.6684503864761872 0.6084763762777193 0.5598513282676499 0.5498176866173771 0.5953489942306297 0.6893446637636608 0.8053396809616408 0.8742039863194032 0.8300264661346616 0.7613237958584337 0.7025909911316072 0.6587404864032517 0.6297986831685135 0.5939924427616533 0.5381205754694244
-0.2990917767542499 -0.5816499757796364 -0.8557086945426978 -1.1170477703504464 -1.3622013803648203 -1.5869170173707836 -1.7868018329573019 -1.9579949507459742 -2.097970802340428 -2.207349725937624 -2.2863470833894213 -2.3283336128992898 -2.236044476741406 -1.8819078547068702 -1.4839853308533197 -1.0904807330318511 -0.7216141501288498 -0.3808229627669029 -0.061807012334120004 0.22982476718905065 0.48261122614895113 0.6841944493541213 0.8223182649470994 0.8905216322375061 0.8967525320076292 0.8543942417280149 0.7872691157367403 0.7134277033801043 0.6464984725939001 0.5961245100480813 0.5841603591074752 0.6256020670123966 0.714494424718037 0.8402369083818252 0.9384041274713132 0.813660849904763 0.710198375997794 0.629729774824559 0.5706824089086641 0.5321189198046058 0.5011408045760194 0.4542808511614801
-0.2827322407339202 -0.5478979333690088 -0.8078594450047359 -1.0589690329177837 -1.2971600687806588 -1.5182999431639197 -1.7182116876732962 -1.8913860871142965 -2.036479607144875 -2.154396892780872 -2.2456370866459174 -2.3079209615080236 -2.2431374685555516 -1.90258607991285 -1.5261115724760572 -1.143222915740317 -0.7624063116677966 -0.39578478754926805 -0.04590312766659732 0.277966144643373 0.562303575996448 0.7901816147144042 0.9426743245974557 1.0115525393721385 0.999983272455668 0.9289149523942196 0.8301319614175445 0.7316332838141014 0.6485641333924533 0.5883622159294223 0.5686580810546861 0.5987873379512502 0.6616932813936128 0.7341574332291655 0.7607948390847573 0.6992878330475701 0.6120454835990757 0.5343408364986405 0.47454520786415155 0.43525316104246226 0.41101083594097076 0.37389334899326543
-0.2571236964500094 -0.5016038269435421 -0.7438415455569731 -0.979882070833154 -1.2056478157565045 -1.4168795911129672 -1.6099778909858724 -1.7785322935752337 -1.9180053292931802 -2.0258202983910047 -2.0941417680774905 -2.1055040968301686 -2.0088093746133873 -1.7747179695063031 -1.4703027728157552 -1.1391823727990276 -0.7715420204669309 -0.3858510225018081 -0.01425800365169283 0.3352057123981046 0.6499665084714171 0.9107303734690196 1.0907140885873177 1.1572123888778245 1.1099750446218732 0.9906369288349691 0.8462005827208795 0.7134303679985231 0.608954396359834 0.535652366003364 0.5059428651532448 0.5189831101375321 0.552019077273462 0.5828652101047841 0.5856329113371951 0.547416655619568 0.48624687254485777 0.4244816129653781 0.3742753718311611 0.34102405611250164 0.3247469775762879 0.2963326270800388
-0.22288308408050067 -0.44291882718253184 -0.6630789018802614 -0.8793958819436687 -1.0876489177188453 -1.2832191208076473 -1.4663298482954226 -1.625793423078119 -1.753354578076015 -1.843276029822324 -1.88423922752431 -1.8669282559704756 -1.7711104855456812 -1.5887644295864867 -1.3443008292612852 -1.0670524773247747 -0.7298067342571486 -0.34797162023143324 0.027196691403535533 0.38937861283570685 0.7300758026221773 1.0361107571343346 1.2639882982713502 1.3279674358310585 1.2138934971048863 1.020146834274028 0.8193769215490428 0.6483950398665549 0.5241601501322927 0.44192309695237675 0.4068546858094231 0.4049434922597831 0.41636148198594636 0.42459325347034804 0.4178473917828025 0.3905841017146464 0.3489604878357253 0.30474709074198103 0.26787175207318603 0.24498888233474958 0.23674517453115274 0.21449250958183563
-0.17935567715606332 -0.37128639298914634 -0.5654687342083022 -0.757957042880254 -0.94437299140432 -1.1201738577106486 -1.2940856185968368 -1.4430518633457683 -1.5578402102797333 -1.6315391102868468 -1.6543813803084024 -1.6261583090750982 -1.5379844581516504 -1.3860592159762608 -1.179121502526217 -0.9265788962706669 -0.6252953283514306 -0.28651087166651995 0.06512332796031584 0.4226856272937827 0.7773071340622061 1.1224920155340983 1.4362189031291508 1.5150326923017388 1.2666700465962903 0.9828051327586415 0.7245072333459038 0.524486557260014 0.3934381460250532 0.31566536220282426 0.28300939347160003 0.2734310665170463 0.2727007476204767 0.2694222004638257 0.25862983225767944 0.2376605281437395 0.2092517592341333 0.18004374060802475 0.1572036282687298 0.1444380103845001 0.14213392441718875 0.12655470244717604
-0.12433673846533222 -0.28664562718927433 -0.45146325730681663 -0.6166793352440554 -0.7778694238853053 -0.936122349917841 -1.1009955719259308 -1.2407300093491318 -1.3455106814317617 -1.4085242517214103 -1.4226759757628344 -1.3932126905605324 -1.3154418769138758 -1.186305385298845 -1.0083909601667758 -0.7859077049342554 -0.5229796322242454 -0.22768845518482705 0.08733652778603185 0.42034267788825475 0.7567087466033496 1.0873296705818394 1.393155142881049 1.4578679633165947 1.1701424840348817 0.8476028013050109 0.5459580474038955 0.3301771373823632 0.22458648956672478 0.17139548020230722 0.1473403535804293 0.13649998207688363 0.1299692725339726 0.12129276241884146 0.10965286331559998 0.09389372212151315 0.07567474491969772 0.059041865393965165 0.04628744864208045 0.04072105382771596 0.04491974693974243 0.03531920916759557
