_RESULTS/CROSS_VALIDATION_POSTPROCESSED_CLR/Berg/GZ/7comp/3/Berg_GZ_z_1000_kriged_reverse_7comp_spherical_3.asc
ncols 100
nrows 90
xllcorner 5.6208707817415728
yllcorner 50.959635321741573
cellsize 0.00013419651685393446
nodata_value 1.7014100000000001E+038
[rows 38 to 56 of 90, columns 42 to 83 of 100]
-3.5545097264376455 -3.8149132723071917 -4.12942629667748 -4.50484973787182 -4.964548188671952 -5.498825827870766 -6.089778223169094 -6.720320469963564 -7.368002491867898 -8.002922524929367 -8.589463566960536 -9.098261616432907 -9.493349697979289 -9.761641706508277 -9.90614213430392 -9.904239360510925 -9.768978328703747 -9.544814929405476 -9.252239515443858 -8.902434661597521 -8.533722509990742 -8.166777757054591 -7.8148725888323565 -7.489424418379651 -7.193872909773662 -6.925123571081233 -6.679875727966826 -6.457445227788938 -6.261623674703147 -6.101865383654729 -5.962838700028411 -5.820237107078018 -5.6758324173318195 -5.535311386794386 -5.384784331011062 -5.211726727759357 -5.027159559653285 -4.832532230223947 -4.623525686436991 -4.40808857298925 -4.193656276565578 -3.9878235895457337
-3.849032960514747 -4.08572194406737 -4.363889151058511 -4.6966718787187265 -5.108119631835045 -5.589919608917843 -6.12619207567382 -6.700789954293405 -7.2878663870702045 -7.86345992753235 -8.399067652829242 -8.86082762046038 -9.23184430525589 -9.521538401585268 -9.725984347026516 -9.79709816013176 -9.62924568139578 -9.391585506639942 -9.101063988722613 -8.781881654059998 -8.450023939616372 -8.114390710994833 -7.796573484202625 -7.519455659281152 -7.285062740765105 -7.080999046909209 -6.899598494159635 -6.73902209183697 -6.599965791908891 -6.481828521663066 -6.3567260716770475 -6.212123674644895 -6.054842657576523 -5.88263253184461 -5.698476389263009 -5.494447485587621 -5.279047852690851 -5.062317197318765 -4.836019276351903 -4.604774191417443 -4.375931949121094 -4.156491099740391
-4.0899718111518535 -4.300991125517654 -4.5467380519286085 -4.8439249069416235 -5.206826355369184 -5.633989649096498 -6.114426975487131 -6.625830008380474 -7.145754005096679 -7.649658560732157 -8.115496809196577 -8.522592334713803 -8.868819686267049 -9.155146223257507 -9.371198508729488 -9.469717491536837 -9.364730556953209 -9.171448827598933 -8.926545918776688 -8.649775869844373 -8.348186960742897 -8.03350916517074 -7.734767998014979 -7.510053151410627 -7.349743959636966 -7.215687455138302 -7.099452598123257 -7.000558724164984 -6.919748992003209 -6.850060102744057 -6.753004987222095 -6.623528034795804 -6.45614618980986 -6.2485069340769 -6.019592505909117 -5.778942525582275 -5.530812743836401 -5.28663055564291 -5.042400487692362 -4.795233747772201 -4.552156205288091 -4.319675162721812
-4.28265624436602 -4.461700972648089 -4.6731125392793595 -4.939082016924964 -5.260501985498558 -5.629681279278708 -6.034902394347953 -6.465008559235892 -6.903444085792237 -7.331735669655483 -7.730685757457627 -8.085080287594588 -8.40254113136284 -8.669990477046465 -8.877924034369455 -8.993199425633733 -8.979108360266325 -8.87719383398164 -8.71299097134607 -8.492129760097132 -8.235251924431392 -7.951011861819904 -7.650707858787323 -7.488450006463151 -7.39970348373056 -7.323224783871785 -7.263855850076239 -7.222986362088157 -7.199779297778808 -7.173809983888093 -7.116551371753558 -7.008553434638285 -6.832607604092949 -6.601010534716783 -6.337053483266697 -6.05222705083394 -5.7696575575696105 -5.496294953253802 -5.233716495060441 -4.971367523111721 -4.714937764097799 -4.470439559287151
-4.40762266321081 -4.546454061282619 -4.715262843892648 -4.9386220234391995 -5.213480626091593 -5.515903250550663 -5.843476494322189 -6.193056901170438 -6.554730768879487 -6.9118098599942375 -7.248004865672483 -7.563255211621943 -7.858746499481958 -8.119855244206889 -8.3342257098742 -8.472255134190885 -8.534869252767164 -8.52930980841881 -8.461465349067032 -8.322556998755847 -8.124782976937269 -7.897157870453029 -7.675379835006791 -7.533423918972974 -7.462589758427971 -7.4222629484482 -7.40477962422099 -7.409473635230784 -7.433751024169954 -7.444153563310529 -7.420893675713145 -7.346106064629642 -7.1684577018155125 -6.897577387260366 -6.600734070027444 -6.292906404660794 -5.982545815557132 -5.681996914064284 -5.400993434320192 -5.125262248781258 -4.857183193049316 -4.602301957748833
-4.420693024843846 -4.50770803379985 -4.627522285238172 -4.804103859334542 -5.0237322946195055 -5.268494049683338 -5.531344500323072 -5.812832948924649 -6.1031181551520435 -6.399468593390944 -6.688718046487777 -6.975967990377173 -7.257626376384238 -7.518845648384246 -7.74367614912504 -7.927031223412817 -8.062538447221293 -8.14876147206279 -8.180910249582388 -8.138921830655848 -8.01687648796147 -7.848927189413436 -7.687349461705354 -7.57432761764604 -7.519612529859808 -7.509183443167535 -7.530471623408275 -7.575873706149666 -7.620265617935448 -7.637128476826067 -7.6291606718940566 -7.59555161500319 -7.4244446079487645 -7.104282458537995 -6.782572977886996 -6.461317337585916 -6.144056054714376 -5.833254391601817 -5.535803461371499 -5.2495592012529695 -4.972339752644537 -4.709396394310724
-4.31197852821782 -4.3330442458025775 -4.401377751288253 -4.5247257869907545 -4.689017885631774 -4.881925878289146 -5.090033643544939 -5.314924683967725 -5.560113280588238 -5.812835774960673 -6.063366127754551 -6.335160157959631 -6.621115641458045 -6.888768208947591 -7.136269339141424 -7.363193215313629 -7.565737373890061 -7.7408740505876334 -7.877713548881305 -7.93950688439033 -7.897756822155236 -7.774164042450647 -7.647394628951854 -7.564968080767372 -7.540788811171408 -7.568545941817291 -7.63338906754589 -7.707381741014483 -7.748971429317995 -7.750570504393847 -7.715331166565511 -7.6390241095894265 -7.46226710956103 -7.183212854404714 -6.8678513291104775 -6.5486592993152275 -6.234739070662893 -5.929240948767037 -5.63350620897697 -5.33786382429391 -5.054634116774101 -4.786630260939156
-4.044515564652214 -4.006123163640399 -4.027219350583044 -4.097955398623795 -4.211428547071775 -4.357357470294263 -4.522856246761893 -4.711987507804457 -4.928395301399396 -5.160593355443087 -5.411166781803892 -5.694448779818697 -5.976352944582724 -6.249829949176377 -6.516168582025568 -6.779344637861382 -7.038951224491683 -7.295626932605304 -7.542170409630723 -7.726612563652841 -7.750148176638325 -7.6460905097146075 -7.536351135858256 -7.486166591225853 -7.504039926812826 -7.579365132409543 -7.688863474203514 -7.77893695496096 -7.816033571994512 -7.790474876689347 -7.709470972661673 -7.578073869713187 -7.390548790174243 -7.147302905601369 -6.859496956223578 -6.5546638014293634 -6.25387714779381 -5.961665182797184 -5.680068050117645 -5.393880718797766 -5.101350744830559 -4.829803167804614
-3.629119889484425 -3.573379010560012 -3.552214817793879 -3.5741770883240624 -3.6400979206416997 -3.745903061192842 -3.8895643737861847 -4.062429003644102 -4.263836393649821 -4.496089398894721 -4.76069370119082 -5.041956074982663 -5.325637870884163 -5.6065568726005015 -5.886759405283307 -6.174689893488601 -6.4734543366437896 -6.788665873867105 -7.12564904290608 -7.472714710606099 -7.525726750297228 -7.404158898015128 -7.3198177066730885 -7.30699799633674 -7.373619829960116 -7.508423331889178 -7.665334098235692 -7.788834991855527 -7.826279117444281 -7.763785440083636 -7.630849219353478 -7.455628492817825 -7.250826333523895 -7.0226878394418915 -6.765080114639689 -6.484325039934754 -6.204280493637809 -5.932576795792296 -5.671345895197355 -5.40643591363371 -5.1228430771206295 -4.844952724236698
-3.15437641028476 -3.0775917795194094 -3.0175001076666064 -2.995133716905917 -3.017294495710221 -3.0962501222063805 -3.2247890802366452 -3.394160490597507 -3.5991859647218147 -3.8417954875862135 -4.105262365371837 -4.382364695480982 -4.665641565383982 -4.950245831424195 -5.237007694150208 -5.536098049823816 -5.851284167823257 -6.186536045580181 -6.539271542748434 -6.862482468432747 -6.988149722750233 -6.96871958040167 -6.956596001211604 -6.998916039495406 -7.125868781048043 -7.316355372804245 -7.540291539662106 -7.735610928843919 -7.784296730416864 -7.662593642066275 -7.4693736132216255 -7.258225596985365 -7.0431292927148075 -6.820590129281497 -6.590532034393135 -6.343649669532011 -6.09072143655282 -5.845964867360695 -5.611035250979384 -5.37124223959483 -5.111998571645907 -4.8409274634977635
-2.6721804618852025 -2.555192939295152 -2.4494289451899407 -2.380052200908664 -2.3659279741533203 -2.4260101334272814 -2.5532529066866676 -2.7328944260874524 -2.951961297395511 -3.2009701707376825 -3.4590292728774896 -3.732204933094403 -4.012335167601443 -4.294320101757549 -4.5772025325814205 -4.870829139561251 -5.17899449614605 -5.501403668128926 -5.8241753979216755 -6.10024620361773 -6.2783555255092125 -6.374738318890296 -6.454100594979824 -6.561252116423829 -6.7290372522997 -6.9636703958967505 -7.260953468143231 -7.591039115780883 -7.675089101749938 -7.436108406439731 -7.190423640736652 -6.965056155031908 -6.75493436110552 -6.548136911881821 -6.343237891712318 -6.13690598170626 -5.919092891620471 -5.707284948310124 -5.504025712410398 -5.29274920472802 -5.061610753454602 -4.816968504634169
-2.1998766445087155 -2.0373588914563205 -1.8784671977029954 -1.7628891180512327 -1.72240785993271 -1.7683499876988042 -1.8983736286429918 -2.0941566732167685 -2.3358400895143525 -2.585474509609365 -2.8414856783772926 -3.1112942318468573 -3.3858105320847542 -3.6593953775044685 -3.9297137158637314 -4.204209550823781 -4.489020803961462 -4.783504860809748 -5.073730944493277 -5.331316926888076 -5.5384010765704685 -5.701968431838315 -5.846158054422183 -5.9881793203466 -6.172711374104758 -6.422062073671407 -6.73531236931797 -7.084844688320733 -7.190619452485548 -6.974639751720623 -6.756212468128883 -6.561702860797505 -6.380928976625738 -6.206607110475468 -6.036498442084921 -5.870124976832374 -5.696537115191202 -5.523328835001967 -5.356241826294832 -5.176340886064856 -4.9774588765236585 -4.764944131464867
-1.7490066177518213 -1.5542935960427835 -1.3494847084878554 -1.1875613850618216 -1.1114469191880425 -1.139604962114329 -1.2741110187506366 -1.4942894086207672 -1.7609715891308855 -2.0175716487179636 -2.2753563096610994 -2.5426399952433965 -2.8096475785221857 -3.0702261441444127 -3.321503636377039 -3.5669303733644773 -3.8174141104542083 -4.076795659608763 -4.335739846544863 -4.581011027339262 -4.801537491290492 -4.98763769680578 -5.148479936726073 -5.300437166109718 -5.4770321780818545 -5.70677791240842 -5.975605947997859 -6.225473134477802 -6.337917713633635 -6.288241307954587 -6.176489895194183 -6.053814637567661 -5.928730435083654 -5.803972778085388 -5.679848454564347 -5.5566645196981375 -5.431872665480025 -5.302266374209067 -5.174554053434197 -5.028755282314949 -4.865729934352006 -4.68716018135134
-1.345506676700258 -1.1132387937591313 -0.8640219479904081 -0.6617579206743001 -0.5460120734318727 -0.5529547193638735 -0.6975313247197379 -0.9538197324330011 -1.2495201283224628 -1.5232444542787782 -1.7864317214316308 -2.051746141332666 -2.3098853559315513 -2.5544021297110637 -2.781705117625198 -2.992259287380999 -3.198998736772854 -3.41435642103737 -3.637354202959087 -3.860401062710868 -4.0671629858381735 -4.245125897868204 -4.396341907103104 -4.533124302550402 -4.681247342061653 -4.874596129603259 -5.098462085377875 -5.30940814201302 -5.452320885242814 -5.509444909416065 -5.507709066545809 -5.4719672561278605 -5.418747553084274 -5.355609479177456 -5.286030853161481 -5.212121528533354 -5.1355748285123415 -5.0536069451785135 -4.9666627374875265 -4.858906672620612 -4.733190477165489 -4.58968869851584
-1.005526718750827 -0.739472822066638 -0.4445147644922365 -0.18414983656067463 -0.009947017295308669 0.0034154612429135867 -0.1800785600774253 -0.4967618845864257 -0.8334350187377275 -1.132178593590837 -1.402614622426086 -1.6651223800330737 -1.9133100785903814 -2.140520177971995 -2.341175571252318 -2.5120179415841406 -2.659380922283967 -2.803256919806918 -2.969670233544564 -3.1674271922949755 -3.3580943492497197 -3.512365258967395 -3.6296367832875753 -3.7257419366577755 -3.8286016966481053 -3.9814645474587738 -4.178297325624796 -4.388313545990206 -4.5742867044652495 -4.71445541084249 -4.804381906017752 -4.855127897930132 -4.878281825960058 -4.881852176511522 -4.871103292362648 -4.849771251492962 -4.820818228684275 -4.787949959553667 -4.742321195393457 -4.674961247659921 -4.586998621191164 -4.478925058601662
-0.7474338111606094 -0.45744451942546593 -0.1301987432805225 0.19790572981518206 0.47272664194380987 0.5446584480510399 0.2719483668771874 -0.13386140347533004 -0.518261001133085 -0.8449169763306266 -1.1237306524504733 -1.3815511071479207 -1.6174264010642445 -1.824812094718831 -1.9965762200386328 -2.125436826488092 -2.2066205465569704 -2.2505355680887105 -2.345507101418824 -2.544711973482359 -2.7225964127584357 -2.8345710530963384 -2.8901933139844322 -2.9170168583554448 -2.9554663689678837 -3.065424937120197 -3.2520888699885213 -3.486014302150609 -3.7262433615414348 -3.937951861626108 -4.108470962378143 -4.238893126104599 -4.335382298881861 -4.404683630079996 -4.45262967347728 -4.4840068380703855 -4.502779872524834 -4.515991350386876 -4.512709080137321 -4.485194081980427 -4.434484508053823 -4.361404921216534
-0.5868334681458038 -0.2910039561524931 0.04147087666045035 0.39979808429151653 0.762699472090957 1.0120670630596278 0.532660417557639 0.06861099335947074 -0.33230376619734603 -0.6654704482113516 -0.9438339797274722 -1.1906070217169722 -1.412850724612655 -1.6042891668994868 -1.757137195878495 -1.8615503819798969 -1.9009123391306475 -1.8523242453634796 -1.8309728263654357 -2.0858758362397785 -2.2253554690033255 -2.261617255422079 -2.2210834897222895 -2.1433759616945216 -2.0893281922978657 -2.1499223927297333 -2.3448904678588103 -2.6264757169241557 -2.9285681637800076 -3.209890530435377 -3.452626495787192 -3.6533954120319825 -3.8156674222352 -3.94520538386228 -4.047934961736323 -4.129198455976846 -4.193864258423189 -4.249638639948272 -4.2871708438209835 -4.297801682221156 -4.282911034314474 -4.2436104109411446
-0.5301583667751628 -0.25036206589148424 0.053775026625147326 0.3682355444243104 0.6435512178825844 0.7194090343289412 0.4534179394109312 0.0632466165169907 -0.2995067188439462 -0.6088525147564674 -0.8732991845536993 -1.1015464263465633 -1.308453483314644 -1.4884762243915306 -1.6350779131169473 -1.7399323387309615 -1.7872899202517112 -1.7807337331653867 -1.8009226897958261 -1.893295364244834 -1.9180558466140258 -1.8362150192535407 -1.666143314310872 -1.4456375086430984 -1.253800988451233 -1.2491360685284256 -1.483639211348748 -1.8403541980864144 -2.2147475034194612 -2.561494486246958 -2.8653455204277316 -3.124097373261054 -3.341183151624575 -3.522118173101624 -3.672781325473484 -3.798954150454045 -3.9089711415327617 -3.999585595301482 -4.074551981227511 -4.120597161003972 -4.139234927843292 -4.131778849915257
-0.5721754962778172 -0.32506691271123955 -0.07160154100620186 0.16546029534794737 0.33804410514386607 0.3556293549972507 0.17931301580230752 -0.11074825720773163 -0.4065016109480437 -0.6731711699952037 -0.9103899745453088 -1.1145912449391324 -1.3038965761741288 -1.4751658469618696 -1.6241359695068533 -1.7419182653485832 -1.8248054580248856 -1.8814265967269277 -1.921807986221848 -1.9137082774067338 -1.8014013722132658 -1.5803908953974068 -1.2708956759704768 -0.891867725214043 -0.4963297471866266 -0.3695614316788065 -0.7300511861893666 -1.1910793323415878 -1.6298852134720763 -2.024743698676829 -2.3714731498781356 -2.6717070563651744 -2.929698202815234 -3.1507742324259516 -3.3411027644836224 -3.5094254573136836 -3.6550823163610575 -3.7753188522285024 -3.8828617586755696 -3.960736056596475 -4.009890263002597 -4.0317288484569485
