_RESULTS/CROSS_VALIDATION_POSTPROCESSED_CLR/Berg/GZ/7comp/2/Berg_GZ_z_1000_kriged_reverse_7comp_spherical_2.asc
ncols 100
nrows 90
xllcorner 5.6208707817415728
yllcorner 50.959635321741573
cellsize 0.00013419651685393446
nodata_value 1.7014100000000001E+038
[rows 19 to 37 of 90, columns 0 to 41 of 100]
-3.340527112093064 -3.3232302755075565 -3.3052309923427825 -3.2875069001257184 -3.2709887967740565 -3.2565316517998992 -3.244881754288724 -3.236642649789895 -3.2322436175745417 -3.2319149556770723 -3.2356739046264495 -3.243323570241868 -3.2544650312827192 -3.268520585802667 -3.2847644743171194 -3.3023568115661384 -3.320376842339312 -3.3378526730689875 -3.346017671873522 -3.302484545635463 -3.2028638653327715 -3.0494003499409126 -2.84523245423234 -2.5976556005598934 -2.3112375117183057 -2.052290476413117 -1.8589971616469336 -1.7276877392575463 -1.6566537124419374 -1.6445495028159067 -1.675356323380627 -1.7302409826855358 -1.8107166913311343 -1.9133002626623954 -2.0639777225352836 -2.3161077749788 -2.7523484174210924 -3.415852619633213 -4.238551312641339 -5.115265912650258 -5.956018251112306 -6.670148988067954
-3.311283601703643 -3.2883175311660815 -3.2649651703398037 -3.2423097713517155 -3.221399292548798 -3.2032115435692585 -3.1886126025451533 -3.1783118239742514 -3.1728187608002347 -3.172408530865134 -3.1771017798343038 -3.186663138885003 -3.2006184871069645 -3.2182876298604466 -3.238826478540057 -3.261272139602111 -3.2845853201915944 -3.307686393429448 -3.325477953770002 -3.2966661267472785 -3.2124091942337962 -3.0750053955870964 -2.886840628633272 -2.651520019808707 -2.3773043499225475 -2.109108069662076 -1.904894150294803 -1.7634704577407279 -1.6835904469953493 -1.6627988921349925 -1.6745324682642417 -1.7140842406633254 -1.7895475764607185 -1.912339626820911 -2.0922794001999128 -2.363936104277675 -2.765806889286692 -3.3086183887376865 -3.9554252138405874 -4.639509614366838 -5.288081305558352 -5.837237609116169
-3.2761087761855494 -3.247211746079963 -3.218195081847276 -3.1902616006086855 -3.164597366844356 -3.14233041147674 -3.124478116017728 -3.1118871268483863 -3.105173306571914 -3.104671906144085 -3.110408162069511 -3.122095016514458 -3.139158499624413 -3.1607849313286542 -3.1859800609978493 -3.213629741008357 -3.2425540896274905 -3.271550698930313 -3.298563602062422 -3.287637730060306 -3.222000045551318 -3.104026934412271 -2.936225822361518 -2.721262136454004 -2.4629934276843297 -2.188030551127537 -1.972011949554318 -1.819635970600919 -1.7300508300443376 -1.6951637313960992 -1.687787012300085 -1.7106502483587946 -1.7720678290185545 -1.884290972605216 -2.064011559602315 -2.3220652789707152 -2.6697725030501864 -3.106599070929257 -3.606872256137142 -4.125509104506504 -4.617249714976491 -5.042968862257981
-3.2360767869695044 -3.200974908488396 -3.1659519302943564 -3.1323438493150144 -3.1014985340645334 -3.0747282783525582 -3.053243731685301 -3.0380729708316356 -3.0299760422006896 -3.0293711183569707 -3.0362898060337455 -3.0503736479326653 -3.070912803560738 -3.0969163576008416 -3.127197113828424 -3.160454117676635 -3.19534150944978 -3.2305189695869534 -3.2646842181120017 -3.274403270314682 -3.230361928132931 -3.1348491587751903 -2.9905089619238705 -2.8001457952339344 -2.5625879736666946 -2.289417375110614 -2.0602561155869052 -1.8954136607287881 -1.7942679777921708 -1.7404482608260237 -1.7122707429891686 -1.7147721328733732 -1.755174113449153 -1.8428666770696207 -1.9887635206234142 -2.202788385030982 -2.48783308613008 -2.8294264602365056 -3.20628798157081 -3.592153437909616 -3.965990156339654 -4.289865752943112
-3.192346460819113 -3.1507638495462693 -3.109366577811103 -3.0696348204229356 -3.0331033560253315 -3.0013101533017785 -2.9757151383843525 -2.957590838071413 -2.9478982094439146 -2.947173499163779 -2.9554574590450167 -2.9722897367127863 -2.996770347384186 -3.027668117533114 -3.063545101239171 -3.1028695440326155 -3.1441019731342754 -3.185751143958408 -3.226404223682759 -3.2555846440587546 -3.2357890482320606 -3.165374131011207 -3.0471230467037325 -2.8828017200276337 -2.670251587601906 -2.413690133269359 -2.1696949346370475 -1.9903498845627734 -1.8748699766430055 -1.7985085354323913 -1.7470902165787252 -1.7250584301420946 -1.737976467419792 -1.7922598730893737 -1.894210290778291 -2.0479995789329464 -2.252697352602318 -2.499363875274614 -2.7718498099072972 -3.0608935896650507 -3.3397031500864243 -3.5791910178733057
-3.146176390057853 -3.0978529785382323 -3.0496995996455825 -3.0033448845606867 -2.9605335754609485 -2.9230773664852068 -2.892759681041994 -2.871188993730618 -2.85961495211634 -2.8587484407539714 -2.8686438865478583 -2.8886897762467916 -2.91771133262771 -2.954144527393056 -2.9962227688236327 -3.04213114644078 -3.0901098748182902 -3.1385099964578504 -3.185814102679182 -3.229493702059747 -3.2362291755409824 -3.193126179279785 -3.1031004955118027 -2.9656105758646865 -2.7802808416637363 -2.551565481364446 -2.300777926558073 -2.1045942818116554 -1.970960545934982 -1.870417213143519 -1.7934080522763791 -1.743314831188902 -1.7239899138146946 -1.7393296435401204 -1.7923930711746157 -1.8839973617965105 -2.010995017768548 -2.164812731544427 -2.3462862328901197 -2.548470273894311 -2.7462807594322673 -2.9152706788849034
-3.0989390543116664 -3.0436596617566885 -2.9883790200241744 -2.934865048650073 -2.885086079160084 -2.841177686136168 -2.8053425669171843 -2.779659597709122 -2.7658079234869577 -2.7647687773341074 -2.7766180792520285 -2.8005093396212626 -2.834855734492046 -2.8776220542797515 -2.9266100503912167 -2.9796645610217745 -3.034786937704469 -3.0901769191273907 -3.1442316062686197 -3.1955240705657606 -3.229363702956678 -3.215348584485132 -3.154824093851793 -3.0452994563684204 -2.8888319681125854 -2.689983677609124 -2.4544521963695956 -2.2390176156360524 -2.084230404084676 -1.9583647128508699 -1.8540203018217567 -1.7735043126979422 -1.7191583144955445 -1.6929399416320803 -1.6957506568898717 -1.7265440941765453 -1.781390859503694 -1.857822763246935 -1.9676681867690418 -2.0968643254544435 -2.2257909102399314 -2.3345517550675314
-3.052130223983966 -2.989769113548512 -2.927044839447059 -2.8658322230498605 -2.808308912871878 -2.7568417707267967 -2.714219588153445 -2.6833083266360864 -2.6665261505954536 -2.6653250178296743 -2.679797726972912 -2.7086451026087888 -2.749525274421581 -2.7996313594713493 -2.856336366782397 -2.917113824407588 -2.97973000555646 -3.0422634764146625 -3.103063969011364 -3.1607006232237826 -3.2126754740868018 -3.2290844403794083 -3.198593677412534 -3.1184050070232203 -2.991940347788662 -2.8237990683086513 -2.618967454552191 -2.395196591890959 -2.217176852548696 -2.0653609810360396 -1.932778904463511 -1.8207762212658958 -1.7304693558727307 -1.6624006680983356 -1.6160793858229567 -1.589479547245626 -1.5786492831928558 -1.5952826536337588 -1.6456321526518245 -1.7170865381106863 -1.794918124245295 -1.863370781237009
-3.007367174316558 -2.9379330088429843 -2.867085001469906 -2.7967474469293006 -2.729512645057927 -2.668457187212843 -2.6171443808340413 -2.579403866785336 -2.5587332545859804 -2.557363562652344 -2.575450357298363 -2.6110022826392894 -2.66060870727883 -2.7203976289601326 -2.786701003528524 -2.8563273862460226 -2.92673231508884 -2.9964120765045053 -3.063796358239122 -3.127500008759583 -3.1863198694469443 -3.231236416256466 -3.2312425121366615 -3.1813438671230525 -3.0855963532072157 -2.948580827567106 -2.7752010669636933 -2.572933593928572 -2.372663835866961 -2.1948808184054966 -2.0340450100236867 -1.8907108694818349 -1.765060194358588 -1.6566398583499078 -1.5640714887786737 -1.4848196766899204 -1.418382115044424 -1.386137174196039 -1.3868851347447917 -1.4133424002648427 -1.4566335853563013 -1.5050360973569936
-2.9655097124224157 -2.8875891803189315 -2.807374020717028 -2.727015672003061 -2.649162892529866 -2.5771756238162222 -2.515328329370243 -2.468775096738568 -2.442816550834553 -2.4411702148008225 -2.464119860032704 -2.508338155954474 -2.5685850537231327 -2.6395593567156803 -2.7167896270954968 -2.7967458170077286 -2.8766527012448133 -2.9542703769023797 -3.027961899427396 -3.097262404815298 -3.1611682717173517 -3.2186895063424537 -3.2494749332556707 -3.2304501817236866 -3.1657798829690567 -3.0599824710114882 -2.917830810808062 -2.745070551188507 -2.5536387229222495 -2.350530514998554 -2.162237706045719 -1.9887686100635893 -1.8296398826110702 -1.6837362310737696 -1.5491279611766515 -1.4229859422146056 -1.3123691555736743 -1.2378625499863496 -1.196095801320153 -1.1863384081674506 -1.209176477631401 -1.2567309084987985
-2.9254632909710576 -2.839297094800277 -2.7500579078971263 -2.6597187332765744 -2.5707725234351884 -2.486586087671032 -2.411942953526239 -2.353602756360208 -2.3199284189474443 -2.317800766929169 -2.347805348626454 -2.4037080238254624 -2.477025926439359 -2.560615160931621 -2.649361121671869 -2.739674559324767 -2.8289230525858784 -2.9150473392598575 -2.9963335001652287 -3.0712834056952607 -3.1395685150473227 -3.20104559945511 -3.249872608176707 -3.2619861316013288 -3.228463686470534 -3.153728461707636 -3.0423914220172272 -2.8993471672502427 -2.736274053073246 -2.5357700068693534 -2.321487334700732 -2.1198949653492303 -1.9300925472150277 -1.7505895703041863 -1.579180421134394 -1.4129143810856633 -1.2683180031944703 -1.1582042328151854 -1.078613245579465 -1.0344366422159479 -1.0470963785747363 -1.1126560241870789
-2.889022166765125 -2.7955227795344175 -2.698127429430921 -2.5985090121686207 -2.4987511617768106 -2.4017470943986945 -2.3120561520423917 -2.237595358970373 -2.191553729618449 -2.1884928913025963 -2.229871945170765 -2.3020787164042913 -2.391066107474395 -2.488108115085362 -2.588198167036516 -2.688212715007205 -2.7859458905258325 -2.8796575791383976 -2.9678594902117075 -3.0492093848856134 -3.1224560221766433 -3.187080031247155 -3.2385732311394184 -3.2721331534329052 -3.269596337544292 -3.225580568962587 -3.1445174619072693 -3.030947345493069 -2.8953522746350737 -2.727886576365508 -2.51538717399533 -2.288245650132708 -2.0711893132121144 -1.8626221656227662 -1.660357545404847 -1.462739980357247 -1.2929168792012038 -1.1564579276059823 -1.0474275158977844 -0.9630140059736267 -0.9704394920791439 -1.0746050973907622
-2.858064320235243 -2.758578104467936 -2.6545195322666775 -2.5472354394438375 -2.438260917345578 -2.3295617485538074 -2.224229966485752 -2.1287556646095043 -2.060550852675463 -2.0552641864163537 -2.117796924259735 -2.2121731545476906 -2.31792376268543 -2.4274691780525646 -2.537345472937509 -2.6454342390071766 -2.7501283745193215 -2.8500453991994825 -2.943916090769121 -3.03053672012922 -3.1087466640546317 -3.1773989796568003 -3.2310099123235045 -3.266983440072353 -3.285074938619828 -3.271296458582293 -3.2198807587373124 -3.1351249864321415 -3.026067390452112 -2.892571548296747 -2.713708437530615 -2.4957987623859585 -2.2564045246247 -2.023533344627169 -1.7965462662816187 -1.5764074946891906 -1.389712968283102 -1.2392803593882986 -1.1217210588776227 -1.0413333562475682 -1.0505970646756775 -1.1554904926640819
-2.8341128433958342 -2.7303608169246636 -2.6217148750286543 -2.50933201414416 -2.3943723194697606 -2.278013361058771 -2.1615333528789584 -2.046763375425646 -1.9403708938036774 -1.9273987832718213 -2.031924156530468 -2.1481243686262785 -2.266245018019635 -2.384148346194336 -2.5004600930778236 -2.6139566845625835 -2.723455193360361 -2.8277900584019053 -2.9258097312976035 -3.0163777485423724 -3.098374065576549 -3.170695638141174 -3.227766748257896 -3.2652976830849805 -3.2850203604050634 -3.28684641937207 -3.2641356295707142 -3.207418672975116 -3.1246949212999255 -3.0236608182616997 -2.8803221648658064 -2.6964765498634478 -2.478967937321178 -2.2352329766587227 -1.9891818474608813 -1.7534740105384667 -1.5567482295920794 -1.4020416671357565 -1.2904498588383988 -1.2313457984373009 -1.2437304745925477 -1.3413696854429826
-2.8181809478844126 -2.7120937378807493 -2.601277825895962 -2.4869663638784134 -2.370420244834985 -2.252961289859182 -2.136120734834458 -2.0223857101935407 -1.9213481821667577 -1.9103871948949065 -2.008625895756587 -2.1238567755059288 -2.24256008540043 -2.3617848895828084 -2.4798683907660335 -2.5954351078248186 -2.7072032761219456 -2.813936913337376 -2.914432865959342 -3.0075168809839585 -3.092041630408135 -3.1668848006826855 -3.2274857059325925 -3.26770347185577 -3.2886011513331255 -3.2916989148457123 -3.276859339856551 -3.243414451329687 -3.186757258345486 -3.114721584409364 -3.0086421574310656 -2.8607618372257893 -2.677807662872583 -2.4663537593800604 -2.232862908755954 -1.9908396634694738 -1.787714354341054 -1.6319696478124621 -1.5258865043961558 -1.475527049143639 -1.495041929586033 -1.599066027591817
-2.8106837740444943 -2.7041665703260938 -2.5935524711772944 -2.4804057556038073 -2.3665382134986235 -2.254273098713636 -2.147186550182448 -2.0524056731483515 -1.987278338537085 -1.9830890371090342 -2.0438450438745153 -2.1383966621696455 -2.246703037500745 -2.3605137338385047 -2.475846948896645 -2.5902215894146825 -2.701765827724058 -2.8088995125054668 -2.910205783008544 -3.004372005728931 -3.0901587636505603 -3.1663813802889207 -3.2296925413130126 -3.273068226415571 -3.295737110208244 -3.2998898067917857 -3.286311339929549 -3.254897548316215 -3.2104139139355814 -3.1604950926096467 -3.0916855512768553 -2.981349453369833 -2.8346521195276146 -2.6581691005996024 -2.458467712271499 -2.2482645155295042 -2.0643329079060977 -1.9166981864743042 -1.8128929945642627 -1.766075132830205 -1.7961660299694437 -1.9078155135041612
-2.8114532114817 -2.7061589284203236 -2.597699860508818 -2.488084167888016 -2.379802624950213 -2.276214720688237 -2.1823464908038357 -2.1063640127484344 -2.060914947444792 -2.0590841669974975 -2.1020752460068692 -2.1776142615855845 -2.272282975307428 -2.3771330769049106 -2.4866970489260645 -2.5974042745029715 -2.706674939998998 -2.8124731919625674 -2.9130846319675663 -3.0069988484682133 -3.09284276144638 -3.1693400520143946 -3.2342953936400947 -3.2803371870984304 -3.3057252557815775 -3.310884393541536 -3.2983960932046914 -3.268370859596715 -3.226852813110379 -3.1805737260771725 -3.129416385613353 -3.0518669572903203 -2.9413548522850443 -2.8009982014170998 -2.636090669693213 -2.458074624008527 -2.303555004543802 -2.183211531917821 -2.1026782329932763 -2.0775030743867258 -2.1245566086188195 -2.2479716707616735
-2.81985240086182 -2.7170380468352326 -2.612060936471072 -2.5073268184581217 -2.405844443110472 -2.3115421450672584 -2.229713058588585 -2.16738686770758 -2.1327546476338632 -2.132228420970436 -2.166233599756167 -2.2287863003895874 -2.311501228459247 -2.4069580141092883 -2.5095598872353655 -2.615207094678677 -2.7208148553676637 -2.823956233131402 -2.922633400256501 -3.015135038137573 -3.0999462894375704 -3.1756904280707285 -3.2409358560506747 -3.289148012399552 -3.316966285047243 -3.3239235565787077 -3.3123156176604676 -3.282911373679916 -3.2431807071108176 -3.1986735807469975 -3.1507340912928083 -3.0939113900239046 -3.0080785652349302 -2.8958659804503357 -2.762076244520595 -2.6145832992034803 -2.4876718814727843 -2.3931726978971044 -2.338493946453943 -2.3423447178859274 -2.4173367193326305 -2.5655891006441003
-2.834948803488479 -2.735444663417355 -2.6346451563890643 -2.5352182545120066 -2.4404413190671232 -2.3543790652382643 -2.2819959081214196 -2.228974493557438 -2.200849477433341 -2.201289612832968 -2.230399758143138 -2.2846083874345986 -2.35828657501612 -2.4455758016762426 -2.5413672753753156 -2.641518251974088 -2.7427269970638513 -2.8423323189243983 -2.938136411074539 -3.02827121002815 -3.111103229818523 -3.185167097736973 -3.249119242757706 -3.298913567693512 -3.328440211036253 -3.3349284798735233 -3.3194269691905864 -3.2867033781163406 -3.246659221346402 -3.202996452076893 -3.1571607568368707 -3.1105305068669913 -3.050240981468979 -2.9655121107768356 -2.8610758606205775 -2.742650862133664 -2.640938268001739 -2.571823055345308 -2.5484382611203618 -2.5828751149064733 -2.6821190519293916 -2.843911936031864
