_RESULTS/CROSS_VALIDATION_POSTPROCESSED_CLR/Berg/GZ/7comp/2/Berg_GZ_z_63_kriged_reverse_7comp_spherical_2.asc
ncols 100
nrows 90
xllcorner 5.6208707817415728
yllcorner 50.959635321741573
cellsize 0.00013419651685393446
nodata_value 1.7014100000000001E+038
[rows 19 to 37 of 90, columns 0 to 42 of 100]
-2.2817233952823956 -2.278060322610112 -2.2742484878878715 -2.2704949322870913 -2.266996777425864 -2.2639350862078045 -2.2614679055186016 -2.2597230524418825 -2.2587914384665235 -2.258721835426158 -2.259517894468799 -2.2611379179297018 -2.263497423453517 -2.266474067038099 -2.269914149495647 -2.273639802420672 -2.277456031009789 -2.2811570105302263 -2.2881075246694644 -2.317145138230138 -2.3696186018149414 -2.443832825512194 -2.538263138467207 -2.6522393444404937 -2.7840874802451814 -2.902054440117906 -2.9834963952932676 -3.0289731433081446 -3.040249309419818 -3.0189636611590607 -2.972612352141697 -2.909784087265077 -2.8316439591980687 -2.7430092396503727 -2.6330767394542045 -2.478241709303128 -2.2414018847832593 -1.9036158846384614 -1.4971168590805584 -1.071227342968395 -0.6683732496966175 -0.3315295470920079 -0.10721936269506971
-2.2755302915191966 -2.27066660532086 -2.2657211117126415 -2.2609232186122106 -2.256494859525355 -2.252643112072695 -2.249551391708379 -2.2473699234208233 -2.246206618818829 -2.24611974154175 -2.2471136638672706 -2.24913854008526 -2.252093962277716 -2.255835880844324 -2.2601855372075845 -2.2649390126330635 -2.269876208767119 -2.2747684854363026 -2.281228644552813 -2.3075385007974343 -2.357054220592006 -2.4280229397227746 -2.5186733220376634 -2.627441944958808 -2.753681782037431 -2.873131242952053 -2.954682272896539 -2.999817166367683 -3.0101042562455236 -2.987608315221637 -2.9440064816650593 -2.882213864811858 -2.7999168430711103 -2.6936150444579035 -2.5619009841026736 -2.3903359052012396 -2.162371701552993 -1.8742409034184218 -1.5440915629372642 -1.203732944244053 -0.8877276481862975 -0.6292391836583295 -0.45681122466850566
-2.2680810714568667 -2.2619613442589706 -2.255816281301008 -2.2499006116199682 -2.244465516428288 -2.2397498867639385 -2.2359691806613977 -2.233302698376318 -2.2318808654613917 -2.2317746803681837 -2.2329894876086724 -2.2354644949275326 -2.2390781486939346 -2.2436581301595107 -2.2489938798793867 -2.2548494469793647 -2.26097495961091 -2.267115775395404 -2.2734159815181214 -2.295645014091312 -2.3407684885884383 -2.4069665379344816 -2.4923896928141103 -2.595145147859354 -2.7129188072809387 -2.8308341970982576 -2.9131327094761654 -2.9585042065811904 -2.9683433898438363 -2.9469485128821216 -2.9062354382616813 -2.846159114049052 -2.764372198272535 -2.6568191012628195 -2.5175194800622855 -2.3443017543278883 -2.1341209399328185 -1.8886561896156886 -1.6211110023814617 -1.3535012336449532 -1.1106379847686723 -0.9159200677506956 -0.7884305334612305
-2.259603215694661 -2.2521694441391364 -2.244752381852031 -2.237634962294147 -2.2311026330555945 -2.2254333078212483 -2.2208833743473364 -2.21767055567809 -2.215955812184342 -2.2158277032096305 -2.2172929223340376 -2.2202755565357113 -2.224625277903605 -2.2301322333353473 -2.236545001941037 -2.243588071426961 -2.250976419624599 -2.2584261976387343 -2.2656616124843985 -2.2826331287446764 -2.3220406867270285 -2.3820778413513866 -2.4608149321460617 -2.5562324396506604 -2.6631647948887656 -2.7757431539112924 -2.85968281005182 -2.9062270760989635 -2.9166624487968185 -2.898579537681377 -2.861705982462271 -2.805120753549488 -2.7270327642909353 -2.6247917407186843 -2.495195492053384 -2.3356423101844372 -2.14700927341978 -1.938878184546327 -1.7229254728402013 -1.5148076227214635 -1.3315740479545013 -1.1906589593092267 -1.1027142866644344
-2.2503421371223116 -2.241535895226994 -2.2327689039884278 -2.2243546304308954 -2.2166181054165226 -2.2098850353845974 -2.2044645991547 -2.2006262886721815 -2.19857361257315 -2.1984201355827535 -2.200174487999118 -2.203739177763762 -2.208923608772742 -2.215467046753874 -2.2230649677915078 -2.231392981474084 -2.240125062829393 -2.248945400508765 -2.257554788973888 -2.2698871725486436 -2.302379182084027 -2.3550147448298455 -2.4257897833753215 -2.5117178529700017 -2.606662526007571 -2.708390946604477 -2.795083246885854 -2.8440354687393636 -2.8565803371522334 -2.843642617782603 -2.811969649117802 -2.7609337615313843 -2.6895362883355713 -2.596561435990215 -2.4810487111184094 -2.343234186174641 -2.185897882131155 -2.0156194927978968 -1.8430474145962514 -1.6823204101722748 -1.548130360850014 -1.4531472347216454 -1.4007147937362772
-2.240564376683467 -2.2303305881352595 -2.220132808591715 -2.210315944726493 -2.2012494928552147 -2.1933171281810138 -2.186896538815732 -2.182328362732087 -2.1798772465794003 -2.1796937393770275 -2.1817893674930957 -2.1860346264677495 -2.1921807254703336 -2.199896439233894 -2.208807644211758 -2.2185299840538906 -2.2286907766301356 -2.2389408106196793 -2.2489587337196326 -2.2589766212426845 -2.2834818968189805 -2.327628308602581 -2.3893495791293717 -2.463802696197785 -2.5459394916424003 -2.6338135339084685 -2.7198897595488596 -2.7726950112697804 -2.7893785487369414 -2.782734808842314 -2.75767711853896 -2.7140441479652235 -2.6516190149615197 -2.5703723261492053 -2.4709202118241467 -2.3552177923428346 -2.2273670363651954 -2.0942244353298554 -1.9640965060003324 -1.847459954745844 -1.7564837221768097 -1.701792676556046 -1.6815981291334914
-2.230560594036397 -2.2188536884870818 -2.2071465183906556 -2.195813488494891 -2.185271446203414 -2.17597265715753 -2.168383602056612 -2.1629445391283104 -2.1600110727075714 -2.159791005422081 -2.162300415384218 -2.167360035536854 -2.1746338130175302 -2.183690737185946 -2.194065269484883 -2.2053009961492007 -2.216974649343496 -2.2287049750747614 -2.2401525161495135 -2.251015081875451 -2.2671961261425704 -2.301913078323891 -2.3533958750841526 -2.415245302239284 -2.4840331300365968 -2.557756926125615 -2.634395012622333 -2.6926176145299787 -2.715238961835335 -2.7159386770545546 -2.6987616784186987 -2.6639862427277157 -2.612040627640215 -2.5437577655613364 -2.460766734446267 -2.366001299760996 -2.264220450678115 -2.1619037884774657 -2.0660066820039367 -1.9866529250136682 -1.9341000735772342 -1.9167843079560996 -1.9284313101530448
-2.220647558993993 -2.207440908268005 -2.1941573478195986 -2.1811939217494625 -2.1690066977015467 -2.1579521773200914 -2.1486777580692413 -2.1419213332639995 -2.1382772631838325 -2.1380841525266274 -2.1413406890037554 -2.147699330699668 -2.1565424327058436 -2.167174099508724 -2.1791829175163304 -2.192054186954358 -2.2053148557983544 -2.2185580085026784 -2.231434156218551 -2.2436402756394953 -2.2554797147703085 -2.2799610079199866 -2.3199825126774227 -2.368823867641171 -2.423963810278081 -2.483374844353344 -2.544893885617509 -2.6038459513780876 -2.6339349970764308 -2.6429306268952093 -2.6346768154775564 -2.609807505470262 -2.56921556604785 -2.5142827098227993 -2.447198447730821 -2.371348952886025 -2.2917103127945255 -2.213601518394582 -2.144419195215622 -2.094040307811789 -2.0717851048455715 -2.0842202722120446 -2.1219046744462053
-2.211167773302885 -2.196442620797681 -2.1808984136886913 -2.1649532691126687 -2.1494324736524297 -2.1352268512877055 -2.123286760656164 -2.1145695536675433 -2.10990813427249 -2.1098099134089097 -2.1142842946214278 -2.1228283598766415 -2.134583741530828 -2.1485439263774153 -2.1637008409493736 -2.1791090199824925 -2.1940911623393617 -2.208847735230079 -2.2231181782526077 -2.236609148129818 -2.2490658435033426 -2.2639204706739844 -2.291665466434502 -2.327278344458919 -2.36867236229468 -2.413825918997944 -2.4606014901072633 -2.5072048563732054 -2.5449829276950093 -2.5630998526808746 -2.564597123374214 -2.5503628937978013 -2.5215788504494365 -2.479907954166142 -2.4277419705518732 -2.3685052849556327 -2.3067293465224776 -2.2467522563716007 -2.1968308003363304 -2.1672900236041146 -2.1677321266111327 -2.203048883732369 -2.260119222954735
-2.201361936280955 -2.182975423202799 -2.163486992337288 -2.1436886415101846 -2.124446923737325 -2.106740070289414 -2.091692904701355 -2.080561975062034 -2.0745742015415902 -2.0745564974799064 -2.080542248489146 -2.0917348321751916 -2.1068709213364043 -2.1246183576181945 -2.1437720886835177 -2.1632858806938495 -2.182241017802461 -2.199807615640181 -2.2155292630107724 -2.230205518186499 -2.2437393128483256 -2.255920989051922 -2.270953598270203 -2.293264855279425 -2.320974386527444 -2.352092807992575 -2.384535948141397 -2.4162723034923848 -2.447727321890523 -2.475642543638375 -2.487550392167244 -2.4844749342812134 -2.467744473263239 -2.439102534181394 -2.400880257616206 -2.3562111418571576 -2.308413773902487 -2.261222940170527 -2.2230332139800733 -2.2058007288322896 -2.2222475217605906 -2.275940909728725 -2.3475916927929035
-2.1878610579037496 -2.1654763325000865 -2.142020600194861 -2.1182825258083504 -2.0951302939765157 -2.073576518120734 -2.054882916143809 -2.0406691218936035 -2.032825715252235 -2.0328553834571177 -2.0408514654107837 -2.055388336896543 -2.0744942617850874 -2.0964187625243893 -2.119788228056227 -2.1435094332551463 -2.166659286654503 -2.1884129275914903 -2.2080035820888098 -2.2247037629227884 -2.239164980542255 -2.252182737654448 -2.260270081041676 -2.269321384680852 -2.2835285106500116 -2.3009555356954596 -2.319592991952371 -2.3373827981188677 -2.3540927632106414 -2.37962046338621 -2.4024809595807106 -2.41098188286786 -2.4065054591684154 -2.3907583570505855 -2.365868937740187 -2.334493842782693 -2.298245834882964 -2.260059605694852 -2.22662702928665 -2.211159879645781 -2.2380956497557074 -2.3106822037900834 -2.382375674795088
-2.1711469256817715 -2.1448550173593177 -2.117506974454762 -2.0898679270585006 -2.0627605298906944 -2.03713703863056 -2.014247586615567 -1.995985772173333 -1.9852833453364018 -1.9852770480912585 -1.9962401936520604 -2.0151677054909385 -2.0388823228266517 -2.0652637628599986 -2.092921912494414 -2.1208210516756 -2.1480880250917136 -2.173927725395621 -2.1975870743507837 -2.218339873199347 -2.2354804759088522 -2.249214785554076 -2.2574658573979938 -2.2578433038870704 -2.258815993445875 -2.2629768855952266 -2.268406942127055 -2.273141570778637 -2.2764304960106765 -2.2862971158245933 -2.308261469717366 -2.328708807946378 -2.336725907101161 -2.3339510153631724 -2.3223070962261794 -2.303925665796713 -2.279067177330249 -2.249732825752414 -2.2192277452346834 -2.192762334651565 -2.22518576018281 -2.3213242336187223 -2.363356117664827
-2.152034207584106 -2.1220068944687975 -2.0909590775110205 -2.0596333450712208 -2.0287853468279478 -1.9992198266697558 -1.971921048651154 -1.9485170995477876 -1.9328586451577352 -1.9325578004515087 -1.9486103431187374 -1.973253231105991 -2.001914566448284 -2.032673251921131 -2.0644174438805014 -2.0962749166882864 -2.127452108580539 -2.157186723488673 -2.184734609145119 -2.209367290405851 -2.230372404909165 -2.2470414618547077 -2.2559109656449987 -2.2564585638404795 -2.249129694478883 -2.240497254335545 -2.2333523528859764 -2.2258552086553607 -2.217161770085136 -2.2121307243151715 -2.2194743938237163 -2.236988184994347 -2.2571917708847744 -2.2676374631707796 -2.2695602481115555 -2.2647329256112863 -2.2529482059771206 -2.2363339510267135 -2.2184011280552967 -2.2075942274122253 -2.245987352332075 -2.313707842786712 -2.336920665450524
-2.13128608813762 -2.0977630686216795 -2.063314893213652 -2.028697876966895 -1.9946472012466416 -1.9618610988724117 -1.9309965921734176 -1.9027425555184512 -1.8787064773213276 -1.8769737670848128 -1.902592595397 -1.9329792573105926 -1.9657860653034893 -2.000188854089127 -2.03545816746829 -2.070851721495538 -2.105610668389209 -2.138970302905316 -2.170170791707002 -2.198465035214511 -2.223123493028226 -2.243436540623648 -2.255459099589328 -2.256739171481522 -2.249985773353917 -2.235519342237989 -2.216553060283586 -2.197607758653129 -2.178003321014791 -2.1597988029640787 -2.1530548338302857 -2.1574589004108926 -2.1707438508398775 -2.1904322836268553 -2.206323665315636 -2.2158296030977613 -2.2189052703706635 -2.2185769946634917 -2.2203107196685172 -2.2348125219884616 -2.2754833776799037 -2.31293634771074 -2.325458210564218
-2.1095870810095465 -2.072841563297719 -2.0353467959871914 -1.997937342207877 -1.9614404975738295 -1.9266603081521805 -1.8943805457778833 -1.8654916506697488 -1.8422638212178697 -1.8411767248394098 -1.8662176971114355 -1.8976476966157232 -1.9322620959269154 -1.968992710724697 -2.0069735345004744 -2.045358064402894 -2.0833025011766346 -2.11997350166876 -2.154557298346388 -2.1862657409446298 -2.2143390550482676 -2.238046114978618 -2.2541728949674966 -2.25836961814899 -2.2524991746367986 -2.2389832309101227 -2.2180650926839682 -2.1902435278402264 -2.1607065716070317 -2.131753820518452 -2.111405521533215 -2.103280031072636 -2.1053198036830754 -2.1156873111463854 -2.1328488695385364 -2.1547636523448386 -2.1732498902551334 -2.18948438844642 -2.208828816737104 -2.238619626147641 -2.285406828595569 -2.318181261440391 -2.324476832885903
-2.087531176262895 -2.0478221249979027 -2.0076063562223707 -1.9678591362381574 -1.9296091113925038 -1.8939667741841264 -1.862244472822645 -1.8363997596923656 -1.8204052290876476 -1.8210029430409997 -1.8389626667782881 -1.8674223798024068 -1.9017157186117082 -1.9395577853989479 -1.979496069626923 -2.0203628795038036 -2.0611159474549905 -2.1007907132387422 -2.1384842466354055 -2.173347612931618 -2.204580069483836 -2.231423502134041 -2.2515576920116245 -2.2600034101414392 -2.256412878706948 -2.2440911308921945 -2.224488591391323 -2.197876684970751 -2.1655702382159046 -2.1296946706935183 -2.0967390225378963 -2.076546735135864 -2.067848316258222 -2.0690214704615317 -2.078769605239488 -2.095731432399896 -2.117152541773316 -2.1435052169372115 -2.176319981449731 -2.2244137803787503 -2.2867997770805077 -2.3227664576309226 -2.328640356216977
-2.065632975212202 -2.02316161328764 -1.9804446303953769 -1.9386294624027793 -1.8989888260050876 -1.8629712963982807 -1.8323227581380714 -1.8093374960020425 -1.797077989268482 -1.7984670321877174 -1.813656878337175 -1.83970624993179 -1.8732390098876732 -1.9116963146672854 -1.953189787315918 -1.9962166554379848 -2.0395021893445353 -2.0819244523453486 -2.1224753642734706 -2.1602368066495705 -2.194363481188093 -2.2240694609960436 -2.247899605785889 -2.260645961427805 -2.261187785411505 -2.250530220357861 -2.2324853430964393 -2.2076034689794177 -2.1774924856006583 -2.1439287585844196 -2.1077969951072526 -2.0786156990635756 -2.06008670385381 -2.05233132009706 -2.0547975442502873 -2.066346860616069 -2.084216634629298 -2.1084731332065454 -2.140565782656069 -2.2144774942228516 -2.286299537943722 -2.3282074103199095 -2.3355192046262356
-2.044360778256232 -1.9992487904472611 -1.9541055990694631 -1.9102454787363354 -1.8691668203732297 -1.8325871445282411 -1.8024784343211326 -1.7810597923005704 -1.7705758729838248 -1.772589181874067 -1.7870512177162312 -1.8122387953851018 -1.8456809253342454 -1.8849712062297708 -1.9280399885838724 -1.9731497850341042 -2.0188300428508357 -2.063816785527423 -2.107005797735018 -2.1474169001241585 -2.1841664692881197 -2.216446193975477 -2.243394831547431 -2.2604436337366813 -2.265322768689862 -2.2578921049269303 -2.2416027553692555 -2.2185406754971906 -2.190637392830835 -2.1594398932394765 -2.125641294008658 -2.0926642931753587 -2.069836518277355 -2.057506235441347 -2.055317842649325 -2.0627869320571612 -2.0773344734738197 -2.098447196829411 -2.138939394699169 -2.2333000423341747 -2.310575299121483 -2.35556488081445 -2.3649686175783775
-2.0241819647491597 -1.9764798754773711 -1.928851256167425 -1.8827459330178247 -1.8398470548693986 -1.8020835240297988 -1.77158644800264 -1.7505307727932167 -1.7407928137717263 -1.743438219330234 -1.7582932351923415 -1.783968352621574 -1.8183391303898158 -1.8590952047245404 -1.9040774006584884 -1.9514008026968028 -1.9994604342244684 -2.046892487026372 -2.0925264860973 -2.135341840165003 -2.1744324316648793 -2.2089791359667776 -2.238228984421342 -2.2594547303818397 -2.268561722534199 -2.264842129402529 -2.2497262613562476 -2.2278742709691306 -2.2019435099282507 -2.173107560944477 -2.1421000461821413 -2.1096893549168123 -2.0823541500044196 -2.0658001346686286 -2.0596391052057377 -2.063461619266404 -2.0747757412918544 -2.0924832336064325 -2.153993716765996 -2.265374243607936 -2.3544399591027956 -2.4175785441578155 -2.4495585326776657
