_RESULTS/CROSS_VALIDATION_POSTPROCESSED_CLR/MHZ/IZ/4comp/1/MHZ_IZ_z_1000_kriged_reverse_4comp_spherical_1.asc
ncols 100
nrows 81
xllcorner 5.5967107548124995
yllcorner 50.982328804812504
cellsize 0.00017565037499993607
nodata_value 1.7014100000000001E+038
[rows 57 to 75 of 81, columns 0 to 42 of 100]
-9.315204595239651 -9.387226280203802 -9.42284411211579 -9.425608297724366 -9.409214761915067 -9.389822962243443 -9.374399107577233 -9.368871486637875 -9.395999966289445 -9.482411682579215 -9.624156747788936 -9.814020888522148 -10.042032992072198 -10.296543791689816 -10.566317880360806 -10.843182491110852 -11.123887102574951 -11.392572886775241 -11.587281292528779 -11.71085183259722 -11.79063579673847 -11.843086146575018 -11.87381813023034 -11.883481815800863 -11.81739611858643 -11.302765837168279 -10.588340614551509 -9.887354227890352 -9.23232299670188 -8.642090578771025 -8.132770743447349 -7.7072813305504235 -7.328537632652949 -6.9929700507088794 -6.703026944181709 -6.448675954065501 -6.2282467458970645 -6.042082464106995 -5.891021968444997 -5.777970820367913 -5.70517874275254 -5.671376559934565 -5.612791608169662
-8.955386342767385 -9.055169185969982 -9.13093663371313 -9.18177683047078 -9.213629628041618 -9.243306771881088 -9.278713898838795 -9.32414249211271 -9.398689679017005 -9.530059131638787 -9.713776524649159 -9.9413307731068 -10.200454738580538 -10.475940654178833 -10.752606906890383 -11.020248882046761 -11.274644224334896 -11.488342719728545 -11.663006984167342 -11.789915539459184 -11.874412276448577 -11.922854344600013 -11.934472731481407 -11.88947205747757 -11.717969813716813 -11.325016929218373 -10.771450476998288 -10.176631705944494 -9.600647139478061 -9.071518819920069 -8.6062624956713 -8.197553988318532 -7.819545123956904 -7.470038500006427 -7.146789240198628 -6.846257270052052 -6.571160687271391 -6.3238968039916985 -6.106920575954997 -5.924317446482205 -5.780382448225575 -5.679003764211989 -5.56800737784951
-8.617520688494249 -8.725718179869705 -8.825541322321428 -8.915902410552025 -8.99481313825293 -9.06744889503676 -9.147681588046442 -9.23923220746073 -9.356096360826607 -9.528499178114558 -9.75282227327038 -10.019794264550075 -10.314790659730821 -10.617224482359163 -10.903870356811439 -11.158898792107681 -11.367280088577903 -11.527059450231924 -11.667451513956014 -11.78803012772148 -11.867065781892894 -11.905374648724388 -11.895882749240569 -11.816704484318286 -11.629415398697976 -11.306198878208416 -10.872110506794748 -10.385063814475474 -9.893442651388806 -9.428289454469223 -9.005570488386482 -8.61488216047573 -8.24677728480859 -7.8889613813074035 -7.538118999390937 -7.198865623274875 -6.875911021822642 -6.573553318868079 -6.295920122706506 -6.047696802974757 -5.835103350372423 -5.6637668445660045 -5.500581898320956
-8.308856596258453 -8.423259895950933 -8.536654497172162 -8.647800923127223 -8.756977309767658 -8.865672274740938 -8.981757605959423 -9.113080857196621 -9.266827368960843 -9.47460998991037 -9.736275264883712 -10.043250116946982 -10.380891761289252 -10.723792919963131 -11.034791484980513 -11.275454042823688 -11.426692415102263 -11.529557104444528 -11.61725302099551 -11.700379058775287 -11.768218894543402 -11.795016381630886 -11.77198055273201 -11.683379881387774 -11.510337784481944 -11.244268724391388 -10.89938545050414 -10.507064026835614 -10.100226370709343 -9.705007081245231 -9.329250494480814 -8.965340474745862 -8.612813705899464 -8.248082186337552 -7.876281156482943 -7.504652122756809 -7.13989712833447 -6.788120932740415 -6.454942001690617 -6.14580567894368 -5.8675591383046655 -5.62743771841442 -5.403747338417425
-8.031326208296157 -8.149701334639069 -8.27340442972382 -8.401102995115727 -8.532738783325247 -8.669330600110506 -8.812734841143001 -8.971122024510706 -9.152075108144974 -9.38579521823815 -9.679309634120557 -10.026793319203225 -10.41698761285011 -10.82379463587522 -11.179439311712517 -11.3793190906844 -11.449729929490616 -11.482044432531062 -11.51162477375511 -11.545681794871086 -11.581077727556817 -11.601891391190359 -11.577985593973544 -11.498011609513082 -11.352811087501255 -11.14037510365713 -10.870209539175091 -10.561183727502996 -10.2350249538978 -9.91111702981632 -9.585463430378887 -9.255210335604566 -8.916160570866895 -8.549068045516409 -8.161396108612713 -7.762531800563679 -7.361304009225098 -6.96558554454061 -6.582276078567657 -6.217620713218688 -5.877990662042216 -5.570293300592329 -5.2728256686622075
-7.787304456177877 -7.907164070863499 -8.03780355064142 -8.177803388349025 -8.326831789246775 -8.4855177904906 -8.655275193025114 -8.838106263303484 -9.040897098213497 -9.289315788127585 -9.602442730194305 -9.977370405442974 -10.409749530293503 -10.884975801209658 -11.322266793993409 -11.44364024038757 -11.398984147826814 -11.360224755891764 -11.3398167611324 -11.334014549658601 -11.335287352016087 -11.333909738347039 -11.317003989042856 -11.258392086705392 -11.149215300544178 -10.990086767536893 -10.788027392131864 -10.555304268347228 -10.30621205999557 -10.052969429697718 -9.781032367685889 -9.483059004384863 -9.159787144038795 -8.79375533711237 -8.393569615708351 -7.971322266421673 -7.538296911597449 -7.1041319430249725 -6.676764177432516 -6.26284729263838 -5.868419497382188 -5.494144384558904 -5.131589882957904
-7.579676724367693 -7.69838229992372 -7.832543709876356 -7.9806253243088285 -8.142017726807822 -8.316948072583298 -8.506353417305451 -8.71172423026982 -8.93483659676188 -9.187755869207907 -9.503795671060498 -9.8829054114454 -10.315181798926893 -10.77613393758158 -11.221168498496393 -11.29177998677194 -11.206249048934005 -11.139394967300383 -11.094477197535648 -11.06614220146599 -11.047092386911215 -11.028985767055154 -11.003017579681014 -10.960888436016749 -10.892751466370516 -10.78774622089283 -10.650885417925014 -10.49080254837203 -10.316970353758371 -10.133509171855149 -9.912820283909463 -9.65087474290036 -9.34680798072624 -8.983219836443011 -8.571836999079343 -8.128708657211698 -7.668095786670887 -7.201316679366748 -6.737004553967609 -6.28182848415464 -5.846917166059599 -5.433710821583428 -5.0288146841843835
-7.411877676966975 -7.526747757015615 -7.661073648251568 -7.812180296411061 -7.975375818972112 -8.152556670233585 -8.346557259099027 -8.560091932457047 -8.795491675053743 -9.054914934160207 -9.361720117743456 -9.714876539513615 -10.094925387541675 -10.470555026918245 -10.766660406394053 -10.878790829146444 -10.865922711469263 -10.822581271572087 -10.781466893023886 -10.749085057095362 -10.723657813817946 -10.700466815391282 -10.673884420851293 -10.638649495267842 -10.59097247074218 -10.529381810831968 -10.454456551098785 -10.364878959225964 -10.261894728575854 -10.143312162652169 -9.97987085127355 -9.761469039187926 -9.479179449319458 -9.116585306033368 -8.69272123926167 -8.229989945243858 -7.746006789873877 -7.253329084174747 -6.766529019352284 -6.298536817013153 -5.855937074887888 -5.418343099818446 -4.983644312680136
-7.287898569969953 -7.3928595265341 -7.5105967609116995 -7.642724211202337 -7.791662063897545 -7.959979838884921 -8.150162969843883 -8.364325872691309 -8.60380049254713 -8.861973532337041 -9.136390799890876 -9.440997019775244 -9.758124045778988 -10.05667687274614 -10.288084226011616 -10.413227166859256 -10.453924020602717 -10.445210362495184 -10.421359714214127 -10.39709280562065 -10.375692366873793 -10.356317016460793 -10.336513230758154 -10.31372186536779 -10.286311695064828 -10.25413871054512 -10.216460540348566 -10.174194153599172 -10.128879767667074 -10.075933959125928 -9.979686899428069 -9.816373980768429 -9.557164067964603 -9.18952469192357 -8.750753397448753 -8.274505704039383 -7.782818466088061 -7.290627720360946 -6.8093132847330535 -6.3484484854636705 -5.9017176517825325 -5.454052433981882 -5.009764251374921
-7.196074631985902 -7.267368287090354 -7.355807385291307 -7.463654875139671 -7.593390359842219 -7.7474953263568604 -7.926177042200332 -8.1268933338833 -8.347159853820749 -8.58254521420769 -8.825904711572674 -9.082053693527675 -9.346879872767982 -9.593147516519462 -9.789808247957577 -9.919541284264541 -9.9966721330082 -10.032953733807693 -10.03978016901377 -10.02856704724918 -10.01663656828213 -10.00641405678237 -9.997676170382917 -9.989094800909156 -9.979918097647623 -9.970370333454515 -9.961891912906268 -9.95697810233693 -9.958445310363762 -9.964878844266122 -9.943220945686154 -9.855641622480547 -9.618636739876834 -9.232731964145415 -8.780785221520102 -8.303272263340336 -7.818667526511974 -7.338889557329778 -6.873622357478416 -6.427034353219344 -5.981693221591375 -5.539385681510225 -5.1064272965381905
-7.109421721953235 -7.143820342832437 -7.19807524945379 -7.274294873111526 -7.37417242442603 -7.498767929470247 -7.648234702342595 -7.82148476264443 -8.015784025284376 -8.226261324473954 -8.445317866735266 -8.663164730105033 -8.884161778033999 -9.094152183846898 -9.271264669734952 -9.40596832374616 -9.509084987054592 -9.582194526192499 -9.629023682813791 -9.652113188014715 -9.65373280860754 -9.65237062840816 -9.653017497692014 -9.656091693429204 -9.662134610531188 -9.672330745606077 -9.688805369154368 -9.714700745951156 -9.754046860635174 -9.810125022159895 -9.861783042773338 -9.894007017325569 -9.666213594106667 -9.235146644961912 -8.779235099931096 -8.314294986518695 -7.849820497277935 -7.394500334507159 -6.955894305558863 -6.521427033738896 -6.088840901960789 -5.664717367557901 -5.257825723840047
-6.9918131672351915 -6.986748569232144 -7.002228505209375 -7.0407199935518285 -7.104300440791216 -7.194406048926223 -7.3115144608467775 -7.45476805972426 -7.621555155523922 -7.807080704420236 -8.003986196868945 -8.202145750773695 -8.391319247200101 -8.574653705062152 -8.739040715085524 -8.877548513041184 -8.999618144892393 -9.102103123198646 -9.183723443708567 -9.243749829844278 -9.28068931384787 -9.293854453660575 -9.303786215597903 -9.317894940977926 -9.337396922586692 -9.363893789603631 -9.399586577503586 -9.447311310923503 -9.510342516504647 -9.591564089877215 -9.67015491030771 -9.70477098915593 -9.51627035374677 -9.142319551889816 -8.7272962034116 -8.299948015219504 -7.872588554147781 -7.454847946168653 -7.040038495294799 -6.624116167822061 -6.213552152712902 -5.8162210417266635 -5.442393476518373
-6.843085875375366 -6.795655557551278 -6.769212575657204 -6.766680689257962 -6.790674368907784 -6.843220541933488 -6.925398964281009 -7.036918859088432 -7.175675217914751 -7.337357043084558 -7.515209165181929 -7.700080446138589 -7.880918875642429 -8.047957004371597 -8.20449667168663 -8.34685316387296 -8.484031564693359 -8.610713725864102 -8.722442637011103 -8.815951180498221 -8.888217156067686 -8.936032332530797 -8.959286693154105 -8.982687601242574 -9.013094588419232 -9.05202117483962 -9.101161064823073 -9.16217594015017 -9.235988489964058 -9.32083386069931 -9.393985927351938 -9.39174370423548 -9.24675455350953 -8.973016063562788 -8.632251746785048 -8.26391153124146 -7.888660450939178 -7.506731098104929 -7.117469512988738 -6.728060916264472 -6.346123280757575 -5.980422522908258 -5.641605332589473
-6.671264911215458 -6.578824344015074 -6.507528390088813 -6.460862453734989 -6.442153494241834 -6.45427371486719 -6.4992330848775595 -6.577683117147381 -6.688398623805434 -6.827850078279948 -6.990005931750149 -7.1664943310975096 -7.347201691051614 -7.521290131426175 -7.679077260607241 -7.826347077442021 -7.976593037014017 -8.12406025436433 -8.262162828584184 -8.385738681608919 -8.490400207329456 -8.572116545549928 -8.627028037130792 -8.659881440247341 -8.698519504829267 -8.746442175519453 -8.804580248779061 -8.87328451450118 -8.951428013577493 -9.034611303578973 -9.105741041036122 -9.099890243073006 -8.99109212617895 -8.788257530582332 -8.521204624365566 -8.218896089092205 -7.889699046702625 -7.541816987674144 -7.184924633221183 -6.827618590678144 -6.478452525820483 -6.146627190816154 -5.842471591971382
-6.4849674147793435 -6.3451681956159955 -6.226303827407311 -6.132513013881316 -6.068015160753571 -6.036812463875949 -6.042227776815245 -6.086290364526645 -6.169054886927789 -6.288021456188991 -6.437865187131397 -6.6106351599991235 -6.796449694573432 -6.984558481594618 -7.164529084252635 -7.328623290604917 -7.4911759000730305 -7.6571515194795206 -7.818666495198192 -7.96915765913444 -8.103122519911766 -8.21574266066117 -8.302633947709577 -8.359695410061713 -8.40426147944084 -8.458682942042188 -8.52322258895883 -8.59735400252795 -8.679091795389343 -8.764065016611676 -8.834570481500865 -8.840774698161828 -8.766837396746144 -8.62001515518051 -8.41448322783772 -8.159869763127027 -7.871298612861325 -7.561439269087002 -7.240826375735889 -6.918866634364572 -6.604619319996442 -6.307325610041783 -6.036690581116418
-6.293408388317496 -6.104267531954226 -5.935361206222787 -5.791531446231089 -5.67804774015586 -5.600344904996194 -5.563513877535691 -5.571513623795107 -5.62619135551468 -5.726366305654677 -5.867337734959643 -6.041089534208315 -6.237187683774542 -6.444086573726709 -6.650456004264157 -6.846293562742159 -7.03684045512232 -7.224723982001015 -7.407208751458991 -7.581705055675268 -7.741875075682018 -7.88225241679935 -7.997971081023294 -8.084553627718927 -8.141510010114324 -8.200940481036088 -8.27088780145608 -8.350486941564448 -8.437831467858599 -8.527246674994183 -8.593715514015278 -8.618428489950222 -8.577654239019896 -8.469026418849795 -8.301268815576249 -8.086824134510135 -7.838375608168281 -7.567528869914644 -7.284680033316585 -6.999369278161368 -6.720699704107773 -6.457649592566769 -6.219200921340527
-6.1012053166216464 -5.866434100923124 -5.645347032303986 -5.4486613783482705 -5.282785603572946 -5.154876822521993 -5.072340059710973 -5.041824825262252 -5.0677439633803925 -5.150696753598961 -5.2864946729847775 -5.466369955773196 -5.678335297214115 -5.909072875946291 -6.1456457922328775 -6.376646819062174 -6.599298805958371 -6.821086372852352 -7.03562884631731 -7.237362057557244 -7.421846951090127 -7.586756091028952 -7.72809264652192 -7.841095699043727 -7.921264546307522 -7.98523122092934 -8.060636298153181 -8.146862548406054 -8.242270827092586 -8.329242902974801 -8.391526313332378 -8.422094627686764 -8.399131587074505 -8.316809853635908 -8.182133303997702 -8.004525312212246 -7.794317268900462 -7.561730893606976 -7.316474107595476 -7.067726722330961 -6.82427273132277 -6.594620191315617 -6.387016910234491
-5.909672503670905 -5.640256318837982 -5.367912489316863 -5.115797401487253 -4.893922849029918 -4.711363333122983 -4.578458625503085 -4.505645989120362 -4.501201217544027 -4.568370909234502 -4.703345639311705 -4.895500013415894 -5.129814847003284 -5.389974362677483 -5.660735485660566 -5.929149263519182 -6.186388258851861 -6.440077437211822 -6.687034399461299 -6.92115971776452 -7.137476906029092 -7.33173997063826 -7.500100558456025 -7.6388321581718674 -7.74410211985896 -7.818303341669298 -7.898111823094063 -7.988933562958415 -8.078562631618714 -8.151451143247057 -8.20260060044957 -8.227995963233552 -8.220751263194884 -8.163157080232692 -8.05878052540463 -7.915194142118828 -7.740990952482157 -7.545082907058089 -7.336285936080216 -7.123148497639557 -6.913911074514083 -6.716492606416009 -6.538431235886096
-5.726777345683043 -5.424643091009575 -5.113957153705476 -4.806393920095838 -4.524955162193514 -4.282494689278713 -4.092840994829395 -3.9717762935666254 -3.9337630134861135 -3.9864959413069583 -4.126369083184519 -4.338833190206325 -4.603399268133576 -4.899164091003982 -5.208012376039794 -5.515544837515417 -5.810829093352661 -6.09408051046116 -6.370114713787434 -6.632771452362264 -6.87689545729409 -7.098050667446824 -7.292213223777612 -7.455525248600377 -7.584099729736338 -7.674525696574463 -7.757874274758877 -7.8439460732862845 -7.919465566881345 -7.980250527247894 -8.02252066977748 -8.043377646315276 -8.041299329369249 -8.007352762847082 -7.931348541599331 -7.81950279076932 -7.679132395584119 -7.518026033574332 -7.344092864489251 -7.165146139600386 -6.988778476319086 -6.822271916006338 -6.672495845927885
