_RESULTS/CROSS_VALIDATION_POSTPROCESSED_CLR/MHZ/IZ/4comp/1/MHZ_IZ_z_125_kriged_reverse_4comp_spherical_1.asc
ncols 100
nrows 81
xllcorner 5.5967107548124995
yllcorner 50.982328804812504
cellsize 0.00017565037499993607
nodata_value 1.7014100000000001E+038
[rows 0 to 19 of 81, columns 0 to 43 of 100]
4.112258169539562 4.122481949926213 4.144998716930367 4.1787299182973205 4.220083435638127 4.262756797975334 4.305031096626901 4.344928501118352 4.380060631838427 4.408554282419302 4.438408892999764 4.468803486547076 4.496492021701972 4.5193387267493215 4.5333940486669615 4.536841370465614 4.52893968768577 4.509475908424025 4.478532738964814 4.436215024493842 4.382432398330376 4.399507584717973 4.449084160424421 4.484578879466366 4.5053565636848605 4.510979409634592 4.5007445316202634 4.478894408651164 4.449746433888753 4.417844062443911 4.381155694407029 4.335636275080826 4.2841698968430615 4.22935515912798 4.173278984636466 4.118545521880159 4.067670851730671 4.0229539009405 3.9874143842122676 3.968630485319598 3.9662592542934276 3.9690530263720314 3.9758241355589776 3.9866874901670224
4.095978701137065 4.111128457593346 4.139740487697576 4.180822169978134 4.231042064012848 4.284082699102651 4.338206875977038 4.391286492429929 4.440623393728245 4.488197218130036 4.540932510976906 4.59383729386467 4.639631569934173 4.6738618341245814 4.695877844920663 4.705771691631221 4.703170889916746 4.68866202530538 4.663720846970216 4.631608200442342 4.604123840175484 4.612431082495733 4.645568786609077 4.673546572236739 4.687447001208152 4.683373903879536 4.6606666386293565 4.622244565663656 4.572541672241595 4.519000626573937 4.4658082370288525 4.405117692363525 4.337522172218987 4.266449690841442 4.194995150294254 4.125986538350979 4.062040333671437 4.005589752787345 3.959941432225158 3.932843613591752 3.9268251669039316 3.9325073505457113 3.9441626246449077 3.960542717824112
4.071134346636829 4.09047047269193 4.124528755510248 4.172413652396405 4.231372573507164 4.295039000072807 4.361727036661002 4.429132919672665 4.494389636321905 4.565003247635729 4.639743794933031 4.711492471495824 4.775452788928756 4.826953582354648 4.862062365348421 4.879618262840504 4.883456008466482 4.875872154297913 4.860505534501507 4.843210934311257 4.833612124280996 4.841056990876565 4.860610245961744 4.87752907247447 4.881074368313528 4.8641386597195995 4.826397887754329 4.7713496832432 4.703954284925739 4.628135222028837 4.549836113951472 4.469710861454608 4.383829901183759 4.295681335885944 4.208369700074863 4.124727204541067 4.047409789671321 3.9789648241230666 3.9232890941636125 3.888298209407884 3.8767695034234513 3.885657234179815 3.902719860632576 3.925772982192067
4.037405163531386 4.060038431956902 4.09875396564729 4.152763151659929 4.2200113799895425 4.29414993312024 4.37402068724883 4.45682343996633 4.54067336682529 4.631174822702389 4.724782677116061 4.816414851756969 4.900354730021146 4.970756269856735 5.022654514632243 5.053216018218512 5.063491180841918 5.06185653405921 5.0546409101117 5.048346080441622 5.049214828073684 5.059971162566571 5.075836864287851 5.086185195158841 5.079933924072709 5.04882808581913 4.993393606469732 4.918592275055794 4.82852123091841 4.729455329075391 4.6274391927526 4.525890070470913 4.4211725845913525 4.31569148113324 4.212431091845126 4.114120524148061 4.023366689336981 3.9427795456443087 3.8772537953480994 3.8347223038899414 3.81861015653274 3.829407797694822 3.8526435984717478 3.8832030643856914
3.99457276098833 4.019440890406611 4.061874639452534 4.121259537599978 4.196253049762436 4.280551646194066 4.37401085360413 4.472183559654192 4.571137791026381 4.679206856600694 4.792629648385307 4.905792845171922 5.011823333972408 5.10300453331874 5.1723218225907015 5.216004436892568 5.235246152248977 5.2365786254203535 5.233373192062393 5.233664269659973 5.2422544353431295 5.259480534624349 5.279419588981871 5.2904084660869195 5.277925577555644 5.232233436226588 5.155426211901981 5.053491278164397 4.936603339719939 4.8133351063914285 4.689972862688112 4.570455644669995 4.447511885692471 4.32504389045421 4.206274470841346 4.0937220781368655 3.9898291279422216 3.897145913495171 3.8220678015693528 3.7721496026229073 3.752388244560991 3.7648125443048346 3.795422667252563 3.834582323908953
3.942551377198776 3.968373679120056 4.0133658505052265 4.077200859812832 4.159195719151331 4.25493855182186 4.360491293504018 4.468047911931658 4.5805131906719065 4.705765779484527 4.839433519966327 4.975641049723348 5.106364086284287 5.221093420874851 5.3086570580179835 5.362679640421125 5.386277695753393 5.389410545949657 5.3849978464881225 5.387678069522007 5.402473560133338 5.429115263785938 5.4607849642037 5.482266284407473 5.469930187189762 5.407805750295783 5.300461273070533 5.166679677775905 5.021646598884058 4.874595027689892 4.731226578458736 4.59545176831676 4.460427072063543 4.322344146774645 4.189157284500277 4.0633946972164185 3.947225457463097 3.8431480942036784 3.7588506289846815 3.701246772777418 3.6780541701687675 3.6933345243980105 3.7333038735097555 3.7823306406517103
3.8814427113147127 3.9066671387367373 3.952735713767259 4.019668737858423 4.107082067460312 4.212591861526983 4.325926063002901 4.440759815261555 4.565722771994918 4.706833309105763 4.8600773431599915 5.020039972350045 5.178410647936108 5.321489520032623 5.429721126112581 5.489210130891678 5.507707497624858 5.505162350348231 5.497352139287415 5.498236150011991 5.517289828568412 5.554780118579796 5.605207067209731 5.65161633059841 5.65156976385065 5.563409607001512 5.415529583380286 5.247054583269126 5.075269863870947 4.907392769051371 4.747295493781709 4.597706330372797 4.453954551567305 4.306381291880107 4.160561362484817 4.0233210326147315 3.8965551975602777 3.783263302711623 3.6906145156454073 3.6240467083680494 3.595775285350155 3.618043151459488 3.6702365139588577 3.729827547880786
3.8116223813697028 3.834392410985959 3.8796928387870233 3.947936144124004 4.038999409073116 4.149731724097158 4.2673109151807305 4.388688907657736 4.523889238092374 4.678172288681364 4.848276251425005 5.030187848746142 5.217612845530208 5.396878328821508 5.53419404529121 5.589616999984131 5.58724135914129 5.569542225371377 5.555475877224513 5.553015366160938 5.573084457944825 5.618507387918533 5.6874952857767465 5.772726368021863 5.816907825957749 5.675115245366661 5.477346739747222 5.27950252380113 5.08839215520357 4.906332155017402 4.735015334446121 4.5761287961356665 4.4262011961813785 4.273921689098347 4.120195981919495 3.9738409641939216 3.8390634804106423 3.7206942801387615 3.6234474701800217 3.5498057963634464 3.506028840204852 3.548803480788108 3.612883823983619 3.6811029076183277
3.7338514641546503 3.7519944472268754 3.794329550468074 3.8617647353679865 3.954272797335477 4.063914053563824 4.184481995075157 4.310985396866983 4.453237270555813 4.616450889528202 4.797846192015094 4.994835501961439 5.204771689297132 5.423111279561124 5.620004631570875 5.642773107403366 5.601186815047724 5.566412847809403 5.5459723373157095 5.541999906488946 5.559223718611498 5.604347832319644 5.675497377642268 5.76562124067944 5.8227585039534295 5.661628840133898 5.454194729770134 5.250544955468786 5.054727947782097 4.868392452973469 4.693034031789448 4.530319134501073 4.377629444264825 4.22329672180789 4.067637089661816 3.9151632557998917 3.7761959403115255 3.6576714151876084 3.562789282996151 3.4962571924730077 3.4703978893971215 3.5025333035958455 3.5669948713387525 3.639016433275738
3.649408787291027 3.660425369812166 3.697237990578157 3.7614601337468336 3.8510432475109715 3.957288605580776 4.078297040062371 4.208361228935918 4.354051284062194 4.520923896734471 4.705755044950132 4.905681726316266 5.117932865378001 5.338013654275708 5.536460143989745 5.558874779376819 5.5167697599051095 5.481756680597395 5.461513239618089 5.458042446886584 5.471870737247882 5.509109928259027 5.564594830077649 5.61505691670277 5.6113011566724 5.5082806542743 5.343404529898998 5.1601414476421565 4.975085997233921 4.794737187131948 4.622675847908997 4.461653129143805 4.3097562765518145 4.1558915433824355 4.0009459653615185 3.847232167341896 3.7085296938258128 3.593472267545777 3.505754738071686 3.4513700460348082 3.4375169434354733 3.468365103337161 3.5304026783252014 3.6034687415992503
3.560259155747448 3.5613007370757224 3.5896053135649364 3.64784125432746 3.7304301852684913 3.832269116918748 3.951399554399244 4.083518578998472 4.22940229702021 4.394853421504548 4.575344320512664 4.766065753218593 4.959949337958366 5.142903466481355 5.281566724034276 5.3364274507080385 5.332851794939971 5.314693131424802 5.3017846878784844 5.3012314894991 5.3137415102508 5.341839661029988 5.379596976640887 5.402619365956381 5.383834387684843 5.305368602377165 5.177837389878933 5.0232101442450965 4.857846051075596 4.690909780157588 4.528052557401431 4.373398311294924 4.225243825895101 4.073765333115628 3.920856680043106 3.7706881031796007 3.634818396621623 3.525136066101919 3.446002060240842 3.4026384948872224 3.398522387840097 3.4344247067444784 3.4973760613999887 3.5720399852442926
3.4692809486721634 3.4570453519414106 3.473159606084119 3.521083581950643 3.5945443673580924 3.69176781819051 3.8092673807557844 3.9411359845972482 4.085302427778016 4.245595632034402 4.415998756667573 4.58896963672965 4.75595953594245 4.903550979349809 5.012807517132915 5.070881705315725 5.087231395146792 5.084022554532304 5.079203391111888 5.082647617116071 5.096703212329496 5.120367186413522 5.147762127964581 5.160238899103846 5.141887146424296 5.081875623976469 4.983542335539906 4.857600481844298 4.715002037473094 4.565238486110332 4.41535670896693 4.270349010692943 4.127475987874989 3.979213553907274 3.829467363625514 3.685571460260255 3.554514859716006 3.4509624380307184 3.3808363956642435 3.3483745746836377 3.3548556602278925 3.3990363383687106 3.4655536664865 3.5432721636266074
3.3790803602175026 3.3496770521673045 3.348921126764212 3.3813253152494736 3.4441960271726093 3.537962291186682 3.656066094797346 3.7887087438352363 3.929462355772727 4.081798133441354 4.237634613567267 4.3901313423080905 4.531373664916834 4.6512059583296885 4.7392279591960556 4.790418987909543 4.810130095894081 4.811695384205185 4.809951124654524 4.8161967403506445 4.834371749546987 4.86074599811142 4.887530414393022 4.90144544955532 4.891401110465834 4.849076262026718 4.775009519310178 4.6750525619780525 4.556653391751634 4.426754868587023 4.291603844587065 4.1578470315866305 4.020613507965867 3.8762764900850257 3.732048418177449 3.5938456690781724 3.4681678092295853 3.370679858315179 3.3100448050183213 3.2896084333438043 3.308714209354986 3.363109728292039 3.4351872393491973 3.5172798078474825
3.294628787387085 3.24481634644826 3.2216195289161638 3.231840023945459 3.282348818929643 3.3763164447953216 3.499549832218747 3.635394490171432 3.7712410851029454 3.910758966878745 4.051506354788817 4.184748301710877 4.303350332272937 4.400048848290226 4.469081706783749 4.508072039009205 4.5206352235726275 4.516425098299291 4.509605418854088 4.51526605433755 4.5405438062510175 4.577290030598618 4.612997717891826 4.636667798335995 4.639506274755964 4.615257827804183 4.562978763066637 4.486380816532375 4.3907633103392385 4.281416265704887 4.163508090298035 4.041588123547844 3.910412591112604 3.7725548862776845 3.6333782344381005 3.4990541027629383 3.3773721491648736 3.2850058578805212 3.234699470362339 3.228650793363718 3.2633137437962363 3.3289870216799406 3.408026916576958 3.495292555282424
3.224042649876289 3.1526201593185657 3.101488791035342 3.0785142861919375 3.1130335864086005 3.2172222411941593 3.352574147014806 3.4914461842076294 3.6226756032064347 3.746857344441747 3.869156351599101 3.9836048136455022 4.082440276088315 4.159749496700082 4.211109161290463 4.235328458397913 4.234618796113064 4.215738884436826 4.192930354618239 4.19129414727816 4.228768639702238 4.285577915513643 4.338248485719102 4.376689090975487 4.394340969554485 4.387906883932695 4.355643897918635 4.300263530633606 4.225506250547911 4.135852041113463 4.035908735442377 3.927941252152958 3.8058856841886466 3.6747787688845754 3.539583115148676 3.4065638196300174 3.2851764870808253 3.1953277142346987 3.1568758442074794 3.1695130347498472 3.2235082577015066 3.3003181041186487 3.386897520530941 3.479322245353516
3.176504951597469 3.0876304800717227 3.010509471519649 2.940867250642551 2.9451831950792484 3.0858090565791834 3.2329038295388948 3.3700583567767755 3.4937353856103495 3.602393500467418 3.7042981666728902 3.7974641190917837 3.876853324659537 3.937064854704356 3.973361943390618 3.9836637152218892 3.9686091980087466 3.931311340061199 3.880099485223519 3.8536279328113494 3.9183119089929077 4.006638463429957 4.079002801806534 4.131049270911432 4.160837310296747 4.168354308986668 4.15293724853581 4.116052082182146 4.060957260055591 3.991609299468212 3.913226869817051 3.822335744278142 3.7133930782643683 3.58993373126337 3.4587199244882836 3.325138493844365 3.1980335725003015 3.1036486842410733 3.08063536639436 3.11998134971756 3.1948803802199004 3.282156773962339 3.37533182649896 3.4717474981860494
3.1589688143381784 3.06299129357227 2.9795969127285957 2.9072012976786614 2.9079739973032184 3.0280544821657864 3.1596315712581724 3.2825570458897486 3.3922414359036597 3.4856700601543955 3.5657302376669358 3.6374587667349756 3.696643343866663 3.739277896859949 3.7620151338302463 3.762311196986185 3.738468459645054 3.691354254001981 3.6226974167256465 3.546983733826457 3.6600865604627293 3.7639266181392625 3.8421488899889766 3.8994874552353056 3.9363758737716417 3.9537515066758124 3.9522884831419467 3.931983120198201 3.8965440081297436 3.8496141705151086 3.793393615669645 3.719642881410024 3.627829733199177 3.5195962134386627 3.3987544424635936 3.2688328632989334 3.1341875338052474 3.0149683809961028 3.020799684832734 3.096432143620823 3.1862858211181404 3.280226329308745 3.3768007808984835 3.4747251309924443
3.172403510132571 3.0790828831676693 3.0067885110448005 2.962514735557405 2.971191129626665 3.039266912910472 3.134073346804699 3.2316547052135207 3.321498577724083 3.3981897421641474 3.4585784667847808 3.508898269784814 3.548980710639287 3.5754365339770295 3.5856463484810392 3.578033836414108 3.5524525619432814 3.5112945948941787 3.4641505670744994 3.443359188658448 3.4920332197588984 3.566179312968908 3.632973080075985 3.687036332843968 3.726247064891881 3.7506464604450995 3.760897535621899 3.7575219257919734 3.7418852760258283 3.716964285811235 3.679207121245234 3.6229983698745967 3.5497925623358446 3.460930537194924 3.3581552443460776 3.246371276407248 3.129399100496429 3.0294637067568146 3.0404743679603667 3.1180869991488898 3.206099483200881 3.298515612198514 3.393444076518387 3.4894872003388278
3.2121950918512328 3.1249803874044986 3.0640846941250066 3.033983166777453 3.0389280337385465 3.078842084535375 3.1415479436040927 3.212140229803156 3.280137144241908 3.3389347134865957 3.384154450212567 3.4145864914869515 3.436534211951292 3.4483742983068444 3.448240741377144 3.435616992728693 3.412018067363811 3.379374276323104 3.3468154781187796 3.3356644498353316 3.359314545420381 3.40360702232854 3.4530116951275387 3.4994004393740665 3.5381536561179865 3.5674573742073172 3.587150382898856 3.5984042997322163 3.601459032411668 3.5958258365809925 3.5738324734527227 3.53560268140561 3.482416919829808 3.4157097757752934 3.3373773605693486 3.2527926899555135 3.172201972658695 3.120735990245413 3.1285835776252817 3.1804126565046262 3.2533762912472 3.3365819846655094 3.4249976265880546 3.5158391552715225
3.269611867883684 3.1898688013071723 3.1353053783818 3.110380351966778 3.1089314730052973 3.1305943918175925 3.169536969670604 3.2168768896798245 3.2644719848516632 3.306122291972111 3.3373794626490474 3.355155515563559 3.360249991675138 3.3584570989628357 3.3489921925220205 3.3321642625726784 3.30613210447395 3.2740750200488398 3.245545955333892 3.231854719939168 3.239820950815184 3.2645236771527015 3.2993767557799227 3.337564637431156 3.374298185998821 3.4067741787304464 3.4344234533924 3.457887313342555 3.477769729968199 3.4856258264737825 3.4790656341412634 3.459023062491406 3.4266623654190713 3.3835548032596607 3.332092218763311 3.2769501955053193 3.229209614465649 3.208722833448836 3.2219018367127923 3.2614661014984856 3.3188694211059167 3.3898431599159298 3.4688900005708105 3.552188161274477
