_RESULTS/CROSS_VALIDATION_POSTPROCESSED_CLR/MHZ/IZ/4comp/1/MHZ_IZ_z_0_kriged_reverse_4comp_spherical_1.asc
ncols 100
nrows 81
xllcorner 5.5967107548124995
yllcorner 50.982328804812504
cellsize 0.00017565037499993607
nodata_value 1.7014100000000001E+038
[rows 38 to 56 of 81, columns 0 to 42 of 100]
-4.5624448722733115 -4.577310072417274 -4.653845857095063 -4.772331896804257 -4.9238657593615915 -5.10639503182626 -5.329447425113718 -5.619658309112721 -5.973034127405633 -6.372319151568946 -6.789884672668691 -7.219106512718178 -7.660287423404215 -8.130836965439206 -8.616774566957027 -9.115193827095382 -9.604017224590184 -10.039602402519842 -10.356608528284129 -10.50917420597752 -10.509805628862665 -10.436026988331793 -10.341818486758655 -10.256062462504739 -10.200981819487335 -10.197714743838109 -10.259797884950578 -10.388410386971552 -10.549555420813585 -10.730260930957336 -10.918369575161803 -11.11121036365046 -11.309254551642793 -11.483407479924928 -11.586054203458545 -11.49596052695004 -11.333764970119262 -11.19574529224258 -11.103165450681452 -11.064328219043688 -11.084855633654207 -11.16978686022599 -11.31822048251464
-3.8693403420833037 -3.8986427627618707 -3.959455697687044 -4.055854393706248 -4.189240584089003 -4.363027761559474 -4.605958434142139 -4.9257804864134815 -5.328091225320459 -5.798625875264393 -6.30075578073611 -6.823032008843604 -7.347216301147072 -7.879363747978889 -8.407846532297306 -8.910409306516364 -9.3747525346764 -9.754712487324328 -10.02724752736253 -10.189256397401792 -10.237240578255218 -10.200685433410083 -10.113527858423051 -10.004572708066393 -9.907854544181383 -9.87631127428774 -9.953248798239725 -10.125773309930947 -10.331778407081867 -10.528215289662484 -10.7156077096693 -10.901486577428505 -11.078376757078285 -11.214108258624746 -11.253533589778378 -11.221748025245256 -11.14772830171544 -11.06345581477775 -11.007180576363545 -10.998208607399231 -11.048097496547136 -11.165381424077545 -11.321619168091836
-3.4755223256656733 -3.3950811578579323 -3.384798262373786 -3.4327259289615735 -3.5322258610171655 -3.701581809949022 -3.9510528480067655 -4.282979151837406 -4.707992279818925 -5.2218207977353295 -5.803222198932454 -6.421783090274407 -7.040530309252098 -7.6361362473705725 -8.208889611087683 -8.731634062183726 -9.174591854272071 -9.521117043952803 -9.774833444225855 -9.94077599766822 -10.011410410794937 -9.994076539324169 -9.906565590257262 -9.768569574868435 -9.608100638167375 -9.513120440342707 -9.640727498472234 -9.899202372920382 -10.16465974106275 -10.405093774164458 -10.61067417298047 -10.779096818585968 -10.91581171966695 -11.008908426420621 -11.024107590645373 -11.015053654759193 -10.98329352888393 -10.938759370525318 -10.9136365640232 -10.930446303290974 -11.00464563162371 -11.141170654597206 -11.26700046836067
-3.121611136004551 -2.9879647195326755 -2.9166006819419046 -2.908876047261117 -2.9784819596955963 -3.1401680781648644 -3.3850803982834754 -3.7119941947276542 -4.136266942251934 -4.6752572483103645 -5.326452149023672 -6.042531142535528 -6.761266552829566 -7.4364248555228265 -8.055358726263592 -8.597740757912103 -9.022182740968708 -9.359420698074402 -9.602891593530892 -9.760315967503743 -9.828969996158081 -9.813336068979313 -9.723824390883074 -9.570957413376242 -9.361990922948536 -9.101689546481248 -9.382687156040312 -9.742205573256035 -10.070555056838284 -10.357700338311266 -10.593166658230802 -10.767119040053014 -10.87311591816201 -10.917858822881369 -10.912161539440007 -10.90309745945939 -10.878407166951002 -10.848812320268971 -10.839258262868418 -10.870810607305497 -10.959788970385663 -11.079639573398323 -11.12938596877107
-2.81679703577368 -2.6485092079351085 -2.538942984843548 -2.4870539463934693 -2.541198581092928 -2.6960870783940805 -2.9352238442182013 -3.248136771871441 -3.6414181252026716 -4.174226592980663 -4.923721121073286 -5.75023398380789 -6.55689020083751 -7.3068870984846095 -7.960185635753603 -8.504339819291623 -8.932856468418823 -9.252691465636543 -9.4764173685789 -9.617125149365053 -9.678325385833297 -9.663709821078843 -9.58370741473091 -9.453737155397086 -9.302777083419606 -9.223994761518068 -9.402106999409845 -9.723616230007488 -10.061422855522366 -10.37133888357467 -10.629769764529321 -10.819380137342748 -10.929272917885294 -10.956985657537832 -10.923479940023327 -10.89310036577322 -10.848894246321548 -10.810192192550005 -10.79758873153638 -10.829537384193273 -10.91589816560996 -10.964841523777347 -10.922413896071482
-2.5690923121551954 -2.3762541031388817 -2.2446185227612867 -2.1776911422731082 -2.2274513907124414 -2.3859553397813036 -2.632804755745457 -2.9498001400516642 -3.320712704098901 -3.7417602486297374 -4.691728184390554 -5.611855603832032 -6.477194402920303 -7.2606310214253655 -7.936972782996783 -8.467586507517385 -8.883956495536374 -9.188498400620423 -9.396908559699337 -9.519370205435232 -9.570169480236729 -9.556978908815925 -9.496430847620847 -9.413973101587086 -9.350035548637331 -9.370069350739021 -9.52780213020219 -9.798934905213466 -10.124114085129417 -10.445876937021014 -10.723906790329629 -10.92832846423153 -11.042137901493904 -11.06507784104509 -11.017738775967155 -10.95565797745489 -10.88115892184776 -10.819402489041249 -10.789922622503058 -10.809352722328562 -10.84685656995492 -10.797622702885615 -10.652869888678474
-2.3851396236919076 -2.174987536600942 -2.0345998729981645 -1.9831574162257564 -2.042394313513306 -2.220006689792892 -2.4968846221057706 -2.859375013840298 -3.3116463684019424 -3.917695238500101 -4.7407635920715325 -5.635423215016467 -6.500414751597696 -7.292413904745619 -7.962890028328578 -8.491375927013978 -8.903350884486722 -9.201126013198232 -9.395804344711856 -9.498693720369873 -9.53121687626916 -9.51036328746236 -9.459792242670895 -9.410383760075156 -9.399528349330216 -9.466457080035056 -9.632106814229232 -9.892693171531095 -10.220960244974822 -10.564754521241174 -10.872654570961545 -11.098544404453879 -11.214620186475404 -11.223577665494666 -11.147479742635188 -11.04535302808225 -10.932612083392257 -10.832936238754458 -10.77469018153128 -10.752796398280703 -10.701828920107417 -10.549640900119673 -10.297304802613
-2.2571900571355954 -2.0410891202496364 -1.909630989729159 -1.8928697532419747 -1.9854237818449336 -2.194543965159818 -2.5138531725006463 -2.934296938720172 -3.464530662140382 -4.130439049507146 -4.915586860583856 -5.763329698193072 -6.604023629398764 -7.368059124642488 -8.021059493171567 -8.551769106900624 -8.980827480519405 -9.289763401662343 -9.474375542963788 -9.555566100670209 -9.554436114499893 -9.506455519385744 -9.4442322473306 -9.402277007334817 -9.413184582708912 -9.502956667363156 -9.682285416628085 -9.956968324266818 -10.311985728926937 -10.701595961450035 -11.06494800167295 -11.330155245290829 -11.44630920866349 -11.423937170054389 -11.291518542838887 -11.125581451679864 -10.978298982849633 -10.841597373129922 -10.73335573480232 -10.628492782309529 -10.483490748997175 -10.230173317501073 -9.87301940969829
-2.1384093407076348 -1.9240193272158637 -1.8202938382062168 -1.8541387719790228 -2.004575655261732 -2.254164055502245 -2.6144731695913968 -3.0812319606282026 -3.657066979802056 -4.348194918022519 -5.12349519768354 -5.941110344227114 -6.7334866030810865 -7.459055768006786 -8.091217718256466 -8.626239766045176 -9.080238123223383 -9.426667699266119 -9.626120429805335 -9.68117142888936 -9.625898285394598 -9.523233393924391 -9.4226918947178 -9.362356069070273 -9.370882008517766 -9.467135158039177 -9.65825739833028 -9.957773993574246 -10.356356006846406 -10.817872747695066 -11.278242518505113 -11.621532166990269 -11.72981930786244 -11.630416839199821 -11.417123757349968 -11.178049150304478 -10.985583787451496 -10.807225517377944 -10.633988089408795 -10.440178264722514 -10.203827408199004 -9.855751677856023 -9.403302213072013
-2.0250440125424785 -1.8106105690872702 -1.7498541202335938 -1.8503619895513577 -2.0698725458629976 -2.3797023009584226 -2.7758740310879477 -3.2741325975839497 -3.8708698491299125 -4.559565435258858 -5.318089586946345 -6.086131288451546 -6.8220335331560555 -7.504071184399898 -8.111435859235211 -8.649487137968212 -9.139247134778152 -9.542836928044498 -9.787208097732446 -9.832554089453755 -9.716697525605184 -9.533100032243455 -9.36845898796607 -9.268623452565635 -9.256898537967277 -9.346326300229178 -9.543028327238087 -9.865549179426308 -10.30789097571261 -10.849438984139306 -11.450209268096135 -11.967363021106873 -12.022617194016682 -11.771336755426173 -11.469448635810501 -11.1646710066257 -10.912189115480816 -10.689645481077989 -10.466605460600213 -10.193998678206961 -9.874923414429936 -9.44281651050904 -8.913829398645964
-1.9241252134180638 -1.6976392366038509 -1.7072906380127852 -1.895368583636163 -2.187657735067151 -2.5569511599604047 -2.9914351693621946 -3.4905618466648507 -4.071905195422669 -4.733572549058259 -5.454353108321328 -6.163614092845419 -6.842000224760314 -7.475537731955636 -8.05017490788847 -8.582581937917713 -9.106434004238842 -9.58743149840088 -9.919703762212931 -9.927370600728933 -9.708052126756689 -9.45073831939774 -9.23662692758803 -9.100092853729665 -9.059521099428858 -9.131976432759949 -9.326256013062556 -9.659686506218312 -10.124519325078271 -10.707628300395378 -11.39365309699242 -12.148831956854742 -12.059833144535267 -11.696022830415215 -11.353654616556927 -11.03014739868172 -10.74081527213448 -10.488055501506404 -10.222087689423653 -9.898284850286494 -9.509343070601213 -9.00808320388164 -8.439346508737017
-1.8821171563976105 -1.5872437671347965 -1.7444751390195306 -2.0257896874555827 -2.3745007753416827 -2.773090036568345 -3.2155904157966275 -3.705697934374911 -4.2534610149197025 -4.87249831673353 -5.524996936203248 -6.1703684579956475 -6.784911772371999 -7.359715217765019 -7.886206696243988 -8.391758365519388 -8.915147189603484 -9.44855902558556 -9.972188231799144 -9.853221992616499 -9.485557250956825 -9.173617609463024 -8.932594997442902 -8.7841862411086 -8.73938928223569 -8.799832904466694 -8.99026697758202 -9.321146395833287 -9.777459345356206 -10.334082140457621 -10.93601247471365 -11.415959759202131 -11.502039745886098 -11.304466043859025 -11.035140697145799 -10.755601577230987 -10.476145108289638 -10.209632207682514 -9.913329422420546 -9.555387450670091 -9.114753543251078 -8.557536445704901 -7.9685034042144185
-2.1067399499316286 -1.8432797077960315 -1.996107377732958 -2.2841264893734285 -2.624766417834071 -3.0069558374130705 -3.43184097701342 -3.9016923349155843 -4.418346388666604 -4.973559633360976 -5.539898823235544 -6.108191169812651 -6.649298942292714 -7.1518126020808 -7.6154849449357815 -8.058107586858137 -8.51527846148966 -8.964213970353448 -9.305449609159378 -9.249484694090771 -8.953902467003722 -8.664124053826342 -8.436767182408916 -8.29311149863477 -8.252685490906586 -8.323036226464355 -8.516443888349084 -8.837348249961087 -9.269830006474649 -9.767258247578525 -10.25142360348955 -10.615443162229582 -10.762522782896891 -10.713938630183478 -10.559321652748363 -10.36046532983704 -10.136935692120957 -9.872516797880358 -9.551653279977266 -9.154190104636909 -8.674212513453892 -8.085240477441099 -7.495411895484566
-2.5678475897341513 -2.3954858414358 -2.4408003617292833 -2.6396245626812362 -2.919043893984038 -3.2544505676013293 -3.6381034767571343 -4.067730353351115 -4.542444907677753 -5.03327961310451 -5.512666103609446 -5.98369832542554 -6.440628612060629 -6.863684127239685 -7.249442971687641 -7.599517493731554 -7.943121462343129 -8.241681247652938 -8.408248575024537 -8.370991459642758 -8.181901173409805 -7.953936309648096 -7.760586938298487 -7.64070116651394 -7.614970960203289 -7.705116579349603 -7.923867777049745 -8.246994707619853 -8.648464485573921 -9.088107850995522 -9.504297109384089 -9.828579126663705 -10.0126057430155 -10.057732229178995 -10.002482387293561 -9.888370405711662 -9.728619875793157 -9.483093463346254 -9.134520588712185 -8.703785933442417 -8.203833178465745 -7.61270924622505 -7.034007031624603
-3.0613517349505774 -2.9298234282013045 -2.9171774592952127 -3.0290484069006913 -3.2324545764106207 -3.502902052828438 -3.82780536982462 -4.200928975684632 -4.615917012268799 -5.029393785960497 -5.427374312089922 -5.808653518590838 -6.175511740286531 -6.515276432931529 -6.812850606115528 -7.059873595341802 -7.280979275833325 -7.447844295355536 -7.508191137970764 -7.450612014707987 -7.3011310369258835 -7.114861125604887 -6.949239544233343 -6.849323308404016 -6.848778404252334 -6.980916759161416 -7.235076486999252 -7.582221853798039 -7.977187497933962 -8.391413633280488 -8.78111843633941 -9.09937341408433 -9.315892807483545 -9.426514499759326 -9.448748762570663 -9.400157217151957 -9.275289973669446 -9.052701374134035 -8.692788731346287 -8.237251621959727 -7.727596770489164 -7.1547964417428185 -6.597272320699663
-3.5385916154991714 -3.4207509459548775 -3.366269931404322 -3.4085285073958445 -3.537860596436811 -3.736567099575658 -3.9923475042262013 -4.297370937740238 -4.6373790369904 -4.9651670193917194 -5.275025459312431 -5.570852893933585 -5.851115329986681 -6.110519364383385 -6.32794568038145 -6.482451661476841 -6.59206597542312 -6.651985969623061 -6.632453866644945 -6.542022099326111 -6.393451893823192 -6.216721826240912 -6.053826314866103 -5.955484323764453 -5.982345381869212 -6.161669429169229 -6.475328546506032 -6.875519610546209 -7.306572075491985 -7.725194749380911 -8.114700853984896 -8.444033878107001 -8.691989950954042 -8.85340566807975 -8.927127491510625 -8.916308358366479 -8.814959084908013 -8.610505560836362 -8.26917086202917 -7.808458418412062 -7.280833926307834 -6.725843242680468 -6.193897159517146
-3.977882329028744 -3.857976912944889 -3.773125535728384 -3.756165900706643 -3.8165480267329612 -3.942537762317027 -4.12410109594955 -4.353621564867588 -4.609433756556289 -4.8498775379099595 -5.074359755658209 -5.282818001236494 -5.473456480400147 -5.641596039690691 -5.778407812336554 -5.861255995173212 -5.881845595520875 -5.858950831777845 -5.778300013714764 -5.6520775553552225 -5.482415914031565 -5.2858580061131315 -5.103479680688577 -4.9938115689550315 -5.033515177434883 -5.269374704271063 -5.670864410808974 -6.157861261099779 -6.65890992556792 -7.122681425022577 -7.5299360117004674 -7.8787756412100425 -8.15613413362875 -8.350339898985952 -8.447912048094478 -8.461352647394701 -8.370902366729398 -8.180629048574756 -7.8722428276216565 -7.44095161088695 -6.906186147233377 -6.332602036769635 -5.814350684133351
-4.362648159361619 -4.238919905749821 -4.132296533985574 -4.062570885708963 -4.058346365229804 -4.11275544297883 -4.218717160723528 -4.371753687552323 -4.545724672474697 -4.700908646089978 -4.837540273260097 -4.9563231497470674 -5.05673984772924 -5.135816298691033 -5.186740253359577 -5.1977729935341745 -5.151850716857363 -5.061776656040996 -4.936630725341573 -4.780520499750811 -4.589132824409114 -4.379230164351494 -4.173022969020235 -4.02157827473891 -4.0327400777222735 -4.34525681360224 -4.881213570576495 -5.480973705474686 -6.063483882413511 -6.587635902595678 -7.0299616683844555 -7.404938501621757 -7.707885861149553 -7.91331125805053 -8.024668397241435 -8.045884184401714 -7.959376060379449 -7.784432084446031 -7.501115987402802 -7.092173495878098 -6.5778907716693125 -5.999145481710547 -5.478005992526201
-4.689421595255572 -4.561726360064961 -4.437830541950271 -4.3263603640360575 -4.263061501028769 -4.251751888182755 -4.287480112926673 -4.365750397931233 -4.457629050960039 -4.526539043610756 -4.574016659719522 -4.602274780810007 -4.613121997026206 -4.606618614429028 -4.579276748663794 -4.52241301191201 -4.421700720676352 -4.279172409382029 -4.128128368089916 -3.957805350323904 -3.7720367590494988 -3.571649184566084 -3.362206792032351 -3.150682406581755 -3.0180262568268668 -3.48226910080788 -4.209536297440302 -4.917756075716669 -5.569096976741916 -6.143316352513456 -6.624023982672455 -7.018760735908687 -7.3260135774499675 -7.533569864079315 -7.650710211588577 -7.673244699110723 -7.591401227860105 -7.420150637597181 -7.154616519454937 -6.764580867334905 -6.268763299944574 -5.701979294647719 -5.188016513081974
