_RESULTS/REVERSE_NEW/Berg/TZ/4comp/Berg_TZ_z_0_kriged_reverse_4comp_spherical.asc
ncols 100
nrows 90
xllcorner 5.6208707817415728
yllcorner 50.959635321741573
cellsize 0.00013419651685393446
nodata_value 1.7014100000000001E+038
[rows 0 to 17 of 90, columns 0 to 40 of 100]
0.01520428310797528 0.01520428310797528 0.01520428310797528 0.01520428310797528 0.01520428310797528 0.01520428310797528 0.01520428310797528 0.01520428310797528 0.01520428310797528 0.01520428310797528 0.01520428310797528 0.01520428310797528 0.01520428310797528 0.01520428310797528 0.01520428310797528 0.01520428310797528 0.01520428310797528 0.01520428310797528 0.01520428310797528 0.01520428310797528 0.01520428310797528 0.01520428310797528 0.01520428310797528 0.01520428310797528 0.01520428310797528 0.01520428310797528 0.01520428310797528 0.015287092613279861 0.015348492925493994 0.015317243180677535 0.015176084660872667 0.015077705623072417 0.015162510721412009 0.015414722265584449 0.01585310982490334 0.01646599775872281 0.01722789065082876 0.018113189268178412 0.019099575916648195 0.020176681640828347 0.02136115680426228
0.01520428310797528 0.01520428310797528 0.01520428310797528 0.01520428310797528 0.01520428310797528 0.01520428310797528 0.01520428310797528 0.01520428310797528 0.01520428310797528 0.01520428310797528 0.01520428310797528 0.01520428310797528 0.01520428310797528 0.01520428310797528 0.01520428310797528 0.01520428310797528 0.01520428310797528 0.01520428310797528 0.01520428310797528 0.01520428310797528 0.01520428310797528 0.01520428310797528 0.01520428310797528 0.01520428310797528 0.01520428310797528 0.01520428310797528 0.015238827796761016 0.01543437986850221 0.015527087332789074 0.015512757896845166 0.015394931511387487 0.015319571215162676 0.01545900683301505 0.015834060217452976 0.016418185563422037 0.017182027465498594 0.018090515471091483 0.01910069686177101 0.020164168478419116 0.021237542776916255 0.022304289486105428
0.01520428310797528 0.01520428310797528 0.01520428310797528 0.01520428310797528 0.01520428310797528 0.01520428310797528 0.01520428310797528 0.01520428310797528 0.01520428310797528 0.01520428310797528 0.01520428310797528 0.01520428310797528 0.01520428310797528 0.01520428310797528 0.01520428310797528 0.01520428310797528 0.01520428310797528 0.01520428310797528 0.01520428310797528 0.01520428310797528 0.01520428310797528 0.01520428310797528 0.01520428310797528 0.01520428310797528 0.01520428310797528 0.015200611076410226 0.01530539858864274 0.015517033976272717 0.015626313538742217 0.01563754962144254 0.015554934515736547 0.015547961005574993 0.015821094481996846 0.016348483967629376 0.01710383203668159 0.018054938827001044 0.019156104765956403 0.020341844947331572 0.021525500847897023 0.02260912571642647 0.023512809629795964
0.01520428310797528 0.01520428310797528 0.01520428310797528 0.01520428310797528 0.01520428310797528 0.01520428310797528 0.01520428310797528 0.01520428310797528 0.01520428310797528 0.01520428310797528 0.01520428310797528 0.01520428310797528 0.01520428310797528 0.01520428310797528 0.01520428310797528 0.01520428310797528 0.01520428310797528 0.01520428310797528 0.01520428310797528 0.01520428310797528 0.01520428310797528 0.01520428310797528 0.01520428310797528 0.01520428310797528 0.01519197118730955 0.015117684500789118 0.015287744596017071 0.015510349233693394 0.015640422312616458 0.015684304866121837 0.015706853672905263 0.015829877957190694 0.01624634420827491 0.016944967187912306 0.01790468638601725 0.019094385861602656 0.020460656629654937 0.02191432722251821 0.02332006156236677 0.024499201876074343 0.025262984410029225
0.01520428310797528 0.01520428310797528 0.01520428310797528 0.01520428310797528 0.01520428310797528 0.01520428310797528 0.01520428310797528 0.01520428310797528 0.01520428310797528 0.01520428310797528 0.01520428310797528 0.01520428310797528 0.01520428310797528 0.01520428310797528 0.01520428310797528 0.01520428310797528 0.01520428310797528 0.01520428310797528 0.01520428310797528 0.01520428310797528 0.01520428310797528 0.01520428310797528 0.01520428310797528 0.015188437077262489 0.015081422713761098 0.014965703566202287 0.015176655321529446 0.015410464521114484 0.015562875414613197 0.015699888787923333 0.015880538466150174 0.01614424246679267 0.016710309671816123 0.017598783542560975 0.018799897224848705 0.02029204305509896 0.022024191665095682 0.023892194575354922 0.02571182173751787 0.02720098740255676 0.028001000388163208
0.01520428310797528 0.01520428310797528 0.01520428310797528 0.01520428310797528 0.01520428310797528 0.01520428310797528 0.01520428310797528 0.01520428310797528 0.01520428310797528 0.01520428310797528 0.01520428310797528 0.01520428310797528 0.01520428310797528 0.01520428310797528 0.01520428310797528 0.01520428310797528 0.01520428310797528 0.01520428310797528 0.01520428310797528 0.01520428310797528 0.01520428310797528 0.01520428310797528 0.015193216095971029 0.015083463094787575 0.01487176633535281 0.014742756036197334 0.014971651937402568 0.015214368505797922 0.015426248243602673 0.015701344394418365 0.0160425961811477 0.016462047407325764 0.017177422899495656 0.018267427718421908 0.019741907608229414 0.021602303437962166 0.023820265256858843 0.02629775193577728 0.028819733194368945 0.031011178013698334 0.03229589129900482
0.01520428310797528 0.01520428310797528 0.01520428310797528 0.01520428310797528 0.01520428310797528 0.01520428310797528 0.01520428310797528 0.01520428310797528 0.01520428310797528 0.01520428310797528 0.01520428310797528 0.01520428310797528 0.01520428310797528 0.01520428310797528 0.01520428310797528 0.01520428310797528 0.01520428310797528 0.01520428310797528 0.01520428310797528 0.01520428310797528 0.01520428310797528 0.015201868136806317 0.01510920278196592 0.014896062502325403 0.014583869461628207 0.014447697548533282 0.014674228602563856 0.014935239330872513 0.015254207248872184 0.015658442619627174 0.01615412432801822 0.016747086371852533 0.017598393226047504 0.01888415812399502 0.020642320620866298 0.022899804768657495 0.025675297072713134 0.028941152787588395 0.03254370333000488 0.036092794826343054 0.0388212737525728
0.01520428310797528 0.01520428310797528 0.01520428310797528 0.01520428310797528 0.01520428310797528 0.01520428310797528 0.01520428310797528 0.01520428310797528 0.01520428310797528 0.01520428310797528 0.01520428310797528 0.01520428310797528 0.01520428310797528 0.01520428310797528 0.01520428310797528 0.01520428310797528 0.01520428310797528 0.01520428310797528 0.01520428310797528 0.01520428310797528 0.01520428310797528 0.01514991215651509 0.014957419130499729 0.014645825314189207 0.014246158459827723 0.01408516119693328 0.014288702405420442 0.014610841563438776 0.015024522508215623 0.015540661650279442 0.016172489693914518 0.016935531333705154 0.01790829550240948 0.019342196771422817 0.021317582468831156 0.0239388009402041 0.027319322061458456 0.03155185988976961 0.03664618018492356 0.04239995443520213 0.04813444275375799
0.01520428310797528 0.01520428310797528 0.01520428310797528 0.01520428310797528 0.01520428310797528 0.01520428310797528 0.01520428310797528 0.01520428310797528 0.01520428310797528 0.01520428310797528 0.01520428310797528 0.015204448421380827 0.015211191397234019 0.015221837922811773 0.015230102986865933 0.015232338916183644 0.015227657208569502 0.015217960168126276 0.015207874110555197 0.01520428310797528 0.015189193484880261 0.015042530343830197 0.014756004236383789 0.0143525500174317 0.013874774954137303 0.013665516560950965 0.013844960354405142 0.014231733211996282 0.014718482778366848 0.01531995403666393 0.016054511811700225 0.016944266256228836 0.018006523077995173 0.01949156768641386 0.02161670751181999 0.024549448844878367 0.028502984564107 0.0337320478660746 0.04051571725145157 0.04910477867726299 0.059545991657291644
0.01520428310797528 0.01520428310797528 0.01520428310797528 0.01520428310797528 0.01520428310797528 0.01520428310797528 0.01520428310797528 0.01520428310797528 0.0152066656478556 0.015237966247248961 0.01529339946319042 0.015358834056829819 0.015422057951376147 0.015473127932940462 0.015504760267455524 0.015512676156158317 0.015495827689888995 0.01545645575685045 0.015399967437989517 0.015334659268145418 0.015197002950823447 0.014914424440203558 0.014522903768605827 0.014035459688045844 0.013482601594956093 0.01320428524285991 0.013359373450314358 0.01379005014506828 0.014323214951061043 0.014974148309565234 0.015758891016906303 0.016683788459158796 0.017807831005647406 0.019289256803678927 0.021476354344556615 0.024603736717305695 0.028972631442683007 0.03498844727349272 0.04319701583151842 0.054348758466510196 0.06960027873388366
0.01520428310797528 0.01520428310797528 0.01520428310797528 0.01520428310797528 0.01520428310797528 0.01520428310797528 0.015209247555743101 0.015266116953459212 0.015371279898284174 0.015506431099726825 0.01565426265871717 0.015798707830077686 0.015925427088691133 0.016022446207292224 0.016080830791152596 0.01609527044445534 0.016064457781975374 0.01599118531240847 0.01588214020576799 0.015735395807339753 0.015431641164584127 0.014969250994269757 0.014391907831404717 0.013743740960093495 0.013085854663813528 0.012731032265590818 0.012836676964585292 0.013284212928472997 0.013833862322746039 0.014488733445782682 0.015241747392596112 0.016140780807348442 0.017271899692938263 0.018750906964488438 0.02088663380312228 0.0240354038249208 0.028550301229082895 0.03492122821666101 0.043914762059078384 0.056691689072802455 0.0745919753762654
0.01520428310797528 0.01520428310797528 0.01520428310797528 0.01520428310797528 0.01520428310797528 0.015246719052791749 0.015371707931010191 0.015558898156255207 0.015788143095909646 0.01603938521984638 0.01629276205352359 0.016529099063341737 0.016730731131680023 0.01688254024067353 0.016973044181873898 0.01699534069939905 0.01694772191846197 0.016833831690797576 0.01666233242393904 0.016393394815354324 0.015912066432416622 0.015259028150886542 0.014487079160381973 0.013647604718562337 0.01279811409106076 0.012285118583420327 0.012301271097743722 0.012719523093362623 0.013254677938466535 0.01385144000446982 0.014533203843423294 0.015365843904571408 0.016443011368453605 0.0178896274708701 0.0198877835825674 0.022855856674674022 0.027222132176626772 0.03369795665934525 0.043115972871968916 0.05641942887863598 0.07428053899309926
0.01520428310797528 0.01520428310797528 0.01520428310797528 0.015207537950948336 0.015294325767248006 0.01548336535216313 0.015753939592802673 0.016085187946108272 0.016455391993181648 0.016841718548387417 0.017220469266638328 0.0175678593715691 0.017861282085727095 0.018080918583920497 0.018211451215474565 0.018243568948566945 0.01817495636819344 0.018010548072475128 0.017761966466125247 0.017331163948308918 0.01665343104776391 0.01579084545839661 0.014807639140887913 0.013764102671020613 0.012714659831983334 0.01199712223627544 0.011809345741107452 0.012107942143678394 0.012588260385376393 0.013103764118139119 0.013697027880921994 0.014432051126236758 0.015397337556481204 0.016712807210807853 0.018541837543248018 0.021210312832741905 0.02542301403707209 0.031836449200732864 0.041257026194380896 0.05445518414538601 0.07157362178149951
0.01520428310797528 0.01520428310797528 0.01521161609706671 0.015327730576681365 0.015569067990554448 0.015915818500271572 0.016347886400519276 0.01684363099119621 0.017379022651414798 0.017927324663289432 0.018459432867655997 0.0189449729794069 0.01935415448280555 0.019660214944009886 0.019842096922418753 0.01988685219833357 0.019791244160950787 0.019562162703289882 0.01920748242524378 0.018582169503137815 0.017680289300388032 0.01658034367949809 0.015360865869410172 0.014092951953382202 0.012836579228100997 0.011889893112236717 0.011473627041638935 0.011514980323289214 0.011867953115476513 0.012301729324014132 0.012799953929467285 0.01341557250234575 0.014219966812030745 0.015316583536584676 0.016967283289744894 0.019583652209103977 0.023672805417394284 0.030053334293882364 0.03955469125712409 0.05289465124782763 0.0700764328106337
0.01520428310797528 0.01520943982246489 0.015333172263674958 0.015607189409890847 0.016013452288894198 0.016534118877449117 0.017149803434761184 0.0178416404803301 0.01857957597602657 0.019327018086965072 0.02004664855994962 0.020702751326950306 0.02126070081945943 0.021679379608278145 0.02192865812283793 0.02199005506065471 0.02185892442901901 0.021545143807057514 0.021044510519992107 0.02019079646094918 0.019026407160989724 0.017651020259174838 0.01616103772967438 0.014640534936374416 0.013161327349225907 0.011963424483284498 0.011297529449711416 0.01105761337947153 0.011182552650257496 0.01149363230296907 0.01189812505194494 0.012390676832577557 0.01307275908965478 0.01408087188908348 0.01569378587080292 0.018240532547578115 0.02230577000878734 0.02873697270220095 0.03856936701462022 0.05259547617215911 0.07100631760912433
0.015204531327732649 0.015308561742233566 0.015588613203782313 0.016050819102955475 0.01669336431233361 0.017485979217621295 0.018395928203492985 0.019385741214566776 0.02041210485552531 0.021426168491568618 0.022375518723721177 0.023207924094659063 0.02387662148023703 0.024346439173572418 0.02459957042165571 0.024639575204970756 0.024459927413205747 0.024033121503333556 0.023341009252622887 0.02221254563784217 0.020734235423442205 0.019033191671242546 0.01722808575657672 0.01541837646612072 0.01368868586489155 0.01222762035030073 0.01127669917183681 0.010753068703648937 0.010604345544227203 0.010745366445420899 0.011083549299493931 0.011581461090085513 0.012253144525685733 0.013284591514948176 0.014807182168695724 0.017140151941206955 0.0210931499984435 0.027903834941476982 0.03849916791961942 0.05376919497052913 0.07435663891797215
0.015265238988586663 0.015574495590331338 0.016136176645789622 0.01692340393394741 0.01791080745188817 0.019069920548158325 0.02036536155897145 0.021751946112239316 0.023173126397745075 0.02456132593555995 0.025840774374416054 0.026933251971112727 0.02776662318960241 0.02828514775979541 0.02845950591707369 0.028293779703210686 0.027826946793248736 0.027128033610253264 0.026179240525915234 0.0247134479206862 0.022853469497313515 0.020762080838322153 0.0185855215629623 0.016441092937386895 0.014424426058079053 0.012701934896595829 0.011420953399776503 0.010608840850658557 0.010194120934650388 0.010214003660890605 0.010532888662559914 0.011067058622789446 0.011864165975649056 0.01297752048580719 0.014447117607518293 0.016428153176463445 0.019939125039300266 0.027589835483240673 0.039690929445087016 0.05670506901693033 0.07961968350560181
0.015598944154040785 0.016235917177013056 0.017151176823883722 0.018327603930251905 0.019746048311777686 0.02137985921993112 0.023189831251402192 0.025119943916798136 0.027094625937327498 0.029018578247697595 0.030780358307659773 0.032260788521828634 0.03334652839557461 0.033947591393894555 0.034015334978866045 0.03355550000521226 0.032630941227246586 0.03135187801761459 0.029769086137889932 0.027767757938016 0.025437790830506634 0.02287426302761656 0.020257041946227825 0.017723360590230604 0.01537598349194833 0.013381417969759012 0.011749664758299506 0.010649061663591815 0.010085718162843205 0.009979748879007619 0.010268843117695495 0.010898646642202164 0.011912648949185542 0.013249797863645697 0.014921859374845704 0.01693338546136441 0.0197917385111226 0.029092624962241593 0.0427397849153489 0.06160033633241057 0.08649875598317167
