_RESULTS/REVERSE_NEW/Berg/TZ/4comp/Berg_TZ_z_710_kriged_reverse_4comp_test2.asc
ncols 100
nrows 90
xllcorner 5.6208707817415728
yllcorner 50.959635321741573
cellsize 0.00013419651685393446
nodata_value 1.7014100000000001E+038
[rows 0 to 17 of 90, columns 42 to 83 of 100]
0.061812777812062174 0.0689671116219422 0.07627327891714983 0.08314007984320505 0.08881775397567729 0.09252281846708439 0.09363310397109333 0.09188478068766827 0.08747458336555655 0.08100834466957786 0.07332074267693468 0.065255787368804 0.057498669367518226 0.05050071620183093 0.044486399284193186 0.03950582975655417 0.03549808861517399 0.03234487205216293 0.029907571359679985 0.0280490989068037 0.026644836274050888 0.025587082786008318 0.024786166143435373 0.024170029305937053 0.023683096506042653 0.023284653616481157 0.022946784039810927 0.022651935794552762 0.02239030521126018 0.02215729581777144 0.021951301679969323 0.021771984832410014 0.021619107542274463 0.021491882074856247 0.021388736158991346 0.02130736566525094 0.021244949525375607 0.02119842404100278 0.02116474380767615 0.02114108674605628 0.02112498640062744 0.02111439340569216
0.06689997971330086 0.07394972074345445 0.08094104522745846 0.08728674236383901 0.09228243781269453 0.09522609235128297 0.09559222616609149 0.09320282904284627 0.08830948990862914 0.08153428566529425 0.07369492729922025 0.0655988424938972 0.057889550786944 0.05098187646793903 0.0450735528047002 0.040197859541167384 0.03628468452910636 0.033211277593883905 0.030836908483292656 0.029023159740815603 0.02764421216643768 0.026591280291700176 0.025774081317742673 0.025120884615441173 0.02457772487890319 0.02410687120204658 0.023684549745790977 0.023298052457002817 0.022942543930396835 0.022617969281777985 0.02232642407216682 0.022070208479663768 0.021850621581013318 0.02166741617663389 0.021518756529473878 0.02140149860999381 0.021311628418544955 0.02124473022548438 0.021196398952614142 0.021162550593618375 0.02113961684622434 0.02112463303583414
0.07187185168857133 0.07831708619361984 0.08443532688708073 0.08969274853641393 0.09349581081332191 0.09529499060698093 0.09471873882292002 0.0916981097405607 0.08652079501586017 0.07977329328675581 0.0721908098094662 0.06448422134417302 0.05721277829178453 0.05073215307873967 0.045206771232822775 0.04065642348907811 0.0370095748677106 0.03414757908336445 0.031935039197066 0.030237953298890414 0.028933462553217774 0.027914743748191067 0.027093386368729818 0.026400369816218277 0.025785915098830776 0.025218129020058787 0.02468041276565113 0.024167885870355264 0.023683354378090004 0.023233457499664698 0.02282551842850832 0.022465380639783213 0.02215625211836576 0.021898394123491337 0.02168940484500644 0.02152484317338324 0.021398979622044293 0.02130552077617417 0.021238212551633943 0.021191277704956275 0.02115968153881657 0.021139246077660913
0.07644908597969147 0.08172127776463373 0.0864012298811493 0.09006624310055068 0.09228722082019412 0.09270815603306073 0.09113228391132686 0.08759420167837424 0.0823858411169346 0.0760092407172331 0.06906535983448515 0.06212574298724882 0.055637225778082 0.049882650724433306 0.04499027257050642 0.04096976935665156 0.03775399007784341 0.035234199159574146 0.0332849943529703 0.03178008851892172 0.03060185364843721 0.029647227859999337 0.028831537945066776 0.028090784237284123 0.027382308738463947 0.026683585454839703 0.025989086629737243 0.025305642309338034 0.024647149888305592 0.024029634032369608 0.023467433965412298 0.02297086168515663 0.022545260301813547 0.022191138182915748 0.021904977683403687 0.021680358849361328 0.021509130146471322 0.02138245399973733 0.021291634653969466 0.021228695703973934 0.021186716851788925 0.021159966820110728
0.08023303274329509 0.08374975488416958 0.08649906423189697 0.08822118091933034 0.08867737440595758 0.087701374669934 0.08524486308014512 0.08140854992101582 0.07644932011033348 0.07074977935798533 0.06474986918395485 0.058864486610134006 0.053419050628466545 0.048620562920129125 0.0445616543852388 0.04124395581706939 0.03860682281874833 0.036552788633609445 0.034966847926519176 0.03373021541582067 0.032730305613127675 0.03186825424157002 0.031064485653778985 0.030262314117199842 0.029429354585703785 0.028556403787942695 0.027653588710280258 0.026744214724288663 0.025857583285961327 0.025022415446368945 0.024262124443475835 0.02359236794059868 0.023020597270648632 0.02254697103483123 0.022165978901290205 0.02186827043480371 0.02164236754943403 0.021476089966188616 0.021357626091725493 0.02127624646669688 0.02122269670711112 0.021189330467428494
0.08271334006842548 0.0839658512030399 0.08445896630846192 0.08411738373427252 0.08287605805039262 0.08070889567750242 0.07765131149887314 0.07381225772409129 0.0693765477764596 0.06459260235118193 0.059740246013610145 0.05508591112065347 0.05084265146995069 0.04714819417367537 0.044062738253057884 0.04158003363285495 0.03964375877992914 0.03816392609431627 0.0370315091238936 0.03613149403393508 0.03535457348371573 0.03460673293283472 0.0338157657437244 0.03293485607371472 0.0319441791560128 0.03085051898104358 0.02968356033359181 0.02848816475948625 0.027314263655756753 0.02620745879527909 0.02520274805887687 0.02432201316941566 0.023574500506103227 0.02295903723710061 0.022466890228071225 0.02208456465768876 0.021796189086870317 0.021585362229381806 0.021436458869223168 0.02133544950695082 0.021270314021485284 0.021231141573348697
0.08333277637330762 0.08199842542747611 0.08016563091433128 0.07791187660249277 0.0752810798465163 0.0723054068112324 0.06902503320084376 0.06550072832643267 0.06182172773188789 0.05810824866940769 0.054502878137954965 0.05115005360070871 0.04817178297951493 0.045649294097817934 0.0436148219175242 0.04205214084809248 0.04090255929055314 0.04007433206248489 0.03945534129857397 0.03892894645054243 0.038390208927804065 0.03775693955362608 0.0369722048693797 0.036002122965301704 0.034836422607872244 0.03349313180751414 0.03202030181316585 0.03048824036202404 0.02897411742357268 0.027546498386886994 0.026255712920848127 0.025131155959187045 0.024183449979768987 0.02340882571038003 0.02279384229401151 0.022319498715793112 0.02196442493746176 0.021707162080635115 0.021527659413313197 0.021408138886979546 0.02133347039306435 0.021291190055900928
0.08162505511983811 0.07767577971448134 0.07375315626786258 0.06999721666357372 0.06646198280255132 0.06314918559449172 0.06003819365760892 0.05710694124374942 0.054346546021215074 0.051771473563599964 0.04942166247619741 0.04735366925196762 0.045624090131016544 0.044271965235996344 0.04330504800289993 0.04269157408911669 0.0423580558375599 0.042195028272691476 0.042073904403296496 0.04187442244823383 0.04151162428776435 0.04094348260699887 0.040152042900302 0.039118367645917994 0.03782119962258944 0.03626291993053363 0.0344943926424072 0.03261215207155525 0.030730841716073737 0.028952780154172998 0.027350450500486713 0.025963372184702883 0.024803465480415707 0.02386311593002929 0.02312270871426667 0.02255649143413757 0.02213669449944088 0.021836215441953608 0.02163022192907404 0.02149696820018071 0.021418051175411925 0.021378285797369438
0.07739519440475708 0.07115685003599148 0.0656641419606855 0.06099384439565785 0.05710988867086824 0.053917598819710144 0.051302974015788816 0.04915691087497885 0.04739003561237865 0.04594249498588645 0.0447875170530744 0.04392576801498719 0.04337104562503654 0.043131310066055605 0.04318933177054918 0.04348632900105423 0.04391317613173516 0.04431784477366745 0.04453942255653289 0.04446598384778574 0.0440819250531895 0.043453889056613446 0.04264944156024276 0.04165772365607456 0.04039130708765595 0.038770729374816126 0.03681063004020788 0.03463158194452993 0.03240378289105178 0.030282255955377486 0.02837306898038826 0.02673026383884377 0.025367552369586686 0.024272551883207653 0.02341841616614725 0.02277191100870831 0.022298523525408613 0.021965458870902354 0.02174322228542338 0.02160626971789659 0.02153305022555059 0.021505670407325612
0.07085595082993278 0.06297907988575474 0.056617933844481 0.051670957510176974 0.04794774425930371 0.04523419913953379 0.04332798290387469 0.042054415981369234 0.041273208459122204 0.04088212989559322 0.040817414857515805 0.041047500844445035 0.04155832717773258 0.042331508838998395 0.04331844759173327 0.04441525915511598 0.04544910684002784 0.04619684558066766 0.0464585742834789 0.0461715040050723 0.045475821174223205 0.04463463740771845 0.043839383023877736 0.04305959924844186 0.04206573021922008 0.04061230214956576 0.03862903688800733 0.03625977171403541 0.03375378646225858 0.03134034439896986 0.029169893384254415 0.02731395501299321 0.02578777249551588 0.02457340828064332 0.023636433170381832 0.022936333833191637 0.02243245229795985 0.022087095414577523 0.02186692581834804 0.02174331521705229 0.021692074857796322 0.021692840638464873
0.0626333802983818 0.05397258899119446 0.04747650901224674 0.04280998699820059 0.039622744676524206 0.037602985909780784 0.0364928269237077 0.03608627190123216 0.03622303694610757 0.036784179876935816 0.03768862735562067 0.03888578117095276 0.04033989198233315 0.042004860171944276 0.043791446013952344 0.045534247326021994 0.046978173431432756 0.04782223112766593 0.04785280452534788 0.04711655806692644 0.04596708033681299 0.044872718749613454 0.04411310677705725 0.043598558233002495 0.042934204118372496 0.04169914641079224 0.039741526443374565 0.03723983037082373 0.034528965314401874 0.031908747220831306 0.029565237371976714 0.02757964457312814 0.02596423186209524 0.02469397542216219 0.02372726386791831 0.023017716977338672 0.022520344630186286 0.022194405655754423 0.022004393399742358 0.02191995471625722 0.021915210791936583 0.021967792103125477
0.05366166010278852 0.04509180439438045 0.03907503432149181 0.035073283442086725 0.03262650728662062 0.031375804501127244 0.03105074145246534 0.03144730564468671 0.03240918503967683 0.03381655082050521 0.03558007760056417 0.037633693669921066 0.03991923950261329 0.04235947958376625 0.04482141556901301 0.047081313997698895 0.04882063669422479 0.049701069221262544 0.04954238621883967 0.04850757131466004 0.04709055003775364 0.04583930008768534 0.04502116322314644 0.044471631043537505 0.0437143064464653 0.042297061814604575 0.0401050757540521 0.0373814364247671 0.034504048800792574 0.03178223789631392 0.02939187636672706 0.027398762534954435 0.025801679229163845 0.02456599973001542 0.02364413698938519 0.02298650928541126 0.022546826592211966 0.022284194690259662 0.022163452669839722 0.022154515125495135 0.02223117287853862 0.022369682430305553
0.04508126042838073 0.03726333339797604 0.032096289506321644 0.0289311780735272 0.02727200243702352 0.026765403073961126 0.027163403004374784 0.028286059196330877 0.029993709877459557 0.032171039634150626 0.034720174868447626 0.03755548988468809 0.04059136319584 0.04371781236158212 0.046767071732843966 0.049486462229522646 0.05154921493249594 0.05264267085991575 0.052633805292606056 0.05170656341560094 0.05030800551601427 0.04888584170503431 0.04761392502477041 0.04631485239975223 0.044635499726421925 0.04234858268305152 0.039527934365226586 0.036467636381935606 0.03348665085631835 0.030805600885468274 0.028529403668683603 0.02667971044710247 0.025231666678656985 0.024139784177447197 0.023352938232175637 0.022822036604220757 0.022503368999036474 0.022359501487371206 0.02235874246254734 0.02247374618723014 0.022679628899172823 0.02295193747172204
0.03798972220036089 0.03118416704356003 0.02695614900999162 0.024623125044775457 0.023705994263123954 0.02388792007327308 0.024959038857979735 0.026769742918767294 0.029197586139791027 0.03212801943919758 0.03544696317292584 0.03903902995501848 0.04278179376851172 0.046529452675369974 0.050089305532597175 0.05320728079716357 0.05558785236531567 0.05696754088587026 0.05722447541178533 0.056449782956905024 0.05489843884702275 0.052832917512746116 0.050387672818834675 0.04757190469781934 0.04439297552811047 0.04096645603405743 0.0375101805755496 0.03425485702169716 0.03136695979901333 0.028927289057621947 0.026948091510959796 0.025400181498874828 0.02423511993525438 0.023399377814418167 0.022842101551997413 0.022518731358191338 0.02239210128735013 0.022431959650008472 0.02261340416913399 0.02291452998742108 0.02331356829678703 0.02378587921366461
0.032835867211172806 0.027037711481348363 0.02370236291485392 0.022151879930056784 0.02195055521337534 0.022828974611208145 0.024613576026282932 0.027175294639651237 0.030396285101245524 0.03415019235283737 0.038293406398966605 0.042665054008882604 0.04708864513369075 0.051366608969787626 0.05526802193184496 0.05852345981899104 0.060846133845943305 0.06198709359085657 0.06180656989892777 0.06032155101144319 0.057698334639890055 0.054199945567887854 0.050129480791449486 0.04579501239056671 0.041486113298276554 0.037446298653539566 0.03384708365962493 0.03077890617357922 0.02826220295860418 0.02626927858672062 0.02474627833019231 0.023629772088937854 0.02285720698965789 0.022372619302745884 0.022129258753989803 0.022090293375084332 0.022228201075152165 0.022523076369821676 0.02295992393300113 0.02352502226590789 0.02420156322924254 0.024964982489839964
0.02939429872168122 0.02463230260512683 0.02219000804864755 0.021451659513169075 0.02205513112392147 0.02378633975616995 0.026494797798052153 0.030040963409459803 0.03427498004243492 0.03903039460671191 0.044115430437081306 0.04930425265799275 0.05433818815923101 0.05893237349502373 0.06277910920323013 0.06555584044198308 0.06695743711877315 0.06676069738725977 0.0649017984981242 0.061527246042729127 0.05698445045367098 0.05174865241477675 0.046316692029907305 0.04111124768763203 0.036426262733164995 0.032419023212774914 0.02913462627817868 0.026542838146214626 0.024572438396066786 0.023136404829225896 0.0221474596581463 0.021526335396728914 0.021205564748732697 0.02113091811261898 0.021261663706695837 0.02157003524940282 0.0220398126350584 0.022663748438994696 0.023439616616530524 0.024364810783913515 0.0254296302400243 0.026609716107604705
0.0276137841682097 0.023964031003587637 0.022495947642679717 0.022724131997784246 0.024392078423491545 0.027347542174436607 0.03143578604584396 0.03643879540918711 0.0420880412725121 0.04811623997615439 0.05426307689157946 0.060225512676886375 0.06563226474846044 0.07007519707842101 0.07315599188956623 0.07452474959033575 0.07393242924514873 0.0713094260684371 0.06683729952556923 0.0609578979465812 0.054291467246641384 0.04749215492023858 0.04110746880668304 0.03549797586977005 0.030830609241572222 0.02712173288003128 0.024295739603462672 0.02223529760756671 0.020814485860920627 0.01991620743129889 0.019439088905699085 0.01929897707997632 0.01942855728237303 0.019776877105163737 0.02030918258531574 0.021006609657512942 0.021864920019017634 0.022891514572782663 0.024100198444772222 0.025503420547582947 0.027101939800412304 0.028872292427764724
0.02783052916252847 0.025414907749169997 0.02515197274443853 0.02673073587188864 0.030019324503399766 0.034915351378844335 0.04119418347307177 0.04842126646665855 0.05603667662060258 0.06357066721933412 0.07070554661454093 0.07709635929477734 0.08225991788006141 0.08568277651639622 0.08695987642877746 0.08584374528622313 0.08227540036589254 0.07645082584034908 0.06886861192277587 0.06027885854047424 0.05152266350967994 0.04333568121318358 0.036211444824558306 0.030370711864920776 0.025816260268082515 0.022420839843144982 0.02000526061244967 0.01838871643977465 0.017412637470816658 0.01694701461775915 0.01688816094966283 0.01715415916871669 0.017681402230165448 0.018423400406697214 0.01935143651352979 0.02045569741206972 0.021745215477609773 0.02324518738347719 0.024990662018886535 0.027015863663957515 0.029338523007354043 0.0319390362615623
