_RESULTS/REVERSE_NEW/Berg/TZ/4comp/Berg_TZ_z_500_kriged_reverse_4comp_test.asc
ncols 100
nrows 90
xllcorner 5.6208707817415728
yllcorner 50.959635321741573
cellsize 0.00013419651685393446
nodata_value 1.7014100000000001E+038
[rows 0 to 18 of 90, columns 42 to 83 of 100]
0.43248776917998133 0.4443327419842485 0.44568112901749124 0.4360984251502379 0.41680389642890364 0.39033799713335676 0.35987715680519494 0.3284932772781086 0.2986235715855689 0.2718556461855804 0.24897476019848824 0.23015022715125627 0.2151512529294947 0.20353015557368734 0.19475354843431458 0.18828604787541417 0.1836390155741914 0.18039594464783873 0.17822232031402388 0.1768645054230969 0.17614055508215198 0.17592557828720803 0.1761345096080092 0.17670520475322388 0.17758431938205 0.17871755041608406 0.180044779767891 0.18149971892663433 0.18301296619809515 0.1845170168350058 0.185951709534258 0.18726881262484024 0.188434876198887 0.18943199543953199 0.1902566231873146 0.1909169316336075 0.19142939725604227 0.19181527245907187 0.19209746205036388 0.19229811401741062 0.19243702797128284 0.19253082487040593
0.4554263337129676 0.4719382239980816 0.476798784827625 0.46903808804903613 0.4496527227730992 0.4213254332796885 0.3876609532776257 0.352286047550038 0.31816097105214364 0.2872656971282288 0.2606199299784624 0.238492543383359 0.22066105475631592 0.20663741017908685 0.1958307446443481 0.18765021007270358 0.1815628292339486 0.17712127866228994 0.17397222239445653 0.17185174824137844 0.17057214463973008 0.17000347839726843 0.1700533148938497 0.17064770524232406 0.17171593650917272 0.17318057598054837 0.17495327417797227 0.17693583084136105 0.17902528838092321 0.18112135153443698 0.183134275044245 0.18499153278762134 0.18664205280078183 0.18805746719833247 0.18923051658715748 0.19017129305345076 0.19090229191224903 0.19145325181025946 0.19185656043784954 0.19214369601264636 0.19234286612364904 0.1924777651916619
0.4561253727141171 0.4768766237614698 0.48600638039489175 0.4819162755900953 0.4650779010685011 0.437900915201697 0.40401618116258936 0.36731259296058366 0.3311237402874199 0.29779403332348586 0.26862553413849055 0.24406692277629838 0.22398784785232678 0.20793339500103356 0.19531450345543774 0.18553094580556423 0.17804093132829152 0.1723938343746527 0.1682388827218669 0.16531837872451471 0.16345126250025038 0.16251154103650367 0.1624055094752236 0.16305109826596526 0.1643618329965573 0.1662368667775615 0.16855751597775967 0.17118981683714893 0.173991855982425 0.176824031647432 0.17956005047923304 0.18209647745643734 0.18435910501633915 0.1863052216368329 0.18792182009759384 0.18922061257442285 0.19023120083249187 0.19099381866776044 0.19155279858626037 0.19195147435358068 0.19222877695654433 0.1924174247837436
0.42809792344284114 0.45153899205859366 0.4649020977137814 0.46603494324351247 0.4546439878747121 0.4323847543488646 0.40234874373717544 0.36819671407807125 0.3333155043518814 0.30027655951749055 0.2706662148269355 0.24519411117674283 0.22393247501270686 0.2065684707703734 0.19260818167832666 0.18151617517111682 0.17279834519968693 0.1660427170616807 0.16093165588182157 0.15723556853999923 0.15479545218721485 0.1534999494102362 0.15326145691886725 0.15399483418422755 0.15560119378496437 0.15795818302163925 0.16091721236665368 0.16430729557741464 0.16794445833850957 0.17164495585280007 0.1752398861558147 0.17858845812184557 0.1815874440752021 0.18417526348647084 0.18633044498778964 0.1880654597116987 0.18941772367925255 0.19043976712526206 0.1911902465753915 0.1917268626618256 0.19210159263662527 0.19235812664261187
0.37217533434289785 0.3958809763187191 0.41236356714407163 0.41919813113601806 0.4153042113985377 0.4012529885324384 0.37906777640902306 0.35162070954636965 0.3219028644626321 0.2924435555028543 0.2650172442530109 0.24062161653689274 0.21962421255947912 0.20196801415873658 0.18736250956201647 0.1754280551863854 0.16578916084872133 0.15812498874176645 0.1521883850924444 0.14780369348223957 0.14485159001850556 0.14324739536227135 0.14291793588981969 0.1437808656289935 0.14572917100153768 0.14862231164402837 0.15228436701069026 0.15650891226390945 0.16106995938088708 0.1657376968175585 0.17029677177304728 0.17456391417491934 0.17840148594780605 0.18172440372404308 0.18449957098884617 0.18673879202947935 0.18848745177066994 0.18981169148686092 0.19078645637451827 0.19148596627685288 0.19197724336830962 0.1923165912781568
0.2980018739332596 0.3194426283540451 0.33705204684869444 0.34854289636698416 0.3523172639377055 0.3478846404308887 0.33596472379372994 0.3182356184434967 0.2968534262235127 0.2739486419373452 0.25126564271900936 0.23000683796523722 0.2108492812195383 0.19405943831409478 0.1796363638642382 0.16743923252843423 0.1572807382938517 0.1489845252145268 0.1424126033947011 0.13747074079162128 0.134099108828951 0.13225418724927468 0.13188729396662796 0.13292488499444008 0.13525473489690115 0.1387197414468755 0.14311871919092772 0.14821286656798086 0.15373743758522504 0.15941864029821912 0.16499466053764175 0.17023764517977422 0.17497214414389803 0.17908597599404316 0.1825315626050858 0.1853184193381402 0.18749954980024552 0.18915534538720705 0.1903782504299343 0.1912603823249469 0.1918850487845194 0.19232208606352516
0.22047701276316678 0.23792973244786414 0.25450793922528714 0.2684219366189898 0.2780077494323157 0.2821017433418509 0.28030991170819475 0.2730608724649743 0.26143086755990697 0.24683021705460764 0.2306816118602402 0.21419020734936506 0.19824034657906403 0.18339844661535307 0.16997727621754694 0.15811940819042372 0.14787263374743856 0.13924560826215093 0.1322422016427312 0.1268770207317734 0.12317454254437632 0.12115429015949725 0.12080750292328896 0.12207498834816931 0.12483563889179065 0.12890823405415072 0.13406130314141204 0.14002447183503883 0.14649987342461776 0.15317694475694632 0.15975326968655856 0.16595962987294957 0.17158355224350155 0.17648508344936295 0.18060103994199628 0.1839377461252859 0.18655539694954576 0.18854862285357601 0.1900275638202581 0.19110241069375067 0.19187273629681206 0.19242159219895277
0.15295682301247865 0.16597510089227355 0.18001836773288554 0.19394522909003298 0.20642095924108478 0.2161412251060764 0.22209504504293126 0.22377077904883994 0.22122679602733863 0.21501061734417035 0.20597615266137484 0.19507867844040436 0.18321309354869547 0.1711235303389277 0.15937825499803734 0.14838701191484543 0.13843780320989016 0.12973818244693036 0.12245344956333115 0.11673521165379448 0.11273039966927492 0.11056261803498056 0.11029207789262335 0.11187825825688315 0.11517083576588058 0.11993344350909495 0.12588032856544296 0.13270213067252742 0.1400751682751588 0.14766645788026567 0.15514754597081679 0.16221926773437484 0.16863983709741556 0.17424624171203162 0.17896233605745632 0.1827925331931848 0.18580456014833238 0.1881069190926296 0.18982650456716177 0.19109016308318424 0.19201192024319733 0.19268590782076767
0.10224198522490058 0.11144553888706371 0.12248466777873433 0.13479621263936997 0.14754221613774618 0.15967367796870935 0.17008225323766554 0.17780163667082363 0.1821900294639288 0.18302943702979962 0.1805159420767993 0.17516204032727034 0.16765948676281944 0.15874954228648133 0.14912790635664178 0.1393912206198903 0.1300213913101769 0.12140254958110408 0.11386374215342446 0.10772799730984287 0.10333057662745204 0.10097502573809891 0.10084140631109083 0.10290809423452686 0.10694574439636423 0.11259052155817342 0.11944470636072184 0.12713821641513529 0.1353316426923641 0.14369481317357533 0.15190001329561628 0.1596405794613844 0.1666625829474351 0.17279247773083145 0.177949728011273 0.1821419592066516 0.18544657582958468 0.18798566290546892 0.18990075065481477 0.19133197380940295 0.19240367306857936 0.19321649173694325
0.06845878258685123 0.07494006288229098 0.08333265651220244 0.09347566089654448 0.10498082802728055 0.11719458948269315 0.12923189617708664 0.14009126142540734 0.14882650975762068 0.15472132364369703 0.15740877084368726 0.15690289774665242 0.1535460942141348 0.1479025976140627 0.14063589491441894 0.13240194353949694 0.12378282264479924 0.11528087073482876 0.10737839091044185 0.10062214326806808 0.09563890607323833 0.09301726418208228 0.09311392352528909 0.09591459990185096 0.10103536596155085 0.10787345901830003 0.11582457938160969 0.1244203211135831 0.13332074662958215 0.14223730902351858 0.15088324592234628 0.15897838880925905 0.16628409270292033 0.17263786637777223 0.17797064968963514 0.18230334905967985 0.18572763613444104 0.18837914238337358 0.19041055016066807 0.19196954587980244 0.19318377095871594 0.19415275190548636
0.048282769820141735 0.053075814480604215 0.05952657339309326 0.06770930951800225 0.07754359146358009 0.08872047769562175 0.10066644927320763 0.11257160556685389 0.12349344205583365 0.13251651436999137 0.13892035034866768 0.14230171388318585 0.14261621759880241 0.14013541728435933 0.13534261051870974 0.12880733849771545 0.12108987832919205 0.11273270332984113 0.10436454781880695 0.09683157962016947 0.09116435616487455 0.088308642920527 0.08880591867261804 0.09261931180127321 0.0991471983944813 0.10744656728149671 0.1166097306886976 0.1260327574046829 0.1353977106830959 0.14450412961036052 0.153152211770086 0.16112835717672067 0.16824411065798162 0.17437754255693183 0.17949365117976468 0.18364106799156527 0.18693206439847573 0.18951526076672387 0.1915488898018445 0.1931793980836649 0.19452720754482938 0.19567941576395706
0.038195606690019535 0.04200997993841487 0.04718265329298198 0.0539053003495213 0.062263671196319204 0.07217082828200275 0.08331179828347637 0.09512239300795886 0.10682682902482396 0.11754094915967547 0.12641960580019254 0.13280443838019623 0.13632493093346162 0.1369224226402021 0.13479511316444437 0.13029454088474104 0.12383966614770552 0.11594033019394626 0.10736928064417046 0.09932293853079766 0.093272828043535 0.09049987665332405 0.09167575530179248 0.09669158250625733 0.1046838973148142 0.11432859972730408 0.12440140310707838 0.13418903841682214 0.1434381750141838 0.15207462481902792 0.1600193293932851 0.16716038131176175 0.17339611762936866 0.17867874572288187 0.18303302611942218 0.18655054691349143 0.1893690004926688 0.19164631534597376 0.19353670650250654 0.19517233512583054 0.19665160384816385 0.1980335819526748
0.03626515782486483 0.03945428795741232 0.04379865192235599 0.04952641641006487 0.056779550363756745 0.06557577088182412 0.07576555183628311 0.08699877535852105 0.09872290614981596 0.11022806091048463 0.12073771081031737 0.1295242300810073 0.1360153734480605 0.13985774390314726 0.14091871877214202 0.13924034714323597 0.13500741410342207 0.12863006842863658 0.12097009143856449 0.11349174807096113 0.10799747899892026 0.10601012723072453 0.10825507989938303 0.11445456571262105 0.12341000834092335 0.13347561815354092 0.14329578608618224 0.15221847954817452 0.16012993296922093 0.1670976822790877 0.17317456526504896 0.17837644594922275 0.18272314360277095 0.18627258483733677 0.1891300295267612 0.19143763439805467 0.19335458787443882 0.1950359948579421 0.19661512617904026 0.19819069573038597 0.19981910210579235 0.20151098601021009
0.043215125713006675 0.04582601706168211 0.04950663299823244 0.054452709497283404 0.0607861541379842 0.06855194735510196 0.07769975250166261 0.088059891799233 0.09932615331768298 0.11105651214964762 0.12269843562053614 0.13363807047653273 0.14326364905229833 0.15102645244118088 0.15648387276209985 0.15932702673107263 0.15943314818912985 0.1570105948807389 0.15283248974195882 0.14834742431869863 0.14537499577626953 0.14543189304548992 0.14910391139527054 0.15580751994990055 0.16407573210018264 0.172292826667838 0.17940051196119552 0.18506349300459146 0.18938105806303734 0.19257397391093736 0.19484812391280953 0.19638293410199203 0.19735284870225867 0.19793913032814311 0.19832648101532777 0.19869137602787143 0.19918898860045753 0.1999423277308765 0.20103440965040567 0.2025028478255519 0.20433604370564598 0.20647076283137009
0.06482302925624098 0.06648798212660767 0.06907936295816881 0.07273257878415573 0.07754788624519698 0.08361026959112314 0.09099021261427388 0.09973085950093315 0.10982528256835614 0.12118778589346164 0.13362505546155665 0.1468149417849112 0.16030091034378022 0.17350808588532815 0.1857847551511926 0.19647664543159318 0.2050516802531667 0.2112899732034514 0.21549158451139272 0.21853438305596862 0.22159063666105186 0.22554458601762817 0.23047253737609963 0.23558875140121785 0.2397304919015426 0.24200736920698332 0.24213050667916297 0.2403163617066761 0.237024475820191 0.2327624557924276 0.2280007369269395 0.22314811748195257 0.21854636357306856 0.21446879085213624 0.2111211538998024 0.20864546495204106 0.20712596920939957 0.20659526847071172 0.20703842430261132 0.20839358925003787 0.21054895046277392 0.21333726754971066
0.11975753844099866 0.11871051548460071 0.11767635579595177 0.11700247870699935 0.11707756006062013 0.1183136115138953 0.12112585493774444 0.12591723951476247 0.13306517203236912 0.14290261347560027 0.1556852343122662 0.17154064035132655 0.19040351750237747 0.2119501837135121 0.2355555270130765 0.26030144559792184 0.28506191643485146 0.3086638832063233 0.33006856491111575 0.34846517871104293 0.36319964278565753 0.3736130681317199 0.379002212169278 0.3788285121031248 0.3730367990074793 0.3622158108797547 0.34749028506469204 0.3302535815955761 0.3119016235489036 0.29365164691678386 0.27645359366901323 0.26097197473762646 0.24761257405816478 0.23657216928355662 0.2278945148468439 0.22152123090851952 0.21733123764253984 0.21516621313477016 0.21484202919210363 0.21614760498173957 0.21883374615261547 0.2225958742513199
0.2625888127289922 0.2513276647000439 0.23613456785043732 0.219278253450133 0.20301029357464154 0.1891945713093422 0.1791730675694902 0.17383797409748827 0.17381043274022656 0.17962439714452158 0.19184815229695562 0.2111112792667033 0.23802621228924706 0.2730052906894898 0.3159901464384972 0.36613968703059685 0.4215595075168218 0.47917842028455643 0.5348670544545885 0.5838480158454091 0.6213800282024278 0.643611637877659 0.6483938435761956 0.6357729466135551 0.607954156133639 0.5687390681159104 0.5226589905065931 0.4741100118200665 0.4267263908715177 0.38308506176531865 0.3447037220021395 0.31222528572314007 0.2856745330322771 0.26470396273763175 0.24878655283828646 0.23734506490238846 0.22982515968251882 0.22572546212004263 0.2245969283511625 0.22602085537053943 0.22957245519530955 0.23477651937771157
0.6360724395935565 0.5876435483782114 0.5221741017409455 0.4508313900163675 0.38343313229421155 0.32650859951648703 0.2830877965104326 0.25372508071667677 0.2378662891282554 0.23493705475597154 0.24497005296681967 0.26883679991427456 0.3081768289306719 0.36503504985089447 0.4411453194325908 0.5368284388351338 0.6496528685897867 0.7732923549658054 0.8972329403773236 1.0078893882574835 1.0911751361042272 1.1358335592615616 1.1363289465078548 1.0941727722254646 1.0172111004051034 0.9172567694815165 0.8070600444726431 0.6977002295957336 0.5970862423780098 0.5096660532027455 0.4369951086360545 0.37866700030464545 0.33321330643923447 0.2987763033494429 0.27352107599850717 0.2558380195574227 0.24440714120743395 0.2381832159239234 0.2363397534472576 0.23819189410934177 0.24310763372539182 0.25041352052531934
1.4998287420601266 1.3497657605357185 1.1486099962592644 0.9323397939376933 0.7334587882563659 0.5719448469340583 0.4535126125346359 0.3745652425981559 0.3284710683423803 0.3096651644767111 0.3153487535108533 0.3458202437684632 0.4042291741748554 0.4958997605925409 0.6268557567758413 0.8010593754830991 1.0164098740832195 1.2607725461663615 1.5104875849834363 1.7334975685644598 1.89686194526415 1.9756694017141867 1.9595902997745027 1.8548342509436537 1.6814308528572712 1.4672374682413967 1.2408190283618523 1.0254919864271386 0.8361821982310933 0.6793890877312251 0.5552483227776756 0.46022689079585655 0.38938022744955925 0.3377792068412979 0.301193288360951 0.27628691343071926 0.2605639589894808 0.25221110546865144 0.24991531520729177 0.2526823816251365 0.2596599340925355 0.2699628108758271
