_RESULTS/CROSS_VALIDATION_POSTPROCESSED/Berg/TZ/1comp/3/Berg_TZ_z_90_kriged_reverse_1comp_spherical_3.asc
ncols 100
nrows 90
xllcorner  5.6208707817415728
yllcorner 50.959635321741573
cellsize 0.00013419651685393446
nodata_value 1.7014100000000001E+038
[rows 38 to 56 of 90, columns 43 to 85 of 100]
1.5202444268779491 1.5235903154090256 1.5263765371914035 1.5284852570050227 1.528967192706721 1.527021619136483 1.5224712680761487 1.5149983616171783 1.5043504637849359 1.4904766156067635 1.4732949632059493 1.453643132784721 1.4318172449738167 1.4072629230519995 1.380572453021035 1.352200890075446 1.3232046410754679 1.2947941415179303 1.2682621244842769 1.244002536938528 1.2236529346817853 1.2096037845055265 1.20363201222519 1.2056374863255575 1.2140376611282653 1.2271566549847366 1.2438108652405628 1.2631123758373723 1.2841646356620602 1.3063196547415157 1.3289646964513169 1.3518739026519582 1.3756043397547724 1.4004388681355087 1.426151714624412 1.451825189806576 1.4764700898256327 1.4990333016835262 1.5184146911632839 1.5333742992261565 1.542197642438731 1.5466728734479562 1.548415675019871
1.5185799292417341 1.5214560779487023 1.5237584737437626 1.5253498097713074 1.5250203201096324 1.5220915044375667 1.5163550115676536 1.5077340889115243 1.4960173007491175 1.4812752573731198 1.4641197791975638 1.4447342062841897 1.4221251053041013 1.396584080248816 1.3688537151353648 1.3397716638825385 1.31005133800427 1.2803600034212168 1.2507980010631152 1.2223218121162478 1.1972361060968797 1.17936328079915 1.1725295407756198 1.176021290594824 1.1861704207616373 1.200477587543611 1.217780015289923 1.2374934411782785 1.2592894320032406 1.2826420709503172 1.3069721936895973 1.3317737948293866 1.3574377361523533 1.383904742010501 1.4110420846278142 1.4382068518313025 1.4644187280376852 1.488649786238266 1.5098436677651552 1.5269747357645853 1.538411985179202 1.5447794179645646 1.5477237242519069
1.5162561192162405 1.5186872713787638 1.5205361923466059 1.5216089752365793 1.5205246888308772 1.5167128432730528 1.5102540159447067 1.5011466073299329 1.4894840772943185 1.4753409888379685 1.458911035239397 1.4394976802944484 1.4164404081891913 1.3903091668815566 1.3617936563005832 1.3316677319046164 1.3007322562178945 1.2687889331252498 1.2359297108754423 1.203098565789524 1.1719935550480116 1.1475923519812428 1.1407147384098542 1.1479108595954117 1.16030616252852 1.1755735163752348 1.1932754666720091 1.2133261094251375 1.2356385967682328 1.260023235892796 1.2858634225932175 1.312347547683043 1.3396760750724281 1.3678745161747015 1.3962583906468877 1.424600293203644 1.4520488028980802 1.477603196536689 1.5002574226652596 1.51905419626597 1.532990611941737 1.5416091645376686 1.5462079232810066
1.5131788151912968 1.5152038198990994 1.5165932713960542 1.5172013723553222 1.5156939339297115 1.5119220194695349 1.5058486422802553 1.4973920299985084 1.4865287107389848 1.473324945905227 1.4577204680037623 1.4383446948368797 1.415259395674654 1.3889953132243165 1.3602002357916314 1.3295194910651686 1.296850382382044 1.2626221151186607 1.2273475732971595 1.191381060434992 1.1553736222453004 1.1200726144261623 1.116049631477055 1.1275741038351539 1.1406009212018573 1.1555364895108964 1.1727443751485147 1.1924582582617442 1.2147261618336684 1.2393901642393672 1.2661058117229012 1.2940727787829582 1.3228133424458108 1.3525031386680597 1.3823315070531335 1.4115893171141218 1.439922660984101 1.46642265490674 1.4901329560015446 1.5101659070481397 1.5258168450432672 1.536893580843095 1.5434952145062295
1.5103112734248405 1.5121013418868197 1.5133456111397263 1.5139795774512208 1.513010184323462 1.5099107366879734 1.5046241885520304 1.4970973633445481 1.4873177324806728 1.4753436439220073 1.4604849213401874 1.441564458225624 1.4189097224861473 1.393016828725776 1.3642148084502386 1.3325300501945343 1.2985481952504148 1.2629596856192773 1.2265577030123997 1.19012073803091 1.1549520652023524 1.125943905264202 1.1156820804808434 1.119932125753915 1.1290825090206558 1.1413272056752142 1.1566086440636392 1.1750781801812553 1.196736974500021 1.2213388799271874 1.2484139082167707 1.277345300710792 1.307324491174643 1.338246196472943 1.3693276755792854 1.399701155404894 1.4286191354757054 1.4556700287959439 1.4800086206420622 1.5008115855401365 1.5174402671276586 1.5305093032483232 1.539319339925056
1.5096748711382026 1.5112636396010997 1.5124066760369852 1.5134459780713532 1.513184273556876 1.5109341515448653 1.5066382579230368 1.5002652042705358 1.4918109172917993 1.4812822543878128 1.4672874114957462 1.4492673268475578 1.4274297811849221 1.401720838732195 1.372495767624938 1.3402893312655837 1.3057726754251653 1.269769185002916 1.2333181873821086 1.1978634729341118 1.1654266431732707 1.1398578869803306 1.1254905463847567 1.1216265485289287 1.1245874076462936 1.1323839070882131 1.1445247203858455 1.1609772861782652 1.1815980483170099 1.2059346416951817 1.2332730403686316 1.2627777957572048 1.2936778030786502 1.32558746139479 1.3576310945632077 1.388918416644384 1.4186005037028115 1.4459116534571386 1.4704433830276908 1.4915446114834376 1.5086520298543558 1.5226709129468161 1.5335704362613656
1.5114100468126648 1.5128201845067368 1.5141467367858086 1.5156610205513006 1.516194623115413 1.514892819243383 1.5117338096889303 1.5066882432833486 1.499761113774063 1.4907406719132277 1.4778401185865906 1.4606197023387246 1.4391572876257241 1.4136898410344805 1.384617804313753 1.3525047100568124 1.318085057160771 1.282291912504771 1.246323462950006 1.2117747379414494 1.180754523250608 1.1554405351052897 1.1377948780784644 1.1279739735188599 1.1248181325019428 1.1274428526175737 1.1356858435736328 1.1496385813486207 1.169061839043371 1.1931741903229751 1.2208587051575066 1.2509617748622086 1.2824521110824745 1.3150198864198712 1.3477200758599495 1.3795700911647704 1.4097341571481026 1.4374362019568245 1.4619805542265856 1.482919594428388 1.5000561758450024 1.5145124814520656 1.5263535010489109
1.5153429263906049 1.5168042625613132 1.5185199164297147 1.5204363448058558 1.5217699834899354 1.5214247835598094 1.5194084906943548 1.5156508450498911 1.5100909044529238 1.5021364080693533 1.490109998456788 1.4737872565050127 1.4531897920448185 1.4285204238317801 1.4001640261627641 1.3686863966911285 1.3348440764877338 1.2996076245770327 1.2641970442654722 1.230115927975664 1.1991242630579575 1.1727784152702576 1.1519648380851677 1.1371331991850122 1.1282138122860668 1.1253344916075747 1.1291617213428167 1.1404061547118027 1.15885275174916 1.1831308473191335 1.2114539210243014 1.2422594389144634 1.2743478675511555 1.3070538734596933 1.3400656672505409 1.3720905421597065 1.402327573663498 1.4300363138445866 1.4545552894452796 1.4753355759201554 1.4922506834024085 1.5067600447846556 1.5188589667697125
1.5197772893622108 1.5217317638741867 1.5239411314321574 1.5262453376352614 1.5282106021442794 1.528661043732155 1.5275663094824938 1.5249039063366592 1.5206039465626293 1.5138316308236088 1.503104538362171 1.4881737721306074 1.468978854602106 1.4456642183647637 1.4185706464942442 1.388226965903178 1.355357207897883 1.3208963151603377 1.2859966309792 1.2519997565834131 1.2203389524352817 1.1923078520782098 1.168384630335356 1.1489495375510992 1.1343795412873592 1.1254984968451824 1.1241718802812617 1.1326528370149793 1.1509184326037423 1.1762075805288608 1.205611045279331 1.2371908417984308 1.269723538879342 1.3023691194818352 1.3351141684769254 1.3668725671323787 1.3967367284008843 1.42401357740507 1.448083072606559 1.468430021594731 1.4852784475939806 1.499858758793117 1.5119725635420245
1.5242631457826403 1.5267383061109037 1.5293599930748918 1.5319467843207115 1.5342969126824706 1.5354167088327364 1.5351356338615576 1.5335150127898405 1.5304942898592477 1.5251199907036024 1.516095996370589 1.5030511847733512 1.4858068413255086 1.4644174612455088 1.4391459794618062 1.4104402990596676 1.3789366731658057 1.3454774342508353 1.3111102040294234 1.2770349337009717 1.2444840792289615 1.2145558597936175 1.1877716024962957 1.1641731466190361 1.1441275451182706 1.1285176497785698 1.1203503333829947 1.1259695539092038 1.1460181684010993 1.1735636293338398 1.2043092426581858 1.23645187671932 1.2690434893593523 1.3014237110075373 1.333251887171855 1.364238098018923 1.3932455964947088 1.4196317306153337 1.4428189620454428 1.4623271321828875 1.478979559801071 1.4934797122964925 1.5055756015938238
1.5286804344020548 1.5315971017040826 1.5345262834498952 1.5372583119671925 1.5396553608405124 1.5412063380238308 1.5415254318753295 1.5407778228091857 1.5389516113444786 1.5351452815665714 1.5281818001751966 1.517505418084419 1.502772246396325 1.483907981774667 1.4610612927380509 1.4345538074486683 1.4048778769047436 1.372734231848103 1.3390564295214564 1.3049611499193192 1.271610305157786 1.24003523472644 1.2108935411939168 1.1840342151782433 1.1595320820209638 1.137518287927696 1.1193014844025604 1.1212784965686151 1.1474706753315431 1.1775455513549813 1.2088861922656005 1.2407706606100606 1.2726938886636017 1.304196235663864 1.33483024189051 1.3644024058584496 1.3920409180328897 1.4170671125485474 1.4389399625894683 1.4573859234427107 1.4736519289571182 1.4878203891438104 1.4996581943700373
1.5328204911996177 1.536081549208971 1.5391866321059366 1.5418879473077034 1.544049175698714 1.5455757924533413 1.5461549243684745 1.5459938576946266 1.5451541308585055 1.5429584914852108 1.5383136926372811 1.5304387359903064 1.518771806013161 1.5030642055656604 1.4833120154356458 1.459662875706858 1.432397313499833 1.4020097621598522 1.3693116036281205 1.3354157970642144 1.3015572341923494 1.2688608691884418 1.2381688347955067 1.2094918040675247 1.1828728487530151 1.158573732744498 1.1379999136784111 1.1379109298279513 1.162406012623401 1.1907491387788653 1.22036321729599 1.250542592813979 1.2807906848769122 1.310654573549195 1.3396943892422366 1.367439804655895 1.3931909642686209 1.4163944994521516 1.4365344521636647 1.4539201448968455 1.4695352770058991 1.4831281655486366 1.494478708048485
1.5364844636435362 1.5399757079763856 1.5430960186792113 1.545544081048724 1.547204903323794 1.548182817257719 1.5485830885872247 1.5486291111766748 1.548445690051678 1.547686862277686 1.5454202894687379 1.5406340992980978 1.532509292767161 1.5205786888853674 1.504650612019465 1.484650896437118 1.4605500314143176 1.4325087787233959 1.4011753061800625 1.3677696794340148 1.3337795200185165 1.3005802579847887 1.2692612668765926 1.2402741297206343 1.2139611938801353 1.1916593822315262 1.1768376479672757 1.1763053959346594 1.1907465152736112 1.2129275945742013 1.2384346264820263 1.265445272656787 1.2930142119060182 1.320491919632974 1.3473455437977884 1.3730964047904288 1.3966342954782662 1.4175808893856403 1.4357206694516793 1.4520925998883147 1.466804395110524 1.4795906953295825 1.4902389352427763
1.5394960079224473 1.5430925323990083 1.5460407471275175 1.5479545388992628 1.5487927509720587 1.548908457073697 1.5487111650421053 1.5485860166625873 1.5486576172739237 1.5488809776045458 1.5487093867443835 1.5469755455059688 1.5426146540306889 1.5349221545302665 1.5235085555280021 1.5080626557871095 1.4881168393795245 1.463205506639991 1.4336563683786328 1.401000123054795 1.3672433109515265 1.3341327893333046 1.3030139120860955 1.2747401675685748 1.249881054336404 1.2300695790715184 1.2178938579481304 1.2160811961329274 1.2247012794313843 1.2408303682336763 1.2614061324353312 1.2844135139528237 1.308600213336169 1.3331114774767612 1.3572934485214085 1.380603130620035 1.4020531176506343 1.4204891000903663 1.4368670150081815 1.4519923766845613 1.4655680721008848 1.47733495735075 1.4870833290860925
1.5417178079762288 1.5453039356278497 1.5478885688858657 1.5489099572902851 1.5485209695839324 1.5477246269231284 1.5470568581815711 1.5465604943223406 1.5465001922252746 1.546997941810583 1.5481731315386291 1.5489191362356916 1.5480212036840406 1.5445691406649764 1.5380173792016414 1.5279297934192015 1.5134050302056665 1.4927230402981015 1.4653176529681142 1.4335642187246098 1.4004078442277512 1.367957269963554 1.3376981237497567 1.3106741621063676 1.2874573464355894 1.2694225714344327 1.2582046911052642 1.2550455527331426 1.2598711956425388 1.2712181545055392 1.2871523400481224 1.3059992004891254 1.3264976120026004 1.3477060985055707 1.3688915056535345 1.3894552116766996 1.4085194229829834 1.42505133104801 1.439986690591377 1.4536387806322422 1.4658722270543287 1.4764300526654315 1.485101830378258
1.5430660233692843 1.5465782943093518 1.5487005481158573 1.5484219738187228 1.5461727721807677 1.5450702717470013 1.5447235009379157 1.5442263784545973 1.5437001017839012 1.5436938051886924 1.5450585125814627 1.5471137333493261 1.548670068651118 1.5486873438173632 1.5465045730775961 1.5417746842645277 1.5338291401749593 1.5190786259505291 1.4938765282484663 1.463260356306204 1.43133487046683 1.4002480163244788 1.3714503761679129 1.3460037368895672 1.3243638069037798 1.3075666885925243 1.2966567001223641 1.2922762848918066 1.29432147031841 1.3019298518680604 1.3138363368616508 1.3287562533764223 1.3455743377062843 1.3633743827493683 1.3814068749284172 1.3990498092816421 1.4156012662365043 1.4308378552535606 1.4447042674367658 1.4569876983904526 1.4677058898236097 1.476892415216308 1.4843348065355393
1.5435082476722453 1.5469798785736435 1.5488610929079458 1.5476019296489962 1.5423173049136958 1.5432528772325684 1.5435465367515615 1.5432636457345514 1.5423738612334223 1.5413646034785697 1.5417399901509536 1.54364702955142 1.5461417074618762 1.548170601252492 1.5489215536732535 1.5479844305181216 1.5453459948211439 1.5382412158652174 1.5153710201447805 1.487470402251801 1.4580943089520193 1.4293277246193958 1.402634962854631 1.3790763192580313 1.3590055823296592 1.3432180469621589 1.3324340465142006 1.3270373132432134 1.3269351550230362 1.3315646095140787 1.3400549803693786 1.351432829103779 1.3647654399141145 1.3792232190993603 1.3940904061595432 1.4088110670405631 1.4235991937002968 1.4375052705090796 1.4501678393292485 1.4613629220958795 1.4709132396365918 1.4786922620606804 1.484779035214899
1.5430387348089514 1.5465601304904042 1.5486938118073528 1.5484364464939655 1.5462161574542204 1.5451002468789712 1.5447363750399097 1.5442271065405384 1.5432874437078574 1.5417716392794993 1.5406109276105469 1.5412662612211236 1.5432828183832854 1.5457963555061751 1.5479111173320883 1.5489074045547602 1.548051267730763 1.5425516882285715 1.5272529691898022 1.504800069823523 1.4795276570599722 1.4540532273948459 1.430074819093447 1.4087147539221012 1.3902959643120913 1.37549584398432 1.3648720086698396 1.358700676592774 1.3569207607135505 1.3591472176368145 1.3647578546289867 1.3730106313238009 1.3831432133602952 1.3944341291873037 1.406293042735945 1.4190366801298393 1.4322782186334513 1.4447488056419453 1.4560952300017047 1.4660882907209567 1.4745446735836294 1.481320198223282 1.4862993330414507
1.5416615193593008 1.545263998176078 1.5478658343206713 1.5489070657201558 1.5485358580174644 1.5477430011399853 1.5470672942594204 1.5463877173176255 1.5454906675300666 1.5442182252862005 1.5425436232765157 1.5417658957644491 1.5425618275230126 1.5444985333518189 1.5468118371883528 1.5485924137356855 1.5485746368538575 1.5443891962318004 1.5334563605867106 1.5163119672587348 1.4956682745588414 1.474007916003197 1.4531349535271043 1.4341978194765828 1.4175361786289773 1.4037930791554256 1.393452089456199 1.3867537377829184 1.383678309925349 1.383962789632773 1.3871546047831684 1.3926845543917803 1.3999358965374247 1.4084438846102265 1.4184231239508538 1.4295985872411867 1.4412783289542335 1.452257825976745 1.4622195566750837 1.4709350504785672 1.4782186301968852 1.4839201628949963 1.487913704199006
