_RESULTS/CROSS_VALIDATION_POSTPROCESSED/Berg/TZ/1comp/3/Berg_TZ_z_1000_kriged_reverse_1comp_spherical_3.asc
ncols 100
nrows 90
xllcorner  5.6208707817415728
yllcorner 50.959635321741573
cellsize 0.00013419651685393446
nodata_value 1.7014100000000001E+038
[rows 0 to 17 of 90, columns 0 to 41 of 100]
0.04712031530873083 0.04712031530873083 0.04712031530873083 0.04712031530873083 0.04712031530873083 0.04712031530873083 0.04712031530873083 0.04712031530873083 0.04712031530873083 0.04712031530873083 0.04712031530873083 0.04712031530873083 0.04712031530873083 0.04712031530873083 0.04712031530873083 0.04712031530873083 0.04712031530873083 0.04712031530873083 0.04712031530873083 0.04712031530873083 0.04712031530873083 0.04712031530873083 0.04712031530873083 0.04712031530873083 0.04712031530873083 0.04712031530873083 0.04712031530873083 0.047255877194719215 0.047725856654625 0.048686176507490624 0.050207173166456225 0.05217418703857349 0.05447229964711085 0.056997261169378866 0.059872812439638164 0.06300401582211988 0.06618374665457813 0.06919374260128087 0.07181881274786289 0.07386839435394683 0.07520211317462681 0.07575412972433956
0.04712031530873083 0.04712031530873083 0.04712031530873083 0.04712031530873083 0.04712031530873083 0.04712031530873083 0.04712031530873083 0.04712031530873083 0.04712031530873083 0.04712031530873083 0.04712031530873083 0.04712031530873083 0.04712031530873083 0.04712031530873083 0.04712031530873083 0.04712031530873083 0.04712031530873083 0.04712031530873083 0.04712031530873083 0.04712031530873083 0.04712031530873083 0.04712031530873083 0.04712031530873083 0.04712031530873083 0.04712031530873083 0.04712031530873083 0.04715157543273492 0.04768280312021525 0.04902302910553452 0.051061701497844114 0.05369261481771993 0.056804291380923425 0.06043443473594286 0.06476512739565542 0.06960476051635926 0.07470297160651154 0.07975891241696231 0.08443303453693236 0.08837396492499555 0.09125890402470899 0.09284223404129803 0.0930027027321651
0.04712031530873083 0.04712031530873083 0.04712031530873083 0.04712031530873083 0.04712031530873083 0.04712031530873083 0.04712031530873083 0.04712031530873083 0.04712031530873083 0.04712031530873083 0.04712031530873083 0.04712031530873083 0.04712031530873083 0.04712031530873083 0.04712031530873083 0.04712031530873083 0.04712031530873083 0.04712031530873083 0.04712031530873083 0.04712031530873083 0.04712031530873083 0.04712031530873083 0.04712031530873083 0.04712031530873083 0.04712031530873083 0.047154870375313906 0.047851344327821344 0.049518057155536845 0.05205957856431453 0.05539129339730287 0.05942276224484183 0.06440160712935167 0.07051723390325745 0.07760253925143326 0.08540634294747715 0.09357182543912183 0.1016324820558021 0.10903190630235629 0.11517116485592811 0.11948267229540716 0.12152258229318641 0.12106476835028326
0.04712031530873083 0.04712031530873083 0.04712031530873083 0.04712031530873083 0.04712031530873083 0.04712031530873083 0.04712031530873083 0.04712031530873083 0.04712031530873083 0.04712031530873083 0.04712031530873083 0.04712031530873083 0.04712031530873083 0.04712031530873083 0.04712031530873083 0.04712031530873083 0.04712031530873083 0.04712031530873083 0.04712031530873083 0.04712031530873083 0.04712031530873083 0.04712031530873083 0.04712031530873083 0.04712031530873083 0.04723630644326971 0.04809164790581053 0.04997839740685663 0.0529441395801427 0.05693967145441374 0.06191952064429028 0.06830274360570186 0.07641449366297536 0.08620090799667685 0.09749976787665272 0.10998492647551472 0.12312465381895371 0.13616834895981886 0.1481757535514548 0.15809768615911837 0.16490859380690376 0.1677803544024297 0.1662716314591332
0.04712031530873083 0.04712031530873083 0.04712031530873083 0.04712031530873083 0.04712031530873083 0.04712031530873083 0.04712031530873083 0.04712031530873083 0.04712031530873083 0.04712031530873083 0.04712031530873083 0.04712031530873083 0.04712031530873083 0.04712031530873083 0.04712031530873083 0.04712031530873083 0.04712031530873083 0.04712031530873083 0.04712031530873083 0.04712031530873083 0.04712031530873083 0.04712031530873083 0.04712031530873083 0.047269670910371216 0.0482948331013288 0.05028313042388663 0.053523480392320445 0.05805478316264979 0.06389232503754552 0.07154065860442795 0.08163947533396676 0.0943508837125144 0.10974335119001942 0.1276920063167374 0.14777389249016745 0.16918075595286544 0.1906801339179291 0.2106546599578782 0.2272376624728996 0.23854557404115367 0.24299390736353205 0.23965771506253525
0.04712031530873083 0.04712031530873083 0.04712031530873083 0.04712031530873083 0.04712031530873083 0.04712031530873083 0.04712031530873083 0.04712031530873083 0.04712031530873083 0.04712031530873083 0.04712031530873083 0.04712031530873083 0.04712031530873083 0.04712031530873083 0.04712031530873083 0.04712031530873083 0.04712031530873083 0.04712031530873083 0.04712031530873083 0.04712031530873083 0.04712031530873083 0.04712031530873083 0.04722456102457421 0.048275014474372734 0.050389719124134265 0.05369565103910925 0.05854113391839882 0.06502497764248959 0.07361097596777079 0.08538547800179691 0.10085536766193282 0.12049141615304475 0.1446221870749417 0.17325405352931136 0.20586546113141643 0.24122140172344567 0.2772741756558082 0.30996490305832847 0.33408217419378944 0.34755992163524624 0.3492526550829372 0.3389684954243378
0.04712031530873083 0.04712031530873083 0.04712031530873083 0.04712031530873083 0.04712031530873083 0.04712031530873083 0.04712031530873083 0.04712031530873083 0.04712031530873083 0.04712031530873083 0.04712031530873083 0.04712031530873083 0.04712031530873083 0.04712031530873083 0.04712031530873083 0.04712031530873083 0.04712031530873083 0.04712031530873083 0.04712031530873083 0.04712031530873083 0.04712031530873083 0.04714303725266986 0.0480259171912432 0.05014089761980307 0.053468736239490874 0.05833024471868931 0.0651266688914395 0.07422186013792767 0.08704201631227917 0.10461751930788615 0.1279648141122659 0.15814208632260804 0.19602568351754585 0.24197723626654533 0.29538271203042754 0.34958951151097134 0.3975841165952009 0.4354464817994984 0.4603070759784887 0.4705079448345346 0.46536828742202935 0.4448548676454056
0.04712031530873083 0.04712031530873083 0.04712031530873083 0.04712031530873083 0.04712031530873083 0.04712031530873083 0.04712031530873083 0.04712031530873083 0.04712031530873083 0.04712031530873083 0.04712031530873083 0.04712031530873083 0.04712031530873083 0.04712031530873083 0.04712031530873083 0.04712031530873083 0.04712031530873083 0.04712031530873083 0.04712031530873083 0.04712031530873083 0.04712031530873083 0.0476353948084543 0.04951969442042661 0.05278338373382773 0.05750132587393205 0.06419727260641446 0.0733857403658671 0.08638105197636722 0.10496428949660369 0.13073386954578067 0.16565799709617796 0.2119048886812381 0.27147265871464976 0.34167348062280517 0.412064984801684 0.4765810531604466 0.5296665126162154 0.5671750508997995 0.5869755720478009 0.5888279756176191 0.5734946014434728 0.5412927810027435
0.04712031530873083 0.04712031530873083 0.04712031530873083 0.04712031530873083 0.04712031530873083 0.04712031530873083 0.04712031530873083 0.04712031530873083 0.04712031530873083 0.04712031530873083 0.04712031530873083 0.04712052859509953 0.04712922718888351 0.04714295687024184 0.04715361157190962 0.04715649338449272 0.0471504590093521 0.047137956795416165 0.04712494809418648 0.04712031530873083 0.04726252728374327 0.048674659882320476 0.05159785175397466 0.05611877957030174 0.06243379433643984 0.07128461610590277 0.08365085414291043 0.1018986843246573 0.12823568332219457 0.16549397165752303 0.21730098726443617 0.28764723419962634 0.37005332337161245 0.4553967748626554 0.5363856979015414 0.6053714786241339 0.6560281094258572 0.6847922438702032 0.6914284300924018 0.6784619281369243 0.6496518958458659 0.6074134476094195
0.04712031530873083 0.04712031530873083 0.04712031530873083 0.04712031530873083 0.04712031530873083 0.04712031530873083 0.04712031530873083 0.04712031530873083 0.04712338911663576 0.04716374516586404 0.04723509698193574 0.04731912823849806 0.047400122238731426 0.047465404870309175 0.04750577734711518 0.04751587290518684 0.04749438153741781 0.04744410671498268 0.0473718448939522 0.04728810730458586 0.04791102887896694 0.05016603504920046 0.05414871249697598 0.06004421992752325 0.06817036458279833 0.07952138979239658 0.09613311418994669 0.12104291568804874 0.1576317130620594 0.21070938564357075 0.28582802154555415 0.37571879386480145 0.4724215618114355 0.5680147165823696 0.6529316161508086 0.7179118425353451 0.7564088860464921 0.7664227252111738 0.7507707304701307 0.7156763585773512 0.6706869026031544 0.6253598778433874
0.04712031530873083 0.04712031530873083 0.04712031530873083 0.04712031530873083 0.04712031530873083 0.04712031530873083 0.04712671981963921 0.04719999873069107 0.04733508754951814 0.047507908499715 0.047695940242769574 0.047878666203248786 0.048038167181855475 0.048159784666167695 0.04823276508670904 0.04825079071149175 0.048212314538847244 0.048120644893822936 0.047983765756726124 0.04792507073013486 0.049221230681103456 0.05226566075598169 0.057237791650106624 0.06448154675921111 0.07455582391117005 0.08887112801602358 0.11069129939469341 0.14381926815601578 0.1935684290288372 0.26693817345907983 0.35808966275435145 0.46000953389785937 0.5655155991959224 0.6644680996387192 0.7451343501861472 0.796888708079825 0.8135853918144316 0.7958683770768008 0.7558463482559583 0.7088833980171706 0.658357011859685 0.605404522192645
0.04712031530873083 0.04712031530873083 0.04712031530873083 0.04712031530873083 0.04712031530873083 0.04717502155122485 0.0473356362819878 0.04757476234857681 0.0478653347455006 0.048180974304560226 0.048496386228890916 0.04878801572720663 0.04903490259602078 0.04921964026384518 0.049329314174952045 0.049356280962331044 0.049298662774148246 0.049160472489167543 0.04895134794174696 0.04916297679199813 0.05110240912306434 0.05493741758337854 0.06094148300300025 0.06958759757703764 0.081607582382314 0.09919464141622937 0.1269090412438109 0.16976083956584118 0.23546255577598318 0.32143970098345365 0.42087826273449636 0.5285031584528609 0.6356646733645355 0.730501622852804 0.7994328354957678 0.8306242064062476 0.8209886411984793 0.7891504310219203 0.7424256111768746 0.6864488679155535 0.6254870435920009 0.55987588875364
0.04712031530873083 0.04712031530873083 0.04712031530873083 0.0471245144386775 0.047236288006659174 0.04747847619846596 0.04782213817449623 0.04823820530094062 0.04869732711759958 0.04917005967197163 0.04962741612558282 0.050041768498700706 0.05038804016619286 0.050645068484089534 0.05079696091870793 0.050834236769094196 0.050754558385250385 0.05056291720366943 0.05027144605226802 0.05091134150599855 0.05345522451339884 0.05806690617493534 0.06511781506783751 0.0752218505799472 0.08930435609692422 0.11043068083627691 0.14418096890324478 0.19771101252772463 0.27356393123121436 0.3635364821900888 0.46430608089899966 0.5699397021378748 0.6712881862525393 0.7557771561228322 0.8084865221322222 0.8239369536724026 0.8130785064996908 0.7748658248989764 0.7163336328409395 0.6480256977915521 0.5771332766519309 0.5049834859547178
0.04712031530873083 0.04712031530873083 0.04712977498607253 0.047279211189616636 0.047587705582017435 0.048026098907747984 0.048564626914679526 0.04917238402294439 0.04981713145665001 0.05046551913343688 0.051083780367300685 0.05163891936418656 0.05210033960861188 0.052441763517213635 0.05264319294685919 0.052692592830852945 0.05258698379506845 0.052332721826110803 0.05201277026683856 0.05308678334186691 0.056180455728143376 0.061526051148473454 0.06959192731217699 0.08113655626169582 0.0973167321995544 0.12206631706274584 0.16193414533414138 0.2232573679440116 0.29921968718270364 0.38637268140819686 0.48064516588788775 0.5763542185617276 0.665233510668836 0.7355902256517912 0.783450032026434 0.8109951167264744 0.8012771385627594 0.7507103028687725 0.6741684737717506 0.5916333090858291 0.5145286449616987 0.4435702991964995
0.04712031530873083 0.04712696783362076 0.047286198258337846 0.04763617916101672 0.04814852852550543 0.048794183474381615 0.04954272258291604 0.05037399106663839 0.05124109253799966 0.05209029194457554 0.05287987867088705 0.053582944730698294 0.05417853331000607 0.05462017083515964 0.05488075788413053 0.05494467440063748 0.054808035670339005 0.05447912053630098 0.05418908249768724 0.05561172214590108 0.05917472825502262 0.0651702316847315 0.07415488384093118 0.08702254988239941 0.10520655412891113 0.13329328728266332 0.1787213017837347 0.23943085769663539 0.3091491856703062 0.38609238975986315 0.4664655696325037 0.5451510463074305 0.616163969968948 0.6807307684256347 0.7477218280174485 0.793555916858076 0.7850967210714396 0.7133439246771714 0.6105393773143657 0.5129328972354419 0.4349953220495269 0.37377351649196067
0.04712063555986964 0.04725458706789743 0.04761256708943626 0.048248074194841145 0.04917438755795893 0.05030134272326267 0.05154229415301686 0.05281399869549902 0.05403846280241108 0.05514630293225971 0.05608105268599614 0.05680376413333007 0.0572972163479694 0.05756908251824789 0.057653541495599196 0.05761108484331226 0.05743425236451874 0.05701489309363464 0.056748728265931934 0.05841211545065346 0.06233024585042662 0.06884113276920188 0.0785716931616172 0.09252590988357925 0.11238322575632086 0.14318051024919592 0.19001777028297545 0.24435468823319992 0.3029269464693624 0.36354641288991174 0.42399389120613207 0.48043021506142136 0.5345842971296182 0.6059983368881592 0.6920050005453119 0.7666576037620211 0.7653342596108041 0.6571481779290365 0.5187001540105697 0.40893549586440625 0.3363229313358929 0.29227462961442807
0.04720273693817412 0.04773279682379089 0.04872778325043169 0.05008846198081946 0.05171787427303626 0.05351701918501586 0.05538350433131152 0.05721299412282681 0.058903162921750574 0.060359626574577975 0.061503076430851095 0.062276656085490024 0.0626525388725705 0.0626366811496337 0.06227085509881355 0.06163138586322458 0.06082464042272061 0.05998021762823032 0.05965016756346415 0.06141784587952383 0.06553796621094754 0.07237492149329142 0.08259838343889857 0.09728082843140916 0.11824638475198548 0.15081369951316792 0.19349456717056296 0.23813895540931093 0.28233453419542426 0.3238927546546723 0.36122443296364365 0.39426997557549215 0.4392020141064138 0.5054483155285824 0.5976001022674684 0.710004791509732 0.7448416543205345 0.5665547842082075 0.3949241565933832 0.2871205772832999 0.22577400710851195 0.19595670047100866
0.04808387903976733 0.049442861024238095 0.05127783638860031 0.05349221425070956 0.05598152073562456 0.058629337595781844 0.06130681299430305 0.06387591784925749 0.06619626744654386 0.06813482045813855 0.06957728555135624 0.07043976287383795 0.07067905610430845 0.07030011185237124 0.06935909859045397 0.06796089407360523 0.06625061540396515 0.06440048146524686 0.06315525437707524 0.06456490699029985 0.06869318290030625 0.07561425131122598 0.08600556131707485 0.10095381130858701 0.12228316090696781 0.15449397773050977 0.18961563658994998 0.2227116049326247 0.25150972000137156 0.27424843356722833 0.29004367897369 0.3073186771166688 0.3379000506602191 0.38403821116213793 0.45096304943846127 0.5467846741157739 0.6359380547853564 0.39934083120743213 0.25300950534542965 0.17168398940836185 0.12725690332148315 0.10426675952840446
