_RESULTS/POSTPROCESSED/Berg/TZ/2comp/Berg_TZ_z_250_kriged_reverse_2comp_spherical.asc
ncols 100
nrows 90
xllcorner 5.6208707817415728
yllcorner 50.959635321741573
cellsize 0.00013419651685393446
nodata_value 1.7014100000000001E+038
[rows 38 to 56 of 90, columns 43 to 85 of 100]
24.547224390761137 24.8262758742771 25.009138108616597 25.090917426881543 25.103630060952746 25.06077967910776 24.933645435053982 24.690657528276056 24.2946507478355 23.707367189036187 22.91391467982961 21.94928745265946 20.907467469266287 19.99220486432232 19.56109398035727 19.86746600082248 20.52805261924735 21.2606348480016 21.95761920830032 22.535634307903994 22.92585548126237 23.06826072379781 22.924721068951285 22.518070577336953 21.92621192352616 21.233940701127572 20.51210770731453 19.82425478703489 19.23657692568605 18.77544463006483 18.41078796201967 18.144089658805875 17.98022615750928 17.964174723515157 18.19423084045145 18.64605108460939 19.26923736678384 20.005393743582847 20.81592381832834 21.663979555718228 22.492128909960854 23.225911984046846 23.843187355467048
24.350344985748976 24.606270616599247 24.780264807774703 24.87431053413672 24.90715379947629 24.881961041518625 24.76958760259271 24.528211818235114 24.123875408503828 23.535370414791405 22.756662513000776 21.789426377938018 20.672301069452846 19.45715288833881 18.738614093736405 19.675955504176294 20.715082638202816 21.677666282853597 22.526778579499094 23.227352504449993 23.72542048997893 23.91805200106202 23.696431157322216 23.106560633787716 22.302504265571326 21.40245052862526 20.482013167854625 19.601410684101307 18.81948461403353 18.16789426186793 17.674464076044696 17.341010733540347 17.19257756563249 17.227390010530492 17.517601425308133 18.03345549683901 18.729833383174242 19.538881144899932 20.407981265534822 21.290503940793396 22.150721675463522 22.920865964089995 23.575737845983184
24.18422320838733 24.390728545743634 24.555080418358095 24.667381851756414 24.735721202437187 24.746299847526075 24.658884800290704 24.453829202425055 24.11429630186151 23.618139505281473 22.94444541787204 22.092677717925316 21.09388962686363 20.011853334350246 19.463797484028856 20.30441980026602 21.366934361839235 22.37818912363478 23.293232021330216 24.08677781159222 24.715630147073643 25.035808393725738 24.691219706955625 23.82350875092723 22.77457474916435 21.66141638182876 20.538259935719978 19.45260097801947 18.45286052139609 17.569637010173288 16.893703150225317 16.492718432874952 16.385286919175275 16.512273376572807 16.89200714160522 17.48602899600215 18.254499119135396 19.143084112158437 20.085828293057777 20.986107486529633 21.849330737884515 22.643033301717132 23.32933196106469
24.062275447917713 24.228230901751477 24.360422358796082 24.474523776448155 24.582474813378578 24.63725780082764 24.61404761995763 24.500231791201493 24.282004459670166 23.942142608944504 23.461142652045115 22.839744999125777 22.125006225477396 21.464472317304644 21.218124980040244 21.64776674657362 22.447771539388214 23.338738620941854 24.208111303945987 24.996878467080407 25.681486670118975 26.261353614628824 25.675966487952078 24.498113375019607 23.257840923284878 21.976085033010488 20.67855610969408 19.400232367475965 18.162979976618484 17.019127382539985 16.129472467880923 15.65860565674134 15.62039921054529 15.86703967916595 16.362764430040173 17.036070991223866 17.85942487522468 18.80554649602732 19.834954898010064 20.723014962321066 21.5686558367726 22.38694965905841 23.104040411753278
24.00354289584127 24.14849971699616 24.26465555002125 24.361919971936253 24.480554296735995 24.584705839715152 24.643527078836563 24.64080962538329 24.573725483980223 24.436188145915004 24.21490247630936 23.880229735742194 23.438380375970507 23.023852606192172 22.886500779927715 23.15255189604843 23.725722194482536 24.43924342417187 25.173514580326835 25.83719167701008 26.351696020301922 26.563206843792038 26.042465110683832 24.960069257764005 23.691286973830074 22.335748798733196 20.93063339683648 19.49901115681247 18.035879354103013 16.612863461252676 15.407048335371407 14.866124273734481 15.026317879370232 15.431501531760453 16.008504984659417 16.72745165731026 17.570790829068763 18.51397600504081 19.4925210995039 20.417602413032792 21.30463775764983 22.153165886079755 22.903367393635847
24.046677766852977 24.188870337653974 24.297966559137556 24.364484919940093 24.45970596068462 24.59201249872403 24.714547613661622 24.82192433413077 24.903158333920537 24.970305136536926 25.047741044987593 25.064623383554625 24.79841435828952 24.475387850463107 24.366653759355252 24.554613504329208 24.987788683959835 25.55104038375496 26.127820145633514 26.603754245258433 26.868172866437735 26.7958919079142 26.260286180007014 25.31059262627625 24.10935847990693 22.763496212593047 21.32718211778417 19.81058208605548 18.23056270389253 16.618726814016135 15.000515610204879 14.366383759496532 14.862893836724256 15.354345342692689 15.938425816707339 16.627389031964178 17.428760048840157 18.33117821623773 19.26477095679295 20.18899400614403 21.100547076464892 21.960509667477517 22.736179860628557
24.19805535812311 24.349100825890098 24.440381439257564 24.475208143722657 24.53465411580576 24.66447896086724 24.824550750518277 24.988553634555988 25.169274558184696 25.38860947017585 25.693487090110867 26.149736699967512 25.889026356701027 25.608228244687215 25.549224496564914 25.727334795821637 26.10133685791251 26.579831112768744 27.041301307097875 27.342638670943526 27.393531497871287 27.146522058140565 26.572733633103013 25.693151928791806 24.578128490662017 23.298321983214386 21.904949195993666 20.40590377727124 18.844605932032803 17.292129178250303 15.928521521015687 15.290460882662213 15.388002072267676 15.71535967451726 16.186017989088477 16.776693783659468 17.483310384324486 18.302688708241675 19.190927057178587 20.090538645395583 20.994394717004322 21.843821306210167 22.614137928084745
24.466981391437926 24.61758292847795 24.678537680652234 24.681283206941046 24.698155157711167 24.79145848221887 24.951811444544493 25.129235145648842 25.328280365972343 25.570579053560344 25.885570062469455 26.208736719174517 26.298858822992845 26.288196162497872 26.36259757142117 26.59471174215336 26.976722205794495 27.449755165512308 27.890443211390103 28.063165738179464 27.924826810060527 27.5574424538243 26.963618112156507 26.147957931830074 25.14396869451077 23.98903009059847 22.687812471459335 21.275031883834856 19.81774649372077 18.428996035350593 17.296846594195483 16.607405180338063 16.35813744116851 16.43250313642891 16.714798435559942 17.15890419253464 17.740940200658304 18.450947026874267 19.25966566266722 20.12592359233054 21.00029735639518 21.81806816773553 22.562154817963094
24.82458345903869 24.942064845433684 24.96730657790513 24.935123983228745 24.902522991815868 24.933826659339353 25.044649756681757 25.197087015176667 25.36659103894482 25.568921851152286 25.841209865007244 26.126102706289917 26.366736075032904 26.582461493163358 26.808893004306295 27.121685268490868 27.54039485317252 28.047856834524442 28.605023566202597 28.673879807592062 28.369498209810462 27.958518289664593 27.4073976925289 26.69878012869556 25.839092169349602 24.818555093401105 23.645708185435748 22.352046746473643 21.010706962306962 19.74554218540621 18.69907014529476 17.939537889302322 17.49296665308587 17.358264066451518 17.44921489925113 17.73044621003203 18.174408476245173 18.765305355401182 19.47335271977504 20.27241352200209 21.106052746928224 21.88293786273289 22.58921917928097
25.213580701871823 25.28104048030857 25.265886101760604 25.196453339610763 25.107291306465747 25.06392400242393 25.09811417746926 25.201647587544645 25.316057698102323 25.481609579992774 25.719529433113102 25.997950167279498 26.304492023358932 26.6444669058508 26.978866844958265 27.354010082909163 27.79146307463406 28.27734594889297 28.733355812162166 28.849833320227457 28.6516644394954 28.325749997015652 27.887445406978173 27.3218956175928 26.60647543994229 25.740700213923162 24.729490575207937 23.562133907829764 22.302849903415503 21.10102623812433 20.07081277968339 19.236191695240056 18.676325212714143 18.387065192801884 18.31644888418851 18.440667276418573 18.74693705369646 19.217331522555167 19.819703992174027 20.527126303560266 21.28957638482531 22.01450164919304 22.6765190356354
25.580390266654092 25.598310993692756 25.54507175967985 25.438172313857194 25.302033130548445 25.183763299151078 25.135827761685853 25.164270318832514 25.22327113343944 25.35314838666782 25.55784369663563 25.823414389753047 26.149343447523055 26.545156775605378 26.943531332972253 27.35484673605911 27.791857474072902 28.233933530709244 28.61220897164169 28.808978981354414 28.802180182008296 28.646373620816057 28.37002747685747 27.949511068731802 27.381664347149943 26.682670689644457 25.871406863142337 24.83135292403766 23.588363465143793 22.411129457152374 21.368660790441893 20.485215437904785 19.8531202930521 19.455715004119103 19.257820283505865 19.24394976920823 19.421661828326318 19.77657339335413 20.27341832853608 20.88113861083563 21.538611556563893 22.200434819833575 22.80835758506333
25.89961840468836 25.867412906291793 25.78081154662206 25.646216926609693 25.478026302380147 25.29555962290741 25.16376402322807 25.10364738570378 25.11802684490567 25.204966801844986 25.37051974804545 25.608442080473647 25.920832124594135 26.320000335426684 26.74809112255095 27.17473238583677 27.61008571071164 28.04431147378325 28.43978919516919 28.736070354173414 28.901743540044006 28.929859191852064 28.808650272413907 28.535390807939198 28.10920669056321 27.543543825395382 26.854012363178555 25.915480893934845 24.745931825473434 23.610109097055023 22.557858146227634 21.670280456555034 20.994148894466345 20.520822235769856 20.228581356217003 20.10277761487056 20.16571765521958 20.414066829762657 20.809565703481546 21.306480022803157 21.85103377067881 22.42860350770588 22.97536171599592
26.142103552642958 26.087034506100657 25.964909765130145 25.80782095398944 25.617804052488403 25.395162972140955 25.184373941179754 25.044362141901072 25.011986510096122 25.05014692365298 25.16918831845555 25.36560522078673 25.64100220919355 26.003408929960354 26.432344621318453 26.859547765178476 27.297688663885793 27.757928420294693 28.221271349543244 28.641103515698678 28.961352022733294 29.149819081619142 29.187934275380524 29.06185447309341 28.76197079070075 28.287198536710378 27.62994741530733 26.763601670506958 25.734113562097093 24.66480727002029 23.647110033882708 22.778043192126713 22.080101914915367 21.555885425407713 21.19559501502065 20.985822602736658 20.951081905666964 21.103638040033047 21.40085318856096 21.77808973909065 22.20988748437861 22.686135242730195 23.166648855315415
26.254846661179133 26.18890561077243 26.06544216839784 25.907938849479457 25.709099986771346 25.467218680498576 25.197193764730457 24.994677107721362 24.91147115117848 24.897963123473392 24.96570261722181 25.11151808009367 25.335115306351515 25.6406099530334 26.03217754105395 26.445290190845927 26.884526853556505 27.3859788405675 27.93515682939803 28.47778499602189 28.95063230803437 29.304871913671622 29.506192730705482 29.525658786112647 29.342528653625603 28.948701589565445 28.34341042051361 27.54128514698347 26.593072375690436 25.58989762085889 24.641100324572758 23.800778427430174 23.097533138623987 22.54229456368194 22.133991714698592 21.86463662281278 21.75330939885925 21.822102442906207 22.010813475266236 22.271951275732327 22.593861461869665 22.966758210301343 23.370649121624385
26.244592831728763 26.151364015591728 26.014241523471775 25.864122242212197 25.693233518963115 25.473801184349686 25.19617538080447 24.952440264798582 24.821753997392662 24.75731139172907 24.772715424628284 24.864795630136605 25.0301333159695 25.267435362211632 25.579754602877248 25.947608333135562 26.351366682114648 26.875951112347217 27.534444909388533 28.232271726862667 28.873518942020183 29.397672328143614 29.762021545418847 29.92757135607195 29.856553565206944 29.54092224583107 28.989133131967392 28.2342176662374 27.342537923317977 26.426632754226066 25.54011332675924 24.73284017909479 24.036061241619993 23.465715118819944 23.026650299698453 22.71660598413007 22.54839506388783 22.537342731061514 22.61393979844816 22.765576357665417 22.982721412727397 23.256177156589228 23.575703002814567
26.179870141223077 26.003572397779056 25.823097573497556 25.63731384825373 25.482975068053403 25.329095627804044 25.092757819679235 24.858760884251637 24.6981177202697 24.59379261054754 24.561471831206262 24.59976604194209 24.702248732605405 24.863147746796127 25.078352686887474 25.349387721952247 25.665393418619324 26.194654886384228 27.037834820993417 27.928495692758577 28.742459305798445 29.431076811074302 29.95312121740329 30.26085409823847 30.300461710693767 30.053147694911857 29.54131196925114 28.822480480624886 28.01741644830728 27.171227875036735 26.33924268382654 25.56733907584835 24.886366500379964 24.314420800765603 23.859899159395667 23.52452481846101 23.31333440194624 23.207751250468444 23.185896290731804 23.23835672162199 23.357749955632453 23.53753172909686 23.7704785718827
26.128186008122594 25.84798212577322 25.567585832043854 25.29745108504739 25.052322899427054 25.04797995392788 24.872000877502 24.67473256798156 24.511912527598863 24.372530295287145 24.294584256400867 24.28372595699133 24.331241116017672 24.428425759948823 24.566185080940038 24.74057142603052 24.941539360964867 25.37630107812988 26.55199432495966 27.614991999875805 28.57167500895581 29.40253323684596 30.070064109309197 30.514593991470452 30.658190134619296 30.463056962783526 29.979399219638225 29.337008110293922 28.5963606903211 27.808574846137198 27.028050406816256 26.295560274647617 25.639693877365165 25.078762609889733 24.62299409699512 24.27489744689526 24.002700006378006 23.811267459412676 23.70243516368666 23.668312391879926 23.701507297207527 23.79547289732904 23.945572867143955
26.119838427274246 25.767350656548118 25.40858560866309 25.08000091581638 24.86968937737684 24.74897004753084 24.579432707445555 24.40831999945951 24.267126932062723 24.115567199710927 23.98979345069717 23.93206146442742 23.933278923744513 23.985342419163945 24.0849771505488 24.252742030364523 24.54691711591324 25.185217138908815 26.219484646444315 27.317033421835735 28.35568363688151 29.293110621872497 30.088245295259856 30.66977873066635 30.909695932267034 30.75679522996498 30.32817401731764 29.73881567660024 29.049472768992242 28.319442400964622 27.5943713853253 26.909038062192835 26.288952108454428 25.751686443790973 25.306270453817227 24.928543374768292 24.59370413470743 24.33018706930487 24.14662451699408 24.03673669959813 23.994373150062927 24.013907736945022 24.0904025679462
26.151833478724868 25.75582306276954 25.3602594205868 24.98489095749756 24.685456757264802 24.453878007272845 24.253241702066035 24.089660450543292 23.9628336344398 23.823997756875908 23.67708232215355 23.571201987949692 23.53120103508451 23.553457932145864 23.654025024570203 23.866881508466854 24.261113821293492 24.943099798200663 25.903881616852516 26.98196484801897 28.057410151289037 29.06150546754046 29.95414823072845 30.690781450350524 31.078820452941553 30.924237568664736 30.521750160647297 29.977467111412174 29.350166572140672 28.68883822194379 28.03003502762617 27.403096820007455 26.830799700410466 26.32509354810336 25.871467416768308 25.457725740795983 25.07220830484832 24.751012648273978 24.505397549944508 24.33110190896781 24.22328352547474 24.177376373092667 24.189262659290893
