_RESULTS/POSTPROCESSED/Berg/IZ/6comp/Berg_IZ_z_1000_kriged_reverse_6comp_spherical.asc
ncols 100
nrows 90
xllcorner 5.6208707817415728
yllcorner 50.959635321741573
cellsize 0.00013419651685393446
nodata_value 1.7014100000000001E+038
[rows 36 to 53 of 90, columns 41 to 81 of 100]
0.048930802927949706 0.03111676467688711 0.018075153315398773 0.009641266255808162 0.004969586315455589 0.0025225542482137948 0.0012209289106180088 0.0005447973102039852 0.00023370346284874981 0.00010242360723367264 4.9912174577177854e-05 3.0564027730549276e-05 2.720861360616164e-05 3.669273870052794e-05 6.414062312909058e-05 0.0001144165962890226 0.000172271204227811 0.00018536564659914993 0.00014581964235489746 9.487340043744659e-05 5.737245249229728e-05 3.513027982363433e-05 2.2777640809859005e-05 1.6132073383848413e-05 1.3357981583837257e-05 1.2822538384978028e-05 1.3868678089282024e-05 1.633235209999381e-05 2.027774523948388e-05 2.5861421502087094e-05 3.322619255231874e-05 4.5249566423922916e-05 7.57263571284873e-05 0.00015679034417494554 0.0003806677450096645 0.0009608793785776049 0.0022499111118762442 0.004961778512008905 0.010149419029781823 0.01835067903892206 0.028089365323042795
0.030094563860158425 0.020623934039875565 0.01311783073751237 0.007463905720531677 0.004116839914808322 0.002217295696165912 0.0011189516306145959 0.0005303519576644427 0.0002494285082647437 0.00012483788713637186 7.260353152470466e-05 5.438630263708786e-05 5.765076619211098e-05 8.873524151919746e-05 0.00017799062180632466 0.0003720405421933938 0.0005677723817189608 0.0005071079837527916 0.0003039298294132023 0.00015259002480676217 7.436644462975856e-05 3.811740453894138e-05 2.119767479970728e-05 1.3588811461272936e-05 1.0637398162517705e-05 9.953517522066123e-06 1.0658960006189207e-05 1.2438543833473002e-05 1.5137406585279361e-05 1.8701627230565127e-05 2.3133417684733612e-05 2.985403567420462e-05 4.797053254286414e-05 9.771619573703621e-05 0.00023728095200095022 0.0006542530552470758 0.0017510810876153926 0.004301180172332342 0.009661384364034397 0.018845870907206293 0.030035265332312253
0.019171923502932117 0.014086109705458575 0.009747898530326546 0.005989015721503897 0.0035034989438125544 0.001949592901245186 0.0010152870168214255 0.0005037351534566656 0.00025270051191214366 0.00013780132987777208 8.922649009556784e-05 7.565073670260912e-05 9.085494894400905e-05 0.00016010646735892264 0.00040201232029717196 0.0011826615494174237 0.002025327553757004 0.0013143090433328445 0.000536650028959219 0.00020186689840844072 7.966902426027501e-05 3.418934132656777e-05 1.649387149055665e-05 9.727782164716674e-06 7.3857421545446275e-06 6.955830653381226e-06 7.540308482042433e-06 8.761819281888472e-06 1.0406266559782825e-05 1.231010429949015e-05 1.4351861734588918e-05 1.7613428504994704e-05 2.690547859227032e-05 5.51588504768726e-05 0.0001438487473265638 0.00044689705143517445 0.0013884966000717802 0.003977534354306713 0.010096707284618976 0.0219434021472517 0.03727608737772418
0.013093127042295705 0.010160134766112347 0.00747542733550894 0.004963176128153249 0.0029908467119146433 0.0016982578420384582 0.0008998088067125783 0.00045643504501670986 0.00023510703856643571 0.0001329616226888325 8.970985927144937e-05 7.887301291434954e-05 9.847457286510849e-05 0.00018727978147317292 0.0005896413344949628 0.0028197930199451797 0.0074708147749701585 0.00228924425621037 0.0006270371317735689 0.0001919083530011413 6.521548337113232e-05 2.4558743376149392e-05 1.0511610677986938e-05 5.758310314575303e-06 4.408788229959331e-06 4.4313521923577205e-06 5.077832091503354e-06 5.98810247921781e-06 6.890906455023388e-06 7.592459708742454e-06 8.13939730688338e-06 9.56917113752136e-06 1.4143136100392402e-05 2.9725562226805037e-05 8.577381417451856e-05 0.0003073209660941811 0.0011222791766402345 0.0038303877006778957 0.011409140265487148 0.028840070966928408 0.05441878918397329
0.009673636157489698 0.007906555719354509 0.006075547177390035 0.004224602199637336 0.0025680886444919156 0.0014629798268103562 0.0007768202311277395 0.0003935070616130317 0.00020271539104900878 0.00011317488777571133 7.369220764990503e-05 6.088843752172765e-05 6.986813997053722e-05 0.00012607450413620094 0.00038365092281874056 0.0016596845460782339 0.0037025626047219816 0.0013835196482553666 0.0003970753881851737 0.000120858057000783 3.9734147156556854e-05 1.4147047405737334e-05 5.523715676244629e-06 2.743153286995596e-06 2.265347961303105e-06 2.690676408106405e-06 3.4189454253196956e-06 4.1711142369573405e-06 4.688754681277594e-06 4.81342478876139e-06 4.705105316156938e-06 5.124761912272855e-06 7.129867603443754e-06 1.5351907343682243e-05 5.033624229548639e-05 0.0002148892545838397 0.0009298992079593689 0.0037539963847266033 0.013297475525710197 0.040646828957004916 0.09380605452669226
0.007785853417497263 0.006665450076078015 0.005286460259834287 0.003752847420947231 0.002257337908361178 0.0012594244977445492 0.0006614274077932611 0.00033306100514943275 0.00016732802086039618 8.81422867384937e-05 5.168364126572476e-05 3.635448104802708e-05 3.4056124933725726e-05 5.0386937659713974e-05 0.00011919631658290278 0.00032281849261859766 0.0005230580286605075 0.0003627572852785411 0.00015432597405852757 5.684318300367245e-05 2.0759746867542925e-05 7.840945260388287e-06 3.0760685079691487e-06 1.296397306952466e-06 1.315589476373453e-06 1.9700644905567816e-06 2.768895297850939e-06 3.4933446762189855e-06 3.829293099751234e-06 3.5953323257281662e-06 3.1109829327224076e-06 2.865050133704537e-06 3.437043666229036e-06 7.473751868013739e-06 2.957417418481263e-05 0.00015697195087313007 0.0008094668157692817 0.0037032912195309833 0.014684279104062357 0.05064487097789181 0.159890305707184
0.006910329399087543 0.006136664202760776 0.004961410892543721 0.003528596017925361 0.0020944505167359217 0.0011242556370630642 0.0005814325190165195 0.00028739904477310355 0.00013849059062557957 6.69639634605097e-05 3.381519737255182e-05 1.882897367105703e-05 1.3221863624934446e-05 1.4562354168024656e-05 2.7154356174574814e-05 5.9932123215130354e-05 9.411937659390202e-05 8.547556051119397e-05 5.022251324672613e-05 2.3626942680584018e-05 1.0455596982088603e-05 4.771746778681989e-06 2.3449410702846415e-06 1.4351098027870099e-06 1.480825332537882e-06 2.136795201723859e-06 3.0649664926280045e-06 3.878998010738736e-06 4.0891963599529525e-06 3.5210231971737205e-06 2.6799449628465546e-06 1.9456054236304516e-06 1.681218068621779e-06 3.518552300596076e-06 1.912394414138631e-05 0.00012958700426853465 0.0007699179826589477 0.003758564504452861 0.01474095112249427 0.04594509466851313 0.10451930230626848
0.006865561606563942 0.006235947642284283 0.005071955623591847 0.0035648625332419313 0.0020804890702516192 0.0010890237413410215 0.0005487834177839791 0.0002641389815360367 0.00012135077210623917 5.4022430568358235e-05 2.3653066379762234e-05 1.0403271322897142e-05 5.15345003255047e-06 3.670571170303496e-06 6.250196731475357e-06 1.4360065503447592e-05 2.3733397866206e-05 2.491379433846658e-05 1.7800344431738836e-05 1.0144053647752268e-05 5.474356155831326e-06 3.2140510833321622e-06 2.1962002505882425e-06 1.9169149611209315e-06 2.2587882835362293e-06 3.233542622126647e-06 4.672939925476846e-06 5.950362301960299e-06 6.130472144562182e-06 5.1242441337423125e-06 3.6299506515830846e-06 2.2112555778996024e-06 1.190216696588363e-06 2.22183880326901e-06 1.8640862266593587e-05 0.00014199068893680684 0.0008580619648950245 0.004060686981430122 0.01461854949197836 0.03796595893345153 0.06954571431762609
0.007685140961629842 0.006977670240699187 0.005632062830752972 0.0038879576382343023 0.0022495619992690145 0.0011604656815487006 0.0005743937542590515 0.00027054099727869603 0.00012056060580636026 5.1056510433657784e-05 2.0604846171131727e-05 7.945565746356446e-06 3.089092687023112e-06 1.157608418291406e-06 2.3459789086642367e-06 5.805776263413378e-06 9.575559543958987e-06 1.0446703779049908e-05 8.037689261583242e-06 4.9992187596139925e-06 3.077638630217609e-06 2.3133178714912534e-06 2.2385501267632527e-06 2.694146072697261e-06 3.881096104201565e-06 6.118732375467912e-06 9.388558972933335e-06 1.2500003809646845e-05 1.3479729406986414e-05 1.1953386412323204e-05 8.771453185198803e-06 5.700406073713012e-06 4.1301600907102165e-06 7.454622501350309e-06 3.7969683367458177e-05 0.00023018382128908613 0.0011899690602850555 0.004908509756778396 0.015389043904197769 0.034532255663931685 0.05518949500278469
0.009396847701807851 0.008369141542353298 0.0067133482538557126 0.0045962529605165035 0.0026658181512385203 0.0013692380633930604 0.0006778574873582749 0.00031758975493201806 0.00014299155609549878 6.0759500195331876e-05 2.438063773334433e-05 9.51093549021457e-06 4.026566300606728e-06 2.280101869663565e-06 2.764819521124592e-06 4.73245879560695e-06 6.658803778772788e-06 6.8340720911175834e-06 5.147796426021592e-06 3.099545137303962e-06 1.8736815475392604e-06 1.7659579329580612e-06 2.542566137236723e-06 4.220468674422929e-06 7.555772283606512e-06 1.376911706317736e-05 2.3731011493432207e-05 3.5376316009397335e-05 4.395126251030946e-05 4.338465652361485e-05 3.4795197441470855e-05 2.6009863211345398e-05 2.3565057414805297e-05 3.865402794189537e-05 0.00012261286019681582 0.0005054228893305919 0.0020069872444239915 0.006740530701614067 0.017817449408099498 0.03486712669128667 0.050694568750715895
0.011145642272078825 0.010212683009952067 0.008286773897350067 0.005746884982462141 0.0033735476444123934 0.0017502932114092796 0.0008830093810400032 0.0004259520850985977 0.00019867106660416688 8.866170107660424e-05 3.750478157045412e-05 1.6137180274227646e-05 8.012083205586888e-06 5.278866480130991e-06 5.216153839490867e-06 6.535921417554348e-06 7.580433250668629e-06 7.106869100061408e-06 5.153346995442067e-06 2.91632219931488e-06 1.3647323639188118e-06 1.6709323392870367e-06 3.775842710063258e-06 8.054415053621412e-06 1.714134561378613e-05 3.607692308297839e-05 7.202149754789636e-05 0.00013215831613306984 0.00020096023066248803 0.00022403407623920531 0.00018791501190154234 0.0001454374922247436 0.00013371551988427595 0.0001918262231782208 0.00043699092588657775 0.001259048369493096 0.003782575605718131 0.010158417657375596 0.022438446200669832 0.038344078838589826 0.05107226307283073
0.014041615103975742 0.012882559468232519 0.010569763571545683 0.007479001912781507 0.004468792955147559 0.0023744699341491397 0.0012500880922288113 0.0006374347653201567 0.00031361240449278167 0.00014961445040732286 6.878435316291777e-05 3.294047652092849e-05 1.837248167718936e-05 1.281822378877201e-05 1.1580862968905697e-05 1.2417176229232895e-05 1.2779262549239965e-05 1.1441136089814273e-05 8.560981521339622e-06 5.454288554268681e-06 3.4912001567838585e-06 4.308048604436186e-06 9.05212732658568e-06 1.9966423052302823e-05 4.501301053928141e-05 0.00010327230780951763 0.00024599906941217794 0.0005864245518554935 0.0011886205937046963 0.0014882462520055678 0.0011439107875067423 0.0008019559287637154 0.0006771346817849007 0.0008468314457632364 0.0014623333682503813 0.003111531091171433 0.00725968048270658 0.01586371522805915 0.029571673718282284 0.04438788295644951 0.054327935363124386
0.018704189457841053 0.01686722246392768 0.013940167115285363 0.010068545451782922 0.006146722270814994 0.0034096735703505704 0.0018846709812897894 0.0010220957482610447 0.0005354765951941605 0.00027619095307359465 0.00013890411822794376 7.305004812151885e-05 4.4331524614371245e-05 3.2169198371800814e-05 2.817638877298839e-05 2.849574288296843e-05 2.839100945901299e-05 2.5919905824310224e-05 2.1404962863920933e-05 1.681049406471357e-05 1.4694553050162034e-05 1.792050035144557e-05 3.0316579372055457e-05 5.9502260788350246e-05 0.00012661190678111235 0.0003030323505233269 0.0008160900634952457 0.0024521200415377154 0.00767555911547546 0.011008288742995122 0.0060396176700802445 0.0036102294726287165 0.0027969286703360204 0.0030710362579398987 0.004269583697465966 0.007110165801724335 0.013205138406416798 0.02423788041828101 0.038961302354731324 0.05200705290557409 0.058937815681251934
0.027633838411168274 0.023078115096144613 0.018758583540439185 0.01377574792148996 0.00858182385926168 0.0050067036059536505 0.0029057876561752512 0.0016834122943897832 0.000950574858222659 0.0005322079325347631 0.00029097908766239635 0.00016600213842046446 0.00010794878001932543 8.157822035900677e-05 7.180555623849894e-05 7.211584279223327e-05 7.405285150764826e-05 7.204034851363815e-05 6.656193947628208e-05 6.105949135602635e-05 6.100733200432494e-05 7.328014812294672e-05 0.00010758680430126422 0.00018448728298804462 0.00036287459351990055 0.0008327740407802949 0.0022107864028978446 0.0067021929153147485 0.021608899457674535 0.03222043370412336 0.01830554306271294 0.011209368287142208 0.008777058272244318 0.008721830175643914 0.010416585661280496 0.014423338837742211 0.022022342775807027 0.03457295069515047 0.04920922811807021 0.059449526247703575 0.06311098712923587
0.04364861908779425 0.03399521244319501 0.025704468952949783 0.018405868915396563 0.011784299273005656 0.007300248066521464 0.004486316920353639 0.002762669977633022 0.0016906692357626205 0.0010231990207488014 0.0006058185881589064 0.0003711603645750536 0.00025670533940841595 0.00020289713261086086 0.00018342035046974657 0.0001873819119004284 0.00020500556473185004 0.0002170118280019107 0.000221650904475219 0.0002234771479580938 0.00023394794751238675 0.0002701059598567309 0.0003619262486409249 0.0005628951386335939 0.000996858418674659 0.0020167970193696754 0.004642704186955602 0.011405613709541242 0.025152868767948235 0.03549033514759784 0.03091089481042888 0.023695249484777445 0.020084449885655282 0.019222077042046037 0.020920718180695762 0.02540270909094748 0.03325859842125401 0.04492657406320229 0.057597720257654764 0.0643047457550788 0.06504737466213746
0.0683991833742636 0.05273468854386453 0.03711400448223227 0.02535034252819128 0.016201752355489662 0.01044725817868029 0.006788375815384552 0.004419436927695186 0.002907428550774238 0.001891404580617209 0.00120832297216367 0.0007891190627236802 0.0005774765426733223 0.0004783673655046313 0.0004491020111332234 0.0004744318258290337 0.00055310724218737 0.0006439092964957047 0.0007188294185508763 0.0007704801368561149 0.0008237520262626223 0.0009272791488159154 0.001150067176201989 0.0016021492247419351 0.002502051454672657 0.004309332269678214 0.008161967916019319 0.01592084235755177 0.028063409102461485 0.03876391025724296 0.041337396721970836 0.038462120773322575 0.035115083070883006 0.03372769040769878 0.034882843165029515 0.0386841766694619 0.04507698499120663 0.05362593303006311 0.06137454912420031 0.06429386780624573 0.06382321204105953
0.10334824822440193 0.08015856624722029 0.05566006426671684 0.036198737727609176 0.023575614462362855 0.015699574307283935 0.010477767169931644 0.006961715216983032 0.004722516847901944 0.003255018340910177 0.002231664038804798 0.0015461208823488472 0.0011907878134509821 0.0010321209361533676 0.0010092034158609132 0.0011110451992584118 0.0013675269695730672 0.0017915984666043334 0.002257491409277876 0.00261631577172315 0.002797346917476678 0.002969757403150471 0.0033467980399220203 0.0041303638860444615 0.005621054132127979 0.008327142118506475 0.013060368628723106 0.021195108475644722 0.032706558710269625 0.044447976134121846 0.05166965205895442 0.052175585466311215 0.0504833743758427 0.049165704992911015 0.04938650729377804 0.0513602881732587 0.05472458902784742 0.05861031799332894 0.060650817712568215 0.05948905453133744 0.05885011735146846
0.1465455223225815 0.11424672749731195 0.08058711607179825 0.05295573068156539 0.03562658654970216 0.024907401448755705 0.017322843975958107 0.011508442712564947 0.00781736267044017 0.005512786662739109 0.0039978878818500785 0.0029080416220734965 0.0023335329810783667 0.0021113143700529783 0.0021604650508507657 0.0025015563855570245 0.003268879185138736 0.004766498657382898 0.00698995455344481 0.008799580327079393 0.008878598107727127 0.008597270218820147 0.008718062423538562 0.009513714147739279 0.011291252366307883 0.014550705475049639 0.019843817430067287 0.028067776529433486 0.03981443389918569 0.05293004763569842 0.06050117177857895 0.06335961545058019 0.06327216553775297 0.06207187208391479 0.060961491675320265 0.060297927514660114 0.05978008311628391 0.05867273029232879 0.05587501321165876 0.05327023231369652 0.051426286393087835
