_RESULTS/CROSS_VALIDATION_POSTPROCESSED/MHZ/TZ/1comp/3/MHZ_TZ_z_180_kriged_reverse_1comp_spherical_3.asc
ncols 100
nrows 81
xllcorner 5.5967107548124995
yllcorner 50.982328804812504
cellsize 0.00017565037499993607
nodata_value 1.7014100000000001E+038
[rows 0 to 18 of 81, columns 0 to 43 of 100]
31.687770101086944 31.530591959894693 31.380701608483914 31.24942512930307 31.152239250301726 31.105850197094004 31.120415589188475 31.19256932077429 31.30791303912864 31.449627844916744 31.604096665220872 31.761912281229606 31.916929771330203 32.065129089889595 32.203778715177265 32.3309011378759 32.44494722865095 32.544600292622434 32.62865750960652 32.6959565924083 32.74532808208325 32.7755610516086 32.7853905532374 32.7853905532374 32.7853905532374 32.78244476882895 32.764995944929694 32.73311467555853 32.68825657563999 32.6319414178847 32.56580155955804 32.49164053228269 32.411504177988746 32.32764745971658 32.24225938974515 32.15901149418252 32.082161076420405 32.016234031134736 31.965701093968164 31.934414226092578 31.92488690654054 31.937668885295263 31.971124544415876 32.0225636578245
31.57924280739329 31.397096854433492 31.216610552485864 31.05014393022222 30.919049268520133 30.853038955029294 30.874056311726555 30.974481053158076 31.125531747910273 31.300621338115576 31.483012215939315 31.663357580096594 31.836472040570406 31.999340961623545 32.15006016068585 32.28728377228986 32.40993332853777 32.517041466217364 32.60766610903052 32.68084175531376 32.735549752037244 32.770697089434094 32.785097032609784 32.7853905532374 32.78538644734445 32.7764267267811 32.751211455103466 32.71108350406748 32.65739994412269 32.59157360747691 32.515105826149835 32.428169011396186 32.33238742338787 32.23095109489311 32.12750505399931 32.026292061376246 31.932261258001898 31.851042669649782 31.788620972549452 31.750539668155813 31.740667918867015 31.75998805777504 31.806131352205448 31.874008375444546
31.493376726426618 31.28796685740769 31.07577273373994 30.866600303269404 30.684374495295923 30.581489686740948 30.61542150789763 30.764149007242448 30.963509840019626 31.175925127682792 31.385695287224447 31.586267342469913 31.774680927689026 31.949439229680653 32.10964655847413 32.25463276116913 32.3837806931205 32.49644475932533 32.59191221663337 32.669384570770895 32.72796751835701 32.76666293198897 32.784358625907736 32.7853905532374 32.784126214017064 32.768606505668195 32.736421255058495 32.68881378610903 32.62702584463264 32.550562112863645 32.45911099184807 32.35519824782623 32.241585036425704 32.12139462229139 31.99830382089108 31.876796362495963 31.762455106033734 31.662181677571517 31.584053930345846 31.536338642204555 31.525360142387914 31.55296487032287 31.615441523083543 31.7049272039339
31.439410752975277 31.217346059140137 30.9800111764181 30.73023202537737 30.47988081885244 30.29369050384351 30.363011817223175 30.595919807101307 30.848812465199217 31.093370104003622 31.323690087731414 31.53827878102959 31.73678033336919 31.9191248443895 32.08524956284343 32.23499774851538 32.36808333909911 32.484082429099125 32.58243555308021 32.66245325161166 32.72332089111886 32.764100177298936 32.78372527304086 32.7853905532374 32.78136129389565 32.760219101575665 32.72201041652285 32.6675313199868 32.594072010490656 32.5025547005408 32.39523646202186 32.274477716290775 32.142841093954814 32.00324096144087 31.859176179294025 31.715091306185094 31.576910760200384 31.452718216267318 31.353254243457805 31.291195840315144 31.277649233188637 31.316386832206604 31.400961471783837 31.518295849840072
31.424429014803923 31.19741181276724 30.952126356676946 30.687760352344394 30.40370741111889 30.10562722368896 30.245694882501734 30.53967129588554 30.814446974948055 31.069742260619254 31.3063445015941 31.52502561742963 31.72639462992351 31.91085909362431 32.07861848138289 32.229671445414255 32.36382947255251 32.48073273322494 32.579865437887456 32.660568857379566 32.72205061600739 32.763389012858916 32.783530980759885 32.7853905532374 32.778064091624415 32.75235600653787 32.70831075137545 32.64216690472409 32.55515727484754 32.44935712249554 32.32684724058295 32.18977132014244 32.04041969754468 31.88136334489856 31.715681412212575 31.54736353981055 31.38203458972786 31.228224662395586 31.099268177848323 31.014591285920552 30.99536355101004 31.05033953349726 31.166600583898763 31.32053173977361
31.45060393483199 31.232141506077216 31.00044479471321 30.76044281305805 30.529226297046108 30.37389561348866 30.428830371409894 30.63457055611557 30.87368816004933 31.11080879079151 31.336610433971714 31.548200617175937 31.744578959706388 31.92534340330265 32.09024437997309 32.23901275273969 32.371291173762444 32.48660857107495 32.584373156029216 32.66387263273063 32.724275772727665 32.764631876076464 32.78386553524352 32.785381858660834 32.77503728465338 32.744941803552294 32.690411379110486 32.61241304679005 32.51293692158732 32.39391432811025 32.257252159391385 32.10487417127101 31.93877917450348 31.761133377802008 31.57443235532611 31.38181374944951 31.187718579684244 30.999399747642514 30.830462489648152 30.707968338024276 30.675334773240735 30.757229713805543 30.92173939378604 31.123110047764452
31.514201068014586 31.314769448456246 31.111067900876556 30.91411276241802 30.748022102681706 30.658060018835965 30.687327239872648 30.81988295110246 31.00474112571167 31.20684277123129 31.409438155163187 31.604884051841815 31.789503911904777 31.9613573987332 32.119270783716935 32.262394584950286 32.38999241228473 32.50133706757355 32.595658471348194 32.67211683580235 32.72978738561909 32.767648918214945 32.78457124084348 32.78523152856802 32.77238843666671 32.73371074698087 32.66909646384868 32.580527970446894 32.469886217971826 32.33898029394923 32.18957517855049 32.023422054617754 31.842295035698765 31.64803906444918 31.44263937374484 31.228344001022947 31.0079424354597 30.785560889350506 30.56943146819606 30.383739844246456 30.31328876961999 30.451038519961738 30.689557657436705 30.94555505415808
31.607246525198313 31.431966133574406 31.26020870018742 31.104285944640353 30.983951336957773 30.924475026436625 30.943317193458896 31.034512024033134 31.174537174414642 31.33986924316861 31.51444217409291 31.6886761817278 31.85699273449234 32.016036729187604 32.1636476424915 32.298294159168925 32.418764548727516 32.52399507583955 32.61297311828953 32.68468073500485 32.738059579348906 32.77198593053707 32.785248621910725 32.785113607513146 32.76648790904836 32.71951506055096 32.646232472722986 32.548538658890266 32.42822887433472 32.28702562371654 32.12660952793057 31.948654151923563 31.754865502269542 31.547022170952953 31.327005605720494 31.096803950573925 30.858472738082565 30.61405013515765 30.36547414455943 30.11486138552283 29.904253513212996 30.204229475542505 30.517555441631995 30.814234035807214
31.72039094093286 31.569937059867026 31.42778978809645 31.30471758089354 31.214716814663017 31.172163941047465 31.18549369856251 31.25193423153465 31.359360184319335 31.492968311525203 31.64014378683298 31.791749689597665 31.941580456925866 32.08545317758864 32.22046621510574 32.344495365947324 32.4558735906861 32.55319201819923 32.63517637548522 32.700608864919964 32.74827648583798 32.776933586692905 32.7853905532374 32.782763979919444 32.75762243267529 32.703858420864485 32.623441995305285 32.51820654060987 32.38988763285305 32.24016184746829 32.070693549217324 31.88319667510595 31.679515967428124 31.46172672837608 31.232244980495334 30.993940464170677 30.750287552894513 30.505793856716 30.267893456058648 30.057489287484323 29.973739553594775 30.16090072755761 30.451188324065537 30.748611673798383
31.84506089821342 31.717664209908676 31.600735355175203 31.502828252601862 31.433571850966878 31.401610118604328 31.411564782076322 31.461949193802894 31.545874258766638 31.653886554499454 31.7766960041304 31.90656421639041 32.03755412106083 32.16524957045749 32.28627725339063 32.39727917614585 32.49664054168415 32.58328519469823 32.65611412848825 32.71392316889878 32.75534648206297 32.77881654783711 32.78391634429779 32.77687371528646 32.746959843587526 32.687998493582796 32.60208538554863 32.49100555309555 32.356456971667654 32.200103790215046 32.02365050094867 31.828952092799963 31.618175871184274 31.394028049590965 31.16005389322841 30.92103240785055 30.683584839052642 30.45749790295807 30.259387395570403 30.122204288176967 30.1041278621067 30.238974786376442 30.474192429068054 30.74555257405287
31.974328986633076 31.867323933844787 31.771229980158193 31.692618042799214 31.63817834291216 31.613413281110798 31.62110113580841 31.660359671806678 31.726955208366302 31.814634139813165 31.916633935201794 32.026721729841206 32.13824442757323 32.24574428030051 32.34710902350892 32.44069427059097 32.525115123011524 32.59909593224273 32.661355144851456 32.710519828355864 32.74506371882629 32.76326268203471 32.7662073249609 32.757673526269706 32.72945454753314 32.67107640264883 32.583237146316044 32.46811406458864 32.32920193552266 32.168180417051545 31.986817511382267 31.78715193319819 31.571758958097597 31.344144674622015 31.109287659386066 30.874321177383695 30.649353898330826 30.448565658152987 30.29189350029841 30.20637486600189 30.22012507451089 30.340727769020702 30.542245494413063 30.786446791301465
32.10292352049592 32.01358170894648 31.934613071545055 31.871040999764137 31.82762489339015 31.808052178269353 31.814115870208003 31.845251328233864 31.89868664013934 31.97012096126519 32.05326780149886 32.139942332136535 32.22702403654723 32.312162042514835 32.39342023102213 32.46917573619022 32.53799719094212 32.59852779155117 32.64938425613744 32.68907551769386 32.715941223200154 32.72836278739828 32.7300815322369 32.72085930062667 32.69586803036192 32.64210996699995 32.55949681657719 32.44842439722085 32.3090767090563 32.14538585411255 31.961154798248607 31.75856662626595 31.540544903484697 31.311323880150304 31.077247791423186 30.847710464495286 30.635914624622014 30.458896386650245 30.336264506167755 30.287061980622838 30.32363111032012 30.44373741670902 30.62899484751262 30.853816589952075
32.226900486287484 32.152777877810166 32.087981603261156 32.0363855521032 32.00147068511542 31.985821887459814 31.990663684356633 32.015612653502096 32.058731507633155 32.112751328985716 32.17217797951171 32.23492296872355 32.2989521386933 32.36242362504619 32.423716965417185 32.48139211576813 32.534111737469615 32.58055047892092 32.61930678862084 32.64882694015236 32.66734642329546 32.67625689051599 32.67746645751621 32.66855972097224 32.64753533924021 32.60052697204388 32.52526710882232 32.422086153392605 32.29108265456106 32.13216323311532 31.94738909887261 31.743796528170552 31.524729050186096 31.294823427146557 31.061363110262473 30.83559055577616 30.633577235684946 30.475134918198293 30.379513936634922 30.359453902167626 30.41724827756332 30.544340289734677 30.724141914177423 30.937183596015277
32.34327215144766 32.282306410853174 32.22938482219029 32.187539958736714 32.159390202723465 32.14682024377257 32.15070625508978 32.170520041313175 32.19888796111278 32.23239239620678 32.270060557960576 32.31063572233208 32.35277892135652 32.395191637999275 32.43666166159914 32.4760480116859 32.51222474912413 32.544002656933415 32.57004549090849 32.588794614016926 32.598956679659544 32.60833807896626 32.61015264218371 32.602757610296926 32.58571482918695 32.54775188557705 32.482134659871726 32.38911295760245 32.2687276166243 32.1208539285219 31.94526015366722 31.743522299393668 31.524943882435142 31.294880860277473 31.060747059572176 30.83482669883233 30.636166326946363 30.489377166476807 30.416113713074584 30.42385967806335 30.504997848859546 30.6444232060907 30.825333131530215 31.031850233433424
32.44969938727946 32.40019949186012 32.35737583802502 32.3236447886994 32.301029637982545 32.29095288520409 32.293842576557125 32.30264193180914 32.31439481254713 32.32921799875261 32.34678498213696 32.36649574278545 32.38762124175498 32.409400161732634 32.431080021873065 32.45190566717475 32.47106502718901 32.487606564882114 32.50034597615114 32.50778076132569 32.51507020779334 32.526078157519116 32.5298016042343 32.52533482517815 32.51211306159833 32.48495870681501 32.43144736101605 32.351023322495564 32.24366077956895 32.10918232204672 31.947296400678223 31.757672693195495 31.542529578878664 31.31341173435586 31.07757751244553 30.8465994943606 30.641761269657458 30.49704197577506 30.44440730922252 30.48448926970126 30.59366247515732 30.749061291193026 30.934204269805527 31.136661279700267
32.544265119297826 32.50486330466257 32.47076189868683 32.443922317893104 32.425947957755106 32.41794023491306 32.41414313505347 32.40997085633913 32.40636465488725 32.40381276520093 32.402458086994415 32.402217280162645 32.4028872546069 32.40421975513482 32.40595162951987 32.40778541632631 32.40932214144337 32.40995661556801 32.40875482084743 32.40825295671059 32.41739613153092 32.430796022547284 32.43813154390828 32.43891268020306 32.43198558105001 32.415563658556195 32.3773657545565 32.312365303749544 32.220440600173475 32.10140708180458 31.955026754879917 31.7810243640956 31.579153411885507 31.354017969836846 31.118084200920894 30.879425990504423 30.656251057012362 30.495808387715464 30.467516957765707 30.553059456142595 30.694732208832338 30.86584430744242 31.05429964712631 31.252149016294535
32.62531584527959 32.594912569339726 32.56846357391328 32.54759063167067 32.53359444214532 32.52375787003604 32.510159571442955 32.49380864841677 32.47577640101484 32.45679624591578 32.437346440226676 32.41774341550772 32.39822882879738 32.379033161302345 32.36039988428258 32.342556791299884 32.325626849965715 32.30948261405019 32.29642575128958 32.29523204629004 32.307293465925504 32.32608587205539 32.34079064987915 32.34996211256714 32.351988975646776 32.345150566418155 32.32431058928197 32.277503173234706 32.2037369913571 32.10286289402527 31.97469678509967 31.818984070729105 31.635356144844373 31.423335856762186 31.192182637010596 30.95223026597157 30.709027819360724 30.490068882422843 30.511232392974225 30.657773053312333 30.82449478541734 31.002921365415464 31.189013230372055 31.378898305303714
32.69135259103201 32.66906639633538 32.649433630565376 32.63381943376002 32.62242162855789 32.6059603089827 32.58308061778955 32.5552168601958 32.52349921196239 32.48880700524771 32.45184202411387 32.413213489557094 32.37352265034334 32.3334312805153 32.293694204504156 32.25513202584959 32.21852067979461 32.187639185916126 32.1712112060078 32.17198041111818 32.189621549616135 32.21641348996746 32.240813117774174 32.26079247446832 32.27419244308122 32.278835033074955 32.27267348324259 32.246796134900706 32.19383549827974 32.11379626435365 32.00672228991382 31.872657717087034 31.711604224878997 31.523495028731908 31.31017423045105 31.087057939351904 30.86449774470849 30.678409088314968 30.69721272529531 30.835175498670104 30.99485121417238 31.164261469118017 31.339137503940545 31.516120993422618
32.74095506248344 32.72608096223287 32.712608329097876 32.70170615866193 32.68858872867397 32.66545518046022 32.63382438990311 32.5950674767851 32.550313006290956 32.50049999782691 32.446450230129706 32.38895634487032 32.32887858436555 32.26723731278742 32.20527880702701 32.14453259208113 32.091815224680246 32.054895472526454 32.03772238812884 32.041438158947365 32.06555318157751 32.10261473499115 32.13943647108133 32.17301045548963 32.200460485839656 32.21907411157671 32.226468522593684 32.2202622945596 32.190487449389366 32.133602120094025 32.05005415857488 31.94044537244055 31.80557900619399 31.646642727556646 31.46577380591496 31.276559276940997 31.10563988991135 30.992154873066685 30.986253656996936 31.07104292314907 31.198562654819455 31.345330727957993 31.50128682552033 31.660889246935643
