_RESULTS/CROSS_VALIDATION_POSTPROCESSED/MHZ/TZ/1comp/3/MHZ_TZ_z_125_kriged_reverse_1comp_spherical_3.asc
ncols 100
nrows 81
xllcorner 5.5967107548124995
yllcorner 50.982328804812504
cellsize 0.00017565037499993607
nodata_value 1.7014100000000001E+038
[rows 0 to 18 of 81, columns 43 to 85 of 100]
19.191146034606806 19.191973243436866 19.19234151482628 19.192044004616744 19.191000611627302 19.18924970779218 19.186923801427223 19.18422084253083 19.18137736856135 19.17864569961571 19.17627517648148 19.17449642280013 19.17350722593706 19.173356729942917 19.173356729942917 19.173356729942917 19.173356729942917 19.173356729942917 19.173356729942917 19.173356729942917 19.173356729942917 19.173356729942917 19.173356729942917 19.173356729942917 19.173356729942917 19.173356729942917 19.173356729942917 19.173356729942917 19.173356729942917 19.173356729942917 19.173356729942917 19.173356729942917 19.173356729942917 19.173356729942917 19.173356729942917 19.173356729942917 19.173356729942917 19.173356729942917 19.173356729942917 19.173356729942917 19.173356729942917 19.173356729942917 19.173356729942917
19.1875243780921 19.189853093620744 19.19153428701955 19.192309178679423 19.19206076864255 19.1908266590308 19.188765949570254 19.18611522896124 19.183152685604473 19.180170743386014 19.17745551273111 19.175270845117147 19.17384486632877 19.173356729942917 19.173354628864455 19.173348514701328 19.173341965031693 19.173337621019044 19.173336937300643 19.173340128537937 19.173346161350445 19.173352792723755 19.17335664974023 19.173356729942917 19.173356729942917 19.173356729942917 19.173356729942917 19.173356729942917 19.173356729942917 19.173356729942917 19.173356729942917 19.173356729942917 19.173356729942917 19.173356729942917 19.173356729942917 19.173356729942917 19.173356729942917 19.173356729942917 19.173356729942917 19.173356729942917 19.173356729942917 19.173356729942917 19.173356729942917
19.180372959458257 19.185283020638717 19.189128470821057 19.191491186938602 19.192336745284308 19.191830867876327 19.190192159310328 19.18771572958541 19.18473464607632 19.181589482560234 19.178607452641106 19.176084651313307 19.1742680286232 19.17336827272097 19.1732799828165 19.173251914077337 19.173230002379103 19.173217254537793 19.173215334103663 19.173224487021866 19.17324353038536 19.173269905922915 19.173299790486194 19.17332824818577 19.173349404504737 19.173356729942917 19.173356729942917 19.173356729942917 19.173356729942917 19.173356729942917 19.173356729942917 19.173356729942917 19.173356729942917 19.173356729942917 19.173356729942917 19.173356729942917 19.173356729942917 19.173356729942917 19.173356729942917 19.173356729942917 19.173356729942917 19.173356729942917 19.173356729942917
19.16865119342356 19.177609176186245 19.18473385138965 19.18948202140108 19.191877892333636 19.192287888620037 19.19118894513842 19.188979480945378 19.18606054150739 19.182825659088145 19.17962824163547 19.176799693202714 19.17463405573336 19.17337282798496 19.173103311335506 19.173051627048938 19.173013114919865 19.17299125884286 19.17298799641084 19.173003614696356 19.173036734429346 19.173084385115708 19.17314215916015 19.173204421663424 19.17326454679344 19.173315151976837 19.173348306270867 19.173356729942917 19.173356729942917 19.173356729942917 19.173356729942917 19.173356729942917 19.173356729942917 19.173356729942917 19.173356729942917 19.173356729942917 19.173356729942917 19.173356729942917 19.173356729942917 19.173356729942917 19.173356729942917 19.173356729942917 19.173356729942917
19.151776297522183 19.166653597190127 19.178301284228603 19.186234619134602 19.190698427902177 19.192301115460193 19.191801859031116 19.189904723913315 19.18708964758777 19.18378893198341 19.180413538731134 19.17733638572946 19.17488261777255 19.173320188967143 19.172830927652313 19.172753505153196 19.172696803873933 19.172664933420723 19.172660193398784 19.17268292537097 19.172731490280004 19.172802375401126 19.17289041182985 19.17298906605599 19.173090761651682 19.17318718978716 19.173269577127478 19.173328892309495 19.17335598396318 19.173356729942917 19.173356729942917 19.173356729942917 19.173356729942917 19.173356729942917 19.173356729942917 19.173356729942917 19.173356729942917 19.173356729942917 19.173356729942917 19.173356729942917 19.173356729942917 19.173356729942917 19.173356729942917
19.13032412250181 19.153080680441374 19.170319805204254 19.182035178501177 19.18892263183201 19.191949341516008 19.19214933354112 19.19051240146163 19.187787962984405 19.184442220250798 19.180929193464557 19.177655111988436 19.17497194272947 19.173170124745358 19.17246890327844 19.172363066119004 19.172286157788562 19.17224311636954 19.172236725334933 19.172267399362912 19.17233315147656 19.17242974825177 19.172551021774957 19.17268927961559 19.17283574484859 19.1729809663421 19.17311515824633 19.173228448613035 19.173311034404342 19.17335325137787 19.173356729942917 19.173356729942917 19.173356729942917 19.173356729942917 19.173356729942917 19.173356729942917 19.173356729942917 19.173356729942917 19.173356729942917 19.173356729942917 19.173356729942917 19.173356729942917 19.173356729942917
19.10710342815974 19.138754198527863 19.161904437719652 19.177505059112672 19.186863210501826 19.191356999991953 19.192308586221227 19.190897900521733 19.1881683087959 19.184777863557745 19.181154041247083 19.177728069160064 19.174872106483452 19.172893667181288 19.172027245183298 19.171885706064543 19.171786031882306 19.17173034217549 19.1717220779458 19.171761753733794 19.17184690855082 19.17197233676095 19.172130545139527 19.17231233811389 19.17250742364547 19.172704952919016 19.172893942426448 19.173063561504897 19.173203292930825 19.17330298702553 19.173352833427508 19.173356729942917 19.173356729942917 19.173356729942917 19.173356729942917 19.173356729942917 19.173356729942917 19.173356729942917 19.173356729942917 19.173356729942917 19.173356729942917 19.173356729942917 19.173356729942917
19.087554467351154 19.126539676900524 19.154594732143337 19.173471052715264 19.184946555866432 19.190727681392147 19.192344100002828 19.191135892257417 19.188291012146408 19.184792226181496 19.18107541530709 19.177538520834087 19.174565404496104 19.172474144285143 19.171509089724527 19.171326931947917 19.171201230977566 19.171130991101094 19.171120566440493 19.171170611146685 19.171278003722364 19.171436201334377 19.17163592736009 19.17186602218716 19.172114283130824 19.172368168371275 19.17261530653047 19.17284380874331 19.17304241220283 19.173200495450075 19.173308003919097 19.1733553167707 19.173356729942917 19.173356729942917 19.173356729942917 19.173356729942917 19.173356729942917 19.173356729942917 19.173356729942917 19.173356729942917 19.173356729942917 19.173356729942917 19.173356729942917
19.07703600909578 19.119080067157807 19.149799968766935 19.170703377278286 19.18359530189816 19.190273080490503 19.192334091349405 19.191229921703787 19.188245534057007 19.184488487295635 19.180687920993655 19.177080882136696 19.174047150356405 19.171908347012476 19.170913237706966 19.17069263349413 19.170536705130594 19.17044943097065 19.170436468550296 19.170498673086477 19.170631975976296 19.170827949883005 19.171074876569318 19.17135900954828 19.171665743790577 19.171980518010823 19.172289399440704 19.172579384976185 19.172838487686576 19.173055679046545 19.173220743229706 19.173324082709854 19.173356729942917 19.173356729942917 19.173356729942917 19.173356729942917 19.173356729942917 19.173356729942917 19.173356729942917 19.173356729942917 19.173356729942917 19.173356729942917 19.173356729942917
19.076533561290354 19.117339242399 19.148216173820824 19.169655982828566 19.183097556896133 19.190130954350018 19.19233139201517 19.191180837018305 19.188007942947163 19.183965535812483 19.17999438702241 19.176362025577117 19.173327107241914 19.171207949158124 19.17025250001756 19.169989430427155 19.169797776425547 19.169690154211118 19.16967414669163 19.1697509097052 19.169915636136025 19.170224891112877 19.170632492162298 19.17104379185274 19.17140550320924 19.171706351685913 19.171975907963528 19.17228131914642 19.172602212526062 19.17287881332639 19.173100880504823 19.173258962497513 19.173344123325506 19.173356729942917 19.173356729942917 19.173356729942917 19.173356729942917 19.173356729942917 19.173356729942917 19.173356729942917 19.173356729942917 19.173356729942917 19.173356729942917
19.083161202318838 19.120489648136125 19.149684206122874 19.170387613173364 19.18350436964666 19.190333157386753 19.192342921695733 19.190976219344964 19.1875546371386 19.18323915754743 19.179015323966045 19.17540379223307 19.172431522275822 19.17040116709661 19.169544853798975 19.169225163082444 19.16899043473396 19.16888389353638 19.169266138007913 19.17006672505156 19.17106510858375 19.172075077387927 19.17295490916348 19.17361038675884 19.173993031187944 19.17409663391722 19.173954665037122 19.173639588726736 19.173263244789883 19.172975965471906 19.172961358884745 19.173169340936152 19.17330476856051 19.173356457706188 19.173356729942917 19.173356729942917 19.173356729942917 19.173356729942917 19.173356729942917 19.173356729942917 19.173356729942917 19.173356729942917 19.173356729942917
19.093658162415792 19.126970513657927 19.15351210145852 19.172592713969216 19.18467167464853 19.19080811895809 19.1923273900331 19.190588301887367 19.18686571076994 19.18229627956966 19.177855169277485 19.174246245717914 19.171405480884793 19.169534517370636 19.168797361788677 19.16845189521881 19.16888129095118 19.17008094427688 19.171752630216822 19.173616181591697 19.17543304100267 19.177020728663884 19.178256566236186 19.17907138938612 19.179437749590733 19.179358930764398 19.178863855692722 19.178009608509818 19.176889585661026 19.17564270140025 19.17445830638419 19.17357227758544 19.17325120636411 19.173343303023152 19.173356729942917 19.173356729942917 19.173356729942917 19.173356729942917 19.173356729942917 19.173356729942917 19.173356729942917 19.173356729942917 19.173356729942917
19.105917238197886 19.135370207076054 19.158889776718542 19.17579242711662 19.186335156572834 19.191411803241056 19.192208369462634 19.1899798701533 19.18592816435375 19.18114033259758 19.176559053947553 19.172950845790215 19.17031508117103 19.168674427795327 19.168465055953888 19.169575869552588 19.17158904802683 19.1741396229831 19.176882175012317 19.179520707425265 19.181832265999315 19.183679278738076 19.18500346002667 19.185801951008166 19.18609598607952 19.185905668151644 19.18524080226057 19.184110344065076 19.182545521650802 19.180627042134468 19.17850624931426 19.17641284414206 19.17464574390204 19.173546794281073 19.173356729942917 19.173356729942917 19.173356729942917 19.173356729942917 19.173356729942917 19.173356729942917 19.173356729942917 19.173356729942917 19.173356729942917
19.11885221290817 19.144689205124923 19.16506837425268 19.17948710536944 19.188187662656766 19.191968078416703 19.191895148050722 19.18911513814998 19.184741756096898 19.17979463956285 19.175166545397406 19.171603512748774 19.16924980570507 19.168814174849626 19.17049323282125 19.173223291550258 19.17655322784899 19.18005480007289 19.183356200259034 19.186174368804497 19.188347247644305 19.189848643281454 19.190764077694183 19.19123088707173 19.19136791900237 19.19122340000592 19.190759796667578 19.189878837023542 19.18847471932721 19.186495041509964 19.183989645176187 19.18113495532417 19.178230498411967 19.175670877148107 19.173898863324347 19.173356729942917 19.173356729942917 19.173356729942917 19.173356729942917 19.173356729942917 19.173356729942917 19.173356729942917 19.173356729942917
19.13194384950098 19.154261275456268 19.17144180362293 19.183227738290917 19.18993382754476 19.192304304226234 19.191304208471426 19.1879720815403 19.18332573449532 19.178305828297855 19.17374244249443 19.170336886686602 19.169455044494903 19.171289386420852 19.174590322064255 19.178557531080084 19.182642129146025 19.186357993213107 19.189318762725396 19.191280795335196 19.192208390786778 19.192303796461317 19.191942634584144 19.19153783145996 19.19139296655448 19.191600162878856 19.19201726919563 19.192327769199146 19.192155186747513 19.191187788673616 19.1892783671509 19.186489899627052 19.183089013387463 19.179512144710447 19.176303447305088 19.17405364199087 19.173356729942917 19.173356729942917 19.173356729942917 19.173356729942917 19.173356729942917 19.173356729942917 19.173356729942917
19.144867302221257 19.163593629136976 19.177523745864804 19.186636663324812 19.19132086844206 19.192277339907918 19.190377326925173 19.18655356693039 19.181724781417717 19.17674616189568 19.172376676614906 19.17026948345638 19.17176368404355 19.175439264570002 19.179912909866744 19.18444932922517 19.188377874933913 19.19113967360677 19.192319972738535 19.191718058226062 19.18952782643858 19.186402976922814 19.183281906736656 19.181099569572837 19.180513690740447 19.181710177185753 19.18428145192701 19.18743931703574 19.190278312759197 19.19202732756591 19.192218969275533 19.190752157217418 19.187865316353893 19.184055783538106 19.179978774264285 19.176354392625495 19.1739511940587 19.173356729942917 19.173356729942917 19.173356729942917 19.173356729942917 19.173356729942917 19.173356729942917
19.15723618979856 19.172227064452084 19.182907518718466 19.189410230009564 19.192155739399837 19.191791383671553 19.18909511939272 19.184895756247762 19.180012898692862 19.17521379383194 19.171781533955397 19.172020641429572 19.17562623162774 19.18047731473148 19.18542211775597 19.18953370013466 19.191969750261393 19.19205586834559 19.189253295257956 19.183293896650063 19.17483233975143 19.165416983065835 19.15710637119154 19.15194002215208 19.15109736019357 19.15467051843213 19.161686520559375 19.17047054419902 19.17917539070464 19.18625603480878 19.190749221060795 19.192338195349414 19.19126375161224 19.18816337154574 19.183901165125715 19.179424150163694 19.17571754836738 19.1736125024528 19.173356729942917 19.173356729942917 19.173356729942917 19.173356729942917 19.173356729942917
19.168490639177158 19.17970339607179 19.18725440732169 19.191325206726983 19.192317913977362 19.19081036207032 19.187486067493513 19.183073017579066 19.178294413732694 19.173978701252416 19.17268771004767 19.175189890098217 19.18017085992973 19.18551167897197 19.189944510367155 19.192239384507438 19.191289776619858 19.186283738488257 19.176267344239672 19.160455976659883 19.141101905335294 19.121241220837266 19.104375227615115 19.093983468166087 19.09270924369275 19.101075015063333 19.116454234549686 19.13544846826741 19.15453189930297 19.17089160662662 19.182852016127338 19.189876024292886 19.192318755301518 19.1911081508212 19.1874587511927 19.182659219350278 19.177993657370447 19.174571730865765 19.17320740887116 19.17333972336053 19.173356729942917 19.173356729942917 19.173356729942917
19.177971937912762 19.18560970119268 19.190317696665275 19.192254741276884 19.191771017090854 19.18936596261739 19.185630963714377 19.181198875850143 19.176701649561288 19.173853000073233 19.17482622143943 19.179045870493265 19.184668031553258 19.189626084090865 19.192250594761873 19.190863980508365 19.184747897536464 19.173898763649298 19.15727428518136 19.133400913806035 19.104933157938 19.074930749908923 19.047582326065626 19.027754041205217 19.01975265285236 19.025917470345536 19.045762435257252 19.076060627331643 19.111367466601255 19.14281417299275 19.16663178332177 19.182200021076408 19.190264817738683 19.192330388845676 19.190196673728497 19.185664599578022 19.180430590819913 19.175942444098084 19.173290618362596 19.173033444511038 19.173297417022052 19.173356729942917 19.173401980866373
