_RESULTS/CROSS_VALIDATION_POSTPROCESSED_CLR/Berg/IZ/6comp/3/Berg_IZ_z_180_kriged_reverse_6comp_spherical_3.asc
ncols 100
nrows 90
xllcorner 5.6208707817415728
yllcorner 50.959635321741573
cellsize 0.00013419651685393446
nodata_value 1.7014100000000001E+038
[rows 40 to 59 of 90, columns 0 to 43 of 100]
4.180688751703036 3.9944687392132785 3.811285913809768 3.6362543896568646 3.475388170222585 3.3359198711728535 3.2056353889722677 3.0767201216398266 2.959885618094331 2.8619441514674278 2.7965004481094424 2.763216932176251 2.75298975390145 2.756939189465335 2.767322489680032 2.7776851596012557 2.7827800560065765 2.779915230317758 2.7693777905520003 2.750331206912877 2.7239187702708314 2.6961083378767436 2.687717795870878 2.743168396571566 2.9119786912000074 3.1792551437361287 3.475826816361043 3.7635276016839287 4.0279280543373215 4.260373071907894 4.46051332802762 4.631372169309006 4.776530876881243 4.899004451933576 5.0007787045476535 5.081828766245426 5.150599379033638 5.2297702275997695 5.323461222272902 5.427596055709041 5.53586984848618 5.645283030745504 5.7519637029085855 5.873530216161842
4.183414108297348 4.003035688638786 3.8255457614079162 3.6553785500005596 3.497710946811376 3.359052834395611 3.232777709820824 3.108009514102011 2.9991935165505317 2.9177633918539323 2.8770376493936296 2.868838509055178 2.8817025227872977 2.906656604370187 2.9369876704003115 2.967625209539755 2.994796492436065 3.016138572506557 3.0339600771530084 3.050013357315009 3.066877849345021 3.094622752790926 3.1511382949978306 3.260576758033483 3.4366864876000447 3.6651174353302634 3.912785038044995 4.1512459518167395 4.365752141004654 4.549541954974513 4.704176421924643 4.834041834655619 4.9430561333803205 5.0338847825211674 5.10917136198957 5.176551201238308 5.234699817843301 5.294514648115926 5.37026840913347 5.457565933105246 5.549717053459222 5.643598053680741 5.735827133335991 5.847206745379755
4.190615882099635 4.0170741338170615 3.8461387450685343 3.6813027355552097 3.5264529772265565 3.3865874642118023 3.260287234003436 3.1344273524498423 3.0307557482229446 2.9721844660497596 2.9649147193250163 2.9886770274776917 3.029037086413385 3.0779320456607056 3.1304203859174216 3.183182914604306 3.234059654732492 3.2820547862884495 3.328730455965925 3.3775607148471383 3.4342366139586717 3.508145456982076 3.611843750080343 3.7571607686111785 3.9443620555216903 4.15949452820997 4.382232150803707 4.5794892030444965 4.740196919701562 4.866631552165931 4.967522451176574 5.0502468145159325 5.118880610564862 5.175952067086639 5.229764212189284 5.280919613673097 5.327320650558223 5.369030421161676 5.423040432125682 5.489301749489315 5.561343035477904 5.637099818593735 5.715957652561511 5.82002517999872
4.201936601994851 4.036794926532955 3.874269485255249 3.71678861110619 3.566683560492946 3.426706384487867 3.2977251296244567 3.1629085031825293 3.053238481332487 3.0294272786671987 3.0682468768672013 3.1280929079382935 3.1965105651004384 3.268997862585001 3.3431409810227426 3.4174411267189875 3.4911724556395973 3.5643378056456 3.636205179161301 3.713362052580654 3.802407880687019 3.911055545580856 4.047866501091825 4.2186439246144944 4.419355603874664 4.643664584067778 4.8632276924617805 5.029492405607251 5.130413609417346 5.19033375416816 5.231922726199444 5.265037397951696 5.292578888729604 5.322211718434182 5.356100372674937 5.391228132885704 5.424430188715159 5.4525787827869525 5.482949761052372 5.52620181329339 5.575435369240599 5.631279953770931 5.70099892935572 5.802047433216903
4.216691237027288 4.062056496569056 3.9108060446966295 3.7643488328373156 3.6236830231567785 3.4897695445569887 3.3634325722461065 3.224507685378221 3.0682318850256904 3.1201512483367844 3.206233489497869 3.294967342224765 3.3855960721863845 3.4774951188003382 3.5701154429698683 3.663156377720585 3.756786417512193 3.8499151275428187 3.942531218783384 4.041424600360771 4.153705461980167 4.285417407274039 4.442599567754947 4.628624400859602 4.844909884149072 5.091331981125261 5.336477857332664 5.486287356369969 5.507350555480996 5.491745422297113 5.4748728672636275 5.461841583327298 5.456256337960839 5.463571546071966 5.479852374377946 5.5009571378453455 5.522788294125638 5.541322121601328 5.553387627605431 5.57118624976454 5.59384294775584 5.6253774143659205 5.695637431635909 5.799055642001383
4.233629895714887 4.09199126352362 3.9556396550722965 3.8249431272346675 3.700085713233393 3.581921246871364 3.472808877849504 3.3709288908387385 3.289297058492195 3.31182643736696 3.3950827694879315 3.4923470608621083 3.5944956669001726 3.6990986310213216 3.805259536952868 3.912750809965078 4.02125002395824 4.128506622786004 4.236161511333187 4.349258054522577 4.47515448636728 4.618320880579554 4.78284873885651 4.973642463270204 5.197817044942318 5.454361780876544 5.738285596372346 5.906136589353024 5.809482594763971 5.7330741206103495 5.6731942088809895 5.626620581991369 5.599876004316353 5.590379399826222 5.593265045708229 5.603814761103363 5.617406149787386 5.6294902539031115 5.635579591927289 5.6339386719567415 5.633104944349516 5.633449398412094 5.7157272003866195 5.819674554259937
4.250813103522441 4.12489622529251 4.007526272459424 3.897375336707741 3.793982554864654 3.6991070122962144 3.617951476209937 3.561306662532472 3.5306374567978716 3.549351238399615 3.6176454123738044 3.710911224401225 3.8158225085833686 3.9267276772102626 4.041213297213929 4.158338827836617 4.275546160063322 4.391454314826409 4.507659529694931 4.627530400211998 4.757784275160372 4.901441234188254 5.062990543119487 5.2508152501132646 5.4617138554669085 5.6888718126808335 5.906492163635444 6.012143834748059 5.966252899477536 5.887387019699325 5.812141754710037 5.752177509164319 5.714397592662951 5.695039163795721 5.689779329096345 5.694060249670186 5.70324879294594 5.712768436806487 5.7182579991065445 5.715952562445597 5.707320191688818 5.718614969708077 5.780061501829198 5.873758059923307
4.265645116058463 4.1586712580029985 4.0648729922660065 3.979138696360689 3.900277525042795 3.8309461904343274 3.7773331730259962 3.749706710959172 3.75211591114299 3.7804547345297723 3.8448173413445663 3.9340434859125253 4.0382078659090626 4.151201729489509 4.269677133353614 4.391440996035071 4.512153905702082 4.63136286267671 4.749895346279747 4.869626269764966 4.996090461349956 5.134027710946769 5.2900976548150105 5.463163804880034 5.645408985257776 5.823517879641933 5.968373750445368 6.036228297303319 6.022730701653096 5.964585608383784 5.893768079926204 5.835280028097977 5.795256039761118 5.77261096521145 5.764399127463615 5.76672707851114 5.775301455782103 5.785828565620915 5.794378304210647 5.79791137355124 5.7967757801541 5.815848840639549 5.872536005471289 5.960779272429764
4.275040590780973 4.192717521639993 4.127759655979194 4.068122470598503 4.0135654594660615 3.9678663270839625 3.9370146888384934 3.92857684585118 3.949511612665869 3.9911400996181 4.0583494019383455 4.146678557098309 4.2498266975493415 4.3627802862771965 4.482136521689309 4.604129132102699 4.724222020192782 4.84197870490305 4.957400592601005 5.071229434946567 5.19265427909571 5.325567269002803 5.469473564156695 5.621145503636628 5.770734521638342 5.904416638764555 6.001861923438023 6.044932600380677 6.036755964056632 5.990982462062969 5.9303330944023 5.878627548439321 5.8416937928293144 5.820601931426333 5.813714341751333 5.817800477246146 5.828923309480142 5.843085056261947 5.856664087218761 5.866735170987774 5.883905557119993 5.9238820403080465 5.9840668530120515 6.07592718871234
4.275663544840115 4.236439991107407 4.200211070157835 4.163278738628369 4.129408421661175 4.103155838524976 4.089754910330945 4.094656073625917 4.12234988921495 4.17477645570577 4.24785442806615 4.337702913661225 4.440461127509667 4.552410600033528 4.670525683036875 4.789486485195642 4.905620172916716 5.0180192377436805 5.128095842216353 5.239303862910958 5.356249857312447 5.479600642924174 5.607505915028044 5.735832569558042 5.8549742704485634 5.952942339152105 6.016527505071538 6.0400616509410545 6.027410427323842 5.984614057618659 5.932123358846371 5.886993353984955 5.8549606214814025 5.8381890581118965 5.835672383593103 5.844336216551643 5.8602866097141035 5.879655362478979 5.898977025218896 5.920402016085426 5.962353265591893 6.026355801273537 6.108112718613364 6.2147788887630675
4.365215839230753 4.314644648994822 4.285462230359977 4.26235624072499 4.243480877206555 4.2317637434323565 4.23103913113615 4.245057395525041 4.276650699410121 4.327648064817261 4.406306922585687 4.498932295419715 4.601804171926304 4.712230115953952 4.8274197535369865 4.941359732531693 5.053187715150794 5.163388383943639 5.271883257828871 5.378917608903997 5.488184099247136 5.599373821159367 5.709890139301591 5.815378358362837 5.907877304259786 5.9769987313494015 6.0142880985467855 6.021562655190913 6.000501671154006 5.955330077616716 5.906073679435703 5.864499191589146 5.8366879574565065 5.825414660678051 5.829335889907361 5.84455089664863 5.866675861025978 5.891814870471811 5.918745959488314 5.963453183289798 6.029928546415239 6.117536699723146 6.22557628034634 6.362373977093371
4.474409648785974 4.420707130038698 4.38725697831768 4.365751604905234 4.3532052433287625 4.349857520692833 4.357225203967298 4.377075924544126 4.4106878016399484 4.458423237140309 4.528779728485662 4.624026339834723 4.727790375815891 4.837953430715636 4.952464490439743 5.065972381306345 5.177010377302961 5.285008695796527 5.389351247630052 5.489853316790587 5.589605858325222 5.687526881003463 5.780721748878343 5.8650133124055905 5.93428458561457 5.979502134316354 5.996389381935086 5.989518444546659 5.958539512843131 5.907861754249131 5.856579686011618 5.813997921567292 5.788056833510085 5.7828049919393125 5.794930580994911 5.8179899347181125 5.846626939333337 5.878220538921592 5.925968625686619 5.994705163453137 6.084687563562531 6.19554084542297 6.329643166473838 6.497964169558549
4.584516522791055 4.534381924900815 4.5004568040155215 4.47935329528033 4.468807786991501 4.468261262749048 4.478183225950674 4.499359993789616 4.532342059532419 4.577058795324905 4.63613050773369 4.7217863441954 4.8281156802148395 4.940362859786593 5.055394313570973 5.167927118093584 5.2766649714624405 5.380760859757386 5.479227295881653 5.57186007244262 5.66126951407185 5.745783650253131 5.822487116481424 5.887563150191135 5.936303842863455 5.961351027207532 5.963233311681908 5.944309170221583 5.903454455733514 5.845520336674944 5.787716449881431 5.737980845839012 5.709619816888894 5.711899206255652 5.734574062001744 5.765834741960046 5.8014228714893905 5.852547939244233 5.922939599902487 6.01349147843813 6.12486329444799 6.25720781334942 6.415787030585356 6.612941561954617
4.693389077378702 4.648701353064434 4.616993338212708 4.597139704259694 4.587939922465871 4.588807181640838 4.599708261836071 4.62082861702673 4.652223942668892 4.69355587610713 4.744206030237991 4.814409662162759 4.907504814155597 5.018616434060705 5.133423056389506 5.2441601248077205 5.349586367578176 5.4486810272141115 5.540224135011107 5.62447573269943 5.70340087396603 5.774953524731588 5.836351137019791 5.8841863959932565 5.914543417098075 5.9239435968518555 5.914912474252596 5.886345421143232 5.837122161640394 5.772227761518087 5.706197976957652 5.642666396073346 5.601475763064987 5.61893177553238 5.6539083912870565 5.694331828242149 5.749303715192716 5.82091747220641 5.9106182653405135 6.0196785216757 6.149097187644403 6.299508066172371 6.478447011094714 6.698621652572699
4.799049079968496 4.760374554528642 4.732209094065458 4.714436210616801 4.706583892803152 4.70826685700184 4.719288671462325 4.739527136159329 4.768749952519899 4.806451728167625 4.851757320044796 4.9071853525872715 4.983037456086221 5.076854510325974 5.183622659785444 5.291923950885141 5.39341130757539 5.486864547657341 5.5709424480801895 5.646954752682948 5.71569440194864 5.775052938682698 5.8224586289574 5.85490887477825 5.869161689772382 5.868050678895874 5.850998514446934 5.815490244638376 5.760609442289657 5.691498975113189 5.621726397128839 5.5526751096662235 5.500836823438327 5.526122548417239 5.569937805846702 5.626899246500123 5.698255271973787 5.785575121374366 5.890316084135478 6.013741383273304 6.1568821344657065 6.320509381995674 6.513024210763239 6.746160221415272
4.899674089104298 4.867112013033724 4.843081215134302 4.827919230711768 4.8215783929325715 4.8238774306792465 4.834610558167587 4.853528787713123 4.880256907353997 4.914204021265954 4.9545039408925335 5.000044885900314 5.058462109853924 5.133764121311388 5.221319213223445 5.3133469893259155 5.405941572691459 5.493390338120977 5.570100471017413 5.638258323346149 5.697369185138187 5.745450463606605 5.7801758455438925 5.798924251758966 5.801870910479888 5.793015406999311 5.770304623336951 5.730472198847607 5.672891544240422 5.602906696055303 5.535634727852862 5.476773328761424 5.445906768881108 5.459678501660459 5.504676473790607 5.569217167907086 5.6504466691189315 5.74832742831185 5.863539705576134 5.996874270443072 6.149008695427995 6.320386665385526 6.518521933140587 6.750272825430618
4.993576855150544 4.967035548050997 4.947363614960115 4.9350983424477874 4.93042415385526 4.933311309161424 4.943597581396486 4.961002746472424 4.985098975613842 5.0152681009035955 5.050669934451013 5.090234380066732 5.1338728838251235 5.190613298985086 5.259127702256851 5.331761876790241 5.404551093742578 5.474103500581402 5.538193353556418 5.597105614331641 5.64724455048859 5.685001920286909 5.708276993787316 5.716149891405044 5.713009090457415 5.698300633427803 5.670861336584825 5.628778678580059 5.570697476690996 5.5035141572759425 5.445800751940433 5.405163873919944 5.39054603591989 5.407446927000324 5.45256398771971 5.520005264592718 5.606377303442429 5.710441705560795 5.831965352631139 5.97104628021887 6.127751367595246 6.30186351506064 6.498169152408546 6.713029293548309
5.079183467671584 5.058491221660054 5.043217386663449 5.03397763088066 5.031077160344336 5.034586551680746 5.044396534117322 5.060239783913503 5.081686373765429 5.108127813320596 5.138764010968044 5.1726022918905326 5.20847139959738 5.2476434176331574 5.297269845362239 5.350976640227824 5.4045014965137455 5.454684915763812 5.501270634702895 5.543127869947732 5.577337087407473 5.601016186175581 5.612143724558892 5.614067525491124 5.606567922760563 5.588732339131927 5.560169500593313 5.521152387439237 5.471469874204797 5.4151470943016395 5.37008012404992 5.343163595728555 5.339251061333735 5.361121895936553 5.4079681219614635 5.4770491833868356 5.565901425348248 5.673004757834525 5.797530972715226 5.938944153529815 6.096660039220618 6.269732752738343 6.453171283083081 6.644535217946236
5.155013149409415 5.13996852110444 5.129039473189606 5.122860609460929 5.121795060876682 5.125975657962708 5.135340041648965 5.149650745460487 5.168434439628481 5.19095617144954 5.216722777075951 5.244987048346393 5.274701079842709 5.304536277545543 5.335943639779854 5.371238578034779 5.406088311281214 5.438389259092897 5.4686263183921575 5.494436454865773 5.513162433683035 5.522957236740318 5.526534802988296 5.523469868483478 5.51279347222166 5.493906535627656 5.466697865659283 5.431673034060784 5.390043616623238 5.343508434680762 5.307726641362031 5.290237941748345 5.2938588903091235 5.32021932665131 5.369197791125447 5.439442079733035 5.529302574088731 5.637369173077066 5.762530794064276 5.903800757258345 6.060068464974625 6.224672093698871 6.388836897928923 6.555363522873858
5.219660806585586 5.210056860957853 5.203374758517439 5.200238853205976 5.201023535966474 5.204795195332042 5.211370990579659 5.221281635816744 5.234776359773021 5.251810369491176 5.272034291637789 5.294790349197592 5.31911820003752 5.343771167242245 5.367241689540058 5.388083740416491 5.407641565377137 5.42575366698467 5.440773955456338 5.451478594187874 5.456990203416262 5.459249353955315 5.457310927539775 5.450191529024844 5.437173100035076 5.417887029563583 5.39240411584882 5.361323881346834 5.325850229062051 5.2878342262249305 5.258520138799674 5.247445438311325 5.2563056908100165 5.286093302061198 5.336831592521637 5.407747348330912 5.497674145108166 5.605368824279072 5.729615877676757 5.869163578775708 6.017774858431269 6.1665697010206895 6.311642022165496 6.453992016428975
