_RESULTS/CROSS_VALIDATION_POSTPROCESSED_CLR/Berg/IZ/6comp/3/Berg_IZ_z_250_kriged_reverse_6comp_spherical_3.asc
ncols 100
nrows 90
xllcorner 5.6208707817415728
yllcorner 50.959635321741573
cellsize 0.00013419651685393446
nodata_value 1.7014100000000001E+038
[rows 57 to 75 of 90, columns 44 to 87 of 100]
5.502475475709185 5.670498272891115 5.8003866883617645 5.874614476623654 5.886093022797374 5.841862472502869 5.754096305640131 5.63754508007638 5.504511754325496 5.359933839194059 5.208638625245546 5.0535245331735865 4.894848162037475 4.72962243984134 4.549303634588851 4.34302586894555 4.113853405807765 3.925881419033888 3.8352701225756527 3.7939982747266123 3.775299278703166 3.77523664798526 3.787511353190132 3.8246039819376354 3.936171869691104 4.042105768576989 4.136427136789253 4.216967893135311 4.282353569781711 4.3272608653052895 4.351451561948278 4.357345397716634 4.347803610727461 4.326872845030337 4.298529598158265 4.258389370800937 4.201122226034825 4.14446098626413 4.093389907916932 4.051642971261172 4.022584551743066 4.0091840775153305 4.015084316125073 4.032189342701607
5.382811463688964 5.520350751452548 5.623291564162163 5.681573118275823 5.69128822202643 5.654439090758075 5.575434672955757 5.465810727915939 5.335655322244745 5.189333579643467 5.029426253453118 4.860111660187936 4.6812713015429015 4.488301080796536 4.274306935145844 4.029700333967545 3.7471366825173686 3.523348860453345 3.5317033457447202 3.5264414236298265 3.5265752021065566 3.5405159127070966 3.5683878337897266 3.6192381742400532 3.7028425354589904 3.796482444482128 3.8860377533750166 3.966613053046165 4.036281202294364 4.093932048169334 4.138768349136757 4.168366802015887 4.1843524698660275 4.190008895403152 4.189016962886933 4.172714689587794 4.138818377005731 4.1050283138484875 4.076165900887036 4.05566959251407 4.046694823450073 4.051098960404879 4.059007644426308 4.066770605634965
5.253548727566603 5.3655691869069795 5.4470427308913125 5.491515886177697 5.496092021771493 5.460979538728949 5.386748696945472 5.282863497089084 5.156161182133155 5.010279154126959 4.847970815416667 4.672207366933236 4.484556674719892 4.282184521444899 4.0614982659298615 3.821261610995591 3.5751159051437287 3.405245427270766 3.3687758154788146 3.3665201662627617 3.3702635028624695 3.3889628113224948 3.4218074895323083 3.47124866829383 3.5395512344763898 3.618754720567722 3.699708563370219 3.776463022961389 3.8459962150953837 3.906916353620451 3.9588923406931746 4.002402371351669 4.0383154556547805 4.067928142364106 4.091262114547727 4.095670515982472 4.083125500887869 4.070774009125049 4.062958037135278 4.062837543881525 4.06883027368356 4.073233237798779 4.074344299671752 4.074346587354573
5.120979789977918 5.211119852931789 5.274393704061194 5.306216343428619 5.304278735191807 5.267973286482435 5.196475215218764 5.0973348419074265 4.974835845484646 4.832957218553633 4.674426334489745 4.500496170694161 4.313727287445438 4.115734581505014 3.907865414320942 3.6970023035612094 3.5039215099750445 3.366802199957316 3.302575980334499 3.2850116503313433 3.291664320539505 3.3145762969083785 3.3428987355012882 3.383583518007315 3.438822531688874 3.5043331034980403 3.5744569503051595 3.6445848689024443 3.7117239470958334 3.7742369336967068 3.8315204741073807 3.8835370356628456 3.930951496044342 3.975146976266763 4.013882164973829 4.033341827845857 4.038856840834497 4.046049975115014 4.056120054030091 4.064464165731681 4.070899665381083 4.074317118841341 4.074346587354573 4.074346587354573
4.989207729131856 5.060135095965626 5.107386989307427 5.127441908684575 5.118322562406567 5.079398404232584 5.010314027501741 4.9157882917469635 4.79973902816041 4.665022114431322 4.513992883592135 4.348596494565514 4.170801686651663 3.985430566662617 3.797951986455126 3.6174106991086394 3.4595640308761038 3.34298408534495 3.2758177812436196 3.2506699529775323 3.256614982045981 3.2809930833758147 3.3121008949808277 3.350503527440652 3.3965457078449632 3.4495095342207582 3.5090252397859176 3.5719871757188315 3.6357393309308175 3.6986131672578835 3.759595287797202 3.8185454535207444 3.876044048402304 3.933220333070764 3.9815797601526355 4.011530720994899 4.028094770089459 4.042288063890478 4.054377373990433 4.064489613155995 4.072045456704531 4.074346587354573 4.074346587354573 4.074346587354573
4.860458987693587 4.9142353732097215 4.947308094213316 4.956666771956044 4.9403025333805175 4.898416643290253 4.83308883258413 4.744950799062437 4.6365730609484705 4.510713838296689 4.3698939016488545 4.216637847074985 4.053843924096334 3.8855154688335793 3.719429442596457 3.5646988458818143 3.4322054101570028 3.3325045003866345 3.2709155001433667 3.2459274464870687 3.252021436546145 3.2732520530337936 3.303464254791998 3.3416453910393793 3.3871057360493517 3.438777679953584 3.495224382442352 3.5549953050813707 3.616849602903873 3.6797916058599913 3.7433321549944703 3.807278662452121 3.8716484820714148 3.9348083870274837 3.982243858394429 4.0098277218958325 4.027225894340722 4.042600117962333 4.056028520588615 4.067041470780912 4.073224257442307 4.074346587354573 4.074346587354573 4.074346587354573
4.726224964713469 4.764544536132989 4.785530724018763 4.786873037614598 4.7668676512724435 4.726942487317896 4.668270853597903 4.58807734731581 4.488360231649719 4.372696032991965 4.243800230798592 4.104692693729821 3.9588089119041365 3.8105170193105566 3.6655741598543887 3.5326540568224827 3.420529296158464 3.33612617288318 3.2835275970461675 3.2633453765240503 3.268383856057028 3.2860973989920743 3.3139791995012082 3.350511006867952 3.394543057168162 3.4449366262900893 3.5004538693494816 3.5597674968177664 3.6218114161172856 3.685794709096767 3.7511965150948505 3.8177344340040538 3.885317169489028 3.945854925547699 3.988431065147465 4.012584101135398 4.030583707558865 4.046793016898318 4.060530345778121 4.069791199075396 4.074085398682001 4.074346587354573 4.074346587354573 4.074346587354573
4.586198595574875 4.6110751603598255 4.621994028651168 4.616854532843695 4.5948559188350275 4.5585860611336635 4.5079955003333865 4.439768204858044 4.353965307733939 4.251983025187112 4.136373060471752 4.01241563646362 3.8839200720156914 3.755299402585555 3.631806649111895 3.5194445255952465 3.4249783252070074 3.354964005433785 3.312865161051196 3.298709555676849 3.3011070320401847 3.315881129360567 3.3412119436545726 3.3756081754312275 3.4177676267237818 3.4664762786163865 3.520591890344871 3.579048223678914 3.640920139853863 3.7054728373844386 3.7721778886406745 3.8407014403363 3.9084721294404403 3.9622475916136817 3.998752931043207 4.019903656911539 4.038186068683057 4.053667188420202 4.06514080930285 4.0721683898244105 4.074346587354573 4.074346587354573 4.074346587354573 4.074346587354573
4.441525046415051 4.458229616739405 4.460042970319209 4.449345997055202 4.427728767703413 4.395516429013674 4.352461274280894 4.296657564781967 4.226034686932505 4.141783368995837 4.0454535917713885 3.9389992677031658 3.8278327320495897 3.718136121064172 3.614565064657376 3.5221540862372795 3.4459205625825753 3.3903131903472494 3.3593079815709785 3.346963284424219 3.347656817846687 3.3601601814344453 3.3831063618423434 3.415190700349796 3.4552154820065883 3.5020688805349094 3.554710939094109 3.612189387727514 3.6736724589763634 3.738477919327267 3.8060863906788187 3.8757848312379704 3.936759230008091 3.9827467736586373 4.012150806912622 4.031259148466218 4.047485886485619 4.0602994553683045 4.069224856289922 4.073812084432802 4.074346587354573 4.074346587354573 4.074346587354573 4.074346587354573
4.290340031898269 4.306303288298676 4.301684404186612 4.288182121488421 4.267939056550712 4.24025014885743 4.204720115065982 4.160928851948849 4.105866381370644 4.039641995544118 3.9636109353323015 3.8795112735235726 3.7894960792213266 3.6979351664645814 3.6129451931612673 3.5390215537334626 3.480344157953546 3.4406594447262173 3.4179531856554113 3.406353684225947 3.4060524159580132 3.416858789194106 3.4377954932710093 3.467808836945852 3.5058608690900304 3.5509590896509597 3.602171433543884 3.6586445551013833 3.7196261610877137 3.7844844807851215 3.8527189562845474 3.9169211903580425 3.968612165500451 4.005541870155392 4.02674016073687 4.042839767076902 4.056145120260983 4.066146565965007 4.072363029059921 4.074346587354573 4.074346587354573 4.074346587354573 4.074346587354573 4.074346587354573
4.134217453963888 4.149967718233703 4.149653450443216 4.136064117878351 4.117815696924511 4.095150566085937 4.067526946782336 4.034671616101651 3.9953464036919732 3.947285966179656 3.8914955949790793 3.829446704659623 3.7629671329662253 3.6942135707439396 3.6271291998780697 3.570493867441151 3.528413759485599 3.5005908455030568 3.481925890451259 3.4729426262123795 3.4738423180778524 3.4844299612482916 3.504244487930977 3.5326682042514976 3.569013216899906 3.6125424827462296 3.6624429235194293 3.717955671358925 3.7784007002583317 3.8430981257866903 3.906362471179264 3.959255289027309 3.999524157209257 4.025083023229601 4.04034163299471 4.053355469203855 4.06365734005976 4.070740079531831 4.074121757386783 4.074346587354573 4.074346587354573 4.074346587354573 4.074346587354573 4.074346587354573
3.9769807233114207 3.9908460442027662 3.998615110827923 3.9941533568375656 3.979617826108295 3.962505043022156 3.9431978810160113 3.9212124645377138 3.8963209036678603 3.8664740167265292 3.830762421220037 3.790365793818058 3.746777657103321 3.7017631147184233 3.6572816787696265 3.617422570833514 3.5877124354192973 3.5649385526501747 3.5500749832008354 3.5437888621388134 3.5463678499287696 3.5577759318686875 3.577731924611218 3.6057858345179494 3.6413796784296015 3.683891204222963 3.7326652510411398 3.7870379788430863 3.846356809124226 3.9051981441645025 3.956040547091755 3.9966379876309235 4.024846003808303 4.040313965322171 4.052360831545093 4.062270171219475 4.06951927896331 4.073608613957081 4.074346587354573 4.074346587354573 4.074346587354573 4.074346587354573 4.074346587354573 4.074346587354573
3.8228378953181683 3.833576225343109 3.84747683827405 3.854810183404511 3.853506978493415 3.844587433162781 3.8340460158043523 3.823232762714121 3.8116718771216656 3.7990554650115187 3.783216690454379 3.7640465046626606 3.7427179234759405 3.7206445067732448 3.699365902174952 3.6759665967731814 3.6516163633749796 3.633305821185689 3.622049190168446 3.618464901106063 3.6228781331842965 3.6353499486336887 3.655725316906197 3.683685803380416 3.7187972944233665 3.7605490535045307 3.8083845400480243 3.8615829176060017 3.9137744113416195 3.960149572422203 3.9985007608364906 4.026678352513399 4.042760313112856 4.053310966170408 4.0622528568744665 4.069062999037215 4.0732357043716245 4.074346587354573 4.074346587354573 4.074346587354573 4.074346587354573 4.074346587354573 4.074346587354573 4.074346587354573
3.6750388437604826 3.682959400096651 3.697736670891477 3.716528255811386 3.7304554344168213 3.738910569382818 3.742327036969243 3.743146874242023 3.745064798200094 3.747728407682835 3.7508177211523 3.75244400140269 3.752763022656139 3.751830984908064 3.746200598896006 3.7354379018076385 3.7195777293215158 3.70539337370503 3.6975583811531476 3.6966409429130183 3.7029776971046156 3.7166886198851645 3.7377067758914597 3.765814638311392 3.8006803909175213 3.8418905195944832 3.887465460538844 3.931516779857283 3.971633552114129 4.005700303671787 4.031621155804889 4.047335289303023 4.056062852552805 4.063608673068065 4.0694969080098975 4.073230212990554 4.074346587354573 4.074346587354573 4.074346587354573 4.074346587354573 4.074346587354573 4.074346587354573 4.074346587354573 4.074346587354573
3.5344790439241596 3.5409660742107896 3.5561663288270444 3.5803401112820077 3.609681424929775 3.636394369972928 3.6600465317124398 3.6808040346653716 3.699060794278226 3.71688096265229 3.7364694960614377 3.757146777163636 3.774308490367207 3.7864251803582785 3.793215910778147 3.794459837282886 3.7899350937601914 3.7809362144866245 3.776352639307547 3.778047465219034 3.786354943067461 3.8014301401749284 3.8232675418099293 3.8517261802086438 3.8858194473519956 3.921520227917014 3.9566962030259485 3.9894374970734345 4.017783203041283 4.039749462212003 4.0533514200575125 4.060192357603477 4.066076131981219 4.07070160616435 4.073595197773635 4.074346587354573 4.074346587354573 4.074346587354573 4.074346587354573 4.074346587354573 4.074346587354573 4.074346587354573 4.074346587354573 4.074346587354573
3.4030914587389267 3.409555691843594 3.425662050212028 3.453870970263163 3.492482525627021 3.537621003192057 3.5819381111157673 3.6246493303555605 3.6656268245791006 3.7038339894360326 3.738687545153075 3.7699770389774763 3.7983023372829394 3.8225953339309426 3.841223853508223 3.8538430192133224 3.8601220367358224 3.859691906429328 3.8582093491522014 3.862453374338064 3.8727517952943447 3.889157027633978 3.9101390361643826 3.934296106546719 3.960277968324341 3.9865605813467515 4.011486626593198 4.033301844835537 4.050186485363242 4.060281645451118 4.065027052597326 4.069147875525467 4.0723205777856855 4.074109404418538 4.074346587354573 4.074346587354573 4.074346587354573 4.074346587354573 4.074346587354573 4.074346587354573 4.074346587354573 4.074346587354573 4.074346587354573 4.074346587354573
3.2797568345496915 3.2880011062942662 3.3067155618241784 3.3400067299947773 3.386128421487946 3.442393261075101 3.505250579774756 3.56732764533405 3.626506607351006 3.682004008325637 3.733258893195137 3.779876049623332 3.8215587354876392 3.85803914291433 3.888918733353331 3.9128661170150334 3.9293947738709645 3.93812680834044 3.940193061889512 3.9450517530263154 3.954034540520417 3.9666493313076705 3.9821346882212683 3.999490171160092 4.017510499349422 4.034820767537631 4.049910573192354 4.061165584871466 4.066910629898468 4.069693011846877 4.072104746222917 4.073782890761738 4.074346587354573 4.074346587354573 4.074346587354573 4.074346587354573 4.074346587354573 4.074346587354573 4.074346587354573 4.074346587354573 4.074346587354573 4.074346587354573 4.074346587354573 4.074346587354573
3.1516815846013895 3.1626248007921687 3.186175906322883 3.2260074869917474 3.280562437536145 3.346290881934071 3.4196938737828795 3.497604841406946 3.5748378581887055 3.6474247747982846 3.714653569780501 3.776016853061744 3.831125284876973 3.8796299757491943 3.921154704859649 3.955238126017044 3.9812479515299164 3.997905954230659 4.00443587980269 4.008512992538139 4.015184606157232 4.024022968460049 4.034357212503885 4.045296867399325 4.05575905754648 4.06449730763045 4.070130212863098 4.071960573912843 4.073166728228721 4.074058545505674 4.074346587354573 4.074346587354573 4.074346587354573 4.074346587354573 4.074346587354573 4.074346587354573 4.074346587354573 4.074346587354573 4.074346587354573 4.074346587354573 4.074346587354573 4.074346587354573 4.074346587354573 4.074346587354573
3.0185687708187596 3.031939207735202 3.0617383506666545 3.109842802436998 3.1746007027656313 3.2512438078214294 3.3354635193810402 3.42365729497358 3.5128955494711382 3.600759454675445 3.6833719483142078 3.758748997900427 3.826470746780478 3.8861582996665973 3.937407142360432 3.9797340583337917 4.012535661388322 4.035057748975966 4.046375192259407 4.049914805084431 4.054439017763586 4.0597386057057 4.065216922264295 4.070075215201284 4.073334460630389 4.074133444295239 4.074305478637189 4.074346587354573 4.074346587354573 4.074346587354573 4.074346587354573 4.074346587354573 4.074346587354573 4.074346587354573 4.074346587354573 4.074346587354573 4.074346587354573 4.074346587354573 4.074346587354573 4.074346587354573 4.074346587354573 4.074346587354573 4.074346587354573 4.074346587354573
