_RESULTS/CROSS_VALIDATION_POSTPROCESSED_CLR/Berg/IZ/6comp/3/Berg_IZ_z_63_kriged_reverse_6comp_spherical_3.asc
ncols 100
nrows 90
xllcorner 5.6208707817415728
yllcorner 50.959635321741573
cellsize 0.00013419651685393446
nodata_value 1.7014100000000001E+038
[rows 38 to 56 of 90, columns 0 to 42 of 100]
-1.6908946796386513 -1.576743496158345 -1.4623520772978085 -1.35084762367022 -1.2459947099575792 -1.1521263054800046 -1.062645613283204 -0.9771104927054282 -0.9017448551627629 -0.8408096478038365 -0.7946395974672302 -0.7571052648588221 -0.7236493228517338 -0.6896476922945889 -0.6508247495293056 -0.6037195328331766 -0.5466113719279218 -0.4783945930047979 -0.39801876532470093 -0.30492922065997563 -0.19897957393964427 -0.08038386031575895 0.050246551727560096 0.1907777022851187 0.14952203856578583 -0.0313170687363411 -0.18349153375739924 -0.3100952408507549 -0.4247539735492629 -0.5286793863219863 -0.621743560006677 -0.7037203252700948 -0.77396630887635 -0.8215880505140807 -0.8447982975457262 -0.846786362237665 -0.8826035633962159 -1.0088372904702143 -1.2280176866397554 -1.5344461434906844 -1.8843128582422612 -2.269999702127233 -2.683859635370453
-1.751032724876934 -1.6486011972423014 -1.547059168755685 -1.4494271915135142 -1.3591593971990088 -1.2800398076695365 -1.2049041833134035 -1.1312489335167568 -1.0636421547431412 -1.0051593241873975 -0.9544622318340927 -0.9073049541223717 -0.8613475955382943 -0.8135167917186186 -0.7606819264207489 -0.7000877863546942 -0.6296716445785726 -0.5490859193998476 -0.4578161449102449 -0.35576076102565635 -0.24377869240964234 -0.1246275978887299 -0.006611176593434909 0.07998792924070397 0.06169145387496089 -0.041623776353621356 -0.15429092320881876 -0.25949750560445217 -0.3595221930297363 -0.45185293684158045 -0.5348793872924196 -0.6073842662280178 -0.6685797104326741 -0.7171056428951164 -0.7424482460568491 -0.745567024431649 -0.7561949571042181 -0.866978341471099 -1.0858647004213828 -1.388725653261393 -1.732535078146578 -2.110473785234259 -2.5140454080446246
-1.8130496102653633 -1.7223645974010275 -1.6333754591401202 -1.5488820213470686 -1.4719343483013292 -1.405795814298009 -1.3439247560196281 -1.281236327476439 -1.2212926103395716 -1.166369048510938 -1.113474089817064 -1.0605683885721562 -1.0063423283073354 -0.9488292228621453 -0.8858750782089773 -0.8154928729460242 -0.7360939805331781 -0.6471926383312556 -0.549709220727908 -0.4445387299726029 -0.3342185071318964 -0.2245271323068021 -0.1280354850943466 -0.06931504187351445 -0.06722211244811094 -0.11088925112098513 -0.17460861869280597 -0.24963523710832014 -0.3282713242932802 -0.40458953019038724 -0.4745727405776967 -0.5353417037286947 -0.585005231801506 -0.6226020388077405 -0.6471578797432838 -0.6531576010192679 -0.6706296507207874 -0.7768959997988791 -0.9878541064149444 -1.2805173137305743 -1.6131708585723588 -1.9802079074368975 -2.37291899412309
-1.874442858004291 -1.7953082527502184 -1.718411631453249 -1.6462664678355934 -1.5814859636348424 -1.526747760606759 -1.477433075560372 -1.4253630323883324 -1.3733712719132647 -1.3228393001611785 -1.270200653701975 -1.2147463584716356 -1.1558213853639605 -1.0922728415027938 -1.0227597262255885 -0.9460273666756216 -0.8611394576074054 -0.7677587543669253 -0.6675746608142279 -0.5627716421418691 -0.45693087018152845 -0.35663831699436344 -0.27290258826523495 -0.22036192154915923 -0.1978041821406502 -0.20055550969543257 -0.22538843428882105 -0.2703573828791317 -0.3262976804725488 -0.38544001864271804 -0.4414118587585478 -0.489499521947788 -0.5266128461413682 -0.5510188800507758 -0.5663576623594175 -0.6000671776613156 -0.6467448028928533 -0.7427442213554742 -0.9380237853666376 -1.2138195982542097 -1.529917431998297 -1.8836368706465718 -2.2677230702423405
-1.9329124289247899 -1.8650159653560086 -1.799714322710292 -1.739195112095291 -1.6856246764213973 -1.6411356353731614 -1.6034853048390842 -1.5619896056153093 -1.5183893269161448 -1.4732578931295341 -1.4230664100999042 -1.3677517904852305 -1.3071108368823927 -1.2406220646393646 -1.1676179723006592 -1.087489541654673 -0.9998982799474121 -0.9049984988099886 -0.8043528546242527 -0.7013119637170615 -0.5996302330956509 -0.5051161935173472 -0.42581938147550114 -0.36906276868437216 -0.3260003598104726 -0.297286130390344 -0.29299814518019174 -0.31205458809392184 -0.3482274913156398 -0.3923168636970593 -0.4354588565823523 -0.4712788144888833 -0.4957947131900369 -0.5097951247462742 -0.5433117691819267 -0.5995003725198438 -0.6730411735368147 -0.7666683154844709 -0.9393010156797243 -1.190944102951893 -1.4839775275069615 -1.822127251876239 -2.2037616510548266
-1.9863568671033889 -1.9293476283422821 -1.8751928359210437 -1.825718097510011 -1.7826321986894587 -1.7475572577691554 -1.7203660434933288 -1.689544983455635 -1.6547073729285122 -1.6161792174034337 -1.57040945855832 -1.5174598960177361 -1.4575354142731125 -1.3906452559702598 -1.3166742697019789 -1.2355457546257471 -1.1474063813387023 -1.0528234488377064 -0.953196986847272 -0.8521460439021766 -0.7532904304966579 -0.6611410957358934 -0.5811275426293656 -0.5154988035465196 -0.4521285983734833 -0.4003695998242818 -0.37043576279465995 -0.3679051605084931 -0.39034404030268455 -0.4242266947353448 -0.4571924781372516 -0.4819855553098513 -0.49513295957715275 -0.5248446939431703 -0.5826587796597806 -0.6617716472367485 -0.7558463384906373 -0.8593312744720094 -1.0013906553925729 -1.2200517457964695 -1.478247505308164 -1.7944731420001299 -2.1863478771699643
-2.0328521279115606 -1.9863975709644286 -1.9430559502565077 -1.9042284368138342 -1.871138073400742 -1.8449323940523727 -1.82656749105183 -1.8068046416266759 -1.7806084163085938 -1.7503749584173576 -1.7105603220564907 -1.6616564239511433 -1.6043472881324932 -1.5390690939428098 -1.4661333332310351 -1.3858710022347014 -1.2987851130059709 -1.2057090334069303 -1.1079678362735106 -1.008749365316132 -0.9115432861433834 -0.8196247623096582 -0.7364611443886235 -0.6609118234592577 -0.5832638775500418 -0.5127513839809046 -0.4557882279949732 -0.43387384780205895 -0.4532204655023073 -0.482989925570648 -0.5080773518165032 -0.522834446018106 -0.5430434200785244 -0.5979660497313919 -0.681025226445281 -0.7849941927645863 -0.902660312365857 -1.0268491039500802 -1.1530479824336368 -1.3263875565021153 -1.5305075909135417 -1.8013464121829874 -2.2360393071265126
-2.0706242274501943 -2.0344623603153615 -2.001781738530303 -1.9734141014075037 -1.9500302065597597 -1.9323531326188321 -1.9211556135746832 -1.912834640196281 -1.8976931809094948 -1.875027873034608 -1.8416313601624372 -1.7979196984267902 -1.744668591957686 -1.6825640785799418 -1.6122123122318284 -1.5342328689004732 -1.44937019868333 -1.3586055392716936 -1.2632376117396287 -1.1657397391079847 -1.069538277406048 -0.9769895272994664 -0.8902811197301965 -0.8092982361203107 -0.7274222839541242 -0.6450912979479857 -0.5623242496046434 -0.5165087684543366 -0.5482467726912978 -0.5737418951442299 -0.5898942768519697 -0.5997039621982654 -0.6433506732117364 -0.7236027331305439 -0.8332338488619961 -0.964930877286011 -1.111180256147939 -1.264156588748193 -1.4156233121903312 -1.5656634570417634 -1.7326518630961452 -1.9105840150987863 -2.432659024056188
-2.09802271285436 -2.07204303281333 -2.0501594504547382 -2.032282789759445 -2.018423436742854 -2.0089613464490506 -2.0045135724881 -2.0051673745666387 -2.0010360197402983 -1.9871826727116366 -1.961046872542279 -1.923512587762354 -1.8754637385447228 -1.8177450709653293 -1.7511602718407953 -1.676523140591641 -1.594733219305411 -1.506838956340541 -1.4140832497287972 -1.31839841414146 -1.223032622348902 -1.1298512398399991 -1.0426422164362719 -0.9664574497609293 -0.8876748135840011 -0.8073968562205873 -0.732296462731971 -0.6895432309096157 -0.6904632204323573 -0.6991792346184695 -0.7021652553533089 -0.7224216710984901 -0.7888201797892354 -0.8942658231120109 -1.0316978715640248 -1.1940742949349699 -1.3743210415176943 -1.5654158225100865 -1.7608648488716048 -1.9566409355991536 -2.1642405450328632 -2.4455915986144867 -2.8648214886515926
-2.1134984701281754 -2.09795577762564 -2.0874902038498164 -2.080284625374512 -2.0756972891040903 -2.073980343069153 -2.075731538914085 -2.081611827369267 -2.087981290051962 -2.0837824269121508 -2.0659048732556973 -2.035479097737461 -1.9935770799226813 -1.9411913044684044 -1.8792699900223342 -1.8087583711925617 -1.7306503840034744 -1.6460186731591626 -1.556043377676755 -1.4623062334147674 -1.3678560517244287 -1.2772354186328705 -1.1979800901744015 -1.1300079883916567 -1.0597728417533636 -0.9893174527634165 -0.9267667446832373 -0.883824806886528 -0.8629193634869403 -0.851990494353317 -0.8447803027224239 -0.8826017010608294 -0.9702604123393905 -1.1004304641046583 -1.2662922517143387 -1.4613408594649429 -1.6794168154035125 -1.9150311660200166 -2.1643302214016913 -2.4275881193181927 -2.7145102119142184 -3.03917820804734 -3.4339762110220784
-2.11558658552964 -2.1119233562978534 -2.1141131251307357 -2.1174694882708507 -2.1214996774918333 -2.126748842124409 -2.1339338241127774 -2.143706210269914 -2.1563639192776276 -2.16224513861781 -2.1533561245192185 -2.1307989447020135 -2.0957990299772575 -2.049475573461221 -1.9928859395494252 -1.9270656870656817 -1.8530623569084965 -1.7719523748032473 -1.6848600012410353 -1.593288019448877 -1.5046414910734653 -1.4238403105817246 -1.3535523732927692 -1.2950221916355378 -1.2355572158508623 -1.1755089356713786 -1.120880800405328 -1.0772112748592588 -1.0454007996772823 -1.020439647524831 -1.0151136201508848 -1.0692792166831777 -1.1769285743569495 -1.3309263338814479 -1.5248536191860684 -1.752867196560845 -2.0097781617494883 -2.291404637726347 -2.5953347300246654 -2.9221480503356227 -3.2821724017351532 -3.678210090557803 -4.0802077101380085
-2.1029059345132475 -2.117682258848748 -2.132018234023135 -2.1443068857455545 -2.1555240101467827 -2.1665815099072816 -2.1782616988331887 -2.191179358182928 -2.205739783437829 -2.219964477318275 -2.2205630226034567 -2.206435291598635 -2.1789061003776364 -2.1391858156523917 -2.088408512089389 -2.027669083128745 -1.9580412375533327 -1.8805932202726092 -1.79837257381799 -1.7161538143870207 -1.6380715692711445 -1.5670679334639077 -1.5056721485910034 -1.4561714265264467 -1.4079209902037055 -1.3574743730869496 -1.309081364417371 -1.2659786693662045 -1.2288125048508882 -1.195372959072657 -1.2012112819864935 -1.2710129242529966 -1.3973711806090214 -1.5736956883677302 -1.7941191672017949 -2.053460483832049 -2.3473060254103655 -2.672225672705692 -3.0260724466017677 -3.4105177374993816 -3.8352394815645816 -4.298818864068469 -4.765743184706704
-2.118125338098645 -2.1264821590376397 -2.1429619208475863 -2.160601026599056 -2.1770124793324848 -2.192518750453567 -2.20769230801185 -2.2230052866260883 -2.2387628458896023 -2.254849913811107 -2.2646338634094723 -2.259326480061534 -2.2396717600492795 -2.2069344006524103 -2.162294997264171 -2.10694555376136 -2.043833647632427 -1.9756879321604628 -1.9047046616009018 -1.833307697313281 -1.7654446829327877 -1.703851345154832 -1.650870220343192 -1.6088356980413283 -1.5716659024901074 -1.5303624139082532 -1.4880273368220016 -1.446996749490275 -1.4079348812930794 -1.373267369172629 -1.3924322528386524 -1.476909763291098 -1.6202723679659166 -1.8166381544696035 -2.0607480625409447 -2.348005637101645 -2.674534613324262 -3.037241337645165 -3.434758384083195 -3.8740184053171003 -4.355324546832771 -4.873657805997068 -5.410955651699028
-2.1396044057314905 -2.1437146262243014 -2.155321988411149 -2.1704231855656793 -2.1869514609308234 -2.2039907087249744 -2.2210883691290793 -2.237978112337508 -2.2544423712930035 -2.270361443318387 -2.282925133702217 -2.28647514778043 -2.275529345068031 -2.2515529510248777 -2.216398066663355 -2.171986842987117 -2.1202938068008086 -2.0633417539787855 -2.003188705524277 -1.9421721456606307 -1.8840755332197752 -1.831353665621181 -1.7861268772603456 -1.7504423970670242 -1.7227760984739167 -1.6905710728205228 -1.6547134014864104 -1.6171441815503969 -1.578626316581998 -1.5481518491153892 -1.5796118888317388 -1.6771008340234577 -1.835068370370248 -2.0483205643449365 -2.312162562499079 -2.6224665340816755 -2.9757007585189843 -3.3694660843880175 -3.808824022107997 -4.294564484950479 -4.824144544662415 -5.392064005832978 -5.983425679089947
-2.160887096048572 -2.1633827055802417 -2.171729873136043 -2.183884363913307 -2.1981732182940448 -2.21354576906122 -2.229369494126273 -2.2452412216532274 -2.260875838544439 -2.27604606509329 -2.2895639999659134 -2.2973223965824943 -2.2973124790501096 -2.284766490995647 -2.261021951590825 -2.2279232450522164 -2.1873481849116625 -2.14120407376681 -2.091414055126278 -2.0403122556244258 -1.9914712245281134 -1.9470231098259854 -1.9088572732961793 -1.8787368964933115 -1.8578147368432059 -1.8349092435441086 -1.8061482439744592 -1.7732448002333903 -1.7370889120900586 -1.7130666759418633 -1.7548670226888734 -1.8629071249456004 -2.0323212417852687 -2.2584744232275407 -2.5371295639708795 -2.8644928244399166 -3.237933202952026 -3.6612733319365587 -4.134588116878574 -4.65629766011968 -5.223824914714129 -5.83253203887916 -6.467892440395158
-2.1818245162821643 -2.1835323024614888 -2.1898362866057806 -2.199635670004217 -2.2117733918353615 -2.2253293256094846 -2.2396425783457565 -2.2542428104216445 -2.2687810246083764 -2.28298042997975 -2.296534128456735 -2.3059434489215396 -2.3095464642455634 -2.3070928764206706 -2.294580275449434 -2.272537873596418 -2.242745154592271 -2.2069946003277594 -2.1670771099771553 -2.1254483619508853 -2.0853382235646265 -2.04857094115094 -2.016816314070631 -1.9915838248452769 -1.9741514124052695 -1.9603404375011753 -1.9393047245667603 -1.9120749268619313 -1.879662952050368 -1.8620343024449462 -1.9114650221240659 -2.0268892694408693 -2.2039260818556876 -2.4382970609307963 -2.7261177939132697 -3.065376092396442 -3.458419094527232 -3.903938093612121 -4.400378136583228 -4.945978715712123 -5.538346230803678 -6.173919273489403 -6.839384675372196
-2.202270502165343 -2.203535095472303 -2.2084916990791674 -2.216498684787023 -2.2267727038536758 -2.238584189207844 -2.251332142590285 -2.264542642322905 -2.277840601038946 -2.2909199374839915 -2.30352026739339 -2.3143440063766323 -2.3198220848526216 -2.3199320406503734 -2.3149837507938997 -2.3036668978119663 -2.284302239951254 -2.2585195391407735 -2.2279823802590353 -2.1954494748316167 -2.1635621822029467 -2.133922587454953 -2.1080027734653863 -2.087096652504918 -2.072259770473573 -2.0638648738043655 -2.051119534441449 -2.0303858281175957 -2.0027712232350936 -1.9899850104098633 -2.043767807829586 -2.1628401292542607 -2.343142806507654 -2.5807192805868677 -2.8755537313080657 -3.2267308415043767 -3.6321532791644158 -4.089860209899028 -4.597894564495203 -5.154102093778306 -5.755879309606795 -6.399914936255543 -7.0734498980951805
-2.2220814024254136 -2.2230747491772056 -2.22708920055972 -2.233722878223852 -2.2424350822884813 -2.252664636399718 -2.2638991962253288 -2.27569853793243 -2.2876915007445815 -2.2995629915343625 -2.3110399123361947 -2.3218669426848395 -2.329267973227525 -2.331448622801254 -2.3287158299650685 -2.3214177326136296 -2.3099330660848274 -2.2936680810733208 -2.2721415352039855 -2.248316416323198 -2.2241780847727126 -2.201167785858444 -2.1805850664939364 -2.163544932664568 -2.1509755759379527 -2.143576799680082 -2.138507142629991 -2.1249269724793294 -2.102909073146259 -2.0927422931284823 -2.147225263783771 -2.265916264131287 -2.447273926949762 -2.6893884982490435 -2.9896608953141857 -3.3455916804831647 -3.754735755613557 -4.214635046353834 -4.722690584976809 -5.275975360467465 -5.870990882127331 -6.503362651672658 -7.15941063009565
-2.241115746506106 -2.24193416084681 -2.245255720844793 -2.250813111123186 -2.258221473936091 -2.26704956025104 -2.276872150700084 -2.2872977471260967 -2.2979772580815654 -2.3086020129135347 -2.3188974577426618 -2.3286161503463774 -2.337194784922452 -2.341464241911205 -2.3409376839157843 -2.33595486447837 -2.3268820320830454 -2.314118582224228 -2.2985740002379837 -2.282175114214214 -2.2653403493340076 -2.248518980795069 -2.2328489070503306 -2.2193198224900925 -2.208784568194159 -2.2017499561678187 -2.1984060400523378 -2.192464721065986 -2.1766769438324762 -2.1680466354808963 -2.2224094191033883 -2.342280859800251 -2.5248082677069736 -2.7671370221644294 -3.0664290226516373 -3.4198317929968516 -3.824412655879504 -4.277056163162651 -4.774304417961788 -5.312120837544385 -5.885544569892164 -6.488156519773742 -7.104783690283096
