_RESULTS/CROSS_VALIDATION_POSTPROCESSED/MHZ/IZ/9comp/3/MHZ_IZ_z_500_kriged_reverse_9comp_spherical_3.asc
ncols 100
nrows 81
xllcorner 5.5967107548124995
yllcorner 50.982328804812504
cellsize 0.00017565037499993607
nodata_value 1.7014100000000001E+038
[rows 19 to 37 of 81, columns 42 to 83 of 100]
0.37719577564438317 0.3934774265002082 0.4097112078489759 0.4267641342504663 0.4456271607289729 0.46737787219757865 0.493079702139388 0.5230412007293641 0.5390118152692978 0.4852345033853588 0.43262596945595505 0.39003195099299315 0.3545009861910894 0.3247745112435152 0.29969923739486803 0.2781568572918916 0.25991500999236744 0.24551986817294094 0.23434692528434994 0.22601911984519046 0.22042908530781904 0.2172114261247764 0.21608843930493107 0.2168633552170235 0.21940259091406555 0.223623210452658 0.2281365180679916 0.23070069951976563 0.23111986688151218 0.23058881755270091 0.22978412523699873 0.2292236159342274 0.22893460370482802 0.22895612277960445 0.22934121028119056 0.2301649401545155 0.2315170715829317 0.23349101503875666 0.23616811062363302 0.23959629857707526 0.24376345271047967 0.24856856460380522
0.34067047649494936 0.35559283540295994 0.37133768443687293 0.3888000522064292 0.4089765346946462 0.43290502263409125 0.4614264515284322 0.49362226489797983 0.5100217042208357 0.4739454687068078 0.4313895975006492 0.3939789332858313 0.36219886438221144 0.33525114839476017 0.31217369596892547 0.2920712022658871 0.27411209709569195 0.25798806397682245 0.24513560379697547 0.23567211389944673 0.22911309279156034 0.22506007327144445 0.2232148062465465 0.2233572015252656 0.22532826937445138 0.2290176114447663 0.2328077117337969 0.23442114146257031 0.23468563160233263 0.23411135660315463 0.23343992769433863 0.2329182457617345 0.2325292035155158 0.23231509180951382 0.2323958067867858 0.2328773351102708 0.23388726034210697 0.23556540940160145 0.23804642286218317 0.24143362973909005 0.2457622349752555 0.25095327861361416
0.3021478685047274 0.31464416746061474 0.32833904997381413 0.3439956468355866 0.36232411879091003 0.3837273687710597 0.4075483269615844 0.4297882632179315 0.4394436006578968 0.4275735559744667 0.40359256653683134 0.37788051321082206 0.3540095790284671 0.3327403538587651 0.31391309240816245 0.29704840216502004 0.2815781632922705 0.2670145550299997 0.25379251667907093 0.2436832710924893 0.2365246814183055 0.2319301584025981 0.229601241952353 0.2293091858425116 0.23087985719581874 0.23417057659712928 0.23707062708274879 0.2383324668430877 0.23867319453450242 0.2381670521905707 0.23760837331678158 0.23708330585087461 0.23657302358652937 0.23610407223204755 0.23576225266500042 0.23574862668383884 0.23624578965433254 0.23744971044182264 0.23956439791667788 0.24277335113518309 0.24719285533519245 0.25265498133230113
0.2638139065424033 0.2733287920487239 0.28411859230648023 0.2967809889490232 0.3117530124664213 0.32902221196681786 0.34754651902774847 0.36416046801054874 0.3730311955768009 0.3711669283844742 0.36115640333637195 0.34740532088704623 0.332864973046395 0.3188513063129124 0.30572590482097806 0.29339356252582516 0.2815622597376598 0.27037821444443544 0.2596848087703587 0.24963859755670859 0.2422689531668406 0.2374470395360268 0.23489281722164332 0.23438256978241126 0.23573660889214962 0.23867075896926415 0.24109316159187885 0.24259564435570505 0.24309725638816376 0.2427440740480356 0.24228678629842101 0.24171665427665362 0.24100862276082743 0.24019670699554344 0.2393734799438699 0.23869948961414938 0.2384726542088415 0.23896738994985106 0.24047040604709083 0.24327186493367545 0.24751445262041227 0.25250081514769085
0.22812245713442625 0.23394475054603747 0.24162655286118334 0.2510359310712732 0.2624969396483441 0.2758238364449709 0.28972719611901115 0.3022679007299313 0.3110944053544595 0.31478068428119 0.3136722839974494 0.3093361524442441 0.3033263869256404 0.2966072220487476 0.2896037841409607 0.2823878455151243 0.2750505315633986 0.2680050866392625 0.2608746510845243 0.25321245811834076 0.2460323494717667 0.24129066874497254 0.23876889232353365 0.23825938107347194 0.2395846229913546 0.24255277930117233 0.24533872616534091 0.24719118565469078 0.24796085397730822 0.24783413104883878 0.24748167302018148 0.24683260740901272 0.24584993478831163 0.2445743468829649 0.24312135337032892 0.24167170774986219 0.24048887365683805 0.23998670114509807 0.24055000252379125 0.24258626859014412 0.24562574290191685 0.24989776154168952
0.19667446960044804 0.19875879166049212 0.2028425062344664 0.20894244148256771 0.21666943667662986 0.22588737628266314 0.23607076297629276 0.2462537216292938 0.2552677258207746 0.2621613174771304 0.2666162049666368 0.26896959706607904 0.269747744661589 0.26937496533558497 0.2680755051779338 0.2659023994645205 0.2633975111668652 0.2606676481649089 0.25736635085453324 0.2531085007291185 0.24759606232159637 0.24320921050003338 0.24095539556403864 0.24065043127457086 0.24262098150963596 0.2464597933124547 0.2497469581155733 0.25207544480676547 0.2532473502000796 0.253427318543562 0.2532051226776568 0.2524563189098774 0.25112532056790793 0.24926191080951995 0.24701108225752433 0.2445914590300763 0.2422785208700423 0.24046532613119584 0.2396911810927609 0.24004934528098285 0.24118292208082054 0.2445056352946741
0.16890130010984664 0.16756278997032542 0.1679620207628406 0.17032196484120932 0.17477039083655607 0.18098587519169052 0.1886593464595068 0.1973487857205781 0.20640388661446202 0.21509409388568937 0.22295819556039856 0.22978170657417862 0.23551003457615224 0.2401385780104203 0.24363691969545384 0.24607685144967512 0.24805393512689655 0.24942442503255163 0.24988055527506142 0.24906602285276014 0.24659548041049867 0.24302820426406338 0.2413163974282284 0.24214755787102227 0.24565422609785056 0.25031137701486733 0.25421824423034717 0.25716858284405913 0.2589082370473076 0.25950313056034524 0.2594680185699486 0.25861680282186716 0.2568679477162233 0.25429129209578355 0.2510797633850063 0.24750070081338574 0.2438600756219577 0.2405034765908798 0.23789968471560363 0.2356324481400182 0.23449710062961857 0.23648051268191633
0.14395586780935338 0.13996075950030762 0.13758411333889806 0.13706361788001079 0.138608712512888 0.14234364832265622 0.14822423354285105 0.1558566264312549 0.1647472578481236 0.1743637247674798 0.18420502590484814 0.19383924886478301 0.20292510534613745 0.21119104452446913 0.21840168120518347 0.22471432751689108 0.23047633898097114 0.23544189909611796 0.23930546505337882 0.24171319522422577 0.24230895811209596 0.24112820040831573 0.24101086149456988 0.2435212695890389 0.2486199982769342 0.25395871897158734 0.25860401430209096 0.2623370765631126 0.2648440953119791 0.2660152795190744 0.2662690259559768 0.2653347298380292 0.2630962215178981 0.2596739184195047 0.25535191358785714 0.25047358343912457 0.24537414322083878 0.24036783647708693 0.23543080951428613 0.2302272601846546 0.22606189485212935 0.22616382628499626
0.12237961702766627 0.11641379836541878 0.11202346111769637 0.10946157924423311 0.1089913655019674 0.11083211745209402 0.11508150618323955 0.1216339269362969 0.13012885202645016 0.140097204179351 0.1509637883695718 0.16221596257806184 0.173396935834638 0.18410003401831895 0.1939726827029499 0.20324570800067157 0.21196286793247038 0.21985488723854602 0.22672954269568288 0.23236150365673747 0.23648535419618136 0.23881560257870107 0.2405327641360676 0.24481258122454122 0.2511406211874352 0.2572065414602169 0.2626922166424714 0.2673689017701515 0.2708734553011808 0.2728648510866101 0.27357776545165047 0.2726038661395522 0.2697791428709113 0.26535086521969486 0.2597827536936038 0.2535416357332991 0.2470027091202525 0.24057894866130464 0.2334033239894874 0.22527876479905518 0.21704213864637964 0.21453571312520758
0.10436521313287499 0.09697474188261074 0.09114585127878516 0.0871404214097376 0.08526950117188388 0.08583252095731672 0.08900888847445343 0.09472972211068101 0.1026979143137951 0.1124918511750933 0.12361808821574807 0.13557041709011775 0.14786140234853026 0.16003641310593014 0.17173159604519422 0.18317233340025063 0.19427397285290132 0.20480245088763022 0.21450932130691408 0.2231287657980582 0.23037477438302276 0.23593525825011868 0.23997788033872847 0.24597549827447743 0.2530029922896068 0.2598151033454432 0.2661972630506719 0.27194236138392086 0.27668004461596823 0.27984692486996254 0.28130776402960905 0.2803634014842184 0.2767734903519367 0.2711110208512847 0.2641780485055006 0.25660697139037403 0.24895332298072176 0.24144758927679139 0.23276796194539895 0.22303919594346405 0.21302423774182308 0.2086306241446877
0.08987532803532065 0.08146193730684177 0.074589366113456 0.06951705057149223 0.06661088645140797 0.06627796016964534 0.06878069883154368 0.07403672192038714 0.08170728676446502 0.09134339755111369 0.1024816259554155 0.11467334156132457 0.12748416239021682 0.14049108076721747 0.15337547224996317 0.16632181450153816 0.17917427572677277 0.1916888255574953 0.20360391394645821 0.2146405250127442 0.2245019170500004 0.23286612829177597 0.23945808673586644 0.246422217009463 0.25400206879638954 0.26152117721699497 0.2687712518566963 0.2755644291924287 0.2815993407842442 0.2863033123554376 0.28897971247907717 0.28816177637532564 0.2834536042755888 0.27632294344262837 0.26806771828840176 0.2594497068585344 0.25116467288099975 0.2429487822184143 0.2336506807148061 0.22382532038816616 0.21484600288209788 0.2096995005835995
0.0787582130704306 0.06960431083155397 0.06193990129911848 0.055993698112197884 0.052193552962068374 0.05114932305633449 0.05329323354688622 0.05844831267652655 0.0660703225414145 0.0756266961184696 0.08669291330255656 0.0989047972219022 0.11191305953198279 0.12535165295354397 0.13895247425374554 0.15286641211212912 0.16691613272027642 0.18085868281747217 0.1944321796636507 0.20735854209105398 0.21932953078293588 0.23003090073710888 0.23868580506811193 0.24593568204267502 0.25390699815149 0.26178603287856134 0.2693863694090556 0.27670463414546365 0.28368421220686124 0.2900613580590678 0.29490447149101423 0.2943612260444875 0.28763174407028613 0.2789490615854194 0.26981538197296073 0.26101177163962147 0.25287561698234073 0.24462264809018844 0.23533703718403623 0.22578966154303579 0.21710766694440436 0.21077997977224866
0.07083442356955896 0.06114700603660066 0.05286688153663093 0.04612607804560953 0.041351162082925094 0.039543844720308426 0.04166767318831019 0.047169091328522664 0.05499207278362175 0.06454912292959218 0.07552316484217851 0.08766464166813798 0.10071115298097393 0.11436198191513779 0.12838884934540135 0.14292559351339315 0.15779517879121244 0.17275192721038263 0.18752150243895732 0.20181205275999012 0.2153351342192915 0.22761144729407162 0.23694052313354935 0.24403891429307623 0.25178394152573425 0.2595923088620466 0.26717337270657165 0.27456547700811496 0.2818230607471351 0.28896963166782136 0.29600564097026266 0.2958011757587051 0.28690401428753926 0.2776175400666189 0.2685331273775799 0.2602021510840813 0.25275994571152327 0.24512632516986033 0.2366207766244382 0.22772596436195416 0.21908973505510823 0.21175934542187047
0.06594737719760606 0.055904849295728136 0.04720580919509608 0.039812684491211114 0.03387307188919855 0.030706712094945 0.03350029696679748 0.039901232947964965 0.04803153377680517 0.057568911214000096 0.06839953830694034 0.08039963868578583 0.09339163645735105 0.10713397157080945 0.12141820339168331 0.1363723563086606 0.1518323547270183 0.16754935314895647 0.18323232089063793 0.19855863713841254 0.2130184126956482 0.22499673893216562 0.23364116674308116 0.2401495794661166 0.2475250276162072 0.2550759726707457 0.2623055273712483 0.2692457478659971 0.27590232330350173 0.2820524419259181 0.2865390812022154 0.2859154876823449 0.27987346347348296 0.27197807128168194 0.26409547823117163 0.256892552677378 0.25057638232428187 0.24397487952811528 0.23651852361509956 0.228572289827464 0.22053669920911426 0.21281862589891384
0.0639790840387198 0.05374860153658116 0.04490784780098916 0.037330123603523585 0.03090174570937335 0.025885521118498286 0.030118874804754246 0.036907797139115295 0.044941924346491476 0.054253256116603074 0.06484275936724865 0.07665221084010695 0.08955357561477369 0.10334455191948477 0.11781444997307469 0.1330836479217111 0.14901131835040818 0.1653447838731448 0.18177543082841702 0.19766809995234472 0.21139736382113886 0.2219458305646333 0.22903594915449046 0.23485382239474087 0.24168827203541626 0.24869657265963216 0.25526320746328207 0.26134561159192304 0.2668773857805452 0.27146606285898417 0.27407397301604275 0.2732031855006434 0.2690605399003102 0.26314592789958124 0.2570135259066394 0.25134659358867917 0.24645026398663764 0.2411967609244814 0.23501614398314646 0.22819119541354316 0.22100421709227341 0.21371273596511955
0.0648505279475588 0.054551607952286946 0.04582922584662068 0.03864089878532336 0.03319728534812091 0.030623830345121637 0.032677698729721844 0.038083649982411386 0.04540089046263851 0.05424526122664434 0.06450940353318156 0.07611361671523473 0.08893733699252789 0.10279467797494563 0.11745658432912474 0.1330161047088467 0.14937149536067548 0.16625231873019303 0.1828533434566684 0.1979141800151961 0.21035646392980814 0.21934370838030767 0.22430876103321754 0.22942143256612108 0.23524053065677497 0.241121002010077 0.24666073714891276 0.2516581552889178 0.2559526895776906 0.25921123214022795 0.2607955958632355 0.2600137245063766 0.256861840176773 0.2525697911606338 0.24814675301938535 0.2440967018236919 0.24072208012345356 0.23701363544741064 0.23228574585588635 0.22676260318938243 0.22066689761239744 0.21423340983822264
0.0684656171209956 0.05818931603654669 0.049667611000527606 0.04301806276891317 0.03850015161046387 0.03670692342701015 0.038125082023072264 0.04241649678748281 0.04892070616244999 0.05722754976236302 0.06714863221234013 0.07856866973743472 0.09136274165698746 0.10535450193505874 0.1202987215674282 0.13620700085156073 0.1527882411622081 0.16943658612898235 0.185228356004522 0.19905181669158187 0.21011772577621382 0.21779867236704767 0.22195664453743846 0.22483882006588013 0.22872147641754126 0.23295383482565918 0.23713409204103755 0.2408732448639364 0.2440054650518329 0.24623074537189343 0.24720507976434677 0.24660375680599828 0.24435156911498646 0.2412760838872715 0.23830014540295713 0.23574102440176384 0.23382189288354976 0.23174499988978386 0.2285836523222195 0.22450917263324038 0.2197137579618622 0.2144162974532005
0.07432636024193398 0.06427609817506379 0.05610475661284212 0.049908043848077115 0.045894079944539 0.04437355421414465 0.04550474351092092 0.049151331856433764 0.055018472433980274 0.06284203920565531 0.0724489853871241 0.08371711311188161 0.09652196387000761 0.11063670405412293 0.12570716171660584 0.14146929555986898 0.15777139597953924 0.17388859607564172 0.1885953726387296 0.20100916958724094 0.21046403510749231 0.21650852589706393 0.21889263387125155 0.22011073808907122 0.22208892598740126 0.22451811006172095 0.22715394908634762 0.22956792271391283 0.2315885597517419 0.23300350473053644 0.23358000214742627 0.2331758273663618 0.2317856808671007 0.22988409553375788 0.2280814012570083 0.22681492295823813 0.2262078519420483 0.22573048430678555 0.22418781075946181 0.22165777010953172 0.2183180561332684 0.21436375141918318
0.08223928202531683 0.07242088278766225 0.06457410670042066 0.058788455101083784 0.0551190190113179 0.053721071586744766 0.05468926369574103 0.05796299590477341 0.06340468903567416 0.07085481096892171 0.0801699527923307 0.09120993783415238 0.10380075913706671 0.11769453643629714 0.1325364447201672 0.14791714781855853 0.16367174739947773 0.17874605637595709 0.19219098711094618 0.2031934010331266 0.21100780228869181 0.21504964480397076 0.21534348965828523 0.21504690143153188 0.2153081554908924 0.21600451232256374 0.21700877777976493 0.21814715596084597 0.2190942440055239 0.21981106638602946 0.22010610011529036 0.21989847472216653 0.2192323971504961 0.21852148724141712 0.21792334617146777 0.2177551139611485 0.218301206186896 0.2192860098218236 0.21936411416287768 0.21842232936910944 0.2166368838422335 0.21416012540973833
