_RESULTS/CROSS_VALIDATION_POSTPROCESSED_CLR/Berg/IZ/3comp/5/Berg_IZ_z_180_kriged_reverse_3comp_spherical_5.asc
ncols 100
nrows 90
xllcorner 5.6208707817415728
yllcorner 50.959635321741573
cellsize 0.00013419651685393446
nodata_value 1.7014100000000001E+038
[rows 60 to 79 of 90, columns 0 to 43 of 100]
5.2644860109554505 5.250793936276378 5.237127013797977 5.222049990025668 5.206068816360991 5.190618043777653 5.176852341173129 5.165636997795352 5.157538392080692 5.152820452614901 5.151459270455955 5.153201559146887 5.15773258673223 5.165131791638583 5.176834161152814 5.193870853900798 5.210123491610876 5.225611556133883 5.235844111743445 5.2399998327099 5.237653960257528 5.230227431208401 5.217914137541142 5.200439442999179 5.177809512031179 5.150366583935315 5.118808389867686 5.08433838753501 5.0487803234379145 5.014309839085012 4.98837328763401 4.984620582629986 5.0034828699728084 5.045388970862411 5.110837110564354 5.199370425111994 5.308954711218164 5.437274477647833 5.5818234061285175 5.735800614813867 5.8932264937836525 6.0498506906152265 6.2009516786333645 6.340326771607259
5.303609436845013 5.293769678594504 5.278655932454047 5.260153889374028 5.240033393444907 5.2198130542766785 5.200742598130425 5.183783384737933 5.169587912945639 5.158481565238213 5.150452640905669 5.145162424452508 5.14200962517808 5.140417609922024 5.141661849116402 5.156449863373398 5.179414071282673 5.197154580444423 5.210316611567703 5.219302500834707 5.2223067553182 5.2176828066280745 5.204992211989874 5.186931116194766 5.164418457689237 5.138412627144168 5.110086112343369 5.080842096636209 5.052304303494886 5.026258279518068 5.005741684156847 5.00492576595419 5.027139977019764 5.070464421862383 5.134224284258832 5.218682194242245 5.322860674300593 5.4437118318928555 5.574847298139772 5.712343168449938 5.852354946743813 5.990766180035794 6.123126308552733 6.243254186325597
5.329818782266039 5.3127493170816775 5.292282440855206 5.2696245659445795 5.24522470614877 5.220160593141559 5.195800366056417 5.173233482082641 5.153240718799356 5.136264689070128 5.122384982234397 5.111302919447905 5.102342105230773 5.094482021449463 5.0874307046732685 5.103571083793239 5.1376811524629105 5.166379960825791 5.18848659812257 5.203374531548145 5.210389663347132 5.208780730628468 5.197953248984367 5.1780784921358505 5.1544658097408576 5.129230101824869 5.103561517729856 5.07878343784675 5.056321500791612 5.037638420805201 5.024127036543849 5.024126549073505 5.0468584599045565 5.091218189688465 5.156340674481246 5.24012126751207 5.337151947213865 5.444296030284693 5.560194230714061 5.681500014001498 5.804568007553958 5.925528607286339 6.040290768023667 6.143572786932568
5.342467751865862 5.317248712452524 5.288438484436675 5.2573827031601 5.225340055375352 5.193470804958178 5.162820162316825 5.134295442721607 5.10863811923569 5.086395162638311 5.067899197893922 5.053278099437004 5.042552106470002 5.036467344199707 5.0396096654484595 5.059284397345203 5.093804634058236 5.130019055551559 5.1604835467301955 5.18140185473873 5.1926671188197036 5.194448773972192 5.187108739975152 5.171603404536186 5.148284428844807 5.123305813297101 5.099671740463573 5.078622748838705 5.06141150492668 5.0492398442597874 5.043174788024259 5.045428715840807 5.067666901776088 5.110162523264999 5.17091206860363 5.247899090192784 5.337562093511379 5.435957962356324 5.538725888324141 5.644368883548985 5.7511881328168455 5.855612838488663 5.953934966067482 6.042155908096003
5.342462033749618 5.309068273372857 5.271876666307685 5.232359547965156 5.191937131767035 5.151963351092678 5.113703924296636 5.078305841965591 5.046760583017777 5.01986858501229 4.998220954252734 4.9822297759606515 4.972929639905454 4.9727913906064405 4.983845099474065 5.008065544011293 5.0440898547628965 5.08344629167373 5.116522182011519 5.141588560410564 5.158285051271516 5.1665749033937365 5.166593171941107 5.158569172236144 5.142774111968547 5.120126484157182 5.098242574080009 5.080281511660382 5.0673798157993355 5.060411211694057 5.059924535908136 5.066085315394858 5.083527224947843 5.119939655770791 5.174018752862335 5.243587291429677 5.325178807237544 5.415002947514083 5.509021426862265 5.603015200177883 5.694261968361216 5.783008098287477 5.8660806257667595 5.940172716272426
5.330793155178871 5.289199554420628 5.243563309024757 5.195484185819168 5.146549924429327 5.09832229375573 5.052311952895886 5.009940322336392 4.972490405231604 4.941054947495569 4.916539333010242 4.9008046665739595 4.895222283169755 4.900678314297706 4.918011798469482 4.947146829801725 4.982255433795908 5.01973675692198 5.0555806415710105 5.084743590426597 5.106614813303241 5.121016088022243 5.1279922926865815 5.127724717438455 5.120458946654932 5.106437202282173 5.087437713139415 5.0720430235193845 5.062346083846117 5.05906291700733 5.062552582421807 5.0727814998643925 5.089443582267479 5.119766683010352 5.167468418826788 5.2300964577263525 5.304235559771819 5.386197409121391 5.472087205030911 5.557866425201274 5.639411698319746 5.713849465558501 5.7827503635393 5.843715086633538
5.308495467968715 5.258687926289706 5.204528191334071 5.147739310411162 5.0900784992591985 5.03332700231811 4.979264480888269 4.929623212716911 4.8860229814718785 4.850555890743802 4.825160005310302 4.811025748792481 4.809000621127315 4.81957818327211 4.842558463955449 4.872178200039966 4.905599656253148 4.941504916027282 4.978263605242494 5.011798784823705 5.038775733522696 5.05896809613062 5.072389565304225 5.079218098305963 5.0797149828546075 5.074140504470522 5.0626674494041515 5.049414534529628 5.042439947929639 5.04249835669736 5.049782510578222 5.064071716904254 5.08473757696313 5.111709659544607 5.153410401203091 5.209628093486544 5.276963539964073 5.351798914016732 5.430358310660094 5.508765468584157 5.5830994704342105 5.649451279713521 5.705596619686289 5.7542846987247
5.276655658437992 5.218648972078904 5.155888890876434 5.090209829941125 5.023532859220701 4.957864546171504 4.895397018024876 4.8387365959404764 4.790212718632938 4.7519540079539775 4.72576087673188 4.712961607430181 4.71430764810549 4.729879237885764 4.754173064900741 4.783170414088446 4.816035426878468 4.851454274579238 4.887922495186873 4.92400464506516 4.956103650797505 4.981792951291196 5.001120759835856 5.01432332896299 5.021738477359499 5.023706089570707 5.020461394904945 5.012304625057965 5.007644723229849 5.010802161090757 5.021813434796644 5.040265040483873 5.065324078714699 5.096238069538531 5.134040296680083 5.184429415917049 5.245630536965488 5.314069489898724 5.386067103323259 5.457890556365244 5.525802684706608 5.586111875049115 5.635225137226442 5.67256629796896
5.236560743825753 5.170461498251664 5.099188984858883 5.02474025564994 4.949303764901465 4.875271578956424 4.805228350352494 4.741899052570151 4.688035773024423 4.646232249910902 4.618679012830814 4.606907328839746 4.611594143722547 4.629294957889946 4.653282342424886 4.6826171318783985 4.716026440597297 4.751973385105641 4.788890189711001 4.825364576604092 4.860248772363672 4.891091081708598 4.915710472917347 4.934462328413536 4.947836030916403 4.956330320284181 4.960321683203176 4.959929874790871 4.957964817476034 4.964077287692037 4.978867892842004 5.001705719689255 5.031514571127961 5.067806167727116 5.109923014496035 5.1567974333786815 5.212542793845112 5.2752915611709446 5.341443477639276 5.407393377119017 5.469571276556234 5.524482785441235 5.568751893712824 5.599184318400488
5.193466205056471 5.119551854162304 5.0401135495305525 4.957193174396632 4.873078681093821 4.790343318060586 4.711865044343888 4.640797967230739 4.580455672873945 4.534067567276042 4.504404415571444 4.493346209241943 4.500468771570187 4.517616285996379 4.542399717666065 4.573306694907852 4.608463299275975 4.645947959423916 4.684009989552278 4.721200353233098 4.756431227079458 4.788981622756155 4.81791044274405 4.841232190010513 4.859438391296333 4.873283937616848 4.883387551287342 4.890054743533789 4.893420097294332 4.902446718066275 4.921204744754021 4.94879660167269 4.9839702403662285 5.026361339940877 5.074476140877202 5.126352310738254 5.180057760260603 5.237778997026584 5.298727140727135 5.359414910644466 5.416428132795279 5.466454633097782 5.506315722241669 5.533420191940348
5.150723882228263 5.069285011226405 4.981813733693981 4.890345383649298 4.797209943826228 4.70510846874727 4.617184541562669 4.537054948988672 4.4687311988608345 4.416336461954716 4.383552374274393 4.3728791958942255 4.379452764967134 4.397196155484881 4.424362775809504 4.458421434007505 4.496691017359191 4.5367409692304586 4.57657837315088 4.614705014800413 4.650111608049027 4.682244285429448 4.710954801746213 4.73643131752798 4.758117890283434 4.775916205774013 4.790818630915837 4.803439397726204 4.813782194839231 4.826061468418115 4.849142128547326 4.882035343728294 4.923556220406484 4.972768765430208 5.0275495865029916 5.085707272954493 5.1450760543591105 5.203549684211755 5.260178932148662 5.316096352657492 5.368380672511882 5.413913821857746 5.451212250515441 5.478839222519189
5.1099377941879425 5.021454541463183 4.926285036153428 4.826392227719705 4.724063087601004 4.622027729415497 4.523605319084186 4.432847193113594 4.354586016618244 4.294200563405939 4.2568531732596675 4.244831507292156 4.250427838813135 4.270753673396358 4.302512637017552 4.341701509270841 4.384604164828401 4.428221438549943 4.4703389792343815 4.509454034580059 4.544680312505102 4.5756708349732165 4.602559122370445 4.625900630133483 4.6465850418969215 4.665683440418772 4.68379030850469 4.701080694216607 4.717839584026014 4.735116942010638 4.763096623517421 4.802176557928681 4.85123191853679 4.908101582287249 4.97025686630411 5.03525103728712 5.100773035826483 5.164654895770057 5.224857521686392 5.279499124263503 5.328636563856799 5.3729769508023395 5.410407954210212 5.438869682839351
5.072698607676339 4.977893705339121 4.875641936406036 4.7677616888468615 4.656389547464896 4.544134295891163 4.434304756735644 4.331219675967606 4.240535659609941 4.169313399189568 4.125179779833029 4.109205597662293 4.1157345929050635 4.141655021449555 4.1810137835164385 4.227687153081457 4.27677224348988 4.324793603176939 4.3694580785815855 4.409370777336936 4.4438350033704515 4.472741368244237 4.496519631878395 4.516117994511945 4.532962734335353 4.548831675871608 4.565564475191634 4.5845739403540655 4.606253518639724 4.629883999913786 4.663651981580791 4.710516570091256 4.768245698073026 4.833718092199478 4.903964584956042 4.976282868454199 5.048368621386478 5.1184361900241 5.184832799818439 5.246097945023058 5.300922396086937 5.348112529024022 5.386563025425912 5.41569429427879
5.0405188113237624 4.940401242038858 4.832039612158001 4.717046254266441 4.597299296744319 4.475102878722206 4.353463999566976 4.236568230269711 4.130539165947629 4.044340125183443 3.989353537967696 3.967646975516793 3.978368300989115 4.014544729249966 4.065406948465707 4.1220313980066505 4.178538186527826 4.231364829802108 4.278435854911377 4.318631427000854 4.351510790732439 4.377201114716755 4.396390084656417 4.410378985328568 4.421144475746082 4.431313423475196 4.443887000606038 4.46154378696857 4.485582531653398 4.515027347148873 4.5551847323381915 4.6111403086207385 4.678743208661993 4.75403833988796 4.833642980472635 4.914770286039243 4.9951368443338415 5.0728477623152575 5.146295937567861 5.214084012339625 5.274967035444126 5.327811265708146 5.371564768979322 5.405236395923156
5.014840875281618 4.910630907512937 4.797537136686049 4.676844370158651 4.5501047929275975 4.419165591691556 4.286409738926899 4.1552579396448985 4.031258654918275 3.9243662967450392 3.85051785072499 3.821897757807995 3.8431024413539614 3.8967599893361893 3.96345422639617 4.031765289761808 4.095961121576672 4.153162301068649 4.201899693537109 4.241482628394866 4.271747478573862 4.292997487654583 4.306061566088266 4.312447682723407 4.314568981684681 4.315956105933555 4.321185930958562 4.335013754245903 4.360416354624612 4.396701661103059 4.446082894474827 4.513081150426445 4.592071785949781 4.678208578996996 4.767743784513978 4.857818656366832 4.946211400562234 5.031136233990692 5.1111023973344585 5.1848196721614945 5.2511358265651555 5.308995053967317 5.357410055497539 5.3954430159716145
4.997443141356945 4.890007592436209 4.773903313213475 4.6494947313132675 4.517972788796307 4.380709167777876 4.239317196922111 4.095935649529999 3.9540190508261426 3.820937555448079 3.713931769735982 3.6743085761923546 3.720527834205745 3.80117231507261 3.8859160304961335 3.9651119906488814 4.035375125344552 4.095297092636604 4.144238793993783 4.181951964426066 4.208474579639487 4.224152370127063 4.229757386333061 4.226726004468876 4.21756997639212 4.206493225013403 4.199987916847971 4.206312493441491 4.232040162351792 4.277467046709582 4.339646683870059 4.420380701956842 4.5123186223346305 4.609896729499775 4.709317026908224 4.807907873618094 4.903682112386227 4.995068890114565 5.080755619509203 5.1595942092684535 5.23054426386175 5.292637790913665 5.3449566891639275 5.386618020146683
4.989305811999608 4.880246803709631 4.762467860868968 4.636730490234378 4.50338488969658 4.363438527519558 4.217994093858451 4.06819608247383 3.9153058494392785 3.761041123453994 3.6051732434413095 3.535485100971521 3.6414073637264863 3.7488338904694825 3.845480701312555 3.930105528250558 4.002350445682356 4.062046106266547 4.109096018040116 4.14346486453923 4.165206692595224 4.174529678402431 4.171919781613296 4.158380885401649 4.135922695856312 4.108573255432326 4.084296806996942 4.077055492305094 4.102518714575707 4.161148627346435 4.241146362418518 4.338512406415472 4.444299235420095 4.553055794545998 4.661530919432268 4.767571163644633 4.869590246814764 4.966310759581863 5.056632591590412 5.139562380076679 5.214173782753813 5.279584098123023 5.334939957653666 5.379408262689151
4.990844434162024 4.882093124854934 4.764676032454257 4.639523553850358 4.5075512224208625 4.369291574824289 4.225761841383098 4.078306209456134 3.9286797981535075 3.780145953694692 3.638129675666912 3.580475783305369 3.660898140316953 3.759545587471997 3.851150428672628 3.9317657467305205 4.000229670795527 4.056021894946619 4.098829776485521 4.128431238732389 4.144667425970426 4.147456947562737 4.136850960626718 4.113163683820564 4.07729082445341 4.031583648091376 3.9828213989807204 3.950873138748264 3.9741633282960946 4.055863114989727 4.160031954151095 4.275309276077113 4.393850530821184 4.5119439363049 4.6275230526927285 4.739169310659289 4.84575487402212 4.946296691687489 5.039889986609423 5.125675168743343 5.202820163968791 5.270510409342338 5.327942906455233 5.374322538550489
5.001979946172405 4.89544546605317 4.7806245536866605 4.658589001664804 4.5305064418064935 4.397717229347213 4.26176715162271 4.124779364890393 3.9909438308460494 3.8689398584348114 3.7720224545587566 3.732728461181755 3.7636782345105657 3.8290962282661543 3.9014812474890896 3.969645108813104 4.029059154363239 4.077607347939281 4.114133232928673 4.137905471429264 4.148400044852143 4.145205142963471 4.127981232060559 4.096454659592356 4.05048422931928 3.9905716897963353 3.917980911111605 3.841001476410775 3.8566140075108795 3.983580911033287 4.111897515269858 4.2403115593153755 4.3668827926547245 4.4903961288492376 4.609908501413345 4.724568027534924 4.833560395512545 4.9360890759888365 5.031366842386384 5.118611719080996 5.197044876869595 5.2658894651875645 5.324369928355717 5.371711586970186
5.022146912782196 4.919584929865984 4.809370288305934 4.6927896299231024 4.571328050136964 4.4468081244776325 4.321653708647278 4.199409685838955 4.085702794292661 3.990056773880336 3.920432647207699 3.887926577664115 3.8972740604089444 3.935474702225511 3.986165559592896 4.038324457860362 4.085747790244306 4.124973611454196 4.153962715367859 4.171421902859883 4.1764661919052575 4.168447986017931 4.14689646114833 4.111716271632619 4.062854690958788 4.000508895834144 3.9259501750797945 3.8482021318963975 3.86205132863572 3.9852570523219617 4.112715229918022 4.24088725138726 4.367320085216012 4.490742938409672 4.610190788137659 4.724801404625361 4.833754974208342 4.9362517756348945 5.03150260458664 5.118724195192223 5.197136840877294 5.265963073773543 5.324426891307692 5.371753282613821
