_RESULTS/CROSS_VALIDATION_POSTPROCESSED_80-20/MHZ/TZ/3comp/1/MHZ_TZ_z_63_kriged_reverse_3comp_spherical_1.asc
ncols 100
nrows 81
xllcorner 5.5967107548124995
yllcorner 50.982328804812504
cellsize 0.00017565037499993607
nodata_value 1.7014100000000001E+038
[rows 57 to 75 of 81, columns 43 to 85 of 100]
3.844287445163091 3.6481009100317987 3.3916610726371617 3.0872656001136396 2.7490866963896097 2.3991393138179884 2.0672296384878397 1.766282796984313 1.502359075693673 1.2797345280311456 1.1033216278976083 0.9672931933461957 0.8703433567656318 0.8152090723400325 0.8103818460354628 0.8682932425672757 1.0023334897791296 1.2215160715965294 1.5412647319472537 1.9768960301049872 2.53346533234791 3.204591101563666 3.930077463869483 4.656074884527348 5.411830687928644 6.215761310465289 6.688586341356243 6.379157811171153 6.0100258950048975 5.584161302626063 5.110273599406588 4.598485702131214 4.079179480810216 3.616273009170949 3.211367204917666 2.862414089913508 2.5674557473391593 2.3235056716197655 2.127223787224073 1.9747180985992838 1.8540580277886065 1.7605920523079484 1.6934399649383935
4.135800511995779 3.913051605945416 3.6170924370161686 3.271071528711696 2.8931996629072905 2.5074000365596745 2.145087519920681 1.8212451460651689 1.5419314353629492 1.3108583399205338 1.1363564035962999 1.0070467912874488 0.9200261723622203 0.8763505891832128 0.8806906441324447 0.9412525530757282 1.0671680678860034 1.2658165810607014 1.5533601734693436 1.9504337734614918 2.4556122882207387 3.060441382419743 3.7379451100711107 4.460170433831059 5.2157855134136515 5.963198489645585 6.381854089671793 6.225273945169231 5.874293750377095 5.444472878865252 4.963486477481817 4.447008795101794 3.940602469743197 3.495055109769364 3.1081378895937464 2.7767510351265 2.4976231138997966 2.267325425210073 2.082409425503463 1.938636015552078 1.8241577572224195 1.7356323595445908 1.6728385579044487
4.486592371790945 4.270728128198167 3.9414089098309972 3.546530302932872 3.1178692020483014 2.6834571808925447 2.2783839707798452 1.9222007939218961 1.6207589479866513 1.3758534338417354 1.1963031996183775 1.0691327500159242 0.9868799950993987 0.9488392305524549 0.957525472539401 1.0179379164433167 1.133393731553956 1.3131585932729088 1.5698595258151204 1.922898843017778 2.374234462659174 2.911766067738373 3.5194065124196996 4.171888193446096 4.831457811570978 5.41669830245326 5.759353743488135 5.753072166767616 5.509814765716285 5.137627095196285 4.691018433061867 4.201907153908964 3.738105278601739 3.328196863789529 2.971378847918843 2.665610789464147 2.408154466268241 2.1959609458018043 2.0259783744396227 1.8933733718784744 1.787097129985888 1.705905845360868 1.6501211886256548
4.886570328364328 4.693156382500209 4.365241800834028 3.926513540099884 3.43433784890267 2.9368422322935883 2.4742709518382946 2.0741202783158696 1.7417587298180184 1.4759762846057958 1.283264046484366 1.1526184337699579 1.070075607041062 1.0332286310779668 1.0423766207484735 1.0966068554894404 1.2005395780791606 1.3619906864141493 1.5908957246542892 1.900196513237435 2.2987956454862646 2.7709710026806884 3.3020079875238286 3.8665168616914007 4.423009370965482 4.88945456129578 5.16102947654704 5.197124487004128 5.0325405857349885 4.728567431716217 4.335350676527056 3.898849990051032 3.491809676702815 3.1280030969938375 2.8092702006276755 2.535113519527858 2.3038045977372112 2.1131772276653256 1.9609294091432652 1.8410932340413573 1.7455665072862496 1.6740621605878494 1.6266179010714037
5.315219588126721 5.164237142450938 4.857826112803611 4.406283186158808 3.853539037957806 3.272752291317326 2.7347260708902597 2.2768517909317443 1.9040442569717522 1.6107665550244767 1.3979934453291014 1.257956037611222 1.1708443746613735 1.1310568073460925 1.1333844879715727 1.178462372477645 1.2699061322990197 1.4134699034547857 1.616776353335187 1.8887241692414056 2.237636922113623 2.6487480859316173 3.107508758110596 3.589808924928294 4.04039607921844 4.398059132483246 4.609262733593964 4.6481007500252565 4.525802578175855 4.275947788102667 3.935868478779983 3.567641547453394 3.2226776725736603 2.9096866318535417 2.6327275294271906 2.393058001714339 2.1903241416830364 2.02337503173959 1.8911670580110416 1.7858219986095536 1.7027155482828054 1.6419869142788435 1.6040549423554362
5.733219302203647 5.658121400754334 5.406862503374363 4.955073656016812 4.345860304666642 3.6836119892097536 3.0583683791917076 2.5286260131232443 2.1066528583474216 1.7805167108039304 1.542246995162995 1.3874814994229172 1.2906135266324505 1.239720574455485 1.2315623597720515 1.2656695115336971 1.3439092492786169 1.470210838698107 1.6502279569594887 1.8908030824927646 2.1974519161013144 2.5557215786821286 2.9432171575961488 3.3298039358657263 3.6789692108833734 3.9499981620880926 4.107668763854341 4.1335157749660105 4.030753489469642 3.818756183238626 3.530783935427063 3.2332482685783046 2.948741429353707 2.6866189851879296 2.4521495302280134 2.248043638950207 2.0753162880458165 1.9339325763115849 1.822166754818561 1.7317671643716812 1.6617270853052462 1.6125537452370418 1.5850379529750436
6.078777897266847 6.121628617987343 5.989354520829986 5.563126660091674 4.864683536950428 4.101888496547177 3.403715176058257 2.8150915124524603 2.3466968015748066 1.9853671310402408 1.7188722575197446 1.5411501725190613 1.425814894745631 1.36025132134393 1.3394193566844201 1.3611875836272853 1.425864379458766 1.5358187787405915 1.6951033615505249 1.9077267088825296 2.1741865773641726 2.4725661215779438 2.7830244923776712 3.0845325583155034 3.349236228966824 3.5481334431382656 3.6572126512102248 3.663398212782483 3.5671271465892787 3.3805839745922945 3.1507200608837986 2.9147303157780686 2.685253819464778 2.4711003625119563 2.277915874064918 2.1090105891148836 1.966128554627963 1.850094544714319 1.7568867788529599 1.6815631228426262 1.624895389727344 1.5877578298025465 1.5710761044639612
6.285784778986088 6.440837899711756 6.527965289741293 6.203521795945209 5.318319333451404 4.450019992642058 3.7009350328882555 3.0796482626406823 2.58615394924048 2.203325535919055 1.9129480335092628 1.7102287352254413 1.5755525936899006 1.493757329733572 1.4585159257603018 1.4661987071239975 1.5153137392612601 1.6059617040844274 1.7392359527865993 1.916501320860463 2.138142268084667 2.383002497215169 2.627837376312247 2.857246797413711 3.0520117713046546 3.1912307060770577 3.2580866407956584 3.24330904520195 3.1467701924748006 2.9895750441768847 2.8120521739846374 2.627296868403859 2.445374476026926 2.273893012778725 2.1182005829332886 1.9818392797962985 1.8670676599302918 1.7743321550719404 1.6978229606368602 1.637407571835944 1.5942037974119125 1.5694397575018497 1.5617527864768095
6.287641359435145 6.450686608177077 6.61800925466903 6.384424055023281 5.48376999938236 4.631416125706163 3.895895376932665 3.279705064166659 2.777618168368001 2.384410796699874 2.0839185189649627 1.864378930486257 1.7134715708249644 1.61653100675783 1.5662519057341495 1.5579100146164724 1.5887816146855984 1.6575999615963357 1.764004071845671 1.9079419536868611 2.088675475119738 2.285350729385274 2.4768136923627515 2.648182447539633 2.7848853336076034 2.8745350970925245 2.9053413718299437 2.8708844818539356 2.777482322691658 2.6567073446535407 2.5202691307146687 2.3770670866245225 2.2349110610215708 2.100109256212819 1.9774507401026997 1.8704276523454917 1.7815388061112694 1.7077799315613675 1.6472447731238886 1.6013866609480385 1.5716176093337475 1.5594999519802069 1.5574031870253278
6.056965153197072 6.1378542159539995 6.13091861176833 5.862243148469512 5.271016995467386 4.583867733854132 3.936971855299677 3.371662135165648 2.896572199181617 2.5127014642456262 2.2154716852023952 1.99202224696751 1.8276654149484535 1.7170640910260253 1.6524458746083195 1.6283977142573074 1.6413408839430266 1.6890376483392988 1.7701119651049682 1.8835678644297285 2.027714721522512 2.1812873339582683 2.3263873163570703 2.451247529330452 2.5438210190196933 2.5934336146133 2.5939134198645992 2.54638153466243 2.4724750195879426 2.380146307243153 2.2757803072248532 2.16589167878293 2.0564804895275226 1.9526767810068693 1.8586477001385469 1.777694874735159 1.7099708524697448 1.6525985343063943 1.607229207008935 1.5755134714113666 1.559129474951235 1.5571608624863853 1.5571608624863853
5.638936231391026 5.63885673834535 5.539048563767203 5.279159401312724 4.863362729871344 4.353757846741435 3.832747158015538 3.3515848805628545 2.931964530615138 2.5801471980417197 2.299442165776644 2.084710651545808 1.9143732228825525 1.7924899503918081 1.715135962003822 1.6766068593894747 1.6728283897119278 1.700946978185176 1.7589347211993254 1.84520984820675 1.9569449886518062 2.072255331199118 2.177229275236948 2.262617341384342 2.3193216898826376 2.339554921702083 2.322980555874908 2.2838619926363117 2.2266442324019122 2.1560860067348657 2.0767677513905163 1.99349732533043 1.9108932637057061 1.8331129523614633 1.7637515302890447 1.7044772722546928 1.6529232888602734 1.6107236221748948 1.579744970256013 1.5616645604877573 1.5571608624863853 1.5571608624863853 1.5571608624863853
5.1277554564164705 5.081951438632416 4.952604989551685 4.71940328486332 4.392542980201918 4.013009825690732 3.6177756048958747 3.2331378925608916 2.884047206720322 2.582519672524957 2.332707125599768 2.1344145720063348 1.97107245978245 1.8418737018609073 1.7539499136645043 1.7027861982881407 1.6841169291685425 1.694766222728118 1.7323391612107837 1.7949300143476912 1.8778713349133973 1.959459268347373 2.029890580443487 2.0819437241937595 2.1088223098873327 2.113463792510367 2.101199598493111 2.0730544791379297 2.031275989513898 1.9790548352374513 1.920152942074212 1.8585270256565596 1.7980221585899525 1.742177755284515 1.6930153877242493 1.648938716310885 1.6115809507461407 1.582731938435894 1.564049697928811 1.5571673795884298 1.5571608624863853 1.5571608624863853 1.5571608624863853
4.592092262236089 4.528561599692142 4.39953382610588 4.199695950554294 3.938716018900744 3.64027119360157 3.332215785841816 3.037193404245876 2.763374018358219 2.5195589333255355 2.313083284762483 2.139950933276044 1.9898329104852792 1.8656391169031863 1.7699530793684395 1.7083226434026617 1.676941494225781 1.6725338321482888 1.6925483950345928 1.734939622992847 1.7918728712000496 1.843972161583602 1.8848742311886484 1.9119576986015137 1.928012843872554 1.932081388981699 1.9239559004693632 1.9043908928305757 1.8750284405787534 1.8382235532126905 1.7968096836544416 1.7538558091754621 1.7124617222873746 1.674120619987612 1.6382520164104175 1.606801528216083 1.5816525273285853 1.5645762771150151 1.5572991968221972 1.5571608624863853 1.5571608624863853 1.5571608624863853 1.5571608624863853
4.074024368831499 4.008894576394228 3.8931905552481787 3.727327473459643 3.519550036477406 3.2850922865863845 3.041903993500011 2.806104615659961 2.589598853850734 2.399911907079799 2.240031484225523 2.0980224409795105 1.9692496447831311 1.8570247613603714 1.7649134622404958 1.6954822047556821 1.6536739181896714 1.6367007685946506 1.6420002656597723 1.66749939438251 1.7003605135771933 1.7303068211507524 1.756007182186217 1.7755871881625571 1.7876311326549383 1.7913168103599264 1.7865059027650736 1.7737693171189661 1.7543405497664928 1.7300068194189924 1.7029619056480378 1.6755623257600927 1.6479134270591191 1.6209787597659144 1.596636576714082 1.576716737142481 1.5629972599736686 1.5572336766936863 1.5571608624863853 1.5571608624863853 1.5571608624863853 1.5571608624863853 1.5571608624863853
3.597080895002322 3.538177370515387 3.440424107219633 3.306246070705586 3.1424103371698515 2.9594215903177723 2.7694513717243874 2.583995876973051 2.4123501080832104 2.2611792076870114 2.132744648304834 2.0150750997529414 1.9080040676872003 1.8134337922530133 1.7325802531744015 1.6666578310613331 1.6182109720442928 1.5923211578382663 1.5883518586423662 1.6038808432049703 1.6240913052374049 1.6437868833274927 1.6612149647669987 1.6749088954777787 1.6837844749322741 1.6872251777551832 1.6851389322588013 1.6779742219038354 1.6666917483064358 1.6526935082133394 1.6364357698972292 1.6184257320513804 1.6001612559433813 1.583243238522407 1.5693235674383637 1.5600787172435937 1.5571608624863853 1.5571608624863853 1.5571608624863853 1.5571608624863853 1.5571608624863853 1.5571608624863853 1.5571608624863853
3.172725745646897 3.123054734080654 3.0437238976667014 2.9376171124037644 2.810174568566456 2.6689659806201265 2.5225975216782945 2.3794504660155433 2.246753420878312 2.1302023617606687 2.026638867039195 1.9284973895210067 1.8385589815901155 1.758903049885059 1.6910169703624676 1.6360062089839575 1.5947825404380507 1.5682311962187299 1.560100093210657 1.567184951109514 1.5771565598398298 1.5881247364661277 1.5986227481071222 1.6074566663556906 1.6137639218536515 1.617065728245463 1.6173023979287628 1.6145684918096745 1.6087297654127797 1.6003509655690356 1.5902965933552953 1.5796593557033494 1.5697068707255297 1.5618348723728086 1.5575344779649622 1.5571608624863853 1.5571608624863853 1.5571608624863853 1.5571608624863853 1.5571608624863853 1.5571608624863853 1.5571608624863853 1.5571608624863853
2.8048081272760443 2.7648549000162443 2.7024932478668324 2.6204422214668677 2.523020687622534 2.4158446970954977 2.305210580155122 2.1973883008579125 2.0980663997213633 2.0106769066107093 1.9266110336344067 1.8462747984537655 1.77239118186237 1.707067356879512 1.651938671856152 1.608325493108307 1.5773881462931054 1.5602757344756117 1.5571608624863853 1.5571608624863853 1.5585481951887106 1.5620698890178417 1.5665554585053258 1.5709963211015006 1.5745792025867436 1.5767191646587482 1.5770874954798022 1.5756288973478003 1.5725644848877143 1.5683799807044583 1.5638015137604426 1.5597638846538646 1.5573775656149913 1.5571608624863853 1.5571608624863853 1.5571608624863853 1.5571608624863853 1.5571608624863853 1.5571608624863853 1.5571608624863853 1.5571608624863853 1.5571608624863853 1.5571608624863853
2.4926150227991073 2.4616911086620084 2.414119262987813 2.352244609219565 2.2794766786668195 2.2000755482649073 2.1187869496084035 2.0404350545307075 1.969594075920323 1.9026220356369112 1.835467305026832 1.7710917546583616 1.7119775456655515 1.6601689907686175 1.6173622082050272 1.5850194437872334 1.5644944005665602 1.5571628802364352 1.5571608624863853 1.5571608624863853 1.5571608624863853 1.5571608624863853 1.5571608624863853 1.557352296648672 1.557918768529657 1.558387876647079 1.5584768431160956 1.5581382797891434 1.5575619873828601 1.5571678862153124 1.5571608624863853 1.5571608624863853 1.5571608624863853 1.5571608624863853 1.5571608624863853 1.5571608624863853 1.5571608624863853 1.5571608624863853 1.5571608624863853 1.5571608624863853 1.5571608624863853 1.5571608624863853 1.5571608624863853
2.232963314455302 2.2099444437208033 2.1748844158905487 2.129728632755654 2.077174518572909 2.0205231505662438 1.9634585037213153 1.9098109206723748 1.859968823368608 1.8076924922117252 1.7551946881020641 1.705001187443966 1.659338220261996 1.6201432416726396 1.5891201016144627 1.567822950206436 1.5577584141117362 1.5571608624863853 1.5571608624863853 1.5571608624863853 1.5571608624863853 1.5571608624863853 1.5571608624863853 1.5571608624863853 1.5571608624863853 1.5571608624863853 1.5571608624863853 1.5571608624863853 1.5571608624863853 1.5571608624863853 1.5571608624863853 1.5571608624863853 1.5571608624863853 1.5571608624863853 1.5571608624863853 1.5571608624863853 1.5571608624863853 1.5571608624863853 1.5571608624863853 1.5571608624863853 1.5571608624863853 1.5571608624863853 1.5571608624863853
