_RESULTS/CROSS_VALIDATION_POSTPROCESSED_80-20/MHZ/TZ/3comp/1/MHZ_TZ_z_125_kriged_reverse_3comp_spherical_1.asc
ncols 100
nrows 81
xllcorner 5.5967107548124995
yllcorner 50.982328804812504
cellsize 0.00017565037499993607
nodata_value 1.7014100000000001E+038
[rows 40 to 59 of 81, columns 0 to 42 of 100]
19.440760630506116 19.654531185992177 19.906928633081566 20.16958627440158 20.429043324853644 20.68037751507747 20.916050531986986 21.123581538176882 21.286577585697394 21.38707713509502 21.416117827466564 21.381985368108854 21.30203405193504 21.19707435468409 21.096096110825233 21.006970950614882 20.930781500483185 20.866344716622635 20.79763886917096 20.670995324982012 20.482343905053142 20.22893782147269 19.914766299485855 19.546397252982977 19.129839880206916 18.670867962012025 18.175090027040643 17.627267632278677 17.02234744395946 16.369890136440297 15.706293563940331 15.082779059166501 14.530831190205173 14.108149055066137 13.882687322462258 13.876870001606994 14.06629210017922 14.381750141982206 14.761775997449991 15.165429130732665 15.56616362010638 15.950863472473149 16.359564276749047
19.501854487092235 19.710612136791823 19.955311173998115 20.21871665393814 20.489791898127685 20.762276752121945 21.025589467483957 21.266792758409157 21.464607783631827 21.584921648180675 21.605631301757953 21.54751019941554 21.442481798677377 21.31080188990771 21.174476611920756 21.050151891084255 20.938735561134976 20.843247551332624 20.744125870343957 20.58090454136055 20.350693573413597 20.061246382392195 19.720914814456094 19.3382373787961 18.921618873856815 18.47927228453952 18.01932009071092 17.5312062585031 17.00599389993863 16.45573018736938 15.922538102041841 15.433144733353627 15.016593080246112 14.727943310655828 14.603716175111542 14.636166999003 14.810927293049355 15.094105051612704 15.445322360835926 15.82917526558904 16.217610273971644 16.61232315766734 17.032136006825827
19.543062417542494 19.750508566469577 19.990705274421973 20.25214821311883 20.531207183543003 20.818480470470497 21.10423198784039 21.378895024283477 21.624955120267735 21.781676764730573 21.773797755724882 21.6776443978038 21.547053630292933 21.39784118757704 21.236316955665245 21.079725383348595 20.927402003119898 20.766504285713385 20.599902500058157 20.387049789976068 20.114696247152953 19.792458688652207 19.430847499401686 19.04068748788363 18.63235683891206 18.215746675769484 17.80022854593628 17.37933332253326 16.941285778390032 16.506309566400976 16.11411901239083 15.779007887325658 15.518426095225909 15.353116557979396 15.307232586680678 15.383642568775308 15.56857894781179 15.84282946672909 16.180075110280402 16.55231125427422 16.933665239053823 17.34054555858877 17.764121831615213
19.56344226767022 19.768262617692823 20.003955146304815 20.263127464463757 20.544307870318836 20.83749188295054 21.133602779314018 21.42610854428221 21.71038115631378 21.966583271274573 21.863405148672985 21.738606527307184 21.595578580290482 21.437732864306877 21.267024361074828 21.058460907967937 20.827196436163664 20.588670360631966 20.34918150456463 20.088859835552444 19.776711845305922 19.424570675730752 19.045617950894233 18.653130647818358 18.25969727221609 17.876727784905093 17.51434685485835 17.166909595628454 16.82093699322767 16.508111521722636 16.253239919200414 16.063848825488357 15.950228343967993 15.924040209386824 15.991797061867505 16.119296211272346 16.32020145298223 16.597257240235066 16.931960887832815 17.30198462829364 17.68280620411606 18.09530993856091 18.52612438572166
19.563050830230626 19.762278226419646 19.991569820458423 20.247476635199465 20.524523803477436 20.813564491182447 21.103848109499474 21.384769250679696 21.637966602350772 21.801495255772807 21.798352688062295 21.704653072802476 21.57430777845458 21.417312830710888 21.202865756125163 20.934976984602155 20.631060804446204 20.314711318819423 19.999508122479217 19.686177328311345 19.336343132647823 18.95695142811757 18.56447032712355 18.174922362861658 17.80284014051193 17.46067442575242 17.158672617488964 16.88944926862431 16.64146793493696 16.451290154300782 16.32962162529487 16.278282757904712 16.301052467763217 16.403304730732128 16.5873574792684 16.818444122027902 17.06738893075275 17.35569256205889 17.696331091687163 18.066351752755978 18.442621418830495 18.863737680064897 19.305144845730975
19.54176242737774 19.732548983645408 19.95393093654191 20.20417766812574 20.4729025406832 20.74954191314024 21.021870779381615 21.274672701745985 21.484819236899764 21.616345514396926 21.64548772861471 21.592431691636346 21.482835868544363 21.291720595265996 21.026484894252633 20.70323761828997 20.341281810089555 19.954506873836607 19.56222512038104 19.183056131366598 18.797167456997148 18.392553734514653 17.989577716747856 17.607202193751068 17.261732971912465 16.966252257062056 16.730593395869295 16.543115845360536 16.39786272740655 16.32934865751638 16.338088056198146 16.41927011718413 16.569909455215125 16.791243179754588 17.081654789394722 17.41698072803325 17.760609512506242 18.095086958916408 18.438908534287275 18.799672184720787 19.17604440922944 19.606444466963353 20.05993466595049
19.496697923478205 19.67616874877978 19.88903493197734 20.132073450841563 20.3907537434901 20.650614256051664 20.9000953011481 21.12397321708688 21.303569494635553 21.418995493162285 21.459757942247986 21.429901090996047 21.296806764324305 21.063616371800244 20.74863086080233 20.371087974144753 19.95213292401991 19.50665624998489 19.049426336397087 18.595780028064766 18.16534450317611 17.736044860817014 17.324193246702414 16.951873697648377 16.636967856105066 16.39281548124614 16.227892355720304 16.124891932867154 16.08502992308609 16.13781775615205 16.27661943363694 16.488179416437003 16.759228033127993 17.088349342349545 17.47650749783426 17.910864545485968 18.346433655886692 18.75331516294512 19.113396535513036 19.466442416262343 19.842045778525268 20.27838744896475 20.7438863868885
19.430380318370585 19.595024010640355 19.799674140215142 20.035793801747147 20.283528464972374 20.526634749945462 20.752797904860312 20.951097353382504 21.108013530347193 21.21168663104761 21.256442082842362 21.20374163708457 21.0289062008939 20.74932362171196 20.382648706696706 19.950041368661736 19.474032280298665 18.97099975368141 18.45519333346386 17.939625701541328 17.448505045725764 16.99371569414868 16.57290823117004 16.2120391346756 15.930288253868211 15.74093347970117 15.64922624119072 15.632853059557675 15.699025583410952 15.8722055267928 16.1425312484547 16.489470957020348 16.870900917957762 17.2943903964454 17.772416619453885 18.289176503377284 18.79891506408116 19.26992515904607 19.68432120671785 20.0375205518803 20.404757819232064 20.836444279824235 21.304541995915777
19.34779158798556 19.4926610573448 19.693053363390923 19.924499945325874 20.160432727299398 20.386161696771897 20.59097772010035 20.766161627122507 20.90406552180913 20.997157799561304 21.023254160409056 20.92108417170848 20.697155331069602 20.365966891288174 19.944256851987998 19.454099786861274 18.919923356288155 18.36139114910775 17.791234818252637 17.209366802989727 16.649020429469264 16.156867344381332 15.73538806920221 15.390676444650117 15.144957251753373 15.012977131287537 14.995118461428925 15.06712191690547 15.238056829401803 15.527415813378504 15.922734108124281 16.407946016174517 16.881814214044386 17.38979607015611 17.94617003083914 18.5329628473 19.115261165012562 19.646732471135447 20.11061618364145 20.493209141669276 20.8392028460033 21.24712249460325 21.683820272674257
19.262763258198973 19.37402821399035 19.585126090046668 19.810759027692367 20.030745570667573 20.236520640204137 20.42053230090234 20.575606073948045 20.696055013418558 20.77709180532882 20.75294199117279 20.59678803048803 20.318873771279364 19.93188266981919 19.45164464926818 18.899918118829007 18.303495977869776 17.686718627533875 17.07434048102642 16.413272156886567 15.774709392528152 15.224068624980438 14.788742007005313 14.464976258638595 14.262027733511243 14.194901235409288 14.25334219551301 14.41702905537657 14.690321315426047 15.086671464911216 15.584419596558439 16.153798979963067 16.753262811364294 17.377161219462113 18.027225012425887 18.688123127541186 19.33642021422796 19.9236960618873 20.42731398915277 20.83649854005116 21.16488636321086 21.526828437651062 21.89283369431119
19.22111272032733 19.321455096546067 19.505823754952658 19.705991174575345 19.9011955283341 20.083220978703363 20.245407552810217 20.381860589905994 20.487699571465257 20.53847997429578 20.45789382454217 20.246186429210564 19.91216096387262 19.467193888554384 18.925873065398864 18.308725818471817 17.643081230799044 16.952153129117406 16.251846602506845 15.531275149432918 14.837015474432267 14.232017022022763 13.754742163248782 13.434677450979729 13.272035632551345 13.267958908520436 13.403737008789502 13.663419085140251 14.040488593349764 14.548514324645748 15.161087704353024 15.843090265111817 16.562559715024673 17.30072935669014 18.04483417575348 18.778112710005793 19.47935938847921 20.116106898978224 20.66044323003153 21.102384607822678 21.43556021136292 21.737490361486845 22.0086675931026
19.209682964607648 19.309602342792616 19.44806637496536 19.60944597727258 19.773647937768647 19.929345341676736 20.069094719680418 20.187280985556093 20.279713800166615 20.285602842076873 20.151691794242552 19.885631739435723 19.496252553518467 18.993755424488047 18.391438787267074 17.707839271729377 16.969425856467065 16.197315123664318 15.408742370370282 14.620842777579652 13.870950729077025 13.20977488178004 12.684086530051788 12.333802187020742 12.188777411451444 12.241386770483649 12.458828506966091 12.824581325845122 13.327043085544274 13.96390584752738 14.700993414697441 15.502617521554768 16.337737181569462 17.181841486390738 18.014383031947798 18.81509814318155 19.566303019857077 20.25484599816234 20.846227273245695 21.31445197382916 21.651752264819226 21.896612880457177 22.078701206841515
19.187913252647306 19.27597393085094 19.385481082712985 19.51330769572378 19.64713879012261 19.776682761616797 19.894493332091496 19.99513051332218 20.068802659206458 20.02673504470574 19.84538059413592 19.531046165329354 19.090952837340332 18.534584597049637 17.875007868398463 17.12863186555806 16.320663662588235 15.47269877668445 14.60543019133851 13.744080177002743 12.925452609587031 12.196560113717704 11.609243717698678 11.215464433420214 11.056412308064484 11.135998126685104 11.44511221921247 11.945354115211392 12.589017037873242 13.361349843524103 14.227623402075665 15.1502682899399 16.096739114986182 17.038961317603146 17.95200654986011 18.82227392497831 19.63777099694543 20.368485105262646 20.992314080506286 21.48071613755021 21.82118734247527 22.02202961626276 22.127924163425604
19.154359132331088 19.22786421085741 19.31455609436866 19.414912040533796 19.52187284347716 19.627314051385923 19.72465386706914 19.808897957453173 19.856887953936543 19.773055710918683 19.55033508158051 19.19439840990645 18.711502156914143 18.110197358728794 17.402135831027607 16.602140032426764 15.733213691891743 14.818734410121138 13.880487720891885 12.94569031732168 12.05010343045495 11.239119851501309 10.569181062842665 10.107790639425042 9.91092085932427 10.01857278081314 10.424191041390216 11.06240252840856 11.859484717347831 12.772175909803215 13.767940397957387 14.808006292377549 15.858654666605398 16.889616615746274 17.885135608416867 18.834995498655257 19.706666229046345 20.47134208047584 21.1095385329361 21.60813652792956 21.95036251117522 22.123930361688487 22.172337281606204
19.114783527242672 19.17295109441426 19.240073160114086 19.316939524056238 19.400480727523874 19.48438778210841 19.563160548272336 19.632425183100192 19.653546333604254 19.53571528601386 19.279560391242313 18.89001561924866 18.372934380550713 17.736328320864885 16.991040689187223 16.15077242192962 15.234346247713132 14.26667588599136 13.268953289049252 12.26738584367086 11.294102313662929 10.390002006315635 9.611600995820394 9.03609474855123 8.777329822397707 8.93712604861974 9.473195943905845 10.264209565850328 11.20656410291918 12.243899256186339 13.35493954709234 14.500716060623581 15.643602254695704 16.760496222378286 17.844195204126144 18.862182029908457 19.7793080613488 20.56910777362713 21.214822335548963 21.710408845187963 22.055748043537342 22.233186522842175 22.25237496624847
19.075746322880164 19.118432480696722 19.16831109257646 19.224402685872676 19.287255095313725 19.352002667967636 19.41417340857615 19.470166388732093 19.468193031875344 19.32501663853782 19.044290470342474 18.63078702403353 18.090154402628645 17.430019335714743 16.660582069398046 15.794635805431371 14.847641805711575 13.843209616472492 12.803055658785151 11.750740086145754 10.712638403383295 9.720153552138328 8.81154615970966 8.063384585059623 7.687329121516654 7.927355902401572 8.66287375679799 9.63766529397521 10.727469751488496 11.876160942310761 13.073281900336173 14.29200666172874 15.50296215003652 16.701613987860682 17.85586380313165 18.928148499131595 19.882180118889302 20.694217549308984 21.350888661091396 21.848324157527234 22.18962326057186 22.36955418026781 22.373735272027652
19.043604774912957 19.070962998651456 19.10497476684614 19.143225295267914 19.18769506567527 19.235614821734867 19.28319709917525 19.327179726887692 19.308401948266674 19.14900996788052 18.853622321995942 18.42703874062067 17.874868263275527 17.204525308165593 16.425770299256502 15.550730501524313 14.593477115568213 13.572729267122158 12.513340119080354 11.436487331819144 10.363731238715996 9.311020543500756 8.29376089967506 7.362198998674309 6.674921635058439 7.117123483945363 8.141759817598096 9.283815589305147 10.487729742883582 11.724257867475428 12.980516188865042 14.249088458344767 15.523465407707576 16.78355787255704 17.98878665035163 19.097177007877146 20.07294042689184 20.893501663816437 21.547918563062886 22.03602122342042 22.36500738625546 22.53726233624761 22.535148676480752
19.025672257229882 19.038052605780234 19.05724313904426 19.080536778009897 19.108133060293174 19.140534425386164 19.174516753048195 19.207253589701835 19.179689887387305 19.013746404360884 18.71420643909809 18.286072513845323 17.735078219519984 17.068606836733988 16.296209548247944 15.429662078722961 14.48261426631735 13.47082736472433 12.419348524718622 11.351084303291538 10.27944676540486 9.221843216495984 8.208644380397093 7.292409273095031 6.623073103183598 7.079398807107376 8.126250377061782 9.29812406220689 10.537419173084945 11.813481127695171 13.09867706552524 14.39702292477176 15.715321455581666 17.01444268719947 18.249325615716675 19.373512720225477 20.352348098098755 21.1642255786105 21.801317738069784 22.26784063424067 22.575460510256335 22.73434410574307 22.732935536929652
19.024523771681174 19.024704808909338 19.029769772383563 19.03971976757902 19.052629232147687 19.07051797866168 19.091808977317744 19.114047942883143 19.085815529898916 18.923118286831834 18.63005509624003 18.211986500295023 17.674920359646087 17.02637943845704 16.275929165152444 15.435311743657737 14.518287393536925 13.54155463530416 12.523097828258646 11.485420266478682 10.453288345231158 9.456574846151518 8.56080360269991 7.854916950299475 7.526088029029032 7.820039188303318 8.62530317257848 9.68810098410167 10.881840943070186 12.143968285138232 13.430771140666526 14.740550795903514 16.0755693337737 17.389849366794145 18.63081028810896 19.75011926649358 20.712412419633935 21.49739101213049 22.10116844812406 22.533212200339577 22.810101571527735 22.94805486648082 22.94971952009652
19.02401791437528 19.02407580750346 19.02394519018265 19.023583551029937 19.024781089461957 19.029256025156176 19.038683863983465 19.051130018783915 19.02871478246352 18.878828389972195 18.60255598237771 18.205745683672742 17.69480419550024 17.077532273933073 16.363684250430648 15.565200336317053 14.693732040269403 13.763765333901464 12.795002529211219 11.813353900227867 10.853396594868817 9.959432908357503 9.213769915212405 8.697228663093695 8.522747183748464 8.779596584568148 9.433762242364661 10.36808128257912 11.477742051754431 12.689244805584417 13.953694456062271 15.263597307652855 16.589228151162768 17.893854471448346 19.11842992685364 20.21257523778185 21.138836118554458 21.878494755476183 22.432682464429384 22.8173246119672 23.054482899165006 23.163805102274388 23.169356268356335
