_RESULTS/CROSS_VALIDATION_POSTPROCESSED_80-20/MHZ/IZ/5comp/4/MHZ_IZ_z_90_kriged_reverse_5comp_spherical_4.asc
ncols 100
nrows 81
xllcorner 5.5967107548124995
yllcorner 50.982328804812504
cellsize 0.00017565037499993607
nodata_value 1.7014100000000001E+038
[rows 57 to 75 of 81, columns 0 to 42 of 100]
1.8734154702511174 2.1009770774299197 2.3356682396701367 2.55124425844055 2.7100228097744887 2.77134806293811 2.715624737712039 2.567695188991917 2.3583069517022985 2.1103231819238726 1.8539808945800123 1.6074350526057495 1.3805358063895798 1.1778033165141155 1.0003770704557344 0.8473202904150104 0.7165685499093405 0.60625029450283 0.5151505179630143 0.44007620880871634 0.3816535368715496 0.34022692949275507 0.3118346996212595 0.28934721067133473 0.27624064399714165 0.30660438878069335 0.36694532125299406 0.44430686609439873 0.540759634931573 0.6599396568743595 0.8071314386866889 0.9933181346726426 1.2351199116971863 1.5462059009980775 1.9307321051086075 2.3587826844205027 2.751599144711156 3.0186113206828455 3.147062156783398 3.1524357756380774 3.0669347568481498 2.911046558155813 2.703005819295731
1.752640264528074 1.9350482987587667 2.113043737136434 2.2657431989939094 2.3668880058858512 2.3995709636148255 2.356741145799555 2.2496630772344086 2.091446337299746 1.892313743513767 1.6772650164166278 1.4640975380349948 1.2639506351353065 1.082928357405069 0.923521457127196 0.7857239601620029 0.6681199317348728 0.5696694510499294 0.48785264508887416 0.42050167104079916 0.3679762964449359 0.33220767099108617 0.3086854826035856 0.29312048197979895 0.29124277770133344 0.31310650892862724 0.35834898542298105 0.4216749971311973 0.5019786561705476 0.6006283867262435 0.719775615919509 0.8717730912274094 1.0672690866284453 1.312691612997934 1.6044902024708974 1.9218731855243019 2.227009835416864 2.479107352336196 2.660609167284547 2.757458860458406 2.7669142755322187 2.698964433117235 2.5690090333364783
1.6202149646048523 1.7627499214640088 1.895567539821596 2.003625867036013 2.070126841368994 2.0839960523778407 2.046497198203546 1.9638315011857552 1.842545207938452 1.6837315885727826 1.5060304564358218 1.3250310745872689 1.1517202753883158 0.9930101919622512 0.8524539476949281 0.7308418315839301 0.627778741537844 0.5416677942327638 0.46969999947353724 0.410399941244565 0.3638922723184771 0.3331567250292439 0.31365667788660073 0.30275645692206543 0.3040790688847433 0.3214853483891917 0.35583680691464764 0.40575396399480007 0.47032197577386214 0.5496147721177129 0.6448765965888626 0.7637500786208017 0.9168987746073113 1.1047401872291438 1.3223789865146311 1.5594476842347285 1.7984520887295048 2.020188448386212 2.211348148625856 2.3602920023745497 2.4425480268189177 2.453811261881483 2.4037864176009935
1.4872747722635289 1.5970009037385478 1.6952432278489697 1.771503239344278 1.8152934532934868 1.8190804752876475 1.7838467977607828 1.7165223238211944 1.6216501313196054 1.495097035343055 1.3492950990016988 1.1971187075322152 1.0485811434193821 0.9108441465399085 0.7884608992575494 0.6834597879926857 0.5955021145580263 0.5215687420521696 0.4595738219890109 0.4085398390410223 0.3682444436653447 0.3416362220028804 0.3243681667159841 0.3155020230191385 0.31699961132490806 0.330609086536073 0.3569678890579063 0.39570257913220436 0.4462056051658174 0.5080175055013866 0.5826466189277978 0.6744339045046963 0.7886981144795836 0.9284478171201694 1.0887603340697651 1.2652226427387254 1.4512025201325998 1.6391630841021327 1.82157159625223 1.990512993778344 2.1228720405847903 2.1985103173383704 2.22308863697566
1.3608685010320523 1.4444527103038776 1.516707714533435 1.5703739733151898 1.5987494415280916 1.5973443090157993 1.5652735990994977 1.5080623952367016 1.4318420209670109 1.3310445395220571 1.2119240081748683 1.0847305139562213 0.958021150030798 0.8386214348154962 0.7325257461681752 0.6442207648142039 0.571185516027497 0.5091710901989933 0.45685140335240176 0.4139163415741473 0.38034048910599483 0.35601488099496986 0.3393675004688834 0.33064648383270956 0.330803502071994 0.34060764273552946 0.3603178273780901 0.38966822611904267 0.42809162428818603 0.4748810964365293 0.532291760739027 0.6026666579967257 0.6847280020707884 0.7836107822454654 0.8996247775135431 1.0289829649638849 1.1713455914361735 1.3267655676721057 1.4930148249665331 1.6632274492047276 1.8243001960962488 1.948793978040697 2.0381441169691996
1.2450297437405757 1.308125795292427 1.3609333224002578 1.3984241791929948 1.41623145097811 1.4115978961434699 1.3840963890977027 1.335792680588618 1.2723715177995174 1.192433766241855 1.0956511598020364 0.9900217406131336 0.8824809123313886 0.7788364114619677 0.6857081756883134 0.6139225056882889 0.5556867616122944 0.504815630143404 0.4614814553354237 0.426179766648123 0.3992180242542937 0.3759048127505435 0.3585644378322958 0.3486287020430747 0.3464758142190607 0.35230862345624037 0.3660507105366509 0.3873126685954582 0.4154522632004307 0.4497701252388123 0.4928550849007001 0.5446914449646594 0.6040853339109314 0.670926873904907 0.7494650430253917 0.8411103355538933 0.9467422051059854 1.0726146013502704 1.2213510921427673 1.3863704565735004 1.5556477038177643 1.7143638058666784 1.854492757061673
1.1417393138703884 1.188901600777222 1.2271499328979472 1.2529788673968623 1.2634926320939475 1.256961026624695 1.2332115986747554 1.1937022454449684 1.1412376852109491 1.077616607599826 0.9998108061980044 0.9131670782245129 0.8236820998774893 0.7367945884717676 0.6571169090678406 0.5984484392964786 0.5510184388765142 0.5092121072474901 0.47379661031216697 0.44560226795673386 0.42358893539363807 0.4014044019014393 0.38244218702084487 0.37035361187541455 0.36515916947763194 0.3668095388514842 0.3749648349464563 0.389078304405896 0.4084203831725176 0.43223869578808644 0.46248319855749215 0.4991322149825678 0.5411273685526974 0.5877151054661308 0.63781976795981 0.6955694474673977 0.7675501637069075 0.8672081896552966 1.0015525093009983 1.1593946459015378 1.3266090771824213 1.4987046453543567 1.6729001427173078
1.0516824856611982 1.0864780987019602 1.113790285507524 1.1311534496439763 1.1366176446705465 1.1290817564893947 1.108514610447011 1.0759874124104996 1.0335028390238903 0.9835193637628475 0.9225069788339149 0.8533761152120777 0.7817478020389752 0.7122159368186943 0.6498183181651968 0.5990225606507205 0.5575663939962918 0.5227317792435312 0.4942816816353921 0.4724225508099182 0.45276757281294683 0.43203752632414455 0.41164681253747565 0.396660204982076 0.38803557482036327 0.38537702484087266 0.388175959338879 0.39581550311921154 0.4070622846255734 0.4210612761416716 0.44038141926471275 0.4649557908560371 0.4939424738086967 0.5264640640388534 0.5603626743914889 0.593736778980246 0.6314838335479611 0.704526618845831 0.8321584178325825 0.9809601420034172 1.1387131285912757 1.3091598237518745 1.4932626059013976
0.9747890034624312 0.9999635914316333 1.0190115969254419 1.0301806418668153 1.0321394967902715 1.0241820252265876 1.0063558479844845 0.9794769058590028 0.9450276611102766 0.9053236813876422 0.8611001343487683 0.8092330569359655 0.7537323358427935 0.6993591766044864 0.6501108945806261 0.6083337371884492 0.5735596781605296 0.5452742688216867 0.5234301437416021 0.5046139865304268 0.48666536991536075 0.46720908863598853 0.44711555006745 0.428707203414186 0.4161012123056881 0.4090038882603733 0.40644578514817964 0.4074150170705038 0.41089029775573876 0.4162705959574358 0.4262535790501623 0.4411260140547503 0.4607955881083391 0.48447764314349434 0.5095967108510987 0.5335255982863397 0.5548599409686396 0.6083952270787879 0.7230015137773339 0.851414681618117 0.9921777793052023 1.149479690277614 1.3230788527545474
0.9106008198906562 0.9282408263211359 0.9409859675906468 0.9475752504495026 0.9470874265297586 0.9390681500515854 0.9237161969580616 0.9018850849224442 0.8748276625661038 0.8441530038005632 0.8116878879154019 0.7756174198964304 0.7355925725117057 0.6952784234618977 0.6578817206269344 0.6254045075050424 0.598223196638961 0.5769839421123537 0.5587234654291376 0.5414510655045566 0.5251302354495152 0.5069788717049848 0.4875638709684077 0.4678416879311152 0.45028347917070216 0.43768119103367575 0.4291440421774071 0.42365845468602237 0.42015951039986776 0.4179382008096329 0.41963665556874225 0.42613359240909865 0.4393685408360622 0.4586314535395634 0.4806301579676676 0.5045463086587418 0.5347276067773659 0.586870701607932 0.6691660670226769 0.7708464506037502 0.8906348524695127 1.0272115696400117 1.1791615404704612
0.8588828948573964 0.870533002762318 0.8784682337937151 0.8817881575626624 0.8798924449254586 0.8725572309766203 0.8599754813007343 0.8427518087461512 0.8218536805081768 0.7985325059035006 0.7742351902699346 0.750255879924996 0.7240059976566101 0.6967029067694346 0.6710316695909143 0.6487642658574733 0.6304526106866163 0.6136390534096106 0.5971541842442001 0.5814685248244724 0.5667080024367764 0.5497796721752302 0.5307889654339213 0.5107114113084338 0.49028980631111174 0.4717457663590384 0.45716964303414204 0.4455192974948426 0.435717195209653 0.426869713694469 0.4212354212572401 0.4192159659335026 0.42833022444974006 0.44642898019664323 0.4675422255028352 0.49276452396173515 0.5261131866027597 0.574126548291264 0.6401239602756428 0.7248731993558539 0.8264821425004435 0.9426102695846535 1.0716831520243952
0.8212604926166931 0.8280729519468061 0.8322876925536109 0.8332331845696097 0.830480066626044 0.8238890811867485 0.8136356474399833 0.8002058689359499 0.7843653769246159 0.7671087029548586 0.7496003512409023 0.7331174138781387 0.7184670211454363 0.7033053919129789 0.6890558363517182 0.676738588052618 0.6633997967361184 0.6492975504213084 0.6350531630426651 0.6212191965560204 0.6081856559908623 0.59294211278488 0.5748454425012013 0.5548729236324647 0.5338138918228928 0.5122437580757102 0.4916121793553957 0.47400937468936183 0.4585288076564353 0.4442705727085735 0.43329881105626844 0.4275636367036505 0.43252106485318265 0.44677592206144656 0.4657901333540704 0.49010437455301326 0.5220342265354883 0.5644201875984358 0.6213952401001329 0.6947415367730586 0.7831196665964266 0.8845080854168561 0.9960183848131435
0.7975991481963237 0.8004012670723096 0.801597888837834 0.800669767203631 0.7972982778028431 0.7913953450159966 0.7831183435369476 0.772866989316776 0.7612631059660813 0.7491176864018351 0.7373915627305259 0.7271554326499434 0.7195523393508998 0.7152284292770317 0.7098622628543408 0.7025296991144462 0.6930605334575897 0.6821939672408599 0.6706342720137596 0.6589934604764619 0.6478132318059903 0.6349034397523134 0.6183285421489432 0.5990785090159874 0.5780005339178083 0.5557716249123794 0.5329028094249845 0.5100055496132784 0.48922933618330927 0.470501052348548 0.45534688218451774 0.447394920832394 0.4481988136528074 0.45709553271325737 0.4723285373214186 0.49356923549564596 0.5216511070078971 0.5598647691256259 0.6110298627061818 0.6756212457128447 0.7530085351576015 0.8415989903540626 0.9386890747259408
0.7878099311627177 0.7871392325739005 0.7857707153798875 0.7832828661393645 0.7794264324962085 0.7741425777418853 0.7675716659596514 0.7600508688563306 0.7521011448412996 0.7444062581577409 0.7377877434206952 0.7329229525322533 0.7292086707979608 0.7267154649436904 0.7254767431800442 0.7229560618907835 0.717776372343079 0.7105894068431851 0.7021279741250387 0.6930346818241907 0.6838696461764753 0.6737568259795556 0.6594357712262351 0.6416390762053461 0.6212713936808709 0.5991116983270272 0.575813367137523 0.5519331863246831 0.5279906883134766 0.5049754667341695 0.48541686235086845 0.47370735664537134 0.4702441632287588 0.47433463551867394 0.48503940068178286 0.5019481720456791 0.5272119489370785 0.5625583029471656 0.6088971226637016 0.6665700536866854 0.7351597582867401 0.8133964517379257 0.8990162018947028
0.7880432203267899 0.7866262494643091 0.7841487251895312 0.7807618350288432 0.7766268683700923 0.7719153541040182 0.7668094417758033 0.7615023148169009 0.7561982011472359 0.7511112176472503 0.7464618898026467 0.7424699002973472 0.7393418250549354 0.737253827809792 0.736331692354566 0.7365503482196655 0.7359058657252416 0.7327396617198256 0.7277239051033924 0.7215028261201567 0.7146414208807933 0.7073048174175307 0.6960057571775072 0.6804456039231738 0.6615717770089015 0.6402497854506551 0.6172558002299531 0.5932940770176022 0.5690359313581826 0.5451705028319028 0.5228185227236638 0.5064475983090213 0.4980790027495591 0.4971487504550679 0.5033473929003823 0.5178393177358089 0.5410430257248136 0.5735162918389352 0.6157501421546033 0.6679062424771055 0.7296242754300375 0.7998841838558415 0.8764443828738717
0.7883265465564702 0.7876886664451832 0.7860112701142621 0.783443256594696 0.7801429503405483 0.7762776910241161 0.7720234397433656 0.7675641639946061 0.7630906059288348 0.7587978518402296 0.7548809658029603 0.7515279584625283 0.7489097295823316 0.7471675103892838 0.7463996396968887 0.7466461935366605 0.7470496209230669 0.7469800041985601 0.7456563173784858 0.742564142342802 0.7382540760173958 0.7332019135676523 0.7256211299866575 0.7130605292686671 0.6964541641231007 0.6767241660178682 0.6547346050096137 0.6312924424352689 0.6071612638269832 0.5831573863591772 0.5606354964261406 0.5416822377021164 0.5299435179374988 0.5262632503317534 0.5306737045075729 0.5432524643258605 0.564232384248803 0.5938920976677082 0.6323683995822622 0.6794403745849323 0.734321102399394 0.7954765933302008 0.8604964284247223
0.7883286759094088 0.7882654566564959 0.7874147428792608 0.7856860381356143 0.7832329384386185 0.7802167248355817 0.7768053521821509 0.7731721014487305 0.7694935847349039 0.7659467068795919 0.762704162402178 0.7599281594673917 0.7577623962837425 0.756322892359892 0.7556889695736678 0.75589617231614 0.7565167868152206 0.7565589297891282 0.7559893557539664 0.7547911759117091 0.7529228436030138 0.750014969402796 0.7457806730818725 0.7368851241099099 0.7232433747179805 0.7057943674367422 0.685447454998452 0.6630664997798048 0.6394711116229934 0.6159978696354516 0.5941877325977385 0.5751114751351281 0.5625925522597288 0.5580126591397198 0.5612108188694446 0.5721313113310965 0.5907903240526982 0.6171898670659561 0.6511854035701179 0.6923302347442815 0.7397217943944846 0.7918739371792072 0.8466442109815141
0.7883286759094088 0.7883286759094088 0.788207132513371 0.7873287458583634 0.7857267180490372 0.7835549398360316 0.7809722446722439 0.7781405871497653 0.7752226396839235 0.772378561318892 0.7697617250063848 0.7675133188576173 0.7657559892831938 0.7645870500337779 0.7640721443456866 0.7642404516414396 0.7649864536602848 0.7652665118759638 0.7648271750227472 0.7636803350076268 0.7618258440376444 0.7592618767713633 0.755994664805885 0.7505814709804766 0.740247332857956 0.7257064067583812 0.7078802364963331 0.6877432746483919 0.6666828019802676 0.6461174357298562 0.626958934019502 0.6099970585803125 0.5967251440803754 0.5907962682829955 0.5923364074006474 0.6011522778380264 0.6170821002582453 0.6399220129583932 0.669326628568212 0.7046959421003394 0.745066271511512 0.789026012461279 0.8346803082010766
0.7883286759094088 0.7883286759094088 0.7883286759094088 0.7882155233327741 0.7874614583316705 0.7861239705109849 0.7843521755606533 0.7822965971167184 0.7801065944727951 0.7779271736188086 0.7758950933614537 0.7741342902272327 0.7727508220421484 0.7718277444436273 0.7714205241244694 0.7715536708305291 0.7722191672541004 0.7728378133766541 0.7726427109880993 0.771661613847312 0.7699180122093239 0.7674330210353216 0.7642331490345625 0.7603421123694561 0.7533688933699123 0.7421133589968917 0.7274396920201691 0.7106086216536098 0.6929998914867326 0.6755546977731485 0.6591300421147694 0.6444718876442544 0.632195281705849 0.6244971163860469 0.6239527100646693 0.630267880411278 0.6431322314235226 0.6621848672422003 0.6869371690853929 0.7166900178107509 0.7504580913339012 0.7869170990755424 0.8243915291870805
