_RESULTS/CROSS_VALIDATION_POSTPROCESSED_80-20/MHZ/TZ/1comp/2/MHZ_TZ_z_0_kriged_reverse_1comp_spherical_2.asc
ncols 100
nrows 81
xllcorner 5.5967107548124995
yllcorner 50.982328804812504
cellsize 0.00017565037499993607
nodata_value 1.7014100000000001E+038
[rows 0 to 18 of 81, columns 42 to 83 of 100]
0.052488780094078105 0.0530077078367837 0.0536862278048887 0.05448814470722445 0.055375953187128936 0.05631295588707905 0.05726417131234437 0.058196520057198754 0.0590786968250632 0.05988098125701573 0.060575115232842494 0.061134296599915205 0.06153329769097588 0.06174869671503536 0.0617810940357214 0.0617810940357214 0.0617810940357214 0.0617810940357214 0.0617810940357214 0.0617810940357214 0.0617810940357214 0.0617810940357214 0.0617810940357214 0.0617810940357214 0.0617810940357214 0.0617810940357214 0.0617810940357214 0.0617810940357214 0.0617810940357214 0.0617810940357214 0.0617810940357214 0.0617810940357214 0.0617810940357214 0.0617810940357214 0.0617810940357214 0.0617810940357214 0.0617810940357214 0.0617810940357214 0.0617810940357214 0.0617810940357214 0.0617810940357214 0.0617810940357214
0.050853131263826595 0.05151959017713261 0.05234673842657751 0.053277616008970075 0.054290535285801356 0.055352570872308944 0.05642660728522826 0.05747860339710134 0.05847693673586337 0.05939186643941041 0.060195201681842087 0.06086017947290938 0.06136152513348945 0.0616756605129756 0.0617810940357214 0.061776811009459594 0.06176435005248648 0.061751005968930864 0.06174215816028916 0.06174076575918426 0.06174726518346754 0.06175955488159185 0.0617730684446873 0.06178093053466832 0.0617810940357214 0.0617810940357214 0.0617810940357214 0.0617810940357214 0.0617810940357214 0.0617810940357214 0.0617810940357214 0.0617810940357214 0.0617810940357214 0.0617810940357214 0.0617810940357214 0.0617810940357214 0.061770861009591366 0.0617433659327468 0.061710606493400204 0.06168222064048646 0.06166499470265183 0.06166263104919793
0.04902039530745304 0.04986284982154862 0.05089499528563526 0.05204460852203156 0.05324293253194064 0.05443731188753388 0.055631230123866615 0.05679703515309219 0.05790364587517339 0.05892195650204084 0.059824333744238775 0.06058442254360056 0.061171271816405075 0.061538310795388525 0.0616734122936425 0.061624953123039304 0.06156800499048018 0.06152360708947849 0.0614978006567127 0.06149391447033686 0.06151243981024795 0.06155101176019389 0.06160449863671812 0.06166519114498508 0.061723074637864486 0.061766163264592666 0.0617810940357214 0.0617810940357214 0.0617810940357214 0.0617810940357214 0.0617810940357214 0.0617810940357214 0.0617810940357214 0.061779368804150255 0.06174051046437171 0.06166470588037964 0.06156973846019256 0.061471536614944644 0.06138367977665775 0.06131695046167789 0.06127895782175484 0.0612738594998148
0.04705429115426961 0.048096938162483796 0.04935088011387201 0.05072995106921974 0.05222129998306448 0.05378670177540445 0.055294661597570426 0.056693955367780706 0.057947169062278384 0.05901044443116759 0.059862852712864054 0.06047736731249404 0.06090005786209954 0.06120982750128221 0.06134412409953811 0.06126790053968275 0.06116406903697312 0.06108688148788328 0.06104314542758961 0.06103662125760163 0.06106786454082611 0.0611342022954138 0.061229846086848415 0.06134612879598588 0.061471839509487314 0.061593624871887034 0.06169642592913805 0.0617639253320539 0.0617810940357214 0.0617810940357214 0.0617810940357214 0.0617810940357214 0.06174523253832363 0.061640688845750774 0.06148915327471757 0.06131169252299621 0.061127970125752024 0.060955673052099334 0.06080994792222977 0.06070287313593965 0.060643002726457944 0.06063502197781128
0.0450288453582598 0.04635470569890105 0.048161358229057497 0.05029436645839991 0.052580999588161016 0.054858820671309684 0.056973794151832374 0.058785538414948726 0.06024011997169977 0.061310301117127805 0.061933501821876624 0.062144838064005455 0.062017969814955845 0.061656975643673506 0.06118779680193856 0.06075400752106943 0.06057056571168418 0.06045871538687273 0.0603959899236438 0.0603866696687522 0.060431387952228716 0.06052709988333896 0.06066723074779157 0.06084198283029275 0.06103876019841655 0.06124266302109971 0.06143700656078254 0.061603831416972614 0.06172438580198668 0.061779573309557564 0.06177682620442041 0.06169483456007194 0.06152674673398637 0.061296717026092816 0.061028660205930285 0.06074568036881629 0.060469466761415 0.060219657304136615 0.06001318473350263 0.05986363867923878 0.05978069473421278 0.059769671691009094
0.04345826784490638 0.04578067407179368 0.04858802980734148 0.05168382230828028 0.05488410870008771 0.058001301781663704 0.06084543851009623 0.06323588379233312 0.06496261972249048 0.06595903468131767 0.06629379846875093 0.06601985223782608 0.06523975286063832 0.06409293416791584 0.06274087402919123 0.061353580583168144 0.060232169830332215 0.05966763695665902 0.05957534103826595 0.05956304186057497 0.05962210847166638 0.05974903131346277 0.05993626319179983 0.060172631989956635 0.060443897344994044 0.06073337545913638 0.061022566375641143 0.06129173995617402 0.061520460757796054 0.06167786839108627 0.061649348015292184 0.06143476251066837 0.06113160566954624 0.060773046827229095 0.06038504084395811 0.059992832702943824 0.05962032199735822 0.05928935506827105 0.059018955277338324 0.05882453189026882 0.058717140517441674 0.058702890415899524
0.043344424311149814 0.04681633442110259 0.05075395662128699 0.05497601716322495 0.059282191115747805 0.06344268090009537 0.0672082025674192 0.07026261769083145 0.07233360101566794 0.07329448189837996 0.07324510107966396 0.07233477575070626 0.07071512031901035 0.06858375930345238 0.06615942758458722 0.06366026034821118 0.06140047126614712 0.05970709540619649 0.058742270802791895 0.058585462020445865 0.05865993776563962 0.05882027830381463 0.059057691634793706 0.05935928295375426 0.0597088090964841 0.06008748851111899 0.06047477032857928 0.060849007664613375 0.061179646924552925 0.061335716488812204 0.06128045718970035 0.0610190035145409 0.060586943112743416 0.06009744715618373 0.05958637445112562 0.0590812213904634 0.05860832447431891 0.05819207808268963 0.057854018704281626 0.05761181973560467 0.057478299748447155 0.05746059510686881
0.044873646235352435 0.04958543813188759 0.054821709474232504 0.060411132638883897 0.0661148940253234 0.07162977910623113 0.07654637709147606 0.08040646872773248 0.08291491177520416 0.0838922007077771 0.08332912014160028 0.08153151890742753 0.07877014530120582 0.07533611486361329 0.07153693865570179 0.06766273464337157 0.06407237144062099 0.061124112159190634 0.05897058180663833 0.05774946427473458 0.05756520872785399 0.05776174177366601 0.058053129689604875 0.058424250498148284 0.058856361271722835 0.05932817234077194 0.05981679792530413 0.06029709110672544 0.060639313139290656 0.06076938957248436 0.060688434322379047 0.06040179059284412 0.059918923500926737 0.05929950152945869 0.05866247702342708 0.05804049947324764 0.05746260491668577 0.05695617323250153 0.05654583719643534 0.05625217982774883 0.056090359535053966 0.056068904601436674
0.04829121596299099 0.05430032434360052 0.06107552072534411 0.06839359467003522 0.07593468416127427 0.08323840886257798 0.08963837155555851 0.09459105840590533 0.09766468397452256 0.09860420264618994 0.09738037295971042 0.09429853635826564 0.08992401695094542 0.08470141223356074 0.07907340696472684 0.07343376625945583 0.06821867404964285 0.06380968331687328 0.060344086215892566 0.05792598985419939 0.056654757400691105 0.05659469828884181 0.056944904098281304 0.05739087128083655 0.057910667097512844 0.05847996763028966 0.05907322896823143 0.05960082702696314 0.05992235167958203 0.060030262523744375 0.059925144367176456 0.05961246608370243 0.05910248227340971 0.0584103562664512 0.05764471410649481 0.056901750690532174 0.05621347591698576 0.05561079686936197 0.055122239443873434 0.05477224167163679 0.05457918948289138 0.054553582131837156
0.05357265692025821 0.06115247634039424 0.06989290516765588 0.07949943351752799 0.08953939263509272 0.09922697254275974 0.10770336171383194 0.11417543504496118 0.11799176179354942 0.11878248907447442 0.11653972064038512 0.11162664212707961 0.10491547920923798 0.09717860964547954 0.08906187844912018 0.0811034433502212 0.07385262397668997 0.06769205305461586 0.06272928300284553 0.05901934296490886 0.056601557773928966 0.05553227025169695 0.055746136958883606 0.05625811084722773 0.05686150633277412 0.057533941910217726 0.05822960220422545 0.05876540400957681 0.05908076907929252 0.059171073732149505 0.05904379362090803 0.05870443985228722 0.05816396988811065 0.057438520515007994 0.056565987974029425 0.05569756926645886 0.05489253978302083 0.054185957997197984 0.05361130950081171 0.05319828262387373 0.05296989298476765 0.052939565068615566
0.06031781423426779 0.07003171426113133 0.08149117137313987 0.09435787837399394 0.10793097627455261 0.12102032369134419 0.13248024756839327 0.14111956772263426 0.14593115656473674 0.1463677649886487 0.1424785650643649 0.13487654766340987 0.12472713218549852 0.11339324265746287 0.10184679749275756 0.09082302253130312 0.0809998309474742 0.07270720370749639 0.06600104001354211 0.060806837000113294 0.057097775017605434 0.05487568897764988 0.054181213998964695 0.054672571373665955 0.055341455464566806 0.05611908692988382 0.05688650890673056 0.05749099817826483 0.05790508666345353 0.05810105750264387 0.05805145327730234 0.057730804977031605 0.05715714862650595 0.056392568017957376 0.05546040882466421 0.05446242594273892 0.053533167489745175 0.052712962605698334 0.052041622106193425 0.051556148990250676 0.051286472211960796 0.05125059061999024
0.06835459292498805 0.0809118420253651 0.09602344321861034 0.11338347616766578 0.13197824643753056 0.1502726532358265 0.16636501024953998 0.1782221321198953 0.18436811354402238 0.18380509249032526 0.17682575716908802 0.16470792025758968 0.14930196302150595 0.13280172397543938 0.11664630198054242 0.10177408239548287 0.08893135411025384 0.07817828480000821 0.06945978799548976 0.06266289787759936 0.05762862922369208 0.05427702269965769 0.05259785588438894 0.052593436953449875 0.05332834088786394 0.05419561467517784 0.05500728280916092 0.0556874428934012 0.05620680457983389 0.056534273344723725 0.056638209689477005 0.05648824245694714 0.05605752289599799 0.05532522495513497 0.054341746635758734 0.05323336325857195 0.0521714865308327 0.05122445217998603 0.050437603949528384 0.04986110746352736 0.04953789085388137 0.049494721854505805
0.07757824528454717 0.09382842477773044 0.11379959708494004 0.13725214392715762 0.1629171400631059 0.18878230728450449 0.2118651018196434 0.22832827496966074 0.23540449850900438 0.23226921605981848 0.22004566348258714 0.20105042557831254 0.17822994607268702 0.15472711653355056 0.13262488548014897 0.11294076542148791 0.09624846735116789 0.08263091410506544 0.0718742650542054 0.06365145100046413 0.05762114526177484 0.05348885557811355 0.05104137251434847 0.050246516143904726 0.05093222434209727 0.051856314429903884 0.05271848068052671 0.05347980857587985 0.054109112718393165 0.05457240669986286 0.05483401471598408 0.05485848207920849 0.054613113214578145 0.05407092744609789 0.05321201128970649 0.05203527192017157 0.05081026134124102 0.0496994681688051 0.048764309097281834 0.0480697921345647 0.047676026315249635 0.04762317269521639
0.08780813968320168 0.10868876571960377 0.13497157936637566 0.16658910825611947 0.2021770369140293 0.23836469299172935 0.27030265320642743 0.2927519664565508 0.3013552311503056 0.29441414911626307 0.27395095954491366 0.244707446351645 0.21151106676331405 0.1787207406072647 0.1488517776807312 0.12314271891123815 0.10217204661520818 0.08561328163769354 0.07289927218620483 0.06340851776160678 0.05656502852254873 0.05189685460887308 0.04906800287459963 0.04788408368979734 0.048266370778772875 0.04922753429875429 0.05014497424389509 0.05099071952245018 0.05173276557303224 0.05233478978863154 0.0527572141282976 0.05295928193690154 0.05290027206291569 0.05252799739020685 0.051818751352913486 0.05076835040982266 0.049448472239935266 0.04815937604807567 0.04705224936995762 0.046210969915446806 0.04572422246389792 0.04565824980597581
0.09872138216566076 0.12515391263004477 0.15933412562924226 0.2015235014561947 0.24944162612441137 0.299057804528146 0.34377346954163374 0.3751557504743927 0.3858082601573797 0.37303754028213865 0.340392445504198 0.2959887222203033 0.24846216961431455 0.203218525640545 0.16373071032894562 0.13146018139397753 0.10611726768268996 0.08675345350963257 0.0723187307457652 0.06183428402898818 0.0544460343320346 0.04947106289553897 0.04643977447606537 0.04508717151767701 0.04531155481839376 0.0464289437343481 0.047402521058656534 0.048333095565301756 0.049188904159259215 0.04993189375175586 0.050518613501259246 0.05089075144975019 0.05098261890878024 0.05076070595344831 0.05020039607467355 0.04928939038424787 0.048059942979299324 0.0466761574046241 0.04536923565508302 0.04433777970341007 0.04371769445243263 0.04363191903948153
0.10980136598345765 0.1425000487139737 0.1858525379590886 0.23979188267283955 0.30299359637505546 0.3710412999249576 0.4346319508698534 0.47999171021895554 0.4937699604810308 0.47122519209817115 0.4198694136241385 0.35400009524039866 0.2865684368965071 0.22578462401922703 0.1758500412402342 0.1369826635944411 0.10757964029253529 0.08580222323377895 0.0700262981995304 0.05892264905899001 0.05133777517118774 0.04632478789090004 0.04327662400355401 0.04188464550116014 0.042026637968121096 0.04336242197780011 0.04459909003676278 0.04562195449142514 0.046600901875739904 0.04749432623057495 0.04823230604368364 0.04874432585082661 0.04898522684927191 0.048914794594031315 0.04850141635714415 0.047725663412845676 0.04659664247238271 0.045263773875114384 0.043811166460585096 0.04252918852821474 0.041696594101533827 0.041575562601552804
0.12029833754750366 0.15937770251226352 0.21144855216572267 0.2780926734096466 0.35955386071961826 0.45197853039205843 0.5435607172023141 0.6120401322414069 0.6314734534813136 0.5920877941010302 0.5107620011788252 0.41425212145014695 0.32147058689560554 0.24357875733282472 0.18353593977130747 0.13888400055196196 0.10627865554538167 0.08275636641563466 0.06608561939738108 0.054783073522988 0.04743221272283808 0.04265556478557278 0.0397441223221464 0.03841441866615905 0.0385639067668128 0.040022340500334305 0.04166149565873732 0.04296813827966546 0.044071914607424004 0.045096303278484864 0.045965597153459846 0.04662699315510526 0.047028311702413596 0.04712196988305852 0.04686849857839341 0.04623954213690607 0.04522624779595073 0.043953072333365054 0.042490891535664606 0.04094076308223657 0.03973451421255016 0.03953001010059703
0.12919942000517423 0.17315911767940423 0.23275181096398803 0.3114743546172893 0.4121537086387677 0.5339645617300554 0.6657397331400163 0.7747139402572608 0.8066036486587133 0.7362220451615213 0.6059341530092254 0.46712473397869103 0.3468954779467818 0.2532300141549463 0.18511067394950467 0.1365897217949668 0.10227664390120422 0.07802553009275456 0.060894942621748875 0.04969124058356243 0.04314734763816476 0.0388008713848739 0.036115763498857804 0.03489852867301847 0.03508170319847875 0.036593963788551176 0.03857269998534359 0.04029709929841574 0.041634741626658256 0.042775502860223136 0.04378754421729536 0.04461081478978617 0.04518619736106152 0.045459678227828225 0.0453857336995767 0.04492986033985369 0.04407354057685532 0.042923186845911024 0.04153622487262709 0.039919672500851204 0.03821023414730318 0.03773280308506938
0.13487816721297188 0.18161622212196316 0.24606841270661392 0.33337810236000215 0.44950724045463486 0.5994240992010366 0.7808744159306668 0.9619290611081197 1.028463696006816 0.892597439771684 0.6839854625672599 0.49790981911559223 0.3548164091800499 0.2512981628458597 0.1793224257184454 0.12989759660297368 0.09593940334231567 0.07271334466824697 0.05667365329035929 0.04629565454860903 0.040232420290491185 0.0361998079507296 0.03368954055320015 0.03253329547071705 0.0326799921446555 0.03407148792125021 0.03604408588909652 0.0378241267346054 0.03932613836519194 0.04058459281944301 0.04175364143959912 0.04275291423301777 0.04351667089179 0.04398592092985484 0.044111766779809373 0.04385794681510279 0.0432060594388001 0.042264382810757624 0.04110107663096895 0.03975835138637791 0.038424257833291856 0.038141521208086414
