_RESULTS/CROSS_VALIDATION_POSTPROCESSED_80-20/MHZ/TZ/1comp/2/MHZ_TZ_z_710_kriged_reverse_1comp_spherical_2.asc
ncols 100
nrows 81
xllcorner 5.5967107548124995
yllcorner 50.982328804812504
cellsize 0.00017565037499993607
nodata_value 1.7014100000000001E+038
[rows 0 to 18 of 81, columns 0 to 41 of 100]
0.28013694516150933 0.3019572855920585 0.32350433592996597 0.3428065687158627 0.35744069665377737 0.36513371849969434 0.36413542349523814 0.35499176989366626 0.3401501733497664 0.32246437649604803 0.3042094540212139 0.2869034137438527 0.2711393587312504 0.2569442509532924 0.24452698194149147 0.23398161978991291 0.22534367815634482 0.2186269739644104 0.21384797761050248 0.2110432820373135 0.2102838137518016 0.20550365974596924 0.19979039618196687 0.19532056904691025 0.19102878161705558 0.18729498644588882 0.1855040676012626 0.18561217972218824 0.18745762468647417 0.19091137801582148 0.19585931140567048 0.20218352785178922 0.20974142858803196 0.21836335027829115 0.22789891186980687 0.23791455612092058 0.24783267982780885 0.2569790807840265 0.26454783101144536 0.26932580097958014 0.2707381026658247 0.26868711163211384
0.3010180530666501 0.3284889898429161 0.35659911573416014 0.383039421612322 0.4041571098803868 0.41528315637832414 0.4125023654020639 0.3971952030822281 0.3745584825389607 0.34937408841908185 0.3246049957250457 0.30183110461828944 0.2818393572507921 0.26499286875460404 0.2507847814357729 0.23877589345564815 0.22890471676108212 0.22109477291689514 0.2152483250105842 0.21115670514918697 0.2079800396172996 0.20347443757584655 0.19854530164867856 0.19451702940652518 0.19046220801125732 0.18759982774266445 0.186828706243173 0.18799200076903722 0.1909733809292305 0.19568575257469506 0.2020594613895406 0.21029331592949782 0.220371718059203 0.23200649261535633 0.24480605649682377 0.2582288538626246 0.27154487551712275 0.2838271768219264 0.29389779181680936 0.3000882402189782 0.301508428442966 0.29798236649754156
0.32358524280051815 0.35725401180102245 0.3930603686622465 0.4289555989381568 0.4604528300557832 0.47843409175143126 0.4722201353094849 0.44607896835995736 0.41220014224735374 0.37772971490758384 0.34562029478124306 0.317017487635608 0.29231741725932836 0.27159030868236234 0.25476915770775815 0.24141340873672593 0.2304072949992539 0.22150449200197803 0.21447458100854866 0.20894370801046694 0.2042467695525586 0.19971331219895858 0.19564963888386325 0.19240173268416066 0.18904625020635626 0.18733166599140996 0.18763910060735386 0.18989023404273533 0.19402977005411118 0.20033693588893528 0.20912391508330538 0.2202552713839098 0.23356439166932236 0.248806515319937 0.26559865711781894 0.2833461960470614 0.3011611170443136 0.3177972162866508 0.33149811810629437 0.3398549302686226 0.341399991469998 0.33578770997303875
0.3464123198145915 0.3860412718109349 0.42945634339513733 0.47572326111660557 0.5221904168100576 0.5567199080068918 0.5419250008505031 0.49635726833720084 0.44861628618408395 0.404501325822043 0.36525536684455123 0.33111252992321366 0.30196765526154745 0.27757815098875366 0.2576536863435987 0.24190658097038747 0.2298564821593504 0.22007927041324837 0.212121124186622 0.20563681187247584 0.20023667119497432 0.19567675530801926 0.19210631854082355 0.18952192739260992 0.18709798519110543 0.186499388097665 0.1878593825729638 0.1912258394215859 0.19727255497277185 0.2061284104845869 0.21774379936411303 0.23207548476932563 0.24904517100434406 0.2684860578314119 0.2900700874289595 0.31320555994599136 0.33689450819420297 0.35955574009582947 0.3785964168040076 0.3904124457847137 0.392353735207851 0.3836601289298205
0.36798295374737744 0.41228005145442365 0.4610551592817776 0.5138926970381203 0.5702343162104199 0.6291553135683738 0.5970654792976147 0.5341658064690837 0.47703394370331986 0.426129676312345 0.3814649332126783 0.342848687972164 0.3099588516204726 0.2823994339570018 0.2597492578138612 0.2416002404546983 0.2275842373733728 0.21712087074952707 0.20863289794821105 0.20167646265670638 0.19601830746451654 0.1915497594117482 0.18836066125777354 0.18629404296716326 0.18478555459563753 0.18516350128851908 0.1876199848075055 0.19301731972260408 0.20145576711064037 0.21295424211806238 0.2275710193212978 0.2453723257097535 0.26639251574937084 0.29058065950619677 0.31772408042972644 0.3473302062148516 0.3784308276510758 0.4092517943784482 0.436185105270615 0.45381030286170065 0.4568334639049378 0.4433204547818037
0.3871745502424928 0.4341578640995328 0.48459224590283284 0.5365360602864127 0.5851728739709723 0.6154632281252287 0.5983866907608054 0.5485056837031125 0.49299058796360673 0.4403379705760409 0.39291810771522373 0.3513815335585687 0.3157304712238635 0.2856771961890053 0.2608087406567756 0.2406787040956206 0.2248625709557724 0.2129923560976335 0.2042972907895972 0.19725360633628225 0.19163964746876563 0.1874010174663597 0.18460333690978875 0.18296496691269673 0.18223264069187306 0.18355568482080645 0.18792556381419984 0.195489001985185 0.20630231352640724 0.22049124226011266 0.2382259781518284 0.2596913611761604 0.2850493504052586 0.3143901695804747 0.34766521838470676 0.38458410560620726 0.42442748993495655 0.46560820338838527 0.5039333909812557 0.5318410512689965 0.5378894771683659 0.5151010330002539
0.4036202731493424 0.45148308653679325 0.5006240004920766 0.5472374321274769 0.5842752958228772 0.6003582640373761 0.586447173040277 0.5478725860281444 0.4983863206664104 0.4474181875473718 0.39948541524002384 0.3564937894273608 0.31907978639178003 0.28725319099833807 0.2607227060076591 0.23907443015088492 0.2218747605787609 0.20873219238714144 0.19933831613024428 0.19250984028609575 0.1871701854990914 0.18329622769781775 0.18094762590783875 0.1796912875918893 0.1796031256238255 0.18254608108702663 0.18880004788542074 0.19841465804291014 0.21154136922049402 0.22840922469664063 0.24929925419660293 0.2745137177812668 0.3043380377498572 0.33899499143829226 0.37859182615744885 0.42305798159285124 0.47205303067429183 0.5245318400589409 0.5773322937138315 0.6233866124711557 0.6315667981704823 0.5641177118795963
0.4176636492957791 0.4654048199304925 0.5121421160325338 0.5531282756051593 0.5817043871476077 0.5905101108264887 0.5763926517625918 0.5428752997877359 0.4980089257829072 0.44939211407760876 0.40200069729040033 0.3585144482273167 0.3201258008585063 0.28716503283248995 0.2595014009195341 0.23678817446767644 0.2186098429738297 0.2045705497450947 0.19434948106622155 0.18758746505296892 0.1827027737500208 0.17931462801439982 0.17748812634662042 0.17653814737228188 0.17759861302094226 0.1821089180771147 0.1900590119584427 0.20157824519361442 0.2169076639719149 0.2363749102736842 0.26036564385546174 0.2892868767095374 0.32351985939312766 0.36336409496986005 0.4089800936202568 0.4603454845557239 0.5172433098401791 0.5786322470406261 0.6430482297819259 0.6942451482786713 0.6987064048321556 0.5547386033095115
0.4299995841169168 0.47749282209761923 0.5221214279950916 0.5588136251768917 0.5817597893360011 0.5860228228946448 0.5703012837357588 0.5381772067017108 0.4954974295784399 0.4484082195628523 0.4016152240447916 0.35804051870607767 0.3191790142754133 0.2855798792466534 0.2572393680083929 0.2338725329097339 0.21508698285111028 0.20048975707507616 0.18975320287023978 0.1826589197124652 0.17834917899197747 0.17555008131964314 0.1743082675330046 0.17392265654979683 0.17623358105482034 0.1820835023066845 0.19152872805563934 0.20477358533326093 0.22214398808840635 0.24406069000364716 0.27100469437547 0.30346777969664607 0.341882860250423 0.3865334932416863 0.43745013293515794 0.494309771270446 0.5562055377653583 0.6207601051442945 0.6687263619582646 0.6676436243952792 0.6020578105246917 0.46930442563567115
0.4412902395268708 0.48906664278759815 0.5326172053056305 0.5666341314422929 0.5858184739789254 0.5865514101576261 0.5684686757697917 0.5353776446569344 0.4927409568989463 0.4459366678994939 0.3992916382530563 0.3556601263541214 0.3165941593864217 0.28271599800905206 0.2540742932240609 0.23041272028042747 0.21135043996360936 0.19649588910778637 0.18551710892539175 0.17818750013625742 0.17423433221023615 0.17210868605050053 0.17142719453857191 0.17204160112616704 0.17536231064291852 0.1823257552278513 0.19304932801256897 0.20780737759613907 0.22700595436881557 0.25115369559930706 0.28081862751972275 0.31655927571236636 0.3588182674248568 0.4077701605445426 0.46312485095508754 0.5238991260008358 0.5878796395801386 0.6394939730783601 0.6388618553682008 0.5832044210340401 0.4814237005517188 0.3583731915670327
0.4518980853221082 0.5009323130361913 0.544840085906163 0.5778099840905621 0.5944805800669076 0.5918796597358006 0.5706487308435979 0.5348021972764927 0.49040764158389877 0.44267573239178615 0.39559832701067554 0.3517895840708615 0.3126657256275573 0.27878127462807256 0.25015300101782606 0.22650961455309734 0.20746286848164935 0.19261701693473002 0.18163698016102034 0.17429269834337133 0.17049108120787523 0.16910603093657092 0.16914262560888313 0.17075998024721353 0.17486559931057508 0.18271250407841583 0.194479168185432 0.2105036651786376 0.23126691904325775 0.2573615256409971 0.2894395055736636 0.32812099475597484 0.37384203101596336 0.4270976846220619 0.4880897121313384 0.5545633025845534 0.617574656710859 0.6317680690472793 0.5861678855514767 0.4934519602904199 0.3769853848571867 0.26338779543487656
0.46170294685160385 0.513300429577213 0.5594084778120756 0.5931436600430915 0.6082336547560638 0.6018690972577918 0.5760156970386828 0.5360202196487737 0.4883336893582342 0.4386742375457197 0.3906965278637661 0.3466253229371977 0.30758409439384776 0.2739424115326529 0.2456125254882391 0.222269429961611 0.20350034729671582 0.18890062673862948 0.17813401280216723 0.17097258009760927 0.16732861916138075 0.16664245287577972 0.16741343185268143 0.16992121100478041 0.17465315878263127 0.18314563000841103 0.19569988757784218 0.21270921908207915 0.234722747067589 0.26241416081771746 0.29652357901453497 0.3381528627875384 0.3892280528167975 0.4499248511690014 0.5189980624772972 0.5925844895789053 0.6347633379920986 0.6106497986526846 0.5285408171800322 0.4127323180563221 0.2925173033083838 0.19046758352313287
0.4703123253662859 0.5260727463334679 0.5768291983489573 0.6137731445743471 0.6281671320125339 0.616781564834187 0.5840037819627049 0.5378914505268565 0.48588630837262853 0.43353637449906085 0.38441635316104383 0.3401736710265955 0.30144372726932267 0.26832464670605716 0.24057772931361135 0.21780164741511662 0.19955101473207265 0.18541242707993316 0.17505304651184098 0.16825415957612222 0.1649399564044625 0.16465464642995684 0.16611332383196756 0.16939047822375305 0.17466613901441322 0.18355654610165414 0.19662238578240324 0.21430043231518717 0.23719817256551864 0.2660741194470763 0.3030565091359458 0.3501549428049308 0.40833689695000536 0.477766760758817 0.5564431514498284 0.6307455968437412 0.6439443944196215 0.5858417213795928 0.47534307703899326 0.34553334187260537 0.2272617125939261 0.13735350959127873
0.4762912477638186 0.537488476476967 0.5959177885232094 0.6399769586709187 0.654871801795408 0.6356247806075743 0.5924801691691371 0.5383131767777015 0.48154253156895854 0.4268128193820682 0.37667143949742804 0.3324259967314385 0.2942916284385491 0.2620345529415649 0.235172218047762 0.2132241347277157 0.1957174433996913 0.18223726498009854 0.17246249296257743 0.16619260867862964 0.16332624871116913 0.1631179175152715 0.16513773655127637 0.16905477055195473 0.17488022542262535 0.18391133031827944 0.197194102478668 0.21519278963688535 0.23863783661567042 0.2700631450799196 0.3114869339735729 0.3645035301540602 0.43049929884395893 0.5096531673258538 0.6003020150192104 0.6640010152733634 0.6514337094841297 0.5646231252594458 0.4315676634786673 0.29264469419401173 0.17858132211808148 0.09995261027139
0.47691081554282627 0.5434011972685197 0.6122185950692057 0.6705756855162751 0.6886343716475631 0.6544662586531925 0.5964631712933142 0.5336366736869569 0.47292450479760867 0.4170450264366197 0.36712536423573544 0.3235506745397399 0.28638958816163257 0.2552322333459854 0.22953674657212433 0.20867264860363696 0.1921216884696395 0.17948196305680494 0.17045607227287235 0.16487252540104796 0.16210902774013225 0.1619553454327312 0.16440505018157162 0.16882242864157507 0.1752302590776348 0.18421651222433322 0.19740760273431454 0.21543116777761998 0.24076549992655438 0.27545004207889134 0.3212817446800732 0.38024449777706637 0.4540772071791659 0.5439278573873437 0.6446905808474962 0.6947424197627752 0.6622256729730057 0.552405267312309 0.3996607876272541 0.25292558655763636 0.14316963387855203 0.07419506486260605
0.4690649480320985 0.5373138692917396 0.6138073567282939 0.6949528682351814 0.7264115688427654 0.6594400791810396 0.587107049516153 0.5194759774124601 0.45800098921483556 0.40315239219914534 0.3550081681041111 0.3133916945836991 0.27795125587388336 0.24827869796061253 0.22391515757105152 0.20431128848394914 0.18891147849672477 0.1772795425999156 0.16915627180467097 0.16407839725441867 0.16117059796817113 0.16111483741478028 0.1638268836812508 0.16847383074460115 0.17514030227482508 0.1840240727077342 0.1966660001282092 0.21567489938006676 0.24322225051197557 0.28096341061921287 0.33090492892457773 0.3954455145224208 0.47706294427174967 0.5777336734558403 0.6821351003501971 0.7222013504791946 0.678179972028586 0.5535071379143546 0.380295118172774 0.2239327576811042 0.11774922305577891 0.05671786200440269
0.4511728684763668 0.5142698442247635 0.5843676842855101 0.6560808746900527 0.6808749900004902 0.6233806288356349 0.5564883235496159 0.4933950559386778 0.4360801596962248 0.38504659973200445 0.34032864286689307 0.3017174839082393 0.2688591049196905 0.24132136287884448 0.21864798193802987 0.200414795699849 0.18626627669242588 0.17579443718559826 0.1684736494170313 0.16341594140753085 0.16038771806037352 0.1601494373705656 0.16263099579111215 0.16711597138269688 0.1737049874824041 0.1825616474172511 0.19524371229733822 0.2154638235445437 0.244598064316664 0.2844915555266622 0.3375596500997995 0.4067029020220473 0.4950857914740991 0.6056829449743302 0.7084411675434641 0.7398072940066314 0.6907569955618684 0.570335460480331 0.36920527384448604 0.20156959677133293 0.0994732876407677 0.04503958884489655
0.4249813434975235 0.4773779470890264 0.5305278884390601 0.573697854155852 0.5849383388431515 0.5565439623591919 0.5090849892279106 0.4578208889327942 0.40863493795477634 0.36369012826311287 0.32375311053015304 0.288982930730678 0.25924235004934654 0.23424905240152452 0.21366372084788188 0.19714806190402542 0.1844062569582191 0.17492854723332693 0.16773781756554232 0.16243840442684582 0.15907516578116845 0.15850659021968364 0.16058193650740638 0.16470170046768037 0.17095614615184607 0.1797663421575409 0.1935506123527203 0.21433962701188433 0.24431988981662103 0.28550714879388495 0.34054836377268216 0.4126509587717542 0.5053547623870167 0.6219126163554081 0.7174317424881829 0.7370342661872411 0.6739908669235622 0.5387840069531943 0.34143061692755355 0.18148991459561598 0.08645891109347122 0.03752518868086532
0.3947128851730537 0.4353812705525814 0.47298586683237775 0.49962720302889213 0.5059618916354661 0.4894770900453683 0.45738041220277903 0.41853736458269225 0.3786835585622641 0.34081290389820285 0.3063518897830413 0.27589570185421924 0.24959804870374802 0.22738222874757855 0.20906388326668912 0.19442277613614736 0.1827938057748681 0.1734447849915109 0.16607933682873557 0.16060775526476329 0.15707132883105746 0.1561263485740965 0.1576062668733221 0.1611203441905081 0.16674877946577443 0.1759969135809918 0.19083415019555497 0.21212529442229208 0.24229365878117698 0.2838831007092812 0.33965031201285145 0.41291390703735276 0.5072451999880724 0.6246912033370711 0.710895650796136 0.716243279280389 0.6343443422530549 0.4830421349031583 0.30710742259154333 0.16535538332783453 0.0782014719897762 0.03324438787381761
