_RESULTS/CROSS_VALIDATION_POSTPROCESSED/Berg/GZ/5comp/1/Berg_GZ_z_250_kriged_reverse_5comp_spherical_1.asc
ncols 100
nrows 90
xllcorner  5.6208707817415728
yllcorner 50.959635321741573
cellsize 0.00013419651685393446
nodata_value 1.7014100000000001E+038
[rows 0 to 18 of 90, columns 0 to 43 of 100]
28.27976352825388 28.27976352825388 28.27976352825388 28.27976352825388 28.27976352825388 28.27976352825388 28.27976352825388 28.27976352825388 28.27976352825388 28.27976352825388 28.27976352825388 28.27976352825388 28.27976352825388 28.27976352825388 28.27976352825388 28.27976352825388 28.27976352825388 28.27976352825388 28.27976352825388 28.27976352825388 28.27976352825388 28.27976352825388 28.27976352825388 28.27976352825388 28.27976352825388 28.27976352825388 28.27976352825388 28.27976352825388 28.279765833402408 28.28248408949925 28.28909628104685 28.338191651066218 28.466865512081952 28.669268940376586 28.933050581577742 29.25341756008668 29.62888086568871 30.05815537461678 30.540114194837813 31.07371605522036 31.65790444845118 32.291479998021465 32.97294965748364 33.7003565379394
28.27976352825388 28.27976352825388 28.27976352825388 28.27976352825388 28.27976352825388 28.27976352825388 28.27976352825388 28.27976352825388 28.27976352825388 28.27976352825388 28.27976352825388 28.27976352825388 28.27976352825388 28.27976352825388 28.27976352825388 28.27976352825388 28.27976352825388 28.27976352825388 28.27976352825388 28.27976352825388 28.27976352825388 28.27976352825388 28.27976352825388 28.27976352825388 28.27976352825388 28.27976352825388 28.27976352825388 28.282757235151323 28.29255268759745 28.307113637858677 28.32440906030873 28.380662873011804 28.51017456154445 28.699326437298726 28.945761153380378 29.247717596956274 29.603713389025167 30.012526492416253 30.473143516414474 30.98466662945344 31.546172564350993 32.156516823386255 32.814068858556006 33.516336807138316
28.27976352825388 28.27976352825388 28.27976352825388 28.27976352825388 28.27976352825388 28.27976352825388 28.27976352825388 28.27976352825388 28.27976352825388 28.27976352825388 28.27976352825388 28.27976352825388 28.27976352825388 28.27976352825388 28.27976352825388 28.27976352825388 28.27976352825388 28.27976352825388 28.27976352825388 28.27976352825388 28.27976352825388 28.27976352825388 28.27976352825388 28.27976352825388 28.27976352825388 28.280301750826137 28.288763956736968 28.30567563572508 28.32867520065847 28.355446860110973 28.383760295772493 28.433618092138296 28.54329360303956 28.710825450451765 28.933985754871472 29.210851945875 29.53982088152761 29.9195881504155 30.34907570096354 30.827290776447143 31.353097502378404 31.924874681848554 32.54000774233475 33.19409122706593
28.27976352825388 28.27976352825388 28.27976352825388 28.27976352825388 28.27976352825388 28.27976352825388 28.27976352825388 28.27976352825388 28.27976352825388 28.27976352825388 28.27976352825388 28.27976352825388 28.27976352825388 28.27976352825388 28.27976352825388 28.27976352825388 28.27976352825388 28.27976352825388 28.27976352825388 28.27976352825388 28.27976352825388 28.27976352825388 28.27976352825388 28.27976352825388 28.281568467278824 28.294531981793124 28.3178884421535 28.3490918358879 28.385586764813585 28.424777868684576 28.451829959757603 28.480690696969223 28.56570279053105 28.70660463156012 28.900871968321017 29.14631541759089 29.44110740957771 29.783760443427354 30.173030350954903 30.607716803636166 31.08633051098751 31.60658691934043 32.164657046527665 32.75403282930683
28.27976352825388 28.27976352825388 28.27976352825388 28.27976352825388 28.27976352825388 28.27976352825388 28.27976352825388 28.27976352825388 28.27976352825388 28.27976352825388 28.27976352825388 28.27976352825388 28.27976352825388 28.27976352825388 28.27976352825388 28.27976352825388 28.27976352825388 28.27976352825388 28.27976352825388 28.27976352825388 28.27976352825388 28.27976352825388 28.27976352825388 28.282086748838775 28.29781815969087 28.326217800714424 28.3646188794623 28.410286724397153 28.460468279986966 28.50039702767826 28.51726822690225 28.52463992898987 28.580865406728158 28.690554310008267 28.850787399265432 29.05901673968627 29.313117066873538 29.61137456832141 29.952375697709016 30.334757554800245 30.756782287725127 31.215697298795376 31.7068324496726 32.22235490427845
28.27976352825388 28.27976352825388 28.27976352825388 28.27976352825388 28.27976352825388 28.27976352825388 28.27976352825388 28.27976352825388 28.27976352825388 28.27976352825388 28.27976352825388 28.27976352825388 28.27976352825388 28.27976352825388 28.27976352825388 28.27976352825388 28.27976352825388 28.27976352825388 28.27976352825388 28.27976352825388 28.27976352825388 28.27976352825388 28.2813859187873 28.29751753558622 28.328850465168877 28.37266814682493 28.426128187242888 28.486305994189287 28.542009086224535 28.57352961373083 28.581035038965734 28.569258703239726 28.593071984614816 28.667524303072252 28.78920347902998 28.955119681457763 29.16280176718608 29.41031972022999 29.696182116816743 30.019058213523746 30.37728361945205 30.768126257326127 31.18681122564991 31.625326506183203
28.27976352825388 28.27976352825388 28.27976352825388 28.27976352825388 28.27976352825388 28.27976352825388 28.27976352825388 28.27976352825388 28.27976352825388 28.27976352825388 28.27976352825388 28.27976352825388 28.27976352825388 28.27976352825388 28.27976352825388 28.27976352825388 28.27976352825388 28.27976352825388 28.27976352825388 28.27976352825388 28.27976352825388 28.280117489434424 28.293727402204965 28.325239804551522 28.371961751163504 28.431020511614243 28.499399994072494 28.570863277349094 28.620704855951022 28.64484992524891 28.6440218429313 28.618952902665562 28.60733256779553 28.643202896122155 28.722551616762747 28.841857392200094 28.998261927566926 29.189662186507388 29.414652233861304 29.672246282686398 29.961335012732306 30.279869401804515 30.623826665430936 30.986082744784603
28.27976352825388 28.27976352825388 28.27976352825388 28.27976352825388 28.27976352825388 28.27976352825388 28.27976352825388 28.27976352825388 28.27976352825388 28.27976352825388 28.27976352825388 28.27976352825388 28.27976352825388 28.27976352825388 28.27976352825388 28.27976352825388 28.27976352825388 28.27976352825388 28.27976352825388 28.27976352825388 28.27976352825388 28.28774162283569 28.31613848506569 28.362610331307554 28.424331328859388 28.498278155880246 28.58122823833471 28.652531311776496 28.69688597322354 28.7148814813521 28.706998137613677 28.673623699786006 28.6292418990172 28.623974462736975 28.65806825750969 28.727350140215275 28.828509234430435 28.95931171206521 29.118638167465328 29.306243095033846 29.52216799459467 29.765810378463282 30.034756983389453 30.32360777885407
28.27976352825388 28.27976352825388 28.27976352825388 28.27976352825388 28.27976352825388 28.27976352825388 28.27976352825388 28.27976352825388 28.27976352825388 28.27976352825388 28.27976352825388 28.279754328014246 28.27937911604033 28.27878691801231 28.27832737643623 28.278203086349695 28.278463345515842 28.27900258058121 28.279563692100183 28.27976352825388 28.281975814066573 28.30355353790334 28.34610621856411 28.406926754158864 28.483065772472628 28.571350282211572 28.663094817767348 28.730540649893697 28.770671164127997 28.783929931978214 28.770534178055023 28.73046528548775 28.664814430511733 28.616756649894704 28.60363824020184 28.62044869576544 28.66328988849168 28.729791115890063 28.81931750637905 28.93281446150377 29.072173758581883 29.239108390923185 29.43368888134402 29.65289299042755
28.27976352825388 28.27976352825388 28.27976352825388 28.27976352825388 28.27976352825388 28.27976352825388 28.27976352825388 28.27976352825388 28.2796309384689 28.27789033016333 28.274813580477236 28.27119130401795 28.267701201763217 28.264889008103346 28.26315027264745 28.262715531297918 28.263641029115146 28.265806385750302 28.268919557982315 28.2725283479126 28.286891261986195 28.324179801254463 28.38111640280746 28.455477381760595 28.545248221977126 28.64710022845034 28.739900102575444 28.804650380249637 28.841907260992123 28.852000492534387 28.834894986246773 28.790130318521673 28.716898769827264 28.628806010734653 28.56763197483081 28.53061057883135 28.51298920248835 28.512141393108198 28.528063030260114 28.563377359450254 28.622655867501358 28.710985383770215 28.83194298665106 28.98550353530834
28.27976352825388 28.27976352825388 28.27976352825388 28.27976352825388 28.27976352825388 28.27976352825388 28.279487269420628 28.276326927225604 28.270503506372613 28.263058498013415 28.25496455046655 28.247105305029912 28.24025006850799 28.2350262121856 28.231892789234642 28.23111900897156 28.232770736324262 28.236707089874617 28.24258767107089 28.251580317089314 28.28192226758232 28.336374051095405 28.411542876351287 28.50355230681638 28.607995711978308 28.719911473371763 28.81115044575796 28.87435593645133 28.910113816496974 28.91870621057533 28.899905266509553 28.852829173485862 28.77593696636343 28.667462035322615 28.558709477223708 28.467793416120667 28.38861501457744 28.31796991308131 28.2565175419862 28.20905979011555 28.18384899081391 28.190747123827066 28.238264876672176 28.33018461390774
28.27976352825388 28.27976352825388 28.27976352825388 28.27976352825388 28.27976352825388 28.277404019655506 28.270479858522858 28.260179975606903 28.24767849560828 28.234116330816324 28.220582402865883 28.20808531220483 28.197517812383744 28.189617813107393 28.18493075189421 28.183778627692963 28.18624045857558 28.192147342805 28.2010929471757 28.219484705153164 28.2648953573459 28.335483047495906 28.427818051742715 28.537979940223224 28.66148968494092 28.784507934477155 28.87614792185054 28.93888006080884 28.974446347924896 28.98318404640216 28.96479672941093 28.91809585272159 28.84084165975057 28.7297929318986 28.585528276962375 28.442314319460433 28.301823009997545 28.159614618252554 28.016865531676878 27.881031576886194 27.765208887496755 27.685960162500866 27.65902543733131 27.693409458131452
28.27976352825388 28.27976352825388 28.27976352825388 28.27958239774929 28.27476223058308 28.264326027373375 28.249535974067648 28.231659252543384 28.2119698762152 28.19173742974939 28.172202088766795 28.154536566000303 28.139797510909876 28.12887111414733 28.122419688567756 28.1208370810913 28.1242202613254 28.132362108996706 28.144769626915174 28.174969280595658 28.234365369503955 28.319946421376805 28.42824373913906 28.555291231028377 28.696533660862084 28.830233007790092 28.93092065351969 28.997198049413242 29.03370136423048 29.044051625431784 29.02807373663345 28.98451490441473 28.91066660639629 28.802075369865943 28.652604989735103 28.464566238007922 28.264890015453027 28.05032094641149 27.822234068734303 27.591171226002594 27.376152797042536 27.202883372485925 27.0983857258357 27.079951688327768
28.27976352825388 28.27976352825388 28.279355487400455 28.2729118156083 28.259622775871634 28.240768588879206 28.21765670293082 28.19163805149849 28.1641098760651 28.13650258803656 28.11024871776387 28.086733569310347 28.067229897032732 28.052822487950912 28.044332154972796 28.042251012594825 28.046700679910685 28.05742160461511 28.074701752868584 28.116774671394516 28.189037027020003 28.288416615653556 28.41139007763968 28.55393227909736 28.711162259031358 28.85436044022353 28.965531824371 29.043377704381214 29.08638890598438 29.09945333658195 29.087471544530853 29.0494893501841 28.982835134117906 28.882338952457825 28.73950376991476 28.542596004901977 28.290448789153764 28.004140575913013 27.686928303056042 27.35314360264664 27.027857149312105 26.747733873278374 26.558493501974183 26.493834221585317
28.27976352825388 28.27947657148211 28.27261063624563 28.257536290089668 28.235509583831654 28.207821177428404 28.175829089981587 28.140980263786563 28.104817252089394 28.068965681902718 28.03509834063897 28.00487340930245 27.9798480299468 27.961374007787693 27.95048890263511 27.94782075730467 27.953525468397487 27.967270658338485 27.990919637497296 28.043859200183597 28.1279178052376 28.239927894664916 28.37628105553623 28.532868976618314 28.703752455537735 28.85694232615838 28.979210524258047 29.069332809316272 29.125896348288517 29.147243334643626 29.140116437143682 29.109233124008714 29.05268866543416 28.965773081024142 28.83880790037991 28.654298407423113 28.388559285308574 28.03481962442595 27.62550746308698 27.18362456205862 26.737648632411798 26.33116949122707 26.040026053454078 25.94106488554036
28.279749714025815 28.27397331738139 28.25855258803503 28.234689945541312 28.20361030815403 28.166609122242807 28.125093348136694 28.0806120052599 28.03487111450309 27.989726236418928 27.94714500171359 27.909133214461114 27.87762260846311 27.854326871549656 27.84058397424695 27.837213234545406 27.84441912323733 27.861766225286193 27.89256074875735 27.955519381174167 28.05045448682968 28.174048018445525 28.32256177291032 28.491773177444756 28.674734086880342 28.838456332020325 28.972247500195504 29.074954171077692 29.14528616414218 29.181681008579268 29.182970869672136 29.15925480016278 29.113631256598456 29.04342197333311 28.941043504038888 28.78627860273122 28.53469946905664 28.14671451541329 27.648185921636685 27.101764286420472 26.537789960914253 25.986252779797205 25.54502393574739 25.443046949102737
28.276463081243985 28.262436968649308 28.238452265142342 28.205639328697952 28.16517796685717 28.118354118709625 28.06661217689014 28.011599171186013 27.955194289962442 27.899513986745976 27.846880039576543 27.79973723682705 27.76051170282477 27.731413013619573 27.7142031439002 27.70997684866619 27.719009199255424 27.740715332121102 27.77908268162018 27.85149696948141 27.95665552123367 28.091011346521043 28.250639596533873 28.431172192771996 28.625232584754823 28.799976302843156 28.945570840847772 29.060901514350824 29.144762692222542 29.195743829239966 29.212136874502008 29.19544029617265 29.158604651991137 29.102921567102065 29.026385315129193 28.918774881238956 28.71562911011797 28.29046821983532 27.735698049407336 27.121999423459638 26.478467817217233 25.82411919267295 25.16334952906794 25.13927193496429
28.26825384850417 28.24613665396674 28.213612336163873 28.1717218289815 28.121578026360112 28.064432538411122 28.0017423266059 27.935232856587522 27.866950618893497 27.79929244016059 27.734992462912196 27.677042342044867 27.628521262142925 27.592327222485793 27.570834404224478 27.565546046202705 27.576843235590644 27.603917319472167 27.65034065099557 27.732079923801678 27.84720442537504 27.991834059065653 28.161793383105188 28.35254704024201 28.55702699904879 28.743272621480138 28.90086378679806 29.028676072109466 29.125517658296058 29.19002080992852 29.22057044353339 29.215267523788313 29.18276676345374 29.133588431528484 29.068380574804724 28.987201287551112 28.85837649232975 28.38269374967013 27.816034718634487 27.20854812471912 26.57950458561163 25.959687580584827 25.455166676912473 25.28934562388983
28.256344441195907 28.226355762837613 28.185389314418956 28.13437436249096 28.07432728403206 28.006428731694104 27.932106587215884 27.853123137626255 27.77166050448522 27.690390590843766 27.612503883737606 27.541656903309136 27.481788305801082 27.436764709307322 27.409868542391298 27.403231481528383 27.417400510760775 27.45121812006859 27.506668321681154 27.598211512686483 27.72357476427053 27.878415547077335 28.058247389011186 28.25836864555728 28.472572518481815 28.670808723462553 28.840540710128295 28.980587541691623 29.0896960148063 29.166416366026045 29.209008484775197 29.215352850077153 29.185330675872734 29.133263924189034 29.05875496261509 28.947629597256608 28.742372600772747 28.36226473270252 27.862770782123864 27.313806103160086 26.755855485474484 26.23632303017302 25.83239064197715 25.62012911611632
