_RESULTS/CROSS_VALIDATION_POSTPROCESSED/Berg/GZ/5comp/1/Berg_GZ_z_63_kriged_reverse_5comp_spherical_1.asc
ncols 100
nrows 90
xllcorner  5.6208707817415728
yllcorner 50.959635321741573
cellsize 0.00013419651685393446
nodata_value 1.7014100000000001E+038
[rows 36 to 53 of 90, columns 41 to 81 of 100]
0.024801319114291374 0.025680842376974555 0.027064348738509814 0.028821967632240774 0.030923705427958942 0.033456538219686825 0.03649941419195021 0.04011133596289129 0.044308551489296986 0.049023004660619596 0.05403045003788513 0.05886332651467732 0.06307403429406226 0.06615529951366445 0.06778864405963037 0.06784223998227713 0.0651223948854504 0.057091524624518504 0.04600470491952355 0.034505728705674095 0.02438461883343778 0.01641610478591299 0.010638323418902546 0.0067057277521535286 0.004155782762746192 0.0025588619660307558 0.0015845385153284417 0.001000466189296755 0.0006541065542817035 0.00045040474139308143 0.0003324921760885444 0.0002674939994781659 0.000236980924636685 0.00023297877987820903 0.0002546982293968076 0.0003067042069157238 0.00039949530382639057 0.0005537652910692837 0.0008030654039381992 0.001198692459280164 0.0018146246091163688
0.02463040167273144 0.02482719648124016 0.02547824888340104 0.02666826464012412 0.028285421460025783 0.030397497619928562 0.03310204348078323 0.036489460019654266 0.04062476923416329 0.04551215772665628 0.05103629257346706 0.056887137228432506 0.0625736572730608 0.06744417924602746 0.0706972964415262 0.07219132082541738 0.0683945926961689 0.05820344514926375 0.04515494281465806 0.03249606519468247 0.02199204477660523 0.014149663953899841 0.00874083167307731 0.0052356297147689215 0.003072994909814888 0.0017881308514492112 0.0010453422776464682 0.0006229975571482094 0.000384193262167437 0.00024997344116296744 0.0001754074315948178 0.00013561512983689827 0.00011740732347907317 0.00011516002423710182 0.00012827033161911473 0.00016030838172519563 0.00021933305510949013 0.00032134496601698775 0.0004934817508586639 0.0007792962123446323 0.0012450257783997846
0.022781509151633593 0.022190319468423057 0.022136622441057824 0.022670758583461598 0.023727607020070426 0.025289536176526715 0.02745529232956412 0.030330915481090865 0.03401985192443729 0.038600376242930216 0.04414557790920942 0.05071314679574586 0.05805241415878001 0.06566247255591946 0.0726960963598137 0.07720335590474993 0.07253706694844599 0.05973189519627062 0.04454392222566248 0.030832538344225745 0.02006728313743477 0.012396299127582496 0.007331372479454073 0.004188566363432615 0.0023344826741696274 0.0012834612364149534 0.0007051275786212405 0.00039317872745238777 0.00022678136095377632 0.00013830073116120656 9.131584971331063e-05 6.714672162341468e-05 5.6436587309126414e-05 5.524115527084412e-05 6.313161540832218e-05 8.27542843266768e-05 0.00012024193056432802 0.00018786582485571818 0.0003073434615967017 0.000515138663675756 0.0008694009896175401
0.01975774061040018 0.018495528033676496 0.01783809528693252 0.017808085234916376 0.01834903253558294 0.019365821293728932 0.020935156235752997 0.023160674899741905 0.02616840011647388 0.030218258788485323 0.035513408853199945 0.04217133533846514 0.05021098010369268 0.059480288475383794 0.06957015397888158 0.07840717332047488 0.07695323587164066 0.06107928237605718 0.04390099117065813 0.029447268751013417 0.018572312378703177 0.011086654224243129 0.0063072685073235464 0.0034497561584989076 0.0018313975881338663 0.0009537729372202968 0.0004933052666698531 0.0002571792295748784 0.0001377027926714552 7.761247500928015e-05 4.7568517308971236e-05 3.278304818558859e-05 2.6457145459426765e-05 2.5843650462029667e-05 3.065222338454016e-05 4.282802363747052e-05 6.704452796467663e-05 0.00011280055923997921 0.00019758109061347563 0.0003519775752548554 0.0006268452733851094
0.016145121619810215 0.014494565678162832 0.013464345210983058 0.013020286928153166 0.013151737228043485 0.013723074306748502 0.014755410864737896 0.01635303665434182 0.01874469929904098 0.022130720361096815 0.026736547426175115 0.03280396578894635 0.0405411695846146 0.050038090449444995 0.061125503388760126 0.07105918273411471 0.07143287113229335 0.05900636101084046 0.04291273482380993 0.028257670933134988 0.017377234561930136 0.010064408594096219 0.005534294452397277 0.002913869946349105 0.0014822966826143998 0.0007356369864684921 0.00036003337191257783 0.00017606224280733015 8.74884881607219e-05 4.5227402181341045e-05 2.5177585898282235e-05 1.5870413310818606e-05 1.2110409189567938e-05 1.1846240467607774e-05 1.4903541927840005e-05 2.2756259388749893e-05 3.9054235285703426e-05 7.135011188673634e-05 0.00013404284269319226 0.00025323945513864064 0.0004738753612259338
0.012488031702440552 0.010728002179479675 0.009577816445052316 0.008947651885274476 0.008795533277710741 0.009048905436898179 0.009681268369373365 0.010825734733390548 0.012615509289271194 0.015233940878165738 0.018925837105376268 0.023986099890881834 0.030718460049926597 0.03934136723277709 0.04978054385353035 0.05882229517161448 0.06042923997304084 0.05305371779754002 0.04043358186007841 0.027180192413042897 0.01646806467290704 0.009340014411647576 0.005006431431679444 0.002557814145493296 0.0012563924191818945 0.0005987225195658663 0.00027951554975653563 0.00012926052542123855 5.998952701761564e-05 2.8447001537882195e-05 1.4181848580196642e-05 7.857572072975662e-06 5.409400218493743e-06 5.305299013390056e-06 7.427908152871479e-06 1.2923789313737727e-05 2.472188223549738e-05 4.910995971385287e-05 9.842744656372657e-05 0.00019565022526595824 0.0003813835056637909
0.009190065523883146 0.00753618646646971 0.00645124844788753 0.005810090233969763 0.00554181032740712 0.005594843010620549 0.005989333769414785 0.006762952455609074 0.008015246192180137 0.009907985107759075 0.01267081765960531 0.016606721582023018 0.022084082177243634 0.029417147921954715 0.038660474180096674 0.04702636250763927 0.049899422375976714 0.04586050933463286 0.03667853043623778 0.02573643945029924 0.01593715453521461 0.008932712535749926 0.004710254417407313 0.002358005358696058 0.001130388225320295 0.0005233791481102088 0.00023608219967486573 0.00010467239817831202 4.605743180731438e-05 2.0338558304325464e-05 9.134939176383967e-06 4.32086567859015e-06 2.436417828455285e-06 2.3683504317846277e-06 4.062030254941646e-06 8.357818050503954e-06 1.7871301113548147e-05 3.8167426399225e-05 8.026426133087551e-05 0.00016531844333243515 0.0003312205234444188
0.006471629212017711 0.005052386615427904 0.004135992362897421 0.003582412587146353 0.0033100317573895362 0.003292919019887802 0.0035135430743569816 0.004005371201087284 0.004832031793584932 0.006124244370044404 0.008090165679708699 0.011020279309805205 0.015276300429066126 0.021238517999903582 0.029076582602401743 0.03659900305266112 0.04039604367899326 0.03889267341880262 0.03267052175055198 0.024026894301305418 0.01553135591320123 0.008858504671597748 0.0046360976213391655 0.002297195326408003 0.0010874535695562112 0.000496126381705667 0.00021999953590438385 9.559621775697812e-05 4.102456961378314e-05 1.748549312158402e-05 7.439993391607344e-06 3.1808292881072056e-06 1.3742504285712173e-06 1.2888407875963759e-06 2.9655955127974953e-06 6.830484221724493e-06 1.549309246313787e-05 3.4379980180618505e-05 7.416238991349049e-05 0.0001548770099002494 0.0003134113267397612
0.004389549135418836 0.0032528099482727387 0.002538629550029061 0.0021087325381943718 0.0018928769861616312 0.0018544947608821907 0.0019682167623098945 0.0022596711689053914 0.002779596271816994 0.003630057551477592 0.004978967099184289 0.007076491229846798 0.010267951840601025 0.014928094219983002 0.02126877779826383 0.027965787494091572 0.03235385610633144 0.03275855906167741 0.028975731654597863 0.022410739770792838 0.015192954785867033 0.009055967724629495 0.00479056446203243 0.002372557865580167 0.0011222402930020142 0.0005119288186354749 0.00022736535177404746 9.925010288679603e-05 4.2967704056099734e-05 1.860391231171654e-05 8.176084506469592e-06 3.7648257203652576e-06 2.0404639656667045e-06 1.9763824989422455e-06 3.541609812432626e-06 7.5497654872523285e-06 1.6594650799410768e-05 3.6290708723440415e-05 7.776834450553016e-05 0.0001616922640627347 0.0003243767237362188
0.0028894140804517302 0.002025559504435267 0.0015016464661048957 0.0011945369447384602 0.0010422480290255005 0.0010030584911345645 0.0010578512371201445 0.0012216728986136325 0.001538806101221257 0.0020801575234574558 0.0029753875476708574 0.004433750178752569 0.006752775724307857 0.010255412686373259 0.015279490475153704 0.02117215996616375 0.025854708728290765 0.027663257011274534 0.025855416040950693 0.02110024691366234 0.015058493948252259 0.009426045908026516 0.0051959607246016525 0.0025968873971173086 0.0012406043116793693 0.000573477122440631 0.0002594923023393699 0.00011632564807386405 5.2271637006405274e-05 2.3964598837256465e-05 1.1542939494227561e-05 6.183931009583564e-06 4.14169895979584e-06 4.066928748492814e-06 5.8948263190611144e-06 1.0721205173086089e-05 2.1508709760030396e-05 4.445351480004357e-05 9.181933595956951e-05 0.00018619349894425519 0.0003661626592973025
0.0018621105149582847 0.0012302567941612943 0.0008626173323997809 0.0006570993584898874 0.0005549963152796988 0.0005230341352261984 0.0005476736596153036 0.0006387156320513856 0.0008250205605752438 0.0011598795741679813 0.0017398017355036005 0.0027311952165810713 0.0043640695338230335 0.006958944809529168 0.010891821411752291 0.016015800138497356 0.020779500733386504 0.023610450777279468 0.023403607139280767 0.02021277372640713 0.015228226348508551 0.010041191788662836 0.0058235752544357556 0.003000705011667015 0.0014604046654563903 0.0006914353810653788 0.0003229317202170091 0.00015079741143136883 7.162369466692286e-05 3.543572227647142e-05 1.8917364796563723e-05 1.1509239358962138e-05 8.612656396079948e-06 8.494861416432111e-06 1.1058229376345234e-05 1.7662498888105026e-05 3.1983445164406655e-05 6.135486107049874e-05 0.00011994692880197646 0.0002334074056896086 0.00044474520137584246
0.0011872313859453666 0.0007361685841403832 0.00048658498511183453 0.0003533360256741134 0.00028727311205708675 0.0002639881277043373 0.00027472708275320674 0.00032434429393878435 0.0004310526888103276 0.0006338912030153915 0.0010039683945344334 0.001662351231915286 0.0028020251270739556 0.004716032074247782 0.007786284742749518 0.01220271824513048 0.01692153643788689 0.02051235673496599 0.021635741388011002 0.019820490636927163 0.01578904063372264 0.010981321554212274 0.0067111438887032 0.0036332273989945203 0.001813103786917237 0.0008855084767368175 0.0004297205953810964 0.00021071312152037803 0.00010654055932696202 5.6975555106511446e-05 3.3319162993064674e-05 2.22394362726529e-05 1.7763314648150605e-05 1.7577566135891843e-05 2.1480126645920623e-05 3.129678635815544e-05 5.173263085554068e-05 9.211157945570678e-05 0.00016933579709997986 0.00031343471369717636 0.0005733282440322442
0.0007581018026646655 0.00043940243525255316 0.00027277366888752385 0.00018730140784976312 0.00014544088333620154 0.00012973268748320274 0.00013400700679729437 0.00016061841945904992 0.00022111916778425007 0.00034253171694132676 0.0005759968559568382 0.0010114290279620887 0.0018095504688438202 0.003229586321179494 0.005643423479061056 0.009435555323361119 0.014057373214997605 0.01825365691757198 0.020543316012797342 0.019988360265727277 0.016836396681579893 0.012341719095536855 0.007940311662542427 0.004531164688863146 0.0023448392645774602 0.0011837668329414699 0.0005987470605323816 0.00030915917332909623 0.00016637209131202093 9.557677715183614e-05 6.0287758223388515e-05 4.308960454707762e-05 3.595913032426296e-05 3.56714669883027e-05 4.187449810097702e-05 5.7076927076219795e-05 8.761304998401258e-05 0.000145782293759707 0.00025229883389744787 0.0004429424874376218 0.0007739960373705571
0.0004911188948900272 0.00026562066500504517 0.00015408152315198926 9.901728696394155e-05 7.26510447784943e-05 6.238836923435917e-05 6.376084920300109e-05 7.79364000478122e-05 0.00011226511615599149 0.00018510640400677043 0.00033258353842218033 0.0006242863190085409 0.0011918709004784438 0.002263162748204172 0.004193669639494166 0.007454816277011796 0.011982993675882184 0.01672578743236966 0.02012768911685291 0.020803607911195822 0.0184941119501486 0.01424212302434142 0.00961037409255098 0.005757943304980899 0.0031091154907435287 0.0016228846309568829 0.0008560583855544108 0.00046511225425035585 0.00026546542127146844 0.00016254529607348357 0.00010919340877921317 8.231775828702259e-05 7.100155973273094e-05 7.056544398311351e-05 8.06354993009572e-05 0.00010468910751695125 0.00015139072108967395 0.00023738992643577124 0.00038858805887707264 0.0006476543759610962 0.0010793599033349795
0.00032816824379874144 0.00016562626070865382 8.927091287305489e-05 5.308636652256054e-05 3.6250300635995374e-05 2.9517989033981536e-05 2.9688868835986508e-05 3.729472993325766e-05 5.7098876079626393e-05 0.00010152858365790575 0.00019699663143600476 0.0003980387172619592 0.0008134792547207002 0.001644643839739539 0.0032303974704657175 0.006067085257144971 0.010525735805582904 0.015840757566597367 0.020421921278440693 0.0224025774734373 0.02093184022636992 0.01682668952706599 0.011816154177474971 0.0073750532887119705 0.004161144480262489 0.0022433996293631645 0.0012325462780098718 0.0007030837928213374 0.0004238642768310382 0.0002747850538156651 0.0001948501856820615 0.00015355199826503355 0.00013588093272777255 0.0001354453435033422 0.00015195051897789672 0.00019026327505304724 0.00026219119031215107 0.00039057579173995695 0.0006083304192312261 0.000965207955691989 0.0015348681240532748
0.00023049115622720715 0.00010911651658222843 5.4401712633014316e-05 2.9582068485047242e-05 1.839021316370602e-05 1.3850095767689976e-05 1.3576124261767895e-05 1.778952464027159e-05 2.970364449923948e-05 5.801596098411857e-05 0.0001228536585731215 0.0002680679194684716 0.0005856979915171041 0.0012563866519037007 0.0026053156431920673 0.005150452552792573 0.009539384524156562 0.015526202896149326 0.021504396428937884 0.02499547599472748 0.024345169342693335 0.020193578520991785 0.014605847261336843 0.00942024830144263 0.005524738551624233 0.003076383373663457 0.0017569892185450887 0.0010499414296382375 0.0006665050795471825 0.0004554484938499956 0.0003390629875370772 0.0002776208487687431 0.00025095927664414106 0.00025130308662873313 0.0002784371637082508 0.0003392234230626511 0.00044973745834793016 0.0006404362198447317 0.0009549349153993053 0.0014475808828014294 0.0021998433644323597
0.0001740480441367002 7.803537369325281e-05 3.6208915389886236e-05 1.7885244451033938e-05 9.826025701164103e-06 6.533772038611056e-06 6.108447497610297e-06 8.647507615310815e-06 1.644079226960732e-05 3.6005930922635777e-05 8.351420943525709e-05 0.00019577751598490853 0.00045336161548294374 0.0010220783236903168 0.002217381119007109 0.004579335766291824 0.008894988643247354 0.01567183126772493 0.023445333210503357 0.02882308153274445 0.02886971325707304 0.024349903536401082 0.017943055141477975 0.011857391803382843 0.00717428544139897 0.004121359967129098 0.00244256407275143 0.001527419890490832 0.0010198041806253018 0.0007331674096445607 0.0005712249066899934 0.00048340422688323013 0.00044595523392803574 0.00044933920376308284 0.0004938336031450763 0.00058913532328693 0.0007569056278783677 0.0010367090856101386 0.0014859507436393367 0.0021610370582414327 0.003145291388768223
0.00014446957984461505 6.247909482556852e-05 2.752484739899205e-05 1.2538233337504931e-05 6.0125565376398496e-06 3.267584790725698e-06 2.7137531579642127e-06 4.576502747611885e-06 1.0457658996799299e-05 2.5723248215178992e-05 6.433045068259201e-05 0.00015898112986607985 0.0003831850346783511 0.0008929171853456706 0.0019960736732495175 0.004247896685931778 0.008533638209432842 0.015978221053920695 0.026177198731302403 0.03425992099319608 0.03435096723866 0.02897316763099458 0.021585257570638165 0.014526440473927763 0.009005226619111217 0.005320198153216532 0.003268313383904602 0.0021406834236250465 0.0015056625066142855 0.0011391226704984365 0.0009253925620054507 0.0008083721964071136 0.000760903384541961 0.0007724487326369952 0.0008446984382189146 0.000991310334070245 0.001240933155715534 0.0016438251507186203 0.002271852290856121 0.0031793088922503028 0.004443997017927022
