_RESULTS/CROSS_VALIDATION_POSTPROCESSED_80-20/MHZ/TZ/1comp/5/MHZ_TZ_z_1000_kriged_reverse_1comp_spherical_5.asc
ncols 100
nrows 81
xllcorner 5.5967107548124995
yllcorner 50.982328804812504
cellsize 0.00017565037499993607
nodata_value 1.7014100000000001E+038
[rows 0 to 18 of 81, columns 0 to 42 of 100]
0.9393124051490443 0.9996565264801247 1.058529242793093 1.1107014930486134 1.149596060584112 1.1687705497993546 1.1638353400895929 1.1364241211147996 1.0930974365094568 1.0414865959342494 0.987754496201128 0.9361152853076191 0.8882983865331573 0.8444672472452489 0.8052238665088337 0.770958354835795 0.7418919728301125 0.7181417616658646 0.699788852544859 0.6869274216511797 0.6797029863650673 0.6684586089031512 0.6581629669922908 0.6509881924363784 0.6440096043991438 0.6384500280688759 0.6390626709701447 0.645918930477849 0.6585975720222316 0.6767433203261979 0.7000150053392209 0.7280181562631063 0.760227009414054 0.7959265514266498 0.8342237275368832 0.8735318979627321 0.911744344410881 0.9463297243459413 0.9743729485401543 0.992286069992385 0.9980056097298974 0.9909676701183425 0.9721452871416967
0.9976121769632118 1.072723180987926 1.1484898997120812 1.2188265833841396 1.2740657316154362 1.3016727713106568 1.2918756066839294 1.2484724172539983 1.184955392033127 1.1138098162330807 1.0429469471258332 0.9767351602529274 0.9173433132121507 0.8660550443630258 0.8217236194813331 0.7833200920394082 0.7508254082646293 0.7241453980507095 0.7031260748008888 0.6874284464400281 0.6757109360037892 0.6643947913686133 0.6549531516159725 0.648651928603014 0.6422993962317141 0.6397344872694544 0.6440038406345049 0.6546444088151665 0.6713321747926767 0.6939792239127854 0.7224171844883486 0.7568084150436895 0.7969023973659821 0.8418668972952501 0.890449677714483 0.9408089863509748 0.990363383986269 1.0357441530254574 1.0727894254447712 1.0964089862051551 1.103378796537239 1.0927497004136641 1.066101247043434
1.0602531642121809 1.151292553732945 1.246532507091785 1.340532620447203 1.4216113882573993 1.466081871548392 1.4474267539149879 1.376699409010484 1.2847481662329 1.1899173505689749 1.0998736157762992 1.0178849461889246 0.9455373404767894 0.8834763461812292 0.8318895941425779 0.7898339915950258 0.7543975735786621 0.7250779112128092 0.7014622971327305 0.6829115266987493 0.6683323221813026 0.6566390411401707 0.6483444898232941 0.64341826704971 0.638723745690635 0.6397329858186673 0.6476312025211461 0.6621491587641206 0.6831061556187923 0.710836941211586 0.7458880750385823 0.7882088608214611 0.8374428932977487 0.8929362488658656 0.9535331447057699 1.0173096339685423 1.0812615984380327 1.1410380130320747 1.190661692557114 1.2226290731764389 1.2316149019080789 1.2158989985169157 1.1782028458654457
1.1233429540388606 1.2294470756506768 1.3435958659469356 1.4631036807863458 1.5809539372756767 1.6659934993438443 1.6260309012996785 1.5073362696512775 1.3809696339953854 1.2614521085689276 1.1525684655586796 1.0557099049138685 0.9712731931986164 0.8991680144928323 0.8390580755859698 0.7905120290774454 0.752477604128828 0.7212075629724269 0.6956933358513602 0.6753153315347051 0.6593998791336275 0.6475319631895836 0.6399684655558879 0.6362537179483634 0.6339253740543818 0.6382615173675626 0.6495539211980658 0.6677933556482466 0.6939538254365347 0.7282701690367233 0.7707087927975351 0.8213092913577207 0.8802803102166634 0.9472960786128144 1.0214847830199205 1.101089101016252 1.1829411542836865 1.2617884598229112 1.3292305056575553 1.373905998713301 1.3863363702650626 1.363079885322222 1.3092286959389046
1.1828966562962286 1.300580643569532 1.4277166396179402 1.5628864758481231 1.7043559708737548 1.8486040944457445 1.7665819861992311 1.6058934445614834 1.4559935510020694 1.3189207724299383 1.1957603750785524 1.0869303853674557 0.9923528431127016 0.9116046234853431 0.8440593306148051 0.7890112846328815 0.7457760430298279 0.7130126243868059 0.6865429816907046 0.6653695358095324 0.6490608896825462 0.6374146891491757 0.6305903618357556 0.6279190396536153 0.6280493726080383 0.6352599397671441 0.6497504951395174 0.6727656070711299 0.7045473912659644 0.745262712829251 0.7951502152109982 0.8544402933954259 0.9233799051834511 1.0024156200141616 1.0912181640360592 1.1885701300357316 1.2917118020807998 1.3951451969947732 1.4879259784966954 1.5529177174978392 1.571754154522906 1.5365364743973133 1.4580344581961318
1.236077554445028 1.3602397332005307 1.4910211863550773 1.6232959818277672 1.7450989628362223 1.819074108074882 1.7741344904499956 1.6451538180176997 1.4987509526351033 1.3567925131634493 1.2261662300960392 1.1094122792531123 1.0073066799290957 0.9197389374817021 0.846135780658882 0.785717134390965 0.7376671951529082 0.701254998525499 0.6745578204745059 0.6534641609548635 0.63747514209542 0.626478741044514 0.6205973102834378 0.6189058692117415 0.6212134999701502 0.6309638705919581 0.6495172786827291 0.6771584754483244 0.7141232688180517 0.760808615357982 0.8177187651143305 0.885398605272897 0.9643445681110443 1.0551182956570153 1.1584656558116497 1.274099282884706 1.4004641128452722 1.533297727170721 1.6610655965068444 1.7602397662626688 1.792647217384573 1.7361565311438647 1.6183382012869045
1.282065972718496 1.4081838614477789 1.5353416913327318 1.653958923392786 1.746827065798872 1.7861545371744807 1.7485552411751804 1.6465663892578302 1.5144065544222316 1.3760538987270399 1.2435939414914645 1.1226562658763015 1.0156095357039994 0.9231105119518077 0.8449125137923754 0.7803312376163557 0.728532122483466 0.6887168656992606 0.6602546200429639 0.6399653182448681 0.6248796586817048 0.6149455876957957 0.6102815287899955 0.6095871754327036 0.6136349396796451 0.6265789782124006 0.6488040012928931 0.6804793037647684 0.7220102775662122 0.7739908663298706 0.8371548873471446 0.9123191546177446 1.000312718792396 1.1018865708282777 1.2181338545682625 1.350152696247367 1.498031553680656 1.6601837093117886 1.8297452534603602 1.986131106051714 2.0542873219505435 1.9510635884480332 1.7711523342608602
1.3218673839822297 1.4475355036526194 1.5684770595029915 1.6729251675512227 1.744755788421646 1.7659279767033311 1.7269975259807917 1.6366258130202427 1.5151369420157494 1.3819690225259822 1.250273478618 1.1275620247380427 1.017579545320804 0.9217902138044345 0.840359556223793 0.7727788059970006 0.7182596042127218 0.6759855722182356 0.645279023128296 0.6252866752031008 0.6115856110206691 0.6030890370913357 0.599932081222761 0.6001233852330098 0.6063455498604089 0.6220911317779855 0.6473310135597106 0.6823465117133258 0.7276740127991035 0.784056863308053 0.8523955226229103 0.9336892233502793 1.0289652541206147 1.1391963142806905 1.2652764093974076 1.4088752327773009 1.5711994678866044 1.7520664577569682 1.9506410757762556 2.1661963165920874 2.361892434595959 2.1176375349367103 1.8752819898104263
1.357345262135729 1.482396099271606 1.5980303814002828 1.6917612706873693 1.7495530729167585 1.7584700916554392 1.7147845726625996 1.627016590947836 1.5101386209237395 1.3800441771490852 1.2492030710439261 1.1257064800023753 1.0140398828722597 0.9162106597159834 0.8327031635042073 0.7631649523353592 0.7068652537757337 0.6629911394318563 0.630839394042752 0.6099496207635327 0.597962629457171 0.5912314076708723 0.589830319269095 0.5911821691859194 0.5994553836742995 0.617355175802489 0.644920701856244 0.6825124551682804 0.7307555668304895 0.790486711707276 0.8626942761786416 0.9484423242583621 1.0487706914671413 1.1645670811808362 1.2964116029649653 1.4448389292507249 1.6104024883435906 1.7904799050069704 1.9800244903583768 2.161586053040995 2.2473172649279625 2.107953249845482 1.8908799281153756
1.3902217970576922 1.5161546241394357 1.6292112305649968 1.7163440726449548 1.7643540007704843 1.7633561931839254 1.7127874311763147 1.6217992926994187 1.504194717592582 1.3740353127337182 1.2428762664143942 1.1186387274404737 1.0059412226289248 0.9069650059372645 0.822348444613161 0.7520878442569805 0.6952915503594521 0.6509468961763719 0.6182431211351265 0.59666722539365 0.5855486496041163 0.5804977387392042 0.5804010646297888 0.5832191828636162 0.5929001863910097 0.6123210758810087 0.6415120492629832 0.6808796985965524 0.7310958115698931 0.7930346524501176 0.8676950863727337 0.9560921614289376 1.059101212681815 1.1772366504839118 1.310345054837897 1.4572355794037837 1.615734586294632 1.7796483834518528 1.9357660983852414 2.0554820075721514 2.086745004400921 1.998087379312814 1.8342053736741373
1.4213913411934316 1.5508347525563495 1.6650572370511187 1.749725524530444 1.7907170649107966 1.7802874241519253 1.7205615376926073 1.6218204550986381 1.4989986468667575 1.3657249010059904 1.2327692710363585 1.1074683114160968 0.9947051404445206 0.8968107936543658 0.8136023774595056 0.7443308801223749 0.6880596993921959 0.643894892859844 0.611122391234179 0.5892920540213479 0.5782814351259506 0.5748847001325902 0.5756750458859574 0.5791673777194077 0.5883898602583421 0.6075802682682239 0.6371713949987234 0.6775051862595959 0.7287379803593572 0.791731282492786 0.8674348734399101 0.9567359239436598 1.0602355098132947 1.1784578091377758 1.3112745723622115 1.455219813952106 1.6038825422027974 1.7480468742053283 1.8714967994725358 1.9503145895386753 1.9582353729397337 1.8863583414511826 1.7554724516901887
1.450435452395011 1.5868019370211623 1.7068864260858767 1.7934770805998737 1.829737359545001 1.8088653983172422 1.736350527216141 1.6259907038077306 1.4941093521046451 1.3552250170804454 1.2200023434819565 1.096203005430093 0.9861954774923588 0.890606447550579 0.8091513686205374 0.7411021537092098 0.6856037303308389 0.6418754261620201 0.609326262967577 0.5876093026411949 0.576657447629 0.5748595242415807 0.5762996599467965 0.5803661596924237 0.5887914543925908 0.6066373292846421 0.6345178141278902 0.6732097651917633 0.7239084901017664 0.7868476164267373 0.8622770840664784 0.9513984745014479 1.0561250728257983 1.1760222677259873 1.308756772979505 1.4486573993259244 1.5872423615344478 1.7134744392823218 1.8116285938831644 1.8642082464332022 1.8578367347754234 1.7913524612643235 1.6783284357063148
1.4749580533227793 1.6220313634197931 1.753989435674142 1.8483865339239995 1.8821703581025577 1.84784661697721 1.7570716285089771 1.6305011937911162 1.4871929440172826 1.3437591140026524 1.209767623470654 1.0884916881603757 0.9812620876080406 0.8882088084539443 0.8088171869098515 0.7422973805106633 0.6878371012449956 0.644772941810094 0.6126884518592908 0.5914217608777261 0.5810087438802128 0.5799289488343131 0.5819646598991974 0.5864880329048727 0.5940734206459057 0.6100095543927382 0.6356055770338984 0.6715222143242195 0.7188186972278137 0.7789409630740185 0.8543313961318163 0.9452115441375192 1.0516971016465713 1.172807578718484 1.3049322712730946 1.4416129706475818 1.5725655459556158 1.6851989265017038 1.764840631027142 1.7987807045128394 1.7809167573842994 1.7142478250152697 1.6100294854704882
1.4902026084110742 1.6511467254493113 1.8025978043170563 1.914558250213592 1.9489297331619189 1.894121599575679 1.7766159472006253 1.62937938046148 1.4778033771615589 1.333546878799655 1.2012424016441334 1.0830511679544974 0.9792270011763409 0.8893137495091608 0.8125396663308632 0.7480114240168083 0.6949288074189216 0.6527426950050838 0.621286052905418 0.6007645085731931 0.591307179571248 0.5899977396498262 0.592581264708896 0.597408745976726 0.604378467754281 0.6177437812746724 0.6403979676982235 0.6728843152944425 0.7162067004742 0.7736168472922174 0.8475831977206664 0.9394224124543087 1.047136584885616 1.1688617401066357 1.3010545965124691 1.4366986837968643 1.5640100235040428 1.6680877030166037 1.7340047248368782 1.7524754089893526 1.7231867779220478 1.652730794250485 1.5518205559988927
1.488912277699588 1.6632278246618948 1.8409947921518757 1.988651873753584 2.0304036447274614 1.937564183360591 1.7825007436586455 1.6182968043814399 1.4625996238179446 1.3200128293915026 1.1919132386757945 1.0784416034320354 0.9793414141837338 0.8936871249425882 0.8204221257373979 0.7585941388613775 0.7074011549226704 0.6663485460642115 0.6355281689178551 0.615908153826581 0.606595896825378 0.6052667580733156 0.6083358539067726 0.6132008767897824 0.61980366652247 0.6300608266234092 0.6489930020306346 0.6774040092348852 0.7182469771803071 0.7735747088608411 0.8449651403811039 0.9341583967406246 1.041719764789075 1.163827847256949 1.2969624724164384 1.4343328370252224 1.5632438530684676 1.6646586211900887 1.7196338752462088 1.7222415316736392 1.6799191776841673 1.6031899163154826 1.5024244301617937
1.4629514303237623 1.6413978175076303 1.8384653051477227 2.043358217328337 2.118402924388016 1.9430004569257198 1.7567578715696457 1.5870774889844916 1.4347870846014095 1.2990991512075643 1.178977636262408 1.0733334720606267 0.9810658952278873 0.9011792562791501 0.8327271328582058 0.7746816477146564 0.726243316965194 0.6868805519588408 0.656577475462381 0.6363144811650097 0.6271800397351898 0.626517359399936 0.6297555263864965 0.634115335668961 0.6397968156368198 0.6473342081998159 0.6616177153634394 0.686996279740441 0.7255239697741416 0.7782127978386837 0.8462811114698888 0.9312970334042374 1.0349437546544236 1.1566102919168602 1.2906497812835678 1.431646589983062 1.5683482395770796 1.6762000765367677 1.7201939044782208 1.7021582025983066 1.644881188007224 1.5611722382952384 1.4595326564810762
1.4083546951661257 1.5729951966781768 1.753443689423109 1.9344871522151874 1.993124419700942 1.8449980324948951 1.6796856699324587 1.5274024339582926 1.3906061063449502 1.2688385328465013 1.161127892254345 1.0664089796063085 0.9836221031147084 0.9117495386981223 0.8498448309113343 0.7970915754885369 0.7528503402358575 0.7166196945118983 0.6873338418930366 0.6631612319975725 0.6560092739152191 0.6553311037791782 0.657608082908016 0.6604690000587541 0.6643357982320194 0.6697030122457392 0.6798456767551172 0.7022115453350275 0.7375078331282569 0.7865147280201616 0.8503816751410795 0.9305245931295593 1.028488873272023 1.1457292928090235 1.2786424308228057 1.4212086968952649 1.5674695621293828 1.701211840332083 1.7245467310700764 1.6792961374760902 1.6099576275892233 1.5220951144186905 1.4208113503111717
1.3300673394116411 1.4664617658049894 1.603277021072392 1.7122536851134678 1.7382340327243266 1.6702994062724175 1.560158220106309 1.4431683413836822 1.331816223004284 1.2299796022399794 1.1386385989720418 1.0577115194943916 0.9866963335461825 0.9249278308507939 0.8717045316050742 0.8263771286036935 0.78844335080584 0.756682451932506 0.7292759920813546 0.7083020116331917 0.6965443709529306 0.692946245754156 0.6924263586652951 0.6924162304037119 0.6932872878517086 0.6959940401436703 0.704329212904122 0.722377762552652 0.7533627912844575 0.7978421931974656 0.8567190376221001 0.9311379880794156 1.0223433155235515 1.13147343916286 1.2583362135911607 1.3949141797834854 1.5335225220013873 1.6547764838971417 1.6790851016400896 1.6364599286083348 1.5687087177072918 1.4830887336153522 1.385219460075663
1.2396803634995526 1.3450408619355667 1.4416235031388118 1.5087972974124548 1.526458515068049 1.49429011810894 1.4281252023016444 1.3475047889903828 1.26465449241606 1.1856083508439865 1.113051266462801 1.0480178949274273 0.9907273183169264 0.9409894438386563 0.8984215718623765 0.8625769995449503 0.8313662109651999 0.803394340947373 0.7789865247537155 0.7593885817570563 0.7456893924514066 0.7385203493471478 0.7336199601674893 0.7291892764794287 0.7256486731972412 0.7258946373583937 0.7329100590299447 0.7471397536948161 0.7728131193260575 0.8118905258358856 0.8649638145404944 0.93282195652115 1.0162616628861185 1.1157822497902152 1.2310406372639904 1.35523040837086 1.4731151796141022 1.5631672904354816 1.5976300178912946 1.57776047768958 1.5227281425124437 1.44481794014764 1.36017553756207
