_RESULTS/CROSS_VALIDATION_POSTPROCESSED_80-20/MHZ/TZ/1comp/5/MHZ_TZ_z_63_kriged_reverse_1comp_spherical_5.asc
ncols 100
nrows 81
xllcorner 5.5967107548124995
yllcorner 50.982328804812504
cellsize 0.00017565037499993607
nodata_value 1.7014100000000001E+038
[rows 0 to 18 of 81, columns 0 to 42 of 100]
1.4656199904712357 1.45150369030637 1.4385717853815128 1.427728054159488 1.419985576602401 1.416268791128692 1.4172193159925621 1.4225765398527976 1.4313261532730512 1.4422359666737998 1.4542154359222084 1.4663944206354367 1.4783231954779819 1.4898720507631158 1.500766619854004 1.5107527270547947 1.5196027813731874 1.5271142890154548 1.5331035458998532 1.5374020780543816 1.5398547068576545 1.5437283665752553 1.5473371507459497 1.5498881269935754 1.5523985579772166 1.554419584103663 1.5541959474469929 1.5517088092094509 1.5471835904694242 1.5408675866245511 1.53302872227271 1.5239588054700601 1.5139779666936053 1.503430658758827 1.4926629796948299 1.482145000375338 1.4723913623122953 1.4639299339107894 1.457305736439078 1.4531789260239603 1.4518777940442964 1.4534799687953113 1.4578245329467034
1.4519670435855017 1.4355670610378508 1.4202019659843916 1.4068578760714296 1.3969282381250452 1.3921318163581187 1.393821798392485 1.4014720572498303 1.413180704476367 1.427098950502104 1.441919530428037 1.4567569706379628 1.470998733749803 1.4841063779859176 1.496118580060673 1.5070964248852925 1.516843827253744 1.5251906418823122 1.5320020370806047 1.537233013592763 1.541222017724941 1.5451456078175865 1.5484746748307225 1.5507253185966323 1.5530182475916594 1.5539509757681975 1.5524006434845314 1.5485844061676115 1.5427318028359167 1.535034636507516 1.52574262764373 1.5150156375366064 1.5031494860220773 1.490577111182866 1.4777720393217362 1.4652584349975886 1.453618092368989 1.4434848080663512 1.4355531357423892 1.4306446900074472 1.4292174351035143 1.4313978372197338 1.4369636359573017
1.4382045977112246 1.4196541274575778 1.4018204010638966 1.3855558280378035 1.3724469661468537 1.3655798858520303 1.368434187890716 1.3796101421458304 1.3950596241498352 1.412242759187171 1.4299340301512338 1.4474158147729832 1.4641201073385324 1.4795637545383789 1.4933040359976832 1.5051944831274742 1.5157504368566015 1.5248933863985492 1.5325504930498095 1.5387619963374943 1.543772268929699 1.547876467473396 1.5508357298531208 1.552612626864441 1.554319638780154 1.5539515229494207 1.5510921117992762 1.5459327697227097 1.5386958904763428 1.5294782415613895 1.518364275579524 1.5056674200462097 1.4917819800980388 1.477136742545285 1.4622087835934245 1.4475436512472029 1.433779590068568 1.4216654175794727 1.4121024099627548 1.4061595012572596 1.4045180774644839 1.4073971097290197 1.4144637178431296
1.4251809063792376 1.404912927690965 1.38504586120095 1.3660330518653117 1.3487840975850125 1.3371331920670582 1.3425311103136157 1.3593978254313641 1.378918790428782 1.3991556951760262 1.4194051845241524 1.4391736475180983 1.4580279754227663 1.4755527905186396 1.49134130492919 1.504997471288121 1.5163374227062227 1.5261298195266197 1.5344630749044221 1.5413579882380846 1.546900395197513 1.5511278061957374 1.5538657227948531 1.5552232208674233 1.5560784403225412 1.5544884438023252 1.550401708647923 1.543959735766962 1.535043116888709 1.5238788894202902 1.5108271850518484 1.4962340760152084 1.4803899603942077 1.4636982350440826 1.4466176408815001 1.4296852671612084 1.413562619064972 1.399095999104202 1.3874478674123618 1.380063593764287 1.3780530305932273 1.381830013405463 1.3908374121990186
1.4135710638690053 1.3923195517035616 1.371491236139343 1.3513415097693824 1.332073538396976 1.3140265940083142 1.3241065118617619 1.3453024551285089 1.3671187774409428 1.3891883356962924 1.4111434801036926 1.43260101911954 1.4531636903059217 1.4724262307956864 1.4899825006359144 1.5054337729697027 1.5183989006238194 1.5287714426717667 1.5375318922872567 1.5448048209190108 1.5505785346885037 1.5547980460826654 1.5573093332030017 1.5583003427404656 1.558251886308549 1.555587830327482 1.5503312475831523 1.5422363964074184 1.531534609217011 1.518557623664773 1.5036546091550222 1.4871892048874984 1.4695073055931562 1.4508799207627137 1.4317138400999658 1.4124970168402509 1.3938501668981818 1.3766394511189348 1.362284622520466 1.352765504999189 1.3500825633270814 1.355125882548321 1.366806572757893
1.4037075145216589 1.3822958172442024 1.3618217126029444 1.3429054393811657 1.3268245732203083 1.317602828165234 1.323158872783878 1.3399314904588011 1.360669955846112 1.3828625343193437 1.4055118833092746 1.4279895233131912 1.4497785943690147 1.4704056194131814 1.4894208591374862 1.5063945744835838 1.5209199513365192 1.532618925796929 1.5416185863289242 1.5490043962299056 1.5547759296640786 1.5588365539806752 1.5610400459790703 1.5616779206273081 1.5608081350415723 1.5571711293309496 1.5504148455352715 1.5407252222461196 1.528411526717092 1.5138019244207819 1.4972375601014343 1.4790683585695616 1.4596511742784288 1.439300156432624 1.4182583114341474 1.3969223438098812 1.3757903518494412 1.355595596143719 1.337791679190019 1.3249054534463938 1.3208531052432042 1.3279659512103243 1.3435856492771714
1.3955272856650298 1.3745638761920966 1.3552990433942984 1.3387448005868336 1.326604685753022 1.3216590285968908 1.3263850085721407 1.3397406805613972 1.3583557393229102 1.379714842891087 1.402349144340373 1.4253184961006335 1.447921864556416 1.469573642751602 1.4897515525868497 1.50797477680461 1.5237958524752289 1.536798859996064 1.5465990996943138 1.553866869334932 1.559433438540903 1.5631788050074844 1.564959842997854 1.5652262477132153 1.5636778181428945 1.5587991934969676 1.5506707251810485 1.5395898141957796 1.5258727982509206 1.509850015707864 1.4918606526763463 1.4722479733235572 1.4513551755550822 1.4295222120572975 1.4069853484199286 1.3839583088197032 1.3607768913366967 1.337909729660972 1.31630381061627 1.2980918041944969 1.2905983819804465 1.3020476792389737 1.3235325675405236
1.388689462928009 1.368417439608957 1.350546967629569 1.3362102886328167 1.326868265617984 1.3241887648078996 1.3291411441476102 1.3410869975902993 1.358248371538005 1.378757307055496 1.4011491489328545 1.4243374696637947 1.4474836664847919 1.4698990583319163 1.4909868742650545 1.5102103649749354 1.5270763650041292 1.541127674702589 1.551939732378034 1.5592813565945869 1.564460384813487 1.5677354032597643 1.5689649706474733 1.568890263094128 1.5664743221112492 1.5604782550234697 1.5512001017913828 1.5389540188613433 1.524067985077576 1.506880455513511 1.4877365444688924 1.4669839490748624 1.4449684591151848 1.4220286420477455 1.3984779247875532 1.3744543722934401 1.3501610997403692 1.3259393540943216 1.3020957730391889 1.2788137811201918 1.259579034711319 1.2838514802175027 1.3108447324707089
1.3827715633801199 1.3631141151909247 1.3463941894224867 1.3337218326769524 1.3262582688739364 1.3251289009086522 1.3307180272486028 1.3423963555925542 1.358984191168951 1.3790684351961842 1.4013410016641499 1.4247080052410315 1.4482716505861142 1.4712797302280616 1.4930803766857004 1.5130901707204027 1.5307745009122737 1.5456372940388052 1.5572171777304211 1.565087146342873 1.569735575310264 1.5723902131913565 1.5729468760196257 1.5724097518260574 1.5691512413567816 1.5622643713063096 1.5520691474145827 1.5388976046213647 1.5230923256378597 1.505004824308245 1.4849938651175076 1.4634237281349034 1.4406622275840588 1.417078116838141 1.3930377083310626 1.3688331140651013 1.3446788554496023 1.3211218020522677 1.2987756423713546 1.2792872522752543 1.2706413212820689 1.2848698195295798 1.3090053306922314
1.3774283871860142 1.3580988593634633 1.3420966217409949 1.3305160401741978 1.3243868453584298 1.324512509022719 1.3309769692865707 1.3431105630606377 1.3598624630611562 1.3800425813701243 1.4024784745589753 1.426125247443327 1.450085488325905 1.4735873122108567 1.4959445243313203 1.5164567783454708 1.5345969123777357 1.5499028972542945 1.5619283685311547 1.5702439356654128 1.5746569143317881 1.576691641444497 1.5767307724773694 1.5755929575135843 1.5717290522635423 1.5641792114563946 1.55330413856126 1.5394533196110036 1.5229848701184296 1.504266073698957 1.4836746153168923 1.4616006507405945 1.4384498887415 1.4146479259955274 1.3906468247256096 1.3669287265893195 1.343943715468779 1.3224695899733554 1.3037956262234582 1.2904692477808626 1.2871162228605344 1.296758947395226 1.315763126933923
1.3724814915533483 1.353064225687016 1.3372581472479852 1.3262363723096178 1.3210923837326944 1.322389843739867 1.3299707205390963 1.3431076613784378 1.3606331493474229 1.381397112797425 1.4043081141112936 1.4283843871681026 1.4526276519124275 1.4761505614936221 1.498393806011136 1.5188460480275865 1.5370201936387855 1.5524400679223151 1.5646376643529323 1.5731611128825886 1.5775905165153221 1.5789754007266301 1.5786523798473224 1.5772307549902311 1.5735206730169118 1.5659980895870576 1.5548870769320253 1.5406064005650615 1.5237306197802756 1.5046436561077803 1.4837430619017984 1.4614479357458163 1.4382083548420774 1.414415134571995 1.390488263408727 1.3672372561005017 1.345581137055698 1.3264496069278067 1.311293416488528 1.3021329434593836 1.301232910903005 1.3095369737592135 1.3255079151869587
1.367971301420737 1.3479627019953553 1.3317438600433595 1.3207503079183005 1.3163047687396168 1.3188527438530078 1.3279411273434178 1.3425366075188419 1.3613608355937565 1.3831207196176007 1.4066416912502686 1.4306870145659798 1.4545731911939248 1.477731930468733 1.4996510806928673 1.5198484139758641 1.537849379002322 1.5531721470268611 1.565326437489673 1.57383223745682 1.5782515321990729 1.5789856982164392 1.578397434090522 1.5767449027723817 1.5733605482260944 1.5663616879860371 1.5558605115928188 1.5420831218628697 1.5252662259443424 1.5060643640112636 1.4851042904374816 1.4627173944077843 1.439084913037552 1.4148796755890618 1.3909180305984534 1.368244734555841 1.34790096597203 1.330887859897862 1.3185137297209215 1.3121599462830484 1.3129202379738192 1.3210135858097647 1.3354935655305014
1.3642348508943474 1.3430787447887556 1.3256956656281993 1.314052731324698 1.3100305321654733 1.314117609287097 1.3253056379900623 1.341920635846831 1.3623943973866008 1.3850187174990378 1.408530842541199 1.432277547804315 1.4557092225296164 1.478346175892272 1.499745774271988 1.5194768088838255 1.5370952161944798 1.5521225365238023 1.564038897530175 1.5723146944678448 1.576484917562728 1.5769219733458524 1.5760987351932327 1.5742805830563065 1.571265426044298 1.5650641532642329 1.5554609490360936 1.5426660581843639 1.526896528916727 1.508384570032439 1.4872183191312245 1.464198347886071 1.44003320443094 1.4154943652714804 1.3915724806182073 1.3693314403861705 1.3499677317325112 1.3345855901740653 1.3243255852517417 1.3200944630656712 1.3223113370912778 1.3307875899969905 1.3447303742254895
1.3619440408513497 1.3391231104365071 1.3196236449376526 1.306241881527033 1.3022906782856252 1.3086249616886032 1.3228484031101888 1.3420736735210324 1.363805446012019 1.3867233264966754 1.4101171934792451 1.4334068305282244 1.4561796066812036 1.4780628854109341 1.4986933220881284 1.5177090756408451 1.5347178158610222 1.5492615315393592 1.5607808451380811 1.568640080666499 1.5723601490992576 1.5728802835201345 1.571855251715491 1.5699527921795564 1.5672351953040664 1.5621172570101383 1.5537093155767658 1.5421954207304382 1.5277379852881163 1.5099611483560849 1.4890302260351798 1.465593393328053 1.4410142769240968 1.41625126724439 1.3922380597673918 1.3700927747540217 1.3511815970211951 1.3368539536059494 1.3282414858355707 1.3258875073539251 1.3296319580928284 1.338909933838981 1.352922799339841
1.3621370076173585 1.3375025095492277 1.3149426015124488 1.2978101313515225 1.2931957513917813 1.30358945633582 1.3221138651790816 1.3435913378669881 1.3661098435429422 1.3890033119077165 1.4118666309611905 1.4343682979587362 1.4561531342254128 1.4769452692621208 1.4964815865942016 1.514472979842587 1.5305991407917652 1.544463082764926 1.5554893586112022 1.5628130501861324 1.5663776783837329 1.5668912713696277 1.5657071742556978 1.5638433358420059 1.5613391103071745 1.5575054205374612 1.5506028939626852 1.5406410683103595 1.5270804283083073 1.5099736725883501 1.4897373152269306 1.466869814516757 1.44218541119227 1.4172207623132442 1.3929426788521784 1.370460252466422 1.3512906321265001 1.3373113688356177 1.3300905515723465 1.3297538730463778 1.3352830051269389 1.3456772072931884 1.3601247273912767
1.3660562439391972 1.3404396606905187 1.3152479432341981 1.2917831878253156 1.283771193217437 1.302967289225366 1.3253453099289465 1.3479240747574757 1.3703896476897923 1.3925744793737458 1.4143161154193813 1.435438805430663 1.4557545250292885 1.4750440691349909 1.4930737907710085 1.5096449139242236 1.5245224676397024 1.5374179004129442 1.5478982838433675 1.5552009472310593 1.5585753004304361 1.5588221593506568 1.5576185542346115 1.5560085391552136 1.5539282623502524 1.551198952267499 1.5461194769588613 1.5373788349149762 1.5247513419775731 1.5085995137422707 1.4893816047473898 1.4675668359079708 1.4436594531488594 1.4186184801646153 1.3940341834613323 1.370878252420964 1.3505652431852277 1.3357756047873721 1.330018201837956 1.3323602750355146 1.3399683364248756 1.3515857205327122 1.3665776734058248
1.374536813289163 1.3499069501761296 1.3257647976525946 1.3039423877111083 1.297311239345939 1.3144602187225707 1.335313900996004 1.3564531947709453 1.3773667011868984 1.3978485284811861 1.4177425608515568 1.4368985332460158 1.4551650224259611 1.472390066145192 1.488421268259948 1.5030950202096036 1.5162233420901858 1.527604720205784 1.537264926557907 1.5455776525921407 1.5480997353339876 1.5483404213329388 1.54753336826047 1.5465235967412867 1.5451662500591705 1.5432962382308517 1.539805994094621 1.5323033345284798 1.520969794034087 1.506161547089143 1.4882769729781034 1.467755389060206 1.4450731077183252 1.42074295250325 1.3961256825492359 1.3725101526361065 1.3506899411271887 1.3324838596727184 1.3294566740582252 1.3353654504869457 1.3447403005574212 1.3572281583316914 1.372572518519583
1.3873072077189408 1.365522148474281 1.3456651231611914 1.331046224554443 1.3277002582514452 1.3365594335613236 1.3517303066328823 1.3690910334434874 1.3870135406928366 1.404815865696267 1.4221387571459574 1.4387461765043998 1.4544581924288709 1.4691265309144297 1.4826227160266114 1.4948256370777968 1.505599115787826 1.5150539677465316 1.5235602266365023 1.530304679113256 1.5341798631916712 1.5353798101442193 1.5355537415105787 1.5355571313742096 1.5352657885478769 1.5343629625524962 1.5316062956808014 1.5257552353871562 1.5160665985552515 1.502879047542461 1.4865808742744737 1.4676056454365938 1.4464277200148588 1.4235584801098649 1.3997094949988598 1.3766764056534664 1.3555629615634652 1.3386349410312903 1.3353933833612728 1.3411095347773572 1.3505141063592796 1.3630100451857388 1.378232925223284
1.4030553428634742 1.3848057160225873 1.3693298115288386 1.3591820759033952 1.356590822388438 1.361333888351662 1.371427428849622 1.3843968475817785 1.398588000590849 1.413057043819034 1.4272523061743407 1.4408243372176244 1.4535348961185757 1.4652148798083737 1.4757419019929499 1.4850249009801963 1.4934480430199664 1.501288247598311 1.5083711280278962 1.5142319981840344 1.5184256850040057 1.5206533114140834 1.5221893668779771 1.5235876811395996 1.5247116477309193 1.5246333765014188 1.5224128005219832 1.5179778050336035 1.5102001552122033 1.4988764823147123 1.4843941401932481 1.4671950866223749 1.4477767099667997 1.426700695650127 1.4046226042601493 1.3831198310796808 1.3645134233162044 1.3513015308889664 1.3464499234301817 1.349233950791402 1.3571355799564238 1.3688363526391705 1.382306357349239
