_KRIGING/CROSS_VALIDATION_CLASSIC_CLR/Berg/IZ/train_4/Berg_IZ_4_train_z_180.asc
ncols 100
nrows 90
xllcorner 5.6208707817415728
yllcorner 50.959635321741573
cellsize 0.00013419651685393446
nodata_value 1.7014100000000001E+038
[rows 38 to 56 of 90, columns 0 to 42 of 100]
3.8897209876049659 3.7560582860808531 3.6251296061393377 3.5004577922570275 3.3858245836834961 3.2851281740961871 3.2022116772157543 3.1406709534683732 3.1036529325454212 3.0936571904788921 3.1123538762038163 3.1604301182359866 3.237474984442827 3.3419102991503906 3.4709716155407357 3.6207408602820483 3.7862299671992798 3.9615133757741234 4.1399065603041425 4.314187558198606 4.4768584268557614 4.6204432671733926 4.7378185268861159 4.8225694645879909 4.8693638037272109 4.8743298148139154 4.8354216072564125 4.7527497385122963 4.6288509479921771 4.4688675856983959 4.2806058710270811 4.0744432227494798 3.863059219007245 3.6609728068765168 3.4838804785197111 3.3478062050416142 3.2680934231668655 3.2582911374638677 3.3290083475510692 3.4868309129695869 3.7334093834266691 4.0648316817171537 4.4713874487774188
3.9080340457656715 3.7907663088312025 3.6783183557955952 3.5737982684250054 3.4804625459404197 3.4015998952864277 3.3403934207883155 3.2997670602419249 3.2822242751985198 3.2896884346417292 3.323354823822918 3.3835637303662076 3.4697027568884011 3.5801446766181937 3.7122251504759594 3.8622628067904086 4.0256227918377139 4.1968240142364586 4.3696898352675362 4.5375416552577619 4.6934343775898935 4.8304317512112469 4.94191782515672 5.0219380559995823 5.0655600250562998 5.0692394592994106 5.0311726796900142 4.9516122162459375 4.8331187022262458 4.6807198986399232 4.501947412994598 4.3067239359681064 4.1070791245940255 3.9166809779581122 3.7501818383135759 3.6223938465181313 3.5473271814448695 3.53714454340607 3.6011052665527323 3.7445896638302556 3.9683056853671448 4.2677824476622526 4.6332456840952947
3.9220880773053293 3.821017171535408 3.7268064625452184 3.6421276144059367 3.5696921086480633 3.5121637147610643 3.4720566590287931 3.4516224325792071 3.4527298630013097 3.4767443969524998 3.5244133059992682 3.5957636645619488 3.6900195275273977 3.8055439394423876 3.9398104754517829 4.0894081645927862 4.2500830081464205 4.4168188756383451 4.5839601950546438 4.7453783011206827 4.8946822720068397 5.0254733113729717 5.13163906702869 5.2076807248029251 5.249061455765581 5.2525601646746178 5.2166099428658548 5.141596689836053 5.0300905683374548 4.8869818065835258 4.719493317429734 4.5370460630762608 4.3509593682647489 4.173977672760584 4.019627534538051 3.9014237943236774 3.8319610435064857 3.8219447422997814 3.8792337625624791 4.0079804425628911 4.2079626578476308 4.4742020204464277 4.7969505605974039
3.9311586438724526 3.8456920194717452 3.7690492502051716 3.70345754814084 3.6510788859390577 3.613952508341653 3.5939301276823561 3.5926036573196947 3.6112265904333669 3.6506314203407695 3.7111466269881839 3.7925176025702734 3.8938364332751232 4.013485752901131 4.1491020379894952 4.2975638082425434 4.4550102474644504 4.616895686935294 4.7780850162398156 4.932994168060322 5.0757781292343882 5.2005663027383413 5.3017414637185514 5.3742541683467291 5.4139596070048732 5.4179589955451188 5.3849231951473548 5.3153728739699773 5.2118876538917789 5.0792167202325427 4.9242656130269467 4.7559385762388189 4.5848230419804707 4.4227125981519073 4.2819770147362082 4.174802245436795 4.1123391013985584 4.1038153895666589 4.1556810788908116 4.2708673596824624 4.4482457981689603 4.6823706188322785 4.9635733520489653
3.9353648925844618 3.864581066227617 3.8044746095233468 3.7568331179587955 3.7232790597594883 3.7052425860972478 3.7039335914415976 3.7203097332035555 3.7550379939730267 3.8084486849397376 3.8804823445759067 3.9706316024455792 4.0778816255400603 4.2006541695802717 4.3367614778485191 4.4833772570612656 4.6370326237641333 4.7936451057938037 4.94858830166865 5.0968084360693737 5.2329916411345536 5.3517822939110058 5.4480482642264789 5.5171837678688718 5.5554351282036087 5.560229678679125 5.5304838688860976 5.4668638971313541 5.3719713020738844 5.250427184795015 5.1088322436953959 4.9555856175367712 4.8005535897659604 4.6545893739101754 4.5289172321581068 4.4344076575053233 4.3807845783797976 4.375819449424073 4.4245791586237129 4.528802978354376 4.6864861214322779 4.8917416755959708 5.1349970993990075
3.9356521482732902 3.8783742159547967 3.8334818718529768 3.8023395214033937 3.7860533154828162 3.7854734569056174 3.8012018091420772 3.8335984357870214 3.8827812458887672 3.9486143080730867 4.0306824126072662 4.1282518593302076 4.2402199930584796 4.3650584870345703 4.500757605068106 4.6447804776310004 4.7940376182618287 4.9448922779367557 5.0932065782439349 5.2344365082963389 5.3637807361939167 5.4763838398519624 5.5675892500166952 5.6332313468536004 5.6699503290062978 5.6755083192344955 5.649081303431398 5.5914994357580206 5.505408332994925 5.3953263893614078 5.2675778594216052 5.1300883397123123 4.9920381014063748 4.8633791982571726 4.7542340351925425 4.6742056429816063 4.6316425554378728 4.6329129096922248 4.6817518068618948 4.778751368988658 4.9210624205232936 5.1023685336155138 5.3131760503038574
3.9336894028060745 3.8885610933561865 3.8573453001039479 3.8410095911629818 3.8401784563935064 3.8551633404178038 3.8860034330086592 3.932507943307471 3.9942908547991931 4.0707906486368035 4.1612699644639548 4.2647933265396425 4.3801845527450229 4.5059689438090089 4.640308500863787 4.7809409458365248 4.9251349463080647 5.0696744236611728 5.210883944650508 5.3447048382452493 5.4668278474595358 5.5728829973097014 5.6586813039279242 5.7204965122293832 5.7553688992684169 5.7614080242990191 5.7380677897623791 5.6863657932428993 5.60901998017947 5.5104791033026039 5.3968293074734213 5.2755669912860945 5.155237568106636 5.0449504346156733 4.9537918883774577 4.8901693656361216 4.8611314814125368 4.8717179864683606 4.9244006636272237 5.0186788756123093 5.1508903602192184 5.3142875398373004 5.4994112189619209
3.9316920433055 3.8972513475111286 3.878033555474945 3.8746437705153505 3.8872689557167441 3.9157330898097684 3.959567867849517 4.0180870510316176 4.0904526141547031 4.175722447784123 4.2728722967480355 4.3807884771512828 4.4982322621501769 4.6237811989607138 4.7557565741134322 4.8921493799938567 5.0305591049224709 5.1681601884097823 5.3017098581931634 5.4276082242556445 5.5420170366870671 5.6410377001214016 5.7209424564300573 5.7784457474033122 5.8109964003717476 5.8170661986748371 5.7964072622375316 5.7502499350797098 5.6814147692698107 5.5943166602565881 5.4948459533163305 5.3901199746820758 5.2881084311204738 5.1971469274298405 5.1253639167846412 5.0800571200375018 5.0670651084249325 5.0901874366487396 5.150711321517278 5.2471030978048265 5.3749172437382953 5.5269635928629519 5.6937539576648888
3.9321886948297586 3.9069349683856402 3.897965592970309 3.9055635867726051 3.9295298439706294 3.9692601393907254 4.0238417401959232 4.0921554707476151 4.172968941836082 4.2650083829699845 4.366999838279165 4.4776749616263274 4.5957417339453208 4.7198255540103524 4.8483907740329784 4.9796563737145085 5.1115216837640212 5.2415185786865788 5.3668051827005776 5.4842128530546077 5.5903531899288676 5.6817854451546417 5.755237535420008 5.8078666395081893 5.8375388838795104 5.8431026844860909 5.8246275702515806 5.7835801944125791 5.7229118925229496 5.6470374341421081 5.5616921625022631 5.473663983040705 5.3904070286753711 5.3195546621580272 5.2683601449981783 5.2431031618945028 5.2485087195443816 5.2872308880661567 5.359456420019109 5.462681367489445 5.5917063777743152 5.7388826371499881 5.894620306118318
3.9377573208948253 3.9202088229258156 3.9197300108158566 3.9363262027458217 3.9694687915518938 4.018190335905695 4.0812025532510017 4.1570212297281763 4.2440817921188394 4.3408311223815996 4.4457848499086783 4.5575443358916541 4.6747732487254083 4.796139356786993 4.9202322985523246 5.0454720690309163 5.1700253358697985 5.2917471546678101 5.4081640384240259 5.5165106833479616 5.6138272012277657 5.6971169091142428 5.7635572269835329 5.8107488239055556 5.8369816826364698 5.8414920227883051 5.8246816756755493 5.7882719309439619 5.7353671665542336 5.670409520622151 5.5990140083785995 5.5276832071207771 5.4634112278510685 5.4131974587552056 5.3835008185672191 5.3796743183301539 5.405426878761638 5.4623637816815593 5.549657947794655 5.6639004977602472 5.7991699553318039 5.9473445234502105 6.0986612559547764
3.9507588937378668 3.9394988471993 3.9457981097406596 3.9694307947042469 4.009598288192791 4.0650383662613478 4.1341597159737571 4.2151845128821801 4.30628134214213 4.4056726736692386 4.5117050107228813 4.6228751888750779 4.7378124267490147 4.8552218879214113 4.97380100137749 5.0921439934918471 5.208652529931399 5.3214707376739376 5.4284610496746453 5.5272333682242092 5.6152342766579277 5.6898959569042695 5.7488367935215905 5.7900981926779345 5.8123957848534964 5.8153587107029736 5.7997287287860289 5.7674917833575314 5.7219184697008849 5.6674962678414325 5.6097449668961517 5.5549166919722062 5.5095926217017706 5.4801990944632921 5.4724756231227119 5.4909356704003471 5.5383671623407338 5.6154228682304668 5.7203501378915593 5.8489042723204818 5.9944793957172822 6.1484748682404842 6.3008944274536667
3.9730966144760029 3.9668069403876101 3.978260454593102 4.007046954872866 4.0521581710013859 4.1121067361373029 4.1850722654223578 4.2690563180481345 4.3620275946678611 4.4620407057803657 4.5673159235863405 4.6762729315608453 4.7875179864127873 4.8997903234058349 5.0118793194025226 5.122528233953032 5.2303427866336722 5.3337230938739033 5.4308354832433174 5.5196365506384844 5.5979558731976802 5.6636365972894946 5.7147254216964285 5.7496961378704086 5.7676847384358805 5.768709940988888 5.7538513826957782 5.7253590335717135 5.6866715495472224 5.6423280340979449 5.5977664470698425 5.5590119801082007 5.5322693304934774 5.5234431718961581 5.5376204989490523 5.5785561987048187 5.6482084621983066 5.7463727568737664 5.8704612919511749 6.0154685522368414 6.1741521006416367 6.3374414262115488 6.495066744017115
4.006024928380338 4.0035077253041642 4.0186127374181844 4.0507912471425414 4.0988846456619346 4.161249149638099 4.2359085435560182 4.3207163302556353 4.4135082208921581 4.5122279089134683 4.6150132279889391 4.7202355044367561 4.8264914284485254 4.9325532745410818 5.0372890278028368 5.1395682608184288 5.2381719668544413 5.3317246991367746 5.4186652249239362 5.4972676352890861 5.5657188397881807 5.6222512066416996 5.6653215331273579 5.6938203917593739 5.707290042997359 5.7061252816196291 5.6917303382964111 5.6666065619781669 5.6343500251143013 5.5995450907244226 5.5675487900516334 5.544170862596344 5.5352647232929222 5.5462546633943752 5.5816335150111511 5.6444720973893947 5.7359863078373792 5.8552090100138132 5.9988112187245139 6.1611099053609752 6.334287732639881 6.5088332996378151 6.6741897975740745
4.0500260237674084 4.0502135889697932 4.067609871881114 4.1015711367473422 4.1508450793298763 4.2136973960692732 4.2880665460538836 4.3717281536757895 4.4624500498957289 4.5581209609443523 4.6568399997423988 4.7569598047601946 4.8570826435733725 4.9560152361980787 5.052693681049556 5.1460940304477418 5.2351462863900942 5.3186696037990941 5.3953442562374256 5.4637316250910199 5.5223475229020043 5.5697871533785346 5.6048926900143865 5.6269476458755161 5.6358767218437258 5.6324263631817715 5.6183003270428582 5.5962263999699076 5.5699349410674337 5.544036820435597 5.5237970084519006 5.514809842777586 5.5225920895378025 5.5521195566585835 5.6073414735326912 5.690713411541731 5.8027934849443676 5.9419472498329391 6.1042034642560825 6.2832951788456723 6.4709082762865489 6.6571428172506497 6.8311722542220217
4.1047630977277443 4.1067178066297281 4.1251985404820353 4.1595068172002012 4.2083492657780326 4.2699624960644638 4.3422656291458921 4.4230224204156166 4.5099944836143742 4.6010691020352432 4.6943491696798336 4.7881983540404143 4.8812408627785739 4.9723214234232955 5.0604364888700601 5.144651628320517 5.2240221006958301 5.2975334948493789 5.3640770424110062 5.422469972286132 5.4715254965609965 5.5101702903347967 5.537600377688225 5.5534599500714901 5.5580225871343139 5.5523512751289985 5.538412978816039 5.5191255167386046 5.4983190349500006 5.4806011289868 5.4711230813424727 5.4752540850850711 5.4981799803964044 5.544452203909259 5.6175206262775932 5.7192900360299745 5.849743529987057 6.0066763184472238 6.1855798329615563 6.379708082278376 6.5803457929975853 6.7772813268267846 6.9594676348881332
4.169110626075291 4.1720163220413831 4.1905291210330873 4.2239322202007283 4.2709388020883914 4.3298120863071503 4.3985118772437328 4.4748503901228442 4.5566397620079311 4.6418155724006827 4.7285245937648419 4.8151702961253573 4.9004156158405063 4.9831483908806806 5.0624199366245293 5.1373708874727058 5.207160240862855 5.2709133007800819 5.327701935324523 5.3765664579074013 5.416582929081569 5.4469733326719769 5.4672495958140495 5.4773765358492419 5.4779342349572051 5.4702576589520238 5.4565309540340436 5.4398159384850562 5.4239987620044214 5.4136452034329068 5.4137631025812354 5.4294793409382649 5.4656479138553653 5.5264142810919026 5.6147686626606408 5.7321265905602727 5.8779781631600443 6.0496474203937822 6.2421994750112484 6.4485250816786781 6.6596201058369147 6.8650612509078108 7.0536604023200091
4.2412534367732988 4.2444001736238022 4.2620393064668569 4.293467968733756 4.3374478891365289 4.3923179961434702 4.4561317992633853 4.5268034846567069 4.6022463546336567 4.6804890775601855 4.7597588908479747 4.8385258716712407 4.9155079692610553 4.9896419475671507 5.0600300376906695 5.1258753913866055 5.1864209810935247 5.2409062300991849 5.2885534073487293 5.3285919119457077 5.3603234064417453 5.3832248828269424 5.3970808039588132 5.402130134105942 5.3992099963403994 5.3898754013724126 5.3764743352764075 5.362159605823134 5.3508231300666136 5.3469444893630964 5.3553531080519754 5.3809117505002142 5.4281375513540215 5.5007848570197257 5.6014211248341681 5.7310323586112739 5.8886974054317367 6.0713702588540128 6.2738057383742554 6.4886561530189404 6.7067547414792958 6.917586219304054 7.1099266471297655
4.318839646466234 4.3216037179025193 4.3375948902934418 4.3661522822476861 4.4061222961129882 4.4559616565198041 4.5138630349597921 4.5778885933287388 4.6460965575694377 4.7166476740577465 4.7878818135361652 4.8583595598966571 4.9268687131392408 4.9924005720821967 5.0541050212175858 5.1112363281240025 5.1631028308640516 5.2090332151125427 5.2483698960215435 5.2804963573985901 5.3049005449872766 5.3212710694028988 5.3296176342724184 5.3304023760949963 5.3246652531188907 5.3141247144192665 5.3012349195937034 5.2891828697111105 5.281812852246258 5.2834713132932656 5.298772224042942 5.332290689658592 5.3882003968429046 5.469877934192219 5.5795034593890875 5.7176920253216368 5.8831924899624752 6.0726907023067884 6.2807500264926794 6.4999148640888675 6.7209916062534703 6.9335068009171357 7.1263252239578758
4.3991682464146251 4.40098947178112 4.4146688648712846 4.4396115824744093 4.4747790895502551 4.5187810107759745 4.569986988639311 4.6266454525594831 4.6869960859157089 4.7493644174478504 4.8122300819218538 4.8742644197277745 4.9343376306693578 4.991500053546277 5.0449457560860136 5.0939690527227768 5.1379255404269237 5.1762086480149883 5.2082505970623529 5.233553295912337 5.2517503903122815 5.2626969356082967 5.2665784586637621 5.2640270777511535 5.256229338006607 5.245008893746002 5.232867378910246 5.2229688336424402 5.2190568030691757 5.2252984418150081 5.2460562731048928 5.28559521637297 5.3477396231089021 5.4355018365443435 5.5507096852536399 5.6936647730601422 5.8628658462112471 6.0548313068526625 6.2640515641228784 6.4830950071375355 6.7028808937541768 6.9131187648027446 7.1028980371604495
