_KRIGING/CROSS_VALIDATION_CLASSIC_CLR/Berg/IZ/train_4/Berg_IZ_4_train_z_0.asc
ncols 100
nrows 90
xllcorner 5.6208707817415728
yllcorner 50.959635321741573
cellsize 0.00013419651685393446
nodata_value 1.7014100000000001E+038
[rows 0 to 18 of 90, columns 0 to 41 of 100]
-4.1937696420428656 -4.1934962465276788 -4.1931927932276158 -4.1928654195379691 -4.1925241705203851 -4.1921837829480841 -4.1918644161058642 -4.191592222473715 -4.1913995845937668 -4.1913247452759412 -4.1914104214428844 -4.1917008180818973 -4.1922362594099516 -4.193044456443654 -4.194127280031668 -4.1954418728625127 -4.1968750967877915 -4.1982107637762089 -4.1990899202793299 -4.1989656912209901 -4.1970558230737245 -4.1922979859105629 -4.1833148812286849 -4.1683979216465117 -4.1455192757329895 -4.1123819445732357 -4.0665158402614088 -4.0054243037086641 -3.9267801195220882 -3.8286631910462914 -3.7098243408447003 -3.5699522595106812 -3.4099147264940326 -3.2319421909076764 -3.0397227304179735 -2.8383829266634697 -2.6343392398980141 -2.4350181669027409 -2.2484591944193619 -2.0828301192418825 -1.9458972727120001 -1.8445013368306586
-4.1930625038818468 -4.1926397316203454 -4.1921706449152856 -4.1916642348482176 -4.1911351687352782 -4.1906049098290685 -4.190102789354909 -4.1896669163553559 -4.189344738362343 -4.1891929544821584 -4.1892763239334903 -4.1896647062397951 -4.1904274256412526 -4.191623802105318 -4.1932884885681139 -4.1954101782284559 -4.1979023980424008 -4.2005655962871762 -4.2030406637564672 -4.2047554603836508 -4.204867837694322 -4.2022109295906658 -4.1952488738057125 -4.1820532314385295 -4.1603116893344412 -4.1273806088600287 -4.0803911239956028 -4.0164144636947006 -3.9326859503946876 -3.8268790838059159 -3.6974120815611284 -3.543760452593431 -3.3667421365031762 -3.1687380078937464 -2.9538114234075286 -2.7276967288757943 -2.4976381849037539 -2.2720766137381174 -2.0601993250397319 -1.871386984554599 -1.7146062204456927 -1.5978063187876241
-4.1920022023531152 -4.191358107364521 -4.1906439609966126 -4.1898728093819448 -4.1890657993781764 -4.188253717953109 -4.1874784808739376 -4.1867944503339656 -4.1862693857004656 -4.1859847097824519 -4.186034593089075 -4.1865231164287655 -4.1875584786462303 -4.1892429045110893 -4.1916566398151636 -4.1948342901438513 -4.1987318875671482 -4.203183590666181 -4.207847962486901 -4.2121454075346128 -4.2151905752981476 -4.215726218749654 -4.2120678391196362 -4.2020709971004058 -4.1831348361042329 -4.1522554950095971 -4.1061410892487684 -4.0413954112400559 -3.9547703929294995 -3.8434781031473788 -3.7055425648920091 -3.5401614004148376 -3.3480389984272021 -3.131648359057368 -2.895379535003193 -2.6455395372294701 -2.3901816625960111 -2.1387602948707096 -1.9016281568585649 -1.6894138043582538 -1.5123345929787968 -1.3795114186925481
-4.1904356882482992 -4.1894687935671788 -4.1883978836924305 -4.187241738648491 -4.1860305144190937 -4.1848077870634368 -4.1836325238062484 -4.18258085698423 -4.1817474623496542 -4.1812462145489624 -4.1812095930075115 -4.1817860328341281 -4.1831340667268995 -4.1854117208376058 -4.1887592805333247 -4.1932733398858799 -4.1989701348111188 -4.2057366963708338 -4.2132695006410286 -4.2210021369785009 -4.2280260698594452 -4.2330116843589414 -4.2341401507365211 -4.2290596955329205 -4.2148819414209866 -4.1882343158585646 -4.1453824256520795 -4.0824312710835242 -3.9956061482454421 -3.8816035222592218 -3.7379901162725657 -3.563616582769181 -3.3590024174386484 -3.1266433284381376 -2.8711928523113661 -2.5994776485987829 -2.3203205769706345 -2.0441660878431547 -1.7825261729138848 -1.5472887717933199 -1.3499503989708685 -1.2008474226305834
-4.1881552111453919 -4.1867248240620496 -4.1851427959351701 -4.1834359772365408 -4.1816469570986632 -4.1798366882813331 -4.1780869817474118 -4.1765027453630372 -4.1752137737532484 -4.174375766099863 -4.174170032914545 -4.174801037915965 -4.1764905130845937 -4.1794664210723367 -4.18394459826371 -4.1901006194796286 -4.1980294497017487 -4.2076909825615116 -4.218840795115546 -4.2309475032305519 -4.2431009975599094 -4.253919420854479 -4.2614666427119507 -4.2631956014457222 -4.2559354290578986 -4.2359408747287857 -4.1990203731328775 -4.1407535956908701 -4.0568003580284566 -3.9432908366321682 -3.7972733709267876 -3.6171825395084474 -3.4032789890519828 -3.1580060419768712 -2.8862084382577136 -2.5951668767871849 -2.2944183014507287 -1.9953547037236747 -1.7106198119820881 -1.4533496253849911 -1.2363251333961571 -1.0711198826191266
-4.1848840557543907 -4.1827984489785868 -4.1804957493438186 -4.1780141115095786 -4.1754131610928757 -4.1727772529082534 -4.170218484684411 -4.1678793423057163 -4.1659348000067125 -4.1645935747082268 -4.1640980073598959 -4.1647216949043928 -4.1667635257929225 -4.1705362179151093 -4.1763469076836364 -4.1844669362774516 -4.1950879192513382 -4.2082616969675639 -4.2238230683085431 -4.2412964705812604 -4.259791017549829 -4.2778923819052919 -4.2935644974041294 -4.3040782864495304 -4.3059876964272474 -4.2951742437254792 -4.2669790679506887 -4.2164355196685035 -4.1386053828850207 -4.0290085091897465 -3.8841202477304178 -3.7018956650261208 -3.4822667393456248 -3.2275511765962674 -2.942711523721024 -2.6354122220105944 -2.3158401570647973 -1.9962795470436481 -1.6904615682084936 -1.4127387167642436 -1.1771588583935984 -0.996529910732872
-4.1802607977144097 -4.1772631990292686 -4.1739603520113695 -4.1704061575720592 -4.1666834185548316 -4.16290773936226 -4.159230981688526 -4.1558441579509582 -4.1529796167369986 -4.1509122664564364 -4.1499593544403544 -4.1504779390143609 -4.152858656887406 -4.1575137352607028 -4.1648565230824763 -4.1752692813957557 -4.1890558043682296 -4.2063759071799316 -4.2271601791695472 -4.2510058590480275 -4.2770582978558158 -4.3038870659141351 -4.3293708804210089 -4.350610427120059 -4.3638918119086041 -4.3647246590293056 -4.3479766833577917 -4.3081201260390278 -4.2395945476193075 -4.1372757012014594 -3.9970230342299002 -3.8162610984942686 -3.5945356666176052 -3.333976675011141 -3.0395998163615223 -2.7193882367203246 -2.3841153826570869 -2.0468978499609438 -1.7224996686877656 -1.4264421230708075 -1.1740007448530685 -0.97918876144727829
-4.1738229163670573 -4.1695754310344233 -4.1649063395649852 -4.1598913333259935 -4.1546445098669542 -4.14932285034181 -4.1441299328592072 -4.1393187751836136 -4.1351937116372417 -4.1321111299101139 -4.130478672301428 -4.1307521015691995 -4.1334284313563279 -4.1390331613431561 -4.1480986418548573 -4.1611299045075532 -4.1785539929444964 -4.2006492202152392 -4.2274521781821468 -4.2586429694880144 -4.2934131031355767 -4.3303256180466745 -4.3671827811544857 -4.4009223097482275 -4.427567358523933 -4.44225719607683 -4.4393833385937063 -4.4128490159321059 -4.3564579588351036 -4.2644222376068042 -4.1319598741163679 -3.9559337454869263 -3.7354671002988509 -3.4724611693921377 -3.1719397429286884 -2.8421559286621934 -2.4944176436702277 -2.1426187986627268 -1.8024988102335415 -1.4906888360329349 -1.2236332360856901 -1.016493977907575
-4.1649910988968193 -4.1590569395015029 -4.152550686356018 -4.1455779512398214 -4.138294744175318 -4.1309123584731031 -4.123701008238263 -4.1169921340875417 -4.1111793595245336 -4.1067180459819523 -4.1041231938113816 -4.1039650150297389 -4.1068608389301096 -4.1134611374655519 -4.1244264859488942 -4.1403914106352202 -4.1619106118761904 -4.1893833455372222 -4.2229531584824072 -4.2623829917363514 -4.3069099943289926 -4.3550900565888169 -4.4046485364336716 -4.4523599896929325 -4.4939846634039808 -4.5242916214207751 -4.537196256519425 -4.5260325887606134 -4.483967847086503 -4.4045490481300851 -4.2823504022177508 -4.1136692071615171 -3.8971999684503986 -3.6346055106818573 -3.3309029843795335 -2.994593822892754 -2.6374899019880509 -2.274221270416092 -1.9214496635508089 -1.5968508831275301 -1.3179617415876699 -1.1010079153605838
-4.1530561367121157 -4.1448808543999816 -4.1359428131922469 -4.1263883344185208 -4.1164290611188497 -4.106346931351438 -4.0964972086844034 -4.0873095255760381 -4.079287037341941 -4.0730038131147515 -4.0691004244732758 -4.0682772623354735 -4.0712843843870408 -4.0789056991825623 -4.0919341500830866 -4.1111335001439739 -4.1371816697153525 -4.1705907475312314 -4.2116002004409827 -4.2600427812478605 -4.3151873152964937 -4.3755687568881774 -4.4388230635722818 -4.5015515209660775 -4.5592447662570406 -4.6062992972795263 -4.6361571704144238 -4.6415917501943182 -4.615148419760227 -4.5497298167627802 -4.4392923727649487 -4.2795977963204228 -4.0689435283376278 -3.8087841699119691 -3.5041548968005847 -3.1638199900054902 -2.8000948370520504 -2.4283257268494483 -2.0660538584737935 -1.7319319644281634 -1.4444969635941964 -1.2209239233210214
-4.1371708993386482 -4.1260636894582943 -4.1139571430241579 -4.1010523916117227 -4.0876341988609957 -4.0740755035905485 -4.0608390601382487 -4.0484762003868076 -4.0376229828377381 -4.0289941067229682 -4.0233748539567378 -4.0216108914140696 -4.0245949740622597 -4.033248462739734 -4.0484942393077565 -4.0712163193306372 -4.1022006009542968 -4.142051206980077 -4.1910782501240176 -4.2491559649785051 -4.3155551721463175 -4.3887607895066401 -4.466292951686099 -4.5445581257875984 -4.6187628832588237 -4.682925933119594 -4.7300219359421289 -4.7522822485383704 -4.7416626994074731 -4.690467553714476 -4.5920941277275089 -4.4418374377129668 -4.2376730521550661 -3.980923376208783 -3.6767116803688866 -3.3341214908185242 -2.9660064350286648 -2.5884346380085637 -2.219797211160861 -1.8796554403153376 -1.5874385301308021 -1.3611265490734912
-4.1163503919878215 -4.1014669650724001 -4.0852968411645625 -4.0681140798985629 -4.0502985134430025 -4.0323390860630743 -4.0148330116019819 -3.9984808872735789 -3.9840782691364707 -3.9725044335456863 -3.9647089994767759 -3.9616966626020149 -3.9645094336991269 -3.9742045052674184 -3.9918243325978748 -4.0183539893185154 -4.0546597587979774 -4.1014027662788157 -4.1589227769901731 -4.2270905208191882 -4.3051322525480193 -4.3914375316532306 -4.4833697243611139 -4.5771072760958544 -4.6675506956061978 -4.748333496276369 -4.8119731937205001 -4.850189497973477 -4.8544006383155134 -4.8163861908030787 -4.7290781799329045 -4.5874152854770935 -4.3891723060811652 -4.1356633907017519 -3.8322169678424123 -3.4883350914927203 -3.1174799270736457 -2.7364723470387258 -2.3645364966454956 -2.022072280757266 -1.7292769800463095 -1.5047605278386191
-4.0894832494487181 -4.069812180505564 -4.048512914016583 -4.0259552870618256 -4.0026412796432416 -3.9792060633624606 -3.9564132162788246 -3.9351444241058706 -3.9163845113889648 -3.9012029944455255 -3.890733377376697 -3.8861509971917476 -3.8886492916594397 -3.8994129365508554 -3.9195845326893481 -3.9502197286062026 -3.9922243043600067 -4.0462663886990411 -4.1126582307231194 -4.191205287889427 -4.2810260503658482 -4.3803538011003047 -4.4863406720046077 -4.5948935769300681 -4.7005790573188007 -4.7966376658854442 -4.8751462247833244 -4.9273566639574993 -4.9442227360561111 -4.9171016909149534 -4.838589535730633 -4.7034198192735941 -4.5093319377620178 -4.2578008989962699 -3.9545205718953662 -3.6095490738841036 -3.2370577991704694 -2.8546713064874538 -2.4824376971739515 -2.1415201214593687 -1.8527410077044131 -1.6351339836001424
-4.0553580568466066 -4.0297129027376206 -4.0020427682275601 -3.9728415068956933 -3.9427660343822017 -3.9126336266205923 -3.8834113126958973 -3.8561979617514401 -3.8322003765284682 -3.8127052054461776 -3.7990486023916494 -3.7925851524512941 -3.794656559477338 -3.8065589823569033 -3.8295058842405743 -3.8645811684093294 -3.9126757283631433 -3.9743999700104373 -4.0499660260332879 -4.1390368142782625 -4.2405450418569499 -4.352493512592587 -4.4717578555760182 -4.5939226251512144 -4.7131896577057715 -4.8224013482015691 -4.9132189765304224 -4.9764858238688374 -5.002786145094503 -4.9831852054632177 -4.9101053532012999 -4.7782628350991958 -4.5855651250670091 -4.3338543997094936 -4.0293839519926928 -3.6829331913298136 -3.3095029111796803 -2.927581902596148 -2.5580319594812737 -2.2226920641951153 -1.9428447993106577 -1.7377108727899193
-4.0127074744773656 -3.9797272183143013 -3.9442716843243408 -3.9069928864470986 -3.868741564110457 -3.8305588464415399 -3.793657482644643 -3.759393651627021 -3.7292313018384133 -3.704701642031945 -3.6873606104904146 -3.6787467292519009 -3.6803406105661152 -3.6935255573311876 -3.7195463845083614 -3.7594611700721101 -3.8140786875106611 -3.8838734692711112 -3.9688715149358549 -4.0685031699910459 -4.1814259246573959 -4.3053285818761422 -4.4367385482724329 -4.5708643675163243 -4.7015139284984171 -4.8211326304708733 -4.9210028961243664 -4.9916351832266015 -5.0233606635792425 -5.007108266111099 -4.935316888783821 -4.8029019703234939 -4.6081700057965831 -4.3535607816042363 -4.0460997653961375 -3.6974645885939745 -3.3236090970029428 -2.9439416911838965 -2.5801141594291517 -2.254533408911076 -1.9887515555945194 -1.8019114621345942
-3.9602721514061647 -3.9184326228322552 -3.8736192924516173 -3.8266826502007012 -3.7787123468741575 -3.7310208785179944 -3.6851138296210406 -3.6426482797826969 -3.6053821768982095 -3.5751183344730419 -3.5536469991627504 -3.5426904758990956 -3.5438520000397196 -3.5585689560703306 -3.5880678892767817 -3.6333159727228326 -3.6949612993295835 -3.7732533198393652 -3.867935708312074 -3.9781075233206549 -4.1020550144692463 -4.2370655313095567 -4.3792457781020344 -4.5233774643107081 -4.6628519752005273 -4.789729481053814 -4.8949645355754567 -4.9688280403979261 -5.0015341439602947 -4.9840516274122217 -4.9090459594352813 -4.7718655262016645 -4.5714596486909445 -4.3111029632468236 -3.9988053582347121 -3.6473112048914889 -3.2736349353380225 -2.8981371987431936 -2.5432086721090252 -2.2316868702299093 -1.9851745392820668 -1.8224478694326889
-3.8968847589249505 -3.8445235166204261 -3.78865097102313 -3.7303624769129149 -3.6710375735474434 -3.6123128648551655 -3.5560379698099061 -3.5042169658473119 -3.4589392419916534 -3.4223047251486554 -3.3963487927025104 -3.3829716441398814 -3.3838753885799298 -3.4005096864887063 -3.4340237336070834 -3.485219180394771 -3.5544959247186823 -3.6417814100149668 -3.7464349190210369 -3.8671220147698397 -4.0016610080277557 -4.1468528097097481 -4.2983167271565454 -4.45036591038492 -4.5959648660852706 -4.726815064703227 -4.8336107090428966 -4.9064935628064132 -4.935713118355884 -4.9124679434129428 -4.8298694321779196 -4.6839357938068575 -4.4744983594893126 -4.2058904924629834 -3.8872964019923435 -3.5326650970573317 -3.1601419880653232 -2.7910317143242231 -2.4483716949597687 -2.1552557030493311 -1.9330894634541718 -1.7999771185008013
-3.8215721597684356 -3.7569288428911554 -3.6882111420474919 -3.6168111559783105 -3.5444543463865434 -3.4731583251958034 -3.4051707634233344 -3.3428899403612098 -3.2887732734367097 -3.2452404063477216 -3.2145778085897225 -3.1988511547125063 -3.1998299386648261 -3.2189259487975503 -3.2571437089348434 -3.3150373324579254 -3.3926651889667729 -3.4895322147457462 -3.6045104608659448 -3.7357322181477555 -3.8804570263764715 -4.0349236937111206 -4.1942099987802726 -4.3521341341467297 -4.5012406744002815 -4.6329171483983442 -4.7376826541736277 -4.8056757564890722 -4.8273450388603463 -4.7943139942321737 -4.7003563756149811 -4.5423844159510489 -4.321327178194589 -4.0427662051356661 -3.7172054537692736 -3.3598840799769745 -2.9900919192217508 -2.6300122705812345 -2.303185130321963 -2.0327446790940256 -1.839626162353162 -1.7409504751509681
-3.7336708663595024 -3.6549441819891255 -3.571571869387248 -3.485298967571878 -3.3982564998028826 -3.3129024679887982 -3.2319376080528164 -3.1582008481081045 -3.0945515887757074 -3.0437473398330352 -3.0083255968316491 -2.9904979294127321 -2.9920620427850286 -3.0143342314592223 -3.0581005671314108 -3.1235809791509537 -3.2103969165156583 -3.3175314470378998 -3.4432713325260442 -3.5851244663088044 -3.7397132717617927 -3.9026547923122399 -4.068450033292847 -4.2304166442971782 -4.3807076522830526 -4.5104618318099261 -4.6101259056707553 -4.6699735502089359 -4.6808211760264475 -4.6349077538393244 -4.5268697948672481 -4.3547090023449391 -4.1206260396501877 -3.8315859123843152 -3.499493397840264 -3.1408923141301823 -2.7761575937231164 -2.4282171954939349 -2.1209114117478354 -1.8771578173807271 -1.7171291713936849 -1.6566602187218908
