_RESULTS/CROSS_VALIDATION_POSTPROCESSED_CLR/MHZ/TZ/3comp/2/MHZ_TZ_z_180_kriged_reverse_3comp_spherical_2.asc
ncols 100
nrows 81
xllcorner 5.5967107548124995
yllcorner 50.982328804812504
cellsize 0.00017565037499993607
nodata_value 1.7014100000000001E+038
[rows 57 to 75 of 81, columns 0 to 43 of 100]
2.2848696298202027 2.276731341528321 2.2732367243982297 2.2743143835205797 2.2794709833063056 2.2879390454898876 2.2988388574754532 2.3113112260507256 2.324606009215317 2.3381332477971766 2.3514884437245556 2.364456160166842 2.3769813953410277 2.38908432866185 2.4007018859757157 2.411493285156873 2.4207159899379693 2.4293530580309 2.4414629757555435 2.4566316486860384 2.474061271562613 2.492993718986097 2.512898774364158 2.533684936932968 2.5546988714638585 2.575271682744959 2.5947504892915236 2.612493389895272 2.6278718173147957 2.6402804980647874 2.6491951201930424 2.655208881572346 2.660561197324221 2.6652467593017577 2.66903520959697 2.6717728553288413 2.6733783400662054 2.673837702928426 2.6730029670558095 2.6696124204892278 2.663646763185505 2.655201472922806 2.641918842150778 2.6233822819834387
2.332854978225771 2.324354596715662 2.319259972823428 2.3175314764369666 2.3188583106481597 2.3227017742308576 2.3284016927581996 2.335276552446257 2.342705207162426 2.350191292676122 2.357417193604921 2.364289862446354 2.370960963184704 2.377764947425401 2.3849930911203145 2.392517352809185 2.3998628143009935 2.4099116717422278 2.4229824100909876 2.439129993113022 2.457464172842412 2.477126761525411 2.497945656590563 2.5195393357848803 2.5412461496004477 2.562439824745933 2.5825161571510225 2.600887210864249 2.6169818645507066 2.6302515428453637 2.64018358532405 2.646993241276051 2.6529035558556826 2.6583857536847395 2.6631460976541668 2.6669464636186615 2.6696175900610224 2.6710760800775994 2.6713283847700247 2.6694624875508226 2.6649956668493746 2.658241461444297 2.6474247732899974 2.631536192635629
2.3771638243569333 2.368156865094879 2.3615871242538415 2.3574642067003917 2.355516214232529 2.355311549388678 2.356341417029954 2.3580514438610374 2.3599118680842337 2.361485006350844 2.3624998025665915 2.3629460860420806 2.3631859484886233 2.3640043528022536 2.3663546432681235 2.370583005729157 2.3783025779923466 2.3906837400170406 2.4060820685870214 2.423525842142976 2.442833018432453 2.463321287057408 2.484981818034878 2.507248827771763 2.5295148600737996 2.551207367823149 2.571775851833463 2.5906864536700467 2.607421605786894 2.621482860962919 2.6324927173524295 2.6405996563321863 2.6470805972813993 2.653363282380757 2.6590949890120785 2.663946133070505 2.6676460169445035 2.6700323786557933 2.671091032422326 2.670614814119014 2.6676576816287003 2.6624953400374216 2.654381171513476 2.641447571275928
2.417566918704471 2.4081788238157675 2.400322284525233 2.394035280194072 2.389157655070416 2.385368357226496 2.3822350971231385 2.37926854496784 2.375976852851524 2.3719281031383814 2.3668286489608064 2.360641789176922 2.353826031010187 2.347687757723479 2.344448379510843 2.346897822153375 2.35727762833623 2.372906296543423 2.3912839001341015 2.410863665088041 2.4310896932957924 2.452348943078585 2.474624679503643 2.4973397425396127 2.519954453648978 2.541955567380042 2.562847066576159 2.5821468764457 2.5993869048004914 2.61411445477249 2.6261665564072336 2.63565202668557 2.6430580520859577 2.6501647947042986 2.656910291318867 2.6628552848369016 2.6675888864000927 2.670834131897256 2.6725539638826565 2.6729463471922696 2.6714379660785843 2.667860814722949 2.662309759471894 2.652661719279386
2.4537363356943374 2.444128312897628 2.4352686468574065 2.4272139169344844 2.419856053703949 2.4129466390299354 2.4061300762896347 2.3989811650813357 2.391043790383222 2.381872862224177 2.3710898648453678 2.3584845212693644 2.3442668753545646 2.3298028490935994 2.3199666611333467 2.323557815901121 2.338437730460793 2.3582324982798575 2.3797183797100123 2.401572673774366 2.423158348594915 2.4449233047646484 2.4674513720438696 2.4902872530136566 2.5129595182337012 2.535010745573279 2.555994230700104 2.5754738732481277 2.5930255031677123 2.6082391818171575 2.6211951101346846 2.631858607224043 2.6404581467111394 2.6487041442364436 2.656546307693865 2.663701470622901 2.6695410320704824 2.6735759490703623 2.67574022128486 2.6764208647003396 2.6760126785288065 2.6739773389864046 2.670588809863736 2.6642392784291817
2.4853111165559074 2.4756673067017134 2.466089878347169 2.4566504513454857 2.4472813271150913 2.4377915675252573 2.4278892597285453 2.4172066681463025 2.4053255919931424 2.3918011191462254 2.376185429238764 2.358059729478226 2.3371097181838847 2.314034429346298 2.295605546508523 2.3032103086372584 2.3253647712550443 2.3491651404968903 2.3729694287625076 2.3963142958139 2.4189878652927 2.4415181877273984 2.463948583098881 2.486484432619106 2.5088520012179822 2.5306356433703674 2.551426378782026 2.5708243102061363 2.588441192771342 2.6039271072683725 2.6175258478604517 2.6291007007489537 2.638798024154796 2.6484232691135094 2.6578037084457384 2.6664101299974825 2.6735652294378287 2.6783266399204018 2.680563015423264 2.6811076304400303 2.6809326037688788 2.6803138587087387 2.6783251378271196 2.674417376664474
2.511891419903948 2.502409994521632 2.4923986377458043 2.4819442051258687 2.4710150315118784 2.4594723305271944 2.4470862840931655 2.433557567900251 2.4185723880772265 2.4016450223475445 2.382376379774228 2.36044936693614 2.336290416050734 2.3120641354324625 2.2908563365623675 2.3002440416304344 2.323903906549321 2.348227653254627 2.372291983397826 2.3957936037091434 2.418628020639391 2.441384865228071 2.4639856120169266 2.4861892111379884 2.507865451005897 2.529022721337147 2.5492967330829037 2.5683108385963886 2.5857020685622003 2.6011824816992695 2.615079292626919 2.627216102586386 2.6377799949237275 2.648652370826237 2.659756432221036 2.670522322653803 2.679648808534987 2.68511787093348 2.686693960333937 2.686504242182926 2.6859408026941485 2.685263258997792 2.6841372408291826 2.6819672577390965
2.533035155767555 2.5239192545783573 2.513749831229004 2.5029366403125364 2.4926598223499044 2.482169986385135 2.470528396066297 2.456906913938157 2.4406300304497464 2.421217270339458 2.3984803056665203 2.3740509881168252 2.34973183702335 2.328020465794561 2.3149476694007927 2.31880687133198 2.335003928539352 2.3557419381208673 2.37782895921052 2.4000862367133515 2.4220981400076314 2.4443000926858116 2.46649235833246 2.4883885908525674 2.509722624526704 2.5302393271111643 2.549705848463456 2.568009464566494 2.584853036300935 2.599988506796704 2.6137795879027697 2.6260417655199717 2.637101573735255 2.648869710301387 2.6613696601840733 2.6743634589604786 2.6869205049478775 2.693648169244725 2.692854096961393 2.690910802134485 2.689204397059102 2.68792063927397 2.6870800878817716 2.6862480844791485
2.5482572086480437 2.540784149754403 2.534948187896263 2.529778110568187 2.524163213055806 2.51704098158879 2.507443185327797 2.494546117738023 2.4777303199093907 2.4574910131781924 2.4347506601571496 2.4104447408410983 2.3862151287617532 2.3648318980931986 2.3504259634138744 2.346721756699845 2.3538645190687246 2.369459027327009 2.3885038027286063 2.408599537899175 2.4290217913129952 2.450008362798036 2.471233232636794 2.4923357099832355 2.5130019092561615 2.5329450781680354 2.55189488444984 2.5695914260065686 2.5857816193552816 2.6003021393751826 2.6135821274472293 2.625478450225358 2.6365708792670204 2.648626370652223 2.661589991696302 2.6753116502550323 2.689452501806738 2.696855596046123 2.694299522022162 2.6917791795516224 2.6897105452925887 2.688143084354579 2.6870913563002126 2.6865608675288453
2.562081932943043 2.5630836993362562 2.5648714114178155 2.566222443205328 2.565931341588897 2.562856639448885 2.556231490946643 2.545741229364843 2.531173784261645 2.512671330665441 2.490801395089269 2.4666492106484514 2.4419345000067603 2.419079513056874 2.4009389911467527 2.3898567389683896 2.3867043554416036 2.3911997177446915 2.4029630237950332 2.4203516420775864 2.4387513180540745 2.458060406922068 2.4778816939824466 2.49778337071408 2.517399841658623 2.5364064540155327 2.5545044211394443 2.5714114870120763 2.586855792093492 2.6006364254578966 2.6131518398658935 2.624264144673393 2.634930561111465 2.6464839991739346 2.6586628586752488 2.670948447039109 2.6819188042104747 2.688223490398087 2.689160242085465 2.688064141162268 2.6865893237124268 2.6852184562870858 2.6840781636002515 2.6831218826006604
2.5826095522451316 2.5926603958404977 2.6027883069754396 2.6116978102373603 2.6181826598681317 2.621177109394628 2.6198161832849873 2.6135020947230676 2.6019728548550334 2.585369032373655 2.5642950622375937 2.5398687503949335 2.5137366216071104 2.487991311621868 2.464888249729577 2.4463612506499883 2.433641603327942 2.4273335266717795 2.427811788172068 2.435543947414844 2.4505418652366195 2.4679083797088404 2.486026129086813 2.504415915909476 2.5226703554101717 2.540429797441935 2.557366119246263 2.5731715819906764 2.5875506464989586 2.60024459391098 2.6115813410063686 2.6215004881311406 2.631443647031861 2.642044416933367 2.652900292201604 2.6633227682941887 2.672130911428681 2.677921318598009 2.6804395395639617 2.680832620311156 2.6802274056714324 2.679215007781511 2.678004545090903 2.676537480025279
2.613748082634764 2.633280837165987 2.6524713449347157 2.669874346013048 2.6841179458401445 2.6939645338596105 2.698385084696594 2.6966422123907177 2.6883739255697785 2.6736674003211323 2.6531105237237274 2.6278067846487 2.5993331010376486 2.569612321670207 2.540683534178842 2.514417733541022 2.492314768592447 2.4754981215504985 2.4648678232764336 2.4612704153075264 2.465621976009335 2.4789919417894892 2.4952257761742542 2.511885924877822 2.5285394722664205 2.5448004895932175 2.5603156128592275 2.5747528793028533 2.587792585990009 2.599122403713992 2.608932537040936 2.6175178963901518 2.6265182146009214 2.6359666823275827 2.645423328489147 2.6542674374108146 2.6617112687489315 2.66705887927655 2.6701542580872246 2.6714418965512374 2.6715339274976415 2.670871871543568 2.669651997369134 2.667839780922935
2.6546858112744776 2.6842046303879368 2.7130408945251077 2.7395759272219564 2.7622356991330586 2.7795614618377433 2.790300814596438 2.7935130300488065 2.7886756809588222 2.7757738942118126 2.755351455810814 2.7285055026521956 2.6968126542604822 2.662184301166591 2.626667364922571 2.592236794883551 2.5606479574443926 2.5333956738058023 2.511765680190749 2.4969207490924092 2.489971780437053 2.4925060193341357 2.505052348693142 2.5198439889784976 2.5347257269950294 2.5492962155038374 2.563183862517089 2.576037053935938 2.5875152822413905 2.5972803797922457 2.6052998766555144 2.6126480082968397 2.6206025238903017 2.628865418972628 2.637026349069252 2.644587196057728 2.6510181235769905 2.6559058302302008 2.659120927110595 2.660834363390217 2.661356701571857 2.6609609561491845 2.65979153809617 2.657842669982906
2.703514246250239 2.743513196133657 2.782593722146185 2.8189403164940217 2.8507354705102923 2.876238827338336 2.8938984085508572 2.9024876256154535 2.9012495655509296 2.8900186959996645 2.869286522613769 2.8401865554377665 2.8043932586364666 2.763951994025495 2.721075327388059 2.677951316403314 2.636606420627017 2.5988450204836147 2.5662567557406084 2.540261479920532 2.522161162669425 2.5134162596046092 2.5158584812625797 2.5279586553926587 2.540955215892245 2.553696945896979 2.565802019176227 2.5769055899266298 2.5866521620590057 2.5946877088003784 2.600883044695501 2.6072203178143876 2.614102404327838 2.6212196287779803 2.6282131346011033 2.634690134167205 2.640272015988684 2.6446737728479066 2.6477744081880794 2.6496210936062403 2.6503593350642745 2.650141346864034 2.6490619289369914 2.6471346307247567
2.7581829836542076 2.809129721149482 2.8590615914255593 2.905947651357899 2.9476840265223565 2.9821770967094006 3.007477283645732 3.0219610601095064 3.0245373309016097 3.014830640700744 2.9932834634712355 2.9611367355142413 2.920287966665008 2.873067370285003 2.8219925281446905 2.7695565669075553 2.7180834479615212 2.6696584720403513 2.62612098425848 2.589095254404683 2.560035908939318 2.540324301685902 2.531852722229782 2.5359306008799636 2.54697054827405 2.55779115217988 2.568004174959646 2.577238429018435 2.5851301710007437 2.591316857773615 2.5962098220696053 2.6015381416030805 2.607360130389596 2.6133924030475177 2.619326763900087 2.6248478193754834 2.629666637057455 2.6335639582558312 2.6364229477147494 2.638229909667698 2.6390405627976534 2.6389317523357274 2.637962251747329 2.6361552933105448
2.8164827805540003 2.878790111603047 2.9401702674419474 2.9983707108533966 3.0509636853656663 3.095421752931713 3.1292711818767094 3.150334665448333 3.157038696585911 3.148709638109085 3.125750584855253 3.0896185832306298 3.0426055683268265 2.9875082003506503 2.927296034074295 2.86485476358691 2.8028309861641314 2.7435682202831813 2.6891076626751014 2.641225432303269 2.6014837335702774 2.571281468230088 2.552249422462785 2.5460434327770187 2.55253472702388 2.5613788450583406 2.5696286409351146 2.5769129457708773 2.5828662329463934 2.5873175263311228 2.591527449262209 2.5958716065715115 2.600662093652722 2.6056695636473974 2.6106285463809495 2.615278556050991 2.619386439964621 2.6227708547810114 2.625318973521592 2.626986534894758 2.6277805922029596 2.627733639693076 2.626880881025655 2.625248966742515
2.8764368891733807 2.950009472614377 3.023384786107959 3.093700544585726 3.1581867571183686 3.213801956352495 3.2573878679163535 3.285983920807148 3.297295805937448 3.290201413031506 3.2650788850302446 3.223777689870274 3.1692423538288326 3.1049789740180933 3.034576800132556 2.9613936707930186 2.888406823453455 2.818180898865668 2.7529015133433363 2.6944368682535544 2.6444048336339008 2.6042339101953464 2.57527489522125 2.5592977617031263 2.5574951682461298 2.5642723704225294 2.570518355522881 2.5758036205386436 2.5797858540098586 2.5833165386064283 2.5869164404590212 2.590460545043758 2.5942529061312394 2.598288704306343 2.6023366879665852 2.606175681821763 2.6096093926138515 2.6124809949586125 2.614682491642196 2.616154930851881 2.6168794294318496 2.6168632054105974 2.616126682588968 2.614696572621273
2.9361928886741406 3.020247590102832 3.1058438219668267 3.189042988130339 3.266561611306056 3.3347900924210445 3.3896974797698642 3.427200240065219 3.443876014796599 3.4378734142267464 3.409566901653193 3.36151237048598 3.297728739960755 3.2227723947749065 3.1410364958239056 3.056399241565091 2.972133871457071 2.8909547212766182 2.815112678183726 2.7464962246737827 2.686720526034366 2.63719968560577 2.599202585607702 2.5741242011234147 2.5635104649353253 2.566295856259204 2.5705208494037364 2.573782343413989 2.5765414834117655 2.579491232920863 2.5825096022888396 2.585467587129294 2.5883476015371314 2.591457134323185 2.594644742479649 2.597718178227544 2.6005070875588814 2.6028722069654613 2.6047111442939053 2.6059589240866567 2.6065834138179476 2.606577813898466 2.605953423163061 2.604735456817541
2.993254040761039 3.0875163976558517 3.18444677960148 3.2809876871158856 3.3726922940887114 3.4552613519494493 3.5236206209117897 3.572077001503428 3.5953498481272668 3.5902853957560135 3.5572910944187117 3.5002492213312655 3.4249848008421777 3.3375717971232337 3.2433614272220512 3.146712886334024 3.051080552618528 2.9592044589950817 2.87329407172916 2.7951750558466517 2.7263987592474987 2.668321823869783 2.62216349914134 2.589049014464413 2.5704159690871946 2.567283990221081 2.5694880136841505 2.5713843405190273 2.5735803965054753 2.575968665968601 2.57843550149387 2.58086401975533 2.5831366091754955 2.585362395451503 2.58773072032066 2.5900751562650948 2.5922447014673167 2.594113726314962 2.595585897665019 2.596594993426907 2.5971027395501123 2.5970948514111876 2.596577015837781 2.59557236621721
