_RESULTS/REVERSE_NEW/MHZ/GZ/8comp/MHZ_GZ_z_500_kriged_reverse_8comp_test.asc
ncols 100
nrows 74
xllcorner 5.5967023331506844
yllcorner 50.982320383150686
cellsize 0.00019249369863007826
nodata_value 1.7014100000000001E+038
[rows 0 to 18 of 74, columns 43 to 85 of 100]
0.6984947860718985 0.6916547863522855 0.6913857255112786 0.701837830203185 0.7292574396383916 0.7829155442569732 0.876455807440687 1.0297058800684533 1.2702442000638283 1.6320818043225105 2.145663282965558 2.8121695605299446 3.565199482388763 4.250339672584196 4.668436328883335 4.678256183928588 4.280426812937472 3.615260805124841 2.8783008813592375 2.2211669318977463 1.7101495841112992 1.3457535952947706 1.0994759923362172 0.9386575369004214 0.8363882583396497 0.7730684460970121 0.7350973837809132 0.7132099129916875 0.7011824806045919 0.6949313937540864 0.6918739846431852 0.6904550584471135 0.6897929046421731 0.6894244319568269 0.6891324616227329 0.6888355648891623 0.6885209993852811 0.6882052027733038 0.6879114376187653 0.6876583367232542 0.6874555525085068 0.6873038533290607 0.6871975506566206
0.6972608322214613 0.6841752006365168 0.6782444158364449 0.6840028608490272 0.7083516398941444 0.7616968834108703 0.85972770555652 1.0260372353279745 1.2948890177167671 1.7108677542432542 2.3174927518467427 3.1240061689751886 4.052353837372561 4.906570692970878 5.431326122071289 5.4488748895827985 4.961213430273132 4.144300998527527 3.245145441312551 2.4540267324171765 1.8495637778015481 1.426575147961195 1.1456929598796153 0.9650161494083425 0.8515011674779894 0.7818989669693938 0.7405218111890783 0.7169044625355481 0.7041096323446716 0.6976108595303295 0.6945428741761662 0.693171219298079 0.6925079359168171 0.6920386194122704 0.6915363417039523 0.6909390596306444 0.6902699844409668 0.6895861847079406 0.688946656760742 0.6883949668535457 0.6879530317301976 0.6876226653816004 0.6873913913259416
0.6929036944948994 0.6709001531405457 0.6561959817483332 0.6534333540832044 0.6697584226090979 0.7160400352593523 0.808875133560826 0.9737314349818704 1.2485768075202492 1.684365591810711 2.3330894245424187 3.210135178404492 4.232155004554799 5.1798856103691415 5.766290404485243 5.79479904711283 5.269532678914746 4.384172079367919 3.4105895443400245 2.5580277259685182 1.9111691822097647 1.4620365242689808 1.1660384483924349 0.9769323583006114 0.8588619633543525 0.786942949446606 0.7445667246433094 0.7207327976804142 0.7081635728862865 0.7020902392966479 0.6994618365588149 0.6984039187070233 0.6978367957814834 0.6972070131301934 0.6963001010442579 0.6951082159221884 0.6937335541360963 0.6923173061476545 0.6909906599733271 0.68984678204112 0.6889315421940779 0.6882483385499499 0.6877708276157827
0.6845533134470431 0.6506930192948226 0.6237795877597015 0.6082349762603997 0.6109950105816511 0.6426776239444651 0.7195874142867608 0.8669398009205647 1.122648726672427 1.5380043407167154 2.1658207859428873 3.0228466259661877 4.028152005398379 4.966392266876596 5.554307202496248 5.59756642137716 5.101338813157915 4.255639824116396 3.3227250339485592 2.503221672044714 1.8791497407013555 1.4442245128950106 1.1567057885122114 0.9727016722648986 0.85789233818429 0.7882973454374081 0.7478056624074485 0.7256598852827523 0.7146570712393586 0.709988492803004 0.7084954055938991 0.7081766675415904 0.707854539505301 0.7069420461056904 0.7052704292867115 0.7029473359523167 0.7002320199259192 0.6974285412808069 0.6948053715409184 0.6925483087760206 0.6907466111722135 0.6894049237736822 0.6884695229367626
0.6720789944750217 0.6234587602295729 0.5809676796622835 0.5483839718842703 0.5319268769292878 0.5414538619699354 0.5924639055102275 0.7089170462147225 0.9261434182650735 1.2905662743398274 1.8481420253943739 2.6109605729439056 3.505125268304195 4.341926809071413 4.87507140545109 4.934347682212644 4.524443943315358 3.8105333157326164 3.015609441539135 2.309386748595097 1.7641191310122084 1.3786670328706883 1.1206570993966765 0.9540999731636799 0.8499116759221018 0.7872251964919178 0.7516825285031395 0.7334574455669494 0.7257694896573079 0.7239062503623098 0.7246093993813811 0.7256988211244939 0.7258448113688338 0.7244153732408792 0.7213387204743218 0.7169458961886435 0.7117920738144301 0.7064818735091188 0.7015314842930872 0.6972891397032936 0.6939160895516048 0.6914138595679994 0.6896760123349636
0.6566299683277299 0.5907595164500015 0.5297755196244938 0.4760467636960035 0.43441689130038236 0.41425620836766697 0.4313904842923084 0.5092238808299924 0.6804641535564008 0.9849486860129996 1.456248662959804 2.0953671834255267 2.835098306941063 3.5230288573594235 3.9675370786568123 4.03807315882405 3.739705058321551 3.200081548188333 2.5885340900382903 2.0347008547564553 1.5976387110979828 1.2818492666817287 1.0665214327997874 0.925892002706425 0.837922361514575 0.7860845495747004 0.7585378947508417 0.746818224932042 0.7447525616598327 0.7477250239138425 0.7522533463046414 0.7558035069729289 0.7567507131358667 0.7543747814420142 0.7487862995370475 0.7407331280531054 0.7313119785447051 0.721662828020704 0.712727999250872 0.7051219966620518 0.6991124067696308 0.6946805597035406 0.6916202281312901
0.6409618408680149 0.556152522006764 0.4745217683645651 0.39580057827412396 0.32396008055993886 0.27175806856510853 0.25676929458695336 0.29746943669380593 0.4227256889209672 0.6729063282576142 1.0723943848609778 1.6031704337349284 2.198296610054325 2.739920447857596 3.09114162250173 3.1636394442866056 2.965432456603419 2.5882492779541426 2.1508631486464735 1.7453817361406707 1.4171675904518737 1.1741935268604442 1.0053898428381634 0.8943517213744546 0.825905507024172 0.7879909893088449 0.7714747893286259 0.7693718386025428 0.7760900111298029 0.7869142354803053 0.7978019211765219 0.8054787667434775 0.8077221619361876 0.803626543868673 0.7936406273979938 0.7792852392004678 0.7626350270556187 0.7457585814286939 0.7302981667230707 0.7172715366797264 0.7070763912755059 0.6996237676851055 0.6945209993707538
0.6292869986392648 0.5250651043676992 0.42206485464422105 0.31701330325094834 0.21909987086176294 0.1514645393864768 0.1253342899916154 0.14246566112608333 0.22278873756022521 0.4160605830262392 0.7599676476255213 1.216985458598463 1.705081125373376 2.131144614392156 2.403010244381077 2.4677254987759065 2.3383506675261354 2.0810817257868885 1.777213004207586 1.4899283991267978 1.252370513652451 1.0731455963761982 0.9473973155257381 0.8655526888677505 0.817926365472381 0.7963198408000101 0.7940822603537357 0.8055800951257739 0.8255767776573825 0.8488195361340646 0.8700458286841652 0.8844931265221768 0.888751916620321 0.8815444327725193 0.8639627533220781 0.8389723401196407 0.8104047038544486 0.781902763577368 0.7562017962765687 0.7348681402096683 0.7183994000701805 0.7065123948993618 0.6984723368212697
0.6265001493085249 0.5040931801124444 0.3818867248641467 0.25550677797327936 0.14695960712026376 0.0846697413681551 0.06296510288127048 0.0707669645472746 0.12014948912110249 0.26178519591346716 0.5574697865074105 0.9689486077589857 1.3882075183185405 1.733083171722598 1.9433018053396862 1.9920196265873131 1.8984167806665966 1.7142319530971297 1.497262177830156 1.2912071061179797 1.1195521723918964 0.9896129124455054 0.8995750338145725 0.8440854218027809 0.8173272575982004 0.8141438629006734 0.8300126723753657 0.8604436393972212 0.9002070793832213 0.9427970998415414 0.9805832062392645 1.0059487437485921 1.0131978455924255 1.0003537721762976 0.9697744636843465 0.9271467307029362 0.8794355231918646 0.8328787206897981 0.7918084851495139 0.7584141589187132 0.7331189911238094 0.7151790887139786 0.7032519682193871
0.6368065843311511 0.49945389942051 0.364035690088907 0.2257339261766886 0.11603704094073855 0.06075718944674539 0.04310666551901602 0.048503081487656634 0.08615575773690305 0.20390461671246338 0.4738219303536867 0.8608646909214932 1.237925065339183 1.5270063819457915 1.6882698752621943 1.7133354158519873 1.628288232870909 1.478722151251638 1.309445140666633 1.1521028779106193 1.0231394126108635 0.9277833789252886 0.8652125922733842 0.8323884707608786 0.8261017465287651 0.8436124802329179 0.8823281159674521 0.9388279574534544 1.0075524020858473 1.0797372221628327 1.143518300393429 1.1860420285099822 1.1973670666008578 1.174313569009001 1.121781663600192 1.0505564650023196 0.9730705452633114 0.8996439041079188 0.8367080272124752 0.7868997075484554 0.7501003760799664 0.7246076334224651 0.7080578251903524
0.6620227139655461 0.5146712970862335 0.3748750991202283 0.23407818560627056 0.1217639456831773 0.06467826890160995 0.046614217976060655 0.05319384939837061 0.09513214109955931 0.2231939476013565 0.5045579967357852 0.8860312367285681 1.2355860638519047 1.482463128311498 1.599064145183235 1.590923422339561 1.4923869174264677 1.3485160689394966 1.1977315395060535 1.064340698644532 0.959632969894455 0.8865337323980591 0.8441017512962522 0.8304898252681542 0.8443717668726373 0.8851902756980723 0.9524418693601764 1.0440454177954595 1.153965540932451 1.2699146171087397 1.3729625577095645 1.4411343331907212 1.4570355647535573 1.4157000393926378 1.327103100052719 1.2112832851805022 1.089742727293371 0.9787083480490008 0.886874274077962 0.8165940843581722 0.7662731162114085 0.7324638258581632 0.7112269865177472
0.7000632208603699 0.5486362377782781 0.41397092043463435 0.2817946121865134 0.16761884612620845 0.10079941148650477 0.07848405746988736 0.09171413376178807 0.15798144806083153 0.3334584072262709 0.6563281463058444 1.040375610792304 1.3671690578305769 1.574187294519793 1.6409458616407695 1.586024294287184 1.4543783246549893 1.2942398636581907 1.1411366172977289 1.01430763252676 0.9207268395214423 0.8608368440791097 0.8329676104531647 0.835884987828202 0.8698693866199493 0.9366959675343413 1.0385129449036568 1.175294831680053 1.340713022318916 1.5175089086337081 1.675778706727979 1.7788024673517044 1.7972741855136434 1.724328429723552 1.5796532451596925 1.398941991620693 1.2173713513022206 1.0585290048441254 0.9325485816980771 0.8398852067581914 0.7760199308707272 0.7347780466207285 0.7100719109247637
0.7441516795447017 0.595263296348999 0.4736546556404697 0.36281152577855497 0.2625647007037703 0.19360909659881875 0.1716658154772854 0.20568878474577446 0.32427703307233247 0.5712156696349088 0.9337463524328115 1.3152483905021777 1.6166105635619032 1.775763756212727 1.7786911827557281 1.6597555688450134 1.4774059613506596 1.284980434511632 1.1160865956293498 0.9851946657640819 0.894842155848581 0.8426474071865703 0.8258269835131625 0.8434884160113572 0.8974986258619758 0.99231650253846 1.1335098952764258 1.3240776677940764 1.5577912140671584 1.8108444512225277 2.037719656194997 2.180393430280821 2.19328031852231 2.06941236975628 1.8455071354442736 1.5806924069888275 1.327654341488852 1.1168570116897438 0.9573430014039825 0.8451933886028354 0.7713652049860026 0.7261670679537402 0.7010575805377579
0.7832584379207699 0.6446871850856797 0.5417571798992978 0.4599261893540262 0.39430764628160514 0.35404850012968775 0.35984497374325997 0.43823037896125766 0.6208139329937014 0.9226316296820004 1.3043992858705238 1.6776623401974524 1.9445434350007371 2.039516732999479 1.9604174839356416 1.761927257749169 1.5176579938725752 1.2855317845527363 1.0959710271490926 0.9576404429933322 0.8680491188525511 0.8216964847067879 0.8145289271755837 0.8459182318814321 0.9193527269836651 1.042206588810064 1.2239520456834379 1.4711912392116997 1.7777991874047625 2.111651559221251 2.4074244175492288 2.581109471599001 2.5701563042342093 2.3733471354745137 2.053311967090055 1.6980674845046433 1.3771534658272746 1.12365765857232 0.9413502786418236 0.8195244546398441 0.7438068591205269 0.701041932819392 0.6805543161927716
0.8043961253032306 0.6853088828934085 0.6055143465120882 0.5539772381212431 0.5283226103929577 0.5356069154312518 0.5936007555168578 0.7283701604249718 0.9640741542646618 1.3013436500469457 1.6946776388190865 2.051652195039193 2.266976686317802 2.2793442761955522 2.1063576065512706 1.8252890224355067 1.5226167372805959 1.2570420629197683 1.0529132335065305 0.9117920852995666 0.8259697865543456 0.7870711160221722 0.7900290863834459 0.8345836150706853 0.925767745810961 1.0736293572060533 1.291128080388926 1.5877600186465761 1.9562338196758382 2.3541596304743213 2.6948385805031987 2.8700484970633564 2.8078654052219982 2.5234547541831462 2.111440516863569 1.685749202964502 1.3240497745230801 1.0540291981911516 0.870159741502589 0.7543732843523715 0.6880301208583023 0.6558788601870094 0.6461931306489416
0.7968677663201614 0.7066603012165987 0.6538493735668355 0.6315480261485197 0.6407897715287965 0.6901612680651561 0.7958059225037749 0.9787405916779907 1.2548253140845205 1.615011517008676 2.004195077566311 2.321756048880623 2.463318741902277 2.3835460494969984 2.1241051278634417 1.7804701199444657 1.4437984186498727 1.1669101698840156 0.9650767899724777 0.8326103407419346 0.7576605267805288 0.7301438569321672 0.7447547505207175 0.8018586928582431 0.90774431140258 1.0742336306231588 1.3161400245133161 1.6434266476876587 2.0448530004029086 2.466381762753484 2.8034659607874306 2.9351561112125903 2.796807292537835 2.431319035512593 1.962141136153591 1.5141291535165142 1.157643979314247 0.9068947202004766 0.7461391267467329 0.6524540169847515 0.6059646089821563 0.5916952566500879 0.598375495684953
0.756858625873417 0.7027340658207221 0.6793041013269082 0.6841390934771442 0.7212149237501883 0.8004563100746878 0.9368462696035477 1.146705861637607 1.4373658199582962 1.7888406724592238 2.137006048880421 2.3815032422179456 2.4328074598478544 2.270263538623697 1.9563092150744237 1.592466958139143 1.262135075892917 1.0053961327137488 0.8273312971280249 0.7168738283826526 0.660465889951051 0.648194893109077 0.6755819749604284 0.7438958851597989 0.8601785657137196 1.0366343119113377 1.2874788423847552 1.6197500296949199 2.0152024818927283 2.4089168768099816 2.687889238915673 2.7371687263085893 2.518017636719984 2.1048889609553494 1.6349239612250703 1.2220763692890546 0.9153958733073984 0.712847900499242 0.5919446997072612 0.5295063429383452 0.5079958254921597 0.5150117218167272 0.5410411299486045
0.6895324709110768 0.6741148046056235 0.6799958247770349 0.7084324800882443 0.7653901759958232 0.8610039537519855 1.0079825475699946 1.2170152662708404 1.4866070210305102 1.787952108193675 2.0553669626871307 2.201626086639468 2.1637804511374283 1.9475036312245702 1.625429235953997 1.2896653559899849 1.0047949033298225 0.7948106611926106 0.6564135734328955 0.5764732138300716 0.5425198582137996 0.5465869445018795 0.5858910418260009 0.6627299374372881 0.7843135098522824 0.9618377644844054 1.2066562830491925 1.520167357017759 1.8757920430062227 2.2015823828956393 2.3884602226809446 2.3449193840146836 2.067904234881849 1.6549702666138932 1.236157672087462 0.8978083052213979 0.6633649529747656 0.5185920151040174 0.43985394877143125 0.4077279996413442 0.4093158970813549 0.43607156793716445 0.480959445433018
0.606970416338568 0.6274637617550168 0.6598442240009471 0.7071320627200531 0.7758291567765634 0.8749830511607699 1.013895196404478 1.1971750746291128 1.4159684438029503 1.6376928069985912 1.8041369305979282 1.8509186142404488 1.7454653996724654 1.5133898109686799 1.2243771234335228 0.9497650452667138 0.731135005746743 0.5781622487789089 0.4829162190919075 0.43331125001383874 0.4198171755245556 0.43730724401198334 0.48500894528382144 0.5661785636855214 0.6877600265589018 0.8591090940541772 1.0875958470291849 1.3682136159579503 1.6673175316963034 1.9115433436497096 2.005663743879805 1.8895271652943961 1.5921313904769707 1.218493868982035 0.8764502286474694 0.6209856840957487 0.455436432153835 0.3602722253523358 0.31490435607392253 0.30528206287794063 0.32354450302781307 0.3651515330431122 0.42576938624459193
