_RESULTS/REVERSE_NEW/MHZ/GZ/8comp/MHZ_GZ_z_1000_kriged_reverse_8comp_spherical.asc
ncols 100
nrows 74
xllcorner 5.5967023332191781
yllcorner 50.982320383219182
cellsize 0.00019249356164376555
nodata_value 1.7014100000000001E+038
[rows 54 to 71 of 74, columns 0 to 39 of 100]
9.974696985365807e-05 4.495408816637011e-05 1.9451703463901104e-05 8.554340111326169e-06 4.0573700975788875e-06 2.2416272905888962e-06 1.5062053436608092e-06 1.2150308053800174e-06 1.1691974812875597e-06 1.3143008319697979e-06 1.7014220993524709e-06 2.548274215100569e-06 4.530735071254042e-06 9.885557365631528e-06 2.626195780748533e-05 7.560779431016225e-05 0.00021825831507019485 0.0005936407596038324 0.001502172635874717 0.0031648538037920204 0.005626822492284385 0.008914178485156767 0.01214282658118833 0.01389045493753556 0.013448979186216615 0.01124177197488907 0.008225705510564445 0.005330963469451461 0.00320760678083133 0.0018427289038064766 0.00103888836659104 0.0005813667949526242 0.00034397930242628037 0.00022824764826704 0.00017528044755543357 0.00015570394634210674 0.00016243040238903022 0.0001996356771103278 0.0002897944805468892 0.0005292862947278951
0.00011010180048983549 5.3570959825252024e-05 2.5179606811021296e-05 1.1935055263740424e-05 5.948565660517561e-06 3.2250149663776428e-06 2.003536434670121e-06 1.4416634097446358e-06 1.2032612087637403e-06 1.1535463546854164e-06 1.2556206090797124e-06 1.5642200831500818e-06 2.336575329204751e-06 4.573942782592194e-06 1.1616092400607406e-05 3.383881698234875e-05 0.00010065720567795738 0.0002795886233352095 0.0006885725471211439 0.0014492372924634878 0.002704898186467565 0.004546446062639824 0.006724679638679136 0.008635401429147612 0.009632658552370011 0.009419926491212939 0.008161820842727265 0.006390763409986929 0.004766271142201397 0.0034649449822390715 0.0024838755852944717 0.0017618316648940352 0.0012830950604447125 0.0009901725738881368 0.0008271016828151242 0.0007587552108464884 0.0007788232857648178 0.0009320087249326575 0.0012911700241082626 0.0021784200788422053
0.00013237473164688502 6.912157113368577e-05 3.4914593433201205e-05 1.763817963309875e-05 9.194155156250914e-06 5.068015168902793e-06 3.0036197887623666e-06 1.9817898754383383e-06 1.473194894775729e-06 1.2329329690460792e-06 1.1449282180507698e-06 1.1762717883216508e-06 1.3921352827642895e-06 2.227700107756805e-06 5.705779585817295e-06 1.7703847550613547e-05 5.4223696009000934e-05 0.0001515392245070957 0.0003707752563888291 0.0007940445974930803 0.0015517798719047818 0.002767720714151478 0.004438114203725098 0.006341797831413095 0.008064630513513067 0.009165388747341121 0.009372335249933037 0.008854396487951928 0.008040448622102875 0.006922011377142472 0.006002464065782958 0.005277604345807852 0.0046644419239547895 0.004161564705272233 0.003774570255692527 0.0035738666983050824 0.003668316788986047 0.004275102256674038 0.0057507843858226665 0.008711149793940337
0.00017082354305413835 9.537303057639784e-05 5.148113625945747e-05 2.7594022995583438e-05 1.5051959009409347e-05 8.521773240227305e-06 5.0725573687399645e-06 3.1947140438320844e-06 2.1861416169578967e-06 1.6577159912968788e-06 1.3734121951141095e-06 1.2219014193940866e-06 1.1112222759756653e-06 1.138223117993402e-06 3.717530463728301e-06 1.2045015818073077e-05 3.613104172159524e-05 9.739889000025583e-05 0.00023042397530347787 0.0005185846853947278 0.0010829162906529426 0.00203603434322272 0.003510369303152712 0.005522818081271071 0.007914380717526722 0.010346708053323172 0.01237871241883452 0.01385899568113418 0.01453333338552063 0.014388211131535305 0.014479178370625678 0.015022735492194062 0.01592855924565796 0.016480462170860365 0.01602714429323448 0.015359623632398912 0.015738278375973604 0.017947618491959322 0.02255118384500874 0.030890341779678438
0.0002338899518416859 0.0001393989194164903 8.024115178551893e-05 4.561341611110964e-05 2.6110859013503056e-05 1.5265590682145933e-05 9.253009455100864e-06 5.8723933983252326e-06 3.922192002983469e-06 2.8260302580649242e-06 2.230199387665956e-06 1.859398064338107e-06 1.6633309201084337e-06 1.9873813113637446e-06 4.317514073420113e-06 1.1594991596913471e-05 3.07369369640902e-05 7.533780987257298e-05 0.00017071803327157483 0.000388530844815239 0.0008716281315737944 0.0017867530053243823 0.0033285294762859423 0.005691860225873594 0.009066614216891547 0.013460947790729837 0.01833142189988836 0.023115158685959074 0.027299837264678484 0.03029208027684576 0.03400174118036758 0.03995816490965592 0.04942403215965699 0.05987083142808264 0.060185826284422914 0.055828116283765654 0.055103204396611496 0.05954996010558287 0.0697505142738041 0.08956599947819259
0.0003364224370290062 0.0002139776498626141 0.00013007504735392311 7.701383285237142e-05 4.547374801669262e-05 2.7329156659872983e-05 1.699344342368618e-05 1.1068372711388888e-05 7.617981908343309e-06 5.514243642789372e-06 4.2430192894709485e-06 3.5510585548919917e-06 3.4208453368628844e-06 4.22322441670999e-06 7.146096307183711e-06 1.4809765439836895e-05 3.249650074534614e-05 7.009309935376596e-05 0.00015221136096638154 0.00034033792522970526 0.0007775034822044468 0.0017219200421271172 0.003527149627583644 0.006709104084358876 0.011844638034252439 0.01922259599580369 0.02860003312437127 0.03996140784432197 0.05220542662314873 0.06291203117562266 0.07511089940531503 0.09369547709465328 0.12738515562982886 0.19179701922831036 0.17111489209745495 0.1440568164923974 0.13570306937604132 0.1403526468058553 0.15711755996378968 0.18891807605078847
0.0004984776612964909 0.00032849486558291863 0.00020606007342939499 0.0001260885662520066 7.70014377092055e-05 4.790073093014776e-05 3.082105353283003e-05 2.058163818589703e-05 1.4341217599628683e-05 1.0491564567428962e-05 8.23881274713028e-06 7.147021336528408e-06 7.11339751679774e-06 8.503238943613867e-06 1.253999064497102e-05 2.173013302317405e-05 4.033119016597029e-05 7.90291047637031e-05 0.000161449822765907 0.000347069025742304 0.0007772154594296509 0.0017778150708784308 0.0038912324447653553 0.007921387125640077 0.01499142018586793 0.026382452535487544 0.043108055901070794 0.06680264394740358 0.09652307056551605 0.1222002904553221 0.144026531972901 0.17358666090300182 0.22097613844010772 0.27636288171955703 0.27637672496861565 0.248714004800355 0.23307298115524672 0.23225620215403076 0.24607989745740957 0.27403336373574216
0.0007153708733652819 0.0004851384297667989 0.0003133545961837007 0.00019725349719874346 0.0001235116123538712 7.828041986010337e-05 5.0939147443132507e-05 3.442400979026928e-05 2.4392071322566816e-05 1.8297964134667503e-05 1.4733803494010455e-05 1.3129823663686266e-05 1.3260053252207186e-05 1.540171120798705e-05 2.0797172232418107e-05 3.2006022735509234e-05 5.541250959564363e-05 0.0001029536686972538 0.00019679900641093154 0.00039773404876498777 0.0008465015339028527 0.0018566878416797215 0.004112191582410632 0.0086967133325011 0.017233248019233267 0.03200934462798801 0.055781671524209195 0.09352000475362873 0.1525823771453763 0.1977809107391956 0.21228326893572816 0.2375720433454743 0.2746822121231401 0.3088693724386921 0.31723596392343295 0.3051280915170573 0.2908505952411439 0.2840533007946569 0.28518765885972375 0.29060528611681463
0.0009060898870542446 0.0006326333257815063 0.0004189009398597856 0.0002692257890617534 0.0001715377179691495 0.00011040330390364986 7.294343479464894e-05 5.0151658460056216e-05 3.6303185375391904e-05 2.7965324935445644e-05 2.3177497319202494e-05 2.095895055019074e-05 2.1110550889222236e-05 2.371858451367243e-05 3.035251761790741e-05 4.517485988815274e-05 7.534514308455705e-05 0.00013495882382485254 0.0002493741458811885 0.0004727761388036164 0.0009421214230916291 0.001950132771269374 0.004114083699521086 0.008693937629305214 0.01759941546559004 0.03341981418246671 0.05941091524534311 0.10007732844425862 0.16146605171835324 0.21111648550578452 0.22735393164938436 0.24714345209793978 0.2715782745551268 0.29250678156101395 0.30089893286818614 0.2945504640121696 0.2813939313638396 0.26787192882386673 0.2551672615929037 0.24019718949894958
0.0009777211677959355 0.000702031042672315 0.0004759806016991871 0.0003120468470381059 0.0002022498544662314 0.00013224571113972615 8.881129968571037e-05 6.220055362492347e-05 4.601311005426648e-05 3.632678586400309e-05 3.086036386719066e-05 2.837250685975779e-05 2.8439196743092954e-05 3.2070387050835985e-05 4.132442726280091e-05 6.0781972519883424e-05 9.899714295357575e-05 0.0001724510537539337 0.00031027218494466885 0.0005676303987012605 0.0010598983818399814 0.00204687072343961 0.004045762405067793 0.008038450779972789 0.015782738093445915 0.029748819387159172 0.051839275240598635 0.08247478880806518 0.12051933885473917 0.15744216824687648 0.18342751506912186 0.20384068087003693 0.22205110726257177 0.2359531433181598 0.240462917611681 0.23507819079983372 0.22286352599223974 0.20687682288810402 0.1882285160367749 0.16622297079117043
0.0008917246645891581 0.0006575097769222625 0.0004555795879862232 0.0003039948333717805 0.00019999001010651346 0.00013259195068161402 9.035780353027448e-05 6.436788537032954e-05 4.857546537061782e-05 3.9200409786256466e-05 3.422056319585987e-05 3.2820603847852737e-05 3.475743254450852e-05 4.0637522921008026e-05 5.306551608121511e-05 7.785555909920543e-05 0.00012505131688820762 0.0002134198268667058 0.0003752914493396648 0.0006645107982309222 0.00119159014154915 0.0021372346068038264 0.003914764778539246 0.007211957762285549 0.013107873105922546 0.02302178438492594 0.03811056170243728 0.0569765367467685 0.07913798687723295 0.10268423085359298 0.12355264544470577 0.14079498400586524 0.15440138417994492 0.16256628874003384 0.1641349482969279 0.15917556595921137 0.14894264258803155 0.13496409941406812 0.11831429534311741 0.09961342050618348
0.0007215338366881753 0.000531064783517368 0.0003697241663672527 0.00024855555219566525 0.00016491135947649632 0.00011043432792492148 7.631576844067546e-05 5.555674147941388e-05 4.3364169489409514e-05 3.6783051323500635e-05 3.4202307210878646e-05 3.499359008472643e-05 3.935232430846868e-05 4.834932869082768e-05 6.466646749962489e-05 9.526772528183337e-05 0.00015196616424046594 0.0002555388584614231 0.00044059698536725656 0.0007583641819612661 0.0013051317847628447 0.002216621188664679 0.0037346225718753946 0.006324272316483986 0.01054505991534601 0.01693124930847105 0.02551620550053753 0.03549538550978806 0.047206683161137145 0.06053303080743342 0.07357318056606371 0.08466526149546562 0.0926953335011925 0.09695873584699766 0.0970660539729378 0.0931553837379082 0.08587504486077992 0.07613541789535651 0.06532526255747785 0.054452227016948865
0.000561359278636267 0.0004088771241460207 0.00028209543274277087 0.00018835341982031593 0.00012465252631956066 8.385189897716831e-05 5.8798260805189404e-05 4.398858398514604e-05 3.577373451224706e-05 3.201126289754161e-05 3.166894933547145e-05 3.457417977225383e-05 4.136126581801586e-05 5.362950178366032e-05 7.449695155961257e-05 0.00011175713068689053 0.00017846497067515292 0.0002968798227965809 0.0005030647654430406 0.0008466934523000069 0.001395525600378099 0.002259669043819793 0.0035264714981010545 0.005463889451027435 0.008325063097319757 0.012199355241488885 0.01682092784154947 0.022197317560449438 0.028006475995504654 0.03429367851213093 0.040493834359502254 0.04583130565267391 0.04965827284892742 0.05153201188475454 0.05128284246711889 0.049056779060270825 0.04526378696758119 0.040440176086275946 0.0351083452238156 0.02969982385869136
0.00043050382029048966 0.0003040781988472467 0.00020749546103440472 0.00013700706429231079 8.984232182793371e-05 6.020045122221703e-05 4.245757401440892e-05 3.2401102065549944e-05 2.7333681738138693e-05 2.577927304806415e-05 2.718657512760481e-05 3.178175312875813e-05 4.0615938034459905e-05 5.582781253996998e-05 8.113280566245515e-05 0.00012460233969216982 0.00020124760585723257 0.0003345543570446595 0.0005600695690581875 0.0009236550192148125 0.0014688830697135167 0.0022577229208388073 0.0033117785114331216 0.004686963206160558 0.0065208843200636754 0.008728388748006702 0.011303045023530928 0.01425306464701283 0.017230030304924863 0.020018083854206094 0.02271769347496133 0.025004538878755263 0.026594203785727463 0.027298198112303024 0.027051958764614192 0.02592061578390836 0.024074429815749573 0.021740467476170606 0.019152111057401586 0.016515074795030987
0.0003320679399329974 0.00022297719429047094 0.00014811144797222475 9.626894917391604e-05 6.205521782203796e-05 4.0971171424192906e-05 2.8717798316718205e-05 2.2138786636204153e-05 1.9288570961031437e-05 1.920751448873422e-05 2.1720058038215437e-05 2.738104423015335e-05 3.761560537152445e-05 5.508107492906073e-05 8.426128097716565e-05 0.00013296957463842585 0.0002173450099945923 0.00036152080820732213 0.0005997116380204316 0.0009722202068538896 0.0015091641482995264 0.002208154218613677 0.003056173914517987 0.003973943544273294 0.005041458816934436 0.006277145427529865 0.0077488536781750005 0.0093587471085068 0.010922426984532921 0.012203894102754324 0.013291616110506799 0.014188744955642455 0.014773532198177994 0.014967341209361029 0.014745123616557035 0.014135549786946304 0.013210383141362065 0.012066418569628732 0.010806434186346919 0.009524827497867667
0.0002611597648448955 0.00016696216210630984 0.00010504411129107472 6.603732250509228e-05 4.149694644095711e-05 2.6635394191586736e-05 1.8249647857892043e-05 1.4013624421063112e-05 1.2549426390906381e-05 1.32742018999868e-05 1.628369545621852e-05 2.2382637627841464e-05 3.3307740839769784e-05 5.217817008031948e-05 8.417810651348701e-05 0.00013736709925376086 0.00022686395245243214 0.0003768155342452262 0.0006180010428194041 0.0009823846447132556 0.0014853299122223323 0.002095601905159428 0.0027299086471399 0.003290646082129387 0.003887228696239379 0.004619279089821636 0.005458479762603387 0.006342330568836476 0.007172871711961013 0.007831438507406602 0.008233007882454138 0.0085112158197088 0.008659660411194802 0.008643895815127749 0.008453204936953984 0.008099699234310458 0.007613675295089313 0.0070365477390907805 0.006413442959619032 0.005787302485909828
0.00021238200689876758 0.00012987245601982724 7.75536963264979e-05 4.585019559454674e-05 2.7358244071873086e-05 1.681384085878164e-05 1.1002356694510008e-05 8.224787063226003e-06 7.522904575675202e-06 8.574119776869053e-06 1.1647198444792839e-05 1.771533266505571e-05 2.8751330145429745e-05 4.824543458956664e-05 8.194284789602783e-05 0.00013861959880699431 0.00023108960293635378 0.00038165444922886986 0.0006163588111852682 0.0009570906874398676 0.0014044855807011747 0.0019135006733750014 0.0023800112632240177 0.002738548807328067 0.003090791544148189 0.0035159728354604573 0.0039908110461217925 0.004476594758380301 0.004920383176043425 0.0052628772469403414 0.005451874327803703 0.005475746769573826 0.005437706978851208 0.0053409950333920524 0.005179035851264668 0.0049558238059355005 0.004683638634419172 0.004380083041998469 0.004065112055249367 0.003758677726323487
0.00018102558927167868 0.00010676898073971328 6.100156696669482e-05 3.41178769582155e-05 1.8956470427912085e-05 1.071819535906916e-05 6.456236226562226e-06 4.5034849620783874e-06 4.159727539694914e-06 5.284487340485595e-06 8.216922879975378e-06 1.402115746097543e-05 2.4830590119936808e-05 4.438992855593838e-05 7.87976775719307e-05 0.00013718996743364257 0.0002317030913997886 0.00037817456883712216 0.0005978942350941867 0.0009022972112700181 0.0012793027823921343 0.001692485277839786 0.0020848805729865856 0.0023667141816742713 0.00255959923715413 0.0027945143069849194 0.0030555157353540476 0.003318153946272665 0.003552792211319842 0.0037286028258143454 0.0038196472795689073 0.003810972255110253 0.0037088225675533403 0.00358157333799959 0.003440749358791958 0.003285824444479692 0.0031208261164205357 0.0029528951618304385 0.002791018199124665 0.0026451356156881726
