_RESULTS/REVERSE_NEW/MHZ/GZ/8comp/MHZ_GZ_z_0_kriged_reverse_8comp_test.asc
ncols 100
nrows 74
xllcorner 5.5967023331506844
yllcorner 50.982320383150686
cellsize 0.00019249369863007826
nodata_value 1.7014100000000001E+038
[rows 54 to 71 of 74, columns 0 to 40 of 100]
0.00017367778511683416 7.083438457482293e-05 2.8463876502219148e-05 1.208657559080995e-05 5.7265395118488e-06 3.1027821975410663e-06 1.905910155192909e-06 1.2851593181157744e-06 9.181423374309478e-07 6.839960658105972e-07 5.417744286212087e-07 4.826467966841311e-07 5.232890876858195e-07 7.454181232667821e-07 1.4631142985890869e-06 3.956131200094333e-06 1.3970096810713216e-05 5.844054796003324e-05 0.0002562346602432873 0.0010399184822467544 0.0035164870703072097 0.009222273708039628 0.018165626641183076 0.027018732835478138 0.031407445586888585 0.03005853682753431 0.025098677031934642 0.019293931266697206 0.01424269938384563 0.010369972776749777 0.007527615878024451 0.005430737405584499 0.003841817171547339 0.0026151012522639557 0.0016824054271711633 0.0010137988344511976 0.0005768632846726937 0.0003197875172504243 0.00018256696649258895 0.00011556080603247535 8.773055699276745e-05
0.0002956923555660687 0.00014441004469850264 6.851413417414498e-05 3.290861110076584e-05 1.644760751624331e-05 8.602533016998663e-06 4.639634916430745e-06 2.5212099329871827e-06 1.3631583166893808e-06 7.456771545260572e-07 4.362985121883443e-07 2.9860515305186763e-07 2.650880402635198e-07 3.3356317629557883e-07 6.232339363341175e-07 1.7073750641694537e-06 6.3771272589593045e-06 2.884527395004315e-05 0.0001373525367409346 0.0006013677371652195 0.0021712662270477676 0.0060312858483403935 0.012548065411883963 0.01975966976380691 0.024446848974105758 0.025025743625154674 0.02239329005929363 0.018403327277673378 0.01444099417734174 0.011109893302542483 0.008505419389771802 0.0065161193892168835 0.004991400831153465 0.003806171129378378 0.002875246677986902 0.002147656897987207 0.0015937177661033814 0.0011918802625855345 0.0009209225073809367 0.0007598146150029042 0.0006931255762332715
0.0005083147581648835 0.0002918463844991263 0.00016046203474736026 8.595019047323156e-05 4.509624866831949e-05 2.2964973706460522e-05 1.114088290478379e-05 5.073228634123828e-06 2.1833110556062404e-06 9.273007435753034e-07 4.2290090827763344e-07 2.3235083525119418e-07 1.736796164391405e-07 1.9463084968308511e-07 3.4198858763944583e-07 9.21423977143541e-07 3.4898717593102707e-06 1.6266807362308664e-05 8.021489489994966e-05 0.0003634452319958385 0.0013569669980174196 0.003910173850661456 0.008509187856166868 0.014184214337727201 0.01880887507065154 0.02082952086265131 0.020231722428454682 0.017985980052889827 0.015131751530569152 0.012346127440203322 0.009943561921319876 0.00801201495685388 0.006529093619364962 0.005429715038166291 0.004639880535776674 0.004092383914007515 0.0037335180963151767 0.0035253704564786 0.003446078748796463 0.0034890215460413846 0.0036607406559482285
0.0008273933463900522 0.0005442316829668153 0.0003389662710433449 0.00019970359154927064 0.0001101100201194341 5.5718525623749486e-05 2.5347386064259073e-05 1.0285527443014327e-05 3.802492135702525e-06 1.3625168298229103e-06 5.247129164360566e-07 2.4752878484115113e-07 1.6317254987856325e-07 1.6621424263860849e-07 2.7297271939639655e-07 7.023061613969339e-07 2.5749328047192382e-06 1.1701813895320638e-05 5.6478596616777273e-05 0.00025161645293159183 0.0009317368499570581 0.0027009858874392535 0.006026711916344958 0.010519537760395305 0.014889042564261351 0.017838013229115036 0.018842538212149547 0.01815287729755169 0.016376250024223108 0.014129410682843744 0.01188495242468363 0.009940378508166666 0.008441613937561317 0.007430110584048206 0.006895214326667473 0.00681602132495277 0.007182979210842934 0.007995220059377117 0.009232102712588204 0.010803687678783919 0.012503280600219234
0.0012335455635955448 0.0009045058026070791 0.0006240886266298991 0.0003999152027305029 0.00023307532265014246 0.00012044133504237322 5.4038246790894646e-05 2.099380043455916e-05 7.2772439456992435e-06 2.4184325476397665e-06 8.616745530831153e-07 3.77101826860931e-07 2.3155477057137017e-07 2.2021011086212317e-07 3.3728718574286185e-07 8.060758214857555e-07 2.7314733494199054e-06 1.1436646284486807e-05 5.0946117699804835e-05 0.00021136985286282565 0.0007414191367861301 0.002085522249673718 0.0046453744453203 0.008330210574397867 0.01241627398679731 0.015935620093371017 0.018165405469254728 0.01883738964361937 0.01810103109201703 0.01639112833588047 0.014261292986055564 0.012216041650596882 0.010603554736933479 0.009609687175135993 0.009328098039171737 0.009848555001300068 0.011317982626086343 0.013939020000671704 0.017854166804342844 0.022869502053282486 0.02811790680400146
0.0016722619621086742 0.0013335025008094962 0.0009998596380247522 0.0006911995830643752 0.00042930046236253446 0.00023305139452974827 0.00010839933687714467 4.3223897219409814e-05 1.528082483602381e-05 5.156302046644656e-06 1.854851795802934e-06 8.111854525105186e-07 4.893402373377103e-07 4.4647041368990025e-07 6.380464983407711e-07 1.3838906826913645e-06 4.161139802798638e-06 1.5259859478475614e-05 5.9493462049445994e-05 0.00021866187777234777 0.0006956214593556922 0.001831589926961027 0.003956021371032462 0.0071178079066615205 0.010953741037446592 0.014805840156484167 0.017943178670054398 0.019768384326475326 0.02000575539198553 0.01882421792803968 0.016777448592399023 0.01455446076068586 0.012719339349995126 0.011616128623273539 0.0114448274823306 0.012404870747799503 0.014814865584341618 0.019136445216330344 0.025775668719539502 0.03450247803120647 0.04364633699456301
0.002081664844496017 0.0017692019540588276 0.0014197374161860148 0.0010525437233885769 0.0007019399888302208 0.00041001893473673924 0.00020604904808690488 8.928182979148603e-05 3.4476701676662235e-05 1.2715688206927279e-05 4.958129487956757e-06 2.302279801060489e-06 1.425636941146192e-06 1.2774299612348185e-06 1.7071355530059416e-06 3.3058673571342277e-06 8.558516505261887e-06 2.6463657469887293e-05 8.67180645276809e-05 0.0002716183837828353 0.0007568469535589946 0.0018093731677077559 0.0036891620891714143 0.0065001048504908475 0.010097456728497373 0.014073694866992377 0.0177867116216088 0.020473663660273797 0.021526357022437333 0.020828637798345748 0.018864165346340882 0.016451181118685213 0.014341860327650828 0.013017914006497423 0.012750994024600094 0.013784308802989116 0.016494614250553152 0.02143644213163597 0.02911015200994774 0.039243494001280396 0.04977654380804848
0.0024226051046560395 0.0021614502541625028 0.001835039655082152 0.0014518658175453462 0.0010444303490560385 0.0006669948821900764 0.0003723453322162472 0.00018217580144787955 8.045373975477999e-05 3.406746137408498e-05 1.509666808941706e-05 7.751020831369882e-06 5.075961661046345e-06 4.5426322596916275e-06 5.697700017750843e-06 9.774284124520713e-06 2.14349627468351e-05 5.47079433584862e-05 0.00014723178765090793 0.0003840912308520598 0.0009170973321590038 0.0019491323309998884 0.0036736688646455042 0.0062039129737997195 0.009515835574465396 0.013378732078207905 0.01727228867931592 0.02040459395129886 0.021983235822559857 0.02166988611021629 0.019835848423127477 0.017336076686789968 0.015028140518010087 0.013475987495742324 0.012975781606658455 0.013742621742793322 0.01607968746646052 0.020421888952777034 0.027123633761988633 0.03584015453085091 0.04470934921786044
0.002687847806362716 0.0024907821331089245 0.002218114438970077 0.0018640377130601492 0.001447245002872704 0.0010172665701279286 0.0006389855286629535 0.00035943943127374374 0.00018549286366792675 9.225926425165586e-05 4.7487696498813656e-05 2.74695446505076e-05 1.930045830844017e-05 1.7414619875663267e-05 2.0597476518450698e-05 3.132811779057645e-05 5.808654308996817e-05 0.00012193181657830619 0.0002682352308854654 0.000579438281455528 0.0011767461347680242 0.0022014927669131525 0.0037860710926634414 0.006029311275399487 0.008960477818758117 0.012454245467215776 0.016107654597544555 0.01920368433029009 0.02093621331421333 0.020868764919373214 0.019254127087037148 0.016874894971870967 0.01457306496775871 0.012918009826334195 0.012192430730310075 0.012552010571464321 0.014173898451343023 0.01729205666189331 0.02204125909972033 0.02805194524653546 0.033981072997896086
0.002892621635534042 0.0027647584823054065 0.0025664875017892283 0.002279691697248456 0.001904206290483755 0.0014709150989009618 0.0010392727865529575 0.0006722551903120188 0.0004054195480574698 0.00023674763823668157 0.00014142535801960515 9.211222366038588e-05 6.946984653900622e-05 6.335679435831644e-05 7.103462647125929e-05 9.656782539764574e-05 0.00015297130683313264 0.0002672080861654652 0.000486031228228535 0.0008776325327710901 0.0015247535078176271 0.002513255484042455 0.003925862849045443 0.005837993153125514 0.008289794102400824 0.01120655450951463 0.014284106962559029 0.016943270263259036 0.01850036719586217 0.0185458763889602 0.017235969521878586 0.015196966338999968 0.013143858454550624 0.011579251761997346 0.01074987894574873 0.010759900194035001 0.011684823820460138 0.013601300147833537 0.01649525215654853 0.020048138247411765 0.023432194052418996
0.003060871814621741 0.0030051122526983803 0.00289531788674872 0.002705450920775985 0.0024175554778888427 0.0020373590688118927 0.0016035294834629416 0.0011777426716436073 0.0008172339000542343 0.0005506259175416387 0.00037512683235526917 0.00027098677441046563 0.00021717964128735012 0.00019959820243808943 0.0002132047443766442 0.00026238518653543176 0.00036185839701302684 0.000537890210213037 0.0008276921976287617 0.0012752324225777725 0.0019255557801084167 0.0028233919143937605 0.004017536035706711 0.0055602262549317985 0.0074818176477749136 0.009727371055472346 0.01207319513592931 0.014096919109770421 0.015299040719241827 0.015368913210019906 0.014397100351005608 0.012825188554914794 0.011184394093762094 0.009867915739743974 0.009076325138929593 0.008882715545794511 0.009309325842609868 0.010353167236310407 0.011943444014984858 0.0138475929907095 0.01560192004403069
0.003215872691728901 0.0032369689148505536 0.003228387414646834 0.0031606431957406905 0.003001917701175756 0.002732372381621525 0.002360776441690768 0.0019303879556048919 0.0015043322602265622 0.0011382363868358062 0.00086076488393991 0.000673627284270638 0.0005643220345887376 0.0005191286481564845 0.0005305153017208836 0.0005997127632583124 0.0007366100406730799 0.0009578469910784702 0.0012832951447340182 0.001732367005406412 0.002323303594498097 0.00307720232866027 0.004022979768851097 0.005193885439978185 0.006605421671041444 0.008211330403341143 0.009853263078343272 0.011249526293900138 0.012076495766598687 0.012132484662409578 0.011468179252989612 0.0103628506815237 0.009169124320640955 0.00816473442604667 0.007502406994549413 0.007238384580206046 0.007377122218895532 0.007891347417830685 0.00870795192454166 0.009673908057312941 0.010540376754077626
0.0033758166974317645 0.0034825804262597856 0.0035912019710564124 0.003672646829955808 0.003685415538691592 0.003585863276265117 0.003347927351729104 0.0029826901435570405 0.002541483769752771 0.0020956967318931687 0.001707026852745882 0.0014095680824103831 0.0012112185271807633 0.001105746144751395 0.0010843373164124979 0.0011417822357041687 0.0012776754102341453 0.001494646255604063 0.0017958470801701424 0.002184012765157071 0.0026635482657859175 0.003244492215388391 0.003944208408862122 0.004781577023013935 0.005760049546883902 0.006840679743347186 0.007916398962329946 0.00881232721527125 0.009336714143843627 0.009372154561768499 0.008946364880996656 0.008221841474118403 0.007413426356591751 0.006702222971053317 0.006197551096597754 0.0059442511449237 0.005944909750420625 0.006173441990384091 0.006573663938952666 0.007050523695093341 0.007471116829789055
0.0035519381879144532 0.0037575225416351245 0.0040050634802841515 0.004269935280816244 0.004504674370301492 0.004642638806165444 0.004617199054513201 0.004393345861954371 0.003992607671529064 0.003489067969313482 0.0029761868719854765 0.002529577337019295 0.002189760859444188 0.0019668987845213246 0.0018545302108795756 0.0018409611045160806 0.001914799547049894 0.0020662211048853756 0.0022868702691569653 0.0025705885125725794 0.002915434332187434 0.0033255040594627507 0.0038099870308765265 0.004377275496000123 0.005023490696676559 0.005717595538985497 0.006390156531797528 0.0069379102061780116 0.0072536462637538155 0.007273489330229461 0.007012287522323381 0.00655945890715775 0.006038507688412937 0.005560899696007404 0.005200671823812088 0.004992551814130249 0.0049409990486724105 0.005028123994382537 0.00521624716897654 0.005448115120093582 0.005651632268892189
0.0037472084721761334 0.004067151455346249 0.004480038426752081 0.004970784045544375 0.005490070948055405 0.005947347753107366 0.006225120984656836 0.006222335954907543 0.0059085239207128624 0.005347724349488427 0.004668295130068524 0.0040022309225051225 0.0034395317061137313 0.003018599053637652 0.0027409765361652125 0.0025903944533069035 0.0025456196429705213 0.0025864665689873346 0.002696074595027425 0.0028621059615344386 0.003077711409581265 0.003341592587006132 0.0036559903477605157 0.004021911640151847 0.004431958309539722 0.0048626520273580935 0.005270246264950943 0.005595451885235911 0.005780066929904517 0.005790439682789952 0.005634366398168543 0.005359538739554191 0.005034555248941952 0.0047254060774838905 0.004479947666723983 0.004323593409206416 0.004261887390707998 0.004284502411303624 0.004368117364510964 0.004478913123847229 0.004577018384036004
0.00395508222452103 0.004402680784799328 0.005006079690192329 0.005766548203586849 0.006638663349607219 0.007506753443038507 0.008187706190949136 0.008486181946515283 0.008290380048906797 0.007641855494742788 0.006715685381721794 0.005726499337869141 0.004838405194305311 0.004132201013026212 0.003621787099665488 0.0032855621236175564 0.003090468586059776 0.0030043808097261577 0.0030007649966556174 0.003059902909633948 0.003168819722891719 0.003320269086718584 0.0035104573966876665 0.003735407265895923 0.00398649628694186 0.004246494179574662 0.004488193409917421 0.0046778600871181155 0.004784114736271924 0.0047893164860328945 0.0046974724239853055 0.0045336843801527795 0.00433539808765181 0.004140701105091479 0.003979356348235856 0.0038688708136840567 0.0038144961691414458 0.0038109717175502916 0.0038446486966654866 0.003895912272712628 0.003942449908071429
0.00415907464771256 0.0047382794037701135 0.005544602545883121 0.006602811404283478 0.007878635507798671 0.009232207224904091 0.010400968079377002 0.011065494160417882 0.01100133082834308 0.010216863039712833 0.008951943994999496 0.00753630541078661 0.006234426865952627 0.0051805671976735525 0.004400334450163931 0.0038614764450650265 0.0035137135798353784 0.003308987226348605 0.003208381500187661 0.003182983379421658 0.0032126973712614903 0.0032843459696152858 0.0033892139370841987 0.0035200954756600387 0.0036682562388055755 0.003821121961614556 0.003961733995466959 0.004070806729434113 0.004131287153396584 0.00413381100354132 0.004080381568575174 0.003984164188029226 0.0038654315789898395 0.00374577025777435 0.003643083630483147 0.003568770158546372 0.0035270141356368023 0.0035154255303001514 0.0035263671385137897 0.0035487093026793665 0.003569973368210021
0.004334688035363952 0.00503239618205956 0.006026907661125068 0.007370166107695462 0.009044856408219181 0.010891564843902987 0.012565508499714264 0.013609758341389586 0.013670782861215631 0.01271894641793453 0.011071041346239268 0.009190686024700596 0.007454486593315281 0.0060510534792532645 0.005012462729064053 0.004289937711712543 0.0038119339921635137 0.0035123359589297643 0.0033389702594697245 0.003253578151047435 0.0032293238159051083 0.003247981776843273 0.003297184261581797 0.003367742528777095 0.0034512441312064246 0.0035383599710132863 0.003618348864908955 0.003680031353975312 0.003713996986544872 0.0037151717727998295 0.003684513841736186 0.0036289142933038664 0.003559277002279288 0.003487632135602701 0.0034244146532167313 0.0033766685710036664 0.003347348478922741 0.0033355001190161727 0.0033370178000388375 0.0033457553375919966 0.00335482620234656
