_RESULTS/REVERSE_NEW/MHZ/GZ/8comp/MHZ_GZ_z_250_kriged_reverse_8comp_spherical.asc
ncols 100
nrows 74
xllcorner 5.5967023332191781
yllcorner 50.982320383219182
cellsize 0.00019249356164376555
nodata_value 1.7014100000000001E+038
[rows 40 to 59 of 74, columns 43 to 85 of 100]
25.566681083444244 25.667543765565732 25.876433245336315 26.30935322297454 26.982629069237284 27.941988012630787 29.252992228206757 30.806487651056692 32.36900902362052 33.57926556290307 34.317821037876875 34.687347248572195 34.78205293294512 34.72072326547148 34.366069087373184 33.72242363973682 32.83714884604242 31.819508985447452 30.66948059514968 29.20290761704964 27.101746626094965 24.662385186407548 22.616005566697837 21.593569859061894 21.851659253497502 22.84358662114296 23.943581859566905 24.964936406231825 25.87459580344796 26.668167694193993 27.28529330444865 27.639347287758593 26.66986807756015 24.8971137033205 23.112971407458343 21.49060883525196 20.025533225684285 18.658716934680555 17.51652420264355 16.757510891801175 16.519302942370963 16.754860536716624 17.372505124284096
25.37335198742829 25.548081859751836 25.802525672782117 26.161144618314243 26.768962516400823 27.663780414398076 29.009748015507668 30.715352530899096 32.41771731196328 33.57272767553527 34.15380842407048 34.37329283286241 34.38256191776969 34.28173686856596 34.05181906227218 33.560801422930886 32.77969437581157 31.790111640143298 30.58024585954275 29.01782326126231 26.964803618719024 24.598349720528194 22.43495242577528 21.35348896784696 22.374974273557292 23.86978849383547 25.278378283302 26.442103523452726 27.341325612497986 28.00879050656369 28.41362930707711 28.367535231481 27.513044763455348 26.06479824274705 24.524339970198323 23.090898976521277 21.747670926894294 20.463058432001187 19.389397955965418 18.618710628121704 18.292559257268863 18.390734029858233 18.83183771946481
25.165687167144064 25.347901710961985 25.56005074911557 25.815899404285574 26.218181671667516 26.970927074307095 28.301511245053646 30.210403617757926 32.33646347123315 33.30717438021516 33.669042347903854 33.81448436308687 33.794249004382465 33.64454414353123 33.39583081689671 32.94342977595071 32.26627171607519 31.345388596955114 30.1858067926721 28.71032681275069 26.86547810060606 24.733239127856333 22.79214462714089 21.910912395293856 23.140937552576506 24.759797575300176 26.314367638881997 27.53284845444331 28.403631650333537 28.92872890041135 29.12006706609564 28.923154868860955 28.259864019137755 27.18301962805729 25.912622401767667 24.675075706155674 23.436248613325816 22.255466492789857 21.24677705514234 20.47616800130426 20.089925883610427 20.082907482461938 20.387282008248317
25.033385441120686 25.11910374163969 25.15580840085358 25.179263994689126 25.282278152134225 25.778565861384585 26.952367232638764 28.865426360476636 31.12817129916847 32.23228938935825 32.73830449917599 33.00286051484735 33.034439713023545 32.874284647404686 32.60933252100687 32.13581394976185 31.44517241167939 30.568564435308076 29.538377748971968 28.275291999499668 26.761916998341572 25.081353532360446 23.740182795903113 23.36256025696487 24.204168615795314 25.580394845906568 27.037594353384755 28.221001036904248 29.022945095700486 29.481769553987174 29.632913109733295 29.491591471362117 29.007348167191054 28.217321687006958 27.24497082652927 26.199887636624297 25.071558366220504 24.007389951600373 23.06148388044435 22.305028683529667 21.885064341295006 21.801035207683544 22.001413958223896
25.04525908141525 24.876877777423402 24.610215445058355 24.258474698068728 23.973240983478398 24.076110518788596 24.959483271491305 26.725422757692325 28.862467198930915 30.510507027917356 31.50788230954944 32.03186695980607 32.17231836168481 32.02201125924682 31.740223248210743 31.26004494950463 30.580819362586965 29.73263267483069 28.782344375739626 27.71290301743292 26.530394978201382 25.30339228902685 24.387640210829964 24.244222874237913 24.970005109009968 26.153935927648725 27.41669462041311 28.567469123309134 29.398141014072017 29.91300230358695 30.12168075551681 30.054345380444797 29.717384391010963 29.153172833441797 28.436913602876768 27.59298817785601 26.65126583715122 25.70130269886586 24.813153167873082 24.085762304125538 23.65583709807954 23.521244049411855 23.64471995865119
25.11609612431108 24.585222126875056 23.946168868293338 23.163920095140305 22.382713328971455 21.947737834106874 22.529636712418128 24.401728141154873 26.883431663745977 29.022147324457958 30.419193409432182 31.117011476533936 31.315935951763713 31.144420591907075 30.824255940257938 30.33442762404842 29.68760745183892 28.91297661629163 28.08347931418716 27.21426272440597 26.312451889091655 25.426423527733768 24.784494688817702 24.791309720288922 25.491541341484204 26.603132395710322 27.73209303723203 28.771624356508152 29.649151207116592 30.23626196883169 30.53368462950073 30.5438553138793 30.33684613200353 29.95389352123109 29.447918092833486 28.798427503846234 28.048111474366134 27.254523935575182 26.46127283992488 25.79905118542974 25.3832377721191 25.223129312379438 25.292778077094773
24.97343006953895 24.19307536414104 23.275259040585343 22.145360161132228 20.85800122588158 19.68020515359858 19.88638393086587 22.372473974792563 25.54824301613186 28.197592384302254 29.83078669739146 30.517316069779703 30.573082236256706 30.279907666700073 29.87466443675683 29.353858020223512 28.746505624447373 28.082512497813834 27.398612435445646 26.73545239994885 26.083361447175413 25.46230793387648 25.023062626598346 25.141895175692852 25.842286728291334 26.925500103605525 27.978192733741388 28.872857211307394 29.71532656854427 30.391195265384408 30.786759721928064 30.889981761865698 30.802752664631544 30.580355171132474 30.264211395861157 29.789758357271364 29.201516395928 28.54427558739003 27.860337257157237 27.310748977951388 26.96533431831909 26.829526772503925 26.88179332786239
24.462370395609028 23.75434767937262 22.801583624154077 21.5719161892543 20.058175210830807 18.25017930703107 17.4970824233693 21.511749033698585 25.34672488972757 28.37390814011171 29.970422711925053 30.33900619935524 30.036353551340056 29.44898514015862 28.87522443523938 28.292116373376412 27.723188708738455 27.20009006166183 26.700819746789247 26.245479205800855 25.813092252021587 25.398151704221494 25.11363930326616 25.316272250913762 25.99698845999913 27.018211650565643 28.020624824575414 28.85916126095218 29.621068471738702 30.30303551358132 30.80886228877971 31.025064353100635 31.068491340215083 31.039001409934848 30.85838588971619 30.528590366867302 30.075341352133645 29.53315232180741 28.965207704064838 28.533221566397337 28.27060203920978 28.18241563144026 28.244358635882712
23.831835411889532 23.384196167150108 22.637070454830216 21.624079971371884 20.438268153655866 19.37518061652785 19.74909243411161 22.676163063411465 26.468725581099132 29.72936473796986 30.841067626192554 30.46346709735425 29.626747834023913 28.68144833184499 27.847276444019585 27.11731423019404 26.581839960380826 26.241672186558816 25.991393595401384 25.751443470700192 25.512920643190768 25.256549753377705 25.092124925800995 25.356130078396017 25.994116060379064 26.9282358719319 27.873456311397778 28.704161667721362 29.42359638952353 30.04510815697352 30.555068399542172 30.929941584807253 31.16626459154138 31.25793532876372 31.18661069453857 30.975236471539734 30.63288110705929 30.18500742983286 29.749398823235417 29.43468724703187 29.26091141850159 29.234798189043325 29.32919432493368
23.400597306442407 23.22745090385199 22.781482853590056 22.171900360694252 21.556110626461276 21.31542638529734 22.145655043699943 24.514027741873 27.953233040591464 31.862471970195244 31.662696790306672 30.44224731382555 29.167218155437762 27.94112426341431 26.848751794158204 25.897116152401278 25.344155306564904 25.237869975030847 25.29213666637156 25.29758508382135 25.22163228742912 25.077086014065248 25.007399244187567 25.30470648202523 25.902999889351452 26.7719833976237 27.664221628104436 28.46022125492997 29.14875493273704 29.753269843363718 30.273592730850563 30.699172152424886 31.005580440320212 31.1850477393534 31.206581008668742 31.090925237117855 30.838224597945164 30.48861495425742 30.18960821134831 29.98620279615669 29.898447955802453 29.937089341826645 30.08046989493454
23.26283065653901 23.32646136133335 23.171642920503878 22.944037456023807 22.7995633049832 23.000266984629828 23.914486387413472 25.80201694131131 28.340997861609203 30.565371631891413 30.858074791789704 29.874503301358835 28.576154762607292 27.273413164883415 25.995720162787787 24.72471697900966 24.116040190973315 24.422845338687956 24.779933107961735 24.99021705022782 25.0155937345791 24.914780592739522 24.915582657392807 25.213840303385552 25.784029729415963 26.612699712085313 27.467421919259188 28.248340411092787 28.94039504447298 29.556110240286404 30.093731856619595 30.473974468558414 30.68875022953804 30.82670291330426 30.88119974883421 30.8395043473066 30.659188922186154 30.440440709755844 30.267195115705338 30.164450269510834 30.15048296671453 30.235846729145376 30.39385459051936
23.40084921394481 23.641377954159346 23.716511583465508 23.751058559207802 23.890514168689 24.26335496915522 25.06717828011629 26.4425554782999 28.07910296961726 29.346510011465565 29.651949414526985 29.062697463352226 28.019269749769155 26.867365526230756 25.61909007615537 24.269833317081964 23.634197373366597 24.195018932282693 24.68064095138038 24.98469854310849 25.048968478220797 24.922914709577913 24.948972419047998 25.23548074120166 25.791279952689862 26.597664120223868 27.420519274990767 28.182920254211425 28.869069022193894 29.480860425175177 29.947884000951376 30.230282044451705 30.35597319989184 30.416919122780286 30.407140305808905 30.31971109331065 30.177178192784957 30.061165141566143 29.987180250855687 29.968156643209625 30.014924915149077 30.130851818397304 30.275470917675563
23.765347380445654 24.113694323930048 24.33388119752161 24.51617210847438 24.76257100998909 25.1489458509769 25.774992294234412 26.723325577466706 27.764258780193853 28.540555286499398 28.759565648406298 28.41136866892386 27.723902355097618 26.847370531740424 25.851781744987544 24.93218081499384 24.503959516778888 24.66879583841347 25.016270546932518 25.309072796604493 25.31050129864344 25.15105075790457 25.15953775468963 25.429664765876993 25.980855096661486 26.765552205454558 27.55089266147128 28.287636848741464 28.924135097831105 29.429925644116967 29.785696543575263 29.9642199900202 30.002199354602592 29.986743303146312 29.91064264206637 29.79451141889547 29.706289175387507 29.650603042131017 29.638924791254784 29.681390773577554 29.785401665983578 29.941669790711767 30.07872559423243
24.2981271702379 24.68673672310309 24.97054068447285 25.2034101334698 25.445189721633888 25.752388043226592 26.216037741885884 26.880521168421623 27.573194688951936 28.0751707089977 28.225825475472472 28.04895880191291 27.65821193634663 27.126198996084767 26.45123538042221 25.833203685938077 25.487792773354634 25.462931534231632 25.60762853040216 25.738462201207497 25.67466980305766 25.518821770362614 25.56314060261523 25.83928335318187 26.38090387490567 27.12962766220691 27.841976794555073 28.471193240682606 28.984106197718816 29.365980607566804 29.604029434612823 29.672116271958654 29.625043658828616 29.534066089804867 29.413772018136434 29.33802071594096 29.301552615781247 29.301562152955785 29.347474155716007 29.447310288432394 29.601760787499714 29.751408890489706 29.85835158245202
24.936792029360277 25.304595949478976 25.586737900383344 25.801398809087296 25.980736800852068 26.181669309186724 26.550854190979003 27.041442917370105 27.52805384268184 27.875491961957877 28.024729721274888 27.99616532740045 27.827331078395655 27.493118351730217 27.093630553111918 26.714747846742615 26.45805196310338 26.354052361581054 26.3399619955726 26.30572848862523 26.126092645670102 26.01882869679486 26.10461335206415 26.40850965299668 26.947783132379133 27.568023176144536 28.144524660029056 28.644892897818607 29.031636866758582 29.284762106010753 29.39906265254391 29.352456889643737 29.224498131579434 29.091176072273804 29.003870943841264 28.973006389361306 28.984844851090667 29.037234492557918 29.136464780354927 29.269178199882546 29.418014542761096 29.54265478287066 29.628549793154217
25.631128995786373 25.92607406437532 26.162293232647492 26.31933042783538 26.420289769789434 26.553143245670313 26.86542278251638 27.250264386486222 27.61729006485336 27.90801471657523 28.108076736290784 28.212365391387884 28.17007516291412 27.962803690334454 27.687402489423157 27.44116901587474 27.257491318170896 27.126332064903924 27.011985738537692 26.811327764033948 26.575666864936977 26.50382347781543 26.617240442701696 26.936301648292854 27.451287781964556 27.962388317395988 28.415979533412745 28.79513609839873 29.058539293767343 29.18138188516425 29.166643647028806 29.013200524396932 28.86287804458611 28.75832761178002 28.708744520144368 28.72048272030836 28.769329045451748 28.84847025898449 28.957286422468208 29.092461647156803 29.22210924689852 29.326351124218053 29.396687909500553
26.33504289412173 26.522204784581483 26.691746524288305 26.779792987424933 26.820074027608637 26.923651695754792 27.19710318560786 27.519265545719858 27.84654936942849 28.157205663872098 28.42746160967974 28.613212976772584 28.6338953283967 28.51594071846683 28.307484432150133 28.088528727356433 27.895838241215383 27.709807654223745 27.467804851015583 27.146086686285916 26.94671839938094 26.912637267803248 27.057340871683344 27.39841092376894 27.844224287163545 28.240632063997868 28.573379440565606 28.82852436743138 28.987017834019895 29.005991925081243 28.904931133368393 28.737020531689154 28.605909140915102 28.52364403915006 28.496553137444536 28.523944630688003 28.5827198274471 28.670420910595283 28.786510508981067 28.912421394500377 29.022525907542825 29.1098508142666 29.168035713458906
26.931445858824976 27.058852037264653 27.175368666936755 27.212575287932385 27.205901728121084 27.309334182336393 27.55965682669002 27.882188857909796 28.2349935932859 28.595054614074932 28.922064988080237 29.119479153702017 29.17944770002037 29.11630304674768 28.953853282490442 28.72052332970709 28.44175533190951 28.10826359721285 27.702636507409434 27.385934657759698 27.229717896345907 27.238031315415824 27.419799137506544 27.764296925575056 28.09826262978642 28.3760799042575 28.5898668461185 28.733731274764395 28.803747752433967 28.782768703041683 28.642727868317973 28.487128550284922 28.37501132743469 28.312674462404004 28.305711389377596 28.346016870824037 28.414592150869062 28.511590308360958 28.626180472052916 28.73310683948045 28.825870562290103 28.89882955060525 28.947080750857175
27.361133181133223 27.44254456137549 27.52227856669873 27.55309822649492 27.577724944222826 27.72063901194785 28.006806906235504 28.371067042138144 28.7745231188464 29.17717773790373 29.49019089012176 29.68976919517897 29.764266811056846 29.711176488788986 29.533117597026827 29.243659259259314 28.85697297102274 28.38278759127241 27.959840509179383 27.67804324220908 27.54828711936119 27.581658329514518 27.790196909481086 28.055197795227222 28.28152986938089 28.459445434012835 28.581323589510767 28.641505450050126 28.636216350932507 28.562067036982274 28.408679281101655 28.270334860964734 28.177315592643314 28.135254251356855 28.14837113019793 28.19845072008244 28.2767897350182 28.374663953686536 28.471068307815845 28.560401032456085 28.637630998520397 28.698106968518545 28.7379407393175
27.64920903870916 27.66672205881195 27.679835295089582 27.72658579864556 27.865428559702504 28.111630464666042 28.478968700669295 28.91842178241959 29.35409482347492 29.727615801433167 30.014161109738467 30.193280852248627 30.249981920456932 30.174170491747777 29.958872059641056 29.608220621188437 29.133611721036836 28.670743271248455 28.308756332186274 28.07211819897553 27.979253099906188 28.047264112151822 28.218108231741557 28.36899570684337 28.48743653134303 28.564532231912526 28.593219000286897 28.568177889313468 28.485749423874925 28.346253192615755 28.214576846804583 28.100320118960333 28.026405439492464 28.00487821080483 28.033556123933767 28.09243771212862 28.16834848021248 28.247870987392748 28.326417257479413 28.399438927603843 28.462599910638346 28.512010811081606 28.544510205101776
