_RESULTS/REVERSE_NEW/MHZ/GZ/8comp/MHZ_GZ_z_90_kriged_reverse_8comp_spherical.asc
ncols 100
nrows 74
xllcorner 5.5967023332191781
yllcorner 50.982320383219182
cellsize 0.00019249356164376555
nodata_value 1.7014100000000001E+038
[rows 0 to 18 of 74, columns 44 to 87 of 100]
2.1979526578987887 2.1451348921889988 2.0608492505439933 1.9496503951121786 1.8172136454941497 1.6699340793416322 1.514466419217189 1.3576145832639404 1.2064241712742083 1.0655728188196723 0.9389933216310101 0.8307223783052925 0.7465004635152536 0.6961766143362604 0.6910685861998321 0.7303758626003027 0.8020647938787437 0.8968575014452904 1.0104316461049687 1.1385020236562955 1.2768520602940172 1.4220742027497935 1.5701233944587567 1.7162384929179444 1.8550064745901522 1.9805374414645076 2.0867304547011165 2.1676112872694246 2.2177210745384075 2.232743000381718 2.232743000381718 2.232743000381718 2.232743000381718 2.232743000381718 2.232743000381718 2.232743000381718 2.232743000381718 2.232743000381718 2.232743000381718 2.232743000381718 2.232743000381718 2.232743000381718 2.232743000381718 2.232743000381718
2.206434758025714 2.1539881609515357 2.0688541417523654 1.9554721500452046 1.8195170930854903 1.6675022632814396 1.5062896528305838 1.3425284109275195 1.1828027920403006 1.0327328654290748 0.8961417523993626 0.7759539599888381 0.6759820389048306 0.6079845674587155 0.6034409104145859 0.6602181528409025 0.7454503966257962 0.8482297223258122 0.9661775894900896 1.0984153657181717 1.2408169716979205 1.3897783834157942 1.5415114689973963 1.6914002846688456 1.834100865712692 1.9637358248014363 2.074005161998078 2.1566045438178056 2.206642932984054 2.221224629723399 2.218132054437236 2.2170403364298523 2.2182001074730984 2.2213448501556408 2.2257004483307035 2.2300135183513414 2.2325992631146074 2.232743000381718 2.232743000381718 2.232743000381718 2.232743000381718 2.232743000381718 2.232743000381718 2.232743000381718
2.2220180658953868 2.1728994123326135 2.08984319114933 1.9770626906316295 1.8401374267522537 1.6842288273881754 1.5155576908215702 1.3430727096966089 1.175064998962796 1.0180826405331012 0.8753586032629765 0.7484448416408792 0.6376174993709322 0.5427677357421429 0.5399625176975295 0.6244284340830142 0.7212444720115888 0.8299716337615232 0.9502096772157612 1.0826148004592906 1.226591867596133 1.377048354343734 1.5302334184954194 1.6815987384192421 1.8249595291495562 1.949751313536223 2.0506353945906866 2.12385707865775 2.166410874212937 2.176066352658886 2.1692302896929165 2.1668981362617674 2.169377093886539 2.1763746264373744 2.187039555320533 2.199988746081079 2.2133523361241725 2.224838882065555 2.231822183321159 2.232743000381718 2.232743000381718 2.232743000381718 2.232743000381718 2.232743000381718
2.2450323912312635 2.202315427477332 2.124470974660099 2.01407398266436 1.872530465195838 1.7088884909649555 1.5332078522909793 1.3549586722011044 1.1825019388611309 1.0229897600585336 0.8799596460247081 0.7553645433561338 0.6513103574602395 0.5772938263031584 0.5741118836751635 0.6392516104426835 0.7305367041834141 0.83788954056464 0.9588782392689333 1.091925304616082 1.2348720810961664 1.3844568509905089 1.5367636086545904 1.6819519084481531 1.8114576725702027 1.9210673657094481 2.0072554325879 2.067224364869726 2.0988782498476 2.100761887009724 2.090083101785461 2.086498221769412 2.090309454955784 2.101201412455138 2.1182553072067463 2.139974288762834 2.164326154341666 2.188804759547311 2.2105122636228143 2.2262648318327294 2.2327241466984677 2.232743000381718 2.232743000381718 2.232743000381718
2.264188463250639 2.2418859338297286 2.1682081570176774 2.053931371807735 1.9077033892849662 1.7394971113033497 1.5597924384902222 1.3786587781625665 1.2049400513370094 1.0464940375206604 0.9076974940833574 0.7915843766950975 0.7024214619073129 0.6495451676722436 0.6462021626276145 0.6910010404674376 0.7686774434097846 0.8686884300545386 0.9861201964378589 1.1181362108133268 1.262042133534278 1.411065851467505 1.5511498017746397 1.6785112616280875 1.7890798425749317 1.879524790878543 1.9473143149310657 1.9906814906971857 2.0085143022056777 2.00029195717659 1.9858293262639337 1.9810047934321073 1.9861344076802383 2.0008820657981556 2.024268175447093 2.0546948679142885 2.0899874390188904 2.1274525755208513 2.1639554709059863 2.196019326148067 2.2199511383774193 2.231996665615344 2.232743000381718 2.232743000381718
2.257000693470934 2.273242219347171 2.2087748266984932 2.0932850231290585 1.9457143317880794 1.7759412364168743 1.5946648936491763 1.4126627588285943 1.2396426429938723 1.0842546488982268 0.9515910173149517 0.8449553413696563 0.7680237913181569 0.7258485365522277 0.7228355208964975 0.7579068614738926 0.8246741640115667 0.9164624349375983 1.0285352281046636 1.1575281938292132 1.2995614525532935 1.4404603887274927 1.5658048259709498 1.6715598117634682 1.7595870621420207 1.8275373605383425 1.8739143027296834 1.8980210034392744 1.8997678508380946 1.8802493787353571 1.8621019083116797 1.8560682273011424 1.8624837778488608 1.8809918376920625 1.9105534993829842 1.94947569610758 1.995454558390418 2.04563249011788 2.0966703516694163 2.1448392223824353 2.186137747602885 2.216440388364629 2.2316792039124707 2.232743000381718
2.220221235141383 2.2702222940509222 2.2389522179795893 2.1310269148421965 1.9854850734881886 1.8169907141462063 1.6359189930922484 1.453894879690237 1.2820895012515034 1.1301581721173342 1.0035222587753059 0.9049776436773996 0.836737014329112 0.8009271480730414 0.7987909608962441 0.8293188626726069 0.889250955887638 0.9745346029818478 1.0814658348536168 1.206528353918175 1.3371769000811877 1.4637917706500994 1.5749551387249952 1.661569212156747 1.724179210106331 1.7670785555654798 1.7898239017752418 1.7927984429714816 1.7769422848487415 1.7463763723700696 1.72466289937318 1.7174577512251994 1.7251191408643218 1.7472661486986358 1.782792607629455 1.8299041104755613 1.886169855008445 1.948582801352098 2.013627816501056 2.077363837282462 2.135529386352735 2.1836802631451926 2.21736480766814 2.232337113649102
2.1538386084651933 2.237105600574792 2.241746979694635 2.1640331702924764 2.0246475516535596 1.860553328335504 1.6808012433754027 1.4981035112869865 1.3266281772374748 1.177510688647793 1.0560032716484755 0.9639774963407054 0.9022513336436108 0.8712137552602717 0.8707188340732648 0.8996945358837579 0.9560759394277809 1.0371960899229258 1.1402373151723881 1.2556927074952187 1.371027906515531 1.4809785631281502 1.5753711217653892 1.6445802484269447 1.6837187516559942 1.6998450052322411 1.6975771007952425 1.6783621207833919 1.644151311708879 1.6042563829223766 1.5790835464135549 1.5707386117132134 1.5803442633637304 1.6083580248020128 1.6520755500762243 1.7084411320361828 1.7742721147771738 1.8464319787646077 1.9220239749815107 1.998568559859379 2.072682978850487 2.137885402494759 2.189307525915425 2.222310901883108
2.0648732896348663 2.1788308443395987 2.2182428378365113 2.1770326555943083 2.0587646584305554 1.9037054650691314 1.7259744722112873 1.539623256723667 1.3666130421985465 1.219518063261959 1.1024109740966608 1.015967215337453 0.959850155870209 0.9333562952623359 0.935561549202499 0.9652085388121641 1.0206437045008856 1.0999160041463976 1.1982370899778014 1.3002487882395752 1.3998024978891581 1.492043921063472 1.5680980092098666 1.6180745128222855 1.6376726875034104 1.6274530111307188 1.5996140379204942 1.5579307321260776 1.5054510387989823 1.4599080544816112 1.4377499413800088 1.4385549006361118 1.4603566609565808 1.5007286848897714 1.5566602212632117 1.6246298517760593 1.7008288822470323 1.7814580051491125 1.8630263212132216 1.9426020452053376 2.017985603152255 2.087794685110873 2.1514433405627704 2.201485603564716
1.9603339897394403 2.100524917134173 2.1707633612355233 2.1631709939799637 2.0780390095756327 1.940155906568774 1.7659696536274285 1.5692847052281338 1.3943323967839811 1.249676945694386 1.1370372739042627 1.0558924168734285 1.0045417759327018 0.9819478846399823 0.986953441407063 1.0182630675792028 1.074431888542466 1.1537671419034121 1.244303651465728 1.334772609482886 1.4205608912817422 1.4967006506831124 1.5544531833496074 1.5842801703466296 1.5836319063255184 1.551622981579266 1.4984260543932106 1.435057720934057 1.3761545943520674 1.3404046547958504 1.328941450943906 1.3408777972665822 1.3748251718999074 1.4284319171508704 1.4982477558401415 1.579932986701075 1.6686869170273129 1.7597392901887048 1.8487933577884437 1.9323605330633504 2.0079618414825835 2.0741964225702167 2.1306964154064394 2.177999407450009
1.8472069672731424 2.0078839202330094 2.1033544896926073 2.123848499919622 2.066544747680763 1.9409179830690348 1.7712893058966537 1.5785685192902001 1.406904529058661 1.2652732418570134 1.154483439491173 1.0753519310588484 1.0274424363018575 1.0091641075866626 1.0182375577245277 1.0528853838862866 1.1114703184022616 1.1900790298963841 1.2724923123508773 1.3525445524162465 1.4259820830463554 1.4882124918758601 1.5308691937728687 1.5440653162685547 1.524479638920804 1.47295062029051 1.3997584955930964 1.3311062553896005 1.2791144243006276 1.250855424375659 1.2472860450520533 1.2691842549511954 1.3161127606717533 1.3856122595776295 1.4730097131657158 1.5719203178566798 1.6763058563797437 1.7802800808759875 1.8785071061500402 1.966870284750863 2.0426720462488115 2.1044522940600334 2.1518866670294745 2.1863779635589364
1.744047310913057 1.912601089103608 2.0297872521690623 2.0725554976196907 2.0334484390961793 1.9122772009749327 1.7467871522491014 1.5705439639744856 1.4048791788541042 1.263444717048836 1.152634200063321 1.074742975253836 1.0294581712446846 1.0148834496981252 1.028644405036686 1.0682568284980278 1.1307427740436498 1.2073495058613422 1.2832491228693388 1.354483476593471 1.4171144244214005 1.4668526632165084 1.4951989221600848 1.4933896498512762 1.4589747136430933 1.3969571001961476 1.3208564988906355 1.2490705584373407 1.199108511777263 1.1732227376402968 1.1741568782608813 1.2047196279109966 1.2658993471100994 1.3552449672059936 1.4667162335160615 1.5917978829456096 1.720874050001175 1.8443444268667322 1.9540262279508804 2.0470353108360677 2.1205721169001848 2.174189912343616 2.2091040712831105 2.227731424706534
1.670513251698658 1.8342737084042617 1.9597183328015448 2.0184941330240713 1.9941444276761457 1.8847188233274021 1.7233454973480853 1.5512851092884516 1.386583941805763 1.2439381526967335 1.1319859110863477 1.0550260212731786 1.0133104871296976 1.0038638503535675 1.0226062832753366 1.0662806827548434 1.132859998393778 1.2073584289290284 1.2784927475866104 1.3427632905934361 1.3965157797575338 1.4356505330550466 1.4510649109484193 1.4352088740959028 1.3874492163471588 1.3250427105263305 1.2501348879670444 1.1801515874618023 1.1297836716420555 1.103175696159531 1.1055711667244021 1.1434342978494754 1.2205057839380975 1.3339976418718624 1.4750040803300657 1.6315721239965557 1.7911212844646436 1.9416363669943588 2.071362998635765 2.172059895318575 2.2405353982364433 2.2825441775551045 2.3011751670834997 2.3002302345791303
1.6292370144305568 1.7864866707262919 1.9054830808494265 1.9699982758386998 1.9579890502526034 1.8608531663239214 1.6994955263338967 1.5257573328258047 1.3583749672401266 1.2110553915202078 1.0947652597393855 1.0173348313395907 0.9805136075356862 0.9788588100259263 1.0048541851897173 1.0534520713975946 1.1213394164257837 1.1932280949913312 1.2611438960877004 1.3204782879179218 1.3685125616083604 1.4000584748057985 1.4022402835211096 1.3677636389041812 1.3173736470573791 1.2553258871538444 1.1895425318239397 1.1251992073932806 1.0738001903572285 1.042694781010305 1.0416814682728768 1.0843351859707615 1.1806597049433643 1.3259090200825232 1.5046157079920086 1.6994135920261781 1.8936124684600313 2.0709565214571066 2.2196445668938476 2.33157808566279 2.402210359735739 2.430552307732999 2.4275096444356263 2.4020007145550184
1.621552538870688 1.7720602509891978 1.8813972965853436 1.93754884446596 1.9296483124184143 1.8386316999206243 1.676956352604327 1.5009132490952488 1.3282317227775826 1.1719464738028618 1.0453852924280587 0.963813013696446 0.9345003951439415 0.9449330596078881 0.9803695633672066 1.03429387475525 1.1037345436374166 1.1769206733046054 1.2487379864067591 1.3135143901803263 1.3637512817151027 1.3884617460255106 1.3721860525283434 1.33078915858895 1.2769498889205593 1.2171305174038751 1.1533147392871919 1.088624157392889 1.0355195728751283 0.9973689623279275 0.9848189360386308 1.0261675038788203 1.14981393883792 1.3405708471279545 1.5678509032501273 1.807564395061554 2.0378207192282316 2.241607224152108 2.406405268408053 2.524616389378172 2.593232079274537 2.612856142113864 2.586724334009548 2.530340112459952
1.649549224059991 1.79280423291431 1.8920741789848723 1.936215405089069 1.9145673701170707 1.819664591280849 1.6602167915710775 1.4837002623222033 1.3061254040801882 1.1387869138963516 0.9936003814002053 0.8971409151159644 0.8833977364740404 0.9118784576494239 0.9573590875878912 1.0219517844900374 1.1035714788928395 1.1865379040338142 1.26586112048303 1.3375813415393691 1.389098793429926 1.4019046352284548 1.3750031569669945 1.33399825623431 1.285370335051855 1.2291561410101763 1.1658284186953838 1.0977182279526867 1.036480069065737 0.9847944349489599 0.948058918138049 0.9672830739531837 1.1446711325474053 1.4006142909918613 1.6851453166952488 1.9721576670827448 2.238687742715372 2.4656354407053724 2.6397073096249066 2.7541389541187304 2.8095591327674896 2.8104434003086967 2.7631365340950556 2.6749716312564784
1.7184517829664279 1.853934149193602 1.9423664933671865 1.9723561960112739 1.9298166651699942 1.8155967935364843 1.6529775895412384 1.4798426397395485 1.3023150719530854 1.1299631796055132 0.9701678633793599 0.8285502203839562 0.85582205454272 0.8993945081506866 0.9590278457611734 1.0364531435042097 1.130058529684139 1.2243558869411704 1.3139213864511803 1.3911256773658265 1.4388937355176576 1.4414211543899336 1.4191865285380698 1.38737075183219 1.3449245687783893 1.2919978159987808 1.2296667246953699 1.1607853165094983 1.0979900861542302 1.043971997667138 0.9992853009359428 1.0010206507032133 1.234875856903476 1.545848788744485 1.8824242998481546 2.2146815930499595 2.511397745799174 2.7483631547871235 2.914223480259849 3.007949318888167 3.035341267814283 3.0054039485775363 2.927855414800968 2.8118033603146784
1.8289110445139602 1.9559126682639025 2.0330768612149384 2.045471590982204 1.981860009389689 1.8481963052722519 1.6731490154190718 1.496821628316936 1.3219540984979108 1.156245997830358 1.0100759795535417 0.9101781966000635 0.8940164450461694 0.9305102050599787 0.9933905365449537 1.078211814295482 1.1825084073945265 1.2896145022019416 1.3917481601668815 1.472101786530485 1.5193964049572088 1.5268517669476394 1.517779335817362 1.4953844529151814 1.4587783036279327 1.4089054144667907 1.3482045602778445 1.281779617713681 1.226146817008336 1.18909826435214 1.1843013311181658 1.2568427712390788 1.470630791625034 1.8023924640233675 2.180667796414695 2.54749553616445 2.8592155128266623 3.0882850475336574 3.226623261535332 3.2806923542989024 3.2637451863703886 3.1902503414650765 3.0732683113263857 2.9236468981883537
1.9798788378103622 2.097026650915098 2.161277969231102 2.153716404985701 2.0702133577722277 1.917326548146896 1.731794535906532 1.5513967218482176 1.3756887294429534 1.2145856701432782 1.0797115337343706 0.9936626084335808 0.9702075746893882 0.9957847860307105 1.0560574750737444 1.145158346857797 1.260711612253454 1.3857487520351843 1.5050225170036815 1.598678038383644 1.652441582319002 1.671665584117251 1.6771354370506415 1.6644280357036683 1.6329290754321195 1.5848794289755967 1.5249217683831056 1.462276431041317 1.4190086124427994 1.4080178497139757 1.448208303511556 1.5704204660084355 1.809286876355118 2.1591977466379095 2.576297161702004 2.9750949307833405 3.2894426348354115 3.487755854781565 3.5721697693071355 3.563005991228861 3.4836813032812755 3.3541570478511464 3.189829392665791 3.00217397378237
