_RESULTS/REVERSE_NEW/Berg/IZ/4comp/Berg_IZ_z_180_kriged_reverse_4comp.asc
ncols 100
nrows 90
xllcorner 5.6208707817415728
yllcorner 50.959635321741573
cellsize 0.00013419651685393446
nodata_value 1.7014100000000001E+038
[rows 38 to 56 of 90, columns 43 to 85 of 100]
10.815348704489061 10.96506993429633 11.118600325336445 11.270292618716885 11.416724673818738 11.556750923012238 11.690444127195981 11.817208516274446 11.933704579797153 12.03242895983632 12.101764309177797 12.127972287624997 12.098896791213075 12.008200447892726 11.858698355378507 11.664872376335477 11.452917209901644 11.25496491833798 11.103222052801891 11.021720368118894 11.020203517654794 11.098774728660528 11.251938825403775 11.468175086555064 11.729544839022994 12.012582448195026 12.289960462795184 12.532760075488383 12.713287415321178 12.808247352753291 12.802108736828846 12.69046611057108 12.482276616802546 12.198561638105987 11.867013359924066 11.516457118236472 11.174394834140982 10.865230060930948 10.60755924956352 10.416387907964669 10.30834740260214 10.294163344678028 10.373634427130881
10.957349328970768 11.083036984319646 11.210857105098242 11.336756741200611 11.458441047980576 11.575214200532608 11.686890611857535 11.792074244776177 11.88641553086955 11.961618482054382 12.005915459444008 12.006367047710933 11.952631259924134 11.840939426404711 11.676802286094286 11.47657745565389 11.268563605548252 11.090569948265058 10.977880096784796 10.948865744222136 11.007471017618728 11.152338132549929 11.37719790829817 11.668361394656982 12.004557487687284 12.358306093958221 12.697974591239964 12.990500096346219 13.204695602522165 13.314791158187683 13.303900765936575 13.167435851784004 12.915958673109923 12.574791763658027 12.17797987242615 11.76032284989746 11.35346166046952 10.984544353260238 10.673549740305834 10.435233149531765 10.287047920406813 10.24208356809421 10.300002009398034
11.097984685973463 11.200964369181602 11.303115384230512 11.401642935771639 11.495161972394992 11.58339674070262 11.66611012044862 11.741569469873609 11.805124986977807 11.84859714546182 11.861081285235263 11.831399392970726 11.75171649035079 11.620959360646685 11.446671329905115 11.24683566960754 11.054322404531886 10.913038542916977 10.8554884334934 10.891486124079885 11.021697059150046 11.245028950457375 11.554094388901628 11.932191066254653 12.3539361629001 12.787119619068319 13.195201070575639 13.540616004833876 13.788735341471162 13.911917078688113 13.893030310891039 13.728361668865336 13.430123654077104 13.026933214632136 12.558713034210278 12.06726818049667 11.589759894355382 11.156649035241974 10.789392429394518 10.502273015970857 10.312498773012479 10.234951243275429 10.26862442444974
11.235954422330995 11.318555606772888 11.396268424647783 11.467222400153714 11.530755731641424 11.587033161510886 11.63602944973327 11.676184685045543 11.703267972142262 11.710066163277041 11.687392327250395 11.626514003619013 11.522393922754205 11.376377268805065 11.197722513782058 11.007418362231714 10.844264803909457 10.753589381399038 10.759980161188228 10.86721941148863 11.076535516145404 11.387414014259054 11.790299226006454 12.26460079844727 12.780066313828915 13.298992338552615 13.77925028627433 14.17833973731994 14.45816596790713 14.589749405156601 14.556920166320426 14.358547053048143 14.00974046652464 13.541967039155239 12.999455639072865 12.43046125985873 11.878545747041237 11.378340554938385 10.953151499939157 10.61699630898232 10.385873116876512 10.275095145130283 10.282690099308242
11.372092486393992 11.43772081416082 11.493588647907892 11.538443210398503 11.572198775508898 11.595517998731529 11.60886795490017 11.611349006900678 11.599787189672442 11.568626389516236 11.51100926873354 11.421039295363814 11.296559709131637 11.141293423068438 10.966704153496725 10.797367886365352 10.674924757948803 10.640415688033187 10.711410346756146 10.89124933521485 11.183512796463125 11.587076875145087 12.089224332460649 12.664905597339828 13.278389073509327 13.885775513138638 14.438709202157012 14.889370236343444 15.196209971836591 15.329372440574328 15.274603755435049 15.034909433240873 14.630215496457389 14.095871365150698 13.479405292279603 12.83362558817203 12.207695204078059 11.640655087105634 11.15809745855829 10.77433640214837 10.50359817405276 10.35972285397272 10.33946690579451
11.50865655963182 11.561775129566275 11.59978066414317 11.621771275162823 11.62812406651096 11.620069355431673 11.59882014971885 11.56454283304539 11.515610248238204 11.448597615305074 11.359324216135487 11.24487299828664 11.105970290299094 10.948878595851804 10.787562262158154 10.648609809988988 10.57165133418094 10.591522547988953 10.723636609186133 10.974630265628951 11.349757563681981 11.846097053316988 12.447455400595828 13.12415721167711 13.8346264727778 14.528282459361813 15.15012669794302 15.646863501348435 15.973695749470874 16.1004238038599 16.015458204912107 15.726921265043384 15.260977872298598 14.658440496497157 13.970488758032698 13.252862466155433 12.558213253813802 11.928915135601178 11.392787785441492 10.964980334773376 10.657809709087623 10.48186231071137 10.432125045838532
11.648340713364053 11.694332560680705 11.719698978266372 11.72366945471428 11.706994166902806 11.671526815929612 11.61941549225736 11.552174297276096 11.470028249144246 11.371925160898314 11.256456121530526 11.123604129435988 10.976811673182395 10.824749301772322 10.683309275340287 10.578805949613002 10.54627030971281 10.615894399676469 10.804550750398018 11.122547880330835 11.575595817257273 12.158738698873904 12.852618972342414 13.62312131684194 14.42282383175399 15.194402615659829 15.876248181130116 16.40983954467417 16.74763118159533 16.859736583533707 16.737864914198504 16.395741495800312 15.86626212819282 15.196503670951191 14.441979618040746 13.660722762403369 12.906862168491898 12.224203549380794 11.641967816327453 11.176192045365637 10.837300428960713 10.63158776038899 10.551780838717626
11.793254856437313 11.838136529437582 11.857001554799822 11.849040449592373 11.815297759652388 11.758270245603924 11.681140739058392 11.5869082795725 11.477763738048449 11.355049318167389 11.220003396615933 11.07522497450294 10.926461732895065 10.784223191495123 10.665329230428656 10.594518467383182 10.602331991948208 10.71627481018543 10.955326155298145 11.33225061699102 11.852645474402255 12.50996159572893 13.28227875602769 14.131558318186125 15.005041415512485 15.839237859109584 16.566617898099857 17.124232814052107 17.462610047158535 17.552878285778565 17.390468873072145 16.99474258004653 16.405022055550816 15.674331014780568 14.862422591032034 14.02925861581161 13.229171592934666 12.505686924549442 11.888211596083389 11.393108355427762 11.028817831959973 10.79722998434049 10.688702630808972
11.944090140132884 11.994068413318395 12.013007645569097 11.999930924447902 11.956095554536896 11.884609884479548 11.78969093408996 11.675815020722592 11.54707621494277 11.407047438557811 11.25932031723416 11.108681888896413 10.962625802092322 10.83277096231269 10.736016882758728 10.69523852433778 10.737520550801213 10.888611524884924 11.168693982542328 11.59174059454773 12.163137683291628 12.875297799338103 13.70444359663274 14.609494747447174 15.533485808479874 16.408116004572896 17.16140406880151 17.727366012418262 18.055699079552852 18.11916465602452 17.916955188037523 17.473529260493383 16.833633296626946 16.05503249254886 15.200677691027325 14.331681044244027 13.501724543801622 12.752965710903108 12.113912777872345 11.60035296741024 11.218556349130642 10.966615096097932 10.832935027523671
12.099542784441203 12.160473643416195 12.185937417139012 12.17468979701193 12.128105475794984 12.049816578796698 11.944976870483138 11.819402460384481 11.678880640613757 11.528908401223235 11.375021184561193 11.223694796306493 11.08359192603642 10.966789132107944 10.88969526628243 10.873375830113446 10.942249988039269 11.120466606431984 11.428317885411362 11.880065834253088 12.480844658155556 13.222475713603549 14.080124054641333 15.010930629914037 15.955472013190342 16.842746099902126 17.598525500300514 18.155713452201727 18.464446958118018 18.49952882021274 18.26344948363957 17.784573607687168 17.11139298141838 16.30455376462711 15.428513167360498 14.544294471060685 13.704131476474956 12.948172248698194 12.303246410021531 11.78372195644748 11.393640846247527 11.128299101214091 10.974927234176704
12.25603423589979 12.332885425196743 12.370630932998552 12.367676891536046 12.325404810992167 12.247833756967946 12.140876427934206 12.011447854397915 11.866707075704829 11.713667486025283 11.559326808338092 11.411323172472981 11.278947212389173 11.174205440283119 11.112621116240016 11.113471052855434 11.198863619003625 11.391198157216197 11.710031178764162 12.16925441950621 12.773666972277988 13.514888616707479 14.367953198372888 15.289803420499762 16.220743437692985 17.089639379619527 17.822685358195184 18.35404254603923 18.635782218128966 18.644945928476965 18.386283728107284 17.89017916326031 17.206571966740576 16.39666620606822 15.524407264608357 14.649272590560267 13.821207854436256 13.077864546341072 12.443871447982424 11.931691581305747 11.5434062144557 11.272633681772538 11.106293184774435
12.407808606547734 12.504202482397305 12.558787509138611 12.569550333430039 12.53776060241217 12.467656266117425 12.365677827959974 12.239529565178692 12.097348655566114 11.947195523090544 11.79700899852597 11.65505467604539 11.53074319507201 11.435565091761122 11.3838402778925 11.392982727785874 11.482868512533779 11.673943258302254 11.984471921208845 12.427548469901906 13.007611020383047 13.716517027985972 14.530200430656048 15.407094182630509 16.289400166506283 17.10816989736714 17.792516012683716 18.28091708356212 18.530203469040334 18.52029206869393 18.256165787794025 17.766965773676986 17.10092364328429 16.31719885829082 15.477226546498004 14.637565079908027 13.845089186744467 13.13456530256373 12.528194182495382 12.03654512552084 11.660329632402071 11.392526505962683 11.220500859782936
12.547447474323167 12.665312939845908 12.739694647489678 12.768094248000006 12.751547356093726 12.694330957697828 12.603160451656104 12.486189569204264 12.352108627117673 12.209531749593253 12.066807031443519 11.932297931196045 11.815051171245763 11.725639368803405 11.676896977833294 11.684255721206526 11.76534274559682 11.93852395571274 12.220505077216838 12.623424454029255 13.151499241763986 13.797353958537723 14.53880946254363 15.33713635123019 16.137774013503655 16.875052606631208 17.482927164876173 17.90906776643505 18.121502137496094 18.105098166802925 17.86065702100933 17.4095748467012 16.79372849044 16.06775201761083 15.289237889122226 14.511039151056071 13.776554301777178 13.117570047208064 12.554011047311423 12.094973639589918 11.740525792671338 11.48384178511735 11.313307160421438
12.666759315305853 12.806087666385164 12.901344993879341 12.949476806720073 12.951148268802323 12.910489084996202 12.834239627371561 12.73066992639927 12.608606947377893 12.476738923374537 12.343312904163275 12.21628946228462 12.103903045071815 12.015449832896435 11.962040935048522 11.957031640753806 12.015820746916004 12.154728426252802 12.388925743416662 12.729726676809191 13.181456319903218 13.738055978950856 14.379955992341072 15.071979872136795 15.763391452915847 16.392841806781426 16.90207966384965 17.253304667596304 17.430763718992523 17.42473889177192 17.226985961933636 16.84483482645874 16.30959170726693 15.669511491986974 14.977641433766347 14.28281772635778 13.624869409630392 13.032737161307479 12.524423194679803 12.10808296846039 11.783769529600411 11.54543565671679 11.382877563693702
12.757956474248102 12.916651686412967 13.03181517275288 13.09977645668273 13.12066322724501 13.098243483405913 13.039035281234007 12.951121659415804 12.843093156923072 12.723283986246702 12.599389231598737 12.478532123560369 12.367758091222452 12.274806113555549 12.208911108418283 12.181349342173423 12.20543033364918 12.295656886468114 12.465953572856089 12.727183257036282 13.084239675505515 13.532912998309731 14.056911736873525 14.625769102466268 15.195079895507016 15.71215258691529 16.129819060261674 16.421238439254118 16.577632276827284 16.59020583074402 16.445503228973926 16.1416526311264 15.700296194833866 15.161556841077486 14.571918313751258 13.974859176351085 13.40600108215364 12.891310760837793 12.44706376270875 12.0808383595945 11.793075911035405 11.578854060797976 11.429609985219006
12.81495149958351 12.988833942616909 13.120812279749119 13.206628961513852 13.245710240993233 13.241198221675123 13.199109799868353 13.127057734050625 13.033083049870989 12.924820174420775 12.809058816391758 12.69176040942496 12.578524472049782 12.475379850892926 12.389667325336335 12.330722443987348 12.310057825354152 12.340769023664592 12.43602343504796 12.606785502950594 12.859122962992679 13.191403806701818 13.591784299634696 14.036724425935573 14.491735114965623 14.916013982447765 15.271527298098913 15.531918843628615 15.68241418606119 15.711540893072955 15.608923191440226 15.374038649265987 15.023531753578181 14.588577184886745 14.106557765501968 13.613560563410529 13.139895665001216 12.70813975893029 12.332816037083608 12.021075015189803 11.773936263928029 11.587761287886785 11.455724072852682
12.834405241279475 13.017550036084929 13.161271695129138 13.260924516273118 13.315192071870191 13.326337760055235 13.29955094469884 13.241671251483023 13.159917158771512 13.060964560908475 12.950462326285447 12.833025972006759 12.712709349839338 12.593847346653108 12.482045877831375 12.38501993791467 12.312962001154563 12.278156114872464 12.293677401163354 12.37129212954316 12.518948448576813 12.73829445625537 13.022630675960926 13.35581667947997 13.712784678657144 14.062281204472407 14.371855308774235 14.613349070548228 14.765774604173213 14.8150371301214 14.754078799732104 14.585383310464243 14.322821655815806 13.98982812647781 13.614735846155702 13.225846823190679 12.84782597433873 12.49971311232926 12.194270196393004 11.938269434070646 11.733358575263452 11.577205281980941 11.464703276431463
12.816051185843557 13.001602422044515 13.150622488033589 13.258388846088195 13.323010150952863 13.345779225120763 13.33077406057139 13.283741654808095 13.210810823594798 13.117495919784394 13.0081679818745 12.886045371786434 12.753704505353461 12.614016151736404 12.471283108144862 12.332241035036237 12.206542933494323 12.10642874637896 12.045483003452752 12.036644506525738 12.089849666949553 12.209752236833685 12.393903373726861 12.631761687380552 12.904928939107352 13.188902295315444 13.456238818574109 13.680381023113783 13.839051376587735 13.916631054559359 13.905688809717983 13.807791162064134 13.633189952679563 13.399018626339645 13.126329661028139 12.836845313470274 12.55023047417159 12.282296205163156 12.044173431567769 11.84228613046206 11.67887684295286 11.552842898967283 11.460688355376249
12.762192460809253 12.943445311745164 13.091043961373877 13.20042114687801 13.269378543613724 13.298361681392276 13.290230924885641 13.249395070263636 13.180645913765105 13.08816037956034 12.974955807975372 12.842917793838623 12.693429017451754 12.52850409404019 12.35211900792105 12.171199949119556 11.995781506118206 11.838306491914397 11.712444269238288 11.631617158560537 11.60711705782192 11.645939936398165 11.748894820415368 11.909574440249047 12.114492723385583 12.344385917215916 12.576454113002328 12.78719966951257 12.955446515522953 13.065056608379294 13.106854349227898 13.079411036195514 12.988598623790162 12.8460846167648 12.667141317167873 12.468251105234863 12.26496820775782 12.070352741102461 11.89409595738809 11.742287277472467 11.617674598838008 11.520238282465229 11.447913664456065
