_RESULTS/CROSS_VALIDATION_POSTPROCESSED_80-20/MHZ/IZ/8comp/1/MHZ_IZ_z_125_kriged_reverse_8comp_spherical_1.asc
ncols 100
nrows 81
xllcorner 5.5967107548124995
yllcorner 50.982328804812504
cellsize 0.00017565037499993607
nodata_value 1.7014100000000001E+038
[rows 20 to 39 of 81, columns 0 to 43 of 100]
9.324008128948295 9.285431628188476 9.256743967098313 9.266022924489942 9.273671566162518 9.27340065666159 9.260764235464677 9.229135843830264 9.170952207457399 9.078738972517343 8.945913624038457 8.767625350121696 8.54764096721743 8.297715990078817 8.03457974277699 7.769633573295338 7.5176806675634795 7.296116988321563 7.12572747518214 7.025391836101863 7.0066455633415075 7.063961957577362 7.17397541755018 7.319547947831502 7.486927991787227 7.664787067376472 7.849348452045185 8.040249740807068 8.210950758940358 8.342169212086759 8.423068712937459 8.451976337425158 8.43270244835054 8.371098382391732 8.275189203745875 8.155439402265056 8.027216843626025 7.934408278921078 7.893551409275366 7.906087282297943 7.966546860297524 8.072516614452073 8.25145232873965 8.497680042053716
9.29792687905731 9.264661723934289 9.239622807046212 9.228683500414308 9.219576732888534 9.200365755960108 9.16668343046422 9.113297773613933 9.035127555028897 8.928123651573392 8.7898955304943 8.621090281291444 8.424565212452997 8.204587166688345 7.972245163189539 7.748026839422463 7.542783963037787 7.369005722075101 7.240203106029257 7.167588460867291 7.157795388559031 7.212279663001839 7.3155355652467975 7.455120017356245 7.619300442661848 7.800178881588211 7.99520811563514 8.179933035112926 8.334192053066815 8.453096161751725 8.532257091847729 8.565303759259754 8.552091168369815 8.49934872476512 8.415196996707481 8.308165231411232 8.189222792522756 8.103335081601879 8.060643950526623 8.063004747807838 8.107800140652905 8.19216697723143 8.321699645722784 8.515794638913345
9.26963257607966 9.234548022397036 9.208524813829726 9.195574799174313 9.173353648539461 9.136520259192906 9.088771020448263 9.025391171937004 8.94198136156418 8.835793267105037 8.707309491488276 8.556465241041918 8.385098579191807 8.19824833945431 8.006805004609463 7.819724501562547 7.651918724884229 7.515433635499806 7.419146466768249 7.370171955101217 7.372667980902911 7.430731938417945 7.536330268757727 7.677534830809537 7.8446508927314085 8.031261722894262 8.211825276765836 8.371541451596524 8.499004211972412 8.590531882181782 8.644375862051593 8.662140396097687 8.646076032078112 8.595684890367583 8.513990492111805 8.400938074267614 8.28777076843132 8.20756703102741 8.166491095952445 8.168442977454985 8.213375887755538 8.295720088787595 8.40466742439 8.548721417252446
9.231023973997065 9.193098503732626 9.16564700513025 9.15349588795708 9.151124324976607 9.119862672680549 9.064886637917953 8.996791187024467 8.913931417980702 8.815947936596077 8.701020645740131 8.569208932785916 8.42259602991026 8.269024404349413 8.11642211344493 7.971511711970897 7.842296545720738 7.737619469030313 7.668656584882181 7.6410634579965135 7.6580702020638505 7.723934637817834 7.837730379180377 7.9874347110549015 8.157110893200748 8.323843274709638 8.470560707528527 8.588274603965578 8.67484538402163 8.730051136414838 8.754807961282657 8.748590367059183 8.713008024850213 8.6461954833451 8.549625532008386 8.427668004921745 8.321330312720729 8.244506467077843 8.203308258506908 8.204749616810323 8.25367184149038 8.345166608352283 8.465728680355406 8.59865612993042
9.181278996032951 9.13909421385604 9.108512815221754 9.09590837839875 9.104911294568945 9.108204127544493 9.081948503514756 9.027618086884019 8.955225298068562 8.868759180464968 8.768710249662568 8.656162350020537 8.534554977096983 8.412631446758141 8.295380838007341 8.188441256600482 8.098320824041966 8.031717783500682 7.99433686914941 7.989623766879658 8.022269161413233 8.09929817832025 8.22176174170315 8.366666849751367 8.512595429511798 8.639154277603806 8.740270678322407 8.813181755656982 8.856822972913873 8.87188265251226 8.858506941154262 8.817445155800398 8.747244504276205 8.649228784254975 8.525344796221596 8.39699982958065 8.294013326324237 8.21884341573675 8.175057469474979 8.172294012789424 8.22814238355725 8.336987186219604 8.473731102971199 8.621530513727134
9.123483938334136 9.075607098417848 9.039465850472144 9.024233440998033 9.03705309774566 9.071824568974165 9.089229870137983 9.081816208038154 9.0483845256227 8.990135351375091 8.91006738469953 8.816538647363549 8.720182075731813 8.627697281429569 8.542889738091795 8.470530007524927 8.416061569162071 8.385172255487497 8.383067838175169 8.408318834892555 8.45724957316913 8.537336838421405 8.64838628462967 8.775878590029258 8.884186406928757 8.966958673197583 9.020942074214704 9.044042979158942 9.03588099151334 8.997948114157781 8.933308882021713 8.84599496470436 8.738242471564009 8.607673957535374 8.461134980816958 8.333066272789768 8.23110072544008 8.155588952015087 8.106453116737757 8.087365043996465 8.153619389962573 8.292809748269066 8.449476857188266 8.61389666019233
9.061761976111214 9.00749917658312 8.962656727682388 8.940167093708546 8.95749251117678 9.012707786743485 9.079440932778521 9.120641276172007 9.134034730619732 9.12124176507345 9.085165016012436 9.030061128260582 8.96700815171998 8.906280588391853 8.853051507019979 8.81190966282582 8.787090921550194 8.782125234837093 8.800939284096449 8.841065796644632 8.899617501149882 8.98137117492392 9.081701558559043 9.175423300008871 9.246702392916927 9.286236346603767 9.29156666037652 9.26153385794935 9.197139324177346 9.101784958511594 8.980656837313596 8.839671921048208 8.68453007661698 8.518975420313025 8.367161245715957 8.242187985587071 8.145830516101984 8.077863294318565 8.037810915706395 8.029712857788313 8.10517994326905 8.252751131990015 8.419447013010398 8.58829498638683
9.000987751591847 8.9423861977475 8.888014950212863 8.847632507221464 8.872730829078709 8.95640925551402 9.05532211843349 9.144268184265671 9.203520751549398 9.235330063710686 9.242629312864299 9.230618521795785 9.209006299264614 9.182652760986338 9.160592378908074 9.147484425789774 9.147579117192045 9.167368071594613 9.20697705353871 9.263532827319688 9.335100797654723 9.418608806797543 9.492949121522319 9.551099319039894 9.584049368655528 9.581906647107141 9.539365523193608 9.45564917428523 9.333061762846322 9.177548777028534 8.997295334529367 8.800725976442758 8.595217288114156 8.404030321467774 8.246902552028931 8.125713100900267 8.039769129469748 7.98719503790443 7.969963037246227 7.996143667648872 8.080769648301658 8.215495528629784 8.36690338943215 8.521419720997049
8.945064612444652 8.888509112795338 8.836559335309541 8.79418101292229 8.82911401177481 8.927573035067034 9.037102628781273 9.15233497571629 9.254078268395109 9.328343998397964 9.377546271408386 9.407771757635642 9.427183495988277 9.438259478568295 9.44526522703955 9.460458183470513 9.49136943762344 9.538498207791788 9.60039633202889 9.67425435936518 9.757602290843248 9.826903489031329 9.873332261206059 9.89648715387261 9.888366105680538 9.844853702763352 9.756359911104852 9.619163586416283 9.436285815757829 9.217465878392838 8.97544563598425 8.721842735472105 8.479188512557409 8.27310256410546 8.109604905129405 7.9882276384825825 7.911065093915792 7.877299443340642 7.884132941282419 7.935065464087971 8.026472974744047 8.142960288980364 8.275060191684863 8.4135785836988
8.89492382285014 8.848866163839627 8.814415332804051 8.80342852217927 8.842473067550712 8.927998478341259 9.036431955609835 9.155613438460549 9.279543347623095 9.393561521226763 9.48275177318498 9.553569137940324 9.612147931313922 9.660006068897411 9.703874795905792 9.754225462844724 9.816728682787753 9.89058659536378 9.97403885558643 10.064861337763716 10.148548561378465 10.197071522417072 10.21451965308588 10.202219539810223 10.153878522085979 10.066143522371158 9.93407148241108 9.745273808580773 9.499219750412013 9.212918280230994 8.906683302961845 8.60957580436754 8.345801353218679 8.125003199685525 7.954120530278716 7.833931493402063 7.763517506314971 7.743514036141827 7.772810818576106 7.8374534337231365 7.92312389061762 8.027330669548068 8.14451953044306 8.268295586042226
8.849782417204441 8.816824160162753 8.800185202597262 8.809326085886651 8.856681005756279 8.939203865281305 9.045969510123763 9.166991081609806 9.29530248307642 9.425799289428996 9.551075039941354 9.660194767071207 9.755666006054648 9.843642390980802 9.932194348248416 10.020801283672814 10.115315017766333 10.21637051907936 10.321031962670503 10.424755639203488 10.494878420386138 10.520623369056766 10.50717285235217 10.457557987916232 10.368842434800108 10.23856517436247 10.063988346990676 9.828095093107436 9.512375649726632 9.154575429918104 8.802105295613503 8.47695901029221 8.191909106066039 7.956723547331089 7.778504341304343 7.6602401394338475 7.597981526930224 7.590507596162994 7.629927606383161 7.695114279002426 7.777550660377554 7.873973524193367 7.980030629803471 8.090995075914915
8.805526470207063 8.784711624817655 8.782487288086957 8.807079319647093 8.863933024450597 8.949994387116659 9.058594356091398 9.182320558325548 9.314719605526477 9.450467660012823 9.585132717834384 9.720323595339396 9.853782990627062 9.986973104143008 10.119734031384118 10.249959753070497 10.377204386143795 10.505642254624739 10.631021257601505 10.737430814702135 10.789315664533337 10.788459847121814 10.741578665611772 10.651497972410478 10.519562459675946 10.343907666777055 10.128144552601247 9.867574406447698 9.46250362796874 9.058179038531456 8.673091580567133 8.321267041771936 8.015330198251627 7.76599753423049 7.581321659836735 7.465516106618549 7.413449653480048 7.417647916385856 7.454337407388819 7.517592477763739 7.599776517728761 7.691704267226751 7.789383327872826 7.889096495246061
8.758916270092975 8.748584813059402 8.758933335399028 8.797064319087834 8.864173707531904 8.95710441529744 9.070596149402483 9.198698720053768 9.335696394034196 9.47651936497457 9.616696909618435 9.758654515319535 9.914127832774017 10.082280695963629 10.257100865060705 10.428569405221435 10.591172175618349 10.747072799187663 10.89239376280787 10.992628200281333 11.023994719418525 10.993217632724354 10.908913886467664 10.775550864694432 10.595237022866016 10.365860582307949 10.093720423929028 9.76552804492884 9.35981374830987 8.93248670111459 8.52202670566034 8.146509358571839 7.819774908194637 7.555450380737971 7.364059223498351 7.251002926020365 7.211262373726885 7.218639066368173 7.256329591430228 7.318831751961054 7.401068782611664 7.49100777227754 7.5821073186769965 7.671410508436445
8.71303611141658 8.711969036345398 8.733553227872077 8.783397972857315 8.86007773114395 8.960795558122756 9.08123431064117 9.215292541135353 9.357677023672364 9.50356947767643 9.648515194354873 9.801615486596193 9.973351509919889 10.15979139350297 10.357064513340958 10.55843888404857 10.754326697715545 10.937626324908916 11.0998373991566 11.19059713649181 11.197857732390766 11.133675430051246 11.009927738329917 10.835610368481609 10.616407599775746 10.350758399558499 10.034310878500792 9.66342384638116 9.242848915512218 8.799999851087865 8.365556407388484 7.962793199605065 7.611139413077693 7.328461055381872 7.129399654655757 7.021010455905799 6.991504175003222 7.004433223534575 7.047787374282895 7.112986609346702 7.194084293185127 7.283222022543607 7.368733361259084 7.44885748638515
8.68386363325583 8.691671591248353 8.724392018138523 8.785345354841336 8.870684303267833 8.976643676332193 9.09939388325514 9.235184395719509 9.380693856287293 9.5310975569812 9.681814241063888 9.848266341845115 10.037985139914188 10.246367251630675 10.467475643419506 10.694130071837856 10.917098231314725 11.125091719599688 11.299475812829323 11.378590340646607 11.359733361537772 11.264755718191283 11.108925553949458 10.901639247764097 10.647001966719104 10.344538771121229 9.991156019553715 9.588910378324783 9.146091184198394 8.68285145975373 8.223210743116342 7.79012121175872 7.406087408508904 7.095392035073006 6.882252916587629 6.779980128172128 6.761167210799313 6.789352215186661 6.845562823572632 6.91745979234274 6.998405066083226 7.085109404406865 7.167461791551408 7.239861277985299
8.670488364715148 8.687397498475233 8.732661932433587 8.806244580366727 8.90180135680369 9.014062422179807 9.139349111699353 9.274273170591563 9.415945616327553 9.562146991791847 9.722722789198755 9.907915044467194 10.116739420970996 10.344612326866539 10.585856481625855 10.834059502049108 11.081763381724327 11.319077162167583 11.516524662217996 11.5815734437577 11.528820292443994 11.405491318635626 11.225553149168148 10.992559845884923 10.7082350669176 10.37295842639802 9.986295503264193 9.552305159604497 9.084894372649675 8.598878309159907 8.112344643557513 7.645836668248436 7.221755778199883 6.870006101000977 6.632263071038275 6.537074451514919 6.5430377566712705 6.598806126915377 6.674194572736478 6.755392486638493 6.8369763899942635 6.917416231577332 6.992767545632675 7.055166629767537
8.670667903713149 8.698142955949118 8.759185813296206 8.847944113754954 8.955012402075619 9.074241271524624 9.201808060375779 9.335165505118221 9.473381330284152 9.620105655335513 9.787762740997822 9.982332996389053 10.205972075049589 10.448783818161653 10.704468422362828 10.96702796220127 11.23031458976573 11.488187656229094 11.723085714264576 11.764375096842352 11.683886970149915 11.547623886814485 11.35623249254259 11.109051783186334 10.805365422542536 10.44577044090183 10.031807257310147 9.569933234046566 9.073675525309287 8.561886753467753 8.05082163675471 7.552629550976415 7.084543601513172 6.672656144307817 6.38253718930049 6.304679850185773 6.364292143599741 6.45831550810934 6.553445480383231 6.6414262686842775 6.720759042623113 6.792159258273632 6.855812501237773 6.903636241040509
8.682495616527444 8.725126304532681 8.808425441650373 8.915165845742443 9.033866105826673 9.15912739004627 9.28784780333613 9.420532842542473 9.56150618161372 9.710622760874644 9.882775792446436 10.079607101314886 10.303673555308505 10.554180342400226 10.81736654719511 11.084910682733835 11.349307908803219 11.5997807308229 11.794612801030208 11.857750980779858 11.806593278970553 11.682804113291787 11.497199432789362 11.25053798205344 10.940767343241982 10.566927147511377 10.131509191757523 9.645291651143884 9.124360278159013 8.588029886937559 8.054582270888769 7.536464573732875 7.038349627565865 6.568694978431779 6.152097738337827 6.142705669907 6.279010390646834 6.3998048365101825 6.502180101073103 6.587659443837003 6.658351026761501 6.716472082310252 6.764030295585806 6.807487985256591
8.704276843473451 8.778391383349586 8.89250099278032 9.016206028357807 9.14324081193128 9.271166677354586 9.400773044990489 9.537831394757596 9.680030122945867 9.830302962625312 10.00352676794259 10.199330699694524 10.417242808285962 10.65972521458503 10.921764511623223 11.186243611863572 11.441747925027189 11.674672333659753 11.850521258772078 11.927860149119045 11.90911231586471 11.811489013328183 11.645990673924892 11.414957755782904 11.114423920222709 10.73834994727771 10.287850618559409 9.777865477543703 9.235310001296595 8.68232933835248 8.137058586137133 7.613941297611396 7.122336698228361 6.672157877490598 6.324087880195271 6.25935844722593 6.349482369997046 6.447452758235506 6.532273854753014 6.601213482578963 6.654875407908756 6.694712546308934 6.726106586906003 6.7802079634330354
8.791827576533086 8.903732398951309 9.03215662571815 9.16031879077323 9.287269628786628 9.413325147122011 9.546342072996437 9.685251122317776 9.826526301422321 9.975551632214719 10.145840132888646 10.336171098208855 10.544468229427878 10.77252146093168 11.018628589844786 11.274061980600953 11.517473800303387 11.73651054422896 11.909879664124706 11.999759714724485 12.005627695450459 11.93567182186291 11.798067558743194 11.595811510318642 11.322595211003403 10.960107351965668 10.497775512082114 9.96259966990825 9.398586698767335 8.836155472389832 8.292662481567813 7.78212910663874 7.32193791393594 6.935640673013599 6.669368980455667 6.55470454407091 6.554120755495113 6.59483664654617 6.641615889044411 6.6817118334102314 6.710944612709165 6.728290315864364 6.756959044411633 6.811172731537058
