_RESULTS/CROSS_VALIDATION_POSTPROCESSED_CLR/MHZ/TZ/6comp/1/MHZ_TZ_z_710_kriged_reverse_6comp_spherical_1.asc
ncols 100
nrows 81
xllcorner 5.5967107548124995
yllcorner 50.982328804812504
cellsize 0.00017565037499993607
nodata_value 1.7014100000000001E+038
[rows 19 to 37 of 81, columns 0 to 41 of 100]
-2.1588123309513234 -2.119565901590482 -2.0868881965393187 -2.0650986753929224 -2.056314851871205 -2.061352716767888 -2.077350737918603 -2.0997327838465987 -2.1245874939224625 -2.1493346291579303 -2.172477218963887 -2.193223406532745 -2.2112167408337937 -2.226384108071293 -2.239071461632735 -2.2501684351686486 -2.2620623555707353 -2.2765603526263973 -2.2945185401957877 -2.3153857830833373 -2.3361038078426644 -2.3540514205369854 -2.3678049675012387 -2.376313903289493 -2.3777853954014825 -2.366312129181454 -2.340772517028784 -2.3016072021965766 -2.249541298507784 -2.185583519427649 -2.1110408206133893 -2.027556003225574 -1.9371885641303839 -1.8425818077608265 -1.7473035338894105 -1.6567497737315315 -1.5802139449682824 -1.5298085805460824 -1.5150955812601106 -1.5354933494353549 -1.5823705630658853 -1.6466589012962565
-2.246106799660718 -2.2179959282972095 -2.1952265359025733 -2.1799934209252827 -2.172108892172253 -2.1721770395531586 -2.1790387015464083 -2.1903873664523985 -2.203853682902509 -2.217584563539696 -2.230334848212087 -2.2413578715486233 -2.2504841787118326 -2.257895559731525 -2.2639443419055123 -2.2708158488885806 -2.280430134542664 -2.2932887472157986 -2.3099735749012313 -2.3306435613533485 -2.3516683169507684 -2.3718022043061713 -2.388937633061835 -2.400864069636137 -2.404102788316763 -2.3931499380996684 -2.367800112656781 -2.328426899513789 -2.2757520238489373 -2.210839826355115 -2.13511639631644 -2.0504132906475214 -1.9590559778086578 -1.864028033663929 -1.769244042522581 -1.6799301310949508 -1.6041281097842923 -1.5514048591752836 -1.528017654017643 -1.5354796290059667 -1.5711792291356625 -1.628937785891388
-2.3363225681825504 -2.317743479466921 -2.3029953303822253 -2.292506764081863 -2.285299354823538 -2.281585843896163 -2.281085740237903 -2.2829021695466163 -2.2859392749271157 -2.2892152915607538 -2.2919990434966846 -2.2939308423995324 -2.294877968818313 -2.2947896287843705 -2.2950961900590685 -2.2983260541937796 -2.3047871675537124 -2.314975761091515 -2.329449734315268 -2.3484116151720107 -2.369757537511652 -2.3933763425616905 -2.4152090106033066 -2.431552428144774 -2.4367101748283426 -2.427068506259916 -2.4026770531529764 -2.3639381671330186 -2.311440045810537 -2.2462673900251873 -2.169681107775225 -2.0835730775588184 -1.9906908176412912 -1.8943303620757441 -1.7984901844333232 -1.7080169103217515 -1.6296127738444681 -1.5718361845380717 -1.5400302525645897 -1.5371096647306839 -1.562990232466381 -1.6151050210351834
-2.4275313089734842 -2.4177216409823443 -2.409998089932344 -2.403267336088772 -2.396489901506179 -2.3894514380537073 -2.382551330184502 -2.3759530046209663 -2.3695879739777563 -2.363282450674798 -2.3569787903815724 -2.35038666897011 -2.3432761497030836 -2.336088474237837 -2.331807337493843 -2.330822310025511 -2.33332167025094 -2.339869836889937 -2.3513015786406366 -2.3681344499174264 -2.3901975632209886 -2.417907668952187 -2.445735186363508 -2.467219000361441 -2.4754265994681846 -2.4681862840262294 -2.4455232030422853 -2.407721628616692 -2.3547515931641976 -2.287967348807258 -2.2092010307488255 -2.1208768849131907 -2.025817716067526 -1.9272702966480455 -1.8289638727186461 -1.7351676836627437 -1.6518609281521472 -1.5868140514254747 -1.5458705034560114 -1.534116016439419 -1.5540505434088718 -1.6033646552079648
-2.5118796446919385 -2.5108110499335945 -2.5104003002621353 -2.5082730276815317 -2.5032627522901976 -2.494419751376206 -2.4823643234182966 -2.4679956024128527 -2.4529135141508274 -2.437986320142417 -2.423244847267407 -2.4085412364577374 -2.3937036974887835 -2.3811245070726117 -2.372229836754616 -2.366728864346019 -2.3646411496703523 -2.366553214254086 -2.37392314097613 -2.388434266392523 -2.41287800564897 -2.445518717489598 -2.47987621179832 -2.50723874374495 -2.5196950847708455 -2.515872766579209 -2.494523777995291 -2.4558013887964907 -2.4010829440659345 -2.332203174941003 -2.251362674440515 -2.1608141908639027 -2.0633692377593107 -1.9621475210412298 -1.860508343626325 -1.762190898839237 -1.6725006888958533 -1.5980533161015888 -1.5454965364041777 -1.523347702898566 -1.5390180781972007 -1.590448023705261
-2.585505161815945 -2.5934340306169488 -2.6008709564530106 -2.603915139127374 -2.600533946647972 -2.5901319912151717 -2.5740123407691793 -2.554542497559551 -2.5333034992187624 -2.51077304516549 -2.4882878196071503 -2.466155024913584 -2.4450063665103787 -2.4279322181809366 -2.4147227426495874 -2.4048570795392497 -2.398009646777613 -2.394386121541201 -2.3959366249311183 -2.408674529837134 -2.438223422584526 -2.4769688814418056 -2.5172801612944156 -2.5511707734620934 -2.568455785463123 -2.5664174208734787 -2.5452792674014635 -2.5059473600895643 -2.4498317299063896 -2.3788967633627114 -2.295603995567941 -2.2027161847802175 -2.102807919404659 -1.9988152157037855 -1.8937399027774056 -1.7911264052971212 -1.6949210254578895 -1.6101298027743616 -1.5426892161738917 -1.5050319892975663 -1.5180445137798724 -1.5786756887984186
-2.6459197088707236 -2.6633969749530015 -2.680060855445048 -2.689712812512382 -2.6877761965283202 -2.6744941319710147 -2.653620636202287 -2.6293898334943546 -2.603777597660278 -2.577281687506843 -2.549606617118618 -2.5210482316908944 -2.4954138180706855 -2.4745506194474993 -2.457739926197369 -2.444276696170243 -2.4334819570908364 -2.4247436690157826 -2.4180521038674363 -2.430367936038979 -2.4688873526563015 -2.513565424942824 -2.5583098908518758 -2.5976003515069617 -2.617609705756104 -2.617323962375667 -2.5970863250406957 -2.557633202799083 -2.5003487081145703 -2.427370679667513 -2.3414713799943923 -2.2457875499830076 -2.143444811511808 -2.037029583440437 -1.9294219533868253 -1.8241027453207916 -1.7234956345254269 -1.6309551710799879 -1.5489830494539207 -1.4839960894357505 -1.4974232270648047 -1.5789524269744295
-2.6899460378411213 -2.7172471446127613 -2.7453314263073567 -2.7649610250653947 -2.764250490480163 -2.7447643251808533 -2.7180287326798123 -2.689353222064133 -2.6605011582961864 -2.6315627672458977 -2.6019440779559604 -2.5711930061588224 -2.5426959947817718 -2.5189874242123254 -2.4995920655174015 -2.483794461824294 -2.4709361717305067 -2.4605539465295054 -2.4555988359585137 -2.470941807038648 -2.509577535007354 -2.5563290457037455 -2.602983939802299 -2.64262248596207 -2.66557386117622 -2.667824972368911 -2.6492474740119 -2.610151703048866 -2.551780573026186 -2.4765429360529447 -2.3877523258020634 -2.2890899118902372 -2.1841492673263705 -2.075999195535803 -1.967744587280976 -1.8621779608821458 -1.7613786358348582 -1.6685427357029425 -1.5861725790557077 -1.5215002588370752 -1.5327817621119249 -1.6106047577735028
-2.713764853065727 -2.749367275669127 -2.7897620295737533 -2.82732073342797 -2.8267665313420265 -2.7961468719254103 -2.7644671182297778 -2.734395562606977 -2.705153622092558 -2.675964383070629 -2.645915368467557 -2.6152129229877548 -2.586775237113635 -2.5604821466915184 -2.5386297037838395 -2.521377754514181 -2.508183717355302 -2.500209130394219 -2.503346409291357 -2.5223250741346837 -2.5575811631507634 -2.6030699777080537 -2.6475837793142762 -2.6860467951484748 -2.7108414959062292 -2.7166502838597286 -2.7007673554052314 -2.6626029633022408 -2.603018792497342 -2.524926600463204 -2.4326402869048103 -2.330728525155769 -2.2233232579334126 -2.1144807045284546 -2.007335718394105 -1.9041875259263559 -1.8075734123985958 -1.7218873814197702 -1.6526174659998538 -1.6118142590639875 -1.6191975860056325 -1.671483476722668
-2.71409817815453 -2.753340830690155 -2.799561158796333 -2.848120202545047 -2.8513870899395504 -2.8211866070533276 -2.7922070751157415 -2.765213787575447 -2.738921782058724 -2.7119785670637273 -2.6834633514845336 -2.6545520107062055 -2.6276893072647076 -2.601938843016609 -2.5775561865744145 -2.557557077621106 -2.5436154652841267 -2.540122174100474 -2.548886744935649 -2.5707515293274823 -2.605682048780024 -2.6480093877338233 -2.689650413643006 -2.7269066251443332 -2.7520186834381315 -2.7618016005957915 -2.7502614851811678 -2.71390875464697 -2.6526049413824393 -2.5703957550013574 -2.4735662379037646 -2.3679872232578623 -2.2587531578309252 -2.1502096822388657 -2.0454810756363075 -1.9467832596515713 -1.8570694580788376 -1.7814281918161088 -1.7254565353065532 -1.697036044760968 -1.701880211395881 -1.7362328831012115
-2.691154726016403 -2.7315478805915654 -2.7754587557379757 -2.8124739902556626 -2.8257989293138097 -2.8169483166855405 -2.800157311357133 -2.7810749555081498 -2.760732658073483 -2.7385251968162208 -2.7134447126701264 -2.6877441272216203 -2.663326420167409 -2.639381259773087 -2.615251999294867 -2.594258930340793 -2.5821388557199545 -2.580370722704395 -2.590628321018525 -2.61430868366406 -2.648614759754784 -2.6877618634016467 -2.726444359275577 -2.7623433867211697 -2.7884012052871676 -2.8009353496056937 -2.7956519638683477 -2.7628553204183786 -2.6984116946911847 -2.609638993229628 -2.506868227894115 -2.3977485261099245 -2.2875653533414355 -2.1801272485775387 -2.0786627202616477 -1.9856124323242428 -1.9038682365659771 -1.8382084231465847 -1.7927833753730773 -1.7701250111562339 -1.7703292558943897 -1.7929457936309192
-2.651148791608825 -2.69116650642334 -2.732314872862527 -2.7672550305410315 -2.788453294844459 -2.7952638004268033 -2.7924713216579327 -2.784024902098279 -2.7715802422237523 -2.75545023451023 -2.7353162788954526 -2.713754181423927 -2.6923695189250934 -2.6707509310776616 -2.650571413360181 -2.6328806767085693 -2.6222776626378517 -2.6213874571812648 -2.631480056119302 -2.653461436687364 -2.68413961385442 -2.7201299563361445 -2.7553898433956894 -2.7889541843991537 -2.815787494391475 -2.831836855080334 -2.8338970687113076 -2.8081562696388263 -2.736108971115145 -2.636918120067664 -2.52809568878912 -2.4164698308561388 -2.3062045504457678 -2.200776861041599 -2.103324629666586 -2.0165147803118364 -1.9431000731443593 -1.8867830717536729 -1.8486181591548299 -1.827074040976366 -1.8236681708048443 -1.8380195712663356
-2.597335215749225 -2.6373983661837905 -2.6784936703132542 -2.7161616610809443 -2.7452403760392197 -2.7641569566429838 -2.7740763666401995 -2.776745364463446 -2.773276328720314 -2.764075012477518 -2.7491857409943954 -2.7320175736631223 -2.7153441008065076 -2.6995144496553047 -2.684860184111669 -2.6717982378546354 -2.6624078000954507 -2.661696597429161 -2.6708809097964736 -2.689411352223811 -2.713976705644967 -2.7437702465757043 -2.7745118783449154 -2.8037025520619303 -2.8290465719859452 -2.8458147301759573 -2.854423635005846 -2.850835715888713 -2.7515708702078037 -2.6435559356301748 -2.532116559857097 -2.4203071595079013 -2.311476694715979 -2.209057476220992 -2.1163392666607552 -2.036169873096343 -1.9714128607338446 -1.9234392955790214 -1.8888407556758142 -1.8682126219219715 -1.8622661271186414 -1.870544801823791
-2.531854016769367 -2.5731584307367914 -2.616652829893985 -2.6593465284942344 -2.6968658354669595 -2.726648689757307 -2.748160813095207 -2.761623876033362 -2.7673712210908072 -2.766036364568099 -2.7582569039725997 -2.747925599906953 -2.7375050464686645 -2.727281661837749 -2.717590857510987 -2.7087305219557525 -2.7013249377159876 -2.700228792179945 -2.7078727860271754 -2.7214985352237493 -2.7394580407719933 -2.760421596855754 -2.7828852642582462 -2.8054827572351475 -2.825008748400477 -2.835626578409335 -2.8339447170788294 -2.8053802400359142 -2.727055563721114 -2.6251090413033795 -2.517177483404161 -2.4086742072707215 -2.3029723660352492 -2.204280610949777 -2.116518795029187 -2.043165600452369 -1.987058410456175 -1.9445443896946744 -1.91357948906467 -1.8945153822646001 -1.887759425199756 -1.8925129302534955
-2.458874774613976 -2.5012354519389146 -2.5484258931951054 -2.597520859514449 -2.6445003743775657 -2.685408839410791 -2.7185812692884754 -2.743534843784595 -2.7601672710693466 -2.7686303454028005 -2.769270628577574 -2.7656175155395677 -2.760695993291084 -2.7549819268230458 -2.7493906356222553 -2.7443693779540186 -2.7400186045041965 -2.7387403055584225 -2.744279418346766 -2.7522598489023737 -2.762352176805106 -2.7727051376330176 -2.7834960098795856 -2.7955368868369677 -2.806023835904284 -2.8081145311430404 -2.7935191661482404 -2.7539245527291256 -2.684141201112189 -2.592319181867226 -2.489790068237804 -2.384199533804971 -2.281228376417532 -2.1860852270931246 -2.103426785133105 -2.0376814414272535 -1.989252573565842 -1.9523107491104317 -1.926823325475569 -1.9119166097334295 -1.906750494962123 -1.9099606563143783
-2.3814926946059796 -2.425784069183181 -2.478159485726365 -2.5352307891486032 -2.5927316061838104 -2.646059154065948 -2.6922110560839974 -2.729590253877281 -2.75724881433013 -2.7750649118556114 -2.7836712933075796 -2.78606609000915 -2.7869840033894704 -2.786800048941312 -2.785839464210833 -2.784446454244726 -2.7828317251475645 -2.7818098823987065 -2.7847241546453843 -2.786700774630668 -2.787583113402234 -2.786433609811087 -2.784831589058132 -2.7839031348928676 -2.782624075037026 -2.7745167364114347 -2.751003898627971 -2.706981486037052 -2.640380190176864 -2.555061351156454 -2.457708109955181 -2.354932580245912 -2.253008263906228 -2.158618223203685 -2.079066048728941 -2.020871059686657 -1.981349784693342 -1.9543705584173734 -1.937007759457421 -1.927376653439726 -1.924458495400244 -1.927687543151636
-2.3003055594198543 -2.347794364906262 -2.407404545194063 -2.4743746099659187 -2.5432636955068855 -2.609448582946032 -2.668680340826449 -2.718685856439009 -2.7580690194094752 -2.786115754696364 -2.8039440793138244 -2.81396351113579 -2.8208493499849365 -2.825252295038298 -2.8277123695797646 -2.828793771860935 -2.828959440223216 -2.828597569107075 -2.829599431677836 -2.82512489170018 -2.814995928880013 -2.8026953612793104 -2.789953730615911 -2.7768452086558084 -2.762835595108055 -2.7442187958729742 -2.7136098495741936 -2.665603703444819 -2.6004297818407256 -2.519453664089206 -2.4261279502235618 -2.3254712492294294 -2.2232529703005333 -2.127188415579418 -2.0498816460771803 -2.001921335428626 -1.9753197533369977 -1.9608453306249802 -1.953111701917344 -1.9497558599083362 -1.9498913938900602 -1.9532154060159388
-2.2159019427318385 -2.268242788638678 -2.337888388965209 -2.4170258582188757 -2.498529187564382 -2.5773943343359744 -2.649654330731452 -2.711950938553071 -2.763015723338241 -2.8035395604833337 -2.83277549587681 -2.8509270109902465 -2.8624352285107846 -2.869937165737256 -2.874333183825838 -2.876387747493034 -2.8767610020950065 -2.8760021982897426 -2.8763136114142425 -2.8636596413434035 -2.8433479840618907 -2.821816683435245 -2.799188711190014 -2.7753400797170893 -2.7498534867876216 -2.721478519259842 -2.68436092324933 -2.633731907470741 -2.567917769190929 -2.4890754146283642 -2.3995265817112266 -2.3009812435084727 -2.1975896026164228 -2.097882350463428 -2.0200611132442448 -1.9845287096597777 -1.9769060269776408 -1.9773473755549777 -1.9796125515860834 -1.9823350270688085 -1.9853345064669916 -1.988719590019068
-2.128658162689565 -2.1889885988348246 -2.272999757701054 -2.366497846464653 -2.461210669557753 -2.552415062805146 -2.636727315059158 -2.711720670177571 -2.7766157871656736 -2.8294336092865957 -2.8689727384571206 -2.8950583886759693 -2.9111903874027507 -2.9203853404051014 -2.925075587945024 -2.926449193315815 -2.925090029959757 -2.9210713154031995 -2.9134372812667646 -2.8963538262066444 -2.8715979545227803 -2.843263076558185 -2.812565069041925 -2.779790546567982 -2.744889902040815 -2.70765919108634 -2.664432877307163 -2.611411240293405 -2.546050466191962 -2.4686056440056725 -2.381557576688796 -2.286949692199419 -2.186695365442472 -2.0868791062219536 -1.9934747731299296 -1.9807129501016778 -1.997067379193016 -2.0102636638945985 -2.020200032423336 -2.027419263059559 -2.032384032535474 -2.035434781243
