_RESULTS/CROSS_VALIDATION_POSTPROCESSED_CLR/MHZ/TZ/6comp/1/MHZ_TZ_z_125_kriged_reverse_6comp_spherical_1.asc
ncols 100
nrows 81
xllcorner 5.5967107548124995
yllcorner 50.982328804812504
cellsize 0.00017565037499993607
nodata_value 1.7014100000000001E+038
[rows 0 to 18 of 81, columns 0 to 42 of 100]
1.8454263669417392 1.8320996134242942 1.820198028191312 1.8106917416581794 1.8047517525953651 1.8036008305355853 1.8076188363246866 1.8163411189569885 1.8286018445877603 1.8429685656052024 1.8580407661010252 1.8725283699845972 1.8862888638753654 1.9001155882232252 1.9140237710799115 1.9277071787583455 1.9408047781150424 1.9530036646095996 1.964037651843134 1.9736871313198343 1.981778982270338 1.98245171719551 1.9782456155221568 1.9732509325043632 1.968389921993525 1.9638564319602227 1.9597763779636412 1.9559051135836336 1.952234889540525 1.9487959580279355 1.9456185712394856 1.9427329813687946 1.9401694406094843 1.937938712115697 1.9359730807451185 1.9343717418506685 1.933242548327158 1.9326665383191557 1.9326292688286533 1.9327496148155623 1.9329283514223063 1.9331012301519142 1.9331784817000275
1.819348168357621 1.8021893222523797 1.7869328692685584 1.7746558780981918 1.7668365820969878 1.7653389191253268 1.7710927636579878 1.7833905684846567 1.8003184305635442 1.8198979326471116 1.8404912846191954 1.8608041403790747 1.8801244183542474 1.8971990782871708 1.9129322681593983 1.9281592406270998 1.9425087952553726 1.9556424066423164 1.9672323781955492 1.9768687270998244 1.9835657228441121 1.9849995482525928 1.9817789181592176 1.9764901677537263 1.9709053534083112 1.9653927952283998 1.9602374370638476 1.9557184521438198 1.9520019356270037 1.9486040631157555 1.9454576886807446 1.9423371410331738 1.939228325913812 1.9363177279271038 1.9337731759828252 1.9317396774919366 1.9303354662198724 1.929648664886548 1.9296602743082185 1.9299895266949447 1.9305396473930336 1.9312378904690748 1.9319830327512235
1.785105912574172 1.7640518682326265 1.7452843899974129 1.7298283388188525 1.7192989696990493 1.7166694741797037 1.7245433146114792 1.7414807366481422 1.7638139339399341 1.788943366871656 1.815738479160851 1.8432117006424902 1.8698612258780152 1.8942347400202644 1.9149112257142789 1.931662454915774 1.9470015964832765 1.9607446712213046 1.972472743385749 1.9816437958011095 1.9874444106066311 1.98904936043937 1.9865979137275178 1.9813578534747287 1.9752794446615571 1.9689335982727785 1.9627013284058876 1.956924410107431 1.9519308211976778 1.9477371580119183 1.9438055543002075 1.939761689598372 1.9358255539806446 1.9322034388354807 1.9290817906571722 1.926622148223922 1.9249561451901611 1.924181176941138 1.9242567227255212 1.9248101080673161 1.925757731970724 1.9270162629747078 1.9284704986229677
1.7440130731850787 1.7192063043136645 1.697117938770727 1.6785255018027279 1.664487306316001 1.6585938607162998 1.6697491409933387 1.6931606545389402 1.721371862873545 1.7530606658908028 1.7870039600467402 1.821681258271031 1.8555835543738648 1.8872036164430128 1.915045766093304 1.93763666682633 1.9543565225661927 1.968515094192585 1.9802505201939746 1.9890526297339044 1.9943795636762254 1.9958507860723564 1.9935174806895533 1.988134470817706 1.9815432296602484 1.9743840657126661 1.9670978213456507 1.9600224855060278 1.9528706029328091 1.9459892524654112 1.9399419433857428 1.9349024467854847 1.9301324351739235 1.9257894002313323 1.9220827720558653 1.919194850764441 1.9172743544309478 1.9164306571193728 1.9165774891951821 1.9173735772253087 1.9187503608631888 1.92061110373459 1.9228231448360171
1.697282784056068 1.6690653890853264 1.6443186467071254 1.6237502256652092 1.6078511621904144 1.5974385153046402 1.6136707625075448 1.642744077107763 1.6768320057216295 1.714955602324548 1.7556237616583412 1.797268681914345 1.8382824374535873 1.8770480328145511 1.9119623716015508 1.9414519511562927 1.9639822304933665 1.9791032541083402 1.990828781259819 1.9993521990744283 2.0042892431497488 2.00542202610607 2.0027887008325056 1.9969729891693477 1.9897202130833966 1.9816666712078201 1.9731213896440145 1.9636902001012937 1.9538582352979044 1.9442492842338839 1.9354711387328374 1.928114602880596 1.9223710693386926 1.9172838634625884 1.912971534619424 1.9096422497248464 1.9074664566754123 1.9065689823243834 1.906781697248825 1.907843450680019 1.9096882416193082 1.9122020437254046 1.9152300594730325
1.6459020195619123 1.6146375259132266 1.5880479675077162 1.5672437727423294 1.553601280740302 1.550727913715188 1.5649660145778224 1.5941595951364531 1.632125533044914 1.6756273674131545 1.7225144423158287 1.7708716083635963 1.8188571080341833 1.8646763951090901 1.906583426718843 1.942886899647722 1.9719573914378983 1.9922359526462075 2.004244608207466 2.012508675985571 2.017015806199627 2.017621593924862 2.0143755205771314 2.007858048465552 1.9997553750563526 1.990496091392577 1.979567239327957 1.967471877753609 1.9548949497665329 1.9425039862413855 1.930948808975338 1.9208608668077913 1.9128510748655243 1.9069104811291926 1.901955555730021 1.8981576622713288 1.8957151120571012 1.894757212555468 1.8950288270203655 1.8963850953506214 1.8987462373968125 1.9019754608414685 1.9058894371619195
1.5906006905971974 1.5564153973001607 1.528377597557609 1.5080647764740343 1.497287617502236 1.4984884442159123 1.514770877549588 1.5455474701151486 1.586892779170216 1.635365422961012 1.6882478117356061 1.743204825558206 1.798100449548284 1.8509263396861595 1.899773886337038 1.9428237344378703 1.9783457339957933 2.0047084084272773 2.0203981390007515 2.0283800754971963 2.032366359571944 2.032253776282903 2.028118246441782 2.0206620942504885 2.011421890229445 1.999832384516165 1.9862394533035326 1.9713807168257442 1.9559800500394298 1.9407434040625988 1.9263583922635794 1.9134946407868147 1.902802764596619 1.8949104380148116 1.8892554566616415 1.8849436450663188 1.8822090101697024 1.8811408933761185 1.8814788852778574 1.8831665866175964 1.8861052005949395 1.8901272537563614 1.8950119971557151
1.5319633286054617 1.4946001060709762 1.4648919082256706 1.44473398861739 1.4358873319110863 1.4402862808989774 1.4603131274354177 1.4946173717128737 1.5402840667106201 1.5941280471925274 1.6532042596699899 1.714870526443384 1.7767303377626678 1.8365744058443254 1.892338690390222 1.9420788210695965 1.9839612368204773 2.016271943922074 2.0374416224901304 2.0467683561811305 2.050119014967182 2.049085034030869 2.0437857949732825 2.0351817897709576 2.023798251271671 2.009521367662039 1.993132107131352 1.9754062488114494 1.9571021319628958 1.9389575964130397 1.921691718341341 1.906007740952232 1.8925943577713633 1.8821230300974452 1.8751073058032381 1.870213108000274 1.8671427979263227 1.8658783650432045 1.8662926828381927 1.8683600880940008 1.871954847884112 1.8768670428677292 1.8828259428540293
1.4706188181112225 1.4294361814806071 1.3973660271527315 1.3766127076563621 1.3689696552391548 1.377116582361774 1.4015766259974864 1.4407974674171768 1.4920034748659692 1.5520399065193233 1.6178152892553093 1.6864802197649869 1.7554489254509207 1.8223603230963026 1.8850279921453985 1.9414005752463852 1.9895432287139398 2.0276460073699787 2.054059274732066 2.0673462049138895 2.0700249112543436 2.0678453253731846 2.0610974368501203 2.0507295690237877 2.0366288149836205 2.019505358596833 2.000193565807115 1.9795079975798726 1.9582353269687576 1.9371361840097554 1.9169518336441365 1.898411779031448 1.882239118524119 1.8691506467488495 1.8598486853728216 1.8541918365520902 1.8506658957984157 1.849128197532814 1.849632307605131 1.852144160359536 1.8564984165591534 1.8624246786683483 1.869584239147553
1.4074260799181737 1.3614376580804715 1.3259701633067391 1.3037143361420496 1.297284338160046 1.3093555082799653 1.3390988136163535 1.3844693963169186 1.4424512371551228 1.5096397629943816 1.582745373153671 1.6587643384972448 1.7349992090490793 1.80900831280223 1.8785246260665474 1.9412856188110204 1.9953241002480469 2.0388186229628844 2.070073202704231 2.087602701223722 2.0911199712420347 2.087752822587856 2.0795393788963654 2.0667584074318404 2.0497811022538035 2.0296592712810995 2.0073194365487192 1.983610962857179 1.9593381018765266 1.9352708211000864 1.9121591821059123 1.8907477213303534 1.8717870275451485 1.8560391401020548 1.8442720707910856 1.837122456479018 1.8329131811593684 1.8310390123584481 1.8316454962570197 1.8346877211527062 1.8399406065903339 1.8470446434662073 1.8555658936697588
1.3436457358445004 1.2915274340660075 1.2512618558938442 1.2264041722246461 1.221227100600602 1.237530892934092 1.2737004162715326 1.3266162453793267 1.3926544105369483 1.4679576354045323 1.5489860210619049 1.6326376386930312 1.7159757626276817 1.7963642401307574 1.871743923707704 1.9401347272742706 1.9995729749196745 2.0481051525205394 2.0838593186475753 2.105195725173861 2.110887081156607 2.106170172312098 2.0962200535229587 2.0812202178389367 2.062009340385804 2.0394612592165635 2.014342087587789 1.9876022659611077 1.9603542954811088 1.9333604030523728 1.9073611375241617 1.88309990874892 1.8613428185792165 1.8428870488432263 1.8285671588977115 1.8191519951930435 1.813997151174311 1.8116910024864183 1.8124202656529778 1.8161183696071532 1.8224615930305335 1.83095455288049 1.841031981178401
1.28115602085495 1.2212894009029946 1.1743700172526852 1.145667635370427 1.1413054368295894 1.1625169888940645 1.206608633320565 1.2688641833206797 1.344304111936319 1.4285624197767108 1.5176896694271829 1.6080805643610598 1.6973150701250712 1.7833128081904706 1.8641345319353315 1.9378581593085726 2.0024823558281337 2.055885948139747 2.095907983523599 2.120608121556827 2.128626886720634 2.1225296034649928 2.110305617621382 2.0928328067977047 2.071280682293314 2.046625754991647 2.019653451493188 1.99100145648858 1.9612165960196597 1.9314185096491665 1.9026440497643382 1.8756077140317724 1.8510541245916834 1.8298209866211859 1.8127919731158686 1.8007275265684015 1.7940983607639782 1.7912331696056105 1.7921268244307302 1.7966734524707964 1.8043783219053406 1.8145311475523396 1.826384381956842
1.2238106724150857 1.1544995649829872 1.0983537658266243 1.0636463866994754 1.0593277122324478 1.0868656563006875 1.1411957558249148 1.214659750805361 1.3004984623369924 1.393159895994864 1.4888954460803143 1.585147947036467 1.6796550016196687 1.7705879906670456 1.856226702138085 1.9347975294054456 2.004325426637616 2.0625035741657474 2.1067022681043976 2.134368132499518 2.1438421407888564 2.136550328847152 2.121480075379184 2.1012417795578457 2.077261711639521 2.0505774365202227 2.021937637013711 1.9919059816732803 1.9609384599218096 1.9294376689687165 1.8981223403486258 1.8684384093996917 1.8411695732002225 1.817129212760053 1.7970922159770661 1.782154368954157 1.7734660882782045 1.7698343886998573 1.7709620364893062 1.7766639722188269 1.7861240422155067 1.7982821862664151 1.8121489569197382
1.1763470593028242 1.0957801705532413 1.0266748612848793 0.9816116314389873 0.9760370208877536 1.0131708517956426 1.0817568141730791 1.168692047682851 1.2646046716684665 1.3644170784721859 1.465409673459053 1.565806234375739 1.6641055025037395 1.7588367212853615 1.848280128875008 1.9309036373441153 2.004893371697244 2.0678476108107806 2.1164687905114783 2.1468975543812423 2.156699320958462 2.1476164847997956 2.129044950087926 2.105793588274535 2.079461363968762 2.051017237763626 2.021078396383826 1.990076651594519 1.9583492812477659 1.926163773788627 1.8938139093107877 1.8619057270610075 1.8321022646574612 1.8051420979101256 1.781957373781657 1.763829389584255 1.752437908446468 1.7476681348819032 1.749158840992942 1.756540649934562 1.768331282986817 1.7829029541402375 1.7989918594024479
1.1442686771682427 1.0522423899931208 0.966389139257307 0.9022531719191789 0.8922765417136287 0.9471886808594193 1.0355878219544237 1.1358992422257315 1.2402251588551094 1.3454984652396251 1.4500240924942842 1.552639060153231 1.6524857117476042 1.7486666996356592 1.8402317243756028 1.9256198215017926 2.0032101520409094 2.070879932433372 2.1248417559890598 2.1584952456470137 2.1671931355328153 2.154420529000862 2.1316600169919293 2.105463233010601 2.077212006471508 2.0475801133141323 2.0169498104774957 1.9855762822988288 1.9536259967789729 1.9212825206790398 1.888757850428159 1.8562339815249667 1.8242200895004925 1.7945654528157717 1.7682536045207409 1.7465626887300396 1.7315934770687123 1.724921735511284 1.7270551153111335 1.7370898944561555 1.752007251529153 1.7693645419742376 1.7877413236770965
1.1338513410368558 1.0345362864308467 0.9342969617817827 0.8396682530030102 0.8130277969612814 0.9070750819237183 1.0147000143788303 1.123619026618431 1.2320849689066908 1.339214745650422 1.4443125512645376 1.5467435534979754 1.6458977157918624 1.7412108403461377 1.832118056962006 1.9179294398220053 1.9973264258120746 2.0686654253485486 2.1293607423686405 2.1696096204963116 2.17311596175444 2.153867394405625 2.127193371596138 2.0991467755866924 2.0702068904335653 2.040537071055287 2.0102159232432966 1.9792700785596016 1.9477601533079774 1.9157942987479069 1.8834255047265285 1.8508026209151858 1.8181461512527486 1.7863891437825652 1.7573592486853717 1.732007342888694 1.712286475906578 1.7018436374642378 1.705402796423395 1.719979711709286 1.738807536204742 1.7589632909948114 1.779349517842484
1.1494144053812174 1.0520545170462876 0.9544065390819805 0.865500584850412 0.8438440639882734 0.9289118250538126 1.0321961530166965 1.137859045776456 1.2432532636928584 1.3472803728715235 1.449202146333876 1.5484044210684327 1.6443294160882167 1.7364499299253748 1.824253855395838 1.9072396168523436 1.984898251981911 2.056020448177815 2.1194490391107363 2.171637395084998 2.1637073823662525 2.1412063468671567 2.1142354082570805 2.0868665277253244 2.059047190036327 2.030708029063106 2.001769594230408 1.9721511838880466 1.9418152643075126 1.910799964835189 1.8791901221221605 1.8471115343924986 1.8147281002467621 1.7822456739818606 1.7512280084500664 1.7231639404742638 1.6986289518041031 1.679370481316246 1.6875955048403244 1.7089740872270172 1.731132592904315 1.7531487091663953 1.7747253258660036
1.1902079076684808 1.103470270634538 1.023272759645026 0.9652772496029687 0.9574514808815766 1.0066349380211315 1.0865160083746361 1.1780046433419415 1.27342504264948 1.3695098225621352 1.4645533262086026 1.5574731843262417 1.6474693839041343 1.7338802008280578 1.8161030440419537 1.8935211377391452 1.9653782427428206 2.0306605644142195 2.0863285583639652 2.1231776512480676 2.1299116192832073 2.114794071725846 2.0924473524362672 2.0685964449064325 2.043807833337766 2.0181846133048222 1.991655692386281 1.9641895713773705 1.9357952948925217 1.906524024791067 1.8764730573109574 1.845784884447942 1.8146449070021835 1.7832813984723177 1.7522393864300245 1.7238456324787717 1.6994535811454952 1.6819689971260856 1.688945147627732 1.7092778324157154 1.7310790805113694 1.7529330265285392 1.7744315614039776
1.2507646121592355 1.177979166859105 1.115851753841568 1.076431466626925 1.0721552928570728 1.1042339193598312 1.1631758614929582 1.2373866183557576 1.3191072502964927 1.4038921722723958 1.4891384871728008 1.5731874133071426 1.6548691251360061 1.7332676645238678 1.807575238409194 1.8769574165736902 1.9406966401387806 1.9976783264448903 2.044858363562724 2.0759377638140655 2.0867640585317617 2.07904694588244 2.0635350535634576 2.0451218893790903 2.0248797118451534 2.003163854341822 1.9800708108068088 1.9556704464504602 1.9300345084476207 1.903269889533653 1.8755328492637973 1.847036835506293 1.8180631203202968 1.7889872041114385 1.7603518545612795 1.7342711147728345 1.7143562487329973 1.7037817485488478 1.706614496672118 1.7202481957780622 1.7384336060975925 1.758226172315895 1.7784255554522301
