_RESULTS/CROSS_VALIDATION_POSTPROCESSED_CLR/MHZ/TZ/6comp/1/MHZ_TZ_z_355_kriged_reverse_6comp_spherical_1.asc
ncols 100
nrows 81
xllcorner 5.5967107548124995
yllcorner 50.982328804812504
cellsize 0.00017565037499993607
nodata_value 1.7014100000000001E+038
[rows 0 to 18 of 81, columns 0 to 42 of 100]
1.1156992494445135 1.1067306763974918 1.0982306881776231 1.090722105860254 1.0873670484081746 1.0939724006280689 1.1108254246500082 1.137401435841709 1.1726621650705396 1.215468730198438 1.264854801974825 1.3200784182033365 1.3801499522124228 1.4438663768815545 1.510579319680913 1.5796193092678328 1.6503292835046715 1.7220759341434586 1.7942445762643398 1.866236001146759 1.937464416782095 1.9200556625389966 1.8533783511473372 1.786686006845377 1.7212220805433964 1.6574774884584769 1.5959305527209016 1.5369908964406047 1.4811120614300943 1.4287546346497761 1.3803792030600504 1.3364463536213191 1.2974166732939811 1.263774771227538 1.2361019889158456 1.2147739339845405 1.2001555427735486 1.1926448034826285 1.191656904700393 1.191508566242846 1.1912882555101614 1.1910751651965465 1.1909799449421399
1.116294793706628 1.106958938929797 1.0975456297153199 1.0886194052779596 1.0834410113584672 1.0885588102213177 1.104881510832103 1.131692547377628 1.1672797771597825 1.2100479318226924 1.2588900325463857 1.3130888573018484 1.3722269902293276 1.4358755021586218 1.502722998730937 1.5715067985421913 1.6414140949022968 1.7114590214347238 1.7801266423074253 1.8439218831667097 1.8898330685518347 1.8837240696566133 1.8353808310084307 1.775306077656055 1.7130505131474587 1.651138631964721 1.5907528396916117 1.5326861384925652 1.477565358791286 1.4258330516588937 1.3779820345699998 1.3348198839553573 1.296882676699222 1.26445273004274 1.2378311972014198 1.2173446097865614 1.2033506219648258 1.1962426847835903 1.1953164872003055 1.1949106507246146 1.1942325719791986 1.1933719175979995 1.1924534552576602
1.1224119104125472 1.1129057894629861 1.102617915734642 1.0919780808885684 1.0838651340884478 1.0861713422246235 1.101686967348476 1.1290221674462453 1.1647964499808727 1.2068931778670395 1.2543551014532628 1.3066375199089528 1.3632523954526514 1.4237636566844816 1.487712181279 1.554067404465715 1.6204733661125266 1.685178431499783 1.7453854481625304 1.7956451491239065 1.8255445152367424 1.8236430296075734 1.7923639918635277 1.7444347135405824 1.6898040064574118 1.6329047673338863 1.5760038647936465 1.5204783401837152 1.4673045217144194 1.417639483515865 1.3723917669683234 1.331776849149781 1.2960964354837847 1.2656478131807796 1.2407374873184724 1.2216924479479438 1.2088694986803172 1.2026626602321002 1.2019769046154638 1.2012948018703755 1.2001267606936263 1.1985754954399934 1.1967830046514478
1.1342413442222372 1.1250230127476957 1.1142898168494453 1.102117769688134 1.0901192736503231 1.0869422711007584 1.1021341356711507 1.1310276509490242 1.1665163251309556 1.2070945418568877 1.2521823801181042 1.3013361721347196 1.354146895159552 1.410164544574493 1.4688328833011013 1.529399754285144 1.590431882017477 1.6482973330247057 1.6995711949183452 1.739432796065429 1.761626736634502 1.761369646293858 1.739499119878475 1.7018736527430742 1.6556558294969348 1.6051914216703123 1.553205421021976 1.5015787817431494 1.452414809543718 1.406722341240424 1.3650579555045712 1.3278093963766713 1.2951427500176906 1.2673675149449013 1.2448026530807466 1.227780209999218 1.216659350018129 1.2118375020178944 1.2114423274873973 1.2104610694206037 1.2087640459762448 1.2064704944044427 1.2037439326515817
1.1518320197046905 1.1436308535512196 1.1334123529846516 1.1210422576934738 1.1068598152399889 1.096406468841698 1.1123740594938567 1.1411127716474239 1.174353391312189 1.2117658082518632 1.2530111076027954 1.2977405666798687 1.345553648422968 1.3959532455733346 1.4482875959628818 1.5016666670113827 1.5548377307652292 1.6055891606519899 1.6491950083560174 1.6817580369850298 1.6995105786042233 1.7000385905789785 1.683691758173166 1.6536088739576296 1.6148302696009629 1.5708716942601237 1.5245356006751611 1.4787883202368584 1.4350087229454653 1.3940663594202902 1.3566246966078537 1.3232147831109837 1.2942146230910665 1.2697469247561837 1.2501201093238639 1.23566986720297 1.2267563997718245 1.2237801077191495 1.223516620158851 1.2222079029317638 1.2199340137106984 1.2168355013583192 1.2131031692966707
1.174948144681589 1.1686089159447937 1.1600971069054082 1.1494915013388656 1.1375748019874152 1.1313589848507308 1.1402735564365936 1.1614563649452965 1.1891484871114728 1.2213354760043273 1.2572304515220512 1.2963198956683215 1.3381122588599408 1.3820342775148704 1.4273587304113475 1.4731322726371598 1.5180952373408292 1.5606064228468253 1.5978183381704179 1.6250696621196978 1.6398365160243547 1.6407135169501106 1.627858723258632 1.6032383813974906 1.5705811167998422 1.532772743295891 1.4932979018480874 1.45397296745966 1.4160093982783812 1.380337486242452 1.3476815855327533 1.31862016103704 1.29363220053413 1.2730238950209003 1.2568768769418706 1.2455095846666555 1.2392765188855193 1.2383379994006796 1.2380032074246015 1.23633147114741 1.2334211275773652 1.2294407869182518 1.224616419898101
1.2030123098463297 1.1992672721423656 1.1933420943292972 1.185519819199834 1.176850003374671 1.1711685427735061 1.175492472361066 1.18931809419418 1.2099630547890103 1.2355044577368768 1.2648640019107809 1.2973401054342193 1.3323295485119775 1.3691862715360217 1.407138700924695 1.4452314355365745 1.4822840456182511 1.5168809131834287 1.547428934984585 1.5705813101858932 1.5830842615858947 1.5840247988919982 1.5734730423114702 1.5529000887688957 1.5253063327491772 1.4940796349915413 1.4612977756158767 1.4283432538699983 1.3963566940100678 1.3662572226275496 1.3387805478233108 1.314518880495637 1.293957746399195 1.2775097048868995 1.2653316093391571 1.257517585712741 1.2544034950151772 1.255121473751677 1.2547048649502122 1.2526246043618277 1.2490024689178365 1.244044886388819 1.2380239519149412
1.2351767164333516 1.2345419498470636 1.231620061270422 1.226636883597894 1.2203520310295037 1.214347819070474 1.2144221262804484 1.221828471502692 1.2352917426861558 1.2535470173282979 1.275641841844966 1.3008500411868775 1.328522733058321 1.357979615188745 1.3884410560844433 1.4189891788138678 1.4485556017605858 1.475945463300682 1.499916288074192 1.5190497299292547 1.5296695828606168 1.530456023913448 1.5214359754491338 1.5039652750454222 1.481487893112981 1.4563329917711956 1.4297630726577002 1.4029503440395352 1.3769179747122924 1.3525261241509512 1.330481817876265 1.3113593621999546 1.2956250868993515 1.28366484088862 1.2757903900096716 1.271964096044351 1.272375525514856 1.2739340654244202 1.2734233773306887 1.2708750937140267 1.2664441929734767 1.2603894216781864 1.2530444818480522
1.2704485989349976 1.273281724883363 1.2735319415073967 1.271180710819585 1.266604704939661 1.2608136887262131 1.2565017584763383 1.2577123427509747 1.264014676554708 1.2747170097365015 1.2891599571133403 1.3067322414164642 1.3268216098423185 1.3487621798195892 1.371798538175915 1.3950704802068348 1.4176217840564243 1.438440163795972 1.4565365502351442 1.4710648212460335 1.4799704271084164 1.4804208077067595 1.4723960161153207 1.4579206625699963 1.4402657347516117 1.420504899639634 1.3996419146773627 1.3786563949066113 1.3584415434316661 1.3397743556861799 1.3233073153509856 1.3095728127187145 1.2989955036889518 1.2919115566872128 1.2885962885633435 1.289152032357508 1.292684954267601 1.2945803210741778 1.2939589550238253 1.2908628454422446 1.2854957894646808 1.2781910790802615 1.2693662051856056
1.307771583532112 1.314389864932781 1.3179660025268873 1.318120280150649 1.314949509624761 1.3091853738508303 1.3015788534350237 1.296406947719993 1.295415542923523 1.298385355087111 1.304977173069997 1.3147561291243404 1.3271974940409192 1.341683819476948 1.3574889875340155 1.3736544468323013 1.389392931358569 1.4039501150112206 1.4165927217002237 1.4267045513448113 1.4335259191249117 1.4337357421457004 1.4267358918986326 1.4156965655916043 1.4022593397859602 1.3872954521434597 1.3716507168107768 1.3561429263965457 1.3415419902755317 1.328535281607563 1.317708840838245 1.3095393846759893 1.3043943790031853 1.302540701663418 1.304165801652694 1.3093798806582833 1.3147433408363525 1.3173799407090763 1.3169418690769228 1.3133699268987238 1.3068848339112273 1.2979328983710265 1.2871119453893736
1.3460256918888625 1.3568092131628775 1.364000548689345 1.366728131376914 1.364833743413104 1.3586730521895278 1.348969822920122 1.3375227962970353 1.3289358365812183 1.3239827891274771 1.3226251991721512 1.3246054787878185 1.3292361702935118 1.3357163072588996 1.3436071610682114 1.352372212690233 1.3613980930890117 1.370035173942019 1.3776616922863263 1.383770674142133 1.3880571465056482 1.3880638843109874 1.3827776460392363 1.3754855730051678 1.366710343748737 1.3568418675242981 1.3463232931597375 1.335935739561928 1.3267048960493182 1.3192360209164837 1.314048664323036 1.3115614042205281 1.3120792484594241 1.3160888919525011 1.3240694307692822 1.3342017130544155 1.3419798998904497 1.3461324750284112 1.3462054045283522 1.3421509482917515 1.3343036800001544 1.3232778225235737 1.3098416440043161
1.3839439905769044 1.3993433865843388 1.4106196933239468 1.4162661564677137 1.4155760926192986 1.408551002113399 1.3962739759444684 1.3804359068052143 1.3639618271627334 1.350893155426628 1.3413365540037052 1.3345495349082943 1.3303954410856487 1.3286287907459347 1.3288807461057446 1.3306862905993537 1.3335064770482299 1.3367589822832733 1.3398731639598236 1.3423809021422877 1.34402477225815 1.343574040553801 1.3404003216322777 1.3364615275529566 1.3319644858610054 1.3271878076970338 1.3224440727108033 1.3180487845867326 1.3143029516147204 1.3122004421208173 1.3125905267305633 1.3161640072308518 1.3240678400780936 1.3360936129345111 1.3511197463241675 1.364788679935915 1.3753116616584329 1.3812030571885932 1.3817825799314407 1.377031915283863 1.3674867167012612 1.3540266444809492 1.3376553959418962
1.4189582045254339 1.4393457379413501 1.4554643404519576 1.4647886486229944 1.4653469927697604 1.4567393250396323 1.440971098759622 1.4209424408950024 1.3990332830902423 1.3773602160395062 1.358497321312865 1.342682597162479 1.3300488128077834 1.320408100380849 1.3134507172733534 1.3087824832608446 1.3059336876302294 1.3043651884021594 1.303499027989196 1.3028214315215618 1.3020620715126043 1.301153398448477 1.300021178697616 1.2990751735427175 1.2984852887063676 1.2984385450137095 1.2991332573027201 1.3007709599949693 1.30354270668942 1.307619249674368 1.314665575745377 1.3264311514657368 1.3427334657321988 1.362765219563835 1.3826386277565197 1.4002925270776772 1.4140773857010123 1.4220430393408043 1.4231002785192612 1.4173042552020614 1.4055743924718014 1.3892221871442856 1.3695632445834545
1.4484475927200176 1.4744042828230666 1.4967095942939102 1.5113489153614823 1.5134500454997224 1.501766561102778 1.4807876737525436 1.455565753495983 1.4280767762803181 1.399652727702483 1.3722931465350567 1.3484898591534806 1.3281499212957921 1.3111144499519898 1.2974273036154482 1.286791438134178 1.2788247355532374 1.273038884686843 1.2687993571214562 1.2654043397006718 1.2625034887774602 1.2614367476873527 1.2620043220539374 1.2637260910086152 1.2667316847091048 1.2711087376020351 1.2769411308940946 1.284322422432319 1.2934422312690612 1.3060689122860887 1.3225446021730534 1.3427144518643934 1.3670417688248293 1.3924303379705394 1.4171936593621972 1.439614240759526 1.4574983239995984 1.468093231648172 1.4695390844874328 1.4620869968265937 1.4474612466465129 1.427674031270898 1.4043970593864519
1.4699649505898913 1.5014396175569698 1.5313291537123928 1.554648101845785 1.5593570625570965 1.5411217367555239 1.5125132895255722 1.4803293167836742 1.4469827637637993 1.4138040474789988 1.38151917462734 1.3508803133351264 1.3239092946584916 1.30069820230617 1.2809465048419444 1.2648227746935445 1.2522469761701056 1.2428541845263665 1.2359855582940495 1.2304813734855542 1.2260012285434314 1.224693699037335 1.22662557430714 1.2307698079999816 1.237147092576729 1.2457108431361887 1.2564204540828592 1.2693592899240997 1.286524367275994 1.3083761617765381 1.334458966163473 1.363333980734632 1.3927224759815153 1.42300954705997 1.4530874927347122 1.481172231452144 1.5044942597732287 1.5187704904919055 1.5203476193748289 1.5100851399199022 1.4915795933581906 1.4678488088032704 1.4407815266793598
1.4807889110357313 1.5159756578883983 1.552389027039313 1.58880772718238 1.6008941753552726 1.5672996831648787 1.5296592424744675 1.4916116324493311 1.4540453538444182 1.417451259960692 1.3822117041635023 1.3486666626651187 1.3171395446627208 1.288532521947815 1.2638946078887572 1.2430235500274567 1.2261902819814143 1.2136230012515121 1.2049618223833418 1.1987428913808473 1.192713673406419 1.1909021771399193 1.1939983097848073 1.2003145140539901 1.2097246002594098 1.222091549104512 1.2373170279771675 1.257277875694304 1.282960492241988 1.313655365947938 1.3472184779235388 1.3822545307832004 1.4175673274347518 1.4526363537929707 1.4880188961171399 1.5223723724858316 1.553026447751425 1.5734063823937654 1.5742602988373826 1.558916643401643 1.535561966724745 1.5078078670801434 1.4771778807861062
1.479018692946481 1.514070181671689 1.5500330730429828 1.5846885709031888 1.5952068386790326 1.564625544386587 1.5264745264730946 1.4872831090018834 1.448314874196362 1.4101721605342727 1.3732926961660572 1.338060698089778 1.3048468785481144 1.2740255575945976 1.2459785353064525 1.221267209586688 1.200704196857101 1.184851043879114 1.1743920830796406 1.1694405800872587 1.1610058058790733 1.1589874224598553 1.1631045485953564 1.1714640724498773 1.1837801332156037 1.1997964786535553 1.220559372675191 1.2478926308715146 1.2802849834739087 1.3166109316677579 1.3557702532095868 1.3966274307706776 1.438007937353235 1.4787020687546917 1.519006529829426 1.5589814090829353 1.5975549551604105 1.63046939842948 1.6267495944353043 1.60361537519318 1.576121883792298 1.5454171398235503 1.512084839186983
1.4648276744485722 1.4961381485515934 1.5255369872300724 1.5480413820336096 1.5530025889997268 1.5349376576887337 1.5039395189980151 1.4679615840219957 1.4302972166517727 1.3924303654544543 1.3552047538450558 1.31922034855921 1.284984765323388 1.2529777603831291 1.223675787213761 1.1975487838624288 1.1750258659984563 1.156655889253808 1.143562343071575 1.1346872297871688 1.1285227423099133 1.1282370945863156 1.1341018811149555 1.1447600838693135 1.1597687299730177 1.17897882169646 1.2047823969494842 1.2368302565733118 1.2740594573823025 1.3153804162366356 1.3596691654907147 1.40575808781021 1.4524260997922893 1.4983875516009397 1.5425847484578363 1.5857958610801823 1.6267243214763407 1.6594021008389541 1.6585883823571428 1.6374383095930547 1.6103459037709742 1.5790711727497688 1.5444033854502544
1.4403170828808254 1.4664449890172766 1.4889497956559266 1.504113778615763 1.5064548443947765 1.4931683196337429 1.4683126168658287 1.4367812622010727 1.4018782769318 1.3655471683711953 1.3289853267672511 1.2930260125484827 1.2583371915520283 1.2255227227087755 1.195168943272712 1.1678537785424832 1.1444641540776237 1.1253081525548947 1.1103445632998898 1.1003117081713294 1.0953177114374855 1.096868470794989 1.1042694519692506 1.1165316779589878 1.133231970861399 1.1558690272375278 1.1859229244051637 1.2223413764322963 1.2640467662736699 1.3099292855738187 1.3588308146871302 1.4095236319611413 1.460680472709482 1.5108244359715592 1.5582248629448527 1.6020294142580855 1.640584157526897 1.6669987090191525 1.672905201552498 1.660848574036499 1.6381655947052582 1.6085062204811282 1.5737422564539472
