_RESULTS/CROSS_VALIDATION_POSTPROCESSED/MHZ/IZ/8comp/2/MHZ_IZ_z_710_kriged_reverse_8comp_spherical_2.asc
ncols 100
nrows 81
xllcorner 5.5967107548124995
yllcorner 50.982328804812504
cellsize 0.00017565037499993607
nodata_value 1.7014100000000001E+038
[rows 51 to 67 of 81, columns 0 to 39 of 100]
0.000325309952412456 0.000323968799809634 0.00031588203894410984 0.0002926236245501901 0.0002582015758864042 0.00021796926936299462 0.00017687639489195054 0.00013865376236642905 0.00010553640232262349 7.840836114439298e-05 5.716799548721979e-05 4.100589044043345e-05 2.8612078101162642e-05 1.8955102043981464e-05 1.2019402816079525e-05 7.5487922524652675e-06 5.138352546865053e-06 3.9581152574078405e-06 3.7106321384268534e-06 4.595007136193135e-06 7.211335683174396e-06 1.2536926332640499e-05 2.2890525655805107e-05 4.2920441433354696e-05 8.158811536527596e-05 0.00015622404529655454 0.00029850530067764453 0.0005572763240881082 0.0009936553148257707 0.001596967329425176 0.0020978377908440478 0.002099958646639081 0.0015380012850340161 0.0008494174624357961 0.0003858048297914518 0.00015877025557006947 6.448580289893868e-05 2.769864753650502e-05 1.2717080943042439e-05 6.131428380556716e-06
0.00029631495636000567 0.00029538878521920606 0.0002901757575238487 0.0002719994249817139 0.00024337705007669566 0.0002087703936250071 0.00017248226372839216 0.00013792170022138798 0.00010729195739614949 8.163790544035932e-05 6.110586755266255e-05 4.5261807501168436e-05 3.317492439826462e-05 2.366115720613686e-05 1.6256658670740595e-05 1.1047281926781223e-05 8.139787131839202e-06 6.833960957198637e-06 6.823720120786565e-06 8.366481761619993e-06 1.2149847842052746e-05 1.927487149590747e-05 3.2190471387788506e-05 5.515599378447597e-05 9.515858667103612e-05 0.0001628508126367745 0.00027304032735423855 0.0004419879419866799 0.0006715807743912352 0.0009090651846558866 0.0010083881523090005 0.0008785727876589386 0.0005903996187055097 0.0003124757103929016 0.0001384062504101512 5.567307596771832e-05 2.2582488465029518e-05 1.0210498475608554e-05 5.115567330999276e-06 2.7373995892518745e-06
0.0002751249563159256 0.000274515006432851 0.000271696651548288 0.000258314494799834 0.0002349538262893207 0.00020532442002845424 0.00017318947164845252 0.00014169706799503518 0.00011304046625839706 8.842437446083663e-05 6.81538122277992e-05 5.1763429611987565e-05 3.8933948165403764e-05 2.9204354633182958e-05 2.1639874951840208e-05 1.589938367022297e-05 1.2479244089415921e-05 1.1097127118958918e-05 1.1448253819620144e-05 1.38988200649243e-05 1.9055254460958563e-05 2.794622897172353e-05 4.2824828987290504e-05 6.710934414355049e-05 0.00010557269304762805 0.00016386159253163675 0.0002463450549405968 0.00035106123880729404 0.00046224368522095565 0.0005419027197444602 0.0005258649648465039 0.00040959769309357276 0.00025323090633238605 0.00012582289897901172 5.1881362348104504e-05 1.9076551572840466e-05 7.4940407766791225e-06 3.68081828975542e-06 2.127560964047857e-06 1.3325682830145321e-06
0.0002607689289808447 0.0002604091952233825 0.00025924623744861386 0.0002505576473549307 0.0002321908833218186 0.00020719597717706596 0.00017886392557023764 0.00015011669812503025 0.00012312228171166737 9.885396038017412e-05 7.796260319074836e-05 6.0716524192835595e-05 4.6986012064738864e-05 3.6406811358293184e-05 2.8516131985296223e-05 2.2535719155187244e-05 1.8494372657668395e-05 1.6997556487050725e-05 1.7782082410778346e-05 2.1310484532587387e-05 2.7962883945674043e-05 3.853473047484284e-05 5.4873186761634743e-05 7.931961177784407e-05 0.00011435105817824865 0.0001615177485269687 0.00021934356827382927 0.00028044838728850897 0.0003297607859679801 0.0003460083906202522 0.00030383409260626413 0.00021739474312277023 0.00012579359297968534 5.8635699698777064e-05 2.2018284038590186e-05 7.018386014574653e-06 2.4201157684595814e-06 1.4205887546390727e-06 1.026731845284186e-06 7.556530210736783e-07
0.0002526737712052377 0.0002525221308899759 0.0002521024592496176 0.00024802204313339055 0.00023464420870297474 0.0002142403858193989 0.00018953522402062248 0.0001628816515479509 0.0001365087212893753 0.00011206340153185329 9.055366679204988e-05 7.242687802177734e-05 5.770889128073594e-05 4.615641359013583e-05 3.7391725265381966e-05 3.1005630864938684e-05 2.6590389786716766e-05 2.4909470171926106e-05 2.6144761868975005e-05 3.081792962607251e-05 3.89616221019247e-05 5.08990073307106e-05 6.789844760603228e-05 9.115432691666975e-05 0.00012122462821651017 0.0001570488527093491 0.00019470142731543554 0.00022660613075160428 0.00024259534586058043 0.00023376866296697838 0.0001923058776229619 0.0001310044497520612 7.319334242234946e-05 3.2802984246517034e-05 1.1897256977025598e-05 3.6004080860956675e-06 1.0754952580003497e-06 7.899291473998671e-07 6.474424400916953e-07 5.205128480584964e-07
0.00025056334551982464 0.00025056334551982464 0.00025056334551982464 0.00024968206834141563 0.00024094684800068312 0.00022441086535881914 0.0002024684945203327 0.00017764739994129112 0.0001522185443402649 0.00012795625935140277 0.00010605285890236741 8.71545192654157e-05 7.146981715129623e-05 5.890517051593758e-05 4.919423349046919e-05 4.200335083196741e-05 3.700757159934911e-05 3.4793272092804604e-05 3.6364855901501785e-05 4.203273828905974e-05 5.145274241478362e-05 6.419435787626331e-05 8.08859982847704e-05 0.00010171015356543108 0.00012589995412387296 0.00015113935595768794 0.00017318453951932985 0.0001862792822558509 0.00018489768489124593 0.00016657937833103724 0.00013168113040915006 8.782095374723234e-05 4.829750627089954e-05 2.181846444663037e-05 8.340478729721209e-06 2.9848867884998536e-06 1.237503901056477e-06 7.413716797108078e-07 5.538919571508667e-07 4.4192632020443196e-07
0.00025056334551982464 0.00025056334551982464 0.00025056334551982464 0.00025056334551982464 0.0002464817753999727 0.00023423189142673102 0.00021583346693793498 0.00019361624945816744 0.00016981339020189664 0.0001462892680096456 0.00012440718898603146 0.00010501848529422145 8.853403032804534e-05 7.503619914678663e-05 6.439759108484368e-05 5.638541711828159e-05 5.074221270300609e-05 4.733414644872512e-05 4.810344010272447e-05 5.4072712038803034e-05 6.43592518823198e-05 7.719054878994441e-05 9.26030523764452e-05 0.00011003902883794341 0.00012802776416083545 0.00014399102088225003 0.00015442842119285782 0.00015574245645663437 0.0001456830302840953 0.00012481688314749565 9.63693638768441e-05 6.386098279475114e-05 3.538283390080907e-05 1.6811454652322896e-05 7.1740411419021616e-06 3.050392613767422e-06 1.4550372741797507e-06 8.462875886938535e-07 5.839448212466926e-07 4.4653265869553864e-07
0.00025056334551982464 0.00025056334551982464 0.00025056334551982464 0.00025056334551982464 0.00024992440755739934 0.00024264847917503544 0.00022861919831233102 0.00020988012976686014 0.00018854618609566746 0.00016651108506604087 0.00014527316120541126 0.00012587668314060206 0.00010894141092149987 9.474452375291963e-05 8.332233388798379e-05 7.456854430631303e-05 6.831618363204501e-05 6.439872005860886e-05 6.32803093073721e-05 6.776481716017709e-05 7.726681801429442e-05 8.880127540484061e-05 0.0001017990410623491 0.00011520075070345729 0.00012720022141788522 0.000135464520076383 0.00013758848833954153 0.00013178222388644106 0.00011781381205142104 9.760932668568158e-05 7.462074800078365e-05 5.013991507320684e-05 2.8938446090922136e-05 1.472487385669826e-05 7.012187025523772e-06 3.373993004188555e-06 1.755167417301888e-06 1.0333512274440896e-06 6.897828734622031e-07 5.097270879214862e-07
0.00025056334551982464 0.00025056334551982464 0.00025056334551982464 0.00025056334551982464 0.00025056334551982464 0.00024849108121305466 0.00023958951003852114 0.00022522823203315395 0.00020731096415221333 0.00018767917920269308 0.00016790631363411193 0.00014919470964990352 0.00013236110853290828 0.00011788315018605962 0.00010597755247518338 9.668614010504265e-05 8.995413658124278e-05 8.569285155965017e-05 8.382443539732669e-05 8.560192593982252e-05 9.32921693732631e-05 0.00010250368349494738 0.00011195086530283805 0.00012049346317171394 0.00012660794816697486 0.0001286211462015516 0.00012514672930185407 0.00011562346331782661 0.00010071935470123358 8.233053133216986e-05 6.273622801479487e-05 4.30363809228461e-05 2.5968610856777615e-05 1.4177814670591624e-05 7.4350770008564805e-06 3.9250458784185515e-06 2.181439191215408e-06 1.317251426590155e-06 8.734550525995845e-07 6.33313497049543e-07
0.00025056334551982464 0.00025056334551982464 0.00025056334551982464 0.00025056334551982464 0.00025056334551982464 0.00025056334551982464 0.00024736089135946314 0.0002381899920833113 0.00022464496182678356 0.00020841969532191116 0.0001910813902042511 0.00017393155155451064 0.00015794934280394167 0.00014379974635726875 0.00013188263892337547 0.00012240027810319688 0.00011542618715565587 0.00011096484286049791 0.0001089969271551964 0.00010950838784001687 0.00011397526014455826 0.00012041447823820701 0.00012615145026303402 0.00013012610130064612 0.0001311484995320829 0.0001281462297468545 0.00012049565824481172 0.00010832786178535713 9.26540400010238e-05 7.519374524355806e-05 5.7082010491884197e-05 3.956694799011149e-05 2.500136995826668e-05 1.4724913360223996e-05 8.378868163117972e-06 4.768525085227634e-06 2.8040391825267615e-06 1.7459021778684123e-06 1.1664488795437572e-06 8.399747995769901e-07
0.00025056334551982464 0.00025056334551982464 0.00025056334551982464 0.00025056334551982464 0.00025056334551982464 0.00025056334551982464 0.0002505448640705611 0.0002471531251993226 0.00023880990710852608 0.00022696429561845123 0.00021308198077690075 0.00019848353644016253 0.00018425227707471786 0.00017120486200465472 0.00015990796212966734 0.0001507218090135938 0.0001438538386405359 0.0001394101954642068 0.00013743750764498764 0.0001379509535636933 0.0001409469088328826 0.00014413367105115362 0.0001457215476456391 0.00014501868397431093 0.00014118395125509037 0.00013363952429379323 0.00012229179762756655 0.00010767266358657646 9.091445607975853e-05 7.352287107365501e-05 5.558390163298864e-05 3.877386583179281e-05 2.5724647738734438e-05 1.6263673481948243e-05 9.942517070359764e-06 6.040277163448524e-06 3.7402182332500756e-06 2.4087854527513033e-06 1.6356140509424076e-06 1.18051516857983e-06
0.00025056334551982464 0.00025056334551982464 0.00025056334551982464 0.00025056334551982464 0.00025056334551982464 0.00025056334551982464 0.00025056334551982464 0.0002505610853794484 0.00024796930273702367 0.00024129277783240183 0.00023179885797131868 0.00022073398277775206 0.0002092072407522792 0.00019812859303975895 0.0001881932546237558 0.0001798980846034149 0.00017357518697045117 0.0001694302660333638 0.00016757674399246262 0.00016805996708946997 0.00017086843058256536 0.0001747806566038143 0.00017250583034630809 0.00016657553223891765 0.0001575833276889123 0.00014535260746083802 0.00013016194582982421 0.00011277684892537763 9.434872007377343e-05 7.609045856104119e-05 5.7467201713407706e-05 4.104513474022704e-05 2.8219082137144795e-05 1.8939091687999088e-05 1.2363747132621309e-05 7.97645860399593e-06 5.191764081229262e-06 3.46861165775992e-06 2.409811875302993e-06 1.757216247271275e-06
0.00025056334551982464 0.00025056334551982464 0.00025056334551982464 0.00025056334551982464 0.00025056334551982464 0.00025056334551982464 0.00025056334551982464 0.00025056334551982464 0.00025056334551982464 0.00024939064995609914 0.00024496116085862143 0.0002382465753997212 0.0002302922395983692 0.00022202517763328738 0.0002142103732957675 0.0002074400161826304 0.00020214444696940284 0.00019861364610305034 0.0001970200845124651 0.0001974363948948191 0.00019984390868261733 0.00020413039403845333 0.00020491855090792904 0.00019667235259057894 0.0001818614236324742 0.000164237560776183 0.00014454110075556541 0.00012367306430910243 0.00010275537717991466 8.295966518079372e-05 6.387183903714923e-05 4.6953161854367835e-05 3.3365907074884554e-05 2.323882027612898e-05 1.6063808485814082e-05 1.0981035209946213e-05 7.515046312687081e-06 5.2269583889667944e-06 3.739742237612153e-06 2.778076130974442e-06
0.00025056334551982464 0.00025056334551982464 0.00025056334551982464 0.00025056334551982464 0.00025056334551982464 0.00025056334551982464 0.00025056334551982464 0.00025056334551982464 0.00025056334551982464 0.00025056334551982464 0.00025049115131636676 0.00024860988169814993 0.00024484741526033927 0.00024006384910337626 0.00023502113398280946 0.0002303489249228476 0.00022653333255887696 0.00022392004598836504 0.00022272372433127175 0.00022303723923794487 0.00022483656595233503 0.00022797946389646866 0.00023143339457528777 0.0002266432407881824 0.0002125713738250896 0.00019159290246117887 0.00016663138325305718 0.00014117814418560442 0.00011774221336585873 9.697887885566613e-05 7.651262381844415e-05 5.7899426242056986e-05 4.249090258510396e-05 3.0604556632504074e-05 2.190186705924172e-05 1.575107105110281e-05 1.1353814825912358e-05 8.255907853233922e-06 6.076732784280576e-06 4.528344716927928e-06
0.00025056334551982464 0.00025056334551982464 0.00025056334551982464 0.00025056334551982464 0.00025056334551982464 0.00025056334551982464 0.00025056334551982464 0.00025056334551982464 0.00025056334551982464 0.00025056334551982464 0.00025056334551982464 0.00025056334551982464 0.00025054162126933254 0.00024959499782616215 0.00024773401537825444 0.000245559530643023 0.0002435603007280788 0.0002420990556535951 0.00024140831102259985 0.0002415905833618769 0.00024261923590659836 0.00024433821370003887 0.0002464611247439221 0.0002461271263426381 0.0002356768765972262 0.00021663344439722354 0.00019293363697780829 0.0001678970714725053 0.00014378549119647418 0.00012152676417064031 9.853212141852082e-05 7.682288265267421e-05 5.821617886218876e-05 4.3320957920326894e-05 3.195633965876527e-05 2.3558834716340234e-05 1.7468105571058432e-05 1.3017069666485325e-05 9.69342355056772e-06 7.239653343401175e-06
0.00025056334551982464 0.00025056334551982464 0.00025056334551982464 0.00025056334551982464 0.00025056334551982464 0.00025056334551982464 0.00025056334551982464 0.00025056334551982464 0.00025056334551982464 0.00025056334551982464 0.00025056334551982464 0.00025056334551982464 0.00025056334551982464 0.00025056334551982464 0.00025056334551982464 0.00025056334551982464 0.00025049924945287074 0.00025030161941269705 0.00025017119854976066 0.00025020766970156174 0.00025038503638803933 0.00025055234140400123 0.00025056334551982464 0.00025056334551982464 0.00024704818001651974 0.0002351080262328545 0.000217212230016388 0.00019608939127978243 0.00017414004186963253 0.00015265529167582888 0.00012839642663903397 0.00010362152897598848 8.102552147019793e-05 6.19551014534488e-05 4.671702630142713e-05 3.499273419869395e-05 2.6188750469889073e-05 1.966494005525007e-05 1.4851633359537887e-05 1.1239816031911288e-05
0.00025056334551982464 0.00025056334551982464 0.00025056334551982464 0.00025056334551982464 0.00025056334551982464 0.00025056334551982464 0.00025056334551982464 0.00025056334551982464 0.00025056334551982464 0.00025056334551982464 0.00025056334551982464 0.00025056334551982464 0.00025056334551982464 0.00025056334551982464 0.00025056334551982464 0.00025056334551982464 0.00025056334551982464 0.00025056334551982464 0.00025056334551982464 0.00025056334551982464 0.00025056334551982464 0.00025056334551982464 0.00025056334551982464 0.00025056334551982464 0.00025056334551982464 0.0002472443497925948 0.00023686400402332794 0.000221637882114692 0.00020385112637615944 0.00018516570049521798 0.00016172093358305737 0.000135222755373517 0.00010922104784663441 8.594348016030251e-05 6.639375661696218e-05 5.069756787727655e-05 3.847944502472351e-05 2.9157122486342628e-05 2.212597526224614e-05 1.6851847656829763e-05
