_RESULTS/CROSS_VALIDATION_POSTPROCESSED_CLR/MHZ/GZ/2comp/2/MHZ_GZ_z_0_kriged_reverse_2comp_spherical_2.asc
ncols 100
nrows 74
xllcorner 5.5967023332191781
yllcorner 50.982320383219182
cellsize 0.00019249356164376555
nodata_value 1.7014100000000001E+038
[rows 19 to 37 of 74, columns 0 to 42 of 100]
-2.9325411658849045 -2.9936159346434423 -3.1408477767375436 -3.3472710764104274 -3.5943462040251792 -3.863153707813323 -4.127972917250707 -4.359794917611626 -4.5310459563397 -4.619016079280563 -4.606242258200354 -4.478912960419685 -4.243700823570547 -3.9500799349804283 -3.6606040689885253 -3.4008523784116624 -3.2012095964114877 -3.0881091116859523 -3.0798482123251816 -3.1990186247725174 -3.4018465285576687 -3.6537754903585986 -4.007834901163188 -4.468207009007746 -4.950262571523236 -5.413774518865192 -5.843213148482772 -6.230479756539033 -6.57145744711958 -6.867351477404158 -7.121600592046937 -7.3379115194010645 -7.51669510386429 -7.666671734407323 -7.7964443219558515 -7.881074058379492 -7.88814395156462 -7.803117305881684 -7.613245899678694 -7.360281142597664 -7.078541254346244 -6.76386614791087 -6.4229707941287035
-2.9499729112842754 -3.058041675301694 -3.255111182612658 -3.496363083276111 -3.767511995857843 -4.063829309602108 -4.35551587143477 -4.608306538176872 -4.7889690375077905 -4.858509460540577 -4.7977487356350865 -4.604594837525166 -4.304395095991026 -3.974599142759616 -3.6429365416899953 -3.3430085422967557 -3.1202012934303625 -3.020170025325024 -3.0621210287811054 -3.2588576859304696 -3.56355835591999 -3.924693311327285 -4.401340712960135 -4.986367065969565 -5.6005860248292585 -6.164782899486404 -6.660541641946173 -7.099213774642368 -7.487209526363676 -7.832467474615093 -8.144724003552048 -8.429576768919862 -8.657832681470689 -8.838129842794663 -8.983870879302529 -9.043691604546535 -8.956950159189223 -8.700325269573538 -8.31480168578332 -7.84015241599939 -7.3518287093178305 -6.863318953421642 -6.3728064417369055
-2.9915559425998897 -3.1381470904679336 -3.376814741512036 -3.6663655354602867 -3.9947128053094336 -4.340205892148997 -4.679884972821421 -4.97096200319975 -5.155965674309281 -5.204807539407266 -5.101585806702232 -4.845582727285248 -4.506829344897373 -4.128878555532143 -3.736200296614305 -3.3676389981565356 -3.086865907369731 -2.9821991937519443 -3.0978344985067334 -3.399187392974403 -3.824070701180242 -4.31161870801537 -4.905449305057135 -5.5742196689692936 -6.277315779305585 -6.92422406752663 -7.48607502557703 -7.961595975152604 -8.3756092637943 -8.749348042030634 -9.097574809577996 -9.406900931512691 -9.662031002406888 -9.879492253139507 -10.07231980663493 -10.15769969393889 -10.002084068828948 -9.5543089350574 -8.934857765203713 -8.255242556207694 -7.554903125900651 -6.894686021784727 -6.264408576345641
-3.0536269380354164 -3.227300248835883 -3.4970450109153868 -3.8344233922788264 -4.238161526839689 -4.677814135633878 -5.098279116134395 -5.428015802873443 -5.630383898190757 -5.672935596392572 -5.535191598421925 -5.237964131485612 -4.860792311079341 -4.426475090783891 -3.9614344520391445 -3.5004890567472065 -3.107823621189718 -2.9581476997074 -3.199160470883937 -3.6460701242569398 -4.1936901193240566 -4.794734195000449 -5.476749407583604 -6.2031979165634965 -6.952707532084191 -7.665336782787609 -8.2746513738057 -8.78331233676207 -9.203808678468551 -9.575042428995765 -9.91670532751462 -10.207567946023861 -10.464757082383507 -10.710243472148855 -10.976298449288079 -11.176394397930823 -11.005750866700225 -10.284850332295685 -9.371980301307293 -8.488524891207177 -7.637020997100638 -6.828057345214127 -6.075988586469853
-3.1379596656849262 -3.324630163292126 -3.6078641762621184 -3.985161918515514 -4.479261935960396 -5.039294796228743 -5.558028730713846 -5.968132850505697 -6.220970123685436 -6.277502250743248 -6.114517482266535 -5.793043156928398 -5.370667206079924 -4.876992281494561 -4.345819263651114 -3.8072050249355183 -3.285299009541448 -2.947134778392633 -3.461565391435683 -4.040624522872896 -4.67479072921157 -5.361359872242289 -6.11013069214585 -6.887871142887851 -7.665620439044023 -8.40817759175364 -9.028908589908065 -9.529496401647144 -9.934215441962825 -10.271344524861508 -10.54859060235394 -10.781356963757268 -10.99562934807862 -11.220442034649299 -11.516853559353223 -11.891965929133889 -11.908811992619029 -10.675572201409281 -9.489603466159284 -8.435962456278927 -7.495120908741761 -6.624815425365373 -5.816856182205515
-3.255122825955188 -3.4443756410256294 -3.7135453814980783 -4.1001000733192505 -4.712937000582016 -5.411451846799012 -6.048716040338769 -6.559179863590224 -6.8909816489258535 -6.991600970752897 -6.832108504787007 -6.489186127341037 -6.0123713112863255 -5.456858159542106 -4.8768396203097755 -4.319700082722311 -3.854820877877464 -3.694383874959799 -4.048781232987119 -4.618684464205586 -5.278352859572445 -5.999242803078772 -6.806036595281297 -7.633131666335711 -8.433838754830912 -9.173937568497873 -9.770701045607638 -10.217708804389943 -10.55465883476007 -10.807210667684043 -10.967552194860819 -11.09581558751127 -11.209962062551082 -11.33012860209824 -11.501313932046775 -11.670787448083201 -11.418207944347646 -10.358906068341035 -9.166793958300973 -8.078133553432977 -7.128098787184944 -6.2570860180565395 -5.46643365770754
-3.4221188818887684 -3.625610477357614 -3.8771755628507947 -4.158585188063877 -4.96893465062604 -5.806352136618449 -6.549485862578838 -7.163725914316801 -7.595705127924772 -7.767058490441201 -7.62725132519341 -7.243858497845704 -6.692753145777215 -6.069505896895874 -5.455629844903135 -4.931172782703191 -4.58318259012814 -4.520366773223883 -4.792328266814042 -5.299821375416154 -5.9405499733549965 -6.676268405726233 -7.529410842120193 -8.415014585307095 -9.243096035642484 -9.95513839232157 -10.48490527702468 -10.828061619544822 -11.050232331909697 -11.16808765277315 -11.18693267867593 -11.153444018037433 -11.108968039523669 -11.06030112157832 -11.006355377653847 -10.847453794398781 -10.378049258772391 -9.520025303687849 -8.48943171049738 -7.474580136019445 -6.565122167640625 -5.729919608775235 -4.9734608095744965
-3.646394928075635 -3.8971897723203446 -4.218846320738523 -4.657390413855862 -5.396174604171217 -6.234884651491154 -7.029166243978045 -7.734107910832089 -8.291338038958896 -8.583264616575923 -8.476352151876508 -7.996711726341566 -7.318250980247973 -6.612146017160844 -5.988239794070637 -5.5119154596998134 -5.239602215420833 -5.223822481552694 -5.48339182029174 -5.950615003328139 -6.581214478349333 -7.335366395388118 -8.23313402901584 -9.196029391874895 -10.077969799061353 -10.744272107504457 -11.145741161990927 -11.32399866914503 -11.38265136906298 -11.333391995323135 -11.194588176346457 -10.987073536810662 -10.750874385253098 -10.503198593448136 -10.239339346086823 -9.865736541794014 -9.299993662781246 -8.526998120225365 -7.6242802445922235 -6.703404401002648 -5.854245059568534 -5.071715442535605 -4.363106699190284
-3.8933702789060414 -4.202093246122184 -4.624587815835308 -5.172316243292932 -5.85616769838688 -6.631551566862793 -7.421986366133369 -8.182564471383952 -8.873820142543416 -9.386491239308604 -9.353503876388164 -8.641288443953664 -7.782788311482394 -7.006993807980791 -6.3800297283432785 -5.941320354557774 -5.7263887188351426 -5.759587657123143 -6.025548618809487 -6.481520564899926 -7.118928732672691 -7.8993826120907435 -8.84895425502163 -9.91307363133112 -10.916305364957108 -11.525361274136008 -11.693953995738521 -11.64293232571249 -11.507585728225486 -11.282490441544223 -10.981773767022899 -10.61211873774391 -10.191862462149558 -9.76465626175635 -9.32343737037596 -8.82866546432912 -8.23016599594198 -7.505746215559643 -6.691377243062719 -5.85263271596743 -5.0610285749937525 -4.325954730332833 -3.661955524156765
-4.116119502418986 -4.470480943025821 -4.948235766738852 -5.526110425598837 -6.178410960101603 -6.8937505195044295 -7.639059284855234 -8.386934574820753 -9.121493255499466 -9.834799839600384 -9.986980774992585 -8.900817274623378 -7.953387819860604 -7.165887304961352 -6.559912237367629 -6.160948134898188 -5.995158181373391 -6.0766173982112335 -6.36839255542931 -6.838596683417888 -7.489883821221325 -8.291535629036206 -9.262408392882488 -10.414589852596055 -11.670859026162802 -12.197032565013204 -11.97018192953422 -11.688037363357203 -11.378066700356712 -10.99752765866249 -10.551350232839791 -10.040762170878395 -9.47004653176985 -8.904616767019899 -8.34377790167309 -7.783969006670578 -7.185182327022946 -6.507703645820491 -5.766962983973693 -5.000952925836484 -4.259850976820116 -3.5511442549280683 -2.902739382726175
-4.2854354680927145 -4.659970563129242 -5.146510795232908 -5.712865297078803 -6.322838923827323 -6.9669850709036645 -7.62646140354488 -8.274654796970669 -8.870180734584618 -9.296293535779618 -9.217232359642857 -8.540183434306037 -7.74756540183391 -7.044449470681082 -6.497183910730609 -6.147001293964597 -6.028349589459873 -6.153037046579993 -6.481653171507652 -6.991481096216407 -7.662327012809538 -8.460952766237092 -9.37722413635461 -10.439302704081175 -11.531499688830646 -11.97282824604693 -11.733281628124738 -11.379576445681039 -10.973251397709308 -10.48163519286924 -9.919106135355753 -9.293438023499093 -8.617520292338021 -7.960171533214175 -7.34867427225246 -6.763817206809432 -6.181969483940601 -5.5636677602534705 -4.89918245178825 -4.210072626046537 -3.5263997518788237 -2.8310301143474708 -2.1463975238188437
-4.383182028800326 -4.75062471498315 -5.212804474728561 -5.7357992333690095 -6.2898053049819325 -6.8478121077544 -7.3936198135651825 -7.894215191978337 -8.287680762377338 -8.45366946837505 -8.290516527878793 -7.838843251405379 -7.250949330660139 -6.6826121343832545 -6.222906692679445 -5.928945726304869 -5.8537440685398385 -6.018620791863649 -6.395455938464991 -6.95516095527185 -7.647915779480596 -8.416702850652882 -9.227007520554658 -10.064632921189146 -10.790344616541677 -11.149793581270188 -11.091702059764179 -10.78036911683629 -10.334195374352802 -9.767333341056109 -9.116532260998722 -8.404114138765937 -7.670792336416771 -6.979547670478144 -6.358528855480073 -5.778138990746602 -5.221902136927702 -4.673526827911661 -4.1009031866065495 -3.514467104167716 -2.935968495148966 -2.3212627280181177 -1.629724202229323
-4.37495075878849 -4.7126273967025964 -5.128186452598977 -5.586235709383193 -6.076306462513206 -6.552710536430026 -6.989823527132799 -7.3499976386766965 -7.575480942591346 -7.593586408505429 -7.4007023250793145 -7.070587497186265 -6.656852267685782 -6.236183335865549 -5.873080746101513 -5.624263830782444 -5.564817693416482 -5.765196334792557 -6.222892395322646 -6.853383483236273 -7.563977697308582 -8.290901709663864 -8.97851163918346 -9.593278736810175 -10.093400697201396 -10.365143959734151 -10.334510572691972 -10.04319175819922 -9.568707151817438 -8.933693451876746 -8.196625793689844 -7.4196033095189815 -6.665376126666936 -5.982719343629645 -5.382695567724569 -4.836909455583843 -4.331455530786449 -3.865056752361499 -3.4175872764084474 -2.9785422280968232 -2.568232167462628 -2.142240545367631 -1.7111862140950005
-4.260690824770672 -4.551969204887042 -4.90633146366238 -5.288620011837018 -5.693801962269568 -6.09015539891625 -6.4325448579395985 -6.68854246295443 -6.812684443287377 -6.782678908053508 -6.617465565571873 -6.38605868362742 -6.1077193860218255 -5.815327407890988 -5.54324427082214 -5.323371295665809 -5.2135384008041745 -5.432144318120967 -6.051270378749558 -6.779025558618363 -7.513999291855189 -8.203172868385566 -8.792878375822195 -9.240988917300538 -9.546805684808973 -9.698843657373956 -9.61547043992028 -9.291898105524242 -8.771630047561061 -8.062864190086334 -7.2346759877079165 -6.403380727845351 -5.655832708988944 -5.0235242180121045 -4.482617255021772 -4.000513321207269 -3.5692923814605164 -3.1954254151363064 -2.881994876973639 -2.6122735340345633 -2.3981902408430216 -2.1679442744403095 -1.9711968178803114
-4.053820015032107 -4.286310806708993 -4.571194292134685 -4.87303103672887 -5.186059179009089 -5.496642952198826 -5.76039918419068 -5.944575052107292 -6.04626746994812 -6.055722099092456 -5.96097852517028 -5.817582735679325 -5.655732384998231 -5.486077211670982 -5.321232911397145 -5.171855446514325 -5.041729720484088 -5.262489320529783 -6.0512967031678055 -6.8325093523082545 -7.567826257713817 -8.217611343513177 -8.733845417455996 -9.073315546265022 -9.228880856041762 -9.226038885192509 -9.011342605852061 -8.61012759054883 -8.026110484113165 -7.2362314670102315 -6.3028145419545 -5.373913184800733 -4.6917634573330975 -4.164455508208971 -3.706756254149232 -3.3004008368142705 -2.9518201467666723 -2.67675024223842 -2.4950162160968845 -2.394102645450484 -2.3385847784927325 -2.2700439696974604 -2.23906432427455
-3.7710222765144197 -3.935800321871005 -4.150199032761286 -4.375569501545995 -4.603296423164169 -4.8209493909427765 -5.018950276759766 -5.192239689577504 -5.314747255551307 -5.392243332715291 -5.400778621955557 -5.36711883991351 -5.32346597404178 -5.281999810013316 -5.252991595267977 -5.255116604855937 -5.346301699612692 -5.689531966762786 -6.332752795882845 -7.061444598003862 -7.760987129192374 -8.368991618011645 -8.82829969062518 -9.087366252168337 -9.142802469648029 -8.972388369373029 -8.59737935508214 -8.06185211731005 -7.398353554992683 -6.55866924834105 -5.545311228370097 -4.39051841190998 -3.920218575396582 -3.493503735807339 -3.100707379796007 -2.7588586363600323 -2.4867384780869286 -2.3064840477776904 -2.2445660383029358 -2.2829146315974445 -2.337637706275024 -2.3978730247018682 -2.5006991939011267
-3.460252432663858 -3.5721229722404026 -3.7325818404070175 -3.8952891109767656 -4.049170527524902 -4.189317387295738 -4.348051095405653 -4.516045711069857 -4.664852832518948 -4.807308761896978 -4.924792329643393 -5.0109197963776335 -5.107840452833481 -5.202868326806925 -5.319288130456105 -5.483238255672049 -5.7512481590395 -6.1795088011228785 -6.766071422646153 -7.429088543524822 -8.082480383412486 -8.65727645200463 -9.08254138108475 -9.283496282719728 -9.233205420806884 -8.915007497821266 -8.375548708537504 -7.700181068107897 -6.9425984680847925 -6.098187254823457 -5.138987926911697 -4.200644999728309 -3.5425387826555204 -3.0660274601354276 -2.683469165458457 -2.3819520129125356 -2.1732692019682416 -2.0771982073039683 -2.114148298897243 -2.241754903456252 -2.3791730924814414 -2.5416559333189097 -2.7538746162826815
-3.175952910601492 -3.2461009333528823 -3.3615872660826236 -3.4719603905100076 -3.5639067033615066 -3.6718020841522634 -3.8050407953530403 -3.955116577125713 -4.129912189382608 -4.348672468339391 -4.576576676245923 -4.7816844941391174 -4.991621298124409 -5.229749212311636 -5.4810299577494055 -5.780871728371384 -6.181205976041889 -6.67537527563261 -7.251087083834674 -7.871782434221778 -8.487642583555957 -9.047178881503061 -9.478329925945985 -9.648724007155556 -9.445513712672621 -8.96217862975167 -8.30017169000836 -7.520246045814638 -6.675169479768906 -5.806077199177799 -4.917236219690763 -4.058409802599787 -3.348962201471136 -2.810439362408581 -2.411864789712892 -2.1326693558549734 -1.9763835154593323 -1.9586386178346245 -2.071344212962289 -2.2575569370120587 -2.456067000120262 -2.690790932664874 -2.982564623675072
-2.940896152967552 -2.9747142100048363 -3.0538575401335972 -3.1253350812768614 -3.19212792324102 -3.2881567538563146 -3.401355108867588 -3.53271701752133 -3.7172345843230996 -4.004992146036437 -4.356993143333979 -4.705969838534568 -5.023704929508449 -5.357450630109416 -5.719476420292866 -6.140085169916771 -6.635613376074076 -7.179206471851282 -7.749479982020995 -8.331434460527463 -8.903259300049474 -9.442935804452123 -9.922300828919887 -10.125550608094796 -9.667438292784658 -9.01736406915899 -8.26616239932803 -7.435554271603233 -6.541756102571906 -5.6383436412616526 -4.765896462036509 -3.9426956605415966 -3.2239373785103487 -2.662508350353651 -2.2548519573471446 -1.9921115287414382 -1.8777039456242957 -1.920507588117415 -2.0822617032249986 -2.3017561211938227 -2.548180758912636 -2.833549212542745 -3.1725315068682685
