_RESULTS/CROSS_VALIDATION_POSTPROCESSED_CLR/Berg/IZ/5comp/3/Berg_IZ_z_355_kriged_reverse_5comp_spherical_3.asc
ncols 100
nrows 90
xllcorner 5.6208707817415728
yllcorner 50.959635321741573
cellsize 0.00013419651685393446
nodata_value 1.7014100000000001E+038
[rows 19 to 37 of 90, columns 0 to 42 of 100]
0.7152836142399518 0.6945932116683937 0.6730625454776467 0.6518610615315255 0.6321021763518566 0.614808600843307 0.6008730428450565 0.5910174609837672 0.5857553573030702 0.5853622133351053 0.5898586521274813 0.5990091496961193 0.6123365181447382 0.6291497128550132 0.6485805834092968 0.6696244626213855 0.6911799470133181 0.7120844616210462 0.7311436970135908 0.7471543371464799 0.7589204469169724 0.7652644255760959 0.7660442020253866 0.7660442020253866 0.7660442020253866 0.7643135624201038 0.7577566543953214 0.746603086434831 0.7311660257704591 0.7117657249035685 0.6846973333982662 0.6452051580513234 0.5940763768735605 0.5313902791868209 0.4586152340864411 0.3774780132078982 0.28988265792932777 0.19798658931800794 0.10431975801358262 0.011967571167835978 -0.07518099876215945 -0.15224022676108917 -0.20927444005140527
0.6803026511273349 0.6528307349443 0.6248967399560674 0.5977964477630174 0.5727834216956457 0.55102731349652 0.5335641221543364 0.5212423745111292 0.5146715956372274 0.5141808803285574 0.5197949248424596 0.5312321819913094 0.5479255103529026 0.5690612639837105 0.5936297476735741 0.6204791522489557 0.6483662800040946 0.6759996858447012 0.7020733126712557 0.7246927857101155 0.7418650296983743 0.7532760452534669 0.7584851672550577 0.7581776853468521 0.7582256586669922 0.7568597324221438 0.7513792604276581 0.7415480568786581 0.7268916901959649 0.7063509766365723 0.6740168060550674 0.6289012775315911 0.5721017221895006 0.504597650593474 0.42663450014352255 0.33960753885179773 0.2452589329404531 0.145546079880714 0.04276679616561374 -0.06020716794584535 -0.1594835659259084 -0.24234515567304937 -0.2915310027454199
0.6382266740111957 0.6036601691447566 0.5689505584428284 0.5355366466449031 0.5048371990523127 0.47820156147076176 0.45684672135030335 0.44178543350152444 0.4337543901586258 0.4331546170931737 0.4400163021049911 0.4539960678306867 0.47440733396438417 0.5002767798561241 0.5304150871194742 0.5634895170919131 0.5976510170038091 0.628393300247432 0.6549942974085718 0.6775326149057741 0.6959603614517387 0.710074166650615 0.7194833754906926 0.7235801230728042 0.7240060799513817 0.7237470330419404 0.7209410889020431 0.7152800925943765 0.7061895230580925 0.690755841149621 0.6605309357363209 0.6143089090362285 0.5527027484058104 0.47985942817866933 0.3971831001731494 0.30522363410942244 0.20507398917000363 0.09844152865439493 -0.012729013381802323 -0.12606928604848 -0.2308928113804074 -0.3100563544555759 -0.35544647681236685
0.5903405782777126 0.548351860097864 0.5064575221068021 0.4662556781636993 0.42935864286918946 0.3973361765132144 0.37163645290101244 0.3534892531036785 0.34380374141261283 0.34308013407610605 0.35135623893444434 0.36820327088750593 0.3927721217478144 0.42387746281530636 0.45980518392218683 0.49418460819841126 0.5251752206512681 0.5530387951913753 0.5779823365994154 0.6001409720632401 0.6195444809941932 0.6360743351223893 0.6494179654966996 0.659026434905377 0.6640146203027268 0.6652666575461825 0.6656579677538752 0.6647966177184772 0.6619921961964718 0.6519488673371342 0.6274723333912982 0.587842648137925 0.5322818648729478 0.4599375248534391 0.3726234392749115 0.2760183941415081 0.17134364208199093 0.05934525194653428 -0.05849613295046696 -0.1750073910476737 -0.27200961974161375 -0.3481388199914093 -0.398860509014233
0.5380305475871914 0.4882896043252114 0.43877036343220677 0.3912434037380197 0.34754462094740723 0.3095137266773861 0.2788970783759154 0.25721686720269865 0.24562258594276565 0.24475569057900304 0.25466492825850806 0.274799627422756 0.3040832300910683 0.3383363003208586 0.37011604909621787 0.39934316571959616 0.4262565023089907 0.4511015047964082 0.47412877657365926 0.4955628006590219 0.5155505706186801 0.534099405123912 0.5510125372598429 0.5658303604212997 0.5777160048949043 0.5830263516518205 0.5871864607682084 0.5918190510415645 0.5960377977110524 0.5921941195958224 0.5749683155115686 0.5434958277255905 0.49679346578553263 0.43380798065911397 0.35345878465055713 0.2552857770836049 0.14655177594288005 0.030550857771631135 -0.08946518149062821 -0.1934532749515776 -0.27742794966113893 -0.3418779885456851 -0.3835085934940925
0.4828021047395533 0.4249978448086128 0.3673969771849823 0.3119476635804509 0.2607369571885715 0.2159319988552233 0.17966611209861072 0.15386334741322005 0.1400185279171533 0.13898201070017202 0.15081890099443873 0.17479770924215143 0.2040159737736884 0.23149628522824806 0.25732907389835535 0.28158281940518126 0.30439432829969926 0.32600441493074284 0.3467410241904155 0.3669657234909651 0.38699734901395255 0.4070242611067678 0.42701543963354427 0.446640169184053 0.4651740760722737 0.4784165814896132 0.48714314454828844 0.4980348984856541 0.5099060061210631 0.5137483439597071 0.5053989284143079 0.4837704326267048 0.44766713634977184 0.39584092640149693 0.3270386706244308 0.24004324441173042 0.1338139270987686 0.015589502040699532 -0.09402614599189563 -0.18145783184250264 -0.24728885874700213 -0.2902235959271553 -0.303330876868557
0.42629700404298865 0.36017202909631874 0.2940455598887717 0.23003237427190315 0.1704869820695094 0.11796394854000902 0.07509813089901973 0.04437627204809402 0.02780695808540168 0.02656393586415029 0.04073802056811959 0.06238908439575619 0.08382488106639352 0.10487656522060651 0.1252441203069885 0.14473160773846616 0.16336367945955255 0.1814048823742792 0.19931349864215575 0.2176553398877844 0.23699451023652662 0.2577731965963447 0.2801914028933502 0.3040983894511624 0.32890801804910486 0.35095449677279755 0.3671114690297006 0.38510937128786193 0.4055694537606386 0.418760788408419 0.42102111346253157 0.4110163983610158 0.3873278039097361 0.34851692946839985 0.29317910654351775 0.21998927583897843 0.12774872831260753 0.020326906938127998 -0.07174022721668538 -0.14034288184828303 -0.18561121974563943 -0.2061450836875529 -0.19837166720741095
0.3703044797108185 0.29570838386751075 0.22067787318702292 0.1474556010417689 0.07864208493847369 0.016944547659246245 -0.03425241194307116 -0.07140835572216297 -0.09156022102204253 -0.09294452638957273 -0.08173775938849981 -0.06817886558973307 -0.05304520098230503 -0.037434160606735434 -0.02192535414235164 -0.006997976413112061 0.007274194409799373 0.02123563410903051 0.035553731257022436 0.05108886991492967 0.06874564226019753 0.08931386434080135 0.11330903907446332 0.14082638014738325 0.17142600923844387 0.20226371136220633 0.22864258131622672 0.254705202380098 0.28497774903554063 0.30929500349421324 0.32399090147525944 0.327452044044224 0.31802048813432193 0.29406820031340464 0.2540546390668421 0.19657452979559698 0.12041604351792845 0.04159673197636371 -0.026520490919097695 -0.07493897823759932 -0.09863205294937893 -0.09702907425354224 -0.0692772869699998
0.31675910952878805 0.23368461420433673 0.14847370133771332 0.06343728176574737 -0.018087035208533164 -0.09221405265679872 -0.15451366838581215 -0.20027952421629625 -0.22524881226380544 -0.23057166083340652 -0.22847694468664903 -0.2204016477727304 -0.20824233740814657 -0.1943768237314929 -0.18085432153930414 -0.16905996982906868 -0.1593714882596886 -0.1502582773900416 -0.14059538905440228 -0.1291140618130242 -0.11445141690309679 -0.09535202007138466 -0.07087589811110728 -0.040321453904552884 -0.0036303958924972513 0.0367129980059131 0.07503575045718702 0.11127598787695425 0.1523499620273241 0.1888408578491363 0.21694738343693942 0.2352142819584303 0.24185171366519564 0.23452377427649562 0.2115561528430212 0.17148178293393035 0.11613231032854143 0.06913585119197219 0.03337681015667826 0.008098804895269485 0.006043834403285153 0.03022815568130377 0.0804207191589974
0.2658828781553546 0.17105996461700568 0.07296451039526386 -0.025541763416000673 -0.12102860155356332 -0.20924839029472708 -0.2848999054475285 -0.3416764629901361 -0.3741730404828105 -0.3918602710593875 -0.39719837207529807 -0.39204204017572586 -0.38046843527129703 -0.3665386716035264 -0.3532073860580489 -0.34216681432054363 -0.33405527085311437 -0.3287206322420171 -0.324941123011216 -0.3191633733610999 -0.3084633911522694 -0.2895454272895046 -0.2617870294597988 -0.2252012952743907 -0.1805233977992291 -0.1296175258143668 -0.07830108074355535 -0.029512171181165003 0.023483049170753167 0.07302910363420945 0.11442112683982786 0.14588608591091234 0.16592221828215292 0.1733585302285341 0.16690753893408616 0.14431804133547899 0.11336018449614782 0.09660998985912306 0.09244450800169957 0.09841568084710817 0.11846249891030136 0.1658653382326909 0.24095747386373445
0.21367877603753416 0.1070631096288388 -0.0035884675829278567 -0.11559815916102911 -0.22569241762880643 -0.3295872039812615 -0.42134743475840275 -0.49272611379785003 -0.5423047308739297 -0.5732665602802116 -0.5829668326358068 -0.5767634202150691 -0.5626332587032616 -0.5468478107702581 -0.533109820774015 -0.5231170700853554 -0.5172071954139359 -0.5147942461239228 -0.5135192784553357 -0.509047081586669 -0.4983022453914183 -0.4782151307592697 -0.4476272123408811 -0.4060353290635794 -0.3539050399499699 -0.292847797536985 -0.22794555632514046 -0.16471171797960293 -0.09818851884386381 -0.033557353802746714 0.022957835052950903 0.0692227281581006 0.10299506955683069 0.12207771265267553 0.12606798230387795 0.11504021875013537 0.10870118309631671 0.12118635303492664 0.1474773364868962 0.1852794560130503 0.23290654239808306 0.3033445971420454 0.40255366979025853
0.16238030480222942 0.04497581454373201 -0.07728696467634166 -0.20205493632650495 -0.3265089198996771 -0.4468971701845499 -0.5575220231770583 -0.6506065586926821 -0.726790191447926 -0.7709027136512379 -0.7791881197805 -0.7658826632705358 -0.7456740063201159 -0.7267734290196053 -0.7127803106283492 -0.7048202272056139 -0.7024627942212913 -0.7004734267143671 -0.6963593523374494 -0.6891548881494975 -0.6775015617025297 -0.6584213298451191 -0.6269250880983965 -0.5816436817745982 -0.5226404458126792 -0.45159890805487013 -0.3726021082906037 -0.2932191343647361 -0.21151402534907104 -0.1296436948842581 -0.05624609587973772 0.004627298309445527 0.05080575291407685 0.08148065603621713 0.09639497694479071 0.09688235743837326 0.10900838986198558 0.1427060481097817 0.19646548676875708 0.2640605161605143 0.34251757309045583 0.4354859085354448 0.5543734957551288
0.1139867457039947 -0.012625541869786039 -0.14464111408966618 -0.28012949684219524 -0.4170038925462767 -0.5526327277548306 -0.6829068786582733 -0.808224625891343 -0.9219987923669712 -0.9799769868913837 -0.9743500076228686 -0.9461867737701353 -0.9179500886324272 -0.8965761172571212 -0.8839046335402234 -0.8789396918839951 -0.8752150390059501 -0.87141984344277 -0.8666835382035336 -0.8594618356358523 -0.8475885213637724 -0.8285033696053026 -0.7983306005464086 -0.7510150277375796 -0.6857339094190291 -0.604288626884514 -0.5108311267506906 -0.4136351317060769 -0.3147098413939964 -0.2138906025895424 -0.12434468476495719 -0.049193478626091025 0.01004721162480271 0.05264316096007504 0.07851926064006753 0.09120206286038113 0.11943829964868002 0.16941766591524487 0.24049094096583 0.3321556563974092 0.4386670975368887 0.5538911747248696 0.6890174526406234
0.06682180303810537 -0.06696198660808617 -0.2060923852515948 -0.3488285567451077 -0.4934956940420394 -0.6384796806627098 -0.782639005450442 -0.9402005625002647 -1.1097098599510316 -1.187069546228879 -1.141587119907696 -1.0979911735667887 -1.066060827366454 -1.0463727297631051 -1.036935095630845 -1.0302910029255476 -1.0255964465338512 -1.022464816549905 -1.0198140853482156 -1.0156781113306315 -1.0070845585450077 -0.9901582910036619 -0.9606903803661895 -0.9133305963757505 -0.8423391229893566 -0.7495503529350303 -0.6405137500445113 -0.5236721451198787 -0.4054136477503312 -0.2868182257879106 -0.18039143095672627 -0.09017079151765084 -0.01763457212759678 0.03669590856414584 0.07304382460631498 0.09707801951442896 0.1384415043221574 0.20148529436057094 0.285851590941142 0.3913722225132247 0.5176970044361136 0.653071278377953 0.8007808139887307
0.022048401456978173 -0.11670381266455077 -0.2601638945343965 -0.40645741952277725 -0.5537453079443275 -0.7001983061367152 -0.8471030872994068 -1.0105417510374102 -1.1808083585933622 -1.263834431695628 -1.2349477143460337 -1.2019137454976832 -1.1791397198504423 -1.1671377464890689 -1.158290651874011 -1.1520063838382775 -1.148820477341997 -1.148685927573175 -1.1507255343168257 -1.1528917055351748 -1.1515855541451445 -1.1414318028896384 -1.1156890667630501 -1.0679726338566058 -0.9917478917886136 -0.8857375600411748 -0.7580987259659036 -0.6202188012770973 -0.48237113180744706 -0.3456862332305257 -0.22133542447116406 -0.11585253962083386 -0.03043720164719743 0.03479812547859318 0.080518535752645 0.11382299591010714 0.16472739919588397 0.23703658808753603 0.3306718456983264 0.44567130256629806 0.5801402772046809 0.7277194905649537 0.8857185582286429
-0.0191157759830074 -0.1606694026609119 -0.30573882935728647 -0.4520064080132056 -0.5969224269240487 -0.7374055967563253 -0.8763381814855344 -1.0229197370001442 -1.1557567590210118 -1.2360006049567815 -1.2575694154913675 -1.2565159827601533 -1.2539627009728853 -1.2494377305212148 -1.2441245401601153 -1.2406908005455775 -1.2407929932023956 -1.2452550044108184 -1.2539082103488817 -1.265166866085177 -1.2753217685387448 -1.2776434526955411 -1.261943857528465 -1.2164275618188822 -1.1333245977164819 -1.0104356112953752 -0.8592326757681714 -0.6992063356035103 -0.5404230660187062 -0.3855913040487826 -0.24351894627519433 -0.12349379334433008 -0.026480799657702114 0.04805322966867309 0.10136633511396775 0.14094698159336838 0.19725167028205004 0.27453032213661754 0.37296178226025845 0.49274880916353514 0.6293809348586615 0.7785489232702001 0.941541943861184
-0.056112920595731364 -0.19860391791776877 -0.3430705675451877 -0.48661413256585795 -0.6258129559419643 -0.7562775849961212 -0.883401399147562 -1.0119062917504904 -1.1251902458276934 -1.2062452320468091 -1.2524769434256469 -1.2775847017049389 -1.2906480373828952 -1.294358759350257 -1.2941801275522387 -1.2944798543562117 -1.2982654250786412 -1.307540931288208 -1.3232859267731107 -1.345060892108352 -1.3700646841117081 -1.3913066452768235 -1.3948976694111057 -1.3594457422748978 -1.2666886552859873 -1.1191739474511746 -0.9378928496200822 -0.751792630124628 -0.5714029244612651 -0.3993140757013516 -0.24279774683700395 -0.11024145362002247 -0.003993812286601894 0.0773485637868434 0.1357565385204953 0.1780727328018603 0.23516171288679977 0.31272491063631325 0.4111681401208668 0.5304689371455816 0.6640659110734948 0.8097773708677392 0.9681790623656751
-0.08890055890198933 -0.23093152417554075 -0.37333356668936646 -0.5126832309475597 -0.6448731855180954 -0.764786189003239 -0.8809369623605561 -0.9960346268061346 -1.0987043254614994 -1.1799663378578027 -1.2382887432848027 -1.277783530551743 -1.297619707332385 -1.3061098511667735 -1.309927507880644 -1.3128501102480488 -1.3189490784741846 -1.3313829362511929 -1.3524614841615195 -1.38344762640425 -1.42378625945172 -1.4689333195579926 -1.5045551308463636 -1.4950468091997033 -1.3917216216795574 -1.2019903400222012 -0.9808227044199762 -0.7655589154283029 -0.5651562673787534 -0.3816145914783833 -0.21772585616785678 -0.07742673170827441 0.03426378999262125 0.11927028394750816 0.1802675610614115 0.22262036998105295 0.2765677197261427 0.3503157651452381 0.4441160164151414 0.5574742707931499 0.683471670559241 0.8210752557451555 0.97016582842503
-0.11773705026616987 -0.25840025197756233 -0.39801922234981 -0.5328167487708664 -0.6582977618983954 -0.7692656675376139 -0.8762797250097931 -0.9816645958186065 -1.0771332248102745 -1.1569924157226172 -1.2201725706258053 -1.2616820944178297 -1.2824568618916297 -1.2906805632025777 -1.293689535561059 -1.2963658555503452 -1.3017189225828558 -1.3136965007014434 -1.3356806737548041 -1.37055767666247 -1.4205636650673854 -1.4864090390358713 -1.563194932671917 -1.6154399798928398 -1.4984672544382158 -1.233664759966855 -0.9675472154956883 -0.7291889107785783 -0.5166252216383203 -0.3292586810082969 -0.1667696486493404 -0.027792058723602686 0.08454381344420825 0.1690164604525104 0.22896583072216603 0.26835248461935746 0.3146956870888882 0.3809309922500893 0.467401546321942 0.5720719545395357 0.6880411544545697 0.816011736193804 0.9557633058891064
