_RESULTS/CROSS_VALIDATION_POSTPROCESSED_CLR/Berg/IZ/5comp/3/Berg_IZ_z_1000_kriged_reverse_5comp_spherical_3.asc
ncols 100
nrows 90
xllcorner 5.6208707817415728
yllcorner 50.959635321741573
cellsize 0.00013419651685393446
nodata_value 1.7014100000000001E+038
[rows 57 to 75 of 90, columns 42 to 83 of 100]
-0.6539301642898283 -0.7015916402740197 -0.6812183203840494 -0.6037851417541611 -0.48578999327808825 -0.372142638187138 -0.32325539393919467 -0.33516379628151505 -0.4049836373216418 -0.5192195808046338 -0.6792374510337931 -0.8726635621056875 -1.0395300282114803 -1.1245208588627844 -1.13950867098657 -1.0937423508746655 -1.005063460717348 -0.9063529096227656 -0.8464694466769944 -0.8935672260686767 -1.069946979721987 -1.3009887924639698 -1.5375499607367225 -1.7709839025420153 -2.007417321538241 -2.0972412247786965 -1.7223015227721319 -1.392435011738642 -1.143852130847005 -0.986529548151788 -0.9228632320303758 -0.9417855316021377 -1.036158303978346 -1.195886923567 -1.4101291784715162 -1.6653321550611921 -1.8875971454907294 -2.069710001062318 -2.234636234830731 -2.3908680534538282 -2.536487742696098 -2.669340556616806
-0.8294951084598985 -0.8880683078771092 -0.8836798138977304 -0.8253939015267098 -0.7244005657662824 -0.590893979639719 -0.46973833161970857 -0.39912268111694615 -0.38495699845493414 -0.4265559442516915 -0.5283546855642292 -0.6762627753181132 -0.8490590425787499 -0.9642011121294534 -1.0075290934357537 -0.9890695598974881 -0.9292059993480897 -0.8478488992723157 -0.7634228739172606 -0.7683421418523131 -1.0008125016454232 -1.227064493210213 -1.457028350005929 -1.6761972454744265 -1.8552592456381556 -1.8913284848723373 -1.727562624485221 -1.5114335149344091 -1.3336006413015316 -1.2244711234061967 -1.194887644063098 -1.244080822555825 -1.3640203288278188 -1.5434981952609972 -1.7749555572758722 -1.999227694990477 -2.180454166041657 -2.3323147709257004 -2.4698421562637822 -2.6010025515147435 -2.723494307933045 -2.8345756445464305
-1.0363682250186224 -1.1050252825555575 -1.1141157543352929 -1.0704951376418403 -0.9818118278704953 -0.8544614875626073 -0.6922590195400082 -0.5453399670720858 -0.4535513112014997 -0.42899172870324964 -0.468814411308935 -0.5606115747792346 -0.6932210284955542 -0.8279751265684316 -0.9038345290620318 -0.9278726299714881 -0.9134980610470262 -0.878420917606884 -0.8505262531298103 -0.9081884027485607 -1.0940461262614725 -1.3061086335587433 -1.500090453539554 -1.6674930539958017 -1.7927236962256228 -1.8311129019909511 -1.770640975743551 -1.663759078194959 -1.5682492725806898 -1.5155390772436714 -1.5208482185557899 -1.5898817530875031 -1.7230932168432878 -1.9179711241882729 -2.127904581956125 -2.3107603483685804 -2.45433220074695 -2.5781565313976955 -2.689460622340232 -2.796016437404428 -2.895160696573202 -2.9838272312335543
-1.2630631430430217 -1.3404864186803334 -1.3610742126214275 -1.3293698634649944 -1.2508063129119305 -1.1298263047043866 -0.9688651903293182 -0.7742015430256397 -0.612599120505557 -0.527111265846929 -0.5094026689187245 -0.547726710693047 -0.6322574095222753 -0.7555919233714596 -0.8665978015733589 -0.9350096808294319 -0.9736788271150445 -1.0006728314249238 -1.0432339651766536 -1.1376386053684584 -1.2941091601089503 -1.4784414580155256 -1.654053080684221 -1.7956462592481794 -1.8919000839667126 -1.9354446370312919 -1.9278191757007381 -1.8914592934675727 -1.8585469833577881 -1.855016607124684 -1.8970441907267177 -1.9931591873361427 -2.1465677234955254 -2.3195327631619103 -2.477795359693686 -2.610030760916512 -2.712905384866852 -2.806123544792184 -2.890536607364731 -2.972700909371294 -3.0443159299937923 -3.085397695442283
-1.5022562118160079 -1.5835743445616979 -1.614485464147033 -1.593238874023652 -1.5238920369739586 -1.4098097203624023 -1.253132403487518 -1.0568167492221612 -0.8640192244737892 -0.7215197611957658 -0.648314396440552 -0.6349848101018103 -0.6733696577526325 -0.7570568288468409 -0.8798422890130442 -0.9912789340739723 -1.0792664813225814 -1.1594132295140311 -1.2508008592840927 -1.3707372633447616 -1.5222451990713086 -1.6896570200760517 -1.8496939821888585 -1.987327947639297 -2.0953656773263685 -2.1636115098640976 -2.1943948696392095 -2.204396695311197 -2.2200191542858057 -2.260362424018777 -2.3391567924303027 -2.4630575620784914 -2.5983288215979483 -2.725858286967976 -2.836710500720239 -2.921310664233835 -2.988833654864396 -3.050209048843435 -3.0983247343018823 -3.1327438050645067 -3.14449990514733 -3.1247657697919307
-1.7462779954584107 -1.8237263665077623 -1.8643106692926728 -1.8529415494297852 -1.792805373207156 -1.6865024458917126 -1.535785312424851 -1.3450465880595326 -1.161394138721954 -1.0063156363276913 -0.8848256384325195 -0.8218114851194223 -0.815060080844344 -0.8587261392127634 -0.9486346852599699 -1.0804249764923255 -1.2114352996055957 -1.334311587041944 -1.4615252666932301 -1.602231033869284 -1.7573532610182627 -1.9181968846823876 -2.071241490342259 -2.213748632754716 -2.338002124848381 -2.438155222623913 -2.5162506953139525 -2.5821833303051296 -2.650639123942956 -2.7370008130742316 -2.843490494123381 -2.9472349440406624 -3.0438439029221023 -3.1272742230421224 -3.1892441805092324 -3.2232185481002316 -3.2457620456233682 -3.2536772482136813 -3.2471795610411873 -3.2249717589815505 -3.178678504993376 -3.1123053149297486
-1.9792994893380818 -2.0452078048489426 -2.0915247453687096 -2.0900278876836875 -2.039830496612906 -1.9428655002214315 -1.8005444952275798 -1.6291341545060816 -1.4582255951314753 -1.312826842335196 -1.195013349210984 -1.1072315399193773 -1.056953379457032 -1.059804978031453 -1.1128058774997776 -1.212956446978938 -1.3580175891934303 -1.51593873243697 -1.671989492530381 -1.8315365611417502 -1.9948901265011139 -2.1568323933895055 -2.3141304696657206 -2.467742466914161 -2.610873116516621 -2.7402647607180253 -2.8576701383733787 -2.9697400509689813 -3.0824238782703377 -3.183369015959099 -3.271755149928536 -3.3470368238072252 -3.406204929312012 -3.4439567311599673 -3.4530728598852205 -3.440007411678434 -3.4155898005645877 -3.372938280908903 -3.3156000017314837 -3.239861086676472 -3.153749652279819 -3.094802860744204
-2.1895898466819976 -2.2414626242035554 -2.2829867516454287 -2.290884715685486 -2.250041016803749 -2.162240070189819 -2.0341003930476464 -1.8902626302031291 -1.7389682119872465 -1.6068603513952429 -1.5011868305089835 -1.4225959805099122 -1.3727880999547541 -1.3559790040742126 -1.374956306171144 -1.4383326650667305 -1.547869299545885 -1.700342101106294 -1.880030847465906 -2.057714704477083 -2.23228807025919 -2.40203386478632 -2.5729383473999814 -2.7423613520020944 -2.9063584960874493 -3.06333019689861 -3.2067345856719918 -3.3306409463621005 -3.435035805643567 -3.520421884007287 -3.586698269408629 -3.632390549412002 -3.6542966581426413 -3.647460279233165 -3.609820914377433 -3.55812047796543 -3.4897088508806 -3.400704722496937 -3.295974499349188 -3.1974347310805444 -3.124403324943574 -3.0796716667791997
-2.368527409579249 -2.404964657668809 -2.4349384240891756 -2.4450277451774385 -2.4140056863548836 -2.3372156275171756 -2.236291798535982 -2.121568351146205 -1.996647303692317 -1.877796535042991 -1.784374830590122 -1.7170295811776595 -1.6763473402653941 -1.662997658841223 -1.6804133119960958 -1.7320231901951653 -1.8187554030396478 -1.9404008081633881 -2.0948908382945666 -2.277491432843985 -2.4653251481721563 -2.6506727141867983 -2.835381655523457 -3.014639112165541 -3.183147021823571 -3.3361571240645396 -3.4701161681025336 -3.5827965491455056 -3.6729424932459076 -3.739619322074361 -3.7815168516949695 -3.796401168448062 -3.780795986236645 -3.7305382337802553 -3.659251730252521 -3.5711799414247363 -3.4611234587041246 -3.3400654388013917 -3.2367796925933066 -3.1552193061462734 -3.0984077218775727 -3.06920929141065
-2.5107333541935315 -2.5311477275889755 -2.546872774327329 -2.5476208238847997 -2.5237815433055095 -2.471853486387481 -2.4016553340095177 -2.3171222524430446 -2.2218295602048457 -2.1212796010767367 -2.039337460592283 -1.9820063815462297 -1.949508351563033 -1.9419605344059614 -1.9592836382811794 -2.0026742036355936 -2.0757733676318564 -2.177577864040655 -2.305294691053655 -2.4541296814135594 -2.6222002039943284 -2.808639583083555 -2.9995248708060034 -3.1791474698305815 -3.343606063927662 -3.489340669574775 -3.6133007408139766 -3.713083706470002 -3.7867722427793957 -3.8325691694765105 -3.848367777004026 -3.8313773956801644 -3.7778716149500324 -3.696178520713646 -3.5958055581271084 -3.4831467916307295 -3.3688295082756436 -3.2663529752535228 -3.1816623041810703 -3.1180015251961093 -3.0784327573534775 -3.065807096030441
-2.6115372613118337 -2.6157050842196297 -2.6146893187265787 -2.6042255251044253 -2.585460007513789 -2.5635459787672064 -2.5248470252494086 -2.4712575372925016 -2.4062215007126397 -2.3329165973461787 -2.262334351581858 -2.213854583039617 -2.18801985697008 -2.184443925264691 -2.202424756271306 -2.240779771136681 -2.2990323065058966 -2.380080048289158 -2.4812632616535124 -2.6014872560673155 -2.742383854450211 -2.897819409977304 -3.0603374893791364 -3.221910639060736 -3.3745814328053836 -3.511053298197988 -3.624818504787012 -3.710844152302254 -3.7667504022526686 -3.7902478177823262 -3.778776574484511 -3.731343665999424 -3.657282646763668 -3.571884475475229 -3.4781581415391485 -3.3788804126243592 -3.2822539926051797 -3.1994188730460635 -3.1338458405968246 -3.0887630870147142 -3.0672381742277524 -3.065807096030441
-2.6635296474549666 -2.6545957517547643 -2.6367614836755084 -2.6241727464076896 -2.6165550384799943 -2.6093462658249247 -2.60069327332692 -2.578583214096371 -2.544209788565336 -2.500516556107911 -2.450295471753808 -2.4096367991551606 -2.3891975470295197 -2.3881446205042627 -2.405271323080849 -2.438863117660424 -2.486521165262893 -2.546863977154568 -2.625541065009714 -2.725128582256697 -2.8414746979930503 -2.9692129140481507 -3.102130225663141 -3.2335697137289525 -3.356881052719395 -3.465841907874417 -3.554983361445743 -3.6197786012965487 -3.6566876600599034 -3.6630816872828027 -3.637089130485674 -3.5863433184321525 -3.5228465235905224 -3.449102404087288 -3.367636532390762 -3.28243010170367 -3.205749898583599 -3.142675389001075 -3.096533675135384 -3.07050441307288 -3.065807096030441 -3.065807096030441
-2.6623579797001833 -2.644330895719951 -2.626081888576385 -2.617005725748315 -2.6184981751339897 -2.62274103967996 -2.6280751433077585 -2.633991436265749 -2.6305602687900667 -2.616556511436552 -2.5943844308885735 -2.567002072179247 -2.5509342285569483 -2.5512861872675443 -2.5664519467880647 -2.5943315534518225 -2.632242804218977 -2.6813306711088956 -2.744819756166132 -2.8253502011818896 -2.9192694048241608 -3.0219627822865203 -3.128169337317302 -3.2322733269544917 -3.328627818313124 -3.4118610032658845 -3.4771216419842834 -3.5202354241351883 -3.5377643478327756 -3.527246565938388 -3.497356365355468 -3.454390410299986 -3.4002221807978077 -3.336934733216966 -3.266858712263377 -3.1997021418714273 -3.142785597537271 -3.0994379688135005 -3.07287804138659 -3.065807096030441 -3.065807096030441 -3.065807096030441
-2.6124403918381534 -2.6011856813675642 -2.5905532276870167 -2.5848365033937526 -2.590584043020651 -2.6059277312919455 -2.623229684158108 -2.6416034251189204 -2.6606207565377575 -2.676129343141504 -2.681869954452925 -2.6794646244772835 -2.6715625948178507 -2.672464157664922 -2.6848602954061147 -2.7074460917805854 -2.742074983138883 -2.786978196797789 -2.8393806908493184 -2.9020817866063817 -2.975339999638618 -3.0551429943267907 -3.13697186660178 -3.21601682155162 -3.2874144318170675 -3.3464745060350585 -3.3888676654289243 -3.41075391640167 -3.411660023478953 -3.3988849756842923 -3.3737364895175914 -3.3374067633305264 -3.291418488141686 -3.2375234453296216 -3.1821859511160198 -3.1341556136730206 -3.096676069781411 -3.072912994893025 -3.065807096030441 -3.065807096030441 -3.065807096030441 -3.065807096030441
-2.535026194952003 -2.5310668790086517 -2.528098873109191 -2.527325380216576 -2.5367159440013696 -2.5578197290989664 -2.5873924736357035 -2.6182902087605164 -2.6493967244960834 -2.6797483005641864 -2.708248446983935 -2.731110050579033 -2.7447200054683685 -2.751070398074447 -2.764348529297184 -2.7886503301628514 -2.822254708628441 -2.862920773087294 -2.9078287060730386 -2.9550184685343095 -3.009094607608353 -3.067777344689588 -3.1271357252729377 -3.182994703583747 -3.231112522357771 -3.2673517614757857 -3.289197478967428 -3.2999979798252994 -3.2998801080989866 -3.2889163287948397 -3.2676448550724744 -3.2369970911451738 -3.198217121067767 -3.1559010003071277 -3.118449848609319 -3.089007976065383 -3.07058980919604 -3.065807096030441 -3.065807096030441 -3.065807096030441 -3.065807096030441 -3.065807096030441
-2.4323956974973457 -2.4345029628421417 -2.4382672228564575 -2.444136962621976 -2.457419511626907 -2.4830894170545887 -2.519704067622807 -2.563545247581735 -2.607507043722074 -2.649883316727073 -2.6894212280372067 -2.7261027662444044 -2.759762122421103 -2.7900967355015136 -2.8155091466138042 -2.8413355969147154 -2.873553548449196 -2.9099215215832737 -2.947702741927335 -2.983676577854493 -3.019820850528072 -3.0588531083039596 -3.0973180500256117 -3.1317769556194586 -3.161406577290411 -3.18497774896867 -3.201150233951683 -3.209017460611221 -3.208122343441322 -3.198445047930282 -3.180367610644776 -3.1546224870611046 -3.1251274043119777 -3.0988977165820186 -3.07870296640791 -3.0673168028185374 -3.065807096030441 -3.065807096030441 -3.065807096030441 -3.065807096030441 -3.065807096030441 -3.065807096030441
-2.3155715273189106 -2.318155078181537 -2.325089241646744 -2.336533108014362 -2.3541536707830986 -2.385017162579463 -2.4277755434130635 -2.4799374082693255 -2.538250531843339 -2.5961323276936437 -2.651599277787566 -2.703846870153018 -2.7522784461203402 -2.7964539012438188 -2.8360289323661063 -2.870692435345874 -2.900694266511044 -2.93150224274015 -2.9620996985960018 -2.989368027085774 -3.011802961341041 -3.035896949502042 -3.0609478598324267 -3.0849624843259544 -3.106150426439503 -3.122992483343705 -3.134295660220734 -3.139229521031523 -3.1373413464615227 -3.1285505204542043 -3.113138137778149 -3.0954278379363744 -3.080076768338346 -3.0693951137303976 -3.065807096030441 -3.065807096030441 -3.065807096030441 -3.065807096030441 -3.065807096030441 -3.065807096030441 -3.065807096030441 -3.065807096030441
-2.1955236796185784 -2.1965052393631153 -2.204334177373476 -2.2196595200064735 -2.242404072522188 -2.279331033357868 -2.3299076986148437 -2.3908430582293714 -2.4588933178401184 -2.5311228202051286 -2.602856003977939 -2.6705018275958903 -2.7333295797400172 -2.7908016383176606 -2.842494597579168 -2.8880288722855907 -2.927007480469327 -2.9589640470687852 -2.983565207003137 -3.003372252640199 -3.0170840564136863 -3.0297618522613674 -3.0443490637052784 -3.059079836616727 -3.0723708191531793 -3.082874037642191 -3.0895199333859553 -3.091546787594443 -3.088514570962153 -3.0809944478258053 -3.073317085412686 -3.0676405278185888 -3.065807096030441 -3.065807096030441 -3.065807096030441 -3.065807096030441 -3.065807096030441 -3.065807096030441 -3.065807096030441 -3.065807096030441 -3.065807096030441 -3.065807096030441
-2.0746111926785837 -2.071799639243933 -2.0790011778657203 -2.0977129115051323 -2.127040818866599 -2.17163737207178 -2.23167296215082 -2.302727057699999 -2.380805254400463 -2.4625677163105433 -2.5452984910761973 -2.6267569264851103 -2.7034516982804924 -2.7735599553450974 -2.836635771255085 -2.8922773574412473 -2.940066650716099 -2.9795213543843992 -3.010057588959494 -3.030962315184224 -3.0413751826336886 -3.044484694392783 -3.049221829769479 -3.0552247940967736 -3.0610800704526246 -3.0655811594258777 -3.0677626619404124 -3.06716378521259 -3.066068759498824 -3.065807096030441 -3.065807096030441 -3.065807096030441 -3.065807096030441 -3.065807096030441 -3.065807096030441 -3.065807096030441 -3.065807096030441 -3.065807096030441 -3.065807096030441 -3.065807096030441 -3.065807096030441 -3.065807096030441
