_RESULTS/CROSS_VALIDATION_POSTPROCESSED_CLR/Berg/IZ/5comp/3/Berg_IZ_z_90_kriged_reverse_5comp_spherical_3.asc
ncols 100
nrows 90
xllcorner 5.6208707817415728
yllcorner 50.959635321741573
cellsize 0.00013419651685393446
nodata_value 1.7014100000000001E+038
[rows 0 to 18 of 90, columns 43 to 85 of 100]
0.41629686641993147 0.39262402278569075 0.37294702831173565 0.3572501941561871 0.34507226292841997 0.3357082130578939 0.34549979294135735 0.38359421073481814 0.4222093911147571 0.460672459259156 0.4984070772013781 0.5349103775189135 0.5695705185938154 0.6006292184391413 0.6278560674274583 0.6514286359115355 0.671502625304305 0.6881961283844336 0.7015743864649873 0.7116356534872245 0.7197277535269262 0.7271823785558647 0.7339103463257478 0.7397222576980982 0.7443309865894139 0.7480924024234199 0.7522241874254592 0.7563780083346747 0.7600907415634168 0.7628529267105835 0.7641203180285965 0.7641466501277809 0.7641466501277809 0.7641466501277809 0.7641466501277809 0.7641466501277809 0.7641466501277809 0.7641466501277809 0.7641466501277809 0.7641466501277809 0.7641466501277809 0.7641466501277809 0.7641466501277809
0.39295198611368454 0.36889015470769126 0.3502054451643638 0.33700709378968574 0.32913556787900666 0.32821323275120273 0.3431110036391497 0.3754185621719348 0.41333699073873853 0.4523396910491827 0.4909666609183668 0.5272221879629605 0.5594635457638351 0.5878675744550488 0.612653147296871 0.634046362014255 0.652257320371363 0.6674596502063945 0.6797712545685874 0.6892363251804978 0.6965745570028423 0.7037343313549509 0.7107344543656743 0.7173753395732033 0.7233459399076951 0.729015904475582 0.7355189603406023 0.7424439272019976 0.7492753810146995 0.7554518543281386 0.7603795851592273 0.7634442966622118 0.7641466501277809 0.7641466501277809 0.7641466501277809 0.7641466501277809 0.7641466501277809 0.7641466501277809 0.7641466501277809 0.7641466501277809 0.7641466501277809 0.7641466501277809 0.7641466501277809
0.37264166880389915 0.34853831613427577 0.33204862767090315 0.3234056485638125 0.3222973586606368 0.3297214551890333 0.3482437891196113 0.37748108294250393 0.41294569710286677 0.4507478355411001 0.4865595254105246 0.5187496459059737 0.5472590064455225 0.572219583513518 0.5938530479338341 0.6124165477193126 0.6281668913240275 0.6413318419716368 0.652084295638825 0.6605183861374629 0.6670072922722179 0.6736945469543792 0.6808469486224491 0.6882503235242151 0.6955621119666476 0.7032640258210381 0.712296170685047 0.722158235349104 0.7322726740361328 0.7420176449655471 0.7507433233812708 0.7577852693108427 0.7624747426989704 0.7641466501277809 0.7641466501277809 0.7641466501277809 0.7641466501277809 0.7641466501277809 0.7641466501277809 0.7641466501277809 0.7641466501277809 0.7641466501277809 0.7641466501277809
0.35546791635976016 0.33095601835827726 0.3174769083960651 0.3147588824718849 0.3207124277123875 0.3344338619132847 0.35605685560617606 0.3848593648873161 0.4184806090781553 0.4516665160239859 0.48218197452357425 0.509505245858273 0.533508640810482 0.5542914265964902 0.5720782002587912 0.5871559428644848 0.5998297724650259 0.6103866103921034 0.6190806451406061 0.6264264335419905 0.6324122818614433 0.6388029316887343 0.6459758447421687 0.6537083550362864 0.6618128663214091 0.671378203751915 0.6831215560315413 0.6961131716714206 0.7096971631019988 0.7231815679638514 0.735853370434552 0.7469933717825198 0.7558869069003968 0.7618309786347374 0.7641385379464921 0.7641466501277809 0.7641466501277809 0.7641466501277809 0.7641466501277809 0.7641466501277809 0.7641466501277809 0.7641466501277809 0.7641466501277809
0.3421745496877584 0.3154343120275609 0.3059460877044813 0.3109703603852524 0.3240350348989798 0.3428990358378865 0.367147373206981 0.39612822668202186 0.4255198490961275 0.4529759128344193 0.47783785074653495 0.49974697039762483 0.5186196342277207 0.5345733874266407 0.5478589196312442 0.559215327903242 0.5705982841974677 0.5816553258522168 0.5917995506582581 0.6005049925730936 0.6073727634215194 0.6140369011466211 0.6210942114680145 0.6282979145363221 0.6354824615035293 0.6440244537517218 0.6546256904148539 0.6673769931186515 0.682453308864003 0.6996105883951255 0.7163857715676163 0.7317461875032424 0.7449298318519428 0.7551967956789705 0.7618320747122844 0.7641466501277809 0.7641466501277809 0.7641466501277809 0.7641466501277809 0.7641466501277809 0.7641466501277809 0.7641466501277809 0.7641466501277809
0.3344967840352425 0.2999696158099293 0.298478925396096 0.3140903916875245 0.333641628050379 0.3564059200544123 0.382378231826102 0.4087594453035547 0.4329252066144783 0.45463140802479596 0.47360683616158017 0.4897027476862853 0.5029392387727744 0.5144164121409376 0.5272280968346172 0.5408051804689126 0.5543603061206615 0.5672157434678348 0.5787846568984463 0.5885485548434628 0.5960817410400492 0.6029262701776403 0.6097957675254779 0.6164121189659005 0.6227543785389231 0.6303138688011384 0.6393842908498788 0.6500334419633791 0.6624300900864506 0.6768496545762488 0.6936711034919228 0.7127575369327122 0.7303066705006505 0.7449304599423009 0.7558894299808827 0.7624775242495294 0.7641466501277809 0.7641466501277809 0.7641466501277809 0.7641466501277809 0.7641466501277809 0.7641466501277809 0.7641466501277809
0.3411951626937245 0.3079929841056738 0.3091038215684748 0.3273201465781216 0.34917895745266403 0.37382745154549935 0.3995117924146321 0.4219970832897174 0.44102442431166666 0.45681331749347887 0.46967686456746083 0.4798031779508303 0.49144680948640673 0.5055297943092092 0.5209641567259246 0.536803204759694 0.5522373907603324 0.5665841022303801 0.5792686756348604 0.5897954445586224 0.5977601661513385 0.6047110124556592 0.6113485945990711 0.6173533007058675 0.6230505890519336 0.6296886442907493 0.637251360660702 0.645773833694613 0.6554170287943071 0.6664729248651113 0.6793570345763756 0.6945927003656314 0.7127915245314289 0.7317442446055991 0.746995143096761 0.7577896674244655 0.7634472749896551 0.7641466501277809 0.7641466501277809 0.7641466501277809 0.7641466501277809 0.7641466501277809 0.7641466501277809
0.3623780915385416 0.341141422269979 0.338315693385256 0.35050569292604705 0.37023643544539286 0.3939239666497679 0.4157802087113146 0.43409534104996084 0.44873043878034147 0.4595096067501322 0.46744600042624573 0.4788701392186434 0.4936619545547507 0.5105659988673221 0.528454799798312 0.5463447029006826 0.5634048191217208 0.5789556244466345 0.5924517243187596 0.6034449863399387 0.6116116031427874 0.6186137997909179 0.6250110119306143 0.630448033977544 0.6358229559383293 0.641628778746878 0.647718266501349 0.6540818717046515 0.6608734643886887 0.6684118299716073 0.6771645771949832 0.6877225627682484 0.7007715519379395 0.7170655014158067 0.7358497687624849 0.75074590757063 0.7603846056460525 0.7641211106442246 0.7641466501277809 0.7641466501277809 0.7641466501277809 0.7641466501277809 0.7641466501277809
0.3869962041419799 0.3714983856263564 0.36846321443008134 0.37706438636548145 0.3939752318982567 0.4139242015195791 0.43116648242147837 0.44494972195405436 0.4549700107812026 0.4629584411956372 0.47526326659974105 0.490887929667581 0.5088198334427849 0.5285057932081336 0.5487646869797405 0.5685622356119377 0.5870391111496274 0.6035237401947726 0.6175216288914225 0.6286701287268558 0.6368282220173269 0.6438438248358527 0.6500387504550098 0.6552887541444232 0.6605706899577042 0.6656719745117152 0.670333588938272 0.6744884529760338 0.6782900781952548 0.6821033431363741 0.6864723749310229 0.6920795963310538 0.6997054764898114 0.7101939424729486 0.7244251332634466 0.742012929459281 0.7554547273459586 0.7628567905977713 0.7641466501277809 0.7641466501277809 0.7641466501277809 0.7641466501277809 0.7641466501277809
0.4071737113408206 0.3944904052938637 0.3917280724030655 0.39866876174590316 0.41334460274497886 0.4287603798649403 0.4419627249133786 0.45213555484553114 0.46045741934670537 0.4742358759454426 0.492497031153728 0.5134389348989412 0.5357467802291871 0.5583221326080238 0.5810481095850102 0.6028112198398172 0.6226215837859411 0.6397729609287962 0.6538515939682686 0.6646874060371945 0.6725977340101386 0.6796002968727022 0.6857038985504245 0.6914226006057689 0.6968701896632241 0.7014453433330556 0.7047289172464037 0.7065872454222284 0.7071937586172345 0.7069942748781846 0.706646789938531 0.7069580143937897 0.7088282984796737 0.7132089232157819 0.7210715205456129 0.7333876101785755 0.749270316255749 0.7600932196576783 0.7641324881956778 0.7641466501277809 0.7641466501277809 0.7641466501277809 0.7641466501277809
0.4192861644990542 0.40841958688756885 0.40618439475345314 0.4125426976208604 0.42479819590475376 0.43639825589326964 0.44606526195274243 0.45392274190723003 0.4682568068734644 0.48944306031290574 0.5153658652754392 0.5441835933100831 0.57352758795552 0.6014210970567788 0.6275005545372461 0.6516867968668248 0.6729268670446698 0.6904869403176418 0.7040441969598883 0.7136562222687692 0.7203331402250099 0.7263471650089117 0.7321447944526656 0.7384537715331263 0.744427591523444 0.7487160769109568 0.7506548096404988 0.7500515300480056 0.7471475745942904 0.7425296253284224 0.7370240798353596 0.7316038598141545 0.7273175840541886 0.7252407423773553 0.7264446428690046 0.7319782928794236 0.7428590594405394 0.7563735281298525 0.7633946433904863 0.7641466501277809 0.7641466501277809 0.7641466501277809 0.7641466501277809
0.4229944467554595 0.4133960805446214 0.4117778853912275 0.41815213535039675 0.42798722110014387 0.4366917730228772 0.44362310071537125 0.45603652685063534 0.4781028844606482 0.5081880447433632 0.543739226284492 0.5821305309482956 0.6207551243427989 0.6570604384885985 0.6886190540726421 0.7154955902211757 0.7382469642110459 0.756041006758561 0.7686264231119364 0.7763860954749409 0.7815306547089369 0.7863968389753546 0.7922612906104344 0.7986330864799085 0.8041388089018651 0.8075505252550399 0.8080267212868388 0.8046461074886614 0.7977381421993727 0.7881265420105981 0.7768797859319165 0.7651854630088311 0.7542679248611195 0.745339232501788 0.7395729061936575 0.7380921490320569 0.7419666864922055 0.7522064713268399 0.7618642683520306 0.7641466501277809 0.7641466501277809 0.7641466501277809 0.7641466501277809
0.4182546707510487 0.40957486991554914 0.4086139273712517 0.41511136306902907 0.4230564241858259 0.4297952816137387 0.4385377131982191 0.4596604691865823 0.4917138722566158 0.5320164119386853 0.5778382534468458 0.626416492171578 0.674973383584409 0.7207445020657939 0.7610264528648161 0.793320179750546 0.8179516625508982 0.8359631753592092 0.8470887306209117 0.852248176887084 0.8552018873665024 0.8594372764062268 0.8660548038691455 0.873475868523885 0.8790706506684337 0.8807537988942894 0.8776938935463333 0.8702184281765488 0.8585362497342692 0.84312421930347 0.8253799665165373 0.8067518270795206 0.7886583211243263 0.7724498516730163 0.7593949280084397 0.7506796018936839 0.7474133533724516 0.7506375954281533 0.7599599978524254 0.76414515384955 0.7641466501277809 0.7641466501277809 0.7641466501277809
0.4051497063406496 0.39714215446483114 0.39687029649461836 0.40344570325425755 0.41035788998876876 0.4168304403787102 0.4344696867683936 0.4659355370354763 0.5085899664182774 0.5596922213970401 0.6164227099482916 0.6758972923839014 0.7351781340971943 0.7912879909920125 0.8412386171874955 0.8820928546178703 0.9115608264120504 0.9302690148565318 0.939574147618781 0.9412668582973351 0.9411870721135452 0.9445980510695623 0.9531698811976976 0.963408460985026 0.9701235246025096 0.9700589474933442 0.9624483451218298 0.9482013817481891 0.92909226741853 0.9066981719528808 0.8815098721510672 0.8551785756511836 0.8293140177898055 0.805388495030716 0.7847442311333395 0.7686085605113564 0.7581109754464241 0.7542993021962684 0.7581539374343051 0.7639464233516928 0.7641466501277809 0.7641466501277809 0.7641466501277809
0.38383140066425847 0.37631150868282237 0.37677274105542224 0.3836220177887395 0.3908782318935258 0.40317674759338296 0.43130740514520316 0.473596992133297 0.5273776091276192 0.5898593805323687 0.6581533695292356 0.7292816767043945 0.8001779795298957 0.8676825716241773 0.9285391808645188 0.9794095927719055 1.0169440237583995 1.0395537494935974 1.0475092595605933 1.04544428340947 1.0397362720796053 1.04092667042003 1.0541927278468013 1.0704038803499196 1.0791791561704482 1.0764939447418542 1.0626244686183577 1.0397208360678307 1.0105469892086074 0.9779132470179804 0.9439804228309743 0.9091053437310487 0.8748674639156849 0.8428192911667717 0.8143385236690803 0.7906612292835353 0.7729102955578543 0.7621186831006445 0.7592479707483586 0.7635900553366671 0.7641466501277809 0.7641466501277809 0.7641466501277809
0.3544991059083502 0.3473259641725617 0.3485927067265767 0.356647424392076 0.3669853078594343 0.3888664463877459 0.4278383957848306 0.4813584719103411 0.5468542033595453 0.6214793501787083 0.7020600752213311 0.785476462875325 0.8686584595252309 0.9485601155231378 1.0218136363400723 1.084602921169605 1.1330121705415908 1.1634120526228455 1.1754365753760547 1.1703706355565782 1.1534848735839491 1.1475269479020302 1.1732150004120077 1.1998497721692871 1.2096930015455094 1.2013868334177333 1.1780107923611323 1.1436068438169225 1.1021060413517614 1.056997478781793 1.0112794896121182 0.9668753919186263 0.923727233360553 0.883241984924802 0.8467782326087758 0.8155390395680426 0.7906092104289142 0.7729832516424187 0.7635862825959874 0.7632767194619466 0.7641466501277809 0.7641466501277809 0.7641466501277809
0.31739391816329454 0.3104668469792523 0.31295522247729324 0.3245144668407245 0.34078212349879644 0.37521238998944273 0.4281273800988037 0.4962084795082278 0.5761248032550605 0.6645831546201022 0.7583610784402358 0.8543198559168035 0.9493944961112254 1.0405572941684385 1.1247497016457897 1.198774990242644 1.2593905707153323 1.3032332056220197 1.3275558971683425 1.3277748277127723 1.300866649245019 1.2658685107524974 1.3287496285815112 1.3621490721345828 1.3656690631085908 1.3452197151342131 1.307264097277373 1.2576445475497573 1.2012153354854676 1.1418858308302144 1.0828015773682746 1.0265334668744137 0.9740677807222397 0.9249972577284967 0.8805595378487807 0.8418789055912205 0.8099697667546157 0.7857652921653033 0.7701378675788715 0.7639138483898223 0.7641466501277809 0.7641466501277809 0.7641466501277809
0.2728031650811157 0.26611154119438307 0.27272647205567246 0.29283750183499957 0.32268372397799583 0.3731058380179868 0.4417374594506449 0.5251099633558354 0.6197778984340667 0.7223732314439271 0.8296448968400035 0.9384775231194318 1.0458857893078952 1.1489812629154852 1.245036295108684 1.331475086966137 1.405262865814939 1.4640168797450646 1.505365543068454 1.5269071764582907 1.525182684059827 1.5235197419805666 1.5521160750821448 1.564782137874215 1.5473944231361958 1.5054682337171024 1.4467894506011814 1.3780008011114298 1.3041930751172688 1.229204979162464 1.1559901952873635 1.0869016508201608 1.02385467361071 0.9662983032058726 0.9141064680158386 0.868283181922313 0.8297449603424635 0.7993452962529396 0.777891528206651 0.7661566632252306 0.7641466501277809 0.7641466501277809 0.7641466501277809
0.22163556198104728 0.22080280105723027 0.23850711804541624 0.27060274326730993 0.31586422554963745 0.3825388483552534 0.46713485832477875 0.5660082849165077 0.6755760034754297 0.7923830221668284 0.9131554698329375 1.0348606415565924 1.1548235934895066 1.2705137330917278 1.3795566104342547 1.4796715167354344 1.5693527137359835 1.6471209009117578 1.7106305852311685 1.7593504603292889 1.7919672990117672 1.8133075603524382 1.8193975599819487 1.7977939488677208 1.7468752916994852 1.67470352371391 1.5899063397024857 1.4989003953527862 1.4061507537636464 1.3148436474163205 1.2273796582735252 1.1456760226379727 1.0713455342872011 1.005294035495341 0.945824194130588 0.8933638535656928 0.8487151219905185 0.8126418781656211 0.7858805139781204 0.7691472848038813 0.7641466501277809 0.7641466501277809 0.7641466501277809
