_RESULTS/CROSS_VALIDATION_POSTPROCESSED_80-20/Berg/GZ/8comp/1/Berg_GZ_z_250_kriged_reverse_8comp_spherical_1.asc
ncols 100
nrows 90
xllcorner 5.6208707817415728
yllcorner 50.959635321741573
cellsize 0.00013419651685393446
nodata_value 1.7014100000000001E+038
[rows 19 to 37 of 90, columns 0 to 43 of 100]
29.563432015338986 29.596754067194773 29.63131390972547 29.665228108308067 29.696727996997367 29.72421170075965 29.7462994313165 29.761888115946288 29.770200184170704 29.770820887522518 29.763719244516896 29.749249634971655 29.72813381076147 29.701425898656115 29.670465071047648 29.636821479458646 29.602240762762914 29.568591300307222 29.567536327749682 29.7595748707508 30.160956760293733 30.763815443157693 31.55917355626548 32.52957929853559 33.661643481397434 34.774896472616504 35.69476680985536 36.403616069078325 36.91143629625715 37.22846594756074 37.42716667749222 37.59260390227575 37.72226907973772 37.82624305908047 37.80784904472036 37.461234119069545 36.4609564448442 34.639172313665554 32.2764872437349 29.786184322977 27.473165473734678 25.573060069399574 24.277397990525916 23.661480370404718
29.61970576821053 29.663679575497486 29.70818901918924 29.751168605767447 29.790657614745463 29.824860966858935 29.85221663891301 29.871464677821447 29.881710663190432 29.882475332970042 29.873722824437827 29.855862835062 29.82972633229784 29.79651888677239 29.757758857350215 29.71520873690867 29.67080708650694 29.62660639100017 29.600054382614427 29.74730937655329 30.10122835071976 30.653320979082583 31.39563226311185 32.317810915020424 33.39920293158964 34.46976565198205 35.3169039581962 35.94622716873646 36.365694465186934 36.59024573814221 36.736278595193774 36.83053254949688 36.84764651067718 36.74761780345342 36.48878550601559 35.938409518465676 34.947185915143606 33.474501834810525 31.66587876238366 29.76849610026106 28.019656983004655 26.590555029531586 25.591832836082123 25.061154666499885
29.686975361684485 29.74188612905116 29.79669315432607 29.849131177181086 29.897021634450294 29.938343407593347 29.971315256875712 29.994484023775886 30.006808761238556 30.007728368596965 29.997200764085143 29.975705901919202 29.944212018939197 29.904111808290274 29.857140058112368 29.805285346828786 29.750706184752012 29.69565816591593 29.64573823924302 29.736534899305216 30.03083257101704 30.51934709222191 31.193265904564154 32.043595313215576 33.0396063076303 34.02676857084881 34.79883352477177 35.34532633180672 35.67220040691276 35.81752694717705 35.89991058086127 35.91541139792228 35.83822404574485 35.62731965344447 35.22355692363309 34.583578191478765 33.663533984418564 32.46749444176466 31.092441549200238 29.697453209898395 28.42804919533406 27.391242555700764 26.68725194778182 26.29944539417717
29.762957759064673 29.82905774181296 29.894500979895966 29.956805303189494 30.01354590515146 30.06243623462941 30.10142853973124 30.128827684351972 30.143404922558563 30.144492689917602 30.13204076871049 30.10662065091852 30.069377029416177 30.021937936929028 29.96630263742509 29.904726743155702 29.839618949474673 29.773456832748924 29.708723239131025 29.732919267616314 29.956517803642196 30.37002260983633 30.963645604523283 31.726742971948273 32.58518746131199 33.46457487918 34.162582510545604 34.62737972677957 34.863344313639985 34.942048639748876 34.958562947097626 34.89926977406076 34.743042503871784 34.4611513661008 34.0192181495958 33.38618262460434 32.556254413326016 31.584624342335886 30.552043858053953 29.553531277609345 28.660358997420417 27.978717633883647 27.56731715480801 27.377540409322027
29.84522853939704 29.922718512001378 29.99911347346372 30.071700285674442 30.13777852884814 30.1947499894178 30.24023983176884 30.27224431402129 30.2892878424485 30.290560136208818 30.27599998958478 30.246301853040787 30.202843263910918 30.147554031206543 30.082760149140647 30.011033088972912 29.935063768649584 29.85756804466062 29.78122187550255 29.74373430141227 29.886770139273892 30.215360263645653 30.718691631060686 31.367259242319122 32.06812155937187 32.80271721986671 33.430882170265434 33.8192077123328 33.971909341819575 33.993761406003536 33.94784328882765 33.822478581115924 33.603215608670176 33.27399180562169 32.820736016699236 32.238681516620055 31.54293234638311 30.777931381010955 30.01292304571604 29.295914790432743 28.716800427513622 28.356237666006407 28.234839456262367 28.291969791780886
29.931221709837413 30.02022334884391 30.10783945532308 30.191119177001095 30.267059813921506 30.33269963099149 30.385259652544867 30.42233495934406 30.442115817808933 30.44359355003244 30.426691519351706 30.39227558217531 30.34204012350527 30.278310105818175 30.203818736944132 30.121509433458897 30.034385754532085 29.945411320427844 29.85745033833873 29.777620464338696 29.83150430310959 30.066845639145022 30.4718160192563 30.979868072012668 31.520536210036887 32.08606488804816 32.62586241092605 32.94635050003232 33.030189891450206 32.99964969230905 32.89753183861953 32.71558696311564 32.445769240896794 32.08241457419135 31.626063678781318 31.089028993911267 30.501623647310723 29.916239231500324 29.361848703627253 28.88757828239704 28.58235358785162 28.514114158450628 28.676545721986617 29.016994455562482
30.018234660192515 30.118750915153896 30.21777486048387 30.312125074471552 30.39847985927335 30.473461257588603 30.53379051395512 30.57653121546524 30.599405586915523 30.60111653292411 30.58156466163304 30.541865981853313 30.48416195501033 30.411306277970805 30.326541648300037 30.233242783586356 30.13474757024472 30.03426324758586 29.934823728527242 29.839276899944934 29.801770934286488 29.93705584479409 30.232056129999695 30.588997507807868 30.970251619596784 31.36733788762523 31.76806627564987 32.031994993600186 32.06069466819261 31.983419143070947 31.832563523943474 31.602871919815005 31.291212537533326 30.89910898887008 30.436411504312694 29.92588686493726 29.40774581076041 28.928107516853192 28.50099884798748 28.21050300596701 28.1389741299869 28.341804125198422 28.786753934592706 29.429300312224253
30.10344339946034 30.215303831443652 30.32578326926707 30.43149991310784 30.52883363538416 30.614358392014285 30.684023043157495 30.73380566956087 30.760515528352084 30.762325520522403 30.73915951905012 30.692723371878277 30.626159716036618 30.54333134176747 30.4477046976826 30.343079193135857 30.233126769028097 30.121270662187268 30.010676672843474 29.90426852938488 29.80950710837686 29.83934136632822 30.010522164984156 30.21863909260781 30.44421776467448 30.67819412836572 30.909448845610253 31.096339291952507 31.082710804798193 30.965790990876975 30.77438602256547 30.505324580054367 30.158459756406803 29.73916447157968 29.26175615509239 28.753765012083164 28.260545611771988 27.801887241387107 27.42940579946067 27.248336593962197 27.34672628131822 27.768728480837474 28.454345624970586 29.350649985225967
30.183935515415595 30.306783088062183 30.43007262095938 30.550253599583815 30.66263919762694 30.7622517514665 30.843930883939706 30.90265408224091 30.934180722870785 30.93595303397276 30.90784029931542 30.8522036587697 30.773227917726786 30.676003676048808 30.56582375059299 30.44781215909149 30.326328399183556 30.203481515942414 30.082304178249224 29.965744029294232 29.856504706786957 29.78759184148123 29.828022216527007 29.892625059800405 29.971159729310692 30.052754719029522 30.125111128308486 30.17027528267025 30.11987699901475 29.969071793217143 29.743434700954037 29.442313391139983 29.067097429526438 28.622573554664143 28.123191272037225 27.595651163249375 27.076148989169557 26.570170027883393 26.17357107986423 26.02063715883543 26.226773323132473 26.82455448116785 27.70354923384581 28.762644933836352
30.259433218621023 30.39773937360659 30.537343267104955 30.673720695240213 30.80193701434458 30.91655642398461 31.011602746507005 31.08076015946169 31.118164340011 31.11996993692467 31.085938058187995 31.019589390617142 30.926755163995388 30.813913898332018 30.68726282224717 30.55244171177839 30.41454867688535 30.278230578244308 30.14702602708701 30.021304506470404 29.90554315235525 29.80632635605101 29.727286329586533 29.666295324163585 29.61311945503942 29.556514996938034 29.48419980384176 29.381504484537267 29.226622496344312 29.04765992753422 28.79172968474223 28.458710226101246 28.051643349550513 27.578060289659568 27.053602762829026 26.499065351570124 25.917979036949284 25.31486877215578 24.806683463561413 24.580691076354835 24.838560777072043 25.604371600613018 26.657537867806504 27.806787802008685
30.33594365033921 30.489634243257292 30.64480492908111 30.796899491865105 30.940898883844902 31.071122778207176 31.180939163011157 31.26254041292851 31.30751434829725 31.309490855905537 31.267987977063548 31.188838908370787 31.0805654707666 30.951340588861694 30.808144036997394 30.65691846577651 30.50286668635136 30.35066935630693 30.207876490463963 30.086175611553433 29.98313581571447 29.89529797034516 29.75367863814847 29.575210399754358 29.399995881455737 29.216730239458744 29.013367644554577 28.776991485800323 28.484020181615378 28.220109206565812 27.94452358404659 27.590962089027077 27.164109378948936 26.673064178313382 26.126206176288196 25.537261591923833 24.880347346056332 24.156231861016927 23.45267092730136 22.99933206373978 23.26194801582213 24.27171464097377 25.515844587437257 26.717948172510965
30.410521440037673 30.578200562716784 30.747579291655967 30.914152966946844 31.073000829030796 31.218553737464845 31.344079362674016 31.440660225228807 31.496179575651702 31.4986268664677 31.446860745563992 31.35210476671963 31.227138616461442 31.081594437505412 30.92267178562174 30.75622906321186 30.587871500497798 30.43399850209135 30.300844769557344 30.1883613431325 30.09631746119158 30.021937240388123 29.884807568821575 29.634925821585867 29.34804899389557 29.050229405402874 28.729856351640027 28.37502304638987 27.96339908167346 27.554524251458197 27.207740984094148 26.852348985571528 26.428715082563702 25.939894258063422 25.391347663373754 24.788122303061574 24.07889298952882 23.26513802726173 22.38233318210458 21.49545274605792 21.71032423470406 23.14864780160883 24.536743420749456 25.77632219983007
30.47383138174134 30.65419790896881 30.837466078769765 31.018499063536442 31.191349391969503 31.350261863844015 31.490578216493958 31.604181459108922 31.675962753514952 31.679700740043458 31.61186229277339 31.49870454449345 31.35755385400829 31.197542170675703 31.025088455349497 30.84839635699968 30.68818240496211 30.548029441068508 30.427884717480637 30.327357753740337 30.245856343096158 30.182452284483148 30.06065222804517 29.82144878761057 29.472037346563035 29.07185988096585 28.6483326050543 28.190529362905153 27.67959497901756 27.14139080185823 26.672234868444374 26.25635525885683 25.84907710193205 25.382762917869922 24.860200571467146 24.28152431021101 23.59086926881706 22.80289970891023 21.967860024363485 21.239815442570254 21.452710986537195 22.664161888338462 23.983827917920223 25.18513973695641
30.48504715055796 30.676015475541657 30.87265214808619 31.06980385576652 31.261568222329274 31.44131826259263 31.60170384718463 31.734432417554704 31.830503658552555 31.838759658203962 31.743883135276075 31.615016294855273 31.462650797547052 31.292666730194874 31.11464797640618 30.952403338967756 30.809536884404032 30.68624176991401 30.582203934520557 30.49673202702165 30.428879506546135 30.37757258329446 30.275966818052698 30.060106981323738 29.730624664388174 29.29389941652742 28.78144715454053 28.23534402949548 27.641601079027424 27.00535604075191 26.428422956761217 25.911812148943387 25.43882249905366 24.99330727694752 24.523333565337772 24.00845182511673 23.401332561352856 22.742414762204227 22.12817985889199 21.76414350349298 21.967673004157767 22.785916348541832 23.888877411227323 24.966558127920337
30.437243373686186 30.635705968563194 30.842334937121812 31.051725135553564 31.257629238559943 31.45300739070787 31.630048119755422 31.77987004007501 31.889152600093734 31.905820935597106 31.81770535767582 31.690222038690617 31.536376180421605 31.36629817030337 31.20778484626927 31.067082577477155 30.945109230489155 30.842030616866044 30.757408154450687 30.690322301538764 30.639493824585657 30.60341828483077 30.529712726365016 30.343314862148613 30.045402601558813 29.637104537124447 29.12520737317015 28.520269615208743 27.866037789984553 27.160197093431837 26.484594764316988 25.878767338331183 25.329169925251538 24.82590651265443 24.363733537888997 23.92726650380816 23.436242275339215 22.933032943720573 22.515847649790572 22.324657619512468 22.52763842930192 23.180513095006177 24.105596154869506 25.059742936264172
30.331640335876585 30.534679937385423 30.748250492775682 30.966496893494195 31.182510070184126 31.38831736383201 31.574702231549388 31.730298825693914 31.838512081428327 31.875845713231115 31.83388522397637 31.726590117796665 31.58037922038407 31.43441339192731 31.302377312803344 31.186823775662443 31.089060775709758 31.009436657189443 30.947518263268 30.90222770022453 30.871971018631754 30.85478176819439 30.816067173022383 30.66722798591818 30.409015572201277 30.04007426291267 29.56435389182323 28.99932709943394 28.3494774013343 27.61095394225982 26.848056803631128 26.16024222779795 25.542736619876045 24.989468272979938 24.499941665707837 24.06659452485549 23.63763954028325 23.24947169220767 22.967034123633564 22.876027375634457 23.119138225844278 23.69214561751603 24.50602029035775 25.383089173408084
30.170365410635164 30.375576850688702 30.59385473121682 30.818836635270248 31.042909042613687 31.257251464457504 31.45181485881594 31.61506978793222 31.733708851297592 31.794432697953656 31.790002719324335 31.722067028847533 31.613432613167376 31.49837851123067 31.395280316883955 31.307384013967088 31.236442010939967 31.18306477012456 31.14689119656644 31.12672424508867 31.12065710163914 31.126215680134422 31.125966856487498 31.025678317405358 30.814005312966046 30.494433642996583 30.070686166244233 29.560385518601613 28.96000280813341 28.26780403111977 27.49943552895957 26.75473037664844 26.077129582252233 25.476498761700572 24.96009201288244 24.525677767691395 24.11971628542554 23.768534629595315 23.521058974203708 23.498173937347488 23.76573697504542 24.294678220440446 25.012152896774886 25.807843525139496
29.956223822210585 30.161892809469443 30.383703404353817 30.614850274244265 30.84714270797802 31.071203696023712 31.276750203833558 31.452898473618852 31.58858495768576 31.673639792264215 31.700923192736507 31.674362663820755 31.6248079228371 31.55779918304478 31.4844948203439 31.425359691476917 31.382875325656357 31.357870202596832 31.35005327101557 31.358114684000853 31.379824043529137 31.41214698321827 31.449141369326156 31.408330825840174 31.253672031532144 30.991944162443758 30.63522973869155 30.187838997266653 29.64326952783048 29.00429444403724 28.2847986148556 27.52768532001661 26.833461980886824 26.216718594008427 25.687731812706165 25.253711018979885 24.861105000141116 24.522352777757813 24.297567909505506 24.307895769201924 24.559950761036426 25.024669028923253 25.64914704391587 26.36625585417938
29.69237839439211 29.897489198393068 30.12269516579024 30.360847432962206 30.60327853111393 30.840146411892782 31.060916629337022 31.254879885382575 31.411639715059962 31.521766191926275 31.57809607724994 31.60101273818295 31.606755473824062 31.595458369509842 31.567967565713325 31.537553243764243 31.524153204018486 31.528882925030615 31.551485082675075 31.590532605111555 31.64346982234747 31.70666648983131 31.775529766198773 31.8035686474997 31.71682608358533 31.526127967267858 31.24468631238952 30.866301506444234 30.382139738107632 29.79975241049194 29.1348012916405 28.40632138772486 27.690693103281244 27.056588262446233 26.514665828160183 26.075918028950184 25.68933505242973 25.34787202325427 25.156001135799883 25.18586217564853 25.427024613270948 25.85026607691364 26.412363871355844 27.06250117307433
