_RESULTS/CROSS_VALIDATION_POSTPROCESSED_80-20/Berg/TZ/3comp/3/Berg_TZ_z_90_kriged_reverse_3comp_spherical_3.asc
ncols 100
nrows 90
xllcorner 5.6208707817415728
yllcorner 50.959635321741573
cellsize 0.00013419651685393446
nodata_value 1.7014100000000001E+038
[rows 57 to 75 of 90, columns 43 to 85 of 100]
1.3893612329032075 1.4571084626994546 1.5328957834043988 1.6181025887383884 1.7113023326121464 1.8058397446841319 1.8942396068655731 1.9629929407040276 2.013157033865481 2.0560838668227435 2.0920757017707827 2.1169749447526875 2.1267146497269582 2.117395986458823 2.085964609091997 2.029394851944696 1.9413946242496316 1.8139839310809276 1.6410119413113753 1.4413199078441403 1.2541830785360797 1.0916058063795868 0.9542121835572199 0.840543910098447 0.7756582356920835 0.8044646995679633 0.844712167446708 0.8925660046975342 0.9470969648927283 1.0070851366426035 1.0704104122546882 1.134742282661605 1.1992632032365902 1.2635240366281106 1.3267944527218638 1.394698985935191 1.4652880447722938 1.5313537016336949 1.5890096863843228 1.636911543439725 1.6741393378974554 1.70002065054514 1.7141178770501218
1.4047392277050705 1.4707371080211937 1.5454583013823324 1.6294707864297944 1.7232776966131667 1.821092402534422 1.9117432153352862 1.9824662605137182 2.0374568805826434 2.0840673371800307 2.122098918210925 2.150720124690934 2.1637192592724817 2.1582441802601804 2.13273300510112 2.0828604304891005 2.0057591143888507 1.9007541456211676 1.7522927819146095 1.5446817011069673 1.3505547147642782 1.1819644152619113 1.0415663643456363 0.9344551439236971 0.8771221861194544 0.8739360017062646 0.8978919983117651 0.9343341969919112 0.9784791621788254 1.0278559585815676 1.081147365523132 1.137726906767744 1.1958320060948762 1.2540431252794395 1.3162753098922781 1.38518505844359 1.4559562971562325 1.5230822104800723 1.5826899447700586 1.6333120940107964 1.6739101168881751 1.7036677481410283 1.7215406967714195
1.4258998914332464 1.4881456661741777 1.5592509274501143 1.6391774994810087 1.727670324908057 1.82373304380143 1.9161121670570078 1.9888235182447926 2.049099645682261 2.100606029205932 2.142945548798041 2.1747877151141006 2.1918810125743176 2.188974757231813 2.16494159931299 2.1180511500426933 2.0461818486615364 1.9459735378172256 1.8043287399995063 1.6242629040180943 1.4437129523534802 1.2798496093980827 1.1431159136964593 1.0416130985837175 0.9809996266720278 0.9591732171986833 0.9643698148305114 0.9857978558719693 1.0178228327167858 1.0572685278288836 1.1020576625357876 1.1505239874669637 1.2011412301416735 1.2563555723804143 1.3188087907366661 1.388419282969752 1.458888000587264 1.5264435760527468 1.587216500133825 1.639703612516024 1.682770381921349 1.7134389385652988 1.7262053030346736
1.452191396376547 1.5089296565742087 1.5743811942457004 1.6480549878342698 1.7292191513578234 1.8166445366482504 1.906195174632693 1.9816447922910003 2.0470835524066158 2.1032336722485208 2.1483696754426247 2.180971530108857 2.199907754337338 2.2003097584589932 2.1783993244572075 2.1328688661863042 2.061819878548436 1.9624159402881216 1.8321640358623315 1.6785604593332324 1.5201905792326214 1.3725985537571106 1.2457848316984657 1.1473380593893565 1.0820118356499329 1.04808651174174 1.0389690595450107 1.0475319578399338 1.0683975800403023 1.097957290538899 1.1336986190084284 1.173699065701364 1.2197229709026844 1.273700426845752 1.3358965976678931 1.405101690155937 1.474667627978189 1.5419705715771999 1.6031754751261422 1.6558355112321927 1.6953171309914281 1.7189786515063077 1.7266648370761406
1.4832656316441157 1.5329846874115522 1.5911321601530994 1.6568593201909505 1.7290915960502438 1.806351046191162 1.885796343735455 1.9610618763164283 2.0310745289903056 2.0899502328430732 2.1366084684888373 2.1699992830888744 2.188974660625503 2.1920531895720314 2.173884758386789 2.131734865942679 2.0646097328910002 1.9719369280862997 1.855520294142934 1.722565442425189 1.5849559484624638 1.4544258911898698 1.3404032863684943 1.2493216041328101 1.183528453807678 1.142150822066973 1.1218891491952003 1.1189027213335043 1.1289166300518014 1.1484805672721174 1.175151429969228 1.2103217932384618 1.2545236467892207 1.3076972873875854 1.3701241897133116 1.4379770235315734 1.5062286256290442 1.571017270817628 1.6274599471161912 1.672880736134646 1.7047226166586893 1.7217799106947467 1.7267282858263648
1.5191031275913607 1.5605516208509689 1.610023213913267 1.6663717956335304 1.7283033999328887 1.7942385734110147 1.862894996964852 1.9330800363967182 1.9995464626446173 2.0597281362535766 2.1079419055960598 2.142398163553233 2.161988859132766 2.16552754930735 2.1515746018021455 2.1155074400974856 2.0558158115891914 1.9735703638494555 1.8720046481467003 1.7574240724865655 1.6384804505977026 1.5240960840984488 1.422579356861705 1.3389409567374773 1.2753392616046946 1.2315933180948198 1.2057316112474943 1.1948751086447646 1.1960330896275644 1.2075021592478699 1.2300018417134195 1.262785767727506 1.3053671435559258 1.3575268178362279 1.4184569791902393 1.481492472417768 1.5437108525008263 1.6011170493253377 1.649657263436976 1.686808040476941 1.7110625595617763 1.7243132479976144 1.7267282858263648
1.5621165030347894 1.595254474871105 1.6349448209088169 1.6805663895882654 1.7302984664046523 1.7821678007306976 1.8392415198769714 1.9025708709142373 1.9624317729791747 2.016782123534989 2.063266467609455 2.099002373147219 2.1199432713289506 2.1249205492003935 2.113030750431793 2.0835547871960314 2.033885362990871 1.964058484138924 1.8776332070546686 1.7800246545669522 1.6779382941125465 1.5787459653900275 1.4891292423829565 1.41306347117301 1.3526301803872358 1.3081530958218406 1.2785779555248682 1.2623858613769527 1.2595304074534295 1.2688622752418652 1.2893012058516156 1.3200913371216034 1.3607606057225117 1.4110623484630709 1.4672861229482277 1.523918108409562 1.5790830503708109 1.6281965237731515 1.6679880420870252 1.6972057840011312 1.7169444943330634 1.7261659914312377 1.7267282858263648
1.6111338159478652 1.637310660530677 1.6655354337100996 1.6985454425276807 1.7344490677351339 1.7729345690083176 1.8199230027564035 1.8745740281474355 1.9270427648783501 1.9737895912985373 2.013555540325493 2.044671236435612 2.0644936748779195 2.0712391062485085 2.0625808911066166 2.037592427468232 1.9966390778388032 1.9400813546440072 1.8686973001013358 1.786996420201437 1.7004921459719726 1.6156694140389423 1.5373627092541011 1.4689566198972306 1.4124424967661748 1.369289753294568 1.340057706737205 1.3241840822311428 1.3207997187218623 1.3290001980633237 1.3480036861514035 1.3772153632446162 1.416233720858012 1.463758572893026 1.5135171301620656 1.5631689121952828 1.6103569976444534 1.650409015857467 1.682707768591456 1.7070073002029345 1.722043950053527 1.7267282858263648 1.7267282858263648
1.661707383534039 1.6817238179368172 1.6993972305569216 1.7188993457603596 1.7406845740829329 1.7694161172198397 1.806334516959969 1.8505539016496189 1.8962925098730716 1.9359809321083352 1.9685897975022044 1.9931278804835744 2.0086507108028333 2.0131553457379803 2.0048022357512827 1.9830195458872248 1.9478891119440216 1.9003529757014779 1.8423361714687625 1.775608561972258 1.704279617124639 1.6333497683841256 1.5668507191829741 1.5080166002964184 1.459114131187487 1.421456029332885 1.3955548920882752 1.38135437196327 1.3784705457453392 1.3863924062703668 1.4046187114148325 1.4327336578370469 1.4702791392569552 1.5121957476355825 1.5550393042576671 1.5972397630264215 1.6361372932873515 1.669744551240646 1.696716243372055 1.71573157068204 1.7255777659749956 1.7267282858263648 1.7267282858263648
1.711843754903038 1.7257994636613396 1.7353996676835972 1.7415672138207934 1.7530225347504396 1.7726392714503818 1.7995178347408627 1.8327299638913965 1.8704732610857162 1.9039197455497945 1.930309201183368 1.9489561517406366 1.9592662420760223 1.9608022142671866 1.95267604385828 1.933075359509593 1.9022253692197604 1.8611103281809815 1.8114328806195512 1.7560545895049087 1.6985229777228186 1.6414667749276504 1.587291715400459 1.5387581685541034 1.4979552914259395 1.4662662568958504 1.444452839572051 1.4327997916112813 1.4312768770108724 1.439684882745269 1.45776690267163 1.4852808072098975 1.518797282598181 1.554080516110248 1.5903707042987936 1.6268863297413876 1.660059537163703 1.6879295047414429 1.7091521246070094 1.7224620751249826 1.7267282858263648 1.7267282858263648 1.7267282858263648
1.7598340638090335 1.7679333250594929 1.7694844621964232 1.769967133984505 1.7733310449949482 1.783636919428359 1.8004724147852085 1.8228959108202916 1.8499312535881864 1.8776158300045598 1.8986135667855768 1.9122622410970624 1.918267705615154 1.916502995946394 1.9070746054793246 1.8898189528228235 1.8632196294375305 1.8280270706564479 1.7860799258472342 1.7400727057777294 1.6923252085031295 1.6452156075336812 1.6009959862646403 1.561624379831048 1.5286610074558247 1.5032183676680273 1.486026548032828 1.477586400163808 1.4781209185845146 1.4876736417260223 1.506329632174162 1.5319264400637749 1.5606179269159641 1.5914952143589338 1.6236596820081908 1.6548728308833835 1.68205190252346 1.7038480859155392 1.718978391095196 1.7262442557902955 1.7267282858263648 1.7267282858263648 1.7267282858263648
1.8038853420760832 1.8060528365897457 1.804481051448811 1.8027317754915748 1.8021740371841521 1.8034860185229478 1.8101939901607491 1.8219557972643594 1.8378491989559795 1.856904155532919 1.8732055737852886 1.8825889476581161 1.885013600576261 1.88059913640715 1.8696723973452571 1.8528162635617844 1.8301593312954538 1.8007464393041555 1.7663237017095164 1.7285956989201638 1.689455448805049 1.650855158009115 1.614665499201307 1.5825573731324494 1.5559248219628774 1.5358565032576255 1.5231521583349235 1.518372755696609 1.5219096478012162 1.5340588818439538 1.552835536330547 1.5751316156542172 1.6001687029282032 1.6271305170175852 1.6548154674820557 1.679960677453571 1.700898646814496 1.716362034442392 1.725139972928849 1.7267282858263648 1.7267282858263648 1.7267282858263648 1.7267282858263648
1.8433085036427581 1.8440768426213296 1.8427611344360388 1.8391289354269518 1.835425731927439 1.8322154006032634 1.82971438259058 1.83080718661668 1.835771543244316 1.8437649569846715 1.8536669493633546 1.8593683948830528 1.8587731205855706 1.8521933263391788 1.8401149630040798 1.8232326990414327 1.8029255148805294 1.7794303651523038 1.7518213973977899 1.7214958822045427 1.6900372794413068 1.659078626413816 1.6302029520563663 1.6048585803206876 1.584301494045179 1.569570321336804 1.56149269081371 1.5607165387765103 1.5676895762465264 1.5800816606795536 1.5961597435870247 1.6153006953598794 1.6368075883579283 1.6598943491119986 1.6819582854377557 1.7008618611859883 1.7153850640089836 1.7243378645107221 1.7267282858263648 1.7267282858263648 1.7267282858263648 1.7267282858263648 1.7267282858263648
1.8843766828230177 1.8845518048372072 1.8834329057200672 1.879053741485802 1.8721125982617628 1.864815118758829 1.8574996969632176 1.850321485291098 1.844455802270624 1.841618844619338 1.8411512481760957 1.8419785330000333 1.838793877575692 1.8304095592256775 1.8175294126405857 1.80137980619537 1.7830522381157097 1.763726005737485 1.7423322389516347 1.718709594133628 1.6942037414517699 1.6702049881149084 1.6480764895242856 1.6290926253313451 1.614395619365945 1.6049745124614287 1.6016663286508748 1.6044435982152576 1.6112789921805586 1.621700163624868 1.6352567861565113 1.6513991165589121 1.6694980650663345 1.6877559113160574 1.7037445319884783 1.7163141230697756 1.724326055308963 1.7267282858263648 1.7267282858263648 1.7267282858263648 1.7267282858263648 1.7267282858263648 1.7267282858263648
1.9283769524822105 1.9277720285507913 1.9262032976613335 1.9211310710378862 1.9122075616273757 1.900536587030945 1.8882312453621708 1.8756958871953178 1.8632261587491823 1.8510824115693472 1.8402435522062999 1.8315636274468563 1.8243815362716707 1.8148871041814512 1.8021159815157228 1.786978433975755 1.7705049705962899 1.7538451065494065 1.7377063535711623 1.7202307342023926 1.702105211230882 1.684533250909355 1.6687080955005622 1.6557673436455593 1.646760129915325 1.6422650768401392 1.6412905873190335 1.6436952382990466 1.6493408025582283 1.6579549430864031 1.6691489722585238 1.6824359076322224 1.6964892141124086 1.7090018430171043 1.7188958831421335 1.7251111097243876 1.7267282858263648 1.7267282858263648 1.7267282858263648 1.7267282858263648 1.7267282858263648 1.7267282858263648 1.7267282858263648
1.974695202054982 1.973494128831462 1.9707521119486802 1.9648032517314384 1.9540677992044113 1.9392320053184804 1.9215982239801206 1.9033209260048791 1.884971408733922 1.8669480368866418 1.849687547362673 1.8335304215241897 1.8187438707132613 1.8059524236058868 1.7934309635164614 1.7793251763648903 1.7646253842654804 1.7504178665624617 1.737871657649384 1.7261044525720681 1.713913606820535 1.7023563580030752 1.692431190604276 1.6843748642375824 1.6785018812471968 1.6751260991541161 1.6744183138628448 1.6764078236064437 1.680989580014626 1.6879353592826396 1.6969073281469915 1.7067648588039264 1.7155667612678442 1.7223708734123826 1.7262176649110783 1.7267282858263648 1.7267282858263648 1.7267282858263648 1.7267282858263648 1.7267282858263648 1.7267282858263648 1.7267282858263648 1.7267282858263648
2.023270728631842 2.0215050895757796 2.017205179680886 2.0098148239983167 1.9968521630306977 1.9789955357889002 1.9573727332915014 1.933325199799506 1.909050887799755 1.8853921563680334 1.862814636839323 1.8416854635542195 1.8222964520604752 1.8048888929103553 1.7896769937051829 1.776664799665202 1.764044489765627 1.7522550924873588 1.7424180299973675 1.735000373490276 1.7274398853861506 1.7198854475177605 1.7129502610004959 1.7071546339366388 1.7029098310349613 1.7005071348335157 1.70011248419131 1.7017664400118624 1.7053887299124537 1.710783123563765 1.7167341545825456 1.7219072499911563 1.725514945983966 1.7267282858263648 1.7267282858263648 1.7267282858263648 1.7267282858263648 1.7267282858263648 1.7267282858263648 1.7267282858263648 1.7267282858263648 1.7267282858263648 1.7267282858263648
2.074808238925899 2.072780447694417 2.0668934492159594 2.0572614362099975 2.0414947316342564 2.0200412143951354 1.9944121970371844 1.9660748782073392 1.9363271958599104 1.90683894071533 1.8788590798994427 1.8527787290209659 1.828893845407318 1.8074399074093441 1.7886206014235473 1.7726310242088497 1.7596763330351313 1.7499029135819995 1.742458802213591 1.737801581301439 1.7339208360711549 1.7296042360549477 1.7254020160177999 1.7217832224211163 1.7191217306170223 1.7176864181991456 1.7176357782866716 1.7190168389946858 1.7215976178390098 1.7241895366714795 1.7261081903224003 1.7267282858263648 1.7267282858263648 1.7267282858263648 1.7267282858263648 1.7267282858263648 1.7267282858263648 1.7267282858263648 1.7267282858263648 1.7267282858263648 1.7267282858263648 1.7267282858263648 1.7267282858263648
2.1286921040019844 2.1270098131122794 2.1196464560613455 2.1070711387516496 2.087717424712968 2.061859520367911 2.031550291840992 1.998617536599789 1.9645533625702472 1.9305289655784579 1.8974614864774018 1.8665029283759262 1.8382678489125739 1.8129611111096888 1.7907565447228786 1.7718213518382468 1.756334506749304 1.7445009390985915 1.7365627831005641 1.7328086584075166 1.7320011897140977 1.7307651336943217 1.7291694121266143 1.7276358105100933 1.7265029902655822 1.7260175247817262 1.7262694132488334 1.726639775082782 1.7267282858263648 1.7267282858263648 1.7267282858263648 1.7267282858263648 1.7267282858263648 1.7267282858263648 1.7267282858263648 1.7267282858263648 1.7267282858263648 1.7267282858263648 1.7267282858263648 1.7267282858263648 1.7267282858263648 1.7267282858263648 1.7267282858263648
