_RESULTS/CROSS_VALIDATION_POSTPROCESSED_80-20/Berg/TZ/3comp/3/Berg_TZ_z_63_kriged_reverse_3comp_spherical_3.asc
ncols 100
nrows 90
xllcorner 5.6208707817415728
yllcorner 50.959635321741573
cellsize 0.00013419651685393446
nodata_value 1.7014100000000001E+038
[rows 38 to 56 of 90, columns 0 to 41 of 100]
0.4410333148306052 0.4727674251305239 0.5055075329028793 0.5380852126603288 0.5690084175225895 0.596538580819817 0.6197854427007756 0.6373682569794019 0.6476064806546835 0.6494711361935562 0.643607812562553 0.6348623506778008 0.6250478584248953 0.6156639445899909 0.6081801798572252 0.6038265871816616 0.6028358856778462 0.6052651748353441 0.6114138628856832 0.6214071622557076 0.6351967999814634 0.6525364480917932 0.6728958059107895 0.6933798230337748 0.6922451369253062 0.6749252708366201 0.6598648090303688 0.6450505073365783 0.6268213495135454 0.605905580347677 0.5836112676239005 0.5612540291209536 0.5401267794470422 0.5239942388318761 0.5131201629444254 0.5072437344700002 0.4967049569664895 0.472247359670614 0.43606795606512194 0.3941277327656827 0.35565648885248347 0.3203930165082758
0.44092700275165464 0.470597392291015 0.5006916811018348 0.5300734907991848 0.5573872532601064 0.5811504883329426 0.6007413516729873 0.6152269596014082 0.6233490524682073 0.6243243650798121 0.6202472339113797 0.6147355271623192 0.6086826380186683 0.6033060239928781 0.59989327908792 0.5996092066233557 0.6033117088407867 0.6107334039567118 0.6220081693172768 0.6372939000071395 0.656492674501699 0.6784372391633285 0.6987134023111835 0.7132977452493902 0.714284894569362 0.7047998713260862 0.6928508694954755 0.6777063142655714 0.6572113839207958 0.6330728875682012 0.6072978314883355 0.5817948583136674 0.5580561565478404 0.5374358450123626 0.524099118332742 0.5170517307794674 0.5105777006146135 0.490925671165779 0.45877070939509285 0.42042518665510237 0.38494561161742424 0.35187519170243103
0.43981644702301054 0.4672311184157985 0.49461148863355586 0.5209364218050367 0.5450576340911546 0.5657659657406638 0.5825613214150847 0.5948239973801057 0.6014367092093265 0.6017523973526812 0.5991854808001154 0.5956935061549401 0.5920978552548659 0.5895319413667435 0.5891888930215998 0.592166039936649 0.5994017838342522 0.6112105303500027 0.6271093086125513 0.6472079108134066 0.6699732506637043 0.6912145897924596 0.7092946424222504 0.721130578551718 0.725048093265041 0.7224333594614758 0.714877469911272 0.6999563949778143 0.6773183284712525 0.6496139907617039 0.6199583841542321 0.5911131652770435 0.565043731537321 0.5428771563838212 0.5253738337114426 0.5155677955789972 0.5117063038659163 0.4989353249582144 0.4736219553461852 0.4413208727222246 0.4109495359618775 0.38183138272128186
0.43777024147088833 0.4627534647812718 0.4873598446475373 0.5107492435635189 0.5320280364486369 0.5502761051765936 0.5650097858385008 0.5758212994467186 0.5815039463574198 0.5816314738437421 0.5798410914499994 0.5773118996183908 0.575046885859727 0.5742359239177269 0.5760313051739254 0.5814636847032791 0.5914270321094355 0.6066251677878014 0.6265502440297402 0.6494712271184 0.6712533807009826 0.6912478202533393 0.7082626785731414 0.7203490948158715 0.7282643594500575 0.7315973130715177 0.727407371950455 0.7123522865758303 0.6866928234238464 0.6543075295873103 0.6199605778656787 0.5874795566661396 0.5592334730890486 0.5363654692185905 0.5191279409256302 0.5069797504188595 0.5016479175383269 0.49563843081849457 0.47875569715219135 0.45458252202904986 0.4315126914875028 0.4081848880199297
0.43483469480804293 0.4572080281669105 0.47896480351972276 0.49949383762582894 0.5181809118746503 0.5343966781238753 0.5476907010463108 0.5577872611930256 0.5631965975229776 0.5633581569140687 0.5615284714585493 0.5589722923334508 0.557091954145554 0.5571771010253406 0.5603277198310422 0.5674879937067064 0.5794899658846451 0.5970784964485558 0.619277667448091 0.640705061387982 0.6609454261123137 0.6798236774776365 0.6966724878018887 0.7106614279548006 0.7235032221879446 0.7329154443418603 0.7317143883271112 0.7158004238438956 0.6851030941165835 0.6459974817518972 0.6058699140216642 0.5696068760545467 0.539593721726423 0.5166051987758681 0.5001645836903594 0.4898927089436992 0.48528429347710866 0.4847491138400163 0.47738670355335144 0.4625296037037431 0.44803055340787346 0.431598744925737
0.43106334692182785 0.4506526241008352 0.46948473592589823 0.48720300694340457 0.5034600966455062 0.5178859649319094 0.5301393647080824 0.5401560228639727 0.5461870125666966 0.5461758150441848 0.5432253401663111 0.5398017571250009 0.5376690266742523 0.5380832372809023 0.5420233696615281 0.5503205463583449 0.5637357015844588 0.5826443266036049 0.6027791852415769 0.6219508922473794 0.6402331826071399 0.6577816318965227 0.6745192831280609 0.6907291574660674 0.7088974230411729 0.724271471280332 0.728269043094709 0.7111174913337214 0.6717015426197187 0.6230115800998468 0.5764060381046137 0.5369247018314881 0.5060862973545976 0.48346171713048913 0.468471824892099 0.46064444531767107 0.45941954867067086 0.46416175281810534 0.46856057759761954 0.46535782986644647 0.4623623015361046 0.45512205756598706
0.4265466735092663 0.4432131576812044 0.45909871343156683 0.4740953907491563 0.48805351338612796 0.5007581023006709 0.5119650765001603 0.5218521185271869 0.5300867414011401 0.5280502468932537 0.5231844155174855 0.5187518650252448 0.516269228368825 0.5168145520193153 0.5212243971520693 0.5302245467741694 0.5445140857520434 0.5615293439865808 0.5784179379447769 0.5948169793627837 0.6105453366927125 0.6260393167341346 0.6417178822460401 0.6588253486034025 0.679643623126892 0.7009278154614556 0.715613143522284 0.6986262741645103 0.642999974682056 0.582559359067496 0.5308360222809896 0.49013050215857684 0.4598388845940615 0.4386644228250365 0.4258664247197116 0.42074645778083647 0.4227224818331625 0.43134319241973146 0.4458710719088232 0.4577860309248112 0.47053170777590514 0.47773267212383663
0.42142769231173643 0.43511279031198 0.44815362785123913 0.4606322796250683 0.4724591186227649 0.4834038051904312 0.49313665000801116 0.5012971079366835 0.5063159911623162 0.5046299461895705 0.4997751161082845 0.4952344252027732 0.4928034017036723 0.4935690148345363 0.4983161281691753 0.5077148341823698 0.5214074647356643 0.5348813712765096 0.5481621125896758 0.5613055083489624 0.5737946908039558 0.5861731474886536 0.599081597433026 0.6134205406040854 0.6308879867503941 0.6522726244728028 0.6782969653511263 0.6694050260171285 0.5879349846792369 0.5218690385171744 0.47039777257789367 0.43183851698697184 0.40399049243377916 0.38555981753546786 0.3755537953262314 0.3731580979145556 0.37776882380125537 0.3890005910265673 0.4066769266733659 0.42951981117961785 0.4551471194426279 0.48538691006001333
0.41589376160742636 0.42666640572234593 0.43715312907157766 0.44745786493473416 0.4573529387401098 0.46644164349715017 0.47415756157616296 0.4795215662439513 0.4810335674232922 0.47827153671668604 0.4739207308474095 0.4698998550295669 0.4678876377904445 0.46899606365603624 0.47400731300477583 0.48356805904033573 0.4946492605538826 0.5046460556167858 0.5142624173778301 0.5237742298615418 0.5324703504752208 0.5407589046530934 0.5486245410011166 0.5553677822535223 0.5637908110754186 0.5733422015882785 0.5788293019681331 0.5562431884318613 0.4997829554656141 0.44455490324269725 0.40021075949581064 0.36688196170070475 0.34330177077835106 0.3285340418914958 0.32164024031891914 0.3218073479332261 0.32839482284046767 0.3409235733638483 0.3589826666665682 0.3819105141353406 0.4075940933554413 0.429176238205638
0.4101449221582633 0.4182669805413618 0.42673053141968964 0.4352724411535948 0.44336279787651767 0.4504403841192934 0.4558032129768209 0.4584033115479408 0.45701626721416566 0.45256151869055944 0.4479692881412546 0.44428542605084936 0.44268037362177665 0.44409641236011976 0.4492548518592794 0.4580965670270174 0.46609614571962704 0.47283911717346205 0.47894525721977904 0.48475028867718817 0.48943906765817413 0.4925270628354986 0.49290163639709994 0.49080118579188536 0.48814584644440195 0.4831851303672957 0.47090337914745434 0.44425425235682137 0.40450634765516164 0.3633509518775209 0.3284305758987013 0.30156157577574455 0.28294112368879265 0.2721019404538103 0.2683020638422874 0.27077706746042596 0.2788412691968173 0.2918770091688084 0.30918706148486613 0.3296024353095792 0.3507429101145286 0.3720485256391445
0.40434790780127056 0.4104863378499403 0.4176735852701108 0.4246912020479674 0.43089524025429693 0.4357618527670166 0.4386576284322501 0.4387629364804824 0.435193182526381 0.4289985474687124 0.42365967756700573 0.41989781767907103 0.4184408000810297 0.41997875809117424 0.4251071272652838 0.43225797459431875 0.4375304255859875 0.4413677759527151 0.4443020541472619 0.44661469438872137 0.4465060901022243 0.4432681426014127 0.4367632352271731 0.42689327192361337 0.41511817898752895 0.40035379370723734 0.38030822067735204 0.35344588872267624 0.32147615644257455 0.2897057792416443 0.26237541076357673 0.2412891686107105 0.2272027223141817 0.21996376433265755 0.21896927068926453 0.22346583086272895 0.23271206255088273 0.24599923859203587 0.26252979952331384 0.28116416509000847 0.29987036479894247 0.3177033767029948
0.3985840815225886 0.40476927558748066 0.4108379705864259 0.41601773555917176 0.42004224954679475 0.4225480539303106 0.4230606780797508 0.4210340125173663 0.41598698405633405 0.4083627549534071 0.40202041722449133 0.3978374565935937 0.3962289217511827 0.39765179957653474 0.40253386085083354 0.4075724754526568 0.4105159476715239 0.41187983469302025 0.4117369379283278 0.4096672023864412 0.40457116708703095 0.39613262571742563 0.3842623184633727 0.36882011625802913 0.3510680545830053 0.3310644948265958 0.30810898382746915 0.28208442636399517 0.2544917928371172 0.22836573091300677 0.20609871514575545 0.1892705303342686 0.17872945755668007 0.1744604847495004 0.17586769729027377 0.182112495199293 0.19236878076462122 0.20589012705562465 0.22192131367365497 0.23946221033288284 0.2569485685872634 0.2729633172762959
0.39830312526026823 0.4023404563572077 0.40619288610248877 0.4089810049006599 0.4106239173659863 0.4108206029254062 0.4092218308347082 0.40549287144518936 0.3994078102398666 0.39110752292546014 0.38368170710956884 0.37884699097898566 0.37684195899632283 0.37793758698375335 0.3821434145301063 0.38527822958142044 0.38594712877904597 0.3842981693046762 0.3805293786936343 0.3746498303754736 0.365671210016017 0.35339446284847714 0.33785754569089976 0.31909908496843303 0.29803791713560185 0.27572715806715353 0.25210815217008825 0.2272801592968892 0.20253971226392295 0.17981836220767497 0.1606635059090285 0.1465611954368403 0.13849516413449398 0.13656197991157043 0.14001950882150493 0.14779213901188892 0.15892540964567228 0.17267792302180865 0.18837995649376457 0.2050796519625213 0.2218185825564746 0.23766826830529075
0.3943738567810791 0.398014620354462 0.4005942311755684 0.40199372104589465 0.4020186837158277 0.400508597259023 0.3973246916894313 0.39236683318366145 0.3856246996251344 0.3772113665132924 0.3690687693499812 0.36343539689103965 0.36076196468285315 0.36111155912853815 0.3638509641934147 0.3645115864720697 0.3625280210227256 0.3581545087476742 0.35160273518837043 0.3428750074190175 0.331111560254773 0.31628752994731985 0.2985810321934889 0.2782199067514993 0.2558242509616231 0.23290529159400009 0.20965413749850081 0.18619077328802888 0.1635418772987596 0.14295219097131664 0.12553655273890219 0.11281979034549132 0.10625505690015535 0.1062309276484563 0.11157958149307017 0.1207290794476644 0.13258754932635375 0.1464828707413339 0.16175187051215398 0.17777313266921604 0.19390941274072002 0.2095218925243429
0.3865497638088839 0.39009230395021555 0.3920815097042282 0.3926363871431352 0.3917538419484708 0.3893896978985774 0.38550396699524353 0.3800928966896155 0.3732210778234738 0.3650470480415035 0.35643039154319106 0.3500206587834912 0.3461898200500682 0.3452876841361281 0.3462688557156647 0.34484464625358174 0.3407954826513823 0.3343819125830728 0.3258352036747784 0.315119602174173 0.3015339025266647 0.28523262228648366 0.2665075998546253 0.24571311231867646 0.22332449255226067 0.20073497445504515 0.17832242021810082 0.15631301747058313 0.13540361512344842 0.11631297497087169 0.09974378515855681 0.08715179504496927 0.08108411088702801 0.08298117921262196 0.09034146264107573 0.10070307914316542 0.11302961849971199 0.1267644832311879 0.14151629543619407 0.1568930516654721 0.1724515883712857 0.18773126170362398
0.3760806066208324 0.3793910984536771 0.38103741534366464 0.3811296980036981 0.3797440995345291 0.37692813982661494 0.37272669195571406 0.3672086025922807 0.36048931293906006 0.35274522514690615 0.3442572958299311 0.33721665464994094 0.3326708530750732 0.3306045904140995 0.3300434512177208 0.32701091828028145 0.3214389990148112 0.3135975509459931 0.303738466651418 0.29173372715350077 0.2770979310905413 0.26012781749045866 0.2411910737751159 0.22070960201906004 0.19916829044939705 0.1773510536193583 0.15602667419031277 0.1355337988723676 0.1162823968961084 0.0985973038066098 0.08269066208164742 0.06921335936664917 0.06180613610663672 0.06683417371624734 0.07626756516996139 0.08731868320633424 0.09956573356381321 0.11283793102726698 0.1269495478451566 0.14165137455989163 0.1566319301833803 0.1715456551638899
0.3640759961497814 0.36701504175655586 0.3683696773558569 0.3682013431054667 0.36659468275421303 0.3636379628741048 0.35942597007143084 0.354072021722134 0.3477203147300024 0.34055337037744654 0.3327916027031152 0.32528456990653787 0.32011879768567353 0.31735973465018286 0.3157346248594086 0.3115318288829342 0.30491406468090293 0.2961637844600573 0.2855502638373575 0.27277535565339356 0.25766753442002327 0.24059622094429636 0.2219710516072016 0.2022400813908295 0.18188248778413446 0.1611544152767321 0.1410355039383844 0.12208373043894948 0.10454378162573065 0.08856090639592588 0.0741653214929383 0.061594667953901436 0.053623244944280835 0.06005699631383163 0.06939773453407083 0.07989583247652457 0.09143354414532366 0.10393151423520454 0.11726735088253516 0.13126118306315954 0.145680154758474 0.16025654969775419
0.35143908309990435 0.35392328638820486 0.3549862883380308 0.35465066836209314 0.35298585005560784 0.35008719636708113 0.3460681804842212 0.34106119204306434 0.3352212328719462 0.3287281461634399 0.3217849592692713 0.31461875341840173 0.308826296968022 0.3054103334632902 0.3032623006687656 0.29863872747404363 0.2915010777273597 0.2822657177473012 0.2712816746989306 0.2581347530450116 0.24296293264049126 0.22616283522303268 0.20816119492981883 0.18940738207074792 0.17022236310296404 0.15083564186180878 0.13195594916490658 0.11448750820734326 0.09866326872583803 0.08462662146696977 0.07256557634920399 0.0633105969315746 0.05908248872111652 0.061646954053861794 0.06845312365174173 0.07738410710802647 0.08773725745292704 0.09924221188080111 0.11172519356511815 0.12501587667368108 0.13892295910031624 0.15323608033290934
0.33886396065867663 0.34085985837160515 0.3416278197595453 0.34116638369586033 0.3395264018124676 0.33679485532309644 0.3330844734534489 0.3285289153531588 0.32328100678956756 0.3175113773664464 0.31140574690385775 0.3051603130319121 0.29915122237208386 0.2950869257917537 0.29257237721104273 0.287920280198503 0.2808765417277134 0.27179501309238857 0.26080651451507897 0.24763310235733552 0.23267036697321117 0.21636813785075523 0.19915489119514043 0.18139919301973134 0.16324929995714546 0.1451859575417905 0.12772232529660632 0.11157204332364942 0.09730227594042841 0.08506711662911864 0.07509404468337992 0.06808436386329565 0.06501899511903189 0.0663164304387364 0.07116833788124206 0.07847904016967293 0.08755818518631599 0.0980363417462329 0.10968805080049814 0.12233732499996405 0.1358192369674846 0.14997132212462735
