_RESULTS/CROSS_VALIDATION_POSTPROCESSED_80-20/Berg/TZ/3comp/3/Berg_TZ_z_1000_kriged_reverse_3comp_spherical_3.asc
ncols 100
nrows 90
xllcorner 5.6208707817415728
yllcorner 50.959635321741573
cellsize 0.00013419651685393446
nodata_value 1.7014100000000001E+038
[rows 38 to 56 of 90, columns 42 to 83 of 100]
0.0905454106647097 0.05433324111346785 0.02953245902104981 0.014403488227008432 0.0060724968189538936 0.0022022210601505103 0.0006986111147440864 0.0002011029912777607 5.508480320785868e-05 1.52836250173406e-05 4.623185994141072e-06 1.61739841879789e-06 7.002903087816356e-07 3.8114821967638577e-07 2.528397295522906e-07 2.0197572815405962e-07 1.919332813366265e-07 2.088547121861872e-07 2.52737374759454e-07 3.4067260153592977e-07 4.841199044986169e-07 7.186989744904416e-07 1.118984723799988e-06 1.8272115927645874e-06 3.098079364768961e-06 5.319689344849158e-06 9.014503767534478e-06 1.4771977347605671e-05 2.296129543467885e-05 3.305666649780067e-05 4.5723080252831455e-05 6.453899857420516e-05 9.36106532844379e-05 0.00014339075454042238 0.00023301808786692303 0.00039633917873184253 0.0006898195035525885 0.0012325995699242662 0.00230991747568607 0.004534960688332899 0.009236729163590916 0.018218819511755344
0.1109896217319693 0.06581058510815305 0.03574163868853343 0.017446820031737673 0.0073631279447711456 0.002694792451915704 0.000872996594877501 0.0002594215924323525 7.462065605565675e-05 2.1827403954133943e-05 6.878880751478696e-06 2.497467206421147e-06 1.0770310403064988e-06 5.40952146053028e-07 3.145430203449427e-07 2.182161125250956e-07 1.985265561243947e-07 2.0653944794374188e-07 2.3752017742269187e-07 2.87113471649335e-07 3.584527525516104e-07 4.6891947567265316e-07 6.515417019790449e-07 9.808864649422443e-07 1.571269996303441e-06 2.5540765641537377e-06 4.066227127940026e-06 6.2107078431330005e-06 8.986530144511969e-06 1.2296050428189552e-05 1.7051188772737486e-05 2.482451120673674e-05 3.789432718836556e-05 6.213197573019714e-05 0.00010913789996858328 0.0002007740493111709 0.00037581930539022076 0.0007037659568724376 0.001360945423031382 0.0027686183551052777 0.006012274845748139 0.013166715532672008
0.1418116206541134 0.08334407190201276 0.04494012802411901 0.021757702034737456 0.00922790995504636 0.0034213759454174825 0.0011345465837312436 0.00035301134108910805 0.00010799472543206099 3.4129818897157297e-05 1.1628575453448308e-05 4.43741240599345e-06 1.9031452939197248e-06 9.120071262123623e-07 4.924736134473233e-07 3.1252595620760645e-07 2.516288523324604e-07 2.3498838910741354e-07 2.366330270659919e-07 2.473863809171289e-07 2.6882528477126797e-07 3.0481522003431486e-07 3.676936356349743e-07 5.143690967409857e-07 7.959908910599948e-07 1.2319592181093478e-06 1.8427422284681674e-06 2.630651431466072e-06 3.5641888006691142e-06 4.657509791508962e-06 6.434425190214359e-06 9.570935700371756e-06 1.5373490794962194e-05 2.7161490619636107e-05 5.2045315314807515e-05 0.00010418787682111448 0.00020998955413049838 0.0004142872107571512 0.0008134797441868102 0.0016605167999539923 0.003821808565662103 0.009338181231025425
0.18555348786687867 0.10853490249593638 0.05784164961436435 0.02748674046115179 0.011708479934514064 0.004459947417123058 0.001576869163543698 0.0005343616833119074 0.00017948355712747184 6.189524205105149e-05 2.2687910600870256e-05 9.069070931116584e-06 3.894779746987668e-06 1.8304083321787227e-06 9.56132315100025e-07 5.701876862663583e-07 3.9989447170740177e-07 3.1244578576417913e-07 2.639726761926512e-07 2.370303845934933e-07 2.2424347809819949e-07 2.2157902906138988e-07 2.2226709121410886e-07 2.986505346683716e-07 4.5266248818164574e-07 6.617874070275659e-07 9.250310237022691e-07 1.2294654701952849e-06 1.5481342403712526e-06 1.938376663580844e-06 2.58632999892936e-06 3.8151762211658825e-06 6.450437149149579e-06 1.2420576230058692e-05 2.623523387071089e-05 5.754750331797331e-05 0.00012537995463438996 0.0002631504476842721 0.0005287502927572521 0.0010410390595661596 0.002576051346102446 0.006827872404059667
0.25663330071523593 0.14936336935150651 0.07890357245864299 0.03740803560295194 0.016256260227182292 0.006612502360876996 0.002539101806226216 0.0009407797978943648 0.0003454778543529436 0.00012950846073842576 5.101162250612643e-05 2.1207426539224048e-05 9.212578777387225e-06 4.29601965771316e-06 2.176833265017079e-06 1.2045392818493383e-06 7.19645926430008e-07 4.667100009229804e-07 3.3035862780088384e-07 2.5517475255154657e-07 2.1609739946930742e-07 1.9862993602165543e-07 1.9879849223915397e-07 2.3683251338326255e-07 3.1471125975613515e-07 4.161702721207732e-07 5.312668966742644e-07 6.487666215438443e-07 7.609501629648339e-07 9.203909290009986e-07 1.173418343640034e-06 1.6373004442528824e-06 2.869240979222003e-06 6.275992050287046e-06 1.4799729438361322e-05 3.536040269386836e-05 8.29373394580779e-05 0.00018670337380737444 0.00040033836221926107 0.000873918939456581 0.002119225237152168 0.00543257876302975
0.4045104855876331 0.23260484526955064 0.12154750788721921 0.05783866279043706 0.026178998003270854 0.011318283873949299 0.0047097167729423985 0.001902316223522001 0.0007629410579364105 0.00031060426510631003 0.00013135985982848012 5.672968644106612e-05 2.515151495575539e-05 1.1691710053869628e-05 5.597333597212595e-06 2.754117509187315e-06 1.4127690582057638e-06 7.690987252702021e-07 4.5670551719985e-07 3.037934390307473e-07 2.34271603240507e-07 2.0815728165921272e-07 2.064453238607309e-07 2.2572899327741303e-07 2.620765928604337e-07 3.063230057283343e-07 3.5061552859892406e-07 3.8957355462726775e-07 4.3889152282227846e-07 5.237609864018342e-07 6.546129733270871e-07 8.424700864699748e-07 1.5007892212082012e-06 3.854304715545779e-06 9.915030638857752e-06 2.523377132292573e-05 6.249659064701598e-05 0.0001489083369361237 0.0003406196681165274 0.0007870508422839443 0.0018961516819126765 0.004655420933029929
0.7064375802731588 0.39662893847112207 0.206102580600441 0.1008572319241846 0.04811456678188714 0.022183262725939446 0.009966899340410071 0.004389287044721539 0.0019163108908522488 0.000847144759044764 0.00038411026084791755 0.00017199012887887384 7.628525116298489e-05 3.411338730959627e-05 1.5254363742640964e-05 6.78658452201445e-06 3.0387539570579203e-06 1.3970389011772896e-06 6.878996949453103e-07 3.8862849010216507e-07 2.753118016566119e-07 2.4206675305619267e-07 2.377541497513187e-07 2.4387540221687414e-07 2.532397155109363e-07 2.607001946427287e-07 2.643562116183661e-07 2.7080684973232667e-07 3.015065156663866e-07 3.674153964472072e-07 4.861388020026016e-07 7.112016142466169e-07 1.3314581444407304e-06 3.1788187470089047e-06 8.195902176085642e-06 2.130716042991143e-05 5.4206556760705264e-05 0.00013313904624246233 0.0003141328923814561 0.0007393611895683425 0.0017620956747855861 0.004181107157249212
1.2195179727378758 0.6969648770144581 0.37474085345515745 0.19455768418336886 0.09904327385607564 0.04911521211528051 0.023777335236404577 0.011372203837232699 0.0053601380712588196 0.002522069697472744 0.0011815559608527653 0.0005338471259818983 0.00023631173643053264 0.00010328959238836625 4.4145066495231154e-05 1.8227709086656806e-05 7.309260072828047e-06 2.8772110575150294e-06 1.1489936551231225e-06 5.189939503955771e-07 3.453785848138544e-07 3.1861877423917206e-07 3.15917816265072e-07 3.052531923469249e-07 2.8393061298905795e-07 2.5549251746244705e-07 2.2781891939157182e-07 2.206313847956244e-07 2.4414141844471725e-07 3.119379534310901e-07 4.546041931286501e-07 7.571103018846074e-07 1.4825604384401419e-06 3.3526805350559223e-06 8.255529412376562e-06 2.1203370264716426e-05 5.3856048909271965e-05 0.00013267370057464968 0.0003134154696550433 0.0007295350995986789 0.0017024734347828884 0.0039050380729097394
1.7148972127930677 1.0954771781078523 0.6508553762340707 0.37077129893433614 0.2052841744878246 0.11024157852240787 0.05733204044163132 0.029317003264711816 0.014751913254383141 0.007331603150839179 0.0035587203927843346 0.0016514706860510694 0.0007407242006679896 0.0003229777571031383 0.00013572759176464947 5.39452821821039e-05 2.026097286336906e-05 7.1840953272005326e-06 2.403249379313252e-06 7.621355636294788e-07 5.115004237318573e-07 5.343082612296458e-07 5.193277980527097e-07 4.6136688790608564e-07 3.78086961963448e-07 2.9212187736504286e-07 2.3188064326728197e-07 2.0742574595998113e-07 2.2702042016188887e-07 3.0969471163984583e-07 5.004269288088157e-07 9.164355042883269e-07 1.868938482668925e-06 4.165876139130748e-06 9.85989497253928e-06 2.4453139557261006e-05 6.0665182367935094e-05 0.0001463661517498035 0.00033814798677118935 0.0007633600612175141 0.0017177070009785345 0.0037956449075021615
2.1138448444239866 1.5254378022403152 1.0241769318828822 0.6501565341258901 0.3959647286168168 0.23172625471632383 0.1303667991018862 0.07140579363588472 0.038497026168092155 0.020333610028511622 0.010381386492049782 0.005026922479986005 0.0023296057728478146 0.0010385685275915023 0.00044319731357951933 0.00017714070731377057 6.620886903976321e-05 2.3220486419713832e-05 7.769170302910105e-06 2.7317194162483117e-06 1.5883024865398594e-06 1.3375444862856472e-06 1.1218438253920948e-06 8.692735450305307e-07 6.123277901357554e-07 4.1432105023597906e-07 2.854283322462283e-07 2.2186759237485233e-07 2.3640242329256314e-07 3.5756605473922114e-07 6.473325530972901e-07 1.2787072910760225e-06 2.6839815862855644e-06 5.940881556530321e-06 1.365104778038265e-05 3.215064563572455e-05 7.660466505651129e-05 0.00017754456775991712 0.0003934888810057642 0.0008497960373556574 0.0018196079195051324 0.0038488074907551497
2.3763927684467103 1.9224655435301132 1.4601433990783406 1.0401349782044633 0.7011905917801206 0.4488705307185651 0.27470458648300217 0.16189357410120636 0.09351015488600545 0.05288948718351159 0.028755773394459474 0.014743232066891758 0.007197574543149515 0.0033651148728696414 0.0015063377464574956 0.0006327128820258358 0.00024925273416704963 9.347866683850908e-05 3.475362039308445e-05 1.4119930963086011e-05 7.272662635833421e-06 4.611753289874463e-06 3.1042633676865294e-06 2.0326565151089665e-06 1.2759700253948304e-06 7.733864982665062e-07 4.58226706008042e-07 2.7910630569386753e-07 2.787063642600458e-07 5.161284047051553e-07 1.0324600211580864e-06 2.1184627274331876e-06 4.456683228153825e-06 9.655580827519807e-06 2.137213923964757e-05 4.775525001188014e-05 0.00010730869487245508 0.00023505238944071424 0.0004919098121895476 0.0010051245171720131 0.002033643088902548 0.004079839867690921
2.4689559619098063 2.1924314100134454 1.8793712009004038 1.5055958554354594 1.126859828625358 0.7912312622035814 0.5272796262062219 0.3351112110792591 0.2072173444814271 0.12630458925611743 0.07379130611171467 0.040573293715968246 0.02122930663137677 0.01064596770643505 0.005134463045315885 0.0023480966798682043 0.0010129524796599068 0.00041894181213686577 0.00017124135710364766 7.301356519878494e-05 3.459601227100151e-05 1.8205430760083693e-05 1.0203805797115582e-05 5.960503392614054e-06 3.4611249640084044e-06 1.9694097404957056e-06 1.106807022716488e-06 6.438106976385378e-07 6.187147983740567e-07 1.1105249945095109e-06 2.150110370493916e-06 4.252339962244353e-06 8.597604026952426e-06 1.7761196157638464e-05 3.725225511759274e-05 7.860462094218947e-05 0.00016505862972618606 0.000336813439912363 0.0006571568936914906 0.0012589328324518713 0.0023975184008624213 0.004535064477569157
2.498799700160248 2.3269809065321256 2.173998180212099 1.9498211217489074 1.6250000682307288 1.2539569877557835 0.9060546725192236 0.6202604050851045 0.4105996467402363 0.26975456723839514 0.17044695935500237 0.10150351464848124 0.057699040316184017 0.03158630065670675 0.01673913451311002 0.008543655714453272 0.004130684111364276 0.0019002438292347913 0.0008353519807987314 0.0003608459971043806 0.00016014107487132505 7.61303574076461e-05 3.880769683018955e-05 2.0945848545672082e-05 1.1658160376640327e-05 6.583737235741228e-06 3.893544712453588e-06 2.657295046873585e-06 2.5354441225818617e-06 3.481548529114925e-06 5.7301373898865915e-06 1.0194269547163735e-05 1.8978591191919435e-05 3.6379352043343e-05 7.10063776413827e-05 0.00013966698066242446 0.0002740337302113179 0.000517301960490474 0.0009319933628310801 0.001663369415332017 0.0029740563676935753 0.005281022214828374
2.4558434254066057 2.3927929604883555 2.3864720772380834 2.3033207274075416 2.0922696310758515 1.764368170153997 1.3727225828495722 1.003171755590425 0.7094266497622388 0.5004572114798743 0.3431267390950616 0.22275048407024745 0.138786653154308 0.08389079244392456 0.0495487800434621 0.028622102184447426 0.01580018036369064 0.008153567192061607 0.0038419766020119793 0.0016937907610861949 0.0007370655268007919 0.00033282621813192093 0.00015983881510818815 8.218274242690573e-05 4.502508368958036e-05 2.5912354763073043e-05 1.6198104626527812e-05 1.179523923329096e-05 1.0830706149776585e-05 1.2681867651310385e-05 1.772236970804123e-05 2.7683953331714554e-05 4.628667137872189e-05 8.0759287302757e-05 0.00014459697584727192 0.0002621821460768535 0.0004757759258399947 0.0008380011238051012 0.0013921568333594941 0.0023134218796426013 0.0038669181546947956 0.006422273463997134
2.3264985175573907 2.3571966862264713 2.501058992602868 2.6076508293694345 2.565921510876367 2.3000420265257513 1.8513617297842737 1.3949439211083123 1.0392807670202213 0.7820588425796953 0.5817867932631042 0.4130512232451638 0.28310407847544794 0.18979137714706612 0.12591746950902638 0.08330586347544244 0.05431988207135111 0.033037363016459285 0.01733488685147461 0.0077828135403467 0.003290420637796498 0.0014298569871015953 0.0006644259986304231 0.0003346472429121951 0.0001830828034969358 0.0001078325410760426 6.957628260833178e-05 5.131443129842812e-05 4.497693916391185e-05 4.7213986649075704e-05 5.7959016946695924e-05 7.988689178265612e-05 0.00011926964546810027 0.00018784067281103986 0.000306027140894679 0.0005077995638620971 0.0008468192568450122 0.0013818157641790072 0.0021642510819487475 0.0033673427677309515 0.005243952492174822 0.0081224770801621
2.1055407122716363 2.201332781000394 2.444711977425815 2.7586537273261196 3.0028502323248403 2.916299982749382 2.345859638036969 1.7674688788148276 1.3538093574859618 1.071785612987586 0.8560616464508116 0.6629023368179754 0.5005211827317263 0.3739561781271329 0.28063280079764014 0.21448569132645284 0.16785669941737738 0.12677705560956326 0.07618926774857228 0.03283403111767374 0.013230243957763213 0.005628418015106264 0.002603930244475934 0.0013199336366862097 0.0007324008953217139 0.00043925795406273346 0.0002876660126806936 0.00021010994201385835 0.00017556184280772524 0.00016979762231400378 0.00018781850311044298 0.00023178134520184147 0.00031070143068238166 0.000441863176652164 0.0006537207000652236 0.0009897055518309115 0.0015115067810240587 0.0022792242571355826 0.0033986890061322088 0.005040347297180436 0.007373808990913747 0.010630457373940555
1.8076515762285237 1.9295838225547919 2.1893181958664747 2.5983813042609842 3.099476773444803 3.4760907699698618 2.607941914402668 1.9926979989694344 1.5854398410938317 1.3235811065700798 1.1336468671338948 0.9569571176824481 0.7914962903225594 0.6512012934809458 0.5416188305786963 0.4633120180118041 0.4126315055111065 0.38360866612868205 0.29045524223767466 0.10808441643565085 0.04327983929139915 0.01889477430005386 0.009050264937603254 0.004761043415027389 0.0027321234941063985 0.0016710824111991903 0.0010954515255079968 0.0007848606818535365 0.0006284503941897516 0.0005682310155308273 0.0005769471950918306 0.0006474909084980694 0.0007873475577724806 0.0010168979154172339 0.0013697848409569802 0.0018933864092026955 0.0026480997477461416 0.0037428962531833787 0.005311660339431728 0.007501321916855412 0.010455084644571677 0.014265498313355277
1.4705407645705277 1.578528177101815 1.7861135678626745 2.113304316303903 2.494646948673716 2.6452200154393415 2.3354279134753297 1.9427692373182648 1.6507164404828356 1.4608562330239419 1.3311566196254212 1.222186242536154 1.0985970035288593 0.9799164202602039 0.8791866796362519 0.8016064218577593 0.7359799070680805 0.6554979047112639 0.46586724338343133 0.2324718679769319 0.10706948888383071 0.0514418725960904 0.02663637658375862 0.015015712310002241 0.009135532153941976 0.005755765163278087 0.003739403928026369 0.0026081201341933958 0.002008071667676131 0.0017170085842855133 0.0016252580103486927 0.0016836669838068432 0.0018794825106273007 0.002223373415710024 0.0027421473641503586 0.003474363022107413 0.004500372999145829 0.006043133155031952 0.00815897745849229 0.010964296132571215 0.014544221101824397 0.01889097443914663
1.1405655441778306 1.211786289018039 1.3461556483540738 1.5439059329551532 1.7727597443776122 1.8886082261941814 1.824705624167665 1.6723050286093963 1.537245197324844 1.4505153110550832 1.3953177404256898 1.371220610974175 1.32899944845766 1.267597658292378 1.20050674221771 1.122044650580358 1.0160138347071532 0.8531391670788652 0.6147533213615316 0.37135796209691524 0.20450073071788924 0.11230995091410524 0.06456767421772244 0.0398515361532962 0.026472736403662808 0.017604849104758444 0.011149677885697047 0.007508825987224121 0.005571701627337894 0.004564679822638583 0.0040893130952245026 0.003967256267774871 0.004116115557171798 0.004503648802483915 0.005129731171759687 0.006041788962348088 0.007388991085840771 0.009466838729075977 0.012169338185457153 0.015564452339732028 0.019646028955257782 0.024278456278773317
