_RESULTS/CROSS_VALIDATION_POSTPROCESSED_80-20/Berg/TZ/3comp/3/Berg_TZ_z_710_kriged_reverse_3comp_spherical_3.asc
ncols 100
nrows 90
xllcorner 5.6208707817415728
yllcorner 50.959635321741573
cellsize 0.00013419651685393446
nodata_value 1.7014100000000001E+038
[rows 0 to 17 of 90, columns 42 to 83 of 100]
0.04916524795750965 0.05443069696123572 0.05966201241762491 0.06464400622577628 0.06923124141442494 0.07337878847365607 0.07712644045430984 0.075241387506129 0.06562882442694196 0.05715657547025893 0.0498100083927934 0.04351764267492059 0.03817998908005786 0.033715321888923185 0.030207304587912095 0.02747467587521592 0.025332568776159223 0.02364833191661798 0.022327194738498073 0.02130283285172859 0.020531243152439822 0.019900512327182297 0.019318682114498203 0.01878879138807275 0.018322509169993693 0.017939067709286487 0.017612227552430852 0.017259124580448815 0.016911254813739805 0.016606247442291847 0.016382894018760565 0.01628141653500598 0.01627931483782465 0.01627931483782465 0.01627931483782465 0.01627931483782465 0.01627931483782465 0.01627931483782465 0.01627931483782465 0.01627931483782465 0.01627931483782465 0.01627931483782465
0.05246059397355605 0.05830966696508675 0.06395938491124849 0.06904641761041481 0.0733094200566255 0.07652952461650812 0.07794822850174564 0.07467884424855953 0.06680816670825539 0.0584619283133596 0.05092842516442913 0.044407081342161835 0.039098278733390855 0.03501435350530792 0.031846919736729984 0.029370459985790184 0.02742005744787814 0.02587493587276342 0.024647286645342215 0.023674919758948785 0.02291657317017418 0.022297262529404643 0.021675081203451817 0.02105111000093038 0.020444292993052608 0.01988228508255422 0.01933822848821701 0.018731684912906863 0.018106630922876767 0.01751040039566139 0.016988206616626127 0.016582749749935535 0.016335465950913397 0.01627931483782465 0.01627931483782465 0.01627931483782465 0.01627931483782465 0.01627931483782465 0.01627931483782465 0.01627931483782465 0.01627931483782465 0.01627931483782465
0.05529334155903383 0.06168778626151857 0.06759165041812357 0.07236362156920415 0.07559229186464092 0.07701460447499665 0.07607973587002402 0.0720238589125411 0.06537502625904362 0.05788406727995189 0.05075686665149613 0.04492287342682033 0.040400449298647 0.03689710870672312 0.03417470648298734 0.03204765493670939 0.030373152231091344 0.029041940236362748 0.027971507882130663 0.027101715881189873 0.026392279407268196 0.02579181549504114 0.025124925585426713 0.024378827557148132 0.023583770248778935 0.022781679425893365 0.021938573299514347 0.020989082411547635 0.01999906822923219 0.019032059034781147 0.018144499632507704 0.017384860309365893 0.016794993925040566 0.016413296473949443 0.01627931483782465 0.01627931483782465 0.01627931483782465 0.01627931483782465 0.01627931483782465 0.01627931483782465 0.01627931483782465 0.01627931483782465
0.057464752407441796 0.06446152880290484 0.07060061097541084 0.07474183992685245 0.07648283288235454 0.07602668160592624 0.07347330223403033 0.06888141394150109 0.06276541124436616 0.056092116612009156 0.05031653801302556 0.04571698685019054 0.04212519704521758 0.039351701140598876 0.03722292389084861 0.03559075058690643 0.034331800598892744 0.03334439978946098 0.03254629642773389 0.031872053296742704 0.031241720473338824 0.03063975953838855 0.029898769173888527 0.0289978979861763 0.027980543426731726 0.02689158696673755 0.025646073584334357 0.024213000430540588 0.022720558098301796 0.0212580222685867 0.019899044066983375 0.01870101224447722 0.017707357763132186 0.01695201580095921 0.016465178551476254 0.01627996228294461 0.01627931483782465 0.01627931483782465 0.01627931483782465 0.01627931483782465 0.01627931483782465 0.01627931483782465
0.0586344911222863 0.06641025772447234 0.07310950474043247 0.07630897991030226 0.07609919871885663 0.07385967022930208 0.0701566197087027 0.06523878789777766 0.05951441257037395 0.05432311035470322 0.05010736766786789 0.046790761829953176 0.044261310188208884 0.04239114868140723 0.041052482588426906 0.04012446685900907 0.03944370363700519 0.0387131884826986 0.03793687086504157 0.037150181417604185 0.036384845683903884 0.03566414186509608 0.03480430987738134 0.03375660300244163 0.032575376658219954 0.0313116930868092 0.029834647945244635 0.028128271064940504 0.026263500895855395 0.024303022825843453 0.02233468632344209 0.020572749250123222 0.01908122461549596 0.01788736058830674 0.01700946005571886 0.016465090077803408 0.01627931483782465 0.01627931483782465 0.01627931483782465 0.01627931483782465 0.01627931483782465 0.01627931483782465
0.05582063637086507 0.06398487878063108 0.07235017095718974 0.07426439041313009 0.0724371528778027 0.06963271221525773 0.06585530433734768 0.06104446692744625 0.05646161457959577 0.052866686055977524 0.050121720120248806 0.048129557211054545 0.04679939351414111 0.046036757292975364 0.045608383537485864 0.045009352317422396 0.044271125332784836 0.04345337056106543 0.042598606973675464 0.04173833545787859 0.040899890102992636 0.04010716805489212 0.0391613350008524 0.03799285702006506 0.03666911328945349 0.035230132184636366 0.03352018820619122 0.03158415842851646 0.029505077204310268 0.02735179796005663 0.02517698434575108 0.023018273084338715 0.020941696867726 0.019216300297720364 0.017887305523253936 0.016951806137307703 0.016413072658036026 0.01627931483782465 0.01627931483782465 0.01627931483782465 0.01627931483782465 0.01627931483782465
0.04770036219744459 0.05437946991808776 0.061477254425523306 0.06315026878521804 0.06193521965953258 0.060202512995145535 0.0579137105722799 0.055342257553694665 0.05334369910764435 0.05161531939747809 0.05030096486077076 0.049691092761430244 0.04968792702600852 0.04956935204900963 0.049136404764648756 0.04850230236945983 0.04775167856402763 0.04694197764703916 0.04610843030566521 0.04527179047037442 0.04444803582783648 0.043652282778931406 0.04266308180084313 0.0414062777091527 0.03996501057865088 0.038334727345178135 0.036396662579170264 0.03425367696262162 0.032001567869827524 0.029713538164465116 0.02743964728552182 0.025210271290357487 0.023041317076572216 0.020939569744839275 0.019081406285955452 0.017707204029707126 0.016794631827161975 0.016335227434961748 0.01627931483782465 0.01627931483782465 0.01627931483782465 0.01627931483782465
0.03677583879153357 0.04094449992763889 0.044838524108416426 0.04705849477797698 0.047696273015842984 0.047585246729837855 0.047068025914580494 0.04714179352905433 0.04788881463748183 0.0490368822169043 0.050298468403461645 0.05122089128562964 0.051464783893947486 0.05129406160208494 0.050851005063790346 0.05025129920130751 0.049578053257063756 0.04888144733221394 0.04818302548948114 0.04748446088200272 0.046780579138130135 0.0460638949637589 0.0450784049424989 0.043765450562056 0.04222425480379296 0.04036611310230436 0.038209358503111926 0.03589043532287962 0.033517883959269294 0.03116615800250875 0.028878158425849603 0.026672279449521007 0.02455057813343172 0.022506128625547933 0.02052879751503009 0.01870134232911474 0.017384640099894398 0.01658234162203832 0.016281353268418904 0.01627931483782465 0.01627931483782465 0.01627931483782465
0.026032805196202165 0.028378361223459655 0.03074566736067971 0.03269972373896139 0.03408607299719124 0.03502189873062854 0.03604200997613249 0.037915652966314946 0.04065275582311779 0.0441281415364827 0.04783309105051091 0.050365792429508796 0.05128802796032245 0.05107331332813781 0.05065021467397725 0.05013879538393228 0.04961908877228296 0.04913177603755494 0.04868014803575564 0.04823824844982358 0.04776701074277677 0.04721369187253804 0.04627822276454677 0.04493381847697951 0.043250882898445246 0.041147869038937766 0.03878526251022976 0.03632868935661611 0.03389767425624836 0.031562691737354986 0.029353476164075798 0.02727125758266361 0.02530038619624524 0.02341752709869945 0.02159821792752497 0.01982122458648405 0.01814491897501514 0.016987967365689385 0.01638258368841891 0.01627931483782465 0.01627931483782465 0.01627931483782465
0.017800003362919745 0.019461403201428827 0.021277243694672945 0.023057679137447277 0.02466955267939159 0.026100327966495616 0.028013212300575224 0.030693825442272154 0.03421864882836339 0.03845910747475589 0.042369342253594455 0.04569227555425558 0.04812041722918652 0.04899835424897425 0.04864214117706612 0.04825348813514832 0.04794688511345465 0.04774637732276188 0.04763260728007917 0.04754650428059111 0.04740606624013004 0.0470879526853561 0.046244435199844204 0.0448773687626449 0.04296133232966905 0.04060305198241017 0.03805098282572529 0.03550301139081665 0.03308418155574596 0.03085246183201481 0.028816828414385168 0.02695622827239056 0.025234533619686847 0.023610793295655668 0.02204574823773687 0.020505817861391617 0.0189654771722137 0.01751083510073238 0.01660604570588583 0.01628044513917244 0.01627931483782465 0.01627931483782465
0.012528275142224836 0.013818013441492435 0.015315001890233394 0.016929784351390146 0.018569506183811715 0.020326289155365454 0.022736449630231137 0.025933318979365686 0.02995575146280922 0.0339321581983261 0.037452003478644476 0.040387241571020624 0.04272024360526706 0.04445704257567819 0.04535454822063626 0.04518937403474408 0.04514177756964079 0.045274162471336504 0.04555648562551697 0.045894559960980394 0.04614041011480129 0.046034245891867255 0.04520692303623071 0.04364368404442881 0.04138413590399419 0.03875468436824577 0.03603631601714545 0.03345485702073548 0.031128483420036986 0.02908973781385834 0.027318193585660094 0.025766564478451943 0.024377569442971193 0.02309362679679597 0.021862122524501138 0.020638293751093918 0.019386924161772574 0.018083420156122527 0.016911626224668217 0.01633944288816299 0.01627931483782465 0.01627931483782465
0.00910582813160466 0.010170768405171655 0.011467974111241999 0.012957998150793983 0.014581177904242302 0.01657588959283861 0.01929966763800039 0.02288505407037853 0.026815337863649057 0.030488793119769576 0.033753017834457354 0.03646085167937994 0.03853715314833864 0.03998852121712757 0.04089019296749363 0.041347833626252994 0.041512311708460384 0.04195567095294699 0.042657503609644515 0.043499896030945506 0.0442546110105041 0.044440872986017725 0.04362510507727351 0.04165909877147465 0.03887376326504941 0.03579851519333681 0.03287201866752602 0.03032760030576819 0.02818555819392975 0.026429289232203886 0.0250012725296062 0.02382709428380908 0.022830881867868684 0.02194208909644415 0.021098208696138116 0.020245934295647385 0.019341939471517116 0.01835367548554894 0.017260623428494246 0.016462491668810503 0.01627931483782465 0.01627931483782465
0.0068394827521231156 0.007762015890617712 0.008933470620817799 0.010345997193523688 0.01198266858685915 0.014166732576518497 0.017152423190110698 0.020875151287119705 0.024655860934812625 0.028220757459149173 0.03133305188629248 0.03382033103720091 0.035604405271376094 0.03670721695273926 0.03723420385308439 0.037342548435830444 0.03724907630202202 0.03789934610200928 0.03898469235976864 0.040379518773947326 0.04176555420806426 0.042383526360598604 0.04150964213183227 0.039056514518468824 0.035650777619598194 0.03209618298328106 0.028939763017532632 0.02640252574932747 0.024500441478997124 0.023109867123783687 0.02208559678746394 0.02133064339408151 0.020757129594496975 0.02028781206792018 0.01985537955140784 0.019401688329255904 0.01887765218244235 0.018243856593364218 0.017471676954024032 0.016616894477952355 0.016279434256059586 0.01627931483782465
0.005307564970094537 0.006139485251341175 0.0072385977752633356 0.008622418810769809 0.010326252414441808 0.012699974397485244 0.015969575650693933 0.019735072663567887 0.023539864787676314 0.027079841846496748 0.030073930453816053 0.032324750304809954 0.03375566576739343 0.03441510912005035 0.03445237983472392 0.03407728122866416 0.03351604188402077 0.033285811570640575 0.03456860112017088 0.036484216327820174 0.03860123461703926 0.039803422815266526 0.038943718573123426 0.03586823277575353 0.03170536124617946 0.027708546593635835 0.024476568258179256 0.022099675119657804 0.020467101343691844 0.019431169926624827 0.01883775487577087 0.01851053085142075 0.018355719020953634 0.01829725299205369 0.01826877433050625 0.01821134168587838 0.01807274453935828 0.01780812580581905 0.01738151499041648 0.01676782137005928 0.016295302739366847 0.01627931483782465
0.004251292669247108 0.005028802278468143 0.00609952657435698 0.007506853652576234 0.009337454777327581 0.011974355499133265 0.015546945500437972 0.019494465737913587 0.023459796524405697 0.027064678435248804 0.029966610718707713 0.031939844438919715 0.03291948270054171 0.03299870526243316 0.03238947905218327 0.031367642830425216 0.030221651865062354 0.02921493489076563 0.029491152090264885 0.031677876888854 0.034440717203640704 0.036603799656147074 0.03603206583022149 0.03202922685547924 0.026947888356977635 0.02269678239094637 0.019668348193639298 0.017672080979677825 0.016445974467041297 0.015783631873419236 0.015542036678599304 0.015607229401855214 0.01583373381294182 0.016147077859923687 0.01648695659631036 0.01679715322565895 0.017024735734151634 0.017120878340660697 0.017042858921442947 0.016756771024014915 0.016323797107565423 0.01627931483782465
0.003509191296204822 0.004260241738678313 0.005343865356708411 0.0068358414400250195 0.008884786714252815 0.011952406051830278 0.015901782802155758 0.020242163518068044 0.024545752281764484 0.028301115561371853 0.031078377123310953 0.03266602766850096 0.03305432288239723 0.03240071979469329 0.03096641307279578 0.029097988276282457 0.02717206692785473 0.02549663361517698 0.024562533549558896 0.025720871403875665 0.028718867620361844 0.03238267581424782 0.03287063835775957 0.027133534176906466 0.021209611068899528 0.01723897989356938 0.014815758871442259 0.013414302437065689 0.01268659579054606 0.012423139393196383 0.0124992727557613 0.012839997160985711 0.013377813725861262 0.014000503045522717 0.01465204588105691 0.015281307685311921 0.015836440602177263 0.016265973573681217 0.01652120660934345 0.0165595313449426 0.016348891776911977 0.01627931483782465
0.0029782330358968548 0.0037265433348734967 0.004867490493739312 0.00652827136698788 0.008954408762537062 0.012594655852939297 0.017000648053833223 0.021650923605805294 0.02598811919511983 0.029471940476186523 0.03172894761009008 0.03262792451269107 0.032266416245750926 0.030899346950946184 0.028853482477584246 0.026458752187279073 0.02400806949097311 0.02172242785430147 0.01977852399988289 0.019248082309650198 0.021001083134903578 0.025059472218475376 0.029215721543565658 0.019828854022045074 0.014606721206425323 0.0118207002552573 0.0103521757782405 0.009644739575915452 0.009414796205583576 0.009513055681164525 0.009858690934285116 0.01040712612164946 0.011133572664803491 0.011989096355543807 0.012884002903419456 0.013772224799946057 0.014604117543840904 0.015326674264869462 0.015886126333272032 0.016231662865841896 0.01631989359870281 0.01627931483782465
0.0025907081242031627 0.003358216892019569 0.0046114594354994265 0.00654001658497617 0.009340239748779244 0.013349139640654782 0.018019965381156477 0.022755438167447174 0.02687623654134747 0.029813316060068814 0.031270376768894145 0.03125657450816634 0.030011395240353896 0.027888749130126705 0.025256870590370496 0.02242601679418416 0.019624376109549115 0.017040372361697614 0.014757629393561206 0.013147869529487047 0.012807977222597253 0.013647080615308612 0.013529939124200398 0.010672410473208415 0.008426304764134297 0.00724136839803992 0.006723523331716758 0.006614754096508041 0.006779378441674727 0.007148270111297357 0.007686891089618212 0.008379021100791039 0.009218352691049135 0.010203040161168226 0.011271452009808537 0.012355746654381546 0.013409081677258296 0.014377862924076088 0.015204284942914658 0.015830184041780642 0.016201937282708412 0.01627931483782465
