_RESULTS/CROSS_VALIDATION_POSTPROCESSED_CLR/Berg/TZ/5comp/1/Berg_TZ_z_1000_kriged_reverse_5comp_spherical_1.asc
ncols 100
nrows 90
xllcorner 5.6208707817415728
yllcorner 50.959635321741573
cellsize 0.00013419651685393446
nodata_value 1.7014100000000001E+038
[rows 0 to 18 of 90, columns 0 to 41 of 100]
-2.3022403870149573 -2.3022403870149573 -2.3022403870149573 -2.3022403870149573 -2.3022403870149573 -2.3022403870149573 -2.3022403870149573 -2.3022403870149573 -2.3022403870149573 -2.3022403870149573 -2.3022403870149573 -2.3022403870149573 -2.3022403870149573 -2.3022403870149573 -2.3022403870149573 -2.3022403870149573 -2.3022403870149573 -2.3022403870149573 -2.3022403870149573 -2.3022403870149573 -2.3022403870149573 -2.3022403870149573 -2.3022403870149573 -2.3022403870149573 -2.3022403870149573 -2.3022403870149573 -2.3022403870149573 -2.3032200882723957 -2.309862310704456 -2.3171313659558113 -2.3222715158427203 -2.3281234843284295 -2.3371672130173957 -2.350855633688199 -2.3625215687177894 -2.372980245333152 -2.385646132336596 -2.4029942513234417 -2.4264405525014876 -2.4562297675212195 -2.491340446867437 -2.5294326760444177
-2.3022403870149573 -2.3022403870149573 -2.3022403870149573 -2.3022403870149573 -2.3022403870149573 -2.3022403870149573 -2.3022403870149573 -2.3022403870149573 -2.3022403870149573 -2.3022403870149573 -2.3022403870149573 -2.3022403870149573 -2.3022403870149573 -2.3022403870149573 -2.3022403870149573 -2.3022403870149573 -2.3022403870149573 -2.3022403870149573 -2.3022403870149573 -2.3022403870149573 -2.3022403870149573 -2.3022403870149573 -2.3022403870149573 -2.3022403870149573 -2.3022403870149573 -2.3022403870149573 -2.3022403870149573 -2.2987229117685426 -2.288333180369764 -2.274650816935712 -2.261140186424811 -2.250997086944551 -2.2417320878409983 -2.2266857951063135 -2.2109570409075063 -2.1992900508822535 -2.1955692635999364 -2.2026738143715408 -2.2223316172933965 -2.2549706626735864 -2.299565895060372 -2.353494953948867
-2.3022403870149573 -2.3022403870149573 -2.3022403870149573 -2.3022403870149573 -2.3022403870149573 -2.3022403870149573 -2.3022403870149573 -2.3022403870149573 -2.3022403870149573 -2.3022403870149573 -2.3022403870149573 -2.3022403870149573 -2.3022403870149573 -2.3022403870149573 -2.3022403870149573 -2.3022403870149573 -2.3022403870149573 -2.3022403870149573 -2.3022403870149573 -2.3022403870149573 -2.3022403870149573 -2.3022403870149573 -2.3022403870149573 -2.3022403870149573 -2.3022403870149573 -2.3011962556836147 -2.2847779523690823 -2.255634749424348 -2.2210548655870257 -2.185042031553837 -2.151432204276793 -2.112860059190841 -2.065702179370988 -2.0166040386092012 -1.9716414806501932 -1.936157474492131 -1.914595139899363 -1.910331463207305 -1.9255109364721061 -1.9608695779938963 -2.01552817156381 -2.086726846524135
-2.3022403870149573 -2.3022403870149573 -2.3022403870149573 -2.3022403870149573 -2.3022403870149573 -2.3022403870149573 -2.3022403870149573 -2.3022403870149573 -2.3022403870149573 -2.3022403870149573 -2.3022403870149573 -2.3022403870149573 -2.3022403870149573 -2.3022403870149573 -2.3022403870149573 -2.3022403870149573 -2.3022403870149573 -2.3022403870149573 -2.3022403870149573 -2.3022403870149573 -2.3022403870149573 -2.3022403870149573 -2.3022403870149573 -2.3022403870149573 -2.298738563747462 -2.2735615146803534 -2.228243315506628 -2.172181899463367 -2.1120172133634183 -2.0520443356947835 -1.9825031268363584 -1.9001099724657107 -1.8125817655198344 -1.7272565163649942 -1.650915349648734 -1.589591667373326 -1.548378240912323 -1.5312410842819624 -1.5408420533457725 -1.5783584867901692 -1.6432633139787614 -1.7329814685677223
-2.3022403870149573 -2.3022403870149573 -2.3022403870149573 -2.3022403870149573 -2.3022403870149573 -2.3022403870149573 -2.3022403870149573 -2.3022403870149573 -2.3022403870149573 -2.3022403870149573 -2.3022403870149573 -2.3022403870149573 -2.3022403870149573 -2.3022403870149573 -2.3022403870149573 -2.3022403870149573 -2.3022403870149573 -2.3022403870149573 -2.3022403870149573 -2.3022403870149573 -2.3022403870149573 -2.3022403870149573 -2.3022403870149573 -2.297732864714504 -2.267171951793336 -2.211827107534247 -2.1369958707709595 -2.052741285283953 -1.9654914168275135 -1.8663605158636993 -1.7483132011129425 -1.619938537956317 -1.489682478228395 -1.3656664317690888 -1.2554767394743696 -1.165936535512174 -1.102877921212424 -1.070931703375066 -1.0733444727497412 -1.111818032643717 -1.1863407913057968 -1.2950289011827705
-2.3022403870149573 -2.3022403870149573 -2.3022403870149573 -2.3022403870149573 -2.3022403870149573 -2.3022403870149573 -2.3022403870149573 -2.3022403870149573 -2.3022403870149573 -2.3022403870149573 -2.3022403870149573 -2.3022403870149573 -2.3022403870149573 -2.3022403870149573 -2.3022403870149573 -2.3022403870149573 -2.3022403870149573 -2.3022403870149573 -2.3022403870149573 -2.3022403870149573 -2.3022403870149573 -2.3022403870149573 -2.2990927724444594 -2.267756601595886 -2.2066850964234357 -2.1208078211451085 -2.0157617628481517 -1.9020134333556373 -1.7766944363377775 -1.6256086261726523 -1.457073637803977 -1.2803862081805173 -1.104804028600178 -0.9393380197965557 -0.7924978179854785 -0.672009803202104 -0.5845365375574771 -0.5430190899890075 -0.5600309133302064 -0.6286425568974678 -0.741348822115937 -0.8906201498912014
-2.3022403870149573 -2.3022403870149573 -2.3022403870149573 -2.3022403870149573 -2.3022403870149573 -2.3022403870149573 -2.3022403870149573 -2.3022403870149573 -2.3022403870149573 -2.3022403870149573 -2.3022403870149573 -2.3022403870149573 -2.3022403870149573 -2.3022403870149573 -2.3022403870149573 -2.3022403870149573 -2.3022403870149573 -2.3022403870149573 -2.3022403870149573 -2.3022403870149573 -2.3022403870149573 -2.301553724623173 -2.275125466103195 -2.2137367868965194 -2.122196747736537 -2.0055481265191486 -1.8696031525284587 -1.7215123582358658 -1.543198990736453 -1.3386214054315202 -1.1175650735097276 -0.8900850916474616 -0.6663442378053714 -0.45637213457908743 -0.27006879125323113 -0.1416288238545853 -0.08498559640173875 -0.09316800168044059 -0.15859945469403636 -0.27325249365348725 -0.4288615417482542 -0.6171201968293172
-2.3022403870149573 -2.3022403870149573 -2.3022403870149573 -2.3022403870149573 -2.3022403870149573 -2.3022403870149573 -2.3022403870149573 -2.3022403870149573 -2.3022403870149573 -2.3022403870149573 -2.3022403870149573 -2.3022403870149573 -2.3022403870149573 -2.3022403870149573 -2.3022403870149573 -2.3022403870149573 -2.3022403870149573 -2.3022403870149573 -2.3022403870149573 -2.3022403870149573 -2.3022403870149573 -2.2867551179370267 -2.2314954442710335 -2.140569661474364 -2.0188146870776533 -1.8713423211449352 -1.7039245811915684 -1.507302522877651 -1.2743288840087632 -1.0148479351894029 -0.7392454399963744 -0.45838053297076087 -0.18342595864594635 0.05300410587667814 0.207160771452767 0.28348473144858444 0.28841371012485295 0.22936899246234344 0.11470849353620727 -0.046489621697525685 -0.24468970451132988 -0.4699988629814116
-2.3022403870149573 -2.3022403870149573 -2.3022403870149573 -2.3022403870149573 -2.3022403870149573 -2.3022403870149573 -2.3022403870149573 -2.3022403870149573 -2.3022403870149573 -2.3022403870149573 -2.3022403870149573 -2.3022386180548025 -2.3021664802332986 -2.302052646409622 -2.3019643302684463 -2.3019404465292865 -2.301990459583645 -2.3020940985768164 -2.3022019652937793 -2.3022403870149573 -2.2979481341418326 -2.256013076264406 -2.172932705182642 -2.0532667299665897 -1.9018299471821112 -1.7237456195207097 -1.518531610832749 -1.2680994412288165 -0.9800077289754561 -0.664450210970287 -0.3323775196212875 0.002978337674075071 0.2765611894654896 0.46220298127129444 0.5644324936664442 0.5885165117275539 0.5409375967013044 0.4296782031660036 0.26416876018472735 0.05492153407774447 -0.18691729341820773 -0.44973840454081193
-2.3022403870149573 -2.3022403870149573 -2.3022403870149573 -2.3022403870149573 -2.3022403870149573 -2.3022403870149573 -2.3022403870149573 -2.3022403870149573 -2.3022148941574256 -2.301880352028805 -2.301289560640097 -2.3005949246057273 -2.2999265596943124 -2.2993886743523175 -2.2990564013536687 -2.298973357069286 -2.2991501624388677 -2.2995640757758844 -2.300159775626299 -2.3008512126476752 -2.280430605352035 -2.2135513959326456 -2.1041851328403203 -1.9569205726307264 -1.7766933897178592 -1.5685684223533898 -1.3174537926191192 -1.0139671016378813 -0.6708108586556496 -0.29840733046552526 0.08592347875203288 0.3994395084942042 0.6218425791345661 0.7566697813943342 0.8075915696612568 0.7791815865487739 0.6777665492175609 0.5119951782991707 0.2927777993964167 0.03256473743129451 -0.25079647437374586 -0.5361851675727642
-2.3022403870149573 -2.3022403870149573 -2.3022403870149573 -2.3022403870149573 -2.3022403870149573 -2.3022403870149573 -2.3021872725940087 -2.301580061986398 -2.3004631376379 -2.2990388694011896 -2.297495104926441 -2.296000708587437 -2.2947008985793484 -2.293712700085967 -2.293120895012164 -2.292974861124664 -2.2932866402691965 -2.294030456912613 -2.2951437437240907 -2.293222282496437 -2.2511620738595886 -2.1616454874862807 -2.0286357619891415 -1.8562793224041574 -1.648966625044063 -1.4089281392464805 -1.1103649101603268 -0.7554302536721145 -0.3579971857790798 0.06529157495792459 0.4208272342098027 0.6833191219042978 0.8560903420538133 0.9416231291036161 0.9421704894215766 0.8609403022674988 0.7036391120959116 0.4796728236224652 0.21250970541026915 -0.06889719333798805 -0.35707117167796776 -0.6456742731037091
-2.3022403870149573 -2.3022403870149573 -2.3022403870149573 -2.3022403870149573 -2.3022403870149573 -2.3017869245088773 -2.300458607166296 -2.2984892934628176 -2.2961095452711655 -2.293540779184113 -2.2909905840925124 -2.2886473584422475 -2.2866745350522337 -2.2852048052429055 -2.28433486671371 -2.284121260501343 -2.28457780058503 -2.2856749302848964 -2.2873410918139436 -2.2755768127412006 -2.214010763387519 -2.104092015168633 -1.9496147113947693 -1.7545340038267707 -1.5230270214764363 -1.2493145034188653 -0.9068073386837572 -0.5033936005352011 -0.05534400265189854 0.34252384038828865 0.6456245277560448 0.8582639458837602 0.9832042612740186 1.0215558303060246 0.9733269217944334 0.8391220954991323 0.6270645731538718 0.37568413391853506 0.0992162899977278 -0.19161354859858815 -0.48680284589686185 -0.7799662083656518
-2.3022403870149573 -2.3022403870149573 -2.3022403870149573 -2.3022055616291857 -2.301279706540756 -2.299281064027917 -2.2964624056373326 -2.293076815594786 -2.28937453541122 -2.285598715795439 -2.281980024140294 -2.2787302027421443 -2.2760348752540835 -2.2740461281395836 -2.2728755945657744 -2.272588868150811 -2.2732020108396513 -2.274680673566009 -2.2769361054389927 -2.2512039303368816 -2.172729114859362 -2.045029650689715 -1.871709782277412 -1.6565025955666879 -1.4033258801171324 -1.0966569209891475 -0.7158733003394615 -0.26896869252639677 0.17030936129125118 0.5125600785562776 0.7631023918059872 0.9266093093386236 1.005593026900549 0.9996831400025754 0.9055922743417004 0.733642281817779 0.5151407978762221 0.25241253075157166 -0.04187877481524227 -0.3493395102557355 -0.6546006512256342 -0.9518072724362048
-2.3022403870149573 -2.3022403870149573 -2.3021619377717406 -2.300924741319773 -2.2983829819035506 -2.294799095016438 -2.2904410166522258 -2.285580240314485 -2.280488714410071 -2.2754343209219936 -2.270674760868414 -2.266449853128107 -2.2629725398734597 -2.2604192544871538 -2.258920663236573 -2.2585540123909507 -2.259338270881286 -2.261232898689382 -2.2622804292329164 -2.2231860819843314 -2.1307262343851945 -1.9882530453033536 -1.7991735858807554 -1.566985543340705 -1.2950414644031092 -0.9587876841242866 -0.5454386370098909 -0.08609682361203808 0.29347747073887387 0.5784207107251449 0.7750069622525992 0.8889138564470165 0.9232347500381048 0.8768929770214773 0.7671898632146559 0.615116298319593 0.39974166144235346 0.11767168565339281 -0.20875550798844378 -0.5446226686019808 -0.863216437816241 -1.1595215643173784
-2.3022403870149573 -2.3021852158887577 -2.3008669902413876 -2.297985091702722 -2.2938040568283777 -2.2885979520101882 -2.2826498956058643 -2.276250628070303 -2.2696957277623486 -2.2632810362587015 -2.2572959108156834 -2.252014121128662 -2.2476825964376994 -2.2445087942467747 -2.2426480888888527 -2.2421930432022674 -2.2431664690881243 -2.2455196527160157 -2.243561275068383 -2.194197555900675 -2.090980487225665 -1.9371039974145727 -1.7357868025836471 -1.4903001306722476 -1.2025605961827628 -0.8431497095900329 -0.4048839669862181 0.004838589815405303 0.3193343373275206 0.5430815790776151 0.6822752802972034 0.744264245282467 0.7385966919732687 0.6870077841597939 0.6210403135271578 0.5045380970287616 0.2916388985139906 -0.032044888531909343 -0.4215013586314047 -0.8085504766686342 -1.1455956416409157 -1.4252535198273757
-2.3022377309105595 -2.3011283380142196 -2.2981788583818865 -2.293649155982968 -2.2878109722468167 -2.2809488224920385 -2.273360364969389 -2.26535583554086 -2.257255995099178 -2.2493879110238684 -2.2420778600279343 -2.235640806441929 -2.2303663954006216 -2.2265022562530175 -2.224236510543783 -2.223682341895984 -2.2248677735847453 -2.227733025388086 -2.222756479930921 -2.16643750164556 -2.0559548809790984 -1.8943628454789396 -1.6847170102731106 -1.4300951443953693 -1.1310532909172224 -0.755989285280998 -0.3296618789801067 0.009890164842413007 0.25419101394594223 0.4108366462113091 0.4909206260194714 0.5053604125179607 0.4749596555510185 0.459658232844228 0.4480433956213945 0.39117529728437583 0.18859893255346272 -0.21882162931609894 -0.7249209351408763 -1.1992134595525772 -1.5689808357492905 -1.810086137631711
-2.3016062064466536 -2.2989201533818377 -2.294360584760986 -2.2881900250939484 -2.280685296551165 -2.2721393528354206 -2.2628627999502315 -2.253184646963139 -2.243451585680366 -2.2340248214597116 -2.2252732561891926 -2.217561835937925 -2.2112343780237405 -2.2065914151901374 -2.203865493018455 -2.203198336467202 -2.204625249350589 -2.2080710234062435 -2.201358252517788 -2.141572845554342 -2.0275232014148328 -1.8621507937911574 -1.6483873955895323 -1.389171962302721 -1.0844615806869644 -0.7019716419020914 -0.32926740125398224 -0.06271163963990789 0.10744301950025958 0.19894031697517134 0.21937559012856545 0.1800039732569667 0.1517832064761735 0.15730339018694472 0.19287827405744773 0.23202592927876653 0.09442692295762356 -0.49610213981167384 -1.1897315616026063 -1.7881772192696839 -2.2264708712161507 -2.4625502363792915
-2.300032332845358 -2.295816836829471 -2.2896823192452 -2.2818913924616284 -2.272723087246457 -2.2624757722744064 -2.25147012866032 -2.2400517413716896 -2.228592515782088 -2.2174896378384505 -2.207160239288636 -2.198029540218468 -2.190510497106658 -2.18497452412592 -2.1817160253318786 -2.1809175269560597 -2.182624868887427 -2.1867405773690134 -2.1803411263901387 -2.120697392957985 -2.006915394161255 -1.8418549123249461 -1.6283721420753672 -1.3693368601728353 -1.065106767397225 -0.6944753685168408 -0.39382841557104875 -0.20109978823168984 -0.09755420951679517 -0.07425280522339506 -0.12425239884379335 -0.20078532833558738 -0.2459187696853551 -0.25905481986439494 -0.2370925538188038 -0.17604014847130722 -0.17579502482968667 -1.0563880817716869 -1.9051274886002523 -2.6249161970383157 -3.1746735838476607 -3.5274134662649876
-2.2977579514266213 -2.292076851345589 -2.2844199107004473 -2.2750468004801396 -2.2642351410863766 -2.2522845610957902 -2.239521347789931 -2.226303392643242 -2.2130247021735343 -2.200118015920287 -2.188053012300122 -2.177326381206159 -2.168439406346898 -2.1618600441998774 -2.157971379042042 -2.157016529355172 -2.1590572423582057 -2.163962552612983 -2.160147744199227 -2.10431306108607 -1.9946899636604685 -1.8340864723591552 -1.6253340914467755 -1.371308641934267 -1.0735459396807863 -0.740368980538054 -0.5104663166003491 -0.38125504967356516 -0.34440872322914684 -0.39451213558496834 -0.5149631763815194 -0.6246582671448238 -0.7143905982979639 -0.7921235453104307 -0.8715334669101988 -0.9973631024970162 -1.330375276346758 -2.0313310176846677 -2.8789588043440806 -3.6845973276254194 -4.362693937983603 -4.863861615244109
