_RESULTS/CROSS_VALIDATION_POSTPROCESSED_CLR/Berg/TZ/7comp/1/Berg_TZ_z_180_kriged_reverse_7comp_spherical_1.asc
ncols 100
nrows 90
xllcorner 5.6208707817415728
yllcorner 50.959635321741573
cellsize 0.00013419651685393446
nodata_value 1.7014100000000001E+038
[rows 60 to 79 of 90, columns 44 to 87 of 100]
4.018545933048171 3.956888407641462 3.8912110300886225 3.8237960651592786 3.7548881077355647 3.6863443811196595 3.633393386539516 3.596122894642257 3.5712994655310566 3.5575460062211977 3.553967055140135 3.560102896766002 3.578317582766817 3.6112646241167465 3.660887903441587 3.729700759000694 3.8205840336995114 3.9361321354362793 4.074227521560032 4.22605418697847 4.38103883356797 4.524633933627237 4.6454682052756215 4.736020447747395 4.792594031554377 4.818714893582023 4.821848613822779 4.808761841860238 4.784489675653142 4.752870213706129 4.717082470010081 4.6715174570002755 4.611694329500562 4.53852562429001 4.456148459584807 4.377778753415555 4.307518463703177 4.249389413990923 4.204904573130129 4.172385277234212 4.1527602329103255 4.146028813029801 4.145972956934704 4.145972956934704
4.045510282651506 3.992943513321647 3.9324353797148572 3.8659881995897143 3.7973827295065394 3.7286477039934867 3.665785239900016 3.61324672057723 3.5762216264973476 3.553062879190854 3.5426409643021834 3.544502438044324 3.5589985598661924 3.5890545874239845 3.6367370265734076 3.7034397573135243 3.790408856935735 3.897763437117645 4.0226611135953325 4.156178004054939 4.288611108753107 4.411465729892209 4.517212552426126 4.599104291648299 4.654469088949921 4.6855100166874575 4.698064507606321 4.696932319059584 4.686288131815199 4.669247012844643 4.6402826529118535 4.597593769652211 4.542006253600139 4.474428138772745 4.403397767817247 4.33824998640994 4.280080979462126 4.231054133396517 4.192408998910368 4.165327119440751 4.150334635157235 4.145972956934704 4.145972956934704 4.145972956934704
4.067355672519671 4.02469330268045 3.9737666180152535 3.916437701303577 3.854455866941347 3.789288594074348 3.7259015450195436 3.669748460275194 3.6223919379596867 3.5898233270462243 3.572140963764263 3.5688316814232164 3.5799165034844944 3.6059753165688844 3.649529817624776 3.711783613928863 3.7916623838674477 3.88695751502902 3.993977776127232 4.107115310462341 4.219618528321099 4.325816886571017 4.419707793737201 4.496504572716169 4.554045967617401 4.593007947479783 4.6161538824813215 4.62721063521415 4.627556912829652 4.613410455421839 4.585599958010708 4.544939783831609 4.492019505415857 4.428604588117925 4.365998464688707 4.307775164544481 4.256311977023078 4.213755499778953 4.181354670299588 4.159819440563018 4.148100277231246 4.145972956934704 4.145972956934704 4.145972956934704
4.082751006004855 4.0505682512337655 4.009926110272579 3.9629227057249947 3.911511530110821 3.8556711463651423 3.7978182059278174 3.746125846860328 3.7018516465580107 3.666090658318579 3.641309116464802 3.631804402841814 3.6375910992603018 3.6585231333265558 3.69446422262267 3.746271911988557 3.813546141413356 3.894063189208984 3.9844142208179396 4.080020979368211 4.176224978157889 4.268833920562656 4.353047436790838 4.425281826418616 4.483720297197875 4.5284287046642815 4.5600964221388915 4.575973059080969 4.57650449239966 4.56269342984636 4.535402104542087 4.495319992257395 4.442980085407984 4.384844262574593 4.329455826583112 4.278290603204188 4.234024201916213 4.198435017076067 4.172160952822805 4.154607467909609 4.146468027019102 4.145972956934704 4.145972956934704 4.145972956934704
4.091542644612025 4.070890103864322 4.041835026502298 4.006346052472492 3.965715145453055 3.9189100044947076 3.8678632437215628 3.8211548294548168 3.781676824810738 3.7503990363032496 3.728373528660496 3.716733531558069 3.7165994023499827 3.7303022666121746 3.7584250256458445 3.800186162759374 3.8548071078482 3.9212974674429923 3.9966268435466255 4.0771600672169575 4.160038481356435 4.24140469129193 4.31757291739884 4.385758665028821 4.442572628088871 4.485369526339322 4.513470615533973 4.526908038259599 4.526108249138526 4.511648562328433 4.484110694897281 4.444011902135065 4.393571951031106 4.342962865579685 4.29494806213066 4.251230988634415 4.214513414123531 4.185169724830304 4.1634220494705625 4.150101621568117 4.145972956934704 4.145972956934704 4.145972956934704 4.145972956934704
4.098219914982937 4.0865365625992 4.069419408240767 4.045630839566619 4.014567871356383 3.976976622934714 3.934407476113811 3.8922901989905703 3.857049386856904 3.829574463271304 3.810734292272832 3.8013790824959317 3.80232741870602 3.8142361189210896 3.8374455082431043 3.87186431317898 3.9168138885642474 3.9708999478874 4.03257230814546 4.100191199768507 4.1707943051204595 4.240597238895496 4.305951110017851 4.363671518839194 4.4112760806936935 4.4470785025079405 4.470133067053989 4.480074810028747 4.476924764538518 4.4609170543303 4.432374187575516 4.3918936615661455 4.347665344664989 4.304543101747162 4.263939091549257 4.227643045445625 4.196886073936553 4.1725985940633255 4.155680942374804 4.146986080528413 4.145972956934704 4.145972956934704 4.145972956934704 4.145972956934704
4.105012229106964 4.097738607970611 4.091455996993961 4.077938075061506 4.056272432581139 4.027969575091651 3.994548840723228 3.9581961857944816 3.9266295998623595 3.9022800314045005 3.885856349556814 3.8780051229525876 3.879257579691125 3.8899828949660957 3.9103196379900984 3.9399633051713074 3.9781202704688186 4.023438222362926 4.07461325190061 4.130200173809345 4.187759519147314 4.244710851741459 4.298069944854809 4.345162601169314 4.38380312915696 4.412372396304422 4.429802911743418 4.435493332610261 4.429189131503019 4.410863659298595 4.380620621226297 4.343859745191742 4.306884985426085 4.270695391183739 4.2362085609962605 4.205692561236141 4.180472928780647 4.16151568794762 4.149732692618011 4.145972956934704 4.145972956934704 4.145972956934704 4.145972956934704 4.145972956934704
4.112203539814115 4.108800212215264 4.1059822745052825 4.101295830497323 4.089087300025078 4.070070494941213 4.045718505679176 4.017507113096283 3.989294491955927 3.9674644466869666 3.9527920694053327 3.945752676887651 3.946685889354802 3.955736387841156 3.972807877660958 3.9975392319326013 4.029101026491988 4.066658383850447 4.1094731754084926 4.155658486229082 4.203025685806229 4.249255047691125 4.292061516811745 4.329349337745884 4.359340999992823 4.380619505391586 4.392083320576734 4.392997036746157 4.382922799744668 4.3615564061921965 4.332415859799755 4.301563107279221 4.2701440877602845 4.239212298032903 4.210427649625441 4.185760573036799 4.16623389133242 4.152808912394066 4.146399110910038 4.145972956934704 4.145972956934704 4.145972956934704 4.145972956934704 4.145972956934704
4.120261306506597 4.118648774333767 4.117026533123959 4.114888393030352 4.111328063993979 4.101541254497742 4.086133112074849 4.066510348905201 4.044082707431489 4.024242947042461 4.010765993444554 4.00398638155086 4.004095181935763 4.011093670993802 4.024742656425985 4.044544378646432 4.070175562101054 4.101269051679992 4.136495994217634 4.174225016983338 4.212613809548005 4.249716979693666 4.28360467118041 4.312473519966853 4.334732872400802 4.349054932009329 4.354386062097787 4.349925007141614 4.335079423536721 4.312981966708864 4.288460135674464 4.262515178844232 4.2361392346246065 4.210480092316943 4.187645859044113 4.1688632005902555 4.1551228789016506 4.147371748653284 4.145972956934704 4.145972956934704 4.145972956934704 4.145972956934704 4.145972956934704 4.145972956934704
4.127398969375132 4.1261989845733815 4.125513718185783 4.124457448906776 4.122909390567309 4.1207185408425735 4.114102521414534 4.1028527976035845 4.088274334325959 4.071853458775661 4.059113145440054 4.0521574945549395 4.051064188087112 4.055732206531141 4.065850397729962 4.081419858455146 4.1021706778668 4.1272746687186075 4.155551120451592 4.185591026535219 4.215821470025994 4.244585412700095 4.2702282658184885 4.291179234205378 4.306016372045723 4.3135078288240285 4.312626909238955 4.302650080768556 4.287225261783213 4.268987776183673 4.248758329023346 4.227407542442626 4.205843162256846 4.185844926314098 4.168896019066496 4.155987734713719 4.1480785801484155 4.145972956934704 4.145972956934704 4.145972956934704 4.145972956934704 4.145972956934704 4.145972956934704 4.145972956934704
4.132436253258414 4.13161807107019 4.13127183609317 4.131219754178784 4.13064845244867 4.129578167000384 4.128104339334644 4.124923804636633 4.117945135541849 4.108251523907443 4.097243724464664 4.08977030072347 4.087194884383468 4.0894749765033644 4.09683045706695 4.108905146683274 4.125072082196269 4.144580721717972 4.166439602756692 4.189419284969783 4.212159513940168 4.233229206525106 4.251190841732753 4.264661289755184 4.272361753481338 4.2731516935137455 4.267169248968502 4.257589855576368 4.245133298386584 4.230419448883896 4.214156770863349 4.197112188361162 4.180628863112832 4.166326137184615 4.1551652819265765 4.148088988786984 4.145972956934704 4.145972956934704 4.145972956934704 4.145972956934704 4.145972956934704 4.145972956934704 4.145972956934704 4.145972956934704
4.1352425399716735 4.13478159262934 4.134674372761641 4.134945348941422 4.135328296910093 4.135130021072442 4.134394783089382 4.133192822507845 4.131576784005497 4.128534192986649 4.123118367611677 4.116424240619555 4.1126806314303 4.113362180434391 4.1182383795200215 4.1268993566382495 4.13874757919511 4.153023693192512 4.1689131850428 4.185353249654313 4.201153866940321 4.215063841184427 4.225819552651807 4.232191278285059 4.233570530395548 4.231649854184092 4.226785551604212 4.219259976973033 4.209491136390541 4.1980087900697045 4.185429198861938 4.172801592527811 4.161649192046232 4.152881836740659 4.147397178358964 4.145972956934704 4.145972956934704 4.145972956934704 4.145972956934704 4.145972956934704 4.145972956934704 4.145972956934704 4.145972956934704 4.145972956934704
4.135689212579304 4.135565102507045 4.135689944817044 4.136080822096654 4.136721641335292 4.137367771544872 4.1373912059831115 4.1368071178256836 4.135675131314119 4.134190409954155 4.132513089646478 4.13076545015741 4.128517647333495 4.127548127186541 4.129931114974747 4.135267295322215 4.142992414203003 4.152388257668768 4.162687663560804 4.173023098454491 4.182342650031507 4.189631687280203 4.194933475127802 4.198125762354959 4.199023840518626 4.197586650678548 4.193915591466443 4.188246148226104 4.180933801116798 4.172436195777718 4.163637669624571 4.155826855569195 4.149813156888193 4.146422525344411 4.145972956934704 4.145972956934704 4.145972956934704 4.145972956934704 4.145972956934704 4.145972956934704 4.145972956934704 4.145972956934704 4.145972956934704 4.145972956934704
4.134093286372965 4.134122336954718 4.134397746851784 4.134899748793687 4.135595223899117 4.136443648880446 4.137326871627361 4.137720893067734 4.137626650231452 4.13716015589729 4.136438200882391 4.135575337519178 4.1346802266857425 4.133851543519678 4.133348795523405 4.134991328998129 4.138683881578702 4.1437297739529635 4.149483952823158 4.1554714557937436 4.161156783008486 4.166056993228582 4.169782159738187 4.172050090249654 4.17269682964589 4.171681862987257 4.169087614531469 4.165113561056002 4.160067442921143 4.154793576897529 4.150222254836214 4.147041415673909 4.145972956934704 4.145972956934704 4.145972956934704 4.145972956934704 4.145972956934704 4.145972956934704 4.145972956934704 4.145972956934704 4.145972956934704 4.145972956934704 4.145972956934704 4.145972956934704
4.132212638144093 4.132247813479958 4.132580113393332 4.133180739083076 4.134003380420661 4.134994508354558 4.136101361807723 4.137276191625719 4.138224673888414 4.138743525735153 4.138937454554457 4.138908727297261 4.138753585075695 4.138558546449876 4.138396734213781 4.13832441557233 4.138450912080661 4.139768283511009 4.142118274017162 4.1450599202723115 4.148172578677576 4.151027266545196 4.153278803361044 4.154677185962824 4.155075739470194 4.1544352879768605 4.152824041755139 4.150495526249611 4.148209320982436 4.1465189258737105 4.145972956934704 4.145972956934704 4.145972956934704 4.145972956934704 4.145972956934704 4.145972956934704 4.145972956934704 4.145972956934704 4.145972956934704 4.145972956934704 4.145972956934704 4.145972956934704 4.145972956934704 4.145972956934704
4.130253714927817 4.130297012819169 4.130703702981273 4.131429076391996 4.132405569363098 4.1335612809132085 4.134831241118051 4.1361611267617215 4.137506762241384 4.138828749048332 4.139900208737349 4.1406642468275034 4.141207209503391 4.14160598390855 4.141924848200363 4.142212621664637 4.1425002505924375 4.142798981230279 4.143099252046659 4.143439526313121 4.144126506104731 4.14505660969411 4.145921371041307 4.146497264530502 4.146652119735165 4.146376958958737 4.146050876455426 4.145972956934704 4.145972956934704 4.145972956934704 4.145972956934704 4.145972956934704 4.145972956934704 4.145972956934704 4.145972956934704 4.145972956934704 4.145972956934704 4.145972956934704 4.145972956934704 4.145972956934704 4.145972956934704 4.145972956934704 4.145972956934704 4.145972956934704
4.128229958632727 4.128284729076983 4.12879405663795 4.129682661246705 4.130847520588852 4.132191809860438 4.133637980619085 4.135127361238886 4.136615622444166 4.138068361433601 4.139457832750227 4.140760739720231 4.141938898526016 4.142893745332343 4.1436598919470455 4.14428033080541 4.14478178565632 4.145173270991963 4.145445226219056 4.145599760027419 4.145763260095706 4.145909984172432 4.145972956934704 4.145972956934704 4.145972956934704 4.145972956934704 4.145972956934704 4.145972956934704 4.145972956934704 4.145972956934704 4.145972956934704 4.145972956934704 4.145972956934704 4.145972956934704 4.145972956934704 4.145972956934704 4.145972956934704 4.145972956934704 4.145972956934704 4.145972956934704 4.145972956934704 4.145972956934704 4.145972956934704 4.145972956934704
4.126155862759023 4.126228364966844 4.126889663048983 4.127999015777294 4.12939379938359 4.130948106835669 4.132576563626319 4.134221827056062 4.135843601704298 4.1374116967267005 4.1389019855197215 4.140294077004482 4.141569950780464 4.1427131360439144 4.1437082033250565 4.1445404408979725 4.145195643234964 4.145659969284769 4.145919845378694 4.145972956934704 4.145972956934704 4.145972956934704 4.145972956934704 4.145972956934704 4.145972956934704 4.145972956934704 4.145972956934704 4.145972956934704 4.145972956934704 4.145972956934704 4.145972956934704 4.145972956934704 4.145972956934704 4.145972956934704 4.145972956934704 4.145972956934704 4.145972956934704 4.145972956934704 4.145972956934704 4.145972956934704 4.145972956934704 4.145972956934704 4.145972956934704 4.145972956934704
4.124049171511593 4.124153200612547 4.125061336455153 4.126473632710915 4.128137193000163 4.129908738569248 4.131710060808359 4.133494412954827 4.1352302813400135 4.136893927485704 4.138465829035529 4.139928882177825 4.141267440759572 4.142466775468474 4.143512755277547 4.1443916521934705 4.145090017345486 4.145594599911904 4.145892292628194 4.145972956934704 4.145972956934704 4.145972956934704 4.145972956934704 4.145972956934704 4.145972956934704 4.145972956934704 4.145972956934704 4.145972956934704 4.145972956934704 4.145972956934704 4.145972956934704 4.145972956934704 4.145972956934704 4.145972956934704 4.145972956934704 4.145972956934704 4.145972956934704 4.145972956934704 4.145972956934704 4.145972956934704 4.145972956934704 4.145972956934704 4.145972956934704 4.145972956934704
4.1219423781826645 4.122118073041437 4.123470008750486 4.125269938047172 4.127204279717946 4.129164995075984 4.131103992913033 4.132993005677816 4.13481155311084 4.136542666597076 4.1381711376544015 4.139682715480614 4.141063705393425 4.14230075313569 4.14338072210971 4.144290620057094 4.145017553453657 4.14554869814079 4.145871279836593 4.145972956934704 4.145972956934704 4.145972956934704 4.145972956934704 4.145972956934704 4.145972956934704 4.145972956934704 4.145972956934704 4.145972956934704 4.145972956934704 4.145972956934704 4.145972956934704 4.145972956934704 4.145972956934704 4.145972956934704 4.145972956934704 4.145972956934704 4.145972956934704 4.145972956934704 4.145972956934704 4.145972956934704 4.145972956934704 4.145972956934704 4.145972956934704 4.145972956934704
