_RESULTS/CROSS_VALIDATION_POSTPROCESSED_80-20/Berg/TZ/7comp/5/Berg_TZ_z_125_kriged_reverse_7comp_spherical_5.asc
ncols 100
nrows 90
xllcorner 5.6208707817415728
yllcorner 50.959635321741573
cellsize 0.00013419651685393446
nodata_value 1.7014100000000001E+038
[rows 60 to 79 of 90, columns 43 to 85 of 100]
11.504817753309192 11.532419238457525 11.565839042815591 11.613664234163124 11.682007327072279 11.772247779358832 11.868402707705714 11.913138879944924 11.93151532028679 11.92697958741073 11.901288890082952 11.859783783848737 11.811350706980837 11.785255645950807 11.804391857400317 11.870290324383967 11.962802973968408 12.007871111409278 11.86557968589273 11.487274370099133 11.000182663693533 10.520670384415434 10.115592932685809 9.855756138792458 9.77495489000808 9.876498944312695 10.126235450093517 10.474393779896927 10.878422921361057 11.307756083549792 11.740786611916938 12.161475361177562 12.557090163191093 12.91684495886814 13.231088381266046 13.509464389321032 13.81845459815356 14.142439177551925 14.419115423735885 14.641861001363488 14.813921391892112 14.933394275396395 14.987570410413753
11.959834567928821 12.012939780065327 12.070135553291122 12.13707820093744 12.21745715566235 12.311743785654983 12.412024865226146 12.479032364500476 12.52154953323461 12.54084267383662 12.539648836047332 12.522640067330018 12.496092874076703 12.467224466972231 12.458474753827495 12.469572404601086 12.472166776395701 12.411951214735163 12.226826896284484 11.903172748874978 11.496003354574226 11.07881369840356 10.723122225887133 10.489419382773264 10.400100249359468 10.456371701156305 10.6375912617991 10.909889886396774 11.241315349651652 11.60496221060853 11.979318829739567 12.347199460883957 12.694467086964117 13.009031218786468 13.280156771676113 13.543998033805865 13.845817342436437 14.158371648147957 14.429546089596382 14.655214196884126 14.83227256321972 14.951978276004144 14.98803247918699
12.409374962697902 12.482941538000416 12.55826099589428 12.638955562839957 12.727083944565404 12.822389948639634 12.926157693035925 13.025556746038477 13.096533491340468 13.141588969271284 13.163761247770772 13.166769713905271 13.15445932324821 13.12933548269308 13.090778908262044 13.046304304491663 12.979052662241685 12.855151670019193 12.64549421977991 12.347455731009333 11.99104799763696 11.623850762099165 11.314637892578629 11.102446035218104 11.00434877100601 11.022273766005544 11.14417446562513 11.348886515704484 11.612135205701376 11.910738838307084 12.224389257454241 12.535892936992681 12.830795115792021 13.096887458415612 13.331880528073844 13.59481489473297 13.901765101289332 14.208760914473062 14.476475732143179 14.700910290528682 14.873770031643623 14.970440752467917 14.98803247918699
12.845629230082794 12.927061032309743 13.015582436144687 13.105125411267668 13.196501834546789 13.288795959759328 13.40116149501696 13.534650387710311 13.637209541797521 13.709555041552642 13.754642285366394 13.77527332782567 13.77351494469497 13.749539274615385 13.699985473893866 13.616506049855154 13.497279363381473 13.331112421801572 13.103909291128799 12.816993086726141 12.489197339963756 12.162601141394125 11.889779779651267 11.69446257492479 11.59008255900877 11.5792118890831 11.654535207789598 11.801636568943835 12.002503164283613 12.23843619091672 12.49179462728287 12.74673180078062 12.989332958705182 13.207487989688191 13.427668213806246 13.693130256431244 14.002686594539618 14.29939672984678 14.559453850209092 14.77240721529585 14.916713033719702 14.983937339439043 14.98803247918699
13.26978188352028 13.329713363651772 13.426804499336567 13.520458858824247 13.610528582367634 13.703122231500394 13.829748858071698 13.989277832299388 14.125799390740692 14.226906924928434 14.295317343766406 14.333152482187266 14.341461397309752 14.319469115954355 14.263763471437146 14.167922693733848 14.023404639311751 13.826914451230332 13.584611989347401 13.299676513114015 12.988219228245313 12.696022543565642 12.449688049454487 12.266321366553623 12.156290709874211 12.122244837001164 12.159610813201864 12.258227733438638 12.404498339387658 12.583385053494109 12.779852708927528 12.97970804238643 13.169983755383427 13.349935195742324 13.570105499067866 13.839366044263777 14.14524109097447 14.428044174279343 14.666057860867152 14.844134268723463 14.953902975674307 14.98803247918699 14.98803247918699
13.667210818244993 13.693459408847856 13.776405396527888 13.869986995912525 13.956417801307767 14.063525726790768 14.202415501618763 14.373747108906553 14.545840556086034 14.677222610680369 14.770084243493539 14.826141488706119 14.8460357420481 14.82892808596743 14.772220583833462 14.671742336496877 14.522788140990214 14.322167712155517 14.070813357896913 13.78163649291612 13.489658468955287 13.222127852030868 12.9941148088072 12.818076952840359 12.701848953784827 12.647756953707411 12.652774392842744 12.70946505302571 12.807335641823393 12.934207731433986 13.077340917206326 13.224211562135938 13.364579435894278 13.536051958691617 13.758722926755274 14.033615412194253 14.32239518639507 14.57071071441733 14.768821153478365 14.907861761765234 14.979652858694346 14.98803247918699 14.98803247918699
14.024382988970158 14.02393983118493 14.058225604974336 14.139873787718244 14.238613065033082 14.361665279282132 14.510695883359457 14.686182677852539 14.882045531675223 15.045191283408702 15.164052158782532 15.240152939748999 15.274111965976553 15.265467162386464 15.212679294286266 15.11350132113769 14.965861699270954 14.769215693661783 14.525988262733033 14.255355525229199 13.986986705010294 13.736906110898486 13.520937115068845 13.34828815060577 13.224791205875244 13.152282385718362 13.128577027502747 13.148001640755828 13.202253381323487 13.28134713331042 13.37446786747214 13.470635802139034 13.591470542679362 13.765721877220694 13.98986071850476 14.253756329240321 14.49931751154026 14.704396464103327 14.859811556351863 14.956950668875042 14.98803247918699 14.98803247918699 14.98803247918699
14.329849055685104 14.311050899564615 14.293688875277647 14.340040022275543 14.453246974019102 14.590170909781902 14.747309961873947 14.924904544050646 15.122007656975539 15.316487737904843 15.46298458138381 15.56120791618158 15.611936939946137 15.615229157072372 15.570539554540625 15.4770952718039 15.334560833710265 15.143901310576915 14.917542422171085 14.681159668007282 14.445637977463166 14.22220265420979 14.021611195686665 13.852829743097454 13.721990379430347 13.631917549662731 13.58185452141005 13.567338397109271 13.581628605990892 13.61640179704954 13.661632625930398 13.729546704277062 13.8481708210903 14.015603721418222 14.229987864986066 14.461028087919804 14.661239640363394 14.821030383116055 14.931550576858635 14.984507359043281 14.98803247918699 14.98803247918699 14.98803247918699
14.572561204546671 14.535247935116097 14.501622358440585 14.5144788230895 14.599067756137474 14.742636482877499 14.906042232762662 15.08401691451481 15.275433304940261 15.4778152610266 15.65337855081407 15.775655855328349 15.84562628132985 15.86383811623722 15.83055057557588 15.746043857168383 15.611086734292313 15.436754194353286 15.243527967971971 15.039555121438225 14.833698365987678 14.635123041442103 14.452427576129 14.292737216529448 14.160957539455953 14.05931439083001 13.987218726281522 13.941420164443436 13.916367186923434 13.90467785971214 13.920011803376605 13.985419558968612 14.099542898376608 14.260939308661916 14.46060440178521 14.645872638108145 14.79944765339475 14.912462815461927 14.97646376488496 14.98803247918699 14.98803247918699 14.98803247918699 14.98803247918699
14.746870972915646 14.710974201926941 14.68560266887479 14.674256592287671 14.718331138909111 14.823697983810183 14.981646059342847 15.158597033775859 15.343177403212726 15.53301627053548 15.722707872167819 15.870543450882883 15.961727392790914 15.997183502624408 15.977752056144665 15.904530849119913 15.791379238612233 15.651422558355332 15.491195440164992 15.31790324803725 15.139191884188785 14.96268964592344 14.795399595313667 14.643065120201165 14.509631941607285 14.396894397724564 14.304362242781918 14.229335665532297 14.16781680017844 14.140786983691967 14.160772171546407 14.2275459752622 14.340495095547329 14.4980986539609 14.660551846155595 14.799178392894486 14.905332751292432 14.970620107551857 14.98803247918699 14.98803247918699 14.98803247918699 14.98803247918699 14.98803247918699
14.877842097193412 14.846866615015394 14.829212470057243 14.81855693806928 14.824843012657219 14.883996669494643 14.993374447904989 15.145179413772697 15.321562112616252 15.498305672127177 15.671456955250068 15.834072413224668 15.94779225349812 16.002101364923707 16.001082147556875 15.959013250781664 15.882362524149038 15.77690530579299 15.648820031697872 15.504627901951459 15.350986090659458 15.194340926303356 15.040489608638918 14.894125875809008 14.758448133444402 14.634890203518255 14.523004665546027 14.427714655731721 14.370671440186408 14.355419373728573 14.383132866193545 14.454306813008602 14.568983744773437 14.703122551360162 14.820272832003912 14.912113183739692 14.970534066215201 14.98803247918699 14.98803247918699 14.98803247918699 14.98803247918699 14.98803247918699 14.98803247918699
14.968710394888282 14.941378696838326 14.928760568655514 14.92243534134311 14.920676893455385 14.935052293706791 14.994143478332555 15.092271255005219 15.221042537099844 15.371356604069398 15.526339956325666 15.668905590118607 15.794391555463024 15.879868511634246 15.918307448765766 15.914740655508142 15.874435412507129 15.802909299365119 15.70590897351298 15.589316561225969 15.458964468213477 15.32036445983981 15.178382019081793 15.036903643423877 14.89854797233191 14.768034309839765 14.662736833064374 14.588875649660507 14.55000236243 14.548643864504228 14.586486701636936 14.664567673871657 14.767157965127078 14.85871331027299 14.93094878645442 14.97625350180734 14.98803247918699 14.98803247918699 14.98803247918699 14.98803247918699 14.98803247918699 14.98803247918699 14.98803247918699
15.014777738482197 14.991141426985902 14.980807593819723 14.97858368556785 14.977933896272209 14.979037786199086 14.99040074168175 15.035957378955263 15.109777281131084 15.203491284146455 15.311475076006225 15.427325731269834 15.544056439938513 15.651228926279485 15.729453067750377 15.763764732089259 15.75906369250813 15.720499013721678 15.653342213817863 15.562876094392742 15.454227728916296 15.332150364065717 15.201379757223302 15.072861223702064 14.955100146236438 14.854533231652253 14.776696946285378 14.726163882700865 14.706564234899947 14.720669958770818 14.770515635016462 14.842361761386602 14.906658906821054 14.956285925520671 14.98431369177018 14.98803247918699 14.98803247918699 14.98803247918699 14.98803247918699 14.98803247918699 14.98803247918699 14.98803247918699 14.98803247918699
15.027463808269118 15.00133533370195 14.988918703938653 14.98803247918699 14.98803247918699 14.98803247918699 14.98803247918699 14.991386945110206 15.01954451078045 15.070867331686856 15.138807245937958 15.216923858485664 15.298970008589096 15.379020576631092 15.451638608970056 15.510585931286897 15.537130178943487 15.529616426663548 15.492567766623946 15.431399040319663 15.35223690056007 15.261680009441239 15.166522993475892 15.073474689328487 14.988901837926036 14.918623720163104 14.867773123773292 14.840727353404152 14.841102542243286 14.871728677783574 14.91517823786189 14.952906520991633 14.979195264816314 14.98803247918699 14.98803247918699 14.98803247918699 14.98803247918699 14.98803247918699 14.98803247918699 14.98803247918699 14.98803247918699 14.98803247918699 14.98803247918699
15.038706360869314 15.007916031648808 14.99101241433148 14.98803247918699 14.98803247918699 14.98803247918699 14.98803247918699 14.98803247918699 14.98803247918699 14.999254757985852 15.029169512184648 15.071824082401578 15.121541206880185 15.173020493439306 15.22146635165304 15.26273305316163 15.293473230920407 15.310662129475789 15.304727345963176 15.276684419702047 15.231923811464334 15.176230481266867 15.115569095469308 15.055865203644608 15.002803798200315 14.961663139672913 14.937195288464247 14.933557099334266 14.950649404165858 14.969539382705548 14.983516353323784 14.98803247918699 14.98803247918699 14.98803247918699 14.98803247918699 14.98803247918699 14.98803247918699 14.98803247918699 14.98803247918699 14.98803247918699 14.98803247918699 14.98803247918699 14.98803247918699
15.0488066480159 15.014185306035973 14.993598195415458 14.98803247918699 14.98803247918699 14.98803247918699 14.98803247918699 14.98803247918699 14.98803247918699 14.98803247918699 14.98818431336611 14.99723273255215 15.016588165146588 15.041450891437552 15.067534708802185 15.091175681610183 15.109442403117326 15.120236008241159 15.122368335750854 15.115608625602112 15.100686274713087 15.077573467014235 15.049248527845688 15.020981616324011 14.997876650338396 14.984735177574752 14.984690585457939 14.987387893565874 14.98803247918699 14.98803247918699 14.98803247918699 14.98803247918699 14.98803247918699 14.98803247918699 14.98803247918699 14.98803247918699 14.98803247918699 14.98803247918699 14.98803247918699 14.98803247918699 14.98803247918699 14.98803247918699 14.98803247918699
15.057036429285326 15.019482634501752 14.996078380645189 14.988032482434432 14.98803247918699 14.98803247918699 14.98803247918699 14.98803247918699 14.98803247918699 14.98803247918699 14.98803247918699 14.98803247918699 14.98803247918699 14.988826139036346 14.993977801725618 15.001207270722253 15.007905989710965 15.012218064901331 15.013097172538274 15.010340455764503 15.004595248946648 14.99733779321512 14.990826578229719 14.98803247918699 14.98803247918699 14.98803247918699 14.98803247918699 14.98803247918699 14.98803247918699 14.98803247918699 14.98803247918699 14.98803247918699 14.98803247918699 14.98803247918699 14.98803247918699 14.98803247918699 14.98803247918699 14.98803247918699 14.98803247918699 14.98803247918699 14.98803247918699 14.98803247918699 14.98803247918699
15.062829704941997 15.023295406979953 14.997989710472659 14.988128422935082 14.98803247918699 14.98803247918699 14.98803247918699 14.98803247918699 14.98803247918699 14.98803247918699 14.98803247918699 14.98803247918699 14.98803247918699 14.98803247918699 14.98803247918699 14.98803247918699 14.98803247918699 14.98803247918699 14.98803247918699 14.98803247918699 14.98803247918699 14.98803247918699 14.98803247918699 14.98803247918699 14.98803247918699 14.98803247918699 14.98803247918699 14.98803247918699 14.98803247918699 14.98803247918699 14.98803247918699 14.98803247918699 14.98803247918699 14.98803247918699 14.98803247918699 14.98803247918699 14.98803247918699 14.98803247918699 14.98803247918699 14.98803247918699 14.98803247918699 14.98803247918699 14.98803247918699
15.065800025095136 15.025273996488616 14.99901651733386 14.98824680348555 14.98803247918699 14.98803247918699 14.98803247918699 14.98803247918699 14.98803247918699 14.98803247918699 14.98803247918699 14.98803247918699 14.98803247918699 14.98803247918699 14.98803247918699 14.98803247918699 14.98803247918699 14.98803247918699 14.98803247918699 14.98803247918699 14.98803247918699 14.98803247918699 14.98803247918699 14.98803247918699 14.98803247918699 14.98803247918699 14.98803247918699 14.98803247918699 14.98803247918699 14.98803247918699 14.98803247918699 14.98803247918699 14.98803247918699 14.98803247918699 14.98803247918699 14.98803247918699 14.98803247918699 14.98803247918699 14.98803247918699 14.98803247918699 14.98803247918699 14.98803247918699 14.98803247918699
15.06575261128617 15.0252422943182 14.998999892056569 14.988244566816247 14.98803247918699 14.98803247918699 14.98803247918699 14.98803247918699 14.98803247918699 14.98803247918699 14.98803247918699 14.98803247918699 14.98803247918699 14.98803247918699 14.98803247918699 14.98803247918699 14.98803247918699 14.98803247918699 14.98803247918699 14.98803247918699 14.98803247918699 14.98803247918699 14.98803247918699 14.98803247918699 14.98803247918699 14.98803247918699 14.98803247918699 14.98803247918699 14.98803247918699 14.98803247918699 14.98803247918699 14.98803247918699 14.98803247918699 14.98803247918699 14.98803247918699 14.98803247918699 14.98803247918699 14.98803247918699 14.98803247918699 14.98803247918699 14.98803247918699 14.98803247918699 14.98803247918699
