_RESULTS/CROSS_VALIDATION_POSTPROCESSED_80-20/Berg/TZ/7comp/5/Berg_TZ_z_710_kriged_reverse_7comp_spherical_5.asc
ncols 100
nrows 90
xllcorner 5.6208707817415728
yllcorner 50.959635321741573
cellsize 0.00013419651685393446
nodata_value 1.7014100000000001E+038
[rows 54 to 71 of 90, columns 42 to 83 of 100]
0.2025642663479306 0.20364566026807038 0.2086481902914266 0.216479118031951 0.22753842554198556 0.23633150389303265 0.21096272234399793 0.19198929400295695 0.18069808115800645 0.17605417578965385 0.17303782924915637 0.16402272066529455 0.14848966943458108 0.12945715774760141 0.10966179989318726 0.09114057711585953 0.07501121850645935 0.06139643297150637 0.04587762726547999 0.027059616202370955 0.01611369441318931 0.009788516880360648 0.006107679001426459 0.003931280458466183 0.0026104059007531245 0.0017775188748205917 0.0012577110940219392 0.0009523908681111226 0.0007937454303748176 0.0007379074254993632 0.0007636009536294174 0.000868571071995482 0.0010671823235364527 0.0013903365633566062 0.0018866189896440306 0.0026221093457692714 0.003678641932472084 0.0052182220388009085 0.007405371507378639 0.01044084087442763 0.014490496315684517 0.019625767865636436
0.1903651179336819 0.19184030855036832 0.19578723230204495 0.201631311434784 0.20789777495245437 0.20751792439521813 0.19434743706538402 0.17981299832964334 0.17066571096966285 0.16707171889045805 0.16712012848299707 0.16554679257081015 0.15658057182104404 0.14248248735549945 0.12576215221314085 0.10852563085608077 0.0919069103267259 0.07613323803937545 0.058368844338682106 0.03973900371845675 0.026362975623279168 0.01776124674166854 0.012295378087336757 0.008784257333378846 0.006433954802868593 0.004700191118599049 0.0034230514008521907 0.002596758516829601 0.002128668130602191 0.001912683356719143 0.0018832807156559735 0.0020140795723964434 0.0023082498076085678 0.002791613546643036 0.003507163767797007 0.00451269803278206 0.005964232438157544 0.008021610980405974 0.01077795573839165 0.014401633749624797 0.018966389129310222 0.024408991579471934
0.17505497444326998 0.1756126994439924 0.17761633478511177 0.18026579581266097 0.18179169600845982 0.17916730837083614 0.1712495745677832 0.16200207041549983 0.15600362514993868 0.15395132347905527 0.15454990936666718 0.1570564960221647 0.15510808530343315 0.14696425883549308 0.13445516300959087 0.11914804134862357 0.10231685033048987 0.08473491191748113 0.06702690464961006 0.050911331470503675 0.038101784175255775 0.02878684990780496 0.022210374143884853 0.017669853087317788 0.014487811001907202 0.01146666053168586 0.00834175550298238 0.006269755208523239 0.005067775985512104 0.004438451823422506 0.004204120051091061 0.004275090873084024 0.004616588150215877 0.005226797573261332 0.006137923393332437 0.007490226637771682 0.009421669436004943 0.012040187502554162 0.015343815572795225 0.019448949039035247 0.024313529111876096 0.02972875011445392
0.1578338483997533 0.15725141625489328 0.15748166016948964 0.15778891437133702 0.1570564475971787 0.1540991626295088 0.14869308201236398 0.14283264413755808 0.13940101529370225 0.13867053196102438 0.13970755174160432 0.14273367084754351 0.14465908240456524 0.142186336561253 0.13449244655140855 0.12218054397619131 0.10664343156600381 0.08926648480518497 0.07205919071614178 0.05845678529187036 0.04914259476009279 0.04151464825543838 0.03531936146250045 0.030679025360711473 0.02747409235598292 0.023646515067230138 0.017103539205314947 0.012980530512871796 0.010499006646499434 0.009074152873697222 0.008363758462584825 0.008174054953014286 0.008398098143741964 0.009047715211796807 0.010198520173380294 0.011924289455990096 0.014335651810562977 0.017449148487328717 0.021138181012843673 0.025455533665962937 0.030235831380627184 0.035139817942862625
0.14020605227467808 0.13876549905763266 0.13780873535255556 0.1368186058713429 0.13518958726909194 0.1324393190977807 0.12854770760054748 0.12470740650797472 0.12296806146236672 0.12302647097653578 0.1242778879116824 0.12693683828765484 0.1305690087931471 0.13079859573270833 0.12662573272516042 0.11833632968859488 0.10596852879238951 0.09074068808919471 0.07437315048875873 0.06191755223725003 0.05802847457915173 0.0537310952359787 0.04923843791810096 0.045128349453453585 0.041061816234446984 0.0354304508358583 0.02843451218586575 0.022683651136619822 0.018719810125929874 0.016175612107386828 0.01466482207628486 0.013966175528023919 0.013992239466844346 0.01467291680756514 0.01600269293166773 0.01802196807274702 0.020798349187501078 0.024169897793310413 0.027901451899177265 0.031984285839052586 0.03614573442073975 0.039962422814651
0.12344297218742893 0.12149646824416353 0.11990287549304825 0.11833074980651419 0.11646303977803281 0.11409441399657491 0.11125043497522077 0.108653558939618 0.1078967002138354 0.10827132776683772 0.1095334003913459 0.11181537242524434 0.1150414668867415 0.11743229909588532 0.11579093518382909 0.11027818368670061 0.10147211436569767 0.09035008993578998 0.07857266671807735 0.06998602411565803 0.06626573042235424 0.06347863434275842 0.06077662415367906 0.0576978826337797 0.05339460207592904 0.04739189008493729 0.04036789707238266 0.03386879784719687 0.0287683035974667 0.02520562108790193 0.0229651397060455 0.021812889672788865 0.02157878879217939 0.022162145171669985 0.023517722642334506 0.02563663532898121 0.028500520777278326 0.03170548326663671 0.034966800039983745 0.03823871554724304 0.04118242402540089 0.04336254119802491
0.10832547238446574 0.10616701405560046 0.10432028559392284 0.1025816997231638 0.10078538380420468 0.09884213817827626 0.09678476332159336 0.09501218123444391 0.09468689598254482 0.09510609995739032 0.09624418828312854 0.09803021616972936 0.10036834403564289 0.10314776385016552 0.10407844292804837 0.10161308960841707 0.0962876923824271 0.0891067370924693 0.08167628597734418 0.07595694576802094 0.07254151602842351 0.07025954786926338 0.06817572547453861 0.0657706889249651 0.06222565699860353 0.05708148166683744 0.050883515233560064 0.044746667215959886 0.039517631606376696 0.035535866273841796 0.03281139765502399 0.03122929153000512 0.030658911629525384 0.03099321031441521 0.03215308672925869 0.03407570400517542 0.03657981948297719 0.03905776399002104 0.041259215599323426 0.043139836200032616 0.04445501851759344 0.04519115066527585
0.09511161799907737 0.09306362488456792 0.09119301454929186 0.08950731922263747 0.08791925130428031 0.08639161096181565 0.08495624598534782 0.08379746228510979 0.08350869427350965 0.0837880162682076 0.08455747228229057 0.08580154717461146 0.08748416694737501 0.0895391586224521 0.09180269625850553 0.09222902749528011 0.09028305437621494 0.08674793784747827 0.0827265089707896 0.07929265515650294 0.07687896492288648 0.07516813513828324 0.07364123323531233 0.0716300884789998 0.06849631370802388 0.06426351422850854 0.05931070998126394 0.05423803814039327 0.04954547810863381 0.04566281903781767 0.04277672477024162 0.040905629343425065 0.03998984961884387 0.03994203655462575 0.04066587163397131 0.04205514538296718 0.04364482288020144 0.04485174124476426 0.04569356908396813 0.04628300359007011 0.04643296282086183 0.04596538643176293
0.08387828285285347 0.08220837669825794 0.08043393247756304 0.07890458262455823 0.07757450824951033 0.07643161254528719 0.07550654755215495 0.07476852278192186 0.07419793765547943 0.07411450369663351 0.07448581810007102 0.0752831801135193 0.07647336646386373 0.07801817959314468 0.07988490245944822 0.08199971814235772 0.08289622082185125 0.08239561109734117 0.08118084814242853 0.0798992487419372 0.07889942699418848 0.07816167650275122 0.07742763873441683 0.07595484594420558 0.07345100951651419 0.0699828078846875 0.06584815612492197 0.06149816101563911 0.05738441832552251 0.05383858101005819 0.051040916243135455 0.049050811314768225 0.04785253779655298 0.04739097669664258 0.04759203734563859 0.048304813779866604 0.0488759354794325 0.048991204550841896 0.0487359549439382 0.04816165053985725 0.04711096208280352 0.045700009530349396
0.0745728256903373 0.07338292885638407 0.07185961585721819 0.07052575887203424 0.06945329021507218 0.06861736142987189 0.06803113472293273 0.06734413488385108 0.06644150598593355 0.06600822382716823 0.06602356381915875 0.0664488386242716 0.06725300416898895 0.06841298698965866 0.06992096944528672 0.07179950264401522 0.07411122369628073 0.07597286500120357 0.0770505958541803 0.07773477683215683 0.0782885274633748 0.0787929676104006 0.07895163865487435 0.07821633984296264 0.07651420099830622 0.07392322492620416 0.07067633741259151 0.06711203721050076 0.06358553452278234 0.06038934762431275 0.057716449220417146 0.05566338499645605 0.05425272100136847 0.05345720348600621 0.053217511217869884 0.05312228707780982 0.052620621198397756 0.05156370319376177 0.050173585879733515 0.04844134114241733 0.04657353164232507 0.04533582880578706
0.0670040826904076 0.06618391371112847 0.06515055885374241 0.06395994730807775 0.06305632123707344 0.062437288346896005 0.0619970735914079 0.061225553246108656 0.060133559828715356 0.05937632101795008 0.05907499127491929 0.05918366272660585 0.05967061460517526 0.06051772323631152 0.06172384834276167 0.06331139392080615 0.06533307592567253 0.06787223369698453 0.07067143475861946 0.07302315037835769 0.07506341637699404 0.07683003711357182 0.07785960048694136 0.0779844531027112 0.07718426296932901 0.07553572052744412 0.07322072952581601 0.07049696608713482 0.06764407842133228 0.06491056779691047 0.062480981661680805 0.06046725236290972 0.058916327409219586 0.05782395322769708 0.05704340166602647 0.05594086447758562 0.0543111105826509 0.05213253668396922 0.049694158709371425 0.04751154062839896 0.04595336867422032 0.04502322236070995
0.060741121594401495 0.06022413835436248 0.05970443697900326 0.05883988339477826 0.05810875578752478 0.05767276048263281 0.057112714294418 0.05627225970575693 0.05515433492727761 0.05409815830282622 0.05351098150499868 0.05334265052325981 0.05355797169176049 0.0541375496975752 0.05507815939291002 0.056394337125268465 0.058119028463809966 0.06029989706171847 0.06298772599103439 0.0662138990269633 0.06950101550039635 0.07220065578973586 0.07407114500894099 0.07506341264080095 0.07517292726702662 0.07446412504158621 0.07307546778116103 0.07120174936817061 0.06906057906751321 0.06685639450097969 0.06475384472103729 0.06286524674952118 0.061249991066959004 0.059904720072504664 0.058332643217866645 0.05624591998167375 0.053569424412078646 0.05070151767454191 0.048371790037377065 0.046604798462337914 0.04541060930995558 0.04480827674575024
0.05565997699616178 0.05541223935546372 0.055274880789991376 0.05498573359247293 0.054494971197038646 0.053965611544348396 0.05325937450174251 0.05236120917860784 0.05127196172784379 0.05005677848773589 0.049203463303979914 0.04878435999011549 0.04875862618706029 0.0491022927291072 0.049806640974994654 0.050877231302039694 0.052332215012812856 0.05419829241434378 0.056503057038888096 0.05926399904159236 0.0623022560300164 0.06526410221719718 0.0678167074536351 0.06956551910368672 0.07049260288243624 0.07064105669655728 0.07010912470570407 0.06903894115191032 0.06759496738549212 0.06593928024118706 0.06421086595881188 0.06251291007338879 0.06090828519368822 0.0591034745860058 0.056758424214945855 0.05408173196367752 0.05136920097653132 0.049028171597467786 0.04717081063291362 0.045819134173623065 0.04499771815458395 0.04473859117200404
0.05169927207311035 0.05167074595690924 0.05180859158800164 0.05204244038496711 0.051859251425300554 0.051172748568022335 0.0503409239351231 0.049390701628461396 0.04832115176671519 0.047143004284787585 0.046045798485910686 0.045389901374576824 0.04514232365917997 0.045272790125106814 0.04576606789900798 0.04661971769736982 0.047841647462834265 0.04944665440670955 0.051451517501732796 0.05376226371921543 0.05612052163505642 0.05841117511718446 0.06050425955019602 0.06226405270145916 0.06356956610861397 0.06433612326359969 0.06452300686473877 0.06415297077547641 0.06333989804534086 0.06220616735077657 0.06086407308857456 0.05945870485418218 0.05792177552851789 0.056040954786789415 0.053906597761372375 0.05160390151701691 0.049384608804038665 0.04755457002709253 0.04615204736985713 0.04521080103994667 0.044767890664603946 0.04473859117200404
0.0491372604795417 0.048935748006785545 0.04931839557978665 0.04967968957399442 0.04969119165733405 0.04919201375348811 0.04828685215309841 0.04728477480195594 0.04622427707078692 0.04511232171141719 0.043965701727158746 0.04307453037492933 0.042613833046897656 0.04254585006180683 0.04284854631142876 0.04351265401933936 0.044539013286890985 0.045935743815809435 0.04762277432358529 0.04941986781339195 0.051256488710869644 0.05305006259843986 0.05470842728646434 0.05613895789517778 0.057260935339592325 0.05801834960696531 0.058389793885155715 0.05839282409138856 0.058081919422020165 0.05754121024514774 0.056874539122174106 0.055990057614314186 0.054722361232707774 0.05314302418696638 0.051325865490827 0.04938857030939685 0.04769211797119216 0.046338570767552364 0.04537171874245955 0.04483483132755965 0.04473859117200404 0.04473859117200404
0.047940846518117274 0.047297042368757466 0.047479779966577054 0.0477403046723998 0.047874353538202255 0.04763042692652643 0.04697984710772904 0.04599606214559561 0.0449321236986758 0.0438666943258111 0.04281089550224407 0.04179670817126406 0.04112035693741362 0.040859960558119544 0.04098630982765683 0.041484013514887536 0.04234773327524833 0.04346998111673941 0.04474668687921379 0.046129536566839956 0.04756263125604557 0.0489830575376689 0.05032413580222382 0.051521296815550933 0.05251971439633401 0.0532821199918366 0.05379497822431953 0.05407158356494139 0.054151540205014115 0.054091222708230996 0.05373155922875929 0.05299666047794587 0.051932001843701274 0.05059209729117275 0.049039470212769325 0.04756071621752865 0.046340903456270593 0.045432002741299785 0.044883538107193914 0.04473859117200404 0.04473859117200404 0.04473859117200404
0.047877989621322906 0.04652961528383882 0.046121104415093296 0.046287013553899886 0.04639308188443601 0.046369314418317334 0.04600992915543339 0.04534030321535777 0.0444226395605994 0.043388718384787216 0.04240210561643105 0.04148015257110235 0.04066031493868655 0.04020315668471195 0.040159433294555735 0.04048372934723463 0.04105714703965588 0.04183019240661799 0.04276183629457169 0.04380884272306881 0.0449248310786125 0.04606081687006513 0.04716744348914259 0.0481987781643359 0.0491171185048309 0.04989790557553281 0.05053372849691116 0.05103661535585326 0.051378553486449687 0.05139566039358322 0.05107937283793945 0.0504495015982519 0.04953866720810244 0.04838795601041099 0.04718208534418479 0.046158579141609965 0.04537467262611918 0.044884255729217566 0.04473859117200404 0.04473859117200404 0.04473859117200404 0.04473859117200404
0.0484938802593026 0.04643795044709763 0.04540388479366742 0.04530941244299921 0.04537081934764003 0.045387907751312094 0.04529508616905268 0.04493592256784759 0.04435219384170171 0.04360431521093789 0.04275667877745731 0.04192079322156467 0.04120058851597459 0.04061307276150943 0.04030034593600905 0.04029273442968608 0.04054167640283709 0.041003911219606316 0.04163883342510482 0.0424067092916641 0.04326786508284965 0.04418297667562817 0.04511450234908897 0.04602911872627784 0.04690079993903188 0.04771400692242913 0.048438852275115164 0.04894752786405358 0.04919831731958137 0.049175852260419484 0.04887959486265626 0.04832224795056704 0.04752716394818045 0.04661930828225553 0.045828522521854195 0.045215864014974703 0.044836582778266645 0.04473859117200404 0.04473859117200404 0.04473859117200404 0.04473859117200404 0.04473859117200404
