_RESULTS/CROSS_VALIDATION_POSTPROCESSED_80-20/Berg/TZ/7comp/5/Berg_TZ_z_500_kriged_reverse_7comp_spherical_5.asc
ncols 100
nrows 90
xllcorner 5.6208707817415728
yllcorner 50.959635321741573
cellsize 0.00013419651685393446
nodata_value 1.7014100000000001E+038
[rows 19 to 37 of 90, columns 43 to 85 of 100]
0.27002034309174877 0.2758479431660895 0.2913917772265584 0.3121417020653866 0.33490671766159935 0.3565691940425148 0.3754853746073669 0.39123549653207357 0.40433410944663506 0.415854793541925 0.4271114426716931 0.43945848380439295 0.4530639817683395 0.46298053883370527 0.46860350653225735 0.4681346480551728 0.46100704161751704 0.4503668037173258 0.4364807534292979 0.4265007069998069 0.4222485204131989 0.42129371483531275 0.4170716704957415 0.41131569224174747 0.4051000155560301 0.39852446024772226 0.3917763989761066 0.38504674135355477 0.37849016858906237 0.37222525536233736 0.36634340388601316 0.3609171973949466 0.3560824659017113 0.35282855746608166 0.3513206683798799 0.3514392264146657 0.35313334363853255 0.3563606400435916 0.36108188253120377 0.36725377867420134 0.37424925512809204 0.381039591560329 0.3877496914006895
0.25791974211939933 0.2735440512430499 0.3002819725035051 0.331128915061416 0.3611864697117846 0.3868682763772119 0.4066491806293548 0.42083691971152515 0.4308882338201923 0.43871402031998724 0.44622000935260664 0.45510230981506017 0.46457531344496655 0.4697081539988757 0.46890600044965275 0.4610418519729891 0.4495944545272869 0.43485522498112356 0.416676931254935 0.4010538591313946 0.3910510414504434 0.38729077725128397 0.3869610562869528 0.38722051986354467 0.38571102603894747 0.3828460986253376 0.3789505786254263 0.3744385629534343 0.3696417944204665 0.3648050426952337 0.3601078966819362 0.3556849010059191 0.3521610404800479 0.3504183371928477 0.3503961010715759 0.3519825814536872 0.3551459375188989 0.3598699547116265 0.366137833211035 0.37392473837554663 0.38228624099454594 0.39032491634103594 0.39831619901145277
0.24222998371648924 0.2733927125857248 0.31690789596898084 0.36180499538555533 0.4008335643617815 0.4300500081692298 0.4486621930017469 0.45860643689853103 0.4630033035951545 0.464973753983071 0.46711297065801727 0.4714127895994409 0.47542273308596383 0.4725038176888077 0.4630251920605107 0.4502166138572251 0.434989992171911 0.4170103095150151 0.39614579129411315 0.377174261677673 0.36357897259438143 0.35488957521862236 0.3580713367930599 0.36582880536638657 0.3688588878454032 0.3686524831308944 0.36694139585813773 0.36425097881254936 0.36098650167985774 0.3574516568809599 0.3538737772068204 0.35049646987057326 0.34849189942247033 0.3482092633364649 0.34962452812963923 0.35266918284166415 0.35731523896543216 0.3635741594141044 0.37145474476259815 0.38093033351022526 0.3906169577451842 0.4000065318939949 0.4092360321085993
0.2280496246907347 0.28525814668889327 0.3512842341244014 0.41378143737278916 0.46214210959871277 0.49199067780022077 0.5047449545641634 0.5056889937648654 0.5005746839273957 0.4939560967827892 0.48896078163802004 0.4862744676563691 0.48031236439072406 0.4681548800324998 0.4527139431468317 0.43606671772052163 0.41790438014394715 0.39783302438091683 0.37592121557833635 0.35615381328031204 0.34258336931360195 0.335837301215381 0.340554338435194 0.3492978708064298 0.3551160074380782 0.35687295569083843 0.35644490418513375 0.35502404882975946 0.3529501331859722 0.35050554526447397 0.3479172062310577 0.3457326022035958 0.3451444113292981 0.3462366691360832 0.3490189371976768 0.35347930357937085 0.35959139594768996 0.3673936394269718 0.376923807116037 0.38799786307091966 0.3988330328506301 0.40915457733326993 0.4193378114935096
0.2532101352785169 0.3301191007500271 0.41922113005174566 0.5015243207308625 0.5569311007272496 0.5794959986839414 0.5771359283127526 0.5616055683794228 0.5419406275856692 0.5226845409651497 0.5062557124414083 0.4927842921799447 0.4762379614498596 0.45775795985917933 0.43839072055396777 0.41877156536475413 0.39868298615881365 0.37775187893900075 0.35645583721704743 0.33833857131989375 0.32736060814709306 0.32421621245199245 0.3300231032638707 0.3378930625043656 0.34416722801179317 0.34742520286289463 0.34768667850273494 0.3470230861173284 0.34579336351817364 0.34420587155435567 0.3424513783036134 0.3414924153439332 0.3421766450933808 0.344532507801599 0.34859475187362704 0.3543945922110089 0.3619244816606151 0.37124418278380117 0.38240786330001814 0.39445962399299567 0.4058698530116313 0.41699618254924453 0.4281649244081807
0.3354845894652774 0.42177213586289053 0.5368828661431502 0.644622758992762 0.7001259446431182 0.6969188803081292 0.6626874867516792 0.6193352751186689 0.57756618581961 0.5416245650574888 0.5127886673628566 0.4881182861446907 0.4644757078194005 0.441956222677099 0.4199678181043406 0.3995835637955283 0.38082814448852415 0.36265115183157065 0.3444114103525922 0.3296405335343996 0.3218456672248583 0.3213017682390938 0.32841516632724205 0.33664118585950387 0.34274958244517634 0.3457584661666608 0.3452331922573082 0.34251832717961544 0.340117182235633 0.3386944428292182 0.33768103749597167 0.3378321446040477 0.33963246904615374 0.3431231652039545 0.3483575241439167 0.35539792246358765 0.3642656438128231 0.3749926121803563 0.3871824551765972 0.39951347383269753 0.4113286691308328 0.423174771833838 0.43529525919254586
0.43248013573775723 0.5441788370915851 0.7041733234174652 0.8607015727084141 0.8945737180228946 0.8263318939643608 0.7395301219561927 0.6610390936012926 0.5961580663507531 0.5447876988824687 0.5058654616935253 0.4737802884596875 0.4457566152063335 0.422532559788699 0.4033163734550763 0.38626893321923716 0.37073861092003657 0.3559188279742618 0.3409009893643398 0.32979619318275843 0.3252125862645033 0.3272039668817943 0.3360625493403612 0.3454742818354868 0.351849097956352 0.3545317196869401 0.35321260928792203 0.34697427934914404 0.33883744427235934 0.3316211261366629 0.32706153223277495 0.32737058932856267 0.33141042230106194 0.3381755801252137 0.346933920567657 0.35646595483827426 0.36652416450630343 0.37804947623421775 0.39057831970173446 0.40290823269294573 0.4149151261408919 0.4273041966551107 0.44023342979997326
0.5148033953674976 0.6519102947543386 0.8631776487617225 1.1417081447815094 1.0816235725314847 0.9139859838276494 0.7771679023370763 0.6710813716743946 0.5901692602990455 0.5307836379037789 0.4864941693000055 0.4511422524272873 0.4255205536954829 0.4067118866321712 0.3919317406777087 0.3789276217359544 0.36723582357018775 0.356197069145148 0.3449347587643751 0.338063738386299 0.33713595716464073 0.34217001575295275 0.3534667257601987 0.3646014633556803 0.36826181261364005 0.3614630066667054 0.34727067352781127 0.32884801917637707 0.31020054764296945 0.2952562391931962 0.28539262934921916 0.28229539525395914 0.28654312789450925 0.29779061239526866 0.31373597637306694 0.3335076490313773 0.35521042735941394 0.3762865429700901 0.3923926068863352 0.4044221299688215 0.4163650056985093 0.42900825380067004 0.44244784992614655
0.5568089732412647 0.6926226843386062 0.8820175967791756 1.073016439389838 1.0419903504522245 0.8914074741895897 0.7527597733362373 0.6436773529820654 0.5618772575602945 0.5019425829955234 0.45743646867503535 0.4271690800009863 0.40713249665922363 0.39393529466424243 0.38462477785155297 0.37676340078712867 0.36949257941061264 0.3629882742226029 0.3565882279890394 0.3548388239316801 0.35840641806485396 0.36738590492191436 0.3770022721596196 0.3741682154186104 0.3588298327331587 0.33543209200712526 0.30824678039572223 0.28071713741573057 0.25554472338480533 0.23610852246054972 0.22335566125648593 0.21805428111643402 0.22030256760141825 0.23052799925236692 0.24922933910385114 0.274230673623129 0.30426459486402035 0.337321772244633 0.36989559511399756 0.3976226111779422 0.415492121567371 0.42798819866358373 0.44146104397225816
0.5492958704378395 0.6576201131067527 0.7812083387572285 0.8729896971684494 0.8684306003542173 0.7850867394161102 0.6821491738302471 0.589594442249853 0.5164940807850332 0.4622498098962185 0.42556900820439403 0.4025160025969896 0.38952821237577784 0.38330485899600836 0.3808530656016576 0.3797856806242716 0.37870026845478083 0.37746790305708394 0.37702334485323025 0.3815356948465628 0.38927193064178744 0.38733984153866424 0.3760512379192744 0.3526769580050819 0.32011706396377243 0.28404256045377063 0.24880628387383125 0.2171702169728445 0.190527033944536 0.17051969474367581 0.1576165399190138 0.15172333767982576 0.15254024536086896 0.16029180510551613 0.17576073024844566 0.19984799570510955 0.23120794494682104 0.2685446877695849 0.3102411453570448 0.35302657763814815 0.3923183832198478 0.42172258915353306 0.4369938894143382
0.511291887985754 0.5888639768082453 0.6643326380115482 0.7123812408276575 0.7101231010607689 0.662337673479787 0.5928966009043216 0.5225763972817463 0.462729427424221 0.4195009407416387 0.3917085412444046 0.37696752772665465 0.37231436737298657 0.37452026004500444 0.38070648135533797 0.38807216593958616 0.39486612064838006 0.4003064318242055 0.4080325488560449 0.4150485611795973 0.4047240344897435 0.3808519182726971 0.348994171828853 0.3082108787864366 0.2637694600874271 0.22125093238094415 0.18396909717526921 0.15329241478066652 0.12928100215673774 0.11182235736940387 0.10081362108274863 0.0955939702705031 0.0956347705504796 0.10099568526522218 0.11220843197474635 0.13046868787693325 0.15714044702110777 0.1916733391742809 0.23380901784343347 0.2822738092249864 0.334133820921251 0.38354432080549283 0.4221908605728021
0.4633633303018082 0.5167992717897036 0.5629117094022739 0.5887193508421964 0.584883232289244 0.5536077621679357 0.505850284868885 0.4538209825988018 0.4094002410700115 0.37639376661487434 0.35693987120239695 0.35091905184178646 0.3557667125381505 0.36813765136794063 0.38458868289608683 0.40201196609786694 0.41826916752472104 0.43323654249603616 0.4437711580886906 0.43014078518933835 0.39718195338411316 0.35311439866418887 0.3044727774391185 0.2521882404295787 0.20256850686942485 0.15986249348873557 0.12559364435914608 0.09943734156461673 0.08026837998164024 0.06693818476040062 0.05874527084699101 0.05481905621056434 0.054581304042507856 0.05796913184433457 0.06534184458259039 0.07763370849628334 0.096532949957518 0.12390142771538702 0.1600071471486624 0.20551427895797048 0.2595736637183955 0.31849870683565246 0.37512046142011296
0.41684370184461556 0.4530610519538285 0.48142803987969823 0.49505557096007435 0.4897220942040452 0.46669138766320406 0.43064112523194203 0.3927043036334829 0.3593652893784327 0.33455949159852716 0.3223624213280174 0.325268780293261 0.34118931903499156 0.36531774378020837 0.3936198875906612 0.4228101226011937 0.4504766511953977 0.47148825226083785 0.46219938042965003 0.4258187441936122 0.372319205722985 0.3129381131475449 0.254342071215895 0.19824720309968594 0.14985398119615065 0.11130861197978006 0.0823942491871589 0.061655499930380796 0.047284192955475694 0.0376879661320934 0.0318799749996204 0.029015343342755944 0.02858118952485659 0.030463051071531196 0.03486337645395624 0.04246850211963444 0.054594333671868604 0.07333377213668837 0.10061835925484285 0.13787277558598351 0.18617334704494728 0.2444812986663894 0.30821830120474947
0.376545857113212 0.400833379739974 0.4183648333858075 0.42522458528728546 0.4191834107173209 0.398994962947459 0.37101653856462774 0.34296035641101336 0.3166971017440642 0.29576613833785625 0.28804965705314206 0.30184037523901264 0.3310523585433903 0.36835702527862324 0.4098212436072413 0.45243769702746317 0.4908137099610221 0.496172784153219 0.4650248101973944 0.41003014886851935 0.3442868215239361 0.2774803763199225 0.21336684266621592 0.15644109301302778 0.1108211558716246 0.07700429592345595 0.05335357191623843 0.03748817213321956 0.0271519258178122 0.020593943335726048 0.01672716001216533 0.014775508166340684 0.014269374984857372 0.01504930840025461 0.017289241319639916 0.02153199628097941 0.02874683892852999 0.04038372414887149 0.058884416269730164 0.08633323143618322 0.12490440682156419 0.1757837938593089 0.23735368834384174
0.34350856406062236 0.3598299555980762 0.3708590220293173 0.3735668875138299 0.36524597932948616 0.34699623575141053 0.32666356713609446 0.3061098704828833 0.2857196661566192 0.26621863937364504 0.254341405968587 0.28498545290610733 0.3303246247926749 0.3809235861481531 0.43597138354638615 0.4931664531774682 0.5239965061239781 0.5118989516787691 0.4676720854640575 0.4016213761444881 0.3260158777424726 0.2513937931094476 0.18224236763630602 0.1251182207835877 0.082559616520683 0.053280862306118636 0.03428607987423697 0.022445273310494528 0.015244178653189111 0.010942555021547652 0.008500515139158749 0.007262099231402712 0.006871780062434546 0.007191528003137255 0.008293771004396329 0.010467252095843385 0.014322079978333437 0.021045110255243228 0.032516854065768715 0.05116991472172096 0.07949973075972538 0.1200708298129409 0.1737436623363803
0.3173757428643693 0.3283260710143515 0.3340571756790013 0.3326255269475708 0.32304965829059323 0.3089097887607946 0.29529477398146653 0.28211967782841907 0.26959698571766916 0.25846658436249054 0.25675714935784466 0.2909967713315395 0.3440300821566552 0.4058007242089166 0.47438699061322886 0.5365275117094307 0.5579260375755487 0.5385302671304076 0.4838960698384821 0.40597680045781626 0.31930073354641464 0.23466804451205645 0.1599647021841889 0.10234246526694955 0.06247824588912191 0.037140030504346895 0.021994305473202212 0.013288960718081973 0.008384250136364608 0.005647870231397392 0.004174833639227733 0.003444587572614261 0.0031983920775004197 0.003335027437851704 0.0038829099623714828 0.004997744661378688 0.007029935194042304 0.010675015807987166 0.01727368583528175 0.029145646882028028 0.04873493317370537 0.07908525054154829 0.12267517464658174
0.2953812522910801 0.3013554193371741 0.3031855906278638 0.2996492585153849 0.29050092411939965 0.28138793431291925 0.274056009832562 0.2684620934012413 0.26536678374508577 0.26739858773949166 0.28147362131825115 0.31649095609331285 0.3716210168690633 0.4419134698227584 0.5245984634613182 0.5880597132544783 0.6089420073584756 0.5836684860356625 0.518382653795214 0.42695844478492634 0.3261401406616683 0.22781573314342504 0.14573388536089069 0.08644657123093308 0.048443042676199095 0.026258224945000387 0.014143238799229697 0.007789585870505401 0.0045143325848017645 0.002830092701672669 0.0019815360947655286 0.001578171035302998 0.0014418139109451363 0.0015067319884666311 0.0017845543627614787 0.0023634427581537072 0.0034465857002663044 0.0054443533954483874 0.009172385683565331 0.016249912132455906 0.029240927714282917 0.05101870646936098 0.08481533180508484
0.2749509189923135 0.2778276376526981 0.27755644307937716 0.2733126999955625 0.2660987813703913 0.26147944424454045 0.25976175208818075 0.2611814483184402 0.2669114267091262 0.27968589858563847 0.30422680873132024 0.3455702027772595 0.4059764004454717 0.48671163775556686 0.5873075708802774 0.6562816594950011 0.6784056618736427 0.6488877649799966 0.5736401797224254 0.4676112283435504 0.34720285316600485 0.23132835588325915 0.1387461672684249 0.07590637554734561 0.03870925166249636 0.018924558936544406 0.009158186485108757 0.0045396252804224 0.0023868697942125753 0.0013787962899391906 0.0009091482263015581 0.0006988953364105394 0.0006310603301971979 0.0006665249660135867 0.0008120174912902183 0.001119017239190777 0.001707474958069119 0.0028266415588473087 0.004985464366626318 0.009223305583213999 0.01750239306314522 0.03276169162935239 0.05830465569368231
0.2568617181351769 0.2579565148613135 0.2568047017629627 0.25270446282149733 0.24805008964007028 0.24729730820082346 0.2503567914400493 0.2576794249022177 0.2705644259360179 0.2914493465289436 0.32368692917648695 0.3709094387442029 0.4382011240618524 0.5419862307490709 0.6566144774657705 0.7343510353885568 0.7608290986785333 0.7305896861900527 0.6482882818831056 0.5267843816441323 0.3824925467272087 0.24528306412121229 0.13860572774770408 0.0698450035657989 0.03219519358510577 0.014042220588772594 0.006027346992807724 0.002650229159306359 0.0012452675495825845 0.0006544445462702033 0.00040325217616489706 0.00029920869036102884 0.0002690937412884427 0.0002910598106470358 0.00037010615882761223 0.0005376582049910279 0.0008675042406622868 0.0015165535887982312 0.0028141079911293307 0.00545125563989945 0.010830406854728816 0.02130706988360279 0.0404656835431086
