_RESULTS/CROSS_VALIDATION_POSTPROCESSED/Berg/IZ/6comp/2/Berg_IZ_z_125_kriged_reverse_6comp_spherical_2.asc
ncols 100
nrows 90
xllcorner  5.6208707817415728
yllcorner 50.959635321741573
cellsize 0.00013419651685393446
nodata_value 1.7014100000000001E+038
[rows 19 to 37 of 90, columns 0 to 42 of 100]
17.07774220565973 17.07774220565973 17.07774220565973 17.07774220565973 17.07774220565973 17.07774220565973 17.07774220565973 17.07774220565973 17.07774220565973 17.07774220565973 17.07774220565973 17.07774220565973 17.07774220565973 17.07774220565973 17.07774220565973 17.07774220565973 17.07774220565973 17.07774220565973 17.07774220565973 17.07774220565973 17.07774220565973 17.07774220565973 17.07774220565973 17.07774220565973 17.07774220565973 17.079089567485944 17.113185707687744 17.205454114185716 17.432228710730396 17.79081055934897 18.265765273147654 18.840499548624575 19.48076487310312 20.10966523003288 20.70642102678801 21.255317999734107 21.740364573817196 22.14608814291415 22.45844686781276 22.66580063162774 22.759895571620202 22.736821577436885 22.597860808156376
17.07774220565973 17.07774220565973 17.07774220565973 17.07774220565973 17.07774220565973 17.07774220565973 17.07774220565973 17.07774220565973 17.07774220565973 17.07774220565973 17.07774220565973 17.07774220565973 17.07774220565973 17.07774220565973 17.07774220565973 17.07774220565973 17.07774220565973 17.07774220565973 17.07774220565973 17.07774220565973 17.07774220565973 17.07774220565973 17.07774220565973 17.07774220565973 17.07774220565973 17.101153637108933 17.17275359693572 17.286875301862032 17.47775310095098 17.797351038029568 18.23021092371484 18.758967134210476 19.36425713255788 20.016068679777266 20.64213032846316 21.216295515976235 21.721814123697783 22.142898690762667 22.46578764666294 22.679750795739892 22.77793537326498 22.758008412937837 22.62258457650589
17.07774220565973 17.07774220565973 17.07774220565973 17.07774220565973 17.07774220565973 17.07774220565973 17.07774220565973 17.07774220565973 17.07774220565973 17.07774220565973 17.07774220565973 17.07774220565973 17.07774220565973 17.07774220565973 17.07774220565973 17.07774220565973 17.07774220565973 17.07774220565973 17.07774220565973 17.07774220565973 17.07774220565973 17.07774220565973 17.07774220565973 17.07774220565973 17.087044289475635 17.145846386177762 17.254096426216332 17.40618800527164 17.596845239882843 17.876433586928844 18.267681843233483 18.752606035104108 19.31137662593933 19.921691935312865 20.55810276939531 21.161795796356003 21.692903081465413 22.134817189858556 22.47339039204732 22.698050701730466 22.802626778956533 22.785819543778455 22.65135316335392
17.07774220565973 17.07774220565973 17.07774220565973 17.07774220565973 17.07774220565973 17.07774220565973 17.07774220565973 17.07774220565973 17.07774220565973 17.07774220565973 17.07774220565973 17.07774220565973 17.07774220565973 17.07774220565973 17.07774220565973 17.07774220565973 17.07774220565973 17.07774220565973 17.07774220565973 17.07774220565973 17.07774220565973 17.07774220565973 17.07774220565973 17.0781132405356 17.114682746075424 17.207425901842466 17.351112591382794 17.54031324445814 17.76923161397275 18.033971333171266 18.38401831052854 18.82723342876811 19.34345761979874 19.910190704426945 20.502357146938195 21.092622473258267 21.648420459700596 22.116672614176256 22.4758794551354 22.7148270438271 22.827377626935807 22.812914075296856 22.67629079863081
17.07774220565973 17.07774220565973 17.07774220565973 17.07774220565973 17.07774220565973 17.07774220565973 17.07774220565973 17.07774220565973 17.07774220565973 17.07774220565973 17.07774220565973 17.07774220565973 17.07774220565973 17.07774220565973 17.07774220565973 17.07774220565973 17.07774220565973 17.07774220565973 17.07774220565973 17.07774220565973 17.07774220565973 17.07774220565973 17.07774220565973 17.088312016916408 17.15542151551695 17.280188934853687 17.45763872733233 17.682571063188472 17.949374784202902 18.251825352627815 18.584690192975017 18.98787442842029 19.46509797200826 19.993758407540337 20.54866635158622 21.102249639328004 21.625437696770543 22.089271973838223 22.466601723640103 22.72326993123871 22.8448683662933 22.831231018111378 22.688615845817143
17.07774220565973 17.07774220565973 17.07774220565973 17.07774220565973 17.07774220565973 17.07774220565973 17.07774220565973 17.07774220565973 17.07774220565973 17.07774220565973 17.07774220565973 17.07774220565973 17.07774220565973 17.07774220565973 17.07774220565973 17.07774220565973 17.07774220565973 17.07774220565973 17.07774220565973 17.07774220565973 17.07774220565973 17.07774220565973 17.07774220565973 17.109004512523505 17.204134651845145 17.35853640725905 17.567521934774174 17.826170272953714 18.12912490973749 18.470368611205128 18.84297567513885 19.23886235532958 19.67972865837775 20.17496202798242 20.69932194052141 21.22486105661851 21.721589016104286 22.159005849619152 22.508531081075418 22.746503689292837 22.856976930910538 22.833348513221566 22.678291351637288
17.07774220565973 17.07774220565973 17.07774220565973 17.07774220565973 17.07774220565973 17.07774220565973 17.07774220565973 17.07774220565973 17.07774220565973 17.07774220565973 17.07774220565973 17.07774220565973 17.07774220565973 17.07774220565973 17.07774220565973 17.07774220565973 17.07774220565973 17.07774220565973 17.07774220565973 17.07774220565973 17.07774220565973 17.07774220565973 17.080833526533766 17.13576208629819 17.255955314310977 17.437073492321094 17.674737246785547 17.96434198040805 18.300846236315166 18.678530947276016 19.09072524409853 19.52949453942866 19.98528932798421 20.45463724328641 20.953830035796855 21.45899275674071 21.938949249009326 22.360767388977294 22.692287780214933 22.906102126391097 22.98412486994662 22.92071166834263 22.72251289077953
17.07774220565973 17.07774220565973 17.07774220565973 17.07774220565973 17.07774220565973 17.07774220565973 17.07774220565973 17.07774220565973 17.07774220565973 17.07774220565973 17.07774220565973 17.07774220565973 17.07774220565973 17.07774220565973 17.07774220565973 17.07774220565973 17.07774220565973 17.07774220565973 17.07774220565973 17.07774220565973 17.07774220565973 17.07774220565973 17.089265283675413 17.164539756033655 17.306382851371474 17.5107424882251 17.773550138717713 18.09053462393547 18.457008271629338 18.867620298871838 19.316069519311682 19.79476570790098 20.294426493427814 20.803596057756916 21.30807841388611 21.79949323071499 22.271323375101655 22.688554376121107 23.013557324895263 23.211896188083266 23.260346448215095 23.1538779618918 22.905512538495127
17.07774220565973 17.07774220565973 17.07774220565973 17.07774220565973 17.07774220565973 17.07774220565973 17.07774220565973 17.07774220565973 17.07774220565973 17.07774220565973 17.07774220565973 17.07774220565973 17.07774220565973 17.07774220565973 17.07774220565973 17.07774220565973 17.07774220565973 17.07774220565973 17.07774220565973 17.07774220565973 17.07774220565973 17.07774220565973 17.099870612616012 17.19177374267029 17.35140779537316 17.574981953221645 17.858717564613272 18.198665494757122 18.590496331128982 19.029257511023282 19.509087872283747 20.02287553003949 20.561838406989605 21.114996800639435 21.668492396309347 22.20468937864976 22.700852159602558 23.126706219456004 23.455060734333532 23.645757425622687 23.66506598323444 23.508560599122756 23.201409904016035
17.07774220565973 17.07774220565973 17.07774220565973 17.07774220565973 17.07774220565973 17.07774220565973 17.07774220565973 17.07774220565973 17.07774220565973 17.07774220565973 17.07774220565973 17.07774220565973 17.07774220565973 17.07774220565973 17.07774220565973 17.07774220565973 17.07774220565973 17.07774220565973 17.07774220565973 17.07774220565973 17.07774220565973 17.07774220565973 17.109991891445986 17.21448382814511 17.387645322670707 17.62590030604711 17.925713284443425 18.283412514250163 18.69498803230657 19.155859063624092 19.660601925053562 20.202624961230594 20.773769882910333 21.363806085956373 21.95690368329902 22.53395379442172 23.075246565706635 23.553230912299448 23.927934417986815 24.143253322170764 24.144576577529197 23.93031206616225 23.55464105438645
17.07774220565973 17.07774220565973 17.07774220565973 17.07774220565973 17.07774220565973 17.07774220565973 17.07774220565973 17.07774220565973 17.07774220565973 17.07774220565973 17.07774220565973 17.07774220565973 17.07774220565973 17.07774220565973 17.07774220565973 17.07774220565973 17.07774220565973 17.07774220565973 17.07774220565973 17.07774220565973 17.07774220565973 17.077769606620254 17.117593105917457 17.230371269836102 17.412464759779304 17.66044732336837 17.97095554329592 18.34051761489637 18.765359323849236 19.241182809409228 19.762911084368564 20.32438814277108 20.914931492247664 21.519333904738396 22.127822524610597 22.72786408928445 23.302638659777095 23.828599768201077 24.268887417166994 24.55173161661713 24.552495883141013 24.26507137440511 23.824156070542475
17.07774220565973 17.07774220565973 17.07774220565973 17.07774220565973 17.07774220565973 17.07774220565973 17.07774220565973 17.07774220565973 17.07774220565973 17.07774220565973 17.07774220565973 17.07774220565973 17.07774220565973 17.07774220565973 17.07774220565973 17.07774220565973 17.07774220565973 17.07774220565973 17.07774220565973 17.07774220565973 17.07774220565973 17.07793895162448 17.12132235298551 17.237902225465014 17.42410118074405 17.676564040130273 17.992009691587562 18.36706296637042 18.79806512011652 19.28085925523301 19.810158396541684 20.37116169666558 20.95461155509423 21.5540076087134 22.160913217046726 22.764385214874537 23.350267319879716 23.900295408818764 24.390570120357484 24.78225357524248 24.788714002522948 24.38114440684948 23.904947971318194
17.08034277884502 17.080051799184453 17.079283811502997 17.078350503081843 17.07776108341723 17.07774220565973 17.07774220565973 17.07774220565973 17.07774220565973 17.07774220565973 17.07774220565973 17.07774220565973 17.07774220565973 17.07774220565973 17.07774220565973 17.07774220565973 17.07774220565973 17.07774220565973 17.07774220565973 17.07774220565973 17.07774220565973 17.07789232141227 17.120556183523565 17.23636732648416 17.4217357499152 17.673291782823956 17.987737496317592 18.36167792529657 18.791430592546188 19.27114806025885 19.78425489649159 20.324361971402002 20.886623109720997 21.46476096442341 22.05059557161127 22.63341504004993 23.19910712462054 23.728762406194146 24.19507103754235 24.54041232432507 24.53788286385614 24.183346069169897 23.73158364756416
17.102218017226008 17.101272611171876 17.098554129755055 17.094411726629783 17.089414215943197 17.08433177762366 17.08011282154505 17.077857955637295 17.07774220565973 17.07774220565973 17.07774220565973 17.07774220565973 17.07774220565973 17.07774220565973 17.07774220565973 17.07774220565973 17.07774220565973 17.07774220565973 17.07774220565973 17.07774220565973 17.07774220565973 17.07774220565973 17.115420826863385 17.22591030102307 17.405534507551124 17.650825122453302 17.95837020978029 18.324641298440195 18.743617264430057 19.197330857740784 19.67999240703887 20.18767882670989 20.715359166259365 21.2564856028078 21.80240172965355 22.341445787220955 22.857458968333557 23.326863713832335 23.71171313347428 23.9439129732124 23.93152304843938 23.68727128316076 23.30343515472876
17.1452954890197 17.143653875813484 17.13886238362178 17.131315769270426 17.121654951754522 17.110743501461343 17.0996383078133 17.089557156537424 17.081845798705718 17.077946618822356 17.07774220565973 17.07774220565973 17.07774220565973 17.07774220565973 17.07774220565973 17.07774220565973 17.07774220565973 17.07774220565973 17.07774220565973 17.07774220565973 17.07774220565973 17.07774220565973 17.106787853705953 17.207522119413213 17.37664042720677 17.61050101427451 17.905493554899525 18.256430951731055 18.644081362951603 19.06122212936296 19.504443200119486 19.969482403682523 20.4509099439208 20.94167128133116 21.432409669894973 21.910432787896173 22.358082967244812 22.750142656360435 23.0502969628586 23.2106096137372 23.186624283109243 22.992741586873823 22.672179331701088
17.208305345485364 17.20591807625409 17.19890895233256 17.18772900993275 17.173107511863844 17.156021249469156 17.137656851150197 17.119369980005597 17.102644936473478 17.089057366306317 17.080241777877422 17.07774220565973 17.07774220565973 17.07774220565973 17.07774220565973 17.07774220565973 17.07774220565973 17.07774220565973 17.07774220565973 17.07774220565973 17.07774220565973 17.07774220565973 17.096244780331396 17.183001389687362 17.337119814078978 17.554725728203568 17.831732840686236 18.14988619961558 18.497458975654865 18.87130805905431 19.267639796221612 19.68178771014877 20.107899425435374 20.538491454836624 20.96381553481372 21.370971903101335 21.742743833770398 22.056365816499323 22.283300673377422 22.38628185778046 22.339176923619384 22.167744935532646 21.893293099505158
17.289959028526336 17.286766933187934 17.277367667062144 17.26228278369262 17.242351279418966 17.218688811949555 17.192638586030025 17.16571950144545 17.13957635837603 17.115935512933678 17.096567836620302 17.083259495581878 17.077790089128758 17.07774220565973 17.07774220565973 17.07774220565973 17.07774220565973 17.07774220565973 17.07774220565973 17.07774220565973 17.07774220565973 17.07774220565973 17.08604397351473 17.154885842416103 17.289870121317595 17.486850119487656 17.733538320142706 18.009965054485946 18.312609355756326 18.637944545409564 18.98179450918225 19.3391336734298 19.70381677434965 20.068216698060006 20.422754331218172 20.755336975890483 21.050825576069464 21.290908976853064 21.454857366568174 21.49367619414521 21.421851349222084 21.257760859638957 21.0147760599375
17.388945734820314 17.384877136877243 17.372879552965788 17.353564421309017 17.327909123588338 17.29720176126527 17.262976207833386 17.226945614447786 17.19094089175902 17.15685828082128 17.12661776122937 17.10213221055197 17.08528607159324 17.077921719238645 17.07774220565973 17.07774220565973 17.07774220565973 17.07774220565973 17.07774220565973 17.07774220565973 17.07774220565973 17.07774220565973 17.079035483363256 17.12636293099864 17.238500772769306 17.409007633694067 17.61402213651799 17.845267048576595 18.099335166281517 18.37238934847697 18.659968790070007 18.95683164634981 19.256759845602083 19.55232611003119 19.834640392471 20.09313504265757 20.3155344605429 20.488294896440806 20.5863016980413 20.56453922438489 20.465237957654562 20.299627615786495 20.07740588451446
17.503928045276812 17.498894864199606 17.484044355951873 17.460104808040754 17.428231121993992 17.389928417445287 17.346964810098445 17.301285470542936 17.254936735827812 17.210004914957086 17.168570853870747 17.132678926623342 17.10431790393271 17.085410809378313 17.07781103821293 17.07774220565973 17.07774220565973 17.07774220565973 17.07774220565973 17.07774220565973 17.07774220565973 17.07774220565973 17.07774220565973 17.101169317038856 17.18718318261429 17.320640150363044 17.480832794377257 17.6643151260829 17.867433626571728 18.086064606255242 18.315523526126228 18.550464131131957 18.784774499870004 19.0114866702994 19.222734660339043 19.4098259672324 19.563532507723487 19.674625795285753 19.70056724523211 19.624991840658808 19.496928461978715 19.324484306793302 19.115610415931574
