_KRIGING/CROSS_VALIDATION_CLASSIC/MHZ/GZ/train_5/MHZ_GZ_5_train_z_125.asc
ncols 100
nrows 74
xllcorner 5.5967023332191781
yllcorner 50.982320383219182
cellsize 0.00019249356164376555
nodata_value 1.7014100000000001E+038
[rows 20 to 39 of 74, columns 0 to 45 of 100]
17.7015887507994 17.5844603469474 17.4894664669033 17.4200828250497 17.3778484649165 17.3624307535549 17.3720169993534 17.4039596898541 17.4555402159762 17.5246772231941 17.6103994486831 17.7129314338968 17.8332996875106 17.9724476945778 18.1299390485412 18.3024167989753 18.4820623010998 18.6553476563142 18.8023921572684 18.8972059284533 18.9090265627183 18.8048254315724 18.5528862127974 18.1271567334613 17.5118759083154 16.7058191252837 15.7254298183856 14.6061478459462 13.4014251526627 12.1792278083351 11.0162211738695 9.99025337924326 9.17210643483297 8.61769126521218 8.36186391306588 8.41481859816772 8.76160354798292 9.3647875292727 10.1697860005721 11.1119432759238 12.1242414771428 13.1445022324414 14.1211445154694 15.016899684528 15.8102771879799 16.4949367564268
17.5837967734604 17.4729362804555 17.3933276670256 17.3498214392884 17.3448736850013 17.3784790233737 17.4484717902313 17.5511354293422 17.6819936535504 17.8366130715092 18.0112347530843 18.2030740554411 18.4101801231574 18.6308205972907 18.8624429147865 19.100350445425 19.3363090797188 19.557357123172 19.7451173903368 19.8758942643241 19.9217714472098 19.8528051050357 19.6402385663482 19.2604673742226 18.6992883425924 17.9558130806568 17.0453564366783 16.0006563150361 14.8709575732461 13.7187870162711 12.6146176565452 11.6300027456969 10.8300755643625 10.2664866794838 9.97183748238931 9.95645735868181 10.2079966458208 10.6938422776007 11.365903205112 12.166952031225 13.0375163014523 13.9223146703637 14.7754111832136 15.5635594470231 16.2675523672544 16.8817088987436
17.4885630013864 17.3861161439339 17.3238194877984 17.3079416080418 17.3419662863114 17.4263875040575 17.5589000992781 17.7349396977244 17.9484580072237 18.1927735699296 18.4613219777755 18.7481451256325 19.0480023662905 19.3560500872664 19.6671118361203 19.9746404979461 20.269549037359 20.5391476877492 20.7664618499771 20.93020347271 21.0056176614783 20.9663197721826 20.7870809503663 20.4473304251539 19.9349528007726 19.2498089324004 18.4063409540612 17.4346667448666 16.3797376466024 15.2984102174927 14.2546258336044 13.3132378859612 12.5333037677605 11.9618044122641 11.6287285824175 11.5442588630894 11.6984566931951 12.0634322018688 12.5975849251606 13.2511935398222 13.9724729993386 14.7132261079363 15.433375042646 16.1039172546638 16.7081449156906 17.2412356423806
17.4280521688146 17.3374791868442 17.2955739448811 17.3100089005186 17.3853550441875 17.5227334874912 17.7198742616403 17.9715507088188 18.2702927478639 18.6072373901747 18.9729569553748 19.3581148256624 19.7538308422665 20.1516872374204 20.5433655377768 20.9199707682947 21.2711672468926 21.584313679734 21.8438332574563 22.0310721210498 22.1248713536648 22.1029931442069 21.9444019904501 21.6322234121542 21.1570177012179 20.5198568042421 19.7346207997382 18.8289675497728 17.8435845383553 16.8295883770765 15.8442519312833 14.9455505936365 14.1862622445384 13.6084748018728 13.2393202144754 13.0885663665496 13.1483942482709 13.3953283509823 13.7939463845775 14.3017368413251 14.8743446384355 15.4704597311662 16.0557426372911 16.6054010683079 17.1052789141419 17.5515418882256
17.4131868345609 17.3391243866673 17.3216891998328 17.3698718088886 17.4893204540644 17.6818458911471 17.9453282904634 18.2740107300612 18.659104843185 19.0895936632401 19.5530989178284 20.0366831329141 20.5274756155931 21.0130405471557 21.4814427298796 21.9210126987353 22.3198690591278 22.6653194641694 22.9433229510614 23.13823839164 23.2330860570978 23.2104950480325 23.0543939232369 22.7523383556739 22.2981893015037 21.6947014414698 20.95549913449 20.1059385931858 19.1824906515917 18.2305108465857 17.3005496846342 16.4436369306326 15.7061883375991 15.1252828375182 14.7250187649711 14.5144856261884 14.4876187249565 14.6248935279084 14.8965278815818 15.2666480802523 15.6977740939688 16.1549979083487 16.6093485761692 17.0400209619019 17.4353474834099 17.7925731055401
17.4525927424948 17.4005866054675 17.4124182949293 17.498225514913 17.6646360339281 17.914126533925 18.2447621477825 18.6503185198693 19.1207391311214 19.642847738544 20.2012200262221 20.779115248705 21.3593712621298 21.925171154741 22.4605986736986 22.9509199256395 23.3825684811298 23.74287287321 24.0196419514191 24.2007954088629 24.2742675097138 24.2283967738728 24.0529305506128 23.7406286033989 23.2892733384345 22.7037310623598 21.997606850012 21.1940320587032 20.3252315727286 19.4307218484166 18.5542490501127 17.739831693054 17.0274660333011 16.4491406456537 16.0257695373827 15.7654998576155 15.6636154202068 15.7039917038736 15.8618160273621 16.1071132324169 16.4085386360253 16.7369194960763 17.0681260633903 17.3850018015233 17.6782436099566 17.9462661130398
17.5518368619052 17.5279783581291 17.5742173166124 17.7015712598225 17.9174458902977 18.2248554051006 18.6219875208378 19.1021329963987 19.6539635744996 20.2621199937541 20.9080598346439 21.571105215782 22.2296147100829 22.8621801376661 23.4487240499124 23.9713624607282 24.4149161537526 24.7670122749053 25.0178112088598 25.1595005472877 25.1857848384217 25.0916320699749 24.8734928503529 24.5300860599773 24.0636714363133 23.481551437775 22.7974148236905 22.0320957799405 21.2133942344219 20.3747737577614 19.5529839071509 18.7848882541242 18.1039609357741 17.5370009336422 17.1015865532258 16.8046624823388 16.642451244647 16.6016559665209 16.6617192691858 16.7977607663177 16.9837525976358 17.1955086069456 17.4131416218027 17.6227585232329 17.8172865807793 17.996434682078
17.7130867705848 17.7235983766442 17.809305809676 17.9817351448948 18.2487532520968 18.6136660506672 19.074613879496 19.6243013019414 20.250078792042 20.934384674489 21.6555494008971 22.3889483956382 23.1084543884928 23.7880848023054 24.4036767674608 24.9343748912124 25.3637110060825 25.6801082519588 25.8767530547863 25.9509245016962 25.9030102837011 25.7355258049852 25.4524536204832 25.0591246406941 24.5626920545983 23.9730510601259 23.3038910668383 22.5734834653923 21.8048348591017 21.0249679101354 20.2632943981008 19.5492635556943 18.9096466923058 18.3659136047361 17.9321485862641 17.6138521633179 17.4078090566741 17.3030148953444 17.2824851700595 17.3256506728043 17.410988977529 17.5185494261465 17.6320848458199 17.7405858478918 17.8391027358238 17.9288213738601
17.9352594226889 17.9860821611232 18.1158212998138 18.3360344185907 18.6546138540165 19.0747905357493 19.5943796607179 20.2053211807559 20.8935661039328 21.6393657214437 22.4180218092723 23.2011347362621 23.9583311363467 24.6593642880312 25.276376601606 25.7860268401065 26.1711512146424 26.4216736316598 26.5346097175193 26.5131968905181 26.3653799102142 26.1020297925688 25.7353256126515 25.2776629499083 24.7412851599885 24.1386122374292 23.4830319580831 22.7897806636311 22.0765146912988 21.3632620037757 20.6716172812222 20.0232503725597 19.4379801396366 18.9317778441326 18.5150842453512 18.1917569674462 17.9588354292371 17.8071567915234 17.722714424049 17.6885467833726 17.68689108016 17.701330228828 17.718691110153 17.7305015586395 17.7338696074807 17.7317042697681
18.2146538512653 18.3110899291204 18.4885641991979 18.7580880563391 19.1270307086269 19.5980688495522 20.1683196157084 20.8287218226809 21.5637472825384 22.3515466043706 23.1646435615653 23.9712671879399 24.7373366308298 25.4289925451134 26.0154239139105 26.4716118500522 26.7805491288565 26.9345316673584 26.9352647291266 26.7927564159584 26.5232276724494 26.1464808005645 25.6832748351594 25.1532230736002 24.573564018403 23.958909759858 23.3218170869892 22.673828826145 22.0265467600469 21.3923377324897 20.7844184529872 20.2162623262898 19.7004643873811 19.2473383830421 18.8635756532474 18.5512675392656 18.3075022545269 18.1246258242875 17.9911371905464 17.8930932278429 17.8158404233693 17.7458645342923 17.6725487286457 17.5896446923047 17.4962840913106 17.3973897251255
18.5459888478529 18.6924475438852 18.9202436339736 19.2391768301796 19.6554487504837 20.1706117775737 20.7806435721177 21.475218715872 22.2372843970913 23.0430867288715 23.8628141323592 24.6619976421856 25.4037176053952 26.0515148701831 26.5727205322342 26.9417513689704 27.1428255959754 27.1715808050848 27.035237493305 26.7512213956464 26.344472755356 25.8439477823486 25.2789798132814 24.6761690014674 24.0573100082196 23.4385938218435 22.8310102574323 22.2416157118412 21.6751805570284 21.135719135384 20.6275182498376 20.1554707450488 19.7247286010111 19.3398599367623 19.0037918948561 18.7168381440027 18.476059956518 18.2751206416803 18.1046930988092 17.9533903963196 17.8091191868549 17.6607051635182 17.4996036866269 17.3214835412789 17.127459357857 16.9247563072372
18.92370427285 19.1235879855573 19.4030613921127 19.7699793869363 20.2286633117284 20.7789147809538 21.4151016778531 22.1253869188066 22.8912235695447 23.6872966285465 24.4821231328313 25.2394968263791 25.920861057066 26.4885167748224 26.9093537930101 27.1585900957407 27.2228828352654 27.102190235956 26.8099365811353 26.371337459004 25.8201108036969 25.1941371227806 24.5308488068343 23.8631644053586 23.2166306927149 22.6081377847782 22.0462133413689 21.5325756513887 21.0644099617417 20.6367676956602 20.2445690840247 19.8838736434841 19.5523078759385 19.2487450647828 18.9724757701428 18.7221729628807 18.4949496325049 18.2857505795954 18.087238556715 17.8902468010591 17.6847846826073 17.461502389121 17.2134437871548 16.9378470702164 16.637700863445 16.3227454816219
19.3433402335282 19.5990919784846 19.9304179412647 20.3424534200462 20.8368946665702 21.4111540382971 22.057539519849 22.7625194314732 23.5062019712608 24.2622325744461 24.9983562288476 25.6778709950056 26.2620894917905 26.7137294061156 27.0009072548528 27.1011749568342 27.0048913652991 26.7172235931991 26.258252513329 25.6609895851697 24.9675256302703 24.2239234864347 23.4747325854569 22.758072975207 22.1020915767481 21.5232758502138 21.0267059312668 20.6079397511974 20.2559472384541 19.9563921567771 19.6946081814232 19.4577917986849 19.2361760489162 19.0231905807753 18.8148049034543 18.6083679505188 18.4012971569649 18.1899492445902 17.968942870653 17.7311164670848 17.4682018521956 17.1721791808453 16.8371557424391 16.4614907893053 16.0497909388095 15.6143521948929
19.8027841172369 20.1160987598465 20.4984937138584 20.9515975710705 21.4737453435177 22.0593589796558 22.6983094307881 23.375301336212 24.0694041632215 24.7539430010845 25.397020547895 25.9629291950393 26.4146017788354 26.7170426939836 26.8414141956983 26.7691934100112 26.4956453246821 26.0318457595165 25.4046686272709 24.6545027056333 23.8309103162835 22.9868744740853 22.1725894203569 21.4298498041405 20.7879597625605 20.2617517955823 19.8518645864186 19.54698999756 19.3274638529072 19.1694073946865 19.048641103001 18.9437580523346 18.8379985330122 18.7198422148918 18.5824718820576 18.4224303890955 18.2378809320318 18.0268979723232 17.7861767464101 17.5104658135418 17.1929069621935 16.8263149855385 16.4052552490228 15.9285985517537 15.4020814573187 14.8403144336354
20.3031708394098 20.6753510566467 21.107449954506 21.5968196141552 22.1377470505163 22.7211481120779 23.3342019064386 23.9599366556107 24.5768730013613 25.1589358157567 25.6759195981522 26.0947920172024 26.382015278139 26.5068551447519 26.4453693212295 26.1844904149947 25.7254296906584 25.0856016755444 24.2984442784627 23.4108669546713 22.4785266479186 21.559595114342 20.7080222531389 19.9674275023561 19.366630741938 18.9174972129105 18.6153048907915 18.4413629417711 18.3672260020197 18.3596357444496 18.3853026459199 18.4147919058003 18.4250391150379 18.4003229059629 18.3318016732468 18.2159391264176 18.0522819417281 17.8411123690107 17.5814870357866 17.2700976619482 16.9012543611526 16.468102815139 15.964956009893 15.39037702881 14.7504349387517 14.0614235679467
20.8492365570851 21.2816521663347 21.7620064480975 22.2826496958645 22.8332194147302 23.4007354459033 23.969590845033 24.5214090940314 25.0348449423686 25.4855271101807 25.8464325089493 26.0889969237155 26.1851735979124 26.1104461200001 25.8475211569302 25.3901403630336 24.7462472427692 23.9397029076977 23.0099068907653 22.0090321486184 20.9970557210899 20.0352454519862 19.1791259210555 18.472096692965 17.9407716778222 17.5927754151033 17.4172543024947 17.3878542968167 17.4674958364902 17.6140240361468 17.7857603444542 17.9461132269776 18.0666658094295 18.128478305488 18.1216582528212 18.0435162805151 17.8958149758027 17.6817252749393 17.4031279984996 17.058837608875 16.6441802930264 16.1521327652206 15.5759383263513 14.9127992448122 14.1679565312285 13.3582785029559
21.4489634277064 21.9435511441667 22.4711922882262 23.0185777327525 23.5702063784178 24.1089648490352 24.6165470810614 25.0736348728752 25.4598793216038 25.7538610283772 25.9333177335634 25.97596239583 25.8611375133868 25.572357756813 25.1005167152019 24.4472442004929 23.6276863326786 22.6719223734034 21.6243757697755 20.5409133527314 19.4837892756806 18.515069384627 17.689544842296 17.048311472994 16.6141063418635 16.389174321331 16.3559627994835 16.4804253024993 16.717269959413 17.0162035845421 17.3281369383832 17.6104221328207 17.830442026776 17.9671986044111 18.0108891241014 17.9607662350843 17.8218203720359 17.6009824704218 17.3036116166567 16.9309958511682 16.4794467274343 15.9413096200406 15.3078610279445 14.573666644394 13.7416017419093 12.8274757855323
22.1124188180605 22.6721416387491 23.2471384026634 23.8178695522702 24.3633353155883 24.8622145679519 25.2937684593388 25.6383728105581 25.8776764204835 25.9945395707245 25.9730393351448 25.7988842434217 25.4605232800675 24.9510562587705 24.2707862120707 23.4299669570967 22.4510771849635 21.3698771216676 20.2346230691786 19.1031248176859 18.0377703323733 17.0991075358604 16.3389457949354 15.7941204456778 15.4820011683074 15.3985307749455 15.5191246376233 15.8022488043984 16.1950390570242 16.6400126020827 17.0818051462443 17.4729384498484 17.7778494389021 17.97473401495 18.055117141198 18.0214057759293 17.8829763269018 17.651566970417 17.3368647791943 16.9431761189297 16.4679277700747 15.9024602186134 15.2351632180836 14.4565209281942 13.5651672869399 12.5737094226593
22.8497926100919 23.4789679922059 24.1028948260546 24.6953353518276 25.2295666224862 25.6801402630525 26.0243048490432 26.2428925289706 26.3206226997204 26.2459550946737 26.010780788889 25.6103186945956 25.0435486016443 24.3143515816196 23.4332747203148 22.4195544978318 21.3028057639131 20.1236904744928 18.9329712277338 17.7886293584983 16.7511324348367 15.8773760433997 15.2141879631605 14.7924726642891 14.62303687759 14.6948767869666 14.9762833729927 15.4186305291726 15.9622560861983 16.5435163064604 17.1019408849717 17.5864472749799 17.9597644631696 18.2005205675719 18.3028134087732 18.2734603921649 18.12747274389 17.8825829412662 17.5538369178684 17.1493076916766 16.6678632818911 16.0996156753899 15.4292080519852 14.6415260468909 13.7288489689618 12.6980178246379
23.6687707370396 24.3731792257117 25.0494126003677 25.664187743276 26.1849687844223 26.5823926091924 26.8322219477787 26.9165627048911 26.8242565870155 26.5505660461062 26.0964506636721 25.46783661214 24.6752645749872 23.7341581084611 22.6657129759908 21.4981309095109 20.2676892779427 19.0190278173068 17.8040937038787 16.679420703945 15.7017810842626 14.9226549709738 14.3823083851206 14.1044670371966 14.092563566039 14.3283178117802 14.7730299404384 15.3715074748158 16.0581045215537 16.7640080824284 17.4247168629617 17.9866418140105 18.4119029756121 18.6806715221278 18.7907672228306 18.7546257526699 18.5941531172842 18.3343392548872 17.9967585386061 17.5941881311292 17.1274797532617 16.5855028926668 15.9484542060489 15.1941670266716 14.3063753984203 13.283340216084
