_KRIGING/CROSS_VALIDATION_CLASSIC/MHZ/GZ/train_5/MHZ_GZ_5_train_z_63.asc
ncols 100
nrows 90
xllcorner  5.6208707817415728
yllcorner 50.959635321741573
cellsize 0.00013419651685393446
nodata_value 1.7014100000000001E+038
[rows 20 to 39 of 74, columns 44 to 87 of 100]
0.226127215749679 0.240332400624709 0.251334121936571 0.258469101245315 0.261211626617301 0.259226013645548 0.252417398127518 0.240972074025676 0.225378098923141 0.206418344533597 0.185131407222144 0.162740316328326 0.140554062221772 0.119851774220051 0.101763073851127 0.0871599902666322 0.0765753665238496 0.0701597719548909 0.0676838581372004 0.0685865776367912 0.0720627881440498 0.0771777022892389 0.0829915313938189 0.088676288041154 0.0936083267156028 0.0974245161231636 0.100036152991562 0.101601713375289 0.102466051526904 0.103078576521509 0.103905459874266 0.105350705020199 0.107698104172276 0.111081358714103 0.11548393716262 0.120764734660456 0.126701340000084 0.133040459435285 0.139545071709452 0.146029963835754 0.152380761037558 0.158555515186536 0.164571450657755 0.170481899257575
0.217085152590099 0.22782744337301 0.2357077298234 0.240167953136849 0.240759260710481 0.237188871070557 0.229368049203173 0.217453358077634 0.20187224945657 0.183324689802874 0.162754944387736 0.14129160430236 0.120158887247073 0.10056739324883 0.0835969343452294 0.0700868693310082 0.0605498280274185 0.0551224373450523 0.0535618040728319 0.0552897562505097 0.0594793423776211 0.0651712189116878 0.0714026450345682 0.0773298176828769 0.0823256173754442 0.0860392433394965 0.088410855378904 0.0896419675059463 0.0901295609974809 0.0903774218310865 0.0909011225766139 0.0921429311824575 0.0944098867442294 0.0978430307978437 0.102419428834613 0.107982454472331 0.114291045853805 0.121076140190629 0.128092575203322 0.135157155461413 0.142167563061889 0.149101313138708 0.155997979884159 0.162930663886599
0.210324167793064 0.218158872432539 0.223441457315206 0.22569722339629 0.224536395802715 0.219697141101629 0.2110917197144 0.198848688099859 0.183342522084874 0.165202040383546 0.145290801118617 0.124656152655266 0.104448435392271 0.0858172228962275 0.0697964853293139 0.0571940960639851 0.0485022604633798 0.0438436780901795 0.0429635777708919 0.0452708484659154 0.049923534413399 0.0559464819130202 0.0623633988562206 0.0683231319374843 0.0732010815002601 0.0766611470848187 0.0786705620831489 0.0794681086838398 0.0794939925282387 0.079295690822179 0.0794273182363954 0.0803599778479988 0.0824173105602762 0.0857447661750025 0.0903141980953503 0.0959586563349155 0.102427060096356 0.109445731698931 0.116773937624264 0.124243323338188 0.131775605061386 0.139377938912088 0.147119867245381 0.155098768418795
0.205610287717568 0.211115697567017 0.214350818866546 0.214905023718203 0.212432191298177 0.20669124872403 0.197591174040676 0.185233959277031 0.169947211264068 0.152297637647354 0.133077988387138 0.113263169485361 0.0939359185236206 0.0761879461348182 0.0610077987784759 0.0491707302468558 0.0411475283245388 0.0370478568371827 0.0366091760463181 0.0392353266135789 0.0440806429781248 0.0501675917863925 0.0565199944244264 0.0622911053099439 0.0668667559789461 0.0699282623369478 0.0714669548310394 0.0717506551131924 0.071250597136811 0.0705436734688502 0.0702083420867685 0.0707324896403408 0.0724481251286353 0.0755017430651952 0.0798618284178395 0.08535780682957 0.0917392218760803 0.0987410905518859 0.106141654041498 0.113801793237189 0.121680300186427 0.129824726073413 0.138342397976302 0.147359457662571
0.202613567488127 0.206367914487651 0.208110244582967 0.207477133510527 0.204152807624715 0.197908245928296 0.188645446142215 0.176440805486447 0.161579620233885 0.144573011127903 0.126149579241597 0.107216956290219 0.0887929192466349 0.0719112497232817 0.0575130242677241 0.046338319982753 0.0388352856062689 0.0351024150529421 0.0348755446084327 0.0375641774349382 0.0423334602067351 0.0482201156670586 0.0542645017180281 0.059637989553407 0.0637456537282592 0.0662887019231855 0.0672782796512588 0.0670008795930312 0.0659439406800802 0.0646967847006052 0.0638456145307074 0.0638812758549286 0.0651349521819573 0.0677507030172031 0.0716960953991662 0.0768047221976455 0.0828386748457414 0.089556150682649 0.0967697581652948 0.104384408458641 0.11240897206154 0.12094178816645 0.130135293039634 0.140148469712442
0.200962944354165 0.20353051854985 0.204325431101907 0.203016192542745 0.199305330954681 0.192967872200015 0.183895138056018 0.172138158907631 0.157943059562912 0.141769966528177 0.124287786487719 0.106339841745025 0.0888796582631512 0.072881585004085 0.0592363905379466 0.0486463326406557 0.0415362888730357 0.0379965998249968 0.0377691581875135 0.0402815461119341 0.044725892386232 0.0501711869867902 0.055691672538798 0.0604909005616649 0.0640017363844318 0.0659469050814299 0.0663517617534273 0.065509482561791 0.0639071925015318 0.0621281100268924 0.0607483801704186 0.0602472445861919 0.060945623905148 0.0629818400800349 0.0663254279239792 0.0708224137808008 0.0762596478136356 0.0824329098948686 0.089204016884777 0.0965357005260239 0.104498582976229 0.113250748855886 0.122995794194089 0.13392877495705
0.200287532251934 0.202213587830314 0.202591567666009 0.201106947926739 0.197468493204114 0.191446872440736 0.182918268946058 0.171907527526312 0.158623570893235 0.143479031125244 0.127086764367535 0.110228388816603 0.0937940763954244 0.0786979746883981 0.0657788915239682 0.055700081490808 0.04886402821174 0.0453572681730962 0.0449363946611751 0.0470599530390795 0.0509631479584675 0.0557646583303784 0.0605889519905878 0.0646845363903323 0.0675192049075071 0.0688374487920669 0.0686720219704625 0.0673098700614545 0.0652207049339105 0.0629628954036862 0.0610848466460601 0.0600400019993292 0.0601300616535228 0.0614847228753194 0.0640785326899718 0.067777940003876 0.0724059192573213 0.0778087676685621 0.0839103084594855 0.0907424176537493 0.0984464979401856 0.107246823361771 0.117402146633372 0.129145536504007
0.20024234008867 0.202055428581296 0.202533484693671 0.201362735613843 0.198244613160152 0.192935387187565 0.185290046024887 0.175305101227314 0.163153414711629 0.149203508490038 0.134016571861384 0.118316752147929 0.102934177761238 0.0887249866361149 0.0764775324437414 0.0668178356101976 0.0601292139192984 0.0565001805191785 0.0557110018834588 0.0572632760641141 0.0604496030987748 0.0644532968295564 0.0684625749592821 0.0717809039262584 0.0739157591750931 0.0746319140513935 0.0739617748226255 0.0721730266447638 0.0697014795396404 0.0670630546498543 0.0647621666886596 0.0632136926092863 0.0626922862033182 0.0633167101464877 0.0650693884432245 0.0678441229905833 0.0715094157975075 0.0759722319874102 0.0812277788233055 0.0873846206142127 0.0946601722175183 0.103347898958448 0.113762984198807 0.126176762377606
0.200519866307897 0.202739281691112 0.203827256674032 0.20345175638246 0.201290350483618 0.197072052100918 0.190622264433814 0.181905502255864 0.171059301725555 0.158412360782862 0.144480852361553 0.129939199991493 0.11556525682987 0.102164278823832 0.0904805140125196 0.0811086691967615 0.0744190591710354 0.0705093042392682 0.0691919346619586 0.0700216774796936 0.0723595336265581 0.0754642865475745 0.0785971124359692 0.0811225057614295 0.0825893185076394 0.0827792677733866 0.0817161487272282 0.0796361054044949 0.0769263238528329 0.074045084221556 0.0714391534235871 0.069474398487018 0.0683922485403476 0.0682988788280668 0.0691869319598833 0.0709827382592264 0.0736068285013401 0.0770331436801804 0.0813331735852729 0.0866949690180572 0.093412577945857 0.101847582408151 0.112369693663079 0.125286793492158
0.200851390896484 0.203996529641955 0.206205255382842 0.207104127031151 0.206326157609375 0.20355651096403 0.198579776573836 0.191323285409757 0.18189008982472 0.170575244526814 0.157860194110116 0.144382494511779 0.130881584532092 0.118125383573273 0.106826378793854 0.0975587301032418 0.090689011040116 0.086332062988153 0.0843400626779737 0.0843277744661662 0.085730979314872 0.0878893705302965 0.0901408972642717 0.0919124839948724 0.0927926920573049 0.0925751398921403 0.0912667898869894 0.0890615807804371 0.086286155683124 0.0833294153782239 0.0805703311554563 0.0783183063044349 0.0767773590126878 0.0760400898743928 0.0761108892042325 0.0769515273683999 0.0785375351670546 0.0809116488606265 0.0842214779310488 0.0887321437943749 0.0948099971171158 0.102879355269099 0.11335922162579 0.126590214337043
0.201002937884909 0.205600676258783 0.209448134019296 0.212102284718517 0.213125974712428 0.21213971000616 0.208873071147174 0.203209757674162 0.195219925857332 0.185174009021516 0.173533787772988 0.160919101377088 0.148052003718885 0.135683862721054 0.124514202916797 0.115112283173772 0.107852904905703 0.102876471362029 0.100079967879542 0.0991408093236123 0.0995702201982349 0.10078793928815 0.102206488100363 0.103311690160016 0.103726891129063 0.10325130248037 0.101867569060644 0.0997192227730451 0.0970641272091619 0.0942143205427534 0.0914749714023038 0.089094962570139 0.0872388770007774 0.0859853797274666 0.0853511384388126 0.0853337583966705 0.0859629765589218 0.0873475061204414 0.089705827557559 0.0933726045358484 0.0987774019870466 0.106397808461876 0.116693733116204 0.130032701744647
0.200770925920119 0.207356772155392 0.213367978535748 0.21825842551539 0.221490148031803 0.222594084301254 0.221228019617742 0.217224936694427 0.210625242820067 0.201687521957854 0.19087461373703 0.178814809674014 0.166241419700037 0.153917358093691 0.142554100895273 0.132735799560198 0.124859109696579 0.119097317275696 0.115393865467471 0.113485955821337 0.112954269796287 0.113290833195037 0.11397432554656 0.114541188119017 0.114641872888919 0.114074341847866 0.112791018614667 0.11088013117916 0.108526950569876 0.10596399578402 0.103421136656579 0.101086251708928 0.09908465077904 0.0974812706364129 0.0963045284758059 0.0955857651858692 0.0954045319124802 0.0959284077517014 0.0974369282767553 0.100322307235536 0.105064179259684 0.112180514736897 0.122161103316306 0.135392809294101
0.199981674481 0.209090673040985 0.217787170206411 0.225383580563558 0.231206099786256 0.234667919886431 0.23533663154305 0.232987832895455 0.227637924411009 0.219551060724117 0.209218156859185 0.19730940082636 0.184605407765105 0.171915350760732 0.159992521433951 0.149458362790222 0.140744896542365 0.134062776168115 0.129398373399945 0.126538996309335 0.125121262689686 0.124694467636579 0.124788964417515 0.124979355788327 0.124933648038357 0.124442205345205 0.123423931716543 0.121911050131453 0.120017522548261 0.117898939311729 0.115713071626255 0.113589894491276 0.111617721560237 0.109848485741652 0.108320836361254 0.107095521410807 0.106294422108976 0.106133329972254 0.106939407530994 0.109147044249711 0.113269845363705 0.119850848910279 0.129396840047001 0.142305167219065
0.198497425260374 0.210641757783312 0.222517545548724 0.233253818545091 0.242003031884275 0.248030806036179 0.250796156916348 0.250012570638191 0.245682058307726 0.238097316333375 0.2278110485047 0.215575870764352 0.202262336376938 0.188765761679076 0.175914096049298 0.164388734973341 0.154667961246597 0.146999024623066 0.141400418231877 0.137691480276188 0.135542779338129 0.134538361600372 0.134240096130669 0.134245017035026 0.134228477431589 0.133968717771089 0.133351674777298 0.132358076461709 0.1310376577925 0.129477295030492 0.127770661565119 0.125996446465711 0.124210245717898 0.122452199530015 0.120768844242978 0.119244204919273 0.118032639339546 0.117384954897172 0.117660114678976 0.119317258909105 0.122886239249401 0.128918620782966 0.137924382567504 0.150301797625549
0.196229613204306 0.211861642957748 0.227344252385214 0.241579826896667 0.25350868744267 0.262219816768563 0.267047562529868 0.267642473742256 0.264007161489883 0.256492274910226 0.24575288675148 0.232671045135208 0.218255054683363 0.203529305819944 0.189429521239399 0.176716901331388 0.165921097515361 0.157316946611356 0.150934458658068 0.146596692837162 0.143976697979738 0.14266307583521 0.142223963904947 0.142260994562162 0.142447528438459 0.142548603167187 0.142423088825185 0.142011142127959 0.141311971220309 0.140358010719593 0.139191757547342 0.137850678909903 0.136363819833188 0.134761211671628 0.133094304067327 0.131462949904607 0.130042545561774 0.129104233121994 0.129021813575095 0.130261068920573 0.133350103624919 0.138832467439761 0.147207593986069 0.158865047381757
0.19315805048165 0.212620115696166 0.232018206480674 0.24998649210286 0.265217442850394 0.276598185647178 0.283327383040445 0.284998012405829 0.281635256766113 0.273684364559195 0.261950116136319 0.247496426120016 0.23152040542078 0.215218775210154 0.199665107854916 0.185713804979782 0.173941527806567 0.164630061558447 0.157787722146384 0.153200751155164 0.150502670012309 0.149248669452315 0.148983578355166 0.14929510068454 0.149847926121654 0.150398150713097 0.150790568828377 0.150943509132414 0.150826946370008 0.150439746885015 0.149791262392031 0.148891216608076 0.147750058737745 0.146389845562241 0.144863505251698 0.143278372792279 0.14181855367366 0.140760291671731 0.140475234729483 0.141418210220296 0.144098501241238 0.149036181820812 0.156707348655597 0.167483751035061
0.189352799033397 0.212818085859939 0.236260140440158 0.258008717274116 0.276479156276874 0.290338914320039 0.298648119363526 0.300956133766065 0.297341201868265 0.2883876051114 0.27510344400229 0.258790860161191 0.240887633675571 0.222803198287168 0.205772277334213 0.190745430883012 0.178328596644596 0.168774731443766 0.162021819446817 0.157764601090304 0.155543626060216 0.154835043383368 0.155127451987625 0.155977046548852 0.157037838987209 0.158068673941324 0.158922259588477 0.159523201214136 0.159842208776991 0.159872677340102 0.15961419731939 0.159065634714808 0.158228478845775 0.157119325663221 0.15578875533728 0.154342610770509 0.152960964889784 0.151910043616447 0.151543122619862 0.152287861336584 0.154619440181795 0.159020889725442 0.165933811136809 0.175704057869558
0.184994182134962 0.212406000669759 0.23977784678198 0.265108288021825 0.286516724237053 0.302444222262814 0.311820753694294 0.314176814223297 0.309683899137441 0.299117629775057 0.283748304052741 0.265174552609074 0.245124608458976 0.225254593373856 0.206973002670981 0.191315099524531 0.178881264744163 0.169841530603169 0.163997092938141 0.160880920966591 0.159875278422756 0.16032449761133 0.161625994921985 0.163289688016285 0.164963717442664 0.166430933525596 0.167584846228507 0.168395304602156 0.16887342758695 0.169043032248979 0.168922881971081 0.168521224632526 0.167841736422764 0.166898278901833 0.165734788791751 0.164446072569693 0.163195218620003 0.162223754514093 0.161851550393021 0.162464731613079 0.164491365936629 0.168366227794769 0.174487314538889 0.183167866952685
0.180385977870198 0.211405077808802 0.242296400235916 0.270714013981128 0.29447692717104 0.311807587235312 0.321528026878322 0.323187027267595 0.317099716729625 0.304292588569045 0.286360568206058 0.265256325760533 0.243042970217309 0.221647212772628 0.202649515750972 0.18714046153719 0.175659933951089 0.168220353297202 0.164400462442915 0.163485151851069 0.164621659615788 0.166963787828972 0.169782548275531 0.17253169714243 0.174867247148092 0.176628829512232 0.177796150625773 0.178435301418321 0.1786478978609 0.178532165909326 0.178160506762655 0.177573923390051 0.176790629522212 0.17582438929824 0.174707492552171 0.173513442909049 0.172375113710294 0.171495088995358 0.171146024275419 0.171660055649343 0.173407483142433 0.176766073366236 0.182083294623112 0.189634579098447
0.175957555983723 0.209928083246371 0.243599065854251 0.274283781578216 0.299514016186618 0.317318480803348 0.326449029716044 0.326522892175404 0.318058850987532 0.302399374574267 0.281527416179777 0.257803279312405 0.233660433628635 0.211306453133417 0.192474348827072 0.178260180183713 0.169066622981253 0.164652511239258 0.164269526690612 0.166853247962222 0.17122948534807 0.176299023786582 0.181173279954552 0.185247036803522 0.188208738025278 0.190000523802997 0.190747133080905 0.190674377395002 0.190034908308525 0.18905317176899 0.18789474757043 0.186659371886958 0.185392833537081 0.184110892921878 0.182828108005951 0.181585387310333 0.180471620154251 0.17963639296942 0.179292314969163 0.179706738233735 0.181183657158537 0.184037344722607 0.188559878777602 0.194985190465355
