_KRIGING/CROSS_VALIDATION_CLASSIC/MHZ/GZ/train_5/MHZ_GZ_5_train_z_250.asc
ncols 100
nrows 74
xllcorner 5.5967023332191781
yllcorner 50.982320383219182
cellsize 0.00019249356164376555
nodata_value 1.7014100000000001E+038
[rows 0 to 19 of 74, columns 46 to 91 of 100]
30.5920164563961 31.5194607905303 32.5947703910873 33.802464701813 35.1126471809529 36.4800499896724 37.8450494032347 39.136979359863 40.2796777786952 41.1987455450556 41.8295822923327 42.1249928748708 42.0611159406528 41.6406426514281 40.8927362925542 39.8696397881877 38.6405393848702 37.2837089568623 35.8781942220886 34.4962715565552 33.1976587314408 32.0260438642917 31.0080398064864 30.1542660666546 29.4619825440591 28.9185803078179 28.5052643844349 28.2004016873276 27.9821998369515 27.8305781235057 27.7282524636976 27.6611625829724 27.6184197156425 27.5919568925249 27.5760372103177 27.566734452318 27.5614578502231 27.558556675282 27.5570142174733 27.5562246730848 27.5558386920499 27.5556613109507 27.5555873195132 27.5555619278258 27.5555577142558 27.5555615943382
30.8789838461897 31.8455623872739 32.9665387268791 34.224550672111 35.5875037431075 37.0076512733682 38.4226703912828 39.7590811870661 40.9379534504215 41.8823752264048 42.5257249404971 42.8195052510007 42.7394484507092 42.2888238548629 41.4983338067924 40.4225812689496 39.1336950137585 37.7131728426632 36.2432484687738 34.7990635385846 33.4426599795882 32.2193813754975 31.1567951400525 30.2658260206767 29.5435023717369 28.9765926282628 28.5454401922349 28.2274486348617 27.9998695419264 27.8417488109203 27.7350543803046 27.6651190982839 27.6205845197365 27.5930353002741 27.5764860251356 27.5668395444274 27.5613915150569 27.5584182425795 27.5568577097215 27.5560769920394 27.5557111912109 27.5555569266828 27.5555048173587 27.5554983286008 27.5555096025313 27.5555257608342
31.1433058379062 32.1204355759573 33.2557546902992 34.5299815982764 35.9092156870076 37.3441130264134 38.7710124915326 40.1153728828371 41.2974808947141 42.2399171537331 42.8758292353194 43.1567699251015 43.0588046477957 42.5858094598443 41.7693377785306 40.6650343349543 39.3461838980545 37.8954628566685 36.396211338796 34.924520812102 33.5431640175006 32.2979632410454 31.2167103838416 30.3103256624014 29.575648732725 28.9991301698274 28.5607222810122 28.2374138184754 28.0060563476137 27.8453363725382 27.7369168576063 27.6658840599532 27.6206883543969 27.5927715847704 27.5760451544676 27.5663396091066 27.5609014013072 27.5579743571353 27.5564757722528 27.5557601656162 27.5554555670313 27.5553551273765 27.5553482742702 27.5553786327365 27.5554192194781 27.555458323942
31.3833891747913 32.338928145112 33.4540364942546 34.7074674201585 36.0638987497436 37.4732714426555 38.8719591789441 40.186135911774 41.3373225563136 42.2496323094198 42.8578013356177 43.1148004777966 42.9977632172528 42.5111721182456 41.6866899693891 40.5796094021118 39.262493370749 37.8170528738207 36.3255559479886 34.8630415979449 33.4913497942419 32.2555550011843 31.1829153148919 30.2840284981292 29.555596886487 28.9840787181472 28.5495339559986 28.2291163860153 27.999864471712 27.8406473032121 27.7332894733823 27.6630095972237 27.6183592288822 27.5908526036455 27.5744495067147 27.5650105081776 27.5597992006341 27.5570683347918 27.5557395058942 27.5551693954874 27.5549875798211 27.554988908089 27.5550649070972 27.555161644541 27.5552547280068 27.5553349690353
31.5998303608674 32.4999509258699 33.5592471206721 34.7544484585523 36.0491475745559 37.3933719168207 38.7247955273923 39.9719572667246 41.0594935568956 41.9149559228638 42.4763673494653 42.6993863686967 42.5628812725771 42.0719064494965 41.2574912203338 40.173210301673 38.8890772853508 37.4837576896342 36.0363376479644 34.6188671028021 33.2906464224129 32.0948199519654 31.0573841179255 30.1883136036847 29.4842309854876 28.9319254644956 28.5120555930947 28.2025091259113 27.9810862548911 27.8273686854863 27.7237981820964 27.6560948322299 27.6131951929565 27.5868938026154 27.5713442540324 27.5625344062273 27.5578072836364 27.5554628711214 27.5544498472441 27.5541403721557 27.5541734617073 27.5543506384217 27.5545690064085 27.5547797796943 27.5549634016037 27.555115101795
31.7945058790635 32.6058225596828 33.5750029260386 34.6766844366866 35.8736325585645 37.1166146553008 38.3456588947868 39.4930578697765 40.4881567760194 41.2635634944778 41.762027840802 41.9429638435881 41.7875164269846 41.3012400583623 40.5138384832081 39.475930422321 38.2533379223621 36.9198194025586 35.5493951732936 34.2093997450422 32.9551639969433 31.8268529122441 30.8485591246947 30.0293747963942 29.3659040942743 28.8455663948081 28.4500677778779 28.1585479565421 27.9500908609994 27.8054710231385 27.708158921249 27.6447082068927 27.6046942349456 27.5803760831667 27.5662283379901 27.558449660241 27.5545146853932 27.5528017548983 27.5523045629601 27.5524210514386 27.5528059625683 27.553271885544 27.5537250888875 27.5541251553639 27.5544603162898 27.5547328532237
31.9693413172952 32.6611127598733 33.5094544111532 34.4868450271921 35.5553892991566 36.6670564441976 37.7649970729892 38.7862863112838 39.6661685077844 40.3435207363392 40.7668961342648 40.9002510903904 40.727382113808 40.2542363809213 39.5085958960635 38.5370966826006 37.400024462152 36.1647148812919 34.8985935908651 33.6628820297107 32.5077869734756 31.4696503630147 30.5701496767616 29.8172956101546 29.2077369303517 28.7297803373831 28.3665584020593 28.0988971163574 27.9076000239397 27.775033837315 27.6860381703334 27.6282727574392 27.5921574950399 27.5705626147788 27.5583821423419 27.5520875949415 27.5493217825698 27.5485615427725 27.5488561738029 27.549635173528 27.5505728848577 27.5514964595425 27.5523250223806 27.5530304326832 27.5536126032378 27.554084471211
32.1250206781034 32.6712390070521 33.3736095832107 34.2024079395752 35.1191593634583 36.0772930019037 37.0235319312384 37.9003516907596 38.6496202959352 39.217225167619 39.5581755209623 39.6414314907685 39.4536278585894 39.0009675345221 38.3088444300861 37.4191548908121 36.3856772326021 35.2682403950723 34.1265879435669 33.0148381043188 31.9772592709092 31.0457799789804 30.2393114211776 29.5646568545626 29.0185726946004 28.5904560630801 28.2651565114383 28.0255153722882 27.8543835340892 27.7360177713817 27.6568779336408 27.6059273965172 27.5745756948051 27.5564031506654 27.5467850766444 27.5425004393533 27.5413767150576 27.5419952207267 27.5434619806812 27.545238010349 27.5470180698617 27.5486462782002 27.5500585025673 27.551243703952 27.5522185790662 27.5530115282778
32.2599282766137 32.6411195502982 33.1795417909939 33.8432719817717 34.5932781109096 35.3845231479578 36.1674454376654 36.890130089861 37.5013224510658 37.9541807351512 38.2103900834512 38.2440448608843 38.0446180691216 37.6184122054793 36.9881163171633 36.1904277905231 35.2720539526803 34.2847012802303 33.2798209314682 32.3038771970339 31.394752048241 30.5796422341865 29.8745130034244 29.2849116776016 28.8077644389585 28.4337029739277 28.1494884934098 27.9401929769455 27.7909255247456 27.6880210277385 27.6197136649192 27.5763861453899 27.5505159740737 27.536439470365 27.5300338858558 27.5283889319944 27.5295101085007 27.5320727443332 27.5352296787179 27.5384666700304 27.5414962504318 27.5441807867289 27.546477155235 27.5483974313893 27.5499816584597 27.5512798800184
32.3695812908337 32.5741643963215 32.9388169575897 33.4295010353737 34.0066304578743 34.626638750768 35.2435656509141 35.8109575704465 36.2842695827025 36.6237560251072 36.7976044779499 36.7848750100002 36.5777151469978 36.1823655418988 35.6186482192801 34.9178972968787 34.1195842228046 33.2671325942479 32.4035532115793 31.5675304727763 30.7904651639135 30.0947656895915 29.4934363826412 28.9907942522093 28.5839961483462 28.2649956275653 28.0225681306746 27.8441222723974 27.7171237724616 27.6300676358591 27.5730222042696 27.5378249025152 27.5180331814723 27.5087317012586 27.5062779381959 27.5080428752805 27.5121787960361 27.5174269036717 27.5229650646888 27.5282898333945 27.5331253229311 27.5373524616103 27.5409540481987 27.5439727252293 27.5464800530502 27.5485552664443
32.4467168159487 32.4718019820445 32.6613961967809 32.9795364013004 33.3861136469035 33.8388963937115 34.2952342410189 34.7137178115129 35.0560152677449 35.288956261955 35.3867425608731 35.3329940819678 35.1222454540165 34.7605244154431 34.2647700434364 33.6610543798327 32.9818013537267 32.262391648984 31.5376524596012 30.8387329142404 30.190765262296 29.6115403302112 29.1112292821834 28.6930086096107 28.3543258115731 28.0884947972852 27.8863286475197 27.7375845397859 27.6320861519886 27.5604784894218 27.5146411824465 27.4878302299944 27.4746347453745 27.4708303044477 27.4731925727069 27.4793124477193 27.4874334133114 27.4963167643603 27.5051317829479 27.5133648888344 27.5207423582165 27.5271633960897 27.5326425915068 27.5372621929221 27.5411349753558 27.5443779547154
32.4820635270583 32.3336142570546 32.3551430193767 32.5090767252127 32.7548881864837 33.0515429233402 33.3593235497165 33.6412878694205 33.8646086260827 34.0019391212092 34.0327948667648 33.9447923369799 33.7344917073601 33.4075823167386 32.9782315682031 32.4675670128598 31.9014349772567 31.307728817483 30.7136657677212 30.1433931259951 29.6162259672046 29.1456843233599 28.7393442485087 28.3993812088872 28.1235930810516 27.9066557579709 27.7413833567004 27.6198219924517 27.5340803416364 27.4768720237237 27.4418000014318 27.4234451026388 27.4173298867628 27.4198208831111 27.4280144120939 27.4396311718656 27.452927973973 27.4666242302281 27.4798363481368 27.492013672295 27.5028728111389 27.5123309582588 27.5204416091398 27.5273371696519 27.5331823895158 27.5381408699062
32.4656847692242 32.1580178613544 32.0259237105978 32.0306657721776 32.1315099788423 32.2885413048016 32.4646025654493 32.6265921758414 32.7463892526084 32.8016103848709 32.7762816057081 32.6613800303451 32.4551068113713 32.1627254874177 31.7958440985859 31.3711196057767 30.9084868156949 30.4291232115255 29.9534240216581 29.4992619414078 29.0807454546487 28.7075874604811 28.3850800445181 28.1145702443308 27.894266495718 27.7201849921572 27.5870659086789 27.4891385608849 27.4206751737456 27.3763291157387 27.3512940670838 27.3413408980778 27.3427903013326 27.3524668869096 27.3676616952971 27.3861116020926 27.4059905520625 27.4259010023044 27.4448539817782 27.4622307428946 27.4777253878675 27.4912736397234 27.5029764782029 27.5130281120961 27.5216560755411 27.5290780587923
32.3886593054675 31.9433155742671 31.678168959241 31.5538877836707 31.5298648244528 31.5673313352952 31.6313936305601 31.6922095606177 31.7255855168541 31.7132432164651 31.6429132889933 31.5083021680453 31.3088894534564 31.0494713640676 30.739380306322 30.3913704705403 30.0202407132678 29.6413398183074 29.2691409822294 28.9160690549998 28.5917172092637 28.3025135124505 28.0518136812728 27.8403255716164 27.6667291301764 27.5283485099664 27.4217569960854 27.3432393191606 27.2890858480935 27.2557362175942 27.2398175707438 27.2381317820056 27.2476389744418 27.2654671153595 27.2889565689741 27.3157305558882 27.3437716603849 27.3714821832238 27.3977110649511 27.4217394312378 27.4432271108165 27.4621307958467 27.4786090569587 27.4929297701222 27.5053924153715 27.5162726269936
32.2447948107262 31.6888746648707 31.3156896578451 31.0859768694345 30.9597059294534 30.8994047075836 30.8722674115729 30.8512427215777 30.8153860232256 30.7497540061113 30.6450515914921 30.4971477817521 30.306493370546 30.0774234734981 29.8173202435865 29.5356394574517 29.2428514676127 28.9493907872911 28.6647310239057 28.3966934935266 28.1510600863435 27.9315047268669 27.739799133857 27.5762032868358 27.4399297988471 27.3295774154342 27.2434576070518 27.1797797433115 27.1367026410309 27.1122928115609 27.1044459525452 27.1108267150086 27.1288658341059 27.1558298079762 27.1889539291665 27.2256110401914 27.263479770993 27.3006779445429 27.3358372010858 27.3681097692924 27.3971132954651 27.4228310691221 27.4454907572574 27.4654445908949 27.4830690658428 27.4986947344505
32.0320626567718 31.3961791953614 30.9425212531038 30.6326136766472 30.4275420518504 30.2913970326171 30.1934201468816 30.1090283414266 30.0199958682525 29.9140852683933 29.7843705863801 29.6284185338525 29.447417506586 29.2452911830906 29.0278112625944 28.8017288645011 28.5739637387926 28.3509091955926 28.1379156400188 27.9390006237364 27.7568004229367 27.5927361669019 27.4473286619452 27.3205715972181 27.2122696635677 27.122266848891 27.050525276858 26.9970567696397 26.9617469832741 26.9441364395609 26.9432290621059 26.9573869266868 26.9843444402651 27.0213436390857 27.0653630883428 27.1133928844195 27.1627013652714 27.2110454831777 27.2567932416891 27.2989479250161 27.337084382984 27.3712227781196 27.4016724299971 27.4288775444802 27.4532894947688 27.4752798433189
31.7535010177594 31.0695496451034 30.563605710186 30.1987058194713 29.9376356498297 29.7463994668223 29.5963654224568 29.4652426193403 29.3371547390757 29.2021012895576 29.0550649380404 28.8949609815922 28.7235589775599 28.5444548039868 28.3621412154319 28.181213819267 28.0057483895264 27.8388837285924 27.6826335132947 27.5379277346605 27.404852599162 27.2830249411631 27.1720129090622 27.0717069584527 26.9825577751052 26.9056289001992 26.8424547022374 26.7947389003368 26.7639645696463 26.7510051951289 26.7558239681683 26.7773264456523 26.813395942705 26.8611006623769 26.9170262385875 26.977664881174 27.0397867557798 27.1007302443802 27.1585709921288 27.2121583770353 27.2610350198957 27.3052744094132 27.3452805797405 27.3815920185734 27.4147220931873 27.4450541530836
31.4174429041495 30.716411137668 30.1851930561016 29.7890122422663 29.4929296496915 29.2652510739402 29.0796329898427 28.9160205097573 28.7606611932923 28.6054729576484 28.447024810261 28.2853409353006 28.1226840043851 27.9624270266495 27.80809020097 27.6625980272996 27.5277958209494 27.4042465347744 27.2913038757487 27.1874261251556 27.0906615004774 26.9992080327783 26.9119368751481 26.8287734325881 26.7508570113519 26.6804429313446 26.6205628319437 26.5745082647294 26.5452387299579 26.5348299891836 26.5440685309162 26.5722659537837 26.6173203864009 26.6760017623347 26.744395199479 26.8184109430574 26.8942648615511 26.968849484548 27.0399464014168 27.1062679169472 27.1673501352672 27.2233439470431 27.2747609964564 27.3222287306322 27.3662953849222 27.407307281264
31.037061652034 30.3470988661983 29.8149342082849 29.4085537303528 29.0958041299229 28.8476629215775 28.6402688197663 28.4558230807309 28.2825787190722 28.1141735278544 27.9485540295094 27.7867028315536 27.6313396558548 27.485727740654 27.35268592025 27.2338801457665 27.1294414560043 27.0379259569302 26.9565948498998 26.8819517767302 26.8104371726659 26.7391531465989 26.6664850760892 26.5925018475899 26.5190548983425 26.4495511089734 26.3884360513039 26.3404797983945 26.3099956794821 26.3001345834328 26.312380765045 26.3463331158033 26.3997978505238 26.4691575039208 26.5499304755074 26.6374057000032 26.7272335223648 26.8158752034143 26.9008525905962 26.9807857458532 27.0552486067033 27.1245023100582 27.1891781529423 27.249977609356 27.3074396024584 27.3618017199241
30.629358807603 29.9742913139087 29.4617211807559 29.0628301372282 28.7486464549162 28.4931189302127 28.2750420324423 28.0789195622847 27.8949529595783 27.7183811854866 27.5483992443183 27.3868605853223 27.2369393803437 27.1018998404002 26.9840926161172 26.8842699026986 26.8012769333174 26.7321356672374 26.6724879208264 26.6173152950055 26.5618103465194 26.5022466675275 26.4366922570396 26.3654341607747 26.2910308264901 26.2179744674068 26.1520170974409 26.0992768690119 26.0652828535576 26.0541273071776 26.067871890826 26.1063027249063 26.1670596259439 26.2460926343239 26.3383397388947 26.4384858865163 26.5416608585896 26.6439606307815 26.7427247829127 26.8365585807684 26.9251391300278 27.008880017675 27.0885428254765 27.1648773540374 27.2383506179953 27.3089955093426
