_RESULTS/CROSS_VALIDATION_POSTPROCESSED/MHZ/TZ/8comp/2/MHZ_TZ_z_355_kriged_reverse_8comp_spherical_2.asc
ncols 100
nrows 81
xllcorner 5.5967107548124995
yllcorner 50.982328804812504
cellsize 0.00017565037499993607
nodata_value 1.7014100000000001E+038
[rows 20 to 39 of 81, columns 44 to 87 of 100]
8.34903413106744 8.2707815350265 8.18119358009765 8.083090350265588 7.9795306729423405 7.873856967921656 7.769741183953789 7.671213177926435 7.582634421816019 7.508557452299663 7.453402304847684 7.420921722171096 7.413546779356636 7.4318548968893 7.474430388771338 7.538197327268927 7.609058144711131 7.65119696939606 7.663232871677728 7.647705793105171 7.608291837993712 7.549712231040129 7.478637400396155 7.424954785670238 7.402109658903582 7.413259037250507 7.461334266634366 7.548623138235479 7.679309885532169 7.869282493325892 8.120780642331212 8.431834915809665 8.797706992759718 9.210186403899728 9.656711685202303 10.119111251230773 10.571596442825982 10.977873924294311 11.29023171071392 11.46180512453331 11.475261594783488 11.349095594121689 11.114037906329695 10.836744688893308
8.306600108294813 8.216647065560984 8.114748629424808 8.003683108869419 7.886489189518701 7.766539706784567 7.647636400924022 7.5341131939640995 7.4309075673765355 7.343508456556849 7.2776282003537505 7.238450499072477 7.22951135057075 7.251672191860246 7.302835904750856 7.373864844651059 7.422595591220406 7.440007908818893 7.426901569177313 7.385623164994054 7.320069297195314 7.235488122732978 7.138212747096233 7.053122342145768 7.000286670705787 6.9846486748496766 7.009123983684862 7.076145156616994 7.187377153180529 7.355705538930865 7.588693472254975 7.884509754177664 8.238591801211854 8.64298472269079 9.084850841145983 9.543350865873679 9.992336481979589 10.399096896421181 10.727086830000458 10.944645681321546 11.036205873823697 11.00456598854844 10.861939026951694 10.631291667484621
8.26573090376694 8.165114011776826 8.051836517814099 7.928574466378728 7.798261274311863 7.664184665762974 7.530131006852876 7.400584363047767 7.280961051726253 7.177780332527976 7.098503993545558 7.050597393441996 7.039575102058965 7.066835857155242 7.128760922893969 7.1870406529796025 7.215206687613451 7.2112510079565 7.175243065008758 7.109467317570013 7.01819741971077 6.907456672225005 6.7874135563828375 6.675383527533285 6.596396557432012 6.554713775411751 6.554155910733672 6.59826010608343 6.6895285920249945 6.835114807440361 7.047849857390675 7.325927503321052 7.664083868069821 8.053482594137265 8.481227247382673 8.929928121363414 9.377552940122062 9.793436326188635 10.145325364363323 10.40789660063933 10.565623529016394 10.614105854844489 10.556658647832442 10.399701697869236
8.22874560807646 8.118810300849471 7.995450408383259 7.861186088630796 7.718759995762567 7.571240612205031 7.422196625962482 7.275982554641648 7.1381796268101985 7.016177282912725 6.9196036255246005 6.859618454853858 6.845604977337272 6.8801118760877165 6.944380991680481 6.987850635861248 7.00052968298827 6.978659102864586 6.921858536258381 6.832677027886999 6.719532144156119 6.591449424031024 6.454288087340548 6.31790371926708 6.209674177428377 6.138496097743651 6.109424619109703 6.127373449938647 6.1961601260406995 6.320134330113124 6.513255066694752 6.774929247937663 7.099050406934432 7.475874572783633 7.891942981090866 8.330137420891594 8.770093997636708 9.18939029367044 9.565230688995157 9.869662828736843 10.084608293614425 10.201790007275967 10.21915420032007 10.138461080979724
8.211065960478189 8.08018639439596 7.948407463641701 7.804838405213071 7.652096430470319 7.492885622603366 7.330141050087037 7.167588735982259 7.0103402592971005 6.865979895210707 6.746275229432975 6.668245069756069 6.649441372157339 6.694628752673111 6.754237110540625 6.790699543011873 6.792894317383383 6.755967076950278 6.680574856713737 6.57672078751686 6.4499374549005575 6.305335264722575 6.149437547792951 5.990023632211059 5.849362914383919 5.745253463409291 5.684234292442627 5.67301271910127 5.717205985809958 5.820715917776808 5.996369035037895 6.24484983163821 6.55880598122194 6.92725833326414 7.3360408856318005 7.7682530735109525 8.204891286584465 8.625940805304989 9.012072263961251 9.34669379209048 9.610816008012632 9.786762164580194 9.869066094720939 9.856113357896612
8.240415747558576 8.072443121890332 7.915984051670767 7.766736817986307 7.607615005282555 7.440129075371334 7.266601219665455 7.08987785518407 6.913833854304603 6.7445794287041245 6.593519111818012 6.48412518188701 6.4543152275589835 6.510079911894176 6.575247801213231 6.612315558799334 6.607294393114639 6.55810867867416 6.474424414746494 6.359959971432329 6.218822192093627 6.056634228134639 5.880402618630107 5.698482942623611 5.524267254313703 5.383575625438962 5.286823305757934 5.2431392750062615 5.260778018259879 5.344914271196782 5.506640806952231 5.746899864534757 6.056232359768582 6.421719767679401 6.828093391256947 7.258459271486091 7.694893508509633 8.119240956910549 8.514256992003508 8.86493557016782 9.159631216186154 9.38480377799982 9.52259395480436 9.568620868866311
8.31753150110481 8.116016986347338 7.925794719142345 7.753266600900776 7.590654769548105 7.418517971003177 7.238300523932264 7.051976127983775 6.861891619448825 6.671290840095131 6.486254918582842 6.32573979026371 6.2694666872344955 6.352731380830321 6.434588800336642 6.472328321710327 6.4601913906211434 6.40676847802614 6.3153829225697065 6.189268428922029 6.032989663823353 5.852371835783293 5.65454623672746 5.4480962095963275 5.243296355882362 5.061973062733054 4.924846717919023 4.844370070873555 4.832949003485177 4.898817650609721 5.051701471160302 5.2906743478752585 5.60251104364341 5.971233724400395 6.380022161889852 6.811902480525022 7.249973906277864 7.677747088834347 8.079779306541228 8.442496973395217 8.754940986208736 9.009174742870785 9.193081677833137 9.289333402614432
8.439870941053908 8.206474194865427 7.984904881656771 7.7815786743039945 7.60223323820423 7.429806113513511 7.248264746907171 7.059217701195529 6.864338402481271 6.66537870549951 6.464193450509185 6.2629104369817545 6.145817852603783 6.287444904588965 6.3705588558636785 6.394818029331904 6.373023600684882 6.310871291270019 6.209232359790698 6.070259777782782 5.898389786068791 5.6991543875190125 5.479306945357174 5.247082822350642 5.012671573937523 4.790028644736451 4.606525948839814 4.482716334547141 4.437971768815964 4.486733010203881 4.638140802556439 4.885438047280683 5.208522857891713 5.5869573981743885 6.002324598595189 6.438606463411609 6.879963823313508 7.311085946343196 7.717853181621121 8.087907261684412 8.411238313297646 8.6805619784224 8.891368573420829 9.029231409261214
8.600399860145387 8.336952730493028 8.086675287577638 7.856032798942531 7.650771122333087 7.47349293046669 7.296408331545779 7.112366172904997 6.923825964626958 6.73440771459385 6.55124517015718 6.3956133907247095 6.334931093356892 6.36873243459086 6.400356753209755 6.396350257058512 6.355449150441269 6.276108792677894 6.159551152946344 6.007038801010771 5.820017960639342 5.603175075234652 5.362362072730656 5.104799384212556 4.839640516151613 4.579125104123332 4.343060044872135 4.165449129108617 4.078815794917999 4.111675652281342 4.273413987241897 4.542699117264668 4.888659021942806 5.28623206597832 5.715727362795641 6.160972242667668 6.607433150791262 7.0415296490806965 7.450694127744743 7.823792672766913 8.151616858883967 8.427242199126368 8.646144374435922 8.80496273615893
8.790845106450705 8.499378242733629 8.22321948777379 7.9688696758463715 7.742079421862573 7.548148779916682 7.379124450714183 7.206585128172606 7.032946945850314 6.8645114793406234 6.712921191981021 6.600828054058344 6.552624255606587 6.53114679231693 6.508319903115403 6.470369051717255 6.404224129375313 6.304461487509975 6.170029304642158 6.002105934595974 5.801757319991043 5.570032036445811 5.311480496419657 5.031783677553767 4.738099438666691 4.440144401681811 4.1529448435155505 3.906316848766739 3.7586094036501425 3.7766916358358578 3.972965582362565 4.288195921911092 4.670620825249289 5.092370619956306 5.5363086392533996 5.989038335758879 6.438355035440196 6.872571230220936 7.280636620408789 7.652576487785212 7.9799817268991715 8.256382468090768 8.477415396839667 8.640767915563934
9.001742668381965 8.684572748876757 8.385534756789358 8.111118723190826 7.867034098171691 7.658628265348706 7.490004334337275 7.332995357818779 7.17824998178557 7.033175139226766 6.909154109872893 6.822284328161284 6.7760586585579246 6.724905208164429 6.669019516864793 6.601557248873885 6.511152263793124 6.391653475892865 6.240717838828745 6.058376678871875 5.8461000126838005 5.604231987904769 5.333801325466709 5.0388807130140325 4.72431582704739 4.396129886976874 4.062930604320165 3.74144046901045 3.4887331847204592 3.496560134929474 3.780168893634231 4.159087522078524 4.577802833365284 5.018995980647599 5.472006701798823 5.927188106260344 6.374729567264864 6.804633201421209 7.2071150252455665 7.573155987509854 7.8950355495564315 8.166731760787934 8.384122805582278 8.54497875894759
9.222740170065077 8.882490424921848 8.563780162970996 8.272941357907102 8.015522778131544 7.796786159465998 7.622221519394588 7.481359141375857 7.3459970240535934 7.222165472307404 7.119127828393614 7.047613587255111 7.002206669628659 6.93742754360432 6.86370052126653 6.775899360041201 6.666847728093724 6.5316828340590005 6.368051909255877 6.175553376977433 5.955109590875064 5.7083427614770414 5.434428947457615 5.134971418436875 4.813370409620732 4.473380651450642 4.119257348419509 3.7574802177311892 3.397978809462262 3.3970633337624228 3.7883054628071564 4.202822078420154 4.63516966107492 5.079873032368369 5.530505501350555 5.979528611625373 6.418443257471093 6.838192817407666 7.229727945989607 7.584622321347284 7.8956287596608705 8.157086453479607 8.36512884786605 8.517687291936376
9.413623994711068 9.054864550357966 8.724571415985709 8.42770491486805 8.168038518248013 7.948743786012821 7.772956673867864 7.6419943816932125 7.524800378382654 7.419132545254262 7.332081979314607 7.270923718576229 7.227970470889589 7.161946086814493 7.081083641116435 6.982468877965204 6.862309330485814 6.717636389881407 6.546923647875482 6.350041982217017 6.127955206970858 5.882379727467814 5.614641854008946 5.3237808876630535 5.012936371332862 4.686815887581853 4.3550356133516654 4.040058735050573 3.8003389383941975 3.8100765704745534 4.083341999522077 4.452294850762565 4.858796549495582 5.28373152102545 5.716636108060094 6.148590987275368 6.570592323561801 6.97342567547998 7.348057142499774 7.6861829611276065 7.980748770286736 8.226324711801384 8.419281405151123 8.557765218757945
9.535653839587772 9.16384235720212 8.827822617123458 8.531595813305112 8.278076764494388 8.069658364848742 7.908762312625258 7.797740414048763 7.705126170985046 7.615547048321636 7.541208116659013 7.487826277980049 7.450323489556005 7.392018728715513 7.312779913734589 7.212169130362526 7.088876471355864 6.941794571623869 6.7706127094179225 6.575984616634245 6.359453565266709 6.123296157543976 5.870393354658709 5.601355604366268 5.318565467402718 5.030828287737588 4.757754934044895 4.523854036443795 4.37974016429163 4.399704624576936 4.591073457550304 4.890606485763576 5.245830572138975 5.6302554678066485 6.030444567269333 6.434303399289176 6.830910637914302 7.209881370405176 7.56148316585575 7.87705779236986 8.149463020622129 8.373377614756942 8.54540239166826 8.663961471501398
9.581724311616826 9.203246619829848 8.867672816669705 8.577907936429506 8.335870028190218 8.143047123329017 8.001023421627982 7.91194466891955 7.854503036063109 7.7976377801295875 7.741439569995744 7.69455793446934 7.665551863194038 7.621140160650157 7.55103914995274 7.456381413709802 7.337658896623466 7.195393317398074 7.030595861719285 6.844991113950624 6.641079343335832 6.422137357221199 6.192253423624362 5.9554982395525276 5.714461591656518 5.4864490447507395 5.286139295927906 5.131613042728929 5.051956443470189 5.082702644528787 5.227532551249036 5.463995457239186 5.76356649589173 6.102941717302704 6.464368452288009 6.8332749369201276 7.197506188405785 7.546298884484805 7.8690575986366955 8.156382194956988 8.40083374360343 8.597145965430348 8.742042629600993 8.832769204968411
9.546905288227062 9.169014872006612 8.840561844258863 8.563281984797781 8.33803760925246 8.16537386873604 8.04602988971338 7.981359892835914 7.957091934256219 7.934885101410638 7.912004370742137 7.88679925520784 7.867367693272792 7.842312085299022 7.787873784873021 7.706196478950083 7.599084644194273 7.468413764741806 7.316456134303372 7.146094844262282 6.960956435000481 6.76552177650835 6.565281725964571 6.366881328202513 6.1804404400147845 6.021747445090818 5.899959671690378 5.821790162608501 5.799257412549786 5.836004012280176 5.938098632832153 6.112456807796026 6.352277168133115 6.641997076202507 6.964294817077459 7.302432543452218 7.640486153451553 7.9633176999647 8.256817097754727 8.5105684702003 8.719410660927068 8.877872525063811 8.982550978801314 9.031777111116511
9.42885411410837 9.05955730293256 8.745314428421151 8.486712038011774 8.28356004069829 8.135488815916524 8.042486530614958 8.005279303839922 8.01326785277292 8.025204181045513 8.035470030862832 8.041260940296546 8.047703978230421 8.04807115062007 8.014845455107853 7.952156794546328 7.8627570844742225 7.749596448693395 7.6160406204714635 7.466049252048832 7.304330704321559 7.1365090762341366 6.9693454665895755 6.8127019416853685 6.685095428838683 6.589872064586559 6.538703822213115 6.542212920115616 6.591441537238131 6.628011316754343 6.672135694693611 6.780698058342437 6.961870101854202 7.202701568811307 7.485335368278603 7.791251149143047 8.102227903475798 8.400760407870456 8.670666903591982 8.897859559592636 9.070959822547895 9.184617636763877 9.242320392517136 9.243814397967313
9.23070327013657 8.875917387687899 8.583205507564688 8.349575364116388 8.173794353171273 8.054603037837351 7.9913997716603085 7.984607737129977 8.025080061008136 8.070792845817447 8.114081559162372 8.151067855378322 8.187456190421331 8.229002097584216 8.223179409805292 8.184341114385662 8.117605460119268 8.02671986508426 7.915903195628853 7.789976616675124 7.6545013214786115 7.515943296272903 7.381684386444307 7.261634771094609 7.17457508274064 7.127307090603911 7.134246894938082 7.221450566301534 7.392989843692738 7.402866466644744 7.360572848114823 7.411394008525947 7.546201813090258 7.747908576632094 7.997589383722331 8.275570195320496 8.561832850439915 8.836644083283012 9.081701737930624 9.281519844250106 9.424397409475581 9.502493148562081 9.511371773303326 9.45912152691262
8.967088646528278 8.622350838206195 8.357762801899296 8.155422306864619 8.012310502842645 7.926159701951755 7.895891410138368 7.922243669100176 7.99604075635316 8.075354518418038 8.151476367369632 8.219524103908359 8.284446795699878 8.361452474040185 8.403727890728538 8.392637663075503 8.352234395323705 8.287080428630023 8.20196407860048 8.102267065462486 7.994052260756536 7.882570878139031 7.7659156498307995 7.669157514704975 7.60867415639953 7.589201588313971 7.629565406760923 7.74305201725608 7.905204324040636 7.938432555125708 7.908599667522065 7.947224555679165 8.062170504428696 8.24233861980264 8.471575438745852 8.73088585637084 8.999211383259103 9.254574617385192 9.476206905343169 9.647188057966844 9.756145914405566 9.79698418552131 9.767201377523515 9.666148908533245
8.641842125567202 8.312753864146426 8.074290575534784 7.909476084084745 7.804499027859733 7.755660499486451 7.761023085969304 7.8228487544019485 7.9311487635368385 8.04406070984566 8.152481425796877 8.250885265935516 8.342273098041497 8.443177189287264 8.536257514499436 8.567071965221665 8.55535174206859 8.51821606718397 8.461094130952898 8.38916080787584 8.305706319638674 8.203996280384287 8.096660300182387 8.012533130700799 7.962631389887903 7.956433827960277 8.00191835199039 8.09309060333888 8.196360154602116 8.25813769266502 8.293560510335952 8.359351656200978 8.480459106869738 8.657816425203329 8.88127810861429 9.134197760657797 9.394971403651907 9.638697412352919 9.840836844838247 9.982513363705294 10.053840616890405 10.052502890954512 9.979771947276257 9.837525893782068
