_RESULTS/CROSS_VALIDATION_POSTPROCESSED/MHZ/TZ/8comp/2/MHZ_TZ_z_125_kriged_reverse_8comp_spherical_2.asc
ncols 100
nrows 81
xllcorner 5.5967107548124995
yllcorner 50.982328804812504
cellsize 0.00017565037499993607
nodata_value 1.7014100000000001E+038
[rows 19 to 37 of 81, columns 43 to 85 of 100]
20.160900125196008 20.247627620817173 20.35708570010622 20.485138226702198 20.627301793529202 20.778682255534576 20.9339179623428 21.08714786652425 21.232036581026556 21.36190527467034 21.47002799208535 21.55013775434193 21.5971214728442 21.607767317648115 21.581323830875817 21.51964114466717 21.42683045883795 21.308591839958723 21.18187520275101 21.075404915247894 20.989734075265513 20.923617724900005 20.875444531575617 20.84221397905305 20.81048255486057 20.77636051537346 20.739071907398664 20.69809327568281 20.653345625247812 20.585500808354787 20.47537621051555 20.321281032048372 20.122726943708606 19.880644611464962 19.59770184106871 19.278871682816142 18.932604383383513 18.57355827139739 18.22954134465015 17.95699580228599 17.84314586834781 17.917690790657048 18.11825811229631
20.209861091621086 20.316691808893907 20.447237667946432 20.59741037426047 20.76273135211897 20.93823513125311 21.11836223465693 21.296856093648987 21.466699178910904 21.62015774074441 21.749046035526302 21.845337308498227 21.90217214979016 21.91509022276921 21.883030487451983 21.808593264751387 21.697414619251504 21.566357834486315 21.452050111920126 21.35770114008573 21.282817241076344 21.226119230703045 21.185805489977046 21.159339179576342 21.13431597777997 21.105235357405146 21.07102734201309 21.03089796162385 20.984577517281195 20.926652142856486 20.82724291646499 20.68094180292056 20.487753404247645 20.24940026816745 19.96974929529308 19.655554521099223 19.3178340829797 18.974398942470945 18.65385697088175 18.398352513941063 18.253121049899903 18.237226955466625 18.334027750148266
20.261808796151826 20.387410359401088 20.537889807134892 20.709281966425976 20.89721325691854 21.0967747321368 21.30236065175883 21.50747421226516 21.704524236528965 21.884688631008483 22.038015513293473 22.154045707080254 22.223230673206867 22.23903571908309 22.19986682719442 22.109603223366996 21.980978154562365 21.85908156117941 21.755135626445885 21.670336556317533 21.60443164200668 21.55605984618497 21.523149704542455 21.50325682342902 21.486187293734655 21.46393668063319 21.43529048891182 21.39896084738165 21.3542033157873 21.300782485047428 21.213541038766813 21.076429413379163 20.890155072471938 20.65747793122852 20.38355641713956 20.07646616689943 19.748189196129566 19.416554737828907 19.10630783969146 18.847820618314525 18.66984071062125 18.588220394239986 18.601814104011314
20.313075552424483 20.455683514155627 20.624444691251647 20.81559090883912 21.024962125147482 21.247861305162502 21.478849320786512 21.71145785616429 21.937807340503497 22.148166457290856 22.330639125755653 22.471477381438955 22.556852935868914 22.576524357368566 22.52789151560162 22.41746787614743 22.2892811835638 22.17402887428886 22.076327833614368 21.9981880560846 21.939460423789367 21.8985180207726 21.872875452137535 21.860170019067944 21.85363865170549 21.842037365243094 21.82283573880236 21.794009920228792 21.754181361853732 21.70306062692731 21.627621901756903 21.499596114365353 21.319533191099218 21.091215832461994 20.821008934763004 20.518172905846516 20.195339205207567 19.86900046957504 19.559329255848073 19.28922699242281 19.080055717047387 18.94626784201381 18.893104792886245
20.355813525479316 20.51760570097807 20.702431424574694 20.911189971597423 21.140030806697006 21.38462534037825 21.639949384048084 21.899939506518077 22.15694904158037 22.40092256297192 22.618317304056593 22.79131665053158 22.89917467903987 22.92441605869747 22.86229146498603 22.73737241534135 22.609768835063246 22.49462573035647 22.398772603460873 22.324670417281006 22.271819749104193 22.238527920294864 22.22248892155482 22.220302200275736 22.2269109667996 22.229771434250786 22.223945806567542 22.206451959255048 22.174993982108212 22.128563742384365 22.061563863871356 21.941527292722284 21.765714748904784 21.53897811025917 21.268838252964887 20.96545279061826 20.641643762927334 20.312843817923117 19.996603742111162 19.71119754233783 19.473327859811846 19.296448347951447 19.18872151067793
20.35229784177717 20.556163688925093 20.76766299673459 20.991177532365796 21.236572664991506 21.499197935309983 21.774862904096565 22.059348859959353 22.34649686587015 22.627112159238624 22.88698014539621 23.103745152928855 23.24530339515806 23.279476669124406 23.19691253343365 23.060854230939 22.922830727338845 22.801034371510873 22.703544702426264 22.632140501002603 22.586247082122192 22.56347471437032 22.56019742778307 22.57210554065473 22.594410223218013 22.61627456098739 22.62848962764254 22.62682138014582 22.607659838211543 22.56886013140699 22.508145559778722 22.394089118286075 22.219373645312476 21.990161499529542 21.715318560046015 21.405974425755108 21.07519604577213 20.737668246376227 20.40914754657712 20.105483271306117 19.841239692064093 19.628227132197598 19.475450740524924
20.29631508733252 20.541890108063118 20.79191289060878 21.03836855642065 21.287047477380376 21.555812096321386 21.843172427416484 22.146056480271483 22.459870441201033 22.777565263305217 23.087435930703972 23.367514777525106 23.573096978434663 23.63251395762125 23.526649775105263 23.362144282305085 23.20232804272251 23.069826538290606 22.97033768107899 22.904067070057213 22.868515175128696 22.859786747651977 22.87323731121012 22.903676660783837 22.9454233726664 22.99076091020835 23.026567070802987 23.046153018269525 23.044031673077264 23.016248245688324 22.96107378959634 22.8501329146687 22.672231725188627 22.43542383892632 22.150407892175096 21.829586678496444 21.48648984303265 21.135396128504453 20.790909874990856 20.46733377904354 20.177854773480313 19.933744395118286 19.743758608569497
20.184621581340817 20.454110513418087 20.728119881066362 21.000553182048556 21.26686160591166 21.53626689980839 21.828928888498822 22.143183183855005 22.476020730693985 22.823080932241886 23.177719935631195 23.527487030793488 23.83552842779756 23.951487517275318 23.791463794787006 23.588374372526637 23.4135906426854 23.275539906182377 23.180101874912783 23.12459237251966 23.104392048837198 23.11444302484782 23.149348618210205 23.20330907841362 23.269979909944617 23.342298114489516 23.408204418470717 23.455722414631023 23.47669518752349 23.46418887039759 23.414928295358425 23.303223771852984 23.116514954405503 22.865912366133067 22.56477253881462 22.22716348969532 21.86724502339664 21.499069565483065 21.13641192495065 20.792459999536398 20.47937181628408 20.20781536444045 19.98664369323839
19.993557758594594 20.279860801664967 20.574789150033826 20.869073829416607 21.15838199221248 21.438642863370653 21.728435731615217 22.044346190501688 22.38405963550268 22.744335087074695 23.12102570738884 23.50915303389703 23.90277049673509 24.140787754068207 23.8670856231185 23.65565575316694 23.499960000306828 23.39015092283496 23.316700973608867 23.28027993922128 23.28182222525387 23.315980422620726 23.377227283887006 23.459656597785 23.55671815491981 23.66086623854886 23.762651361271267 23.84632586579926 23.898536183661754 23.90722807688866 23.8649997528912 23.747042595018346 23.54395705318423 23.272136647141288 22.9486944510647 22.589591111980898 22.2097135500685 21.82261630161923 21.44111154464516 21.077372058895907 20.74269398581856 20.447201206935404 20.19960729932816
19.725896574725603 20.025527797314975 20.33779763608586 20.649330079964532 20.955875040751113 21.25347906520872 21.54083343685854 21.847405950957697 22.179817235199096 22.533221455460435 22.899615831301606 23.263537387369237 23.5822283858533 23.72257025986537 23.649477902075024 23.530457776344495 23.437355457981592 23.381123471969804 23.358541818806533 23.3623243429518 23.392111461501088 23.455236126186477 23.546976091667986 23.66191411833162 23.79387900121435 23.93552202659352 24.077586842348467 24.20662703909585 24.301504964421046 24.34071924431496 24.306963434597172 24.174037286456215 23.943956215178375 23.643314322077224 23.29360078506418 22.911340585100145 22.510613965257765 22.104216803895188 21.704170815010084 21.321827729717906 20.967758692099387 20.65156290732415 20.38169330770249
19.389886333495575 19.699613669030555 20.02493359769556 20.348462731155948 20.666028378645134 20.973723257461227 21.26735747571743 21.55588462651432 21.868590065125932 22.199378078561484 22.534765652567703 22.850089857051678 23.099184193604906 23.22576375084316 23.258943621622 23.24860023867346 23.239905068905127 23.252764234963085 23.291326148775124 23.352614373656085 23.43027859359986 23.52586669670864 23.650532406137366 23.800118156705253 23.969344926226743 24.151802570734233 24.33924296822408 24.519882607453393 24.672932523557332 24.759895428290623 24.735987393859986 24.573256554457718 24.304993026957877 23.969934288313482 23.591175440189186 23.184517384241357 22.76290269552595 22.33806611456887 21.9210810259236 21.52246269468341 21.152081631500273 20.81900918442885 20.531370737737035
18.99697249713201 19.313700197855635 19.646779445111864 19.976273296463923 20.29812429367704 20.6085929762749 20.903415044140477 21.17838503009432 21.463210012417655 21.764020898846972 22.064794946938303 22.340645112931647 22.55704863078567 22.693031265950026 22.790062113129014 22.864457689479735 22.93686330834497 23.02180496305281 23.125089888572063 23.246407278422254 23.381710420127874 23.52457190974237 23.68210985451508 23.86574339696023 24.071276116934268 24.293570928950164 24.526272129774245 24.76098225121573 24.983822246698807 25.155097872429238 25.146498943129163 24.92198961684345 24.60213959797562 24.23045067767268 23.824261919098173 23.395949782430286 22.956552565413098 22.51656990630743 22.086140827905044 21.675015788535898 21.292437833802357 20.946991879064377 20.646467068397705
18.562208042143837 18.882401826297066 19.21709900860398 19.545636536392575 19.864417287316655 20.17023695992401 20.45917259384244 20.725509498396598 20.979744925212167 21.24994221838153 21.521459568527217 21.772619406634515 21.978108731673355 22.130823310667243 22.274693380728177 22.41422009838927 22.556329337264962 22.708275567173388 22.8739739156252 23.053631594343493 23.244476511446816 23.441477145707417 23.63870309081242 23.85270751014035 24.08975475111002 24.34547829667767 24.6145062308826 24.890456332989128 25.1673268580965 25.441304534950643 25.45096421042415 25.14625498962201 24.791493324370297 24.397224371523414 23.973935122539327 23.531982113901623 23.081462109758206 22.632202605597175 22.193755812514706 21.77534158835231 21.38573826999742 21.033148245196227 20.725072784722997
18.141585049943213 18.46477217939486 18.793033562871027 19.106922906908945 19.405105251154282 19.687541615167955 19.954245340239286 20.203973896897406 20.43425018438535 20.676788740480013 20.926924596920877 21.165999978193145 21.373857196492672 21.546662172966386 21.728808410027707 21.920425745665465 22.120818542295513 22.331543011576965 22.553697460573304 22.786723246232953 23.028157092464063 23.273730828504053 23.517503699943102 23.758613133143193 24.019171266255697 24.29762439442126 24.587309989629098 24.87930835952197 25.159227192216083 25.378469613569077 25.39259781117203 25.168916126002856 24.83653142196566 24.447693569367445 24.02448544405938 23.58112734089542 23.129090407250434 22.678605804115154 22.239221452036507 21.819985987820107 21.4294519818057 21.075597458548906 20.765730162699906
17.797836151251474 18.11905149131433 18.432745348098837 18.72253625021327 18.988921274219756 19.233905728546823 19.459775740068196 19.667526728884987 19.855918715150096 20.06185501939069 20.297620137555345 20.53491015917661 20.75460320736156 20.95027732558428 21.165522605780797 21.40017488437432 21.64901848506572 21.90960899561617 22.180453138082154 22.459755164857825 22.744743360203845 23.031354322442365 23.314063483501606 23.58574582344952 23.86016443201621 24.149386192738927 24.444994676933327 24.735562458151506 24.994736315400296 25.17413881033013 25.189731748847315 25.02534038680248 24.73659843509568 24.374023079585825 23.96788349574092 23.536574526271327 23.094036736657635 22.651652085661787 22.219468067027332 21.80671813626552 21.421985160613247 21.07320232352082 20.76760042038005
17.54809958836431 17.86106972701865 18.15091498331177 18.406500011011456 18.630445845670955 18.82756558962212 19.00354500925289 19.162938950654276 19.30679009924532 19.46130730001473 19.65978834093541 19.89202070257675 20.13144472025255 20.353755415588278 20.598456645995153 20.869237683760705 21.158033638828314 21.459697331615345 21.7707018628613 22.08800816279319 22.408248908741946 22.727186407391528 23.039330440460777 23.337589754774722 23.62003332349263 23.909539142255518 24.202211638175523 24.48226635818681 24.723054096967434 24.88141289887926 24.896718313636075 24.764551844312717 24.515126107752355 24.186012048446756 23.806754549927394 23.39809603020477 22.975102056737466 22.550144231804605 22.13356795489269 21.73489042788534 21.362930716689764 21.02573433540431 20.730561833436635
17.410025925295834 17.706598874710387 17.962665216560946 18.173043328490344 18.34267703756097 18.47988374257498 18.595103619735443 18.69827282352274 18.79499934305421 18.90444742388551 19.06880914242021 19.278076190817718 19.518702535412523 19.771529428405902 20.04273964697302 20.343745683596396 20.664745369417616 20.998894720024154 21.341246754223135 21.687736245829214 22.03434715496847 22.376476835954964 22.70844106227254 23.02303307731664 23.311796936472533 23.594421395903105 23.876450473716513 24.14119962327954 24.3642861246904 24.497800187666588 24.507323978085463 24.39380559962562 24.17771410575171 23.885953586362678 23.54279816385787 23.167533721397675 22.7752358983809 22.378134661351442 21.986676088915218 21.61015370440142 21.257896671688215 20.93951487988512 20.66260184173364
17.39693979245065 17.67136176477786 17.883395315247423 18.037034032312263 18.139297145838377 18.20239328087068 18.243100099409208 18.279591363459414 18.32480436054624 18.395456792276473 18.5350302533333 18.73071024081058 18.96465543114561 19.223281713017453 19.515284181845068 19.840755904014625 20.18637168102407 20.544452771697827 20.90922757228436 21.275915235422612 21.63994252731132 21.99630565806288 22.33904887946198 22.660810897705787 22.952674647104924 23.222038990412564 23.482842838055692 23.72192275508456 23.914478251199554 24.018185091367243 24.021334254976047 23.925616203520413 23.742689538106333 23.49081353619375 23.18892563208471 22.853852895975855 22.499871447578375 22.13917751246261 21.78248370703793 21.43943362687932 21.1187861845915 20.828438343144143 20.576436331553076
17.507587131202555 17.76727086291065 17.928763065602578 18.01452615013147 18.03582695895117 18.00826903855006 17.956348289704557 17.91119677902525 17.899125825837345 17.938596655126297 18.066292450393885 18.259648967173884 18.49395556358771 18.753187004075194 19.03739029715708 19.378198713027604 19.740456610953657 20.113713613074783 20.491910134139122 20.86987259029023 21.242633165848893 21.6048562381378 21.950357073598845 22.271585353017294 22.556709302903144 22.804166770151387 23.037864584061527 23.24750650741682 23.395511169120354 23.46018066364474 23.460904205039444 23.389917236740647 23.241166544562013 23.029356496950673 22.770164049254277 22.478246252361387 22.166740666444102 21.84739797649808 21.53088469599686 21.226986937015283 20.944638631247557 20.69184241916019 20.47559524382638
