_RESULTS/CROSS_VALIDATION_POSTPROCESSED_CLR/Berg/TZ/4comp/1/Berg_TZ_z_1000_kriged_reverse_4comp_spherical_1.asc
ncols 100
nrows 90
xllcorner 5.6208707817415728
yllcorner 50.959635321741573
cellsize 0.00013419651685393446
nodata_value 1.7014100000000001E+038
[rows 0 to 18 of 90, columns 0 to 41 of 100]
-2.2930809813659057 -2.2930809813659057 -2.2930809813659057 -2.2930809813659057 -2.2930809813659057 -2.2930809813659057 -2.2930809813659057 -2.2930809813659057 -2.2930809813659057 -2.2930809813659057 -2.2930809813659057 -2.2930809813659057 -2.2930809813659057 -2.2930809813659057 -2.2930809813659057 -2.2930809813659057 -2.2930809813659057 -2.2930809813659057 -2.2930809813659057 -2.2930809813659057 -2.2930809813659057 -2.2930809813659057 -2.2930809813659057 -2.2930809813659057 -2.2930809813659057 -2.2930809813659057 -2.2930809813659057 -2.2939501903814703 -2.2998427862604673 -2.3056948703758966 -2.3088017667823273 -2.3120598435692585 -2.318007305626492 -2.3281604830108176 -2.3359415635212377 -2.3422390429172415 -2.350540478541022 -2.3634069564465214 -2.382358303747998 -2.407767007852789 -2.438769789391894 -2.473219668684046
-2.2930809813659057 -2.2930809813659057 -2.2930809813659057 -2.2930809813659057 -2.2930809813659057 -2.2930809813659057 -2.2930809813659057 -2.2930809813659057 -2.2930809813659057 -2.2930809813659057 -2.2930809813659057 -2.2930809813659057 -2.2930809813659057 -2.2930809813659057 -2.2930809813659057 -2.2930809813659057 -2.2930809813659057 -2.2930809813659057 -2.2930809813659057 -2.2930809813659057 -2.2930809813659057 -2.2930809813659057 -2.2930809813659057 -2.2930809813659057 -2.2930809813659057 -2.2930809813659057 -2.2930809813659057 -2.2893025323504057 -2.2779306992984223 -2.262584199108347 -2.246779055700734 -2.2337642639722586 -2.2211205368346385 -2.202271827777749 -2.182369860251121 -2.1662165559296485 -2.157762560030605 -2.159965769367791 -2.1746514574581592 -2.2023724251743877 -2.242268101982612 -2.2919346221017776
-2.2930809813659057 -2.2930809813659057 -2.2930809813659057 -2.2930809813659057 -2.2930809813659057 -2.2930809813659057 -2.2930809813659057 -2.2930809813659057 -2.2930809813659057 -2.2930809813659057 -2.2930809813659057 -2.2930809813659057 -2.2930809813659057 -2.2930809813659057 -2.2930809813659057 -2.2930809813659057 -2.2930809813659057 -2.2930809813659057 -2.2930809813659057 -2.2930809813659057 -2.2930809813659057 -2.2930809813659057 -2.2930809813659057 -2.2930809813659057 -2.2930809813659057 -2.292036388310362 -2.275609872273536 -2.246029829891053 -2.210271325103893 -2.17238702400425 -2.1362626425223077 -2.094614266392024 -2.0438898565533794 -1.990778222861775 -1.941401309853582 -1.9011524369701693 -1.8745316786235362 -1.8649833730379044 -1.874735982327404 -1.904636472666678 -1.9539608132861717 -2.0201760742911015
-2.2930809813659057 -2.2930809813659057 -2.2930809813659057 -2.2930809813659057 -2.2930809813659057 -2.2930809813659057 -2.2930809813659057 -2.2930809813659057 -2.2930809813659057 -2.2930809813659057 -2.2930809813659057 -2.2930809813659057 -2.2930809813659057 -2.2930809813659057 -2.2930809813659057 -2.2930809813659057 -2.2930809813659057 -2.2930809813659057 -2.2930809813659057 -2.2930809813659057 -2.2930809813659057 -2.2930809813659057 -2.2930809813659057 -2.2930809813659057 -2.289577609560885 -2.2643894269778073 -2.2190330036657135 -2.1623877870194255 -2.1008900294895914 -2.0388826990604767 -1.9666929583982684 -1.8811063747780783 -1.7898781013681153 -1.7003851883510863 -1.6194491517792522 -1.5531460972466096 -1.5066154341353795 -1.4838765344796554 -1.487656259625737 -1.5192176952150362 -1.578157906196123 -1.6621001085169573
-2.2930809813659057 -2.2930809813659057 -2.2930809813659057 -2.2930809813659057 -2.2930809813659057 -2.2930809813659057 -2.2930809813659057 -2.2930809813659057 -2.2930809813659057 -2.2930809813659057 -2.2930809813659057 -2.2930809813659057 -2.2930809813659057 -2.2930809813659057 -2.2930809813659057 -2.2930809813659057 -2.2930809813659057 -2.2930809813659057 -2.2930809813659057 -2.2930809813659057 -2.2930809813659057 -2.2930809813659057 -2.2930809813659057 -2.2885714657988316 -2.257997038569012 -2.2026277203254745 -2.1277214710114265 -2.0427788270097835 -1.954086392835471 -1.8528433962695212 -1.7320943283909354 -1.6004642330426928 -1.46643482663578 -1.3381631510441534 -1.2232712353019122 -1.1286183490422457 -1.0600739241634103 -1.022308678763308 -1.0186142858714295 -1.0507478836265345 -1.118774351672391 -1.2209336493353695
-2.2930809813659057 -2.2930809813659057 -2.2930809813659057 -2.2930809813659057 -2.2930809813659057 -2.2930809813659057 -2.2930809813659057 -2.2930809813659057 -2.2930809813659057 -2.2930809813659057 -2.2930809813659057 -2.2930809813659057 -2.2930809813659057 -2.2930809813659057 -2.2930809813659057 -2.2930809813659057 -2.2930809813659057 -2.2930809813659057 -2.2930809813659057 -2.2930809813659057 -2.2930809813659057 -2.2930809813659057 -2.2899319748921316 -2.2585819469089268 -2.197483435371424 -2.1115681843949474 -2.0064180020130946 -1.8919217668201846 -1.7651239830644458 -1.611929168569097 -1.4406929159170438 -1.2607470023706036 -1.0813835437869939 -0.9116471551949981 -0.7600803476718996 -0.6344415350403181 -0.5414245807243532 -0.493989651178687 -0.5047277885794292 -0.5667563838656338 -0.6726191181157617 -0.8148416900298594
-2.2930809813659057 -2.2930809813659057 -2.2930809813659057 -2.2930809813659057 -2.2930809813659057 -2.2930809813659057 -2.2930809813659057 -2.2930809813659057 -2.2930809813659057 -2.2930809813659057 -2.2930809813659057 -2.2930809813659057 -2.2930809813659057 -2.2930809813659057 -2.2930809813659057 -2.2930809813659057 -2.2930809813659057 -2.2930809813659057 -2.2930809813659057 -2.2930809813659057 -2.2930809813659057 -2.292394015325879 -2.2659540699939367 -2.2045382441650174 -2.1129577251821203 -1.9962575209025721 -1.8601944254000065 -1.711351164346788 -1.5316080074888807 -1.3249747138052084 -1.1012724815436599 -0.8705915979983856 -0.643129332466982 -0.4289489130016473 -0.23798238801078364 -0.10441618672450304 -0.04220393266428735 -0.044423967670975895 -0.10354706922763102 -0.21159184477228665 -0.3603393940877404 -0.5415352180996109
-2.2930809813659057 -2.2930809813659057 -2.2930809813659057 -2.2930809813659057 -2.2930809813659057 -2.2930809813659057 -2.2930809813659057 -2.2930809813659057 -2.2930809813659057 -2.2930809813659057 -2.2930809813659057 -2.2930809813659057 -2.2930809813659057 -2.2930809813659057 -2.2930809813659057 -2.2930809813659057 -2.2930809813659057 -2.2930809813659057 -2.2930809813659057 -2.2930809813659057 -2.2930809813659057 -2.277588864563681 -2.2223047545764354 -2.1313387635865015 -2.0095299480526476 -1.8619923685225512 -1.694457927922393 -1.4971605179777883 -1.2628542850761812 -1.0014204854925302 -0.7232816505792621 -0.4393333698050581 -0.16078440688003104 0.07974887812663001 0.2385339478405104 0.31995489703693947 0.3303920896043677 0.27720983360893126 0.1687074960764079 0.013898486837553126 -0.17776314196797305 -0.39650904718569446
-2.2930809813659057 -2.2930809813659057 -2.2930809813659057 -2.2930809813659057 -2.2930809813659057 -2.2930809813659057 -2.2930809813659057 -2.2930809813659057 -2.2930809813659057 -2.2930809813659057 -2.2930809813659057 -2.2930789755496357 -2.292997178785744 -2.2928681031052784 -2.2927679618146652 -2.2927408801461002 -2.2927975897321886 -2.2929151055384267 -2.2930374151423925 -2.2930809813659057 -2.288786830420224 -2.246833228485657 -2.163716118521761 -2.0439972259426606 -1.8924934764602637 -1.7143303983185945 -1.5090264010509693 -1.2580524849126853 -0.9687694244843268 -0.6514093857314012 -0.3169615754201014 0.021305676287222575 0.29837934029617186 0.4880734497475663 0.5948512359233393 0.6239135552398682 0.5816760933277956 0.47605176055149334 0.3163947006007679 0.11312545412700459 -0.1227349186535136 -0.3797726488309703
-2.2930809813659057 -2.2930809813659057 -2.2930809813659057 -2.2930809813659057 -2.2930809813659057 -2.2930809813659057 -2.2930809813659057 -2.2930809813659057 -2.2930520751249786 -2.2926727392518447 -2.2920028434506805 -2.291215198654807 -2.2904573425716626 -2.289847436708108 -2.2894706737916373 -2.289376510236647 -2.2895769890807354 -2.290046323623881 -2.290721785108552 -2.291505802557422 -2.271165997024413 -2.204326096553568 -2.094938145388924 -1.947608463475499 -1.7673015824926328 -1.5590845804087081 -1.3079242334229844 -1.004068335562689 -0.6599032666687896 -0.28589161569655497 0.10061481043966758 0.4169413696266919 0.642757726994247 0.7815295085769622 0.8368539008668852 0.8132291836334447 0.7169037463776013 0.5564427758635162 0.3426628893239405 0.0879006678154366 -0.19015458358377835 -0.47061293248804814
-2.2930809813659057 -2.2930809813659057 -2.2930809813659057 -2.2930809813659057 -2.2930809813659057 -2.2930809813659057 -2.293020755153652 -2.292332241671167 -2.2910657659818154 -2.2894507943865263 -2.28770032652361 -2.286005836976355 -2.2845319880283625 -2.2834114740295366 -2.2827404288152255 -2.282574841621617 -2.2829283666455167 -2.283771777121338 -2.2850341282231907 -2.2832967585125803 -2.2414222058953586 -2.1520690027868064 -2.019178610698261 -1.8468734470224772 -1.639518334090683 -1.399383136708284 -1.1008087746631645 -0.7457033489773903 -0.3474816332874875 0.07719070666651273 0.43478845739037597 0.6999945251236759 0.8760567667675523 0.9653790113037695 0.970132399149279 0.8934391753906206 0.7409158414926726 0.5218721121812364 0.25965605804932723 -0.016921847004951474 -0.3005297054356699 -0.5850232199248087
-2.2930809813659057 -2.2930809813659057 -2.2930809813659057 -2.2930809813659057 -2.2930809813659057 -2.292566802190965 -2.2910606288996527 -2.2888276326062886 -2.286129246421442 -2.2832165336622845 -2.2803248784745707 -2.2776679050414836 -2.275430929129734 -2.2737644088538222 -2.2727779893170497 -2.2725357821564467 -2.273053450983329 -2.2742974816061876 -2.2761867349597464 -2.2647008201735632 -2.2034330350269835 -2.093809976930239 -1.9396013044568092 -1.7447354641441297 -1.513361371970618 -1.239699335230195 -0.8972326843857545 -0.493826909816792 -0.04523941721999725 0.35387028388414743 0.6589214320924524 0.8741433154594422 1.0022174222691356 1.044168670254828 0.999914629736049 0.8699637778948479 0.6623326298647778 0.4154066104111047 0.14331089370397443 -0.14334102189655873 -0.4346761448040475 -0.7244641020365159
-2.2930809813659057 -2.2930809813659057 -2.2930809813659057 -2.2930414930115584 -2.291991669930045 -2.2897254178265607 -2.286529353264924 -2.2826904473544536 -2.278492447862399 -2.274211062326131 -2.2701078435050315 -2.2664228850733985 -2.26336666488887 -2.2611116331347767 -2.259784370176642 -2.259459252334476 -2.2601544921782173 -2.2618311414501227 -2.264389347888811 -2.2390350533235477 -2.160980238141957 -2.033718293152129 -1.8608257719348016 -1.6460059283880573 -1.3931454152696965 -1.0867448233603456 -0.7062202629614784 -0.2595104329391096 0.18011315717816778 0.5234783896442528 0.7758294873116758 0.9417592918237916 1.0236945321293605 1.0211729013302748 0.9308077879559868 0.7627951149026955 0.5482884339921901 0.2895086172538268 -0.000983496889075841 -0.30490013750352984 -0.6069790328189177 -0.9014720930455504
-2.2930809813659057 -2.2930809813659057 -2.292992028108226 -2.291589176400786 -2.2887070863889116 -2.2846433325437916 -2.2797017263302743 -2.2741901130581637 -2.2684168538501264 -2.262685698928418 -2.257288854363273 -2.2524982497443915 -2.2485553392803173 -2.2456601800207996 -2.2439609338814455 -2.2435451900729366 -2.2444344573841137 -2.246582767663633 -2.248018785613791 -2.2094105585589423 -2.1175031470750394 -1.9756203213131667 -1.787137653944262 -1.5555193847040252 -1.2840844244151084 -0.9483237954041193 -0.5354648991520254 -0.07653194007255504 0.30315880558715325 0.5890615037808784 0.7872898979890981 0.9034389334930499 0.9405130235338954 0.8973389024714655 0.7910865627840749 0.642583346257426 0.4307839446055257 0.15218135501618724 -0.1709921792456206 -0.503917126844629 -0.819964682650963 -1.1141767067730735
-2.2930809813659057 -2.2930184230644595 -2.2915236927027127 -2.288255920410607 -2.283515063044743 -2.2776118833017973 -2.2708674078634195 -2.2636113060742993 -2.2561787329574945 -2.2489051419976525 -2.24211863413658 -2.2361296356481146 -2.231218138529882 -2.227619377948627 -2.225509532188683 -2.224993557852212 -2.2260973212552413 -2.2287655859961015 -2.2272889715479414 -2.1785311896372495 -2.0760115764901066 -1.922891026000363 -1.7223522243224678 -1.4776287910012222 -1.1906032940121318 -0.8319114649235106 -0.3943642892923207 0.014839963154719804 0.3291895751249667 0.5536231037331607 0.694271236824036 0.7583067487770756 0.7551970416606655 0.7065464886477746 0.6437239848355967 0.5304533293540641 0.3207422239709681 7.837052117043442e-05 -0.38663038304928676 -0.7712950049001703 -1.106395495041372 -1.3845730437917083
-2.2930779696206143 -2.291820033812299 -2.2884756316102948 -2.2833394216459 -2.2767195303508907 -2.268938568414832 -2.2603340492412274 -2.2512577479325775 -2.242073373878223 -2.2331517873656206 -2.2248629521488708 -2.2175640049205327 -2.2115833730465395 -2.2072018423750164 -2.204632723112054 -2.204004353678455 -2.2053485095447156 -2.208597406175614 -2.2042062653328367 -2.148626955008999 -2.039001657012162 -1.8783458216907465 -1.6696736396058667 -1.4160205221593798 -1.117907630664317 -0.7437890825777878 -0.3183619381797169 0.02058515466273647 0.2646229213780704 0.4215499055862342 0.5028281180062715 0.5191300921041049 0.491080824436009 0.4784413128097076 0.46968731111204365 0.41575433446737975 0.2160299157594192 -0.1887715778368242 -0.6925705457984259 -1.1649606252265192 -1.5333174503794553 -1.7735612222284587
-2.2923618867616065 -2.2893161828054938 -2.284146107661186 -2.277149336735287 -2.2686397574899213 -2.25894954886199 -2.2484309056558676 -2.2374568898306544 -2.2264206137263827 -2.2157316465364687 -2.205808284516654 -2.197064338436742 -2.1898896612668066 -2.184625025785243 -2.1815341144212423 -2.1807776284924607 -2.1823955988411794 -2.1863027471438867 -2.180292647122445 -2.1213975109339147 -2.008382625437565 -1.8441435430145188 -1.6315642114617095 -1.373535885731216 -1.069977773030764 -0.6886597098683525 -0.31698389201977495 -0.05112556652301237 0.11868573398459148 0.21023715754576866 0.23147796068181892 0.19374580947994247 0.167608178926538 0.17551608573015187 0.2136886486277505 0.2555303589967921 0.12052970470152014 -0.46774304440859416 -1.1594400663413316 -1.7563368184297237 -2.1935884000869397 -2.429258516291784
-2.290577278290286 -2.2857973455850304 -2.2788414426209407 -2.2700073444278215 -2.259611442786686 -2.247992056647698 -2.2355128049404014 -2.2225655449651827 -2.2095719786170687 -2.1969824733239207 -2.185270012971023 -2.174916752775104 -2.1663909423018124 -2.160113726475653 -2.1564189287823385 -2.1555135149265823 -2.157449462560275 -2.1621162466118533 -2.1565543472548114 -2.0979721455760654 -1.9854231590543014 -1.8217123357744178 -1.6096405289609403 -1.3520239554427276 -1.0491768554913081 -0.6799262720746788 -0.3804181063935954 -0.18848230341951044 -0.08533866116257949 -0.06202913253328646 -0.11155322142224211 -0.1868421368678015 -0.23017764651835826 -0.2412047200659435 -0.21691019110481013 -0.153397551680035 -0.15071518517843518 -1.0293749642518737 -1.8764125668001843 -2.5948300152539345 -3.143669110180596 -3.4960205893228062
-2.2879983670336568 -2.2815565922159795 -2.272874420325894 -2.2622462911749786 -2.2499869973363493 -2.2364362863575007 -2.221964133976166 -2.2069763517877483 -2.1919197020791708 -2.1772848663431463 -2.163604410905469 -2.151441530288334 -2.1413646279213365 -2.1339043176309826 -2.1294949770225062 -2.128412277091189 -2.130726232741597 -2.1362883428296797 -2.1334687293583636 -2.0788923705496924 -1.9707251571011117 -1.8117092031312083 -1.6046120465627907 -1.3522498114772121 -1.0561076553383644 -0.7244915306590363 -0.4958435942372832 -0.3675015307889109 -0.3311136759949904 -0.38124985525456045 -0.5013110183102731 -0.6102100562480564 -0.6984880054216842 -0.7744014798833518 -0.8517637496848018 -0.9754262796963626 -1.3063195603103686 -2.0053818621074875 -2.851361366939075 -3.655641511093698 -4.3327587652644866 -4.8333864825175485
