_RESULTS/CROSS_VALIDATION_POSTPROCESSED_80-20/Berg/IZ/1comp/3/Berg_IZ_z_90_kriged_reverse_1comp_spherical_3.asc
ncols 100
nrows 90
xllcorner 5.6208707817415728
yllcorner 50.959635321741573
cellsize 0.00013419651685393446
nodata_value 1.7014100000000001E+038
[rows 57 to 75 of 90, columns 43 to 85 of 100]
0.4718374387342534 0.4476111100982599 0.42769058280788147 0.41311540528264773 0.40474225475373704 0.40242872732079804 0.4054275784010435 0.4126146301109283 0.4228284602673018 0.43478899520398245 0.44831013383472545 0.4648382533101441 0.4861532997403357 0.5119361528417475 0.5427374657374406 0.5805463968848557 0.6279972090787314 0.6845918464287839 0.7326058828376358 0.7539382379636855 0.7619813721348347 0.7647605054806019 0.7631784139538736 0.7578788283555632 0.7509656424900676 0.7429342452088863 0.7325318796328693 0.7197268340741816 0.7047394914526904 0.6879954043716692 0.6710617724749245 0.6544606265810115 0.638782985520014 0.6245856140499704 0.6118051333030218 0.601132152468884 0.5939566380678628 0.5912503211173725 0.5893978400782451 0.5877935350448573 0.5860752097122327 0.5839209242624916 0.581062044926846
0.4752488133591572 0.45436864323223464 0.4377221383894238 0.42600894322060184 0.41984356483931684 0.4190472142618847 0.4230310707625501 0.4313345679236938 0.4428850442034137 0.4566393572593456 0.4725687331281886 0.49117617564270577 0.5149536262635096 0.5448493515836502 0.5822537877709864 0.6289632211444766 0.6882990773354174 0.7641330593905713 0.8278842616187929 0.8190066432082324 0.8150287114078718 0.8106320666356991 0.8037440645783673 0.794720302300578 0.7847645539779399 0.7735275101645783 0.7604211389034398 0.7451962979500503 0.727917271735391 0.7088204112702252 0.6886730963540463 0.6685888629040139 0.6497055642377663 0.6322662850945104 0.6168680849738731 0.6036614365264522 0.5945404399460941 0.5899181617683493 0.5861465119494438 0.582639069108964 0.5790969107878857 0.5752503611800678 0.5710799899823722
0.48010048722693444 0.46231032525214644 0.4485435682322971 0.43930258799120697 0.4350033310820962 0.43585114766989386 0.4413824258061757 0.45119097022820837 0.4641543125038253 0.47975110276544236 0.4980648781342691 0.5191579608033672 0.5440704871614822 0.5754993713242686 0.6147117567612121 0.6632598116127687 0.7223507514261573 0.7888193143075228 0.8358226807695829 0.8410459388567118 0.8359018429968187 0.8302573222325971 0.8223312191954296 0.8123656669856018 0.8010496391224556 0.7880845892490844 0.77316359736309 0.7562192627978126 0.7377401563559861 0.7181421543255821 0.6978741180014877 0.677374466348716 0.6570191041382192 0.6377223777811453 0.6201759565146638 0.6048546642426769 0.5942829055388273 0.5880517579781552 0.5825968303713929 0.5774185553222646 0.5722685702933481 0.5678789096084395 0.5662190572836323
0.4859101154560434 0.4709673395285702 0.4598040780329339 0.4528200623318516 0.4503541583203041 0.45264115247676967 0.45980069067406537 0.47124536226451413 0.4856555800891639 0.5029270426866905 0.5228898515899775 0.5455596306793613 0.5712458704168518 0.6019935603059865 0.6395541472077871 0.68405652477408 0.733970991963657 0.7830336653642205 0.8180750040290766 0.831705158097341 0.8316848925285314 0.8257561369431173 0.8170720053914351 0.8082328767084245 0.7978485919404189 0.7853217572109547 0.770779409993758 0.7543899633995855 0.7364126051093931 0.7171846841244799 0.6970804280351464 0.6764696610973041 0.6562541970825025 0.6371164814533598 0.6192546904050936 0.6034754534296014 0.5924701438301401 0.5851750949510656 0.5783432935894806 0.5721325305914325 0.5679128256897452 0.5660750607041606 0.5660462235739705
0.49238380272114013 0.4800792579769962 0.4713202067535155 0.4664556342802573 0.46579761645402906 0.4696082329364318 0.4781067762867389 0.4907497080274693 0.5064567391801402 0.5246924895000558 0.545475220349187 0.5688886841623914 0.5950491861507136 0.6240915579133441 0.657668792863679 0.6956917225892234 0.7356512011142732 0.7724893734693825 0.7995676803396202 0.8133041108161513 0.8156658581919888 0.8104787602469063 0.8014404172015458 0.7913823754433144 0.7805631736271695 0.768818358662592 0.7557509532945079 0.7406556733749737 0.7237229820252233 0.7052953050819334 0.6857575250031228 0.6660399639970265 0.646699964741375 0.6280223550184846 0.6102032803076615 0.5950795685138454 0.584527222663249 0.5775666808245445 0.5719668650460277 0.5680382113046516 0.5661140062531128 0.566022163265685 0.5660465356961448
0.4994478033215074 0.4896397092939832 0.48312293882069934 0.4802269009710007 0.4812874491601475 0.48664099965141433 0.4963503156216965 0.5092821237757144 0.5251398067204404 0.5438070385338327 0.5648899446458746 0.5883065236580479 0.6139741295088741 0.6416436484632653 0.670783377840464 0.7018219502386464 0.733041937244622 0.760867302461754 0.7815084533730933 0.7927855521010327 0.795000519674286 0.7900096583244778 0.7814691664383456 0.7711125079072744 0.7594647480730005 0.746671231144737 0.7326991668302849 0.7174736026031451 0.7009582432114755 0.683368391074691 0.6653244428521431 0.6471363676715626 0.6291314578280496 0.6116542851944948 0.5953567774991642 0.5830267530577968 0.5755625153315215 0.5709547075275698 0.5676620663087356 0.566021816035971 0.5659691670050109 0.5660346484108516 0.5660465356961448
0.5094644055535931 0.5018102250975797 0.4973725699525972 0.49617632265084755 0.4984782149101104 0.5045738458866184 0.5140959457194961 0.5264513816505475 0.5417213497076967 0.5598496611760383 0.580463945093995 0.603281423418453 0.6277807528769628 0.653487292583478 0.6795954956125763 0.7048101424049382 0.7285202143927388 0.7490861528864695 0.7640847407035618 0.7720053674671871 0.7726214470204833 0.7675303407602789 0.7593620055617432 0.7490383992524445 0.7371174708334226 0.7238885050279803 0.7094786904622751 0.6940111622336507 0.6779054470696182 0.6613879236187791 0.6446803662339513 0.6280388439426825 0.611744471547021 0.5960915263156792 0.5827437579048933 0.5737406177627852 0.5693088238022234 0.566890615961316 0.565815120242311 0.5659002160333324 0.5659982882650424 0.5660437692651885 0.5660465356961448
0.5236573438613104 0.5170558926202007 0.5143779975901988 0.5145118692497055 0.5177456241006435 0.5241461283629671 0.5329402871460716 0.544130980302034 0.5577791408435957 0.5739582541271975 0.5927284133555564 0.6138842736260532 0.636483720017013 0.6598454314353216 0.6829510416234017 0.7045364223271365 0.7231004063940236 0.7375105910783122 0.7473910761022129 0.75166557120642 0.7501635949313413 0.7448565823231863 0.7367503106544475 0.7264745185687279 0.7145109875075121 0.7013150071644775 0.6872540791760673 0.6725577534290497 0.6574295280872754 0.6420735326166338 0.6267080220494701 0.6115688206389619 0.5969064760625092 0.5833851100731959 0.5734253500520261 0.567725289991211 0.5659987975806264 0.5656636576050518 0.565827545844121 0.565949038706543 0.5660234652866999 0.5660465356961448 0.5660465356961448
0.5410022108392716 0.53511311232088 0.5334583746553998 0.5348461012855776 0.5388753919691702 0.5449016917330277 0.5527555796363413 0.5625397403595956 0.5743137744532837 0.5881025409603982 0.6039220575412962 0.6217289989811261 0.6413871664623727 0.6618211134273302 0.6816279570503128 0.6997185900564841 0.7148509535795844 0.7257857350812493 0.7315158761214122 0.7321238417102518 0.7290413781550354 0.7232071273644045 0.7150315827095315 0.7049889257865536 0.6935189852897671 0.6809894600080275 0.6676981987320055 0.653893222123098 0.6397954844604099 0.6256169914129074 0.6115720531719963 0.5978822669105179 0.5848365830460569 0.5744216024762354 0.5678017022999797 0.5654133276015673 0.5655903416599443 0.5657621030925205 0.5658977711168568 0.5659922902404106 0.5660408744176713 0.5660465356961448 0.5660465356961448
0.561366573369129 0.5566613378908274 0.5548913192935845 0.557171021561907 0.5612692685714977 0.5666033446999473 0.5732847083241005 0.5814094533745451 0.591046459861071 0.6021988605088373 0.6148536945425119 0.6289457981124977 0.6443276604031261 0.6607484140957247 0.6773428202572472 0.6921333137634714 0.7040719852259384 0.7122143846183535 0.7158017417414789 0.7151320022531316 0.7112905864868171 0.7048472693107847 0.6965506114845321 0.6867256668110865 0.6757016335253745 0.6637850315668208 0.6512476738711257 0.6383304680155618 0.6252535753317606 0.6122268585307175 0.5994577435746564 0.587155821026607 0.5767053699372623 0.5696208829143729 0.5659928113043782 0.5655425166698427 0.5657129184133134 0.5658537822676373 0.5659596897394883 0.5660255267742472 0.5660465356961448 0.5660465356961448 0.5660465356961448
0.5848291143864774 0.5818731571043771 0.5799356690948707 0.5810621676879628 0.5845769520513925 0.5889928257019272 0.5942517704700998 0.6004559179200143 0.6076849142330359 0.6159698318695048 0.625279097059109 0.6355551308488934 0.6466710515383091 0.6584212765920539 0.6705223110579787 0.6822012730873463 0.691300646292004 0.6969396105217749 0.6990464625568357 0.69839330061155 0.695071600120568 0.6893277271537915 0.6815328956182873 0.672116225875215 0.6615067564256104 0.6501059801275777 0.63825037370968 0.6261649786681158 0.6140573027122703 0.6021259738958203 0.5904943060093825 0.5800768515998536 0.5722773508866122 0.5673482246403814 0.5655412426289118 0.5656864743961952 0.5658242454333109 0.5659333290144144 0.5660083378070071 0.5660441543647522 0.5660465356961448 0.5660465356961448 0.5660465356961448
0.6114850807067739 0.6103941492426305 0.6085302023166924 0.6074920571406766 0.6087161965012354 0.6117782075040323 0.6153470412963873 0.6193577375752022 0.623917191688979 0.6290985716482288 0.6349044151738307 0.641291141707123 0.6481748744008564 0.655410574136808 0.6627997295219111 0.6701089476859627 0.6765330625688211 0.6803952541023714 0.6820368784971909 0.6813622130292354 0.6784098889174495 0.6733508259385389 0.6664545962941393 0.6580466366282818 0.6484677107458391 0.6380429501856492 0.6270627675161468 0.615774302353194 0.6043804454625176 0.5930433887902425 0.58269644618664 0.5745471763807938 0.568876084377622 0.5659561391964475 0.5656861815264648 0.5658137145635429 0.5659186395051926 0.5659954084052248 0.5660387193398152 0.5660465356961448 0.5660465356961448 0.5660465356961448 0.5660465356961448
0.6416669142579238 0.641434045495115 0.6398757724856828 0.6369840856667351 0.6351896726754896 0.6350007557000101 0.6362134457351689 0.6377449214411225 0.6393750312272575 0.6412278181262216 0.6433791661635259 0.6458248779573423 0.6485255893326606 0.6514021871653793 0.6543348409826413 0.6571867591013598 0.6604468624714015 0.6635841935980724 0.6648479206463204 0.6641256802690539 0.6614403034699889 0.6569135075226299 0.6507450306826915 0.6431846559385868 0.6345038416335139 0.6249719848920762 0.6148397099461718 0.6043292692586381 0.5936552338538035 0.5839492266726002 0.5759982454932645 0.5701154280551767 0.566599268253216 0.5657120773345587 0.5658237742470111 0.5659184561561845 0.5659905760533812 0.5660347696511028 0.5660465356961448 0.5660465356961448 0.5660465356961448 0.5660465356961448 0.5660465356961448
0.674643277933885 0.6743555290289815 0.6730810031782842 0.6695732729200283 0.6645748538709262 0.6604387199102438 0.6573384463180689 0.6552079198800934 0.6536255188213594 0.6519498264110654 0.6503037344724137 0.6487714486113099 0.6473575931882573 0.6460387406377625 0.6449050920930999 0.6445196143774322 0.6450499039893984 0.6466104695443609 0.6475452334602699 0.6467611844767327 0.6442715561512552 0.6401650266917844 0.6345923489231803 0.6277476419043148 0.6198483824962602 0.611117465078754 0.601769330826797 0.5922588889798376 0.5836550041690508 0.5763736632834308 0.5707527318631778 0.5671125754393302 0.565767540339196 0.5658529111957575 0.5659328136461528 0.5659951714788732 0.5660347114890895 0.5660465356961448 0.5660465356961448 0.5660465356961448 0.5660465356961448 0.5660465356961448 0.5660465356961448
0.7096943604111233 0.7092495129330482 0.7078399266371698 0.7038058375649233 0.6969902176216587 0.6885066097080592 0.6805438982477892 0.6732616758809542 0.6666806708187447 0.6607840709499267 0.6552427453768765 0.6497096063234244 0.6443397783307553 0.6395719138588973 0.6356010046397238 0.632567799626857 0.6306127431077619 0.6298933095266375 0.6301919893743265 0.6293392235822796 0.6269950542374996 0.6232253972163303 0.6181459594474816 0.6119094558648819 0.6046913424735415 0.5968031306207786 0.5890498660797919 0.5818662899751531 0.5756162541621542 0.5706458072686459 0.5672868839957634 0.565864387406042 0.5658966370537433 0.5659589438324574 0.5660079303343157 0.5660385772412452 0.5660465356961448 0.5660465356961448 0.5660465356961448 0.5660465356961448 0.5660465356961448 0.5660465356961448 0.5660465356961448
0.7462662570573516 0.74581122145486 0.7437703657582035 0.7390436594961349 0.7306506604458135 0.7191951836180008 0.7059286996695833 0.6930233369647404 0.6807618486557908 0.6692413403133943 0.6586562451912741 0.6491077669416108 0.6406262128261766 0.6330890480327425 0.6265188773969116 0.6210549849876493 0.6168456949898106 0.6140495243581956 0.6128490688112862 0.6119245035438798 0.6096898281243518 0.6061941290980372 0.6015488379444665 0.596144148047239 0.5903381930444822 0.5844637510190116 0.5788621826239672 0.573874366960018 0.5698358375750839 0.5670759739014486 0.565920833929022 0.5659478340272056 0.5659914749570293 0.5660250771583604 0.5660440235261059 0.5660465356961448 0.5660465356961448 0.5660465356961448 0.5660465356961448 0.5660465356961448 0.5660465356961448 0.5660465356961448 0.5660465356961448
0.7846510038570977 0.7840222995753333 0.7809392824885496 0.7750157508425926 0.7646373061364685 0.7504669901085009 0.7335048032606536 0.7149656010452733 0.697035203945131 0.6802866718998437 0.6648868403183958 0.6509285443971353 0.638454661095354 0.6274817020383668 0.6180210888261605 0.6100966458142563 0.6037522432766458 0.5990861531862943 0.5962542717775063 0.5950449018122177 0.5932117050636712 0.5905010166895432 0.587092759265627 0.5832139287448421 0.5791268132399768 0.5751176816978321 0.5714872676178154 0.5685439367747966 0.566599985987588 0.5659677813579032 0.5659972483791297 0.5660227912181435 0.566040565209507 0.5660465356961448 0.5660465356961448 0.5660465356961448 0.5660465356961448 0.5660465356961448 0.5660465356961448 0.5660465356961448 0.5660465356961448 0.5660465356961448 0.5660465356961448
0.8264694960503987 0.8258216664554375 0.8215216840536009 0.8136571870647011 0.8007031346866935 0.7832577232660003 0.7626923926124929 0.7403053050096513 0.717203114175896 0.694939818339104 0.6745681542435067 0.6561736828920419 0.6397783916837659 0.6253733699470717 0.6129442839200526 0.6024910665624917 0.594043304756786 0.5876721486379651 0.5834958441430931 0.5816768956846176 0.5804241075221244 0.5785855594418154 0.5763115030633446 0.573793868087565 0.5712580118758064 0.5689547086640131 0.5671533584330134 0.566137145382939 0.566021264248618 0.5660340390900618 0.5660434848452477 0.5660465356961448 0.5660465356961448 0.5660465356961448 0.5660465356961448 0.5660465356961448 0.5660465356961448 0.5660465356961448 0.5660465356961448 0.5660465356961448 0.5660465356961448 0.5660465356961448 0.5660465356961448
0.871437023831372 0.8712805270853891 0.8657849355314974 0.8553113582268 0.8389958931812359 0.8174561085727896 0.7925905641493843 0.7660462027017076 0.7391137547286682 0.7127479114682389 0.6876409762679114 0.6647735472059293 0.6445142610715937 0.6267980041941368 0.6115600556359576 0.5987560114509858 0.5883760474303901 0.5804557371809158 0.5750850211082236 0.5724165939748234 0.5716046298033057 0.5705454470696399 0.5692921779370251 0.5680109156701607 0.5668996503668494 0.5661827628064678 0.5660442781487349 0.5660461002842591 0.5660465356961448 0.5660465356961448 0.5660465356961448 0.5660465356961448 0.5660465356961448 0.5660465356961448 0.5660465356961448 0.5660465356961448 0.5660465356961448 0.5660465356961448 0.5660465356961448 0.5660465356961448 0.5660465356961448 0.5660465356961448 0.5660465356961448
