_RESULTS/CROSS_VALIDATION_POSTPROCESSED/Berg/GZ/5comp/4/Berg_GZ_z_500_kriged_reverse_5comp_spherical_4.asc
ncols 100
nrows 90
xllcorner  5.6208707817415728
yllcorner 50.959635321741573
cellsize 0.00013419651685393446
nodata_value 1.7014100000000001E+038
[rows 36 to 53 of 90, columns 42 to 83 of 100]
0.16857605820572374 0.15420054040009154 0.1398676475631397 0.12614579097944845 0.11350579650505242 0.09879453367593281 0.0822844926109337 0.0661257185790273 0.05169685621988534 0.03964772089503592 0.03008408630357948 0.022771505097381465 0.01734373279222146 0.013413855509647537 0.010634084986261146 0.008562619232503576 0.0066520127472384175 0.004968876199132033 0.003612665961484851 0.00258627146206789 0.0018410836412464915 0.0013149304881068776 0.0009559647336010389 0.0007292484552319673 0.0005867052340576609 0.0004991541980694562 0.0004507133634320997 0.0004341602176005705 0.00044915774198858466 0.0005028653683304565 0.0006134447567531717 0.0008181780340383757 0.00118945521963622 0.001864248506114414 0.0030872181337303524 0.005237969120166168 0.009080280408036228 0.015975969447466865 0.02765201095306443 0.045785920855977484 0.0710496685121009 0.10226025571136996
0.1483570923054512 0.13717415939512365 0.1261511845791741 0.11533847240302575 0.10325919765204648 0.08757899252817898 0.07086486273975 0.05516056781611267 0.04165178861984633 0.030773742144769353 0.022446874459043722 0.01631747897580701 0.011940200546296553 0.008886566385395155 0.006790609619934776 0.00514094641077808 0.003729053713513488 0.0026122275079186676 0.0017926733740459176 0.0012205185903312928 0.000833152847735177 0.000575455156708086 0.00040990088954181666 0.0003086252582621243 0.00024586144806047484 0.0002074716567930562 0.0001859935894372646 0.00017814064750869426 0.00018392083436652144 0.00020712215462426807 0.00025766843180282685 0.0003575163800552656 0.0005539234572669858 0.0009476866684733186 0.0017470188335647063 0.0033441817454608826 0.006420844261342711 0.012416008700382813 0.02345617277129302 0.04172622179811913 0.06808392815263346 0.10099485497198164
0.13233673994092907 0.12346505799596197 0.11480440355208879 0.10592047244509374 0.09287733791448188 0.07685008709587249 0.06049105386022384 0.04566655684971552 0.03334288625708729 0.023751342151086582 0.01665873508668058 0.011617868668356936 0.008142188439931397 0.005800658264838136 0.004228081603618804 0.0029912284969605425 0.002023479122503042 0.0013287610855327345 0.0008610570498344181 0.0005585743713304481 0.000367223117178261 0.0002465316241838927 0.0001731031203096997 0.00012916014708103324 0.00010217988310743688 8.558574488393951e-05 7.598975770067466e-05 7.190748489563442e-05 7.331719815554712e-05 8.192345267850393e-05 0.00010247599171322236 0.00014639049988717848 0.00024098805810749088 0.0004522393812859963 0.0009361916599429829 0.002045944247863359 0.004494178330221889 0.009697758796122953 0.020294924545144442 0.03913932952380898 0.06695375315543048 0.10113462428924636
0.11954562194755981 0.11254782195687663 0.10561352183288705 0.0969743773148975 0.08327610563528648 0.06732224861778283 0.05163110655029528 0.037862967382231466 0.026769495326296754 0.01840551370002601 0.0124208527359056 0.008309945375234745 0.005572671610895995 0.003791831088896875 0.002607867476993557 0.001710870519729588 0.0010765855206113183 0.0006620364697903648 0.0004051263194635226 0.000251182950218328 0.00015983091232325068 0.00010511461482217899 7.328313623985361e-05 5.457423629871503e-05 4.312924325977316e-05 3.597829804010095e-05 3.162218597624204e-05 2.939483657937386e-05 2.924093303475123e-05 3.1825530234852296e-05 3.91744301218293e-05 5.6630881450997924e-05 9.85181756961007e-05 0.00020395012934123035 0.0004802463664999379 0.0012124661319308585 0.0030956924264141155 0.007625863003795777 0.018017012191160992 0.038280109870173024 0.0681014544892958 0.10233107745105424
0.10925884626202648 0.10380146356624347 0.0982908291162836 0.08895250041602851 0.07499997128664602 0.059353271144787445 0.04444144186850806 0.03172310024262524 0.02176006705790789 0.014464784844446221 0.009403399252259099 0.006038224213136505 0.0038727029308348055 0.002512356369816038 0.0016179812994568637 0.000980954552971985 0.0005710764929681324 0.0003272428786191929 0.0001891005786444331 0.00011233397299656762 6.961261220514637e-05 4.5309461694805694e-05 3.169919079719096e-05 2.382470976800845e-05 1.8995759602832447e-05 1.589627031142047e-05 1.3874203359896053e-05 1.2633239299341884e-05 1.2120597245431897e-05 1.2559913995093304e-05 1.4726673161366102e-05 2.091363098066956e-05 3.808205659597028e-05 8.815921704977166e-05 0.00024058229925982589 0.0007083422002386884 0.002101745694244181 0.005977629530912964 0.01620049901752594 0.03945301970949845 0.07135951031423853 0.1021554347717012
0.1010552643761442 0.09686706377551157 0.09194669111015225 0.08212344765561952 0.06827740889645843 0.0530614944737854 0.03889075921089162 0.02709396999632663 0.01807808158885876 0.011646818501579347 0.00730885744045834 0.004511041443341423 0.002768319670357929 0.0017099577751373595 0.001023690499029075 0.0005731165522484429 0.0003077834308383501 0.00016345529955546348 8.866306529660413e-05 5.0515718253378086e-05 3.0720761979051325e-05 2.0058125753028474e-05 1.4301492017749315e-05 1.1023258374788074e-05 8.99664785807454e-06 7.643304914138924e-06 6.682077973050323e-06 5.9823255202016e-06 5.5077025468398555e-06 5.318588273716761e-06 5.6747216800055175e-06 7.479321044082327e-06 1.4075760828612482e-05 3.7743931762364734e-05 0.0001226566745225252 0.00042167072773668896 0.0014253719848378542 0.004553964090431829 0.013689388207208407 0.04000050859471498 0.06966092983017098 0.09438929195287954
0.09460698605689673 0.09151242428655111 0.08667500936178156 0.07662496575554821 0.06309580128680263 0.04839535970950935 0.03486381234094927 0.023785135376149878 0.01549092343208356 0.009705636703039719 0.005898599319015246 0.003509204367028881 0.002064699300318814 0.0012082384119117898 0.0006725559676113502 0.00034783753681293545 0.0001718947941204082 8.405443559026513e-05 4.242009731280964e-05 2.306946903971767e-05 1.3894663866090563e-05 9.272529766239722e-06 6.886416911780763e-06 5.560392636463303e-06 4.732887358360867e-06 4.149391641434841e-06 3.6885461754773783e-06 3.2931172401433033e-06 2.9422413475162366e-06 2.644440940656066e-06 2.457948923410184e-06 2.6816697602827647e-06 5.119752554246131e-06 1.745553485926923e-05 6.910507865915449e-05 0.00027072776031898704 0.0009973382657070837 0.003356692515376385 0.010086645557201573 0.026411581458952674 0.05089187159001106 0.07691289050594569
0.08966655757957706 0.08756165935365799 0.08266502847343823 0.0726150476846999 0.05943007556550641 0.04521519549581023 0.03219087605421804 0.02162419705225059 0.01380810161363991 0.00845186536294254 0.004998001853713973 0.002879441018187916 0.001624703052802898 0.0008997083271775238 0.0004689042039661881 0.00022491006227401988 0.00010201583858515869 4.5476769383369605e-05 2.1046266810707915e-05 1.0818443378362222e-05 6.508759218033993e-06 4.5653005824794485e-06 3.639548345682928e-06 3.157862704163637e-06 2.860619092942371e-06 2.6351079742553824e-06 2.4284804325687507e-06 2.216049620453884e-06 1.987935939171593e-06 1.7422646202558228e-06 1.4858061576022885e-06 1.230614529955285e-06 2.295662023040422e-06 1.0902291866633087e-05 4.873966997960976e-05 0.00020161614103521433 0.0007581213726285402 0.0025313599969914477 0.0072539543558617055 0.01772879609928255 0.03546778009166465 0.058902183764316114
0.08605473578220875 0.08486541376573199 0.08003610405212344 0.07017836471574043 0.05731348114995971 0.04344994253038074 0.03073600693388753 0.020447270061697814 0.012891536000244043 0.0077582806337910155 0.00449199994609846 0.0025148369486903384 0.001362760816298128 0.0007200848034836727 0.0003555988582849682 0.00015960263379732697 6.66221848773395e-05 2.6812117423160303e-05 1.1089009729969023e-05 5.257040344980247e-06 3.197851402609131e-06 2.466769252573741e-06 2.1956289104003466e-06 2.097792774834366e-06 2.054621699469507e-06 2.0169454519017012e-06 1.9619575736646013e-06 1.8791204784606412e-06 1.7693462632659325e-06 1.6463599461512828e-06 1.551921946471847e-06 1.6700592058307333e-06 3.2372972015459337e-06 1.161228242733995e-05 4.6947419425186676e-05 0.00018315562408888496 0.000655453165432264 0.0020779996955232936 0.005627040701003853 0.013121614374741254 0.02636428351872706 0.045744137364831336
0.08369125822640909 0.0833412587722529 0.07888501421810318 0.06938736335239376 0.05680593295512574 0.04311268189346679 0.03047632753136916 0.02019398590244218 0.01265200133934519 0.0075497793054160696 0.0043041069303951015 0.002349419826410257 0.001235537556831258 0.0006301942776720415 0.0003003010260902591 0.00012856190518915276 5.022639171384889e-05 1.8332094253777187e-05 6.567744963080877e-06 2.6784909672198353e-06 1.689940775318471e-06 1.557661553248481e-06 1.6065208335448746e-06 1.7051647294676501e-06 1.8083064182427168e-06 1.896555999880166e-06 1.9621779881947966e-06 2.0074456209622116e-06 2.0493074651516857e-06 2.134659049438934e-06 2.393855330910546e-06 3.2591814325970376e-06 6.362781434313161e-06 1.7782292063248596e-05 5.914686505129128e-05 0.00020204296628843933 0.000654299892097029 0.0019109669784370187 0.00483908627459828 0.01074069469393355 0.02123425320682236 0.037265228957293284
0.08268731393954601 0.08323848740272655 0.07946981659276595 0.07048522095306102 0.058130217447539975 0.04438920586257545 0.031528372928069 0.020949591164694366 0.013124334707642208 0.007776138355134788 0.004378382135894857 0.002356600838132296 0.0012196169006940902 0.0006104202643153111 0.00028759197169165907 0.00012118948546963942 4.610641745534996e-05 1.601140826060592e-05 5.139540732939792e-06 1.5745609127264066e-06 1.1109591128813375e-06 1.3312995055691999e-06 1.5478394065674151e-06 1.7682651019820352e-06 1.98655671739746e-06 2.1996745496040105e-06 2.412123642418404e-06 2.643008646412296e-06 2.941205527925001e-06 3.4237522054865974e-06 4.388284113585916e-06 6.6758241320939745e-06 1.2879588828125803e-05 3.1278861958468395e-05 8.787329843801217e-05 0.0002590333720454914 0.0007431993655678679 0.0019664241848353194 0.004606900022382676 0.009658053548332258 0.018500884882018884 0.03215561182014459
0.08305289131884565 0.08469099618234688 0.08201037211088746 0.07376333514853287 0.06160358841086533 0.04757667481066376 0.0341334958101209 0.022814488695998114 0.01427482089940677 0.00843145279706121 0.004731898822577054 0.0025394307493649703 0.0013114153120141667 0.0006557829164099285 0.00031343905578069223 0.00013515628376531164 5.2971785418477555e-05 1.9197978988257197e-05 6.649908594458876e-06 2.5075852030520143e-06 1.6933085573393466e-06 1.8177584659806477e-06 2.0718423155663234e-06 2.3802601156581198e-06 2.729293302187359e-06 3.120657536388321e-06 3.5756632899647566e-06 4.148309467859474e-06 4.95862854709762e-06 6.27483006219697e-06 8.731348376718525e-06 1.3943926837578379e-05 2.629118154689504e-05 5.799678558051311e-05 0.0001427357324239961 0.0003677243386185608 0.0009340118713054725 0.0022265577324399478 0.0047916303209280895 0.009430905484125608 0.017313709966188886 0.029363337427470125
0.08483655239119403 0.08780302304392609 0.08673296125386575 0.07957910178635488 0.06763236596920448 0.05294999758585483 0.03831750768413757 0.02575919178877544 0.0161901897526201 0.009603833441221891 0.005420124276839945 0.002931760667139351 0.0015311106427111087 0.0007780129158910684 0.0003851427056240353 0.00017596972197104688 7.454984305688031e-05 3.0257095485717994e-05 1.252955552578262e-05 6.038434480885802e-06 4.011334077234369e-06 3.5970050640432302e-06 3.712509261800786e-06 4.0614616066802884e-06 4.591713742489511e-06 5.292470364768712e-06 6.216169823536811e-06 7.49419845083492e-06 9.404974602823272e-06 1.2540113915619905e-05 1.8213343668778653e-05 2.9499155852392772e-05 5.389984984645635e-05 0.00011002843573783538 0.00024318806178788118 0.0005569287661471216 0.0012620697426684105 0.0027143754498399728 0.005351311711620332 0.009860328793165955 0.017228851333217738 0.028227215990641923
0.08810537046085155 0.0925639422861778 0.09362996759429565 0.08782964953123565 0.07593446590405849 0.06032734004119047 0.04419469715003077 0.030029134910810773 0.019069499648290227 0.011434994643955441 0.006541227962009798 0.0036002010275690745 0.0019232507172633703 0.0010067331317064117 0.0005219807716297567 0.0002586976410842636 0.00012143849674036867 5.618062925396352e-05 2.7229926787863538e-05 1.5046688552217138e-05 1.019150595419065e-05 8.450597795053922e-06 8.049578250654203e-06 8.304296261560013e-06 9.091003522926103e-06 1.0375134569146e-05 1.2269959193211407e-05 1.507592928553387e-05 1.9415010924190046e-05 2.65530408901784e-05 3.913978347294336e-05 6.291826412747973e-05 0.00011064566264995273 0.00021073896826677928 0.00042471693726137886 0.0008768847770081177 0.001789598285395381 0.0034876653212685804 0.006305795978590606 0.01087766458040254 0.018023898626078748 0.02834480323985313
0.091724323313746 0.09764905852814196 0.10141597551131425 0.09770652203654381 0.08644263457668941 0.07005869337969405 0.052172761414677776 0.03596193053531718 0.023173349700383525 0.014123319286798356 0.008242554158263454 0.004651746039688851 0.0025640264815939475 0.0013956024272337717 0.0007600697250705698 0.0004120862186115616 0.00021556425909830584 0.00011269283632484137 6.182495643879609e-05 3.755114664006312e-05 2.62587393303587e-05 2.1236154255330007e-05 1.9339116914664306e-05 1.9143386685554517e-05 2.022673447715725e-05 2.263653119804303e-05 2.659730409262201e-05 3.276454116490713e-05 4.2477749149582694e-05 5.835602547190357e-05 8.557571654457356e-05 0.00013456000770643617 0.00022649247141900375 0.0004039634920358954 0.0007492408181735905 0.001409032919819455 0.0026113731849867743 0.004634602630452819 0.007716826576090448 0.01248647271444376 0.019596011061768816 0.029470668960728155
0.09493463329491975 0.10250458748262534 0.10950576455076469 0.10900409298451388 0.09937383284807835 0.0826006008765927 0.06270041214670038 0.04391859543906003 0.028792507227796395 0.017911765910545878 0.010721354713667464 0.006240827590097057 0.003570575105128088 0.0020317441503368847 0.0011660210639447386 0.0006843025414311878 0.0003975758598932347 0.0002317495668315779 0.0001407184062740913 9.229064393525203e-05 6.706047704997159e-05 5.434900962320052e-05 4.860703426895044e-05 4.707740971340426e-05 4.8455702244997134e-05 5.2997596523873125e-05 6.134554221848073e-05 7.485755647424668e-05 9.629571343210492e-05 0.00013085705673392456 0.0001882407758883867 0.00028660304598799105 0.00045974893385529404 0.0007690779728831598 0.0013202133989550296 0.002277942405867752 0.003859115259541798 0.006266042906691746 0.009674550704860544 0.0147280541090551 0.021900589302151125 0.031441112599794714
0.09744533834147999 0.10669770817137614 0.11701055163567659 0.1210140499482849 0.11470104970355073 0.09839480062404601 0.07611972517529957 0.05412374687408642 0.03615385743010128 0.02304242897966948 0.014209798445964799 0.008570029515003068 0.005109095887241102 0.003046741428812675 0.0018426847496800574 0.0011488933914013105 0.0007358316708698082 0.000472908956009624 0.00031352557192624605 0.00022018033095881566 0.00016690073666791744 0.0001376039509307827 0.00012303415056012356 0.00011820013436037401 0.00012047608224434083 0.00012894013194022922 0.00014635211924013395 0.00017548518257998414 0.00022172279904542893 0.00029483017138087487 0.00041200532187086 0.0006031346623138394 0.0009190908703242759 0.0014429974682426971 0.002300972086509855 0.003661099018467286 0.005698161332148749 0.008497297808145681 0.012283355618077106 0.017654399878945307 0.02490816066936565 0.034119286865650696
0.09892988937037213 0.1096304480171536 0.1222917044337801 0.13188091516891706 0.1315183908251586 0.11774879484107283 0.09208253339694464 0.06624674974494298 0.04521698038218141 0.029663237931899268 0.018933433964050325 0.011875966027726444 0.007395725245168265 0.004625319208842445 0.0029431102746667126 0.0019336962753346634 0.001331647629173052 0.000935883075814409 0.0006718695998832711 0.0005030261175258767 0.00039879507663999293 0.00033747712460314034 0.00030517851804967946 0.00029381732860927763 0.0002989865555304216 0.00031728870373618 0.00035242798106044793 0.0004131974673655687 0.0005093534221713837 0.0006579625290094475 0.0008873528119268145 0.0012430518374444185 0.0017954350860802531 0.0026466698370628005 0.00392995275702226 0.005787149539686013 0.008306437392495168 0.011445440888697981 0.015641920615942616 0.021300322541592052 0.02856811298543145 0.03735311761482085
