_RESULTS/CROSS_VALIDATION_POSTPROCESSED/Berg/GZ/5comp/4/Berg_GZ_z_0_kriged_reverse_5comp_spherical_4.asc
ncols 100
nrows 90
xllcorner  5.6208707817415728
yllcorner 50.959635321741573
cellsize 0.00013419651685393446
nodata_value 1.7014100000000001E+038
[rows 0 to 17 of 90, columns 41 to 81 of 100]
0.012532819392193945 0.013549334120501286 0.014289456798381941 0.014626422338747077 0.014494227356700546 0.013919417700486754 0.013007831997012163 0.011898157954848766 0.01071769004205221 0.009560433187686007 0.00848489441644349 0.007521241894579014 0.006680318122207129 0.00596124487341975 0.005350777833454757 0.0047953950073224075 0.004303379610258564 0.003888053032359873 0.003554584450082791 0.003303618829936567 0.003134223504734956 0.0030461856022817426 0.0030109372838037535 0.0030010574663551534 0.0030171024783252854 0.0030581630138279735 0.003121770934655038 0.003203675438620493 0.00329754428150687 0.003394686054086045 0.0034839317505899023 0.003551846991853854 0.0035834504899517144 0.0035841100765842777 0.0035841100765842777 0.0035841100765842777 0.0035841100765842777 0.0035841100765842777 0.0035841100765842777 0.0035841100765842777 0.0035841100765842777
0.014551672334160878 0.015980771437186507 0.01706066912113119 0.017564866253170303 0.017366069142391107 0.01651624025997872 0.015212286451246119 0.013686977489552497 0.01212711422166815 0.010651017480515897 0.009319802371899538 0.008156438274217748 0.007161665182008528 0.006270551806979833 0.00544454313418952 0.004717171197963567 0.004102601029525815 0.003602139390815896 0.0032099845013871782 0.0029175832528980047 0.002716677001297162 0.002601367158868819 0.0025555862621470444 0.002543399693251529 0.002563213727656717 0.0026144782997243334 0.0026956289595231725 0.002803760635648469 0.0029341434201634424 0.003079657250100903 0.003230274825541323 0.0033727819590976607 0.0034909724691672014 0.0035665584811935313 0.0035841100765842777 0.0035841100765842777 0.0035841100765842777 0.0035841100765842777 0.0035841100765842777 0.0035841100765842777 0.0035841100765842777
0.016773652138089925 0.018790933742950926 0.020403956211687453 0.021189566814377916 0.020877060192625523 0.019579837793228742 0.017691571772701836 0.015605038501264268 0.01357636283517738 0.011734143047804523 0.01012601619819244 0.008750621109623189 0.007473985395307147 0.0063014831659329775 0.0052791698135620955 0.004422700620955784 0.0037281492089252643 0.003181058623318733 0.0027630276636206727 0.0024559916789081105 0.002244747470116688 0.0021183575265427837 0.0020654009632532296 0.0020522313782671262 0.002073661693066597 0.002129549459313436 0.0022193819411158626 0.0023419023464544713 0.002494519037384138 0.0026725386159010254 0.002868316412669674 0.003070494957369607 0.003263588880344872 0.0034282411860260577 0.003542470746270328 0.0035841100765842777 0.0035841100765842777 0.0035841100765842777 0.0035841100765842777 0.0035841100765842777 0.0035841100765842777
0.01904154220275053 0.021867995486423094 0.024339619609825405 0.025643029203928018 0.025114980464804135 0.02304757542872465 0.020298459774673018 0.017498248358621574 0.014938266592798278 0.012714845632295904 0.010821118176865848 0.009053005345460548 0.007439544288998762 0.006045611069736904 0.004890222209825706 0.003963105320931386 0.003238567649849526 0.0026854526416979128 0.002273373384989124 0.001976072227024132 0.0017728953463483957 0.0016492430075940986 0.0015946388231168089 0.0015816718650778037 0.0016027876079848997 0.0016582273872271975 0.0017484897335313758 0.0018739671995372214 0.0020343401992144864 0.002227724521267185 0.002449611848448397 0.0026917231792928415 0.00294100970221098 0.0031791599160643415 0.0033830535556852617 0.0035265669109514567 0.0035839068635030733 0.0035841100765842777 0.0035841100765842777 0.0035841100765842777 0.0035841100765842777
0.02103445961782209 0.024845418342965844 0.028675761359761076 0.031076621420884507 0.030055704311072035 0.02659107842721687 0.02267822949326239 0.01909804809199209 0.01603126489298796 0.013462882628573255 0.011094483376570324 0.008935037490054254 0.007078568791956797 0.005552515309067006 0.004341033404427254 0.0034053008493231856 0.0026983709403408367 0.0021744605281305432 0.0017937856501204603 0.0015244021001242993 0.0013423506562667293 0.001231069870920102 0.0011800147210123866 0.0011681312653713137 0.001187495601330148 0.0012386573199769171 0.0013229460072403203 0.001442166573084667 0.0015980590763664245 0.001791476555900016 0.0020212594222139588 0.0022828550464633834 0.0025668541351668234 0.002857780557343609 0.003133635189282535 0.0033667745274269215 0.003526593928176594 0.0035841100765842777 0.0035841100765842777 0.0035841100765842777 0.0035841100765842777
0.0222632416129682 0.02688622657605089 0.03235191028369743 0.037525963133432365 0.034910137600946745 0.0292114836770068 0.024203001699075594 0.02004981284248369 0.016654341975891995 0.013626206864885674 0.010838407428403151 0.008432493094993797 0.006457598436963883 0.004899177976889771 0.003707004602418826 0.0028169488096291065 0.002165125597068706 0.0016954338855857186 0.0013624351012707654 0.0011314808880022451 0.0009775489184434903 0.000883736667666149 0.0008396693583701449 0.00082939004566867 0.0008461515315832795 0.0008907116266618357 0.0009649795357609718 0.0010717997726359357 0.001214535000062511 0.0013963665962739554 0.0016192353302608392 0.0018823931015638825 0.002180649133742709 0.0025025764009613347 0.0028291705981788088 0.00313364894623115 0.0033831132167801946 0.0035425396183077053 0.0035841100765842777 0.0035841100765842777 0.0035841100765842777
0.022289218696234517 0.026931719877039996 0.032446977203125636 0.03779294588353491 0.03505664251393686 0.029272618566290768 0.0242358218055257 0.02006962144702524 0.01648768694711509 0.013103078945780932 0.010117620178333047 0.007637354963147431 0.005671857277563363 0.0041715716037217 0.003059673230159732 0.0022542626306051457 0.0016810589858750043 0.0012788643399635126 0.0010004855929499428 0.0008113362061884407 0.0006872182723687303 0.0006121478350660752 0.0005764505636597086 0.0005679688052750455 0.00058180864483315 0.0006188360962211104 0.0006812813540156888 0.0007726223427734398 0.0008973185140664708 0.0010602913749805435 0.0012660304161538566 0.0015172239183488723 0.0018129009470001618 0.0021462464979671047 0.0025025130108112786 0.0028577417485408864 0.00317919927657093 0.0034283465740701908 0.003566632726927518 0.0035841100765842777 0.0035841100765842777
0.021101751082641926 0.024952269398343753 0.028848084566630502 0.03131575161449887 0.030262884543380483 0.026723391321639076 0.022760439647442808 0.0191042833660644 0.015454369298341717 0.01202677365177278 0.009069518067142993 0.006672845059965972 0.004822434080758694 0.0034471776207592878 0.0024550027453208354 0.0017553126757237315 0.0012702565185327501 0.0009383825970806481 0.0007140000736739297 0.0005646729448952619 0.00046831829200366545 0.0004106556514934431 0.0003830882898430165 0.00037635273411099556 0.0003873512028965351 0.0004169744572441354 0.0004675526990386648 0.000542834272307096 0.0006478724965793877 0.0007887077188463204 0.0009716955161547029 0.0012023237237454383 0.0014834130117360137 0.0018127449027668906 0.0021804278695623496 0.0025666672316692557 0.002940935665285526 0.003263647828825265 0.0034910949719544095 0.0035834703422245326 0.0035841100765842777
0.019129180994535484 0.02199255559342029 0.024508250985667928 0.02584442675109759 0.02530813412523377 0.02320098808421803 0.020408888206020968 0.01727227912796831 0.013842714691532379 0.010617645919010009 0.007861779833957845 0.005662280316935789 0.003995857334665513 0.0027832845575931475 0.0019281062578057554 0.0013391213163365641 0.0009405169642914086 0.0006742209673333802 0.0004982477626514069 0.0003835607174838524 0.00031085466337059565 0.00026789097583435685 0.00024728056592118844 0.00024209003198982776 0.0002505722453324497 0.0002735832865823104 0.00031339185795255817 0.0003737388293347765 0.00045986101126502043 0.0005783677775240975 0.0007368093907294626 0.0009427411731232345 0.0012021018659436567 0.0015168343431678588 0.0018819241916432712 0.0022824180410366958 0.0026914242051881317 0.0030703937572559466 0.003372849688693893 0.0035519429164362886 0.0035841100765842777
0.016883876218375015 0.018954740938466393 0.0206254035185867 0.02145331075648088 0.021150217345225875 0.019829532327247778 0.017857349301246925 0.01511187502850852 0.012037436315889598 0.009130143968735936 0.006657411561162335 0.0047065724256576905 0.003252078469880861 0.0022130158319766703 0.0014940264038417182 0.0010089726405891097 0.0006871633770635941 0.00047691442454801897 0.00034136894755988433 0.0002551655792858903 0.000201697610307043 0.00017061830157776765 0.00015557594984892028 0.0001516618375580548 0.00015806361313200625 0.00017556745361562332 0.00020628121091017707 0.0002537564381759224 0.0003231235098823254 0.00042113766095210433 0.00055597553691436 0.000736565629454553 0.0009712141722711838 0.001265352927124892 0.001618445862607532 0.0020204794530992694 0.002448976011018476 0.0028679295823374586 0.0032301604745569 0.0034839920950493625 0.0035837553225523074
0.014750365987970714 0.016258792373241227 0.017414631158622802 0.017973782726314835 0.01779485426336736 0.016927275201764083 0.015385078816901009 0.012998734521291227 0.010305708275378467 0.0077502827476892255 0.005581556061947764 0.0038828406220349923 0.0026274772021156146 0.0017356222739409017 0.0011309237497824202 0.0007349531788257171 0.0004813611351731034 0.0003215756183422179 0.00022199462518699214 0.00016061415094387017 0.0001236436787181638 0.00010283481106170093 9.316652885996047e-05 9.139068113498577e-05 9.704711455591744e-05 0.00011073225435546246 0.00013421512545464282 0.0001712200407287268 0.0002266317315183868 0.0003070684329756706 0.00042090973422122247 0.0005778809451535001 0.0007879516232216582 0.0010592928957400805 0.0013952029305517124 0.0017902766287717312 0.0022266503994514044 0.0026717433343867517 0.0030792258562597746 0.0033945797529378397 0.003565320918924069
0.012861024905971982 0.013979317454908925 0.014811598123424358 0.015214484024142917 0.0151093351290547 0.014519316983872271 0.013190212436252935 0.01111552415308171 0.008776912778214824 0.0065565543034002 0.004661979641701168 0.0031566413684528524 0.002058010674099158 0.0013070397247150491 0.0008179988851007486 0.0005103794004684563 0.00032131407984525623 0.0002064390130852211 0.0001371114428181706 9.561861928686424e-05 7.128196214411149e-05 5.794183760284011e-05 5.1839498126326065e-05 5.120896900594958e-05 5.597249669922705e-05 6.698184191512991e-05 8.602738961804495e-05 0.00011582572358228983 0.00016029216520212057 0.00022644062620773604 0.00032269194800180347 0.00045914237096559136 0.0006468386511787899 0.0008959795932594483 0.001212958102786731 0.0015963771021469285 0.002032740245495204 0.0024932031395492353 0.0029332645996100644 0.003297135980621138 0.0035273875618036235
0.011258248886516277 0.01209943424566139 0.012718082664314354 0.013024267208496036 0.012966240880069535 0.012530997561203811 0.011340579358468718 0.009530609550906583 0.007495545793013144 0.0054952970643087655 0.0037817978306524816 0.0024732388047088204 0.0015555635809088291 0.0009520099493112961 0.0005735098944154193 0.00034404178951019605 0.00020797419195155015 0.00012829914016047411 8.183857359613714e-05 5.477263050260147e-05 3.925309730964519e-05 3.086569790951596e-05 2.7017938550504698e-05 2.681700596386869e-05 3.03496430960322e-05 3.851371356957546e-05 5.314372180427853e-05 7.718626859288088e-05 0.0001147642974279285 0.00017086978294196428 0.0002531429834274113 0.00037279914476675874 0.0005415211532853789 0.0007709271460513158 0.0010697767135872125 0.001439949313862589 0.0018717652179114405 0.0023399663096613475 0.00280231556180198 0.003202837042606662 0.0034807494717980824
0.010143111245062904 0.010773465200175426 0.011202456956454054 0.01138175227613282 0.011296304904039624 0.01090347734599547 0.009833968289183542 0.008215193465325048 0.006298267741417219 0.0044750096042647895 0.0029829546815450503 0.0018881569213539196 0.0011485211427385471 0.0006792369570941584 0.00039506412453279124 0.00022856329317237222 0.00013304405004502275 7.884888939982611e-05 4.820828622293966e-05 3.086826314628532e-05 2.1094979830071187e-05 1.5784987217963627e-05 1.3318217298316546e-05 1.3217772024419915e-05 1.5650428810020123e-05 2.1434932894895975e-05 3.225558820238037e-05 5.09885491539126e-05 8.199827951461058e-05 0.00013117296995139626 0.00020528569343024878 0.00031223254702972194 0.00046595063007108637 0.0006792076606661156 0.0009624737632051805 0.0013201405877283844 0.0017456148539593366 0.0022167366364378256 0.002693512937615212 0.0031203893274079 0.003437158344994301
0.009501079803794062 0.009990013049467894 0.010288261500600363 0.010364905811170973 0.010216480630779378 0.009764088928862456 0.008642900528209646 0.00697411095102294 0.005184193647108993 0.0035750878776348817 0.0023126742604846723 0.0014202438185683247 0.0008379049777922247 0.000480497947574514 0.00027090689533102857 0.0001518498983927948 8.554406490334849e-05 4.895834327500739e-05 2.878820230202733e-05 1.762200946840551e-05 1.1418467781497782e-05 7.963631535275577e-06 6.300062701952668e-06 6.17655736098568e-06 7.817923842636507e-06 1.1895922170172349e-05 1.985022248837861e-05 3.433388370902123e-05 5.966438895436778e-05 0.00010216271700556748 0.00016995749027449628 0.000271577212184247 0.0004150575568448023 0.0006163463190402656 0.0008876736117843602 0.0012352023537864118 0.0016546068353780177 0.0021261119069651132 0.0026117576545719163 0.003061051953185337 0.003412409491033182
0.009253115208584637 0.009643129355448149 0.009843610308131726 0.00983492896403411 0.009621930654361802 0.009045149787918212 0.007688630831736714 0.0059483412862503995 0.00424306017987363 0.0028289393112258345 0.0017797953015079666 0.0010632567622773598 0.0006104001880231263 0.00034076630674299585 0.00018715399781953074 0.00010225477992829315 5.616836643250819e-05 3.132593645780398e-05 1.7903271593544507e-05 1.0581519840633118e-05 6.507411462701835e-06 4.185101118131237e-06 2.9596075566998257e-06 2.7583530210238307e-06 3.950825905293774e-06 6.954983981075983e-06 1.2954532676232188e-05 2.436229925306364e-05 4.531498930941535e-05 8.22643188742964e-05 0.00014420606162986066 0.0002417850767864656 0.00038433015454520427 0.0005788419580806532 0.0008425104942981415 0.0011833132713634184 0.0015983401390446165 0.002069611478762776 0.0025650346677186468 0.003033607531142382 0.003410921762897475
0.009365816835906872 0.009682839756588991 0.009802086454624874 0.009712314272744155 0.009391545121152103 0.008509226961329752 0.006948325303276953 0.005162879562473788 0.0035361784104512755 0.0022633357632096678 0.00137315914139224 0.0007994111261176693 0.00044812790117179603 0.000244603849067676 0.0001315839203731624 7.057825349007386e-05 3.815871462079605e-05 2.1000890159168892e-05 1.1865366958338583e-05 6.921631688633219e-06 4.142627067066604e-06 2.5425340679667206e-06 1.5986513182699266e-06 1.2071343153318911e-06 2.334761991470539e-06 4.697466233244726e-06 9.45087174368446e-06 1.881502289702842e-05 3.6715189234654236e-05 6.958735700713555e-05 0.00012697336365863628 0.0002211353327936989 0.0003645331439885637 0.0005641768340182689 0.0008250470153633424 0.001163121246087011 0.001576433100605086 0.002051525920801442 0.0025565062702560004 0.003039376138411375 0.0034346456109813316
0.00984562479707978 0.010104484007993549 0.01014700240785875 0.00996476508563971 0.009337282883382559 0.008147897798652727 0.0064063139485551 0.004581334033678875 0.003018987779150902 0.001858868709450518 0.0010851159064325477 0.0006096468721692524 0.00033414329377590417 0.00017908748167218212 9.488205337498254e-05 5.032802065132648e-05 2.7051794849893568e-05 1.4899570264596591e-05 8.491539164122324e-06 5.0083095877081984e-06 3.063010279085842e-06 1.964489797837078e-06 1.3726718321038258e-06 1.2828729218085115e-06 2.0419519952466134e-06 3.954508318908337e-06 7.97300543101847e-06 1.6124765087747985e-05 3.215617502984874e-05 6.246679536828535e-05 0.00011699389519149933 0.00020927892337695286 0.0003544105212259072 0.0005634488260951459 0.0008344918555794092 0.0011740528911412967 0.0015910575768188565 0.002072707342552255 0.0025860207870899094 0.003078583642289922 0.0034839426310647043
