_RESULTS/CROSS_VALIDATION_POSTPROCESSED_CLR/MHZ/GZ/8comp/3/MHZ_GZ_z_710_kriged_reverse_8comp_spherical_3.asc
ncols 100
nrows 74
xllcorner 5.5967023332191781
yllcorner 50.982320383219182
cellsize 0.00019249356164376555
nodata_value 1.7014100000000001E+038
[rows 0 to 18 of 74, columns 43 to 85 of 100]
-5.252760795562306 -5.535348850022559 -5.867654359504209 -6.235970571793276 -6.6272136693530355 -7.029187238356924 -7.430877267645029 -7.82266561382726 -8.200259832154206 -8.573436546493973 -8.938364584296826 -9.286950980967083 -9.603633046038443 -9.854829599593362 -9.973434686134294 -9.879446904466239 -9.579467726141413 -9.16506343555676 -8.713572502776724 -8.268473953419 -7.8354571043182055 -7.4148667251854 -7.015496576475412 -6.644296635464666 -6.307242571451485 -6.0097616291920675 -5.756955215112012 -5.5537220564240295 -5.40482978694414 -5.314958361479986 -5.288355184906498 -5.288355184906498 -5.288355184906498 -5.288355184906498 -5.288355184906498 -5.288355184906498 -5.288355184906498 -5.288355184906498 -5.288355184906498 -5.288355184906498 -5.288355184906498 -5.288355184906498 -5.288355184906498
-5.323654335972082 -5.653259591196419 -6.030841004306241 -6.441925838785333 -6.872610948904862 -7.309956510543943 -7.7425173614238005 -8.16085553421646 -8.558088684329048 -8.943423117210097 -9.323194443482752 -9.696382165192473 -10.057993152244656 -10.388101580140997 -10.605066580200663 -10.485746947759644 -10.039096684915847 -9.497575496375585 -8.953565275895052 -8.438476591247648 -7.966000010879355 -7.520284376550977 -7.10103593224099 -6.713531822100222 -6.36270484314441 -6.0533034170698405 -5.7899701706763205 -5.577069518054902 -5.4163648134958615 -5.31334450233594 -5.27450684044794 -5.270778342183311 -5.269461081172125 -5.270860435620177 -5.274651678940241 -5.279895168657545 -5.285078898536485 -5.288182669372402 -5.288355184906498 -5.288355184906498 -5.288355184906498 -5.288355184906498 -5.288355184906498
-5.408470641300985 -5.781734793707842 -6.200983571815247 -6.65083725994461 -7.116203910465806 -7.582823664663566 -8.03620014956071 -8.464532213035382 -8.863052947781426 -9.238839492309912 -9.609093075151218 -9.97796672399183 -10.34951944677099 -10.726991071405887 -11.108948013830172 -10.962848094260432 -10.311783480368145 -9.681320748611736 -9.083488380165916 -8.526134684749485 -8.019710875389448 -7.56266147116288 -7.135242843940276 -6.741136353206334 -6.384788592245603 -6.0693939803772325 -5.793284708697808 -5.562902191407944 -5.385796990209006 -5.269159585441161 -5.219714430042139 -5.211223130822913 -5.208354322316555 -5.211403626493439 -5.219995056943408 -5.233043892911887 -5.248814642116038 -5.26500713800405 -5.278858709262218 -5.287250201738495 -5.288355184906498 -5.288355184906498 -5.288355184906498
-5.500322084429705 -5.917616054576756 -6.374489064990657 -6.859039481056045 -7.353031449845319 -7.834904007144528 -8.291537795158948 -8.713779246320092 -9.096847173417565 -9.44443884610494 -9.778226203554132 -10.104779571909281 -10.425417928443743 -10.729600208881877 -10.947207106340672 -10.783993690894953 -10.251193634492804 -9.650574911768285 -9.061431121874488 -8.506119438065316 -7.996028718135762 -7.5379400469501086 -7.115300591798283 -6.724993738305925 -6.363702088865199 -6.0330352561602245 -5.7414200778842375 -5.497109659700399 -5.308094780215996 -5.181988553308874 -5.12589486251093 -5.112351656683812 -5.1077977924171085 -5.1126389649254005 -5.126432674225759 -5.147907143814924 -5.17504226132904 -5.20518757390455 -5.235198529529321 -5.261572935086278 -5.280574046215615 -5.288332540830052 -5.288355184906498
-5.578883410665069 -6.050785262872274 -6.547723632525405 -7.058335053799091 -7.566135386686101 -8.053991185639946 -8.505922426721433 -8.909999638735902 -9.260698125097434 -9.560498879762857 -9.832259652430222 -10.083724936860548 -10.308984511389554 -10.48080462659017 -10.527309224347984 -10.345522908256278 -9.941911090627974 -9.430325773745277 -8.893262640733822 -8.370626582678378 -7.883025046466987 -7.443180601584054 -7.04177479830464 -6.650395021566336 -6.2795764258963676 -5.938765477499524 -5.637151018635827 -5.38368188819724 -5.187006157270799 -5.055353692551495 -4.996211149223689 -4.97708615561885 -4.9706795937401855 -4.977490822353537 -4.9969889515913275 -5.027655604236479 -5.067101185910651 -5.112230438594707 -5.159427137970386 -5.2047310291405005 -5.243988964137782 -5.272972185722085 -5.287459619639569
-5.6434246651625095 -6.164048323938602 -6.702630441984537 -7.232980815097802 -7.75117059282325 -8.24218516415736 -8.683876718951385 -9.05905946521777 -9.36107437251416 -9.594389028970163 -9.784504943392193 -9.942648935806032 -10.061467558822514 -10.116124552086632 -10.063342371204683 -9.863123404029032 -9.520428312976927 -9.085165805042735 -8.611505968337704 -8.137771760189668 -7.68837016539646 -7.277879226530688 -6.895017231065628 -6.511828696904926 -6.1383729761562735 -5.793177451977999 -5.486470169316912 -5.228087148966845 -5.027525222763085 -4.893825480292313 -4.83370522405283 -4.808361559223848 -4.799887831732754 -4.808897052288298 -4.834737567189123 -4.875557495302814 -4.928477250449946 -4.98982790856191 -5.0554057179394905 -5.120702383641264 -5.1810883289316365 -5.231942964126565 -5.268737216878992
-5.695040736328391 -6.24894291821033 -6.8154303858232845 -7.374746572838987 -7.9060265710345545 -8.401388923438756 -8.831795134891818 -9.169448961400068 -9.406295692789055 -9.555060277255501 -9.64987927518644 -9.708609696946223 -9.727413747119876 -9.689691601506834 -9.571571617630788 -9.355413368311895 -9.04491361940431 -8.665595043608661 -8.250985331550062 -7.830921126237654 -7.427540534591083 -7.040207344021477 -6.675137602163929 -6.312377111128988 -5.949659696892825 -5.6047813542766 -5.29702759118739 -5.037225404013512 -4.835870583459385 -4.70300630789663 -4.641506509626278 -4.609131983839471 -4.598310616696496 -4.609815875686696 -4.642825644365323 -4.695023495841517 -4.762864432148565 -4.841927922667979 -4.927273863113236 -5.013741330666723 -5.096164642863093 -5.1695087247544045 -5.228940067958847
-5.729375214907438 -6.298110027850639 -6.883127832533908 -7.466077328114318 -8.022917178997805 -8.529800628156117 -8.95642980408435 -9.25050845705195 -9.401587054532978 -9.446063338960421 -9.43643648490703 -9.397231686618817 -9.327987352074238 -9.218210898684326 -9.054060965758557 -8.826383072708808 -8.537399289483343 -8.201326695258226 -7.8390965943436495 -7.4723141113985445 -7.106572540720135 -6.743459912835004 -6.399690946545691 -6.061410153245636 -5.719281562155868 -5.383713700985695 -5.077971714609904 -4.819350567717484 -4.619449301993984 -4.48950512860747 -4.422865169399572 -4.382381638114392 -4.368836066541623 -4.3831848501920625 -4.424296047799056 -4.489296385725128 -4.573792757818488 -4.672399507253332 -4.779240141038798 -4.888329000235764 -4.993813893842552 -5.09018615832914 -5.1724434444051
-5.740513746159305 -6.310278332913122 -6.900412564236991 -7.495593464264129 -8.076337435967327 -8.61260881581383 -9.061088866957773 -9.309342485082645 -9.338804192474074 -9.257457287227695 -9.141365686828491 -9.012917406734 -8.87067353062017 -8.706558676087147 -8.511168145809348 -8.278382222306963 -8.008735090248116 -7.710127325178213 -7.395816403035759 -7.075710747879112 -6.741098983808236 -6.40617977213781 -6.0870705389045305 -5.775493350964077 -5.456213595060672 -5.139642147338902 -4.839785337391269 -4.584005232103776 -4.386844498352398 -4.260621877193809 -4.181144033900064 -4.130578056702564 -4.112981258787809 -4.1299374405373905 -4.180168519614379 -4.259821064257398 -4.363183329361869 -4.483529401012123 -4.613829337042048 -4.747214837764577 -4.877216522312104 -4.997842253537259 -5.103565917853015
-5.7229039350141235 -6.284864204950542 -6.861810094931751 -7.4487158808844205 -8.032303077026414 -8.5968063397261 -9.119002259856492 -9.330655650825708 -9.16819673419941 -8.95958637450505 -8.7532197737348 -8.5542414623951 -8.357476998857353 -8.154526052652956 -7.938900404320221 -7.706325514143264 -7.456431184720467 -7.193487438404118 -6.92554183257665 -6.642749068809292 -6.343645829344706 -6.042907877123446 -5.754591768751496 -5.471684611696641 -5.176378654239194 -4.880261587173567 -4.594165710746564 -4.3420157426119195 -4.147849270224645 -4.016717511620296 -3.9181829167131568 -3.854690514796001 -3.8319912529738254 -3.8522877801474262 -3.9137005154047957 -4.010813866411494 -4.135966271554171 -4.280618998042341 -4.436340295503941 -4.595313671777095 -4.750496271230887 -4.895587845470408 -5.024924402669679
-5.67357070671753 -6.224821926820147 -6.767123818660442 -7.31568010425113 -7.856090076531391 -8.373657919971446 -8.835592456194917 -8.985195488454034 -8.767624500774213 -8.506200994814105 -8.253051509076368 -8.010992094488305 -7.778976007662388 -7.553249591015225 -7.3297060841229555 -7.106416740481997 -6.881490670010582 -6.656246531673186 -6.430375984604496 -6.183257114262357 -5.921986952984005 -5.659162505041899 -5.407436824833788 -5.1588701912325226 -4.8936832935323435 -4.620756249157135 -4.35191888848506 -4.105345134242037 -3.9120277074369447 -3.7592448489886605 -3.6375701146591606 -3.5580259280034263 -3.529006128337448 -3.5537851537425134 -3.6294153103315194 -3.7478684426762445 -3.898521086160332 -4.070413019557295 -4.253510728269248 -4.439102687457788 -4.6197307854305 -4.788961530700701 -4.940168551912491
-5.595523862049374 -6.124073868340178 -6.6141165779280655 -7.088147888266131 -7.539731839848397 -7.9384084262154255 -8.217888806702232 -8.285494431984459 -8.139330399599604 -7.892827784716978 -7.625324572570765 -7.3639030651734005 -7.119606837598221 -6.895052039450086 -6.6867825824511185 -6.488209629268422 -6.295302402045679 -6.1114626528011105 -5.9243881555704645 -5.715657973996949 -5.494761177193583 -5.27262726654519 -5.060619748891084 -4.846903911391224 -4.6138302822579895 -4.369951226269804 -4.123973978069625 -3.8862495360887275 -3.67994368070704 -3.4952412081749458 -3.344854203558667 -3.2444685085105767 -3.2071850482050985 -3.2383258826825925 -3.33286038701222 -3.4780911538754813 -3.6588248199469535 -3.8610348454733154 -4.073114686471021 -4.285755542097263 -4.488781593895016 -4.6726691787467365 -4.834384332002792
-5.483602563711502 -5.96835329525701 -6.406459109468324 -6.7924664956684975 -7.137249062780698 -7.411173096151045 -7.563820774444354 -7.560714695106224 -7.412103883032104 -7.174283060910648 -6.904085391272321 -6.636249652599551 -6.392750316758482 -6.183345097094361 -6.0057401428506525 -5.850647716563688 -5.708587714996911 -5.573348652964674 -5.425291817495227 -5.258038844171493 -5.080229417340922 -4.901597595948006 -4.732220279720891 -4.553546172756576 -4.353292874420211 -4.138792449732338 -3.9170751762243015 -3.6931093453703 -3.456537580311889 -3.234534929014103 -3.0476495374742765 -2.9186512941971907 -2.8697023551893572 -2.9105877738857235 -3.0316686398504613 -3.2112619164903693 -3.427276236814416 -3.6623968361657715 -3.903225762764328 -4.133078097225141 -4.345429674981543 -4.537348506799158 -4.706596578325168
-5.338389221722997 -5.770833276389478 -6.150609025833358 -6.465099173141439 -6.704615794174748 -6.867864373132715 -6.922443614229126 -6.845863115125415 -6.6636560711911255 -6.414792423246139 -6.134925968065396 -5.859641546308803 -5.621445173665569 -5.438463877280243 -5.305510512443214 -5.205357934852313 -5.123597566049789 -5.050010576451286 -4.951324971020731 -4.828311504250408 -4.696121568293604 -4.5637395092072515 -4.4385913533831625 -4.295667492514167 -4.129319497312535 -3.944598469569506 -3.7461968130452714 -3.5142372491064138 -3.25283524781716 -2.99172310154097 -2.7581442440667554 -2.587185891339079 -2.5197543565219633 -2.57731616977998 -2.7380734375684317 -2.961881760833605 -3.217693991948334 -3.483742114768665 -3.7388351766705807 -3.976880671856125 -4.194958708929631 -4.391184173685261 -4.564194863343987
-5.173298344486001 -5.54806655370356 -5.865752389758865 -6.11426364977581 -6.278724485722881 -6.346327411476734 -6.310386734997653 -6.1615365963282205 -5.938815134665337 -5.664963100028504 -5.363225781418678 -5.068231258812749 -4.82993900249351 -4.685161723512795 -4.6136983476025835 -4.579027013850309 -4.562039531941148 -4.550911910814036 -4.512258116031469 -4.443946334784887 -4.3593901876332115 -4.275804055847418 -4.194740107813609 -4.088804684288434 -3.9574118137384673 -3.8024508608267507 -3.605707016062575 -3.363328105147815 -3.0813959740854657 -2.7871062703469254 -2.499275190655674 -2.263309072572326 -2.160570798572374 -2.252135362991521 -2.475015172576143 -2.752102194336126 -3.0444895556149003 -3.325007862922644 -3.5870001129343363 -3.8279553152348784 -4.046564428413582 -4.242098008222667 -4.414105209380376
-5.026218742342194 -5.336250318706787 -5.5830367649974715 -5.758956879759516 -5.856514405070966 -5.859654403633199 -5.7449189352776795 -5.532860237019133 -5.270876970201262 -4.9686767104008025 -4.638939515081113 -4.3054857383202485 -4.041825210045039 -3.9600840048458315 -3.970875243203979 -4.005309418572706 -4.050786704313892 -4.099346737943816 -4.120260655873357 -4.11397363076207 -4.085759608184267 -4.053237302679939 -4.013886234818635 -3.946166571772238 -3.845923834766523 -3.698501466000888 -3.502250735110568 -3.2565815165743537 -2.964073385189572 -2.6474909970633353 -2.316309878021978 -1.9904340348546876 -1.795447632959077 -1.9792322312383561 -2.2878314570121296 -2.6105531763710315 -2.9166481707812593 -3.2000795989666933 -3.4599987023951737 -3.696139184137964 -3.908483136795679 -4.097187593248284 -4.262542336154215
-4.997426158345621 -5.238089312763311 -5.406344642983525 -5.496824227470014 -5.504292030489213 -5.416021017243825 -5.232439377883259 -4.9805725172512805 -4.687284616716066 -4.36553241243984 -4.022178708183549 -3.6641283878863273 -3.3019998710667378 -3.3557451219416614 -3.4352721904765 -3.5209542526417943 -3.61611449685614 -3.7169577303951247 -3.7942362533321052 -3.848794901588964 -3.8852908740702037 -3.907782445618806 -3.905819977241431 -3.8622427108920814 -3.7717753532630334 -3.6329708369722886 -3.4446596535355383 -3.205965190634524 -2.9186961216312617 -2.6046431649664337 -2.2713265584355637 -1.9253883411072539 -1.6665652169390759 -1.9114284434637385 -2.2403617690824897 -2.5577854153802564 -2.8515904134225947 -3.1213770073862372 -3.3671883857186495 -3.589124608443104 -3.787385967137961 -3.962389629906158 -4.114823061018307
-5.095654041191438 -5.265661827816432 -5.354873862534255 -5.36030939570241 -5.274996841958936 -5.093006419604997 -4.830867478603707 -4.516957674827919 -4.195430003953297 -3.878854403299062 -3.554665086910417 -3.2464084810108655 -3.0241911207505674 -2.9850811089377878 -3.049810347141837 -3.1518387681856175 -3.2777893954992208 -3.4207767485318614 -3.549803402175756 -3.6633507740891487 -3.7621137461460217 -3.828966734392208 -3.8419921354983275 -3.8109418666599053 -3.7338829037098105 -3.609374260529508 -3.436604295471329 -3.2155474054982167 -2.950182638274198 -2.6662312693816363 -2.380111185020997 -2.1250972475278957 -1.9987121241998835 -2.1040477966093842 -2.340596798603026 -2.6010177993350254 -2.8552759827022434 -3.093970645823482 -3.313381163329374 -3.511679822362767 -3.68801022384668 -3.842323458314962 -3.9753201792226167
-5.318261021597632 -5.416970552171928 -5.426506129572176 -5.345454831676182 -5.16530018606925 -4.898379722232799 -4.561068582971055 -4.187622855348826 -3.8205358922799437 -3.4824594165826808 -3.1980091451059076 -2.9628364345787843 -2.805608406429844 -2.757451423107501 -2.8000667871914735 -2.900503923579806 -3.041616498351698 -3.2139149138331913 -3.3831556589359986 -3.540573090629935 -3.6812521851527817 -3.7745867860616436 -3.807999985084769 -3.79269726461888 -3.732899049142783 -3.627441172863635 -3.476283215919155 -3.2808180048278466 -3.0488150684737243 -2.810015855424081 -2.5852640351270644 -2.4079588597870556 -2.3276125423217873 -2.3826417274673557 -2.5309592878701905 -2.719711429773554 -2.919352771957635 -3.1149629124102973 -3.298631813024259 -3.465627478179667 -3.6132317582999427 -3.7404162287996887 -3.8476191101785755
