_RESULTS/CROSS_VALIDATION_POSTPROCESSED/Berg/TZ/5comp/4/Berg_TZ_z_250_kriged_reverse_5comp_spherical_4.asc
ncols 100
nrows 90
xllcorner  5.6208707817415728
yllcorner 50.959635321741573
cellsize 0.00013419651685393446
nodata_value 1.7014100000000001E+038
[rows 0 to 18 of 90, columns 44 to 87 of 100]
24.584378731595258 24.42170861812012 24.236976888214937 24.028206328177315 23.79344548001432 23.73689051866174 23.977753768234475 24.19220070328547 24.382164869164473 24.549624438242322 24.69652977183236 24.825491490512505 24.944225601716095 25.053448000839566 25.15219127000649 25.239676575878327 25.31530571334089 25.37866660847382 25.429545589158447 25.46793947955378 25.494061088889058 25.508332777579234 25.51136432253398 25.503913013166812 25.48886944565565 25.471909630174157 25.45484731765767 25.43958651871705 25.428226489300272 25.423012267760527 25.42290392168344 25.42290392168344 25.42290392168344 25.42290392168344 25.42290392168344 25.42290392168344 25.42290392168344 25.42290392168344 25.42290392168344 25.42290392168344 25.42290392168344 25.42290392168344 25.42290392168344 25.42290392168344
24.597744771105866 24.444400015741603 24.27278994220518 24.090109285918164 23.928021097410777 23.90451797008981 24.04960913008061 24.232181253948653 24.407646852242205 24.567100572074605 24.714692036443033 24.85554842415408 24.987561966804133 25.109149007423014 25.219060087629124 25.31628833303904 25.400037191114123 25.46972080752666 25.52498035996481 25.56570378059314 25.592038734746936 25.604390969111574 25.603402681727616 25.589908320021305 25.56702090146325 25.54040738219397 25.512035692015804 25.484014866301685 25.45865265668793 25.438398847344025 25.425793655540556 25.42290392168344 25.42290392168344 25.42290392168344 25.42290392168344 25.42290392168344 25.42290392168344 25.42290392168344 25.42290392168344 25.42290392168344 25.42290392168344 25.42290392168344 25.42290392168344 25.42290392168344
24.634611439650552 24.50227656151622 24.362398237780823 24.227967162454252 24.130873123430753 24.119425901741014 24.201168006559605 24.332317507830574 24.47652885408732 24.627486749357118 24.78028008356854 24.92908693202889 25.070276970973726 25.201336939129643 25.32037983865058 25.42591747423446 25.516764764962414 25.592014012519975 25.65104469782064 25.693546059535866 25.71953560639409 25.72936095380218 25.723676638960875 25.703392134966446 25.67213445766376 25.635316563314724 25.595054990284922 25.55369625141541 25.513783123093397 25.477989529364077 25.449064068926795 25.42978216730159 25.42290392168344 25.42290392168344 25.42290392168344 25.42290392168344 25.42290392168344 25.42290392168344 25.42290392168344 25.42290392168344 25.42290392168344 25.42290392168344 25.42290392168344 25.42290392168344
24.687669901085492 24.580607996440452 24.474343036855625 24.381508279327175 24.321847162215995 24.315272846651943 24.36679678718597 24.460019027506284 24.586619626287554 24.73276169044287 24.886195747603583 25.039215716530283 25.186751582629128 25.325234986286503 25.45197903479059 25.56485681599438 25.662151894173306 25.742508344243458 25.804935539861802 25.848836299146704 25.874034055099486 25.880780150712248 25.869728522705206 25.841874113630624 25.801714361260093 25.75405413132167 25.70124645962023 25.64591635091246 25.590873600034097 25.539038049284933 25.493378657951528 25.456865208010125 25.432430086349544 25.42293730012433 25.42290392168344 25.42290392168344 25.42290392168344 25.42290392168344 25.42290392168344 25.42290392168344 25.42290392168344 25.42290392168344 25.42290392168344 25.42290392168344
24.74863090280309 24.666257430045167 24.589029993664788 24.52646461091028 24.490150352808353 24.489118816019793 24.525080175015745 24.607142561409347 24.726740629070434 24.868858814403445 25.02197315726175 25.17780348283633 25.330398472084102 25.47532605149085 25.60912398522882 25.72897573194225 25.83254837634757 25.917939315724347 25.983689927584212 26.02883110588835 26.052929276208193 26.056105993173407 26.039012102689433 26.00288378748935 25.95317016857973 25.893914955863025 25.827807123552702 25.757801355903286 25.687012123767644 25.618628635278412 25.555850785769085 25.501842896151615 25.459700523755473 25.432425578234263 25.42290392168344 25.42290392168344 25.42290392168344 25.42290392168344 25.42290392168344 25.42290392168344 25.42290392168344 25.42290392168344 25.42290392168344 25.42290392168344
24.810673829332337 24.750284714748403 24.69657555610073 24.656063107741787 24.63550858225271 24.63945719051057 24.680731100271302 24.76453904424232 24.88261646477003 25.023665701223912 25.1776948551223 25.3367024727283 25.494411430700065 25.64582101984034 25.78681847381139 25.913918261887325 26.02412800654448 26.11491830223321 26.184266725140475 26.230741234968868 26.253583853301958 26.252756062430255 26.22891681651392 26.183918462850492 26.123806657197925 26.05205729670132 25.971774778791634 25.886306061559612 25.799112695526293 25.713676282630725 25.63343446920381 25.561740751742462 25.501840320295045 25.45685484134071 25.429770725633933 25.42290392168344 25.42290392168344 25.42290392168344 25.42290392168344 25.42290392168344 25.42290392168344 25.42290392168344 25.42290392168344 25.42290392168344
24.869147593869318 24.827627420830616 24.792776147051246 24.76886561664368 24.759859544101946 24.775126615033773 24.83162715602519 24.923766819496766 25.04463799261637 25.187843078706422 25.344915006251963 25.508473748093213 25.67227263089639 25.83099642918349 25.980023572164818 26.1152466754768 26.232986838781652 26.330006881351274 26.403609371835714 26.451786703816953 26.473372784022715 26.468137726754392 26.436777828538695 26.382350137928682 26.310793659815573 26.225467363032628 26.129993605301895 26.02818578372692 25.92389679148303 25.820919073893023 25.722927029314747 25.63344925318872 25.55585873631963 25.493371391100794 25.449045992340015 25.425781402380842 25.42290392168344 25.42290392168344 25.42290392168344 25.42290392168344 25.42290392168344 25.42290392168344 25.42290392168344 25.42290392168344
24.921321417520137 24.895859089022647 24.876303948334826 24.865369365623764 24.86691725411228 24.902212065618134 24.97454569421957 25.078252274915286 25.206292637431133 25.354399687905254 25.51673851093776 25.686606628232067 25.85796317603527 26.025351565691544 26.183759487507935 26.32850207374615 26.455180974306597 26.55974837986906 26.638681001031745 26.689235584091005 26.70971733298905 26.699665037552478 26.6599176683004 26.59542322845198 26.51111041289643 26.410898350567745 26.299057636975032 26.179951313855316 26.05786338064171 25.936903845617152 25.820968954373196 25.71373532260695 25.61867115952616 25.53905279771277 25.47797892093927 25.438378203506918 25.42300900647086 25.42290392168344 25.42290392168344 25.42290392168344 25.42290392168344 25.42290392168344 25.42290392168344 25.42290392168344
24.96589392206297 24.954174082015474 24.947265087816746 24.94682644247814 24.965031812618204 25.019724683533624 25.10773561115122 25.22406179034719 25.362631035974847 25.517997356778892 25.68751971389704 25.865423508512837 26.045946913433188 26.223604677495878 26.39308774705993 26.549170539233817 26.686688719518735 26.80064277165769 26.886463101836505 26.94042323188978 26.96010675912779 26.944759469298035 26.896120827876413 26.820182484973433 26.721453868297175 26.60477637297897 26.475228839319175 26.33780755716006 26.19725062163503 26.057969400561483 25.92404503861178 25.79925718120587 25.687123628737346 25.590938539663444 25.513802452364605 25.45864085309943 25.428210594487595 25.42290392168344 25.42290392168344 25.42290392168344 25.42290392168344 25.42290392168344 25.42290392168344 25.42290392168344
25.00255850564169 25.002737661627826 25.006493671245096 25.016220066661244 25.054472319278464 25.126843222729615 25.229871545344434 25.359052819488543 25.50910524044459 25.674363494178493 25.852488825860316 26.039859203740036 26.231029983760262 26.42057795456102 26.602991009717698 26.772550961613707 26.923280558376376 27.049045274400385 27.14390420547332 27.20274782860777 27.22210738132335 27.20084685520042 27.142749068097316 27.053348192792637 26.93809185624929 26.803061664390636 26.65432661090838 26.49757902428014 26.33799580378846 26.18023474981207 26.02849362498206 25.88658797491214 25.758025540734923 25.64606779176196 25.55377521971407 25.484035652584584 25.439576329504888 25.422962192442846 25.42290392168344 25.42290392168344 25.42290392168344 25.42290392168344 25.42290392168344 25.42290392168344
25.031688073149738 25.04229717215658 25.05519664692607 25.078459379711486 25.1346296809212 25.222878821743812 25.339869895828453 25.48151246935404 25.64313586903497 25.81968679200348 26.007442847293795 26.20523568737909 26.408182294684007 26.611024396250983 26.808174083348174 26.993520391469204 27.160269689112248 27.30095153432788 27.40779096072354 27.47363419909276 27.493358902265285 27.466082944478902 27.39671523709107 27.291097540892125 27.15662953145493 27.00105060386114 26.83158916256117 26.654631303723942 26.475705666865107 26.29960401322989 26.130533488842282 25.972255221423023 25.82819528582026 25.701527197565355 25.59522895884607 25.512117853493827 25.454865727174013 25.425997933509347 25.42290392168344 25.42290392168344 25.42290392168344 25.42290392168344 25.42290392168344 25.42290392168344
25.054120184336565 25.073947766210413 25.09476246170454 25.133387416419662 25.20506515447976 25.307261681794213 25.436811739948016 25.58999051557614 25.762631328954665 25.950249456052354 26.14854388147853 26.35709666763543 26.572384739477755 26.789448713222242 27.00281659551034 27.206192767870284 27.39209599483905 27.55159280441541 27.674476744826354 27.750445525214396 27.771783448027037 27.738230123691103 27.654323671128868 27.52867381206443 27.371642541788482 27.19310853594365 27.00151992165205 26.80381012126563 26.605658069426607 26.41180463631591 26.226320189356567 26.052803838991707 25.89452353437487 25.754511200055507 25.635624503873334 25.540582869902696 25.471982375214434 25.432293166928705 25.42290392168344 25.42290392168344 25.42290392168344 25.42290392168344 25.42290392168344 25.42290392168344
25.071006013489605 25.098980190858654 25.127784110514312 25.180750259742705 25.26549633489902 25.379543083859886 25.51992194027628 25.683237797337966 25.86575487672471 26.063479435518293 26.27223106896827 26.491137216325704 26.71855562050634 26.949984589548905 27.180332269339168 27.403486294155638 27.611676685931275 27.794683957698137 27.93930315205441 28.03031781013469 28.056424402198783 28.0142335622433 27.910656768013837 27.759678638172012 27.576124848857503 27.372350642619637 27.157762852433954 26.939441218558045 26.722867530965434 26.51248012680847 26.31204441277497 26.124889529681294 25.95405743904809 25.80239615322753 25.67261642287228 25.567322588072244 25.489023097469094 25.440124093125654 25.42291007828443 25.42290392168344 25.42290392168344 25.42290392168344 25.42290392168344 25.42290392168344
25.078522120089875 25.11677438553522 25.15574350374298 25.22049562661018 25.315789353180552 25.43940654978403 25.58857931270058 25.76020525370078 25.9509171428131 26.1571453183697 26.375156867871606 26.60325046913412 26.841609161009373 27.086415596678297 27.333249282467122 27.576695160211486 27.809486691336264 28.02102934121876 28.195271799774513 28.31092559699167 28.345469576090853 28.28989097202237 28.158192755332685 27.974813900403756 27.76075371123991 27.530371497465495 27.29310880526369 27.055462863311114 26.822256731180133 26.59735884660878 26.384081748454463 26.185405564708088 26.00410574419869 25.842826923664873 25.70412457704091 25.59048499709301 25.504328191449737 25.447995923676782 25.4237277624495 25.42290392168344 25.42290392168344 25.42290392168344 25.42290392168344 25.42290392168344
25.066217983166332 25.115945637895535 25.16863353153851 25.248521904436878 25.35546162854673 25.486681833418157 25.64234191275222 25.820076219788124 26.016820568977167 26.229355976684314 26.45434475005399 26.689699543922902 26.936692022420143 27.192450243993534 27.453420376172343 27.71536757605523 27.97258449171383 28.216128122974983 28.43104200824074 28.587071805181836 28.6369369179445 28.557578715768773 28.383560927785172 28.159895300000088 27.913237643840915 27.657305649560044 27.399812480297612 27.14578178065602 26.898971964510903 26.662510446120585 26.43919391430476 26.231638763005343 26.0423596701743 25.873811238394957 25.728408641251026 25.6085339602249 25.516530201950278 25.45468336188585 25.42519398120518 25.42290392168344 25.42290392168344 25.42290392168344 25.42290392168344 25.42290392168344
25.03607040892517 25.096551191899856 25.1616779095373 25.25482451816019 25.374717356350267 25.51798100721304 25.680945137857027 25.862619669183374 26.06340347291662 26.2798083528108 26.50860366606572 26.747751091136134 26.99960603379243 27.26233473108121 27.532827643007362 27.808114562493685 28.08474600128553 28.358924991542516 28.62121283737431 28.84287024976381 28.92860681624215 28.79697164586503 28.560589885703465 28.294007378291415 28.018718222561795 27.742738799241796 27.470427272230115 27.20491281518928 26.948846073285456 26.70467592701303 26.47476478185223 26.261440173396757 26.067018235680145 25.893813321802224 25.744139416881506 25.620304658652852 25.524597973269703 25.459266365147275 25.426483075942798 25.42290392168344 25.42290392168344 25.42290392168344 25.42290392168344 25.42290392168344
24.990233313829734 25.060747413862867 25.136575464192966 25.241521165031333 25.376677831135463 25.53694074798508 25.71688919602942 25.911332127114544 26.116683870761143 26.334629188136145 26.562796444256755 26.79918362233225 27.04643471057687 27.304020025469782 27.57085559906099 27.846682994770834 28.13179928763051 28.42194295335808 28.71386809962454 29.00473154836845 29.20964387538013 28.935633589230964 28.644098315760004 28.352396632825265 28.062990752419093 27.777919384703342 27.49918973374008 27.22883753722327 26.968940243012725 26.721618634879096 26.489034350197922 26.273385500057106 26.076901249448742 25.9018355376167 25.750459300352635 25.625049496022378 25.52787237731891 25.461158646455605 25.427070132734364 25.42290392168344 25.42290392168344 25.42290392168344 25.42290392168344 25.42290392168344
24.930310659921076 25.013113805126054 25.10817829962762 25.235662530845214 25.3913333940302 25.569504819949625 25.764680708173454 25.971634584846832 26.185470387152034 26.402670249886086 26.62627145998536 26.8554935317985 27.09299153478965 27.33860236925815 27.59194914985755 27.852347563968756 28.119009711806815 28.390403161958698 28.66187087625348 28.907834199651084 29.01472552800939 28.854649180280557 28.597525727080825 28.320282471972046 28.038777501699048 27.758731702433487 27.48352651908356 27.21582075468528 26.958013832964607 26.71240921159579 26.48127965686139 26.266894627755832 26.071531092065385 25.897476123558555 25.747024230686844 25.62246942496944 25.52609035070533 25.460126616344876 25.426746285768964 25.42290392168344 25.42290392168344 25.42290392168344 25.42290392168344 25.42290392168344
24.870748998750308 24.980849632601817 25.099709381448026 25.247821001504857 25.421614909462686 25.615255775895324 25.823113504023322 26.039841793036533 26.260443494834323 26.48031164568155 26.696699260369318 26.914939595831722 27.13884908650286 27.36781994104363 27.600478959282725 27.83516761563799 28.06921575159335 28.297254747627377 28.50688474646207 28.66817593426913 28.723651001325244 28.633266899415517 28.44285945576701 28.20615897634575 27.950168891064877 27.687461171147774 27.424856372179562 27.1668147698649 26.916745655314696 26.677555073687003 26.451894827068926 26.242283452247094 26.051167626012283 25.880953528427042 25.734021189559247 25.612726901533712 25.51939475888952 25.456297104783378 25.42562492171391 25.42290392168344 25.42290392168344 25.42290392168344 25.42290392168344 25.42290392168344
