_RESULTS/CROSS_VALIDATION_POSTPROCESSED_80-20/MHZ/IZ/6comp/2/MHZ_IZ_z_250_kriged_reverse_6comp_spherical_2.asc
ncols 100
nrows 81
xllcorner 5.5967107548124995
yllcorner 50.982328804812504
cellsize 0.00017565037499993607
nodata_value 1.7014100000000001E+038
[rows 0 to 18 of 81, columns 44 to 87 of 100]
36.67166671744118 36.30365659574526 35.885939377912045 35.43516120026065 34.962953033283874 34.488826407473724 34.03221406803068 33.61129844878615 33.2426083779421 32.940471415040385 32.716370638244534 32.578320833427334 32.52503016504317 32.515650754609354 32.537106366046935 32.583064201304126 32.64758815801827 32.72800483227122 32.82966802418534 32.97029268400858 33.167622220127484 33.407778796706936 33.65215220034581 33.867950676485734 34.03417722712599 34.154600195174204 34.26299413837845 34.35968616957374 34.44443949622691 34.51752042492524 34.57946254630526 34.630920908146386 34.67257201130306 34.70503771580564 34.72882100774052 34.74424614235742 34.75139789980734 34.751916264791625 34.751916264791625 34.751916264791625 34.751916264791625 34.751916264791625 34.751916264791625 34.751916264791625
36.89042592430674 36.440669868657075 35.93893334247696 35.402016643832695 34.843315793053236 34.28446841683279 33.74673268761759 33.25030910646151 32.81390565038484 32.45401149765168 32.18394266696866 32.01284605150178 31.944912142463345 31.9489505088351 31.990915001333253 32.061553894801094 32.15080555961346 32.25054184445244 32.36125744135569 32.512550191211936 32.77006067573902 33.10601930844036 33.43758200308514 33.726604325825406 33.95602495047777 34.11539274691504 34.23324973631364 34.336968181621216 34.4270465216184 34.50422836511596 34.56937047309353 34.62335547770523 34.667026111517515 34.70112995142738 34.72964644594363 34.755296489575066 34.77427497133023 34.78454976883078 34.79023921163924 34.79101997920818 34.786730163889466 34.778277364706575 34.76760474033623 34.75762065385601
37.09357101261749 36.55209900308945 35.95837462415149 35.331656329382355 34.68345089893311 34.03654545676124 33.414014117597105 32.838346575156585 32.33101158038339 31.91149078185107 31.595436483863004 31.39227305858553 31.30724364791958 31.325475198968324 31.395994562856984 31.502709545043366 31.63074500424969 31.765012120811654 31.892227587699633 32.01333447677787 32.35623549341287 32.820546492067876 33.23788640942537 33.59316338743083 33.8776913989237 34.085740435330344 34.21891675338827 34.32611194689435 34.41878211364693 34.497936969839635 34.56460549001023 34.62035867131657 34.677830584080496 34.73775433280067 34.794909611133605 34.844492442197975 34.88221048790669 34.90544563843093 34.91805094763697 34.919742925011334 34.910337267818456 34.89086640418154 34.86353499763217 34.831628482273885
37.279017639989945 36.64294108757226 35.95155257860424 35.22595375484758 34.483692380874196 33.74607909072343 33.03521277421229 32.37611474706911 31.793425986525403 31.308087060250244 30.940550787030517 30.705841872426078 30.610591769969957 30.64745542557973 30.759807709720103 30.919413146345637 31.10778358149609 31.307577300897833 31.50676775558752 31.72283070824571 32.11192603500097 32.60919772325911 33.07237752184974 33.47478760765931 33.80563336416724 34.056910114210076 34.221514978884706 34.32825081887291 34.420407892045105 34.49917334981759 34.57742660320682 34.66699370564202 34.76160734161293 34.855131119717356 34.941731972811844 35.01600023852367 35.07307883066101 35.10990079950429 35.12991654817712 35.13258576467443 35.117696172289484 35.086435856265844 35.04133342678055 34.986136225470425
37.436160433531626 36.70435477433914 35.91582101517946 35.09190130449224 34.249319968668885 33.41526919474955 32.613164412479044 31.863963930106976 31.194277554518056 30.634958525649512 30.213987654351214 29.951650338229598 29.856297467193205 29.922083806970296 30.09225521294649 30.323430075085405 30.5939437994269 30.887212414550476 31.198849486482178 31.550506027266472 31.981598785452835 32.46833788579187 32.945874403556026 33.3759393923313 33.7398869300771 34.026433659276 34.22698214988529 34.34305720815136 34.433189843627446 34.536463112142286 34.6564941099992 34.786144496323374 34.91837315160605 35.046305073288536 35.16334029004542 35.26329928292581 35.3405938416231 35.39182294571708 35.41984554988101 35.423571864074134 35.40275384551911 35.35877818017201 35.294583519811 35.21430538977033
37.54744738690318 36.72488257562652 35.84552713602183 34.92939560836156 33.99099453960111 33.056545106519316 32.152155506434696 31.301856912863023 30.535994223722863 29.89431178271881 29.415600159157513 29.129109355220745 29.045970450935478 29.156866510301082 29.403863633952298 29.72520442083313 30.093970708881447 30.492168429617415 30.913349310641298 31.363455837541753 31.848482601115702 32.35302015018628 32.844629884777724 33.29437108511354 33.682716797213594 33.996526736940595 34.22595717895232 34.366585874818206 34.49281449832202 34.63828231981884 34.79971636433204 34.96965043691135 35.14022215633373 35.303677643558515 35.452482426022655 35.57949484474343 35.67819013877456 35.744996843479385 35.78176184040859 35.78664407376049 35.759348593146136 35.701131701030405 35.612430088602366 35.498771209847014
37.5939891130451 36.69446072601189 35.737338706996894 34.74028877616652 33.715306853659435 32.681729216457526 31.665858786699243 30.703771627184505 29.830267708034334 29.092407943593013 28.546835660965087 28.239253394175336 28.185099445495133 28.36471919550217 28.709531238208726 29.1381436235307 29.6157364040032 30.1196264397294 30.63921455866066 31.170881201609333 31.710458191224355 32.24584455466179 32.75767055329218 33.225918186871915 33.63407246636829 33.96937344816657 34.22447901973217 34.42701497041627 34.60222830525489 34.79466758214344 34.99785555598902 35.208571300911444 35.418556014973376 35.61905164254992 35.801413370071316 35.957313930641064 36.079036076009 36.16311135347811 36.20954612017993 36.215709375871135 36.17841110560926 36.09711777946706 35.97753705155112 35.8271955623016
37.559173617144076 36.60657918638118 35.59174904441606 34.53037186537781 33.43000562420674 32.30413663332435 31.181396017796008 30.097464202940433 29.099467574175954 28.242804939512073 27.611332235090817 27.284408206956268 27.285160585943917 27.56838370561678 28.036064366710978 28.58584106290975 29.175706129648106 29.780862191059654 30.387578240959844 30.989109387115022 31.57914549930405 32.14800696628976 32.6826874055559 33.16908550673214 33.59412313643582 33.9470003955465 34.25383935128211 34.52214100280466 34.75019203082016 34.99056076059217 35.240730194010176 35.493223742321526 35.74407021747489 35.98358775824762 36.20184298438129 36.389063969830325 36.53609645870578 36.63976715709443 36.696914489995706 36.69901661367951 36.64427331848648 36.53681842839915 36.383460335304676 36.19314969437566
37.43891768471382 36.46303739856695 35.41513091170173 34.308517545941605 33.14859160427669 31.947834087884274 30.730825687044884 29.528339030059662 28.386105873259933 27.375872023455962 26.617678136816643 26.269418052418807 26.372107768691805 26.810295201756574 27.427350474109534 28.104841841464896 28.801306184247032 29.495511058678115 30.175904727994325 30.835116952645365 31.46779297963335 32.06678574134234 32.622747381538716 33.12531279879546 33.56414596733821 33.95160475414926 34.317173392886104 34.645291588048394 34.927063962873135 35.21501706096114 35.5140930662665 35.813191831599326 36.10669639014954 36.387701773913435 36.644816575589374 36.86652741586123 37.04247338350062 37.16818675171653 37.230819026714066 37.220150461997015 37.137678657855155 36.99176060439408 36.79334252266424 36.55506913270225
37.24795352638982 36.275960615861024 35.219675771075885 34.087388980078046 32.8913468303887 31.641228962243755 30.354946243935693 29.05454438027838 27.771214264880804 26.56635687364368 25.59139454449406 25.206491867616933 25.51450961970076 26.173035931335626 26.94969755993234 27.74222995997767 28.5252399691868 29.287305720456285 30.021950479991304 30.724100429253472 31.388573379573025 32.010498867276596 32.58289830395358 33.0976413606197 33.55232429713287 33.99019017720408 34.40796908302727 34.789569262102916 35.12303920039935 35.458142255135094 35.806250498982365 36.15572659246239 36.49547829755788 36.82087360726875 37.12049235448879 37.38075445847485 37.588355263392906 37.718269592506374 37.76119685125185 37.71830373460055 37.595067321598805 37.401337351611765 37.15050960714024 36.85811303955182
37.033880139525166 36.074403845087346 35.02062325971631 33.8841861737162 32.677858074639516 31.411229139188045 30.095003272821696 28.744371960430016 27.373976922758498 26.002567859006408 24.678563663247765 24.174710165167227 24.917693884581023 25.796484728078926 26.684229206142795 27.545630929188796 28.377069798209188 29.176369279277864 29.941003016710567 30.66745676784846 31.350991999181044 31.986279041524952 32.56807895110481 33.0893826474325 33.57485018053721 34.0566974193378 34.51936613151817 34.947464795514364 35.32830734464355 35.70972659880699 36.10661857849411 36.50707854341456 36.89833807653405 37.271341427354564 37.617191750648146 37.90450423832892 38.114572989220655 38.23299137196389 38.25452313069717 38.17861535313816 38.01091061245421 37.763426908924764 37.45313363359852 37.099595390322484
36.84380207702358 35.90717890151043 34.86304289367823 33.72867584476762 32.52608536951158 31.275033989804857 29.977607963079766 28.6506224150342 27.310910056763895 25.984086299053956 24.761979996790714 24.3272264421664 24.981763162682164 25.838878847120167 26.709267608048226 27.558103455737747 28.380734223275816 29.175638338408998 29.94138131727221 30.672389099938208 31.360473348886558 31.998950554018137 32.581962804599065 33.10790687897591 33.62770690108071 34.14482726790802 34.64413643017824 35.11091023253133 35.53316568506481 35.95931401909613 36.4039911860983 36.85533641751603 37.30034381907265 37.72047218542404 38.08621448840211 38.385578381244265 38.60080160774114 38.716662124225905 38.72206706707188 38.61263095623721 38.39387017316091 38.08167702970737 37.69965746296332 37.27496596831521
36.69592943107805 35.78833594770787 34.76753596945479 33.654168142818904 32.47307447742293 31.256112801810705 30.02748054302392 28.799828493869267 27.597742838827592 26.489635130930257 25.64019461762563 25.33687399329737 25.647028017838124 26.28895651168413 27.030456334638558 27.795885922204334 28.559354962025687 29.30983806236145 30.04065175736428 30.745771316653652 31.419076818664347 32.05046289097108 32.62642979269434 33.16108483543858 33.705220917850504 34.2479364783016 34.77468579393205 35.271350351515125 35.728138660339596 36.19630626735837 36.68657984897521 37.18751002137146 37.67816628301885 38.124225881386685 38.519363580362494 38.847966943611254 39.08593455945297 39.212872766554995 39.209927117494445 39.06679317294704 38.788488224086386 38.39651945042748 37.92327489435506 37.404250311048145
36.59962566778863 35.72534867649594 34.73880261864303 33.670900632219755 32.54944201388889 31.400021948953512 30.253869765969867 29.14816881874267 28.123895063774164 27.240252270016356 26.61824128411664 26.380695639012096 26.54591403275009 26.992581576267717 27.5737416244907 28.218268157269456 28.89002121404681 29.570332119973152 30.24668777286009 30.90779260298816 31.54307208286794 32.143529957359696 32.70150309936353 33.24373394399819 33.80122321377326 34.35904896483123 34.90312793731051 35.419880400377224 35.904153388575175 36.41016257497929 36.94314567001487 37.49399473658888 38.01802919954726 38.501040046624254 38.934485074086936 39.29936394488685 39.57223437336791 39.724009333202446 39.72268941058893 39.54606262402066 39.197576994699034 38.709439299723115 38.12904903872119 37.503605312764535
36.556660180267784 35.7214085917898 34.79394619012266 33.796370081053404 32.75155627900473 31.68811030353997 30.641867947899016 29.657220538673297 28.78717444924212 28.08633587232356 27.611010476320914 27.422166314635728 27.519951102067726 27.8236111014533 28.258315483898667 28.77337321410146 29.33756597074153 29.932566671127965 30.542732303499786 31.150586631004305 31.73958176668225 32.29700521977982 32.81574759093879 33.349741979762236 33.90917058212596 34.47096788062292 35.02143887562989 35.54729799390886 36.052286901670676 36.59727520519176 37.18622762188561 37.76574572480326 38.31864620766691 38.83874949138975 39.31047247084857 39.718749561285414 40.040911136378114 40.23833715184976 40.25706818140766 40.048539728066565 39.61164654848648 39.00235610869514 38.29495575438 37.55142167179347
36.56593341791331 35.79194301557767 34.936442377814544 34.01793315984024 33.059802738103826 32.09233645890384 31.153742834269423 30.288443922480074 29.545038499069147 28.97421348347271 28.60744265439608 28.461341896333703 28.51573091747253 28.71589735183912 29.026570897895343 29.416228082650047 29.86633167213238 30.3690700933309 30.910022317626545 31.46202373323335 32.000105191825924 32.50825786818938 32.982737002021715 33.48271012918609 34.01443116262764 34.559880980006966 35.09674606846849 35.614003351667805 36.14591235106511 36.74536306258187 37.36294949034639 37.96664312891232 38.551588415924705 39.11027657896015 39.620865097283406 40.075238898042606 40.45885518713969 40.730978010902106 40.806545230487444 40.57163117638694 40.01008341164937 39.24164874500043 38.38685490990932 37.51975409994848
36.63757118947188 35.93039861058837 35.14889871066057 34.313169840985644 33.44716282527204 32.58109074719184 31.752287435888523 31.001862236945264 30.369660119271273 29.892706982518757 29.605069253690342 29.497089111486613 29.515526679965827 29.63859880082284 29.84585219011549 30.116972903523642 30.445615833930074 30.852201848675776 31.332704636689556 31.832905239021475 32.31721254736812 32.7658221737428 33.17429717044146 33.61043173678674 34.08278951998225 34.58463976107646 35.09476542233731 35.6091420165773 36.183289077952466 36.81336202345676 37.44271186338502 38.064834961833796 38.67438285325954 39.262129109329585 39.80784918546624 40.31133525347478 40.76461325977828 41.139670187860816 41.347924481328235 41.107366613587914 40.33536363119386 39.36298088816251 38.355680790687316 37.388308882740695
36.716025023592806 36.058787899783376 35.340577246206614 34.582308705996134 33.807693439476864 33.04679952514112 32.33946425646871 31.72285366037326 31.216428860754252 30.836000221786815 30.603608545237858 30.515145613711336 30.509774431829328 30.576623983703357 30.70176332410064 30.867737316620687 31.06123866050639 31.358388691896288 31.811485162780716 32.260154372340885 32.66713156134845 33.02724266555933 33.35214315812709 33.71133219221152 34.11191602147952 34.54783036893492 35.02529454425812 35.550419622021835 36.15649211488278 36.79118067321293 37.42715725104228 38.05876991954438 38.679913281621324 39.27921427570642 39.83829472309417 40.36113100644798 40.84918613880531 41.30070272874393 41.71132965313052 41.55327002661471 40.412939627441496 39.26371430770034 38.15614368315513 37.127563621291316
36.742194110342005 36.13045786316207 35.47121756261575 34.78626485957233 34.09811315288799 33.43366383697307 32.837985306407006 32.354655913195934 31.979082313376907 31.714788978020103 31.56454693880781 31.504777356485032 31.490653813342277 31.519660871820076 31.587232430410143 31.68171394699282 31.795637851120627 32.01035205833998 32.37458620436325 32.716935085692015 33.01886330752302 33.27948597158852 33.509542023606606 33.778462807556544 34.09441108808816 34.45925117603719 34.89801061102826 35.43429502431928 36.052547524371995 36.68449992118713 37.3191101523583 37.949673633534175 38.568716582878 39.16093938142685 39.70703011565316 40.207824340244436 40.657974942712855 41.03803452181871 41.27018314520537 40.97477877126441 40.00772571495791 38.87350214192533 37.7591250260542 36.718716868639575
