_RESULTS/CROSS_VALIDATION_POSTPROCESSED_CLR/Berg/GZ/6comp/1/Berg_GZ_z_250_kriged_reverse_6comp_spherical_1.asc
ncols 100
nrows 90
xllcorner 5.6208707817415728
yllcorner 50.959635321741573
cellsize 0.00013419651685393446
nodata_value 1.7014100000000001E+038
[rows 20 to 39 of 90, columns 0 to 43 of 100]
4.839696557641295 4.817386512250746 4.794701210942515 4.772692962777526 4.752379791202605 4.734711574751664 4.720529652059701 4.710523114933596 4.7051869609517905 4.704788449223032 4.709347635669845 4.718635874773159 4.732192588872935 4.7493570130698135 4.769309170125246 4.79111367152205 4.813760911775831 4.836202103518402 4.856141398963498 4.860126341314652 4.8447257924488145 4.809963013799855 4.755909885561128 4.683773077542158 4.599213300367197 4.5105476615040105 4.4289367541961235 4.35533345082586 4.290762967162619 4.236121769179205 4.1873640284303555 4.1453405336608915 4.1140104510932956 4.098392312569554 4.102849158617321 4.139740337176512 4.222718150437332 4.356853340561155 4.532463572168762 4.730620030099412 4.930457335504442 5.113242946885489 5.263076104007209 5.368712000718556
4.805526500006497 4.777454912738082 4.749267108687981 4.722131546540787 4.697200410878754 4.675569510453338 4.658227165302717 4.645995837378321 4.639473797185717 4.638986719246739 4.644559119185983 4.655912138968491 4.6724882041722156 4.693496877474348 4.717972308986282 4.744832176679352 4.7729303021087475 4.8010986240974844 4.827911571007045 4.841509179572228 4.835973231059153 4.8113204772031155 4.767638387629854 4.705092160181535 4.623918433317579 4.527430756424381 4.43650962754731 4.3537315511389885 4.280258851996635 4.21587047255958 4.15649952839977 4.104717143059648 4.064670302932003 4.041851210853986 4.043249158077258 4.073973485834156 4.139486747423653 4.24173603092276 4.374819408626046 4.526627742794589 4.68413211507762 4.835313488988985 4.9668594878996055 5.071220004485438
4.766638023415643 4.732538829087813 4.698516281262606 4.6658682141536945 4.635903994449738 4.609898430325312 4.589027589118149 4.5742901806136835 4.566424540517132 4.565836896305682 4.572557951867163 4.586239489225693 4.606191944461615 4.6314527077254715 4.660868495018843 4.693175513504819 4.727066347931355 4.761238964927411 4.79442828410705 4.818581524599851 4.823874473242462 4.810270464128477 4.777881999027257 4.726838453202145 4.649525934009573 4.547955642433475 4.447757694914954 4.355735516213646 4.273123754778837 4.197978099557659 4.127442712521761 4.064615391169356 4.0134053939538905 3.9785730935791137 3.9655449744237647 3.9796316528770177 4.02409702964681 4.096772991207857 4.193444609470191 4.307680864089871 4.433318211280473 4.559200528303341 4.675509329529067 4.776547998680928
4.724156852779029 4.68376204760601 4.6435472877520745 4.60495046687554 4.569462522711962 4.538577491913449 4.5137135978639344 4.496107017670243 4.486691258701833 4.485987249750088 4.49403457855462 4.510386042692996 4.534167365421846 4.5641825416515776 4.599034700345811 4.637235841557358 4.6772904675028775 4.717749930955517 4.757241756622099 4.79165817692375 4.808616813530412 4.806848760261042 4.786499215055915 4.745489144273156 4.674036744387217 4.573117598933012 4.463629978162664 4.3621995079616465 4.270016081180955 4.183341703205061 4.100889319216231 4.025581644291825 3.9608803481519237 3.910744418561605 3.879368866387506 3.8705799132077283 3.886888055609749 3.9284755948826744 3.9930691061504846 4.078880644105657 4.178986173705581 4.284861475996072 4.388830824259732 4.485842726698859
4.679305628766462 4.632362574112611 4.585584695108616 4.5405541011322335 4.498965695850547 4.462579422411212 4.4331277607842035 4.412173239537954 4.400929810090833 4.400088050600713 4.409700833268968 4.4291741127028885 4.457366669157144 4.492759150757694 4.533635428427187 4.578232434552807 4.624840651928625 4.671858225480023 4.7178110912622415 4.761000168618172 4.790310376969827 4.800993678321774 4.79323504193195 4.760426157177664 4.695828855669567 4.601146656154294 4.485157690751682 4.374145442521096 4.271793514737474 4.173302424983902 4.078282754379227 3.989317615181922 3.9093534102860046 3.8416304706832625 3.789480614905509 3.7559552116548494 3.743310979293099 3.752466015920449 3.7863222035129604 3.845066336559479 3.923080293657203 4.0131916676532 4.108162826591336 4.201903726021761
4.633417626162691 4.579717287872506 4.526015736087496 4.474030389772717 4.425673355120233 4.38301920408523 4.348207714020193 4.3232583780918405 4.309802376547029 4.308792913574267 4.320303740522342 4.343512547723525 4.376877838808721 4.418422539896784 4.466011195302644 4.517550205356858 4.571098012928659 4.624905781118954 4.6774163976704575 4.727243694194282 4.769009526873206 4.792570774694905 4.797066913913381 4.772076281409195 4.715188814641496 4.628128421548076 4.51347344165203 4.392782044470625 4.279952372087853 4.169606314169641 4.061684055336131 3.9583761745545347 3.86210967162417 3.7755014726778047 3.701259409566266 3.6420357946952837 3.600255465712845 3.579152345111807 3.5856408267711712 3.619719415797887 3.6783347280571475 3.755680284726715 3.8443852225385924 3.9366229343365076
4.58794588873241 4.5273661216301315 4.466433564621562 4.406969484858236 4.351087127762655 4.301023446940135 4.259512017141427 4.229393294416413 4.21305176846084 4.211911313246045 4.226053053249679 4.254183760005693 4.293976082629895 4.342659647051441 4.397744877453036 4.456786228742215 4.5176137804702865 4.578360984524771 4.637424712792162 4.693414977628076 4.74472628538224 4.7813890519575715 4.797097508350585 4.780722972765553 4.732276607298303 4.65347730376557 4.546211366247324 4.419473202651193 4.296209835476684 4.174284196901345 4.053568685542347 3.935847567456404 3.82304376552489 3.7172065640694525 3.6205115143620614 3.535311991535317 3.4642909471281342 3.4150318223763074 3.394820443749879 3.4064403085077064 3.4500765794946266 3.52102417620312 3.6105621005500286 3.7080195681432286
4.544461494296455 4.477001851252218 4.407945099867238 4.339165127880444 4.2732991053185145 4.213438724520031 4.163129750843881 4.126155409024762 4.105953078606291 4.104705084085664 4.122552415548573 4.157525653707685 4.206253024940467 4.26489285520652 4.329782340281822 4.397705166272168 4.4661299675126855 4.533819328539577 4.599278780196757 4.661162737764969 4.718302410816763 4.767206093753904 4.793577330314099 4.786365271292301 4.746571089730748 4.676141796995197 4.577098643556174 4.453686675121451 4.321223226373621 4.188777107768329 4.056336626482208 3.9250621830279053 3.7963361041233723 3.6719114217237854 3.5534130397994317 3.4427643038232203 3.3433550887335772 3.265025922945025 3.2155542839677844 3.203573108692977 3.2352237545703955 3.3071770530850726 3.4071884076047567 3.520593070011402
4.503394513033661 4.426888582790535 4.347888456167581 4.268628891662032 4.191814520123392 4.120824083315408 4.0599044572376695 4.014133532853861 3.9887054438901313 3.987248578282694 4.0100271051518055 4.053769154739854 4.113318247848614 4.1834344526186715 4.259662968663371 4.338446043547775 4.416945268428961 4.492831704283554 4.564467931674465 4.631788870111154 4.693509747150472 4.747975541014887 4.782780424448665 4.78332345167047 4.751476872641208 4.689209859308646 4.598509321842224 4.482067163302504 4.349960444529266 4.208592994469697 4.06657581653776 3.9247119569986184 3.7836795032741355 3.64405727525489 3.5052345226405732 3.3676853701160043 3.237667565063495 3.125962760960995 3.041640191368654 3.001322366092639 3.0236606867357545 3.1068482073119186 3.2282713695500527 3.3669771566943156
4.462331406269724 4.376846093682973 4.288194707004833 4.198453496127738 4.110190640521585 4.026805725748877 3.953052669283746 3.895578975852682 3.862560116904917 3.8606999450022554 3.8905540832096945 3.9460211149441315 4.018785054479556 4.101803822864971 4.189983900202216 4.279695194645559 4.36822312227434 4.453399921680028 4.532840445351327 4.603621816142825 4.666232898035579 4.721465607965505 4.760156884131375 4.768757628307879 4.7451993164954365 4.691462385971733 4.60950417780432 4.501348082106888 4.376008280092344 4.234417548160287 4.084508332509547 3.934057412074264 3.7820882669289064 3.6264259600267774 3.468013591022756 3.3078087516232926 3.151904659329595 3.0077954419680752 2.88354596081465 2.8024107006449297 2.8171058388630392 2.9289136059286327 3.08194259590932 3.24918947525875
4.423058995182591 4.3294367163598055 4.231930314108598 4.1323417287930075 4.0328592265482825 3.936439517581568 3.847634186059029 3.7742274845892627 3.7290913461839166 3.726394224275469 3.767538179350118 3.8392472164836073 3.927788375924298 4.024567706807261 4.124579686962482 4.224628924764013 4.32231287729908 4.413777616114035 4.497066077102603 4.571360497134913 4.63591630504618 4.6909826290694845 4.728877460031998 4.742732171727926 4.727701413304551 4.682798510868628 4.609963168874904 4.511055586546501 4.39354110280713 4.261273573331957 4.11234913137962 3.951735787954424 3.785871835382342 3.615825991369997 3.442403117450662 3.2664161509831846 3.094653173853381 2.9295310712191553 2.771224536987884 2.627404487615431 2.63260168545791 2.8009860344235795 2.9833238098483283 3.1808524048706173
4.386164476125534 4.285822854356107 4.181276864569799 4.0738619303506445 3.964977227007921 3.856576110641817 3.7521045862702462 3.657986806022816 3.5912076488161957 3.5864243886590517 3.648380118260846 3.74206452545101 3.8474911855504463 3.957161065877925 4.0675463799220495 4.175934651598395 4.277908274437084 4.3721071523419015 4.457819920425104 4.534400362027886 4.601238461966586 4.657704634267945 4.694778280036574 4.708139404723618 4.698685298828325 4.662849115290058 4.599482491837065 4.510408079135724 4.401901850557053 4.279951895558149 4.13621450950429 3.972995253831787 3.796656235169097 3.6163037737652544 3.43322461020547 3.2490174999816612 3.0716001964798636 2.903350201122515 2.7466982370708433 2.6172829663301567 2.620846305906263 2.7673576032611367 2.9571034518403048 3.175181218046061
4.344232668746716 4.238987962774646 4.130003076289925 4.018431703410058 3.9053014854371817 3.7915299063857706 3.678008311388732 3.5660456161394096 3.462107701332302 3.4499427764069184 3.552981374849054 3.668349255987334 3.78644930915484 3.90504497306308 4.021891323074207 4.132436182115969 4.235574049954279 4.330704401431854 4.4172572926174976 4.494691855885653 4.562490233853106 4.6201455356713135 4.658799691671474 4.671533899468577 4.661978800343399 4.631027190988555 4.577338939181729 4.49855079375833 4.3993487908537245 4.282530865725663 4.14420911335579 3.9869421562646554 3.814300444073975 3.630019852280686 3.442382460365872 3.2567456249261095 3.0827884288133878 2.925522691923923 2.7940241901732175 2.71145988210372 2.7161972286644174 2.8232357798194943 3.0019830141942507 3.2249139999427516
4.297391387165325 4.189083867336267 4.078008275221268 3.965393875091352 3.852356988034281 3.739936299281034 3.629240983884474 3.5221802192131078 3.4274418937280964 3.4194492080490084 3.5168163764386353 3.6317800243571274 3.7511709784405918 3.871330238555454 3.9866943304293763 4.095656610834311 4.197486293263822 4.291525524425611 4.377180459613407 4.453916083094018 4.521247241781022 4.578723262497247 4.61947228027529 4.633628781344532 4.623935680310047 4.593705369725789 4.543702897128972 4.473709413388608 4.378841892774622 4.266690480449116 4.135758630567901 3.9866576955155795 3.8230835561343754 3.6488100472812146 3.4678532662116504 3.286513539006268 3.1207068471793193 2.9784871874094865 2.869958571944526 2.810961340202094 2.8250109837351416 2.924398603844365 3.0938852272200554 3.3161507305093165
4.246935674314369 4.1373816590263335 4.026524452918346 3.915914108135247 3.8071895681672645 3.7023403309099594 3.6044316287586198 3.5198406910441227 3.464739769805517 3.4687121191804966 3.5347270456698077 3.631570198435773 3.7414524161147176 3.853496962009131 3.96262788223265 4.066905256362687 4.16501456709431 4.255969274925488 4.338991971246447 4.4134573556182115 4.478856175958178 4.534763723174127 4.5767067606458625 4.5933239963235595 4.584719619203143 4.555305675601346 4.507188904795224 4.434598575874151 4.339747746653852 4.231895123423833 4.10981111984334 3.970761269054264 3.818241258409911 3.6562601467184668 3.489230550593348 3.3237505914686905 3.173396669179778 3.046768057682282 2.953821180853831 2.909963696803997 2.9402407941407973 3.0445405321592243 3.2122695477879044 3.4344256262695776
4.193612976783833 4.084387713183257 3.9756607980433762 3.869407640634819 3.76790860868356 3.6741335169366334 3.592523603109613 3.5304254277959015 3.4993937959875674 3.5112649566700167 3.5662004156058424 3.6511583113223365 3.748947210067918 3.8488977596329814 3.9490239075331073 4.046316154311969 4.138751527847736 4.2248994287875785 4.303713560493435 4.37442045381843 4.43645113427419 4.489389844710914 4.531086209840633 4.5497207872204 4.543848603207503 4.515506092120513 4.465874950114877 4.389057223448401 4.292571897213481 4.1846189531829685 4.067237735355936 3.937922447799658 3.7974824824527995 3.6489805379918026 3.49662115322701 3.3468851971749016 3.213337285879895 3.1042091131069847 3.027450304161919 3.0061901912773483 3.0537500285948727 3.168401385044785 3.343971634189003 3.5725865338481144
4.137738180205492 4.030041796626885 3.9247652061096154 3.824254815035532 3.7312660628055774 3.649288383722025 3.5829888313664773 3.5385732513676524 3.523218592467526 3.5422084868373878 3.594851967106125 3.6729966532154843 3.762195758776439 3.8538597917807227 3.944137475439756 4.033242523158795 4.118727239951644 4.198771464785678 4.272067802532083 4.337688507944511 4.394998574132013 4.44359185369476 4.482946621143656 4.503027157874236 4.499618042884721 4.4727578735013225 4.4181745760248905 4.337790351892427 4.241022105717915 4.134224874391534 4.019571235816026 3.8978031768783676 3.7667441640876422 3.629439871215216 3.489969920152527 3.353883796313122 3.234012431208195 3.138388317962596 3.0788959742426347 3.080979632864281 3.1482376866296384 3.2790840700200174 3.468524351649929 3.709427580246379
4.079365491538583 3.974001966587534 3.8729109176766014 3.778661198242259 3.6942231400679324 3.623174164668229 3.569828385145648 3.5390569692521376 3.5354203139626423 3.5614688075385783 3.616063840925678 3.6901192445128626 3.7740185750202926 3.8612350562322564 3.94603854103047 4.026775031799742 4.104710636721096 4.177816939641907 4.244598415839796 4.3040085317490515 4.355364351482214 4.398283948850729 4.43263066562438 4.453257586568968 4.45163889959864 4.423538359514098 4.364294550585696 4.281343648609442 4.185501190218169 4.0811457839286795 3.970274471529099 3.854841808354842 3.7339882969965332 3.6077247766186833 3.4799547124247896 3.355522691635295 3.2461132626519955 3.1603696205620113 3.120125181610258 3.141710847874351 3.2271989167560706 3.3769078165727593 3.5856981334652467 3.8458618480268028
4.018463743848728 3.9159164287507355 3.819312297080896 3.7312646636876803 3.6547264310181946 3.5931243875992385 3.5503373526360353 3.530333959388491 3.536333310310088 3.5696502989182424 3.627742294734188 3.7007714464005854 3.7825994454747 3.867527208569858 3.9502287778810183 4.026160580062344 4.096484583188076 4.162224831781209 4.22179501929203 4.274084868306387 4.3183920969353045 4.354376458581782 4.382022371020678 4.400315095955252 4.398879427405089 4.367024202418048 4.304229160291609 4.220076634411781 4.126370292348123 4.025787210304353 3.919970768385304 3.81045786802846 3.698836262600413 3.5836759575193584 3.466891246113736 3.352815565405163 3.2509378424631756 3.174224543907726 3.1514899673396854 3.1937190836992206 3.301170055190635 3.4717444381822706 3.7007489359927144 3.980859883059649
3.955053018189614 3.855619931226747 3.763588938968284 3.6814344043621343 3.611895679684559 3.5581340940739015 3.523726528191978 3.512296117009037 3.5266452773719736 3.5676162186970934 3.6300218817269654 3.705131163914122 3.7878276291127295 3.8727035612668077 3.954713951955837 4.029474016760169 4.094026001296936 4.152272846683994 4.204190977177181 4.248659808203458 4.284980257113941 4.312858349529376 4.332404980398898 4.344128164414207 4.339712452004005 4.303502760740088 4.237798267715833 4.154272006836198 4.064003231113899 3.9687053192275794 3.8694036073788647 3.766960711530988 3.6625351340967707 3.5575256904434323 3.4510155997719254 3.345965369842911 3.2494011010113235 3.185953961426195 3.183644075553512 3.2451928707434 3.3712997139927516 3.5607415524055304 3.8093953474235906 4.109914575336052
