_RESULTS/CROSS_VALIDATION_POSTPROCESSED_CLR/Berg/GZ/6comp/1/Berg_GZ_z_63_kriged_reverse_6comp_spherical_1.asc
ncols 100
nrows 90
xllcorner 5.6208707817415728
yllcorner 50.959635321741573
cellsize 0.00013419651685393446
nodata_value 1.7014100000000001E+038
[rows 0 to 18 of 90, columns 43 to 85 of 100]
-3.6809559774661427 -3.7038205163180287 -3.715975137211828 -3.71498778170304 -3.7014295977265483 -3.6764376643024397 -3.640908394876654 -3.595053480077415 -3.538304711473084 -3.469654804532477 -3.3977795422062864 -3.3288059986483813 -3.264120638919165 -3.2049395373057457 -3.15235462532627 -3.1073668932280456 -3.0709101346892793 -3.043867982482312 -3.0270862167924744 -3.021381312389207 -3.021381312389207 -3.021381312389207 -3.021381312389207 -3.021381312389207 -3.021381312389207 -3.021381312389207 -3.021381312389207 -3.021381312389207 -3.021381312389207 -3.021381312389207 -3.021381312389207 -3.021381312389207 -3.021381312389207 -3.021381312389207 -3.021381312389207 -3.021381312389207 -3.021381312389207 -3.021381312389207 -3.021381312389207 -3.021381312389207 -3.021381312389207 -3.021381312389207 -3.021381312389207
-3.649171193645987 -3.671566296725265 -3.6836042417034527 -3.6860668341626908 -3.677722328567339 -3.6594083486208873 -3.6328962477726043 -3.5986786012846403 -3.556083843002833 -3.5035702510501054 -3.4390049351932084 -3.36464944956546 -3.2942319849701374 -3.2298209114980647 -3.172429518222757 -3.122992906333134 -3.0823902506866907 -3.051460071747724 -3.0310108763892147 -3.021828688049755 -3.021381312389207 -3.021381312389207 -3.021381312389207 -3.021381312389207 -3.021381312389207 -3.021381312389207 -3.021381312389207 -3.021381312389207 -3.021381312389207 -3.021381312389207 -3.021381312389207 -3.021381312389207 -3.021381312389207 -3.021381312389207 -3.021381312389207 -3.021381312389207 -3.021381312389207 -3.021381312389207 -3.021381312389207 -3.021381312389207 -3.021381312389207 -3.021381312389207 -3.021381312389207
-3.591712410957088 -3.615395544771882 -3.6242992035595174 -3.6202531519887167 -3.6097898375573574 -3.5969371593197117 -3.5794217317150787 -3.557537369328569 -3.5301916578231767 -3.4953161015691423 -3.450276430407236 -3.3921292201395574 -3.320247512836301 -3.251330173209501 -3.1898457420432407 -3.1366561238423185 -3.0925826192955013 -3.0584176841838278 -3.0349328758042127 -3.0228843377391543 -3.021381312389207 -3.021381312389207 -3.021381312389207 -3.021381312389207 -3.021381312389207 -3.021381312389207 -3.021381312389207 -3.021381312389207 -3.021381312389207 -3.021381312389207 -3.021381312389207 -3.021381312389207 -3.021381312389207 -3.021381312389207 -3.021381312389207 -3.021381312389207 -3.021381312389207 -3.021381312389207 -3.021381312389207 -3.021381312389207 -3.021381312389207 -3.021381312389207 -3.021381312389207
-3.5074290837487796 -3.5360110737668826 -3.5406429399970776 -3.525782975646855 -3.5050952143017864 -3.488893297218856 -3.480302939127274 -3.4723252565238814 -3.4620624510955627 -3.446644413162278 -3.4227967842855587 -3.387080687232168 -3.33602234349602 -3.268474068262385 -3.203754966303061 -3.147623203693627 -3.1008462441530993 -3.0641748627059626 -3.0384183759275207 -3.025667119502326 -3.0250249145677452 -3.026341979868065 -3.0262521497271546 -3.024797041506214 -3.0227105153311338 -3.021397009895343 -3.021381312389207 -3.021381312389207 -3.021381312389207 -3.021381312389207 -3.021381312389207 -3.021381312389207 -3.021381312389207 -3.021381312389207 -3.021381312389207 -3.021381312389207 -3.021381312389207 -3.021381312389207 -3.021381312389207 -3.021381312389207 -3.021381312389207 -3.021381312389207 -3.021381312389207
-3.391631749017721 -3.4338551827365085 -3.430628265464691 -3.396632744396739 -3.362798215380026 -3.3416473974933996 -3.3360815108901996 -3.343814289431436 -3.35343377038958 -3.359936323044079 -3.3593611286890592 -3.3477791083227855 -3.3213646698257597 -3.2764270480197224 -3.213469981684247 -3.156843592269555 -3.1172583701732126 -3.092761271200585 -3.0806882117515144 -3.0789270377394424 -3.085640854348305 -3.0910519482983805 -3.09070114770197 -3.0846351297699655 -3.0736762909165662 -3.0593949121626443 -3.0440579208690726 -3.03055921414985 -3.022337770421984 -3.021381312389207 -3.021381312389207 -3.021381312389207 -3.021381312389207 -3.021381312389207 -3.021381312389207 -3.021381312389207 -3.021381312389207 -3.021381312389207 -3.021381312389207 -3.021381312389207 -3.021381312389207 -3.021381312389207 -3.021381312389207
-3.226426509944269 -3.3072789569764605 -3.280591919361842 -3.2167021060103465 -3.1731949706099507 -3.1529834586210903 -3.154243094004795 -3.1742063900984014 -3.206777092200782 -3.238243099562472 -3.263344754831615 -3.277760338789156 -3.2773959523357354 -3.261844750066152 -3.2379229790411443 -3.207918385402408 -3.1917920960376653 -3.1874642419829327 -3.1918836508528092 -3.202594067036896 -3.2176246265977047 -3.2273910398600427 -3.226762490733156 -3.2157918680517423 -3.19541006746363 -3.1673896256460883 -3.1342782608036743 -3.099309549399419 -3.0662996084249237 -3.0395387562244784 -3.0236859592972656 -3.021381312389207 -3.021381312389207 -3.021381312389207 -3.021381312389207 -3.021381312389207 -3.021381312389207 -3.021381312389207 -3.021381312389207 -3.021381312389207 -3.021381312389207 -3.021381312389207 -3.021381312389207
-2.966683026989809 -3.046780151829073 -3.0201306641139167 -2.9613585442948787 -2.9275845814599593 -2.9202334090779973 -2.9365235120368967 -2.9729366212539983 -3.025862790447509 -3.085580570798001 -3.1388813780187066 -3.181791863283191 -3.2255795644776732 -3.2688008136832316 -3.3022617388973687 -3.3171633038671553 -3.3267053629104586 -3.344624130008327 -3.3674219598794104 -3.3922379607522797 -3.4167695288124116 -3.43120344868408 -3.4302770821032254 -3.414051058346589 -3.3835911924269624 -3.3409200761232225 -3.2889293744607673 -3.231263592193242 -3.1721881717372074 -3.116454438827959 -3.0691716982285207 -3.035693598058859 -3.0215225939670423 -3.021381312389207 -3.021381312389207 -3.021381312389207 -3.021381312389207 -3.021381312389207 -3.021381312389207 -3.021381312389207 -3.021381312389207 -3.021381312389207 -3.021381312389207
-2.6116691879690768 -2.6451615727218947 -2.6474372987866746 -2.632067101431509 -2.6284822722962566 -2.6464837116503777 -2.6863557232890556 -2.7454584175481416 -2.8203657167059584 -2.9071327003376943 -2.9952810849589366 -3.0966525443776964 -3.2048194530571004 -3.309925460485068 -3.4024000991919916 -3.4730021442434746 -3.51707392813568 -3.5595203731463387 -3.6027805626176814 -3.643508016264276 -3.6788532621174324 -3.698331869643506 -3.697083405588234 -3.6751783087180243 -3.6338529432133346 -3.575443788019469 -3.5032694554702335 -3.421476964575262 -3.334871274027766 -3.2487457040336967 -3.1687267637291656 -3.100641696888172 -3.050412166103319 -3.0239737391147625 -3.021381312389207 -3.021381312389207 -3.021381312389207 -3.021381312389207 -3.021381312389207 -3.021381312389207 -3.021381312389207 -3.021381312389207 -3.021381312389207
-2.208996527993412 -2.2232464096505065 -2.2398845694101794 -2.259521061814157 -2.291517309230775 -2.341723591746462 -2.4110222513238626 -2.4977619542927645 -2.5986995144911686 -2.717473612292314 -2.8716337662407097 -3.0414682952379897 -3.215692122880674 -3.38420714783972 -3.5371178152061304 -3.664773810072691 -3.757852117407262 -3.8274368050311693 -3.8934704984529933 -3.9521179010760834 -3.999632140262516 -4.024616934019352 -4.02301661552557 -3.994914295333873 -3.9417659650831705 -3.866308873676254 -3.7723993783542054 -3.6648060221426735 -3.5489864763910384 -3.4308733561804083 -3.316686359941188 -3.2127797206898236 -3.125526803275343 -3.0612388389909753 -3.026112257013028 -3.021381312389207 -3.021381312389207 -3.021381312389207 -3.021381312389207 -3.021381312389207 -3.021381312389207 -3.021381312389207 -3.021381312389207
-1.7926672049294181 -1.8015567414076603 -1.8331931182088346 -1.8829325244299475 -1.9500663685082595 -2.0343961397762795 -2.13459018574165 -2.2484596720496786 -2.380429319740858 -2.5578145784479824 -2.7767474928944638 -3.016190469078108 -3.257573818528859 -3.4905636220419973 -3.704010801529569 -3.8883937031162885 -4.034899865411814 -4.140332814484357 -4.232864506538835 -4.313169949403386 -4.374832521109157 -4.405896369621093 -4.403907183084977 -4.368964803830831 -4.302814097396592 -4.208713880544521 -4.09120865785024 -3.955844766545113 -3.8088749496850913 -3.6569869062289535 -3.5070775541641295 -3.366081111224104 -3.2408489736491193 -3.138073627459469 -3.0642467404259763 -3.025641870469153 -3.021381312389207 -3.021381312389207 -3.021381312389207 -3.021381312389207 -3.021381312389207 -3.021381312389207 -3.021381312389207
-1.378363769664991 -1.388737960107149 -1.4387185153116753 -1.5189321257216122 -1.6218831500618702 -1.7420400459504863 -1.8751839191714763 -2.0214643121436398 -2.2120560019308173 -2.4487698849725286 -2.7227409480262152 -3.016488257775108 -3.3103997010403012 -3.596093872071492 -3.861895506004222 -4.098862431999822 -4.297716280820402 -4.449136240324581 -4.57400290387267 -4.684597672241547 -4.771862131075559 -4.821806528033761 -4.829649465406071 -4.792674363265839 -4.712358229288827 -4.597649066205509 -4.4542985953297904 -4.2888380617968345 -4.108493901177906 -3.920844058157753 -3.7335512057379896 -3.55417634968654 -3.3900628254890144 -3.2482750064387433 -3.1355757094559773 -3.058428699709527 -3.023015975036729 -3.021381312389207 -3.021381312389207 -3.021381312389207 -3.021381312389207 -3.021381312389207 -3.021381312389207
-0.9676118753669791 -0.9865204824452318 -1.061447206864334 -1.176549430676873 -1.3179603705988072 -1.4755530962497998 -1.642776226566985 -1.8453528482541728 -2.0950585742209125 -2.376006954496055 -2.684077870160472 -3.0145473773197655 -3.3483603459562126 -3.675974326380876 -3.9909708446692 -4.280788331206746 -4.53280498169898 -4.736515369295642 -4.898209117948031 -5.042570920448407 -5.157297418015921 -5.229753654420183 -5.254877104832683 -5.229674031706351 -5.153289845828252 -5.026798550741226 -4.855871302309837 -4.657561325735982 -4.441300709853907 -4.215709714347336 -3.9893017599551435 -3.7702953507064967 -3.566518029801723 -3.3853744350888344 -3.2338544090686447 -3.1185632600293878 -3.045762131670812 -3.021381312389207 -3.021381312389207 -3.021381312389207 -3.021381312389207 -3.021426417137781 -3.0218636265404855
-0.5608434668571003 -0.5982946262229301 -0.7087710298680214 -0.8662896601785675 -1.050076025596577 -1.2463746170468548 -1.4603069518269058 -1.7122467029165076 -1.9953678399413788 -2.3071017895187262 -2.645182884658618 -3.007131772318649 -3.377869569982232 -3.7435682570580835 -4.098171232267847 -4.434435652397919 -4.740205660756371 -4.997993889886185 -5.203876925979828 -5.385515387420623 -5.53029959249167 -5.6274026971619975 -5.670731850077859 -5.656971696269061 -5.585665401963252 -5.4588453626987405 -5.280365462409073 -5.055152947945321 -4.800100651212676 -4.5342318897555876 -4.266976496362119 -4.007209295441609 -3.763199964863936 -3.5426307858969874 -3.3526492952589644 -3.1999346368043526 -3.0907653835529643 -3.031082574968387 -3.021381312389207 -3.021457649105181 -3.022213046225416 -3.0235748552051303 -3.025303507462116
-0.15384941866556634 -0.22876277326775618 -0.39251237815393125 -0.6028565923157063 -0.8324614157765495 -1.064649917291073 -1.315574389454539 -1.5971425194587199 -1.9071327355725456 -2.2442549290320435 -2.607444578683874 -2.995365335437838 -3.3984048317735063 -3.7989179888491837 -4.190992860766286 -4.5674200367676345 -4.919235883803173 -5.23238294302352 -5.4888794305309085 -5.711141951879421 -5.889966883680381 -6.01444698989423 -6.077042570839934 -6.074066886763855 -6.00577461706504 -5.8756934921473665 -5.6895137313638156 -5.453939639025735 -5.17578495179739 -4.86829491422921 -4.558580011021337 -4.257180135245357 -3.9727148133379764 -3.713041330791959 -3.4853664273697817 -3.2963556148707744 -3.1522307162330048 -3.058852684859983 -3.022349444170862 -3.0235410255780772 -3.0259050306252275 -3.0287604606995893 -3.031845301474203
0.2542317660155389 0.11002865655544536 -0.12901552895582347 -0.4017563249220788 -0.6731369098311655 -0.926512990411585 -1.2032405639233459 -1.5060705886248476 -1.8348845059396073 -2.1899276729451342 -2.571502901174469 -2.979512251531027 -3.4083117236581426 -3.839121301946607 -4.265655346943722 -4.680913724922249 -5.0755443761932755 -5.437678749327823 -5.749994191715938 -6.017083622335315 -6.2352356244135905 -6.3906846428277735 -6.473760709020969 -6.480354847024323 -6.412002835881086 -6.274621659333272 -6.076597119602718 -5.827018236826789 -5.53448683186471 -5.206528363130149 -4.855387335104798 -4.511932264539844 -4.187302549203914 -3.889381264031458 -3.6253062207606295 -3.4016246607889196 -3.2244618144957204 -3.1005540045746893 -3.0355413227069064 -3.0282680649782425 -3.0323041139525824 -3.03672338422167 -3.0412382890213916
0.6391801627758893 0.36902795838148617 0.04188560277952602 -0.28126600872928265 -0.5620869914094127 -0.8358324434737683 -1.1301809211820273 -1.4448805618885678 -1.7818953537975555 -2.144978020299311 -2.536219950278843 -2.956981953994645 -3.4043706685249226 -3.859773979918544 -4.316562438071305 -4.768505601423184 -5.206112663724227 -5.616409504624764 -5.980654637916281 -6.300020558876101 -6.564722653852881 -6.7560425366808525 -6.8609788987639835 -6.874961866949702 -6.801894599060412 -6.6516213775166175 -6.436508344314907 -6.168754519883578 -5.858973143844056 -5.515776414587684 -5.145902052557115 -4.7626694706585635 -4.398895830903031 -4.064284600946262 -3.765753070511316 -3.5097062222334725 -3.303279567588294 -3.1521651301814413 -3.061298421644292 -3.035353243330285 -3.041130161362057 -3.0471915966805705 -3.0532209226238023
0.83562728043057 0.4437971438174566 0.0713650743099965 -0.2503057608986716 -0.5222969094658989 -0.7972510891969224 -1.0890818778166542 -1.40004247398884 -1.732824955849037 -2.0910244095410313 -2.4810523441304357 -2.905997461965584 -3.365110291451617 -3.841097954898509 -4.3272584694903635 -4.817181609622358 -5.300608803957591 -5.761959672546206 -6.177383722660627 -6.554927348620824 -6.876383653081568 -7.110595715251456 -7.238931714119742 -7.256373335051707 -7.171401342614514 -7.00051909141577 -6.761918258285686 -6.471598809288725 -6.142116087850352 -5.78278212888983 -5.400348151619436 -4.999698988628172 -4.59924710844983 -4.230380274169149 -3.9001666342596586 -3.615995667515907 -3.3838060997372064 -3.2085421558948792 -3.0949082368067824 -3.0474248346229365 -3.0520870600367327 -3.0598774983178894 -3.067517480939224
0.533635139157143 0.2582136671423698 -0.04868193621784167 -0.31531206772135256 -0.5478461476493752 -0.7967442452642186 -1.0658568533553687 -1.357092929589654 -1.6734845790569368 -2.0185698157916065 -2.3965348731800202 -2.815039968198639 -3.275731191815929 -3.7629681539675373 -4.271511861973858 -4.796507993356266 -5.328736621533507 -5.8480990990217325 -6.328944485255681 -6.774681809445632 -7.166710633961248 -7.454553670367121 -7.6079268671494455 -7.621546225356572 -7.51336288033775 -7.311483129175515 -7.042226854211783 -6.725533426257069 -6.3751454332211885 -6.000211501623523 -5.6068073261698075 -5.199034079663659 -4.780146983033813 -4.380496242133802 -4.023335722889788 -3.715124877012239 -3.4607699495273123 -3.2649216927457525 -3.1320389737145473 -3.066433563327533 -3.064858778536108 -3.074473488023538 -3.083833515541765
0.05973649563915018 -0.08375531303094652 -0.2741769494522406 -0.4538548470738899 -0.6277525565187365 -0.8310181792080198 -1.060587689264965 -1.3169894540638245 -1.6030208303571543 -1.9226408173877971 -2.2802536971323955 -2.681075751044352 -3.1315302813713464 -3.6185229528832754 -4.139419715437763 -4.691688149469487 -5.264920681302351 -5.8412048489369255 -6.3987600713515285 -6.939277416303472 -7.427394778277802 -7.788099715312256 -7.968017408539383 -7.963610257862361 -7.81436075889401 -7.568617292753175 -7.262330255681156 -6.917722024917822 -6.547779201584417 -6.1600923127822815 -5.759214125400415 -5.3479890963475825 -4.928291595186533 -4.508629206562521 -4.12966457403484 -3.8017477983349948 -3.529420506433028 -3.317042708767547 -3.1688369936267216 -3.0889183393318183 -3.079104526424136 -3.09064619974924 -3.1018496249029672
