_RESULTS/CROSS_VALIDATION_POSTPROCESSED_CLR/Berg/GZ/6comp/1/Berg_GZ_z_710_kriged_reverse_6comp_spherical_1.asc
ncols 100
nrows 90
xllcorner 5.6208707817415728
yllcorner 50.959635321741573
cellsize 0.00013419651685393446
nodata_value 1.7014100000000001E+038
[rows 19 to 37 of 90, columns 43 to 85 of 100]
-7.672311818075582 -7.7642124155499435 -7.738579312074732 -7.66298083618149 -7.589205102392297 -7.544726943381945 -7.532801110608222 -7.547735242632418 -7.579004031743754 -7.613919063333356 -7.639233027739403 -7.642013344757752 -7.6225250738331125 -7.625691295919546 -7.652160538026584 -7.706356343103552 -7.79825123834317 -7.928421317740357 -8.090950523254612 -8.215982134027024 -8.275350743002441 -8.257273034967767 -8.170300599302642 -8.013656715481142 -7.810347498317871 -7.585497819254364 -7.354077252724309 -7.125065968887914 -6.904521493551941 -6.697034787880476 -6.506400596013107 -6.335944697996464 -6.188255949959185 -6.060647337448488 -5.9462308675142586 -5.8383457476595515 -5.738971274116342 -5.65011947946318 -5.573848588477507 -5.512277262662851 -5.467514621369568 -5.430354609357175 -5.394268327995154
-6.85114294286499 -7.003322250481973 -7.0694581197670345 -7.092599902081675 -7.116739204753029 -7.165328955041144 -7.240793085142591 -7.336565068448569 -7.441275844673576 -7.54170012875413 -7.624430310206285 -7.676655893509498 -7.702476258521637 -7.742329497037753 -7.8080067711449885 -7.904949770705941 -8.033397769014005 -8.195185707769642 -8.378657523979548 -8.51772047577907 -8.597719430459993 -8.592681477682575 -8.468867143697508 -8.251681124164481 -8.002716089125872 -7.742987464991329 -7.484239708225659 -7.232804695472787 -6.993136770124057 -6.768863698517623 -6.5631755296773395 -6.378998393873538 -6.216020868471287 -6.072087433656392 -5.94789422202955 -5.832396610185114 -5.725459020375914 -5.6290424084286865 -5.545172712974243 -5.475957491840536 -5.423603259455853 -5.380581909566131 -5.336533562946827
-6.0766702560945784 -6.252786963284355 -6.375758269584161 -6.475263841507279 -6.587154786214219 -6.7282280268449135 -6.895743537535675 -7.078826772471107 -7.263206754648283 -7.43420178686727 -7.578008401803549 -7.682014095542747 -7.7618250351975115 -7.856835263426142 -7.973960141211627 -8.11398591692108 -8.277251587396256 -8.466399972024542 -8.65686270771775 -8.79645822230626 -8.887318240350657 -8.928129853388851 -8.757868310508844 -8.443772112714814 -8.144956466171465 -7.859263915070146 -7.580701088311022 -7.312879807815489 -7.0590297146421745 -6.822131586122784 -6.604989213420561 -6.409856361138333 -6.23312584158569 -6.075788422734105 -5.940853149613575 -5.81951888455077 -5.706620277481012 -5.604078121987067 -5.513888068854138 -5.438141128186519 -5.379048479673947 -5.328945263979831 -5.2714305036171965
-5.347912627097553 -5.523212117045983 -5.675192981292135 -5.829813761750061 -6.018473660068896 -6.250670922307846 -6.513930909841752 -6.789108739918143 -7.057021364429563 -7.300965843812689 -7.5068928421671535 -7.669453856045087 -7.8230251414125185 -7.984183376714026 -8.153473271845442 -8.335717322103505 -8.530455407184041 -8.739136436696432 -8.91481240915826 -9.029894268780886 -9.086561712569832 -9.067416646900314 -8.869462688943937 -8.549001787078563 -8.225065551854168 -7.923912460107251 -7.636910241023175 -7.3606423955739135 -7.098636230687738 -6.853964440736753 -6.629443141896596 -6.425532529515642 -6.238461440093782 -6.070911300507991 -5.925995807365298 -5.800349792918916 -5.683217431180527 -5.576114263307579 -5.481007557154448 -5.3999628681261 -5.334115885366675 -5.2698859923644195 -5.195893929518558
-4.666238649239299 -4.821235837763225 -4.977034834359454 -5.16632081295462 -5.423335451777937 -5.749085068930066 -6.113612222543429 -6.484699981289193 -6.83759683409729 -7.158549894002713 -7.4371482210909345 -7.671794472660312 -7.900438923951855 -8.127664280185817 -8.350802414285125 -8.574245272850757 -8.797005887820115 -9.00864555701697 -9.151611879173883 -9.219507866734975 -9.211108397130719 -9.107879457580173 -8.881945205617374 -8.578477333475206 -8.253481795668591 -7.940083935134417 -7.651597069384359 -7.374609653967041 -7.110479529288553 -6.862967970627275 -6.635248225352673 -6.425335428962888 -6.231581660725993 -6.0571666324915645 -5.905208273062737 -5.775833487548265 -5.656285566945739 -5.546294480220997 -5.447692393510171 -5.360209929326997 -5.283632215235119 -5.2032537452619625 -5.112591434986522
-4.040047584894937 -4.158643403797556 -4.290401981597001 -4.489614572837821 -4.812341388456179 -5.244861310691302 -5.722676502914216 -6.198001928156144 -6.644183756637933 -7.04593276379347 -7.393509039323867 -7.701482962902728 -8.001148678838481 -8.291570604789676 -8.569590402868364 -8.834208151206106 -9.082931971243166 -9.275615158142557 -9.371784272161687 -9.379703004585714 -9.30404210971841 -9.13958039093262 -8.881370221577676 -8.570775642755997 -8.243226632193961 -7.92299855089704 -7.627483423597827 -7.355824177465588 -7.095009863454344 -6.849216387839947 -6.621889759506013 -6.409492202640048 -6.212707328244356 -6.034814425370957 -5.8789844707868095 -5.747192188458522 -5.627101306771459 -5.515659453946839 -5.411810258647334 -5.31736125093616 -5.22869105704615 -5.1325406384220456 -5.025296943136792
-3.50460104486465 -3.5784739170729636 -3.654538368600475 -3.820215248652982 -4.226159120375289 -4.801889823873773 -5.404851043739423 -5.9812783482971446 -6.510391592346202 -6.981012048130372 -7.388655105337429 -7.767542628386189 -8.130268556013304 -8.477638166617385 -8.808329824574262 -9.117070817489344 -9.386621358732937 -9.542452893794353 -9.57797296745339 -9.51749597796087 -9.376911545402747 -9.160020444514846 -8.868740225131997 -8.540916037489911 -8.205332497339882 -7.878789703788917 -7.575893973996818 -7.306692460270494 -7.0542252019259495 -6.815351924243754 -6.592553663435679 -6.381558857152138 -6.184786660038438 -6.005931148912173 -5.848541951537904 -5.715876181296633 -5.596794555800811 -5.482242662942954 -5.373771972891894 -5.272735631149189 -5.172551555915746 -5.061429416680262 -4.938159162491166
-3.1124511367169903 -3.1617636403578633 -3.1821683294144645 -3.200338629092002 -3.7680404754617975 -4.508310923931404 -5.211770783573211 -5.863668605007657 -6.454472787644448 -6.976080248164415 -7.440302260472512 -7.877076317853326 -8.289434963710969 -8.681969412815869 -9.058487564097636 -9.416536487901983 -9.698261430001974 -9.807197056204387 -9.760881004607786 -9.625117443163013 -9.423205049817655 -9.159775668136373 -8.837194012329855 -8.490255783493444 -8.145400347807316 -7.815421508399488 -7.511145593502107 -7.242152924725077 -7.002481506645264 -6.774605219173461 -6.560009483953888 -6.354596992727341 -6.161185730847436 -5.9835249862492175 -5.8257533329374 -5.691404551201317 -5.568097193467042 -5.448484344851972 -5.336047324352499 -5.228940757023696 -5.1184324411457105 -4.993663770880943 -4.855596415769307
-2.8763616665840885 -2.956373783419705 -3.0341896807439244 -3.1892168139837573 -3.720472021128022 -4.449796846350633 -5.177402646104634 -5.8626059839882645 -6.4874390975384895 -7.0437354690109775 -7.557694035927829 -8.034708846218559 -8.478835564893743 -8.897906798430471 -9.301613730026917 -9.682135750457876 -9.999733187968484 -10.037614572935212 -9.885833501102109 -9.68212937197351 -9.429895548038282 -9.128593657496799 -8.781041664083263 -8.422610204904782 -8.07455261866178 -7.744939363766336 -7.442269472940999 -7.1746865874663115 -6.945348499189189 -6.730933984051433 -6.527254096982164 -6.330498083687674 -6.143896076866802 -5.971098173142478 -5.815853504081919 -5.679852752887032 -5.552395213924587 -5.427233952441272 -5.307912095839877 -5.191085907798444 -5.069322641163436 -4.93280474631454 -4.781988067403208
-2.764958582300586 -2.9177602783875547 -3.117226722861481 -3.431684184129206 -3.938503479664389 -4.591274381382093 -5.2901873387082645 -5.973574360810874 -6.608859742185494 -7.199067688920502 -7.74581204679998 -8.244722767776318 -8.699631285490245 -9.120468523938321 -9.511347895057085 -9.835673144810452 -10.06849794970411 -10.076467093179524 -9.906929319002806 -9.671668422027045 -9.388443845445492 -9.06479005724659 -8.70450431540139 -8.341952560637345 -7.994289576015529 -7.667913323783338 -7.369772373304553 -7.1068314480559 -6.885414377072822 -6.686497670008245 -6.496199820656774 -6.310811783085648 -6.13370821210807 -5.968628611038211 -5.818195433648488 -5.681513986517921 -5.551469817316254 -5.422380511367252 -5.297412694329787 -5.1712107605561615 -5.033488207891378 -4.882544860631299 -4.72113384189844
-2.748416600879675 -2.977226717436067 -3.2730061079714945 -3.670697757623616 -4.192672423735466 -4.815374866476892 -5.4926760362710345 -6.170766422435273 -6.822705316776729 -7.441870564290173 -8.008349753141315 -8.511676455081236 -8.956629569079958 -9.35361762790382 -9.675607982872767 -9.90959627638652 -10.032901855824353 -10.011158838086143 -9.856143883028167 -9.616834258362656 -9.324608576648428 -8.989913128274624 -8.620769638509918 -8.254970013966467 -7.907306898162897 -7.584725900700317 -7.294097831732413 -7.039229762773933 -6.825684680917424 -6.643634089732815 -6.468923021415197 -6.297301343345383 -6.132091452837528 -5.977041881733763 -5.831639443046567 -5.697497602884052 -5.566455771122615 -5.434970706679866 -5.305769962972628 -5.170168571950083 -5.018371430658194 -4.852911401373187 -4.677522637792458
-2.799503090003432 -3.0875778347285325 -3.447877118281597 -3.896666857555078 -4.4392284828374935 -5.0584500386578375 -5.725838634051354 -6.418372951535692 -7.11297734110453 -7.767943497516484 -8.34977825348144 -8.848786205915472 -9.265912629437143 -9.58856799947515 -9.822509959766908 -9.965887428709566 -10.00914285590606 -9.945886170307976 -9.782707635480225 -9.545060529195096 -9.25105085121304 -8.911717243551063 -8.540577820981927 -8.176799141519812 -7.831455040999402 -7.511136642675287 -7.222762793980141 -6.973614312232409 -6.77023008963908 -6.604807767078736 -6.447589469197505 -6.291845874920712 -6.140633513966355 -5.996404641595236 -5.857744752350998 -5.728249860530584 -5.598228486391461 -5.465801313399864 -5.333875694543844 -5.187671217312599 -5.02388875325661 -4.846373974759173 -4.659186149926819
-2.8979484434784273 -3.222923586140705 -3.6224725844113173 -4.10267350211616 -4.6621830431681826 -5.287587285495313 -5.968712118787178 -6.699987975918212 -7.446886029593606 -8.164371800518017 -8.786585461017442 -9.26091506336453 -9.590350540672485 -9.814480778767502 -9.955302074362468 -10.015179021185386 -9.99155885830663 -9.887440013569435 -9.710350259257691 -9.468815601101516 -9.173050529028613 -8.831108366849467 -8.462316745156048 -8.102972414586358 -7.761609472627693 -7.445440041001491 -7.161322427921096 -6.916191096629261 -6.716971827922605 -6.565226136326016 -6.429309010050822 -6.293707542206335 -6.160237222650032 -6.028024825276154 -5.898184924025441 -5.7747069672231675 -5.646941805948098 -5.515378692253086 -5.379124484221881 -5.222986083843252 -5.04918326772257 -4.861837716207587 -4.6653700902778175
-3.025376403311035 -3.36687558489804 -3.785780382324515 -4.281760926317403 -4.850834093903113 -5.498053147323201 -6.215141838103882 -6.988249532699939 -7.805940639042119 -8.617034214235364 -9.288873249652951 -9.689338190437178 -9.89475991162507 -10.010076059200113 -10.06173210306488 -10.04859110465016 -9.969784943863246 -9.83409355168009 -9.640737509830457 -9.390421335447718 -9.087697797250591 -8.739464251014748 -8.376445136092752 -8.024065877110013 -7.689878480401407 -7.381046925328832 -7.104448960251381 -6.866573196410245 -6.674009574527328 -6.529970479121391 -6.407486212494653 -6.2938651090808975 -6.181605788703118 -6.0670033906933565 -5.952297482697498 -5.8375692453481705 -5.712992635329751 -5.582805183141318 -5.439275221173471 -5.274815124857579 -5.092757758491132 -4.897472350839025 -4.693662850205239
-3.164027895748193 -3.5068766479022084 -3.929659187088432 -4.433418285843887 -5.024770791213046 -5.69762725702854 -6.444528671876128 -7.260909468869834 -8.125455298479102 -9.011282626191013 -9.808875943763463 -10.044443941432263 -10.116989606612567 -10.140045904882435 -10.121795958539948 -10.052710304015902 -9.937098167875215 -9.776368555997706 -9.563734148873683 -9.29989008950639 -8.988326820527288 -8.637631151513114 -8.284053807018369 -7.941621438661117 -7.617698490928081 -7.319305061063499 -7.053172665749588 -6.825704105162545 -6.642969703277034 -6.508617630894199 -6.396376300075586 -6.29561072738381 -6.203675330660419 -6.108467703736273 -6.011882606802072 -5.9097777038495805 -5.794681644183594 -5.662640273544819 -5.512683247815693 -5.341377394155494 -5.152639711024815 -4.951021115710176 -4.7413700813503565
-3.2998751366685863 -3.6373844262194233 -4.068690559558195 -4.590425973785494 -5.197659727264278 -5.882149177168482 -6.637076558135688 -7.445029239854049 -8.284467780771653 -9.129201643593362 -9.852176252312095 -10.107630219350687 -10.173119164440191 -10.173533409454528 -10.119908412668288 -10.020728671317912 -9.881832823319959 -9.699329458464524 -9.470412325200996 -9.195053950379068 -8.875465399743662 -8.529582863062526 -8.187753316160837 -7.857752589785381 -7.546758762896281 -7.261632136088696 -7.008894524018732 -6.79476532690749 -6.625009951682849 -6.502635885219808 -6.4009892735833445 -6.312031216869123 -6.23095753152854 -6.155185197800671 -6.077391755815504 -5.987252306672677 -5.8783800245442395 -5.747851717475519 -5.596827605293475 -5.420478773719834 -5.226512581339387 -5.020021310852377 -4.805853594644652
-3.441241406043382 -3.7829952299319487 -4.217215556752963 -4.73625585874885 -5.332286779318649 -6.003911984925767 -6.7355434152962275 -7.504958049599652 -8.280909434311326 -9.009051706926769 -9.589188020275879 -9.925977274556637 -10.072087489733253 -10.106071802360292 -10.055812691016868 -9.946447516570073 -9.794502571784221 -9.599420260269934 -9.359741749147489 -9.075755270127761 -8.751691026377184 -8.418264604310913 -8.090145496251873 -7.774637114696901 -7.47885042836925 -7.209531015201452 -6.972994788166286 -6.775136258386512 -6.621465531812198 -6.5133631269590015 -6.423096704394561 -6.34596748514263 -6.275004862458965 -6.210296677655409 -6.148888530080476 -6.066333269878246 -5.959499848488195 -5.830930113780169 -5.6827491586264225 -5.508955065856027 -5.31177710121208 -5.101887745275763 -4.884612299477372
-3.5493170519926838 -3.8895937408813985 -4.3185573562390696 -4.825671154532181 -5.410014315613681 -6.06017378528451 -6.756190377305285 -7.473231074880325 -8.177601538115365 -8.820958416416085 -9.33941082822573 -9.692059457716173 -9.890465290357211 -9.965074659708138 -9.934896329276832 -9.826234156407104 -9.670202648035714 -9.469789657992973 -9.225347645525362 -8.937750169862412 -8.623337327727235 -8.306529547467274 -7.993906487090399 -7.694471292535095 -7.415755691405089 -7.164475045159514 -6.946774761569765 -6.768197802106336 -6.633745115902245 -6.541945010150895 -6.463998181035529 -6.398023947674247 -6.338291975275801 -6.282622949591934 -6.2217240124783 -6.141615673773611 -6.036948144061834 -5.910647591491815 -5.765462953529292 -5.597623028526091 -5.404942764171502 -5.193877243150457 -4.9751728916456255
-3.638641288907513 -3.9841788862147185 -4.40811994664975 -4.90706315849005 -5.478270540158838 -6.102427714197921 -6.758225048363403 -7.420205846751601 -8.057084087552429 -8.631529535700519 -9.103580785813033 -9.445994924750895 -9.659646584679807 -9.750626420234191 -9.736135572757503 -9.63821814898969 -9.482706155380466 -9.281724163605169 -9.03680356048298 -8.754870547065334 -8.463308159409554 -8.171523415566162 -7.886267756465609 -7.613641982007087 -7.358764720554884 -7.127762492795432 -6.931318644446716 -6.775036653378349 -6.6632286507629575 -6.589254782756083 -6.524849935844325 -6.46992071610865 -6.420248172866486 -6.363387398155239 -6.292825179671759 -6.211710046311565 -6.109166255888752 -5.985392307199792 -5.843342778104104 -5.6824091661021905 -5.4974796662518735 -5.292762985656565 -5.074875997154278
