_RESULTS/CROSS_VALIDATION_POSTPROCESSED_CLR/Berg/GZ/6comp/1/Berg_GZ_z_90_kriged_reverse_6comp_spherical_1.asc
ncols 100
nrows 90
xllcorner 5.6208707817415728
yllcorner 50.959635321741573
cellsize 0.00013419651685393446
nodata_value 1.7014100000000001E+038
[rows 57 to 75 of 90, columns 0 to 42 of 100]
0.9432386708081287 0.9124476817969983 0.8811987010006134 0.8501733458050227 0.8198869736575661 0.7907576432337715 0.763167447070407 0.7375104196449898 0.7142344836174455 0.6938909612983426 0.6772027195892042 0.6651474316777322 0.6590148073264344 0.6588930930084169 0.6611995273608079 0.6669179336973446 0.6761432625416577 0.6876180315898425 0.7013596948894298 0.7168235477030508 0.7326308727888148 0.7478174081963257 0.7621465523936636 0.7782923586229218 0.7970096919617378 0.8184578732298826 0.8426664936271923 0.8694043566069233 0.8943731224612582 0.9170960534518311 0.9487952051934307 0.9903942728854884 1.0406580455821637 1.0991933999132373 1.16915493645304 1.249989721468808 1.3405370830342305 1.4395497885268607 1.5456415313496978 1.6572051860422612 1.772294955456387 1.888473721660086 2.004313449141401
0.9833940835962569 0.9536646463631226 0.9225219137335431 0.8906477263102065 0.8585773778524267 0.8267424869020864 0.7955159329668102 0.7652560962962319 0.7363551731319241 0.7093079588009727 0.6848313493131934 0.6640222576940915 0.6485728836370315 0.6408944096557118 0.6420094019738505 0.6496538678768856 0.6636505794189143 0.6821571803517418 0.704248451362077 0.7275728947392178 0.7503684711268673 0.7719104388130603 0.7942013035749625 0.8177294291135653 0.8426317867486636 0.8690098418510763 0.8968509801054536 0.9259723073679565 0.9558562841692793 0.9829798268034939 1.0160595656463274 1.0578370766974197 1.1071441885253845 1.1630129142967744 1.2285048340476927 1.3038130595948931 1.3876817664772212 1.478714046238136 1.5753187310851238 1.6756292242964166 1.7773867096078149 1.8806147443740406 1.9829729797494244
1.018281850942966 0.9898808664404839 0.9592064901492504 0.9269194956254416 0.8935475702551412 0.8594887386277035 0.8250842629070229 0.7906519281012068 0.7565089765860771 0.7230396393791692 0.6908162229904494 0.6608294920364467 0.6349176948221738 0.6164184178626955 0.6103897123160891 0.6198846752458542 0.6405145726178272 0.6687723571835229 0.7003162435633993 0.7317955875961373 0.762003988672857 0.7921317949132517 0.8222210465547976 0.8523747476000231 0.882734684361853 0.9133910282883462 0.9443207716246607 0.9753460469600329 1.0061092663168782 1.0360388797349387 1.0695664052567109 1.1105771788398455 1.157936492785911 1.210435878698438 1.2705915757180917 1.3393964710203898 1.415507996228076 1.497403996574115 1.5833319640452024 1.6712348987429753 1.761296162893736 1.8543932665205898 1.9471979084088071
1.0474325525763728 1.0206703333294467 0.9908608981317957 0.9585908676794894 0.9243679769427362 0.888614579488567 0.8516611364672522 0.8137673396654216 0.7751497865540109 0.7360264706010381 0.696703539533661 0.6577705319036156 0.6205924622327011 0.5886273287394111 0.5702212025409716 0.5771222689962644 0.6083019142342841 0.6491372088122286 0.6909604474206338 0.7317771008701913 0.7713215794139828 0.8094791604016744 0.846383894677685 0.882235576879536 0.9172138107533216 0.9514178795410928 0.9848266892908314 1.0172719440987197 1.0484225344672924 1.077779490423774 1.1085776616193992 1.1478322196733368 1.1922753553618417 1.2405973422437686 1.2946822338245556 1.356196335267684 1.4237269263343857 1.4956593106112346 1.57019585273894 1.6483360272995582 1.7299590383900376 1.8129513251777498 1.8946113022559206
1.0703570591122211 1.0455146923810616 1.0168828540976587 0.9850645351091363 0.9505785825496265 0.9138360676248121 0.8751491319637471 0.8347410558797801 0.7927577414989865 0.7492832687034661 0.7043675070891701 0.6580903024009465 0.6107562512808223 0.5637179047514715 0.5247552565222247 0.5291571808596494 0.5746221105154646 0.6281846302162037 0.6815713082656085 0.7319894794324314 0.779474803916968 0.8242835963508235 0.8667399259690532 0.9071904016115255 0.9458411100004892 0.982790708916682 1.0180128650880882 1.0513413332171768 1.082461342423111 1.1109076775804039 1.1370085898512292 1.1696618875485385 1.2095566407550562 1.2528461977465928 1.3002673196975432 1.3538837473593202 1.412240684697033 1.4744150882192089 1.5415403925883968 1.6125087472883854 1.6856554513846533 1.7589157944062455 1.8297840728530628
1.0899599948858416 1.0650237200636492 1.036900976836175 1.0058386014403957 0.9717353027860672 0.9347677473589627 0.8952566052965276 0.8534326370974281 0.8094424083561395 0.7633541086023429 0.7151641091376018 0.6648062199347089 0.6121709257377367 0.5571795025125005 0.5011002540469951 0.5059512891854947 0.5631321104718704 0.6208156555053467 0.6778052560802442 0.7336176284550273 0.7866719341061944 0.8363773890229033 0.8830364005055121 0.9268928755650324 0.9682037092531407 1.0070542063354377 1.0433909076672725 1.077033388218341 1.1076686108019973 1.1348500056655688 1.1580013554168171 1.1819356322906835 1.2123195263768065 1.2471556940452224 1.2869936715853734 1.3325819272976276 1.3840767489244752 1.4408302605238232 1.5017364876313706 1.5654421562532856 1.630309592941375 1.6943897664015908 1.7554187905415544
1.108278859646661 1.0833507155683664 1.0549742709093337 1.0234306162413123 0.9889482476616855 0.951712018460234 0.9118745903280856 0.8695703605257374 0.8249333248100734 0.778123878128394 0.7293789523036177 0.6791294381186813 0.6283411394383676 0.5800280314924807 0.5452789851965374 0.547546179784687 0.5849572945620877 0.634663722899088 0.6876785111347334 0.7411860937008136 0.7939623000739725 0.8452749754918243 0.894493893103252 0.9406650762019748 0.9836613221459353 1.0235709464056137 1.0603230428241384 1.0937036717527893 1.123385645590108 1.1489262053154436 1.1697690256610311 1.186310583883706 1.2064172112482405 1.230991472010427 1.2617728381639983 1.3007065509811016 1.3464446999448867 1.3975205909318704 1.4520839853356973 1.5086083951712124 1.5655261126046776 1.621035827231344 1.673120243105969
1.1250678019020288 1.1006115018037075 1.0725134180145384 1.0410890890346056 1.0066160255156131 0.9693440274924647 0.92950982362668 0.8873580020145689 0.8431731782030709 0.7973350592412676 0.7504239485839845 0.703443660980762 0.6587559620824982 0.6214668194636093 0.599315896988804 0.6008723233268966 0.6256037779385005 0.6646255759555932 0.7105018694095352 0.7591959120673958 0.8085727742181111 0.8573721651387933 0.9047429059943988 0.9500380395191395 0.9927198974400145 1.0323263417473802 1.0685696746569744 1.101097676423204 1.1295360558212724 1.153520460804316 1.1726933947425178 1.1867022086256331 1.1989659977505687 1.2156128484752526 1.2388025343721905 1.2699124118302938 1.3075995836347971 1.3504402397211572 1.3969209220622036 1.4454331218720604 1.4942746578637278 1.541662799482425 1.5857654504511292
1.1399951424348207 1.1164462013678362 1.0891174865750457 1.058363668656608 1.024516558672644 0.9878977649787127 0.9488372570308723 0.9077009816804116 0.864933890092051 0.8211308426278969 0.7771850147117766 0.7352465533519706 0.6980701927943552 0.6693281292981772 0.6537400302806153 0.655066163180863 0.6730822688230684 0.7037676555156421 0.7423987818268097 0.7853753243916287 0.8303029468031182 0.8755949414895261 0.9201427223555817 0.9631154928453679 1.0038468832310294 1.0417709285485308 1.0764176805414987 1.1074994096171022 1.134628832903133 1.1574154732352921 1.175481825303156 1.1884596881687475 1.1960937441470443 1.204346305697591 1.219757676803133 1.2429255351938755 1.2725285697327005 1.3071805651613206 1.3454274916597972 1.385748921897829 1.4265665639544398 1.4662634358779298 1.503217536107939
1.1526500178437222 1.1304047276359088 1.1042824330970384 1.0746780315939652 1.0419775520353796 1.0065726804036588 0.9688816875805795 0.9293797330357139 0.8886448565300793 0.8478619096916824 0.8085640910872028 0.7724159770587059 0.7416297030924706 0.7189675147909099 0.7073068780086531 0.7085671587821668 0.7226206281799458 0.7473549393128557 0.7798135243237373 0.8172269608843856 0.8573995227445997 0.8986859747784803 0.9398513043997624 0.9799398679777913 1.0181810676301457 1.0539268516499594 1.0866113241359012 1.1158081613169282 1.141214997902319 1.1624153940659547 1.1790087909902498 1.190608684855059 1.1968390066304146 1.1984364902133482 1.2059517982696988 1.2211289708062685 1.2426792587914945 1.2692647275276745 1.2994997090274003 1.331956804145041 1.365179503366874 1.3977037407656452 1.4280905186924895
1.162553282037753 1.1419614370449982 1.1174209845472731 1.0893644021082265 1.0582266820091577 1.0244604786588258 0.9886362810903877 0.9516539799349201 0.9143863283428556 0.8778612176139337 0.843335303002874 0.8123486349716929 0.7867350584782403 0.7685016294517841 0.7594762180028478 0.7607521902660959 0.772236675156906 0.7926772819420644 0.8201453733702921 0.8525867524257285 0.888154802091303 0.9253155755713744 0.9628286646906163 0.9996877510481544 1.0350605087153633 1.0682402176122698 1.0986100705402317 1.1256233644667926 1.1489506802196936 1.168221427685633 1.1830118075327158 1.192916330730799 1.1975433522146066 1.19784698717091 1.19866572051691 1.2058555885395021 1.219429390248863 1.2381039953688397 1.260566151041833 1.285481290373253 1.3115080872544824 1.3373201660914205 1.3616360007510755
1.169262626591893 1.1506482552918331 1.1280894223325648 1.1020989845178375 1.0732312472078842 1.042094370886531 1.009366378805759 0.9758153136636755 0.9423234619416351 0.9099137616095682 0.8797721631732439 0.8532508549584841 0.8318235587606554 0.8169539185208912 0.8098563668441918 0.8112012163378729 0.8209064653578142 0.8381528487417135 0.8616141617021625 0.8897583679810831 0.9210813307132423 0.954228795973375 0.9880314102599382 1.021493231192525 1.0537630516873582 1.0841037442094503 1.1118656121714716 1.1364651653103972 1.1574310824385645 1.1744779401633856 1.187175628247235 1.1951008580467102 1.197846934141037 1.19784698717091 1.19784698717091 1.1983875346224035 1.2040907494126847 1.2150284402068205 1.2299603697179962 1.2476414075545852 1.2668366073444597 1.2863418393416954 1.3050103480832775
1.1748539740158217 1.1585441847547016 1.1384281684617383 1.1150382507838679 1.0889500710491695 1.0607938380304436 1.031267643410435 1.0011520928811333 0.9713242429968054 0.9427667463558501 0.9165651081979783 0.8938822669567599 0.8758966869066178 0.8636923769797461 0.8581051685124492 0.8595621073937222 0.8679797226951947 0.8827754198791345 0.9029886000844496 0.9274523453820572 0.9549486295868507 0.9843117548763649 1.0144790431205992 1.044504381805886 1.0735514697078907 1.1008786660994652 1.125822121703828 1.147780271629734 1.1662069002292812 1.180785306853692 1.1911423850203389 1.1968396788117386 1.19784698717091 1.19784698717091 1.19784698717091 1.19784698717091 1.1979150761113435 1.2012974183588687 1.2089364514881522 1.219671278074765 1.2323637555996092 1.2459174510672137 1.259300810293454
1.1800914031178187 1.1662869136645735 1.1487960100026788 1.1281624791699556 1.1049726600699368 1.079865111303714 1.0535411658949234 1.0267748455349055 1.0004189451572905 0.9754019389286951 0.9527087776578061 0.9333395533829931 0.9182442599570858 0.9082376681431402 0.9039046131534537 0.9055149232892454 0.9129752795048949 0.9258399022613255 0.9433792376917906 0.9646815210924584 0.9887543851599081 1.0146037356078506 1.041282883814206 1.067916026415987 1.0937042102682017 1.1179213759294977 1.1399058748344932 1.1590506944506944 1.1747940666069558 1.1867121381166874 1.1945215374361373 1.1977775144274394 1.19784698717091 1.19784698717091 1.19784698717091 1.19784698717091 1.19784698717091 1.19784698717091 1.1986826545893488 1.2027369232400436 1.2092216390719468 1.2171349021603297 1.2255437680194399
1.1845547855688638 1.173416898647306 1.1586891042312053 1.1409184589088104 1.1206915991999318 1.0986427879612406 1.0754623734922055 1.051904022604051 1.0287870748871717 1.0069873514325867 0.9874076705473824 0.9709235158368285 0.9583128217067365 0.950189760529584 0.946955009335921 0.9487620192765165 0.9555009375932882 0.966808632534574 0.9821083121057703 1.000670130863337 1.0216770799884265 1.0442822804843557 1.0676433779323273 1.0908893782284068 1.1133074805272534 1.1342572311236112 1.1531301054926648 1.1693434841916563 1.182334219647299 1.1915894199567754 1.1968123928610572 1.1978423296588685 1.19784698717091 1.19784698717091 1.19784698717091 1.19784698717091 1.19784698717091 1.19784698717091 1.19784698717091 1.19784698717091 1.1984903312639128 1.201035724619766 1.2047376446480078
1.187812253577347 1.179469365642087 1.1676075862220505 1.1527696453023162 1.135533060706408 1.1165165981945682 1.0963873737144907 1.0758677456652155 1.0557391855174432 1.0368354255900822 1.020009518854525 1.0060609447592754 0.9956420089809749 0.9892002324648115 0.9869777700418106 0.9890276896516627 0.995219491980718 1.0052439249743774 1.0186316271429574 1.0347835429098224 1.0528268714952567 1.0720128205496975 1.0917170078856553 1.1113149510878049 1.1301937934703679 1.1477569390563498 1.1634240147225063 1.1766282711481344 1.186813000104908 1.1934353220154184 1.1961691461975716 1.1967230876679162 1.1972533937629486 1.19766447061382 1.1978459411825835 1.19784698717091 1.19784698717091 1.19784698717091 1.19784698717091 1.19784698717091 1.19784698717091 1.19784698717091 1.19784698717091
1.1894259700888261 1.183980235409882 1.1750613660019174 1.163201426241951 1.1489610385574647 1.1329340463940742 1.1157532994476125 1.0980983602051404 1.0807057107357332 1.064377252235868 1.0499625114308768 1.0382589790069219 1.029837146502174 1.0249690522062989 1.0237251847992952 1.0260623646809504 1.0318331724719554 1.0407703605657703 1.052201460951672 1.065511744326289 1.0802698151395427 1.095986372854917 1.1121373901597678 1.1281815502832293 1.1435714539757758 1.1577594673161467 1.1701996782896804 1.1803474953025315 1.1876581882663229 1.1915853164145445 1.1926741859166865 1.1937234194153945 1.1948544818643736 1.1959589553734509 1.1969150955651995 1.197590913230452 1.19784698717091 1.19784698717091 1.19784698717091 1.19784698717091 1.19784698717091 1.19784698717091 1.19784698717091
1.189238271788757 1.186488970303883 1.1805718334009443 1.1717211053507208 1.1604751489265066 1.1473961928601397 1.133073746813807 1.1181312513388253 1.1032417947734845 1.08916425214079 1.0767945042609546 1.0670793574018318 1.0605729649407376 1.0572651187902595 1.0569971599333488 1.0596472949620273 1.0649571518904817 1.0722308194275008 1.0812363536714025 1.0917214801079025 1.103355328748831 1.1157468231134016 1.1284620324350507 1.14103802859807 1.1529924437107892 1.1638290494282049 1.173040307031229 1.1801080555650065 1.1845034286667253 1.1861043910653593 1.187393793627814 1.1889720710734837 1.1907392101703973 1.1925737533233536 1.194340627082861 1.195894881617788 1.1970849859512647 1.197755571242705 1.19784698717091 1.19784698717091 1.19784698717091 1.19784698717091 1.19784698717091
1.188885458896955 1.1867067471830572 1.1836702107212338 1.1778533450173132 1.1696022308417655 1.1594451664718373 1.1479246709091186 1.1355988371724643 1.1230505772061203 1.1109307320025121 1.100137249495423 1.0921321463866362 1.0876646311324973 1.085979626472378 1.086657122552382 1.0893001906578739 1.093322464156578 1.0987077308419715 1.105368778459919 1.1131331882205175 1.121754741425073 1.1309272298484063 1.140297480690985 1.1494758343662388 1.1580434143745688 1.1655563825877542 1.171547943513687 1.175529127329746 1.1772562128031898 1.178718650361343 1.180456300570335 1.1826012996944462 1.185045739625183 1.1876524650758264 1.1902707064251712 1.1927406204159055 1.1948971262483281 1.1965729462321635 1.1976008732595222 1.19784698717091 1.19784698717091 1.19784698717091 1.19784698717091
