_RESULTS/CROSS_VALIDATION_POSTPROCESSED_CLR/Berg/GZ/6comp/1/Berg_GZ_z_0_kriged_reverse_6comp_spherical_1.asc
ncols 100
nrows 90
xllcorner 5.6208707817415728
yllcorner 50.959635321741573
cellsize 0.00013419651685393446
nodata_value 1.7014100000000001E+038
[rows 38 to 56 of 90, columns 0 to 42 of 100]
-2.889581171974882 -2.7044075108689754 -2.528490614869841 -2.3667221969134706 -2.224671497171907 -2.1087888031884625 -2.0263143411048268 -1.9845749611400851 -1.9894564054362727 -2.043377261860975 -2.1413462218629666 -2.26314127195376 -2.397929576634121 -2.536167838415529 -2.6689860417458897 -2.788894152715446 -2.897340241695584 -2.995754796862512 -3.081751922816569 -3.153847234583825 -3.2113518769946676 -3.2543042703833462 -3.2834113617901712 -3.299217442422528 -3.2962502314691973 -3.2575062155211914 -3.1814054806676784 -3.0856381001103097 -2.9884711407194833 -2.892465183653708 -2.798016281943184 -2.704952171114282 -2.612605567757576 -2.508482276709199 -2.390645318449242 -2.264299424857621 -2.1558702906132 -2.093817424762528 -2.0920623808528425 -2.166226919752205 -2.3170120991383043 -2.5420975211938455 -2.83608816276116
-2.772110595075412 -2.5885448178161914 -2.4161891626405345 -2.259747694323767 -2.124556982835429 -2.0168724468715244 -1.9438438221587262 -1.9127831530089976 -1.9294451986677799 -1.9957708070504796 -2.1008520445879544 -2.226612481195967 -2.3638992030170805 -2.50319365280397 -2.6357963262607744 -2.754325763757825 -2.853863027797922 -2.940229366540192 -3.013435344014698 -3.0719992542225754 -3.115275225109866 -3.1434447371024317 -3.157538989341125 -3.1594388021464055 -3.142256285628977 -3.0868471553616623 -2.99686886626191 -2.8925480885880908 -2.792362347165762 -2.6971258207519426 -2.605845979386223 -2.5168755243879803 -2.4289090757328675 -2.340370385256194 -2.2400989521887857 -2.129353632065414 -2.0245779639113195 -1.976664342456445 -2.001744315072672 -2.1016759973156702 -2.2774921580833203 -2.5278893200923007 -2.8474664775486067
-2.652963060138956 -2.4715404654487774 -2.302921011987189 -2.1512585369990416 -2.0212604380812977 -1.9187492591789357 -1.8510630095378882 -1.8266763414950744 -1.8530816298633823 -1.9325361618119028 -2.0475648816870016 -2.183015874259262 -2.327985501117997 -2.472259995298155 -2.6072096674350065 -2.725803008458677 -2.822375579305172 -2.897121439152762 -2.9571030753814105 -3.001198334852653 -3.0287843178377045 -3.040110555219485 -3.036438082516288 -3.0202146406288195 -2.9814564134488593 -2.9067670616522476 -2.8032700094654195 -2.692905527175573 -2.5924592756516116 -2.50175278889262 -2.4174768928214987 -2.3358011009837285 -2.253837872849887 -2.1702370061385863 -2.084296248636597 -1.9901352542293589 -1.9117797931531335 -1.8885338629233934 -1.9345639507937835 -2.0530818958125967 -2.2476641423439494 -2.5194747400144353 -2.8637413782933745
-2.533399929872178 -2.3550399966571787 -2.1909513513505248 -2.0443127299919603 -1.9186320544016504 -1.8187056891402702 -1.75186651595632 -1.728932253113023 -1.762253450411226 -1.8555357286395076 -1.9866859296735289 -2.138218010291137 -2.2957645100594606 -2.4482579797006054 -2.587469943627818 -2.7070769097644924 -2.8020387573458985 -2.8688311944451796 -2.91541480647811 -2.9444871832969226 -2.9553781581238523 -2.9482476422299357 -2.924347776249189 -2.885738004708887 -2.8183386441404243 -2.72037644958979 -2.603776614129972 -2.489059264701089 -2.392248353962313 -2.311418214619586 -2.239233345907508 -2.168768905073468 -2.0953856235024384 -2.0168622492533483 -1.9365237869259841 -1.8781506267203936 -1.8375505607908273 -1.833729087233963 -1.8933910605491833 -2.0218972278937293 -2.227249345141965 -2.516051397661687 -2.8857043044569526
-2.414771244854846 -2.241041682031787 -2.0833603077996363 -1.943480770415321 -1.822992477494609 -1.7245629402084264 -1.6540707144890243 -1.6245540097530093 -1.6591112629331972 -1.769811932226908 -1.9266973868100061 -2.1012690747928207 -2.27505292136885 -2.437430389884578 -2.581540063859349 -2.702264081045422 -2.7954237190029603 -2.8574648344504894 -2.8909821415271018 -2.904947474883164 -2.8988077197934383 -2.8724201048659177 -2.8266444192147864 -2.761578297368128 -2.6613651200401454 -2.533349503437024 -2.401481789997455 -2.2832250151893043 -2.1961283883148743 -2.1330274717952524 -2.079330372342006 -2.0242818016742206 -1.9619691636206857 -1.8924218314500036 -1.8409696686402612 -1.811588454375343 -1.8022354757547516 -1.8183911399077979 -1.8845286222322035 -2.0126163905201606 -2.217162170158559 -2.516753043839538 -2.915391625546258
-2.2982630934973804 -2.131545180661528 -1.983601032084675 -1.8543577280070878 -1.7428901626065505 -1.6486416962669965 -1.57321970326237 -1.5259556921672561 -1.5461709721014012 -1.6863224096665888 -1.8837412169962642 -2.085657838319305 -2.275570826567795 -2.446633198809873 -2.5944042343357494 -2.7152281659732673 -2.8058152855718426 -2.863131938829354 -2.88604982622551 -2.885387678571566 -2.862777411297911 -2.817600310512862 -2.7499308585260485 -2.656949312054011 -2.5213011403437555 -2.3590754787353005 -2.200258862270169 -2.0776228983069176 -2.0113304843377318 -1.9774216423033004 -1.9488772466462754 -1.9123789342367772 -1.8630959178393227 -1.8245320530368243 -1.8073856696462274 -1.807682378968185 -1.8226508777754162 -1.8553380266708817 -1.9198087764549534 -2.0366514233404924 -2.221998414807457 -2.5204029163228294 -2.9587184582795536
-2.18458721025141 -2.0281014214958613 -1.894844148053541 -1.782490406699695 -1.6874333206195566 -1.6061977598154566 -1.5360616645819807 -1.475234660779956 -1.4300502275145246 -1.6480567972559697 -1.886451254054403 -2.104869346504729 -2.301505124524786 -2.474495919079502 -2.621670630774754 -2.7405559186467694 -2.828418172889713 -2.8823118821387244 -2.8992563284165396 -2.8870743116622823 -2.8503817779919096 -2.788491887687564 -2.701406734337646 -2.583409133302623 -2.4183945606216413 -2.2190552373627925 -2.01094144491621 -1.875673968185779 -1.8551233008852375 -1.8633072788152143 -1.8624297470101632 -1.8439027117625493 -1.8213880695775098 -1.8206941991079666 -1.8383195033984654 -1.8702089936785358 -1.9128389330068547 -1.9674292003274831 -2.0321856065147452 -2.125486975017249 -2.2634142040664367 -2.5252934536765332 -3.0387226087295085
-2.0737050182330923 -1.9314649994832291 -1.8194611409482047 -1.7321191335148054 -1.6631093816425442 -1.6078678498809893 -1.5649165968093173 -1.5392075674780559 -1.5685954840499456 -1.730949284579216 -1.944436345344831 -2.151761872434902 -2.340979471120431 -2.5079264316200534 -2.6498359388871178 -2.764122726548488 -2.8480795356435604 -2.8988004694131133 -2.913175681502873 -2.894841366093371 -2.8525161332649227 -2.783896870028126 -2.686408324889301 -2.5546859470245087 -2.3772837040980956 -2.155010429019591 -1.890141472226282 -1.7128176621961746 -1.7769757442636407 -1.8186117681507081 -1.835274099712556 -1.8324860087256178 -1.8461554138012826 -1.8810944195826873 -1.9336182771454897 -1.9997312447366444 -2.0755549996334253 -2.1615159354496982 -2.253337647488085 -2.348141906995585 -2.458738785113596 -2.6166351642255035 -3.2574722755119145
-1.9646878672509036 -1.8417097314727076 -1.7593818484320098 -1.7059885619736308 -1.6718368762889129 -1.6520694948110748 -1.6441387641079883 -1.6600586066211682 -1.728208587728163 -1.8642200412317114 -2.0382534085397137 -2.2197488021838017 -2.391790255969158 -2.5463804067526516 -2.6789524382871504 -2.78611146310456 -2.8647859973625875 -2.9119043597288874 -2.924279338962448 -2.9027478621878653 -2.858085512000873 -2.788929733379656 -2.694939081423991 -2.5759389399696926 -2.4112331329560805 -2.2051134207181806 -1.984601532304319 -1.8443860024486116 -1.8395389008144245 -1.86222837142977 -1.8749391173273402 -1.8910173491365727 -1.9347830160302748 -2.0021359872514655 -2.0891844216081856 -2.192046199698549 -2.307080977745543 -2.435479800983331 -2.5757028265530555 -2.7277572015470137 -2.911638127806363 -3.2171386340058543 -3.7262983400578626
-1.8557670778727569 -1.7595409721266737 -1.7183502105839241 -1.7072385888228494 -1.7098389767512479 -1.7185297532527315 -1.7389475302983675 -1.7830326111383958 -1.866519928599601 -1.9917859977796923 -2.1397546762898734 -2.2958600241818035 -2.447514094110524 -2.586369498305118 -2.706938008699207 -2.805157164238598 -2.8775586670094566 -2.9208574549087145 -2.9317765577601276 -2.9095914568376413 -2.8658091312605465 -2.8030973075291765 -2.7254170909875493 -2.629891139770324 -2.498217397859264 -2.3374894147697853 -2.172412266861397 -2.0506945490488153 -1.9987049516515958 -1.9839836372070279 -1.97998976691599 -2.011657795353564 -2.0794416761914065 -2.1759176172763017 -2.296550376567861 -2.4375974821420088 -2.5960347458324193 -2.774227348520068 -2.9747631617761168 -3.2033212200877426 -3.4784021122828386 -3.8389091520979255 -4.313642915493036
-1.744543548465653 -1.6919639459796465 -1.7073660588720463 -1.7366073941786047 -1.7655081902260727 -1.7967284906969052 -1.837379039945851 -1.8971288960794679 -1.9856545134628285 -2.1031654171276033 -2.2332283478317616 -2.368211024380544 -2.5002204619472868 -2.6225500977255827 -2.7299859611812103 -2.818341103860498 -2.8839709392011454 -2.9234597896358663 -2.93347357388315 -2.912648856657131 -2.8767003309329673 -2.8299679508134625 -2.7728084480717974 -2.705142744785078 -2.6107622635340944 -2.4944087364607497 -2.3726165434023425 -2.266166868869676 -2.1962776438889775 -2.1559210413612906 -2.1438295757606087 -2.184751237330855 -2.2696451319281494 -2.3910633839547355 -2.5435330616870218 -2.722481515173856 -2.9253651413930233 -3.154622789066491 -3.4157145191191294 -3.7145211177164024 -4.06237883977053 -4.471398970867018 -4.941512277088796
-1.628277777930975 -1.6797283816767132 -1.743826891431563 -1.7957183438384217 -1.8405043358556332 -1.8846092099950695 -1.935431868115204 -2.0007518963909954 -2.0872852070838763 -2.196040181375136 -2.311675117451363 -2.4288208479987605 -2.54291806610534 -2.649229226555821 -2.7434495804012218 -2.821732743089792 -2.8805205325754306 -2.916388437987208 -2.927748294418685 -2.9160176919227165 -2.8940893560297822 -2.865187572179784 -2.829910763555143 -2.7898869687447116 -2.7314499580280027 -2.652722077745033 -2.5637459916434557 -2.4796127577618887 -2.410377169061612 -2.3565397352698554 -2.347316840651251 -2.397513974048365 -2.4974056108404024 -2.639738835965559 -2.819212597703484 -3.0321084077104645 -3.276211685487382 -3.5526837343268887 -3.8677525108945456 -4.225253060297541 -4.629918115935575 -5.083479383903543 -5.5772780073254795
-1.8155463966033798 -1.8009643052213304 -1.8436262012533104 -1.8906906113202484 -1.9352458499397485 -1.980326722474964 -2.031212821510337 -2.0935616147405365 -2.1721765987404127 -2.2691735910607176 -2.3713282126201904 -2.4723655150508246 -2.569946989814642 -2.661046115423016 -2.7424363805787344 -2.810915787268323 -2.864866528975397 -2.9024459517413366 -2.9213218049259932 -2.920938166227727 -2.914092607397678 -2.9036625763667465 -2.890047340653086 -2.874758098635508 -2.8494775846170985 -2.8033120363332804 -2.742555999492432 -2.6819188029154555 -2.6264741474228455 -2.575430552981563 -2.5745054144821213 -2.6350863433404106 -2.7492463177445323 -2.9105933137955744 -3.11429240453771 -3.3569692467330743 -3.6366680496107335 -3.9533687021364283 -4.312653760482514 -4.7171074982918615 -5.167453044261709 -5.660867333440067 -6.183811539512157
-2.0566973342749724 -2.001851957920631 -1.9991621570198714 -2.018385501042741 -2.046450646385608 -2.0806095995396814 -2.1223188906196455 -2.174496934649104 -2.2400487600355588 -2.321032510858041 -2.4093322172700566 -2.4948795218371127 -2.5771795249942877 -2.6550444069567662 -2.726874692358367 -2.790780689793799 -2.844621017988386 -2.886038848902061 -2.9125466680910472 -2.923947688197781 -2.9328079424196605 -2.9408500979908108 -2.9479499604671537 -2.9547879377917607 -2.9582677143704124 -2.941440037175305 -2.9082104754401796 -2.8719276603389194 -2.834193279940699 -2.8004251427548077 -2.812964595431652 -2.884579029283159 -3.012137201632629 -3.19028280055678 -3.414785453671903 -3.682601155630576 -3.9918595869933906 -4.341783279662199 -4.735604324081905 -5.176287181739392 -5.662535049402787 -6.189997705328048 -6.741414777246419
-2.289505580634228 -2.2172344663217323 -2.1828573135029012 -2.1729010188738473 -2.1774036376951655 -2.192022038891453 -2.2161190825628334 -2.2508927218657044 -2.2981147283875267 -2.3593266219142848 -2.432139113578564 -2.503670012341464 -2.573023092988486 -2.640138373310223 -2.70433814019161 -2.764341244495771 -2.8182779808042278 -2.8637620405675595 -2.8980458310350663 -2.9218225046524156 -2.946825899202924 -2.9731017040651855 -2.9998143534541124 -3.026711668079357 -3.053476680975186 -3.063993727367902 -3.059585618322116 -3.04844654856831 -3.0309252123580053 -3.01819360387664 -3.052112403064143 -3.135147103713849 -3.274612414027361 -3.466789925951013 -3.708018333601938 -3.9955192761169585 -4.327403162081511 -4.702559849372497 -5.121336581207725 -5.587297357829706 -6.098895948343589 -6.651824545345997 -7.22675586628333
-2.5125987609805 -2.430132145176309 -2.3743501216522978 -2.339723792248671 -2.320457414070975 -2.3129694077843674 -2.315981660845418 -2.329776434823381 -2.355424692480222 -2.3942005663550465 -2.446963583821007 -2.5035828857862255 -2.559389395310015 -2.615383421042275 -2.67180772635059 -2.7280001979027593 -2.782325904327772 -2.8322579646449997 -2.8746155379757092 -2.9118301186319315 -2.9534364229641628 -2.997731786567407 -3.0430822196792744 -3.0883303633455386 -3.132665002159471 -3.170432526708562 -3.1956326621875135 -3.2102291675066668 -3.214508335648693 -3.223686760674951 -3.279033193668071 -3.3777860819220873 -3.526940302593179 -3.7297985429496565 -3.9831383566287304 -4.284343677517116 -4.631418600540577 -5.022888455319993 -5.45757358705805 -5.937190297683914 -6.461881557351331 -7.027814355023907 -7.615012406329632
-2.724835200357949 -2.635307025513789 -2.5640289445946487 -2.5092075307174673 -2.4679906316995215 -2.4381216753376074 -2.4185268928245174 -2.4092260584762073 -2.411008712108817 -2.42510779369765 -2.4529419517377207 -2.4923942343237275 -2.5335574900773374 -2.577608219449163 -2.625826256700154 -2.6782343246580043 -2.7333770954087293 -2.788399910675971 -2.8394335644122597 -2.8919019030398005 -2.9507334597402504 -3.012988398861128 -3.0762150379653592 -3.1384439571828846 -3.1981338801846926 -3.260764166102949 -3.315350268785579 -3.3559988454890757 -3.3829845417254436 -3.4131353730316447 -3.4876495865135477 -3.6038314417868063 -3.7611116036347703 -3.970820439369839 -4.231295577619506 -4.539958064228967 -4.894609080423644 -5.293346549027838 -5.734383007657277 -6.216300732378485 -6.740321455111008 -7.303360156086988 -7.885249387818943
-2.925232888928598 -2.8304262392066275 -2.747250591689677 -2.6757392315149713 -2.614853771423959 -2.5634909737308265 -2.521061329957122 -2.48767398937519 -2.464108936224527 -2.451723514503844 -2.4523555260459533 -2.46816115302247 -2.493052191246379 -2.523799675284451 -2.5630255133078013 -2.611625696117483 -2.6682644734807304 -2.7294527679641893 -2.791172537102377 -2.8607848215428113 -2.9376929840836707 -3.018018411461165 -3.098531651831321 -3.176590482500813 -3.253555638595456 -3.3355859374019197 -3.417769834870854 -3.484464108946263 -3.5345034600760585 -3.583679610674905 -3.674322617376598 -3.804691726908885 -3.970751011517481 -4.183177980858019 -4.445658704948222 -4.755523428410465 -5.110266349021766 -5.507464971930415 -5.9446206585680255 -6.4189246620399185 -6.92833225258477 -7.47135739998323 -8.02764822717118
-3.112912715029503 -3.0141465213673198 -2.921572969142311 -2.836136150473839 -2.757859297375744 -2.6864595801472895 -2.621810584573654 -2.5642124659292316 -2.5145332375162845 -2.474302008325753 -2.445796460920424 -2.4320931219897854 -2.435836353717302 -2.4511881828829467 -2.480138451437616 -2.524888942017114 -2.584159825123946 -2.653284577153545 -2.7295680261769726 -2.8182274926797 -2.914269040571068 -3.0128559106717656 -3.110101526746433 -3.2045125453665646 -3.3016220916296204 -3.401190752276208 -3.5019781648777357 -3.5943152420647073 -3.667267124596059 -3.7332473620120403 -3.8364238625542844 -3.9770400167166815 -4.150775989790967 -4.361900997739922 -4.621319496301673 -4.926375603420822 -5.2741645943131035 -5.66165610742037 -6.085527034957982 -6.541912553110618 -7.02605744350004 -7.5337792153372725 -8.047442521211364
