_RESULTS/REVERSE_NEW/MHZ/IZ/3comp/MHZ_IZ_z_125_kriged_reverse_3comp_test.asc
ncols 100
nrows 81
xllcorner 5.5967107547500001
yllcorner 50.982328804750004
cellsize 0.00017565049999994641
nodata_value 1.7014100000000001E+038
[rows 0 to 18 of 81, columns 0 to 43 of 100]
10.577566260424756 10.665955525869808 10.753290591510105 10.832757879210313 10.898199131025798 10.945502518070493 10.973689547416072 10.985359882491522 10.986345691796181 10.98467755076557 10.989161762727631 11.007930750572248 11.04724720567734 11.110685031788748 11.198667050167057 11.30827422749165 11.433266093616243 11.564335775293934 11.68970634295359 11.796191609944415 11.870753493985479 11.90240263170511 11.88408128293256 11.814044426920312 11.696305236663598 11.539948312007382 11.35745382249028 11.162473876926635 10.967634454095345 10.782864779250607 10.614541765430246 10.46548816088821 10.335665118049008 10.223284192673203 10.126023808521802 10.04205683737349 9.970670050011442 9.912372536683412 9.868526646212342 9.840656911208473 9.829665374589991 9.835187672104476 9.855268474143934 9.886440300042414
10.632662773065517 10.735495046314435 10.837968620797048 10.932477822794926 11.012138975517132 11.07234332796866 11.111941666273877 11.133677909262317 11.143721769601457 11.150451247299143 11.16286508156498 11.189062703543934 11.235108806592756 11.304385454350086 11.397342976039713 11.51147077597086 11.641335283149328 11.778649761871023 11.912497412207793 12.029937572551576 12.11719966180306 12.161486009717072 12.153119793022576 12.087513141107404 11.966338923543056 11.79745406118607 11.593503251351818 11.369569533468313 11.140532607050819 10.918824831910316 10.713066331575705 10.527748898896224 10.36385218821017 10.220080490779674 10.094318297104687 9.984908929353487 9.891449305132546 9.814947135797299 9.757370583321693 9.720784400780948 9.70636316827613 9.713579464227207 9.739793909506123 9.78035698921216
10.672192163287265 10.7864597408501 10.901544923652859 11.009467314865114 11.10300751477182 11.17734221115243 11.23125278434472 11.267498763520264 11.292218562592678 11.313562235167984 11.34001391968674 11.378909336538303 11.435486567404894 11.512525237258869 11.610386664773173 11.727175115077745 11.858782190932425 11.998707008029738 12.137769288393194 12.26407000765078 12.363629417600674 12.42195686676953 12.426432387553806 12.36895339939799 12.248022989643562 12.069504097440579 11.84567547347884 11.592837727988735 11.328217232650895 11.067062651638308 10.820644124781886 10.595509078570036 10.393958925478273 10.215399578218658 10.058055673749621 9.920527310427518 9.80278006654942 9.706359038174423 9.63385590101499 9.587867003839825 9.569799269838208 9.578885890980361 9.61168629081086 9.662207486197337
10.688333598231923 10.809279148698328 10.932752969241376 11.050960300011232 11.156865951816236 11.245804682810435 11.316620722046004 11.37192676271776 11.41737094171192 11.460170007318261 11.507436528750327 11.564871202859331 11.636174986222752 11.723135346990924 11.82599684870939 11.943725287933928 12.073984160617872 12.21270060005629 12.353220242211352 12.485471959833545 12.59586439489015 12.668483476741097 12.687660790460562 12.641358924454806 12.524311578565348 12.339744779567312 12.09898659606195 11.819141744641037 11.519654173798461 11.21874475407714 10.930647003520527 10.664293005592846 10.423574327347445 10.208790159868041 10.018630711540858 9.852025817692775 9.709338668214485 9.592640798505077 9.505101153508209 9.449774795266668 9.42821324206312 9.43931743517368 9.478750078233626 9.539071196660828
10.674472380070945 10.795875228117106 10.922058487178868 11.046057560526348 11.161609854682117 11.26461907441602 11.354126315198851 11.432403675017804 11.504093142675552 11.574689702066086 11.64895126107875 11.729900370792185 11.818879174095317 11.916474569034333 12.023297511775942 12.139821481997776 12.265796160016656 12.399725160705641 12.537833581275349 12.67246685279411 12.791038217102225 12.876673691331215 12.910912544265187 12.877875483257784 12.768463341393735 12.582881239703012 12.330686515893255 12.028859355638618 11.69853737509773 11.360894985578895 11.033357120738529 10.727495292404527 10.449003235132455 10.199239680519476 9.977482511019009 9.78306258008715 9.616752117184214 9.481098307394191 9.379744916441082 9.316075114713499 9.29165580770356 9.30495278883553 9.35066682853678 9.419879062533944
10.626217646024113 10.740934849737394 10.863185384794887 10.987480342358808 11.108900743524126 11.224297871387918 11.333007594375808 11.436742399523043 11.538615334504515 11.641598332831144 11.746998635140486 11.853764575125725 11.959579826039002 12.063795161577179 12.16936462033056 12.280617932414504 12.399789580669418 12.526750674274604 12.659633482486257 12.793175114346978 12.916354930580138 13.012092391769917 13.06000919928659 13.041442406916609 12.944376411048477 12.765831963666619 12.511942314328852 12.197616706148127 11.844772839345312 11.477548743164727 11.116792966670703 10.776882314290685 10.465440492904348 10.18502035773594 9.935618489112189 9.717057442537959 9.530536030518698 9.379009906952392 9.266460980024856 9.196431208288864 9.170346381653694 9.1861324738985 9.237497000937156 9.314084660542143
10.542132564743227 10.642813122930555 10.754199281276998 10.872834196210128 10.99560527584599 11.120585145742806 11.247429209149185 11.37705748235433 11.510595421373676 11.647819593982357 11.78556095541497 11.916974000511066 12.033872271121442 12.133967701149526 12.226603292766713 12.325485501276754 12.436251997799106 12.556728368506697 12.6838636060154 12.813940447724228 12.938089695908719 13.040159415489924 13.099374799884172 13.096254765550105 13.017579695567202 12.856995074936398 12.614730257646297 12.301078075159214 11.937837829539673 11.552180432457096 11.168432189729472 10.803701480325957 10.467522094177559 10.163733954142714 9.893205385455357 9.656383182263582 9.454943246255976 9.29219506349563 9.172316262409264 9.098824091612185 9.072836379927297 9.091640052500658 9.147950095253835 9.230084214313148
10.424093529663669 10.503950828154103 10.59799452436539 10.705190199443312 10.824512357628645 10.955367841809643 11.097656485899165 11.25127030809546 11.415022884506847 11.585167004612238 11.753704518790975 11.907279729774546 12.030453973280334 12.118739810090826 12.190619942035594 12.272810657845 12.373975408393441 12.486900692645081 12.605743595290313 12.728643459861583 12.849879724947355 12.955219313173295 13.02429070012133 13.037370696247397 12.980469350629331 12.844164847940224 12.622766252419027 12.321491457689266 11.961173079265947 11.570928671576116 11.177559860317693 10.8002615522026 10.4502325716241 10.132643934010325 9.849418059661396 9.601813191005519 9.392084296038645 9.22387603171492 9.101438652251675 9.028088944965738 9.004473919685923 9.027151841181512 9.08787186737292 9.173786830714604
10.277294650812811 10.330820469472796 10.402191239757013 10.492972299972225 10.604285510425933 10.736800660918162 10.890479855300871 11.063952476302601 11.2535415128903 11.452063651263447 11.64746541759747 11.821913656223435 11.955750006346491 12.043298921502222 12.106857421283188 12.176858934989832 12.261369635678095 12.353069320331214 12.449947094565962 12.555386558310438 12.667554387629238 12.773859615567718 12.853231762437476 12.883310381917715 12.846893090561954 12.732314034124279 12.532408115029831 12.250536944733119 11.90559211744794 11.52567182771963 11.13767580395359 10.761651468154247 10.410027805274586 10.089315307600314 9.802698136415753 9.552481662642332 9.341653916030333 9.174221185789913 9.054417108563365 8.985204505105541 8.966610256814416 8.994385510967843 9.059358410926317 9.147714032635708
10.109964962817749 10.133491286225443 10.17855048430915 10.249262569263392 10.348742065163636 10.478684144074139 10.63884533138825 10.826365663798093 11.03499334317752 11.254376759066082 11.469578553563311 11.661415306413225 11.810950836150717 11.912226222346572 11.980727243711355 12.037033128211496 12.088907584091247 12.13983440494752 12.199338067452118 12.277364829473433 12.374876965299114 12.480089634419203 12.570765084202204 12.620756107639068 12.607608376896714 12.516739564218785 12.34202623483215 12.087840105564874 11.770949636921193 11.41613912492715 11.048297124750615 10.687152325488434 10.345929201020681 10.032479579130904 9.751462040986816 9.506484404180213 9.301452842059822 9.140798582466976 9.028685422099255 8.96759818532896 8.956814607167228 8.991213325737332 9.060758104500035 9.150880949679225
9.932855908346912 9.924905421212802 9.942033444266894 9.990672614159768 10.075605249428655 10.199202532021056 10.360712616929488 10.555598590621704 10.77502189496156 11.005691638195762 11.230373799417098 11.429610440302755 11.586183208145691 11.69276880090391 11.755235623032723 11.78535578196427 11.795682752309618 11.802468896670366 11.824363888110389 11.875087087367966 11.957181188401794 12.059927011840957 12.161354996229132 12.233694064502894 12.250733180274489 12.194214664554801 12.056895819676178 11.8430083813425 11.567173862452755 11.250633497961893 10.915613850328462 10.580927045082063 10.26030191240101 9.96293373454076 9.695134611815334 9.462042275325896 9.268658266332261 9.119915500614596 9.019882629161367 8.970474622357552 8.970118787578919 9.012775049376145 9.08761033773944 9.179522819414341
9.758519558443284 9.719922002237919 9.709602356897639 9.735915966928358 9.804886293433812 9.91917348228855 10.077245611247502 10.272790838139494 10.494486444145325 10.726364131801857 10.949093979999414 11.142543133385637 11.289905173643964 11.382489179257558 11.42192822566173 11.418830427113123 11.391179051698117 11.36193218388837 11.353556941232725 11.381587756936282 11.450051971143624 11.549889932171874 11.660610665275295 11.75493137814214 11.805389649345223 11.79097577847939 11.701497417716949 11.538568463305026 11.313778661816736 11.044970221244379 10.751733134684022 10.451750883093352 10.15907428323076 9.884211770054993 9.635224587616653 9.418924179767682 9.241528143947923 9.108527884564884 9.023883763078468 8.98888071589707 9.001031392791186 9.05336206032285 9.134328637723693 9.228515362966462
9.600385052706221 9.534170640485058 9.49884638806775 9.504210090056278 9.55706952834707 9.660020890424823 9.810571842355003 10.000672105074182 10.216777347584252 10.440672648395326 10.651320453725141 10.827880074481943 10.953673615643456 11.020108898509935 11.029044209523422 10.99296390594844 10.933032026659362 10.87477154221789 10.842120376625788 10.8517132736695 10.908909959196993 11.00636376530968 11.125412942763328 11.240118582529576 11.32314586976503 11.35196141115892 11.31345600957437 11.205626076354644 11.036252762532849 10.819621940167515 10.572669318439438 10.311820382990893 10.051284139920002 9.802776370797183 9.576073907121591 9.379670868945823 9.22101663003091 9.106160313917341 9.03893101229241 9.019949590085918 9.045794855394318 9.108591327832924 9.19620370684321 9.29313172468458
9.471678013770969 9.382789053243917 9.326543104852423 9.313660964624635 9.351304521633608 9.441738836103552 9.581461313568482 9.760878024142537 9.964656682341454 10.172953712895826 10.363694589146235 10.515889663014791 10.61356495786154 10.649397043761063 10.62694506895401 10.560678227326603 10.473453826500338 10.391781162271387 10.340078912139186 10.335447932808373 10.384118532388097 10.480178004920877 10.606761406472977 10.739550214761822 10.851951977828735 10.92073315621442 10.930521525147705 10.875903599106449 10.760813122654138 10.595971809811415 10.395657763714365 10.174941129009941 9.948009463737591 9.727581602599255 9.524959696566253 9.350159361467874 9.211733580916047 9.116194801647175 9.067181010938665 9.06462743956399 9.104205855957852 9.177231012570514 9.271150386112154 9.370639251659618
9.384294117979973 9.27917688929011 9.2073089665935 9.17980933432721 9.203821597957178 9.281121638791287 9.407290564409879 9.571546446706932 9.75736209273866 9.944028051841677 10.10925034302735 10.232636908072884 10.299553758592934 10.304474923021644 10.25283601260968 10.160633027240896 10.05155704572515 9.952241176951995 9.886846636537982 9.872320583460315 9.91526514598586 10.010844697882742 10.143815511145466 10.29153853499438 10.428498076177412 10.531352274142016 10.583190790798476 10.575854879376612 10.509924478356627 10.392885561592426 10.236523424650953 10.054533250376975 9.860893496041983 9.669025191113438 9.491405322309564 9.339226882884843 9.221851946425092 9.146039457937027 9.115110458960146 9.128282954810155 9.180384406534134 9.262076812482983 9.360637242378457 9.46123523136584
9.347783027553046 9.233926107980151 9.152498128763167 9.114497700607933 9.12673959699955 9.190459071833123 9.300551587677434 9.44555249727871 9.608473462138113 9.768608072210059 9.904311216596465 9.996510057147425 10.032375395858779 10.00831296426446 9.931384529506992 9.818531468329324 9.69355004222847 9.582489994976699 9.508646745356856 9.488314118455527 9.52805316963941 9.62376662419989 9.761597234588212 9.920526799261701 10.076311418924401 10.205980844349652 10.291799353154872 10.32367545156909 10.299590531959394 10.224377235415965 10.107671282579359 9.96186704186238 9.80055312414055 9.637475139452482 9.485794075903486 9.357364724268065 9.261894876673878 9.206033804664134 9.192567204519737 9.21992648023903 9.282173631340154 9.36953477175868 9.469447990235459 9.56798128753802
9.368583488121962 9.254052555302051 9.169450674359549 9.125135181678123 9.127326431495792 9.176755521662473 9.26798308729829 9.389501808240903 9.524719740865745 9.65388448638389 9.756880962013316 9.816602880029283 9.822321892104066 9.772277814604896 9.674712806787609 9.54685386314001 9.411899813823604 9.294701230091704 9.217207440007984 9.19469040588907 9.233358671965991 9.329565219126291 9.470596643131891 9.636936793722077 9.805717389360941 9.95473037284649 10.066077654847609 10.12856970270302 10.138441315810782 10.098586969239344 10.016957024677797 9.904797848787071 9.77514735151063 9.641653861457021 9.517571159033867 9.414762618819033 9.342667010900612 9.30732597523537 9.310660144544558 9.350180896245147 9.41925638800307 9.507941510462437 9.604254653450282 9.695670131462219
9.449574465868546 9.342563330119745 9.261089644140187 9.214325634505363 9.20765014173189 9.241391928042754 9.310233029423703 9.40338832857632 9.50563274998784 9.599186756523913 9.666346072581993 9.692544964649052 9.669322746757599 9.596511543886546 9.482982355311455 9.345552537296149 9.206153673583017 9.087901933825773 9.011022135055105 8.989495880107029 9.028951364690656 9.12596196742618 9.268740173608444 9.439137127753057 9.615707709329985 9.77731363552558 9.906473251045574 9.991676795677996 10.028253208506227 10.01790581101078 9.967419049698343 9.887099077784049 9.78930636878888 9.687168329664617 9.593395701297425 9.51912182032653 9.472785888040535 9.459195573003317 9.478959370363096 9.528453941873293 9.60039915729592 9.68497784095187 9.771291334168472 9.848836095365598
9.589904233250904 9.498291047410984 9.425767705173547 9.379734298728328 9.364476559095818 9.380072441973079 9.42188101229799 9.48072703279955 9.543830187974391 9.596459794275232 9.624193972800335 9.615514445795442 9.564298240572692 9.471639090259151 9.346435605949473 9.204400992137481 9.065571348221093 8.950856285646797 8.878445456018355 8.860826438369033 8.902880329905518 9.00122658557296 9.144826713257803 9.316775745856077 9.497067150924 9.665862537263862 9.806567554855363 9.908018726098836 9.96539323674383 9.979905833330312 9.957694449328047 9.908367071620312 9.843530923969086 9.775415050209997 9.715572056015422 9.673647075635424 9.656285733033492 9.666338996235673 9.702551416788582 9.759868115851264 9.830372239518754 9.90469722727922 9.973600723021157 10.029311254095962
