_RESULTS/REVERSE_NEW/MHZ/IZ/3comp/MHZ_IZ_z_500_kriged_reverse_3comp_spherical.asc
ncols 100
nrows 81
xllcorner 5.5967107548124995
yllcorner 50.982328804812504
cellsize 0.00017565037499993607
nodata_value 1.7014100000000001E+038
[rows 0 to 18 of 81, columns 0 to 41 of 100]
0.322034928911386 0.33093953037877294 0.3376564376484452 0.3415473673000913 0.34274434872534004 0.34239517564003946 0.34011376763861545 0.3362446390580815 0.3317673051997461 0.32772561900558833 0.3240579194918285 0.321328974453183 0.3202068072183794 0.3211988914197925 0.3249675315162216 0.33183766061588804 0.34202492608712803 0.355741879136489 0.3732304680702438 0.39479975920170984 0.4208604133583033 0.4117062105788417 0.38565440061750195 0.3634828177247177 0.3441047267255705 0.32751658262270766 0.3140760805677581 0.3030686186604628 0.2939146140572242 0.28610513409130417 0.2799308454837209 0.2758895965488017 0.27370165957015374 0.27313924719397975 0.27402032249066904 0.27615685695618347 0.2793678747638936 0.28347990786883265 0.2879986574937352 0.2907386872378216 0.2913485883971234 0.2907303356565463
0.3296225630621952 0.3392414451909178 0.3468246721660585 0.35164243057244043 0.3534171206124443 0.35266148609197456 0.34840107026097517 0.34129772796293756 0.3331896137717828 0.3252852160776036 0.3177971865982372 0.31168829972202533 0.3080277125243958 0.30726724593106647 0.30955610104091136 0.31497928027512323 0.3236092289306186 0.33541115622218165 0.35013079211396214 0.3667119943950592 0.38003900932118256 0.3757919818919921 0.3585244956352725 0.34044432083522835 0.32372611955204544 0.30958953336627093 0.2984339409975048 0.2899126771530796 0.28355795722030314 0.27849187109325413 0.2743449285147951 0.2720246452683372 0.271544709115776 0.2726748018346828 0.2752175454519141 0.27898834073822315 0.28379844458897163 0.289444730906894 0.2953319067025741 0.29915215693998315 0.3002535322160284 0.2991219557428718
0.33587598365101873 0.346148615934117 0.35469766754231846 0.3608989717769347 0.3640958669700859 0.3636491511213541 0.3567521446138612 0.3450324904487474 0.3323402416843803 0.3199391357504634 0.30894627206508574 0.3003764866236624 0.29457137954693685 0.29179496803453264 0.2922357684488171 0.2959040813069799 0.3024837141699427 0.3115305811212514 0.3221332277955712 0.3323395172245832 0.338242322428563 0.33556650352823053 0.32565331972123496 0.31323767892799537 0.30059980855653745 0.28986857261771193 0.28155202483813485 0.27549285399953066 0.27138054149133783 0.26894365472618215 0.26757829724000615 0.2673134229956261 0.26877825271160105 0.2717880969375788 0.2761826959942562 0.2818016344187759 0.2884593801174288 0.2959232862178095 0.3033797941912987 0.30838336168706504 0.3101552633509311 0.3080117153886274
0.34030225838083916 0.35089888708778894 0.36009171312328403 0.36761756315147437 0.37317069317196544 0.3754320341495649 0.3643797257729758 0.3459023032163964 0.32811798468024655 0.3122456596387149 0.2988099448835748 0.2880496118673248 0.28018916694864154 0.27544818262144183 0.27397301085395037 0.275724795298188 0.28033150331043744 0.2868477985123105 0.29402091724028667 0.30004759273118986 0.3026954899561645 0.30045122812725455 0.29406628570196885 0.28574214340821263 0.2769247210769552 0.26963439476227674 0.26435730817209646 0.2609914464515625 0.2593343757002669 0.25909596123753775 0.26002632826398087 0.2620303345613311 0.26554792536483657 0.27054717763348596 0.2769232668185539 0.2845599447218088 0.2932953893173049 0.30287999617148986 0.312120273089295 0.31847434971789784 0.3205985755796231 0.31743698627659767
0.3425359080623411 0.3528489955214434 0.36177278095388 0.3692260556339665 0.37530467499883696 0.38179684273563486 0.3645972220658325 0.34079124221865653 0.3205332332579698 0.30280387601885994 0.2875843792787518 0.2750053922027591 0.26529493248079333 0.2587460549106172 0.25558830744085426 0.25576772215923116 0.2587706433945881 0.26357866315196804 0.26862773607204155 0.2723683027664276 0.2734395689673277 0.2712324799105844 0.2664006853992569 0.26039157243170735 0.25438670190588025 0.25008750389179407 0.2477882864072655 0.2472893684173544 0.24817039724451717 0.2501081837787019 0.2529088588861465 0.25654323124917777 0.2620430203119039 0.2690472842892871 0.27744752099818903 0.28719382040059016 0.29818141199801995 0.3101847781133496 0.32142231696399876 0.3293662258821985 0.3316566778792314 0.3273956937609916
0.34250610285490096 0.35184953642335537 0.35937544016993833 0.3646696510063384 0.36671351889974596 0.36340980502020115 0.34924912255773966 0.3294149138721115 0.3100513906226709 0.2919892846550227 0.27581323391870766 0.26185818037591474 0.2505073573860352 0.24228413447551053 0.23772118594794467 0.23692378451709617 0.2391849745358323 0.24317120097498193 0.24731145561110315 0.25002146460631375 0.25032171885148213 0.24793184168024401 0.24349654274144716 0.23832169526015637 0.23396512873663264 0.2321613957710298 0.2328589116173794 0.23517837369246872 0.23846440807757807 0.24240900601345564 0.24690133215587154 0.2519231085642727 0.25852924909365105 0.26740338819876786 0.2777600236387695 0.28958813644675285 0.3028790242094854 0.3174263065825419 0.3308973657468715 0.34074507892478445 0.3434753891506197 0.33776192561699736
0.3404952396484154 0.34839506234729417 0.35385659793930213 0.3561407090061735 0.35391462540054996 0.34560958017143995 0.33217433894455745 0.3158407271106695 0.2984003790244745 0.2809586391609522 0.26449044308141667 0.24954993011078708 0.23667981187450982 0.22672215414410138 0.22088243728106172 0.21982696892834425 0.22246407386127942 0.22671536789631141 0.23079850586373313 0.23330527073452825 0.23331507466468893 0.2306562512627452 0.2258695508145112 0.22014268947185509 0.2160990789415927 0.2167043938662261 0.22051456221633464 0.2254782175941126 0.23084405237942196 0.23644845495327024 0.24231189127620312 0.24850802409602207 0.2558474502966544 0.2657479735862793 0.2778724627337268 0.2915982430144841 0.3070270376894639 0.32376055730972486 0.3395507545248594 0.35203048637608947 0.35622481700501546 0.3480621419321879
0.33703159870825494 0.3433626616232042 0.34674230390625144 0.3463921186937715 0.34130151131656933 0.3309646592379523 0.3179888160728348 0.30348761103042327 0.2876669742326984 0.2711513575433098 0.25484542440530084 0.23931007337385288 0.2250410204449673 0.21296403962004387 0.20543445477393937 0.20509283286823157 0.20955411049666398 0.21506709800777013 0.21970193550636682 0.22245032418983443 0.2225288016211791 0.21975522954516655 0.21445467865107898 0.20704581932761668 0.20095800836831323 0.2050834508339897 0.21213886808079804 0.21913188463653352 0.22592223315821752 0.23263085624682694 0.23940876716948264 0.24639824620314754 0.25427062081415225 0.26460647243306246 0.2778340138053597 0.2931184575244645 0.31025051679465243 0.3281377573479619 0.34532954889923656 0.36024569905024373 0.3701806886130917 0.3553372539905765
0.3327051317621081 0.33763036853611406 0.33929901978040367 0.3370464889008128 0.33027407919215784 0.31994309707744883 0.30723549947598733 0.29378828703853394 0.27923329089977694 0.2637486993534794 0.24802791931534535 0.23250869570296387 0.21744929363283413 0.20313769452853592 0.1917135220888707 0.1943691431067589 0.20214959395362747 0.20921921635741336 0.21457302364302921 0.21766764796957977 0.21808543857774268 0.21560658396655502 0.21057817971916268 0.203116154367848 0.19645969107776473 0.20177523966215105 0.20947817452643996 0.21692606289568334 0.2241223909608702 0.23121573555728095 0.23836273851078654 0.24570494651880354 0.25382929105753566 0.2643571903264248 0.27782393853473286 0.2941871658686565 0.31214102681510203 0.32986095834573015 0.3464575928703626 0.35944985339703467 0.36398981312014367 0.3539533384301735
0.32802493521616033 0.3318688193459353 0.3323270905957464 0.3288653477543961 0.32161440305789873 0.31192775088664076 0.2999361063294873 0.28719996003617143 0.2737533535319074 0.2594355693856692 0.24478692014646194 0.23019108229859797 0.21590263692294387 0.20221881406417472 0.1912686138451105 0.19439033834423597 0.20258018554382848 0.2100013883613859 0.21565374566718593 0.21901668863983625 0.21985831774842968 0.21805938605622593 0.21413584022072887 0.2088535710864235 0.20554451240587693 0.2074385749159544 0.2126444865460958 0.21889587937589566 0.22547107205801378 0.23223115231819627 0.23920395458836485 0.24646044451863894 0.2545402320732179 0.26502595860174716 0.27840230453228415 0.29504368282492605 0.3126719050047605 0.3294468196078766 0.3443276856842641 0.35416156852906105 0.35593052219973664 0.34805430008775656
0.3233547794900234 0.32650584542778105 0.32626048430276683 0.32217771368462317 0.3153327813033712 0.30651547431421955 0.29578894395908295 0.28375924909627226 0.2713785347769341 0.2583841414542483 0.24525675054272272 0.23243849645591597 0.2204072511380301 0.2101208751533582 0.2040485058387143 0.20498389245210244 0.21061858184564927 0.2171720964789005 0.2226699114506606 0.22615643282324818 0.22731477819163287 0.22619056709616614 0.22321356052512567 0.21928379585231142 0.2166340995288462 0.2169640999218853 0.21985917165638016 0.2242845120499932 0.2295911388441661 0.23547122439543333 0.24181841369584509 0.24861006537431812 0.25639807158531913 0.266732020502377 0.2801037792353605 0.2963207121990454 0.3132969298138952 0.32905378074989095 0.3422393235550623 0.3499208265873893 0.35035413555383726 0.34302353712346506
0.3189040933852792 0.3217871660354409 0.32134746394441477 0.31734331501032115 0.3112806649097662 0.3034204603527419 0.2939378468715166 0.28327202651055305 0.2719365628034664 0.260362828008297 0.2489889356336046 0.23823464849742224 0.22878326597228835 0.22165281142699864 0.2182236343582867 0.21932201281667763 0.22393227060042684 0.2299145970403029 0.23534699421220315 0.23894779604801847 0.2402120197127248 0.2393291725729769 0.23640824840287566 0.23257208002374258 0.22942140712017153 0.22836632976128676 0.22942474253799838 0.23211064725550723 0.23591501572321288 0.2405818070232681 0.24598510335196214 0.2520975031032019 0.25979984805371825 0.2703389702196202 0.2837056150284762 0.29878719309066654 0.3148945088249712 0.3296417390451378 0.3414357580537464 0.3476559095100793 0.347171492243509 0.33987446686408174
0.3151690269067823 0.31828573756172573 0.31817634701536557 0.31488438696786974 0.3097669727333684 0.30281573981975984 0.29437824993935297 0.2850525029141225 0.2752569701129937 0.2648589325018622 0.25501201216236163 0.24629180179691398 0.2392844557641082 0.23476094774520267 0.2334786265693572 0.23571640765342136 0.24082170627300484 0.2473111614825392 0.2533512544024461 0.2573098688337557 0.25841948421362976 0.256848613668588 0.25292485294980727 0.24809815150781847 0.2436836691724175 0.241014375269314 0.2403150049161504 0.24133692278979993 0.24372478585716115 0.24715588611307573 0.25168703560636735 0.2574319025041806 0.2652682348798312 0.275956506218301 0.2885275360851751 0.30255155552202684 0.3177201927922884 0.3315903205066285 0.34227544475499394 0.3473998199999232 0.3461258691491392 0.3386875452907273
0.3123127353286323 0.31601229752909 0.3167020852446302 0.3146585066217068 0.3106161979208656 0.30439784691079236 0.2967367280320069 0.288525252025772 0.28023821179088826 0.2714866090490524 0.262910283525979 0.25583674497879 0.25088164878676816 0.24861206349294537 0.24941175620993516 0.25342485286829525 0.2602042279528055 0.26854487764444146 0.27641487547775156 0.28132232806830154 0.2818223251103696 0.2781171834689241 0.2719672241959326 0.2651867380560361 0.2589705342657409 0.2544210488937978 0.2519454651414725 0.2513444116956109 0.25234127307212234 0.2550116748549838 0.2591688641496659 0.26462600950315 0.27256543773428843 0.282587264133276 0.294319257359867 0.30753564371017045 0.321868033889098 0.33504390856196914 0.34479403183834145 0.3489798547335458 0.34691149254327847 0.33931848392091013
0.31003902528186567 0.3145436712091982 0.31646154808577664 0.31630682997407894 0.313527034663397 0.30753895110452883 0.30024066098223734 0.29271822665967046 0.2855847329988094 0.2788577310047963 0.2722929305112598 0.26668258359666475 0.26326137026174984 0.262675986213053 0.26539291352481204 0.2715157475674249 0.2808014577962302 0.2924131043700449 0.3041102289895505 0.31128017091334975 0.3097483200658796 0.30192974967183 0.2922256541660533 0.2827786370580463 0.27452774423504583 0.2680131012556584 0.26379718815501246 0.26168303790037944 0.2618219892516386 0.2640220036664178 0.2679206423442472 0.27322249309234603 0.2804598231870932 0.2897339969422452 0.30080355506539247 0.3134960566262446 0.3272860546608512 0.34000792939950203 0.3488622792248555 0.35208773219893214 0.3491351666181095 0.3415069640033558
0.3079731200448595 0.3132247513680219 0.316422116864687 0.318827960311069 0.317988904765798 0.31107060835808925 0.3040203454546652 0.297406548918671 0.29155081806863936 0.28669351492518524 0.2823203375129727 0.27884684769146534 0.2769601701837064 0.27753142060811586 0.2814508754107059 0.28916124444338276 0.30080192209129086 0.3162473026979908 0.3344409796482885 0.34736510316136915 0.3400129282324814 0.3253799618783502 0.31151989857636675 0.2996079880057827 0.28975378809368535 0.28184284127267906 0.2762169980895317 0.2732434993249653 0.27282297404633776 0.2744930070110736 0.27739565735692406 0.2818209518762118 0.28838989947658156 0.29698614719720823 0.30757092562930266 0.3199902825874358 0.33370564965805344 0.3463969290432102 0.35420187356896543 0.35619223316062326 0.35245370640253804 0.3448898538908153
0.3058205030036521 0.3114489931621317 0.3150966874405332 0.31815941846545764 0.3184343609948371 0.3134094642193904 0.30775375325534005 0.30249644548552024 0.29800429868274797 0.2946284246586347 0.2922805770204943 0.2907585170373597 0.2907019554843425 0.29276945400165155 0.2976150117984263 0.30594600883256245 0.3185804042992637 0.3358613259964515 0.35786151179439385 0.38129898311831134 0.3625714071625972 0.34379315199283234 0.3283202712713519 0.315519126386274 0.3050287594552334 0.2965243710550511 0.29020951330638967 0.286810519095973 0.28558969164285347 0.2859598077729533 0.2875480418182883 0.2912217837319604 0.2969862389084357 0.3046080497509389 0.3142812763837358 0.3262798134501331 0.3402051028915398 0.3539369194066615 0.3600630398165335 0.3602922078381029 0.3563257072910385 0.3490344066092244
0.30354096044979545 0.30929036529955006 0.31314999502169943 0.3157737452913431 0.316595362523078 0.31462627656676834 0.3112604470327101 0.3077245097958263 0.30466226683257613 0.3025286459277893 0.3017060100621932 0.3018341704816664 0.3031870366761219 0.3063751914669529 0.31199378426622576 0.3205971272087943 0.33263298036868383 0.34792452821263414 0.3641674533290706 0.37410782002903825 0.36793167282661987 0.35463610585830113 0.34149217756664146 0.3297995102658152 0.31975899230813526 0.3112945458673957 0.3048922353220224 0.30063425944992683 0.29834115616032997 0.29746228044642303 0.29827349429101424 0.3013318518211873 0.30637345329535676 0.31316181589437825 0.3217124878984604 0.33238172910881814 0.34504368289871007 0.35761736923169707 0.3631972226482682 0.3633511015886607 0.36015679848464904 0.3535249185794653
0.3015353337007915 0.3078900530732254 0.31221412504168883 0.3150365471361892 0.3166774784795011 0.3165227909228625 0.31511878146577743 0.31323863444703554 0.31151018872322295 0.3104284275306539 0.3104311852763518 0.31177212149809286 0.31409726303665436 0.31782988360406866 0.3234568219948756 0.3313472036910928 0.3412033916396683 0.3525469310151071 0.36356070787998684 0.3695541593204395 0.36739563024847643 0.35962395508084544 0.3500849515665263 0.3406893971659203 0.3318132214772339 0.32419095646954077 0.3182702166772075 0.31370196525424976 0.31056187273935876 0.3088423672219678 0.30933816746753934 0.31190608070220494 0.31629532213388967 0.3222663749889438 0.3297731750893255 0.33885898813879717 0.34935238733969826 0.358758554486407 0.3639822963036226 0.36547736063142705 0.3630528925651471 0.35636172656383913
