_RESULTS/REVERSE_NEW/MHZ/IZ/3comp/MHZ_IZ_z_63_kriged_reverse_3comp.asc
ncols 100
nrows 81
xllcorner 5.5967107547500001
yllcorner 50.982328804750004
cellsize 0.00017565049999994641
nodata_value 1.7014100000000001E+038
[rows 36 to 53 of 81, columns 0 to 39 of 100]
0.0015820456154312162 0.0015728779577847205 0.0015675071630901092 0.001624746390089015 0.0017982063367089863 0.002134925939468992 0.0026550617904382346 0.0032825641283510667 0.0037497575131007887 0.003652164453805318 0.0028266897871919096 0.0016635827153753282 0.0007400471015954347 0.0002580746721461287 7.600115843606894e-05 2.0891345909962e-05 5.973914403035747e-06 1.960009916164295e-06 7.928167019386515e-07 4.0994860553157894e-07 2.706997539352739e-07 2.2103785560976946e-07 2.1188170485583084e-07 2.2488009469778925e-07 2.5049026608919085e-07 2.81057816122483e-07 3.096249761799323e-07 3.3125267618660144e-07 3.445932616389154e-07 3.5235559319639254e-07 3.6076103959838295e-07 3.791282265852718e-07 4.211637409162514e-07 5.103346252727772e-07 6.948705992497314e-07 1.08872095578008e-06 1.9901381884563003e-06 4.247274704229623e-06 1.0431004690336692e-05 2.8586674095999113e-05
0.0033051240589247817 0.003415436658775975 0.0034128544031051438 0.00340475841706233 0.0034784928179651536 0.003670089913503563 0.003937234527211594 0.004124764245033535 0.003977268744520534 0.0033037483518960123 0.0022307384870921096 0.0011820050589761261 0.0004907386928028482 0.00016554120675477224 4.868386115883094e-05 1.3707945592882047e-05 4.08846352489844e-06 1.4150197872862644e-06 6.074107616759893e-07 3.3411312585517317e-07 2.347503799809674e-07 2.0369848970202514e-07 2.0690401010708868e-07 2.3149275850204867e-07 2.6958264294797133e-07 3.125194193733983e-07 3.5043116879133677e-07 3.7529548227479205e-07 3.8456292036372664e-07 3.823416496740637e-07 3.7773943521868544e-07 3.826363326162183e-07 4.117854241140316e-07 4.878362149873736e-07 6.558741856627016e-07 1.0213420302373273e-06 1.8540884738472275e-06 3.8860764698396375e-06 9.161580885822946e-06 2.3303257503456048e-05
0.0055361576477849115 0.005920577277974227 0.005972473157073819 0.005841263428236279 0.005672148118352349 0.005525133047513762 0.0053453111819620385 0.004976860082179696 0.004250018397091856 0.0031524686166562064 0.0019371726421707311 0.0009596887754482931 0.00038429860696275 0.00012896797860105567 3.876179464626023e-05 1.1379950347750802e-05 3.5814531447312255e-06 1.3133903216098293e-06 5.961296261507526e-07 3.4459746485355056e-07 2.5240212903032654e-07 2.2642330559118006e-07 2.3589871744411112e-07 2.6869902744916403e-07 3.1614043378031984e-07 3.6722084294323986e-07 4.089006314157783e-07 4.3097113381803534e-07 4.3126995967331605e-07 4.16669223289828e-07 3.996141530838673e-07 3.9418529934277857e-07 4.1571614742861674e-07 4.862024169616188e-07 6.48870341872107e-07 1.0033625504391977e-06 1.7950876055714224e-06 3.6445958537201443e-06 8.099880852061354e-06 1.8741271952151454e-05
0.007390734558505427 0.00816794336915505 0.00840188565614061 0.008231327906098781 0.007843374628479172 0.007341885350296803 0.006702300193629752 0.005814554056385428 0.004605324697476585 0.003182962638270239 0.0018473406570448563 0.0008824292189683443 0.0003492189726748229 0.00011873719175250247 3.6936386497507765e-05 1.1392713810878915e-05 3.7934816091397315e-06 1.4706306333044268e-06 7.004963170633779e-07 4.2006031584009257e-07 3.1494011526787907e-07 2.854422528340071e-07 2.970334212362857e-07 3.347683009086103e-07 3.868210068542027e-07 4.386956202049275e-07 4.748663259420832e-07 4.853129234623775e-07 4.7087279510119985e-07 4.42378229612054e-07 4.150470672927777e-07 4.0384842282841035e-07 4.23871449933925e-07 4.968355573103215e-07 6.661091031823249e-07 1.0299291255304063e-06 1.8180118442338814e-06 3.560847899152567e-06 7.4034685362276254e-06 1.5449259416266352e-05
0.007988886386656223 0.009129619423630091 0.00968222495482665 0.009704318710899534 0.009348039726471047 0.008718961328152029 0.007815901425348189 0.0065792003114891195 0.005021918502805518 0.0033453137394573794 0.001885271019010172 0.0008865320585823723 0.00035156067552874996 0.00012202333578048468 3.937860823936181e-05 1.2738484804122536e-05 4.466632729772379e-06 1.817959806363323e-06 9.008870559873e-07 5.546144614002517e-07 4.204549823873372e-07 3.795575275906915e-07 3.881420808272579e-07 4.251799957895562e-07 4.735920751083075e-07 5.150206718148325e-07 5.334464599422748e-07 5.224654644967014e-07 4.884711240045161e-07 4.463902547197114e-07 4.125041598450176e-07 4.0080969278646755e-07 4.2533794432439745e-07 5.081502393913395e-07 6.95051467994689e-07 1.087612629238859e-06 1.9088913133167287e-06 3.620285259569473e-06 7.0504190374537265e-06 1.3286027424411942e-05
0.007251556266485668 0.00858625817748066 0.009484170017288846 0.009898667637268259 0.00987196989401129 0.009434532750455322 0.008555238883813421 0.0071937077207668045 0.005432453769636416 0.003564007176780786 0.001981166126196623 0.0009256484635297117 0.0003688987778442431 0.0001303688748536783 4.335168710000071e-05 1.457270328142211e-05 5.327471786350645e-06 2.2554609518485684e-06 1.1539510932480612e-06 7.251662264445183e-07 5.535569303136477e-07 4.959813305973975e-07 4.964870790777236e-07 5.258520671353533e-07 5.607008719412719e-07 5.797582106088587e-07 5.695018343275615e-07 5.303640991500051e-07 4.7542528453529434e-07 4.2232723898040716e-07 3.8610887833650974e-07 3.7820288387983214e-07 4.1127197904525626e-07 5.086601624287328e-07 7.210074956573263e-07 1.1578030466064542e-06 2.0430909225853475e-06 3.783360152045302e-06 6.9483564015699566e-06 1.1912568324363524e-05
0.00583247437957738 0.007178042022398401 0.008327584756781973 0.009166976596651614 0.009615825097570616 0.009579975526471374 0.008938630464314156 0.0076234122828023766 0.005765273383149842 0.0037549604711744054 0.0020652748327879586 0.0009567760314448722 0.0003805406476996976 0.00013542972377541686 4.577853286026448e-05 1.5764335715143565e-05 5.9316070628520445e-06 2.5869611095919962e-06 1.3594018498199435e-06 8.717462349415599e-07 6.727480531834739e-07 6.024318994896411e-07 5.950052608034678e-07 6.135862520528641e-07 6.291268126812437e-07 6.193671426703273e-07 5.761696043259612e-07 5.086292637097949e-07 4.3584802150750836e-07 3.7593449006675423e-07 3.407705854416486e-07 3.3854331573182023e-07 3.8090705351404883e-07 4.936674932415551e-07 7.34713623195716e-07 1.2259380874730285e-06 2.198636855672571e-06 4.010819871162245e-06 7.001202215152391e-06 1.1015269828732109e-05
0.0044370755670918366 0.005702897433123181 0.0069964476227499925 0.008186576137477485 0.009101541725764578 0.009513249493645026 0.009172315901824523 0.00794640246684962 0.006008476731809876 0.003865781567985095 0.0020862187281147173 0.0009471495519935224 0.0003704995733322485 0.00013058193816612178 4.409109147433481e-05 1.5300153603375596e-05 5.846393108446663e-06 2.6045981793493895e-06 1.4027215647552055e-06 9.22135791087587e-07 7.27143773281055e-07 6.606406951724976e-07 6.549051800667367e-07 6.685936568121954e-07 6.685264842220251e-07 6.330158382086902e-07 5.609603608948843e-07 4.7054311084562193e-07 3.855782619290129e-07 3.229340012292778e-07 2.9060047812796477e-07 2.93819783183808e-07 3.4405121796001336e-07 4.7086991927467945e-07 7.420881506091044e-07 1.2971710740370043e-06 2.3805868270099686e-06 4.300622136234663e-06 7.1655002117128285e-06 1.0394890810175107e-05
0.0034212260812257695 0.004625167088900446 0.006037833262080009 0.007540785536945912 0.008894737134823204 0.009728039116799798 0.009629133806628547 0.008388950625589277 0.006259372154874536 0.003917149945307394 0.0020387144698842848 0.0008904641110108363 0.0003360719243745654 0.000115075075500436 3.81150116823264e-05 1.3121047862735724e-05 5.0331223093491526e-06 2.277094560823256e-06 1.2580896915309015e-06 8.548021244556736e-07 6.989485669261833e-07 6.570777357507565e-07 6.685323495221708e-07 6.910230174244995e-07 6.876852661627206e-07 6.368350824842631e-07 5.442932679787255e-07 4.374266633150976e-07 3.445065038685649e-07 2.810449337985994e-07 2.516651398237292e-07 2.596119905093347e-07 3.173107942147753e-07 4.600590789949592e-07 7.69972772935038e-07 1.4124309197078314e-06 2.652654047756655e-06 4.737329044067264e-06 7.511502612183155e-06 1.0018350764211501e-05
0.002850778390980839 0.004095291883092746 0.005728261946952148 0.007654338347357412 0.009550381633904786 0.010835161330638698 0.010859165848075936 0.009343682207375652 0.0067378155671589555 0.004011137765936353 0.0019687623776588952 0.0008096048559613209 0.0002889282433778648 9.438984349921536e-05 3.0197341333435396e-05 1.0189434303779982e-05 3.8940357687654735e-06 1.7851873996936092e-06 1.0158156880827776e-06 7.20649637278041e-07 6.208304610945122e-07 6.163653833567324e-07 6.587082944563881e-07 7.060639679264833e-07 7.15526227944103e-07 6.614450209510992e-07 5.547192573329365e-07 4.3304250708694275e-07 3.312586691472741e-07 2.652560892771839e-07 2.3762738149812993e-07 2.509269787288473e-07 3.205633272195072e-07 4.920301765754861e-07 8.718944334036544e-07 1.6691931979532302e-06 3.1821118646376666e-06 5.559709791998752e-06 8.291008233023539e-06 1.0050194200881752e-05
0.0026994938062689547 0.004175571218860169 0.0063112538724650925 0.009044696938378888 0.011884874871992418 0.01383195764671174 0.013798202372457635 0.011476542347151474 0.007808720232871296 0.004315354342766091 0.0019516709632930165 0.0007401760288474179 0.00024548432938716145 7.547748387576111e-05 2.3095164638908773e-05 7.59338543247617e-06 2.885595887213228e-06 1.3435206730670124e-06 7.925421672058644e-07 5.934181251657266e-07 5.465416236058018e-07 5.83322190298784e-07 6.680826760372933e-07 7.586349058879317e-07 8.000118050360614e-07 7.539574384961892e-07 6.328440577364613e-07 4.885678310668482e-07 3.686796201988934e-07 2.9345223246711286e-07 2.654108375438491e-07 2.883820044703532e-07 3.8540108461108923e-07 6.239510073807658e-07 1.1611618545306425e-06 2.2914923999751866e-06 4.3639626048543195e-06 7.32141999371504e-06 1.0065598008129809e-05 1.087654655499141e-05
0.0029896722214279125 0.005054535573181386 0.008336203067020648 0.012854356900221678 0.017720771383800724 0.020932614597300087 0.020446105371231434 0.016106113690148263 0.010112334646662419 0.005075506801115735 0.002074336219173458 0.0007142856902323132 0.00021774930103518402 6.261789813912461e-05 1.8291790072572352e-05 5.8709867354801364e-06 2.2292167352407124e-06 1.0615985196916701e-06 6.549576569641685e-07 5.228988604295382e-07 5.208051806243744e-07 6.052137695723879e-07 7.533857567007668e-07 9.205343702802613e-07 1.027607207417147e-06 1.0058137501324083e-06 8.616361670718874e-07 6.709442168506015e-07 5.088927620079763e-07 4.092305408069229e-07 3.783037944612084e-07 4.2592572088176843e-07 5.959467115171305e-07 1.0118152027853498e-06 1.953753898452321e-06 3.905334788849464e-06 7.269882022348022e-06 1.1429134118511824e-05 1.4122065527375882e-05 1.3268205436283676e-05
0.0038800289749013218 0.007272853576093738 0.013211394725766174 0.02199877513809223 0.0317391489127806 0.037746329542680104 0.03564869513575948 0.026190120240694437 0.01493118897961307 0.006706911613204791 0.00244881745945698 0.0007603761646484975 0.00021270322903026197 5.739899080279978e-05 1.6127434813025527e-05 5.105616670352194e-06 1.959750909133998e-06 9.65712037897999e-07 6.296865421710321e-07 5.407858561679114e-07 5.867143766318976e-07 7.470652853509655e-07 1.017341551899093e-06 1.3480768704142987e-06 1.6094921099496583e-06 1.6580984109048546e-06 1.4735370490389853e-06 1.1788638836444483e-06 9.158844673143468e-07 7.570981588114986e-07 7.250194856863902e-07 8.522688968993065e-07 1.248926341557645e-06 2.207618722091131e-06 4.3599743020920275e-06 8.65216907485781e-06 1.5371990571104664e-05 2.207226993965248e-05 2.3892812835275817e-05 1.9051202971983924e-05
0.005746671167229752 0.01206248183763748 0.02428581387895104 0.043766230179041375 0.06597960924999591 0.07862971095224755 0.07132459712405424 0.04851788958012458 0.02495944866837845 0.009996328905330976 0.003261031860771832 0.0009174565797727566 0.000237782302962772 6.105916884067886e-05 1.6783798259299416e-05 5.337437428104529e-06 2.107768403737786e-06 1.091003553547533e-06 7.60237879279301e-07 7.070089716174889e-07 8.376239746053036e-07 1.1680949205395425e-06 1.7373834132289333e-06 2.4950969050043878e-06 3.192901109768248e-06 3.4835803640008906e-06 3.2454750207410476e-06 2.70517901586849e-06 2.186895805912164e-06 1.8863177838011262e-06 1.8931979620738445e-06 2.337627738412246e-06 3.5840304744453544e-06 6.5406255603741955e-06 1.301812794798356e-05 2.515492960818419e-05 4.174223901724118e-05 5.358227850284271e-05 4.9844792785884825e-05 3.3194933855803235e-05
0.009220636904142394 0.021716721298615984 0.048455676621168356 0.09435991388771281 0.14832323221354443 0.17685651290736154 0.15411593951151753 0.09734149868195335 0.045461053445161534 0.01639481408564054 0.004846048668339235 0.0012579218210381344 0.0003087052664460906 7.728984712653575e-05 2.1317902391701164e-05 6.978120000968632e-06 2.8962245877908707e-06 1.6006999160812045e-06 1.2041479423356712e-06 1.2168279544533823e-06 1.5701604019267979e-06 2.3812266916663444e-06 3.832830956497802e-06 5.913182158892845e-06 8.060919932186477e-06 9.29701655422018e-06 9.106976458070477e-06 7.964652556151436e-06 6.7632471616413515e-06 6.145097901368752e-06 6.509008264310792e-06 8.461870594712909e-06 1.3527705218748196e-05 2.5257228484429756e-05 4.9980113425279266e-05 9.256186968683078e-05 0.0001412699791865146 0.0001601208994639144 0.00012703901895180455 7.050517782473957e-05
0.014943022212638758 0.03913647254949769 0.09589478584166888 0.20025015102698268 0.3267879361047332 0.39016619165103567 0.328937829996883 0.19552459407308548 0.08451792158406596 0.028125072759432185 0.007751140277153111 0.001915941556043322 0.00046022204977555394 0.00011612928908594969 3.31629828009776e-05 1.1486846688733784e-05 5.122625088364144e-06 3.0687757252444064e-06 2.5097564344725527e-06 2.7530789096136732e-06 3.838121940303795e-06 6.2465762743020695e-06 1.0708560226394316e-05 1.7466561707970544e-05 2.5022291134664664e-05 3.0214915925694026e-05 3.0961110856124204e-05 2.8379330634567167e-05 2.5348638733265794e-05 2.4307022129894203e-05 2.718084215025921e-05 3.7102648033577014e-05 6.14572900224313e-05 0.00011629070686609635 0.000226293303477412 0.0003976593203002119 0.0005547166548635274 0.0005551100347831353 0.00037841716573329393 0.00017760092721742494
0.02265512293630319 0.06459788537763912 0.17047464153363356 0.3761008452499266 0.632354619572957 0.7575545738183462 0.6259526415157435 0.358386909702473 0.14800535324236294 0.04720743210943114 0.012649527443894665 0.0031091582751626044 0.000762572899204922 0.00020166489166888215 6.168932748186582e-05 2.3237347532826367e-05 1.1352470888901813e-05 7.44983812892694e-06 6.634074721947323e-06 7.845081957923326e-06 1.165168748362188e-05 1.99660934260605e-05 3.567411295498064e-05 6.019811133834757e-05 8.886603511956646e-05 0.00011054472552187613 0.00011704563380752384 0.0001114455292351128 0.00010400582065695072 0.0001046193842497277 0.00012268501022469287 0.00017444615855935434 0.00029667953141598733 0.0005637728846021678 0.0010710757749242542 0.0017810675661839278 0.002280707847750885 0.0020421994403891663 0.0012240882047610067 0.0005014498757343821
0.029965332220500702 0.09006771353228041 0.24874843090675497 0.5675225686771177 0.972751207935419 1.172475960987486 0.9657571296893721 0.5489830113219163 0.22569193030657367 0.07242294565323372 0.019872697545270546 0.005113555182720556 0.0013431538118713223 0.0003879478355739361 0.00013138103360529522 5.509581238521173e-05 2.9884209415237962e-05 2.1554496780954204e-05 2.0774335692323258e-05 2.6112111165543452e-05 4.048132124219955e-05 7.126674571276212e-05 0.0001292699056907259 0.00021990296780366472 0.0003266375071672621 0.00040995832633735404 0.00044068668680841925 0.0004294059882100803 0.000413199430031797 0.0004305996376294638 0.0005230816683566412 0.0007655643618507324 0.001322646820443021 0.0025049347615412904 0.004635257902665681 0.007332304441708316 0.008749167418604382 0.007194410385581463 0.003933959242648227 0.0014725993946609198
