_RESULTS/REVERSE_NEW/MHZ/IZ/3comp/MHZ_IZ_z_355_kriged_reverse_3comp.asc
ncols 100
nrows 81
xllcorner 5.5967107547500001
yllcorner 50.982328804750004
cellsize 0.00017565049999994641
nodata_value 1.7014100000000001E+038
[rows 38 to 56 of 81, columns 44 to 87 of 100]
21.580621384043774 21.544589399829984 21.640169368028754 21.85539498694735 22.1585891651413 22.50165174261384 22.828142632548914 23.084536183411483 23.231706524795154 23.25324701140621 23.158114469734173 22.977047914733404 22.754258665231973 22.537066917749975 22.366149829314693 22.26821000998987 22.25177189716944 22.305949872872084 22.401686205338137 22.495181881708554 22.53371128123362 22.46410969431899 22.243528297229012 21.85070263040458 21.29466321824525 20.617470959750264 19.88887352908474 19.193398838921976 18.612319754991212 18.205346921583605 18.01252414339325 18.066293756298755 18.342174348952607 18.76117486675132 19.249671074401267 19.740701601001405 20.171424376318996 20.492400248247243 20.673754690957047 20.70653645883656 20.601071789973407 20.383643429736452 20.092212699893498 19.77146957514692
22.72372834360573 22.795978678693253 22.958161603143726 23.19082303777892 23.45884965429546 23.71533246006968 23.90982971028954 23.99925949481908 23.95831132574291 23.78604224061847 23.506512169661978 23.163391810944496 22.81040962828942 22.500438229838636 22.275779361114125 22.161276008694898 22.160846079877032 22.257153302348755 22.413654277526465 22.57852292615882 22.690696783962682 22.68862298897308 22.521582112037983 22.16191346740417 21.61486874950424 20.9222397147903 20.157180867207032 19.410670609843883 18.77305418054505 18.31532290339121 18.080344593315925 18.088995172022308 18.322036336514365 18.71439406514442 19.191633337902232 19.6811824239164 20.116133286005887 20.444239386014594 20.633726309611564 20.67455547544174 20.57659362966409 20.36602911927813 20.080847511916893 19.7656987884314
23.84185950693745 23.992718687726168 24.18773440704874 24.40321749684891 24.604177850605076 24.7482826796615 24.793749961919843 24.709364674453106 24.483546893803346 24.129337401296922 23.68346594665566 23.199744085440027 22.738850034387035 22.357272988294756 22.09770773631414 21.98236943460837 22.010034423005962 22.156660488329713 22.378436696579524 22.61627846768656 22.80200375547068 22.86713730146285 22.754557962790837 22.431403447340184 21.899802518633173 21.201241242799988 20.411584842960963 19.626994353161674 18.944560852184555 18.442983909209136 18.170433591402038 18.145255925948582 18.348391514434425 18.720890129198615 19.188944240216827 19.677094951239727 20.115961113885085 20.45160230250795 20.65115869347261 20.70397276755393 20.61953005414985 20.42360810701509 20.153551416493194 19.8530683438355
24.845480846616912 25.0369007908887 25.226851334499557 25.390708099251142 25.49692321223616 25.51071850873292 25.400950850121358 25.14871070463192 24.7549190818802 24.243991155396355 23.66187873891333 23.068909667482764 22.52961207647635 22.10203928103396 21.82824956677133 21.727263346782504 21.792199895949203 21.992060924936137 22.276224015318196 22.579652165568973 22.829031337260314 22.951353923529748 22.88556915167072 22.595779459436084 22.082426724670697 21.38706749839786 20.58752035308422 19.78346134692371 19.076394150964788 18.549740513622247 18.255539714910547 18.212333407791302 18.400398465262846 18.76309778805294 19.227299203730645 19.71637020423914 20.16002639234034 20.503985440760694 20.71538909866788 20.783667516277095 20.718177521136973 20.54407590388342 20.29744972057618 20.020169561071906
25.59108172704357 25.787165912406394 25.950845101704388 26.051525871318265 26.05802631743252 25.943839493851957 25.69047200131282 25.29221154108752 24.761410853723405 24.131052966693918 23.452433552958222 22.788310675426242 22.203745294083678 21.75655653531486 21.487740248853562 21.41302660715868 21.51947148288481 21.768906921614818 22.10463658399828 22.45752162657584 22.75178043508773 22.912978934361526 22.879312774051954 22.614645926457964 22.119635756557297 21.436484340330313 20.64406469072259 19.84344614664579 19.13770130910765 18.61183415429761 18.319326490216444 18.278556569640212 18.46833579611573 18.832719959101194 19.299350627436393 19.791759448694414 20.24035872138634 20.592061038731547 20.81529466418435 20.90045440817637 20.85715843170557 20.709849332018997 20.49284945830662 20.245390151315814
25.870815051241625 26.07873071253432 26.25559921674664 26.330247746624273 26.26223374186654 26.041098945740735 25.669908253651545 25.15995021335647 24.5342460095751 23.83092891024596 23.10209983339316 22.40843721774516 21.812136792716046 21.36938348260023 21.12042817946749 21.078235076961565 21.223744000606217 21.511723226842154 21.880592247495546 22.25949797428514 22.573352360505865 22.749790942479542 22.729695541450546 22.479614418834164 22.00230542895411 21.34103520649727 20.57455224788317 19.802819817632603 19.127229001782496 18.63100058048604 18.366370086342112 18.349775445832492 18.557399179198654 18.933521603929563 19.406955669426754 19.90273292513284 20.353659605972112 20.709496234753313 20.941330017644475 21.041458252814728 21.020207283683572 20.901292892108593 20.716890345120646 20.50295642858188
25.770366189235638 26.04844282781908 26.27139291739323 26.31860603303912 26.168520783629656 25.847911989424883 25.385727616894727 24.806067187722494 24.136250087877436 23.4132972378945 22.68459478463949 22.004188864652466 21.428289134810615 21.010382504119043 20.79043176128584 20.779469112500255 20.953266660968534 21.26079325537814 21.637580213097255 22.01388925263645 22.318657520357025 22.48503767573106 22.45978779600665 22.214641301194117 21.755819939383642 21.12756212569338 20.406912505980333 19.689975572500817 19.073082765613744 18.63440672481791 18.42221363053951 18.448453844137866 18.68592026584489 19.079394748311067 19.559511241584126 20.05429164105822 20.500711524928118 20.853036076220924 21.08633277763188 21.19566971777871 21.192483764128824 21.09976978970347 20.94727682788518 20.767238212352172
25.827034891628166 26.078697334811203 26.185496946675674 26.085301805393435 25.80816968687732 25.398975415210355 24.88793976914532 24.295588892230555 23.643381424605 22.96036495762968 22.28431712680789 21.659349663684655 21.134235575884865 20.759164553870427 20.572321098290484 20.58293864113222 20.764755106527797 21.06464691604552 21.41849689653668 21.760755951761848 22.027451669767746 22.160169044288004 22.11399885308848 21.867484963562532 21.43078944568262 20.84830914100474 20.193391794161084 19.55544233614102 19.022557311972594 18.665014645168903 18.52418390465646 18.60519995239359 18.877849156108255 19.287906979146637 19.768743912722105 20.253034775885055 20.683672117434696 21.02094429985376 21.245027522064824 21.35443715323549 21.36198588519837 21.289910861075757 21.165324294241433 21.016459360458
25.82719629494532 25.87481049437934 25.76135687712695 25.50482849589777 25.144924791257374 24.712555085128052 24.22547382825914 23.694260250866648 23.129866819181675 22.54915879212681 21.97679378129678 21.446093514637766 21.000943206334345 20.686734925883453 20.533497982543196 20.548623297362738 20.70993348852155 20.968506914918734 21.265131088016723 21.541630849461953 21.74362587268831 21.823178192339746 21.745123505767854 21.4953316421215 21.0873786843361 20.564305253970915 19.99348650697929 19.45491857585051 19.02577994630078 18.76590284782598 18.706906983571407 18.846490419972508 19.15234417937221 19.571671416810823 20.04186683837074 20.501961192192404 20.902329558413307 21.210521249838603 21.41263448371871 21.51102387565604 21.519944246707613 21.46075713313119 21.357770335137424 21.235089897532582
25.18062961398873 25.08356832800559 24.86729123029191 24.568368094785857 24.221728403181036 23.850990438081578 23.46669924837901 23.07017009617854 22.660058698345686 22.23809032472473 21.81347314489598 21.41160381976198 21.074744625630103 20.83574833503998 20.71077298115864 20.709111933077647 20.81861651714502 21.000824953126227 21.20663228665082 21.388567759682694 21.503855142571958 21.51619887138415 21.400528543320764 21.14950020143275 20.77873624477107 20.32794611805108 19.85623833778463 19.43187684850729 19.118960132993553 18.96455907030898 18.989133527181703 19.183736050598846 19.514504083183567 19.93085363303667 20.375722137819896 20.79601540559247 21.150820293044408 21.41577827029657 21.5833150426255 21.659677902937773 21.660409087322385 21.605790219650654 21.51719505426886 21.41460937669728
24.03524355871987 23.89300721312112 23.670584731889928 23.410733690253537 23.14955780318538 22.90803910425792 22.690063624744123 22.48639549303483 22.28171557867344 22.061265628392988 21.820143417308316 21.578100459627 21.36737800694845 21.20246563871799 21.093727515692485 21.05577499778416 21.087026634791208 21.163462428850778 21.25090164470537 21.315907148597514 21.329031486933616 21.26613146688941 21.111749536413406 20.864034067023272 20.53881826658557 20.170435783046514 19.807755819925962 19.50555967839426 19.313228393881847 19.263759521657867 19.36667143212574 19.607182865853844 19.950512528723642 20.349509092315813 20.754052586701274 21.120074303566412 21.41613245344932 21.62628305016766 21.749220808347538 21.79478985539349 21.779462818785987 21.722177153650318 21.641296468733533 21.55282124585427
22.659527826602595 22.519458093235844 22.340485957295463 22.16959426384356 22.042617419994492 21.97605884047922 21.96557331880401 21.990398512082837 22.02102151482629 22.027847595072842 21.994414164248237 21.92707798685718 21.837990330450925 21.73490753612537 21.631223784987597 21.543464123930328 21.479157183168628 21.43089867062944 21.382675931357237 21.31769358860282 21.221116883123887 21.080942297312713 20.890304297951552 20.651195996263656 20.377809870363087 20.097414676515406 19.847309459811513 19.667785149180965 19.59274429984513 19.64108891139926 19.81217825057611 20.08622825955994 20.428605936040285 20.796847861371575 21.14883055241079 21.450164044302745 21.67905933899036 21.827739897790938 21.90064296507305 21.910602164322384 21.874516204864424 21.809703161497296 21.731521142681512 21.65224768450758
21.229156798351493 21.124279196348013 21.022687920244966 20.972345884087872 21.00632021398124 21.135415226011446 21.347031485189863 21.609655282968067 21.881101324918202 22.119207003677598 22.294164521421283 22.391887822839674 22.410174541383842 22.3589307777982 22.25185419730022 22.105776733454714 21.93793431014809 21.75789980377677 21.56874335818934 21.371400587151925 21.166028178841557 20.95215008165607 20.730132271041864 20.5041608829181 20.28530867744682 20.09279143342014 19.951903761514952 19.888397636983417 19.920983274468504 20.055247378653483 20.28142264888312 20.575860433211286 20.905287271605168 21.232937803770383 21.52526859045298 21.757622421005344 21.917411197440394 22.00422055988426 22.02729871312588 22.001635200855755 21.943983234607614 21.869811749379824 21.791583757276072 21.718238317686257
19.89702004994625 19.851547620514832 19.846719918729676 19.928813098771446 20.126914213166618 20.44645377383575 20.86802622796621 21.351455161205962 21.84421901862386 22.29276011918157 22.652668919535383 22.893184602733943 23.00433803367939 22.994807871861145 22.876270242511264 22.668243131317205 22.398008535093716 22.09068719119449 21.767327370234018 21.44593651805255 21.140823945225513 20.86173860385331 20.614706401534114 20.404685080974605 20.23876237413936 20.12801791080409 20.08636841990995 20.126039910516706 20.251711916244304 20.456916497501666 20.72407479348748 21.02698685945398 21.334831374527102 21.617166922374302 21.84905295363752 22.014982108542924 22.11052066569707 22.14135324926238 22.120328500027632 22.063649463892933 21.987371228105978 21.904975944362885 21.826257239600878 21.757303417838514
18.786522389313713 18.812141164870436 18.907044131100204 19.11427769790473 19.45883366768255 19.94186944525098 20.539171371340036 21.204521277170805 21.877793585611645 22.495964667482124 23.002968273926726 23.357403941429684 23.542433365079425 23.561865597897942 23.42618513392713 23.159279161036288 22.79716946650349 22.377974787401943 21.93822470845144 21.51082047211794 21.122216077652762 20.790464834722794 20.52559705368798 20.33227155204789 20.2134133890407 20.172837986954224 20.214825888645354 20.340117213309625 20.541159494085058 20.80096113919902 21.095579268285395 21.397547970129217 21.679335691608255 21.916996475459623 22.093647223213704 22.201785104362337 22.24363347236117 22.229429056733665 22.17429450702395 22.094718291593356 22.005595639534604 21.918400073783033 21.8405836903639 21.77593917264053
17.97272852640019 18.06703968640159 18.249583762252687 18.55958039326097 19.0182302457554 19.62343866280512 20.347975783209503 21.14219464772863 21.94151744494041 22.67693557080109 23.28532639380669 23.718868180818127 23.95442489262155 23.990219983765986 23.8365364976803 23.521214056853427 23.086542566226182 22.580422091987508 22.05136615417572 21.543854161627177 21.093606974365954 20.724663475277776 20.44945030655507 20.271623569818182 20.19037441292324 20.203988470988136 20.309939865477673 20.50048311937992 20.75798276537966 21.056376510579845 21.36667417752653 21.661252596474295 21.916404519481183 22.114426596681053 22.245491940592334 22.30857812078999 22.310835091124456 22.26542843970536 22.18847566662184 22.09593998727874 22.0012297183699 21.91390020487443 21.83945783941014 21.77997349632657
17.47515432861224 17.623177397688007 17.8701468789752 18.251303374205715 18.784241717709605 19.464164872482918 20.26211019886793 21.12729891646318 21.993957600004826 22.791161354019533 23.453199129542025 23.92929645787075 24.191727846379372 24.234114057157498 24.06675136455761 23.719617625875276 23.238397665594857 22.67713196765011 22.092150454691044 21.535504742590835 21.048838307816805 20.659729276972453 20.381540551899125 20.216513558252654 20.160929816944737 20.20988660266419 20.35786658216766 20.59263932241671 20.888615188657113 21.21148248985595 21.528117626971248 21.811618681022114 22.042388830658684 22.208425124255726 22.305702924017652 22.338016976927317 22.315714208685893 22.253381852047664 22.167031345380195 22.0714741904779 21.97845199203205 21.89577938242905 21.827435008212458 21.77430857520358
17.26285656139046 17.44054389402601 17.722503133290797 18.139886183894287 18.706602656867556 19.415284003076138 20.23600810487496 21.11861405850843 21.998916005904874 22.80768728799223 23.480424090413766 23.966468602504634 24.235806364153294 24.27917100410967 24.106484713874277 23.747780103566715 23.24937979379275 22.667702861292245 22.062516166035522 21.489260636166268 20.992117564282715 20.599883422514356 20.325610046284226 20.169898758591955 20.127036302409852 20.19126089812599 20.358534755902884 20.617823833253084 20.93736797442324 21.2737451566568 21.58999032578421 21.860747877638076 22.07075042197708 22.21305107828333 22.288136976529234 22.303039323102517 22.26976534586941 22.203071994214334 22.118021567173717 22.027858025367184 21.94261089615975 21.86858244528506 21.808618432225487 21.762891111382952
17.26868750433369 17.446915046900777 17.732720529799106 18.153025282292727 18.717811089520325 19.417000932772684 20.219998477738134 21.078245487872753 21.930946235517972 22.713074941804162 23.364080936770172 23.835878050328947 24.098512026003583 24.14157561955473 23.974187300683802 23.624837837867783 23.138137069905753 22.569424985818202 21.977859684242958 21.41843505152336 20.934835834630828 20.55509732673156 20.29100680881856 20.14146616188411 20.099338787464635 20.158638298660318 20.321056724591276 20.587462869140406 20.92158095436495 21.26519633399893 21.576756258821955 21.83405537795845 22.026759624552454 22.152421543152364 22.214861510228626 22.222989072118615 22.189238550184708 22.12760674287174 22.051645412222157 21.972816862947283 21.899499113865208 21.83672528890474 21.78654560795187 21.74877433898878
