_RESULTS/REVERSE_NEW/MHZ/IZ/3comp/MHZ_IZ_z_250_kriged_reverse_3comp_test3.asc
ncols 100
nrows 81
xllcorner 5.5967107548124995
yllcorner 50.982328804812504
cellsize 0.00017565037499993607
nodata_value 1.7014100000000001E+038
[rows 19 to 37 of 81, columns 44 to 87 of 100]
33.71792438193133 33.78463419705602 33.86902874740037 33.96739739603029 34.07837795441048 34.20339211524116 34.34622519671527 34.51177747034795 34.7041187971947 34.92410532394042 35.166993623583885 35.42067138967199 35.66520291941244 35.87424314088297 36.01847150685716 36.070636101377644 36.01126444000941 35.83375985255911 35.54755092947214 35.17822655572609 34.764181740566094 34.35017317603703 33.979132730334186 33.684246322761666 33.483337848590565 33.376928837815825 33.35023270416062 33.378240528644696 33.432373024441006 33.4870833197223 33.525179561005785 33.541190399293015 33.54252868555881 33.54840862676618 33.5865403090064 33.6877688429136 33.879189245079495 34.17681944977569 34.57943999835388 35.06541563048177 35.59394183811541 36.111107131261704 36.55965304243002 36.889972216825775
33.47751034828495 33.589370295111806 33.70751839137944 33.824257232495995 33.936267997441185 34.045123018227244 34.15666428811644 34.27932910430296 34.421612677997786 34.58899540576259 34.780863674376846 34.988163771799606 35.19261332922345 35.36811481528962 35.48453632381233 35.51336963724662 35.43416541714994 35.24027298355129 34.942368919843986 34.56856887809282 34.160593330960175 33.76645348648721 33.431205929344856 33.18807495062842 33.05227548836137 33.01910297638123 33.06658009168932 33.16167557329586 33.26831134835709 33.355268870363716 33.4025638801745 33.40550678363852 33.37614154839108 33.34193411415925 33.341618162476166 33.41829509734853 33.61041879401252 33.94209503781678 34.41486220084831 35.00339010422623 35.65702003701613 36.307649620579866 36.88242398825312 37.317891171781206
33.257321779677454 33.4218308036828 33.57999384187958 33.719752960264955 33.83554615927062 33.92885954476764 34.007374576485304 34.08286558827478 34.16810511106074 34.27316887514064 34.40174354163376 34.54826819160562 34.696832175627655 34.82255034051197 34.89560154490681 34.887384055164425 34.77755893452705 34.56033511998966 34.24829929612537 33.87244021057227 33.477780693273765 33.115157618085846 32.83091094307077 32.65708202266732 32.60475151640399 32.662279017400195 32.79875874449626 32.9715422764141 33.13575264925807 33.25360353624613 33.30189453807505 33.27681667171001 33.19572037168656 33.095623985952926 33.028202491003505 33.05121297936867 33.21705478877718 33.56028903381113 34.08695530077572 34.7688687813484 35.54538948903742 36.33330948951267 37.04284345975356 37.59534137236023
33.088093539009584 33.30974394776642 33.51117866282814 33.67576555063961 33.795552457890885 33.87184368867208 33.91410032938907 33.937405311958344 33.95882602225211 33.993131403981494 34.048532765592086 34.123353950589376 34.20463187898509 34.26943178386141 34.289084110399806 34.23575346621219 34.08999959843296 33.8475229973731 33.52322204954051 33.15106875939204 32.77916428219923 32.46059735360803 32.24208552793746 32.15330051886709 32.19980346207761 32.3615482136181 32.59728226461588 32.85350421097206 33.07557902528867 33.21851333351548 33.2555758897184 33.18385284166795 33.0263914395278 32.83062373372764 32.662589613235156 32.59667873997091 32.701578454778925 33.024673993799496 33.57853692876055 34.333544456870214 35.21974192159782 36.138757814407384 36.9832752853339 37.65857424821327
33.004135289764726 33.28399028352329 33.528558287727826 33.716624693581856 33.83787211893764 33.89348733625361 33.89481439059408 33.8603835793991 33.811728666700816 33.76852012329562 33.74375345367793 33.73996874465708 33.74756886335677 33.74607042534814 33.7085077868374 33.608358637029916 33.427548525128145 33.163577230982256 32.8337303150462 32.47475451318409 32.13732008771051 31.875982904600026 31.736839295485776 31.746063463256423 31.90254154351897 32.17674983095106 32.51619966462691 32.85588914434501 33.13102571365889 33.289207690393596 33.30008532709747 33.16160154480281 32.90252798219811 32.580924827090584 32.27779446195417 32.085324953477006 32.09023331334828 32.35477891513472 32.90011136802511 33.69705078105068 34.66788876090212 35.70014219359343 36.669387623000404 37.464660569943895
33.03737447749728 33.3731822520652 33.657515501607996 33.86479714671198 33.9825537693977 34.012073666689076 33.96682557638638 33.86905235942786 33.74502982499628 33.61959787910681 33.51078814489021 33.42560217017385 33.35806711822508 33.290435976140365 33.19774855094105 33.05507101184314 32.84587213148568 32.56944496115628 32.245198187035925 31.912094876694326 31.62254310795071 31.431541208358873 31.383465259679404 31.49995596377868 31.77238849681393 32.16122888095941 32.6025596689206 33.01999390081448 33.338908775526846 33.49987406322724 33.469164769965744 33.24554267478887 32.86315261336181 32.390116664818 31.921843316695703 31.56818870758391 31.434705191076496 31.60012284985579 32.09581867425516 32.89489458090938 33.914231448437285 35.029589012662655 36.10120438253287 37.002720032275974
33.21009136630442 33.59680544158777 33.91490723002438 34.134909099996534 34.242571336612336 34.239632259273776 34.14201342955702 33.97599058770824 33.7728817021438 33.562946015618294 33.36943153382433 33.203921208877894 33.06415878499896 32.935230501231935 32.79428706241726 32.618055930199 32.391506282285235 32.11546567944145 31.810912186554262 31.51815759788821 31.29022915085929 31.181336165816465 31.232978935352723 31.461391043266936 31.850013112149394 32.349397906249614 32.884782466265676 33.369347226044844 33.719761025408054 33.87058246874782 33.78533526286938 33.46361692634767 32.944277823823825 32.30418966262187 31.651283731876468 31.110940829534577 30.806696898364887 30.835696149046903 31.241323019087947 31.999157690582802 33.02277587345376 34.18000386334799 35.319202652095214 36.300867245029984
33.52787547408073 33.9583242221067 34.302361978087376 34.52726940834111 34.617602991751724 34.57598905240538 34.42113745674027 34.183635678336664 33.90006993775971 33.606256981025254 33.33069050523818 33.089476005419066 32.88398017434111 32.702046915186465 32.522893802717405 32.32484922794568 32.094204273658384 31.83290480701756 31.562758920973717 31.32436058599788 31.17006293250358 31.151964344904247 31.30760114245408 31.64720295844507 32.14633208612592 32.74636547285883 33.36302963612754 33.90081484090351 34.26953077186447 34.399309566665245 34.25188897601459 33.827798731197724 33.16971860475773 32.361430588087856 31.520488522577345 30.783208946845686 30.286055285798753 30.147031609858598 30.429245720810854 31.10809010255407 32.090557512587836 33.24132037004971 34.40290030900982 35.4267409633289
33.974694720472 34.44009822035928 34.801076634272164 35.02259644826723 35.08877361394775 35.00359979530884 34.78878649302859 34.47934852629764 34.11719601167506 33.74363809926314 33.39220838893116 33.08323340811403 32.82138755080858 32.59701844387076 32.391239297193465 32.18383447996419 31.962178061197875 31.72886489438776 31.50574302944204 31.33258672249715 31.25979545624839 31.33614807442712 31.59438270019524 32.038520759627495 32.63680474679829 33.322762519623 34.00458233107415 34.58041760870156 34.9555740177675 35.057698520215816 34.8479124701018 34.327834195984515 33.542994367727616 32.581971081309 31.568761515457005 30.64530279845584 29.95010345438733 29.616102137553018 29.74608964411864 30.322887595444193 31.2295773330028 32.32657063694898 33.46016621519366 34.479774053584336
34.51180957835272 35.001869269126296 35.369810799086096 35.57957367218185 35.61602124396073 35.484925380405166 35.21076396780428 34.832768969369546 34.39802549608313 33.953018877365686 33.53581011751167 33.1703363056853 32.86399545121363 32.60918008595709 32.3885943364867 32.1832663269877 31.981402928194246 31.785816999207984 31.617697809200283 31.515057316338037 31.525311838067278 31.693066612233327 32.045868483349764 32.58181520037441 33.262897383168365 34.01662080110982 34.746040124252644 35.34562759688178 35.71869037900635 35.79236762912543 35.52832823768905 34.92943721335877 34.04308491659743 32.96043513460927 31.808830464135124 30.732654809122366 29.86449151676034 29.33040652425908 29.27610137510171 29.729636593397345 30.54182602618278 31.549243590340563 32.607863321592276 33.575063379257074
35.081425985797345 35.58366504339537 35.94666149741645 36.13567160163284 36.138835712240855 35.96354855676825 35.63532309644511 35.196890412142466 34.700367818204846 34.19693108396085 33.72831573445802 33.321091036297226 32.9844747231502 32.71220177076066 32.488102071821686 32.294158499787244 32.119170319756066 31.965843604987203 31.85422849108924 31.81997729236671 31.906965113594275 32.155335406226335 32.58765278907291 33.19695733545409 33.94056221729977 34.742138455274244 35.50215731230501 36.1139750727675 36.48113613554661 36.53192573131073 36.22948356790044 35.57799530744689 34.625770192145225 33.4644209956944 32.221488535906204 31.041970390472923 30.05573125966527 29.369752873498662 29.128390653341206 29.419348522687507 30.1088129454333 31.000612679292583 31.94834879022529 32.82175060452241
35.61463403677495 36.11260312708418 36.4540678284711 36.6111875853255 36.58107815726078 36.36993758511803 35.998964985071616 35.51342595812783 34.970999707382184 34.42711144204406 33.92597385702176 33.49539609714922 33.14514836195363 32.86932507646097 32.65222493672468 32.476398802756016 32.3310097337293 32.218478856205884 32.157544045395994 32.18137909468772 32.33038809422906 32.64068370770961 33.130786026376704 33.79018955372677 34.573562372118325 35.40309654545246 36.17905665907912 36.795768134472375 37.158594390599426 37.19798302232543 36.87901318103485 36.207072190174244 35.23050725437884 34.03948793013748 32.75872019539206 31.530803671547147 30.48706938121475 29.726775093108266 29.357507008647627 29.472028939678896 29.99442565421958 30.739588759761226 31.550859947778953 32.302111438030295
36.04255213509683 36.514703899467996 36.812899156725635 36.92657976656405 36.86847286568762 36.63552184456105 36.23729446113103 35.722006640189164 35.15403768222645 34.592331052154044 34.08189012659656 33.64990931646097 33.30505938270954 33.040515270977025 32.84018028405757 32.68667519979731 32.56930607002552 32.49019233432128 32.466932590746545 32.5306424168729 32.71902748728851 33.065395165186416 33.58593992312085 34.26875847999858 35.068256673897906 35.90746498053378 36.68836956075246 37.30757932999611 37.67294776234622 37.717260525065065 37.407388335110944 36.74947760114195 35.79102963306256 34.61921821720473 33.35345854068109 32.13029724269714 31.079583833700607 30.301404258071024 29.874398652464222 29.855631204955845 30.204429039523095 30.782811612433807 31.442716011989567 32.0585683652724
36.31052916068926 36.73740938115298 36.97978605653808 37.04838137314994 36.96542610385429 36.714697820026366 36.29889764702411 35.7713642539839 35.2011611391357 34.64798721798106 34.15505075482129 33.746569948436154 33.428104214232015 33.19036390928828 33.01580719010707 32.88652735524579 32.79176431884229 32.7334780697158 32.728638917621964 32.807249903117494 33.00577340927329 33.35670058757388 33.876343648267266 34.55408543361618 35.346657987251646 36.18003641537453 36.95923873959907 37.583564499832676 37.9630272939746 38.032027756985364 37.75838745122059 37.1481131420735 36.246843063734076 35.13753303425866 33.932728191789415 32.7603834367849 31.743819053551814 30.98106187242844 30.537075167034093 30.44045778086109 30.657031059853946 31.086312236577363 31.60285796729475 32.088813997494036
36.3901172322474 36.765672626427666 36.961630579569324 36.99183439684162 36.87044301596975 36.585359756975464 36.15235221282416 35.62889631497174 35.08149257040517 34.565589011220524 34.11920883310097 33.76084452111426 33.49068583679289 33.295264073061595 33.15443183186325 33.04910900845107 32.96829524575223 32.91408285029721 32.903615805658056 32.967170307604206 33.141984048798584 33.462338619639034 33.94766582133341 34.591682568420865 35.356086628829836 36.17158091124556 36.94685099770233 37.58337909874645 37.992048798380715 38.107358865551724 37.89664378274617 37.3643520331017 36.552926234395095 35.54010380280521 34.430905894168106 33.343924044460024 32.393488721370176 31.67154186606762 31.235532419751618 31.101672923893787 31.236389269490182 31.559019981544196 31.964154245613102 32.34603873491094
36.27607442617536 36.595657080060576 36.74740018783981 36.73187450248517 36.555534306649804 36.22859140146553 35.78676542564303 35.287377847659315 34.78942174166376 34.34038937291616 33.96997235816318 33.68816999694028 33.48751811542111 33.34865325184768 33.24768204394562 33.163749598835295 33.08552445335621 33.01566434804228 32.97250427352066 32.988273422226065 33.103361684174246 33.35682390900517 33.77452227675685 34.35769534587092 35.075538366700464 35.86487612535614 36.63803382711898 37.297282870986855 37.75217497402534 37.93524129607827 37.81175489642508 37.38287609739825 36.685971110493895 35.79250592232021 34.80012870850121 33.81892956240487 32.95472114179623 32.29270570424448 31.885187822366674 31.74429720373741 31.838796138278035 32.099508319522926 32.43511639273001 32.75106378785329
35.980634789756685 36.22519693584961 36.31118971522516 36.233903808271315 36.00460704991139 35.65195227671141 35.22235342608079 34.77102232587496 34.34948926515665 33.99574144533014 33.728667629592366 33.54730424447626 33.43447882710714 33.363427130665066 33.305559647845165 33.23781635291757 33.148598700987506 33.04170381353662 32.93780054019156 32.87285859242613 32.8928888113866 33.044776243629556 33.364139286496076 33.862800568361216 34.519678362963454 35.278651171607436 36.055039381351925 36.749656182354904 37.26749526776276 37.53665266684184 37.519620661596065 37.21315074602211 36.64685307546209 35.884189561317235 35.016141611006155 34.1465477959747 33.37519517988496 32.78246782103278 32.417754003713746 32.29262502148414 32.379348056899424 32.616816183948 32.92356806411007 33.21361094765293
35.540738584221636 35.68963395356939 35.69039019955092 35.544515758213194 35.27273683707939 34.91357316730661 34.51750173977345 34.13715232712979 33.816574662653906 33.58278295813641 33.44175010108397 33.379533487285165 33.36765505770448 33.370866564907175 33.35530458865213 33.29558605441442 33.180150466459814 33.014660337446486 32.823298689819694 32.64746162273218 32.541019377334464 32.5614679228171 32.75725850109313 33.1535171498371 33.740513000130775 34.469418126966445 35.25735862505792 36.000865147162855 36.59604175351433 36.963238696245895 37.06313023590654 36.889320418119624 36.46036834615114 35.82860408496411 35.079367537063675 34.31365861060901 33.62890554357787 33.103763702470026 32.78718713404887 32.69207334031973 32.79435100654228 33.03881684788274 33.35073689500142 33.64989829315185
35.01588660855257 35.05964425308783 34.96972131342709 34.75777345018874 34.45400738261545 34.10362901288678 33.75901976665864 33.46921043606651 33.26950316855199 33.17426667874308 33.17488162888262 33.2430503672596 33.33805222999908 33.41568605898407 33.436776416379196 33.373943773336194 33.216297053229155 32.97226452159332 32.6706901839108 32.359754442012985 32.1027410847928 31.96969304389359 32.02455114173276 32.30853903987484 32.824289790494625 33.52892210374457 34.33918175470504 35.14479372260271 35.82883825687921 36.29906674496649 36.5148660455921 36.47096995341152 36.17337238420197 35.65995767594398 35.0116833246053 34.33052549971868 33.71537261722101 33.24630026894599 32.97412789966165 32.91426285710279 33.045903582085444 33.31783308066243 33.65943698584617 33.993798998429966
