_RESULTS/CROSS_VALIDATION_POSTPROCESSED_CLR/MHZ/GZ/3comp/1/MHZ_GZ_z_355_kriged_reverse_3comp_spherical_1.asc
ncols 100
nrows 74
xllcorner 5.5967023332191781
yllcorner 50.982320383219182
cellsize 0.00019249356164376555
nodata_value 1.7014100000000001E+038
[rows 19 to 37 of 74, columns 0 to 43 of 100]
1.552092606393749 1.5546364087513118 1.6012255096637584 1.6878378055827263 1.7972381143420326 1.9192944595439667 2.041650621185968 2.1499026913932346 2.2302899066001904 2.271436268099878 2.264236206183957 2.200616587782956 2.0838998380999785 1.9336520331378435 1.770798669885983 1.6086417125569024 1.463371028143718 1.3502257331697853 1.2820155551300083 1.276396100719431 1.3321107162773054 1.4389268437408858 1.5900138653639986 1.7740052681585632 1.9574737237053244 2.1244844781120262 2.270826874998204 2.39486199723221 2.4940119555081677 2.568133878148195 2.6196520343805343 2.6509337912155724 2.663272244279464 2.665275906256097 2.673025263285852 2.6844496619716582 2.697524997544797 2.7061971500610356 2.7028107958085603 2.6920737671894788 2.6736151334815603 2.637099769492231 2.57819932187591 2.4976697432267145
1.5545356711799891 1.5770078394059084 1.6458840983135299 1.7532291217402154 1.8812998359749638 2.024417760007426 2.1687581432131475 2.2980251988193676 2.3962998944079708 2.4432898109986207 2.4298184949051067 2.3557783078569616 2.227368157998178 2.0584319683721324 1.8662168370663865 1.6761968232296716 1.5064264131546388 1.3732664600339977 1.2861741979222507 1.2634397132297712 1.305147348747659 1.4022522427801054 1.5494296794079698 1.7395947577300626 1.9393041590325297 2.116068311965816 2.2631023098781795 2.3875956619033802 2.4913556601034057 2.57533711924478 2.639758760076251 2.6828696902797615 2.700967924322273 2.7139636684602664 2.7336587181123013 2.756863485525156 2.7794042774036027 2.7886978415317802 2.7803739788611157 2.7570663418713917 2.7243895145073305 2.675025186287327 2.601475417388359 2.504474357511422
1.558041158051863 1.596156997364771 1.6842788509431985 1.8176661889990968 1.9845480823065604 2.1616546872606377 2.3391591199646604 2.497143349613731 2.607155122928072 2.6559257655381234 2.637465449934024 2.5521071008731733 2.4100416121949277 2.224409095803587 2.0106523946030492 1.787828892148109 1.5820291246841567 1.4222367085422232 1.3229233295144298 1.2910381460678026 1.3260901273324575 1.4191225177082754 1.561139744731665 1.7387632824929757 1.9384549136973803 2.123150763737903 2.2797046434734964 2.4046182915166363 2.5075472631377984 2.5930022357144895 2.6546594447677685 2.694465815901039 2.7181284539245625 2.742946848586718 2.7757816486611278 2.8126203358002018 2.8451688178031302 2.8584840135508376 2.852604383041331 2.8277241212031337 2.78321416975427 2.7228366839700824 2.6372956374585947 2.527045592239048
1.5584715062184615 1.6062548311597424 1.7078008999320897 1.8646387317451203 2.076184432939382 2.312696715227708 2.542789686257071 2.7294328253573963 2.8566008664147473 2.912080070711279 2.8899723226946574 2.7923637359240643 2.631860351760796 2.4226393827782466 2.1819467860435333 1.9287832592505336 1.6864499519333864 1.4964960310731876 1.396891103782079 1.3660217519334843 1.3974079646291362 1.479788895010511 1.6055430263851678 1.763586976522014 1.949408627137034 2.1398395791257006 2.305033447121228 2.4381400670747766 2.5338499428995864 2.6017923181565834 2.649335538395269 2.682627835233241 2.712953179733642 2.7486239081755945 2.795399508288742 2.8489666376830955 2.8934338887598763 2.91020619615992 2.906914318172437 2.8873524638625483 2.846497941917568 2.7817485452124395 2.6897197197565323 2.571604028281178
1.558672252591833 1.608981397661504 1.7142123749021363 1.8890291531372283 2.146199797971931 2.453634860342687 2.7419361800921447 2.9783265818579605 3.1414242219743795 3.2149381411797178 3.190462443587992 3.077728598139724 2.8919778188326783 2.652199603441577 2.379456648248328 2.0932343672142024 1.8099380008623958 1.5708003337042122 1.5079657971915896 1.4861473156514633 1.5150674952966627 1.5886325747604408 1.6980033343469696 1.8376364277436552 2.0024878121483676 2.181164837429824 2.334387083405645 2.4545016107843707 2.5398593626347243 2.5904790293183884 2.6244004639733642 2.6529828362028556 2.6885573446491806 2.732277112308207 2.7907738741207884 2.862459356206485 2.925505909187475 2.940890424491019 2.9438730743047135 2.9337223275429105 2.904848202708688 2.850211276150257 2.7628059064175807 2.6402089284024424
1.5661134661864555 1.6139707566915753 1.7080609286639894 1.8838078891963028 2.198737500409343 2.5764530936069425 2.931412578008267 3.225254206920532 3.435633198027447 3.5407945778502645 3.5258212252481433 3.3967338843006347 3.1778954863150446 2.89981027732631 2.591089654834563 2.2759008737622795 1.9849444130432157 1.7711573919340813 1.6754263154935383 1.6452514164394367 1.6664490215870629 1.7272318212058018 1.8225565791614446 1.9453226690107344 2.0891340335216095 2.2478004702474093 2.3841089225924628 2.483069099935045 2.5446339046454978 2.5720004193923085 2.5806244010086883 2.6054539637179115 2.6436760887079025 2.6927992738311013 2.758804072566301 2.8380000147141655 2.9077028446040916 2.9442568817433736 2.963998748915233 2.9695956530431933 2.957144755136334 2.9176282490067162 2.846216305853719 2.7324738954471868
1.5915840557937264 1.6438070677413748 1.7249723269555317 1.8426509899229337 2.25656304112671 2.700760583805983 3.111199822519867 3.4620043815075743 3.7260865050866583 3.870800142017435 3.865910205262761 3.7136531299620144 3.4491968444922443 3.123158630785621 2.7771159210107097 2.4531736113660587 2.1800652011194352 1.9824021255394468 1.8705568326961401 1.8251378646114818 1.8321113422863151 1.882215766757001 1.9670273045889646 2.076766557451395 2.202433473321445 2.337703919759256 2.4530940722985717 2.5259238064640983 2.558626186789888 2.560999160339059 2.5521280097182406 2.5510339752970594 2.5775305025309363 2.62973038906076 2.7006557046523274 2.784360248158164 2.864087757708072 2.924658974191016 2.9680914197918384 2.9954950420167528 3.0041414224259535 2.9844780643086697 2.929901096020376 2.8346157220529067
1.6407774269632318 1.717546250790397 1.836645021063997 2.0360455075321746 2.409037749685288 2.848249209402863 3.2769898336878027 3.6714184510910854 3.9967031487674376 4.198911635500167 4.205670544465217 4.0051737844211495 3.674777181843156 3.2954152733948945 2.931215233011447 2.610034525432482 2.3493876319506564 2.162063944749844 2.0511199760294514 1.9970626982614126 1.9977775895344998 2.0435905963068532 2.123856143770218 2.2264814671946658 2.338712120357376 2.449914201348221 2.538578057922971 2.579158109621768 2.5787185904389576 2.561148187658394 2.537033540264531 2.511609902874523 2.5107448184876904 2.5464338202376595 2.6214513969690354 2.7135713491229496 2.808158733195071 2.8906874754115237 2.9592407720510976 3.01227261249639 3.046410752899682 3.051557643428358 3.017953277208214 2.9396808242983568
1.7022002173773767 1.8142157487064137 1.9902297661162696 2.246305381080501 2.588485507744108 2.9906106524841727 3.4101113806752132 3.821461436530419 4.203774202871836 4.5033873339191315 4.53755050171627 4.230273357127739 3.8156549665920645 3.4049942086961296 3.0308011151310676 2.714041247014838 2.466802588323248 2.2958236371651464 2.1938176758708368 2.1442956320708584 2.1508341347387008 2.2015976906165893 2.2847204533759755 2.3878276151249103 2.4947747791861308 2.582962218072175 2.6357569190182133 2.6384201793121 2.6107598066304925 2.5718406092743367 2.5279513230985144 2.4824297142192226 2.452854119992709 2.4654306825157937 2.525947480656978 2.6274291978327575 2.7393320827993985 2.8442393516837736 2.938608717673036 3.019608728456354 3.0831325864164842 3.1183994285525687 3.111309943727215 3.051131769700474
1.7558847437208827 1.8985234368909205 2.111017591245683 2.3838203599469723 2.709958570731709 3.0799200640761613 3.4728037265979217 3.870856689860439 4.26262533701266 4.641054767158542 4.7493018965080935 4.278662575783235 3.8313167687958734 3.4188360215360465 3.0508754964396934 2.745397199384054 2.516001281111736 2.368131412500775 2.2863246601790808 2.257525589529333 2.28327564681629 2.3489885489057953 2.441049204173962 2.549312530281881 2.66361230575381 2.729422186581251 2.737759527697398 2.709370104445756 2.654393603427417 2.5897003977747812 2.521750296669156 2.455211437085897 2.399631006235234 2.390381438773037 2.433194835493533 2.5272679428812728 2.657112744666337 2.7849326551107714 2.905207073043654 3.0149927547006943 3.1105514008191655 3.181451814659641 3.2089859468646287 3.170443005537922
1.7862762471137748 1.9482026283970266 2.1756055045546048 2.447796350030977 2.7555916875372253 3.0917376470937743 3.442435145128956 3.7907295843604443 4.114196774239942 4.359429089574707 4.358038753123472 4.065122953229736 3.6909312371909513 3.3197006197788035 2.979876606417526 2.6943638543107142 2.4880263428446954 2.3689130005298016 2.3209314001864594 2.3323437641069313 2.393217213964168 2.4835865837338598 2.5878543565544323 2.6952982121759113 2.795411807164364 2.8469705797650415 2.839300408180153 2.7847884066764794 2.700483150987345 2.6059968349478773 2.5104307955645786 2.4208865702469677 2.345317784864749 2.3174569519477326 2.34529380010431 2.4276169952507347 2.5618228837032384 2.7123138996431035 2.857159288463835 2.993956350570941 3.120534811597812 3.2296529759234844 3.3048417192026114 3.2956848238210705
1.7865337616781396 1.9554996418437756 2.1825344652439873 2.442882776918591 2.7277475193642498 3.0262271258664786 3.3252019870272784 3.605113189956418 3.834945084290312 3.9596297200883237 3.920794476277458 3.7268088946430105 3.4413165335080174 3.1279987288010873 2.825204658217932 2.5627341609522145 2.379243684695334 2.2945477621019936 2.2979628688094573 2.3711166583765673 2.485654672787461 2.6129874673371263 2.735023388428269 2.840447824075798 2.917891304438017 2.9547849205606354 2.937460423196931 2.8583060168434833 2.741297123520672 2.611338860917462 2.482414730412891 2.3663497327628464 2.275579123119193 2.2349750118657963 2.2557277877577953 2.332257498897724 2.46015690661443 2.627118281963538 2.7933990717419923 2.952144036537386 3.1022103179646665 3.238846757528689 3.357961128653471 3.4011288102263517
1.7599662903461086 1.9263828399780714 2.1437872456457345 2.3854170338265557 2.643975572422682 2.9038454319749003 3.150491727010557 3.363967254982857 3.5155925683594624 3.569550792330026 3.523258497775117 3.3789815795069096 3.159595895451384 2.9000707005057724 2.631004960201139 2.3822863445082283 2.205455712975929 2.157332379984846 2.2409258488663806 2.4031323111175413 2.588614092346078 2.7623541506237506 2.9064593323929953 3.012997073293456 3.076284316896682 3.0953976727972226 3.0516489244786182 2.9392855636385695 2.7818290819954474 2.6078074181784543 2.436866270663358 2.2905051558091016 2.186448328041142 2.1386728403167603 2.1574699509362314 2.2331155780504925 2.35960072552817 2.531793886887476 2.715433138187399 2.8890890781859104 3.050988974649088 3.192970142333148 3.3073286404861957 3.3481486301685175
1.7077454454865988 1.8653771037426763 2.0697172289832944 2.2912860777055974 2.5209781445442467 2.744533197243113 2.9441520213379846 3.102358537900869 3.1969142044729533 3.2155058672761414 3.1703346838478 3.0590327984206658 2.889752841459582 2.6793564709886275 2.445397145899503 2.205345074087635 1.9994739220973101 1.9818891024855083 2.2004779809185715 2.4691155444740622 2.7252587371581543 2.9467296387801425 3.117268578598255 3.2285806225061724 3.279991077744051 3.2752605291423245 3.1923611611463505 3.036211498504849 2.8290047943072 2.600513201167867 2.3753113271023563 2.1922235983114624 2.078036532350133 2.033195051936158 2.0561731405120485 2.133095637072798 2.257928668328259 2.428114192068534 2.6266078570333637 2.81016632105317 2.9758474784998152 3.1226436443085404 3.2368496692798474 3.2954071983090043
1.6330894770509514 1.7789513619690625 1.9717203135766557 2.17509360161759 2.3769177309824303 2.5661336817844407 2.7263980777684753 2.8416436074084492 2.8956627062932085 2.9004609648160082 2.863030128448343 2.7807647183531694 2.6564379483876457 2.4975735755185307 2.3133500015215462 2.1115895225607573 1.9000054588141333 1.9059258173707074 2.261030722661216 2.6036255738049676 2.9158270867453204 3.1806536356302866 3.378974535878256 3.496306936664948 3.533243569403163 3.4937602397200753 3.3616403189674373 3.1533714553295815 2.8905124388528325 2.600730258133195 2.3092064019077094 2.0696365042518963 1.9589768710264752 1.9323889555760885 1.9630222964104824 2.0401892655612883 2.16114780441632 2.3248357272677445 2.5272170726877934 2.7223206388294745 2.8986847699092473 3.0543519798669676 3.1787056760168113 3.2585146746057028
1.5406619213283537 1.6774831167842308 1.8649930272453288 2.0530893778406916 2.2293938545459357 2.3853392678548944 2.511576139558552 2.593323320552556 2.6218326171702326 2.6238071473866804 2.5999796764747245 2.5474066590187716 2.4685061186104575 2.367687675920423 2.2538250783495535 2.1431947510900287 2.079017766333056 2.1785617856370734 2.4683641477327276 2.819311425655903 3.1641861179733777 3.4673852589853533 3.695655442072974 3.8200654711964157 3.836627810134549 3.744968626151107 3.5529026228447282 3.288179070923847 2.971757473779508 2.63095536558105 2.2820699181198703 1.9311948220396884 1.8769651640590796 1.8640710143688213 1.8924439996828588 1.962889114247488 2.0754281803386845 2.2296321079818253 2.4245392629686666 2.634503072251351 2.8290666391745054 2.9956087036860666 3.129575635034893 3.2260284847670926
1.435898176620131 1.5849775592314685 1.771155373153356 1.9424064498663556 2.092939924108681 2.2177053275887735 2.3101744777087667 2.364078023709971 2.377665714417479 2.382519482555909 2.376596361393866 2.3554839150801867 2.322546577174983 2.282349276544218 2.2455686409092546 2.2331258140610863 2.285405977123125 2.4478328016796302 2.727290036283255 3.077376276629401 3.447202787287302 3.793001169654576 4.063350718510909 4.199451684666824 4.178302387719136 4.012547920738212 3.749547689346732 3.4271298453296093 3.0698963718841488 2.702018607125232 2.34866641048552 2.058082936356857 1.905181123648054 1.8478090777116845 1.852240832325076 1.9059003468501619 2.0048365816579623 2.1469147466132465 2.332158213653412 2.554261647734981 2.7622405411750246 2.9394516868116423 3.082339274733105 3.193907353113447
1.4450472968205694 1.5551241137595504 1.7125533840806773 1.8569038647088203 1.9784605856156543 2.071862945495471 2.133025639124949 2.159430726170354 2.1611043025586136 2.17191184992228 2.186179398676775 2.197882130992235 2.208476784042596 2.2242257677985573 2.2555426682962234 2.3231608440327896 2.4546651458482236 2.6665283468293213 2.96208846668164 3.3230609365249073 3.7206126718341164 4.120666977237702 4.464449048482775 4.629393332496879 4.527816999870135 4.260185546745591 3.9207256787622065 3.549237833331115 3.165728499947435 2.787485227054886 2.4428463700961918 2.162306386426088 1.967040998521284 1.8634446823005768 1.8359730555985216 1.8676792172110384 1.950234690818642 2.079059300643541 2.260316172413325 2.481876266054935 2.6930063814478546 2.8806230762946674 3.0351247143656956 3.159660451735877
1.5203463710826555 1.5805564597417632 1.6912537731795723 1.8014068961407488 1.8912958068189076 1.953644165272671 1.9850407560045307 1.985426712334192 1.9729320084927868 1.9874693828256702 2.02259646278546 2.0664157618592904 2.11549359389149 2.17711251904269 2.2635749292538714 2.393653789487037 2.5779395985229834 2.8267196211868306 3.1394920108207103 3.5101590160214977 3.9260178762493547 4.372416894924135 4.826288359603008 5.085717386455576 4.802110368114271 4.423129930792084 4.026915852117811 3.6263311026500187 3.2307609891123494 2.8519846426728077 2.511596592252522 2.228555411087903 2.0126721931244904 1.8829266598458123 1.8307831958378649 1.84288325351979 1.9101617625563792 2.028132612206666 2.203357369089181 2.4183844471448994 2.6266659125909793 2.817843036433202 2.984323409769786 3.1189148976151837
