_RESULTS/CROSS_VALIDATION_POSTPROCESSED_CLR/MHZ/GZ/3comp/1/MHZ_GZ_z_0_kriged_reverse_3comp_spherical_1.asc
ncols 100
nrows 74
xllcorner 5.5967023332191781
yllcorner 50.982320383219182
cellsize 0.00019249356164376555
nodata_value 1.7014100000000001E+038
[rows 38 to 56 of 74, columns 0 to 42 of 100]
-3.389740313985952 -3.318203540334559 -3.2977865318876702 -3.2838898519714768 -3.296027552324268 -3.3349352065459454 -3.3887367900000065 -3.4603772822362187 -3.617298637338392 -3.9800976401901282 -4.462513908276894 -4.959850863899596 -5.431268161763778 -5.885358415485177 -6.366492004022315 -6.8669395919361715 -7.379967851298213 -7.893448142589737 -8.383002543657796 -8.846304085830502 -9.27824228819529 -9.67165138415104 -10.001015127633238 -10.02302090358031 -9.443508826601857 -8.702810090995555 -7.908370359476991 -7.091418445782036 -6.281924539559285 -5.514489120467946 -4.821449874730041 -4.21274057361936 -3.675261992489932 -3.2478200674982323 -2.9295217178913284 -2.7158642231803483 -2.6072248137744234 -2.585617148981982 -2.5556141400108507 -2.497525231654687 -2.3844114369437137 -2.227174199010735 -2.041992301361794
-3.43621321207107 -3.3051142689882393 -3.2157178706694793 -3.1709255047106915 -3.1724875575705473 -3.2017300298739735 -3.2426172030230784 -3.281301133791829 -3.3438014185140514 -3.862912983575454 -4.484506794137782 -5.098656958597114 -5.697222349305677 -6.269699377927825 -6.819176856755873 -7.362263147827628 -7.890568323356697 -8.392292314154945 -8.831951780803426 -9.210275042358289 -9.530424988423501 -9.782801370574536 -9.882707268726138 -9.7067303934558 -9.198616001957383 -8.501796605106744 -7.730619751175427 -6.939659983044178 -6.166018877949214 -5.442734330824942 -4.801094733912668 -4.252693445305974 -3.7925165745360987 -3.4238937098814954 -3.1553514887872893 -2.9918904355332945 -2.936141090367127 -2.9122664749125646 -2.8629095651883434 -2.783592948439326 -2.643162249919288 -2.455779079802451 -2.2500563840345045
-3.525719976175081 -3.343471496030019 -3.198986072760423 -3.139811358164191 -3.147568690893472 -3.1912595886786708 -3.25997361087125 -3.3524574478699574 -3.53644823021203 -4.032646322986122 -4.691785726623893 -5.388264585602156 -6.0879420959773345 -6.756892190756083 -7.375329426464465 -7.941424040495895 -8.46775499116535 -8.936290330710648 -9.310381373988882 -9.588190330342595 -9.77798244541884 -9.841401776798186 -9.74153618977252 -9.434575230507935 -8.910503036776754 -8.243549169155218 -7.507359265696064 -6.7540322167272535 -6.02296627174915 -5.346347322061911 -4.7509722718595855 -4.266752571230574 -3.9108267825592895 -3.62432969284143 -3.427003929186717 -3.3290886985134645 -3.2933630661621867 -3.2501447684669387 -3.1792538600385747 -3.0700016905655785 -2.8986421297549616 -2.697477838010593 -2.472566753038754
-3.643046045307747 -3.4408993537545536 -3.259075474085427 -3.185246130937858 -3.2097949090186395 -3.2880621100238443 -3.415667868434608 -3.6075647908802297 -3.9121676926672055 -4.409824109114706 -5.065945593911091 -5.803427918745476 -6.558738938872868 -7.301023022372757 -8.00137332060448 -8.62501828746521 -9.14795220838858 -9.564656425366712 -9.8539352089358 -9.999906777361776 -10.003826918002739 -9.875703338068494 -9.609071463023405 -9.190859649597106 -8.625190728578062 -7.965138827899294 -7.25726084976943 -6.542118055274501 -5.855715745796322 -5.22845334193388 -4.683724914662728 -4.268924721695277 -4.011655573239682 -3.8335082795461943 -3.7150719205581537 -3.6492233833800003 -3.6149778753353345 -3.561569776833449 -3.4767081627045613 -3.3401849298696242 -3.1580653405580823 -2.946629821720835 -2.70561232317752
-3.7740544248334276 -3.5828969459655733 -3.413983256873442 -3.3388121216241915 -3.3703039287725636 -3.4923818757609246 -3.6839469481994978 -3.9583817652558952 -4.337743425684638 -4.861281912781792 -5.529548468811818 -6.282066369482933 -7.075579187588076 -7.879784478890402 -8.658601668023614 -9.366011217265914 -9.937560081417683 -10.302396370907552 -10.443257256214519 -10.390861098539926 -10.193848188279226 -9.884582656248671 -9.47176691413874 -8.954855260172188 -8.343556558915722 -7.680432517160234 -6.994281417248841 -6.314319404823294 -5.671628959023228 -5.0965955422227145 -4.622036270514582 -4.28871456544624 -4.111359743097177 -4.027025352243175 -3.9666972748643 -3.9198665658368412 -3.8937201498845937 -3.8397439816777306 -3.747284348516132 -3.5978201390822555 -3.4133948850296445 -3.195573505793352 -2.943367856978626
-3.918723540580856 -3.74251702248172 -3.6017330217228034 -3.561525220719891 -3.6219654595396378 -3.783622347441395 -4.029280747729295 -4.365419031222806 -4.809682936377963 -5.373425624119073 -6.05741839919178 -6.82305086331317 -7.64514526044667 -8.499338302947343 -9.354269771831152 -10.156626389922867 -10.79047780180959 -11.085444477947362 -11.014386799753375 -10.726344833521186 -10.322036303762086 -9.845400152345032 -9.306277648367205 -8.705834047639655 -8.057085819839685 -7.392514051313442 -6.728219357506905 -6.082964321745404 -5.480295173643006 -4.9695622508775905 -4.589249373045481 -4.3335522382078935 -4.205367475590661 -4.161915531796048 -4.14623119447296 -4.135139654702446 -4.123793425685317 -4.078796518235171 -3.982835880169503 -3.8364513913063796 -3.654071768138098 -3.4348877490082095 -3.1776328451089544
-4.071525754250346 -3.9128089457789654 -3.798691000409966 -3.788286612419412 -3.8811946620829145 -4.080201853123096 -4.399337046829105 -4.820268557264077 -5.335626635081351 -5.938028833912805 -6.6242813478686156 -7.38800380063058 -8.211054084994569 -9.075116888648886 -9.96238278747737 -10.844342373184231 -11.618250362079129 -11.860393556633834 -11.469917529048125 -10.918882465534367 -10.330496112834457 -9.716858316178524 -9.085084647926141 -8.425100341420507 -7.757198474697269 -7.101719277924827 -6.467000847249906 -5.862879066510804 -5.306360282877937 -4.869441631527742 -4.553303818996131 -4.347524940842649 -4.260559871207569 -4.258357466208581 -4.274953693251826 -4.290636144761844 -4.299939677495228 -4.2730635736158735 -4.180445508504348 -4.043693510970208 -3.8681762944755844 -3.653179845224708 -3.397538301393922
-4.226523382367965 -4.0866568993625485 -3.9942287192408874 -4.00636834406399 -4.131071393011068 -4.380931953921874 -4.75088218278115 -5.23522735236367 -5.812822612075026 -6.443959540224721 -7.120844940144228 -7.8609243072838595 -8.650811215187158 -9.478717689503911 -10.33506219717772 -11.20851579728387 -12.086996120707955 -12.310383272199589 -11.575466966579373 -10.84154369718916 -10.123655580684204 -9.417771333338056 -8.71807326267633 -8.034037051719347 -7.376016540246826 -6.7459018869181255 -6.147664929812217 -5.593944799727889 -5.118258621615493 -4.744560833227369 -4.480734798354317 -4.325977569405872 -4.284659778400268 -4.323651851876664 -4.373067091050419 -4.413598657143386 -4.441070585288559 -4.417988215116885 -4.330069143613833 -4.206198665733959 -4.042334634171827 -3.837024438032753 -3.5895047762438956
-4.377753739751241 -4.257235361083608 -4.179995565478341 -4.220663864869442 -4.391178160995414 -4.684020537896212 -5.091467902570407 -5.605003326311756 -6.208102605485159 -6.854231897040821 -7.517887090398997 -8.213484822508235 -8.940480360343747 -9.686508847117224 -10.428585298678463 -11.125934414394376 -11.661254080387906 -11.698675906617625 -11.174540679033488 -10.451511258197897 -9.685528372194039 -8.926798466735274 -8.191047024374967 -7.491458506911792 -6.856563362936034 -6.2707752923830125 -5.735934378306403 -5.267192219117922 -4.876074853208691 -4.575491956475903 -4.373745429859829 -4.275085286667791 -4.284265469854204 -4.3641624838982045 -4.446605945463344 -4.51384554586903 -4.5633091858199535 -4.539951639933054 -4.453943173788857 -4.333318605116514 -4.176034699515549 -3.9801944848959026 -3.7555471742192275
-4.519462114317898 -4.41821906939894 -4.364706461912453 -4.4449536249644295 -4.652423622320147 -4.978032945658037 -5.41198350346138 -5.943261054536089 -6.541786430450442 -7.16868671038999 -7.80959904881183 -8.449396704922478 -9.093428336671096 -9.72347839608798 -10.304422985181487 -10.776219762372964 -11.033865989133101 -10.944734211321009 -10.496450619715503 -9.82430854842617 -9.056321217479955 -8.269390503239514 -7.510399256689778 -6.822555600076894 -6.215060339939883 -5.700031688699131 -5.25703071238861 -4.879969386250039 -4.576549734402894 -4.355799651900803 -4.225592018817837 -4.192056691268898 -4.260500821895477 -4.383269040899006 -4.5007756222975495 -4.595940707617782 -4.655031825408046 -4.637629393964096 -4.558089790522729 -4.444547913309061 -4.296731989513616 -4.126809685075117 -3.941750020121523
-4.6462105834983145 -4.5735695868378095 -4.558094356397254 -4.669731927119429 -4.9054293904019 -5.254662601217931 -5.705775084668407 -6.244938537170373 -6.828523329141721 -7.4256650264754285 -8.021139198634437 -8.598288913866753 -9.140768072647681 -9.6408688025104 -10.057935250190358 -10.333752625031774 -10.400437616723245 -10.200580465811052 -9.734901923310765 -9.06988327246611 -8.293770628124456 -7.486496272347928 -6.723296861652476 -6.058111096993754 -5.505876970825456 -5.062620110004254 -4.716898404966785 -4.438914848986942 -4.22788640522419 -4.091638340657526 -4.038188551665729 -4.074747378304503 -4.206206730733911 -4.371593437589057 -4.528555816464064 -4.650950461338036 -4.7111643158676495 -4.701093821759546 -4.631491228950576 -4.534859844483936 -4.418740460491453 -4.287044878337921 -4.1442450391897
-4.755649065063739 -4.730482149657408 -4.752045197828176 -4.887124448141096 -5.142984567966622 -5.507841700538557 -5.968439909155681 -6.506564882086813 -7.071795785719324 -7.639823314120525 -8.19199110920617 -8.706261902578147 -9.157411921021131 -9.521238597456792 -9.779742527111878 -9.888856348531068 -9.80485146875576 -9.500131445912494 -8.980060615861106 -8.28645505389006 -7.48232267324868 -6.650054089589341 -5.892301136099868 -5.268678580190392 -4.781542836796416 -4.409874921585209 -4.1427777809001265 -3.965803625274365 -3.8494524294973793 -3.7996955179878085 -3.8254647359587737 -3.9349770157068393 -4.127235743198983 -4.332707978063894 -4.521098541021696 -4.652780312507015 -4.719672527496979 -4.723412691983952 -4.685974580859653 -4.622705891140901 -4.542604063718652 -4.450060158878578 -4.350162673343213
-4.8556354883444 -4.878215569097167 -4.939923931211094 -5.090827741250302 -5.35943632509516 -5.732967085341723 -6.197239964242256 -6.731199156141086 -7.28177947212808 -7.824144904247971 -8.336418601770037 -8.793602149661002 -9.168182724070217 -9.431114820863375 -9.55468983383645 -9.522873911006414 -9.311342005491591 -8.907540356748479 -8.318893494456479 -7.568833802011241 -6.706502793768998 -5.823668720927417 -5.049505448462224 -4.490761932888861 -4.0983011227150286 -3.8097685252469473 -3.611492042247496 -3.508509032435711 -3.475220806045627 -3.5052518960866106 -3.607356606813082 -3.789727552719186 -4.035223379424085 -4.270273729456216 -4.4727251766108855 -4.6205766946313505 -4.706240083847356 -4.728846323824273 -4.727074558872927 -4.7028885701206855 -4.658784599125927 -4.604829746798476 -4.546520833018902
-4.9385154631804875 -5.006180877633141 -5.1125793252103575 -5.276429015738752 -5.552038724466352 -5.930405728642132 -6.396732650409681 -6.926318714677978 -7.464508947967664 -7.985933369311887 -8.466086373982034 -8.876990228110293 -9.188683490499857 -9.371911647048272 -9.401408072796258 -9.258550663008624 -8.936501396561946 -8.441709790279845 -7.777688708909862 -6.965674760551606 -6.051712133787318 -5.084806554129814 -4.2188986566191575 -3.7969604587184183 -3.522662118131346 -3.311310505411941 -3.17255376236528 -3.1231441064176297 -3.1627008730143897 -3.2649265451928047 -3.438176138423417 -3.689114110122966 -3.958361407184783 -4.203846264966404 -4.419054364900342 -4.583644974165696 -4.686807732584202 -4.725985353381031 -4.741237100389241 -4.760820835031148 -4.757990516533973 -4.740832520344535 -4.721233341258678
-5.001221825839785 -5.111054580312227 -5.2602589413052225 -5.4482608012444 -5.725447173768296 -6.10361039376849 -6.567554121798498 -7.091960415802614 -7.621378089835581 -8.129131054413318 -8.588396891382455 -8.967752837833652 -9.233342472151072 -9.353769017311194 -9.306334354402544 -9.080934237673477 -8.678608347675372 -8.103631464856017 -7.375304852176935 -6.531605304205657 -5.603894344963602 -4.632036799017046 -3.7578518203502496 -3.3776987625512467 -3.136344393999082 -2.957399251363238 -2.8533534336970447 -2.841518993546692 -2.9344955566833097 -3.100391341576363 -3.3301730221174126 -3.613968572826926 -3.8885089998020543 -4.140559657749464 -4.363967187787902 -4.543423101867493 -4.662426974989057 -4.716703397477109 -4.739737002763248 -4.784957909939944 -4.826463256279859 -4.848581777455245 -4.864235105885799
-5.0435802511212335 -5.188634712768942 -5.376714927336399 -5.6019957004263325 -5.878007791935969 -6.249950751098695 -6.706924979997552 -7.225428202356984 -7.750123815653372 -8.252707672613587 -8.70479263104899 -9.070926907877018 -9.310367525706063 -9.384926771078478 -9.271749438032042 -8.970437264306906 -8.49631345476838 -7.868172577900033 -7.115027416958904 -6.2706951385962055 -5.376810578207721 -4.4983023403782525 -3.758171311020246 -3.2663339534416664 -2.958044076476833 -2.762695741023717 -2.6650462956759364 -2.670121537281019 -2.7879746089232507 -2.992715904800768 -3.2624352961881744 -3.5518066006442206 -3.827159391190298 -4.082060823399651 -4.3097711887758186 -4.500363839719342 -4.6333937044739955 -4.702320121588726 -4.729854732452754 -4.780628235992075 -4.853647773490527 -4.917436785691431 -4.967823129347082
-5.0794394849854525 -5.243052491399561 -5.455947115000031 -5.7130081637850925 -6.007645119097873 -6.366727840349263 -6.811236493708302 -7.321318958752516 -7.84397253067454 -8.349012252326645 -8.80843220439342 -9.183381062717004 -9.421946399143895 -9.46878201652019 -9.296355994362987 -8.924030384830445 -8.383355082279554 -7.711135797318716 -6.943015521489823 -6.115289254902045 -5.271681564613705 -4.471019193377544 -3.786108236471062 -3.2670855846804345 -2.9072309369859686 -2.6786609138468283 -2.567053586988553 -2.5719437561205893 -2.699583968387717 -2.935303337358935 -3.2196784036382367 -3.5022779361562186 -3.7745958659066687 -4.029104189397313 -4.258168777332917 -4.454195122337874 -4.599347105354329 -4.681165141726126 -4.714002391765658 -4.767155533856033 -4.843513053526341 -4.9380218687181685 -5.025399857942515
-5.108560155163588 -5.286096453735675 -5.514301215146224 -5.788427960695042 -6.103566126403064 -6.456065440784702 -6.878468012291863 -7.372864786962447 -7.892203298157627 -8.4031478505105 -8.881967528948797 -9.292000535094878 -9.569868123268947 -9.621073850812122 -9.391428595184035 -8.933621087867788 -8.319532371545794 -7.604746351365671 -6.826976291375071 -6.018712384042039 -5.217611805892001 -4.468435172721289 -3.817091747014695 -3.295431052113604 -2.9115230950166673 -2.6595361281229595 -2.5343517969704066 -2.536743346072643 -2.6719883512372724 -2.921679963631149 -3.191197279732859 -3.4635909479157974 -3.7301141849338526 -3.981753887168928 -4.209718334587133 -4.405720292999316 -4.5593961575305215 -4.651947338457098 -4.69523634817341 -4.748055370954427 -4.823776170073163 -4.918892407983046 -5.028815973538241
-5.127968405915345 -5.314386220085438 -5.552419392398981 -5.837593179228971 -6.165381550279325 -6.5311756118349376 -6.932406557845325 -7.397227267967995 -7.905233295269328 -8.41710840713097 -8.916768754376132 -9.380145507265839 -9.751864745014775 -9.858992513326278 -9.528758965885771 -8.950329565344925 -8.263359833800303 -7.516510988735946 -6.737189267483327 -5.95141026131856 -5.187699565737635 -4.47846022117322 -3.855511854926263 -3.3427883740461337 -2.952815880936144 -2.690091522845677 -2.557391128557125 -2.5595340940026095 -2.696521621857012 -2.9215503940343477 -3.1725002550777512 -3.4331143744057933 -3.6924955464424283 -3.93973707624749 -4.164700403746151 -4.358273329635675 -4.512308840425889 -4.61350273615629 -4.6755182571834055 -4.7280692107103395 -4.8012894739361265 -4.892221728318262 -4.996207037129486
