_RESULTS/CROSS_VALIDATION_POSTPROCESSED_CLR/MHZ/GZ/3comp/1/MHZ_GZ_z_250_kriged_reverse_3comp_spherical_1.asc
ncols 100
nrows 74
xllcorner 5.5967023332191781
yllcorner 50.982320383219182
cellsize 0.00019249356164376555
nodata_value 1.7014100000000001E+038
[rows 38 to 56 of 74, columns 0 to 43 of 100]
2.9860127078289 3.015100046239739 3.09115704996917 3.1764781895690204 3.242599967304457 3.281851353441761 3.289201824544005 3.264459767696328 3.2364118967462487 3.2678709358125984 3.3394454808711567 3.427218009952237 3.525461912953027 3.6436915549603235 3.8001922757587256 3.9973552200567473 4.24388869559014 4.548693638508089 4.90473285550034 5.309774647473276 5.75584004697469 6.230717847053763 6.704093341678941 6.932108160420595 6.594318285169299 6.139249644944902 5.666474375943852 5.194974779746109 4.737660300639042 4.306968668703634 3.917013180153585 3.587465948643932 3.3316587494407943 3.1719605777343007 3.0994456129935966 3.102796399876634 3.172833395205415 3.30405646841079 3.496489685533312 3.7321914985163027 3.9603303212725263 4.170177665000552 4.353308173930133 4.500732877080726
3.0717093762321954 3.0688002494030426 3.10456675592605 3.16033292572094 3.2003170764475204 3.2152035597081605 3.199320593594728 3.1486743197408122 3.079988801742807 3.135130194910281 3.2293507220925277 3.3383413188001594 3.467846640743674 3.6231976624750217 3.8098175210169 4.02770174679716 4.288034921552913 4.599444741251219 4.947788721531617 5.328650864877612 5.731494109897975 6.1310230683066465 6.445074238525061 6.537536991043474 6.337532204617592 5.969971191896094 5.541604672681854 5.099385317032231 4.668314659187811 4.264797295773111 3.8991982177133195 3.580703701459421 3.336966555631765 3.1808213834780523 3.105636639917315 3.103741266122462 3.1664103686551033 3.2861441837644643 3.4676774746935424 3.6916475980575005 3.9089336880323184 4.108346770385954 4.27951852310485 4.418745980551778
3.1681490033214823 3.1369628457813765 3.1388321897703864 3.1660566894991176 3.188112175966526 3.187925316523184 3.1617133039550227 3.1090168538616165 3.0536041754814214 3.0863677919262242 3.177752601492068 3.29958714762493 3.4483694565682397 3.6226684730370606 3.8219474691425104 4.0435584421240645 4.302851571185515 4.605727445334648 4.9360255051924655 5.282586846232549 5.629348982741549 5.928205718194731 6.123754174580009 6.153854656648324 5.995034184009356 5.696350984508278 5.322138294916825 4.92026048577285 4.523839214824987 4.154551034467855 3.822523036776832 3.534600005353304 3.3196458900730206 3.1792398822684973 3.1120735100506662 3.1134123047376496 3.1672528228699792 3.277859675884912 3.4503515467042947 3.660138511654604 3.8620832526977114 4.043135324124456 4.198324341567528 4.324819905334481
3.2672526329880984 3.222827755111406 3.1951980630354115 3.192473045213384 3.201906000286556 3.1955863126919346 3.170776740130633 3.1319007630785087 3.094950670229504 3.1137636140201748 3.1913424397145973 3.310884956446703 3.4606663087455543 3.6390597770808313 3.8398367290873248 4.058443164563443 4.306529375519916 4.588779881702334 4.895052847882741 5.198675735250717 5.469772180171106 5.680747839730575 5.79679212659248 5.78552778701626 5.63684024569838 5.376814693041581 5.04380351393387 4.677325806511633 4.314452216029407 3.983429300163017 3.6932964677798608 3.458503870126006 3.285073475534034 3.1732153380430335 3.12173897436166 3.1262997552429237 3.1737653436105506 3.2785072944438096 3.4441882623025686 3.63645635917449 3.8161689468302553 3.975259714354905 4.110376787616132 4.219145089440723
3.364481248776784 3.3216266723356207 3.287806045466147 3.2638358814980806 3.2547490531222456 3.2491520329573325 3.231599828456361 3.206373265241031 3.180782307102869 3.1902604373933148 3.2557594914185097 3.3639156025617623 3.5060550556230403 3.6786788545997875 3.870518751838385 4.079960053222471 4.313534416197335 4.5684787711610255 4.829563256109971 5.071573830513147 5.2740048250393645 5.416400513332146 5.475850830824122 5.4335610509248 5.2845489894257875 5.0451269956452505 4.738141417877461 4.393690759261951 4.053271208536785 3.7627338611308105 3.5347117650244413 3.3651919513279624 3.244411673067708 3.1677981477636528 3.135696883535412 3.143926290505523 3.1895037285126753 3.2908166415093723 3.449045871146413 3.618317092810585 3.772137822791044 3.9060771205963967 4.017042630043643 4.102912416202629
3.460923853044516 3.4208844464248003 3.388620194528145 3.365447710214716 3.351424525961595 3.346634948862948 3.3374608470545692 3.324228901126467 3.315736178595721 3.3261388457466112 3.3844304329519437 3.482084181014998 3.613242113330959 3.7734953215305924 3.9500167508579085 4.1396693475473585 4.338153754048254 4.5383273973672775 4.733368174470498 4.913700839067582 5.057782221218937 5.146773746344781 5.164501000824157 5.098997169194291 4.948297403188898 4.722724225177611 4.434399560297273 4.100634935347283 3.755862183395375 3.517183403760652 3.3788876492070794 3.275988624761357 3.203690614477061 3.163437096227833 3.1557771660003713 3.1726420802896613 3.219071271334755 3.31848815629725 3.4642325836939487 3.6059789380835157 3.7316853497921163 3.8375961018545084 3.9206648138815297 3.9787276783196486
3.5545750591727203 3.5181531267917734 3.488460018695601 3.46706755372118 3.4544147211209557 3.4522564090735055 3.4683230947452914 3.4890749071136575 3.5094078059740452 3.5304676226243505 3.579393109392261 3.663043465547558 3.7754556799939616 3.9106501698121514 4.0573429482954495 4.210504179821821 4.365257412268599 4.5101684727467815 4.638081847603285 4.750232462848628 4.835103771289304 4.875979490532572 4.863198538310064 4.782031026931994 4.6335317590279725 4.423705430613201 4.159424083760772 3.850710532957411 3.519442758659673 3.340497180099481 3.2633141490070927 3.2061665509319375 3.1717514423680684 3.163409507522481 3.181247198729804 3.215391348948775 3.267463766628258 3.3656668879513267 3.4888543313643825 3.601085138078077 3.69687230041797 3.7724610395689324 3.8246319576975805 3.8508602507066136
3.6433274717497413 3.6109797783034487 3.584323036061905 3.565068739137835 3.559038090581022 3.5743922250379554 3.608333693483562 3.65770305253625 3.709767704041688 3.7508051123929524 3.7908939020000085 3.8574606370918754 3.9457618740553637 4.052367479328742 4.1674236244508505 4.2817442643711505 4.3921553238423545 4.483714803617881 4.547086130452737 4.5943134690092355 4.620264129667264 4.614084673934535 4.5655967946155345 4.473759965946657 4.3337013045362065 4.145119888912678 3.914512048425217 3.6597943954964265 3.427911821019448 3.2762979722377406 3.2011210411132214 3.165292089669152 3.1568821736959363 3.174200208322528 3.214160928889248 3.2665508885174277 3.3327180931847797 3.427120655369081 3.5233395526350706 3.6052713861753465 3.669935379485562 3.713747640307881 3.733162667345038 3.7306302282015325
3.7250674755730624 3.6970031289775998 3.673508105981091 3.6649684741842616 3.679779938031876 3.7146059044958317 3.7658873720123136 3.82979154897735 3.9005149227796396 3.9631698368357426 4.00635842520681 4.054963457567959 4.119222008316347 4.198799133780098 4.280745336719154 4.353496721407242 4.41248224353972 4.449390277170472 4.460666263733934 4.450219310662188 4.418450490545724 4.3642077322522175 4.282808088441131 4.1716831846910525 4.038401884634063 3.875059291825483 3.6897230135508283 3.503736971551672 3.3419711115086024 3.2290078344186073 3.1686841302322626 3.1488503329989506 3.1602132303474555 3.198637638240305 3.258211417901441 3.3283559628920574 3.409732539640824 3.4880303322656987 3.5585554904486227 3.613395955367131 3.6490604338199644 3.6620592732621273 3.6544915278926604 3.629974512615027
3.7977331938538836 3.773997572795223 3.762430599639666 3.77619567453077 3.812133650549747 3.866568118814994 3.935464464424014 4.014379413336198 4.09413106927603 4.163488707837201 4.217640419589333 4.25485135804766 4.299087240150873 4.350852766205901 4.399413011542111 4.430554952992316 4.440387000083138 4.425277329294432 4.384221206182298 4.3194164606378616 4.233733080230393 4.129986449076021 4.011382742545385 3.884243843603844 3.7497190991389275 3.6184780941188217 3.4854128599024716 3.3569599224210336 3.249096437401667 3.1754851747703605 3.1410141075422713 3.142665241846818 3.175594429157221 3.235573451394532 3.315169147755858 3.4031303078137842 3.4863746487752523 3.5448390606210816 3.5891539886217445 3.6168170724339053 3.624680446583092 3.615563090592307 3.589450359935624 3.5445888506192977
3.8593415589648616 3.845734203913842 3.8570228203997092 3.8928838595790336 3.9499067665332315 4.024129192042784 4.111106032498306 4.205714275437806 4.295396205523252 4.370887786200104 4.428670696422765 4.466824224812221 4.487934451267742 4.510365479357999 4.525789044173013 4.517012376011765 4.480461191253579 4.415032109528431 4.321547521647859 4.203068299518646 4.06455220033437 3.913383625189129 3.760674846908119 3.6176473737457995 3.4897522914547356 3.380111214363969 3.290607562660395 3.2115576548405125 3.1496421401794787 3.1138851585086638 3.1090650641682522 3.1356545655124775 3.191953159715189 3.274903229645026 3.3780166979914967 3.4802103985150348 3.554204591644933 3.5953492548656314 3.613794513039398 3.6180666845259504 3.60834189904123 3.5828943009504934 3.5399341115554286 3.4775411066507047
3.9096440711822797 3.9177542118751965 3.951503868683295 4.009020338671536 4.086951120162889 4.181111081898811 4.286721642950499 4.397587555215763 4.499694353163959 4.587401646171248 4.655790704764614 4.699593734987166 4.714169701132122 4.7013023522933 4.675978408226657 4.624853026218818 4.541928448555334 4.427401135710544 4.283597999787051 4.115199279670389 3.9279108052262686 3.7329195274728595 3.551476440274972 3.3971452263983544 3.2720121088095366 3.174773651050277 3.108638643748417 3.0715017200952013 3.0500893758628402 3.0498852739570417 3.0754411106832125 3.128673591154981 3.209527776255773 3.315959122584271 3.435813334466112 3.533502421752521 3.6022961397056044 3.6386425447032424 3.641995145045379 3.6309039119711186 3.60608640243279 3.5657604621627783 3.5081600726626063 3.431541364611359
3.9544120721641467 3.9846713602337207 4.040130893710249 4.1186023320432925 4.217050827459764 4.331159785252846 4.4562932058969515 4.586800976392003 4.708373728792388 4.813591942232258 4.8959461639288175 4.948760587726765 4.966004460578988 4.943319283519474 4.880630036201772 4.787566673444625 4.658874738347678 4.49658738706964 4.30454041086332 4.084482333944362 3.8433626704905772 3.600527974668364 3.3857800950404964 3.2251659285558274 3.1079706424887377 3.0219727831391627 2.968449625976965 2.9536111842752337 2.9631564625173406 2.9930023595675177 3.04679231502426 3.1265790222852736 3.2327474611662113 3.3538923794742592 3.4716858135955473 3.5690058760549106 3.6396322171335527 3.6792263423737386 3.678713089250875 3.656810337110061 3.6181231269485714 3.564563322853479 3.494556056544609 3.4081261142153254
3.990002021685729 4.041090659571069 4.117365011049655 4.216355796347258 4.335881965689066 4.4721906539900935 4.620806102883052 4.774535741697225 4.91844688023866 5.044571499154571 5.144979122033087 5.211076315406682 5.234707584081835 5.2098307691467545 5.134164160413507 5.008906836990389 4.835780633603038 4.6273006155907055 4.385082126787614 4.1135981931691425 3.8241090959097965 3.5278603719022263 3.262453179838513 3.1133796879681483 3.0086947565408018 2.930207612974214 2.884120078625103 2.878940896077861 2.9127868965355885 2.9679559149908505 3.04704460843448 3.1505074650597744 3.2649138440973924 3.3830369754229856 3.499385346449895 3.5983770753473534 3.671598512849494 3.7151490896226544 3.7181910443949326 3.690753965409177 3.643774560088139 3.5785778677023736 3.4981029915061557 3.4073301157635827
4.01865119484161 4.0892346758442875 4.18576286658925 4.305508788303914 4.4463084269459845 4.60485369512988 4.776707525489466 4.954591126718468 5.12327678971163 5.274053738312734 5.39745963881497 5.482358768867627 5.5172736011289985 5.493176762468806 5.40677471436276 5.2619305758654065 5.064135086128903 4.81433925026181 4.523927728245258 4.211077244183519 3.885547943307201 3.5580065656859876 3.264245203415894 3.103669120930074 2.9898863224724486 2.906535492393558 2.8599830652204594 2.8581474367167186 2.9061499013730034 2.981671397662449 3.072876497779239 3.1766804905151784 3.2885583023598244 3.404052135070472 3.5183770032086175 3.6199900839499244 3.696531572395626 3.7445084601352177 3.754624891947554 3.7289345361380004 3.6782038569852027 3.606242027089706 3.5184503945098893 3.4276202420626425
4.042831204223348 4.1300430561192325 4.244729181037368 4.383500481987441 4.543725543742667 4.722904868273897 4.916935802732546 5.119191576197975 5.314559674958723 5.493701352082001 5.645865592413878 5.756829160191707 5.809882691923285 5.790306302026425 5.6925776947301925 5.523911794232951 5.298471874390937 5.02161644140936 4.706447666558097 4.3690564718190315 4.024992076867716 3.693934228356919 3.4090659815834905 3.1999198419056456 3.052459902956393 2.9513899187744705 2.8949015535884177 2.885963779367195 2.9281700585094645 3.0024723166464558 3.0919458564456606 3.1934531360499845 3.302977104093246 3.416196375345707 3.528337613028683 3.632173708383225 3.712717984221177 3.7652277456814685 3.783674462635483 3.7674114842377104 3.717645745272091 3.6439619497516027 3.556543349392243 3.4671152654712487
4.064380860989533 4.162704326127076 4.2906436480693095 4.445124845025415 4.622600568685521 4.819908943150538 5.033946403844159 5.259350591354051 5.481962497205753 5.692215914217221 5.8791163890622675 6.025651015771754 6.107319407521437 6.097653086612886 5.985938613181227 5.787910985345022 5.524743612443549 5.218417512362684 4.8824687276213785 4.531608194836781 4.18200824103989 3.8519724547046215 3.562380063331908 3.328057958990933 3.149563235275008 3.022141161281931 2.9442914277975443 2.9176586970569636 2.9449904180211703 3.014867324826474 3.101276053261965 3.200137711643521 3.3075540173404354 3.418908262768746 3.5292130126752705 3.633322100233728 3.718455443697171 3.7757380351510603 3.802835463724032 3.797371418385244 3.7583350010828505 3.6914149232281597 3.610902062209866 3.523908649819805
4.081880968479734 4.188571655521568 4.325711626203241 4.4904484775084414 4.679831199142913 4.890779593328872 5.120598411864364 5.36544469101668 5.613284101538045 5.854639761732791 6.080497465426269 6.274195183760785 6.402984952431422 6.415141550214529 6.282531013533614 6.039852889679588 5.731084092167734 5.389216081599808 5.033445688460665 4.672374269460892 4.318227207492237 3.9854785039455614 3.6882163782375876 3.4367317486139717 3.235323081881922 3.0848419565603353 2.9862829143266105 2.941880828664747 2.9544352730125993 3.0171380448725467 3.0995243559868566 3.1959068476343133 3.3017434697629957 3.4118184230312085 3.5207205727364235 3.623150454821519 3.7121065090686107 3.774278030155119 3.809577870212612 3.815770094512555 3.7927629548668267 3.7461587753239978 3.677918023778669 3.596220681746196
4.0935443839257 4.205572430193479 4.348618798159561 4.519994384380083 4.716979264615636 4.9368037177392 5.176651601130005 5.434096568798392 5.70129268098998 5.9684830636743325 6.230762942449848 6.478352299097514 6.682469397958246 6.743268532376231 6.560282211713911 6.248645845142828 5.892555520804751 5.520286833451255 5.1450744929152314 4.776701674444361 4.4208082380451295 4.0860578889804735 3.7828282974078924 3.519397348202095 3.3012373935271198 3.1319630731247683 3.0149051276724084 2.9538686370345997 2.95260370609368 3.0067927606438065 3.0852826614695896 3.1799734301702673 3.2852175125460588 3.39485353390833 3.5028686686428574 3.603680901263473 3.692181590096825 3.759162088241181 3.8018596453950253 3.82430451232125 3.8220147058837455 3.796203607544897 3.7487604942832125 3.681848013824403
