_RESULTS/CROSS_VALIDATION_POSTPROCESSED_80-20/Berg/GZ/1comp/5/Berg_GZ_z_1000_kriged_reverse_1comp_spherical_5.asc
ncols 100
nrows 90
xllcorner 5.6208707817415728
yllcorner 50.959635321741573
cellsize 0.00013419651685393446
nodata_value 1.7014100000000001E+038
[rows 36 to 53 of 90, columns 0 to 40 of 100]
0.03084301856036712 0.03897644696501163 0.04994654128835491 0.06441200684067439 0.08289712358909651 0.1054494145276476 0.1310798102859279 0.15708946923988687 0.17886513148610197 0.19128865373046167 0.19169115619409133 0.1818827701855718 0.16762877787976335 0.15169788340286522 0.1352515337100685 0.1185558362652992 0.10253017260731867 0.08780668305922702 0.07475310671909384 0.06351823525553937 0.05408453210836125 0.04632482486568174 0.04005491726288584 0.035075760159844684 0.03120326324091912 0.028339117345704865 0.026580163614469875 0.025727692313295702 0.025446984753192306 0.025593454494017932 0.0260609595304608 0.02620532366832816 0.027261745625833344 0.02940018838106872 0.032883824546694744 0.03799663574144775 0.04368642768210945 0.04945896439767022 0.054602048961473366 0.05695295884311402 0.0558829065834846
0.03520064909180228 0.04390385510701405 0.055354675012244614 0.0699870220263364 0.08795014801396302 0.10876163559901925 0.1308854952436002 0.15147613216779976 0.1667523329639511 0.17333076422954016 0.16992257765395533 0.15981442665356166 0.1465903401354028 0.13218511749112366 0.11805332177933028 0.10458655715522978 0.09169481806589422 0.07986849474614507 0.06937431839575435 0.06030769439744255 0.052644797576956726 0.04628725945529683 0.04109897607452489 0.0369349124745259 0.03366290695157573 0.03153931990913161 0.030798569933006684 0.030909571570587647 0.03149305683383259 0.0325168901131773 0.03410183957977535 0.035908427598303004 0.0378259503569394 0.041163512548858604 0.04628200794108911 0.053644642551705625 0.06192022730296194 0.06992807715970782 0.07523702941187507 0.07551934733487439 0.0703877223098194
0.040733560057203966 0.05018643323072862 0.06223247567960775 0.07717788755920575 0.09486535002487409 0.1144203758381556 0.13394724466531294 0.15052969306842834 0.16087974476453776 0.16261736768010965 0.15591850844076016 0.14485187249164574 0.1316040433428782 0.11785938302256292 0.10484856557132714 0.09329648735292949 0.0828737737871256 0.07339982140967387 0.06505268834414622 0.05788019621498065 0.051845732312541686 0.04686224986302987 0.04281727422594335 0.03959188287967341 0.037134880753209344 0.03612762917546044 0.0366512482918428 0.0380854878044775 0.03991245311753148 0.04222265581198348 0.044952082184942066 0.04763240584535624 0.050411390743848955 0.055128621801147304 0.062116545771833925 0.07198447943980396 0.08358770114657263 0.09413990727809667 0.09882395209753636 0.09493710615971868 0.08338101784647782
0.04732920922178376 0.05822646751896432 0.07106308962376302 0.08652130727620455 0.10425780373381677 0.12310964121168008 0.14088728444676704 0.15450087894056933 0.1608153766604013 0.15807541908929318 0.1483042849583442 0.13538498278893182 0.12123172328113078 0.10741697226332077 0.09494603505727654 0.08432047001969246 0.07561716358258884 0.06806666049980757 0.06154952703749303 0.05607228671931784 0.05158636383143199 0.04801062263570021 0.04524457344433146 0.04317634857750012 0.04200223762435835 0.04253172723372888 0.04477698548855434 0.04805906311947016 0.05168464510203438 0.055624574262774576 0.05935234688689754 0.06294257085387438 0.0665503139754914 0.07063870969533306 0.07887094665689834 0.09118939349443285 0.10656348330401108 0.1183659234928793 0.11987639100358154 0.11036481564041282 0.0921631684086005
0.05503563549693908 0.06778487107575389 0.0823627923259984 0.09859468980077 0.1167174605328626 0.13545303179143836 0.15234110950152446 0.16389157170528526 0.1666549843087328 0.15929859248102107 0.14589169338428024 0.1301110199773825 0.11423883226062839 0.09976285561903221 0.08739712245509951 0.07734915800095646 0.06956810148456642 0.0635867460182907 0.058654493138978143 0.05472610090390915 0.05175271371304119 0.0496696082504153 0.048396221005437556 0.04782746946398415 0.04858839286153952 0.05136231681936608 0.05610001831705217 0.06201780196840995 0.06796859096087361 0.07322023925056616 0.07789466195362109 0.08233828424210578 0.08691690663292707 0.09192046122650012 0.09789675839532021 0.10896741254022267 0.12443324490905561 0.13497304046284314 0.13299940896817516 0.11859809061537659 0.09516677488937622
0.06390176613438024 0.07869864299692123 0.09549886112650734 0.11377297310875752 0.1327077650306529 0.15188778416057003 0.16888830611828282 0.17950881532310348 0.1790756913666296 0.1664298423922246 0.1477735689704941 0.1278483904101666 0.10950090380361215 0.0939475134294992 0.08142636536048972 0.07175329554874607 0.06462481815285187 0.0597250647736762 0.05618387465075434 0.05368773418943189 0.05221066761896631 0.051733672225665855 0.05223350179035188 0.05369716419112992 0.057265310131290346 0.06346800854899717 0.07193627791602177 0.08131335474079583 0.0892788137421042 0.095542259279228 0.1006976576259948 0.10556906421849098 0.11087893937321705 0.11715787279920041 0.12438655335448687 0.13029954958257614 0.13821848062983072 0.1423834436044318 0.13549336657324626 0.11765048365956758 0.09175784550293227
0.07391488507384215 0.09083355899944437 0.10981252988258995 0.13034461542967812 0.15161117682639694 0.1722220668032262 0.1904889602031962 0.20220008521155253 0.19945652689953167 0.1795312676950544 0.1527761711603703 0.12719868021497796 0.10587021664601895 0.08911697276877661 0.07639810261157466 0.0670428846414252 0.06048290627183068 0.05631495130643413 0.053987150256313385 0.05281357778157236 0.05280571198418812 0.054035556050500144 0.056609620609299346 0.060800969784535384 0.06833946546368788 0.0797758029513199 0.09332592316181007 0.10656412421094544 0.11625606602863299 0.12239205828456863 0.12678111679107495 0.13112343108231944 0.13657732336587378 0.14359917907126146 0.14946049715384885 0.1536062149513011 0.15586524860636447 0.15181193187769873 0.13871153253934437 0.11666949118482328 0.08824492328412685
0.0850001025601668 0.1039054406145641 0.1246184025612875 0.14665505961392308 0.16951230526132968 0.1925183679570187 0.21432833063091342 0.23106962427241504 0.23007854075601528 0.1976076999777243 0.15823079669491455 0.1261693330877763 0.10213686756191598 0.08453315511099802 0.07182625184197977 0.06286794054830179 0.056869895666438484 0.053342455245817544 0.0519607748402774 0.051987273715909464 0.053378059876522305 0.056343335766289505 0.06121129892404305 0.06876421520257338 0.0813151657150967 0.09917485443569853 0.12034768949127088 0.1389657480421762 0.1485788884654313 0.15170552950301927 0.15317023273037186 0.15566377409795157 0.1604164403001967 0.1647165349458496 0.16722734499415212 0.16852979541636526 0.1685061447756034 0.16156771877506698 0.14515588760561424 0.12033541859832945 0.09068614658274174
0.09704840972799234 0.11751953504121321 0.13896824372105593 0.16088837333333775 0.18308383832434547 0.2055569192238517 0.22837222849929956 0.25152722582296216 0.27229384639000576 0.21039806950177953 0.15854659023631232 0.12284968716880491 0.09796016253686332 0.08045390430913885 0.06815241054788936 0.0596674629763026 0.05413376166387605 0.05105933872071475 0.050248915726329044 0.0512000585649546 0.053800480912653784 0.05835427728670379 0.06519818966980549 0.07551162330600823 0.09248049409752472 0.118118123235856 0.1523921114603102 0.1793817064489584 0.1822284733011148 0.1775910793550834 0.17422780154916717 0.17410865211026877 0.1755629030829119 0.1750448008834549 0.17319674150328043 0.17072356112030082 0.16762349432714185 0.1587273926786996 0.14427125842600366 0.12335043162875095 0.09733346980878974
0.10997595195769978 0.13125894682423953 0.15182030997301396 0.17120425352959273 0.18950508607306638 0.2068749266030558 0.2229728546486028 0.23563141673497262 0.23240895428509492 0.19332239137947987 0.15053751686837424 0.11810805926022554 0.09477969272912042 0.07817608152607468 0.06647452163167274 0.058428941123367245 0.05323652883620174 0.050433295362544026 0.04983976806557345 0.05117574378132278 0.0540871577822171 0.05898717314660144 0.06657088875345293 0.07827347027630266 0.0973516680322933 0.1279452500434243 0.17715947856672545 0.21972086236581675 0.20149785804356676 0.18947132639839803 0.18291616099337424 0.18057384453580977 0.17704930253472312 0.1718113485908641 0.1655941375562169 0.15910599361519231 0.15249078975690322 0.1413191606690606 0.1262904586696103 0.10924216858107239 0.09018297647983373
0.12380161472220577 0.14475232044832215 0.1621522467060682 0.1762136193096599 0.18766150068196896 0.19678049834014755 0.20364843918271092 0.20469069629874295 0.19255204671436338 0.16599834874267055 0.13616176195216712 0.11050340899736437 0.0906553236799939 0.07592880393073215 0.0652764680002419 0.057822816852544576 0.052952615077546256 0.05029903344409188 0.04972899190392763 0.051127243112216336 0.054032403445518934 0.05878629521780838 0.06588982424246709 0.07621888730514735 0.09329825349118877 0.12018678851684914 0.15749180108529215 0.18654688218585047 0.18644658292604607 0.17986881305286362 0.17543975516167043 0.17140465431701887 0.16459269754723596 0.155989032794479 0.1464491940556114 0.13668639856784817 0.12700417775812087 0.1139157126790423 0.09781268940064602 0.08039418517002705 0.06174597431127396
0.13872043150318156 0.1575311450245451 0.1687064107851618 0.17496926421716325 0.17887455097769453 0.18174743199139282 0.1820728457657545 0.1770159831228479 0.1636110613495063 0.14322853793221355 0.12160869727002553 0.10201169802110395 0.0859020860033962 0.07337385207720867 0.06399496738562371 0.057263011515650976 0.052775077124116936 0.05027982625464286 0.04969779015352407 0.05100663319385694 0.05369015691161401 0.0578170851067251 0.06347011914410888 0.07128084162153064 0.08371116837758928 0.10188659376109217 0.12462524215796802 0.14430997576521035 0.15300436256764352 0.15468909367456013 0.15442166500060694 0.15000295471234146 0.1420178021132953 0.1318869246087179 0.12067440065893333 0.10915699569761378 0.09779683110335265 0.08431196700172575 0.06872282482762108 0.052597398440959994 0.036946921948044935
0.15515712771743456 0.16798513321571287 0.1690901511719405 0.16784659765661925 0.166847552956364 0.16538534813040603 0.16193161008988538 0.1546429170820723 0.14222953039593905 0.12589238202647604 0.1094456407331859 0.09435029710302144 0.08145819866951473 0.07102058199170726 0.06292735821724726 0.05694405648741237 0.05284870169617194 0.05049828283775705 0.04986519602333518 0.05096705992576819 0.0530468801936585 0.05598243362118776 0.059885345620814 0.06494072098975996 0.07278665187171338 0.08380841980757969 0.09712099865261206 0.11036911764162748 0.11971039295701935 0.12501060101778186 0.12674938613635522 0.12289087332027725 0.11513273844322428 0.10502398813039948 0.09374748306189312 0.08214847484937784 0.07077207697407242 0.0586438606662446 0.045449031475012794 0.03271051373032193 0.02155680252045935
0.17380107011855278 0.16810135366332718 0.1605952460329958 0.15570764076340807 0.1522135384412955 0.14879538716695365 0.1440726525600692 0.13678961600294542 0.126238846345015 0.11306034633225548 0.10014817032235326 0.0883210103882492 0.0779855692928483 0.06934430178315451 0.06241721964624801 0.05713039699197098 0.05339385670790893 0.05115393924505777 0.050345500771737405 0.05085385796579345 0.05200467640356084 0.05366386040021894 0.05584358685980963 0.05848961783165627 0.06267607579096841 0.06885379263559155 0.07659150641694436 0.08464559634242184 0.09175817744356515 0.09750100410833236 0.09924608340326868 0.09594586346352545 0.08903324136131464 0.07989724009287366 0.06968270925513546 0.05923911884479047 0.049137406873555785 0.039275729082156145 0.029206819163945786 0.02007951351524072 0.012685683420714144
0.1401862876911524 0.1454658732400808 0.14232774778672933 0.138830044764787 0.13583031453153357 0.1327009766166682 0.12854861123694616 0.12255830709478796 0.11427164627750314 0.10388881650730064 0.0936065436547282 0.08423219594716415 0.07590689437713694 0.06875067609513458 0.06282298133723742 0.05813470403484472 0.05460064499822338 0.05217504254858432 0.050872588782771525 0.05066097482573996 0.05083548528374058 0.05125182640018037 0.051897524019170506 0.05268884681308779 0.05417133817865553 0.05714264306495344 0.061368777527367274 0.06585838322905961 0.07017544130278841 0.07442183377790096 0.07551035492407564 0.07260241199709742 0.06671092576928668 0.05896012425367002 0.05034890122496536 0.04165215848893937 0.03340831917296693 0.025865892266801544 0.01867034504364147 0.012442128303572386 0.007649025029199966
0.10667014065864946 0.11564201304226178 0.11884128078291001 0.11947971961802793 0.11904729259105176 0.11776196593302622 0.11532641461001003 0.11132753181781366 0.10548997454742262 0.09782691712870606 0.08966339604368447 0.08223323763646842 0.07550244881885206 0.06949487079030814 0.06424714419119568 0.05979447668957817 0.05617134362848053 0.05341691145749647 0.05158139289762929 0.050608902994107155 0.04979144612797902 0.04904543792055787 0.048383351948594014 0.04776879932266075 0.04738002899422522 0.048186747295616686 0.050004774727802286 0.052054180034156995 0.05425581283966701 0.056431515576589035 0.05662599096738374 0.05403347241851512 0.04914698014968188 0.04283564185718258 0.03591346719010288 0.029031543506612606 0.02264702280093658 0.01703846207304858 0.01207969613189152 0.00790658576441427 0.004788033193305892
0.08198477976855634 0.09060921071583947 0.09638977384475601 0.10004559384891025 0.10230180795165206 0.1034294554753497 0.1033469204069789 0.10181695512589163 0.09862116186962411 0.09368980318206895 0.08752108992680156 0.08167662994192433 0.07621356419129703 0.07109970287247024 0.06636040719344433 0.06205890149080733 0.05828210706129603 0.05512882254056714 0.05270086421229942 0.05090271022929155 0.04907469910499403 0.04724187158728271 0.04546534385893914 0.0437651639213408 0.04216013076839548 0.04144607257590059 0.04148852770731084 0.04185361683276302 0.04253934763868012 0.043192113376621315 0.042369086178566474 0.040044221519310544 0.0360658675423548 0.031055007878580426 0.02564714157492136 0.020357825938640387 0.015546624144518809 0.011422125079949663 0.008015713507100565 0.005217495361747916 0.003149319363537661
0.06375167221013742 0.07127178032599528 0.07762916415344805 0.08279629889397137 0.08693064282146055 0.09010622086615443 0.09223982870061537 0.09313405819533382 0.09256177785020711 0.09035404285820142 0.08649412119829732 0.08220287079807462 0.07799191109157373 0.07375955796735818 0.0694978209789642 0.0652830516761872 0.061256129741652454 0.0575927170879645 0.054472310679725085 0.05172506528499368 0.04883639867529202 0.04595634859996262 0.04319957828566718 0.04063074096403002 0.0382813361957388 0.036377917300816257 0.035091644542085236 0.03428139407704389 0.033910257492946766 0.033555715597766836 0.03212715584778167 0.02985995060433813 0.02665895856422551 0.022731938771297717 0.018562826109093905 0.014545054921863535 0.010948781082255617 0.007921868306626926 0.0055099609568670955 0.0036105577635850415 0.002199581983473027
