_RESULTS/CROSS_VALIDATION_POSTPROCESSED_80-20/MHZ/TZ/9comp/3/MHZ_TZ_z_500_kriged_reverse_9comp_spherical_3.asc
ncols 100
nrows 81
xllcorner 5.5967107548124995
yllcorner 50.982328804812504
cellsize 0.00017565037499993607
nodata_value 1.7014100000000001E+038
[rows 0 to 18 of 81, columns 43 to 85 of 100]
2.009925373666606 1.9767988465189397 1.9385986258741525 1.8974720779895062 1.8553502876125474 1.8138900948384107 1.7744778590695576 1.7382639934076798 1.7062088259321877 1.679129764578275 1.6577455756300403 1.6427166630245331 1.6346816620935278 1.6334778585952912 1.6334778585952912 1.6334778585952912 1.6334778585952912 1.6334778585952912 1.6334778585952912 1.6334778585952912 1.6334778585952912 1.6334778585952912 1.6334778585952912 1.6334778585952912 1.6334778585952912 1.6334778585952912 1.6334778585952912 1.6334778585952912 1.6334778585952912 1.6334778585952912 1.6334778585952912 1.6334778585952912 1.6334778585952912 1.6334778585952912 1.6334778585952912 1.6334778585952912 1.6334778585952912 1.6334778585952912 1.6334778585952912 1.6334778585952912 1.6334778585952912 1.6334778585952912 1.6334778585952912
2.087041288646149 2.0432159747520835 1.9966582792732241 1.9479179137691345 1.8985398694725777 1.8503286341144825 1.804719817346586 1.7628548017148034 1.7256532569664744 1.6938765025524871 1.6681809957422182 1.6491634996437163 1.6374000138256164 1.6334778585952912 1.6337909154027905 1.6347021277401723 1.6356785972512884 1.6363264333794874 1.6364284130382483 1.6359524597187365 1.6350529394241617 1.634064527675887 1.6334898079596563 1.6334778585952912 1.6334778585952912 1.6334778585952912 1.6334778585952912 1.6334778585952912 1.6334778585952912 1.6334778585952912 1.6334778585952912 1.6334778585952912 1.6334778585952912 1.6334778585952912 1.6334778585952912 1.6344053678899972 1.6369005622548016 1.6398793589999585 1.6424656307102004 1.6440374497316395 1.6442532647073422 1.6430678363986415 1.6407344312886707
2.1849905431420713 2.124196255971632 2.060558486004891 1.9985839507239465 1.9409900888103693 1.885867711748745 1.8340902296953014 1.786730224053594 1.7446233825783106 1.7084452746448753 1.6787707221143149 1.6565628521652713 1.6440103412518607 1.6409186394021016 1.6449373824921354 1.649140987404996 1.6524271688217167 1.654340893064154 1.6546293113882216 1.653254972261104 1.6503978389501213 1.646445737534689 1.6419749988662413 1.6377247794340113 1.6345694978846872 1.6334778585952912 1.6334778585952912 1.6334778585952912 1.6334778585952912 1.6334778585952912 1.6334778585952912 1.6334778585952912 1.6336341880809888 1.6371599547105855 1.6440638190555328 1.6527613612935914 1.661812155929291 1.6699589879580863 1.6761781219315148 1.6797311930633645 1.6802086623769485 1.6775560729763463 1.6720776563211335
2.3032191577056516 2.2219488035506507 2.138294954771307 2.0551351892463128 1.9757586709471051 1.905881683035349 1.844710774028389 1.7914648585942667 1.7469358311226073 1.7114554147381191 1.6873278980846347 1.6727147902973498 1.664636710906007 1.6641516807282022 1.6715077529589757 1.6793311307938212 1.6851755083756061 1.6884979054016476 1.6889941866594884 1.6866191587284127 1.681589643888056 1.674369939042224 1.6656424340901865 1.656268781066315 1.6472482682764078 1.639679871592486 1.634733196363441 1.6334778585952912 1.6334778585952912 1.6334778585952912 1.6334778585952912 1.636731024844524 1.6462583053768929 1.6601842260557262 1.6766693164816704 1.693939459839238 1.7103261243164265 1.7243313544334098 1.7347080412569045 1.7405421371084844 1.7413215664236457 1.7369779692880258 1.7278924426697466
2.436393124190981 2.316442109272428 2.1893290053253835 2.06627242845614 1.954991924029729 1.8605252699555315 1.7859704975097317 1.7288732944098113 1.6873114404351668 1.6637064675956763 1.655502305019097 1.6597699615064723 1.673217322533478 1.6921225384993028 1.712156902281722 1.7249041051992617 1.7336582818795847 1.7385909579965984 1.7393253320068005 1.7358052191104145 1.7282997193342753 1.7173811733742919 1.7038809203820589 1.688831462165869 1.6734052824692185 1.6588597406677892 1.6464949676816831 1.6376286578263126 1.6335890039038692 1.6338646143745286 1.6413157677439534 1.6567165429314572 1.6780692502342713 1.7033618611837065 1.730550774924033 1.757583266486084 1.7824601980769548 1.8033344090815993 1.8186329367103362 1.8271838303138115 1.8283237758297821 1.8219638651869485 1.8085986750631926
2.5242693784108328 2.345057568274351 2.1700668834671712 2.0097748407049445 1.870511303217448 1.755726524245639 1.66697963841799 1.6085842475806145 1.5780570757619454 1.5684228296630638 1.5770776746503072 1.6011853895600054 1.6375169903172286 1.6822988938156795 1.7311063731941905 1.7733966107406425 1.7976115474060268 1.804704024484955 1.805717584964328 1.800856199580697 1.7904630032249478 1.7752623669886984 1.7562930064397384 1.7348220422058465 1.712256184160553 1.6900639107427444 1.6697177180737026 1.6526603483317879 1.6412228855139508 1.645341864772535 1.665216457049995 1.693595689465747 1.7278991957725334 1.7659447573193054 1.8054075000413001 1.8438514042690333 1.878816921955 1.9079627253635296 1.9292474759849303 1.9411237274264428 1.942706063587631 1.9338752937299097 1.9152929167224109
2.5344538648837434 2.2985401962332865 2.081210327390073 1.8904119227797735 1.730056993020846 1.6013739339714939 1.5082696144104961 1.4521789806503966 1.4302711905117635 1.4346341232021458 1.4598119733782389 1.5033436504259012 1.5623496938425145 1.6332747375962926 1.7116800206892853 1.7876013593983897 1.8474416726646317 1.8827548783433228 1.8885062918392426 1.8820413465716754 1.8682125064614987 1.847959152775197 1.8226088306092636 1.7937488327656985 1.7630978864350746 1.732398437447974 1.7033408966815704 1.6783084772000214 1.6688443067643346 1.6776358768190016 1.7041385049410718 1.746025821717857 1.7947810223937635 1.8474024521456998 1.9012044244873916 1.9532451300892233 2.0004391409065025 2.0397543091320736 2.0684784772640397 2.0845161286525493 2.086653625095667 2.074726798835169 2.0496443986277026
2.4600222436537766 2.17880983548028 1.9301910920117245 1.7190847269132326 1.5466329265097367 1.4149664877881676 1.325730564237394 1.274477313835475 1.258088828020762 1.2739479467685921 1.3140217531281722 1.375170305901083 1.455180293878635 1.551033339845357 1.6585619253345558 1.7680759314878232 1.8647855338470858 1.9384289536725194 1.979098057015612 1.9798016313795292 1.9618119441239288 1.9354978193937726 1.9025916845293063 1.8651172588965963 1.825204480114154 1.7849433315886307 1.7464307623312678 1.7216569580118541 1.716558245653776 1.7303022385156273 1.7624561255404088 1.812905817726163 1.8777334742910552 1.9472018199200387 2.0179563546350385 2.086410849942028 2.1486448109325993 2.200666741228654 2.2388011759902087 2.2601449806739153 2.2629926549030026 2.2471121696351393 2.2137839595557507
2.3058297261617384 1.9972108118149325 1.7316128170199647 1.5119643945459633 1.3385983969489228 1.2137751027645272 1.131621952905278 1.0870253418428522 1.0767111230549 1.0991769069223214 1.1513062140856207 1.2270751866500296 1.325131536772389 1.4433410975403582 1.5781508392657164 1.7199553348561598 1.8534757687585768 1.966667956927922 2.0472494148254077 2.0842499963620216 2.0715787463365847 2.037887460639437 1.9959247621976335 1.948310011671633 1.8977093903510829 1.8466428794743381 1.803932719273313 1.7825587875238007 1.781739761345591 1.8007960403638148 1.839427379140566 1.897624478920653 1.9755260127139345 2.064549611757603 2.155461043316411 2.2438846519197133 2.3248077282366935 2.392913695772546 2.4431352718540036 2.471329034104984 2.4733979327251623 2.449183956836487 2.40189436526798
2.0937761915296838 1.7740702752273958 1.5051972412296843 1.2881209220170493 1.1251599181314398 1.010962098125755 0.9380207528008141 0.9009863988109487 0.8966711519302988 0.9239259512057079 0.9830797055739561 1.0696748890991772 1.1819033112768889 1.3188651269511757 1.4780063983275247 1.6496877588298948 1.8188492707753037 1.9716896024002328 2.093339118082745 2.1699288412094955 2.190624456009603 2.154880083982238 2.101787865809824 2.0420660664211647 1.9791189547965267 1.9178689367246662 1.8766471343572282 1.8582038070512814 1.8615817453163435 1.886333986798911 1.932327140258201 1.9997130950989384 2.0887994993677994 2.198077907766564 2.3129492294113523 2.425736344168144 2.5300373136629037 2.617852915202042 2.6778179845117767 2.705180165251114 2.6985654151282534 2.6596518994241847 2.5929964401861705
1.865262323484674 1.5407399701208513 1.2744687488885984 1.067966097464498 0.919553043594073 0.8180965596270455 0.7553023337187126 0.7258432966844931 0.7267996525277585 0.7574990165667406 0.8193576867020614 0.9126238862898891 1.034807946232372 1.1863860268228998 1.3660827991420532 1.5643939116556098 1.7672456094816047 1.958928788215188 2.1211982090949233 2.2368830954402728 2.2925195609527917 2.2800219097589256 2.214651180597346 2.1404998514420006 2.0635130271480517 1.9977103195761137 1.9579419602637722 1.942840129904066 1.9514140193875633 1.983116996946881 2.0377666816158393 2.115814264642932 2.2182380671836524 2.3455163842561415 2.488617389463334 2.6308300773908964 2.7574999146648844 2.8574076029072115 2.922934158547288 2.9482977431002864 2.931232347786378 2.874027215830497 2.7832758217992297
1.6443192216591012 1.3208182985538033 1.0625297796451116 0.8700677362069583 0.7343429568625719 0.6441684350022925 0.5911239137548063 0.5686339257578896 0.5743942766576564 0.6081497425043104 0.6718739693455829 0.7688740090391889 0.8982463002204326 1.0614097279508474 1.258305010251828 1.479602058791085 1.7113106648956804 1.9360217903058803 2.133805018157498 2.285597498819283 2.3748515477427716 2.390513254172433 2.330515008471875 2.239598133461817 2.1485283457461573 2.080888443658858 2.0416937672721325 2.0295141637031278 2.043457285600017 2.083161754333316 2.148732404034448 2.240607761020746 2.3593352463188553 2.5059790572398093 2.676946156507476 2.841364146956823 2.986334171496054 3.1018287946641876 3.176639862574576 3.201465452195483 3.172084921874922 3.0915557067953636 2.969866778071645
1.4413385940574386 1.1226898880123615 0.8770154700169711 0.6998829022771118 0.5773004954109978 0.49740636634676055 0.45233820560517757 0.4365273354551277 0.4467382876081835 0.482506719166197 0.5467282897047292 0.644605843976339 0.778603160361207 0.951226991214677 1.1633440913785897 1.40589099905994 1.6655147841605342 1.922256188400064 2.1519785862674454 2.331628748402744 2.4443225180958965 2.4816320146369226 2.4404438640746546 2.335394115835469 2.232926532451397 2.1621535912148526 2.1226747330056814 2.1129728305147584 2.1321829641126095 2.180121610324683 2.2572411091634765 2.364505318102512 2.5031539891895584 2.6708458904294954 2.8576527374772978 3.0465778613820227 3.2175699323198437 3.3565957457568913 3.447368804690216 3.4748565838968153 3.4310965680454606 3.320132807721475 3.157615697047827
1.2617424822021432 0.9506311777976 0.7197497267310687 0.5577526740075047 0.44905953854476893 0.3805888688541238 0.34297691015870047 0.33094538358806946 0.34269908723966325 0.3789411790749608 0.4423798571875015 0.5394236780354248 0.6761455597595697 0.8562896427576145 1.0814806116103401 1.3453479310354886 1.6343098155948734 1.9246538236064665 2.1861554379536696 2.3904790802121565 2.5190482284349747 2.564984791956196 2.5301625412215265 2.4225112356935306 2.310354089376251 2.23528076782456 2.194830274966345 2.1872067011288117 2.2114696802792597 2.2675848967509085 2.356396637050761 2.4797008725278524 2.6382367826499302 2.820663074696745 3.0263893819068697 3.24440181927889 3.4472886264337324 3.6183574823336264 3.7344271438249685 3.770381826034767 3.710097905396856 3.5586596491672373 3.342277041914931
1.1078862069171038 0.8061581391832129 0.5905836175627703 0.4446872538389305 0.3490581731348739 0.28975398518495493 0.25789009553259395 0.2486236770777996 0.26049319200912496 0.295202204710489 0.35703050174325834 0.4525193744913005 0.590274108135178 0.776281499065567 1.0138385310613107 1.3001227388101544 1.621414518871383 1.94885096911055 2.2424062725359266 2.4660612995092075 2.6014975955758763 2.646991805176558 2.6091508041083835 2.4981048481143557 2.3732666826156983 2.2933306999795526 2.251618472810957 2.2458343167621515 2.2748443958218125 2.338713056078422 2.4399226910733365 2.5814021941152827 2.750359693625456 2.9460745535046056 3.1707601621506663 3.419826718233429 3.661073792397003 3.8744189885412035 4.030709022838614 4.087413647806874 4.009029454203664 3.8008979039697834 3.5115698505561213
0.9805105698937775 0.6898192394596878 0.4905555120032336 0.3582010332158948 0.2725917636052993 0.2201432680363209 0.19242749131560538 0.18503217041433323 0.19681177398585625 0.22966094549729993 0.2889009296062827 0.3825518996212196 0.5205734799747583 0.7112258214476754 0.9608689413272513 1.270825262386138 1.6290087619678835 2.0003381961970903 2.3268718106053967 2.5596696252303275 2.687617544423216 2.7211200890600526 2.6730956367954724 2.5571301227322576 2.419778889274343 2.3292776320885715 2.286641203160626 2.2827485084428196 2.3161565894786675 2.389270100189139 2.505767446428814 2.654514782610024 2.82987845998244 3.03575071596672 3.276097155302894 3.5517570178687112 3.8342467237327904 4.099872653552101 4.317930870216423 4.42231175795045 4.326850450669481 4.031914302819098 3.642304731512956
0.8803036316827679 0.6031545169582436 0.4167371717221249 0.2942881947269631 0.21576096956241178 0.16789918129169362 0.142741664944046 0.13640901251248452 0.14812486243972472 0.1798569920092513 0.23687411897227814 0.32866881073198473 0.46709305990155214 0.6614845342238455 0.9221893433111237 1.2552986109460367 1.6545185135461726 2.0827422222285628 2.4450444344382047 2.6643749406796173 2.7639231583178065 2.774438761387864 2.7116909756424623 2.589804672752014 2.4465772117559954 2.342629553458785 2.29453541209915 2.2929633220317505 2.333103771136699 2.4175993768651733 2.541920240353597 2.6915269069738463 2.8692075044470506 3.0795818881412287 3.3280536059922943 3.6195169717733853 3.932159829643945 4.248457412737721 4.546995747277611 4.757561730665328 4.657879111920176 4.209395942884682 3.6912920170896326
0.8105880147119351 0.5440400129670446 0.3662488175308865 0.25014020439951057 0.17580390292937312 0.13017992317941154 0.10577016220721003 0.09964114757703778 0.11172289810998999 0.14363351880154487 0.2001037069926739 0.29099001620057796 0.4300676206529016 0.6278938950506421 0.897104346970169 1.2475463258261517 1.6815888786879802 2.1827625642882533 2.5940659263317523 2.7454994266707184 2.801696380642913 2.787892714294134 2.712461103610453 2.5871060530851313 2.444119815069488 2.3314809472371407 2.275648143504351 2.275652728522902 2.324853886149459 2.418835359483133 2.542005798584067 2.6891788753356636 2.8641078187522604 3.0714138698922007 3.3167856974316394 3.6065517382708308 3.9230125507109923 4.254443189607965 4.59970952375814 4.958886939245997 4.9224064745282075 4.20833606301226 3.594869468319064
0.7714401952131735 0.5110393704159023 0.33755407181814084 0.2242916205146729 0.15138144852652302 0.10560013722431928 0.07949736640303676 0.07216822213778368 0.08604776890004037 0.12032276311933311 0.17850894272029266 0.27061576800953 0.411052673478071 0.6123246930130902 0.8862181637834249 1.2414848366034452 1.6769871639554772 2.172539390601446 2.5721916870006596 2.715175259430382 2.7618188349314736 2.740693263501314 2.6622255366477097 2.5386060470757967 2.4008962612900553 2.2871465178480714 2.2308011449105924 2.232763771382839 2.2897808412870346 2.3872776038310684 2.5064528047836445 2.6480290798317476 2.815113056487946 3.01145326043187 3.2414799079959247 3.509610041267882 3.7957983277342766 4.083558260019209 4.358375806509142 4.561302415517635 4.421404059418435 3.879450941464417 3.3207505861751194
