_RESULTS/CROSS_VALIDATION_POSTPROCESSED_80-20/MHZ/TZ/9comp/3/MHZ_TZ_z_90_kriged_reverse_9comp_spherical_3.asc
ncols 100
nrows 81
xllcorner 5.5967107548124995
yllcorner 50.982328804812504
cellsize 0.00017565037499993607
nodata_value 1.7014100000000001E+038
[rows 57 to 75 of 81, columns 0 to 43 of 100]
9.17636187076407 9.309048511405058 9.484821152778956 9.695184648219476 9.917827506196103 10.128307787763951 10.320171823303282 10.487385500184615 10.624271301234693 10.725421204324217 10.785564611330022 10.799523536266474 10.762564267522936 10.671600798574561 10.52746371933721 10.337445012681135 10.116211150611825 9.880814119250905 9.646896290673581 9.433022259135324 9.23881391016609 9.065224908024817 8.927016124597435 8.856939655332893 8.852415770530689 8.908676379809421 9.02131378279199 9.186138181386525 9.398884229777238 9.6548247169804 9.95203690846281 10.339348547014465 10.829528660301808 11.400666440769577 12.031112951662202 12.720033016253144 13.444800384657249 14.1752816829414 14.825552725182629 14.973755575311962 14.549438175738771 13.611214681764567 12.260936524552779 10.635862518323167
9.151126432728606 9.276933968014303 9.444435856843716 9.650360982466557 9.88482170404059 10.119518383609345 10.343272410696674 10.55076589757444 10.736817654120834 10.89607925716775 11.022520818221986 11.108781640061586 11.145793504927708 11.123723826693345 11.035645934337616 10.883527161255518 10.681432000421665 10.44699066010245 10.1988903065193 9.94771533801188 9.70728461367507 9.48704325249667 9.324355635114841 9.235304615465317 9.21539811095305 9.260233385493892 9.365635140712756 9.527548736043912 9.741753723901647 10.003440206512911 10.30705937567442 10.700953179638477 11.21239979840435 11.806713107947274 12.473351130591533 13.198760488029357 13.950657343501655 14.694852356863281 15.396642670167202 15.728575158193358 15.471503350950577 14.67638001444183 13.435759708013292 11.873801403951704
9.132324892234946 9.27137882435884 9.444890668758608 9.64937721587906 9.884967874182 10.14206184884683 10.396837883180442 10.643928956160487 10.879039940260576 11.097524247800287 11.293517221933277 11.45846824062451 11.57917748726192 11.6367910909282 11.611161614947257 11.494312107864465 11.292512826412569 11.028171102598813 10.733907360391587 10.434669183441809 10.146676075329326 9.888135312850139 9.70459098777265 9.59825074107048 9.564779782539512 9.599976498352184 9.699897855484695 9.860744784200476 10.078559073232633 10.348751436698688 10.674652872725332 11.107044708905004 11.64120497470279 12.269398331672935 12.984940815381696 13.755631145200967 14.542008000851384 15.303820841804791 16.006159760475732 16.520771883902672 16.4697390827413 15.862185104132775 14.77988331149309 13.332013167503135
9.111217237043592 9.260612395889478 9.446140459181166 9.664659477349916 9.912996899562572 10.187899567037315 10.475180127985857 10.760500305647106 11.042473282246796 11.318821147721124 11.585230763450346 11.83410663725543 12.049449422106633 12.200513606304556 12.240587535367649 12.132770933509168 11.890891411066747 11.571222539165149 11.222032214482198 10.872440979483017 10.538417175040932 10.2516001037894 10.04958796766544 9.928435716502808 9.883668387611667 9.911179338654112 10.007285502776158 10.168579126125318 10.3916065377852 10.67236558344505 11.031984490802548 11.518403575457882 12.106856551639126 12.78662659599808 13.561074089189079 14.388794183115996 15.21890593729443 16.000671612865084 16.69648356602558 17.28476004887343 17.47086204774981 17.093319215564705 16.223600467409376 14.952351014255283
9.08682513929071 9.242995808027585 9.436656603853073 9.664965277423269 9.925107125512346 10.214270689466654 10.529548300819135 10.856564630295242 11.185532622551559 11.51569885678231 11.84543532937914 12.170561177697163 12.479754711675834 12.740910094561675 12.868337133986877 12.748613714229803 12.431762943865111 12.039084660634416 11.632254452342982 11.236427225760384 10.86347532246237 10.558031750124629 10.341676280443096 10.209164765875164 10.1558057022843 10.1776026840971 10.271211289748026 10.433758269924482 10.66252606537633 10.95456937854152 11.353058080739089 11.894337511758215 12.576172371080252 13.345293154101597 14.190769651010966 15.092113119435291 15.97955931056047 16.781541040281304 17.45559381922757 17.999440979573016 18.375403070047206 18.262849785163365 17.66085985925264 16.640121085298674
9.05876963305515 9.217990917879987 9.415666805653196 9.649166921226959 9.915927424414797 10.21344215267589 10.539257384083193 10.890955808574153 11.257248177800957 11.62970085270527 12.00876563589978 12.394638648200754 12.785944406777677 13.172123386669393 13.468361153308011 13.285970949129084 12.841971903593674 12.37890974121549 11.92914827374741 11.502054808152335 11.105727499132062 10.78999130102607 10.565180161894347 10.425623788636946 10.366639606688096 10.384498230336757 10.476314352808219 10.639865657232617 10.873324344522576 11.177283417329873 11.611827133829646 12.218803277861136 12.993421806199501 13.880433752506585 14.84815179009352 15.85006895653611 16.81942405662487 17.640086669578317 18.258605362013604 18.714802990149938 19.06910359524413 19.231301118823062 18.945854771631904 18.25344453723619
9.027315967923238 9.185815272569672 9.383302087413222 9.61724407169711 9.885180773673275 10.184710307083638 10.513482371870467 10.869167929888926 11.249123143891419 11.64786273496137 12.055379465753125 12.470891187533317 12.892867968228847 13.312119516255372 13.674889048895677 13.47072269175314 13.006425724588308 12.537794907331165 12.083820498713136 11.651004276757762 11.25035925008416 10.934387416999702 10.70807351544965 10.566161798980856 10.504436458102804 10.519679395933936 10.609582033076045 10.772613098362104 11.007834087556317 11.32364000924188 11.80038714629981 12.466360640779175 13.319508527776255 14.312354351874063 15.424052375112307 16.605947531010727 17.726530308363216 18.56592331440999 19.054724625280382 19.359069283040707 19.60484391631942 19.835962706053326 19.898293350293034 19.59786974913148
8.993386029195438 9.147463293261463 9.340634992100654 9.568071927004205 9.818002567599345 10.09197356063296 10.392973757327493 10.723299618777657 11.084134145225594 11.474928344066909 11.892093793985282 12.318653594863829 12.734403661557545 13.10027156563686 13.311658623521744 13.219623507901582 12.902078625109551 12.504820013240153 12.088997493411405 11.677480930756364 11.290542915856825 10.984356532806427 10.76326085505709 10.623306072235938 10.561207056542521 10.57447356121872 10.661426752444003 10.82134035914401 11.061685515657267 11.397926776948038 11.905158518482622 12.610410355737118 13.51429909317226 14.578445555547884 15.800109931396348 17.166155729208928 18.588061652062663 19.511032845019503 19.713503029156705 19.8121812386245 19.941631665330554 20.11461614689152 20.327948355587637 20.43348048508414
8.958536451506188 9.097113045946667 9.251508449761246 9.425190495389577 9.622492156228576 9.847536469660687 10.10401877451573 10.394807529694981 10.721312548551719 11.081054826484285 11.467223110658276 11.867018813974612 12.255874671309071 12.585756817687313 12.78624857225948 12.796219776557043 12.622088896328535 12.31846768543083 11.961346561128208 11.58915898627146 11.228661951579335 10.93978245773159 10.72905069103424 10.59424794073154 10.533251215325919 10.544564535068442 10.63188803507529 10.79904593864983 11.049518531903306 11.39632369905434 11.915199646232058 12.633689927381504 13.548267383395851 14.625554364553741 15.86952390849277 17.281594817250127 18.840971480751698 19.83208231794578 19.861506017564874 19.90147767663627 19.989663098749254 20.12767266367628 20.313930450597244 20.546290380314666
8.890308556500912 8.96346263289297 9.052964249414305 9.163753619273171 9.300732717743868 9.468652678403808 9.671438508795019 9.911582176492987 10.189949297761348 10.504407261416176 10.848224761086142 11.20775809928863 11.559390523744465 11.867125973735154 12.086380452397135 12.180909208419864 12.141579213591006 11.982955459207512 11.72596162787562 11.401988558250594 11.074128151199702 10.806306660811916 10.60913971676971 10.483709697519462 10.430621142225412 10.45089333228069 10.546252921233004 10.719260748665164 10.97334906876649 11.319185258301797 11.829961477756637 12.53419133290459 13.415588718099706 14.442267208954002 15.605531821515278 16.869156198016206 18.100865688144484 18.955236934043064 19.31794725599415 19.490901720997417 19.62917045464825 19.77552579002604 19.937383283303685 20.102876506787307
8.738420802697629 8.740596002783677 8.760353587345634 8.80299065981983 8.873762355882016 8.9777111525997 9.119299543979382 9.301831605164894 9.526638977795914 9.791994720739545 10.09172472862411 10.41358048023185 10.737797428479379 11.037132164029376 11.280621861398403 11.44180262887502 11.50647144452338 11.473088128119628 11.346955011139375 11.134817875152365 10.85408570340166 10.61184845476474 10.43520556010749 10.325658736032112 10.28445895667973 10.313054150154453 10.41334260459654 10.587783715228783 10.839384286492143 11.174614485009757 11.659758391547092 12.325332739702398 13.137275769773126 14.067860699120176 15.093503852183424 16.158591700837537 17.1501872127409 17.916830976145288 18.405186874533445 18.70316248023383 18.90750727363256 19.067598557336478 19.19581257914499 19.2755627408841
8.511198963819453 8.439868500630926 8.387307253955239 8.359242942484329 8.36145880196719 8.399593542969933 8.478747064294975 8.602889494327307 8.77407183099276 8.991447001760505 9.250151867901572 9.540216132361296 9.845907491140597 10.146256504855119 10.417544434407612 10.637554654959494 10.789578691493732 10.863795880165279 10.855903103601573 10.764915545538782 10.593227871411129 10.390377273372298 10.232111244164523 10.13653771835114 10.10520451637975 10.139711532563792 10.241900561992908 10.41391100604213 10.658093312766313 10.977084232816676 11.42341552939875 12.029675686474548 12.751015642834904 13.56504610463698 14.442547379679926 15.33207301244717 16.157622951130254 16.84084651104496 17.347187411072568 17.69996866621302 17.94348101950506 18.10928121618671 18.206195347790953 18.219374695025675
8.225097992025049 8.079754800452472 7.954820626424676 7.856469134814099 7.791015501307945 7.764701357587546 7.783293456652542 7.851503089429008 7.972241486973186 8.145748032329465 8.368674342782613 8.633291873073807 8.927113854009542 9.233321352151517 9.53228152793808 9.8039670979469 10.030433871878438 10.197369885828858 10.294402500848127 10.314636838423567 10.254052675278489 10.141124624307324 10.01161955515099 9.927320720459996 9.903398087807064 9.94135143028172 10.042782936877598 10.20938468487927 10.442787133872393 10.744221892458206 11.144404157941914 11.67570213921976 12.29767234563346 12.992054491018482 13.730662929340417 14.472392784222343 15.166340308150197 15.764969814448785 16.24201520778414 16.598226225835248 16.849253265312083 17.009338357837766 17.08167179848412 17.055334555422654
7.898418964089669 7.680439130892336 7.4850811026677775 7.318950004636439 7.188866456729201 7.101651223024443 7.063729502797797 7.080564381620756 7.155943228153445 7.291170244374066 7.484262083698496 7.72929588496741 8.01610790921284 8.33055300558624 8.655448094672556 8.972097272527632 9.262024527210084 9.508443682598843 9.697186332041706 9.817112078464723 9.86018407868984 9.835490905914051 9.779796650799602 9.709419821075116 9.690337035928504 9.729452408391257 9.828014526685608 9.987231673100831 10.208080272987543 10.49095391178597 10.845123347057434 11.291226658967254 11.813225724871643 12.393364856451273 13.006946284704386 13.622170883607568 14.2033228539029 14.717890625983799 15.144405552044422 15.475172411785397 15.711823898492721 15.857707018801756 15.911942971429921 15.867112175382362
7.549325468415774 7.261580423554643 6.999255442893676 6.769330636916629 6.579067466425323 6.435811013528034 6.346610028829305 6.317655742080771 6.353563374813988 6.456565994957028 6.625741779329106 6.856425657712018 7.139950109045596 7.463821952670142 7.812374941043508 8.167836579214 8.511633360263989 8.825696060981965 9.093564237302536 9.30119307175621 9.437453569405015 9.49741209482964 9.514543993478268 9.494095357704078 9.477436390442099 9.515760052980408 9.609942082201336 9.760737398666027 9.968603198599693 10.233375589988865 10.539945125273187 10.9005759490407 11.326481920950696 11.800999409186314 12.30315167985499 12.808113428962509 13.289479750680721 13.723118708925815 14.090961863822333 14.382481319953131 14.593015247496394 14.72029924006049 14.761365401049112 14.711279451910894
7.19523306251924 6.84163192049003 6.5167506372975454 6.227839817080623 5.9824979514807515 5.788519031069586 5.653545436193084 5.584499386247009 5.5868032295250645 5.663484542470033 5.81435109482318 6.035436433918259 6.3188341881872265 6.65292622090448 7.022946402272131 7.411809701972609 7.80112805719478 8.172312403808874 8.507646266665535 8.791226443422898 9.009689934064337 9.152667679233026 9.233151535934441 9.273822202892514 9.27577817687965 9.311745903641993 9.400597425478106 9.542700739215142 9.738143862068451 9.98278895705315 10.243549556071686 10.523885755073037 10.859626686270339 11.23789000712715 11.640882106758301 12.048764287771268 12.441107227576655 12.79902592709054 13.107172986193294 13.354639171957919 13.534397154188557 13.641808207641828 13.673179563423124 13.625212110105188
6.8471890317463755 6.437441537577998 6.054839484725379 5.711966694198176 5.4166119358096445 5.176929538679746 5.001165906754852 4.897080730529019 4.87102184306291 4.9267870777033576 5.064612277559332 5.280642643749795 5.56699415169814 5.912226370272739 6.301986652569661 6.71971328772044 7.147405126196775 7.56648304418244 7.958720582114901 8.307169093628794 8.596975133771661 8.815985384563863 8.958499906162983 9.051352373116112 9.095414474793943 9.128282160030034 9.211313632516644 9.345011124166794 9.528866445982741 9.739654789967664 9.958210184689317 10.177445111992373 10.429575853789967 10.720631290574332 11.035322687436206 11.357361811716537 11.670350942865964 11.958999076989322 12.210247645298848 12.413874473359574 12.562407538464146 12.650563226265099 12.674664564303075 12.63246897282917
6.512419861253931 6.06193897017883 5.6286364298077585 5.236563954423118 4.895685405973396 4.614397710610046 4.40161854927128 4.266242461870426 4.215955193265681 4.255548763625184 4.38543057710358 4.601124324784856 4.89386237626146 5.2516328167906146 5.6600649593304295 6.10301969868287 6.563067788822612 7.022050941076306 7.461797709514306 7.864949089111847 8.215781370361967 8.500892418255814 8.709630969557816 8.846975010666277 8.933477389213628 8.975524713031422 9.052583710952034 9.17851591300955 9.338263779129086 9.511435873730608 9.691168841700387 9.869805338098477 10.049330528019365 10.261422881325432 10.497322723498138 10.743287376346483 10.985752871366198 11.212040560380514 11.411028839597305 11.573581372425993 11.692646970595193 11.763120192740104 11.781669874464292 11.746740656244894
6.204013305251118 5.718496889160715 5.24994114887025 4.814315681874534 4.431500654322416 4.111348293398344 3.8635230222637986 3.6986216114718258 3.626639377467126 3.6541073395170627 3.7813758146372742 4.002171943387475 4.305496868922446 4.677875059345094 5.104574666952679 5.56991123928697 6.057270667178148 6.549283356808541 7.02828259816472 7.476994918165962 7.8793262509396005 8.221084417921737 8.490492230962204 8.678516812422554 8.799692665899025 8.862974721998922 8.93412167622353 9.04133543618596 9.166872114092826 9.30491760762873 9.449176282480169 9.592861904446746 9.72882750268738 9.869480588690955 10.03477105145653 10.21311598210144 10.392993350040234 10.563681681131477 10.715672937814087 10.840980466645059 10.933293857993585 10.988013778502092 11.002256789803575 10.974921596262767
