_RESULTS/CROSS_VALIDATION_POSTPROCESSED_CLR/MHZ/IZ/5comp/1/MHZ_IZ_z_1000_kriged_reverse_5comp_spherical_1.asc
ncols 100
nrows 81
xllcorner 5.5967107548124995
yllcorner 50.982328804812504
cellsize 0.00017565037499993607
nodata_value 1.7014100000000001E+038
[rows 0 to 18 of 81, columns 0 to 42 of 100]
-9.280408722694565 -9.559919268078591 -9.823710883350895 -10.054304633923463 -10.240252005174561 -10.381130458981431 -10.460099125808792 -10.4782113066514 -10.451953825217569 -10.401786658027765 -10.347487071850466 -10.300130776309452 -10.269038914316388 -10.264238644666857 -10.293768764259111 -10.358662583643797 -10.457960338284023 -10.590805300007192 -10.756635225372708 -10.955290584112399 -11.18708095280309 -11.02439323924576 -10.664587976788399 -10.323712823532084 -9.984709227425029 -9.66169130968461 -9.394179867521194 -9.18045072113702 -9.01857369301092 -8.907073694947389 -8.842587485571975 -8.820775915088436 -8.838229498795704 -8.89045691813916 -8.971057066333122 -9.074489351500361 -9.194280660547825 -9.322932438870009 -9.447654522837496 -9.531413553900695 -9.561930137448675 -9.532324423571728 -9.456356509581635
-9.40818522440751 -9.71844570398939 -10.022965713177168 -10.302746815495098 -10.537315017444161 -10.709113235867093 -10.785559949984089 -10.773251277600316 -10.707864823169096 -10.624381578066009 -10.546477389722225 -10.485167842453917 -10.452713060818901 -10.447813852517024 -10.474058829732869 -10.533916024754053 -10.62467406688017 -10.743024910997537 -10.883466881773249 -11.031239961442392 -11.125359212610945 -11.001671548178617 -10.712149765967624 -10.39085724129133 -10.051394318778426 -9.735556553393067 -9.475169530668046 -9.274511095188423 -9.135544216815145 -9.049092402426893 -9.011977978081012 -9.016582288795313 -9.058701127865717 -9.135942851297878 -9.244404001954848 -9.37837294995094 -9.530113354285021 -9.689940455398434 -9.841359444279199 -9.943827725434007 -9.983552036720182 -9.960040158283443 -9.893911714427599
-9.45436580792969 -9.791096690643784 -10.136187119867492 -10.474002244342781 -10.777911534508704 -11.001079278258743 -11.064333183554833 -10.993208181541036 -10.870456624009261 -10.747660722513162 -10.654321469518663 -10.601710966971293 -10.585303969289424 -10.59819362358262 -10.632376485910413 -10.683792001789307 -10.758222403855049 -10.849146021396102 -10.94433495642046 -11.01913814786046 -11.025078263832825 -10.909136324559014 -10.686864258685375 -10.410829334792322 -10.095690593864184 -9.803152863188785 -9.555954574306803 -9.362226395575897 -9.228534033330352 -9.156794380565787 -9.138696537361934 -9.163611282051304 -9.229347735315951 -9.334142498581942 -9.47445408854204 -9.644453368119896 -9.835430380460943 -10.035356389307877 -10.221681458659335 -10.348974895725906 -10.40119168312574 -10.393240711634721 -10.330962764592964
-9.407255547558043 -9.759089327984245 -10.133793039166296 -10.525142063071977 -10.91895575699306 -11.252359043363919 -11.27083324860568 -11.092141368698083 -10.905726260127835 -10.767423527301492 -10.684884618005071 -10.651175538377185 -10.65702005943351 -10.692057002330342 -10.745382914038457 -10.805753467919674 -10.86446120049806 -10.92606754802417 -10.978540794556421 -11.000184557987625 -10.96281051058833 -10.845897215108025 -10.656897981695755 -10.417199971641796 -10.134122264973056 -9.867632297242682 -9.635933094012488 -9.449973798015234 -9.311555693776322 -9.228222656040389 -9.20858741675814 -9.252930430901042 -9.343108332420798 -9.476884683873479 -9.651631656624787 -9.862126338335102 -10.099470801262271 -10.349718886083487 -10.581506055383274 -10.743181612392355 -10.821093785984635 -10.82509392250103 -10.757101038964375
-9.25895187406999 -9.607228040331607 -9.985908896487377 -10.393959314441013 -10.830605288087291 -11.309105063468404 -11.234679013829357 -10.980121103881862 -10.793459059057382 -10.678986643074857 -10.626909829939667 -10.626091242397937 -10.664498788709132 -10.72935122609352 -10.807406790575076 -10.885336479628698 -10.949702489619748 -10.990131185798825 -11.011087239804327 -10.99927560660948 -10.93878791791659 -10.820729720491453 -10.649902530809962 -10.43433408085557 -10.179574423864382 -9.934516074820214 -9.713346048153017 -9.520882447526098 -9.370192228076437 -9.273653778108347 -9.241538412342015 -9.28226484575816 -9.393831195284067 -9.555840642476918 -9.76519678063648 -10.018253241662455 -10.307395730643456 -10.618501687625864 -10.909130832175176 -11.122384238051005 -11.239632492362933 -11.246949569943931 -11.157273897242863
-9.009286834010128 -9.332562802231529 -9.683430490865662 -10.053857371308636 -10.418433947835608 -10.702947755181466 -10.741096274953618 -10.628472241261555 -10.525727003017355 -10.47449370167898 -10.476993893806478 -10.525695852842324 -10.60919513939034 -10.71384083530385 -10.82469044962522 -10.92688874342959 -11.006703146539925 -11.05086930190549 -11.053139945552841 -11.021940274245415 -10.949433184306724 -10.83199526940038 -10.673609381233991 -10.474339130196599 -10.24046323576024 -10.005995310132205 -9.775866436315962 -9.568530620781816 -9.401426823209817 -9.288421830514341 -9.240908032055222 -9.26858359833365 -9.37756671584556 -9.56316062972177 -9.803788269507825 -10.097142980162012 -10.438785853875913 -10.816831999979955 -11.18215493655379 -11.479906624215277 -11.65178574700301 -11.644663286958163 -11.505775492579204
-8.667299861437423 -8.947937608641002 -9.248534527854334 -9.553915847485484 -9.830161461470377 -10.022210531780775 -10.109897183346318 -10.126473215542735 -10.133033074293076 -10.168557455390824 -10.243792990811947 -10.356328027254456 -10.497013631967626 -10.652309020249042 -10.805423531739518 -10.939543375254262 -11.04188320859496 -11.10199112456533 -11.108792867467955 -11.068104813716928 -10.990397324172068 -10.875199046022436 -10.727227065269824 -10.541023905638767 -10.319757429967467 -10.072817831660677 -9.82082020853494 -9.591171748043125 -9.402548433201268 -9.268924936466483 -9.202012493357223 -9.212166405061154 -9.3071457002932 -9.492719438233086 -9.757025638548697 -10.082223219130196 -10.468078645862914 -10.904735589422517 -11.353023189008372 -11.78199913615359 -12.0528647730136 -11.982298428327901 -11.752399937756804
-8.249023826373804 -8.476342212570627 -8.718046739017737 -8.958581117315589 -9.170926545275519 -9.328858174289596 -9.455623802452749 -9.559149804463308 -9.662871705286928 -9.788396247761145 -9.944160515386184 -10.129296344363597 -10.336462392672713 -10.552925999618921 -10.758943215348015 -10.931753842497097 -11.062327795691221 -11.145729839167714 -11.172658717990856 -11.13627111595596 -11.05742759814131 -10.944298836012225 -10.803708230403286 -10.627404728551797 -10.410112376871608 -10.129140264285708 -9.843302417490563 -9.585584444683048 -9.371243036410718 -9.212949418074125 -9.122181100968085 -9.109567797694307 -9.183854364386256 -9.35136566154443 -9.618293562083867 -9.960457804239452 -10.370840682020887 -10.834035516844233 -11.332822531080835 -11.889295600091524 -12.43782580457519 -12.121124093057368 -11.807736735793178
-7.773615754012737 -7.942586167662718 -8.124917597641009 -8.308981984668968 -8.477787596607513 -8.639435889100204 -8.798537341001273 -8.967008768474875 -9.151900115100556 -9.361262834820128 -9.597389758521514 -9.857829451151915 -10.135857417425633 -10.421026468684493 -10.694612877646259 -10.907948181619314 -11.071368618988721 -11.186291023452863 -11.240891913652359 -11.225164603963588 -11.147707867029485 -11.033932466247013 -10.89208140750493 -10.700983972736909 -10.462475245413138 -10.149309119556387 -9.834495701490596 -9.548881634853888 -9.306690499310259 -9.120351597143873 -9.001336700139582 -8.96040475712942 -9.006711989875273 -9.146773072612636 -9.389196362272697 -9.72849944709402 -10.133004282727358 -10.576464615402182 -11.047188001994376 -11.53950858788258 -11.884651995339635 -11.815081050431914 -11.598673793060808
-7.260512557949758 -7.368862909156529 -7.493509355351733 -7.6284593437369566 -7.774668631112439 -7.951792476348174 -8.147666509906067 -8.370081646740617 -8.624458508321188 -8.909723514263531 -9.221970331370319 -9.555672273310988 -9.902935037538304 -10.253010020587748 -10.587028021125995 -10.854583610714107 -11.066118073822619 -11.222808451099652 -11.31225576185901 -11.324054120469182 -11.256116509589997 -11.139635298480567 -10.985486170609201 -10.752135855497844 -10.457293976839729 -10.128987288437132 -9.794599024890752 -9.482548706195832 -9.211017593469233 -8.993704966903891 -8.84241449031697 -8.767926591363658 -8.779310560376297 -8.882907492569876 -9.086931440674071 -9.396259910163735 -9.761428784611118 -10.149030187809739 -10.541152292643712 -10.9153582232511 -11.171990114339792 -11.235850447862163 -11.170494526993547
-6.728515056398063 -6.77434848532533 -6.841864029254412 -6.9319253499168 -7.070154214933813 -7.267026018549474 -7.507851003963783 -7.7819428662700085 -8.098389958632342 -8.452503706616328 -8.83518453964074 -9.237683106470723 -9.648308669012337 -10.052248814505973 -10.431027593010704 -10.762280978611614 -11.03608281523533 -11.24514334288766 -11.377094772172113 -11.420343098637996 -11.369000095731298 -11.24793497473712 -11.068954920157097 -10.793928145365598 -10.454804939785337 -10.096123130556608 -9.735078371607226 -9.392980098201793 -9.089454769541733 -8.83834965577925 -8.651375482142969 -8.53900583266568 -8.509726602385799 -8.567490461795416 -8.717268861824659 -8.959786552209648 -9.259551630749073 -9.574909948518453 -9.886861818366704 -10.184329404891647 -10.415443787574503 -10.546977315504762 -10.59366640109436
-6.1962039048206075 -6.175412920146687 -6.182115602451812 -6.23071870052623 -6.364797995539551 -6.5859405617553906 -6.876451249341292 -7.214582719396332 -7.58960663951685 -8.006583036673831 -8.451963254168138 -8.910773091922941 -9.373302812136028 -9.828059715267933 -10.260209540236913 -10.653337914038799 -10.992501763064803 -11.26214801241878 -11.444301257476305 -11.52275014848846 -11.489844648748853 -11.361658767133218 -11.142950787715787 -10.824997031080265 -10.440225048374117 -10.044445856004183 -9.654530096864427 -9.285065731649457 -8.948969557102387 -8.661774622286405 -8.436801678745061 -8.281530946698354 -8.197217779099486 -8.191748778762456 -8.272032749398404 -8.428125292083353 -8.651750730417977 -8.896505836699827 -9.14356790058337 -9.395094911629744 -9.621116955554122 -9.79933618254837 -9.926758267232055
-5.662698114197197 -5.5655238914207255 -5.501982201980302 -5.506334411501702 -5.634839051340384 -5.8870448371116275 -6.237039326665311 -6.651332820424501 -7.10310637179101 -7.579333487043806 -8.07493524387428 -8.58001462808562 -9.089293667014894 -9.593212110295795 -10.079971089847701 -10.53561954427369 -10.94345236663557 -11.28185265692121 -11.523496362149107 -11.641574725875023 -11.623477693228576 -11.475097970154735 -11.206477721462914 -10.841922961917062 -10.410795654258568 -9.97277291633661 -9.549293974237235 -9.151712522991378 -8.789953312610981 -8.472440764288635 -8.201364627290728 -7.987777918288119 -7.8407486539838995 -7.76700188718617 -7.760933973810487 -7.826897429282983 -7.96870429129782 -8.148201086545564 -8.344683242823837 -8.56888863656496 -8.800175195190695 -9.017041116940154 -9.207146410749285
-5.138937210827778 -4.960756985411265 -4.815451054585086 -4.762451538047624 -4.880430909874558 -5.1751526165394335 -5.597287799298395 -6.0918317547869245 -6.616525096589536 -7.153625891680182 -7.69862094358028 -8.252891110827813 -8.807135201748517 -9.354234183943646 -9.891407623481948 -10.407745813666606 -10.887374638450241 -11.305132730491 -11.621251985577384 -11.78667778466454 -11.773993143338712 -11.57931369148594 -11.250178963009066 -10.834871461725928 -10.361314677824488 -9.880007279563223 -9.422671159168248 -8.997457826849109 -8.610732602515787 -8.257153374352686 -7.940160562143995 -7.66966497656647 -7.458110769253691 -7.3014521358909805 -7.205472111220394 -7.179682446612235 -7.236022655295666 -7.353674264095207 -7.511137017826806 -7.7218240015204715 -7.966795687037963 -8.21932790622413 -8.461240705593312
-4.655991281610918 -4.397865522128432 -4.158295626625263 -4.015419927968014 -4.1098641780686584 -4.477099088065621 -4.989862484028189 -5.556027843142656 -6.140548220506135 -6.732337374742776 -7.327416246844796 -7.921615687846534 -8.518152349958036 -9.110925969527926 -9.691746603008683 -10.26088615987651 -10.810396388771112 -11.31822518238076 -11.735383811560524 -11.966978832370543 -11.927262424736842 -11.654696140132417 -11.25325376838364 -10.787449624270813 -10.281968830979846 -9.763932280313416 -9.277243632479184 -8.828111508318468 -8.407206192923995 -8.015389065906357 -7.659403019429877 -7.340438825405385 -7.054230263643089 -6.815074552850496 -6.630832434050921 -6.512021325703797 -6.477321263099512 -6.5304870134783215 -6.659904006265238 -6.872203665644481 -7.140150267429087 -7.426867321706713 -7.712371035537088
-4.2471895702789695 -3.9266125692600915 -3.60369563032557 -3.325943655557555 -3.3478747989846585 -3.868417991412201 -4.463008146997087 -5.0767270533522755 -5.6999885242597355 -6.327684564817511 -6.959404847829236 -7.591968330708694 -8.221546730214568 -8.847325616516912 -9.469208981601321 -10.080686838664505 -10.684123434352125 -11.277395189405773 -11.830431450032178 -12.182158855486481 -12.042552553798167 -11.651689164503782 -11.179444231402744 -10.672285637758721 -10.14385153372352 -9.604563321228776 -9.09364014307301 -8.614969546607409 -8.163696986783789 -7.743866108260652 -7.352023649763902 -6.986187109878169 -6.644691886932263 -6.332525188397961 -6.066762287694653 -5.856973175919787 -5.722015799663385 -5.693465428214976 -5.81035601086793 -6.048226943386584 -6.346845408646402 -6.663783325759878 -6.983395947727346
-3.9377876983722278 -3.591422598210826 -3.251943709244176 -2.978278409270758 -3.009902197535303 -3.4925971626191883 -4.072658771068259 -4.684468468846594 -5.314253500459175 -5.954716246632874 -6.602412635798583 -7.2556085786109525 -7.91005254942829 -8.561988157424675 -9.208096837317058 -9.846260877809978 -10.475810792004147 -11.103624606737467 -11.72946851499249 -12.275693199162806 -11.93495716769948 -11.465801626684506 -10.958642945659886 -10.436540182649676 -9.905774153450034 -9.372434752935456 -8.843909404630654 -8.339557492659752 -7.860846031733024 -7.409097502287858 -6.985024908156577 -6.58636481557629 -6.212040055659386 -5.860976680775005 -5.541724506474155 -5.261713797685119 -5.029345351119817 -4.8635676273168045 -5.009182627874053 -5.302539432551142 -5.6227082726866255 -5.956092382977247 -6.295993538731076
-3.733088335590946 -3.3948492609737775 -3.0967217890019567 -2.9229137806193366 -2.9959874544496206 -3.331291032929547 -3.820476948435768 -4.385055764863914 -4.990897195357585 -5.62124918875418 -6.266013044737128 -6.920959073720636 -7.581087037275603 -8.241053880635336 -8.89595630757023 -9.540563541559711 -10.167586706959991 -10.756387305561407 -11.2613159459271 -11.536902046560627 -11.410337143103025 -11.034250350349275 -10.56958175516806 -10.075535105404056 -9.569118096099743 -9.056759642545728 -8.524490516041864 -7.995717922565133 -7.493657728293296 -7.019988904376059 -6.57424867277699 -6.154948347786608 -5.761785256835012 -5.394174069892468 -5.053576038101748 -4.7551058469003475 -4.507766936797917 -4.334651984018736 -4.4419593445703365 -4.703687328109133 -5.00066308560695 -5.32496107644062 -5.6676652472082125
-3.6199772362850915 -3.30253288821683 -3.048225119232793 -2.9241533012955756 -2.994160669715515 -3.2529102617529153 -3.658875960090326 -4.161879669729185 -4.726388737656071 -5.329822912821376 -5.957102341923555 -6.597935478125452 -7.246651348189192 -7.895832170074399 -8.537866174070333 -9.16374040398334 -9.749861332801888 -10.252640142445392 -10.615696552238044 -10.781191838945258 -10.703384701445946 -10.4223442678041 -10.030651979798554 -9.588679429743626 -9.123444514379504 -8.636027021270237 -8.12188468505045 -7.5920050169816236 -7.0783342511189655 -6.59364661633658 -6.137233128275117 -5.709661923749426 -5.311647124386057 -4.944413281064592 -4.610872458936756 -4.327526146533549 -4.126783078258494 -4.0338451778811395 -4.082725712163594 -4.2508671538895655 -4.487046799662712 -4.779000662537465 -5.1089821784635685
