_RESULTS/POSTPROCESSED/Berg/GZ/3comp/Berg_GZ_z_1000_kriged_reverse_3comp_test_spherical.asc
ncols 100
nrows 90
xllcorner  5.6208707817415728
yllcorner 50.959635321741573
cellsize 0.00013419651685393446
nodata_value 1.7014100000000001E+038
[rows 0 to 17 of 90, columns 41 to 81 of 100]
0.0880811827630366 0.12140945595492691 0.15812863823098322 0.1913317254151681 0.21310897699734696 0.21879850617555707 0.209280013851514 0.18942655437358283 0.14886156506559986 0.09727749193985627 0.06325455018070068 0.04156265881549111 0.02795932254868045 0.01947531753729951 0.014188895879443605 0.010911742282856855 0.008933288750605025 0.00784845179647256 0.007229520679885801 0.006751857349535331 0.006401601416588817 0.0061701640435884554 0.006053889590700738 0.006039267435902255 0.006039267435902255 0.006039267435902255 0.006039267435902255 0.006039267435902255 0.006039267435902255 0.006039267435902255 0.006039267435902255 0.006039267435902255 0.006039267435902255 0.006039267435902255 0.006039267435902255 0.006039267435902255 0.006039267435902255 0.006039267435902255 0.006039267435902255 0.006039267435902255 0.006039267435902255
0.13066731685050084 0.18854345954816196 0.25416711977447043 0.31195922443599466 0.3435040926485711 0.3400593150148736 0.30701074265360123 0.25470094038737096 0.18714355692355786 0.12234837899907089 0.07739382332444776 0.04922916130828717 0.03206705777555546 0.021662328342402563 0.015333677974630706 0.011477030528239503 0.009159512773879858 0.00785555544529823 0.0072035555041305354 0.0067339634483769084 0.0063900478913097945 0.006163782348474921 0.006051931091259918 0.006039267435902255 0.006039267435902255 0.006039267435902255 0.006039267435902255 0.006039267435902255 0.006039267435902255 0.006039267435902255 0.006039267435902255 0.006039267435902255 0.006039267435902255 0.006039267435902255 0.006039267435902255 0.006039267435902255 0.006039267435902255 0.006039267435902255 0.006039267435902255 0.006039267435902255 0.006039267435902255
0.18043996874159857 0.2733488210160472 0.3858855711835258 0.4864368258399723 0.531720539956088 0.5043728798097454 0.4237292306962752 0.32056883762709365 0.22144982744234662 0.14241525131178268 0.08869990293532011 0.055309918952122415 0.03526459272344353 0.023320156185428546 0.016171604909456558 0.011869692164709093 0.00929850455528677 0.00783516413479123 0.007128249994794868 0.006700133123390046 0.006425712840784308 0.006268807515154823 0.006208529220343031 0.006212916158124521 0.006193239364619657 0.006147708281369449 0.006091526660131992 0.006047677143117928 0.006039267435902255 0.006039267435902255 0.006039267435902255 0.006039267435902255 0.006039267435902255 0.006039267435902255 0.006039267435902255 0.006039267435902255 0.006039267435902255 0.006039267435902255 0.006039267435902255 0.006039267435902255 0.006039267435902255
0.21160664476248667 0.33940252228317025 0.5119094906724542 0.6732695941877618 0.7276015072488909 0.6543291577819397 0.5172339973401374 0.3732111828340708 0.24941416670664873 0.15631878076549738 0.09572388584446685 0.05888597315385723 0.037063199233343135 0.02420217362586858 0.016578624101770877 0.012025250757063392 0.00931545480819294 0.007859276956495131 0.007283310701105137 0.0070811998852552205 0.006982423082592981 0.00695608387967921 0.0069838324343990486 0.007015050550643992 0.006960653445072153 0.006827676521968457 0.006639107235871079 0.006427450649275648 0.006230304877115465 0.006087350187706445 0.006039267435902255 0.006039267435902255 0.006039267435902255 0.006039267435902255 0.006039267435902255 0.006039267435902255 0.006039267435902255 0.006039267435902255 0.006039267435902255 0.006039267435902255 0.006039267435902255
0.22072859726942795 0.36212591415960077 0.5857886982155379 0.8329503334331053 0.8742570948543799 0.7169543858948029 0.5273750529925776 0.36722772581161006 0.24509913458510002 0.15724799575388157 0.09728660380902579 0.05939560366302872 0.037185847763989595 0.024174105820513925 0.01648980974300739 0.01201580349023053 0.00959654999341209 0.008399368453762053 0.008045259741309036 0.008120538982696546 0.008258963525359927 0.008424783888402157 0.008592536985187119 0.008660670469063863 0.008550490660801607 0.008279417718533856 0.007888647426044492 0.0074334891969071205 0.006972649020562365 0.006560376880120648 0.006243579052659515 0.006064135656342065 0.006039267435902255 0.006039267435902255 0.006039267435902255 0.006039267435902255 0.006039267435902255 0.006039267435902255 0.006039267435902255 0.006039267435902255 0.006039267435902255
0.20333503321871768 0.33294390787021433 0.5719866360309147 0.9411218988188654 0.8720886359836449 0.6200272725252893 0.4314538019813104 0.2979479300767262 0.2030906520783305 0.1358092829691981 0.08875293770867451 0.05657104590732053 0.03562141488514304 0.023241853005086584 0.016243922947412042 0.012447190853865576 0.010440342969457107 0.009564948555567434 0.009548696550106196 0.010039014653553295 0.010566646482222906 0.01106885485521829 0.011480542778694196 0.011611047924837043 0.011400097136717687 0.010883023470549178 0.010141542535608736 0.009280592952747616 0.008403747469786421 0.007596340436357588 0.006919745630387671 0.006415144493972874 0.006113220862321391 0.006039267435902255 0.006039267435902255 0.006039267435902255 0.006039267435902255 0.006039267435902255 0.006039267435902255 0.006039267435902255 0.006039267435902255
0.15932583787470259 0.24314754041432357 0.3932295571242474 0.6200068985826365 0.543425427273928 0.37886424172877364 0.2723336242250895 0.19671023746636096 0.14169526539185237 0.10100465545458184 0.07080636537448931 0.048590501993762025 0.032528231417303245 0.022128275163645673 0.016449833171928694 0.013386744428101931 0.011897322518327572 0.011512069041990699 0.012086096186683272 0.01329022909205451 0.014530413988876039 0.015680332183613886 0.016535616198767988 0.01678747623336385 0.01638074512742931 0.01539220188308512 0.013995364358817172 0.012403214789406217 0.010811334416657619 0.009363646119809674 0.008145375733161726 0.0071949407957342506 0.00652362103317993 0.006135697981230746 0.006039267435902255 0.006039267435902255 0.006039267435902255 0.006039267435902255 0.006039267435902255 0.006039267435902255 0.006039267435902255
0.10608183203444448 0.14058824022389615 0.18843127066608353 0.22889477939302677 0.2164557195335361 0.1720340612331997 0.13431058627791137 0.10705023812857546 0.08438626648308785 0.06564858425982106 0.050181579998880024 0.03751940153447443 0.027959561522864565 0.021353712157956728 0.01703207114818648 0.01484127752038314 0.014095444404981013 0.014533610361698951 0.016193503188317238 0.018708656244842595 0.021265309807035636 0.02352095871356617 0.024994330655427742 0.02536309957108112 0.024582393490940775 0.022809918062302807 0.02034729843994898 0.017542079889518194 0.014705087912901205 0.012165619806873109 0.010080896630093513 0.008469022618444856 0.007298289070842106 0.0065238829375086314 0.006113355736086105 0.006039267435902255 0.006039267435902255 0.006039267435902255 0.006039267435902255 0.006039267435902255 0.006039267435902255
0.06183737764216215 0.06913044613140074 0.07756004331551813 0.08221434070067901 0.07804420578065599 0.06758502705768626 0.057224569118929446 0.049997432466755566 0.04418142878270232 0.038210956677405 0.03228946516611892 0.026886054365937995 0.023053560166186766 0.020222016633635966 0.017930585740338508 0.016852831324631386 0.017240633801238043 0.019077518330122462 0.022350357098702298 0.02640673672053923 0.03043866984392 0.03392597252376763 0.03607450902403695 0.03648185278864907 0.03508753399989101 0.03219430574229679 0.028341775939332726 0.02411070965472821 0.019968812877988854 0.01620941452919316 0.012966158663293379 0.01034949865861442 0.008470223533388438 0.007196095016633885 0.006415823366158615 0.006064289827052841 0.006039267435902255 0.006039267435902255 0.006039267435902255 0.006039267435902255 0.006039267435902255
0.029762251216843345 0.027906088561139755 0.027064253116443195 0.02639477079358499 0.025248978303574688 0.02369249596062375 0.022259164645615222 0.02138428245585774 0.021150667479529144 0.020557901519128525 0.019402221435955415 0.01861642852368616 0.018441042731463016 0.01862943147905772 0.018947792484255866 0.019483949716946964 0.021215990204857028 0.02428288178002982 0.029226193594276733 0.03512193581823425 0.04112747825421883 0.04615665074674034 0.04921278068247099 0.049614400585414935 0.04727497942644338 0.04275891571297501 0.03700920389718875 0.030959364414245533 0.02527703258181077 0.02031039622193819 0.0161610726988188 0.012786894325946986 0.010085210950989363 0.008148606621762153 0.006921680459011568 0.006244385637916254 0.006039267435902255 0.006039267435902255 0.006039267435902255 0.006039267435902255 0.006039267435902255
0.011892645296049284 0.009393846134134227 0.008047029911341775 0.0073927395754453725 0.007155283154860625 0.007209035003973115 0.007539370824258416 0.008198114786128093 0.009278388573834678 0.010538954158249455 0.011391078944852652 0.012674672337471002 0.014497939302759041 0.016856431413842944 0.019635218875227935 0.021878665976771045 0.024523048129186306 0.028994761286237226 0.03586964206381183 0.04395746263982047 0.05219418041576972 0.059236476073621466 0.06353545600531342 0.06389556753496393 0.06017222900791079 0.05340206926686276 0.04520585862945219 0.03702061313951555 0.029712702817286298 0.023608386427853283 0.01869643712127806 0.014814802152767726 0.011764475217659085 0.009362380390109865 0.007600663229930386 0.006562483437178335 0.006087878094326466 0.006039267435902255 0.006039267435902255 0.006039267435902255 0.006039267435902255
0.004069244040275735 0.0027071805254716363 0.0020774166114632107 0.001833017908111066 0.0018194675741675542 0.001978973616637164 0.002309667295492379 0.0028525732975069953 0.003694072225618801 0.004949595284328247 0.006589669490200216 0.008641036864170408 0.01135892961484802 0.015071703653573583 0.01912311582192204 0.022878736149609905 0.026562512214918097 0.03253946958144203 0.04117180241880523 0.051270489590707194 0.061992671359655256 0.07162999236476088 0.0776997420431969 0.07804343714406724 0.0723640959058344 0.06257058747152357 0.0514189487817455 0.04099617521371351 0.03225794164600775 0.025343348559529473 0.020013264529316982 0.015931219299919724 0.01278786625567478 0.010337476097406517 0.0083974595756256 0.006976941572921719 0.006231902937054979 0.006039267435902255 0.006039267435902255 0.006039267435902255 0.006039267435902255
0.0012180614620842657 0.000677568069893971 0.00047345497323019934 0.0004143672371294254 0.00043504940468318644 0.0005209328598031461 0.0006835467623198761 0.0009578247353833917 0.0014121882734286992 0.002191322001977502 0.003599745500864965 0.0058126683059234905 0.008978794617363598 0.01290336882095928 0.01745008708087868 0.022254524019250974 0.027055685990002697 0.034159286106883256 0.04359442273444121 0.05519167349151932 0.06842686000605926 0.08131331197553128 0.09003023886312195 0.09054736790799053 0.08213838786374673 0.06840772546159059 0.05400047543812084 0.041657394783698856 0.032086274244519514 0.024976195049520554 0.019749065648018052 0.015875042283786375 0.012950551879558111 0.010689868509589391 0.008896789579099153 0.00743825309826533 0.006430704312121437 0.006048079115802372 0.006039267435902255 0.006039267435902255 0.006039267435902255
0.000332585253156103 0.00015703628220974333 0.00010418276315351388 9.533859674452145e-05 0.00011059421596214969 0.00014960186300995993 0.0002229989469619653 0.00035421278526738 0.0005884081358195482 0.0010340624100305797 0.001989539216899142 0.003803018065369855 0.006804799064533495 0.010665151257124411 0.015194612915752744 0.020387275951798563 0.025787889520561054 0.032556843488358266 0.04156018767271119 0.05350500760234728 0.06866622502453432 0.08550241529388956 0.09861027327444563 0.09994449370092466 0.0876359854668904 0.06895135207967465 0.05155291657173915 0.038283350894745674 0.028921049764932472 0.022437840465196153 0.01790096336734173 0.01464551858591343 0.012232537139729419 0.010378430062231245 0.008900041123015642 0.007678373333743816 0.006644617012790965 0.006092887552294021 0.006039267435902255 0.006039267435902255 0.006039267435902255
9.027709457533726e-05 3.529750835808954e-05 2.2992599403345337e-05 2.357466726022152e-05 3.173895675444884e-05 4.961897331748244e-05 8.459117287113813e-05 0.00015213563965545346 0.0002834125731910314 0.0005609496639056032 0.0012294181661410824 0.002649480871015992 0.005078717750248458 0.00850625530990967 0.012512796971953013 0.017037584343467027 0.02173914729586967 0.02670804851306158 0.03368847570451296 0.043795037412384996 0.058411936652415467 0.07802174224962227 0.09779800408851862 0.10298603157374447 0.0862038606822622 0.06237491880303697 0.04352729294307713 0.031160092711723562 0.023310232392775784 0.0182485273462435 0.014870701029457076 0.012520297226401378 0.010808348287126407 0.009499561374541391 0.008447661388701863 0.0075594979809959165 0.006775012541632227 0.006150271032172824 0.006039267435902255 0.006039267435902255 0.006039267435902255
2.5986604331998067e-05 7.580841399191279e-06 5.252761183715683e-06 6.836604963183422e-06 1.113214962057151e-05 2.0206731364563735e-05 3.91394089018634e-05 7.891981000840943e-05 0.0001631178848709557 0.0003584813626793202 0.0008717251236449011 0.001987799365923685 0.0038968511433095923 0.006599761258092918 0.009717554112610471 0.012894638532877093 0.015907192846378457 0.018714008908361324 0.022875514119422055 0.02941447249626899 0.04013104154653913 0.057876951728032894 0.08357992351937374 0.0961320882185122 0.07196470864394125 0.04651126731723905 0.03094804700137248 0.021894011888344313 0.016592340483363905 0.013383008749905632 0.011335420705136021 0.009959881806052147 0.008984857709385818 0.008250937152619603 0.007659265803205358 0.007145690334734899 0.006667443326636436 0.006197097298985887 0.006039267435902255 0.006039267435902255 0.006039267435902255
1.019877269136779e-05 1.8972015316478563e-06 1.6803073296064299e-06 2.7996191071437023e-06 5.226439167643046e-06 1.0613524836084157e-05 2.2796600037011672e-05 5.0598348134983466e-05 0.00011415539203595499 0.00027213213312436365 0.0006916883523507522 0.0015804668860410803 0.003077576919224613 0.005140023270254678 0.007415684601789315 0.009090948904561198 0.010209998957401238 0.01126222383790453 0.01297368473578103 0.015890674808906033 0.02110127865184336 0.031050102841746793 0.05165862309565401 0.07992419164924833 0.042525163514665336 0.025211639210852538 0.01706412983430784 0.012830577781429165 0.010380739630723002 0.008880656443269375 0.00798701860180273 0.0074392865032278654 0.007093753866479898 0.006863802933427605 0.006692404387241804 0.006539058526966424 0.00637355466862053 0.006173160021015593 0.006039267435902255 0.006039267435902255 0.006039267435902255
7.413831981153219e-06 2.0360846571050384e-06 1.400492523089876e-06 1.924496778414379e-06 3.509731002204336e-06 7.426486046992029e-06 1.70919811737034e-05 4.0792395007425564e-05 9.827313119246747e-05 0.00024220660454201626 0.000612539052507879 0.0013653374326216437 0.0025726592694653785 0.0041238500184801324 0.005536787853562849 0.006195820273062075 0.00601834551066826 0.0059231824660363535 0.006233689621575805 0.006938762555134314 0.008313241732733182 0.010889530844151075 0.015322807232155696 0.01811213821151814 0.013228829114340927 0.009193234109903482 0.007148123381542215 0.0061561413516263135 0.005672668996475993 0.0054145259297356 0.00528538396367652 0.005296189092398739 0.005392559527298257 0.005536320542049218 0.0056974990843280116 0.005850059842935868 0.005970208995082242 0.0060361769379228 0.006039267435902255 0.006039267435902255 0.006039268605072661
