_RESULTS/POSTPROCESSED/Berg/GZ/3comp/Berg_GZ_z_355_kriged_reverse_3comp_test_spherical.asc
ncols 100
nrows 90
xllcorner  5.6208707817415728
yllcorner 50.959635321741573
cellsize 0.00013419651685393446
nodata_value 1.7014100000000001E+038
[rows 19 to 37 of 90, columns 0 to 42 of 100]
1.734267255592383 1.734267255592383 1.7344476711153702 1.740051624742978 1.7529329846281787 1.7719958770488147 1.7961160921800592 1.824100597954771 1.8546438735478474 1.8862898084315332 1.9174081862750418 1.946203767142552 1.9707858474475173 1.9893280979864254 2.0003264476791736 2.0029066207380226 1.9966717697506926 1.9819060921790639 1.960007094532347 1.9328440384833265 1.902445000287968 1.8707656520651075 1.8441937587144095 1.8340233435879891 1.8406952466911641 1.8644670970061172 1.905859772714884 1.9656394272297257 2.044033093920096 2.119787102074242 2.1791700601256645 2.224177405384884 2.254415603983539 2.2659324016673152 2.254992677896667 2.2153504499435654 2.12656589874843 1.9828938765828876 1.8099315225190606 1.6383234072464696 1.4866004020482606 1.3658295019167654 1.283850920993979
1.734267255592383 1.7344710893714648 1.7376285137813374 1.748957739459943 1.767731828326274 1.7928933841949435 1.8233455493359683 1.857899640309902 1.8952190428103741 1.9337592514101998 1.9717106254114172 2.0069649789671513 2.037151172442348 2.0598090139034384 2.0727596948225147 2.074631791930456 2.0653289285859855 2.0461244936505434 2.018483714015256 1.9846347136779205 1.9472105255218395 1.9085866944982983 1.8734444562308705 1.854199856673304 1.8520274275588795 1.8669185166439242 1.8990851136239502 1.9489428747542539 2.0166022191227433 2.0839517597189516 2.13759009507633 2.1765833977985953 2.1977256250804538 2.196703121017773 2.17520306294325 2.126217885817872 2.040524441326415 1.9184217663247412 1.7732691522383202 1.623564073397508 1.4854410681739343 1.3720785539451665 1.295284226738077
1.7349102504780074 1.7367730099694938 1.7448911641697582 1.7617002141300262 1.7861912808760163 1.8173586383833706 1.8541483324823624 1.8954028207758145 1.9397954076648687 1.9857476063411865 2.031326564485698 2.074136031159964 2.11125582837533 2.1393586719470554 2.1551927521948344 2.156495383478014 2.1429602200513598 2.1165268274122107 2.080710164634474 2.038857990504971 1.99342974400573 1.9472312646890353 1.9033119409933967 1.8738055622129923 1.861769894111358 1.866859103299387 1.8889224259951745 1.9279865436338564 1.9831729373208637 2.043588074802555 2.093693076952881 2.12758350113251 2.141714389122694 2.134763190775994 2.110032277161039 2.0612701318606628 1.9839049261898885 1.8791069096673954 1.75475417370834 1.622479074320868 1.4942676895619076 1.3823015136477241 1.303884708698673
1.7376073413635995 1.7421165276010946 1.7551587441633072 1.7771200165801786 1.8070500357553378 1.8439976070615216 1.8869627199701855 1.9348447666435065 1.9863768337014107 2.04003005580466 2.0938673320950456 2.145331211272701 2.190992980379859 2.226429056498962 2.2466665991687793 2.247730658342735 2.2288212070890676 2.193086719233761 2.1460316758201903 2.0933160549295704 2.0389144210894554 1.9847049400560781 1.9329025938590423 1.8922550360608354 1.8696724434731884 1.8644091539637475 1.875919323667909 1.9038353733483802 1.9487224800936576 2.0025181852476046 2.050224637567232 2.0810130265502425 2.091418613616711 2.084848257499977 2.062634237607064 2.020032160149353 1.9542524826873833 1.866068619827761 1.7601510718723956 1.6436912055829538 1.5244154289684841 1.4096464520756988 1.3120896257218588
1.742091627063965 1.7498814759809178 1.767397615956523 1.7940874048379791 1.8290506947733214 1.8713833800992519 1.9201367093067185 1.974277677104928 2.0326388953209773 2.0938343177893572 2.156099592030608 2.216993592432033 2.2728870749439007 2.318271430593393 2.345528404951972 2.3471258456017585 2.3209773537148024 2.2728624714565604 2.2119572187149483 2.1461481912211937 2.080871403669496 2.018640918942371 1.9601343938233615 1.9090991817346594 1.8756957817018927 1.8599375370893432 1.8608763549433047 1.8784655421351641 1.9161057596954079 1.962748025705055 2.009037531749459 2.039158072060049 2.0499418442535187 2.047952493052161 2.0325993019821924 2.000319959504405 1.9489844662086544 1.8787669636042261 1.7923901759220637 1.6945528803738366 1.590922070046447 1.4875470570398897 1.3958401334490982
1.7479999510067727 1.759176613934199 1.780635262391856 1.8115238386848747 1.8509751615274417 1.8981097652837176 1.9520037573649833 2.0116685753667087 2.0760341615816365 2.143910596400472 2.213876455436151 2.2839955192015777 2.3511601553927566 2.4096483754679756 2.448636363480135 2.4526727799084234 2.415711645048301 2.3505253621930775 2.2730932478271164 2.193398903143888 2.1168444800653425 2.0464114538498204 1.9821341449116674 1.924082612485429 1.8800336769242432 1.8540431977673342 1.8447844544778573 1.8547408921014994 1.8860420507282558 1.926650304936962 1.9709951090377011 2.002848261148794 2.0176001884879042 2.0230398015887023 2.0177892835040687 1.9990123796662873 1.9648385317126715 1.9149401474928873 1.8509083385471432 1.7764226515437211 1.6975799330493047 1.6246597996630179 1.5780160658264992
1.75494592626775 1.7691921606035732 1.7939781875724057 1.8284313935993595 1.87169253123666 1.9228682799464756 1.9810033719425313 2.0450806624685822 2.114049606228109 2.1868629202620884 2.262471198329247 2.3396899665794537 2.4167656203631505 2.490030507265402 2.548784368158099 2.5608753247029292 2.504353126493937 2.416194708531209 2.3215843077822758 2.229415370036658 2.1434892976502917 2.065777386702976 1.9970305842681237 1.9356739365155127 1.883161180208331 1.8475581600117112 1.829373414337956 1.8333203809991643 1.859024347487873 1.895407364448357 1.9367073132703445 1.9717545334713107 1.9929468207742853 2.0078505816124492 2.0150126787420874 2.01214236909896 1.997519102570145 1.9703938791298246 1.9314809140095999 1.883693810067627 1.8333226936925369 1.7914260612554713 1.769884922862881
1.7625301843843377 1.7792125098047826 1.8066307330563687 1.8439219625378966 1.890207286220565 1.9445308669039576 2.0058235616254403 2.0729136431034303 2.1446023964662544 2.219789905498097 2.2975852913705084 2.3773164066226364 2.458400319164338 2.5400803498556948 2.6207334007365635 2.6621357122415734 2.5621028666263976 2.4538897744244097 2.3482162706645915 2.248665006966594 2.1572732210105166 2.075266142599376 2.0034175345041274 1.9406453843307592 1.8856335023383297 1.8415654805007353 1.816439704107986 1.814861436277029 1.835368796338385 1.8692295958576415 1.9087934793933738 1.9448911945018996 1.9737951757321377 1.999357624305878 2.0203203109185015 2.034920072730572 2.0416204118113956 2.039265906350601 2.0274356131905757 2.0073949084991813 1.9838685114242922 1.962984447822486 1.953252231119744
1.7702575245350793 1.7886289471776007 1.81791035593536 1.8572372436729083 1.9056908582787726 1.9622091486240913 2.0255182363772506 2.094128748545263 2.166452693912993 2.241041320204041 2.316806031121572 2.3930000015755333 2.4688231235858478 2.542399958040723 2.606560863524934 2.6227443914123687 2.550993415028175 2.4504985475032792 2.34707278675637 2.2479345746490065 2.156222124624578 2.073586338629776 2.000985094190279 1.9384956590261064 1.8839740978291202 1.8373928940446753 1.8068047420107183 1.800183481288436 1.8156739002812985 1.8481328985405003 1.887386485707724 1.9243578804938104 1.9577089362983615 1.9940885363557808 2.029223276486105 2.0618077280815026 2.0906642773870425 2.1143688115755626 2.1309809008676446 2.138527333048781 2.1368929454511987 2.1254516770528564 2.115812165509999
1.7776942703186127 1.7969519933148481 1.8272575074462734 1.8677532112276316 1.9174803130975484 1.9752562196978523 2.0395387509965235 2.1083549969341577 2.1794368294298523 2.25065578552505 2.320481760375841 2.3878582346475876 2.4512101842475014 2.506494600130204 2.543355108041121 2.5420571706557373 2.4923682258255404 2.4118132854484564 2.320120955118965 2.22796084834098 2.140605564663572 2.0608113976756064 1.9901267771715878 1.92941972167468 1.8769576414627744 1.8322152004241223 1.8015233687181633 1.790312222497508 1.8012548466330407 1.8320808781688447 1.872039095780624 1.9104735602152372 1.9464763213208631 1.9888934529123177 2.036973965128947 2.0866982273018 2.13709652626846 2.1870161035604516 2.233274770053999 2.2687990423465787 2.281730553828757 2.269122335937782 2.24810023109552
1.784376019348195 1.8038258707633223 1.83424378837291 1.874971642845834 1.9250386334261487 1.983184633447021 2.0476214082591118 2.1157887787413 2.184387040453489 2.2501715838911553 2.311159398702055 2.366503406497423 2.414726507854815 2.451830086084472 2.470180272924314 2.4604066909868787 2.419069550313926 2.353405299620032 2.2748877670011542 2.192694030743797 2.1126632010541053 2.0382945989191117 1.9717030656831387 1.91422451541772 1.8651702004046085 1.8235639812486333 1.7965377212674378 1.7861564603770967 1.7932581118112787 1.821115525715939 1.862256887640466 1.9022834180057628 1.9405644178173445 1.9862142502355622 2.0406824689258416 2.103372074906152 2.1724595645983484 2.246211721320911 2.3222296176131323 2.3887416198795752 2.409950723974961 2.383333275291596 2.3426328428058136
1.7898368939954532 1.8090501984697571 1.838589202722864 1.8785169793140748 1.927928591679457 1.9856631080073774 2.049793986679564 2.117232746762372 2.183210236404674 2.24235115367598 2.2923108904390888 2.3339024028724937 2.3670130965415583 2.388871875952951 2.3945741484887693 2.379343264053945 2.341940888962962 2.28622707004612 2.2190401267747677 2.147115744819845 2.075641172254865 2.0082051405567816 1.9472082731005398 1.8942750264121087 1.8495559789062876 1.811919567935677 1.7887169694443907 1.781802508413734 1.7911712820860064 1.817145073773941 1.8576514552400663 1.899036184177278 1.9391569262409651 1.9861198079632036 2.0436563199063085 2.1115840595281403 2.1899749959800148 2.2789308745290575 2.377349058729667 2.478241967464411 2.504251114244243 2.450303490367646 2.3927078868970315
1.7936783186473084 1.8126135750814079 1.8403546190949809 1.8787295478965425 1.9267353414142763 1.9831676183536446 2.046329001768666 2.113335009548754 2.178210640939738 2.2304063391658127 2.266872969594755 2.2938218578319356 2.312973619962212 2.32231957923031 2.3187016714730087 2.2996160949763884 2.264659942539803 2.2160520914375135 2.158127207056368 2.09566883957979 2.032871765918819 1.973001005663462 1.9184673349581287 1.8711585324396172 1.8316741509027905 1.798707929522274 1.7794421413295543 1.7759068176121697 1.7882223440087461 1.8168054024957814 1.8565959163967063 1.900261387766865 1.9420931070144074 1.9882037870375777 2.0456534833806552 2.1142153474764256 2.193591345739586 2.282880784194529 2.379244935681968 2.4685287039843846 2.492771525242093 2.4515781289484955 2.3939822717054318
1.7956866407929497 1.8152818025553348 1.840696088663335 1.8764642990440523 1.9216313097037725 1.9750871881714396 2.035482969767784 2.1009813096996837 2.1680870267722576 2.2145593112106936 2.233187602118808 2.246630112898496 2.2545357315882564 2.2545542474316784 2.244368706971339 2.2225269312756164 2.1891302398699226 2.1460044654489887 2.09580071000581 2.041798426182266 1.9873360045977606 1.935549680629002 1.8885714803394453 1.847975411692237 1.8144595217361976 1.7865537423651274 1.7710761099936487 1.7706921710927859 1.7856220481030738 1.8153746394233596 1.85341337211673 1.8981280068093944 1.944430055254115 1.990706976165961 2.0462101235555483 2.1115179255446264 2.1855115523763367 2.2656504852120603 2.34558694705406 2.407801402630436 2.4265942355942784 2.4026903994680557 2.3523576948451446
1.7965234345317005 1.8168571453874687 1.8401723254602376 1.8720676524974162 1.9128350418737443 1.9612445600991617 2.0158261738912047 2.0745860824963858 2.1334706421315017 2.172383185158715 2.1852523080421955 2.1916521971011846 2.192591925643686 2.1866449865585222 2.172427456843138 2.1492329852533114 2.117401768996201 2.0783900329123104 2.034512470281266 1.9884858753687624 1.9427250011768662 1.8993320790782233 1.8600923568630543 1.8264891762435775 1.799218683515459 1.7766166402908414 1.7646214172081156 1.7670791682600866 1.7842745644763587 1.812940745217868 1.8482000253109538 1.889591312538214 1.9365052758646644 1.9836393410567916 2.0346187447078705 2.093660734232549 2.1589730896824375 2.2264714562752403 2.2897519680468403 2.3355252069281995 2.349138208427121 2.3310353365593675 2.2872317048257926
1.7962776332517916 1.8168409801352001 1.8394410400731493 1.8664125324365684 1.9014191162217844 1.942997309389714 1.9891662059595256 2.0368992131736086 2.080566283880861 2.111215538182089 2.126274326142077 2.131249508796848 2.1290489251811033 2.120002471544048 2.1038208015737516 2.0804657893772958 2.0505156212149 2.0152837401900165 1.9773127881079853 1.9388311326232956 1.9013108297417278 1.8659879626619171 1.8343983289594215 1.8078968703160743 1.78699182946983 1.7700391395783401 1.7612062355934626 1.7661603348590995 1.7842969792061607 1.8098878850590896 1.8414854922040553 1.8785452965907876 1.9201206796595631 1.9652485773944066 2.010983547530152 2.061526137747453 2.11609984740105 2.171310627367345 2.2215195207324885 2.2568477388289834 2.266229795823336 2.249862064016846 2.2104152077525425
1.795065598745503 1.8153963644006688 1.8374937241852511 1.8608800006040538 1.8892107440555965 1.9230277024860427 1.9600037840897817 1.9969621928481704 2.0295831383160956 2.0533917947753335 2.066622009063197 2.0705903168145503 2.0669516295237726 2.056549211470895 2.0397852758715116 2.017111440346066 1.9893591049286723 1.9585881255745903 1.9264822779121564 1.894556832156677 1.864381766796645 1.836786576951754 1.8126903870851072 1.7933091392862206 1.7787504769697784 1.7675678086745472 1.7620951438460868 1.7691025831707323 1.7849520071073752 1.8067822418839339 1.8339988544360517 1.8656328806641946 1.900807821465532 1.9386540826036371 1.9780116448127982 2.019394429136832 2.06327982265971 2.1068261586255135 2.1464576162988327 2.1744788760857774 2.1806511812650995 2.1649422642465286 2.128834020248999
1.7932684648937314 1.8129931302099365 1.834185904933024 1.8561460343109473 1.878501217132526 1.9043515105488538 1.9325262118609454 1.9602229475028592 1.9842991705502961 2.001996934426089 2.0119151584481294 2.014122452341883 2.009342476587603 1.9983086879661258 1.981670353556295 1.9601459016778875 1.935509184718063 1.9093136604599776 1.8826820688418704 1.8568664161860562 1.8331752986832501 1.8127978638761442 1.7960300097520934 1.7837569618959235 1.7753964411315086 1.7700102963498177 1.768665271951224 1.7746767025863037 1.7867849043078958 1.8043109204279122 1.8263163991684632 1.851847683904666 1.880191548462395 1.9104692994918262 1.941564735095939 1.9720775254574527 2.0043746639671527 2.0376365946989043 2.067763595162128 2.0901735394943817 2.0942147339284256 2.07923023246268 2.044846865536439
1.791059727156253 1.8099143440500103 1.8299711602428257 1.8504746157375025 1.870531428643845 1.8895592784046251 1.9097092534164108 1.9294348238512251 1.9463594858094926 1.9585098191597323 1.9646955029337272 1.9646079964190668 1.9585271700945797 1.9470057403144239 1.930723613743715 1.9110251091467012 1.889798208928971 1.8679452734405486 1.8464509601973995 1.8263827029969406 1.8088509179330474 1.7949711923352911 1.7853756259147306 1.780106297840477 1.777773880706141 1.77821568859015 1.7799503174950775 1.7825018378307438 1.7904352655767015 1.8030686107751543 1.819264152708626 1.8383700529190028 1.8596984348620758 1.882426597820131 1.9055520960650798 1.9278732232649092 1.948060278754131 1.9682472480255744 1.9883544755443447 2.0051174618869774 2.0080469894140447 1.9942666885284153 1.9554322786340426
