_RESULTS/POSTPROCESSED/Berg/GZ/3comp/Berg_GZ_z_355_kriged_reverse_3comp_spherical.asc
ncols 100
nrows 90
xllcorner  5.6208707817415728
yllcorner 50.959635321741573
cellsize 0.00013419651685393446
nodata_value 1.7014100000000001E+038
[rows 0 to 18 of 90, columns 43 to 85 of 100]
3.049623878200015 3.2396044694079 3.4397817731644813 3.645835206477303 3.8538182460092787 4.057801853732374 4.080439835180518 3.830105671211237 3.5836478004352608 3.3460218559761232 3.123170484392234 2.918237323279156 2.732484211386426 2.5706370861895524 2.4310220180648776 2.3107747613032443 2.2075114053358003 2.119318886311233 2.044733190353916 1.982716916192296 1.9309120021354886 1.887428693496362 1.8523908851537547 1.8262334789437968 1.8097038183760281 1.7999514849026677 1.789467195294028 1.7789849627338723 1.769664816769246 1.7627607431030912 1.7596014153393684 1.7595358319148755 1.7595358319148755 1.7595358319148755 1.7595358319148755 1.7595358319148755 1.7595358319148755 1.7595358319148755 1.7595358319148755 1.7595358319148755 1.7595358319148755 1.7595358319148755 1.7595358319148755
3.049532417432059 3.230105422059372 3.418944249063501 3.612654175210887 3.7983320172528354 3.94217510346521 3.9409590262406957 3.773860901163817 3.5579961658259016 3.336574991353838 3.121355548304754 2.9228036547734897 2.7499555873639734 2.6000670279450184 2.470212183605019 2.357792369044486 2.2606099375109094 2.1768867972765005 2.105263092896607 2.0447904056105775 1.993971322411162 1.950171955805787 1.913499062401532 1.8845127252444174 1.8640866391895161 1.8491101833644614 1.8322125343595022 1.814377825872234 1.796943819560002 1.781317104306452 1.7689416606295059 1.7612859222716375 1.7595358319148755 1.7595358319148755 1.7595358319148755 1.7595358319148755 1.7595358319148755 1.7595358319148755 1.7595358319148755 1.7595358319148755 1.7595358319148755 1.7595358319148755 1.7595358319148755
3.0232458625195733 3.1867331850985643 3.3503310437980853 3.5070317801033943 3.643929253986088 3.730919221339674 3.7226258980680744 3.6151606008351953 3.450163801747814 3.263617877474375 3.082809276090901 2.916629752904698 2.7654384787226762 2.632254058748365 2.5159661862538 2.4145102650428467 2.326028242452728 2.2489630998122903 2.1821077431170934 2.1246336262247563 2.075618835449362 2.032204254340159 1.9943183095908499 1.9626967164463538 1.9384032276085699 1.9174645085670214 1.8932263702246093 1.867087195501573 1.8406295741746717 1.8154709583671391 1.7932182215536396 1.775446856088432 1.7637045091773724 1.7595358319148755 1.7595358319148755 1.7595358319148755 1.7595358319148755 1.7595358319148755 1.7595358319148755 1.7595358319148755 1.7595358319148755 1.7595358319148755 1.7595358319148755
2.97365023337338 3.1162441021249427 3.24973570256455 3.3657640630153085 3.454561686244605 3.5015106272129186 3.491004045961325 3.4159590025415283 3.2938711499315314 3.1579003164538704 3.0238648422829293 2.8966544588937433 2.7775280359405836 2.666457775154182 2.5673953127570046 2.480151645232426 2.403243598033845 2.335344866953465 2.275378705666565 2.2223300521213303 2.1758387449811862 2.1333857503237823 2.094792059774903 2.0609972977018978 2.0331676163356667 2.0053569579135067 1.9725578294033121 1.93685820332481 1.90017154677922 1.8643942523988817 1.8313475215834183 1.8027499588489937 1.7802212430983202 1.7653121324312002 1.759556036082792 1.7595358319148755 1.7595358319148755 1.7595358319148755 1.7595358319148755 1.7595358319148755 1.7595358319148755 1.7595358319148755 1.7595358319148755
2.9043072283477125 3.02672216096334 3.1298355493391194 3.2070888750256423 3.257228381493575 3.275385743456164 3.256927115866985 3.2025165354703526 3.1257841864752356 3.040117658899848 2.9521079760597644 2.8656228747986163 2.7821705337982965 2.701679937434949 2.624149926637206 2.5539640270692887 2.4895194897119524 2.4303881964512364 2.3764120787302256 2.3275458164984686 2.2838509951016146 2.242935533174939 2.2043999557223803 2.1694119216592944 2.139092958166062 2.105484808903297 2.065799418690709 2.0217232624497257 1.9749296793407776 1.9273503101827922 1.8823458284372048 1.8419980693437286 1.808015428235021 1.7819598713052855 1.765309394105138 1.7595358319148755 1.7595358319148755 1.7595358319148755 1.7595358319148755 1.7595358319148755 1.7595358319148755 1.7595358319148755 1.7595358319148755
2.8072089043800776 2.916796802752981 2.9897402226301493 3.032149638738744 3.0550192558197224 3.055835005399051 3.031774878252122 2.996364664435314 2.960499891196331 2.9188155171479555 2.873757162405922 2.8275095550813836 2.7810101174139885 2.73319081164596 2.6804418584539644 2.6247182137089866 2.5722687120673755 2.523335760283346 2.477716083483238 2.435307603456676 2.396196467516768 2.3580466358124217 2.3203595351427646 2.284576511020276 2.250936020048432 2.210446601720457 2.1630404419902125 2.1108297902314987 2.055853572892241 1.9999622675850217 1.9447556261260195 1.8919959612468906 1.845744668753773 1.8080138233596479 1.780214889521645 1.7636975660198753 1.7595358319148755 1.7595358319148755 1.7595358319148755 1.7595358319148755 1.7595358319148755 1.7595358319148755 1.7595358319148755
2.669841421692485 2.758993931540674 2.8069854575522077 2.8277106728031427 2.8362153927916376 2.831293655669747 2.8168827350888663 2.8071523000746916 2.802002741283641 2.7987936769819957 2.793079627145182 2.7853150755797076 2.771527309095123 2.7505246039060203 2.7225962319114108 2.687480357504927 2.649873155715627 2.614007697658131 2.5794763991491285 2.5459633510597115 2.5133970310855065 2.4792857357827 2.4431921075041934 2.4068830864113093 2.3681827897073147 2.3194835341753017 2.2630174780084187 2.201441003917025 2.1372332346327516 2.0725617947078416 2.00922697789646 1.9486637593932346 1.8919789894735903 1.8420031212774381 1.8027454452418183 1.7754358088450797 1.7612784975521556 1.7595358319148755 1.7595358319148755 1.7595358319148755 1.7595358319148755 1.7595358319148755 1.7595358319148755
2.493417940939065 2.5480216392064556 2.5831477325027463 2.599674773079828 2.6051339199778587 2.6026990060979793 2.607898783936222 2.62366741528645 2.6484798310591797 2.6813120837730766 2.7116399353601843 2.7330264637429833 2.746553569292184 2.7525621446653514 2.750896806178817 2.740881702320668 2.7224424015119033 2.702534228662816 2.6819814578554917 2.6600157657424965 2.6361304457522565 2.6073726606504706 2.573519469392198 2.5365739488993424 2.489998367637309 2.431445736102311 2.364333862553099 2.292011304824658 2.2174742593045504 2.1432243666752253 2.0712392515111864 2.0030144604582127 1.9396401167560182 1.8818869599640287 1.8313568359257233 1.7932116693648505 1.7689290936761735 1.7595994411961864 1.7595358319148755 1.7595358319148755 1.7595358319148755 1.7595358319148755 1.7595358319148755
2.298869885898593 2.3291371450034353 2.3520574691805485 2.3661122587965555 2.3730597958068 2.382155448910213 2.406654261135518 2.4453117391202506 2.496660851144564 2.5579013441548204 2.619217630578754 2.6692152300520946 2.708814817575851 2.7415390359113747 2.7668118962843566 2.7834980359504637 2.7898788000893626 2.78892774206795 2.785500366389252 2.778062097034003 2.7652127962113946 2.7431827645047644 2.712048695362505 2.6718871362382988 2.6151113471040732 2.544654754433773 2.4650304087217276 2.3804550099079558 2.2945043791170407 2.2099951045404373 2.1290188718093033 2.053053773224313 1.983098464649962 1.9197989915853673 1.8635556304278353 1.8154830539856603 1.7813098653294703 1.7627511031519265 1.7595358319148755 1.7595358319148755 1.7595358319148755 1.7595358319148755 1.7595358319148755
2.108922247572706 2.1234883124867596 2.1379649553026754 2.1502459438432426 2.1605999127729025 2.183977446456453 2.224401390036878 2.2807466036396695 2.350841302357797 2.427615361742931 2.5108663600630985 2.5912950906716095 2.660661140715688 2.7192678878931904 2.7713274963544867 2.815570268879675 2.849799126134674 2.8724820068603405 2.8898609956748533 2.9006217973662674 2.901570596407931 2.8877490291631234 2.8594679678144383 2.811192657985289 2.7416306600399425 2.6566988755181953 2.562403007959745 2.464012619825963 2.3656944513027183 2.270491258143964 2.1804834861348117 2.097009282242164 2.020874132809263 1.9525229678348452 1.8921705333479755 1.8398956599516805 1.7969566863792399 1.7696586113641186 1.7595711037117459 1.7595358319148755 1.7595358319148755 1.7595358319148755 1.7595358319148755
1.9339650813086782 1.9375088224384995 1.946438585579901 1.9581066578952717 1.9753421624868015 2.0113475574068262 2.0656335992964787 2.1365784086074218 2.216556640447103 2.304064950957221 2.3998912526874427 2.5007274115498284 2.5962286213566346 2.6835658180556576 2.7607855385010973 2.8323081358039235 2.8957242960403686 2.9471574188456127 2.989761979143999 3.0237358526538944 3.0429200418973648 3.0403948050754286 3.0125377410144893 2.9525629235008855 2.8667361322663 2.7641195561622385 2.6527575161796593 2.539102090817886 2.427798000172639 2.3219055691440764 2.223283301927615 2.1329576614004213 2.0514169702979137 1.9788229790615435 1.915154730189832 1.860303142719507 1.8141321316558736 1.7789962373763786 1.7614097080475997 1.7595358319148755 1.7595358319148755 1.7595358319148755 1.7595358319148755
1.7741322081450759 1.7704159051115835 1.7767174899813352 1.789488911388824 1.8156182006118533 1.862555803422987 1.9286999534876896 2.007483232546564 2.09438802922107 2.189197891638567 2.2931066734285537 2.4067776002807446 2.520135352806443 2.6294290189554363 2.733297195134071 2.831305278969621 2.9246772648927446 3.008838680542927 3.0816543850410945 3.1444461275437754 3.186261113014703 3.196578159598761 3.163476129059987 3.089319519258407 2.9847557761751546 2.861824821567426 2.731102588145679 2.601187397828469 2.47694866808529 2.3610778091611704 2.2549042608600924 2.1589330145329058 2.0732063088680786 1.9975310657763625 1.9316159778520279 1.8751518016750284 1.8278575067943825 1.7895120264586135 1.7652289666539625 1.7595358319148755 1.7595358319148755 1.7595831181566948 1.7600415350400505
1.6283640488861242 1.6209824836828277 1.6277431835170413 1.644262746218968 1.6795634341429821 1.7360748132737975 1.8098415828382959 1.8921379213703298 1.9823545913374454 2.081376785285986 2.190679166103864 2.3122452052115614 2.4393574358442747 2.565457314713076 2.6897746494855173 2.81119098517468 2.9338646578452345 3.0527477499424296 3.1619580659780997 3.2606994116617645 3.331571320784509 3.350865731530999 3.308611417692564 3.2139291098538463 3.0848235532706973 2.9391528189310328 2.7898800855921686 2.644750306075004 2.5087880099973203 2.3846816647575584 2.272858321635023 2.173095206623343 2.084889540949251 2.0076567596040387 1.9408318026881015 1.8839180184473545 1.83650889287815 1.7982964946431776 1.7699922416903744 1.759619588130406 1.7604079844377236 1.7618368476641932 1.7636521851611635
1.4976634565217397 1.4897597946694496 1.4995773485422894 1.5220434371558262 1.5659270344200504 1.6302899422074344 1.7059121321437472 1.789395095004354 1.8811300860437932 1.9821663505425806 2.094199723293221 2.2195743742361773 2.355673434691501 2.493774778549679 2.633712750157599 2.7751303206110305 2.919224479677184 3.0724550230533 3.2234943649487473 3.3671546369734453 3.471573944709283 3.5010814426143955 3.4434729222246254 3.31763965962307 3.1560506278334044 2.9845020667904745 2.8175178640531007 2.661572673360177 2.5187311178162544 2.389578322194677 2.274978264128804 2.173958629829512 2.0854531063096466 2.00851245179497 1.942340635936694 1.8862985906854715 1.8398957790470603 1.8027788358209007 1.77531286829226 1.7623007060494837 1.7642842840115673 1.7672877580555686 1.7705379283121814
1.3829000658559703 1.3800404167002611 1.396225451081334 1.425242803326081 1.4749931951909698 1.541550664196247 1.617216857379419 1.7006391800033605 1.792203381109171 1.8931008928768316 2.0052073330175935 2.1311240717142823 2.27085475984578 2.415397137265219 2.5647870961724464 2.7200078831268826 2.8816783661115415 3.058296865984358 3.252473507511191 3.444868161960531 3.596963374474617 3.645605501276187 3.5587716999383225 3.38382422061645 3.181820128088898 2.985003945545233 2.804898337086358 2.6438036904696345 2.5005956063541537 2.3731550254448086 2.259806444927497 2.160661068037796 2.074405885813337 1.9998381465894202 1.9360270362024452 1.8822694552419195 1.8381000803387195 1.8042613067170719 1.780725569352447 1.768161745463055 1.77102180929852 1.7756888956584573 1.7804688914146483
1.2846449488477036 1.295201133351461 1.320239578265286 1.3553249996687828 1.4082556060259672 1.4732848645506473 1.546104286214573 1.6272040809400918 1.7168949738637478 1.8154691662695417 1.925007984950277 2.048308624414831 2.186793492181989 2.331845413801279 2.4833830844679627 2.643601972805505 2.8151017249175885 3.0030186027855716 3.21755573268845 3.456718375297775 3.687545964732444 3.782415424751831 3.627792121501055 3.3793003342480454 3.138373057221223 2.926625914358811 2.7445019797377825 2.58774499083465 2.4517069126711943 2.3324410259166397 2.2268505166406536 2.1332232706891197 2.051939730705245 1.9819015698572247 1.9221849662283277 1.8722266475192137 1.832953784925202 1.8042022091687426 1.7854662558958363 1.77642603610763 1.780354274169899 1.7867901923898355 1.7932136512211534
1.2214771856382005 1.2451013646754816 1.274863237252765 1.311945345523175 1.3650830285092426 1.4264106212142047 1.4940918587688599 1.5687768973465517 1.6518738229090637 1.7451239278360484 1.849173818328583 1.9666773498040253 2.099712098239924 2.240268419131857 2.3878816508049403 2.54469955958828 2.7117330998940874 2.88843725941583 3.0892319349946575 3.3395860015973597 3.645996218897362 3.89770623632031 3.553862831724039 3.249549385695949 3.00186634683272 2.8002854754255604 2.633828727085245 2.4936989720669165 2.373450352510771 2.2685162798529093 2.1756856580892507 2.0926876340227283 2.0190221053674575 1.9555466944026632 1.901609443375953 1.8582560173070897 1.8254861979093255 1.8027380932770787 1.7896346269655312 1.78595653360011 1.79200401873459 1.8003304960359081 1.8085313571337585
1.2277545087593318 1.235681177658855 1.2597306430959567 1.2932442180603017 1.3416796473452814 1.396862473657931 1.4576507818696627 1.5244551592892932 1.5985948641545078 1.6822119473472648 1.777873300408043 1.8865264863269318 2.009841436140467 2.1400270867707527 2.2754110287776186 2.4149190060344554 2.5588891448217557 2.706037171798598 2.8620774825559137 3.0512696335655893 3.266749101771908 3.3688697568098336 3.1940354398760085 2.9656031300887595 2.7704895306209556 2.61106703291019 2.479192169152294 2.3675165880424993 2.2707862575085302 2.185443616488828 2.109093793263516 2.0401060286451536 1.9773805556230044 1.9221708915758484 1.8766522312769425 1.841477084938306 1.816104729739885 1.8001710395787616 1.793461170176891 1.795890497592566 1.805673508526912 1.816028443377471 1.826162465636778
1.2584189882526686 1.2522626038621087 1.2669590863381794 1.2947905652489395 1.3370416390426103 1.3852665056865725 1.4380995277421178 1.4957318291092725 1.559456701996911 1.631408474504887 1.7144151022181735 1.8112766437473127 1.9203056106502605 2.0322455585936994 2.1448713641156067 2.2573482842909436 2.3670584529233114 2.469849038343947 2.563731206920922 2.6636088704687597 2.7541709209738396 2.776821315590991 2.704176101082436 2.5902012677631774 2.479166379697161 2.3815371876437603 2.2961509514387823 2.22029449684698 2.1518203915725604 2.089266345378052 2.0316653143235675 1.9783760916231932 1.9289692392016426 1.88439919553135 1.848932821744454 1.8226871898756376 1.805405888550254 1.796951498162843 1.7972938088710544 1.8065009307173931 1.8210358330340275 1.833571745464414 1.8458174258183382
