_RESULTS/CROSS_VALIDATION_POSTPROCESSED_CLR/MHZ/IZ/6comp/2/MHZ_IZ_z_250_kriged_reverse_6comp_spherical_2.asc
ncols 100
nrows 81
xllcorner 5.5967107548124995
yllcorner 50.982328804812504
cellsize 0.00017565037499993607
nodata_value 1.7014100000000001E+038
[rows 0 to 19 of 81, columns 0 to 43 of 100]
5.507115791937675 5.552825193255958 5.604757893904239 5.659756774119644 5.716508219076493 5.776275437362737 5.835231733520416 5.891646328823268 5.945646761206604 5.997650734422157 6.047353742255368 6.093595853625938 6.136084447251314 6.175461963682486 6.210936045903596 6.242306142279645 6.269964316339803 6.294839583133762 6.318289208443167 6.34193657431843 6.367510643935035 6.2945971801861775 6.171516378562546 6.053424845103044 5.9394321183561924 5.831502261051817 5.731820007195371 5.642266008065155 5.564477966093934 5.500008140284488 5.445612437504306 5.396665697182436 5.353625905388136 5.316878537370269 5.286515862876175 5.263220866802997 5.247696914008522 5.240543264722275 5.241065936181768 5.242473085106875 5.243440371585955 5.243710121338705 5.244590104705928 5.2477228904514295
5.5135227939515845 5.566835555996859 5.628561258878193 5.695391243097928 5.764730958778883 5.835587640594014 5.9019955161881015 5.962884598973116 6.0208250499753255 6.077772607369608 6.133658004073144 6.186827506130749 6.234578051507314 6.2743073446482445 6.306777611437619 6.333176176414053 6.353704177121535 6.369113862308928 6.380087273657255 6.385266589156203 6.372198613936485 6.303597292461967 6.193357449658281 6.076338894545486 5.959899885843589 5.84849301204416 5.744907972956097 5.6510632002631676 5.568669838837451 5.499613932892887 5.444466275214138 5.395437301355234 5.351165762422296 5.312682708915268 5.2809353124453216 5.2567699691481184 5.240916626339929 5.2339783075372734 5.235101296941346 5.237474223871049 5.239853623624319 5.242836508230632 5.2486353430539 5.256637399099422
5.50266701461495 5.562482699226027 5.633534823617813 5.713048034954783 5.797397328945653 5.881792647010075 5.954056878507523 6.01561207848435 6.075243163985326 6.136648869871999 6.198908851254156 6.2591609382500994 6.313951924857191 6.359602326085936 6.392793651181535 6.412635505897446 6.422929263428116 6.424339305333657 6.416653481124075 6.3968135680995575 6.355859691268732 6.283351617171925 6.184734466152573 6.075050311108008 5.961489107854308 5.850571395740569 5.746150971315236 5.650786235749544 5.566468629550181 5.493783868054454 5.433536882336125 5.382725383115799 5.336900305920198 5.297198464075669 5.264659127547452 5.240202177428212 5.224606383384419 5.2184909025775985 5.2205175082068855 5.223974752275296 5.228071383324437 5.235330725083626 5.246047610889844 5.259412577343242
5.472716360206775 5.536849093635448 5.615167673378884 5.7062754050515645 5.807963961296132 5.913413161205637 5.9869992819019195 6.042572811800985 6.103003760064491 6.169640592751452 6.239612646639953 6.308809339575506 6.372347683529057 6.425076418048953 6.462311142336008 6.480655703102712 6.479485043767365 6.464577356371018 6.4370760069242 6.3954902769135415 6.3362704320008785 6.257053593316421 6.161542350954701 6.057203686804616 5.947769696557835 5.839353118678871 5.73618605122654 5.64104314377163 5.55383251569105 5.476397827878056 5.411158340211125 5.3583785214901924 5.311599862097348 5.271218858049632 5.238398855719258 5.21416433605972 5.199371025552417 5.1946735737379335 5.197792658015582 5.202502341551775 5.209604677109186 5.221307947050769 5.236895507027928 5.255602894935481
5.422434257888334 5.487568178395525 5.568954907950969 5.666037296885037 5.778196194944784 5.908810095531741 5.976785906211699 6.030188128522861 6.096514741140218 6.172334944608058 6.253441684749536 6.334664426083064 6.409801447266133 6.471899370662549 6.514308109147294 6.532403545062879 6.524659630017946 6.493219557058643 6.4464800063439105 6.386331735780281 6.312701297763259 6.226193435039535 6.129939072293186 6.028246585269045 5.922312200792931 5.817014329101237 5.715727898305806 5.618498397335035 5.528005683227739 5.447090869179423 5.378332349454736 5.323590635827989 5.276362154543307 5.235705897979494 5.202996310299598 5.179395318641647 5.165871966562585 5.163151181653021 5.167353879814692 5.1737370453930325 5.184813211830958 5.200884712427602 5.2212199077951915 5.24470919204733
5.351747653217421 5.414031278216261 5.493283145435595 5.588173505177048 5.6947217268625066 5.803890595718595 5.893241965027363 5.970093398495731 6.052284235272174 6.142746706104652 6.238903242271372 6.335801573030307 6.4264139655503625 6.501604689383389 6.551466757794145 6.569188745909191 6.554345032566806 6.510956962021732 6.4458345066417735 6.369152817952318 6.283198954067057 6.189710697823913 6.0914080176151595 5.990817707920983 5.8875960824451825 5.78487675109716 5.682440087344851 5.58324209915357 5.490517249311364 5.407179140474424 5.335914629066971 5.279230207005352 5.2324388751054425 5.1917799492000665 5.1594166677341935 5.136715186005227 5.1248010723466235 5.124247969061638 5.129509191635904 5.138638850367661 5.153891446218409 5.173856576559413 5.194651288600353 5.216131968022981
5.26198886758819 5.3179120343656185 5.390899273059265 5.47886958339561 5.576862588678347 5.677470700654855 5.776093884251695 5.872751735979153 5.973609801702789 6.081500332323137 6.195261481021881 6.310887220921142 6.421376644286578 6.515329465192281 6.576752920516606 6.593338470410721 6.567914893275856 6.511770613997289 6.433168521403889 6.341714341158996 6.245374110943576 6.146013716032781 6.045845097744804 5.945934082946372 5.844781983097434 5.741296323155902 5.637660783794903 5.53723579654832 5.443131975875428 5.358250708177819 5.285334491757336 5.22700777755125 5.180804903197222 5.140714923168091 5.108752675726529 5.087031982694537 5.0768744273238475 5.077854126542997 5.084286180100676 5.097183257165325 5.11519616382385 5.131321011304715 5.147787761444625 5.166497840050498
5.155647945061825 5.202455998025226 5.266718678457345 5.346572640818087 5.438194616466627 5.536092346772505 5.639760985913316 5.74945162150073 5.866202012376394 5.990717360107134 6.121985862362428 6.257126648222746 6.390720623601602 6.511457979336129 6.593190629228069 6.605004783808115 6.561477372601143 6.4901851584589165 6.402003044056833 6.300795484710985 6.196763154638516 6.093541506821368 5.992759862592946 5.893918459522185 5.792224259702771 5.687711661967926 5.583463121490961 5.482509001418963 5.387782911119551 5.302120708315559 5.228279296163144 5.168957796042286 5.123036867221818 5.083657665066804 5.052245699516002 5.0313809349261165 5.02289081290172 5.023982844358103 5.031321550515918 5.044751324020689 5.060389323962721 5.069146579509803 5.081133125270079 5.097116054843837
5.03591276761369 5.071417312696691 5.125381917735661 5.196830340117341 5.283398291692348 5.380805467087933 5.487576277030553 5.606042760224544 5.734901842365416 5.87299037150208 6.018755543985129 6.170058662776736 6.32405635101618 6.476009500902929 6.6026524331708565 6.592577478671452 6.521724810677817 6.438387533113282 6.345589727187255 6.243094431108125 6.135389794900521 6.031211335300808 5.9318418272147895 5.833485073658889 5.7307654346213885 5.626017141627442 5.521907745340278 5.421171852328386 5.326559171024245 5.240815592546682 5.16668526200533 5.106920913571669 5.061067538026645 5.022062646459693 4.991278671877486 4.970988417896196 4.962948781389758 4.962870625242514 4.9666562913215255 4.9723777669093545 4.9799070017343965 4.9866880397560385 4.9959956555602405 5.009750754989309
4.906365764705842 4.928535305469615 4.970680820200062 5.033095482425592 5.114533490401371 5.211800981729875 5.3220486637787925 5.4465378577256915 5.584100821867021 5.731842196436193 5.887052962872101 6.046999935363893 6.208632416175117 6.367270744643228 6.499992026255157 6.494038364414055 6.426840143654291 6.347372026716137 6.259190008300443 6.162546702972267 6.058424312492588 5.957439554779657 5.86226866157046 5.764407981579329 5.662095667599182 5.5581881415878565 5.455143303304264 5.355458920552652 5.261719868433056 5.176576420009429 5.1027421985707635 5.0430040563497505 4.997012166574325 4.957881437002003 4.927237755886719 4.9072992118735295 4.897272158856383 4.892902675523123 4.887359699215658 4.884856190773432 4.885589809181289 4.888931785216832 4.895718250099172 4.907128702693446
4.770973034168216 4.777586685357925 4.80593863960789 4.858003074576698 4.933561683377423 5.0305965066216665 5.145715101668922 5.27530730043159 5.419028457036931 5.572796257507113 5.732291191612252 5.893050511978953 6.048471177256006 6.186709076372484 6.2825320987527355 6.3059732985549575 6.273149015055363 6.213294029735141 6.1387912973218555 6.053915512167273 5.960224724472754 5.866427913030551 5.776990274095072 5.682938204880889 5.585142796439124 5.48545806887312 5.385478865291011 5.287769798269689 5.195711481944316 5.111867197983307 5.038904194575184 4.979618688177121 4.933197024163852 4.89354045502969 4.86309467196202 4.842437533054878 4.828623247022046 4.814355274436359 4.799813530510264 4.7898487478252525 4.784742025169185 4.783925735962621 4.787347881411899 4.795437955777807
4.634352248900856 4.622919722369813 4.634846194558177 4.674317993260042 4.743042789531145 4.84004976923549 4.9606054684701535 5.097856826780744 5.246487385642315 5.403725049740174 5.563282383919036 5.7176490406309695 5.85987927904392 5.979494669420912 6.0618058466975 6.0961184222881455 6.087288098943126 6.048968408995876 5.991943875034158 5.9223048347022615 5.8431230970601185 5.759978033096254 5.676655885057616 5.588598469808388 5.49722621028008 5.404310483981878 5.311291637507681 5.219694444090975 5.131170491927329 5.0493739640483355 4.977895890032077 4.919757745333169 4.873673416318977 4.834209759633304 4.802984927431189 4.778382190203735 4.755031022243134 4.730250818242634 4.707149587030502 4.690568314916814 4.6804576478434425 4.675663085202874 4.675392360877265 4.679514336034027
4.504431243775743 4.472534923510835 4.464406184741065 4.487705066006298 4.548357251496473 4.646618530916743 4.774511878158636 4.920900002370886 5.076141245092559 5.232643840717451 5.386248319272594 5.531513877643255 5.661651013500485 5.7687466520216475 5.844546795048445 5.884269348003922 5.889989118035911 5.8687955819527495 5.8283868969966415 5.77467940707375 5.711345740748376 5.640576997485701 5.564899373969393 5.4848603063355705 5.401666364296033 5.317000119319234 5.23224915796597 5.148801866859848 5.068139885470583 4.991854433758883 4.923620130408927 4.868849418009262 4.823194651824305 4.7827967331919785 4.74654686416832 4.714210378075331 4.678303827960344 4.6428455096481 4.611845698365773 4.5898815612119845 4.576035887497949 4.5679526849682555 4.563944623918397 4.563410142179096
4.389954966206728 4.334852221045439 4.3013204103425675 4.302080499177714 4.352746759875146 4.456329133002974 4.596348126842181 4.753955676423241 4.914010463797169 5.068415182253773 5.213743677976052 5.348216261538684 5.4670717616723525 5.564828377397001 5.636044971012084 5.678279021621407 5.692751267529537 5.6837659013430875 5.657025196845044 5.61804468737007 5.570522929079742 5.511978764965317 5.445891285705664 5.375625985169563 5.302209969886736 5.227167501564861 5.151952863774666 5.077847471230288 5.006270632955482 4.939975105320376 4.880721190988257 4.830116841388405 4.784139833866525 4.738882949317507 4.695939734039769 4.6508501020253155 4.601022091304266 4.554277121781177 4.516435865099249 4.4911977620081505 4.4756704391696545 4.465433987054576 4.457772254608261 4.451788578696961
4.300116080974238 4.221288289116461 4.15694077285701 4.12309897217064 4.159461112252923 4.279385426002577 4.438777842958826 4.605319867938941 4.766542283777042 4.917774815801068 5.05610638739207 5.179234245978239 5.28637517831583 5.374602809887721 5.441152066370942 5.483760456602411 5.503089127640991 5.50208651244164 5.485301943202958 5.4586649824302 5.424893006296784 5.379129736972102 5.324223002295367 5.2651024035930085 5.202781696976024 5.138578170883602 5.074079967764645 5.01057483139439 4.950848723002651 4.896511100411139 4.848524955924848 4.804705291364792 4.755671371776742 4.704975997601001 4.653610289009231 4.592841929255071 4.526491098192113 4.46661691676027 4.4238112581549185 4.399199232332154 4.385053624308748 4.373937521749623 4.362483930607282 4.3499666611124725
4.245140076903123 4.148085192959073 4.055923991488796 3.971991503575594 3.9773932523181132 4.142125791467045 4.31705982319438 4.483578752061003 4.639090007110168 4.782088304231748 4.911152316923408 5.024742558855993 5.121234705792505 5.199833579030489 5.2604648961889815 5.302568739916143 5.325714463625864 5.330629265679135 5.320125952659966 5.300767699330456 5.279844682524887 5.2476482950573216 5.204631263671968 5.156734156239484 5.105477166305003 5.052342340295997 4.999045566375078 4.94850125979325 4.902663465239584 4.8620059200735755 4.825288832997532 4.786654345632399 4.739449903420651 4.6848465255434215 4.624133794738748 4.5474747346623845 4.460627731512281 4.382029420691832 4.338279530579604 4.321771691384573 4.312307225033626 4.300627508561734 4.284389879098171 4.263744078623878
4.232567104769998 4.129764143372318 4.032834510848518 3.9472869213219512 3.948886031898117 4.089913053224876 4.246597988933192 4.3970534338236416 4.537537651274957 4.666378549674135 4.782318383240462 4.8842049694610035 4.970989680615605 5.041874482770795 5.096537604231511 5.135548911896813 5.160540051941831 5.171627018697134 5.168439287277007 5.151252427535425 5.143965673508695 5.121398173776613 5.087549247545804 5.049674196441284 5.009327919710525 4.967867189930904 4.927618214527403 4.891526259123803 4.859155479271175 4.830430011469086 4.804249874291848 4.7720814584692635 4.730997990408618 4.679764551510619 4.614142863793673 4.526556852330172 4.419341025856849 4.304998172342673 4.273258698445684 4.274311789740663 4.268240199501351 4.25328651385739 4.229813491691845 4.199725840074075
4.262999870579646 4.165634017107303 4.081354619098606 4.026635993707084 4.036024100467834 4.115549721666755 4.22834576193735 4.3483351250314595 4.46505856615018 4.574078620963401 4.673084191629929 4.760640354802988 4.835808638204996 4.8980929148325485 4.947511833938871 4.984685346476402 5.010864853623968 5.027007845985995 5.031553284496548 5.02719775157445 5.019844568114468 5.001605678726448 4.9752544203554985 4.946958636939692 4.917403783571454 4.887606893576422 4.860542144388168 4.837169091792313 4.817760249868874 4.802258881378794 4.785812919785794 4.76206340677954 4.729734298283347 4.687502819560015 4.624862212002877 4.5394004854330205 4.434358182948413 4.32465257062232 4.2850423666204716 4.277267114540576 4.2624407777922695 4.23800415807267 4.203643717765197 4.167426756869128
4.329336240450049 4.238745416473521 4.166982329411566 4.126493875891282 4.128786090332577 4.1727682217952635 4.245529733590995 4.33140308725627 4.420015759149601 4.505559231604662 4.584782656130402 4.655802637845513 4.717563969055379 4.76964873970827 4.812250017525965 4.846184190329044 4.871538368034173 4.887783320480312 4.896063512695253 4.897843510354183 4.894702582708595 4.882961627759384 4.865698768625748 4.846106956235271 4.826487173112348 4.808823534311558 4.79513858554254 4.7855094637955995 4.780243957451992 4.777836600522237 4.770863067852572 4.757405414158126 4.736365897830751 4.706535050232669 4.655672854290042 4.582608218988015 4.497840670563373 4.417985595252128 4.364227366077245 4.329493591990238 4.295209524129032 4.254929058216926 4.210256740873083 4.168093943335138
4.418924850765338 4.335902737410163 4.271269630709075 4.234124976416406 4.224913861018013 4.243447983702409 4.284176341184713 4.3384233096403655 4.398581940008279 4.459332525601466 4.517269953151605 4.570307150460896 4.617276750259171 4.657747340115614 4.6914824642332755 4.718143906220257 4.736901164489639 4.748682256360929 4.756302874087511 4.761197243219358 4.762317583269336 4.758555338351762 4.753092876242889 4.745791338937154 4.737279166082348 4.732903410957607 4.733278152457581 4.738384161036711 4.7478935059388725 4.755892836349228 4.759521799747869 4.757802628626328 4.749895674239497 4.7348235441318245 4.700378258881739 4.6444726264951575 4.579068933254916 4.515248973484175 4.460140617725711 4.410272959194471 4.357939735118175 4.301904138676307 4.249857078413035 4.20168369125222
