_RESULTS/CROSS_VALIDATION_POSTPROCESSED_CLR/MHZ/IZ/6comp/2/MHZ_IZ_z_180_kriged_reverse_6comp_spherical_2.asc
ncols 100
nrows 81
xllcorner 5.5967107548124995
yllcorner 50.982328804812504
cellsize 0.00017565037499993607
nodata_value 1.7014100000000001E+038
[rows 40 to 59 of 81, columns 0 to 43 of 100]
4.620885124531082 4.603686948194531 4.61629986050093 4.640089094787621 4.670309790371212 4.715932151962127 4.782815043355525 4.872637569476048 4.988601840000645 5.134216261002535 5.30964101529567 5.508023124316782 5.720478589535341 5.937413830300489 6.146809727663614 6.340570013185655 6.506396025595153 6.625716395289187 6.692923519864051 6.7137759913076875 6.68945337561196 6.625932382733403 6.531639356788434 6.414904451055607 6.282965944748812 6.141895618870023 5.999724959720704 5.86828916811149 5.7546012752180475 5.664900568242912 5.602392339252911 5.569088359731198 5.565427973720634 5.589951894095087 5.627081579988997 5.667464617867946 5.703430711096732 5.730862559413949 5.751611637426264 5.766288516467483 5.774681902524261 5.774840698696019 5.752846150688211 5.710225178685252
4.806876664084516 4.775409066073148 4.763000440843978 4.762779115482276 4.7768385199228245 4.813085204309195 4.870559401655437 4.9501508239292615 5.056009570990819 5.196212045374892 5.374375387579139 5.58017050560034 5.7996430505734 6.021398792528683 6.234314832594303 6.4275683188792385 6.591658424886262 6.707075511031492 6.7709627901574425 6.789380829225353 6.763819185504845 6.69881693186924 6.601158540908749 6.478290517312244 6.337307827166771 6.185802309682113 6.0335377354421915 5.89199590605495 5.769909651133365 5.67096409780167 5.5984065402221255 5.55384781127263 5.537437790108499 5.54936135183801 5.584874303433605 5.628017780042985 5.666912430557746 5.698192925671538 5.722184145290109 5.739015538500712 5.7484741754167406 5.744285202314338 5.715940367774619 5.6669036080670745
4.998504895415506 4.961902055965873 4.933986739498286 4.912340147310164 4.912825483568225 4.936641892323806 4.98139572504796 5.046351542566576 5.134035780783104 5.2606440088989785 5.445785477162339 5.6607266774160525 5.884536671449674 6.107711215649653 6.321781361921435 6.515378813082649 6.6763455247090295 6.7899571835876715 6.850932768808348 6.865039383169539 6.834549928325685 6.763466031164068 6.657992000179526 6.52533318934654 6.373701709527093 6.213994844573915 6.055452545739602 5.906875862411515 5.776671595868129 5.669096521187395 5.587875822120226 5.535002120215405 5.511097212665501 5.515559506282926 5.54807961940954 5.593737187583194 5.63471742957828 5.668900933299536 5.695584500393303 5.714361513969488 5.724767720823664 5.716082525818391 5.683699685739673 5.629442788862106
5.1942016448274995 5.1564165972275084 5.118685104818576 5.083844835368934 5.071479044878183 5.082428069847628 5.114606796701646 5.1663422812083155 5.235902514969809 5.326398051403373 5.53772509418472 5.757885805466613 5.981559034059053 6.202427973389127 6.413231528409561 6.604428787358392 6.760631634304211 6.87198761262909 6.932393661433364 6.940957930099899 6.902647530346443 6.821871720982991 6.705371456369816 6.561341418908587 6.400985456297068 6.234872519815251 6.069777667161262 5.913702388791208 5.775359831867528 5.659677797399968 5.5707752037174965 5.511422961860192 5.482943976662839 5.484982050740623 5.51629469641505 5.563961723666316 5.607430867690928 5.644269986480537 5.673213954087897 5.693525457154271 5.704464195045583 5.693773040375502 5.658266994457425 5.599631016243116
5.392131249035868 5.355615627769122 5.311365164831776 5.2704680414930785 5.245956947118601 5.244696072678335 5.266516414604411 5.311511641032068 5.382349120937074 5.494938346741531 5.668240654154208 5.873133210238999 6.088240912329252 6.303401817335821 6.508771783137277 6.694823041061208 6.8475961863383485 6.9576110994266145 7.019222598332334 7.022414920192174 6.973175995969262 6.878628490652989 6.74764838303019 6.591904783091634 6.423107648096027 6.249404805193494 6.076698132223936 5.912938988535577 5.766650639478331 5.6431897342588355 5.547297408266139 5.483026405936233 5.452693935814927 5.455867046113823 5.48832305747797 5.537517863684764 5.584567746386673 5.623798551842718 5.654481768934565 5.676720970300777 5.6896744655937095 5.677793358286755 5.6400532645831944 5.578095724480925
5.592382683965438 5.556770397888159 5.508560017021423 5.463172048411939 5.428700554526815 5.415208799277122 5.427720377239036 5.468334014912641 5.541160520646364 5.65361163050363 5.80843328275121 5.994487509738321 6.196925677423704 6.402759841319336 6.60235626787753 6.784815987467464 6.934886961143149 7.046595091068545 7.110396165307447 7.108743973814237 7.044924434660175 6.9329820981319585 6.78611678304208 6.6178417746207066 6.439104581251224 6.256726097635457 6.07611014425164 5.905188457966957 5.751570439145401 5.620590556374917 5.517816031891761 5.449588103682233 5.4202971163767275 5.42864255238671 5.462992217985476 5.514124218636579 5.566382144044087 5.608496391505589 5.641676905167096 5.667638082145255 5.682020938730053 5.669592949875312 5.630564327338014 5.566571656551728
5.793768840826857 5.759656695164934 5.705340718390897 5.65195514446794 5.608592891691906 5.582368882479513 5.584551908827907 5.6187751543885 5.68774723537654 5.7937928708964215 5.935789952250059 6.106989291015207 6.2958711421136595 6.492190792587628 6.6868664567683105 6.868130810950748 7.021195442048282 7.138971813187993 7.205070328950043 7.197706797954503 7.11760598720465 6.984305279077757 6.818247578774386 6.635878328998091 6.446175952900467 6.255266430081365 6.067748045084305 5.891359315506592 5.732000072186794 5.5941879400390775 5.48372655679103 5.410942719712952 5.386321415664521 5.402601617684227 5.44163247809132 5.495786880345755 5.553751744694248 5.601683473859582 5.63913615024577 5.667579563559029 5.682815368701573 5.6702499257502055 5.6307637667806825 5.5667629951047966
5.993254470269215 5.963203119543897 5.899701420421434 5.830709958589686 5.7725624601235 5.734980452040108 5.725377891990903 5.750987502582858 5.8129688850900525 5.911595110604231 6.044005883006236 6.2030061007241075 6.379973377334912 6.567352703006634 6.757468944694197 6.939367489513709 7.103033790216891 7.2369421707800745 7.312956698867851 7.295119201065425 7.1878674006904015 7.024773287338762 6.837445368830209 6.640193169796406 6.440418040303748 6.242837337630327 6.051190206847035 5.872649477903197 5.711022898749716 5.56913940636945 5.450396548795562 5.367460309977271 5.352650441361723 5.381683346180107 5.428307627857589 5.487557518735923 5.552484508188503 5.606371464846413 5.647739306391862 5.6773115874729285 5.692709705034429 5.6800573043072164 5.640715170256947 5.578617127683602
6.185393601618586 6.165006780028348 6.082635921297406 5.989187160034083 5.912735564703547 5.8631969632315535 5.844373429757238 5.861005401084837 5.916311132527908 6.007690660754555 6.130587464571947 6.277564081478652 6.442788972488916 6.620405968990179 6.8046527340650735 6.988639868386339 7.168631467853241 7.332697913183285 7.440119320084263 7.40347998983115 7.24777456606274 7.0471641636344255 6.83516684462828 6.623941469642175 6.417348151587659 6.2168940616489055 6.0257410495353305 5.850039020702733 5.692025787711157 5.553469017259365 5.435248518074916 5.33840631422578 5.338683983442917 5.379973127253179 5.4328944314057015 5.496274551002792 5.565411661589132 5.62302195100297 5.666869895989765 5.697152756525632 5.711700696516693 5.698558214695421 5.659612602248109 5.599485884944513
6.350088360491853 6.360759705601143 6.2296567163036505 6.107265088484664 6.015568446508059 5.958873758350826 5.938291455172712 5.952568442643763 6.001284359664665 6.084968822581958 6.197096007926418 6.331829571551751 6.48433539100992 6.649782483736088 6.823975886749246 7.006527007248003 7.193077937663615 7.381640461184214 7.565562800571276 7.478839138982476 7.261721550440367 7.036141699312628 6.809499464382082 6.588987972585642 6.378025531840424 6.178599611777671 5.993359168459422 5.826212862832714 5.67903030862019 5.554366011980029 5.454974816271494 5.388480267319217 5.376975757148403 5.407790691917589 5.458993658429133 5.522983448690098 5.593418015918391 5.651963029672828 5.695751990695592 5.725237720215141 5.738333223749517 5.72341214794741 5.683402210047906 5.622661449063823
6.407714851631921 6.41262852542725 6.286720878523271 6.16385090230778 6.07275861046636 6.018135693061096 6.000323926309904 6.017432500635876 6.066285281961036 6.1430294850362515 6.244291674910326 6.36604678946909 6.503784968209312 6.653056002903399 6.813929843321699 6.983910527188114 7.154672261861039 7.317780667795024 7.43536938769495 7.376862525431937 7.190230486553941 6.975342716493474 6.753982101675669 6.535980334690978 6.327531409293552 6.132839898547663 5.958469565649559 5.805464962687926 5.674993925133929 5.568452275937914 5.487249835217388 5.438707917179453 5.429217971028791 5.4541617215927 5.502514345533871 5.56596045117681 5.635892488921508 5.692843943500272 5.733184933625341 5.757748148471524 5.767173971062395 5.749859822446855 5.708904804728073 5.647611025279935
6.366981367767828 6.3439974113908075 6.258564600083323 6.162169398371011 6.084779344994818 6.03895966631669 6.028670832152755 6.051967621166487 6.104520550775496 6.180051261276455 6.272947747152609 6.3808707881951126 6.501759454562283 6.634628738525802 6.778050151995064 6.925758960973115 7.0652522669137925 7.18047865324829 7.238723245167831 7.194090465381191 7.056030680863612 6.8722388301186355 6.669930253473426 6.465256691689122 6.2671330203745805 6.083635715028815 5.922566759957233 5.78636669813674 5.672399911199635 5.581647317678796 5.517206621050677 5.482860411285937 5.4805818430858695 5.507574449343851 5.557182404082717 5.622044035281527 5.690848161279512 5.74259344551411 5.775591455788738 5.79229154143143 5.795531604980583 5.776035059648705 5.73427549713561 5.673609031184855
6.301313770627067 6.269040535241406 6.199661634377094 6.123308192513724 6.059529399361161 6.024361446221304 6.025523389899156 6.058394179432456 6.116061085843292 6.191062185605264 6.2791344719511315 6.377202383603513 6.485331371861177 6.602352593069009 6.725131905964866 6.847027111219417 6.954296604268932 7.031807036386731 7.0604792524956075 7.016674831093077 6.90437489704251 6.748042936232102 6.5677455169347185 6.380469944021854 6.198540754599741 6.032180886425816 5.8854792151239845 5.761884754642972 5.663336012570286 5.589232572726089 5.540784277752543 5.520060601319886 5.527763621571796 5.561944167524563 5.617778435845301 5.68733526714254 5.754214330151787 5.798474684310204 5.820974253923623 5.827014615304695 5.821084761905662 5.799705885369691 5.7578028710525535 5.698971049846623
6.226819736178475 6.192770690717996 6.132219589419271 6.066388011753228 6.008871214557665 5.979894566182684 5.997605064160104 6.042582987854308 6.105140375759742 6.179103039180631 6.262230934686746 6.355048806168068 6.45538647052367 6.559915292845393 6.6642694939550555 6.762562259728781 6.843410545871633 6.894679721509123 6.905129409372957 6.858357939022276 6.7587716809233775 6.620891088457963 6.4584137373334 6.286355604685564 6.120218773212567 5.969725251470944 5.839491842660029 5.731643834223948 5.647809734800729 5.59015408861751 5.557173616895131 5.54986633304193 5.568832411114357 5.613085978015999 5.678505170782503 5.756896488318749 5.824245633617745 5.858155544536502 5.865725030686649 5.858574907781859 5.842321437675676 5.817842881926185 5.776464276421835 5.7191877869895595
6.148055589299103 6.117073249722914 6.064730903493373 6.0065206781486085 5.953810791261006 5.922480866027981 5.960741873143429 6.013307741259307 6.077399383426808 6.150715783624094 6.232569864225544 6.321025231413326 6.413368177517595 6.506088350698025 6.594801256146205 6.674135241119914 6.736137420730472 6.770334297721385 6.768033542229644 6.716655555907728 6.6218299132744445 6.493522362911813 6.34159921517788 6.181243882936721 6.029064275467145 5.895291827822726 5.783803412031413 5.694442241608897 5.627504297159256 5.58489879079493 5.566938632431479 5.572285380889839 5.602123212972844 5.655906393948001 5.730936753804353 5.823311043019203 5.899983478626668 5.915015131281142 5.902377178480943 5.881628044069613 5.855362900984638 5.824618546780358 5.784265820457618 5.729679710634248
6.06682407079318 6.041505479451281 5.999936653975843 5.9513435803419465 5.914231035591653 5.902907216472742 5.928574857592938 5.978749193802962 6.0433107373922965 6.116493420574831 6.196184156449264 6.279952109210178 6.364758731035872 6.446936692448337 6.522252021961809 6.586035771500109 6.633157324072533 6.655408261151865 6.642263998516924 6.585721263541993 6.49186423448429 6.368333961560003 6.223441922156761 6.071375412470028 5.928830905843197 5.8124439172051865 5.7224198554110535 5.652573638771188 5.602215610874648 5.573345415455029 5.568619553407566 5.585837540484932 5.624898756374805 5.684357786294536 5.764262573000728 5.860779378015005 5.94834748359473 5.941430980925733 5.916527856904662 5.887385104591573 5.8541158746028135 5.817114542880007 5.777872908360856 5.727756467667176
5.982105687487943 5.964171197254881 5.934578204139101 5.897987541132837 5.873984130529837 5.872754057974655 5.897930776494657 5.945646504750924 6.00844595879024 6.079779779487884 6.15662815118473 6.235930903046723 6.314228126363311 6.387639080519208 6.452047050633932 6.503416896472039 6.538175592953106 6.5510946349221015 6.528091475321641 6.466408141708435 6.371749456945783 6.2519990959537415 6.113949815211458 5.966609706316138 5.823519187650562 5.728733523875453 5.663203583564715 5.611379176488492 5.575382744298126 5.558244033344122 5.563085933774534 5.589783634895719 5.634089306517785 5.695250672919332 5.772569510295944 5.852013561413772 5.90722290137992 5.918690482151759 5.901929515277708 5.873163517221041 5.837493203451461 5.796857219795403 5.7553339941822586 5.7112474589719575
5.900228703014267 5.8905622442389305 5.87316658012239 5.85065353979345 5.8350528566093 5.83978309139264 5.866167591969998 5.912420213595132 5.9731902503290755 6.042313232057576 6.11646017131873 6.192138325274673 6.265467783921042 6.332233328199775 6.388235964609685 6.429852422261081 6.4545461468073055 6.456854682972775 6.425154127456082 6.358781037834503 6.264577863684034 6.150471301909501 6.0210527779706595 5.884686618242242 5.753648001282555 5.670807079537225 5.617000647977833 5.576316258968803 5.55048496955066 5.54219932146444 5.553958139539987 5.586469656007158 5.633379667671248 5.693831326224869 5.7641687950009874 5.825517004216896 5.865878893623715 5.878795422273933 5.868462821219723 5.842840290287011 5.807327758480952 5.764890002258436 5.720358956088279 5.6786162181660575
5.824483981898046 5.822418109763895 5.8159433128183275 5.806633465209525 5.79857930295412 5.806365218971144 5.8335022710225894 5.878705934940037 5.9378661611784365 6.005179173497174 6.07737837668136 6.150795891989601 6.221174508097009 6.283756202539581 6.3338515724956475 6.367873342548994 6.383500653996336 6.3724117078971805 6.33280951960394 6.264515574958415 6.172298102813783 6.064346441206088 5.946003867445848 5.827165158791187 5.720440860624785 5.640363512223158 5.585753162225682 5.5493898665399035 5.529613075416997 5.527412793182604 5.544319359302328 5.579416385813989 5.627791258938699 5.687189614272771 5.746864852783712 5.794464555517251 5.824753358955 5.8347726140975995 5.8259317266326605 5.802045592988835 5.766880904709093 5.723301059804884 5.676291856867334 5.631905410528632
5.757354770441443 5.760010514471421 5.76145251352946 5.762806979236926 5.765323113424533 5.774531626215004 5.801388717008619 5.845293349952482 5.90306798032953 5.969100476495471 6.0403137980269905 6.113120256198295 6.182992404827151 6.24433935475933 6.291187787223364 6.319241834843441 6.323257391287079 6.300112620488448 6.252751510798813 6.183124927624197 6.0930374193669365 5.991086635910119 5.883773750905993 5.77999509881005 5.688018436659186 5.614965267982006 5.562567758333039 5.529058484875152 5.513296927556728 5.5154634008161 5.53587924212585 5.572457578734528 5.622071991912152 5.677514993041189 5.725613169630186 5.762215167141988 5.784156219917363 5.789723866073119 5.779389650177051 5.755181367276864 5.719422032094538 5.674494892421533 5.62497665194717 5.57772818032388
