_RESULTS/CROSS_VALIDATION_POSTPROCESSED_CLR/MHZ/IZ/6comp/2/MHZ_IZ_z_63_kriged_reverse_6comp_spherical_2.asc
ncols 100
nrows 81
xllcorner 5.5967107548124995
yllcorner 50.982328804812504
cellsize 0.00017565037499993607
nodata_value 1.7014100000000001E+038
[rows 19 to 37 of 81, columns 42 to 83 of 100]
-2.2636713400153146 -2.106013817713046 -1.9267901941307655 -1.74813781383645 -1.5816892345612126 -1.435393309672256 -1.3163520615793514 -1.2292096862397226 -1.1367432769394357 -0.9132439598263968 -0.7182802208330936 -0.5829275263053715 -0.5112923502070498 -0.5005230019302619 -0.5356651832720893 -0.6040513355912778 -0.7006671131779851 -0.8198722649872623 -0.9372823047897185 -1.008433649645784 -1.0191484400932245 -1.0033945214245743 -0.982640544007189 -0.9622360721732337 -0.943751301211091 -0.9429080631662765 -0.9537301502253519 -0.9703782423304366 -0.9946695479637804 -1.0404309175828754 -1.1130863401707438 -1.2158362687390083 -1.3464971435207598 -1.5028177249158503 -1.6823919904845712 -1.8622481082941826 -2.015090455442217 -2.127457152922831 -2.189512823783488 -2.189364540312313 -2.0996879362167142 -1.8769796567118724
-2.1931274193827597 -2.042495081246103 -1.8689250700074729 -1.6950739597788065 -1.5344835762929965 -1.3951775507080575 -1.2834745479057663 -1.2004964314910567 -1.1039718347384726 -0.9110633215371478 -0.7327808568782778 -0.606470138794549 -0.5404174802988893 -0.5291496454574987 -0.562155930750796 -0.6261453854920708 -0.7087903655898408 -0.7971203280381185 -0.8807917865100432 -0.9414320845779076 -0.969873571738328 -0.9748996285169127 -0.9680075929430809 -0.9552671276551987 -0.9392254605792656 -0.9359911919687129 -0.9454581164297355 -0.962811927474233 -0.9983133150899837 -1.055968580233889 -1.1354019757894935 -1.2423570589571733 -1.3755926483672083 -1.5325977500108134 -1.7105362128245027 -1.8849744760309304 -2.0275435370478507 -2.1224547531817213 -2.1590525033914156 -2.1246984222225818 -2.0005698405119947 -1.7684050586410218
-2.0726155234439743 -1.9248405002146594 -1.7529943190835315 -1.5784259268382927 -1.4166129687603486 -1.2739484183318859 -1.1526533533617023 -1.0455668375395981 -0.928191516846113 -0.7841438622261516 -0.6438993780375494 -0.5397448618743024 -0.486531784707651 -0.4788348520457502 -0.51199542190468 -0.5754400681528857 -0.6537377785499816 -0.7333573480074582 -0.8028550168922197 -0.8592068296249018 -0.8967958953090163 -0.9166857745855626 -0.9235544633882313 -0.9212509677114129 -0.9116153199238275 -0.9079427817401202 -0.9181425725395069 -0.942963274668549 -0.9906576922864445 -1.0588195971505479 -1.1458198450538903 -1.2559153609019713 -1.3907389372624548 -1.5474867018266312 -1.7228292447734699 -1.8934775792677367 -2.0272428198143952 -2.107731230140596 -2.1256892294943364 -2.0705537436767854 -1.9303529559728534 -1.6966564949455716
-1.906724201389726 -1.7564824051734116 -1.582557233108527 -1.4027794047954538 -1.2351485152818358 -1.0847029240504493 -0.9519328967118754 -0.8310485678045723 -0.710901297256237 -0.5888142182368268 -0.47812608965937464 -0.39760994387431725 -0.3590191097952204 -0.3579008527962969 -0.39471195857618885 -0.4625146303930895 -0.5440047113805966 -0.6290526842047024 -0.7051644470070034 -0.762913781477357 -0.8077543513714303 -0.8390461459957717 -0.8578955020117189 -0.865993112402802 -0.8635673733885099 -0.8596736204816726 -0.8734672288112699 -0.9103856978640781 -0.9685734107044734 -1.0457732564714377 -1.1402210637603276 -1.2527056726294632 -1.3882133865561352 -1.5441072347519742 -1.716959641046891 -1.8874817124212944 -2.0174262473608757 -2.090552922925341 -2.099010951778454 -2.0347627565599677 -1.890129881583358 -1.6634457061719115
-1.7131489930262667 -1.5411276759756003 -1.3606934744654924 -1.174132333138068 -0.9991636859802779 -0.841177713014617 -0.6998745913826272 -0.5722711097119105 -0.4546685688999119 -0.3474515860803359 -0.2578436657769122 -0.19722993624549495 -0.17020323323065495 -0.17637067366780906 -0.22008466447981628 -0.2972356856159086 -0.39060827812998655 -0.4898497788266899 -0.5813726655822786 -0.6534706895764545 -0.7056034997384528 -0.7464339095183345 -0.7745032141016104 -0.7894424487734926 -0.7921622244174114 -0.7944415459361152 -0.8199333781355957 -0.8674334808944457 -0.9346885212440854 -1.0194997488962023 -1.1199855530960083 -1.2347644608082329 -1.3700468862155062 -1.5243966980363788 -1.69457619261036 -1.8669683375541164 -1.9964674003025347 -2.069519089008547 -2.0793582739510788 -2.0180044503037506 -1.878062093069934 -1.665498608391333
-1.5070303201382649 -1.2987709863963524 -1.0939587157385484 -0.8974720054313887 -0.7144893235846654 -0.5496242464938516 -0.4038854377469335 -0.2762445155567432 -0.16528395535394136 -0.07153760326918354 0.0010590874834214836 0.04656040814825857 0.06704418985354599 0.05541777084713895 0.002938770822786929 -0.08918855096463699 -0.20336535212440365 -0.3234237374682172 -0.43491407064429444 -0.5269914417757663 -0.5923278084328814 -0.6390011827446118 -0.6721686381197147 -0.6920743422515563 -0.7056691218882929 -0.7265746297098785 -0.7617695321097915 -0.8178997169773174 -0.8925382579385039 -0.983348846935491 -1.0882542086165765 -1.2047329365955914 -1.3388531169099915 -1.490954004104336 -1.6582896016044568 -1.8317528847908908 -1.9645032083708331 -2.0433762563283855 -2.0624336337069584 -2.0138851423721347 -1.8890380763022132 -1.6948144640274334
-1.2806858368929643 -1.0355167945538122 -0.8008702522444757 -0.5806487736954129 -0.3841940864872897 -0.21618821831688706 -0.07136237442857318 0.05052283311531791 0.1504609201974238 0.22892105185362638 0.28473208012407164 0.32054340236987316 0.33853127699063873 0.32680883655481835 0.26592604271295167 0.15021833334618873 0.006763015101242387 -0.1391218241685675 -0.27278280561908835 -0.38450167580074257 -0.46543865659713424 -0.5164105863811091 -0.5539177855752783 -0.5869807029254781 -0.6199138578666175 -0.6588675198680989 -0.7027978875747124 -0.7653170413133861 -0.8455531614712912 -0.9407629596148948 -1.0484558965722868 -1.1654727042970434 -1.2972791319412589 -1.4461039452587563 -1.6099950558332925 -1.7800849571552673 -1.919150606383118 -2.0085706422544094 -2.0436699788769936 -2.0156868496644753 -1.9111633712308171 -1.738037368932208
-1.0242396734249588 -0.7504390966421954 -0.4904180719344742 -0.24743850949441176 -0.028949819416989153 0.1514236392775548 0.29143689021965874 0.40170287583198167 0.48510380927862246 0.5437312685339981 0.5811234039797499 0.6077865644032714 0.6244410102023237 0.6229580412246039 0.560486779364973 0.4041731165538282 0.22384364651811167 0.05142323816562977 -0.10240284761621948 -0.22848605766241675 -0.3226087147980673 -0.38686522004603013 -0.43800669055437463 -0.48638774447757327 -0.5353291540288599 -0.5876610992067708 -0.642611286434263 -0.7090274501520561 -0.7931620111768649 -0.8916020044936643 -1.0012423199081193 -1.1182401663425525 -1.2472111319773929 -1.391819548188531 -1.5496265372541622 -1.7099831095584952 -1.8558554138672239 -1.958322079137423 -2.0120348837556303 -2.009852494436881 -1.9374822690504512 -1.7874522714061176
-0.7447561926278459 -0.4512195108905622 -0.1698360098120863 0.09267134855378845 0.3271593550392748 0.5233592569752923 0.6684389260744801 0.7677461117538449 0.8306367827547516 0.8634003536810346 0.880619152851571 0.8898472148706942 0.8943623524585345 0.8965365810113448 0.850634440366433 0.6337395448502545 0.4264756672473296 0.23633075924929375 0.06927660535641528 -0.071621950384575 -0.1840060026034691 -0.2671524748338107 -0.3293176102515282 -0.3897568241376759 -0.4496774357915862 -0.5122317452403109 -0.5789826793698255 -0.6504685039740257 -0.7368303304725596 -0.8372761405520124 -0.9475164714401265 -1.0627236533316122 -1.1873418586995088 -1.3265212584355226 -1.4737054118150519 -1.6228004538307153 -1.768959432572342 -1.8809465426561924 -1.949372966399214 -1.9745765392883088 -1.9516642235690507 -1.832904859033986
-0.4618554145832823 -0.1510229262568898 0.15044038992811348 0.43151277917978076 0.6803069165467064 0.8843210079282169 1.032657160958306 1.1196331369288386 1.160059636491011 1.1713853557819978 1.1656080705948684 1.1485350545878907 1.1219691728600454 1.0780801714510408 0.9784050169301366 0.7957623966810627 0.5899475882534602 0.3927428525814071 0.21618354743167473 0.0647621310107982 -0.05996769893835588 -0.15734280467382747 -0.2301143122985684 -0.2992805237675325 -0.3643306197926128 -0.43368903994109886 -0.5093478600794716 -0.5908304632498759 -0.6791548896273366 -0.7810539254620692 -0.891287671548076 -1.0027018440551847 -1.1200589232845939 -1.2471153955374257 -1.3778698369820022 -1.5115031720988208 -1.6444995622444176 -1.7589179846102447 -1.83319013801999 -1.8690855779975821 -1.863538313768639 -1.7644300879608095
-0.19554619610071447 0.13437929726478792 0.45751497082298903 0.7592857310208339 1.023989472750073 1.2326699807028665 1.3739114736810034 1.444290698936868 1.45882078257495 1.443081559918169 1.4077309341800552 1.3580279007206713 1.2934028436344926 1.205132645687398 1.0760910463466895 0.8997153590941092 0.7025271081443665 0.5097753426110188 0.33307528939045067 0.1775537371655706 0.04579979102698856 -0.06095108569321342 -0.14279698203534513 -0.214064360921702 -0.28029528608946036 -0.35264576806118175 -0.4337192866229343 -0.523428349022845 -0.6206412253479745 -0.7249086062722421 -0.8364138072453398 -0.9421936646495661 -1.0439276220934284 -1.14651866533705 -1.254864883841482 -1.3682035494448086 -1.4800902891811323 -1.5859660502297153 -1.6599048349085643 -1.6888921005428008 -1.6611012157741667 -1.5636506946371909
0.03795546122170412 0.3888281683729687 0.7361618897504176 1.0636665927114834 1.3504675491381564 1.5658665857526164 1.69013471274798 1.7346941747293367 1.719540099904379 1.6696790788298685 1.6007205411060426 1.5172104409832854 1.4182555994764627 1.2979722959231477 1.1479922082942484 0.9685095521477556 0.7789558880357219 0.5932854229726279 0.4200602309821789 0.2648819636050613 0.130647740485353 0.01900115361552157 -0.06717107710795689 -0.13455252374867863 -0.19844187084832465 -0.26956447210424833 -0.3517368477111459 -0.44544970635855063 -0.5507525216879037 -0.6660906772332751 -0.7848281684255938 -0.878045212418471 -0.9456953346890629 -1.019386294784318 -1.1044789365218755 -1.1946118209911931 -1.284359293796852 -1.369251079918331 -1.4386958461197803 -1.4632702822528054 -1.4301721623615382 -1.3435059167724897
0.22505270577405728 0.5957939582262812 0.967654294804754 1.3264754058017132 1.6481865515541048 1.881795694373768 1.9850700610708383 1.9842040489550972 1.927213795673273 1.8416494972070285 1.7421150936707985 1.630686098795297 1.5053920797600788 1.3622881536438565 1.1970782760475478 1.0162544540028113 0.8325552342272533 0.6529135701775719 0.4835544043069156 0.32944504408530845 0.19417977619063398 0.0813944684325994 -0.0007294247668354625 -0.061565508154851845 -0.11991066908097248 -0.18532799205809108 -0.26351405947339446 -0.3552651023710386 -0.46141586143523505 -0.581398441007217 -0.7096523577466867 -0.7835949414351491 -0.8135986683460177 -0.8636608603726081 -0.9277700522976076 -0.9968041408011112 -1.0660253851330597 -1.1302439421552006 -1.1831306471531895 -1.2095774758324513 -1.18463329789175 -1.1115858789773423
0.3523648811909286 0.7363120486253187 1.1258557422963769 1.5146519298253687 1.8918498854334824 2.1850445865607546 2.239177604361759 2.1709768647479852 2.0705518830162384 1.9525584339860875 1.8290601635565278 1.697172293335875 1.5532861800871915 1.3943848002255828 1.2214826715067846 1.0427707273469244 0.8646246053853677 0.691150422426148 0.5268662971986662 0.37587027143890933 0.24253048061593202 0.13528729223411745 0.05794220445876874 0.003946441138006573 -0.04643891332933464 -0.10186336886345326 -0.17081168720130466 -0.2538996720660618 -0.3497610544868591 -0.44928727905791344 -0.5419750230419045 -0.6038834893206912 -0.6411092265032102 -0.6818582672811494 -0.7306748658851885 -0.7830902505866362 -0.8350785811636361 -0.8818223756523005 -0.9178023297973095 -0.9368656286698094 -0.9260045163919921 -0.8708943233422035
0.4090283500941821 0.7964441170588572 1.1912873604921805 1.5916290737561334 1.9957530260824379 2.380661600058503 2.3527984514478626 2.2470498289255834 2.1294862577059672 1.997537375261812 1.8575055588615392 1.7118094243421198 1.5573628405687099 1.390155278897019 1.217819217713213 1.0444018343197534 0.8729891436230475 0.7065416015339108 0.5485269067396221 0.40400202656370393 0.2807202120438859 0.18259771284492338 0.11280900700147611 0.06543381334506548 0.02133505034053873 -0.02247928461520582 -0.07763702100765094 -0.14332289784532087 -0.2119884342263106 -0.2803366152216594 -0.341692712000668 -0.3933697776806085 -0.43826004289545994 -0.4822486224967123 -0.5239170547322356 -0.5639524179624231 -0.6021970338078492 -0.6349205109460254 -0.6578805759836508 -0.6667045207230307 -0.6574592272587142 -0.6235034744913879
0.4042519290527094 0.7849864822649544 1.1662708591612345 1.5422968800508274 1.8961534477717386 2.1596846382253863 2.23545167192849 2.188447263919998 2.093808279992975 1.971063728020048 1.830329931303216 1.6802967884095277 1.5189663897734782 1.3502638035472168 1.1830838476158507 1.0179947946183039 0.8551949025588075 0.6972062600393794 0.5500712541816115 0.41911902138410645 0.3083631254111628 0.22148087910542352 0.16173698217472265 0.12251278551297895 0.08621230626169418 0.05360974593339363 0.018358846072233426 -0.018141022473751267 -0.055338912332324464 -0.09222532983961293 -0.12895778877626293 -0.1710130753984332 -0.21751914439367898 -0.26487424273936266 -0.3077622698770626 -0.34535998691662356 -0.376463796526209 -0.3995039226768579 -0.41261667386912165 -0.4140495673497682 -0.40166930855424116 -0.373968803454612
0.35003386910341633 0.7115967525824889 1.065352858725895 1.404307615836646 1.705085968359586 1.9248269923596728 2.0304829364508525 2.037208548866703 1.9796927687114836 1.878313257971154 1.7470863507970307 1.6010120560730305 1.4425750491258362 1.2815117351083622 1.1217647978536505 0.9660090325048909 0.814422387880281 0.670547838467755 0.5386529358447623 0.42250469621573966 0.325971016386753 0.2528627335466736 0.20682978802937807 0.1794657550335188 0.1554481091017611 0.13599421929084088 0.12263064711432065 0.1145374976605078 0.10992723821987793 0.1051047282869575 0.09032896928670131 0.057201307939569845 0.009008989309927051 -0.04120705029339075 -0.08570937122637759 -0.12243721918590966 -0.15057377857624307 -0.1695441689335515 -0.1786845204944843 -0.1772141953608642 -0.16436574608130602 -0.13960692161196764
0.2622389528415418 0.5957244732410789 0.9166768338974189 1.2197946722031745 1.48364865169623 1.6820451647195411 1.7954332588790674 1.8274904775348377 1.7948287277382537 1.7127245110906202 1.5942177155320512 1.456800285145094 1.311028176760206 1.1649987123853396 1.0220897927887915 0.8862734664050789 0.7568265554391858 0.6356365030316784 0.5246465053726026 0.4259275058217275 0.34492709469443633 0.2874125330730946 0.25707787780829544 0.24138696672534005 0.2293995172553684 0.22335701302429706 0.23117938685134415 0.24832159430133766 0.27348648647910895 0.30048770325441193 0.3110298241550458 0.28479276900752576 0.23026483652188218 0.1756461432841095 0.13030605219056185 0.09540413078874294 0.07080663108210217 0.05600622550533724 0.05051530429904283 0.05400106609398225 0.06633650109896472 0.08758287477919025
0.15347912285809379 0.4577327609810255 0.7501857673605976 1.0205966274812992 1.2499783014943275 1.4218262127985717 1.5276458646792024 1.5681699723399218 1.5509932166038263 1.485236414661473 1.3813226660030182 1.2604092553921764 1.1358656293867815 1.0113279665332415 0.8906988133806149 0.7791658288617231 0.6737215449657379 0.5775017109551981 0.4925865560344475 0.4209476945207465 0.3645681590687942 0.3255137305014187 0.3105027531807039 0.30546424819357837 0.30466552227651483 0.31310490773621596 0.3373462184975278 0.3760812643482557 0.42360577170027475 0.47551576218658037 0.52365537503692 0.4965252166185892 0.42873291643477246 0.37191882970993245 0.32891947355394996 0.2986779499326116 0.2796136231726936 0.2702792978167274 0.2691588368280899 0.2748771713780936 0.28647290375496975 0.3036335286744876
