_RESULTS/CROSS_VALIDATION_POSTPROCESSED_CLR/MHZ/IZ/6comp/2/MHZ_IZ_z_1000_kriged_reverse_6comp_spherical_2.asc
ncols 100
nrows 81
xllcorner 5.5967107548124995
yllcorner 50.982328804812504
cellsize 0.00017565037499993607
nodata_value 1.7014100000000001E+038
[rows 19 to 37 of 81, columns 43 to 85 of 100]
-3.533116372069424 -3.7903208153551837 -4.027647803257709 -4.217429885301238 -4.346967519018495 -4.405675648412948 -4.389389581375744 -4.4100444019781575 -4.82549656900877 -5.197748208502764 -5.43579223845755 -5.5003574222483405 -5.388362911591656 -5.125714629891657 -4.753301753089074 -4.292383538822797 -3.777767029799156 -3.309343023230697 -3.0678507961524657 -3.097451183793126 -3.245305669386931 -3.4141976023199843 -3.5777995950675723 -3.739075862108998 -3.946760486146032 -4.235974669657514 -4.619005788197315 -5.087470646169877 -5.606992651294096 -6.12856863102045 -6.608051903695203 -7.044245481875226 -7.434657314220962 -7.77551718563146 -8.090012165379363 -8.406524538289002 -8.763032624889005 -9.16396182724202 -9.57843688086295 -9.938617510947033 -10.13763832540667 -10.152563822017894 -10.056920090516645
-3.21482078895628 -3.5100814299624066 -3.7953787689936003 -4.035374556219855 -4.216752437287688 -4.330594542665441 -4.381900726153825 -4.495858673064474 -4.909834585215621 -5.309739285755246 -5.568398433414773 -5.6596541134439935 -5.585055102121917 -5.3602738863543005 -5.030169930492034 -4.637043994402889 -4.232596013222974 -3.875233206816506 -3.6274558690083976 -3.5248985806046287 -3.525866178997092 -3.577172620977677 -3.6500554083806076 -3.7370093293633064 -3.8777095765802883 -4.1024751292447315 -4.419835791623768 -4.80356376207312 -5.239247912977427 -5.689509292641937 -6.107595008843925 -6.486482133911504 -6.822270773591889 -7.109281734149649 -7.369280457449552 -7.629212076741766 -7.92579484170925 -8.25302975382936 -8.579374393696794 -8.858297434052696 -9.043676362423263 -9.118371012145111 -9.092354831150526
-3.061166694011534 -3.4046367285240082 -3.75403099981313 -4.064723332666368 -4.327758168823717 -4.545357275585955 -4.74516027821365 -5.002163095652946 -5.352449816037224 -5.697387163645802 -5.944200173704983 -6.047543477318676 -6.003336891705882 -5.815292621929184 -5.519288105556038 -5.169974007462835 -4.814217469097104 -4.4790491232347875 -4.200298231547838 -4.005227665516083 -3.887135970146943 -3.8236965932565283 -3.7966427195039807 -3.7972167733936435 -3.8541786030703284 -3.9974071701547627 -4.225851369013692 -4.515599701577521 -4.860645779899714 -5.2254784786683475 -5.57403031334881 -5.8849240789363035 -6.153555236350095 -6.3738609047674135 -6.5649985728123195 -6.761114234931753 -6.993935255965348 -7.250358452544052 -7.505073391895695 -7.729073821139306 -7.899518847172271 -7.9841483342182835 -7.988211213198602
-3.0758140613503704 -3.4753386085391433 -3.9003892522756503 -4.293990678893337 -4.650795165915371 -4.977801186016884 -5.295004657404803 -5.62222424669277 -5.964429382802435 -6.2819260785515585 -6.518375686948865 -6.632510643801821 -6.614026112574947 -6.454990152902243 -6.17836261266958 -5.84610203212987 -5.477146185933895 -5.107253075311699 -4.780680506663133 -4.505627128117975 -4.286990825826752 -4.1189875662221045 -3.9937799089194193 -3.915064348468054 -3.8945224925718698 -3.955558665906627 -4.084243103446613 -4.278813848047982 -4.528600051846824 -4.799183447644698 -5.071905563874365 -5.309143119262536 -5.503514993017323 -5.646788411808895 -5.750129324058759 -5.863152573496999 -6.019156462865296 -6.207057737911521 -6.403415018545881 -6.5850410460151 -6.734241772187515 -6.807435321926342 -6.811360097792466
-3.2641168583600533 -3.7266130979053673 -4.227360273027069 -4.705948886980339 -5.151424065967187 -5.562338613446176 -5.948784019423052 -6.321655714169792 -6.678692713094648 -6.996653979405421 -7.238539187744349 -7.374560437338878 -7.3834901923191305 -7.244723557241283 -6.970322346432166 -6.61528813989079 -6.195531677491603 -5.763003057950737 -5.362638764269321 -5.011856798019835 -4.704146747230753 -4.451932553563365 -4.260940106351254 -4.124462373841254 -4.0221636179463305 -3.9765978075998163 -4.0012341510751925 -4.095654874056645 -4.246279503102575 -4.420983202431518 -4.611689827747829 -4.774480191465926 -4.895242416026155 -4.963281645637246 -4.980086335702357 -5.016076172094792 -5.089700455821011 -5.191934382536491 -5.316523263718272 -5.459069751901868 -5.585985338358938 -5.64694050181062 -5.644537094412239
-3.605130553489769 -4.156234513313532 -4.7197231057534745 -5.264343509525475 -5.769631586763593 -6.237292948572344 -6.672816250358724 -7.08079956664321 -7.458448170142 -7.7914054715154695 -8.055519463385329 -8.230972767703049 -8.277723302316248 -8.154438331801297 -7.860300252083136 -7.43893762106173 -6.943358913638458 -6.431850582663742 -5.946338081588934 -5.515717573415394 -5.151962180124881 -4.850482175947645 -4.607313362384044 -4.403628447154153 -4.205059282685479 -4.052646154903307 -3.971518877374934 -3.9627691487502363 -4.0130383599919295 -4.092867165096291 -4.20005134090605 -4.291001024596328 -4.3428226895030715 -4.341692516017312 -4.285479322227742 -4.252449269288187 -4.249963766084907 -4.271865162706562 -4.318808022331286 -4.399242821119785 -4.505848423247732 -4.588413519735843 -4.611607366278145
-4.060527854567523 -4.689920460673978 -5.318212089752996 -5.921658024681107 -6.4721893932241725 -6.979399478897922 -7.446532658018812 -7.876837444348611 -8.270102248570023 -8.619739378300341 -8.919176023303885 -9.151826285978059 -9.26125734735912 -9.15692339673652 -8.802204518611966 -8.278424254339148 -7.6879485379992545 -7.09054651551129 -6.526524857925515 -6.043297959190724 -5.6451414891879566 -5.30342470855112 -4.996104565517754 -4.7107128911256275 -4.431067919416319 -4.178994712214324 -3.9921215012442937 -3.878313772696288 -3.8283403203754194 -3.8157347346714308 -3.8422690957904186 -3.867488209563605 -3.8592660134116894 -3.799323460588227 -3.695419498005952 -3.602925386771761 -3.532089101851265 -3.4779444868436484 -3.4523042867395874 -3.4862512072105836 -3.5744242950638205 -3.691674484303131 -3.797288412640997
-4.607775981878007 -5.292370359684809 -5.971920494436324 -6.634913636669809 -7.23843572316317 -7.770119140693634 -8.25018360815435 -8.68550287832406 -9.079565315764551 -9.436037876311236 -9.76599357854759 -10.061402684489984 -10.27981707877394 -10.225326930469945 -9.731207841664165 -9.0733184767311 -8.386803181037418 -7.717087514510309 -7.116356332720081 -6.598862162533667 -6.158120596338712 -5.762414490538824 -5.391102094735989 -5.034786545188988 -4.687438473093618 -4.353975905823685 -4.062544324418601 -3.8419555772796987 -3.6912951883996654 -3.5890462930255356 -3.5414887929863825 -3.511214243543324 -3.456733786006977 -3.358871224615193 -3.236349821436439 -3.0984329228360394 -2.9700271641303484 -2.855899932795368 -2.7697503915279356 -2.7448567366402603 -2.824750233957631 -3.008330507511496 -3.2212959244889934
-5.229644884232766 -5.9470959161794 -6.659152704380504 -7.351909060531951 -8.003049599437661 -8.56970646656923 -9.057967152932344 -9.483007596762514 -9.856229514866456 -10.200400469352575 -10.526096809466132 -10.836994991997619 -11.135076321028892 -11.209977386251271 -10.485919868821764 -9.738800930951239 -8.997789617203482 -8.307569610999431 -7.68393620283211 -7.12831128823645 -6.639833367310747 -6.202388471312648 -5.781289446636977 -5.373428853372987 -4.971396120628989 -4.573103591093908 -4.1880593083076025 -3.8582339449059453 -3.603087594117728 -3.411683718897397 -3.2986047224292925 -3.2279251306980603 -3.1470064111677227 -3.0493968901285142 -2.9283311298670807 -2.7691129932753684 -2.6109844442790635 -2.4654353071673434 -2.326420995635182 -2.207442282896193 -2.2649272105445366 -2.583184694237451 -2.9007113733268017
-5.890209394212572 -6.627249722594154 -7.359292420023704 -8.067971830250956 -8.730512707802182 -9.317709933335554 -9.802723248476333 -10.206633976975834 -10.555420078702927 -10.866369008842728 -11.145162449294125 -11.385087728147337 -11.540911772393242 -11.431858836650356 -10.902688020157509 -10.200728358286845 -9.47932754097512 -8.798452188840226 -8.169477889332777 -7.596785067103356 -7.080779154045812 -6.61460802366354 -6.161318723844372 -5.725927684634771 -5.28523152850531 -4.834424014201522 -4.378824607794003 -3.9398639548171763 -3.5698577220378374 -3.2831304250100746 -3.114022520930754 -3.026119558906718 -2.9605976042970825 -2.8945985706029935 -2.7953208447301785 -2.6551618409994777 -2.499138889129827 -2.3513373127966837 -2.2096056999043574 -2.0866092307332407 -2.152648743572839 -2.507865186254995 -2.8606922787747635
-6.546696256589344 -7.299975182674818 -8.048056214663063 -8.767133554003216 -9.422510720207852 -9.992352215760548 -10.456049717101934 -10.821611918238368 -11.124153590255649 -11.376587493505545 -11.579163644729212 -11.713902275218064 -11.731752241981718 -11.544455772362092 -11.08652291177252 -10.46803490777219 -9.81418079953781 -9.172292910988658 -8.56292628062326 -7.995329555215775 -7.472573914675743 -6.992998000401675 -6.5355247098115115 -6.093440487348943 -5.6344402300556675 -5.149501181150451 -4.639048603250657 -4.112730573949495 -3.6103076567577284 -3.204585057183571 -2.988407558127891 -2.9347780213255383 -2.9414550921715 -2.9285597642171526 -2.868095270427358 -2.7720286052474554 -2.6429702296949795 -2.5173111066688776 -2.4215296934087442 -2.3997183574922785 -2.5165888533336727 -2.7732990563537836 -3.085867031227095
-7.158971961464041 -7.929665266811828 -8.69759714033633 -9.43140953561085 -10.076527542120703 -10.59642460353719 -11.003846507736762 -11.315113881962553 -11.551805400776384 -11.731236588516627 -11.850051057144567 -11.889230025427857 -11.815626561048752 -11.580514879526623 -11.147928091579786 -10.60644482751329 -10.024264423047482 -9.436150380774821 -8.863651717669626 -8.319278983938181 -7.808584359600972 -7.338310630044269 -6.9037474935705605 -6.476689767666253 -6.024702893537146 -5.532784066119634 -4.994610950255701 -4.407141034499153 -3.781704456722048 -3.1918757362317742 -2.945638751291323 -3.0383896491974856 -3.145398424171383 -3.1850037214083375 -3.169533416679661 -3.1129336104116008 -3.024894725469834 -2.9274122394834574 -2.8742817614012646 -2.9051389548764988 -3.040159506332543 -3.2548132047197798 -3.5217420242779043
-7.690548844879391 -8.477649109057968 -9.27205587560918 -10.037718048750758 -10.686453346611422 -11.14379760942704 -11.44623037014479 -11.663880282937942 -11.822655601722929 -11.924300387967271 -11.96338354579965 -11.924481331391512 -11.786303707070896 -11.51875467293237 -11.109637831452513 -10.63150951615276 -10.116263541238895 -9.588609772123661 -9.06697761258506 -8.562964409127241 -8.085651791987036 -7.65590653817853 -7.262532590266618 -6.872576531072137 -6.4567106760120305 -5.9935586109109416 -5.472840473471442 -4.882674833594601 -4.212513945813042 -3.4652042053763226 -3.222308880852046 -3.4894303145344434 -3.6408258179669963 -3.698105973107787 -3.7001667406797956 -3.662792402290053 -3.6023796217811697 -3.5383353708624377 -3.504830177318104 -3.5523865076648935 -3.69057261801049 -3.883514519097034 -4.117176384337707
-8.081858235571568 -8.871024203509863 -9.68894364688111 -10.520248665092165 -11.24130733431658 -11.59305092996598 -11.750292013230297 -11.85059291013713 -11.911337752029555 -11.941056046896666 -11.915741563110121 -11.81798348221557 -11.633468296788331 -11.349013628771123 -10.97217608426676 -10.54874955856516 -10.095063779255032 -9.628433896298402 -9.163547582339632 -8.713845369395916 -8.302080017636591 -7.936155325688686 -7.603807360120371 -7.2711177236711055 -6.920471176020148 -6.52470170560232 -6.075081377497742 -5.56620284419653 -5.024228539377351 -4.536551061912991 -4.341513931458108 -4.398694369038724 -4.453050524457938 -4.464652002991597 -4.441322246570444 -4.394376739957307 -4.339347065679805 -4.29387684507149 -4.277415916521395 -4.319290088559624 -4.448390662677497 -4.626294382638016 -4.836588252372924
-8.280501286555708 -9.05001687009328 -9.860146321892461 -10.709895008382968 -11.550089202177308 -11.731806782527599 -11.790961251517265 -11.827469683296712 -11.828741177580772 -11.790722902162802 -11.705688521257745 -11.565160881252627 -11.348745055244006 -11.065905323312084 -10.728743562071449 -10.357067190275034 -9.962049855427104 -9.556277459240643 -9.15593757025072 -8.7834544369434 -8.449145268196203 -8.159862670739916 -7.905764834573917 -7.653665639000884 -7.392386371008741 -7.096807310011285 -6.772403091054133 -6.431199482633964 -6.092455842730487 -5.814696445623095 -5.653736367474939 -5.576785001902142 -5.509970309802954 -5.435992125402842 -5.351608975951694 -5.268429085196649 -5.197257232332283 -5.150790841276887 -5.142510037173555 -5.185086814551549 -5.293574691200696 -5.459237787415672 -5.653007740523287
-8.297971102768207 -9.016488531197028 -9.761019989034978 -10.49502485669808 -11.098509374219349 -11.409196252430139 -11.526487151157376 -11.565098499822033 -11.548679371899762 -11.48156385424377 -11.363600680820745 -11.180735090418086 -10.937452098232484 -10.666054119957753 -10.371712228473637 -10.051630598889044 -9.714455516457939 -9.378645738240001 -9.060154599042665 -8.770498943221694 -8.519425745926522 -8.314749548032317 -8.147091499818615 -7.989802274449298 -7.8461732066747185 -7.697496421048406 -7.545731407978969 -7.399525059589096 -7.262226266248759 -7.133234447787432 -6.99154677084621 -6.836835834389173 -6.666633471608583 -6.505938380758442 -6.358868437932945 -6.231995551039261 -6.133556315146135 -6.072777305097961 -6.059677333260556 -6.101889554508695 -6.20428429044055 -6.359933191870936 -6.542258208308546
-8.149908604235844 -8.79480152795709 -9.442551823954341 -10.049333849981057 -10.542420145651612 -10.863820617817531 -11.032461299383279 -11.09836369537458 -11.088784322517228 -11.01459114836566 -10.884761877574535 -10.692365667500082 -10.45119518337187 -10.183619286984221 -9.919230551170639 -9.646919025548819 -9.377004408699769 -9.118640561650254 -8.882168424641312 -8.678078818530693 -8.516635993392576 -8.407749923773894 -8.34185474462757 -8.298332361556847 -8.283424458474817 -8.297425507462767 -8.330341878644768 -8.386775468189004 -8.455641936111128 -8.461600838249554 -8.33187245998475 -8.08844642183521 -7.8187681762171515 -7.5692508109709475 -7.357630017991484 -7.1895017286065395 -7.067830378723489 -6.9958810403157585 -6.977449549492857 -7.016079800738512 -7.11391650807185 -7.270318577075292 -7.453584044142405
-7.871184639199885 -8.425144466767648 -8.970782563910046 -9.477195667805915 -9.898292005242565 -10.20385497534213 -10.39314537271337 -10.483334231054956 -10.489264180415594 -10.420744544991376 -10.291343920571334 -10.113315117260331 -9.897154027709497 -9.663460983275252 -9.44427954417255 -9.226166810235434 -9.018863865789147 -8.831642274351086 -8.674634780242116 -8.556828006969289 -8.487315726456512 -8.476314653894793 -8.508514092413135 -8.572167052085595 -8.677297560026608 -8.83903467172103 -9.049566444201268 -9.307782860807036 -9.593973139665273 -9.777661164038268 -9.64348421256903 -9.260603302243316 -8.870753087846559 -8.542708158129372 -8.278039227872322 -8.07627130835987 -7.934749687758871 -7.851729310270173 -7.826640131759403 -7.859492928125136 -7.950033627884125 -8.096852000272778 -8.290571934447534
-7.475805837634875 -7.963483124461444 -8.415113183553835 -8.834171181811872 -9.19538875996876 -9.475655789238848 -9.666175536256404 -9.769073185349185 -9.789193280738688 -9.732771224089788 -9.625722680331734 -9.484257856529293 -9.307466422179434 -9.11969432370886 -8.963638052628546 -8.801634459475043 -8.656708067713557 -8.538607674422986 -8.455172585542241 -8.41639970023703 -8.43374477813944 -8.513706332882558 -8.633676121107499 -8.791132776036385 -8.999806495528187 -9.276473596226836 -9.629066314502674 -10.050895125424717 -10.524596172629188 -11.01790959566499 -10.808421584729476 -10.221088717842289 -9.72963457580292 -9.349339218251792 -9.060760196606468 -8.844732554389488 -8.695072351710689 -8.60714634017429 -8.577718625813256 -8.604570536756084 -8.68603366204302 -8.820405544251855 -9.005211491834386
