_RESULTS/CROSS_VALIDATION_POSTPROCESSED_CLR/Berg/IZ/5comp/4/Berg_IZ_z_90_kriged_reverse_5comp_spherical_4.asc
ncols 100
nrows 90
xllcorner 5.6208707817415728
yllcorner 50.959635321741573
cellsize 0.00013419651685393446
nodata_value 1.7014100000000001E+038
[rows 57 to 75 of 90, columns 0 to 42 of 100]
0.42636693198453324 0.42879136647498106 0.4359001873406861 0.4472327302710446 0.46211525054001185 0.4797602731559974 0.4993517479747758 0.5201020215769845 0.5412813929270033 0.5622278886162038 0.5823454740132132 0.6010968127079983 0.6179942903321416 0.6332989055513359 0.6487843063238022 0.6610878286182645 0.6687725771760089 0.6712209051393625 0.6703646928083089 0.6674094424033863 0.6620238917708092 0.6538858102175559 0.6427006603931211 0.6282279895068759 0.6103169326340949 0.5889523816428178 0.564314629622514 0.5368503252282828 0.5068476803365581 0.4761353064164775 0.45100931223201246 0.43499132059347273 0.43105208348159985 0.44065213090954347 0.462747855761716 0.49495934627721805 0.5351125518002513 0.5817229555258726 0.6338507900701298 0.6908593156956282 0.7522250340794007 0.8173916739454651 0.883639835918717
0.46344920375107246 0.46547537081750895 0.4714334220607337 0.4809807958286933 0.4936020996439003 0.5086721236978908 0.525515537015063 0.5434527993136584 0.5617964953725783 0.5798546662694382 0.5971868777610447 0.6133549440224322 0.6278893949540804 0.6402838358298798 0.6507901759674706 0.6586198450842062 0.661968728826098 0.6609842038916585 0.6580884772127974 0.653272241762481 0.6462687458635381 0.6368339902649583 0.6247655438252363 0.609927799748753 0.5922847467703212 0.5719414861208039 0.5491962356501923 0.524605199265048 0.49904270506836884 0.4735509515181377 0.4535019078267379 0.44211288580254116 0.44108508588548423 0.45122522751025734 0.4720934367833406 0.5023917836947788 0.540633249765911 0.5855388773322212 0.6361102316390941 0.6915477655012856 0.751131303645198 0.8126956545504158 0.8730274460704462
0.4981650335610509 0.49985962466628614 0.5048516694338925 0.5128773932348016 0.5235259723204976 0.5357443376461742 0.5488908097199527 0.5627442362320121 0.5770312380003899 0.5914340265538539 0.6055915895713582 0.6190971895648136 0.6314947683867242 0.6422761328658793 0.6508800174169838 0.6559199106551895 0.6564663863414217 0.6541769233408168 0.6496763545614646 0.6433451421781492 0.6350988383587112 0.6247634875095345 0.612215764203337 0.5974059848996756 0.5803867197134676 0.5613473276589747 0.5406542307250408 0.5188951641467832 0.4969209279567969 0.47586743432430184 0.45955545171765494 0.4513799589695382 0.45237923942552216 0.46303792790035814 0.4831338764774497 0.511885301536726 0.5482558335102192 0.5912010223981892 0.6397725029942923 0.6931127611697809 0.7490884783302363 0.8049046598385897 0.8590744631476104
0.530246956759451 0.5316584025914082 0.5357682659376364 0.5412530494073716 0.547721764506123 0.5552485190500149 0.5638107391600421 0.573305576574095 0.5835605145731241 0.5943381319149579 0.6053364694683863 0.6161870995629686 0.6264529718161329 0.6356276480126977 0.643136877682529 0.6478007939415775 0.6479628097246317 0.6465456851868991 0.6432707729289708 0.6374826225451832 0.6286560032660429 0.6177410171593402 0.6050254860089694 0.5905261454875523 0.5743584475181289 0.5567630461862436 0.5381158325370785 0.5189892829344575 0.5001989827035904 0.4826963477030095 0.46889799181250086 0.46295280273356426 0.465334116508971 0.47633191516670825 0.4958005116076749 0.5232128317478463 0.5578068150956472 0.5987285264057627 0.6450851750761187 0.6944650432588477 0.7448097290620722 0.7947537796239726 0.8428324640822711
0.5594275086912495 0.5596850001422986 0.5601240505225651 0.5611243567623647 0.5629781772127685 0.5658743010943712 0.5699081033350514 0.5750892729740553 0.5813457440819954 0.5885238409141995 0.5963858293129356 0.6046067057157029 0.6127721174658847 0.6203788977772583 0.6268390017189863 0.6320714531794613 0.6356546192601052 0.6364014161718005 0.6348803451646784 0.6313599825612557 0.625181502314805 0.615710168101121 0.6029152585379938 0.5882588508475749 0.5722184772843277 0.5552691776991476 0.5379674188108804 0.5209576814168102 0.5049680174633532 0.4907855498652231 0.47953717450308336 0.47537089611537797 0.4793940087336927 0.4912057840752283 0.510334356728065 0.5365089690017708 0.5694182025892354 0.6079797754358915 0.6499179247357408 0.6938883771155021 0.7386192128437911 0.7827895602959067 0.8250106187937704
0.5832986755968766 0.5795716701414202 0.575721298507369 0.5722246683170233 0.569466159145051 0.5677404003631195 0.5672547480625152 0.5681294597732001 0.5703947486089582 0.5739850991522428 0.5787322870939764 0.5843591750800682 0.5904764022066327 0.5965835554892168 0.6024481114787701 0.6095288291917823 0.6169368529012444 0.622090881777716 0.6245883220521069 0.6241498569068403 0.6204155943505323 0.6130295751868946 0.6017404855340724 0.5866565149158158 0.5703624557480589 0.553880544098601 0.5377693501358587 0.5226365614898394 0.5091258240730469 0.4978894800737486 0.48954402858333734 0.4865745631642863 0.491649306390305 0.5045277881396051 0.524697712962952 0.5511241740681274 0.5818885920163104 0.6159071878513235 0.6528207589166908 0.6915112876572879 0.7307822398817692 0.7693925591531895 0.8059781904884686
0.5988759408227888 0.5910631844415677 0.5828628907158623 0.574820087301265 0.5674064208857907 0.5610185593180865 0.5559747100277743 0.5525079618582391 0.5507561023308509 0.5507487996329248 0.552394228821816 0.5554679791958759 0.5596070964438367 0.5646651113271093 0.5718857805673658 0.5811137812629564 0.5918387306816044 0.6016829164449338 0.6087298027614001 0.6117389767751942 0.610727056535828 0.605755002978303 0.5969334257231358 0.5845829127084117 0.5688546478580715 0.5527248691656035 0.5376312364742767 0.5241467861768003 0.5128435657608157 0.5042665860646528 0.4988989877123807 0.49749946841475723 0.5033655819630799 0.5165139718168568 0.5359891585109797 0.5607496847439354 0.589574736308955 0.6211050048102781 0.6537591437733904 0.6865198385039596 0.7191703043169573 0.7509313942820391 0.7809371654279575
0.6064944579400728 0.5945173791052851 0.5818893417744884 0.5692208295938218 0.5570686386633841 0.5459313386430659 0.5362411096827879 0.5283507060979948 0.5225153895096016 0.5188712445889265 0.5174129601057893 0.5179753348701288 0.5207799374899054 0.5268158039076123 0.5358343485110157 0.5473964875876358 0.5609292832889561 0.5741069574119563 0.58387142276275 0.5899433989301528 0.5923487944188361 0.5911272900513134 0.5863358338644611 0.5780461716958183 0.5663371503257313 0.5515984050374796 0.5374693968585593 0.5254398039999734 0.5160343527043045 0.5096703860843672 0.5066322752017758 0.507047001574878 0.5122083777473792 0.5241850708878211 0.5421932327518707 0.5652059529898013 0.5917539674265697 0.619364615459459 0.6469845231106679 0.6736726361349431 0.6990578585555003 0.7239135168778706 0.7475910217689153
0.6065453083901583 0.5903281557793885 0.5731838121943491 0.5557858345905095 0.5387752857333439 0.5227549288137505 0.5082777231915504 0.49582785810140384 0.48579388404993173 0.4784357185559513 0.47388380152453285 0.4730713272633357 0.4764326010242406 0.4837989082670146 0.4948071130017339 0.5088275605004787 0.5234455135893064 0.5376285255185957 0.550227022507676 0.5594974946196878 0.5653859790221772 0.5679091075702858 0.5671141575015484 0.5630719190240698 0.5558631421664763 0.5455597454563829 0.5329808290210216 0.5222534346877235 0.5143771715388268 0.5097068876514119 0.5084508839602311 0.5106561883047427 0.5162387602782359 0.5271126041421886 0.543763450548242 0.5635506466367612 0.5849346454358029 0.6072534770210624 0.6297531267106311 0.6516024821883727 0.671903525122276 0.6902074575515457 0.7077700733774831
0.5994534277472194 0.5789308646407505 0.5571789181778368 0.5349305581988573 0.5129098758803591 0.49182712065169104 0.4723657454703102 0.4551584091259125 0.44075197172229374 0.4301231358716592 0.4241648510272324 0.423185461487506 0.42723638088412486 0.4361063004091854 0.4492481177620328 0.46398715262081436 0.47906586550059194 0.49408461985516644 0.5086262024428173 0.5212209132151231 0.5306325889352627 0.5368560291225499 0.5399352080300616 0.5399505754864597 0.5369988529554579 0.53116688585727 0.5225014834253002 0.5129735097643189 0.506482481742311 0.5034143135126485 0.5039117174415646 0.5079475841526206 0.5153271430437851 0.5254943698517094 0.5379273134169669 0.5524720969050683 0.5686218588727292 0.5857842054980941 0.6032965459252966 0.6204367358565237 0.6364289850204486 0.6504462261951127 0.6622544643899213
0.5856804612118891 0.5608077867285539 0.5343649102504432 0.5071377402472843 0.47992983733760197 0.45356121563343454 0.4289593206538902 0.4073684197651084 0.38979395421796836 0.37710621458597815 0.36997791883852993 0.3688050529112068 0.37365408464996275 0.38423874437786104 0.3980131309302212 0.4130804956520372 0.42894699415671717 0.44507096725754003 0.4609238173881679 0.4760269342031037 0.4889726159734375 0.4988078524220661 0.5055843395147809 0.5094080836818451 0.5104116582013267 0.5087195364302532 0.5044088198940542 0.4976024722003338 0.49237612226025607 0.4908541206612761 0.49311814192346926 0.49906521409760435 0.5076813590322131 0.5158467252394101 0.52363785396573 0.5330650964352559 0.5441030232984412 0.5562205169311704 0.5688427174335846 0.5813572973841465 0.5931149494553272 0.6034252176433896 0.6115496661852107
0.5658452447486504 0.5366428669982943 0.5055621204061488 0.47349340256335826 0.44141371000961627 0.410390564605874 0.3815740140749175 0.3561678332081524 0.33537032648550624 0.32027952035477947 0.3117700390882122 0.3103676509830662 0.31616141836447187 0.32751429270776866 0.34144128547885044 0.357291009964369 0.3743531288239276 0.3919037377460764 0.40928082306795005 0.42592552966807806 0.4413970832800012 0.4546981132549804 0.46492921354270034 0.472239755173952 0.47682411869745905 0.47887382438591963 0.47852670752697435 0.4758144273021501 0.4721013252700055 0.47210322958276957 0.4761902030201196 0.4834502919015738 0.4902900166151506 0.4963790746457066 0.501778742786486 0.5066869922660561 0.5127260519255081 0.5198820556314057 0.527666712186539 0.535581245284538 0.5431105483504703 0.5497108385590102 0.554792702564902
0.5439047282030092 0.5105122432622127 0.475047668073328 0.43842008632029655 0.4016515467010815 0.36589435905999684 0.3324383874225608 0.3026947199793043 0.27813646626390365 0.26017838176417907 0.24999462169426168 0.24831206871285205 0.25482627144175507 0.2660444472192932 0.280714758753949 0.2979316124724861 0.31669114700710255 0.33604155078784237 0.3551688491911592 0.37343165250694815 0.3903641276478826 0.405661731123645 0.4189254956753197 0.42931247491830166 0.4370120977002657 0.4423200824681758 0.4454742708147842 0.4465842067870377 0.4457140332060487 0.44725281769478814 0.4528876159757503 0.45863690320825445 0.4636048681147978 0.46783884940736575 0.47132202385196603 0.47401540909865136 0.4759109022037091 0.4781557130707027 0.4811023147291693 0.48437275977618127 0.48759853926830005 0.49039878109357066 0.49235089680313315
0.5221939816676591 0.48472031028897766 0.4449068697344118 0.4036576724489215 0.3620135220418043 0.32118771687480174 0.28259918551680574 0.24788582998960684 0.21886523915206957 0.19739709414875306 0.1851164123384248 0.18307935686081866 0.18925065623108017 0.2009603118467448 0.21716850889572092 0.23649940431480454 0.2575575780943794 0.27912037979430815 0.30021646681938285 0.3201353857068542 0.3384065199243803 0.3547686115790163 0.3691372271112947 0.3815689702631837 0.3918057384216985 0.3997790985092633 0.40587859004344423 0.4103401519606547 0.41315311148070005 0.416383647750442 0.4211218433435165 0.42519468316855563 0.42861064077930555 0.4312746701783031 0.43306187453391504 0.4338696832512865 0.43364881474088945 0.4324169747786476 0.43055678452408425 0.4290574105491291 0.42780820875330355 0.42662361920095454 0.4259091970486408
0.5015643529402416 0.4602173480538082 0.4161957739321155 0.3703677922476364 0.3237531731606573 0.2775800957531468 0.23335495142143114 0.19293098583257628 0.1585318972458306 0.13263857969623882 0.1176219126633683 0.11457478781076846 0.12036980222270521 0.13355931851091507 0.15237967050854417 0.1747580194221383 0.1987986696391184 0.22298957359789662 0.24622698304272095 0.26776742685172716 0.28716778240692564 0.3042354548514281 0.31897630349234085 0.3314450654845248 0.3420525116469031 0.35132357010040793 0.3595483258098107 0.36680949457321943 0.3732098990377718 0.377670114754945 0.3810940213138233 0.3840922897961249 0.38639276727388366 0.38784989433884554 0.38820585442039773 0.3872765681417352 0.3849893448710233 0.3813908889578404 0.3766422571468695 0.3710236181426636 0.3655395910402036 0.36134533469887986 0.3587243304776855
0.48286259693479605 0.4379738562226777 0.39002782750937376 0.3398228506683564 0.2883068163851039 0.23665124467266008 0.18636128310528055 0.13942576789655292 0.0984765870712897 0.0668221126732721 0.04804379404451198 0.04295879915007739 0.049315893983529535 0.0654481396186678 0.08832451257286666 0.11485720634328589 0.1425782796487176 0.1697378969795591 0.1951793360727987 0.2181846133667451 0.23799564560737496 0.2544607111197452 0.2679350253300746 0.2789675631156501 0.2882734682384698 0.2966748793539429 0.3049789927386589 0.3137788581567986 0.32299585242694273 0.32779137311417983 0.33090694850108315 0.33420584263146347 0.33698863173448634 0.33850902573032327 0.3381046334400363 0.33559699113044195 0.3312997427242781 0.32546677106593735 0.31849373491556865 0.3109472887820487 0.30353478646197174 0.2970509482793594 0.2922933500526931
0.4668983033489078 0.4189433781835147 0.367534733597041 0.3133719230108546 0.2572795044326188 0.20028444435332426 0.14375024265853587 0.08960776559796346 0.0407241036865732 0.0013411097034243813 -0.023098871358868234 -0.03095883847375769 -0.022465923538592225 -0.00114707732430408 0.027648477417976047 0.05948672993557025 0.09143049963606553 0.12168345623748467 0.14861724074875504 0.1713980769458936 0.19004140386812718 0.20480823459840058 0.21618293824506196 0.22487946607153442 0.231854038601347 0.2382855402179599 0.2454580770753222 0.25447778827473155 0.2640261327594632 0.2689517997824017 0.27213018735111516 0.2763647800896575 0.28042395728030456 0.2831919368919342 0.2838081489219654 0.2816969021679212 0.2765532939685337 0.26893608973111616 0.25982799061897366 0.24992598812051547 0.24013080597011782 0.23150178772964147 0.22516475228594268
0.45440104307692664 0.4040081419312468 0.3497994280726292 0.2923634048113084 0.2323692493306868 0.17062616062063152 0.1082002764262342 0.046658479101350236 -0.011402366401408792 -0.06124982142555635 -0.09510801977038519 -0.1063239732684913 -0.09266820936861464 -0.0626919487289519 -0.025921805412476795 0.01200777988391255 0.04800415246243095 0.07965554449444257 0.10636323817282278 0.12805356967975057 0.1448972650101179 0.15726310201803395 0.16572464778682428 0.1711075666376103 0.1745677725290662 0.17766574728787576 0.18232961903642975 0.19045561291124324 0.19881762183961538 0.204513308156964 0.20898080671521957 0.21524693547335283 0.2214901959601242 0.2261888867541375 0.228285576531012 0.2271277073390906 0.22239568152152944 0.21405658487231682 0.20254108101283208 0.18964392122767815 0.17664899039261095 0.16492210455034118 0.15601430868333077
0.4459706273246263 0.39391060916939286 0.33776161792090575 0.27801612056291725 0.21519851967421733 0.14989157438328282 0.08279361292214138 0.014856773083556152 -0.052328928731939395 -0.11527420202315464 -0.1654035021468725 -0.18198566248330117 -0.15616022343095048 -0.11296376837202804 -0.06719912446231913 -0.024212957819522263 0.013291663528444464 0.044864757787775655 0.07047819746213968 0.09029927341233612 0.10462805483742377 0.11389113878233381 0.1186758381515961 0.11981239434768398 0.11852548097527593 0.11666856530999326 0.11695161365922957 0.12196888812226114 0.1286815106629854 0.13607397671298493 0.1436326234292481 0.1534025126887435 0.16284392184957885 0.1700843320878248 0.17397739908846643 0.17387460107633057 0.1694816988802974 0.16079322869788681 0.1480829510593611 0.13199713106009836 0.11487595072840495 0.09889226439939258 0.08612275283491955
