_RESULTS/CROSS_VALIDATION_POSTPROCESSED_CLR/Berg/IZ/5comp/4/Berg_IZ_z_250_kriged_reverse_5comp_spherical_4.asc
ncols 100
nrows 90
xllcorner 5.6208707817415728
yllcorner 50.959635321741573
cellsize 0.00013419651685393446
nodata_value 1.7014100000000001E+038
[rows 57 to 75 of 90, columns 44 to 87 of 100]
5.414348503206764 5.540848674952034 5.616484051444941 5.623632936396894 5.555064266927684 5.4213421525333025 5.240135642205252 5.0278213300379235 4.798001850668739 4.557444476366022 4.321977923144269 4.105964665051191 3.914777195561084 3.7511428561403513 3.615240136859418 3.5091394075019524 3.4437417105803063 3.4593784109496912 3.575227239430248 3.7383635302995204 3.921118846656742 4.113777320102526 4.304387421177777 4.474023533571064 4.617684268511548 4.732110333139764 4.815552286515007 4.867974976568935 4.890966069132492 4.885520978730967 4.855373807365683 4.803121738600371 4.730966413423776 4.6431170514951 4.5440444643156415 4.437348724649394 4.329033917041286 4.230922152215219 4.146490718359179 4.078265288643869 4.028443325806983 3.9989321170448537 3.9913874331243875 3.9983088502516617
5.306683075112274 5.407029990837383 5.4605459097203575 5.45785139105525 5.395317906719761 5.277631488420491 5.114778039537224 4.920150747598045 4.705793950688333 4.478214561707484 4.244267922891356 4.023887261242058 3.8234587183268065 3.6440007159963237 3.4876868002232233 3.353970413973565 3.2418649690970724 3.2107272495852053 3.3620184072520014 3.529710483556394 3.7085874420636222 3.8952563922317727 4.077171926464815 4.23990061980411 4.380081805080421 4.495267379470464 4.584152470137451 4.646718893935938 4.684226765850763 4.697558221880065 4.687139756734916 4.654248875915867 4.601824557401679 4.533950776018944 4.4543097351609235 4.366068794906096 4.27476229814674 4.192254424913968 4.1221053786543935 4.066838205499206 4.028685617015323 4.009618179706566 4.009457528870646 4.0126846817506205
5.189579985689999 5.269694515121206 5.30756569799448 5.297627652697163 5.238052590429467 5.131157220161664 4.9829420538876485 4.805008117192989 4.606230603649462 4.3925901988184295 4.169898525896648 3.9499250671596204 3.748219201993254 3.56645267785169 3.4059048539992665 3.2691242388762927 3.166650429684864 3.149059036633857 3.2469623774722587 3.3906277513949687 3.5536844817076347 3.728263833835324 3.897187720250211 4.050616321156203 4.185503360573945 4.2996941649026255 4.391716500043281 4.459983854165915 4.504453184248264 4.525997100022345 4.526155976777366 4.5069423134046565 4.471057758772975 4.4211987673345075 4.359421886146607 4.2884179157366376 4.21366014240585 4.146772446184285 4.091146388580868 4.049269703370074 4.023378432353059 4.015448235733518 4.015833154075283 4.015834105091525
5.068384519481555 5.132675187744644 5.158917491190719 5.143548348575079 5.08544436757019 4.986270687256603 4.850589223140843 4.688070909583327 4.505014614937428 4.307945777580063 4.102533332747054 3.893435797379728 3.6947789245877987 3.5170843976561974 3.363539948771989 3.2402490704176685 3.160695059846073 3.1472296179298653 3.2066503394835104 3.3168673574647665 3.4569581387994806 3.6133562998805804 3.765489944493063 3.9063419555052614 4.032278245060743 4.140600128982038 4.229464945926791 4.2978639486145855 4.345582628544968 4.373118099237145 4.381559462299657 4.372803664443651 4.3489971836043955 4.312229294314254 4.264651410319547 4.208402207073743 4.14905011788776 4.0974305571471 4.056475980694206 4.028635765736899 4.016257134853454 4.015834105091525 4.015834105091525 4.015834105091525
4.946096565238706 4.997831071312312 5.015170543980536 4.995703464831256 4.938705484860545 4.845318402838505 4.721046068694738 4.573256146667043 4.40748520300378 4.228837027946863 4.042199935828649 3.852316655347424 3.66438951588567 3.493913584489806 3.3501454585085684 3.239601820141972 3.1719315139227557 3.1571024016000644 3.1969959582362595 3.2823970928271518 3.4009030638534523 3.5356181358736594 3.6685202612987995 3.794111023776055 3.908459564641373 4.008703247738178 4.092866082112664 4.159765705834506 4.208940312570231 4.240586658426977 4.255786872595269 4.25587846597815 4.242391929613795 4.217056607366599 4.181711578658917 4.138236332602989 4.093237277837875 4.05636216566598 4.030143679949154 4.016952084268741 4.015834105091525 4.015834105091525 4.015834105091525 4.015834105091525
4.823720320839652 4.865413965005222 4.87608687008565 4.853885414855647 4.7980773412066755 4.710384049601281 4.598001390088356 4.465530073133788 4.317134496875173 4.157033731326825 3.9898109348950337 3.8201935399858082 3.6531510382882533 3.494615587489716 3.359910130658017 3.2585330164319384 3.196702655176045 3.179368598319919 3.2070821239735308 3.2751226577450074 3.3751599621969435 3.4873066515809157 3.6009441633117274 3.710769070965535 3.812774180667387 3.9039881643270307 3.982305101169662 4.046373414998534 4.09561436731989 4.130241653278079 4.150754300568378 4.158040521029107 4.153295510872904 4.137933409851175 4.113510538118266 4.081686653467215 4.050875698110058 4.0285157807635255 4.016935371033228 4.015834105091525 4.015834105091525 4.015834105091525 4.015834105091525 4.015834105091525
4.691060171405699 4.7247383008365915 4.731134002527736 4.709172733521176 4.658470057572208 4.58200270634559 4.484201518495395 4.367488631946921 4.235508636685628 4.093467888511764 3.9456167275614487 3.7963223937823827 3.6504397748657795 3.513269083789356 3.390735994995859 3.2956174419623165 3.2367914024948456 3.216998176690529 3.2363778782271133 3.2921738203275623 3.373908637841545 3.4654392661615576 3.5607784269915186 3.655100959511014 3.7445657375011274 3.826219586136339 3.897931211850962 3.958448515685896 4.007015149161856 4.043391934462475 4.06780224439691 4.0808522358210535 4.083452072537496 4.076741765537427 4.062024900238317 4.041251703635933 4.024335937836597 4.016226860149493 4.015834105091525 4.015834105091525 4.015834105091525 4.015834105091525 4.015834105091525 4.015834105091525
4.546677684489935 4.574698740248059 4.57916738343578 4.559179499004342 4.5152692913895605 4.451584410459128 4.369959001396538 4.272355623070352 4.161148984639563 4.039025088870442 3.9098254667060277 3.7800844795049744 3.6545071411765147 3.5378555212330443 3.4352259922076334 3.3518310662172466 3.2949117703840134 3.2730172759003624 3.28645215516155 3.332026972202537 3.3949730159956104 3.468035610414217 3.5464446419149205 3.6259831343680062 3.7032030202921495 3.77538539412646 3.8404438764967344 3.89690970080159 3.943871209472006 3.980910846657656 4.0080399185428 4.025632043478303 4.03435727300887 4.035119392976108 4.028998754028606 4.019274538614086 4.015834105091525 4.015834105091525 4.015834105091525 4.015834105091525 4.015834105091525 4.015834105091525 4.015834105091525 4.015834105091525
4.395137417860795 4.418889545035056 4.4224540502730925 4.405338249604596 4.370537854681747 4.319772565668662 4.254208048207172 4.175436168477468 4.08541702277663 3.9864192878041926 3.880974349990072 3.771857185685355 3.6651623815789316 3.5673907175965613 3.482968503370498 3.4162127470753596 3.371005253612709 3.350412758483187 3.3594505602975646 3.3913698166195148 3.4375805298282254 3.4941683399761585 3.5572356982846802 3.623198153558685 3.6889485106542907 3.7519230774832435 3.8101097914678483 3.8620258228316944 3.9066795932068734 3.943524295293979 3.972406425929226 3.993511711007302 4.007310626900442 4.014505677922148 4.015982347459494 4.015834105091525 4.015834105091525 4.015834105091525 4.015834105091525 4.015834105091525 4.015834105091525 4.015834105091525 4.015834105091525 4.015834105091525
4.237656537204925 4.258171653814782 4.261724407957999 4.250246744226778 4.225393008686548 4.187736141229297 4.138196507791407 4.078037057156013 4.008839605809763 3.9324721857810108 3.851055138749133 3.766927588203419 3.6826074635370043 3.6025989614030878 3.5349413599508974 3.4835361352295187 3.4516517213421247 3.441909221484784 3.450895776303472 3.4712107149638443 3.5025363615651237 3.544353989749486 3.593479385627458 3.6468418587523423 3.701695232460361 3.755701401726881 3.8069643107567397 3.854031552670172 3.8958759407968198 3.9318648052161036 3.961721800591394 3.985484465493029 4.0034581808695915 4.014050361185696 4.015834105091525 4.015834105091525 4.015834105091525 4.015834105091525 4.015834105091525 4.015834105091525 4.015834105091525 4.015834105091525 4.015834105091525 4.015834105091525
4.075874546890452 4.093325291792912 4.099600895422744 4.095396689435278 4.08092256224087 4.056603479922773 4.023116630609377 3.981409915994867 3.932702855006375 3.8784733407407255 3.820433449012821 3.7604947414678427 3.7007192297578593 3.6432481666569787 3.591797702658483 3.5548442551331165 3.5357611825626765 3.5332001800140582 3.5407591666101546 3.5578060946176 3.583377179666712 3.616123285709127 3.654465008755227 3.696731463990829 3.7413273162803713 3.7866981071852512 3.831114275926835 3.8731837472339254 3.911868817760249 3.9460302246352645 3.9744906984349164 3.9962343899315425 4.010304095188153 4.015791094400804 4.015834105091525 4.015834105091525 4.015834105091525 4.015834105091525 4.015834105091525 4.015834105091525 4.015834105091525 4.015834105091525 4.015834105091525 4.015834105091525
3.912844229892369 3.9271726686297845 3.9382413313240674 3.9418822530043025 3.938225949126007 3.9275190549559356 3.9101788844619327 3.8868334318575015 3.8583429359350396 3.825802425881612 3.790526323005034 3.7540158993255006 3.7179088805782636 3.68390914521421 3.6536951180798654 3.6309448759212772 3.6206766471290663 3.6186913395355207 3.625014896360912 3.6393071651546363 3.6608219437166785 3.68849084266357 3.721026536368108 3.7570226667530244 3.7950353414731115 3.8336406192738837 3.87146942001176 3.9072247522049373 3.939686813926287 3.9677107085679655 3.9902202413220746 4.006200069322239 4.014687563655883 4.015834105091525 4.015834105091525 4.015834105091525 4.015834105091525 4.015834105091525 4.015834105091525 4.015834105091525 4.015834105091525 4.015834105091525 4.015834105091525 4.015834105091525
3.7528983315220117 3.7639953896821554 3.7787782554558413 3.790818552664965 3.798447094276085 3.8016880516627225 3.800666052356916 3.7956701034810827 3.787195275606893 3.775959241688054 3.762894543951102 3.749119023841428 3.7358868251263764 3.7245220337827423 3.7162945684850257 3.707697199716148 3.699319059159164 3.6976659763222552 3.702932773930743 3.7148513647442227 3.732827666885324 3.755996565173687 3.7832924381428614 3.8135215086725975 3.8454255282250247 3.8777313035556285 3.9091850493371987 3.9385734015280107 3.96473413629332 3.986559715330252 4.00299628277643 4.013040073663445 4.015834105091525 4.015834105091525 4.015834105091525 4.015834105091525 4.015834105091525 4.015834105091525 4.015834105091525 4.015834105091525 4.015834105091525 4.015834105091525 4.015834105091525 4.015834105091525
3.599411401478105 3.6076074462206087 3.6229629487790893 3.6433648622525956 3.6628059524974903 3.680416195547445 3.6959779579339576 3.709409808876456 3.7208294692772474 3.730582498841173 3.739239607127061 3.7475681592635763 3.7564836735660685 3.7659013080581176 3.7719652655628995 3.7737850413044285 3.770824842298151 3.769461470268641 3.7738056624293694 3.7836405213966615 3.7984817053259947 3.817614700809373 3.8401442037062266 3.865047109422609 3.8912219350085158 3.917530122839557 3.942827413805852 3.965985557137726 3.985905813174812 4.001526137486267 4.011823877489599 4.015815515645668 4.015834105091525 4.015834105091525 4.015834105091525 4.015834105091525 4.015834105091525 4.015834105091525 4.015834105091525 4.015834105091525 4.015834105091525 4.015834105091525 4.015834105091525 4.015834105091525
3.4531696044365305 3.4600473585209652 3.475858527986734 3.5010324925013903 3.5326340895646196 3.565152112663544 3.5976754362088808 3.629709316000062 3.6609786111515255 3.691464570695846 3.721401707844076 3.7507095664596393 3.7767467576521874 3.7986064750470026 3.815724807463656 3.8274764077056984 3.8331237635496223 3.8334158480982112 3.8369406919040565 3.844917290103293 3.8569426490821055 3.872416229991288 3.890575333308139 3.9105344381763896 3.9313235917999143 3.951922319147184 3.9712871697195875 3.9883724480307507 4.002144653433545 4.011591667857855 4.015727882221842 4.015834105091525 4.015834105091525 4.015834105091525 4.015834105091525 4.015834105091525 4.015834105091525 4.015834105091525 4.015834105091525 4.015834105091525 4.015834105091525 4.015834105091525 4.015834105091525 4.015834105091525
3.3161701451286927 3.3233461486028295 3.3401152974797617 3.369496191032657 3.4097187661866 3.4575403848810398 3.507531219315376 3.558434241438209 3.6094708387766823 3.6589228035714143 3.705546924611583 3.7484928762985694 3.7870193967911647 3.820445953834766 3.84810153031262 3.869274671740702 3.883168514885846 3.888864301110928 3.8916541983660897 3.897951158993193 3.90741718793119 3.9195396915849168 3.933660629616359 3.9490061400362566 3.9647165128962376 3.979873852129384 3.9935257470988663 4.004704229304545 4.012440032880093 4.015772650094553 4.015834105091525 4.015834105091525 4.015834105091525 4.015834105091525 4.015834105091525 4.015834105091525 4.015834105091525 4.015834105091525 4.015834105091525 4.015834105091525 4.015834105091525 4.015834105091525 4.015834105091525 4.015834105091525
3.1873307294936692 3.196700881834362 3.2162501041171883 3.25092703164831 3.298968558618027 3.357575446634564 3.4233519101794028 3.490552270587057 3.556816524815612 3.6207297781564507 3.681120972983858 3.7370138882600665 3.787569427546821 3.832027456877922 3.869652183141097 3.8996832713730774 3.921294368125145 3.933560552840011 3.9372686707194515 3.942029807623953 3.949145317717427 3.9581716738535455 3.9685345433267867 3.979551417294324 3.990455188084579 4.000416691984632 4.008564818299568 4.014003411565403 4.015834105091525 4.015834105091525 4.015834105091525 4.015834105091525 4.015834105091525 4.015834105091525 4.015834105091525 4.015834105091525 4.015834105091525 4.015834105091525 4.015834105091525 4.015834105091525 4.015834105091525 4.015834105091525 4.015834105091525 4.015834105091525
3.0535084324488917 3.0659739273347784 3.090692933007283 3.1321825205527283 3.1890083446511013 3.257472764146393 3.3339311874695037 3.4150852330209953 3.496545580085079 3.5748509032325897 3.64871872565893 3.717105607765198 3.779127642376081 3.8339914607383996 3.8809360490980422 3.9191846744785 3.9479063452400145 3.966186593314268 3.9731108352886295 3.9764535855721412 3.981390625700133 3.9875335415745057 3.994375803324069 4.001310290703131 4.007647998679551 4.012636449588871 4.015476683265411 4.015834105091525 4.015834105091525 4.015834105091525 4.015834105091525 4.015834105091525 4.015834105091525 4.015834105091525 4.015834105091525 4.015834105091525 4.015834105091525 4.015834105091525 4.015834105091525 4.015834105091525 4.015834105091525 4.015834105091525 4.015834105091525 4.015834105091525
2.9144578836336796 2.929685608597019 2.9610756099524647 3.011182430458623 3.0786359065654376 3.1584693142175935 3.246194707915967 3.3380595877918022 3.4310124234615476 3.5225474030952006 3.609415051812805 3.6896751291804946 3.7624561395771234 3.8269764597966933 3.882485040508041 3.928215714132072 3.963352381488937 3.987003483655958 3.9981848237264166 4.000531877803503 4.0034337540021685 4.0068722470480065 4.010396404389813 4.01346186709176 4.015445845374217 4.015834105091525 4.015834105091525 4.015834105091525 4.015834105091525 4.015834105091525 4.015834105091525 4.015834105091525 4.015834105091525 4.015834105091525 4.015834105091525 4.015834105091525 4.015834105091525 4.015834105091525 4.015834105091525 4.015834105091525 4.015834105091525 4.015834105091525 4.015834105091525 4.015834105091525
