_RESULTS/CROSS_VALIDATION_POSTPROCESSED_80-20/MHZ/IZ/3comp/3/MHZ_IZ_z_125_kriged_reverse_3comp_spherical_3.asc
ncols 100
nrows 81
xllcorner 5.5967107548124995
yllcorner 50.982328804812504
cellsize 0.00017565037499993607
nodata_value 1.7014100000000001E+038
[rows 38 to 56 of 81, columns 44 to 87 of 100]
11.002382529042858 11.361628817115065 11.651825271976197 11.851558528230399 11.954084995642852 11.998822594592456 11.998122950336612 11.96133080422626 11.91161053830253 11.875300141131264 11.803057945528913 11.697916147207057 11.574956939008679 11.454931995763818 11.355405673110214 11.322659356227433 11.370584518443382 11.482400562634911 11.63610859079377 11.805884862030492 11.960465692353006 12.058137696253656 12.096425019536373 12.110665468008488 12.151452396472893 12.265467548227987 12.499563149648306 12.848391664524621 13.230291900885208 13.400750586228105 13.40108390198199 13.383992746276244 13.3702683429854 13.367040499158971 13.38102896182582 13.414559385629964 13.446156068387872 13.45185441067498 13.389926441128248 13.270098213070463 13.11721970681347 12.945090548801073 12.762199811704706 12.629954919196129
10.569916983597315 10.911446640955692 11.199001471068488 11.416457391890392 11.553040217821321 11.638317655058934 11.687768866329403 11.713752077077768 11.735198960463483 11.74977173520453 11.710900585019582 11.624904916842544 11.503797681551129 11.371786020481945 11.284670508959731 11.241700074835013 11.250335535165638 11.310984319369377 11.405437256550524 11.515700363388165 11.60232478070128 11.622878018320089 11.591471638835287 11.540569493150445 11.52538099806358 11.635444184789948 11.924885903621265 12.345959265678214 12.776672535127325 13.079691200857846 13.229120720286588 13.297953681468563 13.327001908062558 13.3394523275778 13.350702474132206 13.368786621023274 13.389629453330642 13.394611565122547 13.345163974704763 13.248377593719932 13.119195811747383 12.968961712533575 12.804954623385179 12.676339559915311
10.104237148890597 10.421352809037408 10.709911678896924 10.945710888312338 11.11699735193869 11.235376023321262 11.337727935511849 11.425616763092076 11.508393369310141 11.567551587340667 11.561573476987332 11.496610193501942 11.380792027123258 11.253435212737187 11.172377323792862 11.129572777161101 11.108280724694767 11.126780537631191 11.176103702674874 11.237966330763784 11.247068639300046 11.18987029487324 11.079894359198777 10.93946608144609 10.845430503178653 10.928912107611492 11.293740751121945 11.841757123344491 12.386960174272403 12.806615798297058 13.060485432956687 13.194372854391728 13.25245344333103 13.270392882605714 13.2743883731916 13.28083164155387 13.296919675143135 13.294588665006074 13.246462958388323 13.160803977710255 13.046538533642039 12.911105251329932 12.759415497737248 12.626817747726951
9.658669441126861 9.916869262191529 10.185448897094188 10.439831487453214 10.652093648708458 10.819405189619332 10.970816682229339 11.109910660348712 11.245839074549028 11.346214910868587 11.373078526504136 11.331258605695421 11.224835952907116 11.110082292040774 11.030518307750812 10.979004824521018 10.945306404901475 10.934372029182478 10.953975902699751 10.960398037422864 10.906803047559546 10.78987062221333 10.619626501741235 10.417619076715454 10.215185442281864 10.179682841435918 10.698238748143044 11.454674653064993 12.141382079731596 12.656169366857053 12.965308125959599 13.119177864496537 13.173975701782606 13.176882789207852 13.162968916518194 13.154596737158261 13.161685798085593 13.146975761159766 13.09620857825732 13.01497632557404 12.908666270847974 12.781437440103241 12.635384812000988 12.496722321386791
9.23926208715441 9.445515054374171 9.678708690686785 9.929456937223872 10.183293183099254 10.40465633312097 10.596845260939375 10.7787098994023 10.960344312341599 11.100426528356445 11.160549183294082 11.142211834972874 11.045686046363128 10.943506213457637 10.866118366918796 10.808944155051451 10.767329828315699 10.740526223000447 10.733472189423773 10.69329427388646 10.604589341536846 10.471204271594221 10.306038140234014 10.109748081167965 9.878663726849169 9.643280654896312 10.433572523842948 11.35208066630501 12.128581603599628 12.683190576790802 12.987782508343829 13.099645825005874 13.10339778357166 13.064256081248091 13.019157476581839 12.99129195192083 12.975529438975613 12.944415186907177 12.88960138768347 12.810638642622543 12.709783965232175 12.588270925009889 12.445544154963734 12.304117651882677
8.862465518735414 9.030442766452078 9.240820695970081 9.481679368979835 9.738459371372258 9.995210977570613 10.225309402815979 10.44327986266514 10.662975899042923 10.841441236209645 10.931762672860831 10.933594811099555 10.854797527939077 10.764404970886364 10.688598108801724 10.626957579493984 10.581082952491352 10.552230477742858 10.514478554362524 10.45507106961016 10.373590828645261 10.270562217909747 10.1554022794493 10.047966467526267 9.989383581608172 10.138766785317674 10.74341245580565 11.597568194375352 12.387215143397308 12.917247573971864 13.134098138702155 13.133849630804157 13.04128783056678 12.927170370289442 12.837028895857033 12.783517137010247 12.735145352758368 12.68415810299494 12.625752222332817 12.549533963012404 12.453885745929137 12.337686688842703 12.19871453579706 12.060989622178896
8.539384690741844 8.673904841718533 8.870115227200978 9.109433003110173 9.370567142851257 9.636897616165903 9.892897052292302 10.127929078099893 10.368472089225177 10.573865175137923 10.689088737745776 10.714744946056094 10.65914523825631 10.581205928226979 10.504231881205701 10.443481310155041 10.408799415435265 10.375340898049181 10.32864933370206 10.276085230350278 10.218973644319995 10.162875396100068 10.121352016732724 10.130301660668897 10.24850489016671 10.57683779392597 11.197077955006256 12.039713664842527 12.87439455536527 13.344318847643786 13.358261451035226 13.16678027222025 12.946378102158363 12.754506222591145 12.613896225428329 12.514248482827842 12.437509942899009 12.370947156112125 12.306873302698758 12.236246882396475 12.148264681077128 12.039725895518892 11.907412068428032 11.782032212101736
8.265058107984924 8.372175243848943 8.567860359897171 8.817505463691122 9.08834036056219 9.360453684421193 9.626556821955303 9.886096435552899 10.128475983630922 10.342972642344627 10.475763705137329 10.525085145350511 10.497674105158383 10.436211210432274 10.362333912768813 10.311509387811935 10.28362023412699 10.238450866852146 10.186427975324069 10.146081469333831 10.117611365607978 10.110181320205303 10.140799000422817 10.242967952537636 10.471808083066312 10.88896701558292 11.541150868904069 12.424261446669933 13.448630611135279 13.874587008325182 13.495858032750405 13.093241236979205 12.76107314223817 12.51385674157654 12.331636481011204 12.1901866375079 12.087036118590067 12.011428501683332 11.945706116007017 11.879331384673836 11.802690436898862 11.705614876564544 11.584504206652314 11.482526723758209
8.035007024901502 8.124893124149239 8.344955742954095 8.620205419316099 8.90309937350545 9.175811914605392 9.442879926647512 9.712274280698164 9.958134761458421 10.172666083235088 10.319058609999612 10.393006464838507 10.405669981834812 10.363880128045633 10.283894602261528 10.228239778672826 10.187177703492738 10.13264481572591 10.077225432999153 10.050056861940297 10.047607803092609 10.080116880565091 10.164164719570481 10.32484515149429 10.602129296557486 11.03642257788318 11.653331832715713 12.451551464091908 13.355623138697641 13.677066813842883 13.243919464926362 12.80032716668728 12.439858092750248 12.1736515951605 11.972490348738251 11.818829317258038 11.705109825694834 11.623160599468902 11.561387267180615 11.501544120177094 11.434144664744158 11.351777617086507 11.248217377227931 11.1779541079247
7.847192761381754 7.94555613376587 8.237221900536037 8.546714352513888 8.831637098200146 9.093857322504816 9.35082288290205 9.603427233368466 9.848398607992905 10.065454192840361 10.216316847669239 10.300604146506544 10.334485974665993 10.309769739862901 10.230822460147431 10.16505264126226 10.11275719574687 10.05131226477118 9.99306433095607 9.97668072401958 9.993680519518659 10.053026069954843 10.167811762544277 10.355070250155297 10.634354699309563 11.02749389279226 11.535279860017136 12.116505014718596 12.632579226206675 12.813057286411578 12.616825038205457 12.290384974691836 11.97601607579703 11.725342999775744 11.542557276981677 11.408483649306026 11.304887382773687 11.228419215279832 11.170442679207653 11.121089705768739 11.06366333652626 10.991814336974084 10.912706256333562 10.877121726812021
7.762979748668511 7.952402180855987 8.332529593235973 8.637834413937403 8.890022254600154 9.121693891974727 9.347600453933545 9.568853235995508 9.793146113288124 10.003674630177683 10.167480248576732 10.250129271637501 10.261748856478746 10.232926729512574 10.17690919088142 10.119240216055866 10.058957317717788 9.9916112583323 9.93056458786834 9.920078511192488 9.948807724403432 10.022303592884775 10.14897114776629 10.337412468718206 10.593804777969996 10.916986212188293 11.293331719894722 11.671525246338147 11.954436793577973 12.035894967268737 11.908021958026788 11.659467618759715 11.403324309394621 11.202668289105254 11.069430715382287 10.977872924586745 10.904778845297464 10.843488648516075 10.794242128418858 10.751894848381442 10.706493873097898 10.645280739888499 10.594168210579753 10.585233362585509
8.374502511942127 8.471121124118747 8.716181199830089 8.911411791690552 9.081113985590719 9.252625970542333 9.427187927642603 9.606297388072942 9.795316288422026 9.986993015041165 10.14876092677737 10.236508569166881 10.235157924682715 10.193092544888275 10.14333600807829 10.094465011074815 10.030195199619442 9.954945940149273 9.889190638197997 9.879805417882983 9.913213026179767 9.99121262994908 10.117621974382637 10.293655567100814 10.515652500224903 10.77128744556471 11.034482144384489 11.26488435271754 11.40465750393095 11.398167631980776 11.240457948280051 10.995335257186074 10.778290130893893 10.65516931989743 10.595781998420549 10.560948981698285 10.52709441681064 10.486577582904417 10.44798825724782 10.411175289665387 10.37407303196236 10.326958017028339 10.304998752082223 10.320007801167634
9.134524518883092 9.244500347702644 9.31289971064829 9.31761083024379 9.370709164329671 9.463167713231117 9.575494369704254 9.702661047624064 9.842929315011615 9.991886974324142 10.126791440756739 10.221316251513528 10.231213502209728 10.190127452842184 10.143272344773223 10.095191630154972 10.029561257203328 9.945914117516821 9.872312783930054 9.85967120898398 9.89212903172773 9.968851779435333 10.089867349205818 10.250414272804557 10.43982064104556 10.640172041110727 10.82416752625311 10.951151396013856 10.982846868556537 10.892985360399376 10.677388821717148 10.374015127903673 10.147889349955191 10.142836792498388 10.179105486209801 10.198314799323246 10.197574036666913 10.175999493563516 10.144984897023953 10.111735198623109 10.076648267173221 10.048478051103132 10.052993993734052 10.093412035215186
9.759148419999825 9.84948692971681 9.816596109502175 9.706557498783527 9.671611784102508 9.690821897294716 9.740248413245235 9.81191162210276 9.900808362384918 10.00326660955835 10.106436660456389 10.20231765894573 10.229171433081612 10.191108702387812 10.148608784500203 10.10747351980325 10.045159311733316 9.96095058866427 9.884501268815464 9.865507120134817 9.892961664685412 9.966014063710967 10.081751034409454 10.229460260947109 10.391492798215667 10.544906356061936 10.66291736458443 10.717047351251106 10.682101344805197 10.542287668388669 10.293175249605396 9.944178578186232 9.643308962824198 9.786092991769218 9.880978968244278 9.927507552310297 9.939732489117922 9.926346304385964 9.89585938862637 9.860944849860417 9.820869699439516 9.815965075076475 9.846736679575248 9.913044716253948
10.188026572733804 10.148243088056654 10.084090673005996 9.990552094932093 9.925511696131215 9.895958839623427 9.895892270567984 9.920249561358235 9.96451760062982 10.028763125046979 10.105759554751069 10.179648733942837 10.220366147106734 10.191304182983727 10.146231309790213 10.10488734406618 10.043086749825045 9.957425801666567 9.88789430013856 9.86968756821265 9.890767288486428 9.9594571455039 10.072423390208776 10.212881420459116 10.356697578230921 10.478224948104998 10.553774186589242 10.563759565798586 10.49545571460477 10.345062656242876 10.116754772968358 9.850985660714725 9.673532329647887 9.672796816170646 9.724271317527954 9.759799509637896 9.765661588746708 9.745071761581897 9.704419610910046 9.653061763085018 9.62280855583065 9.637801136944384 9.693853610642089 9.785550283720267
10.500983432173383 10.391170660732913 10.293844091728323 10.20024415540043 10.126231926878333 10.070394142486036 10.034402493661283 10.02148063584047 10.029450762268475 10.064546057819657 10.119946840894777 10.166781441595122 10.196682144278666 10.187033071531031 10.135425009782939 10.08828741983244 10.022662499151222 9.93292835250664 9.867768200911472 9.847312200878493 9.86522435649999 9.936028073887918 10.057939903288487 10.206938231288355 10.349227653604476 10.455677243055069 10.506092944801697 10.490180535063383 10.407273791620849 10.263480637762894 10.072940583968052 9.87723732998472 9.736967104911761 9.680792172002144 9.674311839536283 9.675976675475592 9.663278556872044 9.624811697150193 9.559409098363085 9.503254351006001 9.48848716542671 9.519362548269457 9.595645695963869 9.707970618736752
10.737005819916586 10.588172013492457 10.46615349562901 10.363405287826351 10.281507904815932 10.211452550524266 10.15318223303376 10.11181668294865 10.091016929377815 10.10215473531958 10.136204537038893 10.161392631115424 10.171539178193143 10.161716881436888 10.11539401229145 10.05846603015966 9.987172775974383 9.897137942566129 9.834883899416761 9.804120142235767 9.807014902368303 9.885116182791798 10.043284482801718 10.22588910944653 10.384722334791437 10.488297019698905 10.52194135952491 10.486993573004375 10.395204472902684 10.257532308877067 10.092703466608013 9.93076786665169 9.802511656259764 9.720729797635899 9.67241852040061 9.635081842011619 9.590682710365678 9.528295192865983 9.456911664421032 9.414534122935915 9.41162754833471 9.455768988706494 9.549274671598146 9.681971336770484
10.906062996710983 10.736605249459933 10.599209986617426 10.487833084884313 10.399163396634446 10.31999180261588 10.249763174017486 10.189471001734466 10.146957846226039 10.138740359898096 10.153796336399 10.16033681712656 10.153177654662391 10.128239991581612 10.082302050847469 10.016218837997421 9.939654835104582 9.86041456567671 9.805881718698542 9.763166480461052 9.729540620371239 9.805440295237268 10.036609771081503 10.270660392680172 10.461625591841953 10.572684123138359 10.590006370146748 10.533734259585536 10.429054738219348 10.290446651232859 10.136205832937058 9.985814354759606 9.855711653459425 9.752586237404785 9.671131224837865 9.599009412501589 9.523518815978571 9.450301485204495 9.394706579761845 9.370700542065608 9.387207988331031 9.448799826492486 9.559973982662097 9.71175177192337
11.011734597064185 10.835139389635827 10.691207350067156 10.575331077589368 10.48300032288153 10.39915914945433 10.322367593768691 10.25319073680821 10.195563811243034 10.172499763882414 10.170992860056014 10.161152107822733 10.13883583185435 10.100614766757358 10.043786363039553 9.966214973782112 9.88849084918016 9.831876842305071 9.796542240578521 9.76448152577217 9.738444470728767 9.825686611235597 10.083338887875913 10.348145520142602 10.57594982765093 10.694965583673776 10.676329494905834 10.587367809885615 10.46323327399057 10.318556384503399 10.167486097482568 10.02215123001303 9.890169167378858 9.773970706041874 9.66988439358257 9.571255462171374 9.488390245343318 9.424753078360357 9.380586202022 9.37022874685459 9.403192175914318 9.484958250336554 9.620137231044438 9.774617470348153
