_RESULTS/CROSS_VALIDATION_POSTPROCESSED_80-20/MHZ/IZ/3comp/3/MHZ_IZ_z_355_kriged_reverse_3comp_spherical_3.asc
ncols 100
nrows 81
xllcorner 5.5967107548124995
yllcorner 50.982328804812504
cellsize 0.00017565037499993607
nodata_value 1.7014100000000001E+038
[rows 0 to 19 of 81, columns 0 to 43 of 100]
7.3599250940620715 7.57382406145604 7.753061464054031 7.882482831608603 7.957227297533043 7.988223673045093 7.964242716683378 7.891020368305678 7.788983925925804 7.682011243931923 7.590117624848001 7.528102275672818 7.50670463299756 7.5342121854488715 7.6195792613830875 7.766483542276386 7.976478806183182 8.250342501456155 8.588306332565521 8.990276690535806 9.455901036404814 9.374685090708775 9.015219505439692 8.68592419294631 8.365978745335191 8.060397931644479 7.784920829798867 7.534215885245923 7.304265236551288 7.091834962053017 6.905150275765304 6.754813695364994 6.638990884108437 6.555940925348455 6.503973379064829 6.481345024508787 6.486259937855779 6.516938268942579 6.566432800471947 6.600865004688032 6.612291982253164 6.5997044622149295 6.558920706312203 6.488096604117683
7.512895329430923 7.748181541279366 7.954464445845436 8.114792100810037 8.215408573871134 8.251789821912055 8.198338903996797 8.067068365061868 7.897609861090975 7.726860623633179 7.57921511378057 7.470676888792376 7.416745227972356 7.423338310106044 7.4933629485081905 7.628210684482142 7.827453506783415 8.08827313832941 8.403352586233362 8.751213864295227 9.044061383043385 9.045217382008769 8.817160087181964 8.54629528171113 8.258963137300674 7.982066079858871 7.73090797370821 7.505907094496152 7.3056593070945075 7.121928664123302 6.953589860226356 6.817581134292993 6.716440739001952 6.64860317042739 6.612426183638818 6.606061717057887 6.627332414118543 6.673695048915851 6.73627007976352 6.779097839870546 6.793356479371609 6.774454290307289 6.715590497044699 6.622427426272501
7.62457167779934 7.878739078899842 8.113261368813243 8.314007504097805 8.4602695455556 8.520255318784969 8.424795869097009 8.205882076986 7.949170469748457 7.705647408195765 7.504436458704515 7.360799332224212 7.279184913397836 7.2625597699201485 7.312524399350077 7.42853667865752 7.606767219985026 7.83817736382906 8.104774758462856 8.369692674450139 8.561133821708456 8.598116025029388 8.492724005393756 8.314325489281185 8.089159476050515 7.8606786978719425 7.6448449689379725 7.44671319605675 7.268939170849296 7.1131070555385385 6.974284125138305 6.857389127121513 6.775216753750403 6.726711670518447 6.710597748864397 6.7251834156327766 6.76808746708283 6.835976386293691 6.916069221687287 6.970027592476284 6.987491302814347 6.955919920600969 6.876136605766149 6.757159769804019
7.6836226590034595 7.94782706285932 8.201867224536802 8.440209137593428 8.652563699155856 8.791890160164275 8.622212353223528 8.267924457773036 7.916144729729911 7.615629166314891 7.377200892365749 7.202739208026208 7.094103812068774 7.0534582467780185 7.082003132757353 7.177790141518145 7.333550457802734 7.53510442513262 7.759112967978056 7.97035081189393 8.123319906062118 8.181721285874726 8.147129460858576 8.04535919184996 7.886428800550798 7.711297285090725 7.535973035245832 7.3691002845402895 7.216186465886904 7.08075655169521 6.965186243845138 6.872480159900837 6.812623130584121 6.78677147812322 6.7943220196123075 6.8341074328990175 6.903931528949976 6.999899440740926 7.102676113881339 7.172086062054088 7.190416598337322 7.143702931432529 7.0387209083168685 6.889305996147954
7.682208716525748 7.941234932899628 8.19260405129251 8.43520970190067 8.670008781217287 8.922069911243524 8.633049772573381 8.1752224804854 7.782620142042812 7.457134262108372 7.195928155865645 6.998287787523714 6.865948920615683 6.80251837885721 6.811128885809513 6.890286209177446 7.030242839499938 7.212503188987239 7.411658009372042 7.597310556410155 7.738897865793079 7.815677225708592 7.826420421562574 7.780142375877561 7.67774817456832 7.551243975976861 7.415136180539357 7.279771543408097 7.152326202398565 7.0379131650394795 6.940275542051914 6.863476753927637 6.826808351540425 6.825678618810207 6.8592460660294465 6.9273214262092795 7.028577676640434 7.159381241416125 7.290627220946412 7.382130982670419 7.401643500861055 7.336488783760303 7.199328577744094 7.013187706631411
7.61968524343409 7.856545542808845 8.078240649750832 8.276383362223264 8.427583206789974 8.471394430108672 8.265518644620922 7.9076608162551825 7.550476202141654 7.234448656875675 6.968912160047886 6.757614718343607 6.605401856380537 6.520311442194846 6.511502905955084 6.581333867210093 6.717688014806915 6.896306948120638 7.088853498203979 7.268271621497104 7.411919803418064 7.505984242207274 7.548851952137532 7.541719313191522 7.4825638284901625 7.395399358121865 7.293049289969035 7.185808414094927 7.08168084640949 6.986833494969762 6.906039952520188 6.8430926920266195 6.817602118488911 6.840956238861853 6.901052735107995 6.998377401593839 7.133323484659446 7.302798812174471 7.469234506472798 7.5930597233304375 7.621248562917144 7.530098834894935 7.34693031200243 7.114347209254316
7.503729251383877 7.706161240877611 7.881522270355693 8.014191737991721 8.073094274705795 8.013750774270335 7.8295339656532725 7.557378660783237 7.258385233326201 6.97224367760695 6.716541640728544 6.499795501474466 6.3300584950326675 6.2212683707897325 6.19525138991603 6.26591741258131 6.415786376507403 6.607960959351154 6.809063926967774 6.994354328520556 7.146633765654039 7.256450305051901 7.322995474081222 7.342532374145279 7.313194317284237 7.25481124722881 7.178347060157779 7.093546145959979 7.008596636683412 6.930174046671733 6.863675794547121 6.813502394793887 6.795004926618348 6.831210687183459 6.916128215184618 7.040618948413516 7.207204573088674 7.410373737639114 7.6157489852518205 7.790322418824763 7.84820157640547 7.705846392652781 7.4566000543204005 7.1752454228690254
7.347748790200943 7.511162077547843 7.637889042269993 7.7114558190872025 7.707500492857888 7.604748806696728 7.431849792607295 7.206925234617664 6.956046404501202 6.703993809461406 6.466204828030983 6.251244589649625 6.066248605927319 5.926335041599877 5.874004123715877 5.960925975042334 6.148511648873456 6.369727427723595 6.588594035168555 6.785261281610564 6.947778960055634 7.070389500965972 7.153704037511058 7.188755091746126 7.176997820196291 7.136638509822267 7.077300915458778 7.0080660272253095 6.936921162840362 6.870625195984983 6.814806861867321 6.7741662527055 6.761496319440023 6.802506109193933 6.9027176669061525 7.049137105053482 7.239829980117182 7.458879162897578 7.687169316054515 7.908238611801031 8.077314227415481 7.799371588627318 7.489715528214602 7.176674032666254
7.1666890489085215 7.292707006558212 7.376958348371803 7.405718612622642 7.363309976715655 7.253672178950319 7.088241824329944 6.892302709833715 6.677893279065779 6.458544187179295 6.244474433580098 6.041447137154336 5.85203105439482 5.67930629595858 5.560252037384375 5.70349177129575 5.954480305448339 6.207356786716854 6.443001608249971 6.649738934126656 6.819902840367353 6.9506123586458095 7.043733419088142 7.083263026915325 7.077733852268353 7.0450264911802645 6.993968062500043 6.93301631584406 6.869748419761349 6.810690229480413 6.761357046264712 6.726401450346696 6.717270698562347 6.760392214996358 6.86297993422325 7.023463313693615 7.222836541569409 7.434246893884304 7.645286900500866 7.8217556238403745 7.879108291696824 7.698889656105125 7.4154175740241355 7.108487606218769
6.9739014536543795 7.067463670997999 7.118013555449496 7.115306665615213 7.055950771279209 6.952212907081417 6.801663045500376 6.626721272109104 6.441887643541379 6.254169715675724 6.069880759880351 5.893215132024807 5.726462234018136 5.572835587754095 5.4687709257538835 5.623365219200728 5.882978503390712 6.142768149595003 6.383613546681877 6.593872908275776 6.76627402668446 6.8989680542513 6.9924730650072 7.0266759032416735 7.016597934642115 6.981730425371515 6.930452496431866 6.870650079106198 6.809342662504811 6.752572604401538 6.705450698320233 6.672276905168715 6.664098191124769 6.706783359388781 6.806919071441395 6.968949456657923 7.157763302077111 7.345916552765895 7.515468912412161 7.625606135714448 7.627398807315637 7.492476207339458 7.260287975100223 6.982178817432386
6.779862733547884 6.846983400609092 6.872327245870129 6.848814317389737 6.787452659717126 6.694937973682907 6.568439902847745 6.413802874014436 6.25491538075519 6.098447505392804 5.948916201087126 5.81114779911869 5.6919219597027375 5.606929963484671 5.598883570320616 5.720249049914123 5.93504455103841 6.177816069727521 6.412561622882475 6.619516690794364 6.788081927697333 6.915913551266593 6.997961454555693 7.017501328826937 6.992651144753595 6.946475226956977 6.88715136703109 6.821949947234017 6.757165662318647 6.698133134851283 6.649317791359745 6.614428554615288 6.605125565617899 6.646725538936604 6.746034583015935 6.8981852660712315 7.070252981422924 7.230296411288693 7.361129218423941 7.427665164643941 7.405155496485641 7.285307597094552 7.0855011088003 6.834782897913579
6.592210193682798 6.6391009449942 6.646886926279337 6.61322029584185 6.556584001635189 6.478052899637278 6.3759901023030325 6.252087812705912 6.117340995707811 5.991089461543693 5.877929826676628 5.783588084800641 5.717190325975571 5.694621772282297 5.739595255239367 5.868230065870817 6.065447688328317 6.29527325824424 6.523472138469826 6.724719092174087 6.884519725606827 6.999845986718782 7.056191481360565 7.051462362865664 7.002862589440049 6.937129416184384 6.862959141751632 6.786794259344078 6.713971760927544 6.648900121483152 6.595207368143578 6.557023361684197 6.551269926717539 6.597919468707911 6.6958848964406545 6.826550140908455 6.976028015353831 7.109903455335977 7.210688231554857 7.249900686107496 7.213897982959239 7.100547881619618 6.920190885634381 6.690978822166837
6.422357240469966 6.45578833889102 6.452676873227968 6.416993197543864 6.36803223564863 6.3045170801458505 6.225490974737142 6.132446296062612 6.029379062726674 5.9290480546646664 5.849063492579324 5.795589243404775 5.776280154666564 5.802958488941607 5.888348072531892 6.038040297548703 6.242095312067944 6.475834994226587 6.707371833425037 6.906225337065362 7.053601144821717 7.14188885138505 7.160150401989071 7.121424317032149 7.041937312681883 6.949801610203211 6.855483893555668 6.764179826790581 6.6799708551927335 6.606167187768036 6.549578702855303 6.51409105959106 6.515621843951072 6.566059120377794 6.64937953643493 6.758793661726627 6.884569899438062 6.996694430178755 7.075424327643168 7.0971435226942114 7.05296925612411 6.943172649990048 6.775255695064773 6.562005303554291
6.277195253585393 6.301560166721773 6.292028892249585 6.258849967086451 6.219041322449253 6.170957206455682 6.11393211994197 6.049305218404584 5.9806659699484985 5.913656522613437 5.860187735486045 5.838185712881973 5.856022908316299 5.922212532163925 6.042838092731195 6.220367424304846 6.447505097501874 6.704207180212965 6.956541325109958 7.162015108375708 7.291559971980381 7.331083986997701 7.2981796834976365 7.216465384060572 7.10212226859296 6.979038096620087 6.8613830359817065 6.752549499135255 6.655406559655271 6.578082719934601 6.523075394485072 6.491055899958301 6.498842707854036 6.539257585715533 6.607734873142462 6.6978899221114165 6.80256708610539 6.8974751687149105 6.960095556674739 6.970608291440518 6.921551861774472 6.8143212826768025 6.65507878678238 6.453792689541615
6.157882493086532 6.1768322856999385 6.164274437804491 6.135549674406323 6.105236393874563 6.072420131737414 6.035878245511163 5.996756450939044 5.95893024652654 5.927467280599203 5.908861877891485 5.912581228014218 5.956262152477483 6.04938237200036 6.198906330491664 6.4058525333769945 6.665299632704256 6.962674187040885 7.262077055282195 7.49254333701849 7.582187537240056 7.548527950920941 7.450993041256247 7.321003355571571 7.172542991953453 7.018397576076282 6.876948622878682 6.750629434909062 6.647615288334949 6.569998497864786 6.51649502374561 6.485669793902087 6.485706723152409 6.515645221107583 6.572048761650705 6.646591508252343 6.734367959014074 6.8160688986801565 6.866641163747598 6.870297312820556 6.818701192698809 6.71385373607951 6.56120424666744 6.369141764835157
6.064848396108202 6.081534990858366 6.068873610935698 6.0444715027640985 6.022804411783732 6.007071701553724 5.99232339106062 5.979292328873879 5.970721999783596 5.970957981327529 5.985882110887097 6.022779709467825 6.090060193556308 6.199694248293643 6.36447632303805 6.589927617806038 6.876011382153243 7.217672547383784 7.595939473732728 7.89350629240394 7.891962713060523 7.754256997248778 7.5895352172427115 7.4177268480833645 7.242937539078488 7.067500358394109 6.90605601177239 6.771072209132329 6.665520318319028 6.586140151706246 6.522638344550094 6.4816504867797695 6.4735455097035945 6.495810868686007 6.543093586686092 6.606622997337347 6.682693538217455 6.754646704718222 6.795765951364483 6.795631375421634 6.743357001995485 6.641103162969489 6.493874690505386 6.309135809017952
5.9979747826611405 6.015255347883819 6.005362784131828 5.989574971856414 5.982772846504925 5.9849858101135816 5.990715182359136 6.0003956522978665 6.016506587665109 6.042931214689362 6.084866921371825 6.148691172123027 6.241719489432269 6.371834180612869 6.547010131578582 6.775824486397821 7.067809051518134 7.423734708299497 7.8369791014749755 8.250537168373905 8.089700837773222 7.886828805608672 7.69094936058974 7.500424054274321 7.313790244751867 7.130525861228107 6.959848603775794 6.821344945142338 6.70747254209423 6.61273131764789 6.534574368828365 6.487125510262253 6.471556332922996 6.485371654717528 6.523331847318505 6.578918788459048 6.648296625737029 6.7143432876398705 6.748249332441647 6.745576318345756 6.694372851447336 6.595186224175073 6.452727407335251 6.275835074193941
5.956664711396294 5.978300933354828 5.980060185863055 5.979094969232903 5.987834175564475 6.004785601575762 6.027688033199037 6.056406047271821 6.09280319443521 6.140142294294533 6.202844451655691 6.286304499861632 6.396640821264854 6.540341070444701 6.7237815613558585 6.952546893076904 7.230177704112095 7.548869402353072 7.867111535689299 8.08230685925975 8.063480230864414 7.918842465652709 7.744653629170423 7.562765993662211 7.378974045459817 7.195973079313878 7.025010020748465 6.8742309600403715 6.746985826743108 6.638224654694144 6.553918048177658 6.503088530367405 6.483151916722137 6.491699811895711 6.522318459294571 6.569689284244655 6.631857049392084 6.692893042756802 6.722965705794717 6.718885689206173 6.670684932996281 6.574943241296287 6.434169637593973 6.272861419588346
5.942836672725877 5.978128312214941 5.995419148694582 6.008318687889401 6.031215880595714 6.062319116740989 6.10021014997108 6.144802630789977 6.1975007517048315 6.2609234705013295 6.338665788359167 6.435078184165683 6.554978897305993 6.703233258745884 6.884106887687405 7.100077258817973 7.341133700990696 7.591649885225933 7.820414601623817 7.962124350675507 7.97324288474284 7.882471108151146 7.74271516524778 7.582498979046121 7.408812986433682 7.235212115167805 7.071757367163116 6.917572576235485 6.780431610485955 6.664008353590701 6.5805022656153245 6.52922363270398 6.507890908731833 6.514238612102127 6.5413117466211474 6.584538814672388 6.641799821293621 6.694363476054217 6.720715463046006 6.714949954937981 6.664696135796172 6.562599453964009 6.425764761389733 6.2799527658693854
5.966240388050038 6.013936046114971 6.048498417077 6.074975826347561 6.111092293788827 6.155320346428845 6.206392913904439 6.264172659312014 6.329690849823962 6.404955760883663 6.4927397991512 6.596351643081648 6.719326185986861 6.864954945948018 7.03255641835492 7.214173996059594 7.406430613290387 7.596613618379294 7.758880376666603 7.859195501001024 7.872985140745007 7.80980069584246 7.696048283012689 7.5551303100730856 7.400293127640861 7.244980571071766 7.094203348278434 6.948122996143585 6.807784253596709 6.694897348997229 6.614820202769575 6.565643312770518 6.545576483880016 6.552664087818168 6.579947175049974 6.62325797693655 6.680115782075729 6.7271176757974445 6.742758667986054 6.720291391896792 6.658558032950869 6.551662050265581 6.426212075228942 6.293869533512981
