_RESULTS/CROSS_VALIDATION_POSTPROCESSED_80-20/MHZ/IZ/3comp/3/MHZ_IZ_z_710_kriged_reverse_3comp_spherical_3.asc
ncols 100
nrows 81
xllcorner 5.5967107548124995
yllcorner 50.982328804812504
cellsize 0.00017565037499993607
nodata_value 1.7014100000000001E+038
[rows 18 to 35 of 81, columns 0 to 39 of 100]
0.005549036710300993 0.007884103904104562 0.00990491039783049 0.011044714642533288 0.010935896238491744 0.009523307078368737 0.007592946930265343 0.005834164999819056 0.004493639145002002 0.0035715824947525647 0.00299892683217839 0.002715152651406733 0.0026984135796398797 0.002986871775495105 0.003717555588765954 0.005212180429781686 0.008052766638426124 0.013278622889799441 0.021773896828271525 0.030629699657176056 0.03363965856403706 0.03091723787286858 0.02620261224814473 0.021473212912768606 0.017221470791449884 0.013798382898804324 0.011206371012291777 0.009167760975961144 0.007633702902875542 0.006537321927699864 0.006066897298434816 0.00612532269987583 0.006704747393388269 0.007924607000908943 0.010276478813712558 0.01460714195328016 0.022158154616749238 0.032396297912285044 0.04034626607604838 0.04323006049717168
0.005037929963576696 0.007198160589121307 0.009203154607903665 0.010410736656746866 0.010769872973545567 0.010160260551978436 0.008916248928992634 0.007512768396204007 0.00627096603182494 0.005325736378850853 0.004705950068583479 0.004408774954130145 0.004447390539415983 0.0048861175656094375 0.005856165730259627 0.007558869164197824 0.010475183606926966 0.01515703351835015 0.021566983898080604 0.02793460051482327 0.03110934859952355 0.030371758248811238 0.02706186161073651 0.022892602607714915 0.018807187022091266 0.015363147663994447 0.012545075126445534 0.010196566420517675 0.008241406650938752 0.0070632263690988744 0.006551988501040403 0.006563734450368613 0.007078216212334563 0.008181960981080025 0.010295901370566395 0.014029783341693709 0.020142715861101456 0.027792337228813784 0.03408676334169001 0.036913020850835865
0.004800516017578165 0.006726615414643556 0.008831653122190336 0.010301207544805444 0.0111248683748526 0.011167853223111153 0.010541835262500287 0.009554365162886231 0.008514212412080596 0.00763030413792712 0.00701458198405966 0.006725846862416291 0.006785700849320452 0.007231412891211413 0.008142640711674544 0.009774269910165176 0.012440559619441665 0.016264861350997945 0.020976871287848815 0.02564021173146397 0.028522876246549134 0.028547049587176885 0.026172788071683193 0.022596720168081067 0.01894792891315374 0.015837563113067925 0.013055558691093663 0.01059292434897895 0.008783145670890075 0.007642703153124028 0.007096964370633721 0.007062659471475381 0.007513613247128365 0.008512174888184034 0.010430544118386445 0.013770774330205683 0.019058753841324706 0.024807068066416266 0.02903247496073212 0.030576601742605816
0.004762279023731353 0.006657782773028051 0.008771688060634155 0.010645064382172982 0.011982259354954955 0.012648529647940538 0.012623128050708532 0.012090179737279388 0.011312812202918002 0.010522293650648511 0.00987644808228401 0.00946843777692709 0.009351682978527218 0.009560171609352821 0.010234183713608852 0.01163086183325731 0.013803780635988238 0.016713692271990793 0.02010074841393345 0.023448314310358133 0.025944703310267228 0.02610458317417128 0.024204902994243944 0.021125352019933357 0.01796431612364809 0.01521781653966938 0.012671833271613803 0.010634489586704437 0.009215544870394745 0.00828812588909184 0.00777955154145447 0.007713733124012222 0.008130848266838258 0.009079772938601627 0.010909434781008333 0.014097125150083208 0.0184761588311454 0.022538753568599267 0.02509652940218338 0.025378395561900722
0.004785951880007231 0.006763562793984242 0.009015722974818497 0.011117169732658581 0.012935029865044398 0.014253331151371992 0.014823607746175506 0.01473375674536545 0.014204562718757066 0.013474427718560873 0.01273254584293557 0.01210336811835088 0.011656487783004132 0.011477128126602612 0.011877378104303216 0.012877841083665971 0.01444686145493632 0.016499537969771643 0.01885008077738239 0.02122125736567212 0.02317662641672608 0.023264679406382705 0.021569620439078185 0.018907589642605138 0.016212898013724802 0.013781007658159192 0.011975670423111104 0.01060632162316029 0.009629127461348332 0.009005177053305755 0.008712826263424914 0.008758834884252099 0.009191926530288623 0.010163030815227084 0.012028716457808338 0.014962871306690198 0.018394040124440975 0.021185909178564413 0.02248733880107304 0.02166649261748592
0.004864384639154799 0.007009952201276612 0.009538518311279985 0.011994274974599706 0.01387660256845237 0.015484151710771884 0.016577260755459924 0.01688894479303143 0.016596713419194137 0.015920443681636618 0.01505029245216874 0.014125851311026547 0.013240733842349355 0.012744450255035223 0.012793140991232391 0.01332440984467537 0.014282432803969208 0.015591318900235617 0.017139870896087615 0.01879212593428641 0.020088528656708234 0.020059912968037625 0.01852013911635828 0.016230529650539827 0.014093529010271574 0.012500652073276601 0.011456410409758176 0.010769808692019342 0.01026707289076162 0.009968504989097059 0.009912484045411962 0.010158023591699011 0.010792483837328386 0.011947383376843956 0.013709508803741596 0.01621356547302041 0.018677664264342673 0.02046831144924452 0.02092472020059394 0.01932903277177621
0.004972594556407244 0.007371197537330456 0.010339460823443601 0.013352270356426912 0.0155535509185461 0.016873453944739856 0.017689972068059348 0.01808290461614511 0.017967077169263372 0.01733348302229462 0.016336260126642504 0.015108953174435977 0.01387852872980617 0.013117901739111225 0.01280235677024652 0.012876328516778661 0.013293085832542921 0.014003491669618243 0.014952083467415002 0.016018527590048834 0.01668844048866484 0.016552407617141676 0.015315133557302234 0.013754768201774275 0.012565026337004544 0.01180078186331379 0.011404376468645176 0.011306946287398157 0.011269388449958702 0.011304307407386352 0.011495063308908907 0.011953260748683423 0.012824195073478909 0.014182721466203483 0.015754220251863633 0.01757822059190975 0.01902771831469672 0.019927700942192986 0.01992448936548061 0.01809326797000317
0.0050593827246712955 0.007779393152535729 0.011388755254261348 0.01526435675327213 0.018088410383457917 0.01902992689216769 0.01907518705044951 0.01873777597953707 0.018166502787294606 0.01736330079695388 0.01627757772167042 0.014841139337190508 0.013478798992861293 0.012503166199265902 0.011876775255276823 0.011574659407965354 0.011572617589415333 0.011845813501512285 0.012369334986797218 0.012882660175265653 0.013243410263366005 0.01336191747552709 0.01292362090546077 0.012170686077754324 0.011789528596505729 0.011735523581169367 0.011939130203576629 0.012374431619204925 0.012823857646323834 0.013200480225225188 0.013628044382088764 0.014281166191694184 0.015368629654894213 0.016570249830767766 0.017631219835345276 0.018238826876296025 0.018458558394726238 0.018372099851400505 0.018051725560914274 0.017182147993900623
0.005040389686118888 0.00807780317311765 0.0125333553869409 0.01780254530155736 0.021402239443119125 0.02188495858745937 0.020721345648396363 0.019508435373241116 0.01834509640232177 0.017092050588233952 0.015593577039275778 0.01383431379223349 0.01231818454479824 0.011132019030849039 0.01026623870177384 0.009719089423592458 0.009485445790851681 0.009567004429831704 0.00988370716190974 0.01026480867949161 0.01069989656024601 0.011137920750331503 0.011310121885855456 0.011358058409949415 0.011675237785618943 0.012327474155696586 0.013208785709780907 0.014234140740025662 0.015230303510613163 0.015944750799318973 0.016551647330210667 0.017323126565526425 0.018355573342572824 0.019073426297569675 0.01889402233667923 0.017878346399912527 0.016565281400637517 0.01511163483240315 0.01361222618572485 0.011835683616491016
0.004813286044263498 0.007976742748324758 0.013191494738194046 0.020824671195253434 0.025038043253750752 0.02392623037674779 0.02177292109120297 0.019731899040299344 0.01816669976892043 0.016708345498592247 0.015025116675560255 0.013098864220835392 0.011400863067736064 0.009999111991797923 0.008948043470790848 0.008255035985284159 0.007918997633066633 0.007898178056787625 0.008051734608390957 0.008370081702776847 0.008864110831172207 0.0095389246945368 0.01026755468566602 0.011054134409241136 0.012161911261549654 0.013679929901567035 0.015502139030184141 0.017363999633277265 0.018991908591154932 0.01997885551337558 0.020595911154818777 0.021305767120542878 0.02181392808842913 0.02122303562280302 0.019315276221032813 0.016598399347085468 0.01381378854881694 0.01116794165420655 0.008649585439541049 0.006117981981437125
0.004325736174209631 0.007199341321077307 0.012023427311755978 0.01965539531219159 0.023514673632532034 0.022162036622318176 0.020480500181754888 0.018721697088285097 0.01722372734311936 0.015965491846981084 0.014427859129713496 0.012496398311931082 0.01058419904259455 0.0089599067965692 0.007790993542254974 0.007074851014399341 0.0067211786950601505 0.006582317296448168 0.006639739878173243 0.006923938761293901 0.007461561591820182 0.008368915733132497 0.009554398202891227 0.011037137821112375 0.01316066914931827 0.01596804101004166 0.019338176814726587 0.022596467464666734 0.024972079667627795 0.02594134846971686 0.02615194754421186 0.026360042643775262 0.02535270179378986 0.02263776425150088 0.018890258543618716 0.014785140294810577 0.010974128312290703 0.007802975124388669 0.005226600212440908 0.0032048752198357614
0.0036345919657996394 0.005794886483867995 0.009068662361206598 0.013197626194453423 0.01618439555220991 0.016970218428360526 0.01673546942341551 0.016184926468345292 0.01550979747633674 0.014835837043520098 0.013897607223229216 0.01211372362921197 0.009815804200631007 0.007913554464258685 0.00667157004510336 0.005941265779530032 0.005544936278162388 0.005406363096786886 0.005484189123499968 0.005767065585597855 0.006358175110258561 0.007435993884087329 0.008975716724146099 0.011109079772714492 0.01438521225110132 0.019264895938497364 0.025563346423120057 0.03154616609918746 0.03459244470952986 0.03453540403535119 0.0334812111833031 0.03183038812966898 0.028136139942885913 0.023161346350982635 0.017803932202129075 0.012783245033010484 0.008563436383507213 0.005412245251678044 0.003210969823685938 0.001764053601181631
0.0028485840201568574 0.004268984168782894 0.006211095373924957 0.008453476225789716 0.010380737431580262 0.011557259922232138 0.012137270288312208 0.012447729200535293 0.012713974990996503 0.013033569018817021 0.013279136254891542 0.01197552360556938 0.008821848914198276 0.006721727256621512 0.005479305645566056 0.004769055081393737 0.004410973791317643 0.00431193048299926 0.004432731367830603 0.004775890042313273 0.005452715993528114 0.006615353222573736 0.008377862350897016 0.011028809358771546 0.01538199293993732 0.022848915489733085 0.03483467114113729 0.04751398619875784 0.04942504847962331 0.04550444270461364 0.0409604659077732 0.036018476400894124 0.02962704822472694 0.022765654463039856 0.016310992371503574 0.010869574841762875 0.006718251515763995 0.0038489407648525853 0.002067359618252161 0.00103868038150421
0.0021330922647521417 0.00299914463408467 0.004097592287160872 0.005321962850968895 0.006468247258869172 0.007376138691051865 0.008046407591475012 0.008590529355621662 0.009138486293245715 0.00979679388654569 0.010584587552582693 0.009887530729101904 0.006970228256731472 0.005206597932104601 0.004200540080056695 0.0036463194208048474 0.003386767358415204 0.0033474274746881087 0.003503677592012662 0.0038888193941631144 0.0046322914910813286 0.005846773463686665 0.007673117109945583 0.010574107532785388 0.015481498058076486 0.024683397963027306 0.04279720226161567 0.07694916461745832 0.0639847421023943 0.05299733027966959 0.04498371093049473 0.03758791988385711 0.029475360655843785 0.021572201927319144 0.014660989458059583 0.009216933014375827 0.005348194169171306 0.0028626879535881963 0.0014205688305434444 0.0006641971378212841
0.0015638045081234327 0.0020675442954578597 0.002670819983700627 0.0033268902715551047 0.00396460421357382 0.004527289187462267 0.0050050760934812 0.00542787804207733 0.005830016661094919 0.006180592120535563 0.006254604656471631 0.005687968892677107 0.004599068283721791 0.003654237719504928 0.0030290310722905604 0.00267872793927975 0.002531945327264477 0.0025509495720939146 0.0027299847538514066 0.003132231525387079 0.0038773178808286825 0.0050724305126781475 0.0068717029869888435 0.009688181821714976 0.01438214386137435 0.022883643962227977 0.037730890031730274 0.05521840316245536 0.05686216114285051 0.05029862043230057 0.043412876540383616 0.03599511823584564 0.027769858216776293 0.01984626572910081 0.01306464334764346 0.007891734378934923 0.004373333229428896 0.00223103775469451 0.0010541490987644613 0.000467798387479506
0.0011178831023408926 0.0014014798715144183 0.0017243902042058785 0.002066517267100092 0.0024011153141042514 0.002705031584042323 0.002967238049485252 0.0031907959991097565 0.003368985415115708 0.003460853215991277 0.0033687919856834887 0.0030819264350785583 0.002692444064446791 0.0023241477555441914 0.002049820820987639 0.0018868300829837 0.0018336267002407019 0.0018907795304813975 0.00207493464549378 0.002463117815002005 0.0031619471650757352 0.004265658134989787 0.005946753551665388 0.00846432612351896 0.012285697451221276 0.018236354570584614 0.026870776860853412 0.03586069446169608 0.04053405446975103 0.03997630574866998 0.03692343607757183 0.03182281187838038 0.02501018962706174 0.01793033531069137 0.011682468295916218 0.006903033688320881 0.003710323427739895 0.0018522412043953187 0.0008873961032604174 0.0004084864625767164
0.000753632496599881 0.0008978660150879405 0.0010554086143915852 0.0012179737841635575 0.001375838168089247 0.0015204934357539003 0.0016458238546179515 0.0017458307226906782 0.0018090218841955467 0.0018172410176518392 0.0017481925747447672 0.0016166503082290274 0.001466463679184725 0.001326429093817159 0.0012242994506482517 0.0011744416080468518 0.0011843274594041406 0.0012630822319153598 0.0014337429527455914 0.0017624790524265175 0.0023254757070775567 0.003198704134375768 0.004528328854409024 0.006499425133201536 0.009290319255287692 0.013136065432495141 0.018084118395528908 0.023248445196966228 0.02724880744161462 0.02885486900252252 0.028512487565647907 0.026023851643160276 0.02140280073652009 0.015863728941225872 0.010511124549476631 0.006225589304358333 0.0034612085906423097 0.00183497123150256 0.0009329454251339092 0.00045629291580071235
0.00048495931674574777 0.0005492180915164395 0.0006165365211282978 0.0006837474254915186 0.0007476103971967643 0.0008054586233344032 0.0008552334873926387 0.0008945062236798352 0.0009187512128944173 0.0009195648689028065 0.0008772101498165502 0.0008037116643123636 0.0007382990418316551 0.0006877953786750389 0.0006583217847829761 0.0006553575136190118 0.0006846749497481154 0.0007547702898172709 0.0008859696671448968 0.0011252430338753907 0.0015138441590276841 0.0021145956607047977 0.0030288934913803747 0.004377362458069756 0.006248744890310078 0.008677030146329942 0.011662366434781052 0.01500133468439965 0.017968414660375364 0.019848265342183296 0.020679650929570536 0.020054708266675537 0.017500158543325255 0.013697880222885947 0.009631034489631774 0.006253717193542252 0.0037629243535820377 0.0021453342484083144 0.0011757796729273643 0.0006179845516652752
