_RESULTS/CROSS_VALIDATION_POSTPROCESSED_80-20/MHZ/IZ/3comp/3/MHZ_IZ_z_1000_kriged_reverse_3comp_spherical_3.asc
ncols 100
nrows 81
xllcorner 5.5967107548124995
yllcorner 50.982328804812504
cellsize 0.00017565037499993607
nodata_value 1.7014100000000001E+038
[rows 54 to 71 of 81, columns 40 to 79 of 100]
1.8678217753525296e-06 1.8459229901376663e-06 1.6906792274996837e-06 1.5312372856586273e-06 1.5221203611384775e-06 1.8873010720517042e-06 3.2641570955968735e-06 7.974815418102056e-06 2.4929866800720107e-05 7.934814349489178e-05 0.00023254969769647015 0.0005694110728853475 0.0010566927633918555 0.0015087243457741577 0.0016129054975499498 0.0012824137191944623 0.0008150537266746906 0.00045635856565372104 0.00023662433091523966 0.0001279536931228334 7.16602958398261e-05 3.859197125036943e-05 1.7799419476123494e-05 8.015984284750771e-06 4.961872888165793e-06 6.182990755853594e-06 1.6138988005045677e-05 5.406358051729586e-05 0.00015738283290347787 0.00032009644488836326 0.00042388185817823673 0.000388710601117464 0.00026173071074459545 0.00013924412391818453 6.505107151528921e-05 3.0482226087069826e-05 1.6281945450465884e-05 1.0521316187266958e-05 7.91751652073299e-06 6.405849071009884e-06
2.158043504454653e-06 2.2057823320399617e-06 2.1246731670353004e-06 2.054269347898096e-06 2.145972057898577e-06 2.6936257725825137e-06 4.315801860562274e-06 8.91169379925189e-06 2.229499518175301e-05 5.5825120974847254e-05 0.00012920101132749882 0.00026113534713174486 0.0004129660482442052 0.000530077666069207 0.0005511814886902918 0.00047008901008073245 0.00033826230477059915 0.0002164083168292132 0.00012934283208080707 7.615617529304079e-05 4.6473982925382445e-05 2.4980856993417293e-05 1.087575865283934e-05 4.40940494652938e-06 2.016306516478907e-06 2.5978931438644885e-06 1.404299809668718e-05 8.070398398145985e-05 0.00034274794406816047 0.0008280567085446188 0.0010610951962219193 0.000872292274934684 0.0005351698952635528 0.00027334079498573876 0.00012910427803566435 6.186917717623304e-05 3.240118997340618e-05 1.9196369458968082e-05 1.2695414502912682e-05 8.988366838183437e-06
3.203608035554599e-06 3.297092102157219e-06 3.263925831672627e-06 3.2496876899808583e-06 3.4513781318694557e-06 4.138674480713935e-06 5.999401676957706e-06 1.0592454429077655e-05 2.177959164202413e-05 4.403372586543842e-05 8.211842343866014e-05 0.00013527627982774486 0.0001873907080028752 0.00022238021173722416 0.00022704444723408454 0.00020285284421612726 0.0001603755149816411 0.00011552184016195848 7.893279904698214e-05 5.286353949052509e-05 3.572023386288417e-05 2.0275090271300788e-05 9.461672656037675e-06 4.325424643233627e-06 2.191899946560824e-06 3.2740330188821497e-06 2.3636683408565224e-05 0.00018844797342925724 0.0011691443898863784 0.0032386086661389197 0.0032600650436487967 0.002097280839043489 0.0011037022736065977 0.000526399269615534 0.00024326567804703496 0.00011501872574621016 5.8125909083541406e-05 3.206993618031447e-05 1.9227939988537373e-05 1.2260519017586914e-05
5.880274633840607e-06 5.9160893098579445e-06 5.831913156123771e-06 5.778216346922769e-06 6.024788215127738e-06 6.840121747094588e-06 8.81028945719532e-06 1.3340088842949739e-05 2.2989250214844185e-05 3.860518854127257e-05 5.970541604934353e-05 8.235754862518708e-05 9.989617814979438e-05 0.00011147358866813165 0.00011251044428603882 0.00010429387886541554 8.988630011911502e-05 7.371275178161099e-05 5.8683615428072904e-05 4.637561743688696e-05 3.364093444132207e-05 2.0841173321695997e-05 1.1883080524158326e-05 7.651906112935884e-06 6.9523624670148096e-06 1.3933682698873469e-05 6.858262820320097e-05 0.0005300455250296379 0.00476448371194847 0.017391112334572474 0.009046476198831584 0.00431543956799775 0.001962105787971085 0.0008771385707499207 0.0003946249543721541 0.0001828823309684642 8.947809629769193e-05 4.679766789531524e-05 2.6466850150790322e-05 1.627974020712045e-05
1.2747107036276118e-05 1.2240131418151667e-05 1.165670640289858e-05 1.1231043383188131e-05 1.1179183937044917e-05 1.1892347745914349e-05 1.3698996608942983e-05 1.7811766394683514e-05 2.6099028059710942e-05 3.74003963920524e-05 4.941712296944404e-05 5.888326479955383e-05 6.297142306144729e-05 6.641383951911443e-05 6.685238569065388e-05 6.545285536847513e-05 6.230069166584138e-05 5.803124095939525e-05 5.368350360777448e-05 4.814778464765158e-05 3.829368785992249e-05 2.664419871487273e-05 1.8887967564199955e-05 1.6585016621533652e-05 2.113637089112592e-05 4.654318397357184e-05 0.00018165587184519816 0.0010426515006210948 0.006493726957864457 0.017736101263440614 0.012381385718403692 0.006048288940395973 0.0027051237887641346 0.0011827456428461565 0.0005247395475599485 0.00024237421863826676 0.00011807985684295345 6.172721489836508e-05 3.4879386965848534e-05 2.1288035524096953e-05
3.1283384276514647e-05 2.8133610538979748e-05 2.527774449586206e-05 2.3098952048706115e-05 2.177519639109399e-05 2.1426395615990442e-05 2.2414494621092378e-05 2.5212836406991683e-05 3.171254255941386e-05 3.9769523135736266e-05 4.617233230814535e-05 4.8921163229915344e-05 4.7203153257133785e-05 4.70395766701258e-05 4.8778092340121057e-05 5.091590081283716e-05 5.320595634033838e-05 5.586108222626931e-05 5.8457318461702456e-05 5.559795190639292e-05 4.7804796581507494e-05 3.967715618171144e-05 3.5445480320160365e-05 3.75879568340413e-05 5.454447178964084e-05 0.00011645736875110597 0.0003584409281106412 0.0013661338550280888 0.004779986641221294 0.00976176752414747 0.009536461642047432 0.005803259853676386 0.0028790137213573104 0.001324092440850252 0.0006038986280956415 0.0002854706071692458 0.00014402444216277935 7.731157910363285e-05 4.436925027729205e-05 2.7312149159515094e-05
8.38123524280208e-05 6.941981282934887e-05 5.7793717821685176e-05 4.921334409370086e-05 4.333283839064875e-05 3.969335064166119e-05 3.785034292686643e-05 3.7761601897809215e-05 4.097464601732391e-05 4.600905113587343e-05 4.816681048408777e-05 4.6590124395524974e-05 4.183672611664008e-05 4.046598412694135e-05 4.354824710170793e-05 4.8397322974238483e-05 5.520732734344571e-05 6.402285232491714e-05 6.917733798822941e-05 6.824205548365469e-05 6.24216172224408e-05 6.121761835142058e-05 6.845932678603614e-05 8.631720481041047e-05 0.00013082263930977716 0.0002557748848932136 0.0006245181045420081 0.001682685111579236 0.004008479834125807 0.006711257007375651 0.0069779809772895305 0.00492925993585095 0.0027630510090907276 0.0013817673194396756 0.0006656536503034584 0.0003253592633945027 0.00016743538840268245 9.284918814083152e-05 5.481601639355005e-05 3.447721164289364e-05
0.00023677411084665922 0.00017779643718136061 0.0001354074390699171 0.00010633454390638657 8.678148188064561e-05 7.377292800354553e-05 6.515287129110716e-05 5.933682305717164e-05 5.6337407869402084e-05 5.729016365640882e-05 5.539062243469992e-05 5.0365062661623425e-05 4.424321385298828e-05 4.216980013032504e-05 4.6912291598264057e-05 5.538518603712906e-05 6.767295483900808e-05 7.878154490746635e-05 8.531812413502912e-05 8.549659396361624e-05 8.652110663988057e-05 9.716267544621964e-05 0.0001250098423390782 0.00018240621221939657 0.0002974205416520109 0.0005476729619314522 0.0011104009458098008 0.0022801699239002765 0.004156580315172263 0.005855142578912527 0.005888047993374066 0.004404658819970927 0.002671258780422678 0.001431591822692782 0.0007266869021048165 0.00036820028831526875 0.00019370162851194584 0.00010896604127369147 6.649490915710316e-05 4.314371260958867e-05
0.0006762153263781427 0.0004555812885904167 0.0003155982315357205 0.00022801654440988522 0.0001724201449244046 0.0001362401574798778 0.00011188381984939958 9.466321171264172e-05 8.189405370491867e-05 7.586238315609079e-05 6.935765040046917e-05 6.19962792475816e-05 5.494965676151774e-05 5.253689760302093e-05 6.0194924384924976e-05 7.340746224901208e-05 8.731333954456097e-05 9.917456895903892e-05 0.00010604037262337148 0.00011159546136857083 0.0001266911074917628 0.0001580907328919714 0.00022095839013221283 0.0003509832612854305 0.0006064479963384525 0.0011008836876408965 0.0020143253448444767 0.0034714284281193463 0.005227196660408657 0.006268906105963112 0.0058768859075716325 0.004392394145770333 0.0027537044327712364 0.001538806772970338 0.0008113589244746553 0.000423523526937522 0.00022753432899249361 0.00012971616705596456 7.956812394032118e-05 5.180251582062044e-05
0.001800552380957832 0.0011195582433400093 0.000709816092322651 0.0004752669601271694 0.00033537763212389716 0.0002480698513338422 0.00019085263266733048 0.00015124316703175937 0.00012203865206067676 0.00010373734171815078 9.404414913470641e-05 8.516783351907197e-05 7.847348048216571e-05 7.685296899809619e-05 8.5826194442632e-05 9.919568251031682e-05 0.00011286055062550915 0.00012388543880401101 0.00013485321601716996 0.00015651563942954908 0.00019548795601021437 0.0002651138783831037 0.0003929940331609899 0.00063693931691773 0.0011195441276045542 0.001995221741481973 0.0033845137815942056 0.005256926199597475 0.006941984764217429 0.007522255137538984 0.006637346039451039 0.0048550508435713435 0.0030559024657462043 0.0017330435216373263 0.0009269241609617245 0.0004867706332662329 0.00025935673569659016 0.000143752598478712 8.434467016659357e-05 5.287434414534205e-05
0.004110271612450896 0.002461969289680645 0.0014991138105469935 0.0009468328591078942 0.000632310100105527 0.0004429632791938585 0.0003226077056163931 0.0002418157898751828 0.00018449760469166135 0.00014636194998944745 0.00013202090167585266 0.00012454044394669345 0.0001190224628103895 0.0001146111960505696 0.00011964569132608423 0.00013079033583849602 0.00014169244262610966 0.00015697695080881959 0.00018546452922682787 0.00023393366193796394 0.00031532083545384056 0.00045412465746702736 0.0006970705472629368 0.0011333023406682298 0.0019288599707729713 0.0033060130443597004 0.005300689054513372 0.007394886904547661 0.00875156619016795 0.008676232176682216 0.007210230265919288 0.005102801619677245 0.003163769841659796 0.00178039114828939 0.0009437194104662078 0.00048788307519727234 0.0002535772084726611 0.0001358192730038225 7.637073125822197e-05 4.5633372198793374e-05
0.007399057628057679 0.0045749792320839335 0.0028404387329916242 0.0017855070131347617 0.0011507576480790556 0.0007746682783279513 0.0005405804461396691 0.00038724646015542006 0.00028032873195767756 0.00020943850595176177 0.0001762786566451611 0.00016548085714829946 0.00015874795695829274 0.00015380684772712877 0.00015312375366966207 0.00015935200885298196 0.00017640645662193505 0.00020936354466130885 0.000265747838372311 0.0003597073126346927 0.0005169296608285834 0.0007833480640235221 0.001239389684544607 0.002020690402455814 0.0033197979881458466 0.005222981103388818 0.00750915723799501 0.009520616104598627 0.010244342763433853 0.009342504130692972 0.007273808171464648 0.004913078685853055 0.0029482158855790716 0.0016177511099149712 0.000837230280677233 0.0004212868005717048 0.00021198561703638174 0.00010929979723054536 5.8884933955441604e-05 3.361948136506821e-05
0.008783290319868783 0.006168667331652044 0.004193341839125656 0.0028011317915296492 0.0018540027199203074 0.0012220953588549474 0.0008155498879987531 0.0005488284924050872 0.0003682700416375541 0.0002559722186782755 0.00020164939230843919 0.0001821824211285814 0.00017798725891590882 0.00017606467913744206 0.00018154084275365769 0.00019621830937516387 0.00022954041809737486 0.0002894337569848743 0.0003915663307272704 0.0005648963327413301 0.0008613998211925855 0.001370918855776418 0.002238823756852118 0.0036761137089038913 0.005729640157890885 0.008066992521908489 0.010114483968814578 0.011199243304096116 0.01090224752245225 0.009171434274481268 0.006669106596915979 0.0042638325995718596 0.002448204605826524 0.0012937676107346947 0.0006461198284066782 0.00031329240773759646 0.00015143230104119472 7.477643704715426e-05 3.852542347870764e-05 2.1822975214511998e-05
0.0069004194679498625 0.005656924506692562 0.0043120978826699345 0.003120546743845757 0.0021747983560352203 0.0014705794123421115 0.000967264195753808 0.0006191717782945401 0.00039153759189215304 0.0002598974321401926 0.0001959229628469419 0.00016976255912074672 0.00017033200865559803 0.00018791578185095099 0.0002194177591060522 0.00025299851359091637 0.0003101884071921065 0.0004121950752163759 0.0005901288103831123 0.0009028089310153351 0.0014582741999126078 0.002443744578817427 0.004112438678632355 0.006635414925776088 0.0096335265929876 0.01221112109586105 0.013426685585701112 0.012870378928988438 0.010852954993618932 0.008122341790377888 0.005440837628645585 0.0032787995129874305 0.0017902161258745708 0.0009042295815753626 0.0004322522612439636 0.0002003437495331377 9.232374193603251e-05 4.339066902909169e-05 2.1749540792363284e-05 1.2818988863434015e-05
0.004445430419441691 0.004005540995942566 0.003303996092227666 0.0025499392031886493 0.0018638007099933413 0.0012984661346879117 0.0008648433474067122 0.0005514030227891652 0.00034908084558570474 0.000233711860650926 0.00017859806869068365 0.00015884347303558237 0.00016450328013939365 0.00019847186052745868 0.0002618436692143165 0.0003372675203075939 0.00043284115259027543 0.0006009429403759435 0.0009036772527480374 0.0014564138202974091 0.0024637145690052835 0.004263083631905039 0.007275219849283136 0.01157441249636744 0.015860725594539292 0.018163463165597495 0.01747576773021549 0.014481296909266587 0.01059311312216924 0.0069600463477732764 0.004155944935393086 0.00227714611353612 0.001156622468198266 0.0005512334509066227 0.00025018425022827867 0.00011010859629871452 4.803903528817426e-05 2.170081801909453e-05 1.1200446045651198e-05 6.9286902966752045e-06
0.0026827977988082186 0.002609983477802583 0.0022912620790384555 0.0018552844167820527 0.0014053421694747961 0.0010045437522779766 0.0006827262810487509 0.00044926755711475216 0.0002979697667224823 0.00020938906130261116 0.00016786762622127239 0.00015585478632831144 0.00016827505905968912 0.00021207963699707683 0.00030120731535137094 0.0004334774575724491 0.0006107008441475156 0.0008718764671674413 0.0013433052875136853 0.0022150568539836234 0.0038470483933085785 0.00686724808535105 0.012109474440152214 0.019488395214263102 0.02568621272828622 0.026455271326179884 0.021967454850196643 0.01562697509608268 0.009934970442476975 0.005769984501670562 0.0030963895535367054 0.0015472546355745328 0.000725383068761934 0.0003219681737673347 0.00013687414380341697 5.6572522794022415e-05 2.372143021898944e-05 1.0945346740559328e-05 5.860422732853379e-06 3.853762283015127e-06
0.001578210328089633 0.0016206537511857758 0.0014950164032965553 0.0012621561108520593 0.000988867164470107 0.0007325233705393766 0.0005198485841009901 0.00035638540465857317 0.0002473386317927425 0.00018268822313046313 0.00015429928727654204 0.00015062519592745936 0.00017076346453317857 0.00022570177363308443 0.0003261251080383437 0.0004901302308089557 0.0007582552262460469 0.0011653097548750247 0.0018171788668262265 0.003032090431884454 0.0053638154556432385 0.00987542716626591 0.018313944461501922 0.031188278178010537 0.041023581449220005 0.037026884973956 0.025721778740303444 0.01561962308046791 0.008711710853659285 0.004536900380933848 0.002220342751070729 0.0010252698937925349 0.00044869614243944566 0.00018723289543180267 7.520986835441338e-05 3.053228736167327e-05 1.307243813738241e-05 6.132918000664812e-06 3.341634153206829e-06 2.3086894300988517e-06
0.0009236485531173847 0.0009799854806787204 0.0009373288497097832 0.0008245684428034609 0.0006772404165381368 0.0005257116333187269 0.0003895464333251469 0.00027805328925255664 0.00020108660306040457 0.0001564140618646182 0.00013932678091978855 0.00014310181773535867 0.0001703754340981859 0.00023359042356906252 0.00034023111699756265 0.0005160826511841283 0.0008118566598558007 0.0013189374713691781 0.002189497287715162 0.0036659557526031884 0.006478077252971717 0.012055175124573983 0.023263447227629564 0.043937506094723265 0.06466038110639033 0.045908406723562514 0.02596964086688574 0.013756309060847056 0.006925455969839741 0.003319145918830497 0.001514564241603437 0.0006585516057468447 0.0002734790254507058 0.00011108488172727792 4.5459770538149026e-05 1.911289566345374e-05 8.44151323271217e-06 4.0261608602690655e-06 2.1719403860296056e-06 1.5141155750278944e-06
