_KRIGING/CROSS_VALIDATION_CLASSIC/Berg/GZ/train_5/Berg_GZ_5_train_z_90.asc
ncols 100
nrows 90
xllcorner  5.6208707817415728
yllcorner 50.959635321741573
cellsize 0.00013419651685393446
nodata_value 1.7014100000000001E+038
[rows 20 to 39 of 90, columns 0 to 44 of 100]
1.14884897060291 1.16586377472889 1.18744674758694 1.21388889988278 1.24524699484483 1.28128780095992 1.32144877765756 1.36482253445878 1.41017063115261 1.45596943908063 1.50048714764664 1.54188703605801 1.57834840983859 1.60819371587999 1.63000880396536 1.64274341916781 1.64578085978855 1.63896911648777 1.62261026980727 1.59740984181658 1.56439248155366 1.52479416919984 1.47994355665686 1.43114584920356 1.37958174898847 1.32623163182992 1.27183169735877 1.2168648055317 1.16158460145293 1.10606780399356 1.05028656980673 0.994190904831208 0.937790319559193 0.88122433508304 0.824812962056324 0.769080719040371 0.714750874214424 0.662710062517585 0.613946881305409 0.569471120156148 0.530222581170182 0.49697971698579 0.470278396660118 0.450349997388658 0.437085864578988
1.1426595815437 1.15993009580299 1.18221049107408 1.2098679211311 1.24301537355359 1.28144740748927 1.32459368300297 1.37149864663954 1.42083380627504 1.47094587765056 1.51994003097399 1.56579302170896 1.60648679533052 1.64014987537512 1.66519204733416 1.68041790425267 1.6851068096864 1.67905053917674 1.66254478492592 1.6363361573133 1.6015315214785 1.55948074951639 1.51164669785043 1.45947712990554 1.40429236766584 1.34719990087114 1.28904343616111 1.23038947160558 1.17155000217043 1.11263591611644 1.05363244425982 0.994485954118594 0.935190580941312 0.875863668549216 0.81680065026772 0.758502629963975 0.701673238022306 0.647184984307231 0.596018916426808 0.549184516948527 0.507629075057566 0.472146970256893 0.443299263181678 0.421352717972444 0.406245065093322
1.13363414631852 1.15057574188351 1.1729217691134 1.20112755694499 1.2353775420934 1.27551204233705 1.32097294768362 1.37077774704945 1.42352923822256 1.4774648326835 1.53054490795929 1.58057474272149 1.62534990114361 1.66281124933819 1.69119372243063 1.70915292743196 1.71585576763495 1.7110252728795 1.69493517455474 1.66835571628009 1.63245789581866 1.58868800162515 1.53862733179976 1.48385302733558 1.42581498264319 1.36574106472396 1.30457884575066 1.24297732506984 1.18130730594701 1.11971476252841 1.05819812876782 0.996698260074618 0.935189001720047 0.873756842862508 0.812659913347262 0.752359359490428 0.69351959808306 0.636977715809676 0.583685940674365 0.534634251324142 0.490762445241273 0.45287209041415 0.421548611209402 0.397102350870519 0.379535024318914
1.12169046136993 1.13763195418879 1.15930619675311 1.18726876345977 1.2217917913098 1.26278145468838 1.30971518490717 1.36160911673693 1.41702406257013 1.47411461980276 1.53072117720543 1.584499213678 1.63307514946218 1.67421392181732 1.70598111212419 1.72688230592612 1.73596454304405 1.7328689638598 1.71782949806705 1.69161885474406 1.65544924245308 1.6108403188686 1.55947018169032 1.50302639898967 1.44307309988943 1.38094727482054 1.31769317339363 1.25403867711562 1.19041243194105 1.1269959556722 1.0638013609224 1.0007630649947 0.937831032508596 0.875053696861159 0.812640580650043 0.750997522579194 0.690730975458381 0.632621665645706 0.577571571059154 0.526531266837281 0.480416846925677 0.440026605186911 0.405967349177292 0.378598695737846 0.35800120378672
1.1069475764509 1.12115424061311 1.14133736081279 1.16816449968807 1.20201232399166 1.24287456607413 1.29029019798457 1.34330335992398 1.40046432343887 1.45987685045067 1.51929212225349 1.57624361409551 1.62821171242524 1.67280238561595 1.7079215834613 1.73192675686905 1.74373909840919 1.74290455096354 1.72959769949761 1.70456947749059 1.66904620686663 1.62459293114056 1.57295758790953 1.51591390264169 1.45511992715377 1.39200617798303 1.32770288886229 1.26301065857182 1.19841346043191 1.13412822146668 1.07018147461391 1.0065012546757 0.943011582056318 0.87971752340512 0.816770759596589 0.754508542714648 0.693462517682307 0.634337702709795 0.577965530357994 0.525237834756084 0.477030686030909 0.434127791932587 0.397152736040995 0.366517705137384 0.342393847477321
1.08976212524223 1.10146437691318 1.11928528596506 1.14401547441457 1.17615307323958 1.21580206783869 1.26259091633786 1.31562402241971 1.37347633927605 1.43423727865053 1.49560460660145 1.55502282050926 1.60985450586269 1.65756829965779 1.69592415517744 1.72313615417003 1.7379953096851 1.73993938661979 1.72906309395808 1.70606915523226 1.67216770984814 1.62893726719591 1.57816427677859 1.52167986824798 1.46121140440188 1.39826347405858 1.33403839276293 1.26940089182506 1.20488620425643 1.14074586702088 1.07702176754587 1.0136365925762 0.950488016554061 0.88753464399908 0.824863698145536 0.762733416828811 0.701586689587247 0.642036217083434 0.5848249581883 0.530768448184496 0.480687399559102 0.435339634968603 0.395359810121093 0.361213698164451 0.333171325255653
1.07075355265143 1.07917926598849 1.09374954772708 1.11538819083882 1.14473137794698 1.18201640126362 1.2269902730376 1.27885181786159 1.33623852785024 1.39726522069747 1.45961579014951 1.52068280657648 1.57774334590815 1.62815418610898 1.66954627904088 1.69999776619098 1.7181669442154 1.72337124191128 1.71560478091265 1.69549450501996 1.66420210144569 1.62328498668253 1.5745337021999 1.51980471428767 1.46086677910304 1.39927602141499 1.33629026470549 1.27282768054212 1.20946926617256 1.14649969938608 1.08397728617434 1.0218213355551 0.959904486343864 0.898138205912862 0.836541663245134 0.775287118520733 0.714718467338227 0.655343192910965 0.597801281545615 0.542817258145349 0.49114310159677 0.443500238155911 0.400528079982235 0.362744844015657 0.330523975904459
1.05081517720296 1.0552231964235 1.06567311428149 1.08323084390943 1.10868647355969 1.14243341474585 1.18436659615419 1.23381426857595 1.28951570958147 1.34965278372574 1.41193735509461 1.47374971939578 1.53231649753659 1.5849108476199 1.62905432170608 1.66269883944501 1.68436928054438 1.69325185853025 1.68922005420663 1.67279747993718 1.6450645056921 1.60752175522165 1.56192785774995 1.51013065005525 1.45391029752363 1.39484984588905 1.33424411991065 1.2730524066112 1.21189478531613 1.15108699613061 1.090704906755 1.03066726934849 0.970824664730952 0.911043229002804 0.851273712522009 0.791599287978238 0.732258891163109 0.673646307267306 0.616288284467131 0.56080729921469 0.507875947026298 0.458170158711108 0.41232757771649 0.370915679696812 0.334411913826261
1.0311089398645 1.03082126033671 1.03633456105491 1.04886456190341 1.0693700910183 1.09842273883348 1.13609424613457 1.18187713026718 1.23465184872623 1.29270941960833 1.35383229953476 1.41542923889956 1.47471280116557 1.52890232463868 1.57543127708111 1.61213686222913 1.63741161371621 1.65030131185814 1.65054020257622 1.6385221909919 1.61521429241144 1.58202507586185 1.54064528902024 1.49287982362599 1.44048958891072 1.38505900966461 1.32790035064927 1.27000065259404 1.21201154109245 1.15427724546103 1.09689237536916 1.0397786692917 0.98276915139901 0.925688817788071 0.868422869918384 0.810966266296376 0.753451555821703 0.696155154088241 0.639485019477998 0.583954738629987 0.530150107814303 0.478694306307537 0.430216770121969 0.385329119564826 0.344609332648097
1.013042671994 1.00747300126668 1.00731798740337 1.01394958467509 1.02850900649377 1.05176694192197 1.08399973685638 1.12489795551562 1.17352163932887 1.22831219479205 1.2871646072452 1.34755638816225 1.40672235756036 1.46185815287775 1.5103312324624 1.54987679372131 1.57875770712965 1.59587204628549 1.60079839370233 1.59377682107931 1.57563113605738 1.54764456429411 1.51140563875419 1.46864319840428 1.42106896663995 1.37024348095027 1.31747677100296 1.26376989328244 1.20979801987293 1.15593095237784 1.10228322085994 1.04878364595962 0.995253481555356 0.941482910115716 0.887297474092807 0.832608631234083 0.777445602310365 0.72196861149494 0.666466113487143 0.611340345501998 0.557086339152213 0.504269324020585 0.453504357304953 0.405440279695859 0.360748100419532
0.998229618178583 0.986906563270888 0.980461509201947 0.980427903509678 0.988141743929214 1.0045923465009 1.0302868727947 1.06514593028457 1.10844559800061 1.15881687272385 1.21430721713637 1.27250142836756 1.3306914953576 1.38607861874166 1.43598615023149 1.47806058639717 1.51043920131936 1.53186720796629 1.5417538301208 1.54016434564113 1.5277528784909 1.50564737285608 1.47530291026036 1.43834181948333 1.3963987782174 1.35098659868382 1.30339420787573 1.25462322799883 1.20536431865334 1.15600975661679 1.10669512517064 1.05736076819541 1.00782291762235 0.957845012783655 0.907201431488007 0.855728280227471 0.803358632043148 0.750142243067588 0.696251955545882 0.641980424502744 0.587731325777187 0.53400879910181 0.481407690309878 0.43060546235604 0.382354828308537
0.988430685843743 0.97101456126699 0.957786402512204 0.950445381552502 0.950533457380086 0.959276575646186 0.977437016106444 1.00519510746377 1.0420767284815 1.08693871191127 1.13801790088064 1.19304199531309 1.24939255170368 1.30430373185917 1.35507568557834 1.39927954150242 1.43493216879726 1.46062296156715 1.4755812311266 1.47968037648978 1.47338269454676 1.4576353888821 1.43373316746152 1.40316526520496 1.36746467457337 1.32807508503284 1.28624708568554 1.24297030967853 1.19894316366758 1.15457727434528 1.11003030864253 1.06525868043588 1.02008091965021 0.974243030725835 0.927478739176047 0.879559754889256 0.830333664896341 0.779749410543697 0.727872161297544 0.674890518750921 0.621119243098941 0.567000109038383 0.513102236881712 0.46012160708648 0.408877839320617
0.985480464724142 0.96177355299598 0.941409747899716 0.926257290844733 0.918074110846789 0.918339195265548 0.928092128011788 0.947799952071959 0.977268891818923 1.01561423870802 1.06129529803533 1.11221454515833 1.16587214981168 1.21955999014778 1.27057427015119 1.31642364225991 1.35501064222949 1.38476808545598 1.40473821140165 1.41458981529795 1.4145762360409 1.40544378059773 1.38830508455196 1.36449450955877 1.33542283586187 1.30244647386966 1.26676273800982 1.2293381126836 1.19087164334839 1.15179127161666 1.11227759943644 1.07230749940201 1.03170925487387 0.990221393576385 0.947548806067344 0.903411760033221 0.85758564108603 0.809931293410784 0.760417381209201 0.709137023410749 0.656320975066309 0.602348888279061 0.547758875678299 0.493254033110664 0.439703141883155
0.991198565047712 0.961149447372691 0.933443831544118 0.91012157118888 0.893165422274221 0.884322169429696 0.884928610955352 0.895762554865155 0.916937547740337 0.947855902138517 0.987228144337625 1.03315911593852 1.08329275408825 1.13500026379547 1.1855910833303 1.23252352048904 1.27359254511059 1.30707579980216 1.33182481065182 1.34729567649286 1.35352106219801 1.35103202994607 1.34074324004236 1.32381780825885 1.30152848177674 1.27513002427581 1.24575430450078 1.21433525110802 1.18156629532699 1.14788881760881 1.11350692700745 1.07842190777656 1.04247893054007 1.0054190243583 0.966930580588007 0.926696463839072 0.884434763179085 0.839932971351423 0.793076638316793 0.743874115204944 0.692478819953874 0.639209591062269 0.584568361497592 0.529252901344906 0.474161126595217
1.00728843538522 0.970991613716576 0.935885785187799 0.904184125952116 0.878101830506065 0.859666429559355 0.850529372305764 0.851800104890052 0.863922641987995 0.886610543260513 0.918849712569178 0.958970395319007 1.00478130595326 1.05375121832145 1.10321772371925 1.15060001841195 1.19359288571004 1.2303223423744 1.25944911478386 1.28021324431503 1.29242057850243 1.2963786041865 1.29279415116572 1.2826484039044 1.2670652543931 1.24718752572995 1.22407249114883 1.19861407005443 1.1714948013027 1.14316679842139 1.1138578475802 1.0835968824001 1.05225232082979 1.01957705995202 0.985255042288911 0.948945899106854 0.910325883441346 0.86912479285593 0.825159580968372 0.778365700582682 0.728826868450462 0.676802986653632 0.622754620940168 0.567361044290753 0.511527776301929
1.03522672736403 0.992919083888045 0.950501249472554 0.910360411363837 0.874950301090145 0.846590022151171 0.827260307413049 0.818419623064599 0.82086149556329 0.834630409339775 0.859007055832033 0.892565490249407 0.933296048171331 0.978779965345389 1.02639568653361 1.07353368016081 1.11779657491265 1.15716447256928 1.19011077055253 1.21566080682474 1.23339301362665 1.24338896164471 1.24614382505977 1.24245186037199 1.23328230594708 1.21965987046186 1.20256116052353 1.18283463723998 1.16114766305071 1.13796050591294 1.11352425810833 1.08789775822957 1.06097783630729 1.03253741993196 1.00226700151374 0.969816355664247 0.934834870942466 0.897010108291409 0.856104974130454 0.811994054929126 0.764699180412368 0.714423272665686 0.661580226641385 0.606817272161945 0.551025346535881
1.076147603223 1.02820324621457 0.978706463377117 0.930217748181637 0.885433469214168 0.846972463937044 0.817156035430842 0.797805074085027 0.790077173482178 0.79436261534906 0.810251425219053 0.836575257745874 0.871518870714365 0.912787701561611 0.957811757080081 1.00396252790123 1.04875934211699 1.09004435952061 1.12611069081522 1.15577497123918 1.17839302667059 1.19382397366216 1.20235332659379 1.20458890062196 1.20134432530419 1.19352399863924 1.18202076583105 1.16763411287472 1.1510128724489 1.13262293027118 1.11273762957106 1.09144674888709 1.06867913271166 1.0442341783139 1.01781819518041 0.989082854359564 0.957664212819151 0.923221840225781 0.885478168160073 0.844258199435113 0.799529150804373 0.751438572240421 0.700348218022539 0.646859747937976 0.591827551749316
1.13072812739748 1.07765287103065 1.02145424034966 0.964863387841984 0.910820706227264 0.86224946074145 0.821818659688356 0.791720314704953 0.773485565628871 0.767860156767699 0.774752933155306 0.793262321328478 0.82177642430006 0.858133748987002 0.899824919686978 0.944211901529558 0.988740677443767 1.03112588252094 1.06949101637776 1.10245459606017 1.12915988220942 1.14925254192427 1.16281593552059 1.17027708170853 1.17229758339717 1.16966304671696 1.16318222987873 1.1536039053476 1.14155583711875 1.1275069279237 1.11175090165506 1.0944080973116 1.07544112198358 1.05468014194688 1.03185426539474 1.00662650291571 0.978630880977402 0.94751115685174 0.912961035186448 0.874765706887229 0.8328439228097 0.787288796584015 0.738404324441721 0.686733509794736 0.633073307039294
1.19908285341527 1.14150904722364 1.07913072155875 1.01484440938933 0.951832285977295 0.89332222385321 0.842332846264349 0.801430276350993 0.772522763236758 0.756715352887213 0.754239766727789 0.764465641111729 0.785989571115945 0.816789395909192 0.854424123577431 0.896255736829902 0.939668276897601 0.982261967703496 1.02200513052764 1.05733331597417 1.08719234417216 1.11102872469382 1.12873635350283 1.14057190032631 1.14705271408153 1.14885053570031 1.14669223120857 1.14127571377216 1.13320582189092 1.12295170972285 1.11082469659167 1.09697375456359 1.08139494706141 1.063951075831 1.04439834368673 1.02241772805712 0.997649702274421 0.969731683588332 0.938337939719471 0.903221551166078 0.864257412258498 0.821484275880349 0.775142715387042 0.725704868845449 0.673891243291362
1.28067752957528 1.21935930458235 1.1514713088323 1.08006678436782 1.00856277045198 0.940486182021609 0.879200646956042 0.827642439916511 0.788093475610474 0.762015253000348 0.749960409791632 0.751569189124652 0.765648000453495 0.790317832064619 0.823212851140648 0.861705053705553 0.903129744166448 0.944988830015124 0.98511381911158 1.02177705970241 1.05374705605471 1.08029054607999 1.10112956401378 1.11636537001322 1.12638270997602 1.13174751244905 1.13310923702668 1.13111621643286 1.12634907853587 1.11927423027649 1.11021683639852 1.09935096713022 1.08670368441645 1.07216970175487 1.05553369600966 1.03649811804633 1.01471517648153 0.989822317392048 0.961480816549631 0.929416949562683 0.893464618014974 0.853607394753083 0.810016904067592 0.763083527429932 0.713434896718697
