_KRIGING/CROSS_VALIDATION_CLASSIC/Berg/GZ/train_5/Berg_GZ_5_train_z_63.asc
ncols 100
nrows 90
xllcorner  5.6208707817415728
yllcorner 50.959635321741573
cellsize 0.00013419651685393446
nodata_value 1.7014100000000001E+038
[rows 38 to 56 of 90, columns 44 to 87 of 100]
0.0914251575280274 0.0879345644640483 0.0843366274602254 0.0806321858463259 0.0768254888069358 0.0729257991603689 0.0689490205560785 0.0649193349265905 0.0608708672205183 0.0568494016740487 0.0529141519566493 0.0491395364374012 0.0456168354277673 0.0424555198382749 0.0397839529070366 0.037749091707142 0.0365147655908871 0.0362580962354015 0.0371636595156925 0.0394150835526813 0.0431839392915531 0.0486160159477723 0.0558153830023331 0.0648270115621257 0.0756191344012596 0.0880669225426852 0.101939387788376 0.116891615716536 0.132464421902219 0.148093246699164 0.163127527525793 0.176860916909662 0.188571600650821 0.197570712759991 0.203255583877413 0.205163466928319 0.203020633224121 0.196781479545347 0.186652640716144 0.173098101642282 0.156822901275875 0.138735082664863 0.119887852299381 0.101406195300006
0.0967392735560555 0.0932545281869835 0.0895768864622242 0.0857009576227812 0.0816253826097325 0.0773545743679413 0.0729006316769945 0.0682854224070657 0.0635428324451017 0.0587211549075392 0.0538855493189351 0.049120435962511 0.0445316144976855 0.040247818454971 0.0364213491298524 0.0332273836440895 0.0308615312663626 0.0295352275219903 0.0294686154046008 0.0308806760360879 0.0339765462570034 0.0389322042661384 0.0458770165388228 0.0548750086488028 0.0659061227664166 0.0788491116071572 0.0934680327070686 0.109404478358328 0.126177635616012 0.143193960827663 0.15976764444979 0.175152143939664 0.188581931411304 0.199322342197783 0.206724164346305 0.210278546019663 0.209667089200673 0.204801792337527 0.195849901140849 0.183239754751352 0.167645319299237 0.149949142029956 0.131185721300677 0.112469503965425
0.101551738193205 0.0981397037500652 0.0944628107092391 0.090506866140773 0.0862616885524567 0.0817231270851044 0.0768954346311232 0.0717939878272854 0.0664483167413414 0.0609053567689394 0.0552327681276829 0.0495220917965311 0.0438914346805943 0.0384873114747836 0.0334852251136077 0.0290885485810382 0.0255252830792941 0.0230423153204031 0.021896885043677 0.0223451094640046 0.0246276018735764 0.0289524730584148 0.0354763165841105 0.0442841413520478 0.0553696007445718 0.0686172334435988 0.0837887173677443 0.100515276614035 0.118298304415689 0.136519919875185 0.154464537560544 0.171351611497425 0.186378579403549 0.198771785831902 0.207841948385122 0.213039714901673 0.214006206398058 0.210613289605196 0.202988762916928 0.19152268929873 0.176852706891713 0.159828149180011 0.141454999120328 0.122825827688983
0.105903515608985 0.102625861052408 0.0990254617295665 0.0950774626902381 0.090760398454795 0.0860585805222151 0.0809650451883069 0.0754850443213614 0.069640000733544 0.0634717707075707 0.0570469669441082 0.0504610066993565 0.0438414741406185 0.0373503335018942 0.0311845078999769 0.0255743514737635 0.020779590902811 0.0170823965436119 0.0147773647802319 0.0141583554884039 0.0155023373603756 0.0190506539990399 0.0249884346091354 0.0334232237067635 0.0443642685332182 0.0577042380348727 0.0732053958792451 0.090492346346312 0.109053352699022 0.128251844812255 0.147349067010248 0.165537888098988 0.18198666820714 0.19589085941144 0.206528851568304 0.213317621332878 0.215863156971363 0.214000541955606 0.207819063225983 0.197668773710555 0.184146514042779 0.168061340571424 0.150381408372228 0.13216637289087
0.109838392113403 0.106749933989021 0.103295000712669 0.0994369354610291 0.0951413106744036 0.0903787238883081 0.0851283808150725 0.0793824347923778 0.0731509597287407 0.0664673255778754 0.0593936333765355 0.0520257656120671 0.0444975313886027 0.0369833456883723 0.0296988842976711 0.0228992018915439 0.016873887782266 0.0119389580032618 0.00842534100687631 0.0066640074070341 0.00696802453240056 0.00961208669667418 0.0148103802053384 0.0226939767453573 0.033289284564263 0.0464993827449691 0.0620902655165911 0.0796840696828891 0.0987611912115071 0.118672775285467 0.138664374725921 0.157910639942974 0.175559797397198 0.19078550106677 0.202842541017078 0.211122016978502 0.215201077610102 0.214882302495415 0.210218327723004 0.201518384972228 0.189334963380596 0.174430668751647 0.157727346087055 0.140241416994374
0.113397337045018 0.110544395458595 0.10729502664115 0.10360031698936 0.0994119703718978 0.0946855100944373 0.0893845090551034 0.0834858036937366 0.0769855246462762 0.0699056397160326 0.0623005692901422 0.0542633189616711 0.0459304956638715 0.0374855442839437 0.0291595672087876 0.0212291686000849 0.0140108924183176 0.00785199016304788 0.00311745372030209 0.000173476325917743 -0.000632240751643198 0.00100736297923476 0.00533510573696783 0.0125058268706258 0.0225641338192319 0.035425500229012 0.0508627295833793 0.0684997879814205 0.0878147909859517 0.108153468867381 0.128753726227473 0.148780986487062 0.167372939310615 0.183691196202643 0.196976338662436 0.206602056462564 0.21212365245971 0.213316235084703 0.210198480700166 0.203038913116048 0.192343137173127 0.17882223545579 0.163344401822587 0.146873626819873
0.116614305268166 0.114033060228043 0.111038332490283 0.107569111074346 0.10356304816756 0.0989600327825563 0.0937070399693266 0.0877641997883915 0.0811118775813034 0.0737583906917868 0.0657478271777204 0.057167301236994 0.0481528976726019 0.0388935374233937 0.029632043575174 0.020662799626281 0.0123255599329461 0.00499518376234157 -0.000932692928157952 -0.00505976929447038 -0.00700641568843474 -0.00643538218813117 -0.00307672948007615 0.00324745921081512 0.0126002873804143 0.0249110735799756 0.0399621824971399 0.0573835703593626 0.0766566841113877 0.0971288562782896 0.118038615983198 0.138551426757623 0.157804335075391 0.174956973241081 0.18924543093166 0.20003482144028 0.20686603852625 0.209492312693688 0.207901768599216 0.2023232365525 0.193213998030996 0.181229810015937 0.167179277381571 0.151966228767349
0.119513653337128 0.11722856381576 0.114524422912926 0.111328798932032 0.107565755733417 0.10315974293062 0.0980410070013131 0.0921524590742491 0.0854577537626262 0.077950138612445 0.0696614498883833 0.0606704832934008 0.0511098804629028 0.0411706591944608 0.0311035832394853 0.0212167119720715 0.0118686791692801 0.00345750670864386 -0.00359495415801431 -0.00886255897434973 -0.0119376819483203 -0.0124562989161346 -0.0101240467050592 -0.00474170031838939 0.00377170679334418 0.0153600317294255 0.0298173737503223 0.0467834264866652 0.0657483040735977 0.0860677841493891 0.106989183349019 0.127687196479316 0.147308060595765 0.165019448282913 0.180062665667901 0.191803146836329 0.199774998801878 0.203715529356233 0.203586307762593 0.1995783355011 0.192100256819603 0.181750084876004 0.169272493668089 0.15550515012167
0.122109236491286 0.120131662041226 0.117739033290535 0.114848578532727 0.11137178576635 0.107218545425888 0.102303048377606 0.0965513690432882 0.0899104552534695 0.0823580246459581 0.0739126601538879 0.0646432337987479 0.0546766943699559 0.0442032481519707 0.0334780490429182 0.0228186898787928 0.0125980354375692 0.00323223829919564 -0.00483589127291759 -0.0111576515732935 -0.0153025110446551 -0.0168843140253798 -0.0155882010434638 -0.0111965814162469 -0.00361232831256555 0.00712271024977573 0.0208157459582198 0.0371192942610904 0.0555369184939239 0.0754392078956485 0.0960899988264784 0.116681999346294 0.136380073966153 0.154369580318771 0.169906427063716 0.182365045035667 0.191280316895955 0.196379748328985 0.197602797622425 0.195105273479587 0.189247978793234 0.180570196551387 0.169750032435619 0.157554888214281
0.124405143892247 0.122732368737578 0.120655740196196 0.118083512363054 0.114916049390449 0.111050158834263 0.106385394397499 0.10083225310594 0.0943219592997974 0.0868172814337225 0.0783235989931187 0.0688992587578784 0.0586641609218551 0.0478055157095724 0.0365798170496091 0.0253102850857983 0.0143793158440781 0.00421581868786674 -0.00472230787657538 -0.0119699403008888 -0.0170797616513201 -0.0196492753193984 -0.0193482533163783 -0.0159448744661999 -0.00932869165025826 0.000471447550218912 0.0132762929226584 0.0287534070451152 0.0464237994416207 0.0656785006348413 0.0858048855685291 0.106021751931101 0.125521330694198 0.143515638849157 0.159283970606043 0.172217951022648 0.181860514792068 0.187935462113931 0.190364883681199 0.189272695631805 0.184973700038951 0.177948871639816 0.16880883170478 0.158248566358548
0.126397911039177 0.125012796743007 0.123239558633092 0.120979012596926 0.118122176414588 0.114554742786324 0.110163706726309 0.104846066344285 0.0985192621128308 0.091132752139597 0.0826798742624256 0.0732089559984553 0.0628325319258026 0.0517335361575575 0.0401674624118174 0.0284597179672064 0.0169977195438084 0.00621765894715379 -0.00341372927930603 -0.0114216687621156 -0.0173490180828914 -0.0207837218195411 -0.021386394784941 -0.018916240993526 -0.0132534461089491 -0.00441622813520681 0.0074290991280872 0.0219663892907382 0.0387371452641784 0.0571575312932203 0.0765445388334541 0.0961501809593666 0.115201843858461 0.132946257589349 0.148694042275169 0.16186151354371 0.172006446923009 0.178854831141389 0.182316275964383 0.182486635441218 0.179637482459589 0.174193219632053 0.166697715061796 0.157773290098886
0.128079925531329 0.126951399882782 0.125452199251898 0.123477304838943 0.120910379096471 0.117628344507294 0.113508264375778 0.108436434805886 0.10231932556162 0.0950957232022541 0.0867491699794567 0.0773195951620088 0.0669129352635324 0.0557075584333395 0.0439564530608557 0.0319844018985981 0.0201797165652702 0.00898051889294585 -0.00114401316000759 -0.00971660309579425 -0.0162778385921072 -0.0204136451477925 -0.0217825667709239 -0.0201410367042511 -0.0153648127457662 -0.00746485554905188 0.00340384861819962 0.0169416726706585 0.0327126258072706 0.0501616336384371 0.0686402801138522 0.0874397851291769 0.105829332916386 0.123097301493123 0.138592541013182 0.151762668225403 0.162186426288584 0.16959751843884 0.173897944104903 0.175159699229825 0.173614673405877 0.169633589792128 0.163695785489327 0.156352419341087
0.129443628170423 0.128528152419213 0.127258440395667 0.125525225440374 0.123206915144862 0.120174261593094 0.116297437109978 0.111455408392227 0.105547217111751 0.0985044794598904 0.0903041500975976 0.0809803982901222 0.0706343505507683 0.0594404875870958 0.0476486498326092 0.0355808935394418 0.0236228206830141 0.0122094422863741 0.00180608336509219 -0.00711474215358074 -0.0140992000122161 -0.0187391888885708 -0.0206988475764599 -0.0197387208525815 -0.0157358346229201 -0.00869808780750353 0.00122836424789127 0.0137596854887124 0.0284833716989768 0.0448756241709031 0.0623264047040842 0.0801708797216019 0.0977253933464739 0.11432564412665 0.129364434356329 0.142326261254006 0.152816154487109 0.160580539728962 0.165518501370449 0.167682581278646 0.16726911478771 0.164598985641544 0.160090489236111 0.154226644774386
0.130486024411602 0.1297300752888 0.128632894347852 0.127082475057192 0.124954087820234 0.122115046215216 0.118431933075448 0.113780154383237 0.108055395516583 0.101186253598174 0.0931470527164133 0.0839696575649876 0.0737530209310541 0.0626692534949099 0.0509651948388435 0.0389587776263075 0.0270298812197952 0.0156058239716241 0.00514209841486205 -0.00390063291770801 -0.0110819261790928 -0.0160077370659437 -0.0183556755444068 -0.0178976042475798 -0.0145179492694932 -0.00822629567126171 0.00083685922380361 0.0124019330262501 0.0260799408684862 0.0413797899648445 0.0577323981261469 0.074520315391511 0.0911110524323143 0.106891949810255 0.121304204024323 0.133873634907222 0.144235953210527 0.152154664985171 0.157530305677029 0.160400385374461 0.160930184075059 0.159395288848424 0.156157438388106 0.151635766877841
0.131212980654611 0.130556453104548 0.129566352381101 0.128129322160113 0.126119553076833 0.123403664360328 0.119848047697073 0.11532850646672 0.10974172632888 0.103017813792742 0.095132880172815 0.0861204715650484 0.0760805859007291 0.0651850960298694 0.0536786145489153 0.0418741732629001 0.0301435123195081 0.0189022347519524 0.00859053181351197 -0.00034942197307003 -0.0074980022343839 -0.0124830035220448 -0.0150031781757683 -0.0148488237697544 -0.0119179473763908 -0.00622677767090263 0.00208628178422396 0.0127637766669341 0.0254394836386608 0.039655460650331 0.0548850021568128 0.0705601878705492 0.0861023303227202 0.10095334651753 0.11460593769977 0.126630484488753 0.136696763462028 0.144588958654129 0.150212951300405 0.153595480243729 0.154875417660283 0.154288037531703 0.152143705670938 0.148802836127485
0.13164280004166 0.131023102488003 0.130070906154352 0.128672759627783 0.126703709752941 0.124032326510729 0.120528140251505 0.116071279441645 0.110563801190467 0.103941915641601 0.0961880616681438 0.0873416370403116 0.0775071543567412 0.0668587019175289 0.0556398339006906 0.0441583738532414 0.032776049911824 0.0218933394214299 0.0119303330667254 0.00330478908807 -0.0035911958831123 -0.00841433819249399 -0.0108915679347575 -0.0108382076219935 -0.00817165438164794 -0.00291956493533607 0.00477812577231801 0.014673648375831 0.026422202582211 0.0395986100025133 0.053718910069701 0.0682656337104265 0.0827151960452299 0.0965656514719422 0.109362978420691 0.120724124930532 0.130355255540229 0.138063985139799 0.143764841122171 0.147477722506501 0.149319675253698 0.149490824374943 0.148255745446832 0.145921878685977
0.131808657583159 0.1311651571223 0.130183172268325 0.128750276444021 0.126744142665237 0.124037740070937 0.120506842864443 0.116039585695566 0.110547509788136 0.103977267552381 0.0963219327528054 0.0876307389691634 0.0780160713380931 0.067656678787282 0.0567963489321568 0.0457376677263835 0.0348309267718856 0.0244586899739084 0.0150169352517613 0.00689400238204721 0.000448775916045419 -0.00401039860995253 -0.00624462078756197 -0.00609987849934163 -0.00351798287536453 0.00145775458264411 0.00868252333363548 0.0179157695095794 0.0288324354690058 0.0410390770173361 0.0540939412204426 0.0675298185567434 0.0808782757315141 0.0936937509452011 0.105575970515437 0.116189236743336 0.125277343929222 0.132673192246889 0.138302564958422 0.142181979644429 0.144410978128427 0.145159639744198 0.144652448618419 0.143149885510399
0.131759616301044 0.131038017354559 0.12996517875821 0.128430697627467 0.126316448513076 0.123501972261417 0.119872031815879 0.115326007947305 0.109788528938081 0.103220472109406 0.095629283806417 0.0870774762572859 0.077688201137315 0.0676469792056488 0.0571989703211281 0.0466415654144828 0.0363125232573254 0.0265743047462308 0.0177956231378094 0.0103314889143317 0.00450315898002651 0.000579397659305231 -0.00123966486191032 -0.000835006374242497 0.00182327419048076 0.00667288844077679 0.0135614037674861 0.0222532659182293 0.0324413787579576 0.0437625648038389 0.0558160076344893 0.0681835968097351 0.080450968790047 0.0922279767670623 0.103167340807067 0.112980335460646 0.121448565649266 0.128431154160247 0.133866996416328 0.137772102805442 0.140232412872361 0.14139279493471 0.141443208085973 0.140603176892312
0.131560124290672 0.130716345461095 0.129502772445663 0.127811925077628 0.125531246248426 0.122548688464344 0.11876028286143 0.114079299013904 0.108446339790416 0.101839484643466 0.0942834378131491 0.0858565902677828 0.0766949878740285 0.0669924162636384 0.0569961465223755 0.0469982967071518 0.0373231999895101 0.0283115737755592 0.0203026036118167 0.0136152534675713 0.00853017255310565 0.00527349214462525 0.00400361632411222 0.00480184250097618 0.00766733943418862 0.012516697077692 0.0191879700352689 0.0274488800744671 0.0370086287400987 0.0475325981742937 0.0586590844117265 0.0700171119952932 0.0812443246753237 0.0920039405150912 0.101999808528178 0.11098871375777 0.118789249233025 0.125286800031657 0.130434452398995 0.134249928350446 0.136808927924184 0.138235510841697 0.138690343028382 0.138357753325012
