_KRIGING/CROSS_VALIDATION_CLASSIC/Berg/GZ/train_5/Berg_GZ_5_train_z_1000.asc
ncols 100
nrows 90
xllcorner  5.6208707817415728
yllcorner 50.959635321741573
cellsize 0.00013419651685393446
nodata_value 1.7014100000000001E+038
[rows 38 to 56 of 90, columns 44 to 87 of 100]
0.0719320697324874 0.065748018247279 0.059239112914484 0.0524179428437116 0.0453077779489408 0.0379430769583558 0.0303708131312073 0.0226528262645058 0.0148693313030806 0.00712357400707383 -0.000452565560386753 -0.00769243715402409 -0.0143885807605425 -0.0202875935088979 -0.0250868407282491 -0.0284340093988669 -0.0299304919141178 -0.0291395071343621 -0.0255997126260809 -0.0188448279507927 -0.00842945610257162 0.00603916419443493 0.0248643366862625 0.0482196104774541 0.0761074388050094 0.108320087414018 0.144406850107963 0.183652135321364 0.22506906588153 0.267412735930214 0.309216104565775 0.348849677542259 0.384603751763704 0.414789302889511 0.43785090965108 0.452482808574146 0.457737635710118 0.453116947620005 0.438633408533997 0.414836605629002 0.3827976493623 0.344051700834731 0.300501883640494 0.254292156049579
0.0789417025180143 0.0731463505651338 0.066956551979489 0.0603664804766421 0.0533777646405358 0.0460008079888454 0.0382573967851704 0.0301848056586751 0.0218414635663654 0.0133140328883793 0.00472550485228759 -0.003756341992667 -0.0119110004072278 -0.0194588556009551 -0.0260574967076393 -0.0313018385579119 -0.0347290799760594 -0.0358293557172253 -0.0340627032439466 -0.0288826624694137 -0.0197664442242754 -0.00625112106513362 0.0120253064512278 0.0352798354409765 0.0635400552320359 0.0966029108054832 0.134000850097527 0.174980019171285 0.218495182645179 0.263225476683659 0.307613860625893 0.349931227410322 0.388363684175531 0.421118761577841 0.446543587889622 0.463245758708828 0.470206125863023 0.466872329820685 0.453222789493588 0.42979305228869 0.397659720643668 0.358381262955616 0.313899412421733 0.266409018772649
0.0859615495273691 0.0807286834587454 0.0750617513172678 0.0689334361430017 0.0623191548534247 0.0551991801366108 0.0475626121695782 0.0394134175962531 0.0307785301734155 0.0217177197020019 0.0123346168806599 0.00278797530107056 -0.00669799694062637 -0.0158255575759442 -0.0242189616711838 -0.0314248816240514 -0.0369188042377541 -0.0401182195510362 -0.0404030777750552 -0.0371435990185701 -0.0297350724164751 -0.0176387620629527 -0.000427430199588796 0.0221667097010829 0.0502045589898092 0.083496923968296 0.121569869742803 0.163643339683367 0.208627668291322 0.25514196268531 0.301557014413767 0.346063440474123 0.386763266935127 0.421780403345711 0.44938274828671 0.468106403219443 0.476871031198405 0.475075082758697 0.462660594654095 0.440139546775827 0.408577150983675 0.369531585583886 0.324954099060996 0.277057546398392
0.0930050472133512 0.0885043434304227 0.0835621876386313 0.0781277968886522 0.0721469130567983 0.0655646303818989 0.0583307215294883 0.0504077008237456 0.0417815589585237 0.0324747289873815 0.0225604440722565 0.0121772791692645 0.00154238715235577 -0.00903821098476429 -0.0191639181168703 -0.0283399119921534 -0.0359847379951153 -0.0414459312911652 -0.0440239949280206 -0.0430045591889731 -0.037698015786752 -0.0274853530005408 -0.0118683028633302 0.00947875415068328 0.0366583753818318 0.0695050423373071 0.107549979062238 0.150000479766317 0.195738238701198 0.243340429875032 0.291125903888729 0.337226871668356 0.37968395986657 0.416559792790014 0.446063614078287 0.466677287851032 0.47727168119802 0.477202218801253 0.466373473959425 0.445265004363321 0.414914058200538 0.37685490402317 0.33301889504474 0.28560343203074
0.100069152297745 0.0964592807452912 0.0924336444655603 0.0879171172184451 0.0828234811255268 0.0770587929788235 0.0705279744691662 0.0631449060068121 0.0548459131606862 0.0456060649685747 0.0354572121891412 0.0245062502204109 0.0129517639970815 0.0010970544010479 -0.0106424135502853 -0.0217388620010286 -0.0315606641053833 -0.0393902018841132 -0.0444512960522964 -0.0459457539577584 -0.0430979481380616 -0.0352057104019285 -0.0216952008734718 -0.002176786403323 0.0235016444449727 0.0552080412825732 0.0924907184049365 0.134558639326517 0.18028173506202 0.228214684782183 0.27664614712679 0.32367342141607 0.367300071016271 0.405551393750574 0.436600099089339 0.458892513620879 0.471264434598235 0.473035658635273 0.464073369761118 0.444816951175256 0.416260183900433 0.379890851163168 0.337592006906092 0.29151307280046
0.107126409723754 0.104546982146299 0.101609627299507 0.0982150227355651 0.0942438968098607 0.0895607186498343 0.0840213992688355 0.077485347592462 0.0698317443664642 0.060979324264798 0.0509083625352169 0.0396830311282838 0.0274719029965932 0.0145642076649547 0.00137951214987664 -0.011531181360407 -0.0234944005742792 -0.0337340291826511 -0.0414020287098538 -0.0456193095090227 -0.0455252519613002 -0.0403336802907603 -0.029392453182171 -0.0122432587155035 0.0113223020788962 0.0412146509221264 0.077010705475187 0.117935336835241 0.162863793007857 0.210348115086493 0.258669080993411 0.305913214684716 0.350072026288475 0.389158128635963 0.421330513575409 0.445019409646859 0.459040105913613 0.462685163494192 0.455785667764312 0.43873456083666 0.412468428059564 0.378408038530604 0.338362001210381 0.294401601222679
0.114119316679108 0.112682029619127 0.110973863901999 0.108872338890529 0.106225185086013 0.102854122002865 0.0985634763334871 0.0931540712391222 0.0864422444071003 0.0782831711910393 0.0685969633223571 0.0573953829935733 0.0448065552432627 0.0310948579663065 0.0166732634861942 0.00210580038932923 -0.0119015412561354 -0.0245222973827726 -0.0348433088695341 -0.0419097447635991 -0.0447794384062409 -0.0425838271425064 -0.0345921343272159 -0.0202749113872657 0.000637326372547348 0.0281048615320913 0.061743442989598 0.100807107654624 0.144192774421251 0.19046916453125 0.23793106983015 0.284678029279998 0.328714210520452 0.368063941087166 0.400895175644143 0.42564153475137 0.441112701299763 0.446583133029347 0.441850342974715 0.427256363030949 0.403669231508651 0.372425090484298 0.335235309202398 0.294066502564853
0.120957808727638 0.120737411640596 0.120357337300735 0.119673699025775 0.118502350745233 0.116622526437204 0.113786166195811 0.109733466154403 0.104214523642597 0.0970161558815168 0.0879921470373276 0.0770944406135432 0.0644022579919749 0.0501458843249764 0.0347219755179642 0.0186977100222549 0.0028018907926024 -0.01209789121769 -0.0250318012122997 -0.0349766619622726 -0.040914838505804 -0.0418998711243962 -0.0371249573876886 -0.0259899262333214 -0.00816209471864901 0.0163736438955888 0.0472799612112635 0.0838514579490771 0.125021449303805 0.169393197544703 0.215296058279596 0.26086510500716 0.304140672911054 0.343182113024508 0.376188126443696 0.40161463458407 0.4182804942638 0.425451674537316 0.422895852520838 0.410901696361693 0.390260181123909 0.36220880217316 0.328343105962224 0.290503123335073
0.127520502303285 0.128546463606199 0.129541020353594 0.130341145296635 0.130732884261643 0.130454669611021 0.129207155037529 0.126670227558244 0.122527096163913 0.116494452227064 0.108356754308708 0.098001842083472 0.0854544646338224 0.0709040284619012 0.054722997275024 0.0374729182798344 0.0198959576277461 0.00289099942605991 -0.0125253343270378 -0.0252710910325922 -0.0342620071839389 -0.0384813837441705 -0.0370523891674315 -0.0293079751871502 -0.0148534796628544 0.00638285813831202 0.0341158367443069 0.067689378637506 0.106085493167422 0.147957576754543 0.191687940889801 0.235467639087397 0.277394707127589 0.315585010823077 0.34828823474103 0.374000385304326 0.391563742851623 0.400245635430131 0.399788776602993 0.390428140318527 0.372872241215618 0.348249945161706 0.318027181543174 0.283900780159477
0.133659997250424 0.135909891779104 0.138264945118668 0.140545563783409 0.142510859574127 0.143861513858279 0.144249954504662 0.143298622288566 0.140626261306246 0.135881156983732 0.12877918798807 0.119143603583481 0.106942737203376 0.0923215473850656 0.0756230171662556 0.0573960559926704 0.0383875784782622 0.0195177665861547 0.00183900160746578 -0.0135195861492246 -0.02541870854523 -0.0327823970074243 -0.0346734425023658 -0.0303655672368855 -0.0194071345917333 -0.00167155152882101 0.0226098583580875 0.052835856196651 0.0880463904914612 0.126957677389976 0.168020574727776 0.209499851554873 0.249570187146801 0.286423062530706 0.318377321296572 0.343985276338575 0.362126005913633 0.37207803874384 0.373565006683134 0.366769968519927 0.352316793498163 0.331219960316529 0.304807043254315 0.274620679611388
0.139212090685691 0.142607746419012 0.146243485877855 0.149925843430165 0.153390521076349 0.156304763405611 0.158277760159055 0.158879964558967 0.157671294869052 0.154237078379875 0.148229435204725 0.139410747835645 0.127695089147195 0.113183128371563 0.0961861902119197 0.0772358234142216 0.0570763808974497 0.0366395947362146 0.0170017706933241 -0.000674162153140617 -0.0152081055981338 -0.0254790419265596 -0.0305027182188609 -0.0295051864946743 -0.0219868098882304 -0.00777188625903474 0.0129601290368839 0.0396647561473375 0.0714456811585077 0.107091296732688 0.145133358917256 0.183924937978928 0.221733279781151 0.256841783498356 0.28765419347653 0.312793458690176 0.331187674043197 0.342136174643561 0.345350220705543 0.340964707213703 0.3295197858559 0.3119139474993 0.289332687533588 0.26315906638105
0.144008229760605 0.148415524529692 0.153185854602337 0.158114538223454 0.162917880814187 0.167235113174045 0.170638963685906 0.172655841715891 0.172795620478201 0.170589816015165 0.165635709145378 0.157642826434997 0.146477366324873 0.132199781815567 0.11509090840371 0.0956627736940738 0.0746514765124487 0.0529911358423106 0.0317696890238353 0.0121690512667689 -0.00460636187158914 -0.0174076510552596 -0.0252202738894869 -0.0272378761189589 -0.022925620589648 -0.0120682460649454 0.00520089412676755 0.0283923392426048 0.0566757404485874 0.0889175208255728 0.123739237271011 0.159593463876594 0.194852673426011 0.227905446126971 0.257253498956428 0.281602626602411 0.299940780350184 0.3115972462106 0.31627821534417 0.31407588806806 0.305450459982063 0.291186685385054 0.272328944990585 0.250100608839287
0.147890013923021 0.153122905271206 0.158819937940011 0.164767716445681 0.170667491557831 0.176136806296429 0.18072024464582 0.183910314739629 0.185178453868119 0.184014886049117 0.179974747531815 0.172726709417737 0.162099462362543 0.148121049348525 0.131046240609179 0.111367957797794 0.0898100988210235 0.0673008351499438 0.0449273384505596 0.0238747112952273 0.00535343386500534 -0.00947926780090544 -0.0195981676564493 -0.0241829263160734 -0.0226796350638854 -0.0148464259683807 -0.000779735323835296 0.019080841033335 0.0439697334094067 0.072833825426494 0.104389943339183 0.137197951263733 0.169744878382817 0.200534615126867 0.228177137001186 0.251471032037437 0.26947339164487 0.281551911486696 0.287415323401555 0.287119963256448 0.281052232919371 0.269888748071649 0.254537862336977 0.236067811353039
0.150724139042794 0.156553072520539 0.162916900992163 0.169595795782371 0.176280469045047 0.182573752848763 0.188001588215046 0.192034465676474 0.194119273979075 0.193720214038862 0.190366081667238 0.183700010531324 0.173526896018674 0.159853359078595 0.142915359592359 0.123189445840915 0.101385048633949 0.0784170286365973 0.0553596380253742 0.0333849171869183 0.0136900887135825 -0.0025804348289819 -0.0144123373724109 -0.0209919990628177 -0.0217650605694004 -0.0164786413240179 -0.00520420630154195 0.0116604866955084 0.0334104716346875 0.0590724140066418 0.0874606650862746 0.117246893678279 0.147038767576118 0.175462514798946 0.201243851465313 0.22328177116564 0.240710091872245 0.252942466775039 0.259697760729013 0.261004201223866 0.257182410570894 0.248809155164643 0.236665230492722 0.221672165469708
0.152415943769114 0.158580272874046 0.165313589641398 0.172391668791245 0.179499228338726 0.186231727208624 0.192106702129395 0.196585643221837 0.199106298816192 0.199123982426747 0.196159093866706 0.189846861948814 0.179984470159056 0.166570406803352 0.149831186890409 0.130231532335298 0.108465579271189 0.085428528813627 0.0621701348378118 0.0398332751900779 0.0195823514790159 0.00252723802473168 -0.0103511331044708 -0.0182677037013518 -0.0206876557560292 -0.0173642882278375 -0.00835787339888544 0.00596555998161069 0.0249551321594961 0.0477140149354319 0.0731535191461241 0.100058651542899 0.127160758583301 0.153212462029525 0.1770599551663 0.197707893419222 0.21437259774615 0.226520094023631 0.233886607972373 0.236480457532668 0.23456573096563 0.22862957892221 0.219336239012881 0.207471915799844
0.152919736458113 0.15914327509244 0.165929782390794 0.173052446166975 0.180194428431278 0.186951199454109 0.192842355034396 0.197333818989838 0.199870217657984 0.199915903780148 0.197001771451743 0.190773841896198 0.181038811202839 0.167801498082047 0.151289503557256 0.13196139348214 0.110496238011504 0.0877642031306382 0.0647798460334363 0.0426415621159695 0.0224620391154517 0.00529543138828356 -0.00793280000421487 -0.0164878103981914 -0.0198743726147622 -0.0178695188074269 -0.0105368261224973 0.00177817897864471 0.0184706493203098 0.0387150430037484 0.0615167583296054 0.0857730873781254 0.110339347000808 0.13409584096809 0.156011346217741 0.175199101835221 0.190961812645161 0.202822950725742 0.210542618455453 0.214117370189536 0.21376459367756 0.209893223337307 0.203063583147809 0.193939931833536
0.152244373303507 0.158252768429645 0.164777810521884 0.17159172799692 0.178380335806837 0.184746224795803 0.190221195144469 0.194288684384342 0.196415836706204 0.196093585376099 0.192881841997161 0.186455801508775 0.176648672311954 0.163485978346093 0.147207033184619 0.128270240691816 0.107340420764765 0.0852581984437364 0.0629933860978769 0.0415859787520027 0.0220796536758207 0.0054533688201697 -0.00744326729983383 -0.0159456942530377 -0.0196169977378884 -0.0182745452067394 -0.0119992427205428 -0.00112741646391912 0.0137734107871426 0.0319425443353226 0.0524748741787383 0.0743767978812568 0.0966254969372291 0.118227731242462 0.138274496996625 0.155988263189984 0.17076005024509 0.182174327158432 0.190020554415689 0.19429114477586 0.195166588968249 0.192989419295138 0.188229475724142 0.181443516983743
0.150453101721776 0.15599143066735 0.161962939401975 0.168140400390137 0.174216150969815 0.179806425998781 0.184464524765968 0.187703362454215 0.189026881387028 0.187968581790365 0.184134241431195 0.177244917216474 0.167175739706683 0.15398595975284 0.137936247423456 0.11949034730908 0.0992997382606782 0.0781717308006837 0.0570232199241491 0.0368238516002828 0.0185334555100502 0.00303911595559939 -0.00890283923220469 -0.016715301065018 -0.0200357404669871 -0.0187362508424117 -0.0129274659522782 -0.0029468729149667 0.0106668371223491 0.0272108855091444 0.0458639308411852 0.0657366502666423 0.0859239665902171 0.105555642896074 0.123842254761754 0.14011396921322 0.153850092795753 0.16469798406127 0.172480638382714 0.177193013538675 0.178987927118508 0.178153063958147 0.17508122103655 0.170236330557462
0.147657408242088 0.152506320995006 0.157674066772223 0.162935398278833 0.167992607901193 0.17248123248994 0.175984033497622 0.178053563234833 0.178242597527596 0.17614058109249 0.171413155278965 0.163840996521941 0.153353751838714 0.140054931876019 0.124234254958239 0.106365080714454 0.0870860953220052 0.0671681105821488 0.0474684803355549 0.0288769917863069 0.0122579749936478 -0.0016063125966897 -0.0120662402968604 -0.0186452900595506 -0.0210676127340529 -0.019271126654251 -0.0134059715133653 -0.00381932735436807 0.00897144255178936 0.0243147140957194 0.0414666232787613 0.0596361230346617 0.0780301228635028 0.0958960176904713 0.112559275975868 0.127454193933893 0.140146415012536 0.150346350774891 0.157913209503169 0.162849923428196 0.165289835138642 0.165476519531993 0.163738535922239 0.160461184432678
