_RESULTS/CROSS_VALIDATION_POSTPROCESSED_CLR/Berg/GZ/1comp/5/Berg_GZ_z_0_kriged_reverse_1comp_spherical_5.asc
ncols 100
nrows 90
xllcorner 5.6208707817415728
yllcorner 50.959635321741573
cellsize 0.00013419651685393446
nodata_value 1.7014100000000001E+038
[rows 38 to 56 of 90, columns 43 to 85 of 100]
-3.9873511342177332 -4.241099331400271 -4.54592975669518 -4.927408537100932 -5.379961268212311 -5.889906398988391 -6.440925896970563 -7.0134683856047655 -7.581420689642668 -8.113258829853686 -8.587258807629956 -8.971959244184156 -9.25272179326628 -9.437217652911462 -9.555816002784756 -9.61196744772172 -9.608851470628899 -9.557074103066583 -9.457741497973004 -9.341950823762136 -9.222634858234299 -9.085945789615502 -8.922912201985522 -8.73898556650019 -8.538663032870216 -8.32494041561409 -8.098821087238678 -7.86254263978233 -7.622839829974243 -7.366149899247997 -7.058531114190803 -6.691598661891776 -6.272857252235008 -5.803671694017099 -5.3007719893329135 -4.7916950595934 -4.296828257776281 -3.836856828772876 -3.4508542051844193 -3.1687701208703984 -2.9925020264341873 -2.902103598970939 -2.8767777659180425
-4.04327169257445 -4.338772665845961 -4.67969339992205 -5.092657819838185 -5.572511249370379 -6.104984880389879 -6.673438094939539 -7.249149097207869 -7.809643604469835 -8.328952810477746 -8.773620167107921 -9.124609356874409 -9.377455577980456 -9.538410531293593 -9.639384043687098 -9.68651588142028 -9.676683437909581 -9.61813991387108 -9.539005512165426 -9.454591379521373 -9.36840049984004 -9.262666482049907 -9.132178522954868 -8.982611787622549 -8.818754386466349 -8.643834133034446 -8.4588518039097 -8.261767037352673 -8.046514443796625 -7.797737921049863 -7.492091208007359 -7.106126154633912 -6.6366281996176095 -6.0995726599411695 -5.520304457910373 -4.927864332112992 -4.351244538582463 -3.8103885191329674 -3.3608927397185293 -3.063167811445161 -2.908784507155479 -2.845780529155819 -2.840815212545234
-4.126288157479843 -4.462415604607713 -4.849797127087908 -5.2964755485295365 -5.80226004596544 -6.354767092038349 -6.925329675770195 -7.491900931481997 -8.031110681978117 -8.520338267362987 -8.935107638872793 -9.257736528646278 -9.478757376817224 -9.609356065326583 -9.681886216160267 -9.703480084794363 -9.678337875320066 -9.637584942387207 -9.592919100259541 -9.5444241277719 -9.492810847636594 -9.419331769348625 -9.321935918929293 -9.207500079175547 -9.081786684260688 -8.94876536753507 -8.809996234970399 -8.663557256082365 -8.498178490442145 -8.278482944292909 -7.9811494792310995 -7.5690083399220605 -7.039986202644862 -6.427348621152964 -5.769944927332223 -5.097112242652584 -4.435054599971231 -3.798334516423104 -3.247903211508919 -2.9519918744629092 -2.855952721808461 -2.830183147590039 -2.8440696046114184
-4.23897362353305 -4.618170813403767 -5.052135852865145 -5.538130685693237 -6.063138236835546 -6.6052416328544385 -7.152804202077387 -7.691521284244169 -8.20462487222434 -8.671259667517322 -9.065789603565726 -9.36547869278089 -9.549577392126 -9.63866981243552 -9.67137912360046 -9.666280583196649 -9.650397304717174 -9.635512389158386 -9.627147061083502 -9.613603314781273 -9.594283603364804 -9.551331882197031 -9.485422333941788 -9.405250572606484 -9.317786429763574 -9.227894619491053 -9.138250386914905 -9.048673876324703 -8.94239044397382 -8.78699550634733 -8.527403167354574 -8.08688638610713 -7.478124291167649 -6.774974047520205 -6.040026861944865 -5.303007394300998 -4.579198210262953 -3.874180399408006 -3.1785465411040916 -2.9298428176153273 -2.8948934022016815 -2.8840533194449915 -2.9000516328061656
-4.3588921523330235 -4.780587921680167 -5.251813953128725 -5.760394668029255 -6.281503994022396 -6.802543798186549 -7.320622158129449 -7.829707407705369 -8.317343823467894 -8.766814683211184 -9.15494600141323 -9.44095780836718 -9.57905248437553 -9.608468898088184 -9.60344625059658 -9.600648261880114 -9.605256151822857 -9.615728967526858 -9.637211779358577 -9.658006889736946 -9.667629956058732 -9.651758810997368 -9.614310329370415 -9.566410910038115 -9.51593710501389 -9.468022859771825 -9.42607773469793 -9.390213075066843 -9.343177953229524 -9.264185305919803 -9.095969613346961 -8.648633551712553 -7.922061325431486 -7.119183942915693 -6.314254326711297 -5.534838379923067 -4.795886109450921 -4.110292450512214 -3.5252504251775676 -3.196662513624371 -3.0709346054689646 -3.020357644135749 -3.0125778606306537
-4.443868199737533 -4.909929897812101 -5.413428034790128 -5.923625980525229 -6.4327475940925725 -6.9346123152616475 -7.423580106713999 -7.895923628640922 -8.35076156484369 -8.779923718362863 -9.17445963379961 -9.475677961831867 -9.549503347565636 -9.514465681440004 -9.490492678439756 -9.495855102615316 -9.527060454432828 -9.572462633028955 -9.626104516166833 -9.674187573092748 -9.706735512862947 -9.712038040012551 -9.69899872562603 -9.681254181313802 -9.666251733708023 -9.657634510642364 -9.65756535936143 -9.656301510964237 -9.639661256000469 -9.6100648208409 -9.570940847159104 -9.144244134778567 -8.270537623774624 -7.4038554970773856 -6.566649891876144 -5.774011347282739 -5.0460204651419955 -4.4109961603320125 -3.891575827706824 -3.5336524178118296 -3.3262793587938666 -3.2166895454606084 -3.1700878500070786
-4.5093417420082975 -5.015834153855156 -5.530550484050356 -6.029878299554586 -6.518061377695408 -6.991026002370418 -7.4450237538694 -7.877076782628001 -8.28496335107935 -8.670525085265083 -9.048589951150095 -9.426590394183016 -9.413866706001148 -9.330290403274734 -9.30196102137088 -9.326574758627284 -9.396126420281227 -9.492875343850354 -9.593925167575529 -9.662565535553842 -9.702194687982022 -9.719809993808385 -9.72791110464194 -9.740310043836658 -9.761213268081889 -9.789731490594466 -9.81488843468529 -9.817475649801576 -9.792525947471557 -9.732181770229893 -9.58981874153507 -9.1558826230345 -8.412803384591674 -7.5833514360839285 -6.765411761341909 -5.992640991859819 -5.29098154212892 -4.690915354882849 -4.206212505813565 -3.841053363985099 -3.591790171486123 -3.4363220205015343 -3.3519900855573885
-4.589540130756974 -5.10720109745449 -5.607835131096189 -6.083907063116603 -6.540203415777967 -6.973435400691429 -7.381215681572348 -7.762472466719551 -8.116795989406908 -8.44568322918747 -8.750569870372647 -8.987462279554146 -9.04590908213437 -9.015038803903462 -9.014457416490597 -9.07046459408176 -9.187157199456957 -9.354666080786362 -9.536119917474991 -9.621774667810424 -9.633674067623154 -9.655223318920822 -9.687185665566318 -9.734122898809847 -9.79106369928734 -9.848718207247183 -9.882827179221206 -9.877298760291367 -9.820842909284664 -9.69648972833404 -9.460874281774977 -9.031494634077854 -8.405608603265222 -7.667073079082941 -6.901222216952969 -6.169787782273967 -5.504457276072889 -4.933952750131847 -4.467565744262338 -4.103839051432152 -3.83549716517486 -3.651672481464123 -3.5385902345114912
-4.74916836603251 -5.230089754370125 -5.693549614642153 -6.13123179033668 -6.545408051559758 -6.931494579981921 -7.286438359212501 -7.608455472953628 -7.895500972445075 -8.148284142329782 -8.370084371364575 -8.52866776528917 -8.593433028752527 -8.602595272084699 -8.631998810394101 -8.714968637007257 -8.867989696896014 -9.099709342001908 -9.418712643709206 -9.498524518949182 -9.453094925955714 -9.485023491730203 -9.552178305671369 -9.63987096677581 -9.738520840945064 -9.82425964814066 -9.872093594027845 -9.858196777015744 -9.767676406875037 -9.592536262066197 -9.314643640108535 -8.896147769564605 -8.339256821800815 -7.684658625156843 -6.98263038689154 -6.300437814876835 -5.675771205194735 -5.135378774170307 -4.685188177865499 -4.324100654352016 -4.048606475226654 -3.8482045606309763 -3.7156951970901053
-4.97185001683138 -5.399160576911898 -5.814204332199298 -6.204186203466419 -6.567194385595201 -6.896337205767963 -7.187540896328676 -7.438499849199442 -7.6467491277223765 -7.822567496288269 -7.96803378568233 -8.066644528221245 -8.110489893860656 -8.122020915201848 -8.15830882324624 -8.24689393610155 -8.403421734140588 -8.632271255376569 -8.906384339990463 -9.042349163578654 -9.08269739922007 -9.173313365210166 -9.304306171921215 -9.450634997346295 -9.595015708683633 -9.719550111653746 -9.797654147520813 -9.78377109915677 -9.661338352181932 -9.451185700317954 -9.155572212885557 -8.751904574781953 -8.244488987871463 -7.657339662279769 -7.0215550948188845 -6.388045165487591 -5.804654035577598 -5.2955197748164045 -4.863597841549813 -4.507010524579607 -4.231111482722359 -4.024166833489636 -3.8797419664153505
-5.2258137074976085 -5.601928872225003 -5.966071098929211 -6.304556953105848 -6.610947247660436 -6.87616669285224 -7.095663038363404 -7.267768853139859 -7.395082347654327 -7.494505966131737 -7.566885845320219 -7.605772076775736 -7.611104616290341 -7.596957958597695 -7.610869431096065 -7.677420339899074 -7.80643670501375 -7.994230107067821 -8.21303594300425 -8.400538507681656 -8.559215130460931 -8.740604506246973 -8.955132279322873 -9.164203557887747 -9.358586752440655 -9.530823747507462 -9.665758722884787 -9.666663412633696 -9.502938182488542 -9.273107395200284 -8.976519422384625 -8.593167566477401 -8.128137542164538 -7.597668725248568 -7.023747318753023 -6.438199285868723 -5.894885309480574 -5.417658953112519 -5.005722786119099 -4.658456966961828 -4.383226667851054 -4.1774679183742345 -4.028895249674852
-5.496302277582081 -5.828288844585486 -6.145168713247048 -6.433663136620941 -6.681771085645769 -6.8787384485200205 -7.020789127809751 -7.108925996285592 -7.156824524730415 -7.178287419086745 -7.177370088036742 -7.152529740746695 -7.106524793897675 -7.048861784421424 -7.016543304063276 -7.039422903607706 -7.126368635442198 -7.279761094260892 -7.487509330237344 -7.719478934771845 -7.965212259190939 -8.232162711646042 -8.520237030777121 -8.792948692024751 -9.035536812969116 -9.242613491105178 -9.401651823883531 -9.418521846305477 -9.2665344256862 -9.050613999093088 -8.770954443104998 -8.415440162973983 -7.991289213556195 -7.51144098784758 -6.992778350777464 -6.456010251646422 -5.951201658688711 -5.505859788268352 -5.115025417006274 -4.7805791424685 -4.510211544811646 -4.307760465839056 -4.161229637733532
-5.766269421737042 -6.0700607053407944 -6.348835482514784 -6.5931590923787144 -6.784731117215288 -6.910736410667107 -6.97037869925008 -6.973113231285158 -6.940214181692985 -6.882666353040488 -6.807771218786522 -6.715804102241239 -6.609864690847067 -6.497832775052082 -6.402640218998048 -6.365560829010176 -6.4028966900726205 -6.532143493591486 -6.7493783604314785 -7.029248232237471 -7.3440029650348615 -7.679524589678193 -8.02937831039261 -8.363678104692758 -8.648211072616176 -8.873885177280535 -9.020629696066965 -9.05132823845159 -8.961497655390087 -8.788303985299137 -8.539286591382023 -8.218132977672884 -7.835080239036056 -7.402322308746906 -6.934087990750137 -6.445711665044687 -5.978179254373355 -5.564046347251326 -5.194991323005108 -4.875906735440837 -4.614513632424778 -4.416288843433588 -4.27652136217028
-6.015184163894183 -6.304195918806624 -6.566002846843 -6.783051157438859 -6.924891350986239 -6.9768668238586 -6.947779645678787 -6.863735965067277 -6.7489370297825975 -6.613325761780111 -6.465872035595879 -6.306561067313814 -6.137083772377515 -5.963058360416543 -5.797719873703488 -5.685248116809249 -5.663511144463983 -5.771115945401457 -6.007763680875042 -6.33753812539475 -6.717598250501927 -7.118363175242586 -7.522787322701703 -7.9096463733333255 -8.232689055560183 -8.477143668084533 -8.630837609119546 -8.682351136695823 -8.63475287822916 -8.503023355997115 -8.288902988069829 -8.00454620494247 -7.6621166274645915 -7.273756334659865 -6.852232355267458 -6.41065871592961 -5.980019744946881 -5.59571534733965 -5.248895381898907 -4.947081377374659 -4.697833754213232 -4.5069516299947585 -4.3756293870475815
-6.2313914453940695 -6.513354635450352 -6.7721992647489975 -6.984543879725189 -7.094566180678467 -7.0711120940663195 -6.946884900357428 -6.775804783365997 -6.582103532760062 -6.373641989206701 -6.159144088930456 -5.937206012864207 -5.706831232044995 -5.469690937307165 -5.232927291550231 -5.025676401847533 -4.918652612955486 -4.992908419045162 -5.267332021753901 -5.6676497675843684 -6.1197880949425185 -6.583944427588369 -7.0390286417388 -7.465035315021103 -7.823632806698529 -8.089254321570218 -8.257226259445185 -8.328757277418875 -8.312282734979515 -8.210797396528294 -8.028724352330485 -7.7797039686368255 -7.476011075510147 -7.12935829810301 -6.751391303355615 -6.353692504600013 -5.960635983714559 -5.603931598883617 -5.279744097038816 -4.996719130416274 -4.762145305570205 -4.581925105896356 -4.460086703292663
-6.400559785138132 -6.678859514181017 -6.942487899906674 -7.1787291951805505 -7.283665793995683 -7.157976756892432 -6.929231636234109 -6.678359180672013 -6.4187518231623715 -6.150948679904914 -5.880922775107764 -5.6061714108464225 -5.323102590851452 -5.029453103483709 -4.725619399479102 -4.420912110390689 -4.186964515767219 -4.2041509161090245 -4.570621359965719 -5.066625355975899 -5.589796817461967 -6.109630899829103 -6.608873935003628 -7.06716073702776 -7.4478083417821175 -7.731821358277842 -7.911530129926385 -7.997817569270483 -8.001371128377357 -7.920296037543551 -7.765210354624415 -7.548178550986232 -7.280433458100609 -6.972703359550735 -6.635475254971073 -6.279027603235203 -5.922660379230391 -5.591424057467353 -5.290308627487284 -5.027368357374062 -4.809564260325405 -4.642765064602255 -4.531831083676943
-6.509029340540723 -6.774995163174225 -7.027955477758496 -7.281827764650271 -7.461118553071932 -7.160497294296788 -6.851328299366736 -6.546016638051817 -6.241070999267606 -5.931788844431549 -5.621535682638882 -5.3093481007375285 -4.990763186286623 -4.661853894807939 -4.3191704740249826 -3.9646688288109075 -3.6103676231873636 -3.4885462751802745 -4.040842045136604 -4.602749444540585 -5.166098303924413 -5.7213659670932175 -6.254628847304786 -6.740662752613071 -7.132828017260314 -7.417371570905207 -7.598924096437717 -7.691361123510566 -7.7012242165209175 -7.634327489157248 -7.501608650545147 -7.313126606302043 -7.07848945987673 -6.807070119927406 -6.508103338082634 -6.190659510317758 -5.866591360136016 -5.5607039457015786 -5.283195133529109 -5.041519946157896 -4.842292918125867 -4.691267709240809 -4.593379085022827
-6.552739557096906 -6.7883147733724645 -6.995020006004263 -7.158436631781132 -7.188273327239973 -6.988339554880749 -6.689087186711261 -6.371469046797398 -6.047602428230722 -5.717931201151804 -5.3848134640124705 -5.052634790668454 -4.718728940078092 -4.38146056447027 -4.042964015905662 -3.7227456267348 -3.4655505324683595 -3.4544546643487353 -3.814648455553169 -4.318676784981166 -4.865939779016305 -5.427332972686625 -5.983124733690418 -6.498002585155814 -6.898188178342188 -7.157163307741438 -7.315563451752173 -7.399437945641061 -7.4081717451054825 -7.351890375998892 -7.238718524749178 -7.076369324698636 -6.872618868385377 -6.635372885839009 -6.372614449633781 -6.091763032020136 -5.794484867263497 -5.514178897627225 -5.260925046019205 -5.041642425061564 -4.862605003563168 -4.729408386448281 -4.646984374704645
-6.5406033846265075 -6.733310778228903 -6.880068388335762 -6.95173147161726 -6.91322008386183 -6.739525948383164 -6.47228386437276 -6.167467017805508 -5.8451822386186905 -5.512750883709693 -5.173772023926117 -4.837370215531508 -4.505823122526609 -4.182040458751314 -3.88216772235222 -3.6335086565608865 -3.486028679151114 -3.519518512969187 -3.7696006001143796 -4.177978456901248 -4.671682144416498 -5.21150917291331 -5.775312214475336 -6.330730399180675 -6.750426121914616 -6.94277784616188 -7.050950385305847 -7.1075689948230565 -7.115383258314115 -7.07012330212861 -6.976160286428746 -6.8390276750334325 -6.664872023235313 -6.460290973434451 -6.2321563282133905 -5.980394973468196 -5.708505168683117 -5.45425581089143 -5.2260121805667215 -5.030225482746809 -4.872851846587514 -4.759312110129369 -4.694488928583564
