_RESULTS/CROSS_VALIDATION_POSTPROCESSED_CLR/MHZ/GZ/5comp/4/MHZ_GZ_z_355_kriged_reverse_5comp_spherical_4.asc
ncols 100
nrows 74
xllcorner 5.5967023332191781
yllcorner 50.982320383219182
cellsize 0.00019249356164376555
nodata_value 1.7014100000000001E+038
[rows 19 to 37 of 74, columns 0 to 43 of 100]
2.1806602152560184 2.1976831126035608 2.2500140405340012 2.3287381951624524 2.4274127651207333 2.5390290947489085 2.6539854842570088 2.761440693992304 2.8508441181883684 2.9132452473505954 2.9410577319330726 2.9267730219894834 2.8724073433267 2.7922872601146933 2.7003902369957715 2.6045337626322977 2.514062284825349 2.43720425518532 2.3823420411231395 2.364928458380234 2.38803408085992 2.448582170466012 2.5369484534710844 2.6427026167686067 2.739510593452918 2.8214736688643915 2.888903086210505 2.9421780343623753 2.981702724128393 3.008879369981554 3.025442398276402 3.0326244398129023 3.0306615426999235 3.025588154779084 3.0205107728298684 3.0150900110283296 3.01184993266679 3.006400147489598 2.992805665897549 2.9782384527224477 2.9600638280382254 2.935486402177105 2.9024355040997887 2.859766964057917
2.1026944300161245 2.128783254352716 2.1936952610898337 2.2848668277939033 2.3980759322090965 2.5293880442694268 2.666472664610651 2.795124613547103 2.901500981279819 2.967458604058745 2.984616884743094 2.9522691861896377 2.8738328464148344 2.7567490753660038 2.6144777506273904 2.468674489406398 2.334968363244646 2.228454152457801 2.1566659443342386 2.13092053222574 2.151754931984431 2.2146957987170897 2.307936404874083 2.426677410350836 2.5491496426782194 2.6506670923954276 2.727842617006356 2.789054335805491 2.8370193981946525 2.8733760965515147 2.899636742919621 2.913797291950049 2.915054620163929 2.9111425838993816 2.9118645497349913 2.919061885254377 2.9353020924967312 2.9480568286147473 2.949174766963401 2.94023291701029 2.9242625912079814 2.897647261662039 2.858053495737659 2.8043899536639425
2.033777174973019 2.0649983445441347 2.1388220419874022 2.2457569227272356 2.3832494133671664 2.5423402653278413 2.7097732320728136 2.8653772572050915 2.9818669282505037 3.0468102602066827 3.0542136268677256 3.0032503614056987 2.8983746670742034 2.7483016116653882 2.565451322832037 2.366763108073784 2.179360450372984 2.0377607130896553 1.956835476837048 1.9313289956177773 1.9556309524976205 2.02287961778386 2.1199425041071533 2.2398691368259316 2.374656072745138 2.4947631788836757 2.590837431382607 2.6612303032569953 2.715705398405187 2.7586869819417696 2.78409700056616 2.796880318308076 2.8015641617922316 2.7998995074582793 2.8047923784853794 2.8210823534937637 2.8537889323073045 2.889992554039439 2.9186151474024844 2.9291285246859124 2.918804724835701 2.892088877432311 2.8475402220734285 2.784092355311772
1.975613087459454 2.006281496926437 2.0832679632177857 2.2046289720091217 2.3730782767272705 2.575382351303252 2.783962698234924 2.9619672701202697 3.0915917018702435 3.159773910125576 3.1589863788051127 3.088610996453517 2.954801115822834 2.768416976345294 2.543248457297036 2.295672292255203 2.0508669180790413 1.8675079735460536 1.7936822926656393 1.7811884300525724 1.8123389885305594 1.8790952649431807 1.9724525491993437 2.086151467287438 2.219783993483037 2.355973423599084 2.470568904772631 2.558500895282162 2.615293487768139 2.649755058421398 2.669853010466865 2.685752376035647 2.694655459591415 2.696625033366922 2.7043852186965895 2.7237589650106853 2.768917732263238 2.8363491487914536 2.898461682270103 2.9378356984934024 2.9474677945285643 2.9254275067609354 2.877260565190138 2.804742363414114
1.9332800960393246 1.9563400184866335 2.0264153681113934 2.156612219187412 2.3634029427090057 2.620995150366882 2.8728076545773935 3.0856499673430116 3.2383334956661316 3.3152603751593883 3.307499126212699 3.2158564584879903 3.049937310491228 2.8251913509130304 2.5586730463689293 2.2660341674841438 1.960652596825575 1.6980226595360517 1.6881058297456117 1.6974895788485076 1.7371272708220817 1.8030265393178393 1.8889165965606776 1.9942134256273956 2.1181545191350137 2.253683146183397 2.3680961776873772 2.4552927042797696 2.513608086953361 2.542633609416096 2.563618095900957 2.5835366283401466 2.5985210535271195 2.6077286706844034 2.6220990469059355 2.640887481751115 2.6849811935505556 2.8032563242875175 2.9000394762183364 2.9672008220219945 2.9997362499810576 2.991169551300045 2.9402858295670455 2.8538045011570468
1.9168257189784512 1.927691532065423 1.9752113929249118 2.095836165328975 2.3563322727837637 2.6780449340075316 2.9811535627384345 3.2348766027427134 3.4181560795879005 3.511235162963085 3.4999976521972584 3.3848083988405313 3.1820156981446956 2.9166073659268674 2.6131682244309165 2.2934221489909357 1.98820324538505 1.767842917055347 1.6989159015401565 1.6934617524011921 1.726269850098992 1.784149688463875 1.8597766468635273 1.9543209774059653 2.0660283182381938 2.1925882036163316 2.3028253880465828 2.3834212848130205 2.43330164887191 2.456020350267626 2.4693040407872493 2.491604725757629 2.515207016541745 2.5374865202658308 2.57033054401814 2.6168172727712586 2.6947871600492097 2.8170132894892412 2.9315970015904793 3.0140192005875694 3.057838295986749 3.0593376974826265 3.015874305143833 2.9264049402358894
1.9398193299190785 1.9472470526814034 1.971318369138884 2.017002176931376 2.379185097234489 2.7668461995478193 3.1128704614989706 3.404645685981355 3.6228260646322044 3.738714019414375 3.724313245045615 3.5775506788060216 3.3290304874433003 3.019182728405151 2.6841176386855126 2.3632110607819565 2.0861390531481567 1.8881020417695744 1.7857867538846357 1.7510036413833772 1.7642457242434035 1.8116876924558485 1.878180451877541 1.9616900913775517 2.0611546089870694 2.1749442338980383 2.2783227935218315 2.3496926688790944 2.3887661008536 2.406741247757601 2.4135134669537064 2.42024107320804 2.443346605697742 2.482966081650022 2.5421897672507807 2.6261119303262883 2.7365104814572576 2.8604020560526555 2.9742121781621584 3.0627452513297873 3.116894945433925 3.129610860027785 3.0952579938330596 3.010642880786287
2.0098854865772635 2.037394499088173 2.095376578207093 2.223802921465401 2.5331316999868556 2.907259077573038 3.2640848395093127 3.582440626808559 3.8402783338221993 3.9940238584061074 3.977933904916667 3.7785110582994803 3.4645928061958213 3.1077492952025274 2.7607544195179776 2.447548800248347 2.188169431379073 2.0002500141470403 1.889768734741097 1.83639333928774 1.83629669938091 1.8766114572320642 1.9389818240779284 2.0149272339279714 2.103224534019905 2.2030461331301883 2.296293824159531 2.355309680804205 2.381628692850845 2.3924048739474353 2.393405474445613 2.3873002873017466 2.397107902302987 2.437846635226788 2.5214886139172394 2.6355289518140728 2.7667977133110377 2.8944311077344267 3.0115211038367096 3.108228002217607 3.1750695947021863 3.2023394465739754 3.180339680267273 3.102129662990853
2.114107290484803 2.174373233944228 2.2885965310417324 2.4746521350708295 2.7440295192761295 3.070384426680899 3.4093413981529244 3.736254616176506 4.03342291447622 4.259365131678332 4.255541940933008 3.9528286842266738 3.5582481590247528 3.170449660812485 2.8154658552081857 2.509302208674311 2.2655346300331916 2.092895057974827 1.9859408773016125 1.9301191644767535 1.9295568915232042 1.9711035953997866 2.0352567927469774 2.110723351618164 2.191891774603289 2.278355125283504 2.35765807652674 2.4005828720418325 2.411557734442585 2.4102351822194503 2.4009529972507346 2.3854050833828353 2.3796215669966463 2.413803221728235 2.50035445961848 2.6314691920303295 2.773361189857352 2.9092232849890673 3.0346769797094315 3.143381270812555 3.2271851689164857 3.2748693569102922 3.2711904577455355 3.2014776589837606
2.2300318352224124 2.3193620408458235 2.468105860816574 2.669562070790026 2.9174748036160167 3.204334128582035 3.510082677178572 3.818201755507913 4.1191445206175406 4.408175411880304 4.4588995622581065 4.003433686921223 3.5719359854975226 3.175555060928566 2.8240509976600014 2.5293649969790213 2.3032591129151427 2.1519242625706396 2.0625005023878726 2.022822086447665 2.0367769358311643 2.090298795908219 2.16409561075041 2.244045295633544 2.3244086645100017 2.4007882901675144 2.4625358928604033 2.4850984175390516 2.4763017115331394 2.4568464338277414 2.4315375194936943 2.4037361060803732 2.3827342216266754 2.408363900829079 2.4861401380400543 2.6057508535107514 2.75609098253319 2.9014378554725258 3.0371933346208646 3.1598628499329537 3.26407554742673 3.3397150365319916 3.3654286155563784 3.3071058574369165
2.340586821683439 2.447710966196073 2.608471053821954 2.8067755364340203 3.0325260546498107 3.2810647349213653 3.5412458965802722 3.7988127510672673 4.03506266468847 4.20395757347419 4.155437225379586 3.849815791295509 3.4744159476054373 3.1074395282721166 2.7760047496451463 2.4991712250641798 2.2944459293267605 2.169852504759091 2.111770869909477 2.1099103380691284 2.156687635431309 2.2339874771490256 2.325390194517923 2.4143611408876176 2.493851660157958 2.5602331386710118 2.6032085811962014 2.599669822856046 2.563846438429053 2.5192168071732723 2.4724688412030327 2.4287936014401783 2.3969599054267823 2.4131156767166333 2.471871139205347 2.572223349299513 2.715717639953208 2.8677452566097656 3.00995004569293 3.1423065636852665 3.2640715034412158 3.3715002814696082 3.4456225698553444 3.4079265748999217
2.4321566948313182 2.545517671207887 2.7034961373556237 2.887175871031401 3.0879415041506997 3.295901625831534 3.5026960893239174 3.6929387537214335 3.84067056026102 3.8987604262760884 3.814714264574455 3.5949947637470236 3.2973480741908903 2.9794410517835663 2.6772661564817137 2.4191812392458605 2.2349145736997986 2.142571884920776 2.133238675189464 2.191645347986906 2.292102837563832 2.406951494469342 2.519417537201174 2.614853785576881 2.6877947087964427 2.7397792597037154 2.7587740516766734 2.725727562555217 2.657852035493784 2.5806672329433233 2.504686150535341 2.4394798830812436 2.4001452689968823 2.403698241785495 2.447061136729474 2.5268220839524003 2.643976774385419 2.7903119529968166 2.9313798447995048 3.0638325093310868 3.1887447002722507 3.307579722226986 3.4222032694715083 3.441438141390482
2.4769981408651742 2.5869176895339696 2.7331620009710584 2.8959702903422873 3.0722241092148326 3.246152534935919 3.4060829706746643 3.534934269642215 3.608586588535934 3.6003709272938598 3.508056496207751 3.3304578527087116 3.0893835637981435 2.8176123584781196 2.544200296965229 2.297857538635663 2.121419094295554 2.0647235352122353 2.1314742995938234 2.275113648302372 2.4436959781114918 2.6025064715391233 2.7363116882324507 2.839976544158399 2.9067987810328764 2.941747154661823 2.9291302329116813 2.859235341239321 2.751107400042991 2.6333540562277764 2.520600588059154 2.4311432707004035 2.381548251572519 2.362803774685355 2.384310125577679 2.442830364024975 2.537536640568458 2.666508785688808 2.798313981064879 2.919432065201747 3.029610095158036 3.1254645283634233 3.20026325458176 3.1850264771462644
2.471478984083003 2.5707119823815523 2.69955526898271 2.8382584389423924 2.9848425540857177 3.1276818558724884 3.2495007052745866 3.3355394373283147 3.3658185707512396 3.327339365335963 3.2325344976952155 3.081832145576974 2.883772261906971 2.6548017990865582 2.411957285253521 2.172289420837388 1.9704523787815043 1.9438514185178244 2.1383809391138917 2.3822573241747924 2.615856007543345 2.8193823218883143 2.9789217869211213 3.0904280600283185 3.1522286144015847 3.166400289611322 3.1142296125980553 2.999917350651663 2.8429297922086962 2.674121375716258 2.5127588480005683 2.3898128837493995 2.315887761470083 2.277929477019586 2.2809948811920306 2.3185807119815554 2.3948769406746564 2.5094221910645405 2.6430863369692545 2.7538196607518346 2.841764578603051 2.913905581198722 2.9543278672719984 2.932464693153434
2.4194931604316476 2.5027552272710367 2.6115756646982806 2.725489136679095 2.8418154552305825 2.95439981564417 3.0465213699942497 3.102098883351171 3.1041670414567823 3.0628956174615065 2.9833136518753602 2.859001473280044 2.700726814132309 2.5179903704590885 2.3201093541733857 2.1151464209088 1.9090795986148088 1.9063431195102702 2.2284991565450945 2.539895684677219 2.824807967252707 3.068461606137789 3.254306391010524 3.3708786857926425 3.421902416569089 3.4068154943581828 3.310186367059942 3.1457711983464987 2.9347050512757167 2.7079628847312143 2.483396619359741 2.3004181482750856 2.2080039490507364 2.1627143602384473 2.158618703796692 2.1921540202756864 2.2600408986993257 2.360035070310613 2.4862880259133666 2.5917936781517046 2.6694507924853794 2.725277198195137 2.747887303096511 2.7229460852553276
2.326435806399915 2.3901756325856325 2.4794531377629783 2.571143230861479 2.661267239452012 2.7440394992049066 2.810624691506931 2.841885797661389 2.8294051945653322 2.7970009554947683 2.7430967108805646 2.6601321406670477 2.5466382429151633 2.4174376748458584 2.284581573236581 2.1639507246733096 2.0951229227697974 2.180121208181407 2.4409447656074783 2.759067120041473 3.073228228719845 3.3514936959327555 3.564254388248751 3.685924025144793 3.7157794006456486 3.6544201807651464 3.5043917739275514 3.2891240925549137 3.0266657260640093 2.746142268685517 2.4584207735157158 2.1688678472832064 2.1028856397889646 2.0659864705641486 2.061578930271978 2.0887725060285023 2.1457814024642614 2.230174718650707 2.3387346953939363 2.4472266003728587 2.5302991083259534 2.5754376947660673 2.5787776495405046 2.5401841937581775
2.2090889785089893 2.2594825066775464 2.3357783713456373 2.4110497586223674 2.4804792382864544 2.5383742692000197 2.5749604825655767 2.5840196544318164 2.5621025331113847 2.5374342889866495 2.5082119227755837 2.468982845397849 2.414361779891933 2.345192339551458 2.284544781806409 2.2555355789649663 2.2953643013073597 2.4376036033988595 2.687780277447702 3.0038463188580513 3.339548418923138 3.655317111438883 3.9047945912767252 4.034931411479676 4.02663403974487 3.8942386715407293 3.6796210090883843 3.412178776346288 3.1111422209671917 2.79161570394522 2.483708852643448 2.231255486024283 2.089803553461948 2.0221748086047384 2.001422745626528 2.0153218365217063 2.058596094370226 2.1273931495924563 2.219927191188059 2.3341205495151547 2.420087220538196 2.456770892654662 2.442282543851899 2.387473932038184
2.094356159269199 2.1316334503561567 2.1965286568416778 2.2593374500087515 2.3129263664110953 2.348355988540651 2.3599555740380374 2.3461075780065546 2.3172721691741622 2.3037146280893435 2.2980967608828657 2.2934467847382676 2.287342219101965 2.2833862047633 2.2886875721192093 2.335624138288802 2.448541485778402 2.6354431487123255 2.8993240333451724 3.22400685497525 3.5833870214071295 3.946532981670274 4.260180566082755 4.41335063779313 4.3279295479557 4.098031728049197 3.808869739536007 3.498795020902022 3.1698292902404863 2.831953457670194 2.523284160722321 2.2887710227401286 2.121956969622158 2.024838817723845 1.9836390033882663 1.982018515628737 2.01072261469204 2.0636301499187955 2.1483933152987444 2.254177583348446 2.3332885495564937 2.3684996415359154 2.3474248612799995 2.2781268305934432
1.9867989952210956 2.0116140202750152 2.06671358146162 2.122165599997943 2.163606069164117 2.1815682692376535 2.172939698924162 2.1389777028850787 2.09969937688058 2.094242516909679 2.1144294937362034 2.144018369431047 2.177191369862786 2.2177471211610245 2.278658624018383 2.385501474023857 2.546802946211085 2.766685385828945 3.045271282180124 3.377492493466966 3.7518290650137947 4.154758509976583 4.565078220678399 4.800028651654571 4.545235816830802 4.211555794104002 3.8730070375232364 3.533631011566871 3.186692973835674 2.8447220793503303 2.5535534998165788 2.329997639677623 2.1584723319459775 2.0512080010973346 1.9985846424373546 1.9866302619572522 2.005191426682492 2.0488789370360974 2.1247075080772513 2.217634535949829 2.284969747491096 2.3160024488070863 2.3007585956626917 2.227677452201213
