_RESULTS/CROSS_VALIDATION_POSTPROCESSED_CLR/MHZ/GZ/5comp/4/MHZ_GZ_z_250_kriged_reverse_5comp_spherical_4.asc
ncols 100
nrows 74
xllcorner 5.5967023332191781
yllcorner 50.982320383219182
cellsize 0.00019249356164376555
nodata_value 1.7014100000000001E+038
[rows 0 to 18 of 74, columns 44 to 87 of 100]
4.7068114311025155 4.786842194549878 4.858583332963509 4.917507799057443 4.959715352052001 4.98229172274864 4.983631907105188 4.9636395575913355 4.923739449935379 4.866698879742564 4.7963150851581355 4.717055930900274 4.633731200571679 4.551238566434835 4.474394410250602 4.407838046967121 4.355989676426809 4.3230428903243325 4.312844458704444 4.312844458704444 4.312844458704444 4.312844458704444 4.312844458704444 4.312844458704444 4.312844458704444 4.312844458704444 4.312844458704444 4.312844458704444 4.312844458704444 4.312844458704444 4.312844458704444 4.312844458704444 4.312844458704444 4.312844458704444 4.312844458704444 4.312844458704444 4.312844458704444 4.312844458704444 4.312844458704444 4.312844458704444 4.312844458704444 4.312844458704444 4.312844458704444 4.312844458704444
4.855290948608978 4.954691050033469 5.043752935806479 5.117009478318984 5.169594512778622 5.197771869738346 5.199445777344837 5.17448954769233 5.124766454518411 5.053834288286354 4.966448493992007 4.8680275812084455 4.764207176353366 4.660535314299914 4.562302025463848 4.47446871468865 4.4016598480744005 4.348187665413353 4.3180907946073726 4.312844458704444 4.312844458704444 4.312844458704444 4.312844458704444 4.312844458704444 4.312844458704444 4.312844458704444 4.312754391804768 4.311406840874004 4.309213151226813 4.307017272382658 4.305448377116354 4.304894092705611 4.305482920849064 4.307078221288233 4.309284606039251 4.311465844713287 4.31277186665902 4.312844458704444 4.312844458704444 4.312844458704444 4.312844458704444 4.312844458704444 4.312844458704444 4.312844458704444
5.017112134598689 5.137757067832463 5.246309350435148 5.336087859583144 5.400881479813284 5.4357399568670735 5.43781405573445 5.406929830856752 5.345625905650154 5.258634797116198 5.152057302631528 5.032552061861661 4.906742456070307 4.780880920660094 4.660714577376289 4.551473876713554 4.457921657725616 4.384423628038665 4.3350198932878525 4.313488712868877 4.312844458704444 4.312844458704444 4.312844458704444 4.312844458704444 4.312318702362106 4.308696122983099 4.302818285124551 4.295993710554757 4.289379563902537 4.283937020550454 4.280388404221655 4.279181251031074 4.280464354193247 4.284079504056456 4.289570265791791 4.296206369309139 4.303019937740548 4.308848478893364 4.312379497744578 4.312844458704444 4.312844458704444 4.312844458704444 4.312844458704444 4.312844458704444
5.186943783721954 5.330936598186469 5.461634919488945 5.570812028050343 5.650354990010899 5.69344815577591 5.696019348666393 5.657816317244075 5.5824788172751605 5.476559692255658 5.348084386119275 5.205312834244397 5.055997691519845 4.90708803613144 4.764705299760862 4.634242325124703 4.5204971767332 4.427800697074126 4.360123529839184 4.321160699333534 4.312844458704444 4.312844458704444 4.312821135894145 4.30938608031162 4.301270953695805 4.290102735178127 4.2774514423061 4.264786922843415 4.253426825604641 4.2444790862556445 4.238784715721734 4.236868515401343 4.238905610880733 4.244709804557295 4.253745951244374 4.2651640168320055 4.277848729030792 4.290476905764976 4.30157487474659 4.309570267911915 4.312834930404084 4.312844458704444 4.312844458704444 4.312844458704444
5.3606385722486145 5.528102704827546 5.684117389344095 5.816494137678139 5.914420957567346 5.9680923683893035 5.9713098266523 5.9236806418577075 5.8307721579622624 5.702091640121027 5.548442763569858 5.380075142951631 5.205908263342951 5.033451680792258 4.86901562774337 4.717981653420004 4.585042083550265 4.474386336819181 4.389838119974146 4.334954138329491 4.31309461264111 4.312388089652332 4.3060777029922574 4.2937221364374905 4.277098052243047 4.257984463209404 4.238127265707274 4.219189434706242 4.2026870218607915 4.189914467385032 4.181866946263022 4.179171157542602 4.1820372241811254 4.190241755388973 4.203145839960315 4.219743971089235 4.238733708900368 4.258593398423026 4.27765662158711 4.2941757937042295 4.306371514795846 4.312467617773114 4.312844458704444 4.312844458704444
5.5348214273542755 5.723607188372256 5.906527869616718 6.067072331142469 6.1887444411483665 6.256750518997486 6.260861220333512 6.200404210279157 6.084640210578219 5.928102959501333 5.745535753157375 5.549411327258901 5.349579268821646 5.153754965181093 4.968121212411568 4.797810489044649 4.647244114630426 4.52035980698191 4.420762444359514 4.351824274941697 4.31611086537909 4.304219010201806 4.288526268864402 4.266975057814709 4.241472684270893 4.213964153928636 4.1863968839767365 4.160665216460047 4.138532625828171 4.121534320845615 4.110870072677253 4.107304450519371 4.111095400425637 4.121968715929146 4.139145152192673 4.16141302093645 4.187228491895893 4.214822687062981 4.242298581031327 4.267708114767007 4.289107010857606 4.304589501064495 4.31230731436367 4.312844458704444
5.699762571794078 5.910853894642649 6.120068773757876 6.313867343679112 6.467364891862184 6.55621750075742 6.561674485666574 6.482420537892429 6.335668192252706 6.14480120178749 5.929646829318609 5.7044761688822225 5.4792971082115605 5.26139416045541 5.056395849671764 4.868923232358555 4.702972260983593 4.562140711380929 4.449765661031095 4.368731667870968 4.31473017799831 4.2871794379601305 4.261961735131958 4.230951019840168 4.1961840177969085 4.1597816732451545 4.123918579993089 4.090765059608558 4.062395141635216 4.040659877385435 4.0270371444597375 4.022483669438964 4.027324916272866 4.041214950233803 4.063179052337969 4.0917255386348215 4.124994313677645 4.16090665292346 4.197290914580277 4.231973454065074 4.2628355845520325 4.287843435515504 4.305058992170568 4.312639526279539
5.844260460571983 6.076648673717579 6.313619553037891 6.543178300967816 6.740292906948812 6.862460210004455 6.870233531123407 6.760479522661175 6.570290748423361 6.33817049949208 6.088411533993981 5.835055116725562 5.586805226851384 5.349701906455634 5.128408698213886 4.9268395137670025 4.748477964970274 4.596548595699833 4.474113300223622 4.378497372865294 4.306684159373428 4.263112525519118 4.228286162857443 4.187586831564341 4.143169815058007 4.097333264324601 4.052500204937167 4.011165840736295 3.9757947656164943 3.948658758850484 3.9316238735144364 3.925924092610251 3.9319839866371695 3.9493523628155214 3.9767726840073445 4.012362942635264 4.053842436140671 4.098743513222965 4.144571951494883 4.188908004842986 4.229457794109381 4.264070472200317 4.29073519646392 4.307568037892821
5.95656303692876 6.20557876528189 6.46727490361139 6.733705252574389 6.986200222423841 7.168092896127597 7.18086814001448 7.014412957711965 6.764842453778142 6.488538922239764 6.207075030184568 5.930290318463694 5.6640213016779 5.412528253011597 5.1793641316445775 4.967767714258482 4.780750958917813 4.6210652922605515 4.489401779423613 4.378785875118044 4.2921405291168995 4.233981036554368 4.189520485732043 4.138974313398757 4.084555235506864 4.028724025355398 3.974160526415104 3.9237314043578126 3.8803891244700583 3.8469730069241117 3.8259067423941024 3.818841003644644 3.8263528592481695 3.8478292135983594 3.8815904436946655 3.9251947679813446 3.9757953403672985 4.030439925358768 4.086266541345922 4.14060188312512 4.190991955205954 4.235194439595024 4.271153818258958 4.296971550940712
6.026106801883971 6.282428288981855 6.557627872082994 6.849182545371216 7.152217813509571 7.440554836082722 7.469449548278968 7.190149131947255 6.880851740237027 6.572222004204077 6.270843312310394 5.980815180307175 5.706537879042067 5.450142354984735 5.213539045924167 4.998797377671241 4.808195559139262 4.6442079642032015 4.501073035113275 4.376509762832203 4.275417035804493 4.203017463905245 4.147809966618575 4.087381993964482 4.022696275257426 3.956335536511302 3.891217390709641 3.8306084595253918 3.7780561823979224 3.7371696992076404 3.711198218671225 3.702449695452403 3.7117499283646946 3.738221893154705 3.7795196201480756 3.832374607705186 3.893174396494779 3.958377882090192 4.024728765596207 4.089320228762403 4.14957870316988 4.203215235537963 4.2481707362215175 4.282566478030786
6.046003606944876 6.296863746622886 6.565832652495103 6.849627909184924 7.144145548904014 7.42512178425415 7.451618506355343 7.175910899512539 6.869070149211161 6.564204419260735 6.270338391575837 5.989514434192189 5.7224559464593145 5.470781205086331 5.2377369873490585 5.02532714859814 4.83576434105428 4.669469509197789 4.517576136724209 4.382603284237752 4.2694814065855 4.183486537281259 4.1131554467209615 4.037596295400638 3.9602306581381024 3.8829068906485658 3.806411138163866 3.7343787186818718 3.6709777583852254 3.620781906120547 3.588442513473411 3.5774618232471154 3.5891340589040706 3.6220851615230227 3.6727600512331 3.736491784110002 3.808722071186087 3.885294417946765 3.9625820210880116 4.037513411624732 4.10747174361916 4.170188533232574 4.223654346522696 4.266050248036017
6.009450542124835 6.238626854184906 6.476953797723856 6.719803190645474 6.950165573354271 7.119803067933471 7.128955387126785 6.964309465115283 6.722782358650847 6.461484586659507 6.19996665958268 5.945681694702384 5.701815888444772 5.469857183946909 5.250594783923908 5.046192211328807 4.862304528514726 4.695583080086765 4.539193330113241 4.397629060177752 4.275926915748663 4.179469362616189 4.09444909645509 4.00244929065507 3.907132888858637 3.812506187793802 3.722192369611037 3.6363175540535653 3.559054667027177 3.4966009190599925 3.455588835522039 3.4414990405309736 3.4564745409933266 3.49824241105702 3.5612532813425264 3.6388696956002047 3.7249210291804955 3.814243312783728 3.902740370160235 3.9878024492847897 4.067004793314065 4.138185503513277 4.199444499646953 4.2490627255283115
5.905469059583961 6.103301600393262 6.303296746324993 6.4944973424471435 6.659305440875672 6.763964993306221 6.766604298493114 6.663371740001991 6.491091583803912 6.285649363011196 6.068729015754223 5.851542632628265 5.639737873041234 5.436181817630784 5.24239106296117 5.059301227177927 4.887703514350318 4.723558192301641 4.566883112244616 4.42254562400011 4.295768106553871 4.191934330216178 4.092569238387593 3.984457929509727 3.87037541308841 3.754519981223845 3.6419413752327783 3.5383501794123817 3.4448991694980053 3.3668848570394023 3.3139324320093353 3.2953340096937502 3.3150948971624805 3.3689741851782653 3.4476028738432216 3.5413978421703076 3.64276294317157 3.746099390552933 3.8472194836741087 3.942831344710083 4.030522764956881 4.109226399787367 4.1772931842853245 4.2331352564433065
5.742937752652507 5.905267716764236 6.0648619752455275 6.210075579547533 6.324302570707097 6.390461107055647 6.395272422282861 6.330949808462774 6.212361328907043 6.060268798057464 5.891509612677398 5.7170438847052525 5.543317146460824 5.373933049807508 5.2108896787848815 5.055404566782981 4.907412447507473 4.75512211366971 4.602170161834519 4.458594145127039 4.329440285652677 4.219514115815834 4.105826718230339 3.980978750463127 3.848725074673407 3.7127779279938355 3.577621860648956 3.4493615788034875 3.33485481911608 3.2369522321039317 3.166441730308328 3.140503627272315 3.1680396654116216 3.239654800924945 3.338160138988608 3.4501467964539287 3.5672210579987977 3.6840564489033647 3.7969340103450553 3.9029739238093684 3.999754062471079 4.085184894411676 4.158787115933643 4.219628808600459
5.534281263350328 5.660726871577327 5.781985660396214 5.888167563858768 5.966956682510808 6.013362157773403 6.023243910143716 5.986433787083781 5.9096384441107 5.80468754140638 5.6829918491985705 5.553202867274678 5.421014424607209 5.289839922956451 5.161630326174464 5.037583232757036 4.915872454906562 4.781648399830026 4.636498108285341 4.491294493120281 4.359437563586685 4.241143677825855 4.1119982601992024 3.9723233225088306 3.8258874178149 3.6761343981529793 3.5262977250907452 3.379698974458502 3.24047855444765 3.1166345763520686 3.01885956766475 2.978545781808447 3.0212392363853446 3.120162680674685 3.24250269950796 3.3728683409877194 3.504268102321836 3.63272095168667 3.7554040840429614 3.8699998649749094 3.9744407761693843 4.06679904514034 4.1452571916099 4.209665784726
5.29631069844528 5.387001439141375 5.471861630131964 5.544285850731412 5.6002710901105175 5.63852704885373 5.653705982808232 5.638536077618722 5.595930417655406 5.532519663889772 5.455370517037446 5.370322952149424 5.281438341285787 5.191170747580047 5.100113624351827 5.004078419067006 4.901942814588485 4.783545221068944 4.6520203127087765 4.512966951018363 4.380144744583001 4.250174625496934 4.106742694836383 3.9540065611489257 3.795796370823237 3.635376447687837 3.4754881873570747 3.3184638435047122 3.1664692463056623 3.0222308094964623 2.8896075825704823 2.811006870476373 2.8934706049521592 3.0297978816573004 3.173862605949515 3.3182021435819418 3.4597377169214143 3.5962427642028105 3.7254554582150536 3.844973566030068 3.953543430495358 4.049874100418942 4.13253711133784 4.200008762078917
5.059521513361365 5.11539118830366 5.16442992271199 5.2036039348407215 5.238943928077497 5.268968319755903 5.289280374111747 5.292281479138284 5.279079343888823 5.253101946293909 5.218124229658661 5.177282195529136 5.132628962192078 5.081344290520468 5.018646775268297 4.946946036824438 4.86602686252021 4.765772219759404 4.649827503896344 4.523836048247726 4.391901149303337 4.247630689012855 4.091233641310689 3.927500184373287 3.760471262318124 3.5934330526699703 3.4289903872065834 3.2691858871501323 3.115656432374698 2.96992105567967 2.8346869631750033 2.7389307886906615 2.849200529915416 2.9957904069849426 3.144909392374262 3.292977942859534 3.4364043491566947 3.572684437942932 3.7008874284368805 3.820016970387651 3.9289777025381762 4.026544086283112 4.111331760058807 4.181775241690535
4.8356758819581245 4.859083725457127 4.875056511314705 4.8876870066078 4.903739726145333 4.92209747595519 4.93927601618566 4.951763086476565 4.9643168130952064 4.973051803590683 4.978559741521743 4.981489184806317 4.9752597349535135 4.954325875639287 4.920148796731139 4.874181285854148 4.816059192048419 4.735497222955873 4.636043323706129 4.522576290832582 4.391592911095477 4.233707520046774 4.065622710042386 3.8930678657690665 3.7204157358410592 3.5511535703143373 3.388118494101355 3.2338791147901866 3.091444459072839 2.9660952138301333 2.871655927169323 2.8444668877831107 2.909632556354466 3.024448681506178 3.157287531333952 3.2932447680547385 3.427097563092057 3.556351813102979 3.679362241542638 3.794793288126519 3.9013898790415134 3.997851931253707 4.082753361322973 4.154488902617185
4.633780207403046 4.62670663215868 4.61227211112511 4.6016433632068185 4.598715820936912 4.604887251596057 4.617087124128037 4.632174896740342 4.658171228542099 4.69736177501583 4.7424659560145 4.782095939172638 4.807124081715634 4.817624702372289 4.813417678206446 4.794409950167966 4.760021791572426 4.6998672549346665 4.61574946062067 4.511811279703877 4.374970383376158 4.207577076861985 4.02893365984825 3.84969827207661 3.6745711263689227 3.5072382130193898 3.3508271254417323 3.2085690512056946 3.084858358478126 2.987176738408156 2.9291958396669058 2.930568229943462 2.9909794733375783 3.0870888623763753 3.1944096042850507 3.310203583648932 3.4291560743581897 3.547063444647236 3.6613013665848477 3.77000034007866 3.8716232625843308 3.9647211341942454 4.047777693810288 4.119109794190474
