_RESULTS/POSTPROCESSED/Berg/IZ/3comp/Berg_IZ_z_90_kriged_reverse_3comp_spherical.asc
ncols 100
nrows 90
xllcorner 5.6208707817415728
yllcorner 50.959635321741573
cellsize 0.00013419651685393446
nodata_value 1.7014100000000001E+038
[rows 19 to 37 of 90, columns 43 to 85 of 100]
1.0751063099074738 1.0599641723594713 1.026031768156746 0.9788221279600271 0.9147832526775028 0.8358155158916007 0.7494643155925087 0.6619763511705866 0.5779648139256621 0.5004141170669462 0.43092379535357933 0.37005191806414783 0.31748606904954657 0.2725630882109249 0.2346031380623979 0.20309682640444804 0.17708846521202082 0.15528805972266083 0.13744024475758107 0.12324741679800542 0.11327296076850979 0.1087833006079888 0.11097971521156422 0.11999478230717645 0.13469781193947328 0.15403548617069165 0.17750955082266062 0.20489291690073005 0.2360085173801196 0.27059906204211664 0.3082438954484222 0.3483015106836802 0.38996609839390767 0.433396419096933 0.4780031443885807 0.5226032183433651 0.5655485065344403 0.6049066586691668 0.6385421045285343 0.6642412711689502 0.6809561658381236 0.6946324509525479 0.7081464434050666
1.0631075022237848 1.04073305554168 1.0009986543594485 0.9494023785191603 0.8817761258275408 0.8006617476715334 0.713622770337765 0.626775033589165 0.544474618813173 0.46938971618059644 0.40280836771478934 0.3450220314539636 0.29595868680871984 0.2548645470850526 0.22053352935768375 0.19217061859963458 0.1681596258317418 0.14795020163488615 0.13117186312702978 0.11736736060086088 0.10682540209789092 0.10111136207886356 0.10384262692140794 0.11479629586179337 0.13082567973806994 0.15097202017758535 0.1749345299615856 0.20263241279733948 0.23397162284905995 0.26874212319772867 0.30655167304035763 0.3467767631772919 0.3891811140124482 0.4339393371334918 0.48003966565698214 0.5263760111876703 0.5713364928250906 0.6129628494570291 0.6490623217191521 0.677327927306998 0.6971433151977995 0.7133318684255376 0.7282414992363846
1.0507414484646616 1.0189132932725713 0.9716124106767716 0.91451912409129 0.8437856167374682 0.761379506425048 0.6746972661054966 0.589582686172491 0.5100315423435023 0.4383313612903493 0.37542965886156626 0.3213493944672294 0.27602100419289377 0.23926886288906998 0.2090238250290396 0.18341625109815654 0.16164909566509347 0.1432847344894111 0.1278089167274139 0.11463597701590873 0.10353073306464014 0.0946135676669174 0.0984503178307975 0.11363087338608358 0.131550509341345 0.15241329711701984 0.17675970748574674 0.20467798420726815 0.23614468817350792 0.2709804188661873 0.30880566417968336 0.3490816495088096 0.39227344238839656 0.4380353393172273 0.48531427773443586 0.5329562862419571 0.5794452576102328 0.6228095027520484 0.6608189352063475 0.6911442393103241 0.7139137678854314 0.7323017885189356 0.7456928475478536
1.0373568243002516 0.9938727953224391 0.9382906879463514 0.8753176699843028 0.8020799446892293 0.7192028527446581 0.6337602560858437 0.5512592441125601 0.47528336265851046 0.40770082278843006 0.34908295447270676 0.2994551486572934 0.2588168244438982 0.2262627615836359 0.19951780395716956 0.1767617202088185 0.1575179091311429 0.14136850172436266 0.12773266751394446 0.11620593444549171 0.10675184401367835 0.10059954537773763 0.1048951353056914 0.11935575071077284 0.13781394141466358 0.1589745982257087 0.1833086190160466 0.21121064996148858 0.24263094821210715 0.2773702940892695 0.3150312264706483 0.3554055420518693 0.3991146812871086 0.4455309779862938 0.4936109669925126 0.5420908561484858 0.5895656913998957 0.634070042046398 0.67335731333464 0.7053982652030898 0.7299636368772195 0.746087604784196 0.7559145510299279
1.0160401576591562 0.9635908714819983 0.9010811576404354 0.832920829518428 0.7576330289558041 0.675055913533596 0.5916321421554447 0.5125388547750253 0.44084602340973417 0.37817331696317835 0.32479123489195333 0.2802910366882948 0.2443699217526248 0.2152871364763771 0.19167601374484272 0.171977237874064 0.15553140184504977 0.14195442611638592 0.13071841756368788 0.12174984233940063 0.11549781302117845 0.1135996138087791 0.11878773151841125 0.13137522480051683 0.14919439324435319 0.17059246198486255 0.1946990434721371 0.2222999199508813 0.25345750331535577 0.28790215411968956 0.32518646681253377 0.36560360199124775 0.4095076327947786 0.4561871150377207 0.5046481881743246 0.5537502565194353 0.6020302715839742 0.6474144985129912 0.687439418236676 0.7190681159279473 0.7410292263577453 0.7529593523860123 0.7587213190161493
0.9861667525475956 0.9283228033491716 0.8607170214680616 0.7883578912099204 0.7113263511386878 0.6298874375520819 0.5494101110558671 0.4746988214256679 0.4082882052058281 0.3510983456558013 0.3030098956127611 0.2635718467477387 0.23155926936314145 0.20574488055383483 0.18520978166647864 0.16860345353827821 0.15496089511518066 0.14397175337713963 0.1353880978200829 0.12930052490301197 0.12622066770174614 0.12729780631467283 0.13385937652644822 0.14626769863520278 0.16382001309349267 0.18546488042023734 0.21009707040028064 0.2374974058667956 0.2684519282466949 0.3024747642872475 0.3392063861877155 0.3794726650499011 0.4237404175451597 0.4713628350762082 0.5211590843864464 0.5715531322904549 0.6209245260541897 0.6669124383727709 0.7048853403970455 0.7343398848715633 0.7514209124720218 0.7585770005218473 0.7594019232853971
0.957370945372819 0.8923854680131006 0.8202038391738865 0.7449505392273464 0.6666203300445874 0.5864600818700918 0.5094751243447022 0.4394393234621068 0.378238297603224 0.3263539961387112 0.2831705007891653 0.24792717494944086 0.21966926633440395 0.19710030777902107 0.17929852259814694 0.1655057905218526 0.1546540420559087 0.1464018782749644 0.14069639553393837 0.13756055978589588 0.13739869439959632 0.14100316584658795 0.1492102702436862 0.16236708588027293 0.18027880403581187 0.2023554699999062 0.22771482072436464 0.2552384173942845 0.28585490531158153 0.3196625646167791 0.3567778024808577 0.3981489109309999 0.44380462413768423 0.4930359070731919 0.5444802847468452 0.59624519714966 0.6462467077948381 0.68986384502699 0.7247447793507182 0.750504495660084 0.7617809678781834 0.7639205936239529 0.7596472676311755
0.9331990219173001 0.8594886249168552 0.7822699300091398 0.7059709616722704 0.6248783766433347 0.5451089247003743 0.47189076976806116 0.4064738685358418 0.3499762529826919 0.3022835563805375 0.26319911279073277 0.23206022100470358 0.20731524583348 0.18796606615247952 0.1731873717280536 0.16231921947917957 0.15419450836373058 0.14878985944166984 0.14610337291267547 0.14588956063773542 0.1484649242544018 0.1544490394189675 0.16448488685273127 0.17889585183771495 0.19753622079250874 0.21989817743903592 0.2453155132268972 0.2727743466087363 0.3025312968722444 0.3366539759762671 0.3749704510343261 0.41829853272180156 0.4659140068442961 0.5167695600891722 0.570120016436024 0.6239397253957812 0.6733879996359913 0.7145312163518617 0.746666584458779 0.7669285400440641 0.7720579950086179 0.7687898624477847 0.7590532466889982
0.9137592578692115 0.829555149974086 0.7449901526302334 0.6630534760183138 0.5824421708433255 0.5047843852587618 0.4343113312495588 0.3721884961601104 0.3192005119133159 0.2755639845668435 0.2408106571000901 0.21354044265896477 0.19263200816617101 0.17698197218002718 0.16567398762509392 0.15795749397942643 0.1526081796201265 0.15060315013746803 0.15134714839952404 0.15403734389206605 0.1591820437024879 0.16745875566706508 0.17922890339440625 0.19449772625258 0.21334607164336877 0.2355884988878615 0.26069216901509756 0.28837735527501945 0.31854125144569406 0.35303523195202086 0.3922967235893807 0.437237167731205 0.4871135954986454 0.5404994862045608 0.5954776299305989 0.6490490783959446 0.6964376694568569 0.7360732438545441 0.7667823523285447 0.78248561741108 0.7822851994210196 0.7730535014408396 0.7572369110174535
0.900965642088267 0.8051276963537165 0.7116511452028699 0.6219539341500928 0.5382514230103261 0.4618114321473624 0.39342913927842904 0.3349141161831008 0.28604811766963395 0.2467052210872812 0.21602114052879734 0.1929593888658483 0.1762157518056069 0.164545569416248 0.15693908694446662 0.15258617627605361 0.15082618717847454 0.15196246122751247 0.15572006376421127 0.1614747206044433 0.16938203001632599 0.17931923893545212 0.19192026882590127 0.20764227474334723 0.2265194387951152 0.24841846230093245 0.27365910593888454 0.3022332684260963 0.33312780308532036 0.3678075756063169 0.40773702464999056 0.45390464851858026 0.5055918339973976 0.56137642220111 0.6183108407257589 0.669989951360761 0.7150951301499686 0.7530380769785867 0.7811316463810084 0.7923912304654784 0.7897708684513998 0.7764528648385349 0.7540402164283336
0.8884208975605008 0.780774884181743 0.6771117514316892 0.5808135323244714 0.49423028080820597 0.41860896851656715 0.3524722764399128 0.29687387735892673 0.2519539817664171 0.21652507406893845 0.19001400944539623 0.17128995735675157 0.15893787828686665 0.15166093075119916 0.14813571025851346 0.14770631671293097 0.14984703141717592 0.15419118763609785 0.1607160060541894 0.1691110966661011 0.17891676866057699 0.19034862380447162 0.2036380954121062 0.2189478501981522 0.23694992611291338 0.25844502225107413 0.28423988110210074 0.31352056818784657 0.34526307963268454 0.37992842179686004 0.42022120857565026 0.46721059303366475 0.5202330818142034 0.5778362849006713 0.6347892135982043 0.6859832636254184 0.7296644400460571 0.7652534099458973 0.7897961255691285 0.7973193170344043 0.7920995367359124 0.7754783059708268 0.7488477698870651
0.8689152965760463 0.7508147451167776 0.6404413532536323 0.5405137591522501 0.45268234338275537 0.3777368309030716 0.31425398777787217 0.26124924514151904 0.21868858223791304 0.18655348267291738 0.16412777109231394 0.15026547082367636 0.14294668188710746 0.1401731245656294 0.1407135631701477 0.14403221639164346 0.14970057790315025 0.15721103049988674 0.16634288781894743 0.1765174722316771 0.1878419698730065 0.20050091824577657 0.21462155271082858 0.23007450115944206 0.24723228963417837 0.2680673536840877 0.29287717643479616 0.3215999875502823 0.3537528079318152 0.38843132861113017 0.42870805495183567 0.47608835608072136 0.529948381997978 0.588000384447174 0.644349779992338 0.6960942006574449 0.7398152720722693 0.7727337676502213 0.7932453065609973 0.7985203274836058 0.7905545927873638 0.7702580990538015 0.7392007592417194
0.8391364209097439 0.7164876352446438 0.6034702442475328 0.5026185393554977 0.41514920112777415 0.3412751831335501 0.28040148805649073 0.22961137724291586 0.1889272398435598 0.15926508714505888 0.14056619064344494 0.13143291202577712 0.12891132129821517 0.13049822674809022 0.13490176008331634 0.14172584776642222 0.150658798341527 0.16097041996388092 0.17195207814399163 0.18365843870940973 0.19622673907267774 0.20968467286057654 0.22387980707809707 0.2388814416258634 0.25600086551197854 0.27557484021665873 0.2986347778343959 0.3254346108105749 0.3557304654214506 0.38959438079298564 0.4301686184061572 0.4783480233716426 0.5333806899457979 0.5913667323195565 0.6480490681761957 0.7002226265403501 0.7441491533466819 0.7756907544564914 0.7936179728839261 0.7973967448324983 0.7867076226229021 0.762555850154104 0.7267393338986998
0.8023335656543524 0.6803354581837152 0.5681018097889096 0.468537409533966 0.38280524690861417 0.31113306761613535 0.25205329644686225 0.20373707435981525 0.16544135308852087 0.13700875208401433 0.1198665221716016 0.11500839054935863 0.11752389642249307 0.12328432170552885 0.13120071774042028 0.1412054993534792 0.15299192325624372 0.16521740243422334 0.17775544284348305 0.19037218056355715 0.20297098509056027 0.21576720380086545 0.22882590393754515 0.24309501718968624 0.25962134296273803 0.27833604378078325 0.29920858030891473 0.32342563868696494 0.35104995869867106 0.3820416114841853 0.4202074333817088 0.46833315409858844 0.5250375028851179 0.5852635284377181 0.644641496114944 0.698574928471375 0.7427583877479634 0.7742164989191613 0.7928066833527588 0.7955227028376344 0.782317066113394 0.7543326357279138 0.7136955809549035
0.7636216589232709 0.6453186666929802 0.5361077849571307 0.4394815711214875 0.35691836567380375 0.28799720823566083 0.2311696155658781 0.18604997416559022 0.15006402406425634 0.1214811917304524 0.10194831616714375 0.10335736751806396 0.11046868819405045 0.11950185200951607 0.13024863182178278 0.14295659174902797 0.15662204109856379 0.17010093196429174 0.1828438666195367 0.19493580786834272 0.20657335586072284 0.21797434819774267 0.22944455171923428 0.24261445052350084 0.25785129997589 0.2751276359221815 0.2942255327154458 0.31531789756538087 0.33965084408971147 0.36730708987103566 0.40220844782098586 0.44776929387042 0.5047665416981618 0.5663828190526632 0.6285489189265703 0.6866582349794633 0.7350542907634794 0.7707462385199508 0.7922540708874178 0.7945655591061878 0.7792096684051807 0.7475622555871188 0.7022143088968712
0.7274215768648403 0.6140579319458711 0.509373513626953 0.4168771087306823 0.3378962168573039 0.2720866805305621 0.2189703400373582 0.17679338264119956 0.14374664854607844 0.11806686233835612 0.10168425060827556 0.10257489357721372 0.11011551854670834 0.12021105583734208 0.1326265418361719 0.14702056080708384 0.1612930861662756 0.1744550569023722 0.1864207179530744 0.19727785428059466 0.20724520279767736 0.21654011649594007 0.2262090166153283 0.2376203318894409 0.2509134647472073 0.26608380523324937 0.2829715772331901 0.30129036999746844 0.3220911257324056 0.3466382996953572 0.3787084914635476 0.42098815667402956 0.4746033973480588 0.5363842878337207 0.6007108501815043 0.6626878765146115 0.7183623813132839 0.7638866667798065 0.7926584433783751 0.796213847048108 0.7791714925969827 0.7440781435372863 0.6941691350934608
0.6971756402922741 0.5892278465624372 0.4891774729640547 0.4005840160606352 0.32519857779197947 0.2635017680654868 0.2139187907118539 0.17489490799279298 0.1451041709985333 0.1239931162077842 0.11222908830568372 0.11053386581206502 0.1159560936799239 0.1257049884948481 0.13883443985402003 0.1530773094767605 0.16646769751055726 0.17845765905838734 0.18886262680172847 0.19773534847218308 0.20532458395671518 0.21197408643676163 0.219477631753777 0.22860630792403547 0.2395054676893653 0.25219755135946686 0.266611757573617 0.2825899168117962 0.30013517394572886 0.3213374944452738 0.35031904716275303 0.389216655810572 0.43871101291264997 0.49755381735057325 0.5633332633041579 0.6306760032174759 0.6956616827074692 0.7515267789606525 0.790669312992044 0.801684178103028 0.7838609506113867 0.7454559089953378 0.6910594736148747
0.6736044151540659 0.5699869009690305 0.47378316790377406 0.38870554366015764 0.3180508991219947 0.2603306300399305 0.21414414786186634 0.1781815605312463 0.1513374967452594 0.13300181980969375 0.12314211535735445 0.1211872990061098 0.1256282588336297 0.13506587460040667 0.1475173815160719 0.16066390665136773 0.17267884982312792 0.182925148535746 0.19113234467777437 0.19736716156008188 0.20193608121598505 0.20567297167278561 0.21057663886392086 0.21712675839791074 0.2254140870354106 0.23539232803996868 0.24698121797202063 0.2601067567087476 0.2746725291302211 0.29228175328739675 0.3179072733219551 0.3533730678350787 0.39871614667460503 0.45400954324062426 0.5205345615024082 0.5948229572136118 0.6693840229831186 0.736351437472627 0.7864865603382475 0.8077453460648629 0.7942721740875968 0.7528820018773654 0.6939014972663701
0.651539423220619 0.5514433026462456 0.45886902859241824 0.37861217754868665 0.31284840567646405 0.259084385846179 0.21628483059262432 0.18330233514202496 0.15911725241064417 0.14298627908785946 0.13436243130211845 0.13266213113972378 0.13711914190473645 0.14606243548121853 0.15736599005252386 0.16902620632739795 0.17940417477883197 0.18755031153284146 0.1931054365500806 0.1961604968588244 0.19719536119581246 0.1978211861852036 0.19999053738503392 0.20397284040736627 0.20962868449647012 0.21672190905061123 0.22520733139124494 0.235088081591257 0.24645287356134926 0.2605973479967317 0.2826078564204665 0.3144681780506141 0.3561016803218142 0.40976975187739934 0.4769350419624766 0.556943856698691 0.6415152847904746 0.7207981948444292 0.782962850987687 0.8150145876061119 0.8074183044936747 0.7667495166847752 0.7030154212267284
