_RESULTS/CROSS_VALIDATION_POSTPROCESSED_CLR/MHZ/TZ/5comp/3/MHZ_TZ_z_0_kriged_reverse_5comp_spherical_3.asc
ncols 100
nrows 81
xllcorner 5.5967107548124995
yllcorner 50.982328804812504
cellsize 0.00017565037499993607
nodata_value 1.7014100000000001E+038
[rows 0 to 18 of 81, columns 43 to 85 of 100]
-4.1196279836356045 -4.088746041534287 -4.052683777719593 -4.013297865581099 -3.972329035955096 -3.9313525683213975 -3.8917735771813278 -3.854844052791806 -3.821687279226221 -3.7933222878265274 -3.770685315423509 -3.7546474669024272 -3.746028772337864 -3.744734836615701 -3.744734836615701 -3.744734836615701 -3.744734836615701 -3.744734836615701 -3.744734836615701 -3.744734836615701 -3.744734836615701 -3.744734836615701 -3.744734836615701 -3.744734836615701 -3.744734836615701 -3.744734836615701 -3.744734836615701 -3.744734836615701 -3.744734836615701 -3.744734836615701 -3.744734836615701 -3.744734836615701 -3.744734836615701 -3.744734836615701 -3.744734836615701 -3.744734836615701 -3.744734836615701 -3.744734836615701 -3.744734836615701 -3.744734836615701 -3.744734836615701 -3.744734836615701 -3.744734836615701
-4.187196214559891 -4.149811226395486 -4.107302516564728 -4.06152695825139 -4.014328027361934 -3.9674009452043713 -3.9221990355102276 -3.879980655361139 -3.841853374954056 -3.8088103722680136 -3.7817586432495145 -3.7615402426021816 -3.748948077082943 -3.744734836615701 -3.7449613221905462 -3.745620336431211 -3.7463261902380496 -3.746794283919532 -3.7468679545191583 -3.7465240891960248 -3.7458739676621042 -3.7451592399753557 -3.744743482256316 -3.744734836615701 -3.744734836615701 -3.744734836615701 -3.744734836615701 -3.744734836615701 -3.744734836615701 -3.744734836615701 -3.744734836615701 -3.744734836615701 -3.744734836615701 -3.744734836615701 -3.744734836615701 -3.744824822609149 -3.7450666728612054 -3.7453549571699427 -3.7456048664308503 -3.7457565747598824 -3.745777394395888 -3.7456630055628284 -3.745437621824371
-4.259038251575113 -4.213329917916322 -4.162244239789256 -4.108698384726443 -4.054955898845005 -4.0020759488308535 -3.9513995973978226 -3.9041448812315256 -3.8613691348218366 -3.824015215795883 -3.7929439581039452 -3.769272364619267 -3.754976640738152 -3.750271206366162 -3.7530007900394544 -3.7560203152316336 -3.758376160639034 -3.759746214683401 -3.7599525761933767 -3.7589689632249383 -3.756921828924073 -3.75408504315628 -3.7508688051146817 -3.7478041064081267 -3.745524434777706 -3.744734836615701 -3.744734836615701 -3.744734836615701 -3.744734836615701 -3.744734836615701 -3.744734836615701 -3.744734836615701 -3.744750006804956 -3.745091795550627 -3.7457591187379315 -3.746596190655988 -3.747463008062887 -3.748239579202944 -3.7488300785824804 -3.7491665430956655 -3.7492117084879717 -3.748960643217905 -3.7484409689380653
-4.333121454640181 -4.27772349206004 -4.2171657312809705 -4.15325079884352 -4.087973847892382 -4.025102611997872 -3.96660518131353 -3.9138786123725122 -3.8681269684095696 -3.830171529795888 -3.802114535905415 -3.7830563965730866 -3.7710973690684972 -3.767333732186249 -3.7719746538424648 -3.777511150936278 -3.781632475693591 -3.7839698027561957 -3.784318595448953 -3.7826485858956076 -3.7791052846569935 -3.774002800782477 -3.767809000144803 -3.7611250101882203 -3.7546615739580376 -3.749214723504513 -3.745642800468105 -3.744734836615701 -3.744734836615701 -3.744734836615701 -3.744734836615701 -3.7450502508549253 -3.7459707013500836 -3.7473074149849452 -3.7488766318238085 -3.7505055729753227 -3.752037258778214 -3.753335795491903 -3.7542917243412712 -3.754826894432894 -3.754898268981538 -3.7545001424985163 -3.7536644413293514
-4.4049824288232955 -4.3304559588818865 -4.247172415613246 -4.161321709217132 -4.077750961089782 -4.000291454781163 -3.9319175964309827 -3.873894006684298 -3.828018118041216 -3.7968978736056496 -3.779338458800941 -3.77348726571776 -3.7769794852223417 -3.7870415248886715 -3.800451037243149 -3.809322614840348 -3.8153493624074217 -3.8187335724142932 -3.8192366971460903 -3.816823361111604 -3.811663453088284 -3.804122201985467 -3.7947398750105137 -3.78420424048012 -3.7733195826445916 -3.7629758189000975 -3.754120416713108 -3.7477347158357643 -3.744815250675062 -3.7447723649236706 -3.7454938004675262 -3.746975519240431 -3.749009243199949 -3.751387938662619 -3.753909371998079 -3.7563808086150607 -3.75862481331427 -3.7604858946165893 -3.7618374750088166 -3.7625884285083053 -3.762688299169093 -3.76213038314187 -3.7609521487470903
-4.44178132784859 -4.336871592171795 -4.22744531440151 -4.119522622403288 -4.0178228978782276 -3.926133141004069 -3.847422176554807 -3.786677237175683 -3.7460238832873256 -3.723672839148627 -3.718091477408782 -3.7270707190723256 -3.7478300388816566 -3.777143109087698 -3.8114729081239234 -3.8416970963234207 -3.85857702363555 -3.8633051395073275 -3.863977347137305 -3.8607502228718884 -3.8538254984796962 -3.8436346080659365 -3.8308102322521527 -3.816148549310484 -3.8005680562069353 -3.78507010720659 -3.7707046933673114 -3.758543170249736 -3.7497478150551733 -3.7462070214110557 -3.7477879333881154 -3.750473295981663 -3.7536650639741165 -3.7571382549400782 -3.7606696549551546 -3.7640430741435438 -3.7670562694495517 -3.7695293170098987 -3.771313800879834 -3.7723017497302047 -3.77243296577772 -3.7716994282812104 -3.7701458978519566
-4.42785686298982 -4.2926510186766915 -4.157723084576479 -4.02842511219437 -3.909270330314555 -3.8040508135919553 -3.7190915941158194 -3.6590272255870158 -3.6240877200552637 -3.611990612508569 -3.6200839465639816 -3.6457492932029054 -3.685719721992178 -3.736236368405309 -3.793217772407579 -3.847947023768034 -3.889754251928598 -3.913906952470738 -3.9178106970481172 -3.9136811497703743 -3.904806512493237 -3.891705854192845 -3.8751319766875545 -3.8560185256088197 -3.8354245026507874 -3.814483665518814 -3.7943632273465497 -3.776307560046817 -3.7624297248725203 -3.753980302438409 -3.7518239798057778 -3.75532843483722 -3.759725680427039 -3.764351444884853 -3.7689589352812525 -3.7733044619383573 -3.7771555497673956 -3.7803014641301327 -3.7825654475081425 -3.7838171800431657 -3.783983353661516 -3.783054165152258 -3.781084215019846
-4.358547124502979 -4.196520639731254 -4.038378562305356 -3.889213077468108 -3.7536850696631223 -3.638575972122933 -3.5511990577979615 -3.492950901495169 -3.4640897360934844 -3.4635091811871908 -3.487192140438821 -3.531645758490272 -3.5930277162026996 -3.666947555098761 -3.7486789751748995 -3.8292254543500017 -3.897039867279395 -3.9468892565268185 -3.97397449230818 -3.9748608482165846 -3.963801194130684 -3.9474654673287914 -3.9267657528501685 -3.902812364718416 -3.8768381401858503 -3.850133686899456 -3.824011444855414 -3.80069231003142 -3.7818461044286718 -3.768437052221734 -3.761364591076987 -3.761464464568631 -3.766963668842186 -3.7728052511439603 -3.7785640817287365 -3.7839644875309437 -3.7887370847575346 -3.7926318670908112 -3.795434613708701 -3.7969846206251314 -3.797190425570201 -3.7960397387088274 -3.793600832890194
-4.232692716692732 -4.0496819763418905 -3.871461655890589 -3.70422466999095 -3.554877829488857 -3.4339621526204858 -3.345038523496819 -3.2897480330069655 -3.268438127765798 -3.280119419628654 -3.321487714683361 -3.387095594564283 -3.472368512126801 -3.572159737508363 -3.6809771803204843 -3.788897737156848 -3.883910922351677 -3.9602743187954887 -4.012803115869667 -4.036920045230996 -4.029973845240842 -4.009990109998515 -3.984699733901841 -3.955442986352945 -3.9236682458620495 -3.8908501441880214 -3.8590127493730364 -3.830563884812802 -3.8066368886312802 -3.7882455327973727 -3.776317020453202 -3.7716972872544687 -3.7751329826243465 -3.7822574648748573 -3.789252208454557 -3.7958049819240123 -3.801601504952591 -3.8063412831983796 -3.8097596141746863 -3.8116279854086983 -3.810544091537212 -3.8066014034703297 -3.800884403479848
-4.057910306578631 -3.857385238053691 -3.6613527519209073 -3.4774610710616516 -3.3184502657142536 -3.1922024442050394 -3.102335953447005 -3.0510185010943296 -3.0387881780346415 -3.0644982951032165 -3.125267105251414 -3.2146839340115956 -3.3266321603654943 -3.4550523701165035 -3.5935420034377 -3.7305482063665423 -3.854067347319715 -3.9577812881399916 -4.03607636305978 -4.084165532351177 -4.098101250131916 -4.0784763839411555 -4.048323692014062 -4.013407140031421 -3.9753344155416204 -3.935961186469508 -3.8983765172592535 -3.8644649301772542 -3.835377289315862 -3.8120229157091843 -3.7953460616149064 -3.786193324169451 -3.7853234271207272 -3.7924400165665397 -3.80076352092762 -3.808582535021819 -3.8155288936267224 -3.820589407988197 -3.820345662543027 -3.815500403493938 -3.807399377139667 -3.7973534910574527 -3.786600669990943
-3.8606366496901936 -3.6381257839757324 -3.4191361650710808 -3.217098290461998 -3.047821357507224 -2.915934415479873 -2.8252414043150793 -2.7786528534680683 -2.7769970735378138 -2.8189353039443894 -2.9011202664460227 -3.0173340357355274 -3.1592145026632026 -3.319369393090874 -3.490186171648885 -3.6580111476634425 -3.811458364051371 -3.943431499264779 -4.048803802082366 -4.122426406652321 -4.159891729246465 -4.157832066892896 -4.124094765173182 -4.083293624724365 -4.038356740148662 -3.9920529637557753 -3.947345143088932 -3.9059045113505797 -3.869343465070802 -3.839230107885135 -3.8170922920951424 -3.8036439655486562 -3.7987602176560706 -3.803081047047321 -3.8128015483834643 -3.821849114351286 -3.825143779104859 -3.8215665419266305 -3.812561703853757 -3.7995680894096378 -3.7840402879179114 -3.7674466530423594 -3.75122337143009
-3.6578536005966513 -3.41075189487514 -3.1660414168150153 -2.942362913277627 -2.7536691977610377 -2.6092729396924224 -2.5162765478609175 -2.4749900384896675 -2.4870694721677844 -2.5503794740498087 -2.659888558900498 -2.808291829106173 -2.9848508760661385 -3.1803637584426627 -3.38551672944298 -3.5846084519037906 -3.7687603550361057 -3.93054480850981 -4.063228200356431 -4.161851348855372 -4.221819408721929 -4.239269947163296 -4.21262067748473 -4.165228765943868 -4.113002339867587 -4.05962906615175 -4.007472092116833 -3.9582955269330826 -3.9137842977574993 -3.875564972266905 -3.845216848806163 -3.824274046787532 -3.8142206301803068 -3.8151970704601803 -3.823506071705761 -3.824778993723151 -3.8182788466718374 -3.8059222864023887 -3.788722066762486 -3.767774243099935 -3.7444214979801025 -3.7202913953802255 -3.6972441111399363
-3.4583046250976 -3.183110090862799 -2.910889165522463 -2.662436550718792 -2.4508466421569755 -2.2880821218337712 -2.1864652807534544 -2.1523421837357857 -2.1834462908100005 -2.272831220344578 -2.4140541739219112 -2.5983566235833964 -2.8134915066674715 -3.047950801697082 -3.291093796942873 -3.5277426289384355 -3.7466737512612105 -3.93851317603553 -4.095731713247048 -4.213266131277125 -4.288549875737222 -4.320848842660217 -4.308554146219071 -4.256645267675142 -4.1969078853314725 -4.136079511381567 -4.076245855911326 -4.019227454780118 -3.966750429722301 -3.920481742415911 -3.8820446637305928 -3.853020017328427 -3.8349378423674265 -3.826873723935357 -3.8239944701631874 -3.8184840217607787 -3.8059338545992545 -3.787109347294998 -3.762861347738511 -3.7342219723778642 -3.7025650267238905 -3.6697336708761052 -3.6379870483962096
-3.269506860681777 -2.9627954376998185 -2.6603674118589313 -2.3826704895888273 -2.147124289537993 -1.9686058822427346 -1.8583308382129096 -1.8243780541261527 -1.86995293900349 -1.9888883263489983 -2.166397648671503 -2.3910246450844723 -2.6488875219036414 -2.928385927707507 -3.2155605900733737 -3.492878914461241 -3.748385537965278 -3.971075463499532 -4.152119624386895 -4.286338386784728 -4.372387883668146 -4.41129847396906 -4.40473922124519 -4.354563852491073 -4.287112590139062 -4.218614499476864 -4.151051259756606 -4.0862349865973 -4.025896136495019 -3.9717255580381714 -3.925387232447491 -3.888773807219253 -3.8637823552033 -3.842444099465817 -3.8260362821346154 -3.8132283143966315 -3.7948148060369262 -3.7695831479653426 -3.7382490104877206 -3.7016457334526565 -3.6610468853916087 -3.6185380871358173 -3.576989386338814
-3.0986138201725217 -2.7576931851787085 -2.422346695338444 -2.116516470306645 -1.855949008794908 -1.656395131280467 -1.533198284435196 -1.4980582923711845 -1.5555090095350217 -1.7015459816285181 -1.9209211733130616 -2.191164907131612 -2.4989602350153888 -2.8292386343294815 -3.161989531114397 -3.482048342632888 -3.7761237925744924 -4.030761640678614 -4.234523508960728 -4.381920263408594 -4.474189862056657 -4.515494790018414 -4.509476581395261 -4.458395386134196 -4.38036179056061 -4.304301844378718 -4.229221298742057 -4.156853067038899 -4.0889027625070575 -4.027079758503607 -3.974986632099584 -3.936173949875241 -3.899943137150473 -3.8658302353418628 -3.836206310258567 -3.811679203585567 -3.7853739876520045 -3.7538723855342386 -3.7155813628478187 -3.6708986717840277 -3.620632196628605 -3.567099363369304 -3.5142414236277633
-2.9530088149495985 -2.577776351902324 -2.2130366422877144 -1.8761308811009214 -1.583356795261152 -1.3546083433612282 -1.2116872292365528 -1.1728971091584235 -1.2453359169235174 -1.4214742782300274 -1.6838932441171381 -2.00846474556273 -2.3721284404551346 -2.7532171138184385 -3.1322056187534133 -3.4960337507083192 -3.8308494947270413 -4.119662778986524 -4.3447786987347765 -4.49949519953058 -4.591403072259489 -4.630205089584415 -4.62148667039904 -4.567806711150995 -4.478157234695118 -4.390187985516274 -4.30813347535972 -4.228696780949861 -4.15354270908204 -4.0880199158025485 -4.03670235100026 -3.989696105870707 -3.9419985177414354 -3.8959185885589127 -3.8538228454937853 -3.8173141023517427 -3.779734979891234 -3.740257838764765 -3.695358448325849 -3.642916344427468 -3.582216569134277 -3.5156081420392464 -3.449353219189979
-2.84140662057842 -2.4390654737889164 -2.044242168981712 -1.6716831518640203 -1.3386393238621013 -1.0693156223869718 -0.8954097590158616 -0.8484605568634067 -0.9414484746003868 -1.158706754214427 -1.471218390680903 -1.854672119100584 -2.275342286916972 -2.704350855981114 -3.1271088647083016 -3.5327969334762583 -3.9096201274783136 -4.238097447761701 -4.4838903550818205 -4.634688328363657 -4.717527265541846 -4.749691890335804 -4.736345984156078 -4.678885721886772 -4.581099189191789 -4.478196878056106 -4.385353624967289 -4.29956389314916 -4.222039116974288 -4.158245437711162 -4.103920760655537 -4.046980354062064 -3.988818570285609 -3.9317032640457534 -3.8779539399227145 -3.8295987508503977 -3.7805370212420715 -3.7294295118862264 -3.6772553939541233 -3.61840509648488 -3.5467624904334585 -3.4633880601102787 -3.381167688055604
-2.777491689035673 -2.351946051864148 -1.9279097977719781 -1.5179977516201908 -1.137923988961194 -0.8134770985654134 -0.588886203240317 -0.5244175759145908 -0.6498260236430378 -0.9274102318583033 -1.3049896528369014 -1.7448914462793403 -2.2166712799573864 -2.6878084812846827 -3.1468687756781595 -3.5862126514860972 -3.999225891289365 -4.375969082111216 -4.648257914408739 -4.770173095979917 -4.838380262743593 -4.864039211213755 -4.847296248315997 -4.787273527639471 -4.684570892858149 -4.568595139192258 -4.4620012986955215 -4.37111451312451 -4.296149264364334 -4.2341671313809375 -4.172501290544872 -4.106833453546656 -4.039386901384557 -3.9723440868549416 -3.907897026264827 -3.8480946863697945 -3.78711628866883 -3.7231616594198007 -3.658878286857209 -3.594320611814286 -3.5129064241927694 -3.4067576220563347 -3.3076119569507467
-2.768911693417203 -2.3256114375015047 -1.877662393857196 -1.434980658450442 -1.0084072438579086 -0.617002232788836 -0.3076545011746914 -0.2006684068644784 -0.390022211397949 -0.7602001868492487 -1.2106638881658895 -1.7004201253080888 -2.2080822569689302 -2.7102372947110744 -3.1927471061080763 -3.6492665561329147 -4.070600703714801 -4.448685401588714 -4.719075157210903 -4.840517610323003 -4.908208301898268 -4.934183616941343 -4.918717190641204 -4.860833048411807 -4.760730631035832 -4.642539061062292 -4.533983378976275 -4.444430655025901 -4.372806675986689 -4.309666780744436 -4.2411444760509465 -4.168127894774713 -4.0927999412014335 -4.017203136253149 -3.9432971360479963 -3.872812664276064 -3.7995321378606532 -3.721188587797544 -3.6397265553227096 -3.5558388870878765 -3.4566137479170598 -3.3407636161315177 -3.2272290335886917
