_RESULTS/CROSS_VALIDATION_POSTPROCESSED_CLR/MHZ/TZ/5comp/3/MHZ_TZ_z_90_kriged_reverse_5comp_spherical_3.asc
ncols 100
nrows 81
xllcorner 5.5967107548124995
yllcorner 50.982328804812504
cellsize 0.00017565037499993607
nodata_value 1.7014100000000001E+038
[rows 0 to 18 of 81, columns 0 to 42 of 100]
1.2263317584242368 1.2248866432075258 1.223758983606598 1.2230971718034684 1.2206962158993535 1.211847271379438 1.196760129792311 1.1757511738985533 1.1490746038654491 1.1169295335941192 1.079468367197599 1.036805650913327 0.989519121253287 0.9385731950783028 0.8845309734469702 0.8277957203245607 0.7687345471454491 0.7077276687693959 0.6451704058510144 0.581474803032926 0.517070688753973 0.5356702587395783 0.5996547680096374 0.6628814523866041 0.7249694955376345 0.7845647847266625 0.8374061833983129 0.8829856935273951 0.9213817690357375 0.9527230871266796 0.9771811388625993 0.9949818244194247 1.0064195101511597 1.0118366731589954 1.0115297869133268 1.0062171562593376 0.9967400502868123 0.9839626508808518 0.9696580356993645 0.9602949075856009 0.9574489261428386 0.9612561551942503 0.9712693213793182
1.2174772883344824 1.2148820920159116 1.2129441209647371 1.2118334098517922 1.2095318439891378 1.201223436250198 1.1870622974654923 1.1673506085671195 1.1423216258107365 1.1121496186046111 1.0769615939650947 1.0368855924296398 0.9922221672609128 0.9429977632823127 0.8902402375265948 0.8349666508265565 0.7777005987188692 0.7191629631378272 0.6606107069317638 0.605221183773539 0.5652804866640015 0.5732542785457447 0.6197471223766339 0.6762169563390931 0.7346618488129798 0.7898117944223519 0.8382402128745811 0.8798241737395422 0.9145602834289416 0.9422562284650516 0.9629717973992233 0.9764080851723698 0.9827463505523266 0.9826472718223 0.9768690590509748 0.9662887087897609 0.9519151811552158 0.9348720072280134 0.9173963103968135 0.9063302718217128 0.903459903865421 0.9090305532595304 0.9224369127074825
1.2040788892841807 1.2002472296480653 1.1974342384835113 1.1958373734205463 1.1939350378978657 1.186665468456567 1.1739920449665975 1.1562052103472356 1.133520227835466 1.106091879922344 1.0742788952673177 1.0383262660137194 0.9981992933624582 0.9538895887235526 0.9054532059075326 0.8536152190405963 0.8006103351529836 0.7479073543060765 0.6979858314951556 0.6558876379794323 0.6314235863238448 0.6354196040693142 0.6655126295107957 0.7099534063472295 0.7600848715254926 0.8075367581670282 0.8495131428696034 0.8853297237735953 0.9147134088880706 0.9370417081651106 0.951633777515063 0.9586608849010152 0.9586539599027756 0.9522457126119525 0.9401956519807888 0.9234313993959017 0.9030996132050184 0.8806017097032374 0.859011073997342 0.8456436562919571 0.8425606200483355 0.8502186970130161 0.8677344142130492
1.1865092180930137 1.18133625655509 1.1775687985515142 1.1754396979998023 1.1741087015375606 1.1683650733543296 1.1577320785489655 1.142487350860978 1.1228501842604952 1.0993782456619292 1.0722283955256864 1.0413615318573821 1.0067608150645104 0.9684712890128491 0.9266549928794889 0.8816774898786421 0.8346412007996857 0.7890858412949857 0.7481310570596881 0.7162152599377337 0.6991843480560684 0.7015205861222704 0.7223841367025561 0.7565053656287135 0.7970238798682218 0.8356921022237829 0.8701299211750998 0.8991274079185186 0.9208718129096063 0.9350661242032805 0.9420331668110152 0.9420669052756782 0.9351810181856159 0.9219040836210237 0.902938865800643 0.8791888968954844 0.8518573350999799 0.8225802984132697 0.7957332964650176 0.7791025468907906 0.7754637370744912 0.7857260559748798 0.8084539246737894
1.1651547260815527 1.15851177674065 1.1536909245592977 1.1509716721218681 1.15017688615546 1.146427357675259 1.1383706417924748 1.1263060322586798 1.1109260912646755 1.0923954633408108 1.0706577350097464 1.0456618206971287 1.0174017755836458 0.9859634026999153 0.9515849585569767 0.914743370887477 0.8762805287144928 0.838064075769005 0.8047508478598344 0.7799398306127376 0.7671009931074633 0.7684614862623224 0.7836588918707306 0.8100140756174389 0.8416176720910653 0.8717365872514911 0.898143400262202 0.9180609258150114 0.9308623044514509 0.9365312438357721 0.9352686696621956 0.927429484254961 0.9133222206181058 0.8928733868528262 0.8666221781715326 0.8353520029714046 0.8001710570282927 0.7627662326106055 0.7293052519444079 0.7077722908222567 0.7028875451128644 0.7166783806367893 0.7464213958157646
1.1404213530161604 1.1321485170849275 1.126149102064354 1.12276554907392 1.1221919919156618 1.1208811948323243 1.1159380029371433 1.1081652154097714 1.0978463454238705 1.0849042196377243 1.0692376321180768 1.0507658028530007 1.029472411033034 1.0054523007487712 0.9789660541887543 0.9505077465992134 0.9208866820355348 0.8913080270362006 0.8643304944220047 0.8446084947480132 0.8344416904430194 0.8350991810694468 0.8464158019930084 0.8668882912646791 0.8908643236631496 0.91298124612005 0.9298483065893041 0.9403855391582301 0.9442364561506001 0.9413215234479115 0.9317669282414366 0.9158505498230017 0.8939647473515631 0.8663343859491621 0.8328191331625495 0.793971702812446 0.7506151798712363 0.7043335768091189 0.6626560981166179 0.6333080851995259 0.6255585064022898 0.6450037071271222 0.6870403899318573
1.112743166685056 1.1026391677365222 1.0952999171252218 1.0911550557132499 1.0904570544742855 1.0916923707845163 1.0907948149116293 1.0880503365092071 1.0833741462485005 1.076608747120784 1.0675819937366966 1.056158475554557 1.0422839100344785 1.0260256450965248 1.007613281894401 0.9874811939912991 0.966308012763179 0.9450346975780014 0.9248226064518654 0.9089188682940781 0.9006033328008738 0.9006797089985745 0.9090857827755354 0.9248775987403631 0.9424388043475123 0.9558281028827045 0.9635913508044524 0.9652168783733287 0.9604268865618456 0.9491553385413676 0.9315110198431749 0.90774000522532 0.8781917838848539 0.8432894689111484 0.8029973422910023 0.7571891183338881 0.7063166466177428 0.6522280790422121 0.6014975511994232 0.5597057938164398 0.5452475398199467 0.5797375015268587 0.6411075092864639
1.0825957798200356 1.0704038592146539 1.061512644414455 1.0564762606782816 1.0556269792501694 1.0590029943052788 1.0629152124395216 1.0657343947115128 1.0672568115651708 1.0672053796348915 1.065304552871818 1.0613374671832971 1.0551862736932869 1.046860958643419 1.0365217536038478 1.0244967939819094 1.0112905411870594 0.9975699547162604 0.9841070942432696 0.9719777605159097 0.9650194155045173 0.9645637277594514 0.9706170836595109 0.9825529526906839 0.9934175584595011 0.9987971699505063 0.9983213089323213 0.9917062780016451 0.9788060004454586 0.9596240448174878 0.9343049125954808 0.9031155760394098 0.866421668708663 0.8246584523898559 0.7782368777453339 0.7267657239563963 0.670274032673567 0.6122312482777285 0.5561793045372625 0.5044459246524614 0.4675247563434758 0.5381292079681725 0.6182288116444299
1.0505176756067807 1.0359061162045202 1.0251773055980082 1.019069136894231 1.018061187231389 1.0230019545759959 1.0320741254827488 1.0410030687033003 1.0492717465317924 1.0564319077595479 1.0620692233766962 1.0658628604303866 1.0676151999723908 1.0672630472901223 1.0648789350909 1.0606662214891667 1.054946594168935 1.0481338837166971 1.0406849000386933 1.0330195559459057 1.027136001564528 1.0261514525707809 1.0301753735214372 1.038046169056845 1.0425585714614785 1.0409469616360651 1.0331337287083509 1.0190538709219334 0.9987122393951187 0.9722148245891487 0.9397819423958178 0.9017498061262783 0.8585636591817265 0.8107624879535883 0.7589539227393084 0.7034258150546476 0.6446755049541038 0.587942789178423 0.5375355352384605 0.5002863244347785 0.4942443035167643 0.5468652209074021 0.6260741806038471
1.0171448239717493 0.9996808275979381 0.9867196384358239 0.9792805635403734 0.9783112660755602 0.9847845255591667 0.9980751628705287 1.013704990195634 1.0292807075716457 1.0441187016468723 1.0576337905664928 1.0693909397800807 1.079112811887959 1.0866656093516829 1.0920186980565845 1.0950618304945257 1.0960309954403515 1.0952589190602993 1.0930409330917987 1.0895951750854072 1.085434943263251 1.0841933860645845 1.0866453605482282 1.0900025583152637 1.089136551725176 1.0814725319996659 1.0672150818646962 1.0464922889408583 1.0194564755607523 0.986327412194915 0.9474230849505276 0.9031816324290531 0.8541769613730108 0.801128517308597 0.7449051168066466 0.6864948548283971 0.629275098978476 0.5787567843071596 0.5422527779140657 0.5252550294357813 0.5376937333871651 0.5855078938636739 0.6586749713384754
0.9832676645328702 0.9623854607147755 0.9466308387445648 0.9374751623511954 0.9366798802971352 0.9449078334410522 0.9613403168932635 0.9838233555562717 1.0072985445546252 1.0302436675163398 1.0518872675274167 1.0716935223476294 1.0890189700038322 1.1033947428701931 1.1150105247478348 1.1240891901309906 1.1308328678032022 1.1353848487606741 1.1378128267651122 1.138117571035428 1.136253974740102 1.1349044513827866 1.1355896381219397 1.1352958265443893 1.1310340307700117 1.119175673782805 1.0997854971977261 1.0732628379634668 1.0403224189340203 1.0012934091275434 0.9565926271747054 0.9067687783818323 0.8525431455606253 0.7946322205664788 0.7339310913665666 0.6735822241692495 0.6194812069245005 0.5789128175021897 0.5559770234093989 0.5545777625162047 0.5789319067751604 0.6298973570225974 0.7022860437334384
0.9499145555355126 0.9248215869860019 0.905377471267273 0.8939455488138491 0.8932111026249464 0.9036351530419944 0.9238841695152236 0.951715058604182 0.9835839933662465 1.0149905764366112 1.0445903715939664 1.0710656365710338 1.0943412944550899 1.1145533779192474 1.1318980947177626 1.1465580516467204 1.1586342868297015 1.1680951224859397 1.1747709688033978 1.1784246239479659 1.1788678931269774 1.177475908250556 1.1758063702003905 1.1721777207653874 1.1651705260438532 1.150507392415395 1.12813213616675 1.0981332175436778 1.0605680940239397 1.0164006730558106 0.9665895224716075 0.9115420215668026 0.8514563540089577 0.7876940605336765 0.7226810308884616 0.6622276265218937 0.6137161960798012 0.5826124878979068 0.5714072452586185 0.5824515258691404 0.6170334291498809 0.6740990912254418 0.7496867086827891
0.917336701690332 0.8868603779633137 0.8623497325898934 0.8475929247426386 0.8466311365264593 0.8600723852855938 0.8854863936511901 0.91924447524938 0.9581458754355693 0.9976125232039867 1.0335694110227014 1.0657710414109411 1.0945043555747314 1.1200009409691059 1.1425095736899753 1.1622237423282984 1.1791900549723948 1.1932196734872584 1.2038573499574066 1.2105212372659384 1.2128305695929507 1.211289827505131 1.2070905028941796 1.2004161352045435 1.1909988257301616 1.1744285301360922 1.1500172903266992 1.1178960856690048 1.0781439029289142 1.0308503200796888 0.9758571031947334 0.9145998917124978 0.8483914356477706 0.7792076192347022 0.7122222046906188 0.6524288293353837 0.6094251817130445 0.5862460643471764 0.5850495267334513 0.6070063036063009 0.6515556734089357 0.7163995214443681 0.7977353426786122
0.8868347642808534 0.8501417157827011 0.8188513535473969 0.7987777915537966 0.7970292011129612 0.8150520868246234 0.8475310225636475 0.8882461787858205 0.9318558616865249 0.9757263624813031 1.0178652332800633 1.0558338286419395 1.0896513007445932 1.1196842611388058 1.1466176152052077 1.1707321313902037 1.1920973586057748 1.2104294682097032 1.2249244594731943 1.2343743294133054 1.2379948095339164 1.2357444677581508 1.229061561571495 1.2196458877649947 1.2079059239733905 1.1903715334167102 1.1649207041167817 1.1316769890109657 1.0906497900411833 1.0407124547651616 0.9818305741126294 0.9150352144218603 0.8434809092850528 0.7716539776317239 0.7026416435110465 0.6441489723597984 0.6046224185349394 0.5874196230164423 0.5949548298280598 0.6274165143384246 0.6823755817327979 0.7562190957265549 0.8449269477685372
0.8612649364789751 0.8182575277354249 0.7784325328673143 0.749002568843697 0.7450362428615881 0.7714946166307426 0.8136307939338112 0.8602552186120189 0.9072813499104748 0.9534307287994143 0.998065227971852 1.0405322735794778 1.0789629258490694 1.113308876114989 1.1439008762781437 1.1715508498654863 1.19665327142516 1.2190137141795614 1.237578049427303 1.2499007590625706 1.2539806787952745 1.250161461642796 1.2410410989559393 1.2293339947158535 1.2153913442330755 1.1977046799971391 1.1722871996572957 1.1389138570252386 1.096189729241774 1.0438668852407498 0.9824285389463079 0.9133877774435464 0.8400547507545177 0.7662418233126166 0.6952839603609156 0.6371831755361694 0.5983533169314544 0.584495452120968 0.6000097763121505 0.6437240968371276 0.7100292264282624 0.793691794479336 0.8905816718901971
0.8438358123355196 0.7964411129241891 0.7491794514683323 0.7050833999314831 0.6932102607969582 0.7381024523413082 0.7887669417927923 0.8386845968637027 0.8871703060145846 0.9339363025906784 0.9787834337052196 1.021547171263189 1.0620830357704432 1.0997001191632096 1.1335599648732018 1.1639792147678498 1.1917536785906289 1.2174459715586436 1.240512559208703 1.2569570664624246 1.259528123239849 1.2530509976923618 1.2421474939373796 1.229684078889866 1.2153301684082563 1.1983808573779142 1.1747299095573391 1.1412532872919983 1.0971665632800423 1.0430786942417438 0.9811008020440313 0.9127756290288771 0.8396144076534529 0.7642578424284727 0.6923439686809083 0.6332089796647552 0.5915297968515336 0.5763919923743175 0.6001947693056938 0.6577267842050118 0.7362482838046842 0.8296137980917471 0.9344405164700622
0.8368408931241791 0.7893349467526394 0.7425363977251188 0.700671156318316 0.6910128682442195 0.7313790926606071 0.7791092138170461 0.8268658407790186 0.8735131878905822 0.9186289819411103 0.9619625351302462 1.0033345889737482 1.0426121151093801 1.0796980233040319 1.1145199503813883 1.1468401141862619 1.1761413355450956 1.2032248849870624 1.2287779923902387 1.2513501320114546 1.250310014409113 1.2444306040933288 1.2355566609697637 1.2250053735845485 1.2121112357455623 1.1961574918442146 1.1744304273362727 1.1416256419816813 1.0986536868735286 1.0464615850881414 0.9861231815865156 0.9188948241806167 0.8462130405946082 0.7696974016601361 0.6968082485464585 0.6366725607955634 0.5906121453462543 0.5636110921566421 0.6006227576170259 0.675224823714653 0.7641837676133949 0.8651127229023661 0.9762520775571013
0.840211789558944 0.7965816291207037 0.757141275450587 0.7292493658745067 0.725815153670022 0.7484216348185944 0.7844404323859888 0.8250564734779195 0.8667468232643528 0.9080333058405659 0.9481739131623887 0.986740951407354 1.023473255888667 1.0582146051862602 1.090875473286318 1.1213887485267853 1.1496311774349863 1.1752633441789484 1.198485925845014 1.2171650684362296 1.225947355259378 1.226417254807577 1.2222922245849854 1.2155423959486884 1.2058577905526293 1.1924724707138337 1.1727805549906178 1.1440543485012824 1.1046907241182284 1.0555786185742464 0.9978078389689957 0.9326673173713673 0.8616392641064154 0.7864094725438144 0.7147004835092616 0.6553371187595746 0.6113728918818442 0.5907366059707476 0.6287964935455714 0.7048280340566891 0.7965152208291009 0.9006033674366898 1.0152165873236585
0.8516880429116169 0.8134071211656 0.7815576301359946 0.7618685555458745 0.7592539303978718 0.7729186234221423 0.7985253612988643 0.8307078791592051 0.8658466708325213 0.9018548265152357 0.937519397895962 0.9721046805451002 1.0051565113856695 1.036403154567752 1.0656907582872925 1.092912160642873 1.1178854043957989 1.1415024203553348 1.163650339947174 1.1826304649515766 1.196398835007101 1.2037466350440131 1.2064167765755829 1.2058169325936863 1.2016903705828224 1.192062202954392 1.1749490755431335 1.1502007657717725 1.115382709684969 1.0702209121264683 1.0158713142922582 0.9537288008873024 0.8854391661898046 0.8130829581650636 0.745419315401858 0.6902593060214948 0.6544136221106227 0.646875010695962 0.6786056514750439 0.7444244723980363 0.8317912151266491 0.9346486276401236 1.0491986527753419
