_RESULTS/CROSS_VALIDATION_POSTPROCESSED_CLR/MHZ/GZ/5comp/1/MHZ_GZ_z_1000_kriged_reverse_5comp_spherical_1.asc
ncols 100
nrows 74
xllcorner 5.5967023332191781
yllcorner 50.982320383219182
cellsize 0.00019249356164376555
nodata_value 1.7014100000000001E+038
[rows 19 to 37 of 74, columns 0 to 42 of 100]
-2.6743309182743618 -2.673961815382884 -2.7726967293333122 -2.9774460251244403 -3.248573279242894 -3.559572667857833 -3.880344345598428 -4.1759516005046615 -4.412943186124052 -4.563175583051269 -4.603313557250481 -4.511756554411904 -4.293705888270041 -3.970402544584246 -3.5661693253240894 -3.1159218922103316 -2.6615120687805485 -2.244468508855537 -1.9050658556743238 -1.698585951415167 -1.6363036472286 -1.7074647138692836 -1.8673870326392503 -2.0819441226494115 -2.2879722759598007 -2.4504703964571877 -2.5630383936549888 -2.6246691983216146 -2.6276250915243304 -2.5707665353958515 -2.4623044634924596 -2.311931749972387 -2.132471917022912 -1.980134954669973 -1.9167205417709243 -1.9519000878943387 -2.0899617159190482 -2.3066978566293996 -2.5803726505142923 -2.912296443508323 -3.266421233305467 -3.5893164883957525 -3.847205233959504
-2.647051895187368 -2.6871490876061497 -2.8338645878192046 -3.087770975416392 -3.4024694644511193 -3.7648291280161144 -4.141714137059525 -4.494169011004522 -4.784138006457712 -4.962603036896248 -5.006890538360463 -4.915492381046218 -4.692850580516594 -4.339493560088844 -3.891844950337349 -3.402885860420554 -2.9102807433586344 -2.4473881357704683 -2.0413974967862103 -1.7545089328860612 -1.6126529917831025 -1.6107342483895057 -1.7045520631248503 -1.8810896621664348 -2.070048385274823 -2.2045982255822674 -2.2722248622539487 -2.2924887368303675 -2.269516013744163 -2.2037000210163837 -2.0922210210893266 -1.9358413365602347 -1.7674557370718431 -1.655854053808 -1.6353088040898496 -1.7260632015457311 -1.944553148167043 -2.252935195184276 -2.600188491553289 -2.9748205751051353 -3.3580859550215836 -3.698705305974885 -3.9549503668580783
-2.622407476369738 -2.6931051538385824 -2.8812193567785114 -3.196531283580137 -3.607932266492023 -4.051706939722489 -4.509382001436927 -4.934997915873988 -5.260688347928072 -5.455359420967147 -5.5049444067686535 -5.408770111873709 -5.1593836390729395 -4.775180703513303 -4.293580025820312 -3.755582769482315 -3.2059393651765324 -2.684000160068362 -2.2167121311318603 -1.8560334645591259 -1.6447149139245383 -1.5783340546342592 -1.6032030053351667 -1.694665931260249 -1.8308025058123971 -1.9374939845344055 -1.9893807305813227 -1.9783547243998658 -1.9249344638394148 -1.8363050930339608 -1.698006186451268 -1.5381973679453242 -1.3954336872507325 -1.3191924873825172 -1.326041471193764 -1.4514258657247745 -1.7430780547666074 -2.1744296966158205 -2.6637589704132494 -3.1340131633165997 -3.560002964917956 -3.9239414286634022 -4.182659652047386
-2.592701689013255 -2.680177026602755 -2.895703776197003 -3.263728298834142 -3.7833193483142216 -4.373864662524884 -4.959543327307205 -5.454495358948856 -5.825278306722838 -6.044627590391009 -6.099242724763547 -5.982060445673797 -5.688857948025135 -5.254425169274948 -4.722263692064184 -4.136784095099506 -3.538340531323594 -2.958803985679706 -2.433039686296142 -2.0055609034362742 -1.726449167955192 -1.5755814448033783 -1.5029502163778936 -1.4937513177165829 -1.5514506336036953 -1.6344533890741633 -1.6804159666092402 -1.6726457751904107 -1.5940201540251882 -1.4613720697425108 -1.2972027995653903 -1.1481790765002442 -1.0449449636170791 -1.0037482837024752 -1.024651766104919 -1.1436258520548312 -1.4863143623034252 -2.092132461774482 -2.7633543744552203 -3.370695509438847 -3.8849810593884606 -4.286666694071338 -4.557695167200498
-2.5660099903203744 -2.6537317864468393 -2.872818145637636 -3.278645584607047 -3.9025547317317826 -4.66459647093482 -5.391802350952656 -6.008789159303357 -6.468395685096535 -6.735695600166498 -6.793456174677205 -6.634657587273762 -6.276963052922328 -5.768627247820014 -5.163007354217759 -4.5103372765162355 -3.8537374674327998 -3.2276437844845836 -2.654108405225221 -2.176810333102765 -1.8388310711444484 -1.6151330572086704 -1.4510874302796246 -1.3514955798268646 -1.323081100337257 -1.3535720306888108 -1.3612193502512016 -1.3253364557713696 -1.233335997983569 -1.076088664017412 -0.9230506090610326 -0.8109223326077508 -0.7665794430961785 -0.7785378727564778 -0.8315310285119315 -0.9139946371184902 -1.2112799867365798 -2.122316779491134 -2.979133641680076 -3.719792408471248 -4.3286958006734455 -4.800955642411997 -5.104669438648689
-2.5613264783683203 -2.6380183880669397 -2.824623251381767 -3.225982693169313 -3.979873937647404 -4.903967969041538 -5.789833026806238 -6.543824295278434 -7.116836766667486 -7.462112487785598 -7.543370477485887 -7.3362959414791336 -6.891750142043438 -6.282365481372809 -5.57633183692067 -4.829722797310079 -4.105361820960287 -3.448034083802907 -2.8631257052462664 -2.363601280980518 -1.9802845720367728 -1.6862647857906716 -1.4449103548498443 -1.264420300991509 -1.1570920303340135 -1.1287463449305055 -1.1027475189388274 -1.0368960173589423 -0.9151213317726583 -0.742618857095005 -0.5899725005192167 -0.5418328284690386 -0.5802614603702061 -0.6859978068750037 -0.850533099834613 -1.090757680975794 -1.579176741466501 -2.462047329682803 -3.383496318435549 -4.209551472802874 -4.895513591411417 -5.432903077417469 -5.792688951267998
-2.605438731684371 -2.6879973846623457 -2.837473778505998 -3.0949014459486803 -4.078412517991589 -5.154024695632304 -6.168910278185393 -7.056192116217794 -7.75270134018581 -8.187840379736414 -8.283181203416293 -8.006722379580884 -7.438562822487503 -6.694832856085223 -5.8715884591589536 -5.0664512894126545 -4.322118325166021 -3.6537643738213488 -3.0654802001580146 -2.5520727601921367 -2.124158666893661 -1.777175423374445 -1.4722869119573119 -1.2199770851250662 -1.0418756247109617 -0.9577915458154176 -0.9090731371748428 -0.8247546024563013 -0.6822796053243554 -0.5179890057961583 -0.4019633221688732 -0.374189396319208 -0.48008213941171984 -0.7097402264014372 -1.037443326223468 -1.5002702261649281 -2.161471816301521 -3.016652339178214 -3.943272065793959 -4.820619709103073 -5.573154820732942 -6.172648128792831 -6.580966414708932
-2.7129163899424236 -2.8533731963536555 -3.094062240778687 -3.544005301932809 -4.425903175569701 -5.482499197145948 -6.530434893741749 -7.512932587425757 -8.344690185806085 -8.904172523549478 -9.011142135750477 -8.607778890514265 -7.8679894922867515 -6.976854651338499 -6.085393237253276 -5.248559916086657 -4.491707515371546 -3.8255180400417137 -3.24712123892546 -2.7221953729086903 -2.272315269416393 -1.8931654867876397 -1.5399233453425865 -1.221090874505438 -0.9735321627177176 -0.8416287487683043 -0.7852571805077684 -0.6960704665676269 -0.5458509207248579 -0.4219912950662197 -0.3570450230750719 -0.3607163867530998 -0.49944833272467903 -0.803695549850671 -1.2830060629290365 -1.9144693897998226 -2.7020138365459085 -3.608438663023498 -4.570009332153775 -5.502701562341369 -6.328255696106671 -7.00000337235743 -7.465105329345494
-2.8657156818083447 -3.097049470071666 -3.4771514708878555 -4.059708217705516 -4.864009023516531 -5.825376693568352 -6.840581774039695 -7.847521205234296 -8.796675013567874 -9.564014500424642 -9.714724007846032 -9.055525876757494 -8.108329535408078 -7.131611904871372 -6.195256607341568 -5.340444236243888 -4.586400137334054 -3.9410133430005785 -3.3834719120273613 -2.873470532771526 -2.4330636768990184 -2.0492037228944717 -1.669366942950361 -1.2872207381704586 -0.9541881491257849 -0.7847783044250409 -0.7493138890548048 -0.6716995602297766 -0.5478650783730359 -0.4614858184123989 -0.4327269524522501 -0.47354344452758923 -0.6352060836582609 -0.9795659749232106 -1.5276990194225113 -2.2840434706394515 -3.1808911630789902 -4.163895706001827 -5.18868585827748 -6.194515449760771 -7.111443147205311 -7.880854707260607 -8.42750797076982
-3.0224773057185867 -3.335274027955591 -3.8093617033301324 -4.430030735457019 -5.192662655425576 -6.071837165549121 -7.015177819335962 -7.978027907271953 -8.930960299023969 -9.855175099228042 -10.151600273765368 -9.116735139472917 -8.088591330184068 -7.094884120635303 -6.155764857525393 -5.308418287874902 -4.579836625312857 -3.9792396944355852 -3.464483787032657 -3.00878692403368 -2.6196654832419735 -2.268496670785586 -1.9012200627923486 -1.4797533182520666 -1.018988146663181 -0.821569566273503 -0.8696209607636587 -0.8235499409475322 -0.7120188080270085 -0.6335758335950468 -0.6144593769099451 -0.6751069384407389 -0.8480880687873489 -1.2123938949455497 -1.7898905718725073 -2.59179314782032 -3.5815119776671938 -4.644813650085067 -5.743043516500169 -6.832000115951579 -7.856304689252968 -8.75964541357513 -9.439367114316479
-3.144461269739692 -3.5134100483302433 -4.032488314032792 -4.653356368658077 -5.370226449507601 -6.165428629922236 -7.0034210774388335 -7.841831483848074 -8.627038587809599 -9.238165788697387 -9.271419723238134 -8.617606406732474 -7.74395538889442 -6.832436148061173 -5.94513814277901 -5.132921174969373 -4.451388063701643 -3.9168331746941942 -3.485877695402847 -3.1348195386238955 -2.8471811931378337 -2.5764164166765964 -2.2776254218094545 -1.9006404006467665 -1.4806722571331612 -1.2761057540079013 -1.2698735811238175 -1.1753312380501093 -1.0217763119737153 -0.9084808558078543 -0.8664520834337126 -0.9222631882724248 -1.0984841224715254 -1.467544668504471 -2.054915645951724 -2.8643346776954113 -3.8902048988701563 -5.024096801717617 -6.187303207574046 -7.348725577506962 -8.472170276319856 -9.52990694209797 -10.436605720196134
-3.2123621134339877 -3.6102545578052085 -4.139898434298881 -4.739974944449884 -5.40164882124993 -6.105770051425567 -6.818569634476886 -7.49211790541368 -8.053846541821876 -8.379192889887106 -8.318182073522683 -7.873934511024219 -7.1857181759632045 -6.3898165083886544 -5.5709428494534246 -4.799913629705121 -4.16842744153112 -3.7208413882179903 -3.4290821952516404 -3.2524821767221503 -3.1283978817426252 -2.9960969012503127 -2.815168015646731 -2.5574943063868076 -2.2677298225126257 -2.054102382484804 -1.9008374210221302 -1.686943960224053 -1.4357807820673458 -1.2398078736905154 -1.134197794550397 -1.1536516246577029 -1.3198460526677698 -1.688171858549913 -2.286568308089455 -3.1000670231060083 -4.113381975803149 -5.2846505672067146 -6.48818875048666 -7.6863714116118045 -8.85486615706801 -9.993923567029748 -11.10334262528717
-3.229006872047968 -3.634573441011515 -4.154446536321389 -4.722748442438048 -5.324573132758947 -5.93687237734717 -6.524557911024116 -7.038700606898114 -7.411699598822668 -7.5626428022745795 -7.480560126897439 -7.12821892240191 -6.5584503442865785 -5.853848136276385 -5.087641858653749 -4.332935455982379 -3.71459948796426 -3.36556264512983 -3.2935401212802358 -3.3738338860799706 -3.477618997660757 -3.527538421701942 -3.4961158334192106 -3.373264329372817 -3.1638555411638105 -2.935638564225453 -2.6680784764750207 -2.3183299253135488 -1.9314591084795265 -1.6086321609911187 -1.395517963570743 -1.343401981524007 -1.483275258804618 -1.845485597678974 -2.448443074782776 -3.2611232870160416 -4.260448505222183 -5.4217443002227075 -6.633465286359589 -7.819159691806461 -8.951576270093405 -10.016511723286435 -10.95874930242909
-3.193649712816776 -3.5929977069634864 -4.095985664355165 -4.63085643603395 -5.1752733635032016 -5.702489727719348 -6.178585203294183 -6.559625490740456 -6.791420575085234 -6.836307396559247 -6.723749933835759 -6.413039855040886 -5.9257457978846215 -5.306406627032859 -4.600777886667769 -3.854631264239898 -3.167753094999778 -2.909097326954036 -3.196851863347441 -3.580787469773898 -3.912880292797699 -4.15046355606424 -4.270815779994612 -4.26806808013013 -4.137923965111517 -3.8998163609790972 -3.5233692618691177 -3.0332221539370936 -2.4878771347947257 -2.0009655774689037 -1.6319581540580614 -1.4676833181957734 -1.574207119989659 -1.9414802211482582 -2.5486914981084645 -3.3492010158780787 -4.316956442582728 -5.432539837885755 -6.630632868552576 -7.766804503039182 -8.811987990000581 -9.787274985654674 -10.594608868412394
-3.1101437325531522 -3.49649442197806 -3.9865035510352502 -4.4933480537611725 -4.987592480743684 -5.441684958376154 -5.825419307443401 -6.09896117863947 -6.19880490293904 -6.167318823883125 -6.0333318506036235 -5.757248100393433 -5.343683496121244 -4.819158885583612 -4.213136169904953 -3.551051952313582 -2.8559565893995944 -2.6753628474032687 -3.3273984071108065 -3.9360056855556906 -4.4645416274960406 -4.879520790623947 -5.144666095727415 -5.235362338761577 -5.153781285006512 -4.896139091003776 -4.432863274680769 -3.805706128573906 -3.0950057132649 -2.4237340475263447 -1.8478143266062501 -1.503065051860022 -1.603895431493052 -2.006540307661872 -2.613567259685759 -3.384675657125526 -4.300782946864739 -5.344549966905745 -6.485865091356618 -7.569872735726196 -8.566742252890162 -9.48665429128398 -10.245261304532516
-2.9854636931899066 -3.3643555571472685 -3.8557554087268158 -4.342277950058237 -4.7935970716612255 -5.186691285782106 -5.490433338669025 -5.648192917299651 -5.642374608489207 -5.557909880664211 -5.408358148500953 -5.168505420292871 -4.830767875327484 -4.418363479921941 -3.963788450934 -3.5160098022437243 -3.1865291504576216 -3.2532062005325715 -3.778733308005172 -4.4559924084664315 -5.1267317469760805 -5.707628049973136 -6.119450457380401 -6.2938771900813855 -6.215277800575053 -5.889847733472016 -5.326818908252126 -4.594643369659994 -3.74657185993127 -2.9136838263496436 -2.148848694598274 -1.4585551273955777 -1.6988161638967374 -2.11318672034053 -2.6803254958993485 -3.391169059038173 -4.232627693981797 -5.187488859441815 -6.2331797756395355 -7.286255387656555 -8.282244779406662 -9.177788342515203 -9.92683140661472
-2.8282075664248483 -3.2452799459661517 -3.74687037373529 -4.210765958466308 -4.620673798643384 -4.956177446297504 -5.163120091927604 -5.219783523355175 -5.13464266084104 -5.007333230490907 -4.843829186821726 -4.637704013036256 -4.375576735969643 -4.080906947625247 -3.794066973116487 -3.5780851447921282 -3.5377725726974147 -3.773678813499722 -4.307535215051973 -5.032757879595677 -5.829147341904479 -6.589343743212717 -7.180080799765214 -7.44466939229593 -7.317109724309747 -6.841200449148194 -6.149400747428459 -5.319994317843128 -4.402672265236629 -3.4802401473211804 -2.6787185606516846 -2.13680396187486 -2.0615349596546713 -2.3115358450194825 -2.768196023974219 -3.382250738134324 -4.127736056884627 -4.981541743255494 -5.927740108082105 -6.962587783700383 -7.9651902599533475 -8.867384102747955 -9.625997134571763
-2.9097451986786984 -3.2523384145564185 -3.703951224266831 -4.123809498381793 -4.4859169576059665 -4.7394458426899755 -4.856197169053996 -4.827400663679797 -4.677992067044225 -4.511155836220773 -4.331975433499389 -4.145792320346634 -3.9498739863691457 -3.7593583103181976 -3.616958939259394 -3.587293004025626 -3.739903555314058 -4.112151526822167 -4.7182544628011245 -5.5196468818964455 -6.449042230618118 -7.421391598916079 -8.278682393761713 -8.680036593840107 -8.38760938411271 -7.681123343136861 -6.821763308323028 -5.9059238446665425 -4.961853497975184 -4.030726868095522 -3.234241473204949 -2.6931504996988007 -2.462280208361268 -2.5378131943063473 -2.8558764152770286 -3.353581659531873 -3.991547546109146 -4.739312509654494 -5.616007249178738 -6.622084135110685 -7.61856703689627 -8.539141938712044 -9.327740839077055
-3.123113206244102 -3.3657879457675755 -3.726556608713899 -4.0857906942680104 -4.376261666242862 -4.543687347583806 -4.5796565224327646 -4.4776334283857055 -4.271278263121197 -4.063116490080299 -3.8606596868823564 -3.675366333745762 -3.522837039112393 -3.4092569286294747 -3.3773970188263123 -3.4856915898827046 -3.7641673055549054 -4.241275838591449 -4.921823886794159 -5.795392731900656 -6.832356096083029 -7.9959405403579975 -9.223810488478854 -9.951562312892595 -9.209248076509201 -8.240597059622571 -7.254808733483845 -6.280677152490483 -5.334818738562821 -4.435559860197852 -3.653229578087114 -3.0758392649759085 -2.7500183439318997 -2.70637423866967 -2.9038831469647874 -3.289573878205653 -3.821716545144032 -4.473556591903383 -5.299203287738478 -6.277299361346902 -7.256599857957291 -8.182862158101226 -9.010168568226778
