_RESULTS/CROSS_VALIDATION_POSTPROCESSED_80-20/MHZ/TZ/3comp/2/MHZ_TZ_z_90_kriged_reverse_3comp_spherical_2.asc
ncols 100
nrows 81
xllcorner 5.5967107548124995
yllcorner 50.982328804812504
cellsize 0.00017565037499993607
nodata_value 1.7014100000000001E+038
[rows 57 to 75 of 81, columns 0 to 43 of 100]
9.636060008629553 9.890142872808362 10.214433046759714 10.600595074966732 11.022740510596108 11.450640589389637 11.87588681045655 12.288705533754307 12.677099998484003 13.026015291073737 13.3165842576928 13.525910598946322 13.628428552749494 13.600353305796222 13.427897739823525 13.116534035764351 12.694854626690569 12.197774587938529 11.638362121160641 11.058612886008177 10.48412538965541 9.934911745650387 9.436485647623384 9.022573451871112 8.69355966574737 8.446965926659244 8.280654764928107 8.193407659143121 8.18514097072343 8.256878542523172 8.413755088365669 8.698760759935832 9.092786797478976 9.574824573099386 10.128983257928436 10.761793758010205 11.456700180611964 12.188054803568619 12.894960684827309 13.314527739056398 13.37631189449329 13.077911823714258 12.469626480549264 11.595181663222299
9.512577834071141 9.77835468629658 10.118765300497804 10.531291263299378 11.006996744753037 11.511558821946144 12.030788120134487 12.556234696147946 13.076855240571165 13.5775078786739 14.036923279164151 14.425425842410059 14.703811533503966 14.826970434952734 14.757033891028016 14.484508341000552 14.039746526729695 13.464196902044028 12.813323839156892 12.118590880810629 11.424967328632667 10.764607521196533 10.183717956182365 9.70156453571822 9.315941977590116 9.02339834816065 8.820588853368974 8.704976204727007 8.675101533808775 8.730565740146265 8.872122182231323 9.14669318157921 9.549206313535596 10.037462039114875 10.60818488540982 11.256148999316972 11.956474130259027 12.681071337311883 13.399394721463697 13.907188427673587 14.053766845965812 13.835683785188833 13.296408608368122 12.484101478938122
9.404485172562344 9.697246848129282 10.063364493271305 10.500841949350999 11.011748110840394 11.586334598801077 12.195129040088872 12.830856697498621 13.485093439233129 14.145021310842635 14.790180047403863 15.387318076940518 15.883735123783115 16.204194226242823 16.266679752031273 16.029760892697333 15.513450542987275 14.796734505798659 13.985283220176406 13.151189689014236 12.33053895071684 11.563846867789469 10.903849713065226 10.356055097139832 9.916720581037627 9.580933585523965 9.343992086474083 9.202103052580819 9.152639905621724 9.19409612181323 9.33367247936998 9.62054783430007 10.030041138276156 10.532309701369813 11.129226320721806 11.797688470943873 12.508057886441781 13.228615659287765 13.929313132561663 14.524409752981867 14.777748759244384 14.667744804250194 14.22360692293144 13.501267316352509
9.30136372990602 9.614534762871997 10.00716233619929 10.478651952025926 11.029078228125694 11.658706265995376 12.352169823603425 13.091165654472487 13.872918604960866 14.69054945676646 15.5292007165021 16.359571315530545 17.122461723463857 17.706376785484625 17.943488058835598 17.700408341406316 17.02071451805557 16.095411310558415 15.086517078614886 14.088538655265587 13.143093060825167 12.284013711312678 11.55319875719789 10.947872850004808 10.462011276058172 10.089009482681364 9.822859275810153 9.658725976545906 9.593138975263875 9.623901875573408 9.772551661089805 10.084587384857508 10.525814362336105 11.057107309999042 11.68564838950441 12.381269920935022 13.106824374705697 13.824216843586063 14.50264646517972 15.120396336095274 15.495883808950248 15.51607115760921 15.198433748309261 14.596656284407178
9.200684105422214 9.5266914741097 9.936897927251092 10.431888236546097 11.013112561701357 11.68252065067135 12.442017104957081 13.276327609820965 14.173835222160685 15.13355933624267 16.149995120873204 17.207169974303287 18.26257787206354 19.19955983955003 19.713085043580257 19.401614822306872 18.43711959860391 17.240475077697482 16.02231507784938 14.864217963911171 13.799279896579323 12.870967503400877 12.08655322307049 11.438201385465668 10.917630874800118 10.516817785330014 10.228815341539095 10.048155154573932 9.97096420187517 9.994943798246316 10.159900496231353 10.500055081377198 11.00840939906014 11.599734733761679 12.266286106345763 12.99831521161894 13.74628825586537 14.459131275829504 15.104226534607278 15.674009275068398 16.14013513564521 16.30604814673532 16.14883029210453 15.709574889051286
9.101309573563315 9.432200725904002 9.850497794502628 10.357584398452268 10.955851514765005 11.648403200334469 12.438729295831294 13.330311050172522 14.312696086827604 15.377046316603604 16.52592764616239 17.75941538316005 19.070395819080836 20.417827489413447 21.498220819775003 20.942599546701313 19.51090873691113 18.051731021176288 16.674390722103965 15.405899897006888 14.25873950546796 13.277438579843714 12.462703809390764 11.79178547301488 11.252412587302874 10.836023268283954 10.53543246363248 10.345114986389335 10.261302470916467 10.28407324223397 10.46751829125348 10.852597478495436 11.428673968327494 12.103671366935146 12.848959990168385 13.633599028109987 14.417717507052338 15.122542909213053 15.710154968913258 16.20256047098541 16.63311277001013 16.94428723353555 16.98575297225383 16.77020848014586
9.003571830071406 9.331320234228523 9.748075314908213 10.255544077558564 10.856466738453038 11.554320846735418 12.353000539238677 13.256433364292871 14.26790018967533 15.384353724283251 16.593862636087035 17.89677385690641 19.28503696821459 20.72264629397823 22.0143974723283 21.360567632916084 19.838309133795022 18.34517861377262 16.944482069130864 15.65376804365094 14.48664262926333 13.489664428223891 12.659435870535576 11.981763803753692 11.441625747397381 11.023584621532938 10.720698442272461 10.528026855706996 10.442378789668554 10.471189944181688 10.688455587771053 11.119215936555763 11.753214362960703 12.501908905869891 13.342858783076949 14.241037767642489 15.107416928403461 15.801016368572752 16.279957416243267 16.650852355237273 16.995106687579238 17.344952050847677 17.60810288621773 17.65991988956836
8.90927668927326 9.226111043503918 9.632018826131318 10.126992696451985 10.706974783655497 11.377269877227638 12.14456976814305 13.015065119348485 13.993414293668732 15.08108213679866 16.27273024927302 17.531018937958432 18.799693460219483 19.95409365809549 20.64430445055186 20.3596757958205 19.33760967151214 18.08340834738306 16.80923272728507 15.590708553215249 14.467706234543392 13.498467162685612 12.683704291881023 12.013347427726378 11.476979165290999 11.065037112125824 10.76921194386163 10.581405644757158 10.507439153379268 10.561467124511571 10.80984906034626 11.275932084345648 11.94858843482119 12.745470061326348 13.65698493017043 14.67065546826721 15.724334883737898 16.454438243120826 16.727197671321953 16.95202860035655 17.218369834827328 17.53320390333277 17.892837981126327 18.20859614252633
8.821635155127675 9.115412860675775 9.48160804980012 9.92433936068683 10.44915509941333 11.062080034913677 11.769050703008912 12.574950643403671 13.481981882169567 14.482087033216825 15.55546284942837 16.66510498592163 17.73738133704012 18.627104043802518 19.111262773610985 19.00394984524833 18.362497249821473 17.404469885007327 16.329986535866254 15.2466797181501 14.21626543547002 13.310463061216476 12.538710849409812 11.896972771110711 11.378880009125023 10.977882976722235 10.693744015912607 10.526282152802706 10.475550875668555 10.551683955542995 10.82107138099193 11.307289363704601 11.989947494357326 12.79366678341943 13.71605257621421 14.754954302425102 15.893767525830608 16.6655689398963 16.82577523420398 17.01135988972733 17.247268852582355 17.53477059202861 17.872780722237007 18.259549234159426
8.72294379908472 8.956626685934992 9.259958394699293 9.636916922609833 10.092270189381281 10.631175179866583 11.257257716870404 11.970976312031622 12.769374776251057 13.642103472550893 14.566530723868876 15.500364212998226 16.371777594879333 17.072230678656624 17.471604287122002 17.478721715935905 17.10472736706552 16.443724743336496 15.604133780217152 14.680678051810384 13.768583327856826 12.948746143079134 12.24009634397875 11.646643570481626 11.168099160395409 10.802782203413164 10.549102954941445 10.406497743065028 10.376074496658942 10.466806695392863 10.74387618379852 11.23293721314093 11.894002878726539 12.662754377647916 13.530487725939407 14.47062636462278 15.394517478598441 16.07785584369007 16.452659828041654 16.720007296376803 16.98162405737022 17.264707741307436 17.572038084861973 17.89088660798791
8.582265990404329 8.747983580899668 8.97964014869605 9.280019318452643 9.652382052289898 10.09993742688302 10.624952287733919 11.227357449040646 11.902670359558632 12.63903304272776 13.413234074551184 14.185990703195845 14.898124651732447 15.472315452902171 15.82802619131763 15.91078127844772 15.716560655809234 15.287319916808356 14.684682984174103 13.967343710496325 13.19130895959024 12.472265325951696 11.845424150929512 11.317754260820323 10.892083214304549 10.569263234670718 10.349641238267852 10.23405739989996 10.224529010577065 10.327452958919968 10.603378813610906 11.080466943906298 11.692423040310086 12.394454339862657 13.168376645657723 13.975290071393513 14.739832537227246 15.363913465803869 15.816026065088412 16.156333060086606 16.448401503708425 16.72268085169195 16.98286984645519 17.20923209243098
8.392581681881541 8.484730546644693 8.638088946028686 8.85444750777049 9.136166349907239 9.485643667579126 9.904440014888667 10.391949465871257 10.943518949030697 11.547986312425579 12.184810679984134 12.821443450816716 13.412476640342808 13.903151457219131 14.239493438311623 14.383228663514824 14.323275240189789 14.075688806802155 13.673441541913384 13.154513460675272 12.555569650747318 11.946648275847306 11.401678857690827 10.941462975707145 10.57091002123162 10.292779179439139 10.10898704744354 10.021544425189104 10.033204102882392 10.148174618416109 10.41641718976683 10.864041774080398 11.411152163712018 12.031292575902357 12.702776867508014 13.38971473575749 14.04104558086361 14.605650552613927 15.062268217547064 15.427254684732539 15.729092214613738 15.985702189843664 16.197227087084457 16.34412812347432
8.16520404075581 8.180111389875105 8.25190292797087 8.3815379517391 8.570720173601583 8.821405098787059 9.134994919982889 9.511143180053582 9.94613289742924 10.430900661585985 10.948992853785636 11.475087072294903 11.975135070106706 12.409369181245482 12.738699162588423 12.93298889975985 12.977543828877986 12.874487781525017 12.639017932850571 12.29347407804399 11.862156604362449 11.3938236016992 10.93545018253446 10.540284990056522 10.223955436170344 9.990424801690756 9.84272765429194 9.783766708703629 9.816879222501257 9.946183490127806 10.20367931010709 10.603744471389664 11.078691781059224 11.613331707415393 12.186805260587514 12.770123281134808 13.328525699088742 13.830310404449516 14.258289101182351 14.61273347199891 14.902507177360194 15.13366600752942 15.302543070688602 15.393187204278963
7.915464787693471 7.8515114099042504 7.840968637556403 7.884152061505098 7.982372300971161 8.137506667724924 8.35128567334666 8.624231506685245 8.95424323184781 9.33494470689887 9.754098561258786 10.192611534438733 10.624818521013403 11.020647409355275 11.34971255804272 11.586385805237992 11.714049104390428 11.72691009224225 11.629043058573371 11.431649949263496 11.149924995814834 10.812353040002638 10.466631360368794 10.13539982304732 9.870220093943887 9.679545717120565 9.567109428812405 9.536448337448174 9.5913751019416 9.736276709806223 9.982985647868135 10.319670668170476 10.720691273193166 11.171979631019461 11.655052519780988 12.147039339429242 12.622924956835032 13.060264546054784 13.444103226370762 13.76825932467468 14.031788092875686 14.233445795218842 14.367416137480426 14.42168253866411
7.6586259595539055 7.515828478347014 7.424105691153082 7.383290246853131 7.3945199832638036 7.459887786974438 7.581817217047259 7.762093663219711 8.00054913652092 8.293535451617563 8.63249894619409 9.00311770115983 9.385486609804873 9.755659628460602 10.08845871107096 10.360934441940417 10.555487713875529 10.66174054505015 10.676794128919179 10.604164014527838 10.452025135800731 10.23389358674752 9.993030655918059 9.745628100119513 9.527283376294468 9.376701593670981 9.298005202462313 9.295164008288975 9.372397407078266 9.534441741454305 9.758646514663672 10.029880162950343 10.358354010315079 10.730761691898449 11.131101308749203 11.541045910476491 11.941494357527672 12.315082462428132 12.648502462178426 12.933148625037461 13.163623788042239 13.335119442840623 13.441198222664132 13.473060640855694
7.409523803185253 7.189017866655736 7.018520683451035 6.897476009382228 6.826986416625166 6.809555773860246 6.848549321799374 6.947264628510805 7.107586928600969 7.328383516440262 7.604012949079578 7.923443288962345 8.270379296544341 8.624522949896695 8.963761844808198 9.266806005553843 9.515655471084381 9.697347296647523 9.804695385306509 9.836070196300579 9.794498824837909 9.686423860217468 9.536642353040522 9.375084923080026 9.210781880801742 9.097058658808399 9.050260375759548 9.074653003511274 9.174826342395825 9.348825757997929 9.541077888881228 9.74985975947223 10.008718757014956 10.307438952573156 10.632118566697551 10.9676623624444 11.298748721949408 11.611193494283693 11.893136830265375 12.13543084472751 12.33103851785309 12.473864821821193 12.557754968113377 12.576293603674202
7.170637846408447 6.8859301687761985 6.639653915480405 6.442652973507014 6.296022647090189 6.202766923822749 6.167364187449815 6.194843213601481 6.289266182508259 6.451799341038347 6.678926669842156 6.961499275326655 7.285005865654896 7.630939580781125 7.9788226361226275 8.308415911380694 8.601722520748401 8.844493071002171 9.0270654897493 9.144524326010353 9.196295594168785 9.185358321120177 9.119987832757861 9.032907715917876 8.934055525883855 8.85419871632635 8.83743639886691 8.888540196898969 9.011760765082222 9.168672098100519 9.330653634374562 9.49268495527508 9.685469042740664 9.91571587009533 10.171164982461292 10.439020210097457 10.706521162907663 10.96170104769338 11.19404138717221 11.394745414118521 11.556551036059105 11.673275598082807 11.739448653284835 11.750363053280937
6.93677706558545 6.615153424447125 6.30139535161727 6.032540317638235 5.814852038486018 5.651799667552608 5.5491016468899845 5.513840235405341 5.552617968593405 5.668916885480669 5.8606342765395985 6.119058302004012 6.4296991476690755 6.774276173078919 7.132921613989252 7.486108755435891 7.816195106962433 8.108568418946764 8.35236725203834 8.54075727991491 8.670792016023825 8.742934189177634 8.760336333332825 8.73788389389079 8.700895594891175 8.660280692831561 8.671907947642362 8.74941964863558 8.869277814132467 8.998754583013584 9.132639491479177 9.26521854103236 9.39975694030842 9.56642613280593 9.758439551580867 9.964655396909341 10.174136889885316 10.376579079358837 10.562693372584306 10.724418109107345 10.854919803753713 10.948475222857127 11.00040444820535 11.00721439818295
6.717484696418981 6.364173056908252 6.0129017604575745 5.6793738808227925 5.394671272381888 5.166216040100049 5.001014876275335 4.908749277553286 4.8995078251144975 4.979693808950934 5.147985185460354 5.394265035858552 5.701983671327538 6.051602177455857 6.4231692013294515 6.797815687711004 7.158659740267319 7.491460644179469 7.785096480249698 8.03182286731836 8.227269668516161 8.370172966894856 8.461876099734889 8.505752699219949 8.522403782819461 8.526474446397533 8.565243827634255 8.64614117144245 8.740657099349109 8.844290628312834 8.952259308771824 9.059471634988434 9.160628840068917 9.268394971202623 9.402096875438026 9.5520928776152 9.70878499120831 9.86315868920605 10.007016720887172 10.13314339545061 10.235380476889375 10.308655033128382 10.34903704995392 10.353897881372058
