_KRIGING/CROSS_VALIDATION_CLASSIC/MHZ/TZ/train_5/MHZ_TZ_5_train_z_250.asc
ncols 100
nrows 90
xllcorner  5.6208707817415728
yllcorner 50.959635321741573
cellsize 0.00013419651685393446
nodata_value 1.7014100000000001E+038
[rows 60 to 79 of 81, columns 0 to 45 of 100]
24.3870049303989 24.3628407127748 24.3377086096248 24.3125802902919 24.2885751336193 24.2668801484905 24.2486510717405 24.2349047643673 24.2264150519718 24.2236241365687 24.2265794643114 24.234901770636 24.2477847051783 24.2640210521855 24.2820462977983 24.2999881846615 24.3157115717945 24.3268514582571 24.3308328896339 24.3248835436739 24.3060515865616 24.2712462559258 24.2173200621485 24.1412084725623 24.0401351739415 23.9118791749699 23.7550858022126 23.5695896088219 23.3567063682578 23.1194465401979 22.8626058974026 22.5927009204912 22.3177357622808 22.0468109092912 21.7896067457463 21.5557934305234 21.3544281261713 21.1933998918195 21.0789721278797 21.0154552653715 21.00502277497 21.0476660336813 21.1412714967526 21.2817983156192 21.4635351224219 21.6794185741884
24.4018588157003 24.3808172713666 24.3590064304567 24.33728291797 24.3166261548435 24.2980668867222 24.2825997834728 24.2710889877073 24.2641770802994 24.2622077143792 24.2651700280556 24.2726691893138 24.2839227654307 24.2977780323402 24.3127419127168 24.3270138670501 24.3385133037698 24.3448969469331 24.3435675467134 24.3316822433574 24.3061753059972 24.2638142010449 24.2013084647495 24.1154865847771 24.0035467456971 23.8633736096234 23.6938971664361 23.4954539745478 23.2700992771493 23.0218138727008 22.7565546646611 22.4821132233534 22.2077709607727 21.9437689324311 21.7006395065864 21.4884703510622 21.3161834489782 21.1909104194596 21.1175305141354 21.0984125029784 21.1333716628843 21.2198244330718 21.3531013831841 21.5268672113936 21.7335950546332 21.9650494011226
24.4020312282104 24.3813023313637 24.359900004656 24.3386800718129 24.3186127586398 24.300710541119 24.2859410160053 24.2751336987882 24.2688910484798 24.2675136084468 24.2709468604015 24.2787535617815 24.2901107127816 24.3038258766743 24.3183644139361 24.3318781755683 24.3422278427203 24.3469953788538 24.3434893693265 24.3287532053136 24.2995925598979 24.2526426617394 24.1844958819535 24.0919049806354 23.9720667157782 23.8229752255496 23.6438167247319 23.4353597874736 23.2002826655382 22.9433744787752 22.6715534731084 22.3936637324498 22.120040120992 21.8618656377015 21.6303796677173 21.4360229926218 21.2876199256484 21.1916960175585 21.1520112940487 21.1693573823104 21.2416284309933 21.3641379964326 21.5301240862456 21.7313671541253 21.9588426839627 22.2033394914597
24.3875399108282 24.3643445449147 24.3404786482593 24.3169116494844 24.2947347522841 24.2750787447017 24.2590159322692 24.2474564050904 24.2410502740879 24.2401068974761 24.2445394126427 24.2538385105987 24.2670741847098 24.282919270162 24.2996851292299 24.3153587869972 24.3276327079806 24.3339231661773 24.3313801001589 24.3168991770538 24.2871538055138 24.2386691563349 24.1679601441717 24.0717495997126 23.9472712300497 23.7926453440071 23.6072959635266 23.3923593024565 23.1510198426948 22.888705473101 22.6130804057925 22.3337948263786 22.0619817329572 21.8095296288043 21.5881979350017 21.4086725953297 21.2796756262324 21.2072401429295 21.1942412341531 21.2402365680514 21.3416257041176 21.4920923826615 21.6832578577239 21.9054516871494 22.1485018552257 22.4024574518075
24.3578134400415 24.329290027214 24.3000113311706 24.2711794500198 24.2441413004788 24.2202865943224 24.20092720449 24.1871707737843 24.1798030947496 24.17919294621 24.1852296678787 24.1972983200758 24.2142908476945 24.2346455961654 24.256403197222 24.2772653718399 24.294645178361 24.3057025652414 24.3073669360571 24.2963573175807 24.26921871153 24.2223982266532 24.1523847604539 24.0559300679066 23.9303567500902 23.773941043146 23.586337722221 23.3689946413745 23.1254898414811 22.8617191197352 22.5858696809513 22.3081370396159 22.0401759022903 21.7943165395895 21.582619023081 21.415870545636 21.3026485918892 21.2485703598833 21.2558258982997 21.323052607629 21.44555939679 21.6158592273486 21.8244281914942 22.0605845821134 22.3133758450692 22.5723739200736
24.3117910191256 24.2749008030808 24.237084365434 24.1999039480567 24.1651057948909 24.1344877602621 24.1097436846625 24.0923014713185 24.0831739450318 24.0828404627 24.0911728280831 24.1074120272356 24.1301939668509 24.1576144690388 24.1873179812859 24.216592174779 24.2424525359537 24.2617070616535 24.2710002301041 24.2668457821107 24.2456672817264 24.203871591571 24.1379812494044 24.0448459404842 23.9219405952508 23.7677392522862 23.5821323256767 23.3668341891651 23.1257126614684 22.8649665530209 22.5930852354037 22.3205463150616 22.0592420762269 21.8216674752774 21.6199447665753 21.4647939254189 21.364576332206 21.3245368122963 21.3463452761986 21.4279975767081 21.5640833379038 21.7463761426864 21.9646582781778 22.207665689915 22.4640325424561 22.7231281170341
24.2481179251328 24.1995867321619 24.1498708878251 24.1010309108388 24.0553674925823 24.0152472794481 23.9828988140597 23.9602012101884 23.9484909863448 23.9484110475254 23.9598200255269 23.9817709553074 24.0125572852811 24.0498136814967 24.0906511930544 24.1318028336862 24.169757378739 24.2008659858052 24.2214168646928 24.2276855336273 24.2159795877757 24.1827047012415 24.1244805267467 24.0383298491412 23.9219516185888 23.7740696315001 23.5948264380133 23.3861705910942 23.1521693682709 22.8991731739776 22.6357653184171 22.3724528584782 22.1210888005998 21.8940582460661 21.7033036133815 21.559298452055 21.470097915877 21.4405917169256 21.4720614282545 21.5621019810069 21.7049146515415 21.891925563824 22.1126395951577 22.3556122518684 22.6094154628719 22.8634867871019
24.165425599267 24.1017377519723 24.0365167352021 23.9724702128502 23.9126201338922 23.8600743075304 23.817759429207 23.7881454578662 23.7729950356806 23.773169815324 23.7885180351912 23.817855608703 23.8590385735952 23.9091107961204 23.9645001637557 24.0212313320305 24.0751245161774 24.1219575878399 24.1575812944601 24.1779921968959 24.1793818170138 24.1581904206123 24.1111973196014 24.0356750867212 23.9296225449118 23.7920722904487 23.6234458252062 23.4259073196367 23.2036504366539 22.9630461021242 22.712585918285 22.4625771313642 22.2245788079284 22.0106102534215 21.8322044531142 21.6994131327009 21.619888398858 21.5981639114067 21.6352352115952 21.7284976878875 21.8720490485132 22.0573106995694 22.2738788096288 22.5104887111663 22.7559695871626 23.0000797125249
24.0626770983584 23.9801335115333 23.8956160237376 23.8126364336325 23.7351136097527 23.6670777767726 23.6123253568899 23.5740633682893 23.5545873597359 23.5550345664146 23.5752442924895 23.6137419279889 23.6678443090752 23.7338659241082 23.8073913395446 23.8835719571799 23.957406197051 24.0239711135937 24.0785883724623 24.1169253200484 24.1350488709351 24.1294625440287 24.0971623798813 24.0357441121839 23.9435818558314 23.8200793875442 23.6659720406382 23.483634672725 23.2773339683811 23.0533560377171 22.819946073356 22.5870167066571 22.3656138001957 22.167167980228 22.002600245649 21.8813825165804 21.8106717823742 21.7946348419986 21.8340585552917 21.9263013469168 22.0655924151169 22.2436348711559 22.4504271799175 22.6751911450905 22.9072881334276 23.1370179549326
23.9395482451946 23.8343952126844 23.7267355773577 23.6210447951963 23.5223169921721 23.4356886505337 23.3659997462216 23.3173422448566 23.2926522723425 23.2933994315962 23.3194144827493 23.3688767874844 23.438459090752 23.5236038982984 23.6188874107744 23.7184171828668 23.8162101054232 23.9065075680628 23.9840023881308 24.0439735069439 24.0823451528355 24.0957029883246 24.0813075216187 24.037143117575 23.9620294231077 23.8558028447941 23.7195523373195 23.555870697652 23.3690647090459 23.1652592750343 22.9523351868054 22.739658248502 22.5375873123357 22.3567858070576 22.2073989459216 22.0981894643793 22.0357416766598 22.0238424056311 22.0631270240029 22.1510425054588 22.2821335216182 22.4486107885501 22.6411217608781 22.8496192920449 23.0642176694643 23.2759372614985
23.7968037674513 23.6654314283907 23.5309322649224 23.3988989194503 23.2755723184123 23.1673719344349 23.0803482774399 23.0196201624799 22.9888673754062 22.9899458797002 23.0226774728027 23.0848410943023 23.1723632138047 23.2796754856154 23.4001847201163 23.5267874894293 23.6523614661917 23.7701774091628 23.8741966910304 23.9592448651174 24.0210767662751 24.0563681913998 24.0626797174766 24.0384379260514 23.9829684873873 23.8965964135833 23.7808050573481 23.6384218080148 23.4737798372947 23.2927959900294 23.1029078827302 22.9128292106883 22.7321093721284 22.5705174979301 22.4373056397589 22.3404342680459 22.2858591119785 22.2769776453018 22.3143153371467 22.3954989215977 22.5155223092468 22.6672681625726 22.8422125189993 23.0312174815442 23.2253112612721 23.4163655750539
23.6366185202229 23.4758188077558 23.3111947489085 23.1495926713946 22.9986527651084 22.8662345092066 22.759747224898 22.6854624830082 22.6478950389582 22.6493347813902 22.6895936019046 22.766000901013 22.8736449964591 23.0058218084322 23.1546236276263 23.311584742054 23.4682997566334 23.6169440078509 23.7506501194808 23.86372505741 23.9517218775799 24.0114041067358 24.0406542920506 24.0383798114223 24.0044589840885 23.9397513756211 23.8461720163241 23.7268049522372 23.5860120749648 23.4294827226507 23.2641707992309 23.0980797284382 22.9398796710788 22.7983720548435 22.6818478931558 22.5974122686398 22.5503620681544 22.5437038902866 22.5778832322034 22.6507670719508 22.7578850690831 22.8928967609783 23.0482204134663 23.2157392313977 23.387495459409 23.5562923784358
23.4627896453516 23.2700535735988 23.0727353692974 22.8790418192478 22.6981316142584 22.5394270084425 22.4118120286052 22.3228093479096 22.2778399114583 22.2796644461528 22.3280837796181 22.4199387464138 22.5494067675738 22.7085490811809 22.8880281421522 23.0778951072676 23.268345605995 23.4503574846174 23.6161528483911 23.7594621709008 23.8756033416107 23.961416827591 24.0151150582276 24.0361076674401 24.0248549486941 23.9827826546037 23.9122665302679 23.8166698538619 23.7003967757983 23.5689124758608 23.4286805897527 23.2869794505413 23.1515796972889 23.0302929526993 22.9304293576542 22.8582250718821 22.8183143613486 22.8133213243812 22.843632974442 22.9073904584428 23.0007032562866 23.1180583512732 23.2528687652653 23.3980884465133 23.546815925052 23.6928173214353
23.2807891240315 23.0546139941219 22.8230628532735 22.5957668911698 22.3834747013293 22.197244817505 22.0475053394233 21.943088866305 21.8903650547808 21.8925873567077 21.9495444844366 22.0575647695283 22.2098703048679 22.3972270973882 22.6087968357338 22.8330725438005 23.0587778795738 23.2756273535765 23.4748775824674 23.6496405343959 23.7949703557626 23.9077684532783 23.9865719173929 24.031295922047 24.0429921986344 24.0236662860085 23.9761708175266 23.9041660375306 23.8121171296278 23.7052847665547 23.5896628618518 23.4718261261083 23.3586679697234 23.257033030324 23.1732734105831 23.1127785097085 23.0795406784425 23.0758199689891 23.1019603892752 23.1563891621926 23.2358034912198 23.3355214452465 23.4499500901671 23.5731091336433 23.6991443834994 23.822772191861
23.0976194103872 22.8377896772163 22.5717847032027 22.3106692202932 22.0667919374034 21.8528581811644 21.6808500313491 21.5609183734946 21.500387526872 21.5030065327417 21.5685513539013 21.6928335790206 21.8681123165729 22.0838476992536 22.3276875985738 22.5865520693482 22.8476767445408 23.0994959748275 23.332283600755 23.538515538982 23.7129645800604 23.8525756939959 23.9561940398416 24.0242254227922 24.058301088341 24.0609990871643 24.035648202689 23.9862133123842 23.9172382418924 23.8338075701449 23.7414845864137 23.6461888516168 23.5539918455802 23.4708296970339 23.4021537150131 23.3525578688658 23.3254336286974 23.3227042191027 23.3446818420442 23.3900743604631 23.4561456389668 23.5390105865083 23.6340263831783 23.7362289432158 23.8407602826274 23.9432380914315
22.9214575779785 22.6292604599378 22.3301193184563 22.0364775732537 21.7622228236475 21.5216441747772 21.3282182075405 21.1933635962141 21.1253226682647 21.12832084567 21.2021213925744 21.342038200019 21.5394030891852 21.7824185416822 22.0572739866498 22.3493730978703 22.6445155074069 22.9298979100661 23.1948407320754 23.4311980908138 23.6334603697371 23.7986012650005 23.9257484039921 24.0157660763571 24.0708313729516 24.0940650572548 24.0892514077119 24.0606530661894 24.0129029095753 23.9509389730015 23.8799424733892 23.8052430415205 23.7321676369895 23.6658272008934 23.6108540186052 23.5711190460501 23.5494687463088 23.547523189838 23.5655708546694 23.6025820327425 23.6563447746313 23.7237085052489 23.8009044848043 23.8839020946037 23.9687570798391 24.05191237299
22.7611032392219 22.4394429726822 22.1101388221716 21.7868891775728 21.4849824367912 21.2201493621128 21.007226917995 20.8587877762764 20.7839098354596 20.7872520332816 20.8685658665387 21.0227118428054 21.2401771574594 21.5080186640466 21.811097005998 22.13343383042 22.4595192824964 22.7754203682812 23.0695857175412 23.3332986271897 23.5607867673439 23.7490436837466 23.8974475126158 24.007273473981 24.0811899956439 24.1228080313192 24.1363252466457 24.1262775248087 24.0973851034617 24.0544633963831 24.0023610221496 23.9458896683674 23.8897204259499 23.8382362144967 23.7953463617756 23.7642837885084 23.7474146917077 23.7460933357114 23.7605901829691 23.7901112063878 23.8329120893303 23.8864960850498 23.9478715513712 24.0138369684945 24.0812588776172 24.1473116563899
22.6252778034451 22.2786611964314 21.9238078760597 21.5754792357005 21.2501502023724 20.9647726816776 20.735335947782 20.575390177569 20.4947210730871 20.4983548459727 20.5860331343448 20.752232578875 20.9867251936532 21.2755978068512 21.6025860532833 21.9505416817209 22.3028466431704 22.6446123554275 22.9635506516464 23.2504633281356 23.4993578596845 23.7072471759402 23.8737242510801 24.0004148636947 24.0904056306212 24.1477238752542 24.1769173365328 24.1827516554905 24.1700174968814 24.1434208323916 24.1075210582883 24.0666820514186 24.0250092425994 23.9862585373988 23.9537172206126 23.9300697341029 23.9172699215639 23.916444483602 23.9278496757566 23.9508955926143 23.9842415487566 24.0259544610374 24.0737121390353 24.1250268948401 24.1774629255788 24.2288235286292
22.5218514033094 22.1562313775703 21.781923219188 21.4144977724909 21.0713334859678 20.7703121614151 20.5283005839358 20.3595933822429 20.2745154212529 20.2783729006147 20.3709004698929 20.5462832839494 20.7937500211274 21.0986507334318 21.4438671034195 21.8113638449471 22.183684239443 22.5452188859863 22.8831272512474 23.1878550861816 23.4532545781422 23.6763671505079 23.8569636550028 23.9969504465683 24.0997439821169 24.1696959196612 24.2116217161322 24.2304550853915 24.2310239386429 24.2179242960649 24.1954587571595 24.1676051717424 24.1379874279651 24.1098311355725 24.0858994750477 24.0684158403572 24.0589879637655 24.0585517036443 24.0673513448445 24.0849678218356 24.1103982009474 24.1421809343987 24.178553709387 24.2176256543216 24.2575440541037 24.2966376059746
22.4570928740873 22.079574217947 21.6930848005096 21.3137023105695 20.9593709609792 20.6485548664499 20.3986703848691 20.2244785066908 20.1366420879019 20.140643309682 20.2362135352491 20.4173571303733 20.6729652143956 20.9879304636834 21.3446055935816 21.724407965047 22.1093667116141 22.4834355619921 22.8334465044084 23.1496448078451 23.4258116618134 23.659035435543 23.8492286529943 23.998502306701 24.1105036516546 24.1898030318328 24.2413862215497 24.2702779356117 24.2812951265092 24.2789090817667 24.2671846919065 24.2497632394109 24.2298599441894 24.2102567871252 24.1932820955439 24.1807785390299 24.1740686719068 24.1739308914482 24.1805984453232 24.1937904972474 24.2127784227524 24.2364839454922 24.2635999149331 24.2927206358691 24.3224673371238 24.3515956590231
