_KRIGING/CROSS_VALIDATION_CLASSIC/MHZ/TZ/train_5/MHZ_TZ_5_train_z_125.asc
ncols 100
nrows 90
xllcorner  5.6208707817415728
yllcorner 50.959635321741573
cellsize 0.00013419651685393446
nodata_value 1.7014100000000001E+038
[rows 40 to 59 of 81, columns 0 to 45 of 100]
23.0001742369394 23.5995994645605 24.2402077966888 24.9032225155173 25.566110386848 26.2040288667579 26.7916330390195 27.3050242430598 27.7235829372671 28.0314334679254 28.2183401994503 28.2799245796246 28.2172038786003 28.0355623013664 27.743352156742 27.3503708057307 26.8664616909863 26.3004486956514 25.6595445504716 24.9492923324646 24.1740199380953 23.3377218471066 22.4452352304008 21.5035475713364 20.5230566067244 19.5185971915864 18.5100534775119 17.5223923911545 16.5849921600174 15.7302031893472 14.9911690278857 14.3990460602204 13.9798772142805 13.751476226568 13.7207415401956 13.881822790433 14.2154969214171 14.689976708868 15.2631869873436 15.8863302554197 16.5083581358058 17.0808044320125 17.5623501667203 17.9225009176057 18.1438666624629 18.2227318415425
23.1694008852683 23.7974726667701 24.4664418786297 25.1559545823497 25.8417220498444 26.497098332989 27.0950472156962 27.6102650893446 28.0211824886035 28.3115704033457 28.4715308035815 28.4977458096639 28.3929787296537 28.1649393440751 27.8247220265858 27.3850809703285 26.8588140839114 26.2574890683482 25.5906738809721 24.8657462405364 24.088269955266 23.2628523075124 22.3943427293782 21.4891987464694 20.5568272716014 19.6107041891031 18.669081742753 17.7551141347054 16.8962721234635 16.1229821152981 15.4665152150838 14.9562610934805 14.6166367182439 14.4639810968166 14.5038518180807 14.7291476868847 15.1194223199397 15.6416261500371 16.2523320347657 16.9012877293927 17.5359301774052 18.1063277616574 18.5699193436334 18.8954151478451 19.0653217230966 19.0767416359752
23.2749504345779 23.9193480821868 24.6037310077725 25.3065930786186 26.0023848378234 26.6631884179434 27.2608042448532 27.7690053152168 28.1656674728291 28.4344856660105 28.5660399825849 28.5580732716154 28.4149662346126 28.1465218520965 27.7662744961765 27.2896012337479 26.7319246204714 26.107259940282 25.4272871724446 24.7010363217158 23.9351819688075 23.1348629159131 22.3048831846323 21.4511126349533 20.5818862525719 19.7091969209902 18.8494854135753 18.0238548335563 17.2575787730252 16.5788371048256 16.0167014104419 15.5984984285219 15.3467922663282 15.2763260720602 15.3913302567183 15.6836179242913 16.1318364922488 16.7021258599422 17.3502588132631 18.0251314955877 18.6732623980779 19.2437828082778 19.6932928945232 19.9899397460704 20.1161569564018 20.0696829038715
23.3115972220684 23.9590669625258 24.6450132542689 25.347271128047 26.0396021908868 26.6934280037734 27.2799888014048 27.7726779134595 28.1492524219658 28.3936203898624 28.4969582469602 28.4580109064916 28.2825538653049 27.9821265322815 27.5722543625803 27.0704443997404 26.494254600728 25.8597032556263 25.1802122497546 24.4661842038049 23.7252170206779 22.9628749126697 22.1838712384508 21.3934776620445 20.5989539173284 19.810788959291 19.0435549777898 18.3162009818854 17.6516552940721 17.0756696382777 16.6149223782727 16.2945004950505 16.1349882077932 16.1494880513337 16.340967942241 16.7003465991715 17.2056866311742 17.822756282966 18.5070557021673 19.2072019827272 19.8693588612107 20.4422163933466 20.8819067472172 21.1562105092781 21.2474766048659 21.1538441977885
23.2781857164217 23.915319377094 24.588881166637 25.2765758365774 25.9520866815191 26.5868253097829 27.1521104881264 27.6215266494368 27.9731616146769 28.1914213086204 28.2681709213851 28.2030498286027 28.0029340318385 27.6806508181754 27.2531607941809 26.7394924447495 26.1587333502485 25.5283508457781 24.8630439126342 24.1742344565397 23.4702082821607 22.7568293684366 22.0386849170821 21.3204760837004 20.6084484652444 19.9116534469351 19.2428433342414 18.6188292250061 18.0601726906162 17.5901432062209 17.2329537452338 17.0113835025648 16.9439999654313 17.0422875933895 17.3080589110776 17.7315478355436 18.2905510737508 18.9508863994969 19.6682825558274 20.3916220658124 21.0672529206964 21.6439014751357 22.0775907783321 22.3359237640578 22.4011447851473 22.2715448899884
23.1777593534098 23.7917962466536 24.4397539501574 25.0997345353699 25.7459508293557 26.3504502568294 26.8852614371916 27.3247199478159 27.6476787338905 27.8393055734988 27.8922191779794 27.806810215783 27.5907169596996 27.2575540503126 26.8251026337474 26.3132410602834 25.7419165966949 25.1294302564772 24.491238792366 23.8393864488306 23.1825823172827 22.526852491597 21.8766295442403 21.2360987043048 20.6105991227262 20.0078759783449 19.4389914643375 18.9187285783914 18.4653621857573 18.0997291800048 17.84360466712 17.7174812647645 17.7379459733491 17.9149405092582 18.2492597475953 18.7306717520047 19.3370179399602 20.0345666874803 20.7797517300854 21.5222430135995 22.2090974303941 22.7895523362504 23.219889721756 23.4677424455848 23.5152538449068 23.3606399738034
23.0172712390152 23.5968428837486 24.2074689254112 24.8281401879499 25.4341636492404 25.9988206661315 26.4954320850419 26.8995976365761 27.1913274707626 27.3567796432496 27.3893632487052 27.2900566244929 27.0669078323001 26.7338083711632 26.3087374529321 25.8117440206243 25.2629562459649 24.6808830436569 24.0812082051864 23.4761904404469 22.874689244435 22.2827521446856 21.7046334656117 21.1440721935193 20.6056358284075 20.0959346479392 19.6245229372416 19.2043286129339 18.8514907294574 18.5845373462597 18.4229052197969 18.3848859055511 18.4851736828942 18.7322778550202 19.126130231255 19.6562515809659 20.3008245410769 21.0269469955203 21.7922107330338 22.5475775769321 23.2413320359843 23.8237064660899 24.2516351810377 24.4930277456371 24.5299784439482 24.360452657285
22.806910263545 23.3426541189105 23.9063391855601 24.4782697753376 25.0353334092483 25.5525588889564 26.0050569843755 26.3701265438692 26.6292618337151 26.7697922353309 26.7859274174296 26.6790643185986 26.4573222181672 26.1343883438626 25.7278570603486 25.2573126145495 24.7424282851418 24.2013327584322 23.6494357007517 23.098822971403 22.5582439413243 22.0336332886646 21.5290471151657 21.0478523336788 20.5939883180397 20.1731173918705 19.7934921794353 19.4663909904665 19.2060072599241 19.0287270705086 18.9517911625044 18.9914134770371 19.1605120805197 19.4662905211514 19.9079745998609 20.4750457567036 21.1463037816617 21.8900294534519 22.6654014681975 23.425161565547 24.1193375866392 24.699655124335 25.1241270323932 25.361236445877 25.3931440108695 25.21745971789
22.5591309827706 23.0441164768471 23.5538005803953 24.0701362374948 24.571973524126 25.0364900890532 25.4409731934196 25.7647550064977 25.9910593075129 26.1085127623731 26.112111617118 26.003510207949 25.7905980648646 25.4864389708308 25.1077382027906 24.6730666489599 24.2010928036641 23.7090547044643 23.2116507906736 22.7204542062872 22.2438740914082 21.7876132050895 21.3555129526041 20.9506385712586 20.5764384060985 20.2378087710147 19.9419062683807 19.6985703410498 19.5202499766175 19.4213711376055 19.4171370073105 19.5218210721167 19.7466894820647 20.0977657902833 20.5737158739632 21.1641691788219 21.8487906532931 22.597366234136 23.371061391588 24.124864776473 24.8110555946015 25.3833607817508 25.8013276712395 26.034359416985 26.0648655139033 25.890075859972
22.2875149705106 22.7174497860288 23.1688258247728 23.6254767757317 24.0684776701105 24.4774284178648 24.8320531419055 25.113938149816 25.3081920679497 25.4048066693976 25.3995300653077 25.294131088775 25.096023348616 24.8173130218336 24.4734181728847 24.0814642177865 23.6586811605145 23.2210122073835 22.7820964384325 22.3527216864171 21.9407709323087 21.551618408861 21.1888786218683 20.8553764703584 20.5541892993083 20.2896092596163 20.0678834314226 19.8976075170264 19.7896761070704 19.7567297000479 19.8120872786094 19.9682134102941 20.2348376368222 20.6169144566977 21.1126737227845 21.712050489605 22.3957869896762 23.1354575190278 23.8945762196046 24.6308138829334 25.2991888674746 25.8559336553464 26.2626020791539 26.4899017080727 26.5207329227964 26.3519994024145
22.0056083583611 22.3788208684214 22.7703071092128 23.1659071174729 23.5490599310123 23.9019294846319 24.2068077918923 24.4476406267906 24.6114862273156 24.6897127732439 24.6787689645765 24.580420465999 24.4014233110569 24.1526891785572 23.8480711828905 23.5029492445421 23.1328132654505 22.7520289848179 22.3729307306028 22.0053271052636 21.6564415844839 21.3312507022661 21.0331354700983 20.7647304357544 20.5288391851172 20.3292826725328 20.17155448751 20.0631728838198 20.013642637916 20.0339716016505 20.1357287013147 20.3296826184603 20.624121409471 21.0230172132435 21.5242575680903 22.1182036475466 22.7868433960733 23.5037741157237 24.2351703192356 24.9417728164541 25.5817877770673 26.1144322099016 26.5037324310505 26.7221020888901 26.7532172948855 26.59377754061
21.7258729331925 22.0430931614941 22.3755982799998 22.7112595093374 23.0359024825522 23.3342728827067 23.5912401342429 23.7931068571218 23.9288618905791 23.9912103211758 23.9772380997446 23.8886186118705 23.7313355229273 23.514968083571 23.2516485247384 22.9548448254831 22.6381390793219 22.3141607192782 21.9937993168202 21.6857718625095 21.3965643323601 21.1307161307532 20.8913752448302 20.6810247664603 20.5022677802153 20.3585553615336 20.2547488818602 20.1974210237539 20.1948193946476 20.2564433342141 20.3922199680079 20.6113105616484 20.9206314082248 21.3232302577727 21.816711611415 22.3919412973492 23.0322710481134 23.7134976495779 24.4047039294396 25.0700232371552 25.6712368152089 26.1709744091787 26.5361676878922 26.7413290280567 26.7712150490587 26.6224942984336
21.4588594884252 21.7228418873256 21.9993676713299 22.2782765361073 22.5477023214686 22.7948828586714 23.0071696702674 23.1731269227677 23.2835838522247 23.3325010191426 23.3175307524264 23.2401936516104 23.1056490137171 22.9220973029284 22.6999061281298 22.450588075205 22.1857732814632 21.9163107416009 21.6516035392685 21.3992414276695 21.1649477968699 20.9528148274067 20.7657661387071 20.6061632029391 20.4764602113878 20.3798101577191 20.320530300585 20.3043461470189 20.3383491965254 20.4306257299534 20.5895433741331 20.8227199786626 21.1357446864977 21.530770357145 22.0051429428193 22.5502676518309 23.1509233514564 23.7852166275241 24.4253103495142 25.0389702313546 25.5918564538293 26.0503632132794 26.3846994457443 26.5718320736706 26.5978975468728 26.4597373376417
21.212669154347 21.4277130966599 21.6528528031687 21.879764522473 22.0987322775415 22.299312020587 22.4711598725866 22.604934010253 22.6931590460376 22.7309384455144 22.7164167613826 22.6509273424257 22.5388069908028 22.3869084357578 22.2038853239248 21.9993548324513 21.7830551197998 21.5641076742227 21.3504710476685 21.1486381228318 20.9635908267808 20.7989905027096 20.6575536584388 20.5415438229923 20.4533007987525 20.395727200662 20.3726568227808 20.3890385272574 20.4508825456484 20.5649339898452 20.7380622983991 20.9763863047069 21.2841922141453 21.6627432820107 22.1091198841188 22.6152590423998 23.1673742321936 23.7459212865377 24.3262296368492 24.879840857529 25.3764963955345 25.7866081621809 26.0839487946965 26.2482333243243 26.2672475092884 26.1382188469556
20.992720315066 21.1641474953104 21.3435411415814 21.5242337888017 21.6984462064613 21.8578199182119 21.9940814685778 22.0997661332064 22.1689121168073 22.1976335505126 22.1844935069871 22.1306253092458 22.0395870708043 21.9169739905026 21.769848105781 21.6060696566425 21.4336239829632 21.2600321497536 21.0919145167497 20.9347487657717 20.7928330175377 20.6694358321827 20.5670919320153 20.4879873282414 20.4343702378853 20.4089235099886 20.415038534798 20.4569384100292 20.5396089761026 20.6685106771319 20.8490631477583 21.0859189431266 21.3820728556162 21.7378868519633 22.1501435345101 22.6112667432813 23.1088588477285 23.6256933119681 24.1402637698026 24.6279272950259 25.0625959463429 25.4188391122618 25.6741761091868 25.811281500954 25.8198094482879 25.6975759907594
20.8017945342063 20.9354372386124 21.0752395936703 21.2159828255224 21.3515799409988 21.4754929373358 21.5812534361182 21.6630302675179 21.7161744603717 21.7376699000153 21.7264279589151 21.6833855373004 21.611394626403 21.5149224997517 21.3996091990413 21.2717481310199 21.1377632061169 21.0037513538776 20.8751441914867 20.756520661457 20.6515779918801 20.5632455461226 20.4939081248572 20.4456936468178 20.4207749467801 20.4216356797432 20.4512545451357 20.5131689775447 20.6113884907275 20.7501392262968 20.9334357627603 21.1644947538502 21.4450276729655 21.7744756204865 22.1492747074178 22.562261025311 23.0023335490769 23.4544855558149 23.9002862488415 24.3188438899015 24.68821438947 24.9871445521472 25.1969704074281 25.3034429363449 25.2982385878745 25.1799373396833
20.6403017773851 20.7420443503372 20.8484492896116 20.9555308380672 21.0586409070346 21.1527880143821 21.2330355427414 21.2949362998961 21.334950355993 21.35079142225 21.3416546720695 21.3082950212229 21.2529467753318 21.1790992230195 21.0911637922551 20.9940829634216 20.8929368271014 20.7925994499566 20.6974854039678 20.6114096806021 20.5375651901919 20.4786044404009 20.4367982902907 20.4142361970317 20.4130292090824 20.4354782841632 20.4841750424597 20.5620085891726 20.6720598126243 20.8173735042534 21.0006092500003 21.2235850215422 21.4867431292379 21.7885861289881 22.1251484503836 22.4895844787406 22.8719610232214 23.2593368335893 23.6361906086533 23.9852209812657 24.2884902850183 24.5288256290054 24.6913363344004 24.7648678567855 24.7431992804355 24.625810475268
20.5066871203993 20.5820878373624 20.6609370351745 20.740274426864 20.8166473594539 20.8863479160716 20.9457093370633 20.9914299267867 21.0208851569001 21.0323873803153 21.0253582205314 21.0003906609284 20.9591941176214 20.904433355266 20.8394876970377 20.7681677079683 20.6944305663857 20.6221322647308 20.5548456032843 20.495759761654 20.4476627075055 20.4129944195019 20.3939488613608 20.3925969366426 20.4110013962443 20.4512971772159 20.5157157698075 20.6065387184792 20.7259723315219 20.8759426928734 21.0578172861188 21.2720674794176 21.5178953111458 21.792858514226 22.0925386561939 22.4103066292043 22.7372444582779 23.0622790437742 23.3725691285794 23.6541603512027 23.8928863416124 24.0754512549337 24.1905884825995 24.2301604575459 24.1900536848667 24.0707366002816
20.3978986376865 20.4519036079804 20.5083913885707 20.5652403044771 20.61997396561 20.6699313411822 20.7124798924263 20.7452490792072 20.7663561794701 20.7745953995262 20.7695652831864 20.7517179962828 20.7223257232128 20.6833720059174 20.6373869836479 20.5872530487618 20.5360100723315 20.4866867586808 20.4421776014876 20.405174915245 20.3781545327382 20.3634040151571 20.36307522846 20.3792398228716 20.4139266498512 20.4691238873044 20.5467345457829 20.6484808247597 20.7757593298341 20.9294546926658 21.1097234459352 21.3157634184631 21.5455870817014 21.7958208130635 22.0615560912232 22.336282530774 22.6119347975921 22.8790835529389 23.127292362933 23.3456465716062 23.5234368377266 23.6509520697267 23.7203087853142 23.7262227794514 23.6666206023042 23.5429970542819
20.3098469399157 20.3465941693207 20.3850663645003 20.4238231878135 20.4611797963158 20.4953223375781 20.5244534497486 20.5469525240299 20.5615317801476 20.5673685005209 20.5641964728069 20.5523455029898 20.5327257914999 20.5067625207412 20.4762935105479 20.4434477763622 20.4105243124236 20.3798881855471 20.3538955949432 20.3348520921111 20.3250001943653 20.3265257454318 20.3415678905246 20.3722162465325 20.4204809224585 20.4882259905472 20.5770637948299 20.6882147606584 20.8223437553247 20.9793884455263 21.1583969437531 21.3573914532039 21.573272358412 21.8017743855684 22.037484144259 22.2739271264931 22.5037318057494 22.7188776874929 22.9110312881591 23.0719674232811 23.1940621090436 23.2708286027225 23.2974521698671 23.2712660067697 23.1921047399466 23.0624765803176
