_RESULTS/CROSS_VALIDATION_POSTPROCESSED_CLR/MHZ/IZ/4comp/5/MHZ_IZ_z_1000_kriged_reverse_4comp_spherical_5.asc
ncols 100
nrows 81
xllcorner 5.5967107548124995
yllcorner 50.982328804812504
cellsize 0.00017565037499993607
nodata_value 1.7014100000000001E+038
[rows 19 to 37 of 81, columns 43 to 85 of 100]
-4.150159768885022 -4.392321564995836 -4.570348193141829 -4.665359804141032 -4.673865922560345 -4.5956351389048695 -4.435027232551442 -4.240167331532518 -4.15380016188379 -4.079497648712362 -3.9998516391541705 -3.8891481119933435 -3.7513539539358978 -3.615130604441975 -3.522523564529461 -3.4763502799565997 -3.480183254481944 -3.5994782439812285 -3.9619711182776824 -4.558094763938956 -5.220288261774533 -5.833849532551694 -6.351607192150908 -6.758330539512642 -7.091895295537122 -7.371728288857047 -7.592983375573845 -7.762778145557397 -7.90264080996031 -8.011545670278416 -8.086223029709798 -8.138348720897076 -8.176949938096717 -8.208300694999686 -8.263238675529383 -8.37581685201056 -8.585275127868972 -8.897487841012758 -9.282499116088914 -9.672383936604732 -9.932971123099936 -9.991394670632884 -9.916701837374353
-3.8868334119269585 -4.188702379234309 -4.433612451227713 -4.594507637711992 -4.666170627488076 -4.648065110308282 -4.5473946165311965 -4.416961658445579 -4.372755415161597 -4.356542625878362 -4.3177055060558835 -4.249643045234279 -4.167330757289665 -4.0918489172514985 -4.06585316335242 -4.117392438373224 -4.271869056213898 -4.538555736305003 -4.917857425979164 -5.413119924078023 -5.957240178997781 -6.471821978958253 -6.902211190308013 -7.218409498713528 -7.447403160395987 -7.6029711033182785 -7.681837778155176 -7.708630544089738 -7.709177395768284 -7.676991449865428 -7.622203867818402 -7.5611771384064115 -7.504074027015932 -7.455536487391031 -7.440822582760517 -7.488041630420948 -7.630896341281124 -7.862856270035983 -8.152743979575721 -8.454181648835151 -8.713565853808898 -8.855342872903417 -8.874558332698696
-3.7566682673027993 -4.125520772415457 -4.4469981720753635 -4.683097113514634 -4.8290376859477195 -4.887705898663466 -4.8742692366762155 -4.8238367636103785 -4.795879947909904 -4.787746318115637 -4.771308174029574 -4.742252248874885 -4.717363228338305 -4.7070874468868995 -4.74655610547013 -4.8785507814716 -5.121255642159621 -5.440114108208887 -5.82331780275965 -6.265634247473196 -6.729800648836903 -7.161244201194302 -7.5074587272469 -7.728230714901365 -7.8337324447876595 -7.833707829222383 -7.749719213331203 -7.615627892278641 -7.459341226913689 -7.275091117237101 -7.084769577857838 -6.913897839330296 -6.767494617262424 -6.643547867104775 -6.556305405565297 -6.537922892479159 -6.615442156369816 -6.774787487828558 -6.990688147404422 -7.234609440394796 -7.483907041848649 -7.657772668550379 -7.727521853231816
-3.76400945322488 -4.206564417384465 -4.612403881711495 -4.929741171490046 -5.154200467683443 -5.2902108539487624 -5.3485499706356405 -5.340452577608109 -5.331948849352821 -5.33317831706029 -5.338188617865267 -5.344492901339866 -5.3683045473720705 -5.416088605701925 -5.512314528081975 -5.707728864412405 -5.968440395389577 -6.283002805021148 -6.6630741144179435 -7.0745784208847065 -7.488836677951356 -7.8625015220583965 -8.142539097665576 -8.28522388787492 -8.26844853974002 -8.10762091908517 -7.844649282346491 -7.531025055089713 -7.202604994173458 -6.8758228239612755 -6.572976952224739 -6.302403325811161 -6.064539713903506 -5.853955660345657 -5.680869627766079 -5.583466676955064 -5.588028309080007 -5.68218145552358 -5.842063908167548 -6.04516630728571 -6.275261839970683 -6.458466298141412 -6.5479761626378385
-3.9156455318305867 -4.441158850061112 -4.93118255527468 -5.33103279454966 -5.629745107286505 -5.823611064837516 -5.919179564472581 -5.937746192177915 -5.947807862371763 -5.965024695539634 -5.988271223772184 -6.023712641017139 -6.085265512365803 -6.177730115427487 -6.318574134402695 -6.537434548852369 -6.783360897646598 -7.0727250795019305 -7.420871149421427 -7.810959386794049 -8.195444824564968 -8.548823339386878 -8.820966710660121 -8.927133047047871 -8.786579522921675 -8.432855844529934 -7.956133080820193 -7.442833484381323 -6.957552095622578 -6.50156829643474 -6.089999978345132 -5.727430359604963 -5.408999215599506 -5.123164443226221 -4.868234423154254 -4.705567167805118 -4.638540756218751 -4.654765423237044 -4.748273949504227 -4.917079458851589 -5.1296283708076675 -5.31727192621975 -5.417884375825359
-4.204933972927865 -4.828742659949136 -5.396632430973468 -5.862608878306429 -6.211258187166533 -6.442539856251692 -6.562314737571281 -6.598037410591458 -6.623779832714692 -6.65417265328351 -6.690346437793074 -6.748404629626758 -6.835233613700859 -6.957253909700543 -7.126591180118004 -7.326116025945292 -7.542404706888915 -7.793682215351682 -8.093260700791076 -8.447708134878397 -8.83508400503952 -9.214886005622485 -9.527163579316122 -9.645552071532878 -9.376646506176513 -8.773614347706406 -8.049952973412164 -7.348940633605472 -6.710777240430146 -6.131282200294001 -5.6224751196597555 -5.184061264683418 -4.804396780154955 -4.464034106539364 -4.152613389085623 -3.937037897369586 -3.813318346358921 -3.7629496425313924 -3.787075926997475 -3.898806848029432 -4.094670794989356 -4.314035812626661 -4.453684438631564
-4.619137752867752 -5.320486293170096 -5.948803195619819 -6.472170195417423 -6.852494158949045 -7.103462915750472 -7.232360722064082 -7.273947765640749 -7.307100109247111 -7.34109113533861 -7.388204112458854 -7.463981744591591 -7.572504210704919 -7.717611230751653 -7.889697741235552 -8.052894062931147 -8.226638483973503 -8.427046543144549 -8.671432888202524 -8.993995470474418 -9.382714316747533 -9.782253272760894 -10.161892603326573 -10.408280959072258 -9.991512544144923 -9.047735943742646 -8.087753366990567 -7.208937908844483 -6.43029522790806 -5.743004927110327 -5.157457049605162 -4.668403467791942 -4.255936642551827 -3.8901964619765423 -3.5636049675996126 -3.3164434907667064 -3.149464308127939 -3.0430389124407347 -3.0032443730866945 -3.0677781452150263 -3.2458318609320904 -3.508834316863786 -3.742968873263792
-5.1401023078831765 -5.881857850294933 -6.543128232857444 -7.104628651338625 -7.520526162363074 -7.780552097726396 -7.90706656767566 -7.94502643184018 -7.970154576975042 -7.99650205659889 -8.045667756652701 -8.126316863896617 -8.24354724007796 -8.4009884140341 -8.557573941456695 -8.690966685800108 -8.821044319043509 -8.964525672830678 -9.170610717395988 -9.4467710894426 -9.789836167191401 -10.15916979881423 -10.521447989738824 -10.832371067759139 -10.283942676832957 -9.149369672724896 -8.04519804737793 -7.034653261847829 -6.139013925078801 -5.357274642111678 -4.7084534987602815 -4.189645533670401 -3.7736701102560164 -3.4244906942345996 -3.131093402469305 -2.8828950669190254 -2.6916015574340797 -2.5484648493514817 -2.4525910102518163 -2.450605287510532 -2.6198445333432554 -2.962904439787968 -3.3146886464862964
-5.728841350827679 -6.486760107096533 -7.168005866336383 -7.74549197748638 -8.191184496002677 -8.461493954457273 -8.575497024247824 -8.593717495297108 -8.593657061181714 -8.604262322472277 -8.641449738468976 -8.713740770708643 -8.826563838046711 -8.981001033665066 -9.105188439188693 -9.20412075962267 -9.295602981818028 -9.420065560228162 -9.587206289102639 -9.811276750946764 -10.087831062169439 -10.372421176924615 -10.569274903953916 -10.534698344922374 -9.99770260078331 -9.036858322851671 -7.93063384148053 -6.845047483003139 -5.858361370758071 -5.00204873686855 -4.317503662233971 -3.8045346878259 -3.4177841178199 -3.122525445065313 -2.8865700963163654 -2.6763364298589085 -2.4993881903398742 -2.3509733051324506 -2.2110699649639196 -2.0938161624018887 -2.2313065702878427 -2.7408663269642695 -3.202325701206913
-6.3469473967866445 -7.11275860378827 -7.808925371597937 -8.397031901852394 -8.846070741685493 -9.124499230567263 -9.220600826251555 -9.199736190900307 -9.16316534239652 -9.143129576017934 -9.154239654721566 -9.205775564906254 -9.302571027261143 -9.43698923874712 -9.525206614136685 -9.587434996748966 -9.661256139402289 -9.781492534134362 -9.948894856469796 -10.142000553441651 -10.340175910527217 -10.510633000947104 -10.538131240638343 -10.319861838517458 -9.766755627299172 -8.896171054233465 -7.82725062371921 -6.6869386019642265 -5.607964519008141 -4.6766708572019535 -3.9825614991732188 -3.5305595574276696 -3.246828551384696 -3.0608846740346562 -2.907699266963103 -2.757747650974297 -2.6212599165813932 -2.5088930339674427 -2.3945847104609 -2.2846330256226377 -2.4298811540268472 -2.9671678975052105 -3.4400829272179427
-6.948773120154444 -7.727190885936952 -8.443613585980746 -9.046806393063726 -9.489711766038472 -9.746501638458463 -9.818354647310066 -9.746324497864126 -9.65629421678834 -9.589448024106119 -9.562068202650595 -9.582740010611577 -9.654501175025256 -9.758850652378342 -9.813002136356099 -9.852950611400988 -9.944595157271385 -10.088831145703166 -10.264627541444442 -10.444055407330215 -10.590351885609202 -10.664003778005684 -10.580705511497156 -10.284341865526713 -9.720707877697103 -8.8858846373755 -7.83062806485206 -6.633979765696434 -5.417607366212055 -4.360557787425829 -3.67569438672862 -3.3833425360580436 -3.302471305414427 -3.278563612372103 -3.243090318725636 -3.18507092194465 -3.105069453126381 -3.038910416803369 -3.01358642784934 -3.053929529317432 -3.261116554180323 -3.6331035577052138 -4.0080569063998235
-7.4892697993150215 -8.290613448974964 -9.0415529394982 -9.676734410285583 -10.119975109320375 -10.32721397641346 -10.339759198322938 -10.206791271469703 -10.042990859557403 -9.916446126991154 -9.84172417546471 -9.823565697064598 -9.863024503149054 -9.933112763401471 -9.962488636778277 -10.032513588108085 -10.1665033363588 -10.344731856785632 -10.541572303408163 -10.725914908662963 -10.85663023106621 -10.88610262564045 -10.752747300692654 -10.429893969604809 -9.848841130890339 -9.004818204811668 -7.929261109358692 -6.667676408389162 -5.287377264025899 -3.9667554876954614 -3.306992841835317 -3.362400479225923 -3.55204862978834 -3.716722784491283 -3.8393393104069213 -3.9163489254937622 -3.9440777977501456 -3.934429949404371 -3.962140986450681 -4.079872394634114 -4.298894397965291 -4.570145471326958 -4.830956417888091
-7.925223188471567 -8.755055371150702 -9.556837948901933 -10.257958797976443 -10.729761635083962 -10.870735015255248 -10.764303994310964 -10.534873603384975 -10.278153609441066 -10.077127387956633 -9.943497484162869 -9.879511985766015 -9.882322995066726 -9.922701612992562 -9.97417962680773 -10.099493800710814 -10.288354701060626 -10.519418612929735 -10.765256960185603 -10.99005050400505 -11.1481678861891 -11.184480544757395 -11.016919661418287 -10.644170569460243 -10.045068228010933 -9.211149126249929 -8.15885519181665 -6.9076434844290295 -5.476946487425684 -3.8941753539629804 -3.2859315143303545 -3.7406240151707104 -4.10307432678527 -4.3915462365210285 -4.632129835571179 -4.828734865094406 -4.980966885368444 -5.0907083507223145 -5.181945117252663 -5.303169181381126 -5.498710498666849 -5.681450962488478 -5.833591254960334
-8.144666094203329 -8.983130074789 -9.83519705552932 -10.660531876004958 -11.275999296549427 -11.293738135064899 -11.010832137879731 -10.658025568054546 -10.293837726515294 -10.019275749509324 -9.833431921489703 -9.728754913649043 -9.698372633185741 -9.742368006285702 -9.849400841792136 -10.038624762571828 -10.29254446843631 -10.589777009277585 -10.903953916663026 -11.202301222782964 -11.414516798863264 -11.451019630563895 -11.273709885056743 -10.874347089525719 -10.288136082428972 -9.506711125607346 -8.54463457376338 -7.425159933475038 -6.214591179143824 -5.102797504585238 -4.604110537425277 -4.734518524896977 -5.011313957695416 -5.307876399826999 -5.602798369188388 -5.886036770444659 -6.145248862220848 -6.364832812230368 -6.53788561582501 -6.684283683924521 -6.827391862844386 -6.913397782353445 -6.957307654892463
-8.04028573998188 -8.854267584428388 -9.704606601375483 -10.579618158214762 -11.412921578029835 -11.203086547441888 -10.82188796451122 -10.44277416444076 -10.062141464224133 -9.737309413258984 -9.50231449482592 -9.365929393069107 -9.318918076085911 -9.403665146647484 -9.58150479380776 -9.84343764894469 -10.171785888672906 -10.54614093700372 -10.94361269474772 -11.292946191931732 -11.542214652975584 -11.632912171069748 -11.463734342096297 -11.07570972384307 -10.535286035367927 -9.848027431315872 -9.040440475721212 -8.152395313015443 -7.25720893557172 -6.505123321416244 -6.092957468792116 -6.025583518771919 -6.154037749547676 -6.388160454746748 -6.686544859297587 -7.029628130986397 -7.386831733188993 -7.711867535701657 -7.958329744756522 -8.119398878714822 -8.199689726752034 -8.21372814071484 -8.149533003310733
-7.6425610033035 -8.391733540758803 -9.15346497805616 -9.86092698316517 -10.338801884712275 -10.361737094972629 -10.118210899312391 -9.810503086382559 -9.48747228421531 -9.184728203483704 -8.964766163286624 -8.81162693473496 -8.773463402499962 -8.909586508715245 -9.166966340747187 -9.50944080025647 -9.919601309391021 -10.380332808595986 -10.815874999525459 -11.18031971489198 -11.463991983194301 -11.646257909557807 -11.484377222919097 -11.157645709122113 -10.724852737417088 -10.194022471996103 -9.585930736384931 -8.94712299133657 -8.33085616580136 -7.809328604935519 -7.45633398595028 -7.298797013928202 -7.310607103044257 -7.475647745008081 -7.768264204446579 -8.165788358045642 -8.632533792581889 -9.088094608326251 -9.404882866277427 -9.531544376559065 -9.523051009705151 -9.4635272933586 -9.352284029840765
-7.103935109852669 -7.765968849522748 -8.388759536261853 -8.904350356531616 -9.21641057044556 -9.265415501339845 -9.116617476780945 -8.87439950291533 -8.605278803784127 -8.35068017176368 -8.172133160304947 -8.078843845571923 -8.116492413919902 -8.298812239349338 -8.628835038322462 -9.05104405697014 -9.548563060900074 -10.05171573753788 -10.49364256599219 -10.865121595340932 -11.14837468299996 -11.301948961395233 -11.285747243094153 -11.108708860421801 -10.826710935530635 -10.4811670716766 -10.085388221910186 -9.684251794814724 -9.326382422003686 -9.00714659763323 -8.709256384020499 -8.476942808263722 -8.392373355584859 -8.485758145138352 -8.757393205678442 -9.193747658337156 -9.771184144931546 -10.41858843967369 -10.82717821206195 -10.79637636921176 -10.668440345306948 -10.550794118944808 -10.425997142739705
-6.501058366220424 -7.053798379089398 -7.532546606045651 -7.89781923744847 -8.099178631794999 -8.120309638404608 -8.001436659433567 -7.801663619539087 -7.573336593131936 -7.354923623275121 -7.189740334873031 -7.165063728140704 -7.3165148159693345 -7.606280053809945 -8.02376341839826 -8.531023352474804 -9.087367124417382 -9.596320531189694 -10.046017110978518 -10.426491291600385 -10.72047536180074 -10.90887570114371 -10.988343137085137 -10.948109704017904 -10.816529385618093 -10.641054090026536 -10.469274737889288 -10.322232385094274 -10.233209080389557 -10.144242596664256 -9.868793591894676 -9.503817226366396 -9.301125612774438 -9.325797819974227 -9.568189151420778 -10.01344304200933 -10.645051398815824 -11.447447869170745 -11.98129796701796 -11.704526038955944 -11.490471077879752 -11.342036929638855 -11.238615825818774
-5.848232614115822 -6.309446138771022 -6.662350380229637 -6.902705089207462 -7.007667401871198 -6.97482335336311 -6.84047514193192 -6.650211471141039 -6.449657834490263 -6.271781840614889 -6.167106490918977 -6.203017186201984 -6.414123325913252 -6.811488644273282 -7.366925824897539 -7.9590322642442715 -8.529256711765733 -9.04790226430139 -9.509783856158611 -9.906963909010546 -10.228302591676965 -10.465581245309174 -10.618570469571662 -10.68485162607035 -10.699891445110545 -10.694538497641666 -10.712839555747593 -10.76589437220729 -10.900805301274302 -11.15253807912088 -10.804249949223742 -10.227102668423067 -9.921127280695432 -9.895652892669059 -10.115898847404402 -10.539253987310671 -11.122012103110322 -11.754552187164373 -12.131547108642799 -12.120321150983555 -11.988123032015466 -11.860548738088514 -11.765485899470566
