_RESULTS/CROSS_VALIDATION_POSTPROCESSED/Berg/TZ/6comp/4/Berg_TZ_z_500_kriged_reverse_6comp_spherical_4.asc
ncols 100
nrows 90
xllcorner  5.6208707817415728
yllcorner 50.959635321741573
cellsize 0.00013419651685393446
nodata_value 1.7014100000000001E+038
[rows 57 to 75 of 90, columns 0 to 42 of 100]
1.0391305034831984 1.049464909023506 1.0368297302283447 1.0031349480830631 0.9524374010942364 0.8898519258745768 0.820546565601361 0.7490702941750179 0.6790376607921345 0.6130771160474364 0.5529310850345603 0.49962313867081476 0.4536416067184661 0.41555348461437946 0.3867940908444938 0.368729975044663 0.36115849053805366 0.36396320390930764 0.373217354323315 0.3864244735536332 0.40385725645169723 0.4258803489772521 0.45263635273663017 0.4819594985861067 0.5128806308161111 0.5446965699807252 0.5765269166607448 0.6072597260404196 0.63444039417459 0.655883397074814 0.670960167542384 0.6768944414107246 0.6709495157896683 0.6529506635280593 0.6261891290127382 0.5953430202921095 0.5642531036709878 0.5353768722170524 0.5101119671694373 0.48919969050993556 0.4730058143415474 0.46168393793239676 0.4528318008239769
0.846694943339413 0.8520233060164475 0.8419013230864251 0.8174090675803949 0.7809844525526278 0.7358489761270207 0.6854208646459212 0.6328657959402368 0.5808355922542 0.5313730996910839 0.48593248729910005 0.4454651565894951 0.410534622441063 0.3814380037037716 0.3588097461703441 0.3452465923968771 0.341301394701353 0.345868146755185 0.354517648568755 0.366968617813351 0.38347717845788043 0.40411629912756253 0.4272254835006798 0.45212296952593284 0.47829525432328174 0.5050863028612718 0.5316718223298448 0.5570228725408481 0.5798206206604304 0.5976367680553035 0.6097728241078929 0.6148758463448183 0.6116251797179652 0.6001328520975047 0.5821926687844591 0.560528692526353 0.5377891878332783 0.5160203535125325 0.4966150197553043 0.4804563274457097 0.4680804661137945 0.458826851251436 0.4513599874328911
0.7020984824257581 0.7038811460821585 0.695235631571557 0.6768031540898891 0.6500884263840359 0.6171475845880458 0.5802456999560835 0.5415690657048872 0.5030341276748851 0.46619553465954794 0.43223333658262014 0.4019930283598801 0.3760554219441595 0.3548202426635298 0.3385944898097789 0.3288971575395141 0.3280506119235254 0.33250291985906494 0.3405294894250398 0.3522698006929869 0.3675228749522615 0.3850266332985957 0.4044046728489638 0.425275548421723 0.4471564288906533 0.46944257739954853 0.491386406955745 0.5120759348654272 0.5304179317849601 0.5451384082968249 0.5553031583296264 0.5602176402408163 0.5591902741186642 0.55236833490351 0.5408174192907277 0.5262061815343352 0.5103293223509521 0.4947600406645232 0.48071778682538024 0.4690813072774366 0.4595401158507817 0.45123193751010116 0.44418714124038317
0.5941077761588954 0.593374907688552 0.585625121404654 0.5712524494786784 0.5512079686426771 0.5268246851432953 0.4996158723253342 0.47109422069697626 0.4426405168891614 0.4154301431880234 0.39041128872870057 0.3683222565796523 0.349734833597345 0.33511365200737 0.3248857605761533 0.3198522746670754 0.3202477696517527 0.32409142595814205 0.33149288860744974 0.3417144510859253 0.35413756306292793 0.3685009537256004 0.38449988098086363 0.4017663595169768 0.4198511104344564 0.4382075263763103 0.4562136030695475 0.47309804240727776 0.48787308734680623 0.4995655624815958 0.507819676434472 0.5127674073123132 0.513479471302886 0.510073827696521 0.5032210368473589 0.4939899219820335 0.48360822842610784 0.47325169352374163 0.4639023737784645 0.4552658536827744 0.44718252722570645 0.4398696387682215 0.4333993450946575
0.514312522811714 0.5117794681994692 0.5045679058159965 0.4929489967700446 0.47753517816403934 0.4592049416459391 0.43898242226589906 0.4179244985816355 0.3970337244717871 0.37720508496243116 0.3592060988783482 0.3436849933897437 0.3312003984065818 0.322267228532799 0.31741612372691247 0.31632522832499965 0.317324769783026 0.3205361756230359 0.32589643010130814 0.3335719290731077 0.3432957658328875 0.35479120844356704 0.368105273501153 0.38328175931553454 0.39958207568409776 0.41618866961592343 0.43222389371202036 0.44677948015431146 0.45896827771398996 0.4680000251888935 0.47339310851476507 0.4760180889528535 0.4761582092768145 0.4738556001206028 0.4699245951787087 0.4648119269091004 0.4587936889563533 0.45248860156232723 0.4456804916114539 0.43875033207998115 0.4320328811271798 0.4257404672832082 0.419972501708298
0.4537273549199374 0.4516614985430458 0.44562234934448053 0.4360678083008075 0.423900932289708 0.4098998348041038 0.39476965174177203 0.37926202983262314 0.3641189481614814 0.3500369359214348 0.3376532221757946 0.3275523204887541 0.3202905045849298 0.31643631704111286 0.3159765049517153 0.3159765049517153 0.3164415089017253 0.3186542353600722 0.3225619436809897 0.32804562021523204 0.3362237513136354 0.34739184103855164 0.3608685844784022 0.3759318391801772 0.39179524042737063 0.4076075250225778 0.42247542703624624 0.43550978870697193 0.4458924809076957 0.4529589393337521 0.4562870481248158 0.45641648705017207 0.4543500275153537 0.4505490919614205 0.44575335761958634 0.44064657514590905 0.43569768858154223 0.4311300420339272 0.42596884028578447 0.42051414882200167 0.41504821891126426 0.4097679693465075 0.4047883617317079
0.40683384213771817 0.40536326713855936 0.40106126499719047 0.3942434164290064 0.3853936900490592 0.3751117979198953 0.364056571620041 0.35289574715853006 0.34226940641441816 0.33277041943115204 0.3249419453923729 0.319290127576136 0.3163096753389336 0.3159765049517153 0.3159765049517153 0.3159765049517153 0.3159994718990758 0.31715685248168424 0.3206554593536737 0.3276475721441058 0.3376250402456165 0.3500289299291823 0.3642854896549525 0.37987366304326564 0.39598691244608275 0.41171007809658045 0.4261014928576044 0.4382556713237103 0.4473842465901746 0.45290395556062135 0.45451680358652646 0.45238895002173274 0.4478971271694878 0.44155289978402273 0.4338588253755829 0.4255701413672917 0.41753053744847995 0.410605256874552 0.4055874989544312 0.40139082795306485 0.3970518940414722 0.3927474064620075 0.3885980579188905
0.37129617291191913 0.370273801219031 0.3672849232555827 0.3625560116047762 0.35643890928017746 0.34937830549498394 0.34187614346275164 0.334459423627002 0.327656387105587 0.3219840066967452 0.31794784431638295 0.31605416676118225 0.3159765049517153 0.3159765049517153 0.3159765049517153 0.3159765049517153 0.3160062922335399 0.3180817229511099 0.32406569999545864 0.33355151684747414 0.3459793746054778 0.36075912554550804 0.3772257632024846 0.39461326182796885 0.41205101390882504 0.4285869125977828 0.4432385621322827 0.4550693494486967 0.4632801612639702 0.4673020837826654 0.4668724026379697 0.46207715846330444 0.4537916960705676 0.4434551067399658 0.43179102953600607 0.41961544251047844 0.4077842424848832 0.39713705629993634 0.3884676482393037 0.3825237008531821 0.37897693074949335 0.37556538076182017 0.37227397656058225
0.3453991921272908 0.34472364684188306 0.34275484594714106 0.3396613018771674 0.33570830309077954 0.3312380303063317 0.32664769092944723 0.3223698035251552 0.31885812476521164 0.31658169153972643 0.3159765049517153 0.3159765049517153 0.3159765049517153 0.3159765049517153 0.3159765049517153 0.31611643530730765 0.3188092763503067 0.3245361736327456 0.3333342573787942 0.34569407365461047 0.3610757907427075 0.3788417036832046 0.39823370890496834 0.41834798611965374 0.4381396091632788 0.4564634171635659 0.47215245409981366 0.4841268458327121 0.4915163445880595 0.4937725920205551 0.4907460409066906 0.48270903227125617 0.470332244270877 0.4553046433131224 0.4389917130569098 0.4223228014579897 0.4062109132859349 0.39150128622545766 0.3789503609275038 0.36923399398994733 0.3629805458002999 0.3600336846425302 0.35758504818700104
0.3279631316940385 0.32756592625841796 0.3264190855520877 0.3246539782238131 0.32248034245804913 0.32017459294132966 0.31806718959785535 0.3165318276891406 0.3159765049517153 0.3159765049517153 0.3159765049517153 0.3159765049517153 0.3159765049517153 0.3159765049517153 0.3161077936973159 0.3191499869571858 0.3258552484212087 0.335783963868965 0.34850365413965295 0.36428534695291814 0.3833137240624163 0.40488832327094904 0.42812869107628493 0.45194598207428444 0.4750549699843923 0.4960369101006928 0.5134551587683046 0.5260112248677182 0.5327132409820405 0.5330187429234581 0.5269155102616515 0.5149193972447896 0.4979911428308786 0.47746974259165514 0.455510957409665 0.4334733671052397 0.4123661505817301 0.39306314238530277 0.3762944020377801 0.3626679605821658 0.35271389559827737 0.34694451352658123 0.3449706023070563
0.3182921750232188 0.31812944626596035 0.31767802833971387 0.31704659807781865 0.31641127243009604 0.31600946689982984 0.3159765049517153 0.3159765049517153 0.3159765049517153 0.3159765049517153 0.3159765049517153 0.3159765049517153 0.3159765049517153 0.3159954200237121 0.31872931826612855 0.3257776471453977 0.3367614573465029 0.35134273527275905 0.36915940941662645 0.3897646410176442 0.41336290672893944 0.4398409516024356 0.46816288492039904 0.4969933907562698 0.5247143126318642 0.5495148238481921 0.5695600073567408 0.5832187278517466 0.5893048483647784 0.5872696973739975 0.5772903217570158 0.5602284015430143 0.5374755456545954 0.5107327311693817 0.4818868219701736 0.45326244565345636 0.42616932556543485 0.4015195061591751 0.3800108910689294 0.36217063793360993 0.34841676446320974 0.3391297992353968 0.33473148171060646
0.3159765049517153 0.3159765049517153 0.3159765049517153 0.3159765049517153 0.3159765049517153 0.3159765049517153 0.3159765049517153 0.3159765049517153 0.3159765049517153 0.3159765049517153 0.3159765049517153 0.3159765049517153 0.3159765049517153 0.3177147586437561 0.32432208723509454 0.33555610587328916 0.3511818074075362 0.37098755571032604 0.39471098064699417 0.4219602101782846 0.45213187835677826 0.48496113495110454 0.5200151242546744 0.5556376728319127 0.5897488418163741 0.6199704080678017 0.6438712826497152 0.6593089952404892 0.6647915438443328 0.6597539518907963 0.6446582596874642 0.6208853357610356 0.5904614805827981 0.5557120795075987 0.5189384259451459 0.4822516150644514 0.4478450475194482 0.41683842805318605 0.3898691194542607 0.36734891960714844 0.3495514768816798 0.33670042267621203 0.32905599228060256
0.3159765049517153 0.3159765049517153 0.3159765049517153 0.3159765049517153 0.3159765049517153 0.3159765049517153 0.3159765049517153 0.3159765049517153 0.3159765049517153 0.3159765049517153 0.3159765049517153 0.3159765049517153 0.31656123469332653 0.32184767582285506 0.33239472689327215 0.3480472289634452 0.36874329039157994 0.3944383078509929 0.42501920950668975 0.46020350070107896 0.49942272220994277 0.5416984841433358 0.5857942838267071 0.6306419158772536 0.6736268782915257 0.7115431630250806 0.7410526643958077 0.759211355792362 0.7640397442739125 0.7549483179270203 0.7328550712117446 0.699952856473624 0.6592279993508449 0.6139093649929572 0.5670079382065084 0.5210290771120057 0.4778696018874364 0.4392030185261319 0.4058397449057832 0.3780131374909004 0.35579751435309737 0.33921724753761245 0.3283428296743961
0.3159765049517153 0.3159765049517153 0.3159765049517153 0.3159765049517153 0.3159765049517153 0.3159765049517153 0.3159765049517153 0.3159765049517153 0.3159765049517153 0.3159765049517153 0.3159765049517153 0.3159765314023254 0.31901271310492424 0.3278809347593201 0.3424507979568852 0.3627683145972683 0.38898562851359386 0.4212827841217436 0.4597699907708516 0.504360461046649 0.5546082347198911 0.6095154294129596 0.6673324616550158 0.7254044724003771 0.7807721162490747 0.8296795926366488 0.8673842321957304 0.8896516595174049 0.8937026970769842 0.878917185198773 0.8469774923510038 0.801391227686841 0.7466285843987277 0.6872321492431898 0.6271660255296794 0.5694913015101709 0.5163167681291864 0.46892048180373513 0.42804236071587465 0.394127858822496 0.3670024335663516 0.3464237835494957 0.33182789182613726
0.3159765049517153 0.3159765049517153 0.3159765049517153 0.3159765049517153 0.3159765049517153 0.3159765049517153 0.3159765049517153 0.3159765049517153 0.3159765049517153 0.3159765049517153 0.3159765049517153 0.3167126817050145 0.3229140409822792 0.33530246529645874 0.35395538538993737 0.37915102238679077 0.41130577613516883 0.4508978150377689 0.4983609570383891 0.553931734572382 0.6174338867729805 0.6879931476832167 0.7636701327835705 0.840862895698068 0.9148285555684655 0.9796249835471507 1.0290215766815212 1.0574963864459976 1.0609466613747152 1.038584724262025 0.9931630363654883 0.9300633279057055 0.8559869608830581 0.7777566643972311 0.7005939076208992 0.6281606150410788 0.5626963585845784 0.5053224894144948 0.4563845208467961 0.41573897451634084 0.382767113992349 0.3569856422598592 0.3378717048346244
0.3159765049517153 0.3159765049517153 0.3159765049517153 0.3159765049517153 0.3159765049517153 0.3159765049517153 0.3159765049517153 0.3159765049517153 0.3159765049517153 0.3159765049517153 0.3159765049517153 0.31859373757036413 0.32777625552865725 0.3435827491009331 0.36631396240830655 0.39651247077049323 0.4349132203426107 0.48237664276780456 0.5397834879333316 0.6078534840962047 0.6862088108086571 0.7739852263683105 0.8694887318511951 0.9692103300856163 1.067314912236184 1.1555358763886414 1.2239696000566882 1.2631113201487116 1.2667319859448514 1.2342008814586778 1.170802323222903 1.085383922157363 0.987758629098221 0.8865585550374122 0.7881873805953223 0.6973504392959738 0.6169456204048875 0.5475251885473881 0.4888467304240463 0.4402134446454704 0.40075213758174 0.36959322161170194 0.3459822627728655
0.3159765049517153 0.3159765049517153 0.3159765049517153 0.3159765049517153 0.3159765049517153 0.3159765049517153 0.3159765049517153 0.3159765049517153 0.3159765049517153 0.3159765049517153 0.3161482203818395 0.3211806391484995 0.3331188003662027 0.35216901590445787 0.37886633254749175 0.41404439645701463 0.4588062951871621 0.5144753522992264 0.5816450563390507 0.6609643743880484 0.753424637739276 0.8592951286354681 0.9774570794344187 1.1044642565025586 1.2334430171761066 1.3532918203040256 1.4491756372297593 1.5055257894532845 1.5114910612039678 1.4659217062801388 1.3778735216504217 1.2622161835638934 1.1340485669528957 1.0052276823920518 0.8834755329119844 0.7729710541813356 0.6753832363950564 0.5917638066013183 0.5221060058378609 0.4650007325566915 0.41897951084976226 0.3826936038847661 0.3550095718215149
0.3159765049517153 0.3159765049517153 0.3159765049517153 0.3159765049517153 0.3159765049517153 0.3159765049517153 0.3159765049517153 0.3159765049517153 0.3159765049517153 0.3159765049517153 0.3168782118065786 0.32406577821422 0.33847224611001736 0.36049308171803446 0.39089876889686914 0.4308272842200524 0.4814896254537214 0.5432775449521486 0.6178962274097333 0.7073522920484876 0.8135734999262104 0.9379764426606622 1.080677354458794 1.2391721609155157 1.4063848531320233 1.5684176750879506 1.7035497592598121 1.7857711658557947 1.7951723270689772 1.7296206342100768 1.6059817627347157 1.449576846257566 1.2830610551180177 1.1217808713215607 0.9741453960909242 0.8436750276452768 0.7309513215250792 0.6349974553945064 0.5544161182686499 0.48885769771574794 0.43643310457610485 0.39524406181040667 0.3637422045748897
0.3159765049517153 0.3159765049517153 0.3159765049517153 0.3159765049517153 0.3159765049517153 0.3159765049517153 0.3159765049517153 0.3159765049517153 0.3159765049517153 0.3159765049517153 0.3178870250245399 0.3268782186668594 0.343390881881899 0.3679927922164104 0.40167616175958076 0.44519813800206604 0.49892576908693875 0.5648178345841972 0.6452671883689052 0.7430432648895863 0.8611682783634009 1.002581510249093 1.169391662749515 1.361369801254237 1.5731592728710788 1.7897573015975294 1.9813542771958619 2.10405607729032 2.118604662902653 2.020757946578894 1.8446736121081282 1.6344310982994805 1.422317001429387 1.2258330328036555 1.0522089548693996 0.9029327908068655 0.7766889260529664 0.6710037829255828 0.5830987037135109 0.5103850069281494 0.45208924314384286 0.4064834899719145 0.3716002506900452
