_RESULTS/CROSS_VALIDATION_POSTPROCESSED_CLR/MHZ/IZ/5comp/3/MHZ_IZ_z_710_kriged_reverse_5comp_spherical_3.asc
ncols 100
nrows 81
xllcorner 5.5967107548124995
yllcorner 50.982328804812504
cellsize 0.00017565037499993607
nodata_value 1.7014100000000001E+038
[rows 57 to 75 of 81, columns 0 to 42 of 100]
-9.149508535305197 -9.421848232149246 -9.70525767723083 -9.982290076212784 -10.246194260657255 -10.49198063200647 -10.706770771814204 -10.893084457183878 -11.028679612056735 -11.076990700732619 -11.040560845299566 -10.917013698929168 -10.700306455038056 -10.382837016132594 -9.95854405496819 -9.426577264757409 -8.793825980656145 -8.068320660519566 -7.257808470651455 -6.416481760810417 -5.596041948845304 -4.841167615948397 -4.143723990594262 -3.454280367242775 -2.8791442607563296 -3.0556119322994686 -3.601710093637572 -4.194053685605812 -4.806165784467563 -5.434478923718745 -6.091463685809775 -6.791873152393341 -7.493628604162123 -8.190520075352577 -8.866445129061256 -9.457351225157073 -9.884449782269597 -10.100824696180105 -10.157387455530667 -10.112177180884963 -10.012645961884244 -9.877247872968448 -9.719374664496653
-8.913166165626093 -9.16600434946194 -9.430493124062048 -9.69459747076883 -9.944954737684498 -10.189176107743949 -10.422958777198465 -10.643629172682333 -10.825770072629236 -10.925325595500912 -10.942445408886567 -10.873268032104688 -10.709026969016158 -10.437553336161898 -10.047607608905388 -9.535851152334667 -8.91101154734656 -8.18125793889021 -7.390189199109998 -6.5836342993041725 -5.800603065276786 -5.103369600342192 -4.463956602874527 -3.894751015406137 -3.5330490610077816 -3.5571159436280695 -3.88778927045469 -4.34966318946634 -4.8638368874203195 -5.4015252187161025 -5.951664414710262 -6.557149816095417 -7.161345918333592 -7.740599578796749 -8.269332299448665 -8.71151679552602 -9.039575432485243 -9.243924085375813 -9.349988228791112 -9.376771299348887 -9.339825980758071 -9.252741896438428 -9.132872599663106
-8.679486683568372 -8.927626369767145 -9.184949066358229 -9.441459557589802 -9.6902430154456 -9.931681358445086 -10.177195812183996 -10.423248316251433 -10.648335232675432 -10.801153325685465 -10.878717656603834 -10.876044404413445 -10.781401329597632 -10.575630629285424 -10.236937728802163 -9.754941078476511 -9.132469615847718 -8.399071446524001 -7.6340424057713125 -6.870405468929538 -6.142495964973876 -5.510994296772269 -4.9446677710865945 -4.478610022750207 -4.195150187712342 -4.157608161260413 -4.340588427191467 -4.662817213241139 -5.056863817432305 -5.482487422121644 -5.917304290255638 -6.366903485516235 -6.851263442059352 -7.2895660047089015 -7.659385083221034 -7.957120470243269 -8.183304123876752 -8.345958723955642 -8.46144151347381 -8.539410623143377 -8.563265588052293 -8.532785477914237 -8.468040591070581
-8.448207251554802 -8.69091823955705 -8.947116791594443 -9.208581775135162 -9.468090011551007 -9.720278702579787 -9.973321812217536 -10.237283117262447 -10.499240547156832 -10.70465144278376 -10.846082020792227 -10.919308421408486 -10.911052669159576 -10.792986959735932 -10.520880422431315 -10.058497597451233 -9.41630230100561 -8.68805235130023 -7.950533234775674 -7.236778936058628 -6.575255740083989 -6.00185843942115 -5.498064344683028 -5.0987337320788155 -4.8495896772643565 -4.777318843507656 -4.868786044106361 -5.0800174160965135 -5.361881822360738 -5.674496445746856 -5.989545214446032 -6.2893428643980585 -6.59341004879558 -6.865992288786494 -7.064837974116251 -7.207036309293239 -7.3165487395473825 -7.417119965336637 -7.522904382879051 -7.633623859636356 -7.718125470130888 -7.749760327007311 -7.7535116306676315
-8.223378425811417 -8.459227376385932 -8.712866656286636 -8.977407564105247 -9.247028586563784 -9.517485459845577 -9.78653481461563 -10.065267947533204 -10.357471258224706 -10.612140186945481 -10.813818042590457 -10.961634973288245 -11.047401491158055 -11.042698242350816 -10.867055257530227 -10.410649509375025 -9.732712538947947 -9.004522524647795 -8.29622819133709 -7.638415260117637 -7.052721003377097 -6.527045888147621 -6.073800013491974 -5.720291721737899 -5.492004761161278 -5.400522324786159 -5.435632523437348 -5.568124485458671 -5.7601113894707545 -5.974139564080534 -6.1783105301675345 -6.348420521580684 -6.44716353186787 -6.497066054334315 -6.506183851631449 -6.469239897603062 -6.437986543881918 -6.459788454002034 -6.55051742942363 -6.689145834147602 -6.835394364654448 -6.936200879287035 -7.017674611743748
-8.008711270620008 -8.235746499635944 -8.484552439302169 -8.74917885528228 -9.024689174907659 -9.307478198453502 -9.595479358237773 -9.888165861041822 -10.195126567595466 -10.490220422928804 -10.741815939490769 -10.95325526564628 -11.126303186500236 -11.253362156048969 -11.253990660021314 -10.761116623896905 -10.013365150898021 -9.289296990902937 -8.623966416848132 -8.03331424954609 -7.527722444520198 -7.052994248996542 -6.643936265149385 -6.3276148356938835 -6.118496646132467 -6.020976426904376 -6.0255035557635 -6.109101722402919 -6.239448570451205 -6.379804519135296 -6.492474839408574 -6.532839921152109 -6.468241827284448 -6.266785768176981 -6.011396257955312 -5.755000085011723 -5.544625587829158 -5.472015460841335 -5.559665054957298 -5.744119065154326 -5.949260858894516 -6.1277683758427415 -6.28937530615151
-7.807930697172354 -8.023766649187587 -8.264869540614129 -8.525901485819999 -8.802426137408613 -9.091106936815203 -9.389823565205733 -9.69766629790181 -10.01489001828568 -10.333696945635424 -10.61784309015668 -10.866889408579267 -11.081316789743926 -11.253724464180763 -11.337236106870265 -10.852206601480075 -10.143655588863592 -9.483670479202992 -8.894381994463728 -8.38878787059023 -7.966552509565891 -7.5583791237684 -7.192208396651411 -6.911360565719796 -6.724660468574775 -6.633288129381319 -6.628399683788491 -6.690487029192686 -6.790177271477581 -6.886668377843769 -6.924269221546274 -6.8570438705466925 -6.6453409825472205 -6.248126509464659 -5.697191162162785 -5.112789040795452 -4.635994102419325 -4.450563255001022 -4.581850558328007 -4.847517800934567 -5.11581270590108 -5.362347705156909 -5.597475064265616
-7.625034632367652 -7.8270109571159825 -8.057214822961106 -8.311623796919635 -8.589715846736917 -8.886040356204996 -9.195695002159354 -9.515142824822727 -9.842063797425167 -10.174121627438488 -10.47208799437583 -10.718277186144036 -10.907314650648996 -11.014097034337652 -10.95511160510357 -10.609131420666241 -10.096487489511084 -9.56948608172032 -9.090367517085571 -8.686122348117959 -8.349951540634505 -8.021135089153603 -7.709441380913262 -7.465266379550037 -7.305521513112791 -7.23068639988587 -7.233614889044907 -7.298132190240421 -7.390671317415308 -7.466762822728555 -7.470576152238628 -7.336969159270223 -7.004334737203705 -6.429949378201249 -5.649440600409189 -4.724344715188504 -3.8092143453365517 -3.4249600758563226 -3.7153903732907785 -4.084127760072535 -4.4003912350762935 -4.691138253883343 -4.967810966378261
-7.464451499599514 -7.653205865220135 -7.882576030153875 -8.144283494987326 -8.430471771760663 -8.73430521439922 -9.050031500923822 -9.372925842282234 -9.69903174546952 -10.021921185964423 -10.32265039859321 -10.553601312542511 -10.700497752629914 -10.740778233647202 -10.628978403218676 -10.341381136961227 -9.96544008277192 -9.576009020677517 -9.218898957262288 -8.91628537462592 -8.670485835808773 -8.425644925521864 -8.188954980648749 -7.985355519084198 -7.8559341022997335 -7.804503076280849 -7.821941937440335 -7.89306728245315 -7.995096697122105 -8.091120820949104 -8.118994391119918 -7.980085481533388 -7.560999789261503 -6.828899434844576 -5.870080195184739 -4.763035914307948 -3.5704038367726185 -2.9706636606615593 -3.2841814331159855 -3.593242235586212 -3.875373504984357 -4.155816199516419 -4.431893683531816
-7.34702619511783 -7.54079879856709 -7.775826007172597 -8.042997715451211 -8.333918446599888 -8.641004677371 -8.956701980437646 -9.27334337667186 -9.584187685618854 -9.882261860179339 -10.159328693189611 -10.378136613392483 -10.501497340651834 -10.511822518081408 -10.388489880004835 -10.142214420111822 -9.850063549444368 -9.55540082557139 -9.292397470513816 -9.08403260984636 -8.927955879287596 -8.768348749031881 -8.610002486187863 -8.466394795506377 -8.361896059306261 -8.32426065145741 -8.350756040626578 -8.43360507228704 -8.559369586038107 -8.704868483771628 -8.82120642182238 -8.77570358143695 -8.299051971859978 -7.399860219399356 -6.321158173074526 -5.197915648410093 -4.180686848304196 -3.5775425514262573 -3.4509816727101024 -3.5159551179355217 -3.6690720494055227 -3.8656943775407746 -4.086909351335969
-7.299705798153088 -7.497672612810704 -7.736195551143558 -8.005510028650606 -8.296172571438868 -8.59915809667924 -8.9059088488825 -9.20828853905769 -9.498380181081696 -9.768055110864788 -10.008254252950868 -10.206091576476453 -10.316594199077358 -10.317979049246471 -10.203021255577587 -9.995448816451233 -9.766836648113355 -9.5390067126808 -9.33781496092015 -9.190674117568504 -9.111744332497928 -9.030623882275682 -8.941680934704987 -8.8589092573133 -8.79334443499562 -8.766217320319553 -8.798842713526646 -8.888267994797694 -9.029126599452448 -9.214118558664504 -9.432532100148084 -9.640163006667947 -9.093246022068943 -7.973689541498657 -6.839684443087951 -5.765085577962762 -4.850372590905447 -4.215349586417135 -3.877579122721211 -3.761016263243341 -3.775304386903389 -3.865309557118045 -4.01212605945344
-7.305405753383367 -7.506641102513978 -7.7470520424501315 -8.016304590581559 -8.304245224082917 -8.601008704967269 -8.897104354786135 -9.183444367000961 -9.451269171244524 -9.691932372503125 -9.896555071024757 -10.055684970164217 -10.15536956835642 -10.15787293654673 -10.05661880173142 -9.878274881151365 -9.686921006490968 -9.502438242718481 -9.346459337980324 -9.241185464531858 -9.204840489572646 -9.191096762776665 -9.16765358087509 -9.141882997595701 -9.124695056492335 -9.124516900604055 -9.155235678687296 -9.235917046488458 -9.363121962005174 -9.529275626330413 -9.716192373626816 -9.824873317488201 -9.316927408775147 -8.308568010527102 -7.25575445426118 -6.267651461573325 -5.417724955213378 -4.763932269921143 -4.339545982859653 -4.118546963939851 -4.04247797689195 -4.065928401597876 -4.16104782260887
-7.360839620909687 -7.564591891856576 -7.806347650969919 -8.075144207425259 -8.360053156195455 -8.650318889678342 -8.935516280244043 -9.205701133033788 -9.451515987345676 -9.6642205659606 -9.835660175270096 -9.958279363426497 -10.025410318170406 -10.0285414393672 -9.938503337605088 -9.773046684641749 -9.602203824285455 -9.44501106127417 -9.318627157191482 -9.24119388455481 -9.23009636447578 -9.256448584519104 -9.287938794822436 -9.314069849036414 -9.33953967549599 -9.372002860745225 -9.416447452130953 -9.476221037796932 -9.561667383241204 -9.657956735369103 -9.719749552607924 -9.619332256362618 -9.167648845357409 -8.401831213437216 -7.516220655058999 -6.643134027724672 -5.859240654787297 -5.2305455561024505 -4.7865584236372 -4.5118466054983895 -4.375421335683196 -4.346526368470672 -4.401794607860762
-7.465758120943649 -7.671662818860337 -7.914781899155709 -8.18348973623261 -8.466025363897174 -8.750671106986756 -9.026005819601354 -9.281216317036673 -9.506424302129462 -9.69297224820529 -9.833634215626786 -9.92238077455123 -9.952854240660887 -9.92195878130705 -9.828738908993323 -9.66962894901857 -9.507722510137961 -9.364410548274863 -9.253938794001872 -9.191380113055878 -9.191391753174447 -9.245927462879845 -9.306732150599064 -9.377165768616976 -9.439819941697873 -9.498627384874647 -9.556750546592264 -9.613088437067399 -9.659855705736911 -9.680535940928843 -9.641495835429367 -9.445864979312276 -9.025182206108243 -8.400032020081982 -7.660738048233417 -6.900960492845972 -6.209165105256833 -5.637639608072451 -5.206199158294603 -4.913372522552509 -4.744693230626936 -4.681597972703624 -4.70723122536027
-7.613359314307633 -7.824933423680852 -8.071703853695466 -8.342122059162966 -8.624077306506184 -8.90509089598567 -9.172665445974696 -9.414791454723318 -9.62055530694764 -9.78073244307696 -9.888234376589786 -9.938343886518963 -9.928790064466813 -9.859791024365054 -9.734149630548727 -9.561585349535354 -9.398176817197774 -9.257368624823954 -9.151075471283075 -9.092022373182902 -9.092530776805342 -9.1590240336123 -9.241517218284391 -9.335019486566974 -9.430685948695569 -9.512016770225424 -9.580595749014348 -9.633616259540817 -9.662062126611799 -9.648326688113489 -9.551490554165786 -9.312063665590445 -8.913280373566062 -8.371832489748428 -7.74256116032627 -7.103318409291746 -6.510558617535681 -6.003286362044601 -5.602854242523284 -5.315360812641279 -5.136360482899285 -5.056170738771273 -5.062184538147772
-7.786890750236801 -8.006194052376946 -8.260059675115908 -8.536225698074045 -8.821586690619943 -9.102388314240017 -9.364672567000524 -9.595020707000238 -9.781533687594015 -9.914836301359346 -9.988797159159416 -10.000742624663049 -9.951190562061058 -9.843348518718466 -9.682639957844536 -9.476593457267196 -9.276488849508315 -9.120329123318106 -9.008355820809228 -8.943265865978713 -8.935379473936548 -8.993940880597558 -9.094564570209213 -9.200634630774474 -9.318781796608766 -9.421417740783037 -9.501206463189236 -9.555095531214384 -9.575370574637882 -9.545837858614409 -9.42135309140093 -9.177909452464164 -8.811600386859046 -8.348855899965224 -7.827937633134987 -7.2940680860914595 -6.789375541010815 -6.346173294112466 -5.98462547516785 -5.713436398548089 -5.532386361366942 -5.435562066503363 -5.414275046852508
-7.9757508182868655 -8.209877954259237 -8.471724162282943 -8.755619687731624 -9.047471861539835 -9.332068672983944 -9.593555360770665 -9.816435664408823 -9.987093355234414 -10.09548380293927 -10.13633554910598 -10.109310673305199 -10.018152734603174 -9.8693943789623 -9.671236158362712 -9.432860302814733 -9.184741037106763 -8.983379773551853 -8.835901234136134 -8.747248206158378 -8.721988711387375 -8.76175546143049 -8.864996603774074 -8.983036631680532 -9.110956469177212 -9.235444753869185 -9.329565570072795 -9.390813705546643 -9.413475936195077 -9.368569085596778 -9.237065111763595 -9.014379239824796 -8.70382553884888 -8.320738888578209 -7.891350999827459 -7.44757193424617 -7.020668904411769 -6.6364972149376475 -6.313138544345428 -6.060647171436831 -5.882232268309095 -5.776136815786615 -5.73756943893677
-8.164063159077065 -8.428949324695592 -8.703065165719018 -8.996868371064526 -9.298898555188831 -9.592362609559432 -9.858954440783103 -10.080047983622125 -10.239009049000783 -10.324167481099366 -10.331037788080284 -10.26239122430889 -10.126251358671116 -9.933260774153963 -9.694740924899298 -9.421787816224715 -9.129789354177767 -8.877867979410038 -8.684398761552277 -8.553295237219007 -8.488033651811167 -8.491498299989312 -8.565780213092362 -8.691056652689134 -8.825845741791321 -8.968554692604766 -9.08374606595647 -9.164778905001109 -9.195914997685396 -9.156957477061944 -9.043320162263047 -8.854102334918922 -8.594589181256374 -8.277630000788069 -7.922824204336657 -7.5536412883427815 -7.193713328477996 -6.863650753607032 -6.579106772864092 -6.350168388653694 -6.181782553855939 -6.074790643953994 -6.02716151640753
-8.343883080213741 -8.640937187308685 -8.946399187281397 -9.25470375409505 -9.570834022433168 -9.879230063104295 -10.158612266257265 -10.385685899450905 -10.538460861586344 -10.601757175038834 -10.571864613552023 -10.456445545164964 -10.26990833822897 -10.02827898502658 -9.746329353279208 -9.436869663230121 -9.111089354132066 -8.805268782102402 -8.562648332218547 -8.386413347448945 -8.27895176106518 -8.242102407693546 -8.277033056745353 -8.383866459653563 -8.527185623313528 -8.685012359527361 -8.828028142827183 -8.92660733508531 -8.964515118478618 -8.938547226359347 -8.847144544949378 -8.691818796628223 -8.478480386438518 -8.218020477222277 -7.925701119174791 -7.6194290864907 -7.317486551513517 -7.036421774231985 -6.7895839341455755 -6.586459858795662 -6.432717995472308 -6.330734700172073 -6.2803523057300845
