_RESULTS/CROSS_VALIDATION_POSTPROCESSED_80-20/Berg/GZ/5comp/4/Berg_GZ_z_90_kriged_reverse_5comp_spherical_4.asc
ncols 100
nrows 90
xllcorner 5.6208707817415728
yllcorner 50.959635321741573
cellsize 0.00013419651685393446
nodata_value 1.7014100000000001E+038
[rows 19 to 37 of 90, columns 43 to 85 of 100]
0.3661287873938617 0.3882633861360011 0.41742695911497296 0.44971463427563296 0.4802194222667088 0.5049830294069092 0.5224215575978336 0.5322794350606347 0.5352924177011137 0.5327746002991071 0.5262627510210071 0.517272613218653 0.5064651093314658 0.4929134205011796 0.47732740831198384 0.46035639165076664 0.4424583956898755 0.4239297827280335 0.4053124985307091 0.3920461133505059 0.3864560673065007 0.3892021324806109 0.39897844015677686 0.4163110701362091 0.4395605419720835 0.46661399918711466 0.49608545863498194 0.5269833043539787 0.5584512741998962 0.5896474381038835 0.6196959512641664 0.6476753490650158 0.6726786894861395 0.6943952262752533 0.7138008755161414 0.7321644022090271 0.7490608708591967 0.7640418415966277 0.7766427443949382 0.7863917036050417 0.7928362733163595 0.7977966292192837 0.8026294474319412
0.35374600891572827 0.38028200164240084 0.4157452232070885 0.45334529530963913 0.48646336425448533 0.5108587465709772 0.5252799994622198 0.5302475713832715 0.527373425367749 0.5187144152912324 0.5063254013875741 0.49202424242091547 0.4773076089485112 0.4619496331393534 0.44535085507181466 0.4281325605626098 0.4106639541759046 0.39307068680912316 0.3753558566369585 0.36161456633032163 0.3544937164992029 0.35588469652962434 0.3684237571845062 0.39054032565746843 0.41733359517358615 0.44714568308717034 0.4788892614152068 0.5118146883125534 0.5452106148171637 0.578318183679465 0.6103070482052529 0.6402766236506016 0.6676220537956834 0.6919637655478948 0.7128331594714858 0.732279937776033 0.7502887928965704 0.7664104042404536 0.7801747065378567 0.7910993513591899 0.7986996144615843 0.8044664120125333 0.8101054078038992
0.3415175355731678 0.3778230093375325 0.4237081217892118 0.46842093630169934 0.5041588661942504 0.526842500284176 0.5362317812265317 0.5342564650481028 0.523809857768964 0.5078430252240514 0.48890865263794936 0.46902936273484985 0.44977844637772824 0.43204011414411964 0.41449283429661543 0.39714859853386875 0.38034909620245855 0.36414423476484 0.3482102462558008 0.33533207948363714 0.32780758678419575 0.3253451947827657 0.3409913557934082 0.3706072101570887 0.4012529026251733 0.43295482334930946 0.46622654619809645 0.5005536888228903 0.5353294925729917 0.5698467736279836 0.6033004249372776 0.63484454991842 0.6642298614505162 0.690723509012565 0.7133491995909926 0.7336061358229395 0.7524687987525628 0.7694874552663252 0.7841884575074188 0.7960820418594275 0.8046711206708197 0.8112927001340889 0.8178880276071857
0.3337984992222484 0.3905552308788492 0.4499246126696473 0.5017325311554491 0.5381852450022157 0.55587552687926 0.5565942215512941 0.5445608561788123 0.5245693525218004 0.5006646000179278 0.47539315999433374 0.4505273151573133 0.42729017518678675 0.4065489102435745 0.38800145421466803 0.3704230860800039 0.354158964579648 0.33924812918024316 0.32535397749262013 0.3147186182931378 0.31003929185600226 0.3124309901882442 0.32998745931980167 0.3594728891124721 0.3918997297397876 0.42473187701533066 0.4585573227946077 0.4935724954488139 0.5291447395266528 0.5645552110934772 0.5989908154017147 0.6317888623044594 0.6627284827290906 0.6908844991501292 0.7152294792132936 0.7360844414294573 0.7555242371160612 0.7731767215928596 0.7885668166464059 0.8012011664324317 0.8106485946050077 0.818382301544819 0.8261787984395247
0.3727937423813159 0.4392457965667436 0.5066276003675761 0.5618330150834799 0.5940807819239163 0.6004819613295084 0.5873948068183098 0.5627724311615694 0.5323430021874069 0.49994690570036937 0.4679857224576643 0.4379166515180653 0.41063094659807853 0.38673052980243317 0.36653934815219813 0.34860801385066936 0.33292719845762736 0.31963937748525695 0.3082993679245032 0.3009210912462833 0.3003958088701539 0.30820091370163255 0.32731306726806575 0.3552205669600515 0.3877182856676353 0.4218185063177355 0.4558274442923814 0.4909172459608181 0.5267619542808677 0.5625868002199157 0.5975459109899705 0.6312395002820518 0.6632411745373306 0.6925638993903037 0.7182204340385512 0.739981009538798 0.760143966909762 0.7785364161653757 0.794568312065008 0.8078431032218997 0.8178950059630332 0.8263987473108654 0.8350216050944863
0.47990407959165343 0.5358790828643842 0.6032838388370799 0.6572133920043938 0.6773436591889961 0.6639801104200098 0.6309572033993237 0.58962978925993 0.5463401840525701 0.5043662565497854 0.4653555412323801 0.43008057248551856 0.3988706472451159 0.37191034025216824 0.34947923337816816 0.3307698254561527 0.31525993842634 0.30350010690745255 0.2949645799597425 0.2913690537404011 0.2948604640845409 0.30615396454040544 0.3266465349781787 0.35396543018904275 0.38613274854695817 0.4213350708449766 0.45678382088057723 0.4919706959853719 0.5279970893640611 0.5639276867522969 0.5990348734561409 0.633257635517858 0.6665406843968271 0.6978765427657143 0.7259426553307353 0.7496126868882967 0.7709604925633735 0.7902920619737156 0.8071715210449217 0.8210290458115251 0.8313489677318628 0.8402167936913764 0.8489033317459543
0.615360437239076 0.6686568543668187 0.7390329578122422 0.7963997732061306 0.7940417485289064 0.7443555696249796 0.6824084446269363 0.6208113373547333 0.5635027828334719 0.5118190881773144 0.4660684215020574 0.4260602672589432 0.3913865157629183 0.36145574362952765 0.3361463297262461 0.31560148626515716 0.2995913963936597 0.2894921707904306 0.28435165614212715 0.28496774175008033 0.2922067037880565 0.30634531677573046 0.3283618799452619 0.35604823361507176 0.387710086624745 0.4224959734492176 0.4592100273378077 0.49498121748642304 0.5308146741278527 0.5668038393811816 0.6029827352087082 0.6393405473073647 0.6751817853083897 0.7093077674224567 0.7401351511748627 0.7659796077216644 0.7884867841922197 0.8089057422671593 0.8265754133704752 0.8408244297586939 0.8512892324150639 0.8604669897899181 0.8691552978048608
0.7639304685265514 0.8140863670500728 0.8915479227275657 0.9851179927182929 0.9264811144643729 0.822769570234349 0.7306029456381672 0.6498038513295665 0.5793882195592639 0.5187958880751059 0.46719069040753414 0.4233839854401594 0.3858730014872989 0.3537031734006108 0.3262105271366882 0.30330161481350393 0.2854981027041073 0.2773914447954108 0.2769644684717144 0.28217850503897085 0.2928864957923685 0.30950239482183645 0.3330259067615052 0.3613748245801432 0.3925954874261967 0.4257905093202485 0.46030954817740716 0.4952798069749014 0.5300229307770089 0.5667781256679084 0.6048889767892055 0.6440006355636511 0.6828140418021574 0.71990957347443 0.7541986069016847 0.7838641561209017 0.8100433661604765 0.8333986692038022 0.8524823529956346 0.8668832241325333 0.877420822211572 0.8867704085792918 0.895284260126567
0.9093052667315906 0.9443379073008369 0.9996876940271833 1.0452655854359945 0.9823143152231101 0.8670369626597412 0.7586360701641439 0.6643264159003969 0.58430825849563 0.5175237130918341 0.46214946869655527 0.41612219166609404 0.37779392045220295 0.34552418269719265 0.31788931334671533 0.29381173225517326 0.27184079967781316 0.26831665862186904 0.27508975828016424 0.28457068752450676 0.29796131690127486 0.3165034950144622 0.34087517795007427 0.36830117224979897 0.39734704592880493 0.4277934495049991 0.4592266641241632 0.4919565554901183 0.526644953065598 0.5641004927756279 0.6036644023520502 0.6450371487196354 0.6869275461691889 0.727615220310434 0.7651645210049932 0.7985493261150851 0.8287624677985179 0.856424350352008 0.8799212700677541 0.8976319815806825 0.9095242115403813 0.918800446307872 0.9268100408579848
1.043190595870096 1.0491669493719153 1.0586978923581187 1.0420629083373791 0.972279301346437 0.8671191295055484 0.7580178203239692 0.6595691662238237 0.5756662997568185 0.5061582752624072 0.44951229737918896 0.40399922008960065 0.36741644272579305 0.3375731187301946 0.31269508448962324 0.291780535228969 0.2750708196256427 0.27216447381761305 0.2796637376777236 0.2918145354157312 0.30772125496182173 0.3266546096887103 0.3497657151032569 0.37497585486819973 0.4011738539243624 0.4282797508825392 0.457120300617636 0.48828445670139176 0.5213000081617603 0.5585398238059931 0.5990954713027645 0.6422387929165669 0.6867324453207048 0.730865970143277 0.7725591377158157 0.8097656898610426 0.8440035521963899 0.8759695939291245 0.9038634616188161 0.9259537718650308 0.9432454575653093 0.9558065080668335 0.9632946659639124
1.1605703219905545 1.1304071116789216 1.0933199177911286 1.035433609672258 0.9496020081116333 0.8452982399678611 0.7376790906683 0.6390080802472591 0.554543779579779 0.4849212817758534 0.42979457727704057 0.38739715960290566 0.3548842923677517 0.3293336603372102 0.3090447823164246 0.2936571567128616 0.2838771264631727 0.28120405062375187 0.2870636087454392 0.2993628936043277 0.31531832503561635 0.33465778453211176 0.35733183896961906 0.3802134722653434 0.40352533651784717 0.42809131377391246 0.45485467408596036 0.4839851269047066 0.5151840857964397 0.5500115567234902 0.5909768630742446 0.6354217956527408 0.6820652318042463 0.7292331888233716 0.7750197789981522 0.8169740046395159 0.8554950521841026 0.8917832343133406 0.9240551345819609 0.9510380826668368 0.9738573569888739 0.9915162061638977 1.0029410781253736
1.2516712229593587 1.184513087325583 1.1107639428718934 1.0240165101702998 0.9232290950839204 0.8149595266320645 0.7079508068510747 0.609511691374794 0.5244369119917309 0.45578071249277824 0.4036744724987074 0.36552259683738647 0.33814829542565705 0.3181656997283231 0.3034449707639653 0.29345157528006943 0.28798025581497955 0.2869216422656825 0.29277579310042123 0.3035832636734929 0.31847616132882317 0.33726931298069485 0.3594239698066262 0.38114779136740223 0.4020195234688746 0.4251348033333332 0.4507421247898079 0.4784085740747585 0.5075602457181704 0.5396457703713599 0.579142024797656 0.6244367978331223 0.6727972554652732 0.7226909680466349 0.7722678315631738 0.8189142365089288 0.8629497480345929 0.9037153024739581 0.9403962265616086 0.9730753721793257 1.0014506890108543 1.0241010349085662 1.0398107087904962
1.3068934392419314 1.2131863323550138 1.1138486046552543 1.0073075212186453 0.8951110905601753 0.7822632211760814 0.6748732842992425 0.5760790421496125 0.49042663221269006 0.4208327215902718 0.37016910145313753 0.3377176767505391 0.3175968042521548 0.3043873173864969 0.29539769349628425 0.28997926772275967 0.28750349721743584 0.2885012843513134 0.2938333968424561 0.3033192929581339 0.31684408152085397 0.33445101364713975 0.35489065588755075 0.37501256846975567 0.395796778859739 0.4171372007081339 0.44088892109617056 0.46731536183138406 0.4958701809024191 0.5263752532451409 0.5633273952731903 0.6088465255835068 0.6587531227418024 0.711195087012368 0.7642521796948252 0.8155191735129571 0.8653974648138478 0.9117396473791431 0.9536480571150745 0.9924041354477555 1.0263290419342117 1.0538068255628308 1.073489743619766
1.328719418848022 1.2197186223606347 1.104723818152399 0.9859551213950237 0.8665749563339018 0.7508412977465815 0.6423475636891546 0.5431988340323943 0.4549226726494226 0.3821904753311764 0.33167228039254154 0.3066369531264995 0.2957893402484181 0.2896767125006491 0.2857658735360131 0.28383835544460134 0.28357629469551443 0.28544987421621965 0.2902500851439147 0.29835200995370703 0.3100450635129304 0.325724403458368 0.34326766778715384 0.3617610086568171 0.38193309042653895 0.40308659232832067 0.4247901307027137 0.4493010314903293 0.4766872766872216 0.5067044684302564 0.542897797387485 0.587280602669047 0.6385537737294358 0.693742757749256 0.7506481548225714 0.806991883870225 0.8628473245131902 0.9156928936246808 0.964561173406163 1.0095466593558997 1.0489866804894525 1.0810713877823983 1.1043677523617539
1.324997042536041 1.2090144707593475 1.0861207658110734 0.961258617494101 0.8387818398332251 0.722447426377874 0.6133821290714556 0.5130875434760777 0.42401736902935633 0.347691671863747 0.29048102869266895 0.27891628741037267 0.277251590742642 0.2765335674402693 0.27600740788995687 0.27610330670410976 0.2769536259048408 0.2787456738594904 0.2823170382893218 0.28852080909163214 0.2980554679964115 0.3111718646732571 0.32557890763116226 0.3422386855377432 0.361084188896059 0.3815435782225439 0.4027970822889016 0.42499449049708077 0.4505756005859919 0.47955276883109343 0.5153879351723383 0.5598292173145926 0.6120910711048916 0.6695280175166975 0.7301055565056132 0.7924334341684267 0.8554048353017895 0.9166094740491515 0.9737910031923653 1.02519836695858 1.0700732167052793 1.106449511661457 1.1328993326300196
1.3042929567983417 1.1863141431397268 1.0608599753079397 0.9344741712605416 0.8123380628232049 0.6966018010117025 0.5874302042150371 0.48898147239727013 0.40372909807325585 0.3325596476004806 0.28197528518824333 0.2685817196161284 0.26683376365881595 0.26681919153943523 0.26719691358996994 0.2680420714921241 0.2684931943797136 0.26891828880044555 0.27058236767254384 0.27456673609309423 0.2817490116059443 0.29157314021857533 0.30313272575589983 0.3175618089913543 0.3345787324293171 0.3537069393981616 0.37426437022766157 0.3953480325502671 0.41859150735479744 0.44597155473873973 0.48098558621823595 0.5253432987540863 0.5795604815017771 0.6390694598133496 0.7031102075621384 0.7716673040990315 0.8431934400178288 0.9147242069865579 0.9816898823461965 1.0402177214464912 1.0903512968060294 1.1305276751655282 1.1594760130917527
1.2730818959234032 1.155860600378468 1.031158607655114 0.9063037748402218 0.7862925788575783 0.6706690860200912 0.5639300558708237 0.4701627991198107 0.39178661945454196 0.33077974899028256 0.2900771628726262 0.2702481320419791 0.26288252268419404 0.26032482816824204 0.2600033531369389 0.26006618824040356 0.2585967228449575 0.2567173480291506 0.25591110578574316 0.2574017868150925 0.26195653253928025 0.2681455619140251 0.27705232131877117 0.28910671329087717 0.30403571504402754 0.32140310194285976 0.3406272736779692 0.36098100053747173 0.382102967999921 0.4073729550749144 0.44102418495174767 0.48471511354595787 0.5398417087509332 0.6029082400031156 0.6707383880155088 0.7463777825186527 0.8276936986483306 0.9101121965129731 0.9879631893440037 1.0555001531962067 1.110645226124083 1.15382434644207 1.1843007244410717
1.2352881914182283 1.1199273027657644 0.9975101094131753 0.8757066209396154 0.7565222485370595 0.6428160754778917 0.5401770909023644 0.45221695711286103 0.3808237095989758 0.3268905086613756 0.29060551024983167 0.26982642595372536 0.25964634785478796 0.2555342351073043 0.25460072365223807 0.2526609142820597 0.24832103487671636 0.24337677239960037 0.23960898642919862 0.2383121619888367 0.23935338097748582 0.24222142750983652 0.248613705091161 0.25840940848777494 0.2712432812408097 0.2866454513731662 0.3040802590182288 0.32297870332772427 0.34271614769152525 0.3654400038562755 0.3971398946041242 0.4395424634317288 0.4943721929676456 0.5603829663265953 0.6347221206390486 0.718381155644402 0.8100271714869678 0.9041837207730762 0.993592567215786 1.07084353250816 1.1316302281674435 1.1766426756315778 1.2072334066027786
1.1900070632741577 1.0758013266314048 0.9565864203648516 0.837108603253494 0.7195021743431148 0.6092023746627062 0.5115303518307039 0.42948160024881293 0.36422064287474076 0.31564019468038046 0.2828590055984867 0.26386453936098336 0.25556160333468014 0.2542843139210695 0.2534177806792902 0.24845654941087295 0.2402197660301883 0.23160515918453314 0.22469105769273132 0.2202448957252933 0.21735122301812762 0.21696301409234817 0.22039490570733117 0.22753083416090433 0.23805574200433224 0.2514685618677687 0.26684401936361796 0.28370353622167255 0.30170063297036515 0.32200079386738867 0.35112512832229525 0.39150105817980063 0.4452905801996538 0.5141894337289417 0.5959714872424835 0.6884438115416361 0.7911724225018572 0.8983872370234113 1.000429795319238 1.0872178341440024 1.1527798941361302 1.198755001481885 1.2275634203175665
