_RESULTS/CROSS_VALIDATION_POSTPROCESSED_CLR/MHZ/IZ/1comp/4/MHZ_IZ_z_125_kriged_reverse_1comp_spherical_4.asc
ncols 100
nrows 81
xllcorner 5.5967107548124995
yllcorner 50.982328804812504
cellsize 0.00017565037499993607
nodata_value 1.7014100000000001E+038
[rows 60 to 79 of 81, columns 44 to 87 of 100]
4.784358732873822 4.783923877122901 4.771625966221129 4.748644283937192 4.709331212919707 4.651970732550025 4.5814720243126 4.502647999799727 4.41830275510432 4.316489502333985 4.191984037222352 4.061488797689011 3.927734501134439 3.79454480107315 3.6795250712315486 3.5898576144538223 3.5279104726167057 3.4767659764881014 3.432946350325183 3.4007657633564263 3.3759170056068566 3.357360070327452 3.3464192959660375 3.3467987814120637 3.36858089588268 3.420143916661716 3.506735688820016 3.6194063045662976 3.7448258981601676 3.8724452499098643 3.9945655277332426 4.105385515316237 4.200411051858248 4.276747839868162 4.336697247283369 4.38035465477164 4.407522604136065 4.418521800712502 4.414201098685178 4.39689683736155 4.368415580424463 4.330390151839757 4.285252014443465 4.2427248723507525
4.654212148454696 4.679181665279531 4.688082873155134 4.682131039874636 4.662716175766041 4.624424150651139 4.57201052168836 4.509447027278724 4.436027164952357 4.338525612169825 4.210123919385083 4.0729745236523245 3.93343949627104 3.8077227772074025 3.702704968871765 3.6228807936452307 3.5587510864051217 3.5006569154247305 3.449727321287603 3.4098158404931316 3.3803252049621744 3.3610017492682123 3.352880793984106 3.361388473781063 3.3915902007228307 3.4484062272615166 3.534119627677351 3.641756746096713 3.762097167188765 3.8863295102507553 4.007045418559871 4.11823498074489 4.215065750133885 4.293711263550949 4.352386646378016 4.394525434703344 4.420246261078526 4.430441576697253 4.426249898938822 4.408943955941291 4.380035988280939 4.341171949921015 4.295789928137268 4.253687196645788
4.525727688389742 4.577880228480132 4.607879413725859 4.616334638151168 4.61063417273327 4.588088480265682 4.5510710717340155 4.499395105166069 4.433171878261561 4.337259965771204 4.206625442359273 4.068122193641873 3.939158290173748 3.825451716272261 3.732083402344891 3.655253182682269 3.584190314546498 3.520276526716992 3.4650956316170642 3.4199833798665065 3.385717558919513 3.3637095968197164 3.3575796483485223 3.3723357693476093 3.4095075741699077 3.473554690939086 3.561747682074178 3.668629165646279 3.787140737769015 3.90994228399609 4.03025349802065 4.142162378775451 4.24066805719666 4.3216540578263976 4.382129449499979 4.422789634241891 4.4476964797840015 4.45713928315178 4.451896913550729 4.433195350000826 4.402562941443354 4.361698716966397 4.315924335866835 4.273951049120466
4.400613553691287 4.482603645612274 4.533511620258267 4.550679947572951 4.551790522580161 4.54189661425171 4.515982627838727 4.473391641215871 4.408860179673325 4.313468432012911 4.190706688218785 4.065858985529679 3.9504870262505674 3.8499762184991337 3.7624696825744004 3.6792885997082454 3.602196519005753 3.5331885601465913 3.4742804157615654 3.427268957590376 3.3894091048168598 3.3650596432527053 3.3621750692371366 3.3815178798045853 3.426961892878951 3.497433861878641 3.5895160104679538 3.698229534760046 3.817532347843692 3.9410207467573977 4.062499540185669 4.176311121606591 4.277490216541732 4.3618417670254885 4.425998292309007 4.467650266680861 4.490922896652166 4.498358466021957 4.490699518771059 4.469222284403536 4.435554022764847 4.3916238152971445 4.345597892691855 4.303409994762023
4.2746611222952735 4.390639760554827 4.4656656937370425 4.478363258697624 4.48194878430165 4.4826329782693755 4.465708273306184 4.430236038828217 4.370033336585253 4.28712345967331 4.1807704668259875 4.070782036994005 3.9699551379658 3.8753266324837674 3.7824385448274978 3.6935262147175494 3.610924573286268 3.537073265751046 3.4744577549208606 3.4253830655288358 3.3874534118548536 3.365029056241239 3.3651661531785484 3.392662617123354 3.4464748020249396 3.523902330803611 3.6211977728273608 3.733637449940092 3.855791052877746 3.981896854966264 4.106209442847483 4.223253322367558 4.327997091541048 4.415997569925679 4.48354993547518 4.527839454524874 4.549092498360381 4.55336117324515 4.541943753934332 4.5162990138783545 4.478265418240533 4.431255095015689 4.384572343918893 4.34168702279613
4.136344827788036 4.268379448761387 4.359699631004058 4.379644088529286 4.3957050622571625 4.411451560992325 4.412023413103717 4.389026968064436 4.340842764314527 4.270205818726166 4.179394110223941 4.084138684028317 3.986899342400589 3.888296695459184 3.79069466043088 3.696599523069497 3.6087205441708283 3.529979486920344 3.4634187725872856 3.411879331655116 3.375075169044718 3.359738023160144 3.3698838850474093 3.406091282102894 3.4684153260525417 3.5534956996320286 3.657247386148653 3.7750231764338555 3.901748328270072 4.032093361011755 4.1606471126903894 4.282065746598714 4.391211995299558 4.483327960932106 4.554279339242449 4.600855817149246 4.621251607532314 4.621212743771758 4.6046481155787005 4.573387339259774 4.529630844474421 4.480295835731022 4.431794871778044 4.383581506997869
3.999538090553935 4.121550382972694 4.214418839032727 4.273041931097211 4.318799917920457 4.358245766983153 4.3745143153165 4.36291160483307 4.326217075940776 4.26681937870544 4.182816950045476 4.088765995007907 3.9898092610767915 3.8883206235891685 3.7867887770826867 3.6879239722884574 3.5947644693966403 3.5107373205529253 3.4395825394671484 3.384886180851144 3.35255309303849 3.3482889239654474 3.3717470711203514 3.421058599312297 3.4934068707658112 3.586837476372342 3.697973692608717 3.8221941121714744 3.9546945992855895 4.09050030968917 4.224488336130683 4.351416764946207 4.46598390919995 4.562984329616898 4.637646153983587 4.686160774539261 4.706225728707655 4.700775177719693 4.67752151183645 4.639080648963259 4.5894757845688865 4.535807411798633 4.480431706959193 4.425333681983417
3.9106191578567633 4.021308965389616 4.118070110489123 4.199720217549143 4.271705168852322 4.328550510047077 4.356111938540252 4.354033824022949 4.3220745837286305 4.260725352975132 4.172489673758795 4.07809271484865 3.978780607205256 3.875526648931512 3.770860090303964 3.6675845148015602 3.568960037746298 3.4788884249945653 3.4030830597460366 3.3487509616683404 3.3236204355049352 3.3301566274361236 3.36718286265827 3.431301533670318 3.5182480318926856 3.623779337994013 3.743903761746335 3.875149554574294 4.0140460955453 4.156028457701561 4.296302085464658 4.429762766153864 4.550918987412438 4.653940392423571 4.733040152748151 4.78336500500338 4.802136225973168 4.79063424255791 4.758631285818446 4.709700322278779 4.651731218831295 4.59005430330501 4.527210957325446 4.465244124812491
3.8793138018472186 3.9821403778995577 4.0799830260158245 4.172428066716274 4.253266091451613 4.314134551788082 4.34373524803479 4.340704341082296 4.3062045633283255 4.240828869097164 4.149337682512985 4.052901140325336 3.954204864505313 3.8504278023914154 3.743579700009662 3.6366150696316253 3.533794476054754 3.4399848788868517 3.3614215034645683 3.307171549058361 3.287332853422571 3.304635100718251 3.356363794495504 3.4364336492987517 3.53860170587102 3.6577472759842333 3.7897334199106876 3.930941560444364 4.077888568780853 4.226958623038134 4.374185631045399 4.515017443974086 4.644028559356633 4.754670269381364 4.839458104370346 4.8913327574630046 4.906196670379698 4.8848511965324475 4.838414054447326 4.777572851604302 4.710368138174957 4.6403290261635375 4.570052329544289 4.50150090609137
3.8803261817461645 3.9778524438095966 4.0749182194078095 4.164651798477277 4.241202702024709 4.2983867606738695 4.324129755864798 4.317424617381182 4.27886273762048 4.208690812972999 4.115610837256239 4.0182021835089134 3.9185657447317825 3.81671886504973 3.7110428089276093 3.604256529410737 3.499811600009786 3.4022482875391504 3.318212564116818 3.260133968369292 3.242723656953956 3.271849442293796 3.340975383773568 3.4386953310836468 3.556354932143347 3.688463245005807 3.831236388734772 3.981591305735545 4.13661621297921 4.293275436498207 4.448179537825626 4.597291916503466 4.7354367603205265 4.85550301194278 4.94769362699979 5.000846890404629 5.008361824717698 4.973056663238572 4.911338822625515 4.83919270689782 4.76221597863357 4.683938185282717 4.60671589203167 4.532249056804983
3.906067050251397 3.995014182787419 4.081716059200618 4.163896687864886 4.234489300972541 4.286024780586873 4.30603952613448 4.293895954090278 4.249862830863144 4.174137516284858 4.082024306214864 3.985369437420508 3.8857006361830013 3.7844923538438966 3.6820183967937483 3.57707273021937 3.4722560174005976 3.371094576410468 3.279090119861617 3.209772545742912 3.1890321906434456 3.2342632989303564 3.3259998564688127 3.442622851525285 3.5746287963461634 3.717654573227968 3.868949832992435 4.026216957409604 4.18719580190078 4.349476459856883 4.510355070271516 4.666607478158209 4.813977467150385 4.945896646738741 5.050540873810122 5.108189569937589 5.104344181636816 5.051031002447773 4.9740539622737785 4.889809977319769 4.803517978105735 4.717977057354633 4.634949402587724 4.555718715022501
3.9432128934213124 4.018723314894422 4.0946558641234185 4.168682803357202 4.232814694214316 4.276981266144678 4.289941461322435 4.271396877489734 4.221278427180199 4.14203698843226 4.05262484019836 3.9581803414377754 3.860180736580166 3.7600179486400167 3.659025320378252 3.5580613616027246 3.4559783855870543 3.354549501176186 3.256059850106353 3.1677899359257635 3.125739430143472 3.204140087612346 3.322897339083024 3.4552109165011373 3.5972283150220803 3.747127902254275 3.9033426252459757 4.064250473815016 4.228093261392061 4.392948868992095 4.556707390882931 4.71700769824031 4.871027378552498 5.0147040234106255 5.139092678167334 5.212014577842044 5.188255752922142 5.1112158825987635 5.018218261856828 4.9236598362339805 4.830330264132468 4.7396817300453735 4.652751263656203 4.57041169563534
3.9819631297363123 4.045590382602108 4.11149025046127 4.177445980971228 4.235174709296612 4.270323668128017 4.275301801060709 4.249628880829889 4.192946575505728 4.114345832789336 4.0288086136398045 3.9380269438026976 3.843467289313499 3.7465217880394466 3.6485257025716322 3.550777246610055 3.454566070125473 3.3600453804880677 3.265960114455505 3.1793450319260472 3.134485092086188 3.2233686236576355 3.347408373920649 3.4828562003552412 3.6268653120250676 3.7778654492611063 3.9344032984634176 4.094954563067109 4.257880952950735 4.421425602557506 4.58372310486979 4.7428159289344 4.896673070624623 5.0432082494809976 5.1808869118218706 5.309702434359466 5.230681496374744 5.134908901747878 5.034149290767677 4.935418647449793 4.839468685130211 4.747000677800005 4.658715757942549 4.575315005338098
4.020129427176264 4.073440917002273 4.130235397919387 4.188561904031843 4.239149035058518 4.264547592779383 4.260980763074631 4.227703507915057 4.165938407509024 4.092102436296752 4.011537875131012 3.9257930276676682 3.836372603187172 3.7447585597662365 3.652448556013632 3.5610286953287336 3.4723305658049286 3.3884587861262556 3.3096288778312166 3.250456812738676 3.2395155256893435 3.297209234089321 3.4003066918559712 3.5253508942324787 3.663010355754526 3.8091767587318928 3.9613136771148336 4.117368499237908 4.275406867074839 4.433465140077908 4.589465417063221 4.741112928256729 4.886011369246748 5.021735944833019 5.140036192216221 5.209827507546118 5.186414604241721 5.109717279318912 5.017154074534412 4.922865146006334 4.829709227549478 4.739182837696804 4.652343971685799 4.570076501117108
4.056023095493502 4.100514992307212 4.149211168741889 4.200447821809578 4.2423007140537266 4.257768082978079 4.245388008972462 4.204249707298276 4.144100676678167 4.075938183813907 4.001327052270026 3.921832577413389 3.8390332993652674 3.7545557403728824 3.670142490676545 3.587782292039897 3.5099691353155356 3.437776992259689 3.37390549647394 3.3330251571107277 3.333036945306345 3.379781138124781 3.4649293307890785 3.5753015157831856 3.7017234363369313 3.8386517263951943 3.9824544252417833 4.130354347083002 4.279899994710191 4.428888034186274 4.575316838948046 4.716627871675475 4.849317960890669 4.967629253107701 5.060659297925422 5.109979752406916 5.102457582535167 5.048647313915295 4.97221271277505 4.888363044488289 4.802356335105256 4.717029321421761 4.634168355704487 4.555072133382575
4.088394365403225 4.12543391462718 4.16703679128443 4.211190246926762 4.242242156304991 4.247845895812393 4.226603170206539 4.182177590607091 4.127930528450404 4.066116518573968 3.9982845583256297 3.92602987024245 3.851013822817166 3.7750093259279636 3.699984146298706 3.6282458810460665 3.561574307794869 3.5003266031867004 3.4491023046084908 3.418330438951268 3.421351436053181 3.460348783980206 3.531358618870785 3.627007631170469 3.7401830407651175 3.8653805276404563 3.9984980480682863 4.136317075381726 4.276078407600005 4.415165193489178 4.550816407425282 4.67977353924117 4.797740058742567 4.898562991186148 4.973500971974368 5.012554175187535 5.010208886751794 4.970373890296754 4.909040184563311 4.83729071507839 4.7606393322305784 4.682625631433592 4.60562006195148 4.531334273356406
4.116344738870198 4.147141687127994 4.182601423031527 4.216665854492492 4.23650124758889 4.232473830886987 4.204737541386751 4.165373848953678 4.117504784207795 4.062596990561542 4.002192304036244 3.937913586815836 3.8714883035122463 3.804795134025585 3.7399415551579387 3.678815668413971 3.62115608121986 3.5696457285975662 3.5281778635476355 3.5032982315194796 3.5065759042064952 3.5394519222932126 3.5994874938045616 3.682060170591853 3.7819690395550105 3.89446536942773 4.015517869897301 4.141683571249493 4.269868129835063 4.397075854602867 4.5201527757566895 4.635495051374986 4.738712302380794 4.824346099141666 4.8860397172786 4.917864411209222 4.916776416990162 4.88532098642191 4.835888190758043 4.775393676281029 4.708508059441815 4.638748617912085 4.568714344100141 4.500373569952074
4.139240960280064 4.1648410351481155 4.193647797757531 4.2144090341211875 4.2225641806402905 4.21088506160384 4.18695821699682 4.15377541522036 4.112679404442968 4.065109760135713 4.012600202439053 3.9567869802735784 3.8994311956679 3.842457913730912 3.787570915593754 3.734422743273361 3.684875855152001 3.641613543491051 3.6076522535914504 3.586652155368745 3.588578642579618 3.61579685478613 3.6665168738998526 3.7375042456179544 3.824831346996263 3.924515775761434 4.032830712365979 4.146348297789715 4.261841927999368 4.376129998238149 4.485896634625274 4.587508163330243 4.67686622821573 4.749408499665514 4.800460726593283 4.826100986247721 4.824275448927074 4.7985091876874835 4.758204268048767 4.707380094073801 4.649703438864323 4.58830025896957 4.525706624626726 4.463965434855312
4.156641873092319 4.1776914237740215 4.19486974277223 4.202356317455644 4.20017018289997 4.191915226444928 4.1738568915310275 4.1471648579493054 4.113150429096764 4.073228145994809 4.028915947987334 3.9818431872684856 3.9337679699478194 3.8859713954812705 3.838248247762937 3.7922229395620812 3.7499185814988127 3.713576581942297 3.6855188828534295 3.6678652886041725 3.6673402228017857 3.6889399279602895 3.7311857463097677 3.791593319517969 3.8670495515233068 3.954192218382904 4.04965648910962 4.150169551412796 4.2525359101012805 4.353562450151952 4.449960941381593 4.538261755511495 4.614785645536022 4.675745679779833 4.717557497164928 4.737359130672097 4.733680616196304 4.712644551306239 4.679447401976872 4.63674953823542 4.587374712818561 4.533963624914107 4.478833283290907 4.423965115069397
4.168213541890312 4.179894892242254 4.184065325673003 4.18311951576736 4.181058591061338 4.177085969078446 4.165169594365064 4.145215720200895 4.118507257150692 4.0864309205368325 4.050478064008031 4.012243832475775 3.9721701193762002 3.9307827925871033 3.889550379912467 3.850099609679079 3.8142002718060724 3.7837042897849242 3.760417052478979 3.7458945039070057 3.742931184118249 3.7587931708660096 3.7929978076159108 3.8434954623243165 3.9077026989893566 3.982729738978502 4.065557244834245 4.153133494451026 4.242401198958635 4.330279519143153 4.413630214084841 4.489238672674526 4.553845447445238 4.604266501462787 4.637624322938493 4.651659681141991 4.646695587313421 4.629446056612318 4.601929204612576 4.5660711166077865 4.524056560631704 4.478073920408226 4.430167960431541 4.382181625287296
