_KRIGING/CROSS_VALIDATION_CLASSIC_CLR/Berg/IZ/train_2/Berg_IZ_2_train_z_1000.asc
ncols 100
nrows 90
xllcorner 5.6208707817415728
yllcorner 50.959635321741573
cellsize 0.00013419651685393446
nodata_value 1.7014100000000001E+038
[rows 38 to 56 of 90, columns 0 to 41 of 100]
-1.8495866063138513 -1.6602178528628235 -1.4615417995914746 -1.2546542902460536 -1.040383557840338 -0.81925770177172752 -0.59157932321820028 -0.35762960749400663 -0.11800568485346677 0.12592949721974175 0.37153313859569947 0.61437871741895633 0.84785560393567549 1.0629722017373859 1.2484531164612045 1.3911933642860903 1.4770886784642394 1.492205455489765 1.4241947322920845 1.2638016462128208 1.0062851818559915 0.65255101851428576 0.20981777811723543 -0.30831607966793428 -0.88246632571724093 -1.4886941509187042 -2.1002637817441312 -2.6897412323805416 -3.2311984917704639 -3.702269236283986 -4.0858188920031981 -4.3710406673678683 -4.553862309412807 -4.636634850819588 -4.6271624024901321 -4.5372098761583963 -4.3806845954899645 -4.1717225270109832 -3.9229180902765179 -3.6439187127653736 -3.340563980644462 -3.0146882004502467
-1.6673871549722696 -1.460766491206366 -1.2470759500611754 -1.0285324840466663 -0.80718516126737883 -0.58484733087492402 -0.36312857919782204 -0.14358974231358193 0.071974306083147005 0.28114412675806988 0.48042512082829147 0.66481029995373375 0.82744818305084578 0.95951316598460834 1.0503646149856729 1.0880517275468991 1.0601757433047199 0.95506473741239772 0.76315736765062936 0.4784407415041636 0.099754195318263433 -0.36823660749292331 -0.91456794941346176 -1.5221289959753845 -2.1684799741350838 -2.8272938976857174 -3.4702908905194989 -4.0694618707156351 -4.5993327947564708 -5.0390092169860967 -5.3737653396477505 -5.5959979551118746 -5.7054448374300755 -5.7086573748911977 -5.6178059708796848 -5.4489727887236974 -5.2201415154435136 -4.9491233315466143 -4.6516610358622286 -4.3399308315922749 -4.0216168884582286 -3.6996715972616308
-1.4980750447345861 -1.2768106457395183 -1.0510311577497566 -0.82409889525646407 -0.59931576480174642 -0.37982064828507078 -0.16857732701945086 0.031523329701853092 0.21744156627621233 0.38566652034568505 0.53184000622755234 0.65039778458746667 0.73431706321436052 0.77506314827602352 0.76281547663915261 0.68702256573453169 0.53728896420030892 0.3045408605620723 -0.017640655967083668 -0.43167822826365509 -0.93483760239303693 -1.5184388342401063 -2.1676019677262119 -2.8616322710240198 -3.5750705485203249 -4.2793440083748813 -4.9448667401043824 -5.5433700996321971 -6.0502036099594978 -6.4463429714226876 -6.7198740856677617 -6.8667853617123367 -6.8909850096322636 -6.8035529007506472 -6.6213249885172925 -6.3649812684346792 -6.056858249260257 -5.7187303218755892 -5.369801267085883 -5.0251200683976904 -4.6945882186147614 -4.3826632891432151
-1.3480238328508867 -1.1153296377535844 -0.88089563767643342 -0.64920551071149846 -0.42479283931868594 -0.21210577047278381 -0.015451505300278862 0.16095574612278593 0.31283767138129348 0.43560389705339531 0.52405783710657317 0.57212493080831961 0.57268767550602973 0.51761441431334076 0.39805457664322375 0.20504117609955738 -0.069605525849217892 -0.43213503064728642 -0.88560173988968871 -1.4286407292489491 -2.0544712611195934 -2.7503119396062332 -3.4973574733347115 -4.2714048112762004 -5.0441338647743432 -5.7849573400834231 -6.4632698014307373 -7.0508619358985758 -7.5242329645124126 -7.8665379291907769 -8.068946675690615 -8.1312612828085076 -8.0617274600886599 -7.8760697669184587 -7.5958673507814805 -7.2464556681793457 -6.8545836218618916 -6.4460722822744367 -6.0437121205916853 -5.6656041937958772 -5.3241017708254059 -5.0254472049562535
-1.2230323464800057 -0.98259898319959604 -0.74331007443444208 -0.5106980854501677 -0.29045332073403274 -0.088259352341220315 0.090303398302031573 0.23976291985113615 0.35466402513426032 0.42939725721215694 0.45799078485529576 0.4339301552741881 0.35008484950979635 0.19882138184092721 -0.027633063421094201 -0.33654521970797746 -0.73376408702989537 -1.2226129307991995 -1.8027076208499848 -2.4688649166291428 -3.2102837638116406 -4.0101739369664404 -4.8459672647197305 -5.6901805226228372 -6.5119145378393437 -7.2788838500160722 -7.9597899917197168 -8.5267927903035705 -8.9578082322568271 -9.2383730543241107 -9.362863657918485 -9.3349325904036924 -9.1671178144886518 -8.8796745329695526 -8.4987634291003129 -8.0541927595050655 -7.5769490295214315 -7.0967607532337089 -6.6399245585181363 -6.2275874355002037 -5.8746287239765635 -5.5892254292662491
-1.1279589673816821 -0.88379312080042838 -0.64364647182775969 -0.41398227089748674 -0.20152204084771544 -0.013056494582637052 0.14468749939476108 0.26510203643243613 0.34166999012667332 0.36786993874770757 0.33705419990778807 0.24236047842570738 0.076729739819105552 -0.16689809835690486 -0.49515614275827802 -0.91356889306255895 -1.4256418213021418 -2.0317992789683026 -2.7282972063251294 -3.5062734159534217 -4.3511123533767577 -5.2422871407251943 -6.1537979992295906 -7.0552569219337418 -7.9135830241469964 -8.6951844121772837 -9.3684252235162901 -9.9061239606150124 -10.287810739456908 -10.501490232997844 -10.544711103522349 -10.424822979794801 -10.158395943087179 -9.7698709889196618 -9.2895902051734005 -8.7514130489799182 -8.1901553651831112 -7.6390906388568789 -7.1277321156454603 -6.6800756336933693 -6.3134323711145779 -6.0379232781207781
-1.0664126090965118 -0.82265600082623735 -0.58566666976289583 -0.3626816475275183 -0.16128451907548882 0.010802510706999974 0.14588250325325955 0.23638334149133097 0.27488814354359703 0.25411207462034269 0.16686282421125551 0.0060404260772110863 -0.23525789749753503 -0.56346499394357097 -0.98405845417770821 -1.5008513332675462 -2.1150924246944762 -2.8244592692218711 -3.6220725065710959 -4.4956915830042288 -5.4272606692897138 -6.3929545857166676 -7.3638269660978093 -8.307091617708581 -9.1879828259066354 -9.9720544450035327 -10.627705328436431 -11.128672638270544 -11.456223313932673 -11.600800046698341 -11.562937652271321 -11.353349298054534 -10.99217650720855 -10.507488091657487 -9.9331887049938832 -9.3065489172214502 -8.6655918940848675 -8.0465680476012054 -7.481723208727372 -6.9975245882363684 -6.6134585921487492 -6.3414605086093001
-1.0405278761817505 -0.80126887944920555 -0.57129091027064249 -0.35841793249977827 -0.17089275599317436 -0.01715649628310903 0.094339318818638523 0.15526965417241964 0.15751789037476069 0.093217485587727217 -0.045212218058411829 -0.2649854695803191 -0.57276642989884352 -0.97432838714260073 -1.4740209335906036 -2.074043150254353 -2.7735640088796054 -3.5677777812134708 -4.4470234162333728 -5.3961232867382716 -6.3941005210088644 -7.4144107357455145 -8.425773496436447 -9.3936166284708751 -10.28206267551054 -11.056304547632774 -11.68515063006218 -12.14348025788083 -12.414346030359694 -12.49049149880798 -12.375116553102353 -12.081808235756746 -11.633648320421281 -11.061596793983959 -10.40232044872115 -9.6956803325253365 -8.9821081555385014 -8.3000921158234853 -7.6839627310447636 -7.1621264620609031 -6.7558460572256154 -6.4786165885378466
-1.0508441572325131 -0.81993565481751518 -0.60049658121590199 -0.40073222116923035 -0.22932025115440016 -0.095184036060823624 -0.0072881971100023091 0.025527406640149158 -0.0053277165096779211 -0.10809753483534681 -0.29057828634561589 -0.55996784562468549 -0.92261451553418028 -1.3836200700773509 -1.9462714058527715 -2.6113073846392454 -3.3760684662187281 -4.2336198608129347 -5.1719756796357625 -6.1735731581086792 -7.2151452723403597 -8.2681131206298506 -9.2995670771908348 -10.273833764763159 -11.154544553735795 -11.907043542214861 -12.500912136842631 -12.912354522713485 -13.126190041144854 -13.137235406958325 -12.950926281641026 -12.583113419795463 -12.059059961916164 -11.411749782289434 -10.679680856168286 -9.9043554913357941 -9.1276893007922464 -8.3895461237722486 -7.7255732435526072 -7.1654680027826174 -6.7317602878629632 -6.4391500627143623
-1.096298375358453 -0.87719470954204781 -0.67135467583082886 -0.48715253077701903 -0.33346819989231791 -0.21946067382558201 -0.15435465246106819 -0.14725423444239485 -0.20698555130741372 -0.34195508186828705 -0.55999502187926908 -0.86815546238664099 -1.2723993097782815 -1.7771630987270604 -2.3847665488592775 -3.0946847936959636 -3.9027357154771125 -4.800274262597986 -5.7735179411225648 -6.8031447100494145 -7.8642998037168237 -8.9271184200187879 -9.9578180879226661 -10.920343970444451 -11.778472529593552 -12.498206423998823 -13.050238835749761 -13.412238797946625 -13.570716122115961 -13.522264996257862 -13.274053166805116 -12.843508072726626 -12.257239089736899 -11.549313025526981 -10.759057711693371 -9.9285999897317225 -9.1003488257483571 -8.3146156439151291 -7.6075293126336598 -7.0093606199963014 -6.5433274969086703 -6.2249120459273906
-1.1743300285857734 -0.96995388513283332 -0.78019812228101615 -0.61339880435373062 -0.47841043365257918 -0.38438518211506989 -0.34055791697180582 -0.35604843900985572 -0.43968169861210726 -0.59981338176931076 -0.84413502392526341 -1.1794233250856456 -1.6111962683029779 -2.1432468140069738 -2.7770444594705261 -3.5110245263310724 -4.3398207491285756 -5.2535323728926624 -6.2371449717763614 -7.2702371025829482 -8.3270969737567331 -9.3773420661563076 -10.387081871371295 -11.320595854872336 -12.142425327196397 -12.819711076134226 -13.324560136736265 -13.636204156030558 -13.742723135765495 -13.64215100129738 -13.342847011675776 -12.863098767527122 -12.230005622248322 -11.477763226480377 -10.645521148101755 -9.7750109497254929 -8.9081418237514782 -8.0847394207436842 -7.3405682701913522 -6.7057373037368109 -6.2035481812481894 -5.8498112729446525
-1.2810863803969375 -1.0937334454801422 -0.92190362450969077 -0.77370364634520628 -0.65775191246927478 -0.58296849192795208 -0.55836512802966554 -0.59284436680434482 -0.69500747555172837 -0.87295917495021969 -1.1340859872526485 -1.4847774752911198 -1.9300590706133056 -2.4731139967910374 -3.1146907884275117 -3.8524206702533541 -4.6801017782718066 -5.5870390201719555 -6.5575523028153011 -7.5707751381254642 -8.6008552619546652 -9.6176369766697665 -10.587853569366688 -11.476793577661377 -12.250336393945149 -12.877191945382416 -13.331136780011395 -13.59302304622768 -13.652351414822459 -13.508242495146229 -13.16970713954445 -12.655193737926007 -11.991467924398643 -11.211945477196908 -10.354643953632365 -9.4599385886427765 -8.5683039432870007 -7.7181996790250977 -6.9442241863575926 -6.2756215716556323 -5.7351920390443558 -5.3386263058480523
-1.4117065334476584 -1.2429921352776125 -1.0902585443699044 -0.96121696066717477 -0.86406597761570425 -0.80729626097027052 -0.79949112232147201 -0.84912994955728238 -0.96439316550875476 -1.1529573635080743 -1.4217598974998344 -1.7767064057206048 -2.2222953805510337 -2.7611430233675187 -3.3934097849250784 -4.1161557022231161 -4.9226812575558068 -5.8019385663791692 -6.7381178827401289 -7.7105206508946065 -8.6938183028158367 -9.6587643263573941 -10.573378128225533 -11.404558936460154 -12.120025404450702 -12.690422075583767 -13.091397260322925 -13.305445405029889 -13.323323767524261 -13.144896283355585 -12.779320332819125 -12.244564677573564 -11.566317661761014 -10.776403266788074 -9.9108611194248315 -9.0078617400727019 -8.1056214922730678 -7.2404580553370206 -6.4450942377874298 -5.7472831882339728 -5.1687973382397638 -4.7247993947010167
-1.5606567048312547 -1.4115048385882452 -1.2783778087607038 -1.1684564898892751 -1.0893701841414318 -1.0490187903630945 -1.0553883150994798 -1.1163647725488011 -1.2395442976668056 -1.4320287580112085 -1.7001884292082556 -2.0493689731165312 -2.4835215050762636 -3.0047436769556719 -3.6127367646909314 -4.3042072314271476 -5.0722677229321018 -5.9059169660457425 -6.7896948593333075 -7.7036128342813566 -8.6234466380871968 -9.5214480933295551 -10.367486541875325 -11.130575336188633 -11.780682217991364 -12.290674177475418 -12.638216197499929 -12.807435448166199 -12.790180405340836 -12.586745877929046 -12.205993659022106 -11.664865058271321 -10.987345383640513 -10.202991973797264 -9.3451699787940647 -8.4491511749501367 -7.5502224257247121 -6.6819272313054192 -5.8745333294082194 -5.153788615033899 -4.5400018829802828 -4.0474660417633013
-1.7220859728731972 -1.5927575481125535 -1.4791334714107143 -1.3877645707675674 -1.3255997993402266 -1.2998275714900578 -1.3177092771282608 -1.3864083886094412 -1.5128123226216152 -1.7033370047595702 -1.9636977936385185 -2.2986273005671003 -2.7115228121036545 -3.2040149029442966 -3.7754645759980527 -4.4224174182629934 -5.1380666682317244 -5.9117982699808298 -6.7289048614692728 -7.5705575601786794 -8.4141112627274008 -9.2337903554190728 -10.001759651946982 -10.689535397249704 -11.269640878983536 -11.717369050304148 -12.012488335635023 -12.140722859360734 -12.094856524244001 -11.875349387768706 -11.490408590048617 -10.955516015262916 -10.292471392279287 -9.5280542064461127 -8.6924349168154826 -7.8174736681706616 -6.9350350099660147 -6.0754252682550032 -5.2660319300369807 -4.5302181534870769 -3.8865047323695383 -3.3480577968797696
-1.8901722419994391 -1.7803264652121078 -1.6855614146197786 -1.6117341403118621 -1.5650417579663716 -1.5518825656082618 -1.5787093379279205 -1.6518768895942577 -1.777480612540119 -1.9611766303817808 -2.2079691246806257 -2.5219482082226343 -2.9059642476355969 -3.3612329252089546 -3.886879613950152 -4.4794504287994474 -5.1324377633943552 -5.835886245237889 -6.5761563945672759 -7.3359238479198101 -8.0944792192131825 -8.8283671691434105 -9.5123653615252604 -10.120759601736127 -10.628827362492045 -11.014405595298429 -11.259396938423407 -11.351065726900286 -11.282992922453797 -11.055594899940431 -10.676159344971172 -10.158404508543629 -9.5216172686425669 -8.7894635110239214 -7.988586502556366 -7.147113907764858 -6.2931841391804042 -5.4535828071532944 -4.6525563814328414 -3.91084853678236 -3.2449886865933495 -2.6668525101428675
-2.0594318425659517 -1.9682126226007262 -1.8912151815954223 -1.8335734650478364 -1.8006992012800416 -1.7981624817803967 -1.8315654280007243 -1.9064100289199521 -2.0279566044979895 -2.2010642691216469 -2.4300006608416305 -2.7182067175057463 -3.0680049287061402 -3.4802472044330508 -3.9539112293389445 -4.4856706302897056 -5.0694819432214704 -5.6962467401761483 -6.3536165236958642 -7.0260077014796689 -7.6948819842643399 -8.3393237431878138 -8.9369123885170776 -9.4648490749953407 -9.9012589743828503 -10.226559496868953 -10.424766965362275 -10.484613157407864 -10.400359773332903 -10.172231019924991 -9.8064270306804779 -9.314726834042256 -8.7137316490520131 -8.0238311480569422 -7.267993081820693 -6.4704795394792036 -5.6555834483678229 -4.8464613677962181 -4.0641188216495951 -3.3265873248489264 -2.6483207850925843 -2.0398330703393857
-2.2249723116216296 -2.1511105806582571 -2.0904450741904577 -2.0473880904644468 -2.0265664602705677 -2.032720519967365 -2.0705977310209627 -2.1448413258261447 -2.2598703821296291 -2.4197434629200338 -2.627994623480975 -2.8874295779480286 -3.1998723914275851 -3.5658599695660862 -3.9842927574558566 -4.4520642774309795 -4.9637072189744504 -5.5111067396123818 -6.0833391610078369 -6.6666934739769008 -7.2449222513278659 -7.7997476735774409 -8.3116193667183627 -8.7606874828151486 -9.1279220956009102 -9.3962841130624515 -9.5518384085202204 -9.5846998749362697 -9.4897182520411292 -9.2668357524605796 -8.921088202468237 -8.4622595690575473 -7.9042350420734202 -7.2641240060116559 -6.5612381567051088 -5.8160113367500994 -5.0489387131279297 -4.2795979782057234 -3.5257992909342093 -2.8028978943308562 -2.123295916387725 -1.496157190854865
-2.3826754951975695 -2.3245983560264016 -2.2785901647537039 -2.2483687443507656 -2.2378050348969034 -2.250838834450692 -2.2913911524828117 -2.3632731254868795 -2.4700880197291206 -2.6151192442553985 -2.8011945507183449 -3.0305158763772533 -3.304446635339128 -3.6232542836383481 -3.9858155566996012 -4.3893038884942559 -4.8288912708604936 -5.2975076447499116 -5.7857070645041286 -6.281688942004843 -6.7715132356032672 -7.2395305392781264 -7.669023385714608 -8.0430270165954187 -8.3452707970231916 -8.5611600627290958 -8.6787065551450251 -8.6893162657370659 -8.5883568825164485 -8.3754511850550379 -8.0544737346584956 -7.6332608839317988 -7.1230731615657223 -6.5378701373930852 -5.893468518735741 -5.2066544451981631 -4.4943129952682739 -3.7726256420146473 -3.0563740986714301 -2.3583801358113465 -1.6891070287655514 -1.0564482427020421
