_RESULTS/CROSS_VALIDATION_POSTPROCESSED_CLR/Berg/IZ/6comp/5/Berg_IZ_z_0_kriged_reverse_6comp_spherical_5.asc
ncols 100
nrows 90
xllcorner 5.6208707817415728
yllcorner 50.959635321741573
cellsize 0.00013419651685393446
nodata_value 1.7014100000000001E+038
[rows 57 to 75 of 90, columns 0 to 42 of 100]
-3.436615535513252 -3.3421968057821596 -3.245821394887865 -3.149469838222527 -3.054620568067582 -2.9624728013394863 -2.8741472409112907 -2.790846195890707 -2.7139958537810864 -2.6454123187341048 -2.5875253077339044 -2.543646994537055 -2.518152576916464 -2.51366975776297 -2.5263965057295144 -2.5619872656019305 -2.6201158187338116 -2.6951985868175887 -2.785464243177249 -2.8873347906372864 -2.9946386941337657 -3.1025238819652174 -3.208325637099073 -3.317629451700247 -3.43083987717303 -3.5468700407992104 -3.664438389318089 -3.7817397647181696 -3.889660228929269 -3.9895569533938993 -4.123364207183037 -4.291835412685478 -4.487398170570548 -4.706974733612487 -4.961688356740612 -5.252065197530136 -5.576439732577847 -5.932122344165765 -6.315374528815031 -6.721391116217438 -7.144088431159862 -7.575611111421523 -8.002272843201908
-3.5551436102599645 -3.4627417741688373 -3.3654662100169266 -3.265314480068241 -3.163843699115854 -3.0623107506965828 -2.9618200629647378 -2.863470297053576 -2.7684135666158167 -2.678045291826849 -2.595161327318799 -2.5237081491940554 -2.469386501664555 -2.440045160011013 -2.441406267983819 -2.4745740682159285 -2.5395664099375916 -2.6288613547976367 -2.73764129726573 -2.8566815887393195 -2.978676078373593 -3.099503446897206 -3.222849965246115 -3.348361993957031 -3.4748549361206345 -3.6011802169715956 -3.725992994695934 -3.847564634676834 -3.9633993124080127 -4.067004610464402 -4.194743522396356 -4.355280540571255 -4.542336632344973 -4.751409791956935 -4.9924799914679605 -5.26718705474128 -5.572693730765397 -5.905481206640389 -6.261074965186898 -6.633832089881491 -7.016624460175695 -7.405347042377215 -7.791376452260373
-3.658859781796668 -3.5694013508566456 -3.4724554384204573 -3.3699676805031547 -3.263467113659402 -3.152436616282298 -3.037649276718673 -2.921197671241345 -2.805043345985282 -2.6912112744842833 -2.5821602309193246 -2.4815113104147652 -2.3954257472588614 -2.3347116672772756 -2.3155419780312276 -2.350772475712994 -2.4326183299379425 -2.5473883109669506 -2.6786621507783526 -2.8159372932400695 -2.9538713322984735 -3.093820625851067 -3.234187363322015 -3.3737011169826094 -3.511321779125494 -3.64597187027353 -3.776351742022756 -3.9008033653626497 -4.0172130378463216 -4.122966979548702 -4.241715197990019 -4.391361288352234 -4.566236143615148 -4.761199661992354 -4.984054359474487 -5.238330062102966 -5.520291301741954 -5.825631463509744 -6.149161779108705 -6.484528361214025 -6.8285697468281725 -7.178351747289455 -7.522349251082401
-3.7465174034034012 -3.661064860515786 -3.5656258613644596 -3.4585085854592674 -3.341009564822773 -3.2158784150955175 -3.085486905186056 -2.9518661915647453 -2.816763899644263 -2.681756370393535 -2.548501000526258 -2.419345850352406 -2.2989094079123014 -2.1983454447664235 -2.1444074453789654 -2.175207264796671 -2.289862546602564 -2.444291572312282 -2.6085902755660206 -2.772766444300821 -2.9328751388942225 -3.0901904713738975 -3.244647243372025 -3.395408068616355 -3.5416684156368863 -3.682481496196627 -3.8165611067579333 -3.9423650806783295 -4.058192584395773 -4.1617409886255405 -4.2656217705212685 -4.4010790224610234 -4.5601293074679115 -4.737399084646097 -4.9384089459062155 -5.1684621574947585 -5.423176977653331 -5.697624557849317 -5.986168471189384 -6.287592343233346 -6.597995761045299 -6.909079061564156 -7.21046067929035
-3.8167807941676926 -3.7335324837681187 -3.6318060936322185 -3.5150859599234003 -3.386631399607475 -3.2493075429972693 -3.1055805069839986 -2.957511589039166 -2.8067531217021324 -2.6545575365987997 -2.5018291710056357 -2.349302197073408 -2.1981528744975436 -2.0526621251257486 -1.937660853785379 -1.9668664370708564 -2.1338492749332656 -2.331256219580718 -2.5325459977310056 -2.72825490236821 -2.9152586506613183 -3.091130211322633 -3.255064168814611 -3.4107640430910195 -3.5589591567878753 -3.6997503816351216 -3.8327538551843645 -3.9570434029437878 -4.071121639310344 -4.172930520927411 -4.263639146463394 -4.37857437681629 -4.521036105038502 -4.680277538931695 -4.857905325844792 -5.0608342772076265 -5.285559674181077 -5.5280512194646425 -5.7876124328243215 -6.0591198928600765 -6.335892199097906 -6.60986468602147 -6.871450002965042
-3.871118064110206 -3.7758840789101917 -3.6641121971741706 -3.538512960658923 -3.4007792777068278 -3.253298213873014 -3.098741280340255 -2.939369443163864 -2.7769993724314936 -2.6129686852636755 -2.4481075135315367 -2.282728608517167 -2.1166648654014586 -1.9495032686081597 -1.7847633459813044 -1.822170755269954 -2.033339760018312 -2.250969851754478 -2.469390467653195 -2.6849504444371837 -2.889102543321137 -3.0771851963214107 -3.248460791326562 -3.4029317212437022 -3.5480205752683727 -3.685570187511245 -3.815292214311826 -3.936374837575 -4.047463191434383 -4.146672180433966 -4.231636631313133 -4.3214655223180705 -4.438802078054265 -4.576068172373234 -4.734159709765123 -4.915669270537356 -5.116921982046107 -5.334358427071834 -5.5664859021858595 -5.807834544436245 -6.05185058265617 -6.2909441814328995 -6.516487201583533
-3.9067677433664336 -3.799672236483196 -3.6756047716112956 -3.5375226142927096 -3.3882156928649545 -3.230299247997727 -3.066202820529356 -2.898156045945141 -2.7281786561438546 -2.5580961303744916 -2.3896352643046797 -2.2247509772254204 -2.0666990403824106 -1.9248994343028407 -1.8343748127609318 -1.8699824886072585 -2.0242455426679578 -2.2233091913303453 -2.4346881223451593 -2.642882322866067 -2.8432060378101833 -3.032670586087992 -3.2086457316929393 -3.3679306851941364 -3.5093489186585707 -3.640885029925604 -3.7650909245514246 -3.881214911219275 -3.9879889030680014 -4.083630426191015 -4.165878106163512 -4.236265494317439 -4.325988009934511 -4.43700440227039 -4.5724138051915615 -4.736311332285275 -4.9220597527557395 -5.122594307198837 -5.329954217582756 -5.54153321605067 -5.754140618899093 -5.960773481668213 -6.153770720691461
-3.9248055502167687 -3.807055746001508 -3.6720188379359335 -3.522910764242892 -3.3628583605056694 -3.194895538210025 -3.0219573212816955 -2.8468773863189156 -2.672407380577659 -2.5013021526458257 -2.336570818552361 -2.182124240684047 -2.045701158204609 -1.9433148105569673 -1.899131634482985 -1.9395831998243875 -2.0611569866023776 -2.2276040374308854 -2.4126442647962643 -2.60297712767756 -2.791102686767074 -2.972317822457288 -3.1431980084604367 -3.3009045546257614 -3.4428336936613704 -3.567423076807726 -3.6834699671182065 -3.7928377433298444 -3.894264160066294 -3.9861646775530604 -4.066647466019526 -4.133554803319068 -4.199476466164565 -4.287590237721542 -4.402667505882388 -4.546728226911817 -4.712908106688464 -4.894022386889821 -5.082537889814277 -5.270553831831708 -5.4527498015821845 -5.629012675514706 -5.792846809123131
-3.926200265905201 -3.798931037000193 -3.6541145176966965 -3.495244566476559 -3.3258163139135632 -3.1493317372810576 -2.9693027259987694 -2.789258582314117 -2.6127792109492747 -2.443601436843673 -2.28597058432267 -2.147542279486843 -2.037331149371723 -1.9667236827063843 -1.9499062916871561 -1.9969865444533257 -2.0972197924016296 -2.2339680556500263 -2.392446387639258 -2.5620994376136217 -2.734570109451727 -2.904108755640806 -3.066531784987233 -3.218532619473236 -3.35725579899753 -3.4800194330116057 -3.586613032778954 -3.687430885958693 -3.7828846648465997 -3.871374937412936 -3.9509475284728888 -4.019328225933029 -4.074403067665846 -4.138423770668692 -4.232875674013166 -4.3570107253826444 -4.503797516684693 -4.665959182625057 -4.835980408667034 -5.006122117093954 -5.168458416454314 -5.317269269238599 -5.454854554645616
-3.9117676731691464 -3.7760265997689175 -3.6224598259258878 -3.4548398542620027 -3.2770387376484127 -3.0930463655916096 -2.9069815469486855 -2.723097701047732 -2.54580003871917 -2.3810567780109517 -2.2354299896451515 -2.1152595062975728 -2.0278732371278285 -1.9815777005167114 -1.9838811689756661 -2.0297942244410243 -2.114342156867954 -2.2301393073563425 -2.3670318689824508 -2.5166477787521258 -2.67239172033669 -2.8283555729315673 -2.980059328685538 -3.123972036057047 -3.2571272586333198 -3.3768254003086895 -3.4804016400161544 -3.5714295000695344 -3.659704105986529 -3.7438448691059536 -3.821790900733898 -3.891092226967114 -3.9489793473478176 -3.9964616302927096 -4.070377982081053 -4.17487280575523 -4.3027767184629635 -4.446759185527234 -4.599361030006428 -4.75303098104788 -4.900178885456476 -5.033258525046033 -5.147818158635991
-3.882214636913679 -3.738967953419815 -3.5775227183996683 -3.4019079817544906 -3.2163544402835083 -3.0253292401616223 -2.833802087095164 -2.6478093916548398 -2.4731912122616544 -2.315944454189826 -2.1822025203662565 -2.078169985858331 -2.0099946605780263 -1.983284954875859 -1.993236391192304 -2.0359591245188158 -2.1103173506755675 -2.2112998182233143 -2.331774161142149 -2.46439317449106 -2.6037644341182458 -2.745364288925024 -2.8848576741067893 -3.018795820158048 -3.144317510089003 -3.258865008747373 -3.359928857552336 -3.4452577009518746 -3.5253022637215468 -3.604321379436096 -3.68010801185201 -3.749973057124164 -3.8108384628005023 -3.8636833505304904 -3.922495748198388 -4.007936509040486 -4.117713153987081 -4.244460507352524 -4.380794910654417 -4.519361521854372 -4.652892044776353 -4.7742835365411525 -4.876706110921886
-3.8384717126015593 -3.688708753320594 -3.520408031592862 -3.337958581556264 -3.1461489800359406 -2.9502195851324506 -2.755889927163701 -2.5693358549534464 -2.397086778078836 -2.245820937434172 -2.122060845995325 -2.0317995684245225 -1.9800867939149023 -1.9647594694506605 -1.9772936766818923 -2.018426021854504 -2.086402963703873 -2.1770760202395207 -2.2848832575212668 -2.403954264088094 -2.5289134996450437 -2.6559572403291574 -2.7822143513224042 -2.904601217649381 -3.020599574994621 -3.1279947211533847 -3.2245988116678963 -3.307989372921109 -3.380045749176773 -3.453375074305194 -3.526703456132224 -3.5970247081224995 -3.6608586523403046 -3.7235822703845747 -3.7914107386853306 -3.8637686415583077 -3.95634324798055 -4.066888857637518 -4.188107058927194 -4.312840808670159 -4.434126864082569 -4.545262850686647 -4.639894895004691
-3.78940758528072 -3.634283460886495 -3.4604764213364967 -3.272495829602951 -3.0753373773288635 -2.8745725351490634 -2.67641404058719 -2.4877133165189127 -2.3158243506711234 -2.168264715641517 -2.052148587037794 -1.973471459507862 -1.9344825702762023 -1.9235575789057733 -1.9392339834023238 -1.980777525812437 -2.0455345774220453 -2.12943582835219 -2.2276583573669404 -2.3352948994431144 -2.447870631044977 -2.5616352970447522 -2.6738873025172856 -2.7832310158375186 -2.8878235708640756 -2.9860195464021473 -3.0761620985957077 -3.1562556633972783 -3.224147307873274 -3.291455434406603 -3.36231544627292 -3.4332951215565437 -3.5016477815684337 -3.576283961938235 -3.6572986421879796 -3.7415549506344488 -3.8263322230596275 -3.9217261558160237 -4.028912045663085 -4.140933496240222 -4.251120086879464 -4.3531371416255125 -4.441051434380519
-3.739899879639901 -3.580398747313553 -3.401783355486054 -3.208584688778353 -3.005890553506286 -2.7994862496630804 -2.5959902533488695 -2.4029272138102975 -2.228627369424292 -2.0817951653959677 -1.9706301277441387 -1.9016082178876754 -1.8682742788116653 -1.8622272322083893 -1.8827939191580927 -1.9272831484514303 -1.9918059521650124 -2.0719078957212704 -2.163042235099064 -2.2609394107361136 -2.3618826719691324 -2.4628785734535494 -2.5617179266036554 -2.6569300968239236 -2.748056209516128 -2.834799881486947 -2.9162957842752806 -2.991207619321404 -3.0573141471790324 -3.1189495785583246 -3.1876897037040433 -3.2599148796987807 -3.3367269484728475 -3.4245247157773964 -3.5197713683162752 -3.6188608588044664 -3.718456678275292 -3.8155319301738615 -3.9106804026258617 -4.010911753559196 -4.110888243993578 -4.204613296042984 -4.285879072314103
-3.691193849175374 -3.5284750634980453 -3.3459295851945257 -3.1479892117074115 -2.939678303701577 -2.7268138058077183 -2.5162464238291187 -2.316094271199058 -2.1358227648699573 -1.9858680081912379 -1.8764167183138678 -1.812849958115446 -1.7830232567097344 -1.784078391984555 -1.812514390946696 -1.8631140981614434 -1.9303896538569343 -2.0092579438613876 -2.0952576884599132 -2.1846147750267906 -2.274290566674144 -2.3620338170144004 -2.4464148501644125 -2.5268086516145942 -2.603283723935658 -2.6763441964862142 -2.7466625285504476 -2.8142956870904547 -2.8776551319088446 -2.93624858521755 -3.0036786049660744 -3.0792365276540523 -3.1689897890735357 -3.2714152926294906 -3.3820414115313717 -3.496755511726544 -3.6118906152516135 -3.724222218848653 -3.8309216008759654 -3.9294729678271008 -4.019746088713706 -4.104367391429566 -4.178301272463725
-3.6444826301185973 -3.479977823863754 -3.294704525120822 -3.092866692948456 -2.8792390152448544 -2.659414697957271 -2.4401653320833305 -2.229922763741357 -2.0392796554505095 -1.8810696540244032 -1.7690252723571374 -1.7053921615935526 -1.681273978442733 -1.6935219930630088 -1.7342210910262383 -1.794699378286352 -1.8676270548182865 -1.9473446874233025 -2.0295565475051136 -2.11101056721238 -2.1893282138890453 -2.2629672032042114 -2.3312591807497145 -2.394458585746483 -2.4537231591179833 -2.5109134116225027 -2.5680789674458406 -2.626573084209954 -2.685972654623916 -2.743833255887995 -2.8113895670283036 -2.8968747561622052 -3.0018545619509833 -3.12058200189736 -3.24777251215219 -3.3788141974714985 -3.509718802899281 -3.6369679257796848 -3.757550251138486 -3.868813366756891 -3.9683795918439744 -4.054081195904336 -4.1239108194604395
-3.6008261994259496 -3.436322770141463 -3.24998518057565 -3.0456803060749005 -2.827750389985272 -2.6012651908579176 -2.372451463125371 -2.1494248128928555 -1.943352329351557 -1.769823062393018 -1.6480690998465328 -1.580610386534123 -1.5667134121727195 -1.5969980449588599 -1.6558704592377422 -1.7301972157096794 -1.811125532688291 -1.8929650519615397 -1.971951672023633 -2.0455088331415503 -2.111923074371949 -2.1702808318219744 -2.2205602330404846 -2.263803487831252 -2.3022804108325894 -2.3394745761141333 -2.3795997551146826 -2.4263419104797967 -2.4809404262540493 -2.540560551248462 -2.614051684425248 -2.715672136521234 -2.8384451954653995 -2.9751880508543422 -3.1197573699925343 -3.2670919882150113 -3.4130450197065794 -3.554175165131044 -3.6875637792899973 -3.8106731325068948 -3.921242279388855 -4.0172122421138905 -4.096672611903468
-3.561947655430726 -3.398718736018996 -3.213536428685548 -3.0089621811814116 -2.788790264012441 -2.5573210935931683 -2.3197303342750573 -2.0828370559363902 -1.8567753550318642 -1.6584971277126748 -1.5137342932118938 -1.4401516976324928 -1.4458533396366318 -1.5051373780903874 -1.5888493603485125 -1.6798940451585627 -1.7696344930633892 -1.8535046887188442 -1.928810672171343 -1.993813160556277 -2.0474175476592626 -2.0891709501298377 -2.1194500227602524 -2.13980065652733 -2.153392833045457 -2.1654363212815784 -2.1830701772892565 -2.213797299414048 -2.2619351388423747 -2.326282552637161 -2.41591275306666 -2.537587722958258 -2.681041952661797 -2.837474259021342 -3.0000783937227573 -3.1636626119239004 -3.3241919322151343 -3.478423208890733 -3.623649086475153 -3.7575264101109727 -3.877962621110539 -3.983040278015415 -4.070966355639666
-3.534987729792138 -3.3685031506863283 -3.18671641052263 -2.984903932394139 -2.7657933789053306 -2.532881760827218 -2.2900660894880747 -2.0420710946237532 -1.7956553187400504 -1.5636136038833088 -1.3730359098866303 -1.2866763779016148 -1.3342524994640947 -1.4371447232735592 -1.5491688480789696 -1.6559037925323121 -1.7523342861306608 -1.836215017953518 -1.9062255028814867 -1.9614288468299947 -2.001170316217219 -2.0251841669803943 -2.033864838864764 -2.0287448085483417 -2.0132767923512236 -1.9939803571433021 -1.9815428446117638 -1.9898832704594884 -2.0305932703350122 -2.109830598049838 -2.2226148449828576 -2.3692352171165845 -2.5362029020954573 -2.713413682924915 -2.8939700499820256 -3.0730200585922995 -3.2469548491772775 -3.412921608619722 -3.5685365581600674 -3.711714658828538 -3.8405664570407296 -3.953333989974136 -4.048349901641437
