_RESULTS/CROSS_VALIDATION_POSTPROCESSED_80-20/MHZ/IZ/7comp/2/MHZ_IZ_z_500_kriged_reverse_7comp_spherical_2.asc
ncols 100
nrows 81
xllcorner 5.5967107548124995
yllcorner 50.982328804812504
cellsize 0.00017565037499993607
nodata_value 1.7014100000000001E+038
[rows 19 to 37 of 81, columns 0 to 41 of 100]
0.7336884786217925 0.7953033328943615 0.8397366493675449 0.860421053112783 0.8574567024499083 0.8306818983779407 0.7866483984480718 0.7344240424038748 0.6816195163479741 0.6332816364718624 0.5923415532663577 0.5603418089951173 0.5380226925746208 0.5257136909191519 0.5231140276748923 0.5290454384985284 0.5426408924885548 0.5618846582376764 0.5828777175531257 0.5987754379930869 0.6026624303078502 0.5960497877210466 0.5815370504251194 0.5625547118361034 0.5422513679420449 0.5249619437592049 0.5112500006773636 0.5008161931995807 0.4935409867240465 0.49315551289710113 0.5005484757429592 0.5154380418228471 0.5376311998543541 0.5669855273082767 0.6067459267481691 0.6577932389157861 0.7177314295999134 0.7751483280647877 0.8156848629975013 0.8341828083447411 0.8351604202895334 0.8192644182184674
0.724237278083369 0.7761327695763568 0.8136174415476519 0.8282820411270218 0.8228927901912393 0.7985993887668158 0.7599198260669738 0.7134373237470277 0.665420074692527 0.6205857719722783 0.5819616539420698 0.5512413342479964 0.5287791841223619 0.5143392587555407 0.5075325272319374 0.5078756589244452 0.5144009310845526 0.5253794315841435 0.5384219332001178 0.5508901320719686 0.5578363248912285 0.5568405831987503 0.5485680288261272 0.5354123415201356 0.5198829332708014 0.505475945844564 0.4936653587310986 0.48440813712028324 0.47935377902159887 0.47959046141489586 0.4864554618195148 0.500208703490245 0.5205906893751469 0.5473174077743279 0.5833053334933916 0.6292797701094172 0.6828267540655226 0.7295565111180394 0.7607151773608954 0.7745705570706861 0.773199924888836 0.7587417525870019
0.7173228095063447 0.7634032949998479 0.7947558860497602 0.8059648931837057 0.7980446390013486 0.773595719266349 0.7365381388282036 0.692386884428871 0.6465416025621948 0.6032145128008486 0.5651501683045422 0.533711609463074 0.509388343997944 0.49222129694202443 0.48192578436927835 0.4779737882045912 0.47937680136243643 0.48488811222571315 0.49312103495830795 0.5028871384195166 0.5120519632430781 0.5142804414399516 0.5101938708602691 0.5016445810085437 0.4911612109237246 0.4803261012934039 0.4705372209270815 0.4640149770711456 0.461927501936915 0.46442886847566983 0.4716412457247391 0.4844345869756548 0.5033405634992214 0.5280038989305459 0.5610266907364679 0.6033247222431911 0.647048022403244 0.6818766193683693 0.7038538877817233 0.7113131647949976 0.7050730175997065 0.6868110334963573
0.7098768813415299 0.7527959076136509 0.780733804742562 0.7885157758846757 0.7776672957822328 0.7514553595648159 0.7131599175665351 0.6682287465563381 0.6218919603558631 0.5781092304436842 0.5392132446446704 0.5066271877672041 0.48086658555062695 0.461859985088462 0.44932366416103553 0.4425521998842583 0.4406977736973446 0.44289081670164177 0.44836014942034363 0.4565857219922775 0.46648057013228195 0.4708492970591176 0.4694515270630065 0.46435101781145177 0.45782088768491813 0.4506517056109084 0.4445424263160959 0.4416617878536735 0.4424883547836995 0.44725066272174285 0.456286981857508 0.4697170086312538 0.4877116470570152 0.5109682410229428 0.541719568533181 0.5770780546064537 0.6099930822784803 0.634738493153447 0.6485320630586431 0.649338295201313 0.6367112263441664 0.6121943048511406
0.7009875907792379 0.7427416111741363 0.7694903046722222 0.7754979581543289 0.7593717589611078 0.7285154700886178 0.6869681921082212 0.6392745714131643 0.5908597947762203 0.5454546787071369 0.5055259723290333 0.47222340410407787 0.44578241415241654 0.4260429971162583 0.41246371825973005 0.4042705047008704 0.4007062387083337 0.40113552012301873 0.4051723057866811 0.4127416892346635 0.42208507334377343 0.42797784885917206 0.4284921789432958 0.4258334275086832 0.4225362828573325 0.4198907158005789 0.418185103252397 0.4185661865399312 0.4222262901816165 0.4292979643731906 0.4399541506845096 0.4546584468789959 0.4736199387357693 0.4969398909771315 0.5229622615324906 0.5500006014505426 0.5730139306680595 0.5893181840630556 0.5965667227704484 0.5917827120337824 0.5724274338176915 0.540717819967617
0.6900504109611241 0.7326476356716934 0.7605988629472156 0.7665228315056828 0.7465040133858548 0.7069873197293631 0.6577502220232928 0.6052842260448693 0.5538919922326759 0.5067508783400807 0.46611875502879435 0.43275852453088426 0.406575812725343 0.387149543631698 0.37365548663537496 0.36524917667409934 0.3611968362073119 0.3609626990529061 0.36437511670193923 0.3714649725969067 0.37980524137089633 0.386688167416569 0.3889814301994384 0.3889335061609479 0.389377957861242 0.39066313614740744 0.3928009035752681 0.3960462025497298 0.40201780779821417 0.4111013728149007 0.4234546967223086 0.43928535285593207 0.4591810941356633 0.48213578729222795 0.5029280859630675 0.5220665727914898 0.5365043642908421 0.5456540786997118 0.5482326735826993 0.5403325947975602 0.5143775700539132 0.47425744202734865
0.6759325522194578 0.7213024368810839 0.7535798454173852 0.7621334882488607 0.7391162992151182 0.6891135247772785 0.6286572061241825 0.5677838387125724 0.5118532470780327 0.46328117457138174 0.4228145409125854 0.3902540622070093 0.3653229123945928 0.3471778925469146 0.334758607200217 0.3271251072222417 0.32354020916161713 0.3234937758622558 0.3267283591141195 0.33267822862909885 0.34085566857000915 0.34897818053963187 0.35402613641108105 0.3565963916852551 0.3599054715166973 0.3641486652765513 0.36921901358092657 0.37502443888543524 0.3828095237469965 0.3934810836092131 0.4072297013177459 0.4242662601968785 0.4448348307628375 0.4644903924937883 0.4799169967941285 0.49070395569235004 0.4972899681539548 0.49993110328859475 0.4988931003184587 0.4928132934067143 0.4604334906136427 0.4102463046529903
0.656360009197749 0.7054787947879119 0.7459067635890356 0.7626269030050007 0.7359056768133954 0.6725930415229577 0.5982781261669098 0.5291293612846426 0.4690515362486572 0.4189548232373643 0.37867255379539844 0.34745455639771283 0.32431801119337733 0.30812668570043755 0.2975169354990982 0.2914135753138588 0.28911261574188146 0.29025434319362997 0.29405288280344594 0.29989985249461815 0.3080632263696752 0.31711925779940225 0.3241698532577662 0.32929569476947 0.33460696108593085 0.34098259236880896 0.3482352716488415 0.3561779857355984 0.3653708954577755 0.37723825966026564 0.39202559463137565 0.4099860001778609 0.4298244726373227 0.4455516625940113 0.454521350628245 0.4569573844337273 0.45528409590848645 0.4499671368709711 0.4413645797872485 0.42810805949133396 0.39306457919885823 0.34428181980906275
0.6283806594175404 0.6790751081928836 0.7286263522969992 0.7658362196137902 0.7327924211863192 0.6479219996879908 0.5634561582304857 0.48891805899005425 0.42685478003798355 0.3765490055214479 0.3372572758295723 0.3080393690389143 0.28748636169698943 0.27371605367217 0.2653118041613655 0.2611482512805466 0.2605793561228996 0.262955650151943 0.26707856733630936 0.2730888847686729 0.28110963054563926 0.2906782053529863 0.2992791956233049 0.30653263642724704 0.313657049089052 0.3215483814158557 0.33040757385104613 0.3399621506575198 0.35032365157789314 0.36304665965386873 0.37855487891476075 0.39713279277145674 0.4147170107277657 0.4254953005893628 0.42799622706725365 0.42292781868071017 0.4131104955425109 0.3993559371924525 0.38130755874228567 0.3568959896046956 0.3223644915461414 0.28184897952299764
0.5903738833118342 0.6360230539097677 0.6824394717555259 0.724073644181003 0.6887590266702701 0.6015942718887984 0.5201388640959457 0.44779252037989825 0.38660675015521007 0.33731030292024233 0.2994741829790742 0.27273278083220054 0.2554988375669523 0.2450091761749146 0.2391180817835327 0.23692830128914485 0.23766871568039774 0.24025757557988303 0.24461402189252784 0.25081489355588404 0.2590029117636627 0.2691510494112501 0.278933140280407 0.28779917919726034 0.29682426994916333 0.30606900515279867 0.31613253039766154 0.32689463810009634 0.33818049190205185 0.35147377677490277 0.36744374473047803 0.3859233077735517 0.3997467035306455 0.4051052333475822 0.40186365874786073 0.3908616849226997 0.3738991619241958 0.3531034782929355 0.3283717752625641 0.299272822784626 0.2655268170545717 0.22980867487619686
0.5446811947245919 0.5795738046545562 0.6096734362420501 0.622400468240048 0.5955478679579549 0.5364918354984825 0.4700748679321125 0.4069165215749774 0.3504459200034406 0.30282142341781904 0.266017397915274 0.24178878943637666 0.22880484940312815 0.2222054013685037 0.21912500383759825 0.21838448162025734 0.21934982082648635 0.22197392417775086 0.2263694531668991 0.23272977015484125 0.24127361645958734 0.2520080841033546 0.2627265852936373 0.2728814090638892 0.2834076756909097 0.2944440730097134 0.3057109117241749 0.31742785640390486 0.32937836119659214 0.3429923553601605 0.3592371882550729 0.3757533282965638 0.3849176526183528 0.3855440785217886 0.3776134505341927 0.36200058775944166 0.3400050943064188 0.31416301088424126 0.2855444901818452 0.25464804644186045 0.22200649637763187 0.18945230753138873
0.49708880239825604 0.5206261547489786 0.5366996537719753 0.5372305143672387 0.5147879926373291 0.4727285065401649 0.4214708012379182 0.3691350509650393 0.31991544890635265 0.27577912996125237 0.2384564714656491 0.2156602863057606 0.20892889989046864 0.20619110980713345 0.20484147188797552 0.20448662154077024 0.2054455618375212 0.2079769142393858 0.21229701007000074 0.21867094277727037 0.2275968566152908 0.2388561840662822 0.2503406388078314 0.26160109526638 0.2732909956194977 0.2858704041330422 0.29903562031031033 0.31199431713083575 0.3242621641122002 0.33785591614246285 0.3528520810490181 0.36600806152532717 0.3711982151648341 0.36790860573339734 0.3563178380323521 0.3372560799266893 0.31239442859828653 0.2833779719244065 0.2526139116897097 0.22117676783559304 0.18975947109423685 0.15957243684455755
0.45255855259325184 0.46725752724316433 0.4748640849319624 0.47066279190151294 0.45173970109848627 0.41993774469391376 0.3803367482276825 0.3380800577357987 0.2967448034448116 0.2584163791013774 0.22446574673541478 0.2033134947231028 0.1992379770018071 0.19704701474455746 0.19571492988449904 0.1952305072918318 0.19583281075036207 0.19804864320896923 0.20217488490569405 0.2085941116931056 0.21784147425886347 0.22943122330879628 0.24156575897538182 0.2538267760886801 0.2664152382833538 0.2801658413229639 0.2949775299246339 0.3104442255330627 0.3221759354112991 0.3341005971460832 0.3471847841705424 0.35733213844466016 0.35934046356050897 0.3530047855188287 0.3386761273160187 0.31726333301231696 0.2906414504472086 0.26048664918741715 0.22859994108012527 0.19712962307409532 0.16687517883959702 0.13853558885916525
0.41393497480216096 0.4225898214817455 0.4255011684608803 0.4197436501777856 0.404021139480087 0.37938443639694064 0.34865139625325936 0.3151311098374284 0.2817078788945237 0.25060265887040895 0.22435463187241447 0.206990206584337 0.19863019185015024 0.194341551541069 0.19174826070222462 0.1904389886484968 0.19036544218966797 0.19200670286139818 0.195802866679482 0.20229218353193817 0.21193387965865812 0.2237065735925046 0.23632721795220657 0.24946846520404842 0.2628625583822864 0.2772979285540494 0.2923406348532961 0.30675672806398707 0.3188624371348904 0.3303876048788083 0.3422312607715217 0.3500285632683975 0.3496868724754972 0.3411785056146215 0.32499575056076685 0.30217847175814133 0.27459829523911583 0.24415219974236618 0.2124293353760379 0.1811265712583503 0.15185532033706312 0.12498669157967952
0.3805994427096211 0.38600482821087445 0.38683828057931785 0.3811952984462879 0.3684767920948958 0.349276573911947 0.3253071042457134 0.29876601133885516 0.2719148732085443 0.2469120115930906 0.225889492394811 0.21063022291009825 0.20103758560539664 0.19524421827285282 0.1915232454363367 0.18917391467020922 0.18813454335815577 0.1888406824890012 0.1920956252333254 0.1986797887643384 0.20887481348199097 0.221052704015221 0.23428897272736904 0.24812038357891336 0.26181818248327465 0.27547976719300793 0.28935078476853215 0.3025483549925628 0.3142718055909402 0.32561643729478296 0.3370218119170879 0.3439745083245357 0.3424731107670311 0.3326989673860973 0.31539155400265817 0.29184822480230627 0.26386452373516006 0.2335665940222951 0.20260577842298438 0.17232191619597162 0.14385758305806917 0.1180559135544114
0.35085068182704576 0.35449180233228805 0.35473970092779694 0.35014661271209446 0.34030340150206567 0.3255208592625352 0.30689385896282334 0.28603121345619625 0.26472249743144005 0.2446921113440464 0.2274207511526149 0.21384865785287502 0.2037599633709154 0.19650416621708372 0.19133472885300448 0.18778951679045863 0.18575111812660242 0.18551093166009175 0.18814825079607242 0.19485844719949036 0.20542733050065307 0.21785520315489096 0.23142338583431576 0.24560539674466073 0.2598732342683244 0.2734676107443393 0.28647810988020694 0.29846192091449353 0.3093890567840369 0.32026576910494536 0.33116267024533474 0.33792578883802893 0.33634303678280075 0.3265781087690876 0.309298584992988 0.285813511209892 0.2581216040072694 0.2284348964786479 0.19831672878167997 0.16904699457883637 0.1416261055119927 0.11664504123255326
0.32480362400690904 0.3275831482400849 0.32808553742297286 0.3250156045687196 0.31792682375191383 0.3069583342757006 0.29278642396912025 0.276574290558524 0.2596918849534832 0.2434655783461629 0.22849702436417876 0.21552582770299414 0.2049937260137722 0.19676591881711367 0.19050668772659093 0.18593283420209258 0.18291368904593763 0.1815598806894366 0.18306411761571867 0.18998111661676334 0.20089792320436353 0.2134424804960065 0.22699879532625555 0.24119727281721065 0.2556156842264513 0.2695661127033474 0.2824717802629179 0.29427381616200715 0.30460031735614246 0.3147614987190049 0.324992226895776 0.3319520279011224 0.330870211632846 0.32181253006814037 0.3054119455160072 0.282874081401016 0.2559774610597253 0.22712231229975866 0.19794977698648583 0.16968833853631984 0.14326747574298118 0.11932929703358049
0.30225608218120614 0.30482989853904635 0.30621951172061324 0.30497563165153596 0.30050843816111616 0.29281760409678365 0.28237597262533004 0.269994313123007 0.25648369749122485 0.24216778489020005 0.22823678981027623 0.21562610378510721 0.20489945582963812 0.19609034150101934 0.18910909499553075 0.18383251570404457 0.18016826400424416 0.17807497035634742 0.1779603098837608 0.18522409873410461 0.19620087824693597 0.20833105606810348 0.22145167438222604 0.23530736909888367 0.2495301404223245 0.26359577823177516 0.2765854838711328 0.2882426463583181 0.29912712627236565 0.30932374807942004 0.31873872240520057 0.32602351900234056 0.3258929883927455 0.3184294432397989 0.3040492448136908 0.28277601596006874 0.256760058649686 0.22892990892722123 0.20088784139831603 0.17374785990433003 0.1483647821209478 0.12536518686467502
0.282890230747871 0.2858708895045484 0.2887512966011472 0.2894588161794818 0.28731497723041466 0.28239815578586025 0.2751077834313692 0.2655860486250668 0.2536167897312886 0.24044498125065303 0.22722024662003523 0.21481033372420916 0.20385971288827165 0.1946869688058922 0.1872831540157508 0.18165820654166034 0.17785610487574413 0.17605042746924968 0.17730869054945728 0.18292840322202067 0.19195427332251458 0.20285130323181821 0.2150583532710223 0.22822723160986605 0.24197328556462855 0.2558181680416775 0.26897784626592675 0.2806723714675988 0.29193983660054773 0.30274445365015495 0.3124549151180475 0.31993905171164777 0.32114695473971255 0.31600025989118746 0.3048531714421431 0.2846754692478946 0.25967892102178897 0.23328551069758588 0.20669435251575116 0.18087756601933924 0.15663667659707606 0.13458933101980858
