_RESULTS/CROSS_VALIDATION_POSTPROCESSED_CLR/Berg/GZ/8comp/1/Berg_GZ_z_500_kriged_reverse_8comp_spherical_1.asc
ncols 100
nrows 90
xllcorner 5.6208707817415728
yllcorner 50.959635321741573
cellsize 0.00013419651685393446
nodata_value 1.7014100000000001E+038
[rows 38 to 56 of 90, columns 42 to 83 of 100]
-1.4351705043063232 -1.472724903653698 -1.5153104014325804 -1.5613363183835987 -1.6161850141127008 -1.6879092174389998 -1.7814402304966015 -1.8953666397120463 -2.0297378093148786 -2.1838456648398834 -2.3551506583846997 -2.5448965217772685 -2.7474782623616547 -2.959660966347124 -3.1867674469403244 -3.4306436804287603 -3.694390046422874 -3.975890749224234 -4.271984534244709 -4.5782390576597995 -4.875602721908189 -5.147603828868068 -5.377628784575902 -5.551656851915361 -5.66662665367949 -5.728153068999898 -5.741576699911706 -5.708051051520915 -5.627691014272275 -5.503370974216614 -5.35173650079634 -5.163150385610146 -4.923452105114862 -4.643517551991517 -4.3355441228378435 -4.013931801279605 -3.693857011764391 -3.385140616187725 -3.0939448223708026 -2.8304349136655036 -2.603975222032908 -2.4253510631779616
-1.531270544684112 -1.59493353181942 -1.6710802242023428 -1.7619845695197283 -1.874066726741218 -2.0166531791338227 -2.1931794320224958 -2.4010097335609473 -2.6295933974860755 -2.872840666103863 -3.124346520092573 -3.3723869641591713 -3.604342510004828 -3.8307730630556467 -4.050632823754135 -4.279791636879292 -4.522730139091755 -4.787212326271751 -5.075201153904664 -5.373411283516901 -5.667696763556422 -5.94106220412997 -6.168529384360224 -6.323176020558415 -6.405898582522488 -6.435760807700062 -6.423086133784683 -6.368026958074491 -6.265169873191507 -6.1085366339969305 -5.931126535316814 -5.725785598546983 -5.457516470103389 -5.13529437642264 -4.7763833405746 -4.400436512648913 -4.026129121816762 -3.6682189141257613 -3.331691821902581 -3.025367675984149 -2.7580803262347136 -2.539595306598607
-1.6109480893093102 -1.6998084627770844 -1.8084677873195014 -1.9444942797650004 -2.111811405981493 -2.3215578505867245 -2.575149594120854 -2.8599360311465194 -3.1713552843675252 -3.5019738947053454 -3.8364475131825264 -4.1497262831933615 -4.429593120748536 -4.671692120432121 -4.880231766852849 -5.086849973108551 -5.307835757346808 -5.549716560307674 -5.8032005642018865 -6.069749156073744 -6.344477875696119 -6.61641157043058 -6.852469529986127 -6.9797597578476855 -7.015896655457246 -7.012970671238533 -6.980747014132221 -6.915592570917111 -6.810185794904609 -6.661632750069431 -6.491751073001217 -6.287499938669325 -6.0004401478347695 -5.632873672658022 -5.2156068645425275 -4.7802846868001545 -4.349590336581873 -3.940468416907323 -3.5595916735163806 -3.21225993758914 -2.9067995355428007 -2.651001799328093
-1.6676961168043927 -1.778857731977165 -1.9176269693249337 -2.0944999454898747 -2.3124464837255534 -2.580351829400759 -2.890536358416826 -3.241732607834085 -3.631005077666085 -4.049058783919832 -4.4747870839069 -4.8729059846502505 -5.218508377874819 -5.477992414241649 -5.670621813341727 -5.848613242479192 -6.034984984118144 -6.233210544091697 -6.443441084116407 -6.666266306969777 -6.908728932485223 -7.1661375886500505 -7.433137740739152 -7.506245506269113 -7.484032395851185 -7.45600367416928 -7.4157001497230235 -7.352753433740887 -7.254248026077313 -7.130533231654792 -6.9924712929502 -6.809940177382365 -6.5115675622371585 -6.103030089253678 -5.631633105173734 -5.135824843915904 -4.6488295789101395 -4.189792591968378 -3.7671655877791466 -3.382220425695391 -3.042138950211876 -2.753590227560403
-1.695732769855964 -1.8244163254517203 -1.9885516758408848 -2.1994934332048923 -2.4581019856232835 -2.762589392420998 -3.117180432005403 -3.5237851572954844 -3.9814439185786257 -4.483186758921213 -5.0114179896985105 -5.540467127735015 -5.992841090881483 -6.266444536314584 -6.409176591212719 -6.516431037761333 -6.636163541202423 -6.783798328611911 -6.9566840691969976 -7.14360211548007 -7.340796271064708 -7.548281601837431 -7.73391641548225 -7.8128423094267205 -7.808704258515423 -7.780883011630761 -7.736349468436679 -7.6703424012639685 -7.581723413960624 -7.493035739557675 -7.399258289715125 -7.271824512194223 -6.972902306335738 -6.497146162743561 -5.969425991461084 -5.434154380402509 -4.906920487773281 -4.404063027901222 -3.9443475729943804 -3.527007102654946 -3.1572298941769414 -2.841049778370121
-1.6902538890673713 -1.8298990564240418 -2.0125158381450414 -2.248351736095768 -2.525967247929912 -2.8531756411866867 -3.2387132314313942 -3.685053428486201 -4.193426944820063 -4.771728758207952 -5.415617353400332 -6.119812204082185 -6.755288733235275 -6.990522972712833 -6.993952426629369 -7.003689665247817 -7.062279252059749 -7.1698037893047575 -7.313791786787686 -7.474426156379957 -7.6310443116355176 -7.77851251707501 -7.902048608052169 -7.974105470088129 -7.996124475001601 -7.986503828733307 -7.950753981482523 -7.884352492445816 -7.801580827004093 -7.723420534677206 -7.658428583117814 -7.605389294720047 -7.3193780647180775 -6.756781120144618 -6.188746021580571 -5.630976316078657 -5.089899325137202 -4.570576615498642 -4.082481465399454 -3.6396643207845747 -3.246358595308564 -2.90802561157764
-1.6470427559007055 -1.7897808361894219 -1.9827647158998845 -2.225115152973403 -2.5080582370914324 -2.8442186874240427 -3.2439484045324325 -3.71110672241515 -4.260605087660924 -4.892570436298699 -5.607263190706757 -6.431014208052177 -7.348498471840393 -7.401521828755243 -7.282082274459356 -7.242413661837568 -7.274229895877212 -7.365762087881957 -7.499350191152589 -7.647212610073774 -7.778575626472826 -7.878940706451305 -7.961703190218214 -8.023795170628539 -8.06154063411995 -8.074148831373236 -8.055256560605542 -7.999577099298357 -7.923129788416611 -7.829126773021238 -7.725698289061682 -7.602227778531186 -7.308726323770818 -6.818741116230404 -6.266582535862509 -5.713901251454529 -5.176706981370771 -4.661931540393375 -4.173988725802513 -3.715130987389804 -3.305341839047026 -2.950851895273255
-1.5552399862682222 -1.6977958656524255 -1.8908930436508833 -2.1247972500244274 -2.4024359178516486 -2.7335569492684373 -3.132566972860766 -3.616288090881887 -4.181926701074861 -4.819353551247709 -5.523781950912373 -6.280838211710477 -6.924998758659995 -7.17633452070108 -7.192492047889839 -7.200727742526741 -7.253089810060417 -7.356730731095812 -7.502994478556873 -7.6619452043992435 -7.776818404734611 -7.842167219634656 -7.893294082933663 -7.948955684629126 -8.002130874462559 -8.041622148296412 -8.050986846099981 -8.02732380964749 -7.9541965947888995 -7.8275308320833865 -7.659092749775664 -7.449912214481865 -7.141462572467236 -6.715329750331847 -6.212450085650897 -5.685424118963673 -5.168028309755257 -4.670489736125268 -4.198775130465761 -3.7500851615856585 -3.3317796777312263 -2.967163289999532
-1.3909364662235564 -1.5331817645099086 -1.7140334057779762 -1.9326162867436578 -2.19538529066161 -2.5110665424136984 -2.9107565313465655 -3.39412197625514 -3.949775337204105 -4.561059824985451 -5.212315797432865 -5.8498021016491695 -6.368525974601315 -6.6781087600944975 -6.821945438195057 -6.912312574321031 -7.009842412804617 -7.139570423284072 -7.308466316267107 -7.510410379375016 -7.607553071062317 -7.636663417677942 -7.673296585197621 -7.729759477667507 -7.80286371126784 -7.8788031378037475 -7.950130792963598 -7.978939455283198 -7.912329592006705 -7.740960803320506 -7.503856278762055 -7.232619992669716 -6.8974480723986575 -6.4989641287849516 -6.046348460407255 -5.557482630129281 -5.0707050687548305 -4.600890255175802 -4.15479000439286 -3.7305894210262425 -3.325180799175927 -2.9560282136843674
-1.1607343760127968 -1.2912564271403237 -1.4489497965543932 -1.6433270595100167 -1.8821801232599351 -2.1894917333478285 -2.5822178049407136 -3.0547433104334516 -3.5914304905880527 -4.16800005445452 -4.751061556283643 -5.300738229770113 -5.758029928014528 -6.082771674152641 -6.289806368935531 -6.4400675115427095 -6.576712767380791 -6.7255439593389035 -6.896209613757155 -7.0733082423267515 -7.181108842666797 -7.232872145902921 -7.282957689487038 -7.348289427264132 -7.444672408140235 -7.580516322978747 -7.741856104794195 -7.86342539211183 -7.813634223566626 -7.571346425591358 -7.259022230446594 -6.938368574083136 -6.583207268072929 -6.194208831690822 -5.783486584761808 -5.343202114889431 -4.894469469537726 -4.460675833118458 -4.048292014963685 -3.655496104160621 -3.279591673360649 -2.91783433572678
-0.8725356213794306 -0.9777119875375767 -1.1034766869155546 -1.2647113778749026 -1.4830503434628797 -1.7819208669384203 -2.1634826083031053 -2.622791747986372 -3.1395231612420034 -3.677895864302593 -4.200860558166167 -4.6901950036871 -5.107844864312153 -5.43051269233621 -5.661924412783327 -5.84040112991042 -5.995960466252249 -6.148369502305986 -6.304387910893719 -6.451474042553585 -6.565949383660728 -6.648801875518779 -6.720427084796755 -6.7980502486159535 -6.926707938871824 -7.1181112778123605 -7.3706544361289055 -7.654968788811646 -7.6480547482176835 -7.265779670150368 -6.889001712119727 -6.543534350202564 -6.186847738282746 -5.816246168430592 -5.4374974750228855 -5.052098298565764 -4.64993317888143 -4.259108466987967 -3.88729358077794 -3.5318359076096235 -3.1898544497915147 -2.853342068296545
-0.5399156717440108 -0.6032115192768859 -0.6890483876091127 -0.8137903479638371 -1.015077509807195 -1.3019676649105207 -1.6720508165321308 -2.1199223289426063 -2.622111113987674 -3.122596062563624 -3.6002083527514817 -4.046243725637959 -4.4329805690646715 -4.743741020643158 -4.97710104721901 -5.157452132219875 -5.3106938981012375 -5.452506855032314 -5.590264360088082 -5.71975172135044 -5.831922368978982 -5.924523913419908 -6.009198462317602 -6.107360604733659 -6.25161404884353 -6.459548474819317 -6.731176734343969 -7.03826792938912 -7.0557807763638944 -6.698589261990638 -6.351905947595538 -6.031036213194881 -5.702850946307766 -5.367797199616401 -5.029403725044464 -4.693520286907141 -4.348380673119168 -4.006662810779606 -3.6811003817504173 -3.3679276792501502 -3.0620807302944764 -2.757371983612437
-0.20218534430320712 -0.20170305807903888 -0.2262017183088867 -0.31397465101490396 -0.4889868308025782 -0.7593455742216015 -1.122845963459735 -1.5665167090786318 -2.0583963873728632 -2.5323420837750517 -2.977097862149324 -3.3906511040702756 -3.7506194025478257 -4.043126256473787 -4.264683872950368 -4.427443573933578 -4.559313207497526 -4.676927421611751 -4.79155101268618 -4.904294303614746 -5.009000343441254 -5.107853730877112 -5.2046837286115615 -5.307211301525786 -5.439362006615234 -5.62215128054574 -5.839103126550042 -6.025453845599985 -6.04745294885361 -5.883612908075442 -5.659355778358555 -5.4097603672265855 -5.139728440319384 -4.858247491883064 -4.571470319391276 -4.285570862311493 -4.001830599722602 -3.714964916661833 -3.4400651044054253 -3.1723454325521354 -2.9038029986309533 -2.633897340387423
0.11907541593031246 0.18638049246176758 0.23361797374267335 0.20789719453035405 0.0827631543732581 -0.16320728920889804 -0.5288161037382291 -0.9834086378917342 -1.4726393478548978 -1.9338918966032492 -2.355843828069526 -2.743989464227795 -3.079689960341491 -3.3502397575387475 -3.5502813114667973 -3.6836144816239322 -3.7763277691262287 -3.853831901261648 -3.9398263583029034 -4.045162236530271 -4.156554946289578 -4.258786896410397 -4.348859828571879 -4.433858126852595 -4.533023905725967 -4.671739597751403 -4.832332933266036 -4.96780168484093 -5.020367077424301 -4.977920827760716 -4.874637345061382 -4.714995006760795 -4.520240432814925 -4.304871848970695 -4.078406672280279 -3.8486179204858555 -3.6225928828096396 -3.3964115763720812 -3.1754100787913844 -2.9523355853036115 -2.7232182061198493 -2.490287443497528
0.40456105597384173 0.5374749811077173 0.6524545173976466 0.7023937589465734 0.6546430448702822 0.4555451858209496 0.08379453769999046 -0.3994889104886763 -0.8953244264612785 -1.3534561761179233 -1.7593296978196893 -2.126120144970483 -2.439538466213415 -2.6874821332119523 -2.862748278584635 -2.964380680286917 -3.007794870535887 -3.034377541392804 -3.094802345339249 -3.2073533207509057 -3.3286774431295827 -3.422925201183989 -3.4858885315571038 -3.5308296227351814 -3.581599354876353 -3.673325598043644 -3.798132995078584 -3.9255488076460114 -4.021257707272162 -4.071602417306164 -4.062325281139435 -3.9901169277351887 -3.874474451862101 -3.730121082947817 -3.5682151854547164 -3.39790976352029 -3.227282628426991 -3.062916614383057 -2.8965262855439957 -2.7173750521762936 -2.528971120500397 -2.334318210575442
0.6343389217127107 0.8241942870964523 0.9962330072746637 1.1270860415881496 1.1882152873271687 1.0638413655824 0.6450846833735322 0.11347324369838496 -0.3948595966268422 -0.846412404477902 -1.2345354645837383 -1.5793641541044232 -1.8735028602295507 -2.1051456517603477 -2.2642994787349844 -2.343116764114197 -2.339275601234422 -2.2839820678434273 -2.2971516252921393 -2.448872274647891 -2.5859707660171107 -2.654135136465419 -2.6632422324696785 -2.6414438724037357 -2.6267689026605576 -2.6710995779941125 -2.7788881021239957 -2.9245386095900128 -3.074751586459869 -3.2022778157836633 -3.2675928275233055 -3.2735005184525816 -3.232706124797769 -3.1578863256200753 -3.0602716119757014 -2.9496699234024524 -2.834805929760624 -2.7269903268235005 -2.6100017152529817 -2.476490943368684 -2.3299200624770458 -2.1739723780734725
0.7912052372592755 1.0189943940980246 1.2267330687642315 1.4099595523805517 1.5666478239795856 1.6109176060912187 1.044743833077436 0.4856837814492807 -0.018966295288642465 -0.4567842888146343 -0.8244599713821885 -1.1450668592105 -1.4213635234334818 -1.642136884666781 -1.7961771419068189 -1.8712349122955478 -1.8521872681765412 -1.7222805857892323 -1.630014711683723 -1.8866773020971452 -2.0072662664925884 -2.0098443089485234 -1.9278641264460918 -1.8049209609292012 -1.6995327790976535 -1.692182276665796 -1.8016431200117162 -1.9898240334992507 -2.206732537268219 -2.3940241465351635 -2.52319425111222 -2.5962648080806257 -2.6218836248470683 -2.610750871235072 -2.57349512081933 -2.5199670253386097 -2.4588015963411833 -2.3961492984408204 -2.326293876938978 -2.23740750173203 -2.133182014638048 -2.016949822137591
0.864984941298538 1.109131935468798 1.3229506715221468 1.499383543515639 1.6091212561208068 1.5316069421387777 1.1589988736577306 0.6769579609257406 0.21670614174575942 -0.19269196841296532 -0.5383533809014072 -0.8307459016840515 -1.0896622593798106 -1.305523941375512 -1.4688107446204568 -1.5698032153765777 -1.598877332764948 -1.5624868236205598 -1.5598360358121783 -1.6474449358128203 -1.6529029101257446 -1.5347457212709554 -1.322184939928057 -1.0601746979724647 -0.8240730760660191 -0.7525858752290568 -0.8949351534254724 -1.1564375143691565 -1.4375007102840422 -1.6745436661873443 -1.8560561205567006 -1.9836709926433276 -2.0646762065740725 -2.108520833876171 -2.125051284450072 -2.1233552509356572 -2.10656739730919 -2.0812396307940064 -2.0556209949674176 -2.0092124841412176 -1.9456746066794541 -1.868459682107431
0.854650549338074 1.098748917865207 1.298217930104287 1.4392468752134526 1.4892631151830984 1.3862402266849112 1.1052094001026216 0.7186443569572898 0.32320323535506557 -0.0447239314430099 -0.3664212041442818 -0.6352993403880174 -0.8756287921204351 -1.089313836765187 -1.2705196047641205 -1.4154015246989742 -1.5248584951592654 -1.6083128149290131 -1.671564525491029 -1.6641534573039949 -1.517777772981394 -1.2434217713511608 -0.8822844641366094 -0.4644488199321155 -0.04247560334176681 0.1354637150921456 -0.12007432369053928 -0.4754299435734375 -0.7996089555762866 -1.0714795450316608 -1.2888983395400433 -1.4558056373612767 -1.579199187002946 -1.6675022536247135 -1.728659735019637 -1.7665127948036954 -1.784868467325406 -1.793442374064595 -1.807414362649928 -1.8004616171465673 -1.7751955244208095 -1.7350805780037115
