_RESULTS/CROSS_VALIDATION_POSTPROCESSED_CLR/MHZ/TZ/8comp/5/MHZ_TZ_z_0_kriged_reverse_8comp_spherical_5.asc
ncols 100
nrows 81
xllcorner 5.5967107548124995
yllcorner 50.982328804812504
cellsize 0.00017565037499993607
nodata_value 1.7014100000000001E+038
[rows 57 to 75 of 81, columns 43 to 85 of 100]
-3.0233545745087245 -2.9627043793644603 -2.9334575253276576 -2.9379227560269183 -2.975580672349179 -3.0457065601860513 -3.147867491441037 -3.2816350903021765 -3.4467800775636723 -3.6401551644033443 -3.838925665155836 -4.034359675811784 -4.2155262331014685 -4.3625237593566935 -4.448307892513212 -4.448756161837531 -4.356965262574206 -4.186599415137796 -3.960204169151065 -3.6997150605085802 -3.424844569633373 -3.1407310919333 -2.8507004043162283 -2.557140941906663 -2.2622055250815487 -1.9712983411092557 -1.835901505961566 -2.016512483383965 -2.2204789694962717 -2.443623299294076 -2.6827261767377886 -2.934600516203548 -3.1896071845322718 -3.422934629192599 -3.631016472651908 -3.810461800917135 -3.957933035358903 -4.073951769463348 -4.159158603881933 -4.2139018507025 -4.238136922137945 -4.231371168338843 -4.192752212076412
-2.9840584659005716 -2.9243238611926055 -2.897922341926908 -2.905955260409749 -2.948560219792906 -3.0255874415996598 -3.135517318131015 -3.2763273173018352 -3.445693372554493 -3.6380719618990898 -3.8280838631661536 -4.004865969636419 -4.15813305470196 -4.272981334652596 -4.332206637079633 -4.321740492934163 -4.237281833783868 -4.085499090062793 -3.8800990198273366 -3.636682910797304 -3.369795633627603 -3.08855637603434 -2.8005146182690392 -2.51019214623481 -2.223756235534146 -1.9629727668752857 -1.8549498223496452 -1.975888914512941 -2.1661573089571426 -2.384808104437144 -2.622655740532415 -2.876052182985751 -3.130602491675228 -3.3629986838538355 -3.5688400611557505 -3.7458843647781883 -3.893018975098752 -4.009846051464768 -4.096248450649183 -4.15207748440206 -4.177022988827127 -4.17048163677587 -4.134681872314101
-2.938940680999864 -2.8775355904171045 -2.8509556612817564 -2.860427269250853 -2.9068654651917303 -2.9897465901871625 -3.1060601965001955 -3.2519000789807992 -3.423015030733484 -3.612868465987429 -3.795285568757853 -3.9578117747563084 -4.0916447555540785 -4.185860988752111 -4.229079452762651 -4.212782637043311 -4.1355164563685225 -3.999378689118283 -3.810232759671389 -3.584665624156795 -3.337390205891602 -3.076367202657801 -2.8090679111891097 -2.5448182481192387 -2.2993526940384417 -2.1061733189656415 -2.0225322437155215 -2.0719105375175118 -2.2145786796643168 -2.4071616958120283 -2.6296342141365803 -2.8719507401175397 -3.109717320145462 -3.3284485521066687 -3.5241936133378764 -3.694161616495064 -3.8365375500910788 -3.9501800724143794 -4.034316665851369 -4.088307318694775 -4.1115106737979445 -4.107021032678457 -4.079302737396674
-2.8896896715704763 -2.822794004829574 -2.791819736538323 -2.800909786011408 -2.8509131261447362 -2.9396288869860214 -3.0621587444021734 -3.2123630236025518 -3.384276860763007 -3.5712942414030886 -3.7485062143765573 -3.90130247851057 -4.022469799457678 -4.104019778974822 -4.138443107871875 -4.121972036499639 -4.052527716014638 -3.930989013448847 -3.760933589407455 -3.5505458693919123 -3.3192551786172473 -3.0825563483491987 -2.8444561290297186 -2.615548805658703 -2.4127392271080925 -2.26067386722192 -2.186127365071588 -2.208897100235734 -2.3137291278657166 -2.4749821175946596 -2.6741910718408097 -2.896003494876573 -3.1121182567326615 -3.3133675485803686 -3.4951377579687413 -3.6541171282791973 -3.7879652250910665 -3.8949126370969873 -3.973616038040828 -4.023508522085256 -4.0485481904306635 -4.050166031662382 -4.028819539236489
-2.8386625752770946 -2.7605024622986827 -2.7211254858459517 -2.7278733406291478 -2.7821168873555684 -2.8782845023408345 -3.0081657279678944 -3.1630329393241574 -3.335565591761966 -3.5193390538678107 -3.6938479676482925 -3.840722630998427 -3.9542612790360674 -4.028933024215604 -4.061274637055513 -4.04793047995916 -3.987315870762034 -3.8801506181262444 -3.7292197139806142 -3.5388912139193742 -3.3226232913678198 -3.1037252600609913 -2.891312406848105 -2.6946376733963406 -2.5245951152887978 -2.3970422563084837 -2.3331876623875347 -2.3464499045567946 -2.428575140499243 -2.565244811198255 -2.742977567363319 -2.93903663198952 -3.1311278907743434 -3.3123607900467626 -3.4775821619354335 -3.6229128002310484 -3.745418483412833 -3.8430080315890125 -3.916911721229889 -3.9678701503169056 -3.995991106592732 -4.00144168383924 -3.9843945941289656
-2.7891138758442025 -2.6941021565940035 -2.6402625334761574 -2.642284459821708 -2.7034212128841 -2.811070791838955 -2.950443797751669 -3.1104350185405143 -3.2832770116180034 -3.4629017097546226 -3.6358927110998636 -3.7796100933167605 -3.8895869965855088 -3.963123494343228 -3.996971004630544 -3.988838749514904 -3.9378916632100247 -3.844962650731313 -3.7125041800920107 -3.5443923353572186 -3.34686726029799 -3.1442654877432332 -2.9505153268962014 -2.7740848117550474 -2.6246865603348493 -2.5155320073499077 -2.465318794823564 -2.476964063439279 -2.5467219647334565 -2.6664699219061907 -2.82416195339105 -2.992621886529829 -3.1601974665768067 -3.3200716729880013 -3.4668866544160433 -3.597418473813467 -3.7097330280414433 -3.802263921865132 -3.8740361873102245 -3.92451780328776 -3.9534054489130375 -3.9605402568041526 -3.9458362618857348
-2.7492342169405566 -2.6315444872091973 -2.552526207510007 -2.545705395099162 -2.621824724668301 -2.747566573955803 -2.897954263189224 -3.0621598048257943 -3.2338277456870825 -3.408125429489996 -3.5780120015821177 -3.721455300170808 -3.831932316983601 -3.9068827096756693 -3.9442012200941297 -3.9425547756311943 -3.9016928608169055 -3.822622873680454 -3.7076379029699784 -3.560246347241344 -3.385474731777487 -3.199844303697464 -3.0214513947418626 -2.8599344069552295 -2.72428475441343 -2.632108447365729 -2.5908988759793834 -2.602684234966772 -2.665365715010682 -2.773799618355833 -2.908378918934284 -3.0518519027153124 -3.1969214510639112 -3.337606290954469 -3.469192137026764 -3.5880741515474885 -3.691570383594942 -3.777737801210222 -3.8452272766663738 -3.8931204015240115 -3.920767397226675 -3.927715978470094 -3.9139486292093317
-2.7258459971134115 -2.5917956726343943 -2.471379002433337 -2.4427181657409927 -2.557267410897701 -2.7043264426213907 -2.861946272050351 -3.0259845511737953 -3.1930754158921273 -3.3604892658939245 -3.5249510098910166 -3.669789058680073 -3.7818361069463142 -3.859407930533873 -3.901232012057294 -3.9066462154022736 -3.8758220029311383 -3.809905387685397 -3.7110655619122497 -3.582470099623149 -3.4284208605538735 -3.2638228283307966 -3.1005433735696197 -2.951502070375335 -2.834690811614337 -2.7578371849585968 -2.7253734595218573 -2.7391304378406494 -2.7982387763333945 -2.893295157362862 -3.005105864456705 -3.1265153417467797 -3.2513168155527596 -3.374121458485331 -3.4904484588895603 -3.5966883754806704 -3.6900055491489443 -3.768222702869948 -3.8297251706601023 -3.8732829747219837 -3.897968754286467 -3.903078294664483 -3.8918151630586335
-2.72753150612298 -2.6029939256910755 -2.475158585531519 -2.4347783656953026 -2.556762693126106 -2.701141225597668 -2.852795604222103 -3.009339046143121 -3.168127781528587 -3.3263165109134625 -3.4808932280703435 -3.6248056340242547 -3.7386457929747925 -3.8192645205387756 -3.865932828710515 -3.8784269543275527 -3.8571876452890774 -3.803426156631491 -3.7191673325806267 -3.607233806386663 -3.4713698911331035 -3.325661966849748 -3.1831918779394655 -3.057606978725316 -2.958570733105709 -2.8954140153225736 -2.8717781796178006 -2.8893761375489113 -2.9447328195901035 -3.021620504049297 -3.113554574727636 -3.2151203382681084 -3.321082530548483 -3.426682532043936 -3.5277818747272485 -3.6208965763191228 -3.7031649378369154 -3.7723066057124663 -3.8265080086027736 -3.8643220796930646 -3.884605604268142 -3.8864516064279155 -3.8814542256458555
-2.7662044323639066 -2.66385623465166 -2.5848720483184797 -2.566035145511024 -2.6323262541757027 -2.74480030848295 -2.876196375398061 -3.0170021598650822 -3.162000182349576 -3.3073165452510254 -3.4495564483231034 -3.5854830881427615 -3.7008461040596097 -3.784424029129379 -3.8357971946410983 -3.8549919839930546 -3.8425853811175195 -3.799775690171185 -3.728408847159244 -3.6309571748601353 -3.5108276393369997 -3.3864780733292763 -3.2716684705294194 -3.172903902939935 -3.0963388414670705 -3.047417829891901 -3.032655556323938 -3.0529252693628335 -3.09579989469536 -3.1564796915251847 -3.230876510103222 -3.3145638352068376 -3.403120049274021 -3.4923790986144456 -3.5785817688825614 -3.6584440528291524 -3.7291799428041625 -3.7884756251049665 -3.8343980534964115 -3.865359626175602 -3.8800583586662816 -3.8808763391006362 -3.8808763391006362
-2.837646697265174 -2.758167084063029 -2.7058896864322084 -2.698146516587471 -2.7393261872534413 -2.820300943441187 -2.92610277543601 -3.0461705248091038 -3.1734971789080313 -3.3030739529426434 -3.4309151739499155 -3.5535318252576693 -3.6661490435834567 -3.7523265369042758 -3.807982853835325 -3.8332523559113874 -3.8287431424059712 -3.7955747479657864 -3.7353849120605553 -3.652528826862365 -3.5541447016514502 -3.4559384093433407 -3.366965578175978 -3.292823087442507 -3.238772794753366 -3.2094569879558787 -3.2055479022662574 -3.2192909394107874 -3.2498726830291527 -3.2961847830062583 -3.3549225026626255 -3.42241163932234 -3.494893972656118 -3.5687281607005086 -3.6405285341064957 -3.707252596590307 -3.766246849050391 -3.815200558039756 -3.8521407009333823 -3.8750560504878404 -3.8808763391006362 -3.8808763391006362 -3.8808763391006362
-2.9279589686243574 -2.866558515155634 -2.8294508681992094 -2.825013192082706 -2.8550048190739323 -2.9130063675440443 -2.9931805806132137 -3.0915316898339764 -3.199569665555551 -3.311791736707893 -3.4238517101501538 -3.532015591259485 -3.6328418820508945 -3.7199748778575907 -3.7793709403271603 -3.8099735476994194 -3.8127932389713575 -3.7908252991924547 -3.746863583621566 -3.6841240570329967 -3.608063360153792 -3.5340911369797974 -3.46901038093701 -3.417685862224699 -3.384665054384918 -3.368247866855413 -3.3655427275129775 -3.3767089604921416 -3.4010906195071784 -3.437280733656139 -3.4832494937892964 -3.536506530582084 -3.5942658339741236 -3.6535898093468098 -3.711506944049685 -3.765101561180427 -3.8115230017613917 -3.8480257732947134 -3.871979673479565 -3.8808679060475844 -3.8808763391006362 -3.8808763391006362 -3.8808763391006362
-3.027617603011094 -2.979512462834148 -2.9518759446464258 -2.94925983922237 -2.972512892014681 -3.0182531291017156 -3.0808699337841903 -3.155647066823584 -3.241203705275658 -3.3338537335622935 -3.428675894312561 -3.521536075977311 -3.6089061150090687 -3.688016942460207 -3.75247785865738 -3.7917903797100014 -3.806806621291117 -3.799389692386381 -3.7718997468376756 -3.7271238867381773 -3.6720743521900756 -3.6206968702732634 -3.5778713379591824 -3.545681836060502 -3.52241297241382 -3.5093068135320427 -3.507142834712436 -3.5160498343885256 -3.5354952672734115 -3.5643279773759966 -3.600865087643336 -3.6430057082908682 -3.6883520011503124 -3.7343298849538153 -3.7782855990357014 -3.8175303182105655 -3.849402938036884 -3.871301045790414 -3.8806973428182583 -3.8808763391006362 -3.8808763391006362 -3.8808763391006362 -3.8808763391006362
-3.1308764354686174 -3.0926082984335546 -3.071348179770902 -3.069814358085781 -3.088462747948319 -3.125273587553822 -3.176851107463638 -3.2400453969059795 -3.310861377174282 -3.3857643274990137 -3.4624895330847862 -3.539552492490043 -3.613660816358359 -3.6820704538662152 -3.7425543294874974 -3.7901729474294314 -3.8162428533060178 -3.8218767918436924 -3.809117179262393 -3.7803727969251066 -3.745733999954564 -3.7128135726472373 -3.683073246994639 -3.658430533597281 -3.6404606997008333 -3.6303104973540097 -3.6286279057100743 -3.635519484788862 -3.650543073157588 -3.6727372132206164 -3.700681871972712 -3.7325805005591586 -3.76636317833467 -3.799756494415083 -3.830359427063408 -3.85571087097777 -3.8733366070871824 -3.8807821201540555 -3.8808763391006362 -3.8808763391006362 -3.8808763391006362 -3.8808763391006362 -3.8808763391006362
-3.234128444958514 -3.203312742242267 -3.1865856328482245 -3.185690555310378 -3.200885077745947 -3.230841863947032 -3.273580347958127 -3.3269566014109477 -3.387757980017712 -3.4529572315208856 -3.5198414611449125 -3.585898535596845 -3.6490532398828637 -3.7075174721992803 -3.7597028946449056 -3.804172450646302 -3.8384191364558355 -3.8546651195492942 -3.852672129843889 -3.834689081305636 -3.8120600689639126 -3.789192057856057 -3.767999037639898 -3.750150046248087 -3.7370002334914614 -3.7295269720864184 -3.7282790735190754 -3.733346441724528 -3.7443549180322573 -3.760487181864433 -3.7805338055528313 -3.8029470399836747 -3.825902805020295 -3.8473737219476387 -3.8651921018744733 -3.8771037935202273 -3.8808763391006362 -3.8808763391006362 -3.8808763391006362 -3.8808763391006362 -3.8808763391006362 -3.8808763391006362 -3.8808763391006362
-3.334879307157017 -3.309853662341389 -3.296473443689409 -3.295917494706048 -3.3083305205801796 -3.3327796556543747 -3.368349907095922 -3.4133294550713553 -3.4651609132660157 -3.5212964821218766 -3.5792574150315475 -3.6367255227244066 -3.6917242304291644 -3.7424784573707788 -3.787383097034767 -3.8249722041599594 -3.8538915357346 -3.8728756195076435 -3.8775634324379453 -3.8691521102373048 -3.857211208880749 -3.843770526292501 -3.83053224365304 -3.818964548244895 -3.8102482892556284 -3.8052288169319746 -3.8043784444100934 -3.8077759068986996 -3.8151047965326086 -3.825663181280918 -3.838397664675897 -3.8519481091323384 -3.864699570921232 -3.874836242364932 -3.8803929355786737 -3.8808763391006362 -3.8808763391006362 -3.8808763391006362 -3.8808763391006362 -3.8808763391006362 -3.8808763391006362 -3.8808763391006362 -3.8808763391006362
-3.431219831129792 -3.4107977704334833 -3.3999551872521714 -3.3995206996059126 -3.4095687141183677 -3.4295218623268564 -3.45913140147239 -3.496868557423787 -3.5406868478232445 -3.5884333240336654 -3.6378553686693387 -3.68691287439878 -3.7337416232773273 -3.77662241981432 -3.813970257942044 -3.8443175329364885 -3.866296023140334 -3.878620009032158 -3.8808763391006362 -3.8808763391006362 -3.8790818519192585 -3.874532959774708 -3.868752188152621 -3.863043454792238 -3.8584480608334246 -3.8557077643232756 -3.8552364358398252 -3.8571034782819593 -3.8610309917594825 -3.8664050309405478 -3.872299590414921 -3.8775105450513263 -3.8805959445820686 -3.8808763391006362 -3.8808763391006362 -3.8808763391006362 -3.8808763391006362 -3.8808763391006362 -3.8808763391006362 -3.8808763391006362 -3.8808763391006362 -3.8808763391006362 -3.8808763391006362
-3.5215619543930132 -3.504876484956361 -3.4959951503177766 -3.4955172595612676 -3.503470510123855 -3.519762645303757 -3.5442998268199517 -3.575716510177653 -3.612351342264256 -3.652310341427154 -3.6936571679427117 -3.7345807239033295 -3.7733485835704066 -3.8083241679078976 -3.8379693564177457 -3.8608388444915542 -3.8755705706222936 -3.880874876182808 -3.8808763391006362 -3.8808763391006362 -3.8808763391006362 -3.8808763391006362 -3.8808763391006362 -3.8806286385896454 -3.8798958272562447 -3.8792891484042156 -3.8791741098677113 -3.879611921935025 -3.880357346496523 -3.8808672504796937 -3.8808763391006362 -3.8808763391006362 -3.8808763391006362 -3.8808763391006362 -3.8808763391006362 -3.8808763391006362 -3.8808763391006362 -3.8808763391006362 -3.8808763391006362 -3.8808763391006362 -3.8808763391006362 -3.8808763391006362 -3.8808763391006362
-3.6045036652163804 -3.5909081212141163 -3.583564517504592 -3.5829156141173466 -3.589006928618632 -3.602336701177117 -3.62247583172734 -3.6483069056044592 -3.6784176954296695 -3.7111537651813333 -3.744891023336539 -3.778002547196912 -3.808892944873974 -3.8360221259562985 -3.8579161914552285 -3.8731697625469663 -3.8804431741507437 -3.8808763391006362 -3.8808763391006362 -3.8808763391006362 -3.8808763391006362 -3.8808763391006362 -3.8808763391006362 -3.8808763391006362 -3.8808763391006362 -3.8808763391006362 -3.8808763391006362 -3.8808763391006362 -3.8808763391006362 -3.8808763391006362 -3.8808763391006362 -3.8808763391006362 -3.8808763391006362 -3.8808763391006362 -3.8808763391006362 -3.8808763391006362 -3.8808763391006362 -3.8808763391006362 -3.8808763391006362 -3.8808763391006362 -3.8808763391006362 -3.8808763391006362 -3.8808763391006362
