_RESULTS/CROSS_VALIDATION_POSTPROCESSED_CLR/MHZ/TZ/8comp/5/MHZ_TZ_z_90_kriged_reverse_8comp_spherical_5.asc
ncols 100
nrows 81
xllcorner 5.5967107548124995
yllcorner 50.982328804812504
cellsize 0.00017565037499993607
nodata_value 1.7014100000000001E+038
[rows 19 to 37 of 81, columns 0 to 42 of 100]
0.7683743400206922 0.7352446571755364 0.7083456008613462 0.6930454351491511 0.693873315742605 0.7109041023003553 0.7415442877814622 0.781843210563351 0.8283107579381601 0.8784415604823987 0.9305411211234258 0.9834406531109503 1.0362769165259422 1.088337181541778 1.1389418786604124 1.1872961872812318 1.232207483671284 1.2717499988860999 1.302930718310106 1.3216598767899836 1.3247972951092861 1.313613466762947 1.29410125191569 1.269630903947861 1.241781536497166 1.209679689522348 1.173752684498239 1.1347183801266194 1.093092721599765 1.0480999950343146 1.0002704789497843 0.9506720705247681 0.9004860080138553 0.8510728793050072 0.8040917914549366 0.7620481917174495 0.7299747810242383 0.7092749563161502 0.7012960543785771 0.7059584920450162 0.7208237253287914 0.7435730170663339 0.7734369149453499
0.8206397836526462 0.7945305439717233 0.7740646275630623 0.7618775536193636 0.7613007940342721 0.7728285263287119 0.7950905064155582 0.8257545388241069 0.8623826232212312 0.9029009638224463 0.9456870954598747 0.9894850789128914 1.0332999146910198 1.0764234346648016 1.1182478837422003 1.1576993596399874 1.1935312714476485 1.224200037211939 1.247831533230801 1.2624945504541225 1.2658828388626095 1.2592628818889184 1.2462436789837907 1.2283368739671836 1.2061351810321925 1.1789395334441883 1.1473293278570376 1.112073799379832 1.073914415583024 1.033501819581312 0.9904534279574804 0.9454533097438211 0.8997692131466066 0.8548584064578937 0.8124695438616494 0.7747934165791186 0.7458868608542416 0.7262267822327876 0.7169602724653295 0.7186952023919355 0.7305684161792216 0.7516112631467616 0.780886331465484
0.8755302543115107 0.8554718303298432 0.8401036863358526 0.8297922213006299 0.8274209246482312 0.8341543125538351 0.8492131476123187 0.8711965159320042 0.8984641257433216 0.9294256127944756 0.9626688860195871 0.9973818992986747 1.0328184899777493 1.0677403907059484 1.1010005707994102 1.1315270675230507 1.1583246178394282 1.1804887426057018 1.1972014502807307 1.2076837036869499 1.2106649441967476 1.2081087350048465 1.2008381611415038 1.1888013487559945 1.1711990556169647 1.1479626097273719 1.120270967770288 1.0891735185356082 1.054900352326708 1.018100054974893 0.9795943280697543 0.9395929397644863 0.8986885345678957 0.858348996117589 0.8202755248976954 0.7864649807886503 0.7592484177191436 0.7393841009795233 0.7285674990159149 0.7279770340719411 0.7377549232859467 0.7580457054356575 0.7872736185441875
0.9311589697688514 0.9164484319713414 0.9052969182614462 0.8966134031538988 0.8922043380840207 0.8944641383073453 0.9029848902589456 0.9169836035677145 0.9354207923854444 0.9573475648016366 0.9824845416926443 1.0095121637505629 1.037031374226674 1.06372485384397 1.0883787041619353 1.1099425555103979 1.1276588971001424 1.1412548651987602 1.1510116349094144 1.1572806061408054 1.1601278514524869 1.1615092264855629 1.1597903885388554 1.1532182203588275 1.1401029414137538 1.1207662825861149 1.096365138591765 1.068095693866142 1.037156511828843 1.0042257135948223 0.9693338887905887 0.9333703728934586 0.8972283076386292 0.861417003453345 0.8273478799378713 0.7967867934068364 0.7700377393282833 0.7489784272761838 0.7359800065014634 0.733026030952501 0.7415229837501277 0.761985539489551 0.7920477407225333
0.9859304251736385 0.9761439976314448 0.968717131286848 0.9617610596438799 0.9556124970562705 0.9535136781671041 0.9558299715286998 0.9623005246727642 0.9730020515119125 0.9880413541152822 1.0061254391729912 1.0258608111265501 1.0458384429368068 1.0646789376634513 1.0810857245771297 1.0939471374427843 1.1025600216705067 1.1070838783323955 1.109126690489565 1.1110627182765573 1.1153100693775153 1.1210689706680441 1.1247162224944751 1.1231999180587307 1.114315625835566 1.0986720666996752 1.0774551537939852 1.0519137298994286 1.0233053575998572 0.9928817705125432 0.9616242933531586 0.9292335888817839 0.896470500413012 0.8643629575409877 0.8340036266377285 0.8059723705401765 0.7788234031319474 0.7557064359383828 0.7394773392261631 0.733422424952263 0.7412082554639663 0.7631796797270881 0.7952904914865029
1.038405571909153 1.0333598926962158 1.029594217501647 1.0245148313666343 1.0175244358454982 1.0109899628028713 1.0071723566623778 1.0072831824835753 1.0122193804372228 1.0211081388307772 1.0327791867873866 1.0458979776834045 1.0590523458063483 1.0708118449011783 1.0797830010641558 1.0846952377397288 1.084594097350529 1.0793950818517146 1.0716835566448681 1.0695375186265978 1.0780531164267098 1.0890991373563268 1.0974303241277052 1.1003084049634486 1.0950872249687789 1.0826643185528488 1.0643007016450483 1.0412970282022296 1.0149511975599717 0.9865445832725488 0.9573430320929268 0.9283666857125146 0.8990527700916373 0.8700124218652243 0.8422032118424163 0.8149355353659167 0.7868856716846081 0.7611556406951897 0.7403271187856952 0.7290835247952623 0.7366261916468677 0.7625647297378526 0.7980854548147858
1.0871103446539028 1.086791397940758 1.0870390943161405 1.0843507673818724 1.0772123957218291 1.0664134237509317 1.0571097098170088 1.0523488696587888 1.0520638456746891 1.0555152312694183 1.0615977778428691 1.0690075813120647 1.0763379752594353 1.0821384177186328 1.084959337639055 1.0833994732519083 1.076172904672832 1.062246859882691 1.0416580864589118 1.0357182656184545 1.0532904601339061 1.0689591941231014 1.0800820592764035 1.0858626749314315 1.08334395568469 1.0734167264980417 1.0573926710275796 1.0365944059159693 1.0123308768360828 0.985886886936685 0.9585214376670446 0.9314703262161883 0.9055554656065511 0.879870770764692 0.8545157000747923 0.8273899366341044 0.7985384739068238 0.7704294633114284 0.7444552255522108 0.7230878445212809 0.7312041015579273 0.76540474862668 0.8044997054144897
1.130378225105225 1.1347163461124872 1.139688131284878 1.1406376620120282 1.1333573250205637 1.1191951302644774 1.105379943612088 1.09607067686555 1.091275274487088 1.0901871436366926 1.0916631001643442 1.0944363605300027 1.0971303485030892 1.0983234081559212 1.0966083441746979 1.0906456714991037 1.0792638921300688 1.0617256478500001 1.0409122378002251 1.0352070906153645 1.0491870457632406 1.0637267790603222 1.0744901679174779 1.0805634532195991 1.07950632945743 1.071195799467062 1.0568932796905384 1.0378879053661196 1.0154625386978573 0.9908789318066054 0.9653718880367712 0.9401478503658087 0.9163842845885504 0.8942910623950162 0.8705380842808179 0.844360375741158 0.8161816860697136 0.7884482726428902 0.7625789658267013 0.7414471783221409 0.7488327109122417 0.7815948351357515 0.8194527022818894
1.1663465309303833 1.1746475627080468 1.1845997174846519 1.192118301812366 1.1845952006226557 1.1672292444150991 1.151266669613662 1.1389475443263888 1.1311162220739475 1.1267086081158795 1.124549706728763 1.1234188286800184 1.12209067301548 1.119375888153023 1.1141781985624097 1.1055974633056593 1.0927852414125996 1.0767306918956674 1.0631635971017768 1.058493295744151 1.0637759243384688 1.0728513168080327 1.0804793079068786 1.0847096777586074 1.0833539192981811 1.0758012914829174 1.0626044358025555 1.0449708456347078 1.0241253398865116 1.0012845515348494 0.9776458196385612 0.954383426462765 0.9326484325872142 0.9120526880854434 0.8899808799960854 0.8655981938023365 0.8395774884319998 0.8149172266106562 0.7941313735670776 0.782008882434887 0.7876564456553322 0.8105321380231625 0.8424995323324561
1.1933757887693532 1.2038346213459064 1.2166000666508028 1.228739285460611 1.2237332426897218 1.2078843410911992 1.1938248774387452 1.1817140699540432 1.1723050441507268 1.1658210573353687 1.1611755160309827 1.1572596033273423 1.1529751829794403 1.1472760672748215 1.1392350983432025 1.1281678083864422 1.1147154788877798 1.1021908616895604 1.0927213855012279 1.088185184526914 1.0889969733470102 1.0929382535061503 1.0964118772658866 1.0977038819072922 1.0944096120952984 1.0865897992388978 1.0739822076270786 1.0573560787795173 1.0378626954432497 1.0166597830219168 0.9948977311058357 0.9737156780510796 0.9531028236306178 0.9324603202343331 0.9120556150909536 0.8900013674074732 0.8669439418136524 0.8462483149630637 0.8303799635765854 0.8225807057424835 0.8272016686952944 0.8442453015450047 0.8702282427096628
1.2113373981073627 1.2236331374519946 1.2366097298292416 1.2454866065657462 1.2459308398331503 1.239241196916776 1.2305992186311343 1.2220122227220689 1.213756143742958 1.2063794789543665 1.2002972688568931 1.1945921293621982 1.1883318542571364 1.1806232230733071 1.1706720640396933 1.1590271480085665 1.147399181615079 1.1366331913530285 1.1280840859977057 1.1231075011735152 1.1211842278545607 1.1210276577181275 1.120312304716339 1.118155584772884 1.1124051155144887 1.1028714156987314 1.0901939464207278 1.0743129172589703 1.0560086324850355 1.0363740124084833 1.01650388885004 0.9963099936440083 0.9756075287371976 0.955124779308494 0.9356431429330953 0.9160447989116162 0.8960922473103494 0.8790451914242271 0.8667354770619955 0.8611084255803972 0.8648250491696183 0.8781669884208883 0.8993395875800918
1.223053625754219 1.2367027928606509 1.249565266959425 1.2592349875886821 1.2642672726448747 1.2645935304818476 1.2620106160970785 1.2579749745724544 1.253061483668539 1.247309414010517 1.2407561728309908 1.234039018401768 1.2265541792208388 1.2176982161275667 1.208392743321539 1.1989016001924195 1.1892958626221304 1.1798820835227248 1.1712265936848265 1.1640416444608828 1.158985406891723 1.1552922529350909 1.1504988720479778 1.1445845395308623 1.1361750095811507 1.1246103412111557 1.1106093056633275 1.094922262557824 1.0777313029828264 1.0595305569666749 1.040031098597809 1.0196032907941444 0.9989287771043923 0.9787276384625773 0.959782105267188 0.9422066605895012 0.9252087855515301 0.9111900587088997 0.9013976739512131 0.897007161785508 0.8998162724298231 0.9104198351900513 0.9277292742810984
1.2292874179759063 1.2443866402828065 1.258016155701044 1.270426157667338 1.2798854909808972 1.2857963581172733 1.2887126888437308 1.2893600105809266 1.2881837393212798 1.2853247444679954 1.2807279193710346 1.2742839360347984 1.2671582441666174 1.2602227975824258 1.2533409534319762 1.24632531623229 1.2389257721172202 1.2308672094797866 1.2219983797403813 1.2125315683260534 1.2031983469180878 1.194544901879499 1.185586126572554 1.1756150845421063 1.1644244972749507 1.1507850915397282 1.135369164149853 1.1189047783252069 1.101446088809046 1.0827959961241285 1.0629485870040143 1.0424320532519438 1.0218677468820958 1.0019573041701184 0.9834980486280418 0.967227564997907 0.952970471750994 0.9414130183755397 0.9334603885712884 0.9298729887013668 0.9317523920738597 0.940087805830355 0.9541483438171603
1.2302570024124184 1.2471812403842724 1.2625594698708422 1.2781341102405912 1.2919875946445447 1.3028277241171453 1.3106781178125104 1.315778910549026 1.318355376805044 1.3188708533690705 1.3177773167407372 1.3154137727654118 1.312122094230133 1.3082200701821136 1.3040072583653821 1.2997622525438923 1.294976608248141 1.2887044577706332 1.2798783946587886 1.2680602858777548 1.2541441036764855 1.2391364124119832 1.2242685974227627 1.2100622365276408 1.1957944872120083 1.180159470159902 1.1631422496509347 1.145075179960469 1.126126528943141 1.1064895760412718 1.086407889477244 1.0660645100303165 1.0456517019394038 1.0258144364763533 1.0072999086193635 0.9914291720791184 0.9789377926716251 0.9689592865680511 0.9623212163966843 0.9594301668748962 0.9614922447123474 0.9693395617309744 0.9820827279947884
1.2280897337635863 1.2461411340519408 1.2634483472517297 1.2819566241615792 1.3002752758148195 1.316035098298724 1.328872004696728 1.3389450014359199 1.3464591814537457 1.3516823213883677 1.3549521418620174 1.356677180078965 1.3573206837756226 1.3573592075342167 1.3574350291261106 1.3575700700336317 1.3570327733393495 1.354153391985149 1.3463950778058156 1.3320046081345862 1.3122084579668818 1.289345654382927 1.266467815239608 1.2459777384546273 1.2279106813623388 1.2103999434731973 1.1919996193124038 1.1728147749358981 1.152944627287668 1.1325213873726914 1.111737002155264 1.0908609958919073 1.0702530155725085 1.0503710822544974 1.0317314924420782 1.0163695754381403 1.0049087229383842 0.9961486649891456 0.9920156469856858 0.9924082504928923 0.9970199564750264 1.005796042456217 1.0180953851679775
1.2244576541244865 1.243725471919998 1.2631146329125285 1.2845378743305822 1.3070160109925344 1.328198584686866 1.3468010095188312 1.3624591570021756 1.3749615609174912 1.3844929170040672 1.3916586259156836 1.3970894005098344 1.4020023079023987 1.4068308052235285 1.4118809742105154 1.417244823323365 1.4223901171541988 1.4252322625182494 1.4207537849457592 1.4034299526274203 1.375360359889264 1.342796706527949 1.3110612440288185 1.2833986317440458 1.2605730539759568 1.240297151266722 1.2205580514040961 1.2008411813321316 1.1805682742373926 1.1597943739961822 1.1386578412121908 1.1173829636751098 1.0962895606146856 1.0757970606905163 1.0568562557426784 1.0421587784918467 1.0342961094451888 1.030671274654515 1.0307464540213744 1.034196698329678 1.0406391293638622 1.05017525590846 1.0629323357408365
1.2192041293000864 1.2399621641610048 1.2616353849322803 1.2860119712848515 1.3120488730800313 1.338368786549275 1.362605376459217 1.3839421151772915 1.4019265374809615 1.4163674900988987 1.4282583319948547 1.4384746853436983 1.447736292451738 1.456551201022758 1.4654947427126572 1.4750813487558465 1.4855181160390498 1.4958426926470598 1.4994022676745908 1.4773806922198647 1.4367442497155525 1.394587172965766 1.3561152592461896 1.3226279366665283 1.2947441893662086 1.2713280579511341 1.2496290368243521 1.228347382157835 1.2077517090100782 1.1871386677007298 1.1660549840246353 1.1446829241638847 1.123305408126036 1.1023744265703068 1.0851407942118967 1.0757968636010047 1.0736303001431535 1.0751100766001487 1.0794245775078855 1.0861223221393719 1.0947136254413112 1.1047577851073096 1.116818908413222
1.2122594916854343 1.2346996463864794 1.2587124893902377 1.2860371876777204 1.3155658917327957 1.3461024680260678 1.3758698983032644 1.4027237347138897 1.426265347605086 1.4473162125957881 1.465490734317713 1.48063271061046 1.493174735165131 1.5045748564715322 1.5156821134949814 1.5272634405815502 1.5400341069269117 1.5546348606485834 1.5715953904465199 1.5399552177543745 1.4882028483225416 1.4408765086780027 1.398371225232917 1.3610428435199209 1.3292288291160228 1.302921441729867 1.2793598822247572 1.2568478446216997 1.2347778538055212 1.2135494235567552 1.1929258555093034 1.1717901272649356 1.1503546827018252 1.1319202756622935 1.1212483764101828 1.118153627430757 1.121721691510803 1.1283041205832187 1.1369260648943171 1.1470204111213405 1.1579869896379986 1.1692124884646804 1.1804929319056352
1.2034618203056031 1.227690708014527 1.2540039489582608 1.2842337801044426 1.317247649393173 1.3517121253551856 1.386196663956835 1.419182704573279 1.4501175231655685 1.4778321568192414 1.5015672172592396 1.5211509664112026 1.5368872048882873 1.5494804216840632 1.5607292317913384 1.5714752251525397 1.5818936815435762 1.590838229547244 1.5914541190177256 1.5664402532518915 1.523455661622219 1.4782788792347508 1.4355618856501335 1.3968094750053281 1.3627936981503581 1.3340576723065936 1.3089159495655296 1.2853845478997952 1.2624839967971992 1.240036940422121 1.2185157184598605 1.1978481352342958 1.1791545828237116 1.167997823325615 1.1642498375618875 1.1675877561279104 1.1769647083568577 1.1886798753158145 1.2017234077708598 1.2154161274215964 1.2290357778018661 1.2418471626762353 1.2531553055955968
