_RESULTS/CROSS_VALIDATION_POSTPROCESSED_CLR/MHZ/TZ/8comp/3/MHZ_TZ_z_710_kriged_reverse_8comp_spherical_3.asc
ncols 100
nrows 81
xllcorner 5.5967107548124995
yllcorner 50.982328804812504
cellsize 0.00017565037499993607
nodata_value 1.7014100000000001E+038
[rows 0 to 18 of 81, columns 42 to 83 of 100]
-2.5208730177421086 -2.5437019227162563 -2.5732607884088985 -2.6077780350630757 -2.6454765348292004 -2.6846901350790398 -2.723911046101075 -2.7617943527765867 -2.7971417039224984 -2.828877940374568 -2.856027689195603 -2.877694824790689 -2.8930455630596206 -2.9012950065124965 -2.9025335060893975 -2.9025335060893975 -2.9025335060893975 -2.9025335060893975 -2.9025335060893975 -2.9025335060893975 -2.9025335060893975 -2.9025335060893975 -2.9025335060893975 -2.9025335060893975 -2.9025335060893975 -2.9025335060893975 -2.9025335060893975 -2.9025335060893975 -2.9025335060893975 -2.9025335060893975 -2.9025335060893975 -2.9025335060893975 -2.9025335060893975 -2.9025335060893975 -2.9025335060893975 -2.9025335060893975 -2.9025335060893975 -2.9025335060893975 -2.9025335060893975 -2.9025335060893975 -2.9025335060893975 -2.9025335060893975
-2.4457041917131175 -2.4768601066827154 -2.514447623684958 -2.555499329257329 -2.599313723305169 -2.6444905083150156 -2.6894070914201897 -2.7326724137019496 -2.773082029926655 -2.809575821576197 -2.841203161439537 -2.8670959120375468 -2.8864480948534394 -2.8985007736694794 -2.9025335060893975 -2.902341236873705 -2.901781783357656 -2.901182566573423 -2.90078519025014 -2.900722649452921 -2.90101456524503 -2.9015664695220087 -2.902173219562747 -2.902526166590883 -2.9025335060893975 -2.9025335060893975 -2.9025335060893975 -2.9025335060893975 -2.9025335060893975 -2.9025335060893975 -2.9025335060893975 -2.9025335060893975 -2.9025335060893975 -2.9025335060893975 -2.9025335060893975 -2.9025335060893975 -2.90195143714045 -2.90038704343181 -2.8985222938396404 -2.8969057709203057 -2.8959244547816265 -2.8957897842269893
-2.3555685221243787 -2.3971557382337525 -2.4466300067886344 -2.5000613738613984 -2.5538723592864017 -2.605603258523339 -2.6562176705047422 -2.70472289277631 -2.7499530730519206 -2.7908961762699196 -2.8266497396941235 -2.85638981012118 -2.8790813900848784 -2.892964787176066 -2.8977794192303286 -2.8955163334380645 -2.892952983693354 -2.8909530481606813 -2.8897899753391787 -2.88961478994073 -2.8904498033587567 -2.8921876663847392 -2.8945958841046995 -2.8973262282608663 -2.8999279269211087 -2.90186319664729 -2.9025335060893975 -2.9025335060893975 -2.9025335060893975 -2.9025335060893975 -2.9025335060893975 -2.9025335060893975 -2.9025335060893975 -2.902435378638933 -2.9002245388367522 -2.895907999213678 -2.8904934502059536 -2.8848864943050763 -2.8798632909158295 -2.876043681440748 -2.873867281113964 -2.8735751315091096
-2.252866027048319 -2.306773930980246 -2.369653596642545 -2.4366700421841263 -2.506879274182881 -2.578088948076935 -2.6438775816824336 -2.702866241947085 -2.7542936855071245 -2.7967493455347516 -2.8298385347890624 -2.85275194751619 -2.8678610503766526 -2.8788276861776305 -2.8831545020461453 -2.8794089503761175 -2.874708880825853 -2.8712101861330948 -2.8692259712821127 -2.8689298725238532 -2.87034758500836 -2.8733555812154976 -2.8776872061911773 -2.8829452770045942 -2.8886194816753257 -2.8941064528234732 -2.898730419119792 -2.901762713080187 -2.9025335060893975 -2.9025335060893975 -2.9025335060893975 -2.9025335060893975 -2.9004932681848996 -2.8945393899007072 -2.8858929387068115 -2.8757425546185478 -2.865205847430884 -2.8552982305758774 -2.846898724484539 -2.840715356614764 -2.837253641287738 -2.836791959342376
-2.1408014505048567 -2.2122428404409513 -2.3067146619145213 -2.4143160418652125 -2.5250271004738325 -2.6305195392165426 -2.72394806835558 -2.7998894141424313 -2.857861027305144 -2.89853985822272 -2.9200795505442634 -2.9246209765888023 -2.915571378169933 -2.8974047471716213 -2.8754821917454914 -2.856003578586234 -2.847703340985158 -2.8425870856621316 -2.8397141459431214 -2.8392870308933285 -2.841335771643671 -2.845716145401958 -2.8521181002984686 -2.860082990115693 -2.8690269512900537 -2.8782672069952326 -2.8870482843058234 -2.894565854615924 -2.8999868342971458 -2.9024652406021385 -2.902290756502067 -2.897624194377762 -2.888039786230142 -2.874884765963111 -2.859498318419883 -2.8431885795909233 -2.827202241507562 -2.8126870330107296 -2.800648741316307 -2.7919061254027495 -2.7870486281700795 -2.786402620849076
-2.048284952998619 -2.1770459443975714 -2.325693239749878 -2.481394149402196 -2.633827190812786 -2.7743576433382557 -2.8958133202844625 -2.9924896624098594 -3.057829426535745 -3.0919368441953954 -3.0997612467362274 -3.083917541943137 -3.04839535056061 -2.9983698220004316 -2.9399759864244985 -2.8800692815115783 -2.831169312564726 -2.806132398820948 -2.801876238372348 -2.801305584661242 -2.804045170402516 -2.8099237404998583 -2.818575039852535 -2.8294619702061823 -2.8419086361001784 -2.855135302704219 -2.8682918955740075 -2.8804870512868863 -2.890811269564475 -2.8977739816394936 -2.8951178934933592 -2.8827847345167568 -2.8654146292096394 -2.8447688712482946 -2.8223027458261716 -2.7994600986950804 -2.777639340973871 -2.7581486696201982 -2.7421519112472414 -2.73060908540535 -2.724218598098264 -2.7233698350415354
-2.0349241687649022 -2.2266115537482403 -2.430740183963365 -2.635287283729161 -2.830024957348239 -3.0060060157254465 -3.1556101259601457 -3.2699306298277735 -3.342484398520783 -3.371694164168431 -3.363910252147012 -3.325333409686663 -3.2606510948933045 -3.1758820417076232 -3.078086510093169 -2.9750626948226735 -2.8793454270079684 -2.8055296761993924 -2.7626327393251655 -2.7556051201947662 -2.7591107951888323 -2.7666446946435115 -2.777766168044971 -2.791836143278857 -2.8080620254374566 -2.8255448017457225 -2.843321997198606 -2.86040273564912 -2.87531323286747 -2.8808614065381453 -2.875265757911286 -2.8590380986952155 -2.8340094575563253 -2.8055661407617998 -2.775644663509066 -2.7458413909158894 -2.717732614905454 -2.692822086510477 -2.6724729299759957 -2.6578284906052754 -2.6497317345091154 -2.648656850522519
-2.110320557292389 -2.3620648779112163 -2.619926965037884 -2.87269113450317 -3.109736288334085 -3.3213643305584295 -3.496849473248091 -3.6259940179179964 -3.7047758560010497 -3.7314037231089423 -3.7073512939419677 -3.6433180215035676 -3.546359661111188 -3.423523747366757 -3.2829870540444746 -3.1336689399067152 -2.9888376760032114 -2.8643384020783413 -2.770016661308334 -2.715285486453561 -2.7071738334440596 -2.716562647801731 -2.7304304510032944 -2.748002951461909 -2.7683375760947886 -2.7903877388147644 -2.813057810815364 -2.8351613822232506 -2.849502897154497 -2.8522117924463988 -2.8436920806847534 -2.824465380953501 -2.795174963822417 -2.7587476510409217 -2.7209617296961226 -2.6837110828211697 -2.6487788849455667 -2.6179076288203946 -2.5927144651709457 -2.574585068411303 -2.564558942542917 -2.5632277057195663
-2.2790021978464043 -2.581035879543585 -2.8888262136032674 -3.1885892320439524 -3.4678980267333426 -3.7143247778166026 -3.9132142332645565 -4.056963944370519 -4.1409674011347875 -4.163242205561465 -4.1245093659835605 -4.03201788011995 -3.8991676975224574 -3.734435293835062 -3.54735818123617 -3.348192539023033 -3.1516284446922667 -2.974404562919242 -2.827218824118277 -2.720142255250578 -2.6625461152223946 -2.660387044839581 -2.6773517327860388 -2.6988213596263666 -2.723658137459775 -2.7506325018852014 -2.7784926014683764 -2.802269865773414 -2.814173280622809 -2.814237106891586 -2.802836295624558 -2.7804959515523597 -2.747897903048639 -2.7059049395858543 -2.659820657616833 -2.614575582382802 -2.5721893640405677 -2.5346949058755843 -2.504035937340168 -2.481924670438734 -2.4696871493761794 -2.468682691151499
-2.5236296893862944 -2.8725505894370498 -3.2289576184578435 -3.5755724613753697 -3.8977495128816564 -4.1770769253887465 -4.400208203394579 -4.558714737920788 -4.647039158543516 -4.6628863052623455 -4.607336475777685 -4.485200002790387 -4.312244660318692 -4.101197870420298 -3.8632694804510237 -3.6103099746950944 -3.359176184110657 -3.1270807707848793 -2.9256377501544812 -2.765599850176725 -2.656740256818006 -2.607847302406633 -2.6189131125833316 -2.644049146795308 -2.6733967536728738 -2.705751589153224 -2.7386324012733745 -2.7615843457413427 -2.7717833376440866 -2.7694432265428466 -2.755240776549998 -2.7296965093981798 -2.6935207650326376 -2.647624278907439 -2.593955438668467 -2.54011535479165 -2.489538535653531 -2.4446064356987116 -2.407986492617618 -2.383278720225535 -2.371742242618228 -2.373686445434819
-2.8048010841969173 -3.206772934158988 -3.61844681980659 -4.019348494719279 -4.38848025157429 -4.703413561625953 -4.952648401070987 -5.126699512165565 -5.2186850645152205 -5.225857215055546 -5.149786521884732 -4.996023759786676 -4.778042640895175 -4.515241867463887 -4.221488709179422 -3.9107293623196577 -3.602309647171765 -3.313151264746447 -3.056016910691423 -2.840060253550236 -2.675802614712242 -2.573377425030401 -2.5415984964744225 -2.566594357038326 -2.6000027458369424 -2.6382856262726557 -2.6743689579832526 -2.699539216794445 -2.7129960258660115 -2.7139200244303083 -2.701450441813553 -2.674726479760989 -2.6347576261750882 -2.58453168100567 -2.5252894896511013 -2.462248103232957 -2.4027153935736587 -2.351658788942873 -2.312297290548164 -2.2865431899612503 -2.2758613568367636 -2.280873538451303
-3.101936032315573 -3.563072634337618 -4.0347549096080595 -4.495132444147318 -4.917536732862385 -5.279604516063598 -5.563753153396727 -5.755968871387876 -5.850862165269489 -5.842750231887258 -5.735161116039937 -5.537491830576903 -5.264268787173007 -4.940756330765504 -4.58510158829273 -4.213893741742115 -3.848966545912341 -3.502532523348302 -3.1871085810470308 -2.9149098734309877 -2.695839583972477 -2.540955118233562 -2.461133516577103 -2.462779697721526 -2.500782262418105 -2.5446753585668134 -2.582772244055389 -2.611045464997904 -2.6285703470726594 -2.634348715985682 -2.62733652336942 -2.606489195859412 -2.5708230007867496 -2.519490264629335 -2.454885193556456 -2.3839186803616927 -2.3187707451587682 -2.263347878060907 -2.2201179807597495 -2.1919733826763315 -2.181356383451635 -2.189523160462146
-3.4026435786023903 -3.9286540760751816 -4.465844801971256 -4.990144076859524 -5.471761684388097 -5.887294861033802 -6.213829454785418 -6.426786242468701 -6.514809210700588 -6.479263624483165 -6.329955552908277 -6.079374965063624 -5.744551807175265 -5.353373092471583 -4.929874145744581 -4.4913759294016575 -4.0573016787597815 -3.6459736497532145 -3.2729812325653764 -2.95128924229707 -2.6908545973289337 -2.498729350733774 -2.3797303607182747 -2.3416176342770783 -2.378908644090438 -2.426986095345946 -2.468045304662063 -2.5003553465621264 -2.5228271237611986 -2.5342783045731907 -2.5334574347316448 -2.5190954644265346 -2.4899789949288627 -2.445042708126 -2.38462289245372 -2.311972463589411 -2.2402167826455646 -2.1777204134113304 -2.128117778997295 -2.095511999718236 -2.083747004983933 -2.095131909778062
-3.696331008877589 -4.291433972806818 -4.8991268516303945 -5.492529249812922 -6.040785187090198 -6.5093446015131455 -6.86942558289687 -7.100373843257989 -7.187756714412909 -7.126940244913787 -6.928234909762358 -6.615111471977894 -6.210138973932845 -5.743512213367146 -5.240175594421479 -4.721389286401252 -4.213458715578303 -3.7356909630546933 -3.3051159853074346 -2.9357052261438277 -2.6373430816182344 -2.415843869820078 -2.2743210088861137 -2.2147496058251286 -2.23790538604394 -2.2894885300576773 -2.3344735729402735 -2.3717522362159293 -2.400100366508225 -2.4181483142688873 -2.4244098659571103 -2.4173461399434855 -2.395354413258162 -2.3571897462973355 -2.30617121629469 -2.2416068117255397 -2.166166086591055 -2.095141018153369 -2.037042864120411 -1.997556240150975 -1.9829038148696416 -1.9975204464593483
-3.9730175951256976 -4.639025939161714 -5.320563636476278 -5.9867461414659076 -6.59480666174307 -7.114898273612891 -7.5174977081415175 -7.773716093260771 -7.861950107430836 -7.775142089102234 -7.523590182819099 -7.135531192948288 -6.649098315604231 -6.0916401565165685 -5.496051864101001 -4.894205209505996 -4.31050623835306 -3.765394284192829 -3.277753158609756 -2.8634542955752016 -2.532316666551505 -2.287659091817849 -2.129667937928368 -2.0584052029238893 -2.074330624580785 -2.1366519604779626 -2.1863691449846794 -2.229480138035015 -2.264656683922853 -2.290329047111122 -2.3047390823041605 -2.305316501793703 -2.289633714882169 -2.2616036428189488 -2.2205684000746224 -2.1649281665779325 -2.095234217851396 -2.019541344721296 -1.9504407700699458 -1.9003899326173714 -1.879600106115928 -1.8972431552020153
-4.222738880126974 -4.957875079633927 -5.710904823641894 -6.437127713215681 -7.107362547257454 -7.6912831963347985 -8.151035329243213 -8.444629416271159 -8.53707319206373 -8.416290487924858 -8.100177301302864 -7.626765065770722 -7.038842128065371 -6.377069100248191 -5.687106386256545 -5.001347449908856 -4.342077541799538 -3.72973295712821 -3.185620491067064 -2.730363178442116 -2.3743245709164054 -2.115038509202681 -1.947682640980983 -1.8704253814775547 -1.8826568624403206 -1.961082140556167 -2.0279183393249482 -2.07763592569055 -2.1205969238079305 -2.155027639544333 -2.1774844561971105 -2.184692621562938 -2.179712859152932 -2.1633969295000335 -2.133356440958823 -2.087472535202776 -2.0248080872845367 -1.9523906696539541 -1.874497264654639 -1.80871422594879 -1.7752148035990976 -1.7949953798717828
-4.434864537259396 -5.2306673164206 -6.03506899295079 -6.81872117626939 -7.557359125162438 -8.218908307232963 -8.7568072793239 -9.108800514924823 -9.212724740592126 -9.044557831229039 -8.639281327656196 -8.058719094624678 -7.353076036317704 -6.582287029737777 -5.8002143011576 -5.034330606886266 -4.303997519913323 -3.6268545450201404 -3.0253757935558876 -2.5335244678014015 -2.1658125999626647 -1.9028248949188555 -1.7330045965959167 -1.6546771128918838 -1.6674993610183115 -1.7574672207939077 -1.8516900850843432 -1.9200270528544552 -1.9717451999966247 -2.0145777796058093 -2.0446487690513164 -2.062024639744931 -2.0704069456375684 -2.067282245416897 -2.0498692063310218 -2.015560816838276 -1.9623232228761895 -1.8955687726218209 -1.817790599294764 -1.7340728053057528 -1.6741831026247396 -1.6924645490758876
-4.596884746582627 -5.4272529791689665 -6.270961418324438 -7.106420237064985 -7.913554019969618 -8.663678682955947 -9.307122663374926 -9.755843175868586 -9.888372445905468 -9.646122467034312 -9.109695532731635 -8.387933754914462 -7.560716815612417 -6.686102766326661 -5.820043202729666 -4.985062505054771 -4.195919017688766 -3.464310386404854 -2.8033786231943147 -2.274870758388336 -1.922113430527402 -1.6657505905483476 -1.4978834502431726 -1.4204953530604079 -1.4351758547737579 -1.5335950442687059 -1.6547537101606469 -1.7523456534999724 -1.8202070490694304 -1.871240620746278 -1.9107531838052183 -1.9422992266155104 -1.9655865202796774 -1.9774016941379864 -1.9747176572973477 -1.9546772261233154 -1.9147481220498341 -1.8593181858015373 -1.789659329810255 -1.7036856756675078 -1.6073852343872446 -1.6084791376699985
-4.6857708123097 -5.530556051723087 -6.398489839609633 -7.2709200191369545 -8.13363912823843 -8.96822652525827 -9.739031858829847 -10.352560581012554 -10.563160997797073 -10.179405779907263 -9.442113060567497 -8.560514481391227 -7.619644001226354 -6.662164868672319 -5.730077295808213 -4.8453965264471694 -4.020380390285034 -3.273667425091042 -2.6133038198382015 -2.0930970565433302 -1.747672668174733 -1.4966335269489996 -1.3310955854725035 -1.252981398754897 -1.2643002867267328 -1.3576551254196862 -1.4831584117276186 -1.5882066618826325 -1.668732447354463 -1.7288439606753523 -1.7812166236859386 -1.828805240699503 -1.868552621117307 -1.8970602870961677 -1.9112750232317286 -1.9084605046715952 -1.8863708818422307 -1.849938545991344 -1.8015578132920844 -1.7422710542913222 -1.6849179974033257 -1.7116366413944903
