_RESULTS/CROSS_VALIDATION_POSTPROCESSED_CLR/MHZ/TZ/8comp/2/MHZ_TZ_z_90_kriged_reverse_8comp_spherical_2.asc
ncols 100
nrows 81
xllcorner 5.5967107548124995
yllcorner 50.982328804812504
cellsize 0.00017565037499993607
nodata_value 1.7014100000000001E+038
[rows 57 to 75 of 81, columns 43 to 85 of 100]
1.5315534072933903 1.3610597663342203 1.1704922718864699 0.9628674011486383 0.7425710934025886 0.5167225513119088 0.29995163672795566 0.1032272486862067 -0.062193516412194505 -0.18403580928174113 -0.25435814477432683 -0.2675169698015536 -0.2210572260132886 -0.11866744447308908 0.03170608610894199 0.22050673272413712 0.43828570414544876 0.6717321415128067 0.9136232064854686 1.1554808314394245 1.3846639820124282 1.5871097798516312 1.737472602114825 1.8282080946080037 1.8804046279382114 1.9065131567091174 1.9099343574891212 1.8909159655131895 1.85995320403315 1.8284494806736122 1.7950360748835057 1.758661965259421 1.7186593049053718 1.6753925500460864 1.6291494378543674 1.5813144808696689 1.534055918668559 1.4895246935723314 1.449897880251664 1.416847050826113 1.3857336027765714 1.3553779408675104 1.326675782679511
1.640771003792512 1.4800688683341625 1.2978970209077718 1.1000443204441395 0.8909102372380735 0.6772911637332553 0.4733689853525429 0.2900904776396447 0.137253172625444 0.02476061548267694 -0.03993757251558372 -0.055741145098266776 -0.021123119574174787 0.06188789783580417 0.1881429432516294 0.3507518552931711 0.5400337603995543 0.7429508446464925 0.9533101897117411 1.166325098320532 1.3670811145538126 1.5423536662599198 1.6792350360944308 1.7735042682138533 1.8313782821637845 1.8600551833398469 1.8633220353756301 1.840340070845222 1.8087331687481356 1.7757355918284063 1.7409345782690564 1.7034427783341661 1.6631590722385725 1.6210112140560886 1.5776383476328708 1.5341114886016602 1.4919291986791778 1.4528518794641698 1.4187275519038023 1.390654440160236 1.363576058832161 1.3369338951523626 1.3116036989424757
1.7601543787374863 1.6187572828965204 1.4485905098161718 1.2608002079058267 1.0620648598919988 0.8588131868922324 0.664309597188372 0.4901924654769465 0.3451729877356222 0.23749114603824084 0.17389251501714686 0.15430749305949742 0.17840838484987032 0.2450026297331951 0.3505456359248089 0.48892733643954633 0.6486160900702667 0.8217607240012772 1.0014030497323978 1.1837459658447003 1.357099358702864 1.508939861744504 1.631313373647084 1.7206168521187188 1.7780520639488764 1.8066789812928448 1.8054240371666501 1.778153354451923 1.7474507113348705 1.7145369015552916 1.6795532827508024 1.642485621507941 1.604046960174368 1.5646645984702325 1.524936375199821 1.485866121749821 1.4487559704053212 1.415115492739201 1.3865544382080803 1.3632442383958918 1.3400177497314334 1.3170301589610627 1.2951127939104197
1.883218402208957 1.7636680158154237 1.6149660018163126 1.4404496895048762 1.2508837393387275 1.0559058930440774 0.8673105005038043 0.698498358531553 0.5575190222975113 0.45144513320318347 0.38595777713885526 0.3618050582920588 0.37628334932778584 0.428596478652877 0.5155808610249495 0.6284498903787354 0.7605377424081681 0.9056447736906261 1.0573469967895825 1.2101544112023206 1.3580498385381494 1.488513587618959 1.5954026151421279 1.675307910848276 1.727470514518402 1.7485011997871638 1.734967032378973 1.7096816691014083 1.6809113921585226 1.6494483231787012 1.615741656345433 1.580232393880555 1.5440287199012308 1.5077012202189948 1.4719056226019862 1.4375047990902783 1.4055610196050112 1.377413690122611 1.3545027286131839 1.3354654302047415 1.3158782648859235 1.2964324916971068 1.2779026630710775
2.0028520036924964 1.9073615132914057 1.782494123463498 1.629240763021694 1.4523887069039576 1.2630475604802383 1.0773505500868878 0.910530000350878 0.7707692747325064 0.6641893760155696 0.5954576426264501 0.5660187260243148 0.5716965661982342 0.6108591381421764 0.6773316575622996 0.7664472703552456 0.8733456142389451 0.9926714681013722 1.1188048926862093 1.2460506380248608 1.3696950522696356 1.479872284663124 1.570721794024676 1.6384866276279304 1.676077296980715 1.680026797016102 1.6622025583295266 1.639406609307598 1.6128552519483557 1.583404616914196 1.5516692234703222 1.5186237799007125 1.4853216233918094 1.4523671827190858 1.4204910006181668 1.3905823849948706 1.3636895760898082 1.3409946495582266 1.3237172939092612 1.3081639853634308 1.2920224244631218 1.276050878852666 1.2609898183040154
2.1106545949453386 2.042372406947714 1.9444444758085242 1.8130578000106172 1.6513052120918652 1.4717825259005064 1.289162559227175 1.1218420729968535 0.9815716383323274 0.8734402157117077 0.8011571856893691 0.7662975842885857 0.7628660066501973 0.7860631472034023 0.8332600691700667 0.9010037470166765 0.9851521422638477 1.0811048992786552 1.1840198150397814 1.2890279057216858 1.3910003325533806 1.4815601108005705 1.5528211514783852 1.5987333120565028 1.6156102135482457 1.6067065646860945 1.590677510597938 1.5700022662178186 1.5456595317023147 1.5184660543732154 1.489210491903776 1.4592315582401774 1.429307729672285 1.4001351683666206 1.372495336798314 1.347281000450642 1.3255010456936585 1.308267742336489 1.2958262749138472 1.2833313785743026 1.2704634896079343 1.2579013256010987 1.2463226547010464
2.1964370823788872 2.1590524809233074 2.0941444333018744 1.9863721143342907 1.8338542010004555 1.660722611998862 1.4865539216545103 1.3244766256481242 1.1862425710638786 1.077111646493319 1.0016030733004866 0.9592095343932864 0.9436863949668783 0.9520268371274334 0.982002936301936 1.0306452802850805 1.094407153383766 1.169347125860776 1.2513193048152413 1.335508156543611 1.4158033957247764 1.4813555115297334 1.5270274375729314 1.5492949125159883 1.5474926920560217 1.5375192887670541 1.5226668258437377 1.5037036825161505 1.4814112885333834 1.4565238677353387 1.4302347704302998 1.4036142106206855 1.3773774161334482 1.352271123015248 1.3291049403817774 1.3087705427353205 1.2922472936473417 1.280595876021052 1.2716372503498998 1.2619814623579728 1.2521963063039663 1.242890137987018 1.2346820674555887
2.2479065316500337 2.2418059355347677 2.219523773839207 2.1426392536218106 1.9847718803107055 1.81516641137592 1.6508390477678065 1.4985896356191393 1.3677607674023808 1.2624867712889691 1.1848503400899777 1.1359870550208866 1.1108346962764089 1.1064913909618506 1.1211976302901059 1.152375194617258 1.1967498091165005 1.2505040960249323 1.3094514175080274 1.369225428117186 1.4253604902263006 1.4678490177219068 1.4893525344208332 1.490285048006684 1.4844171898893954 1.474206931340921 1.460019829050509 1.442391116590472 1.4219329660802877 1.39952947488721 1.3764010167895977 1.3532859129171335 1.330916733231499 1.3100591701994635 1.291531311877652 1.2762163854780018 1.2650672006635384 1.25834599236702 1.2517219632899226 1.2447159657630598 1.2378419007864196 1.2316467522147376 1.2266961456414982
2.2537523495546345 2.2683441321313174 2.2708747833673697 2.2187547338481926 2.0733432629282773 1.9205208804143332 1.77242198865838 1.6338701994465465 1.5099526997732384 1.4080677644144268 1.3305550364970045 1.278371639159696 1.2464384731779579 1.231870309626522 1.2331444689970708 1.24804631342082 1.2737661372200821 1.3070231666027168 1.3442090696074855 1.3815440841920323 1.4151258579255128 1.43545729395594 1.439265939950623 1.436570544445806 1.429042439634752 1.418206091346812 1.4042953704047991 1.3876775950947788 1.3689585136703866 1.3492454772896587 1.3292613372106892 1.3097003853143099 1.29128590406711 1.2747799093971655 1.260993372993894 1.2507934571125532 1.245082437375404 1.241078997854327 1.236613873840964 1.232094656700336 1.2279790709926226 1.224760933885385 1.2229578411420687
2.223067376205698 2.2317930687311534 2.228356450883063 2.1823133337693457 2.0853205702200297 1.9648348258418409 1.8398006304797403 1.7189501129099927 1.6074383398545686 1.5112146919023697 1.4357286627989962 1.3819175844628462 1.3446481783169137 1.3214578878807492 1.3110736448933533 1.3116179238279844 1.320692185650958 1.3354807503044221 1.352869849430386 1.3695755755707184 1.3821403799150436 1.388959060675336 1.3912449892088876 1.3888531635749568 1.3819056359192763 1.370782658153111 1.3568551651318899 1.3410770256318099 1.324314870355914 1.3071756289300789 1.2902677401075802 1.2742457987818883 1.2598076117416355 1.2476963705260165 1.2387044916170047 1.233676521331696 1.231613418874718 1.2292615500211714 1.226818360533443 1.2246455155423703 1.223153498600631 1.2227493353103962 1.2227493353103962
2.1649957646637463 2.1630309567048522 2.1469572849853105 2.1071886829235895 2.0408332216347125 1.952246819685638 1.8532574018360026 1.7529898337908476 1.6574879612034992 1.5709980299080062 1.4992719527009393 1.4453529752250085 1.404086847814809 1.3737469423759094 1.3533165466370904 1.3412327712401195 1.3354638917821766 1.3335995811443944 1.3329512526535165 1.3344337123557843 1.3411031264887636 1.3464253552441827 1.3480611520598034 1.3458832057602905 1.339977706212982 1.330630362052886 1.3184186692669064 1.3043420521977547 1.2894174340824125 1.2747107142367466 1.2607839181357525 1.2482466316210667 1.2377623438770786 1.2300460617772055 1.2258639064806685 1.224962895336419 1.2241607535754846 1.2233573144467274 1.2228199460618114 1.2227493353103962 1.2227493353103962 1.2227493353103962 1.2227493353103962
2.089019160883496 2.080166900995261 2.0583054949389963 2.0192876543500624 1.9627424387632568 1.8930435425675558 1.8163015434007415 1.7371055162794367 1.6587289216742902 1.5854922114446455 1.520696406573188 1.4677844698685756 1.4236605947216376 1.3874552725099054 1.358397895879377 1.335213390167161 1.3169484056457885 1.3049336804896032 1.2991860601857628 1.2996187736067917 1.3051520241197676 1.309118779207113 1.3101444554087254 1.3081161033052333 1.3030961594132888 1.2955378498905965 1.2860598236865393 1.2752481182660926 1.2637769578394322 1.2523798794684318 1.2418248122279139 1.2328943103091126 1.2263710523780742 1.223028029852032 1.2227493353103962 1.2227493353103962 1.2227493353103962 1.2227493353103962 1.2227493353103962 1.2227493353103962 1.2227493353103962 1.2227493353103962 1.2227493353103962
2.0024082200224322 1.9900500545175297 1.966351000680501 1.9295380738729757 1.8798724718058923 1.82001035506147 1.7539918232224374 1.68595264146845 1.6193182981292478 1.5569549911743112 1.501250653203601 1.4517802048962483 1.4064152668594831 1.3674010292900554 1.3348872755052776 1.308921782307244 1.2894985785987403 1.276591090853958 1.2701839707608864 1.2703044748400085 1.2747565310026434 1.2774803795769283 1.277929984689084 1.2760900611931165 1.2722300401837123 1.2666266701513658 1.25967915935098 1.251893755079287 1.2438609398330498 1.2362328058457055 1.2297025648386548 1.2249873401482612 1.2228146475308908 1.2227493353103962 1.2227493353103962 1.2227493353103962 1.2227493353103962 1.2227493353103962 1.2227493353103962 1.2227493353103962 1.2227493353103962 1.2227493353103962 1.2227493353103962
1.9102432438421002 1.8966291788728582 1.8732404593844043 1.839446549536766 1.7958029392891843 1.7442185653061029 1.687547164181412 1.6289566881565645 1.5714608339488763 1.5177168185008045 1.469945822988925 1.425812660143912 1.3837438212337694 1.3451017118444208 1.3123951384855506 1.2861265385123803 1.2664000976253376 1.2532977424122949 1.2469086496183541 1.2473526992792827 1.2503857576298496 1.2520653320918114 1.2522736496074587 1.250992796279053 1.2483333951968896 1.2445291232185312 1.2399256336578848 1.2349653862795134 1.2301702365009899 1.2261235969349316 1.2234536476688909 1.2227493353103962 1.2227493353103962 1.2227493353103962 1.2227493353103962 1.2227493353103962 1.2227493353103962 1.2227493353103962 1.2227493353103962 1.2227493353103962 1.2227493353103962 1.2227493353103962 1.2227493353103962
1.8162098434106322 1.8027136248483608 1.7808351732667025 1.7505266212915842 1.7124869345255136 1.6682493956860254 1.6199977093751827 1.5702403500382265 1.5215136206570485 1.47619974730693 1.4357420058628816 1.3967716083875241 1.3595134653516012 1.325022468128885 1.2942356572990281 1.2683253472004061 1.2488979936481681 1.2362374857751468 1.230544689689475 1.2314245088892366 1.2331599020685775 1.2341529770857163 1.2342772036774579 1.2335170342374235 1.2319685674542395 1.2298354889927283 1.2274207986377792 1.2251153102687495 1.2233841757646624 1.2227493353103962 1.2227493353103962 1.2227493353103962 1.2227493353103962 1.2227493353103962 1.2227493353103962 1.2227493353103962 1.2227493353103962 1.2227493353103962 1.2227493353103962 1.2227493353103962 1.2227493353103962 1.2227493353103962 1.2227493353103962
1.723138035465725 1.7105636388557879 1.69086185250448 1.6642861002035145 1.6315971664130087 1.5941100387513296 1.5536022076435874 1.5121353076584934 1.4718690380537454 1.43492182917181 1.4006895401194206 1.3667862070165133 1.3343396974235864 1.3043972209533563 1.2779057108355925 1.2557300020630457 1.238669030841781 1.2274693630321005 1.2230756473107358 1.2235286746040395 1.2240776783020066 1.224430821697683 1.2244767311225615 1.2242017392128564 1.2236903855896204 1.2231223483885711 1.22276614535483 1.2227493353103962 1.2227493353103962 1.2227493353103962 1.2227493353103962 1.2227493353103962 1.2227493353103962 1.2227493353103962 1.2227493353103962 1.2227493353103962 1.2227493353103962 1.2227493353103962 1.2227493353103962 1.2227493353103962 1.2227493353103962 1.2227493353103962 1.2227493353103962
1.6333116887424322 1.622112104206506 1.604941112012181 1.5822028463834987 1.5546719342689137 1.5235170895814558 1.490249828288714 1.4566203403301445 1.4244986806901976 1.3952762089360884 1.3661196539497118 1.3371781588367693 1.3095515197188248 1.2842539766627457 1.2622206046316875 1.244317217619171 1.2313509985388016 1.2240804581361304 1.2227493353103962 1.2227493353103962 1.2227493353103962 1.2227493353103962 1.2227493353103962 1.2227493353103962 1.2227493353103962 1.2227493353103962 1.2227493353103962 1.2227493353103962 1.2227493353103962 1.2227493353103962 1.2227493353103962 1.2227493353103962 1.2227493353103962 1.2227493353103962 1.2227493353103962 1.2227493353103962 1.2227493353103962 1.2227493353103962 1.2227493353103962 1.2227493353103962 1.2227493353103962 1.2227493353103962 1.2227493353103962
1.548651439528976 1.5390683289371538 1.5245968744702403 1.5057088661259823 1.4831644345372241 1.4580217892170957 1.431604676849158 1.4054373057207272 1.3811657645211277 1.3575919369937122 1.3331993601648895 1.3090564919691345 1.2861853776633652 1.2655515177040253 1.2480623268937159 1.2345704632638363 1.225879475544864 1.2227501983593534 1.2227493353103962 1.2227493353103962 1.2227493353103962 1.2227493353103962 1.2227493353103962 1.2227493353103962 1.2227493353103962 1.2227493353103962 1.2227493353103962 1.2227493353103962 1.2227493353103962 1.2227493353103962 1.2227493353103962 1.2227493353103962 1.2227493353103962 1.2227493353103962 1.2227493353103962 1.2227493353103962 1.2227493353103962 1.2227493353103962 1.2227493353103962 1.2227493353103962 1.2227493353103962 1.2227493353103962 1.2227493353103962
1.4708290784753117 1.46297859231521 1.4512656589813726 1.436183634501953 1.4184621725585707 1.3990687651822056 1.3791854869538946 1.3601654086081074 1.3421898930650449 1.322877235630728 1.3029739266975757 1.2834397699617592 1.2652159675055523 1.2492110962827365 1.2362946835907753 1.227295833228485 1.2230048811457173 1.2227493353103962 1.2227493353103962 1.2227493353103962 1.2227493353103962 1.2227493353103962 1.2227493353103962 1.2227493353103962 1.2227493353103962 1.2227493353103962 1.2227493353103962 1.2227493353103962 1.2227493353103962 1.2227493353103962 1.2227493353103962 1.2227493353103962 1.2227493353103962 1.2227493353103962 1.2227493353103962 1.2227493353103962 1.2227493353103962 1.2227493353103962 1.2227493353103962 1.2227493353103962 1.2227493353103962 1.2227493353103962 1.2227493353103962
