_RESULTS/CROSS_VALIDATION_POSTPROCESSED/Berg/GZ/9comp/1/Berg_GZ_z_0_kriged_reverse_9comp_spherical_1.asc
ncols 100
nrows 90
xllcorner  5.6208707817415728
yllcorner 50.959635321741573
cellsize 0.00013419651685393446
nodata_value 1.7014100000000001E+038
[rows 36 to 53 of 90, columns 0 to 39 of 100]
0.0018867105808775151 0.0019531966551575813 0.0020384224605998597 0.0021400183354006205 0.00225648191453303 0.0023869156171574322 0.002530721227590364 0.0026872403572372095 0.002855366126858755 0.0030331929909594973 0.003217822525459337 0.0034206065310943934 0.0037137049079922586 0.004116468097382943 0.004607661009502451 0.00510650139648777 0.005580313974078132 0.005998499558048721 0.006335044044553529 0.006571044031777369 0.006695274284729571 0.006703354146522268 0.006596557098984183 0.0063811552543100655 0.006068608963104651 0.005676201472855549 0.005227191662087886 0.004755183200775276 0.004289880351658513 0.0038529068812828567 0.0034635512990128284 0.0031302930340008197 0.0027971896680138108 0.0024675741325892973 0.0021597751423840053 0.0018801745206202094 0.0015913226590980073 0.0013085142178980542 0.001052747429063011 0.0008289682404926821
0.0023693082200838384 0.0023983820269865832 0.0024365183555328375 0.002479503608427175 0.0025247078298033356 0.002570723417709586 0.0026169553252540986 0.0026632117089272133 0.0027093632761453577 0.0027551382265910457 0.0028003798782748938 0.0028934662917751144 0.0030720866845479642 0.0033443716183137323 0.00372686974961332 0.004198427031237672 0.004690287719693049 0.0051816756371231894 0.005650914423440521 0.0060761628377807705 0.006436088715676074 0.006710089168268519 0.006878664358012621 0.006924784057925827 0.006839747471772803 0.006643876174446568 0.006342206337799237 0.0059488034809857876 0.005493348625552774 0.00501509974173268 0.004554248914864507 0.004081124621533757 0.003580231612539439 0.003092204591467112 0.0026445050533902225 0.0022503803014779426 0.0018691101398222872 0.0015077394150138776 0.0011899532283718096 0.0009178538253237444
0.003106125067006003 0.0030793999111133623 0.0030421193617614925 0.002997211876771954 0.0029434404710806 0.0028817364365762094 0.0028142729643532097 0.0027436699201311295 0.0026724499075025158 0.0026027826099062346 0.00254763054212909 0.002565998263086524 0.0026649802792823407 0.0028500066861331854 0.0031352843373759964 0.0035458426638431714 0.0040457513083147975 0.004587954331286637 0.005159886859165043 0.005745031132658387 0.006322036698161851 0.00686348251340073 0.007335548180621782 0.007732750209898855 0.008025263989058673 0.008161083716258817 0.008102352643182192 0.00784152301573901 0.0074092020219846235 0.006866977966487462 0.006237276467454297 0.005493958350708592 0.0047212142579695 0.00398502577110842 0.0033254424183508623 0.002760493158949192 0.002253164532401723 0.0017862568794401244 0.0013804236592726198 0.0010251946728312938
0.004196409365557573 0.004132099683888499 0.003969470038649099 0.0037813000087703174 0.003576475661185189 0.0033623722629364246 0.003146968725232107 0.0029373590225020402 0.002739034761494185 0.002555794349532681 0.0024223379923939458 0.0023776389880795362 0.0024151785713686126 0.002537014035325163 0.0027546153766805207 0.003091151327298069 0.003576414053731472 0.00415733993286054 0.0048151273673122585 0.005545060897387664 0.006335344785615309 0.00717396219064728 0.008079633019542464 0.00900433636875004 0.00985965720101163 0.010529516623584033 0.010897089642815664 0.010889944721548542 0.010518219185736147 0.009823600736042225 0.00879077016879435 0.007588175942009211 0.006371729553944562 0.005246306514000946 0.0042666238413198426 0.0034499398431952215 0.0027656885613942727 0.0021259415898391837 0.0015705081932078347 0.0011148341280983237
0.005817224378864253 0.005710858586206971 0.005408984644324863 0.004978925521739608 0.004527686513969742 0.004081018803107867 0.0036560369174861397 0.0032646796900663846 0.0029136400721670756 0.002607513453150567 0.0023990265179115915 0.002293474625986159 0.0022776524813076216 0.0023492020849226404 0.0025163527717670317 0.002799845626185107 0.0032376833489013513 0.003848360279740079 0.004582531532477449 0.005450368507862083 0.006479978488877927 0.0077365769493069215 0.009224418651041318 0.01090026727441094 0.012645511069883538 0.014246162790348951 0.015421144472439554 0.01592799668830024 0.015622950631108279 0.014430498037983462 0.012660875343325044 0.010671067333314983 0.008732451620071318 0.007002371703083577 0.005545399443163752 0.004355354245677529 0.0033370052587003694 0.002447971354162679 0.001729290563591673 0.0011770018323737723
0.008252093232082904 0.008072276261588438 0.007566711203432591 0.006823876556456853 0.005966233047694315 0.005145567240280719 0.004405673070776499 0.0037601676600630906 0.0032108752616807627 0.002763023232183531 0.002465672484890407 0.002294232112338895 0.0022262764168270864 0.002253397396989684 0.002379763691572136 0.0026234380834988685 0.0030210334089229764 0.003632181120957521 0.0044368258024631325 0.005459135362994229 0.00681148822037432 0.008580240005047288 0.010842748211978793 0.013628972151255301 0.01684214922617352 0.020150089721784788 0.022939845093046505 0.024360813187809773 0.02380410351144746 0.021588752198462565 0.018464621737158557 0.015133384260690871 0.012041109500633139 0.009394631311286447 0.007216642421140684 0.005360648967811244 0.0038742978777358576 0.0027166363078800736 0.001837900167552198 0.0012031111041165639
0.011946853129163425 0.0116354646224012 0.01077062286607996 0.00952835469569745 0.008119475453127072 0.006724158648981683 0.005492661327242867 0.004476228045187353 0.0036563176049500662 0.0030295262361492857 0.0026197018652390947 0.002370805916001796 0.0022466472864686596 0.0022302883434914445 0.002320548648316381 0.002532252155334011 0.002900572020475462 0.0034913040366276547 0.004371083134826319 0.005599731081996139 0.007317194602988779 0.009707736224954244 0.012999570151856724 0.017424215112983237 0.023080211469261404 0.029596676787630248 0.035380361297396634 0.038174345696301085 0.03688240205085155 0.03252840898160464 0.026924913850007923 0.021379629070303496 0.01652287611393438 0.012514370729650276 0.009095950834635828 0.0063641472594219385 0.004334773421242029 0.0028977822590664708 0.0018807634719843441 0.0011872640187034907
0.01760413796431578 0.017050189549644445 0.015536915296565632 0.01342728630054539 0.011124856235707555 0.008938541951065875 0.007040013608848457 0.0054878163049359475 0.004288040181190796 0.003422829154747266 0.0028659471646185733 0.002521344417467179 0.0023322315268329437 0.0022695184310001213 0.0023247791897479013 0.0025086554369697467 0.002854481061771523 0.0034322219676951957 0.004403758436734774 0.005852865968095191 0.007975603409558626 0.011100389959655337 0.015705327921507146 0.022436350633688165 0.031823778356793175 0.04363516730784706 0.055306572890363996 0.06093659892820563 0.057363901517702515 0.04845484522323641 0.038546543045781596 0.029627229450708472 0.022271130983899327 0.016045676063542652 0.011012829269362296 0.007277848761268338 0.0046817647153473575 0.002965016104505299 0.0018494993333364883 0.0011280208708547396
0.026331702380702416 0.025314709022148187 0.022601233533961484 0.018970666143217872 0.01520186172088605 0.011804165380611837 0.008995646133342692 0.006798166678285968 0.0051373932818241244 0.003966815286866917 0.003215878586044585 0.002749930491753483 0.0024824869695885617 0.0023672071381257874 0.0023857795589019514 0.0025432860672198903 0.0028704632379815266 0.003466126869433626 0.004523243539308187 0.006202867827817889 0.008761128311291744 0.012693167118543323 0.0187256146497888 0.027947464257249786 0.04183321361733197 0.06180991929382256 0.08613117495288787 0.09832325646134932 0.08682366822922448 0.06904868547607466 0.05283720936690979 0.039560739730796414 0.02866539403447118 0.019615323180239244 0.01278335846991233 0.008013197151569644 0.004883741688910082 0.0029274752406439355 0.0017456575111932774 0.0010294589706883429
0.03987286931368912 0.03793059867625632 0.03293209453233631 0.026628827287441998 0.020507859564475185 0.01533056437007503 0.01128556956008991 0.008269176696050528 0.006079837937339324 0.004586233516037439 0.0036394627970623874 0.0030460269864257894 0.002693862630680515 0.002521388036991304 0.002500900250092986 0.0026317083400926996 0.0029500786197448415 0.0035795927660737057 0.004707299591402975 0.006584862811136638 0.009490095144589334 0.014023744423317467 0.021152382226362856 0.032411197474707526 0.050199052155206425 0.07816872757860159 0.12161586968171946 0.15106281613831454 0.11719219129496951 0.08954779034723963 0.06745890139858574 0.04982703862680248 0.03474277703036286 0.022812653102428256 0.01422289743339082 0.008502922712521347 0.004928914186762864 0.0028041624572058416 0.0015859896179669867 0.0009010429119632352
0.06095954174405152 0.05704306690906774 0.04756072631684688 0.03663568114765624 0.02693670445492736 0.019336070686767952 0.013751686557079477 0.009785834373408079 0.007017441543249387 0.005176347447955248 0.0040270994688946975 0.00331110163864674 0.002881413830812218 0.0026571850191838314 0.002599401980086891 0.0026999740764987574 0.003014978151116864 0.003655935610960929 0.004808119540848305 0.006777395454955701 0.009863858033726759 0.014714910464681995 0.022386235808262732 0.0345250945168831 0.05355482806832595 0.08240715531798072 0.12068888890489075 0.14297274562490328 0.12696577354010505 0.10203785083591317 0.07896790675046228 0.058094876939204516 0.03963580168372586 0.025274113265692646 0.01520215865289313 0.008719598067473933 0.004828040795934287 0.00261494785667304 0.0014046550755522813 0.0007590594111690135
0.09384289118188853 0.08525157307350083 0.06677901008928791 0.04835976271651325 0.03380897857211235 0.02333004693539453 0.01608431286167754 0.011163224386286535 0.007842160845854502 0.0056710912614642275 0.004333522537602852 0.0035054866561778876 0.0030049218603071973 0.0027319451991311395 0.0026362712850232345 0.0027081312215125482 0.0030141149430222744 0.0036437468412154213 0.004777383688462339 0.0067374394358010355 0.009825916142317367 0.01465767602673891 0.022218123350014923 0.03392392109374609 0.05148453156651156 0.0758183342669806 0.10327124849121888 0.12098905191283867 0.11916011599529433 0.10436171724625803 0.08504076296055021 0.06315235017187022 0.04283112107719537 0.0268216772631109 0.01568749292072768 0.00868147858880274 0.004610616997756548 0.0023848856688254167 0.0012196372478571339 0.000626063469585961
0.14507165316783605 0.12320955269784822 0.087625002146104 0.05928764974686861 0.03961819031271102 0.026494323818411193 0.017850848650986625 0.012172615669636667 0.008431689453111398 0.0060044995192781786 0.00452001777670044 0.003605526926363029 0.003049599126219828 0.0027365690449670573 0.0026065697071466468 0.0026565630108848 0.002942772103229824 0.0035395705865925763 0.004614365501376225 0.006476192994151263 0.009402147178499395 0.013921005019391369 0.020852103139341667 0.03125615675312995 0.04614454379294886 0.06548756084689374 0.08629642278834841 0.10188642534592529 0.10647044557090574 0.1002644532882016 0.08575364857288559 0.06507096636335825 0.044359415498793804 0.02751173287371025 0.01574128437172899 0.008442062980047122 0.004315811156918107 0.0021387844138442023 0.0010442776982011205 0.0005103693122613198
0.2245968223965088 0.15418990770443225 0.09989782298404715 0.06486088371451891 0.04236976749881672 0.027929291624778932 0.018629628617039422 0.012608911201054396 0.008682828971202136 0.006128416408656831 0.004562001132062367 0.0035990089260406677 0.003010345659411077 0.0026706368682267714 0.002513840490716921 0.002547407033352881 0.0028057242833960366 0.003352792567016951 0.00433767019165195 0.00603660469566091 0.00868027632163824 0.012693382192315408 0.01870998275102646 0.027479907269911754 0.039601966987798345 0.054881082253069334 0.07143270161350078 0.08553099498800366 0.09334788382616867 0.09322692471892924 0.08301165106458522 0.06474079452066282 0.044661137992704394 0.027571882779624083 0.015483691227048665 0.008068329785406666 0.0039817661807695585 0.0018968054712449672 0.0008874166817185364 0.0004143518063968075
0.16572811706076054 0.1353059234248481 0.09294107449863814 0.061779438445744295 0.04086568796512703 0.027149862874810415 0.01820830569439755 0.012373518554461416 0.00854760222175112 0.0060278958181233305 0.004456281815809003 0.003488554464914285 0.002893111541684582 0.0025425372158143396 0.0023712214932259733 0.0023900255041211294 0.002615835298534764 0.003102742559909414 0.003979068317591954 0.005478197925184765 0.007773909227327596 0.011194398563773479 0.016212157371286843 0.023355635413679066 0.033023202501024515 0.045113718575678086 0.05858225904491599 0.07132744146787905 0.08079754141625729 0.08471096899412593 0.07843589523803904 0.06318549079676646 0.04432088316818844 0.027285039455897046 0.015036726923197623 0.007616583343994273 0.0036369177395555144 0.0016721503300971938 0.0007534192170182393 0.0003378757273293616
0.10712589161576175 0.09593422487243297 0.07325834549762163 0.051954677981036 0.03578177340568361 0.024425620146089788 0.016703793107738583 0.011520380346620257 0.008052141334086601 0.005726260217901104 0.004222168858489552 0.0032910127046900557 0.002713461793580807 0.0023675081397658113 0.002193036025826514 0.0021988340026603383 0.00239098780602821 0.0028139098282284835 0.0035753120905333605 0.004861703124678561 0.006791092701966091 0.009613112521035265 0.013673315514699936 0.019350510910533972 0.026944217224703006 0.03647413983329453 0.04744846024599735 0.05875792357401433 0.06883318370440841 0.07533214946395009 0.0728575504435778 0.061154607003750645 0.04387670803698615 0.026879163433058316 0.014466033685391348 0.007112323203182764 0.003295449433943852 0.0014709698404425132 0.0006430857531480322 0.00027923254925751455
0.06947927214077484 0.06455809475460907 0.052966386788696064 0.040094778531499765 0.029035810066181965 0.020586161264214656 0.0144947077785873 0.010230326995541944 0.007286244724935214 0.005263707352579686 0.0038957876203787696 0.0030330654336609337 0.002492899180971051 0.0021643243341410738 0.0019949705610988844 0.001990344448471708 0.0021504573926618567 0.0025110393880537216 0.0031609670475766924 0.004238659323730701 0.005817049254742636 0.00808487920901396 0.011291516200499393 0.01571121654088647 0.02158096944443863 0.02899673988660377 0.03779459753828644 0.047477855243681005 0.05723913335440743 0.06512527183384959 0.06620149086784019 0.05887834523072516 0.04375244459466345 0.026394728006972117 0.013712992252732028 0.006538430417780655 0.0029580238053792712 0.0012940591540404733 0.0005549509755738435 0.00023600891879590037
0.04533717546935588 0.042948389359134115 0.0368925918117037 0.029432596238077167 0.0223643136828266 0.01651573082547798 0.012029373891611024 0.008733582409779062 0.006370416136779965 0.004697212382557933 0.0035203193376448392 0.0027449036069025425 0.002254345137861468 0.0019517772522824031 0.0017926680404518832 0.0017803460279398925 0.0019118068271299043 0.002215445926366187 0.002763890306767055 0.0036469078964766637 0.004909601086332596 0.006692754329609325 0.00917334790531908 0.012548114085727497 0.017000986803409657 0.02265126731218914 0.02949529067508638 0.03736841262604497 0.0459520697101612 0.053862186909964846 0.057396137771062165 0.05522825044929345 0.04426089978621391 0.02525192374009369 0.012524290343283957 0.0058467088915495555 0.002619312948573883 0.0011397001756813284 0.00048655826879412953 0.00020573853019459367
