_RESULTS/CROSS_VALIDATION_POSTPROCESSED/Berg/GZ/9comp/1/Berg_GZ_z_63_kriged_reverse_9comp_spherical_1.asc
ncols 100
nrows 90
xllcorner  5.6208707817415728
yllcorner 50.959635321741573
cellsize 0.00013419651685393446
nodata_value 1.7014100000000001E+038
[rows 0 to 17 of 90, columns 0 to 40 of 100]
0.021872137858031902 0.021872137858031902 0.021872137858031902 0.021872137858031902 0.021872137858031902 0.021872137858031902 0.021872137858031902 0.021872137858031902 0.021872137858031902 0.021872137858031902 0.021872137858031902 0.021872137858031902 0.021872137858031902 0.021872137858031902 0.021872137858031902 0.021872137858031902 0.021872137858031902 0.021872137858031902 0.021872137858031902 0.021872137858031902 0.021872137858031902 0.021872137858031902 0.021872137858031902 0.021872137858031902 0.021872137858031902 0.021872137858031902 0.021872137858031902 0.021872137858031902 0.021872136043344006 0.021869993328242854 0.02186475763219674 0.0219607540210464 0.02225990740334559 0.02276306089018656 0.023526414406000173 0.024563702743407 0.02587209118506404 0.027451832950112238 0.029304841344394077 0.03143357220389525 0.03384022168908977
0.021872137858031902 0.021872137858031902 0.021872137858031902 0.021872137858031902 0.021872137858031902 0.021872137858031902 0.021872137858031902 0.021872137858031902 0.021872137858031902 0.021872137858031902 0.021872137858031902 0.021872137858031902 0.021872137858031902 0.021872137858031902 0.021872137858031902 0.021872137858031902 0.021872137858031902 0.021872137858031902 0.021872137858031902 0.021872137858031902 0.021872137858031902 0.021872137858031902 0.021872137858031902 0.021872137858031902 0.021872137858031902 0.021872137858031902 0.021872137858031902 0.021869777704990667 0.021862007479078932 0.021850321334750226 0.021836228675671768 0.02191815888506412 0.0222362471964027 0.022848372872695862 0.02374517394867871 0.0249210726944023 0.026374202483291566 0.028104470752046674 0.03011191737843133 0.03239536214481034 0.03495136127043254
0.021872137858031902 0.021872137858031902 0.021872137858031902 0.021872137858031902 0.021872137858031902 0.021872137858031902 0.021872137858031902 0.021872137858031902 0.021872137858031902 0.021872137858031902 0.021872137858031902 0.021872137858031902 0.021872137858031902 0.021872137858031902 0.021872137858031902 0.021872137858031902 0.021872137858031902 0.021872137858031902 0.021872137858031902 0.021872137858031902 0.021872137858031902 0.021872137858031902 0.021872137858031902 0.021872137858031902 0.021872137858031902 0.021871714041930557 0.021865021571088286 0.021851482669342923 0.021832716994658465 0.021810356720919546 0.021786175378854335 0.021910311881767418 0.022349431572804525 0.023088011429549818 0.024116919109796166 0.02543182725633362 0.027030656653408543 0.028911273862682156 0.031069403800273853 0.03349677584882274 0.036179515779034915
0.021872137858031902 0.021872137858031902 0.021872137858031902 0.021872137858031902 0.021872137858031902 0.021872137858031902 0.021872137858031902 0.021872137858031902 0.021872137858031902 0.021872137858031902 0.021872137858031902 0.021872137858031902 0.021872137858031902 0.021872137858031902 0.021872137858031902 0.021872137858031902 0.021872137858031902 0.021872137858031902 0.021872137858031902 0.021872137858031902 0.021872137858031902 0.021872137858031902 0.021872137858031902 0.021872137858031902 0.02187071571273752 0.021860428504153654 0.021841568917458896 0.02181571519994892 0.02178451055952335 0.021750325516914738 0.021801992767920563 0.022046208344838714 0.022603761335537334 0.023467187459968147 0.024629256792641035 0.026086162265125893 0.02783451770699519 0.029868476697444524 0.03217698273311804 0.03474123035174876 0.03753239318647191
0.021872137858031902 0.021872137858031902 0.021872137858031902 0.021872137858031902 0.021872137858031902 0.021872137858031902 0.021872137858031902 0.021872137858031902 0.021872137858031902 0.021872137858031902 0.021872137858031902 0.021872137858031902 0.021872137858031902 0.021872137858031902 0.021872137858031902 0.021872137858031902 0.021872137858031902 0.021872137858031902 0.021872137858031902 0.021872137858031902 0.021872137858031902 0.021872137858031902 0.021872137858031902 0.021870306890484508 0.021857800344913633 0.021834741529579507 0.021802567145874974 0.02176279198678631 0.02171715288805435 0.021752448651534594 0.021946051238631206 0.022312046061809216 0.022985076360455527 0.023973714988234755 0.02527231067906035 0.026877068564851364 0.028782392980823315 0.030977196871255056 0.03344128709025032 0.03614205623017427 0.039031716446989204
0.021872137858031902 0.021872137858031902 0.021872137858031902 0.021872137858031902 0.021872137858031902 0.021872137858031902 0.021872137858031902 0.021872137858031902 0.021872137858031902 0.021872137858031902 0.021872137858031902 0.021872137858031902 0.021872137858031902 0.021872137858031902 0.021872137858031902 0.021872137858031902 0.021872137858031902 0.021872137858031902 0.021872137858031902 0.021872137858031902 0.021872137858031902 0.021872137858031902 0.021870859658881584 0.02185804111628357 0.02183257242372281 0.021795676566074857 0.021748605170844617 0.02169284931363458 0.021688484170212862 0.021860049339437863 0.02219694611082944 0.02269403181271721 0.023480846289339077 0.02459662099615716 0.026037270646983964 0.027798838299499532 0.029872938083871137 0.03224197749115937 0.03487444594998905 0.03772079855483143 0.040710562302828046
0.021872137858031902 0.021872137858031902 0.021872137858031902 0.021872137858031902 0.021872137858031902 0.021872137858031902 0.021872137858031902 0.021872137858031902 0.021872137858031902 0.021872137858031902 0.021872137858031902 0.021872137858031902 0.021872137858031902 0.021872137858031902 0.021872137858031902 0.021872137858031902 0.021872137858031902 0.021872137858031902 0.021872137858031902 0.021872137858031902 0.021872137858031902 0.021871859160902462 0.021861070716220413 0.0218355459524629 0.021796283321724688 0.021744182898236132 0.02168032073429106 0.021628265157055855 0.021745703558692136 0.022051449698752133 0.022533197186314483 0.023179482285443528 0.024078926406700316 0.0253247298022329 0.026914774844554547 0.028845252918267818 0.031104903477312946 0.033668768840385124 0.036492032257904025 0.039504976124359756 0.0426103795067999
0.021872137858031902 0.021872137858031902 0.021872137858031902 0.021872137858031902 0.021872137858031902 0.021872137858031902 0.021872137858031902 0.021872137858031902 0.021872137858031902 0.021872137858031902 0.021872137858031902 0.021872137858031902 0.021872137858031902 0.021872137858031902 0.021872137858031902 0.021872137858031902 0.021872137858031902 0.021872137858031902 0.021872137858031902 0.021872137858031902 0.021872137858031902 0.021865833001190924 0.021842996502287357 0.021804278609572233 0.02175022452467708 0.021681399754276572 0.02159889953228783 0.021628833706576228 0.02186785392593864 0.0223050738227497 0.022932346312229773 0.023742403195024887 0.024766384012516206 0.026145174484171908 0.027893035926476857 0.030007308151938444 0.03247452551989918 0.03526214246133497 0.038310299235688676 0.0415254569691136 0.044778359742946534
0.021872137858031902 0.021872137858031902 0.021872137858031902 0.021872137858031902 0.021872137858031902 0.021872137858031902 0.021872137858031902 0.021872137858031902 0.021872137858031902 0.021872137858031902 0.021872137858031902 0.02187236827818069 0.021881766806320934 0.021896605843704394 0.021908125319828328 0.02191124161287745 0.021904716530912482 0.021891201112431525 0.021877143111150674 0.021872137858031902 0.021870394413421104 0.021853193578652813 0.021818221729403717 0.021765775057036005 0.021695927513305673 0.021608878959077125 0.021543391085644972 0.02168055638697517 0.0220346070273358 0.022599021960985788 0.023370407496893307 0.02434668603222072 0.025528438391272175 0.027041857541786448 0.028955676523398408 0.03127034470850321 0.03397200886685123 0.037021377299931366 0.040342321270589086 0.04381319383364611 0.04726516279897198
0.021872137858031902 0.021872137858031902 0.021872137858031902 0.021872137858031902 0.021872137858031902 0.021872137858031902 0.021872137858031902 0.021872137858031902 0.021875458723104972 0.021919084536427776 0.021996336422021086 0.022087511113178828 0.022175589949371403 0.022246725742804084 0.02229078170940565 0.02230180597766313 0.02227834123754059 0.022223504023167476 0.022144816818095967 0.02205382856098133 0.021956981023630695 0.021861574060057523 0.02178838940350604 0.021721783934569788 0.02163531058196282 0.021528752636357496 0.02153049072726781 0.021765381835575984 0.022226220384565325 0.022911054208561533 0.02382178670154657 0.024962564108746643 0.026337617745183135 0.027993997319377496 0.030079348148498962 0.03261051819658259 0.035576809406081565 0.03893484852852737 0.04259222540020514 0.04639442841323423 0.050122234549174804
0.021872137858031902 0.021872137858031902 0.021872137858031902 0.021872137858031902 0.021872137858031902 0.021872137858031902 0.021879057449440444 0.021958316912309272 0.022104850940661863 0.02229310865720444 0.02249895005451132 0.022699996699199997 0.02287630712831689 0.023011253949170456 0.023092446006509344 0.023112524450689547 0.023069678284254082 0.022967776043254635 0.022816086802312428 0.022627273814808762 0.022403859347515334 0.02216303646675505 0.021927839743142823 0.02172217109966433 0.021570762290853224 0.021461918996827044 0.02154493082401079 0.021866677537098454 0.02242383984388634 0.02321904648015591 0.024259819251567595 0.02555737030589935 0.027124848142655186 0.028975084482554515 0.031231425188567696 0.03399073908848011 0.037251512640417254 0.040971978361399874 0.045046119677719584 0.049282498984040926 0.05339693249164838
0.021872137858031902 0.021872137858031902 0.021872137858031902 0.021872137858031902 0.021872137858031902 0.021931283254470798 0.02210544727500935 0.022366173506950693 0.02268529478088247 0.023034811351812463 0.023387060879222713 0.0237154092879796 0.023995381151272477 0.024206075903006358 0.024331646456922748 0.02436257749260934 0.0242965157834783 0.024138482657792493 0.023900424042679325 0.0235942512838463 0.02322669481152946 0.022822826183151932 0.022409464548022996 0.022013502595464494 0.02166155529227862 0.021443864950512155 0.021573411379856893 0.021969593775848995 0.022610136152279477 0.02350194790996215 0.024658058853674385 0.026097059759559484 0.02784220668186782 0.029919394250136178 0.03236845858327423 0.035356670419218174 0.03893452730530183 0.04307214486095664 0.04765771188539475 0.05246274455493042 0.057121636491253826
0.021872137858031902 0.021872137858031902 0.021872137858031902 0.02187667456334849 0.021997627221906943 0.02226098433472443 0.022637694206983278 0.023098504743716813 0.02361302819850281 0.024149427889077302 0.024674790281669835 0.02515620805671686 0.025562510279442736 0.0258664471276026 0.02604700258414742 0.026091419643399016 0.025996527975546295 0.025769085123393907 0.025425051991763203 0.02497522408572126 0.024437345677621753 0.023843831541231965 0.023227295681294093 0.022619325296771364 0.022049785628119458 0.02167093821609493 0.021667938871777738 0.022061574123198355 0.022770185731791067 0.023741176909962157 0.02499235188270767 0.026549064938145735 0.02844464786825689 0.030720382418676716 0.033423130759297086 0.036634232908987076 0.040532942579668975 0.04513109786722042 0.050326652636593555 0.0558643292179649 0.06128807497669087
0.021872137858031902 0.021872137858031902 0.02188235875770232 0.0220441744552239 0.022380334662465973 0.022862940348380625 0.023463664612001823 0.02415208190737939 0.02489456802610712 0.025653918509774838 0.026389857241055713 0.02706055991491611 0.02762518060376381 0.02804715105943203 0.028297771972621674 0.028359425473592683 0.028227711006273897 0.027911997765400504 0.027433384494202143 0.026805551066489526 0.026060576376050408 0.025240231271964876 0.024385487886217607 0.023534640818028682 0.022724110964498282 0.02216791804108301 0.021996836964316174 0.0222261993961616 0.022892412011494865 0.023922230758719618 0.02524349160819219 0.026886472827303852 0.02889250235106532 0.03131694650207635 0.034232058440853544 0.03772385531154385 0.041919094676281174 0.04698910507911254 0.052870918512836006 0.059310139231193125 0.06578577076213002
0.021872137858031902 0.02187932543447228 0.022051756655871325 0.022433413989495825 0.022998745505913312 0.023722381226724442 0.024576694347098128 0.025529749877692458 0.02654380280453883 0.027574622830533843 0.02857198854001398 0.029481658746006636 0.03024894040911738 0.03082361475744707 0.031165521790537304 0.031249704560488773 0.031069894693247918 0.03063942163502129 0.02998652802528611 0.029134489993885723 0.028132250922646474 0.02703500579972921 0.02589538132064639 0.024760750854715942 0.023681780431756057 0.022911865634373425 0.022543985858403386 0.02258594385026438 0.023066007063532405 0.02403607232069895 0.025399836987867123 0.027092869261489815 0.029159969461925953 0.03166436965021571 0.03469861000513384 0.03839777794675956 0.04292704534390761 0.048433331778976345 0.0550079173749066 0.06244257453292279 0.07025764520258242
0.02187248383618578 0.02201746456576848 0.022407549622781145 0.023019958284788183 0.02383370836097179 0.024826555479396308 0.02597207605166887 0.027236959482161472 0.02857875818037314 0.029944540047403975 0.031271048813372185 0.03248700934553214 0.03351799556824314 0.034293720707334156 0.034756769707516386 0.03487095934032842 0.03462714323865248 0.03404474300009634 0.033163573892815254 0.0320240692123271 0.03069714961228259 0.029257029320794166 0.027772192240545175 0.02630179309441532 0.024912760193832813 0.02388388579135583 0.02328438134098855 0.023112636637982624 0.023386856111021263 0.024149585466270808 0.025458789236122686 0.02716604075060282 0.029243911868578915 0.03175226861433538 0.034784547109204506 0.03851015477702287 0.043230776688910684 0.04921220947259218 0.05639069830151057 0.06467534716812211 0.07382412820733662
0.021954898428676237 0.02230887168683753 0.022922691373578812 0.023780022820444568 0.024865487044975564 0.026161205011676087 0.02764318732319049 0.029277629135853297 0.03101742181029875 0.03279951779155346 0.03454413098694688 0.03615697533444721 0.037535589505679874 0.038579997273884226 0.03920645597611564 0.03936129808847501 0.03903085245360488 0.0382440985670747 0.037060328043404735 0.03554703743612131 0.0338056475673379 0.03193704567364564 0.03003077839344466 0.02816062419813769 0.026406562556562464 0.025065591694493714 0.02419410596577432 0.023778510831367606 0.02382492329425819 0.024363024627002294 0.025451992637652496 0.027117498445192206 0.029166784457805284 0.03162085852365916 0.03454552420651951 0.03806566579020541 0.04263689642734383 0.04900328169997561 0.05667813240945442 0.06535339109414576 0.0749936947423667
0.02216162781985047 0.02272485591657968 0.023569826113246675 0.0246877984236716 0.0260706183370865 0.02770678541603007 0.029576956627051624 0.03164886200975496 0.03387193023620534 0.03617242079035886 0.038450521208003643 0.04058151418601857 0.042423308083243294 0.04383168442867386 0.04468206049384235 0.044892909115661336 0.04444325956125757 0.043377467839367675 0.04178757393085972 0.03978278412275147 0.03750820294141513 0.03510166538558977 0.03267984659292441 0.030333618082226642 0.028149214304297322 0.026435711348312373 0.025247454637748284 0.02455536565791788 0.024350918408797127 0.024649310765351807 0.025494280287567075 0.026965589468869303 0.02896459838046463 0.03134660649661252 0.03415708588513337 0.037450911441213666 0.04149999933370354 0.048106728841113854 0.055663165601652735 0.0639878744211839 0.07284865477937816
