_RESULTS/CROSS_VALIDATION_POSTPROCESSED/Berg/GZ/9comp/1/Berg_GZ_z_250_kriged_reverse_9comp_spherical_1.asc
ncols 100
nrows 90
xllcorner  5.6208707817415728
yllcorner 50.959635321741573
cellsize 0.00013419651685393446
nodata_value 1.7014100000000001E+038
[rows 19 to 37 of 90, columns 0 to 43 of 100]
28.16700186673369 28.088079376310016 27.985750398350916 27.862437536549116 27.720766016709604 27.5636637761082 27.394480012366046 27.217124010803662 27.036220548331926 26.857265441468257 26.686739942627263 26.532102448379536 26.401528722242958 26.303255525356473 26.244472082748953 26.229954117092507 26.260941315591385 26.334817239746666 26.469967734349293 26.788087498733663 27.293075602806997 27.969002578960605 28.800661916165836 29.773279648964255 30.87108336810433 31.974645186200206 33.00370403946127 33.951613509811004 34.81167271762674 35.576334789069 36.23603090754458 36.77708313570416 37.17745549226378 37.41538563517949 37.42969777428667 37.06045866994705 36.052583680836904 34.28058948386627 31.98192259510712 29.501510502418103 27.097661598578927 24.970581031112726 23.28124292500998 22.104613688339054
28.133905854131342 28.040473359855124 27.922551066669637 27.782373040546982 27.62236495291266 27.445252529338614 27.25419867149512 27.05297877278013 26.84620227759255 26.63957924446213 26.440202929730226 26.256756248838574 26.099438813184367 25.979287661794142 25.90659085285073 25.88853276652776 25.92702510596623 26.018055828214585 26.16543986922884 26.483581831479853 26.987563223793643 27.659569184657585 28.483083217645206 29.442407149257598 30.521987375242045 31.634376012881777 32.66801115890281 33.61432798746714 34.464892237943715 35.20960748099989 35.8351230435279 36.32221658798257 36.64122426468624 36.75137432149218 36.60200130799337 36.08389740839446 35.080966885956876 33.56761105930834 31.670635868220614 29.60095556640458 27.564326783242528 25.716796919532463 24.167905247402224 22.98939128553954
28.100630865693383 27.994066764379543 27.861881680010264 27.70608572279437 27.52884846506973 27.332606534935106 27.1202071518258 26.895105908097854 26.66164357820387 26.425430000698473 26.193849597398298 25.976637715738775 25.786291989539677 25.6377229800722 25.54621290656546 25.523268438698103 25.572071102220264 25.686002431966752 25.85426484134793 26.16909232875248 26.666597763002304 27.326987718856238 28.13261172657393 29.067086147388636 30.11435851686152 31.221215449617546 32.25263142564902 33.18976165726378 34.022635744799025 34.739113707352196 35.32327504419017 35.7531009559715 35.99719438020448 36.012610414323106 35.76539322537844 35.19650646560582 34.25541842763348 32.94914541447565 31.36267660694206 29.634817433322297 27.899916057375595 26.267535196509307 24.84582253829978 23.69662021762325
28.069458083683337 27.951450814776923 27.806714737434866 27.63701571823295 27.44422744469437 27.230426537889542 26.998024320295333 26.749959840587955 26.489994918133736 26.22317639966089 25.956558777278094 25.700277193440467 25.46889560878628 25.28229814445005 25.163962304929882 25.133808166643945 25.197702653583598 25.343618260616267 25.5491455605607 25.859948260260385 26.346457588077943 26.987971381606556 27.766355606092084 28.665082069369436 29.667999273063707 30.74833675811669 31.772358263589034 32.69529895059309 33.50619612332433 34.191826428183184 34.73539434396545 35.11496019749993 35.301800733295046 35.259579061472984 34.96667937844124 34.40143273365048 33.544962645802805 32.41579042481963 31.077364611566118 29.614919241589398 28.103461240622472 26.65102009502239 25.34521335580156 24.241343885181692
28.042428760397463 27.914978573428233 27.759796381838974 27.578406704537517 27.372377665916197 27.143392834320522 26.89335168732604 26.62452285489479 26.339796137280274 26.04312259425817 25.74031552080841 25.44052828388064 25.158866665964624 24.920177379254305 24.760957996447175 24.719108392966245 24.807123088705044 25.000056343538784 25.258042115641704 25.57660896119542 26.047430451997073 26.662302007160534 27.40386291364485 28.25623547466069 29.203668615710026 30.22959257127163 31.24239044405886 32.14832322620797 32.936049255635076 33.592261514672636 34.10076357221683 34.441668370986015 34.59101029793171 34.52149410615608 34.219179392810105 33.68741445880533 32.92345501230561 31.949256006648742 30.81000372596155 29.534935083782777 28.202594764336126 26.899625180501285 25.697354058100792 24.645236157964735
28.021266844872606 27.886662994684325 27.723511800166357 27.533128019832372 27.316805304110307 27.075859314625784 26.811684364199383 26.525839028543658 26.22019404838889 25.89721787274289 25.560578434339003 25.216503112445558 24.87700923214173 24.567523282738684 24.340981255299535 24.277181569383792 24.40901466999749 24.67420553141619 24.998947133081657 25.345584752163948 25.793468920202994 26.371957930444033 27.066069783060115 27.86134808636434 28.74284653511393 29.69446356267202 30.677177390706085 31.564867487646154 32.33028563679752 32.96081660702857 33.4418187044429 33.75640278812786 33.88576380602596 33.81052565181593 33.523020828418346 33.040781361638885 32.37010545698445 31.533011951002155 30.536209820549843 29.408707806490252 28.221215031643837 27.04245628138084 25.931257280776205 24.931643892027584
28.007303063982253 27.868074139861974 27.69974469609004 27.50348039991264 27.280375349141146 27.031470062067935 26.757767118262315 26.460247418638428 26.139896121641932 25.79776484177251 25.435149148341722 25.05413094603127 24.65936564742333 24.264753427559054 23.92212056351158 23.805424095385057 24.033715516387367 24.406672770712234 24.80420959380077 25.194835835386957 25.61057728495353 26.139491760736334 26.77388591553126 27.50094950743621 28.306602000569026 29.175271658817 30.08958899933868 30.95879401177527 31.703882293979536 32.31338930722305 32.7746647151884 33.07400211377469 33.197279486354134 33.13134967772452 32.873483717591704 32.44892419971834 31.868896141405482 31.14305772145484 30.254592197633322 29.247688421806984 28.179014168393792 27.104265788098104 26.072675744677042 25.1233839525282
28.001409417630374 27.860248578192 27.68975000408981 27.491013774423497 27.265045105548708 27.0127600529672 26.734980429706788 26.43241343246503 26.105609093518424 25.754885460427978 25.38020772598894 24.98100635728958 24.555937457149906 24.10274577024843 23.620338598516792 23.322719500063222 23.799069557145447 24.2712314989315 24.71387599066124 25.129308778071557 25.52325746449092 25.985662078703893 26.546573060037687 27.194096751730534 27.914609204652653 28.692879484765566 29.51200247277254 30.341417032831746 31.068565004496772 31.661706387744083 32.11023029222603 32.403355401782 32.530830131237806 32.484137452541326 32.26449050229244 31.90120616658415 31.407658107385128 30.763921439810726 29.967680832941806 29.061661565818735 28.092391585406794 27.10596246431863 26.144183285715883 25.241900195934164
28.003952894204996 27.863624399034 27.69406081806026 27.496390733178412 27.271658066027765 27.020833212330942 26.74481717055821 26.44443756606472 26.120437056887823 25.77346130926998 25.40407775687732 25.01294429024024 24.601611560567786 24.176354123742914 23.77187048312644 23.60928482841553 23.910806485625375 24.3319125406115 24.753564894749623 25.157861733451227 25.541174199721738 25.92699336255556 26.400332777212448 26.958872232495924 27.590380478663405 28.277030426687272 29.000160263612045 29.7404851793586 30.445848381350256 31.022159411560995 31.45851729787309 31.749337431566392 31.8881491172322 31.866854812715406 31.690049173436545 31.38900242527658 30.97025481582118 30.394437270970936 29.67875201785395 28.85937250902792 27.97529884029904 27.06538594199018 26.165605351910532 25.307209475532762
28.01477518090461 27.878012483794528 27.71244680853686 27.51932468962418 27.29984890102186 27.055210560226982 26.786628046385637 26.4954032033285 26.183018923686024 25.851336343030212 25.503040253204112 25.14273742645819 24.779887466880833 24.43708712933802 24.171506654860426 24.092719847049352 24.253238176930907 24.557128207904164 24.911358057227954 25.27492134819988 25.635327594451685 25.992856825374417 26.388099152528028 26.86967719651395 27.419198648132987 28.0178199847642 28.64654286227564 29.286278933680247 29.91796294407152 30.475288355219565 30.892813445340316 31.16713861256682 31.297327320641845 31.28534794602768 31.14486673442472 30.90545373980155 30.54774734102609 30.034915446070997 29.391551698629666 28.648762089907436 27.839801331774556 26.997934962491758 26.15444877383653 25.361802470726097
28.033201475704733 27.902609000278666 27.74393234006225 27.55860688414003 27.348085071061025 27.113896977553072 26.857734097816998 26.58157788203967 26.287916160515646 25.980136599645608 25.663285417472494 25.34558571224313 25.041464691498938 24.77693812652067 24.59506500391965 24.546266227999546 24.64837123605048 24.8663688210999 25.15492078872137 25.490938454447576 25.84883944178806 26.211215380282532 26.56651086331232 26.965868653299314 27.429722598748434 27.93815843501578 28.471695242868154 29.011338154277748 29.53870676137556 30.03609928455543 30.437894423344584 30.698505588904613 30.819152847431663 30.803996813415658 30.671811079659083 30.45902975901033 30.13963589610748 29.686525055469392 29.109963722681197 28.436996440211797 27.69638152716022 26.916963479714713 26.1394180131631 25.434370917334398
28.05807704162328 27.93604694229917 27.786870674534793 27.612215977359984 27.41383373271397 27.19364489548687 26.95386194004565 26.69717024556315 26.427014143224415 26.148065575612588 25.86700382960015 25.59378210005215 25.34346995047007 25.138073422497666 25.005614879900605 24.97152839891764 25.044448975592253 25.22885179034835 25.50066326667754 25.82730226212351 26.182982978452713 26.54820861374484 26.90798970998981 27.252274384731063 27.62827403110515 28.045362366152094 28.48351650773403 28.923765289911767 29.348330028435164 29.740810884760094 30.08640262339869 30.334663529253614 30.446135337390633 30.426724645842203 30.302195969782474 30.102406131489364 29.787078915370486 29.356923172827027 28.837693043647768 28.23038774647485 27.55405059020876 26.836327861616642 26.15069750490853 25.532030679855733
28.087594730696846 27.97622572759267 27.83885310304244 27.677386500629737 27.493807288673487 27.290334852133206 27.069743769605083 26.83531001470092 26.591182009851643 26.342807531648937 26.097532414941423 25.86536633823408 25.659708933890062 25.497342709129533 25.396341794381588 25.375743399886186 25.467044174563448 25.660575854043465 25.93325516770067 26.26013524506669 26.61837067058679 26.988477696292705 27.354183993894726 27.701939750277006 28.021082404273812 28.34657837579755 28.689604829815323 29.03117916648973 29.354067552705843 29.642965478561866 29.88466335761994 30.06819033781628 30.16762628701672 30.142548571794812 30.024570019977048 29.832281480341372 29.520383476033974 29.09826552972255 28.593470264685195 28.034261012823595 27.420332639143012 26.783433474623912 26.192584514492403 25.66010858317838
28.1183768914094 28.019186541635133 27.89522290460493 27.748737459388796 27.582118064423618 27.397950082032974 27.1991064662608 26.988883705131077 26.771551155988405 26.553322099162923 26.341493167587636 26.145208090792444 25.97556588702726 25.845007882402815 25.773056006835866 25.8012346013069 25.92943013758746 26.145650988149615 26.43245572260739 26.769818944282903 27.137651525460647 27.51723335439054 27.89176846080485 28.24652390145988 28.568871688787684 28.84836377332367 29.09770368104809 29.341230662164463 29.563051627812758 29.748927959542094 29.887206009803037 29.968847267499264 29.987399524704024 29.941812963213206 29.827946411976498 29.639786927845186 29.331198261636583 28.916162275685416 28.421298765396696 27.87393897814766 27.304099852408132 26.764047123464362 26.26711677371053 25.821882747952863
28.14782752220672 28.0621168862348 27.952784616140313 27.82237533868216 27.67360521642785 27.50941698552831 27.333056492597983 27.148178995563065 26.958989748837638 26.77041286395469 26.588854272458732 26.423277470996798 26.282687867911825 26.182688219646717 26.170863314320965 26.25321272123221 26.42373314149741 26.671872902258404 26.983109606527794 27.340360625583642 27.72550925136533 28.12057893779182 28.50848852038727 28.873537658030767 29.201786409549563 29.481417159839097 29.70308411883167 29.861952539488563 29.982721351884113 30.065154057906536 30.099209998108584 30.077838742781648 29.99676977928239 29.866515345675225 29.70932770272563 29.515567281470872 29.21062555630935 28.802597805090375 28.317480187915756 27.78156899109616 27.240054102993327 26.777204742066687 26.37424805090372 26.018245742090425
28.172860611788686 28.10185672284313 28.00829519913564 27.894949946056048 27.764772362442734 27.620934590860557 27.466886114190086 27.30642520551368 27.143780788564232 26.98368947579537 26.83143461601663 26.692831641412024 26.578282213653548 26.538149267925686 26.58835118631378 26.725107387857133 26.94181192167665 27.228570014387227 27.572379957245886 27.957826392933647 28.367984825262337 28.785288792518195 29.192270410478017 29.572209608072157 29.909762804917957 30.191606775061025 30.407068025428856 30.54864904892633 30.61233916095934 30.598526823762835 30.526210724314538 30.399197573899773 30.2168632130246 30.002498877470803 29.768627454421637 29.508708009591984 29.167227353858284 28.750387011236434 28.27404950726644 27.750890473635685 27.249054641487124 26.832933707015087 26.511762620687172 26.247424923732677
28.189663137338645 28.13455994203103 28.057884580967563 27.96256564874171 27.85168845004619 27.728526092112787 27.596577507204756 27.459609323386204 27.321692919886548 27.18722020943629 27.06087165763091 26.94750021682469 26.88377621384311 26.907707237612023 27.017735234078383 27.2090912205556 27.474776671262852 27.80519677710989 28.18813838203334 28.60907080386675 29.051650401844718 29.498316625639664 29.93093413167731 30.331501719975957 30.68297046202913 30.970177649488683 31.180823728265484 31.306333043493506 31.34239826787314 31.289053412839767 31.1502444705013 30.933009312910357 30.65587861952413 30.35472243367947 30.041324892871767 29.713599332808815 29.317151068031333 28.856560527187387 28.349328430168097 27.817045937050107 27.343204942632184 26.960024082233993 26.667603949071307 26.452240969487146
28.19373454336951 28.155739360890998 28.097108592982405 28.020841695091946 27.930050120945758 27.827981285397392 27.718045638513978 27.603840364914152 27.48915941625289 27.377975639519853 27.27437706576316 27.194429908916522 27.195957810066783 27.282516312491158 27.45044961325241 27.6962760768088 28.01282533637119 28.39067013061906 28.818026099978233 29.280804360873987 29.762829470819984 30.246191391397044 30.71174112941584 31.139786151245314 31.511056114452547 31.807959252373596 32.01602410372731 32.12350416639163 32.12523095858167 32.023725173004145 31.8261072120121 31.544656712278783 31.213129546590334 30.85217489574294 30.47616322725505 30.092319041318238 29.650280142605634 29.149231498773382 28.60488296897835 28.04581807013276 27.55924299423877 27.16404285147491 26.86422863855194 26.66380740155516
28.179905569241047 28.160289477735656 28.12097825003753 28.06494686092624 27.99521544149138 27.914876900020896 27.82712587912212 27.73527879700935 27.64277376727588 27.55313929279268 27.47018436484703 27.443618783445196 27.50565088671885 27.651884161132866 27.877240469462382 28.176854685495055 28.54519736819968 28.973031662258197 29.448879452218474 29.95890503697492 30.48689359315607 31.01435381178262 31.520804274615127 31.984364100998718 32.38218326736538 32.68832389986365 32.88606534613472 32.9656357442039 32.924121936546726 32.76570916287079 32.50056459054216 32.156962276968784 31.76528777388964 31.343507014355087 30.90822847440983 30.472403429118756 29.993015532387318 29.459289598188825 28.887246875347522 28.31176107582462 27.817197275322837 27.418277459216778 27.12223801494829 26.931543254139008
