_KRIGING/CROSS_VALIDATION_CLASSIC_80-20/Berg/IZ/train_3/Berg_IZ_3_train_z_355.asc
ncols 100
nrows 90
xllcorner 5.6208707817415728
yllcorner 50.959635321741573
cellsize 0.00013419651685393446
nodata_value 1.7014100000000001E+038
[rows 57 to 75 of 90, columns 42 to 83 of 100]
0.56750985012347499 0.58598417658320567 0.60721506424938831 0.63169357678647153 0.6598367357177839 0.69187863913287417 0.72775508103602904 0.76699422919607496 0.80862823142757023 0.85114157993290951 0.89247108980574874 0.93006901499239747 0.96103501307643691 0.98231469139409189 0.99095312442114314 0.98438227896768438 0.96071326598617257 0.91899933884018048 0.85943488157986603 0.78345999311396775 0.69374957473386289 0.59407907274291261 0.48907442172886079 0.38386896546066807 0.28370277844426933 0.19350779241585447 0.11752411588031475 0.058988597527050046 0.019926772790542835 0.0010655121286946012 0.0018682134548763663 0.020679658953799251 0.054955813669006703 0.10154636578689613 0.15699533919702602 0.21782742252031623 0.28079380343057164 0.34305985267366929 0.40232638988871283 0.45688503663717484 0.50561522566407302 0.54793516156362376
0.58473019449787533 0.60597431473070018 0.63073233661202621 0.6595487707874802 0.69285940548111014 0.73087520189885335 0.77346101577190618 0.82002260055525911 0.86941765858719333 0.91990752622158722 0.96916481573857483 1.0143485798555207 1.05225223703062 1.0795209766393068 1.0929255373897879 1.0896694558277211 1.0676987299011205 1.0259779593306211 0.96469671693879555 0.88537485121218562 0.79084544626892761 0.68510817498420584 0.57306187280772025 0.46014092340786267 0.35189298728483176 0.25354360692621614 0.16959496212345748 0.10350125014893696 0.057452651148011957 0.032285366642360536 0.027519134034733272 0.041508409061138507 0.071681248756821414 0.1148323272661842 0.16743410976707904 0.22593273682677223 0.28700163004063328 0.34773474223555889 0.40577110827478868 0.45935141482851582 0.50731457528261714 0.54904712980684622
0.60085063228779401 0.62425574179191645 0.65183820684677807 0.68418972216769669 0.72176406524548486 0.76475593858524316 0.81297579687577604 0.86573470758008975 0.92175558567301574 0.97912784859460877 1.0353210596229954 1.0872690708552604 1.1315294983191047 1.1645144901873867 1.1827786263343061 1.1833398029844691 1.1640007651176503 1.1236341927782034 1.062394222502081 0.98182263339904985 0.88482841826292313 0.77553393017326799 0.65899727745605863 0.54083667185915818 0.42679549020738194 0.32229476943992164 0.2320214132560916 0.15959530732973592 0.10734769178775688 0.07622833230075976 0.065842654217326102 0.0746045757224717 0.099978489626319167 0.13877620762605453 0.18747231811825327 0.24250403952715024 0.30052824859061583 0.35861742503731042 0.41438612577028905 0.466048776463026 0.51241691290770819 0.55284887621974321
0.61487015866367689 0.6397827606597839 0.66942314336451714 0.70442182490662297 0.74524779722617329 0.79208464308709114 0.8447036863809938 0.90234849885190316 0.96364733282707893 1.0265706580697125 1.0884493586695194 1.1460649128306566 1.1958160183078446 1.233957099903928 1.2568939156015508 1.2615114767043833 1.2455013784107489 1.2076510329379548 1.1480574796354661 1.0682340208084762 0.97108862759065884 0.86076767925589714 0.74237515303519808 0.62159340240178196 0.50424463645615314 0.39584004843949533 0.30116496460755099 0.22394318848968503 0.16661279499483134 0.13023080139548326 0.11450779339620631 0.1179582173213985 0.13813983665182289 0.17194828022940806 0.21593028672587672 0.26658188797740678 0.32060434596622001 0.37509967011250567 0.42769735003650955 0.47661305000616261 0.52064730189129393 0.55913706793343632
0.62583689857937319 0.65158611410597422 0.68248910785447525 0.71920528808967976 0.76221431643793491 0.81169187414021393 0.8673834592937083 0.92849049452981769 0.99358518987487299 1.0605711268159861 1.1267048265443336 1.1886892754333038 1.2428435067425645 1.2853433550385476 1.31251838691981 1.3211801720614682 1.3089491326393647 1.2745427938268876 1.2179885842442233 1.1407299709317398 1.0456053638489775 0.93669368881963622 0.8190368370700889 0.6982649287937952 0.58016301985435914 0.47022549946691605 0.37324574639804114 0.29298345000514736 0.23194125325310128 0.19126782598040237 0.17078846372613832 0.16914927368927249 0.18404907058142395 0.21252570576532692 0.25126127790103031 0.29687323717234737 0.34616479471048256 0.39631682697756465 0.44501302123868114 0.49049888824959353 0.53158237854935586 0.56758855990948254
0.63289017202389797 0.65881653025563969 0.69019544079802186 0.72770442607432395 0.7718279445214451 0.82273510777541103 0.88015643559882051 0.94327357980476245 1.0106379913643326 1.0801349410710215 1.1490075751680753 1.2139514505984237 1.2712832649673096 1.3171787482975368 1.3479648759351193 1.3604420598943612 1.3522043658332721 1.3219216203378359 1.2695476924032629 1.1964247827932355 1.1052639306035119 0.99999597215372549 0.88550295526406875 0.76725518272086135 0.65089127088862864 0.54178591527998832 0.44465128925230546 0.36321300394298339 0.29999119618452108 0.25620331056951484 0.23178974608357247 0.22554908942380619 0.23535818160685074 0.2584451424680333 0.29168126651892401 0.3318601289194773 0.37593834164768525 0.42122078387351081 0.46548226701786871 0.50702609316535829 0.54468677923905773 0.57778875478624858
0.63529741504811788 0.66078089480956081 0.69189432338963663 0.72932255412284253 0.77354822067783979 0.82473351845699305 0.88260209617252328 0.94633436268313131 1.0144913902757362 1.0849829424240216 1.1550934443463048 1.221575628237622 1.2808151431640655 1.3290610805202114 1.3627080465272088 1.378606413030639 1.3743702010772643 1.3486481489013944 1.3013239897031876 1.2336173028142574 1.1480662021533494 1.0483864636051676 0.93921665522205311 0.82577320632065199 0.71345090437582681 0.6074112087627026 0.5122019263885722 0.4314470629695491 0.36763587205112352 0.32202690191664157 0.29466830490477913 0.28452203094453188 0.28966868324468992 0.30756306759418811 0.33530834185945979 0.36991891176633429 0.408547921612125 0.44866304624329739 0.48816286695818606 0.52543410247612765 0.5593563829311019 0.58926553988581332
0.63248478857231938 0.656969876670496 0.68715462320928955 0.72372125724554048 0.76714385063401935 0.8175759875196944 0.87473973303784003 0.93782833930750509 1.0054367909231496 1.0755345402241865 1.1454931269313424 1.2121775219578386 1.2721040038432965 1.3216595974221226 1.3573694332981643 1.376190033281397 1.3757998889833989 1.3548551231725912 1.3131785248935706 1.251855274906176 1.17321793799617 1.0807157407999095 0.97867708934739506 0.87198765182849147 0.76571707181834425 0.66473378858195709 0.57334851717402757 0.49502255430357894 0.43216799652089283 0.38605469734971648 0.35682531005347068 0.34360710487214779 0.34469917684816753 0.35780737405837254 0.38029726215875626 0.40943746414052629 0.44261094407037971 0.47747903478851111 0.51209091719373834 0.54493863694813816 0.57496368378836005 0.60152513957465159
0.62406137477787038 0.64707723421771868 0.67577476691518179 0.71082518780777626 0.75268776198987308 0.80150481929919071 0.85699941668100421 0.91838702347484502 0.98431401344554414 1.0528358834312568 1.1214465410656933 1.1871664447074863 1.2466918568174501 1.2966003766348493 1.3336000264718819 1.3548015788667902 1.35798780101912 1.341850081399441 1.3061634159510509 1.2518753691353524 1.1810931193751142 1.096964085807824 1.0034583717955265 0.90507347413852246 0.8064915126445642 0.71222508914959581 0.62628887404048905 0.55193002827056303 0.4914423026428672 0.44607749057714285 0.41605562918545591 0.4006638031425992 0.39842420957444891 0.40730638283946646 0.42495659928307083 0.44891927282801458 0.47682986213724537 0.50656534745002479 0.53634549937888198 0.56478485904061038 0.59090075258974473 0.61408629962683881
0.60983759453367281 0.63101202610008733 0.65778662946178867 0.69081534157976932 0.73053738387482481 0.77708066387465102 0.83016936572600419 0.88904589515887156 0.95241845798699254 1.0184455595932738 1.0847672279227143 1.1485895441589751 1.2068241259961345 1.2562778886242603 1.2938813950738686 1.3169373770874255 1.3233656915921714 1.3119181656591821 1.2823372987586803 1.2354369920948207 1.1730911189681335 1.0981259747564813 1.0141240705608285 0.92515768272710763 0.83547935803647522 0.74920182205968522 0.67000062964753981 0.60086933122873865 0.5439495353355186 0.5004482572037614 0.47064394899108752 0.45397226810573876 0.44917438880759081 0.45448547605311462 0.46783921800508721 0.48706586945232566 0.5100654260227846 0.53494335728279485 0.56010270621000235 0.58429233773199507 0.60661595201102581 0.62650974394905856
0.58983870560557561 0.60890532708694045 0.63345301630081896 0.6641146269755358 0.70130548615852872 0.7451357932616024 0.79532896283238985 0.8511547708921543 0.91138694861362402 0.97429473110267795 1.0376764817355439 1.0989406627838343 1.1552351135954242 1.2036201137300462 1.2412746377509167 1.2657193938905367 1.27503566248044 1.2680565610891803 1.2445078819776525 1.2050793868356831 1.1514141930962862 1.0860128904323014 1.0120590764363249 0.93318262559115461 0.85318472892217923 0.7757533529963041 0.70419854979000818 0.64123391504435823 0.58882399374497107 0.54810864712170382 0.51940572449967293 0.50228428155389682 0.49569331186183685 0.49812637033096213 0.50780091706555652 0.52283253886071868 0.54138783103949673 0.56180479547381967 0.5826751951675524 0.6028885468587577 0.62164168271793052 0.63842069573237326
0.56431392609245856 0.58111275408833962 0.60326106706814153 0.63136937285668315 0.66582685659466212 0.70672296961656467 0.75377693870546825 0.80628270212655895 0.8630772054000222 0.92253969299543459 0.9826283398230341 1.0409580964324359 1.0949199646436298 1.1418373020502448 1.1791496576994507 1.2046097717592026 1.2164755577879127 1.213676934119273 1.1959378968599284 1.1638375016691211 1.1187992676644032 1.0630062898107455 0.99924801004128749 0.93071288869033841 0.86074786699907091 0.79260947678644211 0.72923211749742545 0.67303630696229799 0.62579409493849925 0.58856123780634928 0.56167737364062509 0.54482756454545023 0.53715227265827248 0.53738884971645773 0.54402625298504259 0.55545581745140893 0.57010401649738873 0.58653750075388289 0.6035355119041792 0.62012928831041914 0.63561175321062047 0.64952327923685826
0.53374098276916515 0.54821326000197013 0.5679129541499266 0.59342935171173572 0.62512490583991343 0.66306582941000625 0.70696280048111226 0.75612792952339203 0.80945418658590595 0.86542301415266354 0.92214464543882135 0.97743355436722812 1.0289184588322788 1.0741825478771179 1.1109254833573401 1.1371348029606203 1.1512513003444427 1.1523114460779573 1.1400504544050347 1.1149524259177834 1.0782389622375579 1.0317942202007444 0.9780316833485323 0.9197149169737463 0.85975017088758077 0.80097202275929946 0.74594379247807996 0.6967921386476833 0.65509047229024286 0.62179937583368838 0.5972651165849191 0.58127065557193958 0.57312819399233883 0.57179890001492606 0.57602427859695982 0.58445457364679609 0.5957622044909453 0.60873192040167834 0.62232342643403959 0.63570606726422885 0.64826827864836278 0.65960665208877112
0.49882494189039139 0.51100351522037835 0.52831388271291191 0.55132726143715871 0.58038034866671784 0.6155144150135371 0.6564268957129441 0.70244030680196412 0.75249297155552886 0.80515538222077598 0.85867488943063774 0.91104967947187443 0.96013062888470901 1.0037467197992003 1.0398465306264468 1.066645314862958 1.0827648745981486 1.08735235656672 1.0801646650524286 1.0616075906185858 1.0327228876605061 0.99512196634491223 0.95087089053918583 0.90233712423171775 0.85201306579300373 0.80233412712957874 0.75550952122532222 0.71338196118976804 0.67732847733685908 0.64820917684136692 0.6263648485414961 0.61165873576625063 0.60355332675037299 0.6012101692843278 0.60359972120991334 0.60960900874554402 0.61813703153834021 0.62817091452629825 0.63883919554746282 0.64944183496611363 0.65945914382011761 0.66854361884511304
0.46048933866533659 0.47048610993545215 0.48555601234408963 0.5062568613064371 0.5329019339929234 0.56550681183002038 0.60375126371767784 0.64695973937558615 0.69410330654955821 0.7438250089392211 0.79448954696994145 0.8442567884456692 0.8911768455920337 0.93330235175845888 0.96881130701719231 0.99613173737509775 1.0140578167831791 1.0218464401176677 1.0192838369475097 1.0067138392980719 0.98502278543897592 0.95558042308693869 0.92014101408375548 0.88071344758228931 0.83941283601018379 0.79830821365882787 0.75928123194017938 0.72390910215290549 0.69338174311979139 0.6684586752028906 0.64946635109448736 0.63633204564910395 0.6286467646819851 0.62574730383827026 0.62680677132509643 0.63092350759097049 0.6372001065273678 0.64480674828435725 0.65302583035725748 0.66127750654544415 0.66912788866428508 0.67628314346301033
0.41985717568886327 0.42784911708573881 0.44089591279238027 0.45954756037423122 0.48409732776188569 0.51453542456102386 0.55052036186041853 0.59137040154749876 0.63607637044674881 0.68333605696678423 0.73160937500726897 0.77919239147655817 0.82430709831238369 0.86520245230947235 0.90026078343984772 0.92810236454313988 0.94768000314416245 0.95835524964685104 0.95994846198951223 0.95275665402485221 0.93753573742104801 0.91544720126975654 0.88797304045929482 0.85680631259360895 0.82372752719547726 0.79047869301309248 0.75864699366679222 0.72956869133497015 0.70426118335528853 0.6833875760195568 0.66725423981183685 0.65583814317357414 0.64883782466740181 0.64573999797880288 0.64589313292579797 0.64857985852320488 0.65308146318558391 0.65872978689959294 0.66494403897466636 0.67125219156382299 0.67729833283140495 0.6828385611494564
0.37821953122560059 0.38443451979990273 0.39572285241286476 0.41263258514086698 0.43544113809634832 0.46411477989370176 0.49828848898653333 0.53726753012353734 0.58005058114891828 0.62537298785188533 0.6717677181615489 0.71764077115971925 0.76135708313854633 0.80133229306898812 0.83612507312586137 0.86452416638477925 0.88562394813380219 0.89888242570921784 0.90415628877086063 0.9017090202984166 0.89219015996788531 0.8765864122321364 0.85614811248653355 0.83229721715065219 0.80652505934845276 0.78028926544244515 0.75491924811530542 0.73153854953401087 0.7110101649971432 0.69390815670892381 0.68051579284013308 0.6708475641923517 0.66469012724949006 0.66165576507922363 0.66124145742773976 0.66288706072697545 0.66602723789899443 0.67013338244950738 0.67474355836658573 0.67948015757951841 0.6840563543135858 0.68827338934378179
0.33699039763665017 0.3416937515254948 0.35151575870092805 0.3670081147602422 0.38843697353227585 0.41574720142973087 0.44854966261083412 0.48613192666727872 0.52749093111139045 0.5713846799037694 0.61639906620162388 0.6610253286895531 0.7037433823629784 0.74310618770739878 0.77782034788832266 0.80681822396178726 0.829317075122882 0.84486115995880584 0.85334348704124396 0.8550050595121339 0.85041102484593312 0.84040502364763081 0.82604503582806821 0.80852588221072985 0.78909496605257701 0.76896858227934139 0.74925602740980057 0.73089778761370727 0.71462238604242967 0.70092427584802208 0.69006279183988961 0.68207995884400763 0.6768331930050302 0.67403782644665311 0.67331401979228644 0.67423296328240834 0.6763581663299939 0.67927889280039322 0.68263418837311896 0.68612725867948332 0.68953103308270869 0.69268649501374358
0.29764789324683827 0.30113007120544844 0.30978805543996857 0.32418196245274816 0.34457137168406654 0.37088333545749697 0.40270595741688153 0.43930710635038495 0.47967564519162487 0.52258092252425137 0.56664528404294545 0.61042398435256184 0.65248699629917284 0.69149766262973134 0.72628375489073571 0.75589718386090399 0.77965929748273355 0.79718942347585786 0.80841512250033776 0.8135635758423827 0.81313466677365487 0.80785759242985311 0.79863415770510304 0.78647309125477938 0.77242059852488698 0.75749275867432142 0.74261517329174143 0.72857446833189432 0.71598492195048324 0.70527181476882617 0.69667130837110891 0.69024499981025444 0.6859059913310106 0.68345250489263654 0.68260482144048162 0.68304160532359237 0.68443237866348372 0.6864638835997533 0.6888591402096691 0.69138901648985507 0.69387695319098897 0.69619805931707601
