_RESULTS/CROSS_VALIDATION_POSTPROCESSED_80-20/Berg/IZ/1comp/1/Berg_IZ_z_63_kriged_reverse_1comp_spherical_1.asc
ncols 100
nrows 90
xllcorner 5.6208707817415728
yllcorner 50.959635321741573
cellsize 0.00013419651685393446
nodata_value 1.7014100000000001E+038
[rows 57 to 75 of 90, columns 41 to 81 of 100]
0.019485277271991154 0.017965065366358793 0.01617086279097135 0.014454663476224353 0.012929507316075471 0.011684364901506117 0.01079485901463658 0.010290956690096784 0.010103729104479152 0.010159174876580369 0.010426095666379021 0.010896688096440607 0.011593674936701201 0.012648145784526114 0.014245552397539418 0.016473854043489874 0.019527933911253584 0.023808524203281705 0.02996056295379175 0.038489130353153066 0.04716111528567164 0.05206404292617273 0.05417383719170553 0.05454749655571595 0.05329274471500485 0.050576163423050706 0.04731406279867477 0.0446246685376972 0.041714484691326645 0.038750182401949725 0.03585578822337695 0.03314347018588517 0.03085417443367415 0.029022164362138884 0.027664049946748846 0.026796780350719987 0.026350982487758873 0.026163929825561576 0.026322792348330657 0.026931724402694247 0.027571431567643637
0.01948353666004235 0.018292108930566642 0.016965675502223037 0.015651525391820954 0.014459124650946668 0.013474407612947355 0.012754289053058573 0.012348388800526466 0.012257130760110016 0.012437955754068681 0.01287574158840651 0.013575916976315267 0.0145762997239894 0.015963333213860342 0.018005293741684247 0.020923762022266534 0.02506768631358618 0.030967697445664487 0.0395955354336482 0.05249286382066349 0.06539137636299676 0.06458501856572565 0.06419373070905873 0.06286081005507688 0.06021367715955574 0.05650525358535832 0.052539516495059245 0.04913257954052218 0.04592830543840217 0.0427648989046953 0.03967832191276849 0.03674091898225596 0.03407472936002872 0.031813032341423915 0.030080290178471608 0.028853363217611706 0.027969919753421328 0.027319885367134516 0.027092192563184583 0.02731811729760502 0.02756083573852032
0.01965297287703886 0.018601728592140664 0.017584393464198607 0.01670410820085613 0.015890251900126807 0.015219160704100829 0.014752605919096199 0.014528674031057159 0.014593678257645012 0.014950849057451553 0.01560037196262198 0.016567500184251 0.017906948599014656 0.0196846230900652 0.022072964393228523 0.025459934973683155 0.0302104172867832 0.036860053864339055 0.046088942088459255 0.0580006502962817 0.0675492747916266 0.06879057081222935 0.06743718830137795 0.06543678450160582 0.06233583636175124 0.058499830235386276 0.05480721277142774 0.05136794751031069 0.04807944531430026 0.04487143833983014 0.041814625117001444 0.03897863865256125 0.03642764323622879 0.034208626076131905 0.03234686578779762 0.03076942467264502 0.029415366940388293 0.028315734667808963 0.027737879573254923 0.02760341547060125 0.027472860125683764
0.019970462542267843 0.019032748464023478 0.01818896601931781 0.017529158373671205 0.017078890135268497 0.016770943957531616 0.016619661324095158 0.01667588448898509 0.01697327867089854 0.017549721906337256 0.0184423177690329 0.019694295335569857 0.021342990130320483 0.023451657927214705 0.026124408639184842 0.029681839016313636 0.034498241413650065 0.0408357500508374 0.048731544888274664 0.057264020910549454 0.06367989084297185 0.0658227820193348 0.06483963463295525 0.06228029283717112 0.05926547729901146 0.05644162695206279 0.053600534983574595 0.05072361546234896 0.04787261302268383 0.045075179324836595 0.042373648149490205 0.03982480207581675 0.03748486321510846 0.03539772392359564 0.0335151653860816 0.031796757882684774 0.03023867612041212 0.028912541183050002 0.02811596765401882 0.027688675601678283 0.027225181705298456
0.020419689335244268 0.019582086031985784 0.018876244588401214 0.01837010285899043 0.01807027597439101 0.017999189278750438 0.018176444464009393 0.018563390898161683 0.019180555795991514 0.020035730403451843 0.021174225639159737 0.02265424186972125 0.0245263171825995 0.026854449354035442 0.0297133028546274 0.033185509793496965 0.0375573082681135 0.04292181870068442 0.04897078446629103 0.05479477780876564 0.05893648932355014 0.060397433649698434 0.05965618017763925 0.05761378789825477 0.05504569225099293 0.052497238908010384 0.0500882604220701 0.04783095832298043 0.04566293531107773 0.043449637142668716 0.041233465200070235 0.03907895422276278 0.037038605764698564 0.03507803554897977 0.03319926561528485 0.03141812162500572 0.029737362935114635 0.02836140138164319 0.027484306873657008 0.02698131313028896 0.026587809326814912
0.020990608492363297 0.020248585221679275 0.019636265489375797 0.019278083342986897 0.01911639772376784 0.01917361231885409 0.01947684904481994 0.02005798553436693 0.020937305937208307 0.02207859861788725 0.023452071457832253 0.025096211792902605 0.027094750597721685 0.029495869726183507 0.032332396723877097 0.035609115732538214 0.039273788429641014 0.043375259685301114 0.047618830557569054 0.051416065343176436 0.05406961802567856 0.05512793678812771 0.054649709885774424 0.053040321339813234 0.05095782305049177 0.04875403169066831 0.04657391348338971 0.04447479616868867 0.04246455611790804 0.04053238979956213 0.03866958434586341 0.036855002198707354 0.03503932453657509 0.033239248197112076 0.03148192871166475 0.02979732922868528 0.02825247563482227 0.027166084033743296 0.026613418321446862 0.02634727377213979 0.02618469007068549
0.021845453016691576 0.021241194197168554 0.020713352170905707 0.020477051860223548 0.02044513097358329 0.020609352786899432 0.02098949603069639 0.02161226181604495 0.022498393747349417 0.023655795982458823 0.0250883829291812 0.02681755859254354 0.028830105961612246 0.031145294133923154 0.0337876979286936 0.03671879431979968 0.039838630927442595 0.04295527842421329 0.0459454754755578 0.04851815109857201 0.05024814758002701 0.05086764209399054 0.05036458514639149 0.049036480826350905 0.04732646504126405 0.045442609482530864 0.043518573842374265 0.04162776360712947 0.03980351862636912 0.0380494546200308 0.036322734536597547 0.0346173949152109 0.032940790220394596 0.031307299186186785 0.029736120777884036 0.0282486773225303 0.027030412171904845 0.026298080992576703 0.026053606882664383 0.02599834467409464 0.026051150004175915
0.023164485581264927 0.02269557124032341 0.02226402766847519 0.022040528017345087 0.02211592696196288 0.022356276250360956 0.022783365983692048 0.023418826497005853 0.02427343235793279 0.025371211286411472 0.026706511784174408 0.028304356727387073 0.030203626876237292 0.03241433341064665 0.03484431679157796 0.03742956771882168 0.04007679118764348 0.04261542730667136 0.044799373696574094 0.04642328806401411 0.047402406241420364 0.0475735908855335 0.04693603434460034 0.04579058179187403 0.0443323478766917 0.04270394693210309 0.041013594190473776 0.03931361746416454 0.03762500016435778 0.03596239212797549 0.03433302679669649 0.032743266105802964 0.03120190120840824 0.02972098612731578 0.02831522100452969 0.027049333339276588 0.026190949592880677 0.02579483571702978 0.025814591555309074 0.025955542647349596 0.02611755158149951
0.024878102866362637 0.024554149703217072 0.024230746767131602 0.02397956707095539 0.02408542785094951 0.02439575808189785 0.02485723991653992 0.025476963515019272 0.02627252700936604 0.02726892856566233 0.028470433824199434 0.029872925141410493 0.031502886006865884 0.03338417517034989 0.03553301157340549 0.03782934213110257 0.04008958979576332 0.04216263926732329 0.04386366661209087 0.04500234170288929 0.04542809404486673 0.04516654011323484 0.04442291962296498 0.043343641074807156 0.04201687462540691 0.04053276632836376 0.03896598012450365 0.03737006277125581 0.03577958515578276 0.03421565385163176 0.032691735747406296 0.031218206797857608 0.02980514924724168 0.0284635998133756 0.027212921368677083 0.026272537828338292 0.02575382776572902 0.025687761272937138 0.025883376149106383 0.026052744667636497 0.026187264460082706
0.02699803621762914 0.02684028226855396 0.02664016743095493 0.026409258916333927 0.026405541942098425 0.026743568658962553 0.027212515626590175 0.02778777043547317 0.02848946911608379 0.029339161665288604 0.030354945625829147 0.03151724215655524 0.03283444974089878 0.03432056044610029 0.035981386205162016 0.037810637316829744 0.039709233629494016 0.04139457452710672 0.042713609947781846 0.04352732675929794 0.04373010921229105 0.04336151343758958 0.042572821609841494 0.04147038124635093 0.04018207882834881 0.038770177848672614 0.037289897589440006 0.03578521858419553 0.03428819155391713 0.03282115704519488 0.03139993319806304 0.030036739163250913 0.028742303253505155 0.02752708722413113 0.0265411232760448 0.025940699589511642 0.025718532648672573 0.025836403479994566 0.0260041382010918 0.02614357596899608 0.026248877543360735
0.029558514627410867 0.029599196854524015 0.02954623768405364 0.029403393069966186 0.029262868354213253 0.02942577811351889 0.029851174640607176 0.03034792497176744 0.030912881579954435 0.031566486964753324 0.032328937768454274 0.03320194392157943 0.03416345382301541 0.035222729725192733 0.036382814654763014 0.03763734099828758 0.038969783957259446 0.0402880114145356 0.041276079425285654 0.04180910384036424 0.04187093499254076 0.04155641734874128 0.04089406914634054 0.03993808383100939 0.038759327231107 0.037432139723044835 0.036023932602997355 0.03459072398276229 0.03317306514939505 0.03179231189671809 0.03046415448115086 0.029200877542258922 0.028005007088562187 0.026974793184513103 0.02625983950955883 0.025870033728461955 0.025821657740370554 0.02597804059448189 0.0261142795826383 0.026222630122513104 0.02629738189163746
0.03259802245228697 0.032882631102623176 0.033011229345554866 0.03297938494730005 0.03278065573536163 0.0326569496654695 0.032797498404636555 0.03314654345380405 0.033522791481651285 0.03392266349899789 0.03436874490224417 0.0348808158544403 0.03544407857427438 0.036047539324725555 0.0366974058071512 0.0373924419596103 0.038124667868672184 0.03888158403986853 0.0395624583767977 0.03990684847998112 0.03994527963705426 0.03967305150314079 0.039108254934925556 0.038289417959852315 0.037268224049295945 0.03610103334974609 0.03484154632903333 0.03353592892815454 0.03222058602196043 0.03092203135699499 0.029658048821018468 0.028439420020275476 0.027369695073786744 0.026577330557504032 0.02607583425987768 0.025882341380033723 0.025977751700294583 0.0261038419659955 0.026208014545429596 0.026284482406340185 0.02632771674067757
0.03615581685793996 0.03674622790863713 0.03710169386105836 0.037191038704511736 0.037008803655248265 0.036600687600517295 0.03631307370894528 0.036217451676753484 0.036286773112148896 0.03636649378389391 0.03643143374970757 0.03650873371831331 0.03661805301689558 0.03674022481667921 0.03687414876918089 0.03702646587619306 0.03719843052931274 0.0373889279039524 0.03766498038665183 0.03794222674887282 0.03796558288293795 0.037726840118961096 0.037239202856760155 0.03653075096013243 0.03563987017602647 0.03460969786937424 0.03348297199602024 0.03229821120196227 0.031087538749530668 0.029875976488929264 0.028684853058390736 0.027645619121369917 0.02683776963393389 0.026281057578047246 0.025996034254027356 0.0260033077578586 0.02611381248428682 0.026207832168002015 0.0262796627752287 0.026323771246662606 0.02633552644765804
0.04026691870474378 0.041236331975807325 0.041860336037078706 0.042097610024524355 0.04193399233327977 0.041385687326433024 0.040577243544456826 0.039871571777829566 0.039295930560115364 0.03884323717268317 0.03845395784579578 0.03803834114154461 0.03762532005407909 0.0372357414936324 0.036854255665898984 0.03648519838664858 0.03615320466031615 0.03593154978052553 0.03585012626563349 0.03593301825365996 0.03594506662443644 0.03573351881216332 0.03530824841277233 0.03469016584501077 0.03390826291336332 0.03299590147172683 0.03198718323426944 0.030914030640983324 0.029804276346821902 0.028713171419407366 0.027766397612845925 0.027000941333170263 0.026443106678402967 0.02611794175089138 0.026052239632225232 0.026142711542643967 0.026222117217381772 0.026284246084150684 0.026323713150605506 0.02633552644765804 0.02633552644765804
0.04492747067525981 0.0463642508294286 0.04733398182236206 0.047763240726817174 0.04762056526734095 0.04692383369312517 0.04573728261807384 0.044266418589833885 0.04287698299043843 0.041597861191060605 0.040435635914411745 0.03939133345551141 0.038418974064880165 0.03747331104829631 0.0365825546015626 0.03578141738939514 0.035092343733763284 0.03454023022089134 0.034148804589483134 0.03394376395548908 0.033897980442267155 0.033709024288639935 0.033335157248907586 0.03279224567381611 0.0321025229682685 0.031292061809495064 0.030388195895957787 0.029433521493190045 0.028528925470184065 0.027721647019190717 0.02704677425094091 0.026535476662151995 0.026216876742922553 0.02612037729770665 0.026186137272107272 0.026248134500259653 0.026296975270235872 0.026327574783303373 0.02633552644765804 0.02633552644765804 0.02633552644765804
0.05012347219848144 0.05214109772354518 0.053562073484662936 0.054242912627574746 0.05412354399350115 0.05322409100426365 0.05164054789556647 0.04952243397490871 0.047130337817447396 0.044851944123735506 0.04273647577480367 0.04079825147131915 0.03905784450803952 0.03752073572800296 0.036182452111093874 0.03501698363442768 0.03401091026734596 0.03316912374202374 0.032511920666575204 0.03206038500308418 0.031839169831658534 0.03166925773870097 0.03133850619846411 0.030859045990509766 0.030250935717337384 0.029569155649986058 0.02886122577336588 0.028168021002479955 0.027528316064166183 0.026978082717199696 0.02655066398941912 0.026277695078142527 0.026190639073382545 0.02623706971045664 0.026280559249187492 0.026314091422078124 0.026333016175352084 0.02633552644765804 0.02633552644765804 0.02633552644765804 0.02633552644765804
0.056102716862929725 0.058781268355620454 0.06070557162428151 0.06166204508933539 0.06153459147045378 0.060339077348418535 0.05821843131161772 0.05540120164605069 0.052145719280525964 0.04872799449256831 0.04554543260490823 0.04268041260911079 0.0401387554595397 0.03791224810769072 0.03598522809906503 0.03433972089432698 0.03295920489990513 0.031830150371657685 0.0309350200600328 0.030277187314358453 0.029872479401335486 0.02969033035239047 0.029436785639761837 0.029081957973548893 0.028651971755220246 0.028177435112256368 0.02769142791433191 0.027227820321205822 0.026820139613120124 0.026501089706671734 0.02630273691590563 0.0262569393748351 0.02628631775685146 0.026311808961216217 0.02632956084213219 0.02633552644765804 0.02633552644765804 0.02633552644765804 0.02633552644765804 0.02633552644765804 0.02633552644765804
0.06298269026441727 0.06655768280593528 0.06917291913596516 0.07048851568080125 0.07031258301836499 0.06867163847582215 0.06580037250143557 0.062058135465650914 0.05782643895767271 0.053435772035919246 0.04913473647845062 0.04519776225110324 0.04176493186934269 0.03880357172663074 0.03627406155633855 0.034136959814073144 0.03235731852884339 0.030907216239233735 0.02976729291423796 0.02892740523298625 0.028382758334180216 0.028144640293153982 0.02798309193248806 0.027753421452295396 0.02747619232886559 0.027175981074379643 0.026880077758650665 0.02661739920918225 0.02641777974081293 0.026311742219859185 0.02631028442035597 0.026323041522906904 0.026332477930945362 0.02633552644765804 0.02633552644765804 0.02633552644765804 0.02633552644765804 0.02633552644765804 0.02633552644765804 0.02633552644765804 0.02633552644765804
0.07074913932480378 0.07554945721380142 0.07915181402361417 0.08099627101629071 0.08074829033806882 0.07845488858238986 0.07452118190140303 0.06952882780408041 0.06404250851271898 0.05850345460300928 0.05320827769238126 0.04833162872679278 0.04396167932525588 0.04020233145249215 0.03704172588338284 0.03440705164084419 0.032236479514123 0.03048063833316134 0.029103022943509815 0.028080100695190787 0.02740160907391048 0.027071419863680637 0.026976428283414074 0.026852535811838156 0.026705806320575717 0.026556745100760552 0.026428744729624316 0.026347445986044365 0.026333270595308666 0.02633509134844444 0.02633552644765804 0.02633552644765804 0.02633552644765804 0.02633552644765804 0.02633552644765804 0.02633552644765804 0.02633552644765804 0.02633552644765804 0.02633552644765804 0.02633552644765804 0.02633552644765804
