_RESULTS/REVERSE_NEW/MHZ/TZ/4comp/MHZ_TZ_z_90_kriged_reverse_4comp_test3.asc
ncols 100
nrows 81
xllcorner 5.5967107548124995
yllcorner 50.982328804812504
cellsize 0.00017565037499993607
nodata_value 1.7014100000000001E+038
[rows 57 to 75 of 81, columns 44 to 87 of 100]
9.991481801038162 8.645224450313954 7.105310206423606 5.576447510324147 4.249277473007796 3.2343515924023203 2.551287641311876 2.167057269086169 2.0446859114331857 2.177142053241586 2.6042072350521552 3.4127764397917204 4.706183667373439 6.522559293311368 8.72917652512576 11.003857095949888 12.985132812285185 14.483459014389712 15.56453390839315 16.46644818820934 17.453990616797547 18.702680554452797 20.23555126123239 21.907663585826825 23.44360734297858 24.52580940811657 24.898359013705782 24.443621825141975 23.21334578318829 21.409773393131434 19.318914032478666 17.220811678792746 15.319465760403503 13.71953379704372 12.443183417695373 11.462565598822575 10.728553935909668 10.188959137165723 9.797391685223172 9.51617524581757 9.316202057125412 9.175562507354169 9.077937575904556 9.011197681557368
11.219922620078506 10.055633997335228 8.64947108131986 7.167282216176305 5.793827513294138 4.670555382182994 3.864731626961419 3.3838521240698416 3.213665602318612 3.3522918166404403 3.826910182325019 4.687318607149889 5.969400857424832 7.631781171240027 9.506743799124754 11.333385115224418 12.88302583489607 14.083091891777292 15.040780175138444 15.967232877647414 17.07057646908916 18.469736978920686 20.141804327122177 21.908341364094156 23.475641240518886 24.525680711874728 24.81738369853856 24.256265975794307 22.918744401271915 21.028147241981838 18.88369143203852 16.76837361691554 14.880516047905054 13.315093471786014 12.084887105485393 11.154985274165359 10.471624985717874 9.97974411602861 9.63120635048774 9.387341128579699 9.218629188195465 9.103238557342506 9.025316624920984 8.973461479377058
12.79260405856373 11.8158606026184 10.559139095975858 9.150784522295721 7.761253781766565 6.550039581777546 5.623929882305612 5.030254610622823 4.779216577724733 4.872131900904952 5.316446081915136 6.118758015812209 7.256147211854732 8.640819397158157 10.112033949564967 11.484436611838419 12.63463227463446 13.563630096259422 14.390775494276712 15.291787098522367 16.42225679594681 17.853808337441734 19.531159769559693 21.261613304556906 22.755258409168647 23.711793329458697 23.914857193446128 23.294690220602153 21.945697093240575 20.096594056872764 18.037812427006617 16.03428344254356 14.265342512054332 12.812292476491812 11.681078893330104 10.835058233634554 10.221377707285308 9.786744764140602 9.484776483547595 9.278289424112781 9.139027573436936 9.04630778523731 8.985382020472962 8.945917438846019
14.61753104937365 13.825928307623025 12.724871956861863 11.408633462465367 10.028202255972909 8.748935153292475 7.705042290170497 6.976842606902219 6.596609477467645 6.567865517204345 6.879123682174276 7.502365420713077 8.379166802156485 9.409477918205024 10.463386244442566 11.423188298228125 12.235115875271688 12.93555527306595 13.634440342359186 14.468308894546992 15.546361344184644 16.90339780307947 18.46624913590722 20.047004699699826 21.38000009607429 22.19870786353153 22.319300795229733 21.695602719665995 20.430114379042497 18.739616065138552 16.88561366462493 15.098660120977556 13.530748639798713 12.24862127348602 11.254848204595916 10.515891890725907 9.984344865279573 9.61232715469123 9.357923145039468 9.18736427036626 9.074963151286498 9.00201295173967 8.955344080986896 8.925919791496137
16.531778767340796 15.909570243276919 14.954252225896091 13.730684487364078 12.368673072790644 11.030510127595978 9.866052564951675 8.979641540257697 8.422089757792083 8.201148479163892 8.294749581569901 8.656872800807816 9.21723986714111 9.884629407467486 10.563729676713779 11.184833581481897 11.73162614302387 12.249164977278081 12.826340691211808 13.561833313008146 14.526250472013514 15.727944570980915 17.088413862778427 18.43929384626329 19.55417555762787 20.212034762582768 20.266565362309635 19.69144803123043 18.585612647968368 17.138278507808234 15.568015099898583 14.06253189344098 12.743959594732665 11.665861579311775 10.830412609498273 10.210322435289294 9.766345299802161 9.458182228125157 9.250047062603588 9.112811823615608 9.024210335877317 8.968052304229971 8.933039719859934 8.911546290384134
18.31477159330925 17.83369654205094 17.000472836094538 15.855819955457362 14.50934650360163 13.115232653931622 11.830166584173796 10.77472990734975 10.015421511669064 9.567829921237465 9.409297360260723 9.490541945595075 9.744184510590438 10.094667886244853 10.473797199824583 10.839775524646102 11.191072798251184 11.566605610148512 12.030854383502387 12.649651231792205 13.463643172824543 14.464139488230115 15.576532898741494 16.66056003928235 17.536303409837664 18.03308717074533 18.042608006779048 17.55295258229813 16.649651507835156 15.484785388291542 14.228664581045086 13.025528659150106 11.96950595345791 11.10314686005899 10.429822834023716 9.929550289336488 9.572036232155396 9.325249500423286 9.160152734600613 9.052782927230066 8.984688748614706 8.942444130223532 8.916735899553046 8.901357820727423
19.731479042609678 19.357579707187554 18.618689670311397 17.53693711940445 16.20439487359875 14.765004139408408 13.376302940690776 12.168832505681236 11.22190256634822 10.56118417349947 10.17011121617992 10.00451090873876 10.00561059482857 10.112162519835536 10.273254775571711 10.460296013705381 10.673699530108651 10.94043122775834 11.30245815312086 11.799628936471823 12.45117226530104 13.23926063591918 14.09889112366837 14.92041211348623 15.569814497253024 15.924050048540748 15.908472013697134 15.519945298407873 14.825579389518175 13.938737383099426 12.984171035542493 12.067459979589692 11.258742564205418 10.591449258094023 10.070304023574614 9.682009457472061 9.404540852908735 9.213677495725205 9.086916110180079 9.005396114357012 8.954474448363397 8.923475525916915 8.90502406466345 8.89425426745622
20.588561159088446 20.290650339589483 19.624362563476193 18.598689968857936 17.291459849945127 15.835642768853278 14.384995987289079 13.074011122769027 11.99061916174965 11.16990812950388 10.603677215192214 10.255752673589464 10.07656895105646 10.015522753965714 10.031455374966544 10.100561969310743 10.219702248043834 10.403535712168587 10.67592398451777 11.05786780293781 11.554763809165088 12.145672151856813 12.777795376598919 13.370046198569352 13.828115940804803 14.06847768688772 14.042803129195105 13.752277860096676 13.245556492693428 12.602004166096028 11.908439328616039 11.239073182036803 10.644589881019058 10.150694539794992 9.762765725563401 9.472683921896152 9.265209887711876 9.122805274409366 9.028747847800036 8.968803631504407 8.931830889263189 8.909687610510336 8.896764658990897 8.889390320936275
20.778570188821416 20.5337287905531 19.92969754579996 18.9672006438518 17.71276655341503 16.28774709386832 14.83763005307236 13.49439077930146 12.348915198032588 11.442582694088562 10.774787237910363 10.317362138495568 10.02894238751553 9.866660247787742 9.794932366010398 9.791150892451137 9.84754791238079 9.968736981619791 10.165482959433191 10.446273254329599 10.808690815717528 11.232659425040517 11.677780914921389 12.086903199236588 12.396722450769154 12.553233554293373 12.52666527795058 12.319712569420933 11.965597694294667 11.517249195776854 11.032673278356272 10.562262133291735 10.141528087807734 9.789586470001806 9.511606023463342 9.302984992748332 9.153589718901376 9.051193923582582 8.983848532427546 8.941238184352988 8.915229473281507 8.899865613299731 8.891051368832292 8.886122463629654
20.299486738653965 20.09408095789069 19.552886699130294 18.67216739670218 17.508994991151717 16.171779384435293 14.79309579007728 13.495902449942038 12.367953642610805 11.452821828980825 10.755487015328457 10.254890227910654 9.916946470656088 9.705078295852115 9.587707133603775 9.542718585793736 9.558781494166857 9.63352909041069 9.769167668532372 9.966675572863014 10.220065693166564 10.512232936228282 10.813822097276494 11.086178342775947 11.288408312786816 11.386877040320988 11.363911507695844 11.22228604921971 10.983717419632505 10.68224086477643 10.3553716302669 10.036290627969832 9.749087415166834 9.507397565720947 9.315574675676459 9.171161828835167 9.06762910090828 8.996741097965733 8.950273841121689 8.921043676987038 8.903352867428408 8.893021126658333 8.887179273205744 8.88396975327725
19.251028140072492 19.078552147854847 18.60715143917708 17.8311317504994 16.798627187689437 15.6031524877805 14.36014472119305 13.178130243726368 12.136642149070429 11.277781319492314 10.61006349249479 10.118575362232738 9.77597130977514 9.551526642655697 9.417513731909398 9.352917602045371 9.344596963931567 9.386104965311967 9.47470079902944 9.607435992875995 9.777391906681812 9.971134987643634 10.168271665335164 10.343577300176431 10.471455110578553 10.531553304964088 10.513664196442715 10.420080731194897 10.264546457662137 10.068335167857718 9.85504830292238 9.64590438377572 9.456697224572027 9.296719754013386 9.16927298720525 9.0730962589876 9.00408941379116 8.956883253589105 8.926023093631256 8.90670094644735 8.895086560107407 8.888366464981623 8.884612351026364 8.882580658033152
17.81063464928998 17.668409657491402 17.2739877070458 16.62106100928356 15.748567176996401 14.733389592373266 13.671021777779163 12.65224516455428 11.745185855304896 10.987942810589415 10.390901415436089 9.944362665574573 9.627264517592453 9.4146139929352 9.28282662714963 9.21289695028715 9.191533960099392 9.21052322437577 9.264780271095969 9.349767541081622 9.459047528298004 9.582693997280902 9.707088054272402 9.816289740597083 9.894712014561518 9.930333493862516 9.917386358698353 9.857564089633186 9.759334352886585 9.635667465830663 9.501028305511555 9.36859000587943 9.248344423765218 9.1463349368444 9.064856675884075 9.003272225295946 8.959067426016231 8.928854150748574 8.909147052446972 8.89685437664001 8.88950583395725 8.885285800386052 8.882951486976975 8.881703942151777
16.190930588612673 16.07720507425686 15.762099432086863 15.239325617110378 14.53854604602065 13.71954458197715 12.85723168997383 12.023775057348688 11.274708294606592 10.642750782665617 10.138853311429012 9.757506940777127 9.483270053595584 9.296610200105656 9.178264437135606 9.111937282110997 9.085416156895075 9.090336162438167 9.120975915696134 9.172589557512712 9.239820612444923 9.315676663422735 9.391378165419887 9.457151300639975 9.503749378433538 9.52423131818639 9.515403609724926 9.478426527165093 9.41838339535303 9.342985220621278 9.260858308217026 9.179928926559407 9.106287237942832 9.043683973425638 8.993601620632923 8.95571444962693 8.928518366745669 8.909946675269829 8.897855898964387 8.890336927852735 8.885861762834852 8.88330720572132 8.881905359863893 8.881163828619657
14.589270329617566 14.501556009048636 14.261279332428606 13.862532322299273 13.326443982428849 12.69695137202705 12.0299017924051 11.380043610366277 10.790686553692277 10.288666951704032 9.884468044464823 9.57563649060261 9.35141961963346 9.197175591821953 9.09782635356499 9.040101785600545 9.01358636896724 9.01074292383925 9.02621032060878 9.055748100072774 9.095208932030003 9.139854235587814 9.184202027232253 9.222432031887177 9.249202594677858 9.260600221428831 9.254893967147506 9.232832256770498 9.197381717022587 9.15300049267659 9.10468062321556 9.057033328563895 9.013629738555942 8.976692938170524 8.94712094974083 8.924742859809964 8.908683455480054 8.897726490507686 8.890604615179514 8.886186554623738 8.883566148436946 8.882077448198256 8.881265677055183 8.880839827297953
13.149113015668505 13.08384412743153 12.908360063782418 12.617418448221407 12.22513425348179 11.762180124771943 11.268324220274089 10.783380534773507 10.339772811845977 9.958558205487462 9.648993333464013 9.410565954889618 9.236142644299605 9.11517518054235 9.036341455648836 8.989346331830625 8.965842809654392 8.959590868588622 8.96607417997581 8.981844421751164 9.003856417704014 9.029001271046425 9.05395414923443 9.075347396782721 9.090179589905432 9.096300699577766 9.092794139946312 9.080116895792106 9.059945877668934 9.03477847382436 9.007408909033188 8.98042453006624 8.955837357801423 8.93490674889211 8.918146380406986 8.905464292134619 8.896367076262015 8.890165587071692 8.886140209847703 8.88364801686956 8.882173943266896 8.881339632470672 8.880886970907632 8.880651075263076
11.946896429263937 11.899904992992852 11.776543127661656 11.572440352408773 11.296520862015 10.969285687585597 10.617947222702828 10.270373211354634 9.949909459712003 9.672358219001456 9.44531231616722 9.269271320819634 9.139696471482804 9.049260525545272 8.98979281443651 8.953662781724118 8.93453736513245 8.927584426020632 8.929278816301387 8.937001503486314 8.948611305085738 8.962124911654154 8.975578511057485 8.987077598148149 8.994983488211092 8.998147598782213 8.99609662933154 8.989095081243757 8.978057552392404 8.964334691628638 8.94943470209161 8.934754737757968 8.921382923652944 8.91000162586087 8.90088970769665 8.893997224479975 8.889055689192187 8.88568980668355 8.883507540013252 8.88215861677813 8.881362500097612 8.880913231169218 8.880670436126117 8.880544568696044
11.001723265242855 10.968889271903077 10.885053812460143 10.746797113572057 10.559518944662816 10.336442124464492 10.09555585452926 9.85569202997806 9.633033250684486 9.438916364485964 9.279157450510272 9.15461855038401 9.062506405306475 8.997898249497407 8.955118647578185 8.928753297140751 8.914231719356652 8.908020190972529 8.907532074027953 8.910886228253299 8.91663374112989 8.92354102969699 8.930475703962042 8.936400334618563 8.940445871393047 8.942016447699515 8.94087393240614 8.937163403368297 8.93136460353945 8.924180652915142 8.916394650355338 8.908731456595351 8.901755530382216 8.895820729832096 8.891071254639982 8.887480268880974 8.884907182968476 8.883155835791076 8.882021452712333 8.881321161146156 8.880908569463454 8.880676269251905 8.880551115137763 8.880486499746459
10.295166159847227 10.272864127308114 10.217643654164688 10.126985550991865 10.004047682614663 9.857107495972718 9.697693540140493 9.53811250300195 9.38916716099311 9.258632749282047 9.150690132351064 9.066192028141238 9.003462047808764 8.959295477896122 8.929894908117952 8.911577873073371 8.901197818882045 8.89630080251283 8.89508862269002 8.896275232143056 8.898914980502806 8.90225888401172 8.90566808815386 8.908588620907313 8.910572503734478 8.91131960280407 8.910713114177277 8.90882836798196 8.905906782271583 8.90229991175377 8.898398208393669 8.894562558081077 8.891073687344159 8.88810730197385 8.885734605282234 8.883941565486955 8.882657492029288 8.88178407011833 8.881218795110547 8.88087019436616 8.880665087425392 8.8805498142298 8.88048785840416 8.880455973707338
9.79011482268033 9.77539047395843 9.740115791456265 9.682535563692696 9.604446529516999 9.510891504692802 9.409041479798095 9.306676029714477 9.210738905135957 9.12632955559645 9.056281316299138 9.001277308325438 8.960330644375615 8.931419184113333 8.912095501493878 8.899957459015036 8.892934929531252 8.889404349283941 8.88817609940241 8.888410428324637 8.889511707708747 8.891036039204108 8.892630226946718 8.894005180065957 8.894936087661263 8.895276035089756 8.894969057589888 8.894052123557273 8.89264157760833 8.890905991568367 8.889032091411593 8.88719216453843 8.885520025051715 8.884099238925716 8.882963435640212 8.882105550824434 8.881491500698068 8.881074064743004 8.880804083864136 8.880637727622236 8.880539952952974 8.880485079171752 8.88045564109806 8.8804405288574
