_RESULTS/REVERSE_NEW/MHZ/TZ/4comp/MHZ_TZ_z_500_kriged_reverse_4comp_test.asc
ncols 100
nrows 81
xllcorner 5.5967107547500001
yllcorner 50.982328804750004
cellsize 0.00017565049999994641
nodata_value 1.7014100000000001E+038
[rows 57 to 75 of 81, columns 0 to 42 of 100]
1.9451344402075588 1.9309437649177363 1.9014344990234393 1.8539405856892792 1.786693542641438 1.699421101664453 1.5940101949454875 1.474990046647743 1.3495070830302918 1.2265899190735365 1.1158510117215268 1.0261319355670868 0.9646691067542895 0.9370298903318364 0.9475568409072347 0.9996919097998191 1.0955504194055288 1.2345441338187852 1.411569916199093 1.6158061522339224 1.8310810250412595 2.03825271159391 2.21921406645516 2.3609361050724647 2.4573230201418164 2.5079914198648927 2.5156178888899148 2.4842835763709883 2.4194156486037914 2.3281225244380828 2.2189316284529266 2.100994256143347 1.983070821815191 1.8723419788213507 1.7732614880588131 1.6870374414761788 1.612137181694143 1.545612415063871 1.4846868826145652 1.4280902778786286 1.3768193659863668 1.3342050764561888 1.30534617044095
1.900622777548106 1.8830321876950864 1.8500849416762042 1.7982084674891818 1.724596769118315 1.6281635625275583 1.5105992550160687 1.377096357452479 1.2362228461626612 1.0986989597316064 0.9754294493688629 0.875659339408039 0.8060940370296001 0.7712230455724947 0.7743667610446514 0.8185836116571832 0.9066341530928609 1.039626347849597 1.214694299868416 1.4228091106792533 1.6481090281908897 1.8697681424935129 2.0663499026298027 2.2209257132336626 2.3242445240046807 2.3745325364620937 2.375205972222574 2.3328272161342865 2.256121649870336 2.1552958416668613 2.041054699057988 1.9235179115073373 1.811297482782627 1.7106658281717997 1.6248527266982375 1.5538452967864613 1.4949820727393868 1.4442154587033715 1.397643427197187 1.3528917973266896 1.310013590196748 1.2717004831027425 1.2427932482526427
1.8654334457886512 1.844504208427435 1.8077927112178382 1.7509444169020953 1.6703387418952116 1.5643799894265484 1.4349069639314103 1.288082754405425 1.1340552316773196 0.9851449625772792 0.8531917244621349 0.747325021071876 0.6732038353401449 0.6338375619546126 0.6312252477281003 0.6677645289383473 0.7465720870430783 0.8702494890118633 1.0382390166238464 1.2437636276252522 1.4720316537771088 1.7013284671606046 1.9074239526797594 2.069626338611566 2.175392957644889 2.2214545424738876 2.2121035357974916 2.1566876436364875 2.0674457603487517 1.9576239972649 1.8397777027865472 1.7245240757390072 1.6198434168772524 1.530697933477264 1.4588312496987923 1.4029089429931605 1.3591828599727125 1.3226457794634117 1.2884636373759826 1.2533830084111086 1.2167610776783866 1.18090693005128 1.1506295791833911
1.839034038150297 1.8151673318901058 1.7749433698976844 1.7133873910201687 1.6262918546904144 1.5118025063962968 1.3721151765822095 1.2144516693568113 1.0504430391750632 0.8937222906247507 0.7566692515145219 0.6479430131298288 0.571959532340241 0.5302130338137286 0.5233913263024611 0.5531270281049627 0.6225789634243911 0.7353767288530859 0.8928734564676793 1.090469144042323 1.3147957118325801 1.5439227358350023 1.7515906797907401 1.9140092177362555 2.015853391484248 2.0527537205527615 2.0301713975258573 1.9603515294876077 1.8588895463085218 1.7416489514140314 1.622456330018629 1.5118408228209088 1.416687654483036 1.3403752424847264 1.2830752260240612 1.2421849782577912 1.2130030191494308 1.1897297837301863 1.1667757341011262 1.1401906735981509 1.1088307105122832 1.0748232038015446 1.0431177870670794
1.8203258090014816 1.7942084067746116 1.7512465207920487 1.6860335309024934 1.593984191894744 1.4731435376160684 1.3260871086503154 1.1609262193526946 0.9904294437758763 0.8291279300552645 0.6896219800354135 0.5800056268356594 0.5035985380002992 0.4606616427475168 0.4508183969311198 0.47498265370234566 0.536089758277382 0.6382198581446965 0.7839162134794735 0.970196027084117 1.1849935897193087 1.406577242431037 1.6075105076200742 1.7619863518350483 1.852969040132189 1.8758180566083194 1.837563874688219 1.75324471530701 1.6412765987673974 1.5193576611579294 1.401773863128883 1.29831503624336 1.2144007276579796 1.1517517382367428 1.1091082718393679 1.0828355630610476 1.0675206208401267 1.056777229198148 1.0444218913661727 1.0259356619075226 0.9997852276576118 0.968018230727387 0.9358011284489711
1.8079293665983598 1.780441019089566 1.7359082044131142 1.6686969299931884 1.5740248305287978 1.4498947396420017 1.2991046101162977 1.1302582693967622 0.9567257588624322 0.7934693679028106 0.6531180160407019 0.543358684670878 0.4668281039946467 0.4230363934755829 0.4109189125635529 0.43081509210014574 0.4852580401365671 0.5782302767766715 0.712625519836063 0.8862168973235937 1.0877409101989184 1.295815922650183 1.4826730640571206 1.621805904569097 1.6958607216511588 1.7009585929664388 1.64606696665235 1.5486741207009234 1.4291674269780295 1.3060475775917286 1.1931486563899705 1.0989379479470534 1.0271891187354938 0.9781235809823267 0.9493912791330104 0.9366950566873561 0.9342187291551177 0.9352091122116725 0.9330241477426048 0.9226434366954247 0.9021655882974435 0.8735545530789349 0.8421735832895818
1.800339695490558 1.7724111116428687 1.7276572673408337 1.6604316204500709 1.5659162337575898 1.442065797181582 1.2916288020546525 1.1231638233969574 0.9499956727821439 0.7870306149147697 0.6468212984377839 0.5369536565113822 0.4599323533291847 0.4150860652197924 0.4010866107943147 0.41789436153489734 0.46754580140653007 0.5534792315232041 0.678146890244348 0.839140453607261 1.0253207257197876 1.2156466887206998 1.3828173825793677 1.500997123856538 1.553943539453478 1.5394902630715217 1.4686996628537623 1.3609097238421883 1.2374370342126513 1.1165072913035983 1.0107118618121933 0.9268453769559586 0.8671061389269443 0.8305623584814646 0.8142138337991717 0.8134999350185421 0.8225002829355054 0.8342873001804042 0.8418565589043265 0.8396983859131655 0.8254910321336578 0.8010282861203221 0.771782603128646
1.7959611656198682 1.7683822347829183 1.724659845428598 1.659359366564207 1.5677960502953547 1.4478725203931417 1.302008920327884 1.1381624460772113 0.9689385247206558 0.8086706030591939 0.6697058639785345 0.5598195486955657 0.4819268168208222 0.4357413138620997 0.42010087369993254 0.4348060985930648 0.48136345500329825 0.5623306575345218 0.6790686579945213 0.8281731374966088 0.9980106110909982 1.16786768415622 1.3116596312965605 1.4054692530698478 1.4353639374391194 1.4015156685063614 1.3169116403740422 1.2019298299474075 1.0777662033871478 0.9614904722263649 0.8639814565440506 0.790331948192855 0.7414515791425569 0.7156788421860824 0.7097760180571286 0.7192441572266561 0.7382815068000453 0.7599188262827632 0.7768421641133607 0.7830281112175254 0.7756420461436434 0.7561774830266086 0.7300960760356314
1.79305691742208 1.7662451570723336 1.7243779183813572 1.6624670396396621 1.5761670644460757 1.4634006528427204 1.326092263025701 1.1711577322145466 1.0098733616503948 0.8554448439450586 0.7197417541240986 0.6108283816726496 0.5324099849947447 0.4850570642980262 0.46817076514732203 0.4816177741027772 0.526381710893555 0.6039035584773206 0.7139944513376197 0.8517095031683238 1.0045683573399597 1.1523170785843388 1.2707733021466459 1.3389021906735405 1.3458392010123776 1.2942584219330937 1.1985779012575544 1.0793357062401183 0.9567546551096876 0.8462379741509214 0.7568728538404633 0.6922981648889142 0.6525286410214142 0.6355595401592002 0.6382145441638765 0.6562533824934846 0.6841094028352145 0.7148336440215216 0.7408203437391913 0.75549835295859 0.7554270902207296 0.7416652531947963 0.7195361043413782
1.7896575021693555 1.763405842371293 1.7234364878872093 1.6654490613202442 1.5856993868980522 1.4823311693315548 1.356810524088114 1.2148083313725242 1.0658346835340577 0.9214188262571744 0.7924869296034309 0.6871721032395338 0.6100330324803664 0.562750448926488 0.5455802600141447 0.558655155471759 0.6024754708694395 0.6772424076775593 0.780998800446119 0.9070822068532544 1.0421994806209347 1.1669051595975477 1.2595102482701892 1.3024296169899965 1.288087379266388 1.2213628938481527 1.1173999330807851 0.9961108539388247 0.876217146563526 0.7713421383613581 0.6890182046818364 0.6318326171727755 0.5992984044047026 0.5893555724506152 0.5990534150287781 0.6244782104442061 0.6603132366897938 0.6996294055334583 0.734529403921814 0.757881712167125 0.7655854830003601 0.7581592281663572 0.740664604501403
1.7834795419646117 1.7567133035211628 1.7175755266337023 1.6626931287084523 1.589238445675063 1.4959163669937843 1.3840115490026652 1.258053864333047 1.1256288820594966 0.9961599857315621 0.8790396658709325 0.781912527594648 0.7098353900656102 0.6654927373105882 0.6500578696562964 0.6640345145229843 0.7075032342212569 0.7794531001728601 0.8762364220722783 0.989706038918039 1.1061800989681023 1.207548121554605 1.275051746980619 1.2946965769791092 1.2619227611241919 1.1831812989692259 1.0735775131236713 0.951807983119807 0.8348861067657501 0.7348380407743165 0.6580532358117946 0.6065089438351646 0.5795527969377051 0.5752554556179074 0.5909447946537173 0.6230001065809335 0.6662902628507299 0.7138627510918955 0.7575348726079123 0.7896550075126451 0.8054828046887791 0.8049496351717638 0.7927443114482146
1.7719126567300698 1.7425021432446872 1.7017852291601527 1.647545050092258 1.5782168185178722 1.4935076757657388 1.3949948290097558 1.2864639613289013 1.1737497995679071 1.0639963740709504 0.9645280946598835 0.8817472807543654 0.8204675389798397 0.7838343732690024 0.7736478563017632 0.7906928816526241 0.8346803817984061 0.9035787250081272 0.9924351108241396 1.0922143738756744 1.1895466707739761 1.268235244552392 1.3126814839064016 1.3122600376628537 1.2648238223524786 1.1776146109506078 1.0650057551615288 0.9440969918990963 0.8302101231165044 0.7341030953946867 0.6614791721348258 0.6141164479885615 0.5914660905264323 0.5918382333203611 0.6128170317308568 0.6509734139512691 0.7012470794573414 0.7566025665169062 0.8086109018577229 0.8492214048519501 0.8731776341146416 0.8798586939626472 0.8734925652010702
1.7521401767254177 1.7168380543606736 1.6707436894903567 1.6130159183802069 1.543700452313016 1.4639728857174668 1.3762569353132106 1.2841635040238557 1.192227148085148 1.1054691158295038 1.0288776170393374 0.9669353278680917 0.9233065128599452 0.9007126664030992 0.900910103403769 0.9245956452833073 0.9710620243998703 1.0375344747759534 1.1183438070029992 1.2043663082507676 1.283329344663143 1.3414416972790306 1.3662807710305642 1.3501472570005784 1.2925914043337803 1.2009094044538702 1.0882046673452743 0.9697667159459449 0.8593404736173544 0.7667528487502652 0.6974261498525554 0.6532806380015082 0.634077015504403 0.6384221388497608 0.6640908337534898 0.7077104730849052 0.7641626206500659 0.8262889647719907 0.88551474692969 0.9336077524749415 0.9650281199881849 0.9787267741366071 0.9784194099786795
1.721452925372615 1.6760442264940052 1.6196548132894628 1.5530489348994603 1.4782065155792652 1.3981682688041361 1.3166693355457277 1.2376763862959792 1.1649703472760737 1.1018777471915013 1.0511754957765533 1.0151209276895754 0.99551993320836 0.9937415005552289 1.0106016861733835 1.0460645391477053 1.0987508739552738 1.1653275232799665 1.2399722050015936 1.3142279009392588 1.3775848847730132 1.4189731770488028 1.4290091403736944 1.4024291004046574 1.339856658420523 1.2480976203464587 1.1386477537189805 1.0248904912583647 0.9191056864889903 0.8304326091088717 0.7642950608307354 0.7229935007934908 0.7067366514470833 0.7144481177179568 0.7440127644498652 0.7919863902530435 0.8530984425231332 0.9200918501217042 0.9844301231289352 1.038005326827628 1.0753089282508754 1.0950560249706545 1.100440526591073
1.677774684215243 1.6175172671946612 1.5454655182146215 1.4642628902632024 1.3781026727895254 1.2921181368522368 1.2115473022843903 1.1409565914236162 1.0837569118283863 1.0420900839206433 1.017007512364929 1.0087830585039228 1.017203186331172 1.04172113832507 1.081414752493578 1.1347413530905746 1.199143593296944 1.2706273396724954 1.3434912444983216 1.41040948375377 1.463026890107361 1.493108569743466 1.4941062858345446 1.4627959873326306 1.4004725641228313 1.3131741324848776 1.2106651309325118 1.1044136713121349 1.0052914357353313 0.921843617319696 0.8596052207070874 0.8213547849093915 0.8078019433973319 0.8181748801363787 0.8504026707469591 0.9008989198483334 0.9642381060929959 1.0331913324156552 1.0995287727561673 1.1556203947187216 1.1963243276433337 1.2203313867841388 1.2303369673752826
1.6203297949205782 1.5406943467383742 1.4482028139258756 1.3477163790593767 1.2458399001813292 1.149758520786562 1.0659805488945537 0.9994405405023021 0.9531810120038577 0.9285229552915873 0.9254608098636739 0.9430346930971525 0.9795578102583771 1.0326980065981992 1.0994706053639411 1.176199562688083 1.2584838377551166 1.3411997563024816 1.4185841399597678 1.4844597376144144 1.5326644005974364 1.557717688355158 1.5556946237980278 1.52516877093171 1.467955950041436 1.3893149916709484 1.2973554102338951 1.2017005425583052 1.111818248500818 1.0356026766955886 0.9786232137227289 0.944071314678255 0.9331078651835991 0.9452250193860071 0.9783741081184486 1.0288576889328953 1.0912210385386667 1.1585000240797036 1.2230892556726691 1.2781703974391503 1.3192479313082772 1.3451615474424754 1.3581457305431148
1.5502668982007106 1.447851043283666 1.3319008493331643 1.2098614493284867 1.0907888155582965 0.9835281365137518 0.8951527197340974 0.8302445910811942 0.7910647082006357 0.7782081944092722 0.7912349222443457 0.8289518655922297 0.8893027877278861 0.9690492739675353 1.063535596731587 1.1667813558442546 1.2719585577651782 1.3720941949051757 1.460739221969782 1.5324172918078611 1.58283921524215 1.6090143580013916 1.6094224477808605 1.5843186265003053 1.5360824506316884 1.4693812853237245 1.3909043151160012 1.308583389202801 1.2304765113320293 1.163673935288812 1.1135567759206584 1.0835198688654406 1.0750300229860577 1.0877835766274122 1.1197912560334284 1.167387484370896 1.225330005729548 1.2872213166842803 1.3463798233603201 1.3970410906322739 1.4355210966458702 1.4609049327630546 1.4750035660991196
1.4709738735799112 1.3443168336869533 1.204511367080411 1.0618598498332081 0.9276413804862466 0.8116004219782288 0.7203213478241998 0.6570566339598072 0.622681413985074 0.6169647375577721 0.6394475580708888 0.6895881907179195 0.7661923608773626 0.8664399101363481 0.985057024946593 1.1142220153153322 1.2444688715755865 1.3662800048829626 1.4716556919690589 1.555032048291661 1.6133798198219924 1.6457648383978694 1.6528122276032824 1.636390133419946 1.5995732566634848 1.5467235628076714 1.483437417831892 1.4161842820064998 1.3516475551045026 1.2959521556232692 1.2540129073663604 1.2291439858450581 1.2229187001328568 1.235173442830766 1.2640628300263026 1.3061661554930981 1.3567409994854338 1.4102395289009684 1.4611110198458668 1.5047499551628858 1.5383170019828274 1.5611592319532868 1.574698808545642
1.3878634723251426 1.2378370343031821 1.0765309853825693 0.9171223187146162 0.772554834507393 0.6524623891353425 0.5618447127453251 0.5017933794345415 0.47136394854587066 0.46940852239348435 0.4956291010183336 0.5506140228226412 0.6348950273593402 0.7473001218111958 0.88327172112517 1.0341499837044412 1.188160909189893 1.3328764020776414 1.4579491918242968 1.5568333894288826 1.6269903916570363 1.6689852060549113 1.685259794184892 1.6791962469338129 1.6546824473405708 1.6160587891052556 1.5681751464308022 1.516316907427735 1.4659002218912787 1.4219944557161 1.3888181139402977 1.3693414697778235 1.365052534788177 1.3758734321662514 1.4001985641094907 1.4350584221245906 1.4764482348668324 1.519851078502188 1.5609165903727757 1.5961639197689763 1.6235242251139952 1.6425682210214065 1.6543676305282111
