_RESULTS/REVERSE_NEW/MHZ/TZ/4comp/MHZ_TZ_z_125_kriged_reverse_4comp.asc
ncols 100
nrows 81
xllcorner 5.5967107547500001
yllcorner 50.982328804750004
cellsize 0.00017565049999994641
nodata_value 1.7014100000000001E+038
[rows 0 to 18 of 81, columns 0 to 43 of 100]
5.631889998089918 5.718845116201021 5.8001691484551205 5.8659862065393895 5.905852257189681 5.909828795788625 5.869270209437782 5.777149519062703 5.628017492025538 5.417972347851216 5.145168615402988 4.811249510992924 4.423536534503745 3.996991081491804 3.5544170895544527 3.12381227175571 2.733340350217963 2.4060844873654683 2.15705672048329 1.9934874560770917 1.9174453763979884 1.9288233616213766 2.0269709190376473 2.2101254341477192 2.472788821534057 2.8022471454547384 3.1763303646842074 3.5644984753613302 3.932798689685741 4.25088020852608 4.497941625952139 4.6653215906580785 4.755549841277007 4.77929826934589 4.751942831569349 4.69076131092235 4.612977320343547 4.534418650897636 4.468516458490873 4.425518556527258 4.411926702479048 4.430222118831901 4.478942205158819 4.5531544073281704
5.697193382316529 5.798888570857505 5.894156472347064 5.971664368585601 6.019606347611918 6.027046950636115 5.984929971837565 5.886530464158713 5.727414072464664 5.505257655617784 5.22005834123772 4.87516423132119 4.479069011819791 4.0471259553935335 3.601762248154378 3.1701099064349862 2.7793944651362756 2.452031884911687 2.2027594821589123 2.038829502468967 1.9624323843495168 1.9735020656014464 2.071238062897839 2.2535047011628504 2.5142524144117777 2.840149793919652 3.2084804832097067 3.5883108394669807 3.9454136841293086 4.249169033009594 4.478437310278604 4.624223872695601 4.688956714122079 4.683714748501365 4.624975667577832 4.531804829127179 4.423679139155944 4.318789756497257 4.232676747977354 4.177177267745004 4.159732358169637 4.183076930548161 4.245311939083553 4.3403784113875075
5.754090725167195 5.868256721080543 5.975238376069088 6.0625501191902895 6.117392061104986 6.128224958125349 6.085958491539172 5.98449764060902 5.820679338990146 5.5939108943466325 5.3060144375910925 4.961760652124509 4.570182508040178 4.146038132098153 3.7101840600485567 3.287782945330338 2.9044419379397333 2.5818435990033355 2.334933166811343 2.171738846514187 2.095261140577855 2.105838507549977 2.20243837810476 2.3820519312452166 2.637338818185468 2.953683277691596 3.307577587467811 3.6680835332037525 4.001654045654898 4.278594997664072 4.4784775401878925 4.592637220687591 4.623661162877597 4.583025292177878 4.488180085073451 4.359813308524904 4.21945541936486 4.087395141515538 3.9809455321986835 3.913179259710637 3.8921949113985237 3.9208508355108065 3.9968560384302574 4.113194848417023
5.798822970707568 5.922065032473532 6.037378836969516 6.131551990494651 6.191281054080088 6.204905669140955 6.163706626329861 6.06250161922196 5.8995419899691175 5.675963018828555 5.395248937956007 5.063238944554765 4.688927852706475 4.285679192752121 3.8718344791345274 3.4696678538360053 3.102493926054973 2.790999449001303 2.5505013986385148 2.390238432793447 2.3144793788421074 2.324225915665824 2.418158280652413 2.592057876047345 2.836850723886298 3.1363536337952067 3.4663885408390778 3.7966259843503622 4.095172320977882 4.334308701792252 4.495164521728125 4.569908483549517 4.561461012199205 4.481644936563213 4.348709323494574 4.1847080939710315 4.012878294308759 3.855157803446256 3.730116378364312 3.6515651415072603 3.627891721091905 3.6619218205649258 3.751050989246941 3.887569938368957
5.830053589661496 5.95836384973047 6.077950712491014 6.175366427195743 6.237355545591384 6.252649657877238 6.213287269076978 6.115210786448151 5.958119488016286 5.744756673198363 5.480029890214568 5.170518655758605 4.824775224394573 4.4542814638073915 4.074282547878871 3.703506418525319 3.3623197132586484 3.0698868825389756 2.841604501239182 2.687871523512694 2.614314619675363 2.6226845046056937 2.7113696745730906 2.8748779321387494 3.102416158658491 3.3764892283759216 3.67282430908243 3.9625289134261035 4.2162620597007665 4.40905464440485 4.524123154470139 4.554732193526891 4.504179575671361 4.384522157900602 4.214573344274771 4.017399683487867 3.817466117690957 3.637778860146615 3.4975514526176767 3.4107897950762793 3.3857923395799814 3.4251989545242325 3.5261733109546882 3.680590291751336
5.849460212583574 5.978891850040662 6.098654820807903 6.195553681399021 6.256921807620065 6.272362161299203 6.234993992815877 6.142009877023851 5.994499887342844 5.796628371509232 5.554480116766449 5.275139733653238 4.966535499892561 4.638125547858659 4.301873786838708 3.972621945324512 3.667232356804516 3.4026307072714306 3.1935728835026036 3.051052902232994 2.9817181408774256 2.987946189134485 3.0678990150396177 3.2150817052199834 3.4175082936369323 3.657156719862588 3.910596491081239 4.1512704640887135 4.353078442478236 4.494214505795351 4.560163180274624 4.545314457979917 4.453275578439909 4.296176079148534 4.093110134817776 3.8677259473990357 3.6451511561761936 3.4488254716232576 3.297999030109009 3.206384311075177 3.1818759953313345 3.2268010342698474 3.3381414358735517 3.5075650669484197
5.861488107795149 5.988798299767559 6.105229085182261 6.198263523651751 6.25629355236187 6.2701847719063935 6.234358824438314 6.147287004321092 6.011324569721491 5.831850585717563 5.615925460417269 5.371023973699633 5.1044751101505765 4.823861471655705 4.53802386760703 4.257899434923924 3.996485462140816 3.7677346853398777 3.584800672247589 3.458333580410907 3.395314873003235 3.3984504270900078 3.4658148264558464 3.5904808391489933 3.7601998083006087 3.957542870553902 4.160979033839434 4.347045389289222 4.493247206442805 4.580989296096984 4.597920631690768 4.539433407925359 4.409330375594098 4.219650173623551 3.98947306556709 3.7425667518906387 3.5041338115466782 3.297437317121811 3.141242103367333 3.0485981386249907 3.026781593124234 3.077710283984629 3.198176858526811 3.3797265417320412
5.872180983910348 5.995226898967124 6.105816822337787 6.192456399584361 6.244967049338289 6.2557460909899625 6.220606099709292 6.139213278515927 6.015004224521641 5.854377657906737 5.665241331868249 5.455462792306945 5.231946821185691 5.000734603154338 4.767930565095161 4.5408096871337245 4.328390605020321 4.141080268030231 3.989489607808895 3.882879956559778 3.8277336379614404 3.8267101610542684 3.8779931397128014 3.9749540878636545 4.106166646516797 4.255941320324766 4.405541598490646 4.535046431018599 4.625577835845094 4.661511628471943 4.6323947289097225 4.534456562123793 4.371615919175484 4.155713351627449 3.9055645407124815 3.644625879303239 3.397630856259845 3.187136242265066 3.0310164849500665 2.941413332277461 2.924855887982451 2.982769718765349 3.1116788531963038 3.3029540024232156
5.887333335954683 6.005066163147641 6.108352729709809 6.187015140955931 6.232593835354555 6.239156446231279 6.203832836525275 6.12725692134738 6.013689464556558 5.870368192853401 5.705998665769401 5.528944132068277 5.345951130828421 5.161934962519249 4.98075212937543 4.806417479001211 4.644087507007777 4.500318723164185 4.382482483118943 4.297575594938132 4.250840721523973 4.244564692253332 4.277260942447977 4.343306446744162 4.433054493453823 4.533438776457893 4.629048740036459 4.703577229775472 4.7414795114022965 4.72969798144534 4.6593719974763275 4.527452364438804 4.337987236103303 4.102614622169171 3.8397324006100937 3.5721490478632636 3.3236850515467244 3.1157698239527427 2.9650880137256928 2.8827088929177136 2.8743225796791405 2.9407598199909866 3.0781232235186975 3.277446060216406
5.910522770221795 6.022570443179196 6.1178056872806055 6.1876881240351835 6.225741668095488 6.227726796618613 6.191828784953026 6.119233422161228 6.014654716351427 5.885978117107261 5.742720148692724 5.593920754643338 5.4464820440983885 5.304619057486769 5.1704351250085745 5.0451480652398955 4.930335055031662 4.828677366895641 4.743957870732376 4.680372578151885 4.641443899108384 4.62889529727434 4.641777976451013 4.676008026831637 4.724353745063731 4.7768384277602545 4.821488615334395 4.845354069930384 4.835753503889608 4.78174116566381 4.675785581232507 4.515531678966412 4.305277333332505 4.056570990963325 3.7873691039084223 3.5196366800796683 3.2759787659982185 3.0763977839457715 2.936169949098662 2.865157758682109 2.868103611715285 2.9450912584273157 3.0915834424168636 3.2980458578966947
5.941758321368557 6.047787242311134 6.1344012143537014 6.195127425124094 6.225774289469343 6.223727643568274 6.187769059139867 6.119000072353001 6.022063994109369 5.9052549879679646 5.778944030209495 5.653077520851493 5.535045130979547 5.428761452482488 5.335028320434429 5.252725332648975 5.1802282005857085 5.116544147202769 5.061853308813582 5.0173834078378015 4.984760539470613 4.9651084617176195 4.958180642978411 4.961728125935946 4.971194324456104 4.979743474411081 4.978599981454878 4.957696475996453 4.906669606275741 4.816254735664052 4.680054136580776 4.496454519992314 4.270200179918833 4.012956490866007 3.7423418538146977 3.4794408942745827 3.2455054314293124 3.0589440886189903 2.9334779820668335 2.8776347313024617 2.895059775906568 2.9848812153427318 3.1416584043200455 3.355038549201624
5.977404342196955 6.076635202199145 6.153841043516951 6.205164353148997 6.229042079258862 6.224351418133429 6.189857730234189 6.125765882166285 6.0359903924425895 5.928931488006224 5.815847301068117 5.70782210178716 5.613046298097096 5.535485273811495 5.475030186422893 5.428648100965966 5.391934690087001 5.360577918711191 5.331396621879488 5.302782095548859 5.274539890893563 5.247275065402253 5.221545211582877 5.197005691236434 5.171717331942256 5.141726542761884 5.100997145279468 5.041775814830758 4.955479236299181 4.834148879504307 4.672378293492527 4.469372326967758 4.230535725615814 3.967895992838747 3.698925118631946 3.4439307475326633 3.222837698077364 3.052437590053323 2.9448383870348245 2.907131044252372 2.9416988807804816 3.0464809281999137 3.2148643576978637 3.43544927576111
6.011593948631685 6.102886754012947 6.169809767645955 6.211637146032986 6.229710067641068 6.2242072339847745 6.1932520271277935 6.135354683848418 6.053050367118365 5.954521493045187 5.851893667955296 5.757545825741018 5.68069720306576 5.625630244016371 5.591643597515123 5.57417677964647 5.566484306212236 5.561385221595384 5.552746576683585 5.536453898778401 5.510729437562197 5.475800036618565 5.433058414492838 5.383956818165769 5.328899650207624 5.266377872994467 5.192545245606946 5.101394759675135 4.985641852296031 4.838318637702134 4.6548901304328805 4.435432537103106 4.1861793369026365 3.9197379161794736 3.653652116452134 3.4076471603720537 3.2004824479943785 3.047450930824874 2.9591039797617107 2.94107013768155 2.9943542197718593 3.115516940629583 3.296560844925344 3.524875086654116
6.038535263297692 6.121186922957524 6.177639010820015 6.210465801349849 6.223889675842126 6.219142614414124 6.193300547237408 6.1427344482379755 6.06823093024716 5.977522505181708 5.883497770987155 5.799812160128312 5.736760269554195 5.699064279872884 5.685654671213515 5.690784508762298 5.705813732654961 5.721203126500644 5.728379615880633 5.721167028875942 5.696521979519186 5.654443213116898 5.597119264253907 5.527569442520453 5.448145523074708 5.359272651299488 5.258744388597395 5.1417903088327535 5.002020409307675 4.833193387860788 4.6315223067660565 4.397947580511429 4.139608189001805 3.8698274832655435 3.6064048660362227 3.368707001237918 3.174574032652875 3.0380343017140174 2.968262817692846 2.96952099812931 3.0414396780512463 3.179138922062705 3.373153505401643 3.6096069293242294
6.054357774609122 6.1291762061804285 6.176645714081211 6.202125980277774 6.212167634335172 6.208746076592066 6.187930622622462 6.144201081547229 6.07679881161549 5.993003534627597 5.9062657798589875 5.831238178750046 5.7790671880573745 5.754837153852055 5.757217554649856 5.779567531414721 5.811801760354317 5.84257290026719 5.861438757194497 5.860661233723204 5.836274898839291 5.788179929542047 5.719258650628756 5.633789535803614 5.535618917939808 5.426588438295893 5.305627949628124 5.168774072580353 5.010205452698379 4.824184390701253 4.607531396288923 4.361969721196277 4.0955123916784375 3.8222279138266515 3.560282002087658 3.328884941779702 3.1452329954597222 3.022393914821829 2.9684483891949567 2.9865175447508796 3.075025163112652 3.227775633920945 3.4339417776645127 3.678475388509873
6.05727384341111 6.127027773444102 6.16902815330792 6.190129267153717 6.198084565819511 6.195256573243026 6.177257036932233 6.137708764939343 6.075176733429202 5.996771367180836 5.916220856385415 5.84862379752077 5.805471627410906 5.791926485160544 5.806386250225622 5.8415599139927314 5.886362136417958 5.928207933224247 5.955384072847108 5.959107341136602 5.934827657876944 5.882443164599324 5.80537845303042 5.708818847063029 5.597636154321155 5.474595555486172 5.339321296130254 5.188306312142065 5.01604047314484 4.817099575242808 4.58875399064117 4.333363672534545 4.059689576653705 3.7824763508549215 3.520288589910282 3.2923367017795115 3.1154369767284793 3.002021895269833 2.959417093829752 2.9899322332444975 3.091104501646593 3.2557445177362627 3.4719769496717934 3.723842420405869
6.046185875323908 6.114768692174138 6.155941206940708 6.176299324281987 6.183351652973702 6.17949016607791 6.160744163191254 6.121400463347657 6.0606255570731475 5.98581800648954 5.910644913613371 5.8499294315448696 5.814824769178108 5.810157247377148 5.833966586294046 5.8785187573195765 5.932159694769818 5.981632380702028 6.014544422456685 6.021569353469874 5.997883171122496 5.943443559207852 5.862032654247725 5.759372214081148 5.64089815468367 5.5098425029376 5.366139715791124 5.206452894007093 5.025379846325683 4.817648626408701 4.580817581645685 4.317701545068183 4.037627183029309 3.7558850389049505 3.4914172432874766 3.263549508426786 3.0889535450771364 2.979738052712697 2.9428228337730036 2.9800840537665967 3.088594006558297 3.2606419800334914 3.483790727544868 3.7415774276978495
6.019377610160297 6.089976969864131 6.134245355565209 6.156917529090431 6.163945270439663 6.157458555532052 6.134753688394289 6.092205567159676 6.030747100563608 5.958447526095914 5.88855363365948 5.834905826376391 5.807657151627267 5.810896837536553 5.842218539907906 5.893637621033758 5.9533360136564974 6.007913875801401 6.044848217717708 6.054725186407806 6.032714503824514 5.978861310805994 5.897102412709663 5.793326714899324 5.673093165157769 5.53967920830589 5.392988802427932 5.229613575310175 5.04409563993741 4.831184877638901 4.588585765637922 4.31939566659891 4.033325576192291 3.7460761120426724 3.476934205358155 3.2454374742107515 3.0683217433035597 2.957651909365526 2.9202646486896997 2.957973859429627 3.0678353808852954 3.2421538238075107 3.4685058064830745 3.730421254265502
5.9749147239926765 6.048351899168883 6.09723606629511 6.12356269768392 6.130984989716366 6.121208860783057 6.093282444220661 6.0464411947021945 5.983950547915216 5.91463529714381 5.850983760319739 5.805339523786237 5.786404060022723 5.797275253455255 5.835081008400979 5.891781822116318 5.955758578512105 6.013929326028204 6.0541104541256745 6.067182811064107 6.0485203697507846 5.99825007461346 5.920251197445413 5.820220273894797 5.703418511613834 5.572770085744162 5.42782892933867 5.2648948628514605 5.078318067096342 4.862779922670802 4.61604500238287 4.341388989332172 4.048796594093717 3.7543030381310203 3.477545438059425 3.238379245544664 3.0537939993399736 2.9360494382280224 2.892167443223047 2.9242131754663125 3.0296226267915722 3.2012147663328063 3.427138891477467 3.6914199627366946
