_RESULTS/REVERSE_NEW/MHZ/TZ/4comp/MHZ_TZ_z_180_kriged_reverse_4comp_test.asc
ncols 100
nrows 81
xllcorner 5.5967107547500001
yllcorner 50.982328804750004
cellsize 0.00017565049999994641
nodata_value 1.7014100000000001E+038
[rows 0 to 18 of 81, columns 42 to 83 of 100]
0.05085622589578756 0.052050651493204765 0.05354890089949112 0.05521118208448666 0.05689384666801079 0.05847068810957184 0.0598496165087735 0.06098055322633384 0.061853528070536054 0.0624893297399683 0.06292690668470728 0.06321151980858927 0.06338610326662014 0.06348649380717396 0.06353991292438727 0.06356554767951494 0.06357611039601375 0.06357957807905944 0.06358068319405238 0.0635820179642349 0.06358478541368284 0.06358929715337186 0.06359531694373677 0.06360231725254756 0.06360968047495331 0.06361685187060608 0.06362344141664515 0.06362927326274632 0.06363438788110193 0.06363900753781042 0.06364347742100589 0.06364819294767625 0.06365352088095247 0.06365972063706472 0.0636668738095169 0.06367483347087974 0.0636832073291505 0.06369138699174857 0.06369862758227071 0.06370416883800778 0.06370737472222822 0.06370785923110538
0.04715983454860446 0.04865354082353135 0.050541465909010416 0.052654099035148436 0.05481132677104643 0.05684935871056214 0.058644129157082364 0.06012436358995869 0.061271504715722486 0.062108789817897234 0.06268499845211689 0.06305856740694157 0.06328575263259067 0.06341396267804957 0.06347951809567207 0.06350828088009992 0.0635176216961137 0.06351863390485021 0.06351801943336575 0.06351947450513783 0.0635246365152645 0.06353373783299243 0.06354610029132753 0.06356054962898625 0.06357577302643203 0.06359060762531955 0.06360423884340795 0.06361629753300119 0.06362686243477299 0.06363638808772092 0.06364558304558951 0.06365526001158014 0.06366617365905655 0.06367885923095257 0.06369348823699314 0.06370976470401203 0.06372689058574535 0.06374362530032576 0.06375844811913951 0.06376980540786258 0.06377639591430108 0.0637774280976761
0.04334495500136757 0.04512237042317416 0.047387912470480166 0.04994754325438836 0.05258676951282661 0.05510279786920624 0.057335719360622546 0.059188503077817166 0.06063026177831502 0.061684482670824575 0.06240909011932352 0.0628760826876579 0.06315600151263785 0.06330900916350642 0.06338173254533766 0.06340785623764959 0.06341045275308682 0.06340462315044923 0.0633997160758479 0.06340093344637668 0.06341043630947243 0.06342816233370914 0.0634525297305287 0.06348110914900162 0.06351125619571013 0.06354064709220016 0.06356765596501021 0.06359154131778312 0.06361244893062723 0.06363126863206942 0.06364939337022012 0.0636684233718509 0.06368984674188712 0.06371472229584997 0.06374339638013185 0.06377529921527092 0.06380887643981706 0.06384170468202421 0.06387080851684841 0.0638931440267691 0.06390615766770658 0.06390829118828964
0.039705683880517484 0.04172790036475402 0.044327892516057094 0.047294712422547625 0.050384740610532816 0.05335800935746919 0.056017512898520944 0.05823744239315165 0.059971245423168285 0.061239979346234444 0.062109033062021146 0.06266321178146854 0.06298729188486131 0.06315464566750197 0.06322302727936643 0.06323501666899684 0.06322058488244532 0.0632000009529142 0.06318620569276823 0.06318647720571288 0.06320359526307957 0.06323681098134815 0.06328284374960066 0.06333696977213363 0.06339412576945798 0.06344987959805692 0.06350112753190425 0.06354644260759333 0.06358607981831542 0.06362170542773515 0.06365594127773076 0.06369180565311701 0.06373211072382748 0.0637788653494119 0.06383274234798762 0.06389269474559693 0.06395582478373533 0.06401759742851201 0.06407243202577301 0.06411460833328915 0.06413931657307706 0.06414360866027141
0.036522957477843954 0.03873751407897024 0.04160759557236226 0.044913172521263756 0.04838858022580036 0.051761562617277664 0.054800121566792384 0.05734934840761751 0.05934516988547729 0.060803755622470396 0.06179558903609697 0.062416413516807996 0.06276408719610718 0.06292483629893718 0.06296796171150174 0.06294600465060265 0.06289731386318206 0.06284890751702839 0.06281866552138342 0.06281676214614137 0.06284670382121062 0.06290641444532571 0.06298964315513819 0.06308771075337302 0.0631913899163783 0.06329260927388446 0.06338569988421915 0.06346802760378749 0.0635400087709072 0.06360462456086867 0.06366659758350778 0.06373138036644165 0.06380406649552112 0.06388831308317741 0.06398537967967947 0.06409343342324356 0.06420730563065939 0.0643188657197431 0.06441807645841865 0.06449462029344537 0.06453979293921547 0.06454822609288037
0.03402032460824388 0.03637294699117424 0.03944086118134804 0.04300076582625009 0.04677206934153801 0.05045728558163455 0.05379495935172265 0.056604160430489346 0.058803790694534806 0.06040361056490288 0.061476583073021104 0.0621266323922031 0.06246255461677788 0.06258235977670666 0.06256704534411225 0.06248034620763883 0.062370943957560473 0.0622747893860191 0.06221659050815213 0.062210568051980865 0.06226108771522663 0.06236379724861061 0.06250760133860471 0.06267740232045473 0.06285719579313233 0.0630329511021904 0.06319475997309125 0.06333795217395607 0.06346314845488576 0.06357543655371008 0.06368295160121754 0.06379512525501954 0.06392080106621423 0.0640663711845726 0.06423411284294134 0.06442097773394881 0.06461815062423136 0.06481166644037788 0.06498420606282448 0.06511789279712306 0.06519757231005217 0.06521381638550046
0.03234407292870953 0.034787378031010424 0.03798386606719976 0.04170950489565005 0.04567453663381229 0.04956433469724861 0.053096333677257725 0.05606996521402925 0.058390197762506736 0.06006016957857169 0.061152833218424234 0.061776975053067916 0.0620494920351208 0.06207867853125236 0.06195738402598079 0.061762184363476684 0.06155472249049972 0.06138279967108747 0.06128045483547605 0.061267467318583686 0.06134923056581406 0.061517854702430645 0.06175489075323116 0.062035479441474375 0.062333229271770534 0.06262487797544154 0.06289385572697906 0.06313219988999631 0.06334071803839217 0.06352767387740854 0.06370645637870205 0.06389268185037794 0.06410106998306053 0.06434235552664665 0.06462052435578129 0.0649307807904828 0.06525876311231003 0.06558149444664017 0.0658702927661841 0.06609537542329123 0.06623131938800136 0.06626211126136727
0.03156559160466214 0.03406204513384581 0.03732569884794958 0.04113127073092232 0.04518387433711287 0.049160005534945726 0.052766091141792607 0.05579068816541602 0.058129935342388396 0.05978125133138982 0.06081534094525999 0.06134230688107261 0.06148404532933823 0.06135763855924721 0.06106831056568715 0.060707773950913625 0.06035401433344236 0.06007028133304612 0.05990294128116988 0.05987911048084703 0.06000541391859706 0.060268960588189285 0.0606409806338132 0.061082795383055326 0.06155310484577413 0.06201517104112845 0.062442491214364265 0.06282199644301449 0.06315449629324005 0.06345272736892947 0.06373771804665526 0.06403420626245421 0.06436568178118991 0.0647494796496438 0.06519236974942172 0.06568726303282875 0.06621184199949952 0.06672990905708646 0.06719586357613139 0.06756195428078478 0.06778701464982831 0.06784465663808087
0.03169233261647391 0.034212001526467854 0.037488210804844685 0.04129230540242804 0.04532730100329106 0.04926892380414452 0.05282326138117678 0.05577763011795398 0.0580251908962631 0.059558962467310704 0.06044530693380307 0.060792180514543825 0.06072362029754115 0.060364505512806754 0.05983366492912661 0.05924097371900781 0.05868469832648422 0.05824741781103739 0.0579908753169062 0.0579512672564847 0.05813666246066253 0.05852778098818205 0.059082603172987504 0.059744413692492594 0.06045202423460999 0.06115025784931969 0.061798600432626236 0.06237639527194299 0.06288392340721466 0.06333974381154281 0.0637753269519995 0.06422814255419411 0.06473413089737927 0.06532023179825479 0.06599762362047129 0.06675656802171621 0.06756406524466578 0.06836556971897735 0.06909150163331143 0.0696681482961934 0.07003107173509072 0.07013792969532326
0.03267252985494689 0.03518854269817531 0.03842581847396955 0.04215061502617947 0.04606711821445809 0.04985821143130265 0.053239690246200407 0.056006416693585706 0.05805365599707185 0.05937089370957015 0.060018032633580035 0.06009783896027877 0.05973441487971289 0.059060416677710614 0.058210399645145613 0.0573159487466304 0.05649952051922234 0.05586637367313539 0.05549593271236232 0.0554346601765804 0.05569222644804593 0.05624208830423918 0.05702691253494874 0.057968563639722206 0.058981435223094625 0.059986862684924126 0.06092571909412819 0.061766582376933506 0.06250809134668917 0.06317569827415112 0.06381420592307588 0.06447784006357628 0.06521932077447602 0.0660789656506776 0.06707473576899062 0.06819444473631535 0.06939184475049358 0.07058848535603182 0.07168260772840969 0.07256470934533464 0.07313719741433464 0.0733336672094657
0.03438610696278905 0.03687161937596827 0.04001994524193877 0.043592635487806994 0.04729945401354143 0.050837939207113325 0.05394181904198873 0.05641989993939412 0.05817262339128524 0.059185757189365515 0.059510638653670886 0.05924264091190978 0.05850513583865734 0.05743980238059338 0.05619983580183444 0.05494204190792006 0.05381601700410558 0.05295142763834711 0.05244596085257476 0.05235635721565603 0.052693897935841005 0.05342488942654736 0.05447644656066499 0.05574771316653097 0.057125853384508776 0.05850460474855457 0.05980171020020837 0.06097126088843276 0.06200833135582076 0.06294559606141745 0.0638436148685461 0.06477729819263804 0.06582076967832685 0.0670321610085329 0.06843955393412246 0.07002963636664734 0.07174139106031593 0.07346756524825973 0.07506595531684035 0.07638032721000029 0.07726767511467032 0.07762586056509795
0.036625066152404476 0.03905502800862531 0.042070268415690906 0.045430620618123654 0.04885676186017154 0.05206706445070724 0.05481840523507053 0.05693653404692567 0.05832759792610921 0.05897240705810364 0.05891200212269122 0.058233475044848916 0.05706027643001778 0.05554559952348084 0.05386454248750817 0.052201801522925445 0.05073511275262371 0.049617704675009935 0.04896364737612568 0.048838363967443725 0.04925451063736419 0.050172613381565916 0.0515064908061269 0.05313439152304802 0.05491642886617102 0.05671681304158234 0.05842665869523966 0.05998174868908883 0.06137078535895416 0.06263275970497914 0.0638452224915885 0.06510684256433028 0.06651745931456546 0.0681578323305278 0.07007064789249931 0.07224467858300249 0.07460506228638422 0.07701345685563989 0.07928106532185637 0.08119466079455666 0.08255174679191504 0.08319781347683923
0.03907687111200912 0.04143593031558677 0.04429166911510873 0.04740664420181219 0.05051711083375853 0.0533656229975636 0.05573345515223014 0.057462654324900664 0.058463387314946415 0.058709823753160646 0.058231954391685 0.05710937865259252 0.05546801949862402 0.053475897655520875 0.051332913749487494 0.049252711544905944 0.04743963592815715 0.04606679685796299 0.04526030668362587 0.04509112800919795 0.04557275481475633 0.046662386508865596 0.04826520407360285 0.05024376950863251 0.052435052084609815 0.054675081859568056 0.05682698745606271 0.058805102094092794 0.06058827691604971 0.06221931869997714 0.06379203910377575 0.06543014530286258 0.06726234604663409 0.06939671431109991 0.0718962567075447 0.07475786042100872 0.07789816692537255 0.081151098008907 0.08428091181237352 0.08701115110196077 0.08906545452818974 0.09021362974302402
0.04132998637252293 0.04362441374809968 0.046328244334728944 0.04921006088711535 0.0520231821588309 0.05453321836648876 0.05654266730789514 0.05790609052678731 0.058534734604328065 0.0583949186148501 0.0575063502829356 0.055943625317653504 0.0538386434083254 0.05137760515606263 0.04878698915204757 0.04630845743213168 0.044169136967410705 0.04255628295667637 0.041602212965428625 0.04137940978982637 0.04190139059119776 0.043124907956135425 0.04495254780574412 0.0472389227038741 0.049805256719718305 0.05246453540156793 0.05505368066985515 0.05746410678694941 0.05966120998253183 0.061687422126176436 0.06364945898500284 0.06569456144809863 0.06798128222649265 0.07064882892443283 0.07378738129653024 0.07741175735437662 0.08144231316934943 0.08569830959028531 0.0899078170686986 0.0937341907814405 0.09681561690156283 0.09881485359907582
0.042917838451243584 0.04518546516891168 0.04779221350663237 0.050512046568992115 0.053111376106977755 0.05537219355359309 0.057110774686853084 0.058188182965271146 0.05851359669303605 0.058045459411901916 0.05679562195388783 0.05483741115790419 0.05231245029870702 0.04942758937803295 0.04643601776808324 0.04360475338062837 0.041178683204411204 0.03935306588611182 0.03826073891992115 0.03797188358357799 0.0384990731743162 0.03980104308906378 0.04178363129306872 0.044302051139390536 0.04717144469909858 0.05019032545255565 0.05317480083268733 0.055994435595066984 0.058598148866867504 0.06102228861042216 0.06338005253780928 0.06583703573167632 0.06857935543510846 0.07177936789765658 0.07556200674176501 0.07997428709883046 0.0849617053495614 0.09035613462002354 0.09587777671281726 0.1011494269804572 0.1057208491402982 0.10910940022590333
0.04340438730790623 0.04571464899631561 0.04832700484621556 0.051015038789341854 0.05354815789638648 0.055712559280947954 0.05732716531324653 0.058252026338066636 0.05839139635646368 0.05769705183686025 0.05617660887899954 0.05390623061311545 0.05104023002561349 0.04780692618123297 0.04448461167416309 0.04136205014433817 0.03869720743655499 0.03668865489125775 0.03546587389265788 0.03509417351124592 0.035584297168145866 0.03689831056827217 0.038949579581565134 0.04160148604602298 0.04467330120807309 0.04795993228551333 0.05126533644719827 0.054441134294950004 0.05741782610707561 0.06021871408833285 0.06295379400749224 0.06579750555376528 0.06895702284416406 0.07263696438525531 0.0770043950177183 0.08215692338295323 0.08809678935496958 0.09471302101421662 0.10176977079082561 0.10889449897265706 0.11556492783084914 0.12111596655104048
0.042494421937863416 0.04493320023704012 0.0476832698345339 0.05050895216644572 0.05316833449152883 0.05543559311233248 0.0571182592066944 0.05806646362130599 0.058176546511861986 0.05739525860262538 0.05572977695493924 0.053262506155494736 0.050161752261810515 0.046676055489050586 0.04310570993841383 0.03975755954948205 0.036899583644955256 0.034731715568603105 0.0333790460366314 0.03290138047977188 0.03330718483108252 0.034562119161995135 0.03658931087239197 0.03926587298035501 0.04242450634062429 0.04586813281644792 0.049399307921623684 0.052857851633581907 0.056154890008607385 0.059292563549100036 0.06236469686437804 0.06554041050397141 0.06903651286293513 0.07308499462202532 0.07790060419707735 0.08365188270026308 0.09043715759656298 0.09826291468429398 0.10701446053589991 0.11640338876760131 0.12588847016986698 0.1346088271439239
0.04013216690484714 0.04277358341737365 0.04578727014755197 0.04892132810955025 0.05190846462225029 0.054493430608036686 0.05645645393956703 0.05762704113967867 0.057889291692442994 0.05718556223668034 0.055525242817580506 0.05299870003869263 0.04978733026081367 0.04615649931086311 0.042424202702453555 0.03891212161523201 0.035897237381905575 0.033581912767080925 0.03208883169768837 0.03147386909058556 0.03174372022746979 0.032867554929499096 0.03477911501564551 0.03737294922153621 0.040502886726552736 0.04399077009261303 0.047648807473235966 0.05131191226574291 0.05487102198641835 0.05829759199417964 0.06165306592037855 0.06508247802146014 0.06879575819384776 0.07304262109065845 0.0780871877592348 0.08418686268076551 0.09157572795917143 0.10044413602624867 0.11089327883435302 0.1228342677092611 0.13581647878655437 0.14883330556040336
0.03654313269617641 0.0394195928965812 0.04277625767606585 0.04634577087710797 0.049827336117145196 0.05292170841474589 0.05536576749888091 0.056955722851717606 0.05755652552824309 0.057104260420109944 0.05561083548066975 0.05317395213165787 0.04998483422260242 0.0463202448374323 0.042510439595420856 0.03888887319089461 0.03574200161274125 0.03327800913936871 0.03162168806394277 0.030828788164848877 0.030906394210328574 0.0318280294785576 0.03353898891738557 0.035954147977012574 0.03895460644697498 0.042390178864576 0.04609215108884399 0.04989619660607091 0.05367100128050586 0.05734578679657566 0.060930149873421734 0.06452203449883975 0.0683034528719494 0.07252772625048785 0.07750493506561772 0.0835918889184564 0.09118715226681329 0.10071881231947429 0.11259321700951526 0.12705478212001736 0.14391409860177476 0.16217535123766927
