_RESULTS/REVERSE_NEW/MHZ/TZ/4comp/MHZ_TZ_z_0_kriged_reverse_4comp_test.asc
ncols 100
nrows 81
xllcorner 5.5967107547500001
yllcorner 50.982328804750004
cellsize 0.00017565049999994641
nodata_value 1.7014100000000001E+038
[rows 0 to 18 of 81, columns 0 to 41 of 100]
0.29687183484607205 0.31388233113692376 0.3307641621700595 0.3455815824085633 0.35625258295560014 0.36105478909243366 0.35913123738786007 0.35076207905439644 0.3372595048385403 0.3205387199927296 0.3025745119676244 0.2849662202146115 0.2687283299721183 0.2543015031818074 0.24171110527969153 0.23078749707038793 0.22137209115174025 0.21344880306875688 0.20716832888795816 0.20277441931483278 0.20047788006221737 0.20033450415203147 0.2021693425531213 0.20556981735031327 0.20995372205747662 0.21469874204078881 0.2192938074648521 0.22345472951602122 0.22715944905943788 0.23059991468817997 0.23408623467692946 0.23794628792844674 0.24244465585800323 0.24772292697214895 0.25375556757520923 0.2603210145196371 0.26699736533449353 0.27319725053999244 0.2782515370048821 0.2815352614577722 0.282607280073215 0.2813198696600391
0.310237707717582 0.3310480456809545 0.3518281340459131 0.3701470905223072 0.3833482346512551 0.3892190445521582 0.38667334636451733 0.3761161483038377 0.35929088326357894 0.3386908239347276 0.316835568456656 0.29571801001508263 0.27656427660935934 0.25987579404415123 0.2456399452934684 0.23359597874147378 0.22347187217538309 0.2151351799585853 0.20863047514291408 0.20411454299080017 0.20173473317664434 0.20150695931923815 0.20323760572679045 0.20651387901953114 0.21076933352158472 0.2154106116391356 0.21996527417427092 0.22419396923874096 0.2281236298070614 0.23199885654075744 0.23618527041737603 0.24106524659486772 0.24694782047281982 0.25399426113274587 0.26215476836922524 0.2711197445487326 0.28030226064118324 0.2888763668245088 0.29588969069366394 0.3004441787659596 0.30190312990415036 0.30005606121521056
0.3231370309393207 0.34761336517387337 0.3721462041024337 0.3938064879583149 0.4093611699937885 0.4161168470723866 0.41278509151814796 0.3999358276713832 0.37978098657671755 0.3554096777494551 0.32987879964117506 0.3055494263909657 0.2838293771951142 0.26525632808147015 0.24976300571791038 0.23698480559914212 0.22652163464469957 0.21810481406780025 0.2116489093705332 0.20720057739574602 0.20482675144202375 0.20449685131917186 0.2060047073982918 0.20895690494324198 0.21283428336613636 0.2171109378029306 0.22139060928169843 0.22550759501488243 0.229554152480475 0.23383320793405582 0.23876625425360173 0.24479045587467177 0.2522619963696294 0.26136561564227123 0.2720272032369357 0.28383772043653205 0.29601477467250176 0.30744082262020345 0.3168099489804249 0.32287931100259515 0.32476571218798983 0.32218426549548096
0.3351273229563252 0.3628876099226232 0.39072115517417105 0.41523009567623403 0.4326585979557095 0.4399057162712378 0.43555647692598487 0.4203981188736783 0.3971198523094928 0.36936967448726066 0.34067609294656265 0.31369871751055795 0.289972619866803 0.2700396240735617 0.2537647321827365 0.24067692964535614 0.2302471958822077 0.22206566953835083 0.21590661058885946 0.21169379220039433 0.20940360236535374 0.2089564156463652 0.2101417471148199 0.21260522335093007 0.2159036183723529 0.21961073212739915 0.22343554676315652 0.22730648824489946 0.23139143802478213 0.23605416948155644 0.24177127403586335 0.24903472085089817 0.2582505901262805 0.26963152163288623 0.283080869064872 0.29808218701033407 0.3136323312035824 0.3282758878966714 0.34029136386937614 0.3480291776955101 0.35031930738557543 0.3468005068533501
0.3463664347039253 0.3769366957338105 0.4074633979600213 0.4341205429383514 0.4527179658594534 0.4598709001250273 0.4541593564448795 0.43666091470899976 0.41053896884258084 0.3799288243621037 0.34872533500735736 0.31978630241431777 0.2947023697157166 0.27398149356020285 0.25740945033521717 0.2444126918909354 0.2343423796903845 0.2266546766658401 0.22098555853655588 0.2171335739833679 0.21498186790649387 0.21440367633161617 0.2151940771315271 0.2170556902730979 0.21964396669117092 0.22265474903702992 0.22591949968406216 0.22947070058049027 0.2335551235890875 0.23859642655268348 0.24512390229051648 0.2536826995873422 0.26472899329199673 0.27850467649881183 0.29489016718969124 0.31325450911067954 0.3323548799584017 0.3503656931672954 0.3651099755789503 0.3744972907277023 0.37705799260493056 0.37237179612064314
0.3578072521810746 0.3908674895408554 0.4235795107365846 0.45170558738712024 0.4707032496806656 0.4770436331612541 0.4694547293726857 0.4494100611791097 0.420565893422875 0.38748116866009297 0.3543099555507264 0.32400188285962195 0.2981247959597609 0.2771087159219884 0.2606439236651337 0.24805569971358218 0.23858533471482873 0.23156677543532617 0.22650704899702273 0.22308527616664514 0.22109563197131757 0.22037048631595746 0.22072110893390012 0.2219214144789197 0.22374009359921884 0.2260059804841891 0.22867842336506583 0.23189448867458345 0.23597743110515512 0.24140699827155218 0.2487606261062213 0.2586314685875956 0.27152005704538107 0.2876909974519057 0.30699354964029474 0.3286711570471952 0.35122741672367647 0.3724532971114863 0.3897112143206072 0.40048148418716206 0.40302683477530754 0.39691435228056404
0.3711882184853655 0.4068381855079667 0.4416069477105585 0.47079643886799194 0.4895399876527231 0.49428144302263244 0.48406632303677744 0.46091796889293246 0.42906569952148715 0.3934843133139021 0.3585187793643543 0.32712335944773396 0.3007677558201933 0.27975268668268083 0.26364465540971266 0.25165682611127244 0.24292108830816275 0.23665608127986298 0.2322492386597839 0.2292695978236628 0.2274313140021586 0.22653538974919882 0.22641970340270182 0.22693926608310255 0.22798244899291856 0.2295123702538974 0.2316130791889125 0.23452096320003185 0.23863036176589603 0.24447163599065294 0.2526633667136629 0.2638365558843833 0.27852183564488203 0.2969881566623933 0.3190323596974325 0.3437516607237851 0.3693833583549423 0.39334109789312416 0.41256222525457364 0.42416522236543586 0.4262322541732184 0.41839916377438807
0.38880842019547995 0.42778180475589317 0.46507886135195686 0.4953901744087273 0.5134606761981421 0.5157755157168089 0.5018815020483618 0.4745746172748298 0.43883307491576545 0.4001303367487089 0.36299857490121934 0.3303426536079168 0.30346608097818145 0.282479909684382 0.2667819039689677 0.25544374543393505 0.24747191339031666 0.24196435700696117 0.238191214265883 0.23561855076010452 0.23389016542862215 0.23278621790470627 0.23218074205755343 0.23201609969082715 0.23230144977401374 0.23313023297900792 0.23470443380154546 0.23735298568768448 0.24153566101133614 0.24782755554179012 0.25687939521597697 0.2693449756023701 0.2857619621865633 0.3063722992076877 0.33088353911083473 0.3582123671913571 0.3863130607360385 0.412242186583922 0.4325836672857874 0.4442136855755409 0.445173034737612 0.43528072872559953
0.41313438001094177 0.45691862515576526 0.49793316579942076 0.5299739958399962 0.5472185347861102 0.5462094695332339 0.5272084150701777 0.4941014124302437 0.4529100026263062 0.40979222461122505 0.36953062325781527 0.33495652394551 0.3071423785441632 0.28593759596530216 0.2705085105862726 0.2597369892025448 0.25247032726104895 0.2476653239635974 0.24446586103805376 0.24223516391936611 0.24055295537088953 0.23918766818301443 0.2380579847726204 0.23719850233903522 0.23673903372973043 0.2368991016194717 0.2379928583057096 0.24043680513178883 0.24475223682050679 0.25155403392398373 0.2615155328690362 0.27529542320893485 0.29340904704913356 0.31602935927568776 0.3427233151901131 0.37217788259783874 0.402038798868088 0.4290305548169092 0.4494772357464156 0.4601669169613129 0.4592734817956438 0.4469357198009745
0.446262586951191 0.4970947121723796 0.543729393923935 0.5786356337086662 0.5951233323087612 0.5897689567070884 0.5638171263284152 0.5226784679869534 0.4738382133540909 0.42441823979126636 0.3795625621897563 0.342016741593343 0.31254950560556444 0.2906617381612495 0.2752100153238438 0.2648235505164185 0.25814325686192285 0.25395186519003565 0.2512470894179643 0.24928089869276113 0.24756959097166692 0.24587604882238182 0.24417119203118884 0.24258735197452658 0.24137677108792469 0.24088376705059716 0.24153233652145625 0.24382484155542444 0.24834292993697105 0.25573856246205107 0.26669991064709275 0.2818733770922553 0.3017210160338244 0.32629935097417967 0.3549734993418415 0.3861387175335555 0.4170951809711969 0.44425511578174287 0.46377990972034255 0.47253356585743683 0.4690076801085815 0.45380265864593566
0.4891911800781602 0.5498633499786395 0.6045613077870424 0.6438603174259054 0.6598007400343319 0.6489487652838138 0.6138662857937139 0.5620347516144976 0.5029259557652165 0.44496421503264433 0.39378109450248056 0.3520132183624249 0.3200350194110292 0.29689732782767275 0.28105940788441386 0.2708293799371065 0.2645900417306479 0.260911996595939 0.2586208610390924 0.2568428754673677 0.25502665236865774 0.2529327551711299 0.25059117236017975 0.2482386560642975 0.24625424998738266 0.24510905266703525 0.24533781468282448 0.24752990134279768 0.25232885776908726 0.26042421867149707 0.2725153153409786 0.28922373115172273 0.31093114385620707 0.33753138320384757 0.36812336631216847 0.4007410000387909 0.4322911572526901 0.45888174051026653 0.4765961782461058 0.4825246980547278 0.4756462134928789 0.4571515300816298
0.5408621359074933 0.6142104099515319 0.67950337707915 0.7248072124037237 0.740457019779948 0.7229656698727127 0.6765766637384213 0.6114238233179674 0.5395052377005103 0.47087689727958765 0.4117587098501573 0.3646305078638179 0.3293679937319672 0.30446839291875727 0.2879118782448127 0.27762582296776434 0.271691392498766 0.2684346289174732 0.2664855798568524 0.2648301550269602 0.262843522021942 0.2602855250390109 0.25725110069523205 0.2540880851801688 0.25130738308968714 0.24950981651972806 0.2493427017372357 0.25148450935624256 0.25664386784474225 0.2655515791613908 0.27891986546680786 0.2973405360848244 0.32109658953075265 0.3498811083292133 0.3824679595068735 0.41646103557705894 0.4483211592335405 0.47384729496054095 0.48910784901914983 0.49153866114446854 0.480740439904493 0.4585938951622951
0.5971562740571316 0.6851240915327663 0.762795056380468 0.8152591105377527 0.8308224370962279 0.8059246912330058 0.7467732566541955 0.6665839740591323 0.5802593717459664 0.49969281211963373 0.43172669812885184 0.3786205098417169 0.3396638438830643 0.3127282058096864 0.295266405036926 0.28479513994455957 0.2790745084506297 0.276171774931647 0.2745105706377695 0.2729294384412854 0.2707277049615146 0.2676663737170469 0.2639095691068278 0.2599202934390022 0.2563435011664116 0.25390988216724764 0.2533786629280026 0.2555177676146969 0.2611036776515242 0.27091389309966496 0.28567998416825136 0.30596736091551785 0.3319540864760948 0.36310950417978666 0.39783982647663096 0.4332644180493674 0.4653523852381703 0.4895829605906175 0.5020480602843733 0.5006064546651358 0.48556455215831623 0.45954914563854027
0.6504380944607483 0.7528249624683664 0.842773351750073 0.9023708987167595 0.9178950376710102 0.8857379495843372 0.8140948691236024 0.7192607771546298 0.619003542273314 0.5269881060268738 0.45061210958421205 0.39187053356822277 0.3494541006572724 0.3206197975712769 0.30231572484243513 0.29167224729422464 0.2861492703706031 0.2835710480004348 0.28216588665594144 0.280632721096321 0.2782006811626633 0.2746358130190213 0.27017301198061844 0.26538901216496014 0.26105836187291737 0.25803524939060773 0.2571844680764852 0.25935919876296976 0.26540340109675725 0.2761454767722415 0.2923445152284282 0.31454919382522717 0.34283927802524067 0.3764584623647775 0.4134315250585524 0.45037086153738104 0.4827338786474106 0.5056758056996009 0.5153282131122907 0.5099995839875253 0.4907213197289092 0.4608655438277923
0.6905076874960988 0.8039091247338148 0.9031766056178132 0.9680754585088139 0.9833654395514313 0.9454792518905785 0.8642071920404313 0.7582369429183672 0.6475179520230847 0.5470239137608985 0.46452014445524054 0.401755723566081 0.3569427251869986 0.3268659685376812 0.30809379511062485 0.2974671599168334 0.2922175198615019 0.28997875865995426 0.28882225667943934 0.28733423440169925 0.2846902075904063 0.2806681449311998 0.2755717784607711 0.2700825292401595 0.265090935261019 0.26155947873022745 0.26044446013096184 0.2626734976785915 0.26915182384418423 0.28075799822329345 0.29828389438693015 0.322273015326729 0.35272451821536754 0.38867946575395895 0.4278081537999139 0.4662448966561831 0.49896255277661744 0.5208104139717774 0.5279577854768129 0.5191319724254851 0.4960309080562264 0.4627016641667055
0.7073664220752565 0.8250667903576594 0.9277264622728756 0.9942148417662465 1.0088178053118944 0.968157089176584 0.8827877890255683 0.7723880264408979 0.6577308166941704 0.5542268618575745 0.4697088583794808 0.40577738886924825 0.3604325985118043 0.33026752273758675 0.3116993653378767 0.301447563570483 0.2966351865754834 0.2947930268860879 0.29389988189440786 0.2924747744359267 0.2896670879305347 0.285276612632768 0.2796703632905576 0.273617628873518 0.2681021006533957 0.26417052301482385 0.26284881725841824 0.2651209725462712 0.2719398513400639 0.2842255224835318 0.3028006780299681 0.32821210835510806 0.3604032101724501 0.39826024511654173 0.43917283659954104 0.47888999361070234 0.5119898510430704 0.5330688448963555 0.5383192842647743 0.526796304836032 0.5007216962382937 0.46467114588112757
0.6949442278700144 0.8082299518136962 0.906573265469288 0.9698146990421576 0.9831171077837082 0.9434703783650371 0.8611083276688596 0.7548802301090172 0.6446290068829255 0.5450871452113192 0.4637835580417809 0.40230983982569646 0.35880391689473995 0.330026602923415 0.3125325395590566 0.3031290538588884 0.298979807833484 0.29762135578925375 0.29702122390666086 0.2956894706125283 0.29278449015426716 0.2881399390689144 0.2821779525649426 0.27573331826384634 0.269853519584291 0.26563927917528696 0.2641584644224285 0.2664274180048584 0.27342600249067045 0.2860987260612875 0.30528822349840484 0.33154689666098175 0.3647900093447854 0.40381645425978574 0.4458508306739375 0.4864099180569374 0.5198285101433813 0.5405403163634147 0.5447385397569603 0.5316633979669398 0.5038433023695298 0.46616871508862506
0.6537932147529385 0.7543218571196258 0.8410124470955164 0.8964229841122717 0.9078440401617917 0.8727899700046436 0.8001565597794169 0.7062686616050836 0.6083995311947994 0.5195464655378845 0.4465623635575942 0.3911354279076114 0.3518522697189053 0.32597165066633343 0.3104565810239658 0.30240308394459975 0.2991616448405374 0.29838419616170697 0.2981108835501803 0.2969039840522975 0.2939681833587455 0.28918374281163856 0.2830190844856628 0.27635065066020703 0.27025865070005095 0.2658657709970055 0.26425214536837704 0.26643963740989773 0.27341031283615863 0.2861103278683221 0.3053847165569854 0.3317882423484327 0.3652351209617147 0.404514068132241 0.44682433097302177 0.4876400669165482 0.5212427218406217 0.5420179268380807 0.5461353261202423 0.5328478763200395 0.504729550237874 0.46673183168978066
0.590999213137992 0.6731003848313044 0.7432633080463112 0.7878520373654133 0.797043887120149 0.7689574227972567 0.7105125578498276 0.6344541155066192 0.5544477254340017 0.4810488960981683 0.42013506309446136 0.37349699149852744 0.34032941968371944 0.3185865570443519 0.3058176101295343 0.299549849693833 0.29743216131845157 0.29732089918869176 0.29740023619039496 0.2963383579550334 0.2934196507683436 0.28858282128612855 0.2823352297597538 0.27557419262032085 0.2693852599070841 0.26488447513827484 0.2631370829555833 0.26514501486598346 0.27186799633317843 0.2842303269999779 0.3030603981238159 0.32890996782128556 0.3617167675593115 0.40033397605297494 0.4420731363127991 0.48255446066015617 0.5161964570915301 0.5374528572370774 0.5424473692927452 0.5302753940719296 0.5032970782908865 0.46627233030899107
