_RESULTS/CROSS_VALIDATION_POSTPROCESSED_80-20/Berg/GZ/9comp/1/Berg_GZ_z_355_kriged_reverse_9comp_spherical_1.asc
ncols 100
nrows 90
xllcorner 5.6208707817415728
yllcorner 50.959635321741573
cellsize 0.00013419651685393446
nodata_value 1.7014100000000001E+038
[rows 38 to 56 of 90, columns 44 to 87 of 100]
1.6955516894557425 1.6250967901939135 1.5468868845841424 1.4619290692318714 1.3731951061698702 1.2847694659604945 1.200610252125361 1.1255886588476967 1.0649436700129828 1.0196905973054833 0.9901399907029549 0.9697521855520173 0.9466648268828654 0.9273754728352799 0.9102469303048094 0.8951209592282559 0.8837670949411113 0.8770427087388875 0.8766941701620177 0.8848260303439779 0.9040226702181763 0.937047095832311 0.9861176060093011 1.0529514535377114 1.1393253174227758 1.2470762239770248 1.3758070815549772 1.5193985739986937 1.672317170972993 1.8343681898416095 2.001023812072293 2.1607490675791414 2.3042726898221835 2.4244973185995766 2.515258661035094 2.575815204171234 2.608401352627458 2.6092288173796354 2.5741518900937956 2.492592460193926 2.3665229452243763 2.200980215992447 2.026580381557021 1.8665677816134338
1.6526177003595266 1.585986083555149 1.5104691140176052 1.4268662545938056 1.3383092727909307 1.2491407649972655 1.1674832220251248 1.096850244537053 1.0387720040115342 0.9947542438663982 0.9639486307226546 0.9321032546019691 0.8994674241587082 0.8712171423318054 0.8459264980974533 0.8223364884022154 0.8014522764754773 0.7848005817012356 0.7741867456841312 0.7719450849350924 0.7805974358569774 0.8033545143550067 0.8418425181493416 0.8966807259086872 0.9694763617814 1.0626792227632096 1.178619689356894 1.3181301230755975 1.4751241015513517 1.643365557404523 1.8179672891231706 1.9874436259964194 2.1430506947162167 2.278914997973034 2.3896471606073835 2.4708141662945016 2.525815736089884 2.5516343977438813 2.5439800723275123 2.4941426237587776 2.398060455094353 2.259412336760358 2.08756972754365 1.9231518696084564
1.6226468381146804 1.558191285974843 1.48509591714621 1.4026731081765265 1.3147626236187286 1.2309555361464695 1.153732341062908 1.0848449959518058 1.0265646801895165 0.9815422221316197 0.9419737941640858 0.9002992484907577 0.8605558760416367 0.8247882518287922 0.7910054825417323 0.7591453033073193 0.7321564156568338 0.7104714767518638 0.6944606793203287 0.6850060413034774 0.6847221315186269 0.699596448865739 0.729947226721993 0.7743388795587914 0.834795677013659 0.9146549477386544 1.0172334376745245 1.14472458951826 1.2971885454200587 1.4653053628167725 1.6401240746738617 1.812162447804534 1.973290781176688 2.119001856110557 2.2451640149679046 2.3460249829194395 2.4217662096150234 2.471572257629642 2.4900479103093147 2.47140278318426 2.4073111605134274 2.298547067796537 2.148686713955783 1.9827239736877202
1.6054625286166242 1.5436976632756585 1.4726099215972346 1.3927717027650304 1.3130861799643554 1.2351531268960734 1.1603286700878535 1.0906732402176467 1.0291873049661466 0.9777300774332803 0.9252254716733602 0.8737733073152837 0.8261632382330127 0.7825448557368107 0.7427016048057612 0.7069992623209113 0.676031391623438 0.6508616663162426 0.630660538793502 0.6158182800396873 0.6067263482408929 0.6173727505793453 0.6424350309726831 0.6779032469930885 0.7268536860867415 0.7937746781952619 0.8841244313300866 1.0021748016728744 1.1488613369454277 1.316429384137355 1.489120213225025 1.649768827446511 1.8011443305077428 1.9491897492374413 2.086933958265437 2.2057569158685024 2.3011102615819206 2.373748304898141 2.4175894179052646 2.427043917068207 2.3958828398337806 2.3188409559931085 2.1978197680854477 2.041957263426184
1.6023059222274132 1.5444066268131165 1.4773323236768143 1.4077650998149627 1.3366196847439045 1.263800108484838 1.1902409528443412 1.1179452126176055 1.04936966997755 0.9790184825128707 0.9068716335751776 0.8453129994111004 0.7942147299996913 0.7505501669827668 0.7096892942903288 0.670676887527442 0.6348338646509623 0.6049656355315831 0.5814741126472347 0.5637868086487396 0.5535756296490243 0.5559965084602283 0.5705619073302528 0.5958202329404834 0.634538705340161 0.6910729306653872 0.770378264742054 0.8793618587665216 1.023745997313731 1.1971300763968244 1.365498677931584 1.5063417747574854 1.641028137117722 1.778804721712313 1.9193404258501092 2.054140367106709 2.168754397921961 2.263028200081551 2.3311082074801925 2.366486361890748 2.3658364706011508 2.321233482311815 2.2305598659735297 2.0973001036259027
1.615655451523896 1.563499511886313 1.5091849877256955 1.4513342722690181 1.3884788185329722 1.3207323930014827 1.2486910274363856 1.1697176763406238 1.085251143313648 0.9858230684206168 0.8861822596370482 0.8222489864522321 0.7800229882643491 0.7390056261553727 0.695858152577597 0.6517973166510118 0.6096393237398792 0.573636310289228 0.5460504984113056 0.5261005337677424 0.513112765814624 0.5080596286353446 0.5115844808236788 0.5248746389066838 0.5512114103872509 0.5956663940906795 0.6648141191137968 0.7655833601147906 0.9038439709218925 1.0880980910212592 1.2517801957062467 1.3611290817847188 1.4864293530883732 1.620117774250407 1.758417729691512 1.8975319317515633 2.029939837085543 2.1445175797293348 2.235324929349305 2.2952264761460377 2.320557233639602 2.307128280549682 2.2471744571574837 2.1417056245699304
1.6494337158119532 1.6104754084159745 1.5714897611607093 1.5263392745063384 1.473131299067109 1.4110960677000386 1.3345894827466107 1.2462153413239083 1.1470137874378883 1.0218409691830677 0.882550867911459 0.8339901094580194 0.7984112187409887 0.754805225944356 0.7053359206845993 0.6528360737304824 0.6012975310591328 0.5569179156105035 0.5238318380306058 0.501054745188896 0.48393757844294405 0.47116134230183826 0.46367192920103595 0.4639111212250886 0.47611514826037293 0.5065002250812676 0.562655733269636 0.6511536066329725 0.7753622165319827 0.9279668188006293 1.0745906141366295 1.2003211428214327 1.3338076452434948 1.4724820888251635 1.613654427063253 1.7543650444016905 1.8914266791268515 2.023566686701489 2.1351128628952543 2.2176075857580386 2.2668742859342155 2.278746270717303 2.248449548935034 2.170811531165511
1.7113693177551508 1.690118839627611 1.6671971493270425 1.6364529203611227 1.5938003171847366 1.5304907429100238 1.449443497023745 1.3564318614898823 1.2485258725220334 1.117374358436185 0.9971350417407018 0.9185880825551335 0.861556121432005 0.8046725273066803 0.7431937134513509 0.6780138003934995 0.6125472215346176 0.5549397678531856 0.5158007325452763 0.490505808496871 0.46850618409407646 0.4468000873750885 0.4271584323733424 0.41299937318486607 0.4095619826919665 0.42455224275396425 0.4664279554306082 0.5414074077169051 0.6496411428464262 0.7810112115528604 0.9178813264366058 1.052578693273137 1.1937253655692643 1.3409987464911293 1.487532929132131 1.631398029931274 1.7700036463001914 1.9060938693103997 2.03534689965092 2.1379968019733675 2.2089247015587508 2.2428798739784095 2.2359300233137667 2.184910918246219
1.8096430625010707 1.8060169029958655 1.8006957651280648 1.7856523682022667 1.7457061190251297 1.6814790193642928 1.598890978699277 1.5037111053448007 1.3911684302332832 1.2656257924960197 1.1486556118961564 1.051543560650401 0.9693335768394536 0.8930677659281124 0.8154156225020356 0.7346428441664824 0.652056421443666 0.57202341230746 0.5277717464197175 0.5010120746370377 0.47100139040651334 0.4379744825537355 0.40431945365778266 0.3739569567110383 0.35304586348922945 0.3509158344619838 0.3792248546734945 0.4447978308893311 0.5443039458276503 0.6669808186399708 0.8017873467845278 0.9392142509488541 1.0814635855610621 1.2330287999575555 1.384110037666792 1.5307017594900356 1.6705133982586 1.805941581614721 1.94066340438594 2.0606133835446343 2.1503920835671892 2.20387664966351 2.2163746074809954 2.1853096532080127
1.944508253299115 1.9607117208819969 1.9757545159583383 1.9683588307491138 1.9307161494381921 1.8661116166175329 1.7809915749013787 1.6839512180066505 1.5753328810873317 1.4541552558695732 1.3344698835301947 1.2233500073650285 1.1202760168126058 1.0242656861355222 0.9292722113522176 0.8327600603149616 0.7362431855281479 0.6479646268405924 0.587053503680337 0.5423637668325073 0.49700865325499904 0.44904408444492555 0.39915619092194127 0.35104526582042356 0.31005663774043407 0.2871288745184325 0.3034522626429122 0.3683200739072024 0.4679238197258231 0.5888540390827754 0.7230858740233062 0.8632916880632607 1.0047242198027195 1.1540303971719064 1.3069608374173447 1.4543529104806037 1.5938478476693798 1.7278090041497634 1.8597351018211499 1.9891473740041923 2.0946623662440755 2.164727700014758 2.194001356547868 2.1791492716228675
2.1136317836506726 2.15492382636941 2.1858922128269507 2.18323799195148 2.1466096444138327 2.0797772727089057 1.9912757445293565 1.8966823642567674 1.7964056660545367 1.6791924725860896 1.5569126537088287 1.4357544205812045 1.3166120664908048 1.2032633749761465 1.0921256135138673 0.9807018646460627 0.8714446243412947 0.7724190785173439 0.6897957187712711 0.6191413383468314 0.5522784016052815 0.485868620822768 0.41868817282840104 0.3527105645983021 0.29084437554441706 0.23911401943265148 0.24359063179912313 0.3235267297940307 0.4286194848589806 0.5497105897047172 0.6827969843999823 0.8226819156634245 0.9646031464275697 1.1077625092579528 1.2582410256345005 1.4037246228546765 1.5406485926539082 1.6716211056341663 1.799719090396522 1.9270646954633466 2.0445179881055155 2.1280025486322898 2.171086808683542 2.169785514689051
2.312408917561813 2.3814894169347145 2.422745296610363 2.424870734535577 2.3882897267231677 2.317478693120628 2.2233174077696085 2.137445365198103 2.047407269223791 1.9361078168683683 1.8145656118054119 1.6889512809019465 1.5605725810690503 1.4344296744708158 1.3103660335973581 1.1848184117986647 1.0596856249546562 0.9411014999280334 0.8330323261117614 0.7349558692024506 0.6437325026117156 0.557265552788575 0.4731022427647686 0.3920938097358389 0.3173021134347893 0.255219484132239 0.2548526810699462 0.33355658347635736 0.4358146088743071 0.5531024929826943 0.6821176934261733 0.8184117197903076 0.9576633345078264 1.0960606196601999 1.238734763640867 1.3792734020386517 1.511022409273286 1.6370141941850274 1.760039273406172 1.8819809693029759 2.0021254421005303 2.0957725499026947 2.1495405248661403 2.158904163668127
2.5300073303842217 2.623937378644676 2.6801750302991825 2.688940433452394 2.6499145018549632 2.570866561674224 2.4716103088149795 2.3939672982840543 2.316517094680808 2.2146982288797434 2.099341094067162 1.9769423253455118 1.8494375446148115 1.7187068103384395 1.5885768320301166 1.4522503374838256 1.309195872868762 1.1645945828225597 1.0258442920994304 0.8980151039664813 0.781476767539236 0.6746496831115281 0.5750229753296778 0.4829681695885817 0.40472966398322296 0.3536392666238959 0.35288317615075404 0.4067621693235941 0.4939455516164987 0.6011714075165494 0.7218822025935951 0.8509103601815301 0.9838191814061426 1.1166830312849054 1.2484889705715918 1.3805877283911896 1.5044467529367092 1.6233025462857815 1.7397328604869366 1.8547594783055825 1.9691922458458015 2.0695561691875404 2.130819619710347 2.1478393593293674
2.754636500598142 2.87450942660391 2.9517585819536643 2.9693013488995437 2.9227239299032455 2.826807650116894 2.7217456987857642 2.647900794026341 2.5847902464984474 2.4966673670893518 2.393824155521573 2.283537848021666 2.168815784598725 2.0485022343669925 1.9259074214227283 1.789781716933021 1.6306304769471618 1.4536232560079256 1.277777928630827 1.1176224264726258 0.9763760112173917 0.8514289321488437 0.7390019592707887 0.6380556237670316 0.5561964619530027 0.505523220369479 0.4976241059824086 0.5332567115449888 0.6020518415328578 0.6943688022444603 0.8023575055145846 0.9201200738362667 1.0428908852674255 1.166567911575273 1.2875663293383763 1.4067183570284225 1.519750477994331 1.629589894724419 1.7374782276978504 1.8439547119968616 1.9497158684701577 2.0502821428394142 2.115869728552465 2.137495922617492
2.968946278844257 3.1223544547859796 3.2317868486059713 3.261162764806614 3.19469343910844 3.0670309114951047 2.9505100827601387 2.8747527110236044 2.8259814281599844 2.7553975239415758 2.670376820872994 2.5796376902017393 2.488847081516629 2.3989720382715025 2.3074764706398754 2.1999819942926533 2.0349815138953935 1.812272904768615 1.587774813467754 1.3950696939244176 1.2357795069348596 1.1010375152438125 0.9820125267298631 0.8736541989249611 0.7831332286512829 0.721823819827714 0.6982529702546592 0.7127771488144272 0.7600684280127884 0.8328220881621973 0.9233352499988124 1.025416977687183 1.1339896519785142 1.2447155260956477 1.3537733309375026 1.4569670539381365 1.555728112077649 1.654174564730522 1.7515352343134283 1.8478038287063216 1.9435229439057105 2.0382849577111157 2.105097592464649 2.1283069091280677
3.150825359680805 3.341084524964394 3.502361295752853 3.5599524138419874 3.444805903023522 3.2690812151758792 3.1325253957852746 3.0504639986251054 3.0132587245363167 2.9626344566330802 2.8976774211510006 2.828756930206754 2.7654931689206337 2.7161435537314436 2.684379308039846 2.6634257428683057 2.523789862826237 2.210728770767517 1.9240631238174783 1.7117966617903941 1.5561436066270358 1.433517495184793 1.3238571829577006 1.212862532021008 1.106456596004166 1.0203363000312664 0.9672029433580113 0.950771806272549 0.9695037536059283 1.0163176200744162 1.0837156265412209 1.1651894571567571 1.2552437527507745 1.3491769680914723 1.4428806542991577 1.5293464394986502 1.6119760100639398 1.695484427526155 1.779706204425827 1.864182393823333 1.9485518749094568 2.033320329900933 2.0983672982692507 2.1202166991303817
3.2743715034973233 3.48324434079616 3.6886786607512003 3.8323633209862664 3.6031650421394086 3.3905538769935704 3.2413807480983605 3.154391876537325 3.123985109784345 3.09444064318365 3.047571482966706 2.994408489762036 2.9470281321389695 2.919639827429053 2.9325199084592275 3.018244768836027 3.0058544891608316 2.511354362763841 2.2026027027483717 2.019580913408589 1.9150265028121487 1.8501787966720102 1.786620022155503 1.6866219021476103 1.551881354141296 1.4169777438269036 1.312010183302637 1.2499898826873328 1.2294100937489874 1.2423005906228086 1.2803201233194765 1.3360824365819188 1.4033350539732152 1.4767840913339154 1.551924917581147 1.6219734802815604 1.686053367175954 1.7525226729483079 1.820865170602331 1.890854854908465 1.9624473159041016 2.0351936048333568 2.095012772448151 2.1126847333971726
3.3239861740026737 3.512002152351865 3.671390888478101 3.7197502135393927 3.5878538957637893 3.4023801205909288 3.2624147030980737 3.1763616079222587 3.144322619676212 3.1349701275686916 3.1017693843201357 3.0535640193127964 3.0006005103201043 2.9542527760409696 2.928401225066252 2.912713231670719 2.785754165285095 2.516074867054496 2.3265218526207794 2.254095977387985 2.2681670674741907 2.3332992619007125 2.3911790460156372 2.334784941007734 2.1392376455593047 1.911507551511495 1.7264596987848664 1.6022399254882407 1.5316463713243123 1.5033002203428691 1.506495920728098 1.532216453006427 1.573059402250831 1.6229657642357194 1.6777224564859496 1.7313146096493905 1.774753802639797 1.8224288161007862 1.8735086186035057 1.9274316219488263 1.9839094704288864 2.042851336184946 2.0938616771615175 2.104706533660791
3.3062808140094635 3.452879878461109 3.555208213650507 3.5671323087574267 3.4710641422688746 3.324371679909356 3.2038633676212713 3.1230340920343336 3.0855402697563328 3.0841102464715346 3.0610566711140246 3.009932353028081 2.936362436468919 2.8466745424580804 2.7409521419883407 2.6074565690623808 2.4394118266314013 2.3023893774874673 2.2819013745533434 2.3741685656800855 2.5558949716722137 2.817294573417981 3.125401131000935 3.2033063746388035 2.8355521198946327 2.4573128320526516 2.1757837525374115 1.9823047837975598 1.8578711596973214 1.7854852119930689 1.75143001685033 1.744865506517236 1.75731666587828 1.7825761044790958 1.8170765922847096 1.8524323824340252 1.8742479915038257 1.9018265754710804 1.9346236134798955 1.9717068748840858 2.0124839166812376 2.056608258527691 2.095331233597133 2.10003690053749
