_RESULTS/CROSS_VALIDATION_POSTPROCESSED_80-20/Berg/GZ/9comp/1/Berg_GZ_z_710_kriged_reverse_9comp_spherical_1.asc
ncols 100
nrows 90
xllcorner 5.6208707817415728
yllcorner 50.959635321741573
cellsize 0.00013419651685393446
nodata_value 1.7014100000000001E+038
[rows 36 to 53 of 90, columns 0 to 39 of 100]
0.005383568389870513 0.007268588602414243 0.009785541050182398 0.013045692082965424 0.017081738489014606 0.02174215947291452 0.02654026224383159 0.030526892996544677 0.032424543975210045 0.031327810035860146 0.027556953713182012 0.022544759378619727 0.01785526677176809 0.013999669748711037 0.010992661297384783 0.008669676462794856 0.006913559646408394 0.005601340143740287 0.004626404217811405 0.003904430552154883 0.0033718507136351193 0.0029820795380913886 0.0027029528942042937 0.0025516053478813246 0.0025253088510805957 0.002622590698886298 0.002896581064606343 0.003387105761114431 0.004091543204837348 0.0050245105471682615 0.006244770157691715 0.007894463705685252 0.010405673863425903 0.014207741436300296 0.019885968318153313 0.02808013354713159 0.03789165785146187 0.04770774351208516 0.05504518581659056 0.05653945709175306
0.005987479575755712 0.008045937509947988 0.01073855230401016 0.014127004173859278 0.018155990441729747 0.02255301280325338 0.02673348526398922 0.029810647238597308 0.030855483380862567 0.029409408939509427 0.025864845949474087 0.021526722741732982 0.017404754729538154 0.013899412800224924 0.01112463991275135 0.008980871555890703 0.007315387390524154 0.006044980589735578 0.005087181953092826 0.004371346683953264 0.003841347300575527 0.003454415917413061 0.0031788256594436097 0.003017028302822129 0.002992824135236579 0.003143939160240332 0.0035490591900334714 0.0042180891226157235 0.005130686928951012 0.006319855662362066 0.007853519598231249 0.00981284003102879 0.012522653598398787 0.016521422794369887 0.02230998557482461 0.030440958387039183 0.03994915661418599 0.04893930964117509 0.05452709733797743 0.054095537362556394
0.0066513726973163 0.008885342716393484 0.01174994850446407 0.015261607586818045 0.019295092908890903 0.023496608263829273 0.02723442264475059 0.029682987535893164 0.03011583973930987 0.028306297428503876 0.024800588997638026 0.020830258124355957 0.017041498381099262 0.013778322090840362 0.011159403616020724 0.009158477003477598 0.0076207427831915565 0.00642994640145637 0.005523864536842848 0.004845093954658433 0.004345790155083884 0.003988084060059457 0.0037427572577777494 0.003595012398818851 0.003593945105097841 0.003849836580400537 0.00443026511326257 0.005334460323863364 0.0065141618096621525 0.008020588642533176 0.009930860032088987 0.012340233302373521 0.01536970838698434 0.0195738315131821 0.025523867099643917 0.03369878648523884 0.043353199208808035 0.05206556477833165 0.05634313645831222 0.053540469340416334
0.007381951651214475 0.009796157149556832 0.012836128034268115 0.016482297965124487 0.02056108851900662 0.024668164592888578 0.028140741523085586 0.0301716622464467 0.03012165732401288 0.027895157085930447 0.024307267253820826 0.020426945323404964 0.016771792254599314 0.013642135965921006 0.011135362657507763 0.009222479645278012 0.007811023509601238 0.006731323649025895 0.0059102851435716645 0.00530196723978681 0.0048669526876061586 0.004573185508902732 0.004394866822511425 0.00431063346636423 0.00438602161480918 0.004802324487683777 0.005625865193132098 0.006831018607011103 0.008345360813361203 0.010226880547331388 0.01256217337760036 0.015467629115228438 0.019079594991384896 0.02358112142847287 0.029721176045233937 0.03804562468888128 0.048220104358485935 0.05625095229490026 0.05818220263199583 0.0529611134737802
0.008183914687036104 0.010781526032906835 0.013998557621706912 0.01779120562607904 0.021962045396760253 0.02608637808469303 0.02947653124536054 0.03128265952479784 0.030832475137404117 0.028110756142885197 0.024263198723106887 0.020232266225157527 0.016543892926110675 0.01345748053935646 0.011026203971797308 0.009194367325877391 0.007869271490989376 0.006922524431165103 0.006216115567677288 0.005711048674218607 0.005376702218645398 0.005188430071208052 0.005125913860392554 0.005170094142419066 0.005421045972402973 0.006085411144462276 0.007246496643790521 0.00883336936592637 0.0107493547748667 0.013037200069987591 0.01579819682819403 0.019186149526985732 0.023391405342107142 0.028614285385304375 0.03508142612478074 0.0435427785907258 0.053014742089153646 0.05943830730630559 0.0594040235613202 0.05244434449902613
0.009058396108198224 0.01183439830292212 0.015215236430802113 0.019144528828606754 0.023429726461734898 0.027669128735171737 0.031177919738520837 0.0330006830267216 0.032245046098161576 0.028921643912950747 0.024520092034263506 0.020107398456937754 0.016258047771258808 0.01316022706345106 0.01078959093174587 0.00904270664520901 0.007805643564028752 0.006978207791968689 0.0064094536286674 0.006035537465444973 0.005835987338212469 0.005796767690679945 0.005907908054448445 0.006165153873583671 0.006749958519150506 0.0078094603855325025 0.009430108562152904 0.011506566490674759 0.013865749377498918 0.016514902012656252 0.0195984978152329 0.023344599235884292 0.028027886286148176 0.033946627799538075 0.04122147155486896 0.04867237102764326 0.056223335442052706 0.06112254771598298 0.05978167901844293 0.051948742421754165
0.010002792928608437 0.012935892756944066 0.016435577521564253 0.020440001716449687 0.02479045506634183 0.029171455792843946 0.03299694008949668 0.03522236675392907 0.0343858031099019 0.030202727760390492 0.024830924420111603 0.01983354706958617 0.01577213562913989 0.012668785007808301 0.010378613921784909 0.00873677047536518 0.007604802083435486 0.0068817483685573505 0.006461983690341144 0.006237048565622239 0.006196812617752829 0.006342734507755815 0.006683982309018919 0.007258907381448556 0.008349385090528986 0.010078406544965179 0.012356170475113795 0.015065584743143233 0.01781942432196785 0.020611631669605363 0.023736938697667378 0.027563537123777005 0.032469942193410053 0.038741772767612113 0.045351928430227145 0.05172763383729562 0.05742068671901578 0.060645779274172085 0.0587738997573128 0.051170334106020086
0.011012962180503945 0.014058107635972858 0.017583703385075436 0.02151976219092162 0.025756073909001097 0.030115872915191542 0.03427513604338251 0.037458041684051514 0.037299089692000645 0.031583018175776544 0.024690393923051966 0.019093213752862836 0.014927345969707729 0.011910111405441319 0.009759957268254736 0.0082591798440584 0.007253481347806714 0.006641888082572788 0.006356134189630306 0.006283318402075103 0.006409298404386386 0.006755710281374293 0.0073613543211339125 0.008336952291581573 0.010106345906849138 0.012801725684123815 0.01623055751408535 0.019784281484902275 0.022613762716403755 0.024998655953616018 0.02767360828291392 0.031180092927146755 0.03592987342637652 0.04112504458367941 0.046089442678765136 0.05071792487858115 0.054785186997498236 0.056885777395674374 0.05543578350013111 0.04925818594490226
0.012088365887809071 0.015172492723053052 0.018574202608567764 0.02220592152866385 0.025995716279892826 0.029877704371772958 0.033778080282672304 0.037601899170278154 0.04083633939779522 0.03128620547418136 0.023238786568636535 0.017643469618191177 0.013725962768049276 0.010971589387763355 0.009040175542299737 0.007707124389684353 0.006826843260513973 0.006311011395098874 0.006116470237904979 0.006165010518059614 0.006434525756094979 0.006964364033438185 0.00782039282910504 0.009198784936078168 0.011632725797336247 0.015503355323810355 0.021022114766209986 0.025962872710094058 0.02771286851352737 0.02875773456897132 0.03048122326010092 0.033330360316243514 0.03694857137669187 0.04021480073429762 0.04308230634860794 0.04557354619019234 0.04764470945651467 0.0483405364748996 0.04748359510740821 0.04404257789221674
0.013239650060465532 0.016261067648235282 0.019334275487886646 0.022363196708384603 0.02530769654660315 0.028127131215384318 0.030708046635033102 0.03268082145116674 0.03224226210469156 0.02662479229797638 0.020487654959945277 0.015833187863311338 0.012483426929768717 0.010098142627766515 0.008413996975405003 0.007248802139924163 0.006483116581705039 0.006045602651311472 0.005905344189907524 0.006023012146462968 0.006356070652904811 0.006966113929753412 0.00796120066476777 0.009566259234644901 0.012304311517268181 0.01691709792241103 0.024769839914775688 0.032379559197815704 0.03071184136205391 0.030251660357865175 0.031105793550208583 0.033113107229756515 0.034918585095184015 0.036210271297562394 0.037028065835052665 0.037458900189341636 0.0375551649248509 0.036692784483156556 0.03496810577151575 0.03261165021662762
0.014497001620116584 0.017321510435739117 0.01980984527926831 0.021937751158101808 0.02374394529478227 0.025216195226614797 0.026329221184990675 0.02657776474833198 0.02496923809434709 0.021387392638371167 0.017373994069417552 0.013929794034744616 0.011269874821758378 0.009298872165120655 0.007873736237228545 0.006874590271288739 0.006216595416155867 0.0058485350369627985 0.005751232273558202 0.005911618191601813 0.006278758825780528 0.0069085753804692335 0.007876399133309734 0.009297290871879306 0.011747075889196008 0.015796347662242895 0.021776435634692923 0.027067785230884957 0.02816965642833037 0.02838790545892788 0.029146941382656708 0.03012822761993333 0.030442792989457644 0.03017157737802363 0.02942088055700978 0.028313374945240992 0.026942568172964684 0.02491168659080142 0.022280259716275917 0.019224952802079552
0.015917642597010076 0.01834614697888762 0.01992411540279808 0.020924902957934324 0.021623071356473754 0.022161481184976267 0.022330476949923 0.021757722435375153 0.02006755661540686 0.0174649533209768 0.014713184511584444 0.012227284396960495 0.010190231360117824 0.008610962945583205 0.007432445568687855 0.0065894545633995655 0.006030105413473004 0.005722690119878055 0.005658903563556501 0.005841196383132351 0.006215954745954463 0.006794066945951347 0.007573153020640387 0.008650398809912549 0.010436644095357245 0.013179765223663145 0.016841242689505497 0.020400498404211938 0.022606481173437196 0.023937469764537485 0.02511053328127027 0.02538604783198971 0.02475609272943596 0.023524529567849176 0.02187013941524427 0.019947440676040415 0.017875818972059695 0.015460113359501653 0.012736837876043322 0.0098794349461261
0.01759248768094348 0.019199219673808242 0.0194661926067444 0.01945764273526838 0.019466579621884576 0.01939663043406471 0.01905349706696661 0.018207640175641044 0.01670458412316466 0.014708635516913184 0.012708726844316636 0.010882021360765874 0.009329351563543415 0.008078907436830268 0.007115872658811268 0.006411287921348328 0.005938758035617242 0.00568288533758477 0.005644562035799659 0.005833508398489814 0.006149862603297348 0.006574034176845583 0.0071221577168281485 0.007824616411043685 0.008958467700454832 0.010632449717867372 0.012787145055309729 0.015148282558493794 0.017172893299611195 0.018794853237869315 0.019937115424216362 0.01993813287536614 0.019011921357988435 0.017437850981082133 0.01547794029820151 0.013366178580914715 0.011243003190655038 0.009075681335138594 0.006886586324995264 0.004853685362248448
0.019653966251517118 0.01901529899246858 0.01819015422755232 0.01767823966118969 0.017327988427294234 0.016977791623652688 0.016459290639617496 0.01562097893884846 0.014380359859759924 0.012821763428680086 0.011305519164805045 0.009927165055693962 0.008731486314959678 0.007740273797427566 0.006955015859484567 0.006367333121318528 0.00596827639855581 0.005754942524575166 0.005717867537704596 0.005837987314680436 0.006035054403285317 0.0062931585833027265 0.0066140214632009146 0.006991328914519384 0.007606419750002712 0.008558497507001116 0.009820588802807076 0.011259063312882142 0.01272333003420742 0.014151412171305205 0.014959884020278669 0.014783023288368329 0.013818910544669119 0.012323223751608086 0.010543011345142676 0.00868195931604718 0.006887757307571461 0.0052189072839910165 0.003686534316879056 0.002405991050467535
0.015788477940023353 0.016391301430858714 0.016021193845583585 0.015608090403521215 0.015264513627856335 0.014911962394396412 0.014441150215640602 0.013753930064600028 0.012796065014934719 0.01159316100003421 0.010413581205282534 0.009351434710775671 0.008419363582695466 0.0076291273527374 0.006986954686267841 0.006494614658239844 0.006136528965933801 0.005905319438877576 0.005804460303744037 0.0058322706861078134 0.005903399798356028 0.005999621955314985 0.006118707887884574 0.0062492217435220505 0.006483026790279666 0.00696002614371273 0.00766432968421046 0.008486949518454147 0.009384041159669294 0.010372735488820456 0.01084069199321131 0.01055916047685964 0.009676251320474071 0.00840295834095258 0.006949663029853144 0.005489219918373549 0.004143062567600399 0.002976839252421916 0.0019893835383917656 0.0012254515287799053
0.011942499955452636 0.012969713658330962 0.013335231664818344 0.013405060232566001 0.013350385950372634 0.01319715320863702 0.012912218620917008 0.012449063560381765 0.011777102084602116 0.010898122211530846 0.009972339716426538 0.00914632281502982 0.008409971099175318 0.00776143722072883 0.0072017217275887465 0.006732947061888604 0.006358290608780086 0.006082450501106089 0.005912248823567592 0.005842039682670376 0.0057850313016232745 0.0057300605171781045 0.0056779257034619965 0.005623454697576048 0.005596952968252844 0.005756300911923967 0.0060871580874830465 0.006500574312268717 0.00699320535551257 0.007529900218728445 0.007717588030208068 0.007396367014639259 0.006646458883280205 0.005632811455048869 0.004520941373627339 0.0034445518611428434 0.002492764815748 0.0017114377407576589 0.0010976271557283665 0.0006484701522109986
0.009120925722186198 0.010107752326873646 0.010772602013081072 0.011195818044936783 0.011459663091692253 0.011595021544025669 0.011592402006106376 0.01142423048018032 0.011064846708638486 0.010505582195349925 0.009806322515635001 0.009156877312931707 0.008560222359124299 0.008008451197068405 0.007501255293224321 0.007043715348772265 0.006644678222784426 0.006315324172281555 0.006068009921878025 0.0058914150344922716 0.005704075796159983 0.005508292702072673 0.00531126255300318 0.0051154437877295065 0.004924289514538755 0.004863387950927064 0.0049291869198559825 0.005069791209695605 0.005287067567355454 0.005515910478127766 0.005478211639648169 0.005158636333125384 0.004551234052886211 0.0037754933999794055 0.002954984016311279 0.002186666802276531 0.0015310041458342068 0.001013747688635629 0.0006315352724002707 0.00036341719328602054
0.007046233848630969 0.007905904802804441 0.008637750888275933 0.009237665006661105 0.009722893390428155 0.010101309987581734 0.010362640559582005 0.010483108741261831 0.010435047804537825 0.01019717326684379 0.009766038539114959 0.009291667604252462 0.00883508445254585 0.008380383674119139 0.007923129353146026 0.007469535819062847 0.0070343828669192105 0.006637595739870859 0.006300484954410314 0.0060020621584951596 0.00567850363931313 0.0053479130808735354 0.005024630569106511 0.00471718348430332 0.004430189449932484 0.004202311629279824 0.004077116239451419 0.00403467161328299 0.00406927931190289 0.004106976530901616 0.003949059423302524 0.003628724299505321 0.0031503109573262347 0.002567883954632195 0.001970927687883505 0.0014272269115271387 0.0009760919314314471 0.000630625609017654 0.000384809518553421 0.0002190912779541195
