_RESULTS/CROSS_VALIDATION_POSTPROCESSED_80-20/Berg/GZ/9comp/1/Berg_GZ_z_0_kriged_reverse_9comp_spherical_1.asc
ncols 100
nrows 90
xllcorner 5.6208707817415728
yllcorner 50.959635321741573
cellsize 0.00013419651685393446
nodata_value 1.7014100000000001E+038
[rows 0 to 17 of 90, columns 40 to 79 of 100]
0.024459328864317433 0.02867503195855351 0.0328971677523455 0.0366055257595307 0.03920236699654793 0.03997689035393274 0.038599925306416635 0.035448146552906235 0.031181457249838642 0.026450636428673898 0.021742838797800028 0.01736230014949307 0.013479650097597584 0.01040154574034066 0.008106283530180867 0.006413217889894275 0.005173980253254507 0.004274058531754752 0.003628716023856676 0.003177491695825935 0.0028792091553973935 0.0027082619036506014 0.0026524758187034454 0.0026524758187034454 0.0026524758187034454 0.0026524758187034454 0.0026524758187034454 0.0026524758187034454 0.0026524758187034454 0.0026524758187034454 0.0026524758187034454 0.0026524758187034454 0.0026524758187034454 0.0026524758187034454 0.0026524758187034454 0.0026524758187034454 0.0026524758187034454 0.0026524758187034454 0.0026524758187034454 0.0026524758187034454
0.026105679912663358 0.03077122550719727 0.03559059141827623 0.039839055230190476 0.04257300589480923 0.043131332275235724 0.04159368378553957 0.038198051866478754 0.033657227547298225 0.02874763273036234 0.023952408626273236 0.01951794292873685 0.015550107377205248 0.012085456852884308 0.009228220965144867 0.007152580877038953 0.0056630291966310985 0.0045976353790605695 0.003841085773491264 0.003313217434829232 0.002960025556194031 0.002747314586818256 0.0026568089894757865 0.0026524758187034454 0.0026524758187034454 0.0026524758187034454 0.0026524758187034454 0.0026524758187034454 0.0026524758187034454 0.0026524758187034454 0.0026524758187034454 0.0026524758187034454 0.0026524758187034454 0.0026524758187034454 0.0026524758187034454 0.0026524758187034454 0.0026524758187034454 0.0026524758187034454 0.0026524758187034454 0.0026524758187034454
0.02610353832613947 0.031048225774496525 0.03648060545166292 0.041469492221171377 0.0444835648465864 0.044351389394867755 0.04142010473877959 0.03714862561868604 0.03260090616767919 0.027990378513738753 0.023660360238559257 0.01972304456340327 0.01618618484229701 0.013030415258958662 0.010241093087328183 0.007859063985159828 0.006122589752607898 0.0048979830404339356 0.004036863012117044 0.003438533625590928 0.003036064198357463 0.0027868993893977283 0.0026670616375362786 0.0026524758187034454 0.0026524758187034454 0.0026524758187034454 0.0026524758187034454 0.0026524758187034454 0.0026524758187034454 0.0026524758187034454 0.0026524758187034454 0.0026524758187034454 0.0026524758187034454 0.0026524758187034454 0.0026524758187034454 0.0026524758187034454 0.0026524758187034454 0.0026524758187034454 0.0026524758187034454 0.0026524758187034454
0.024142926672365356 0.02902464176617971 0.03495880066517749 0.04100451354071147 0.04469928921023313 0.04365623423992291 0.03885698707032372 0.033136701749726334 0.028171791265138916 0.02427614243942989 0.020899263756176203 0.01791108062605734 0.015220348154453308 0.012754598167986683 0.010475341487767135 0.008377648390981441 0.006515227398839516 0.005151772694189059 0.004201148852138932 0.0035435812905122185 0.0031004475972710777 0.002821686474598109 0.0026758690379382185 0.002645582390851513 0.0026430949965919885 0.002643264574654558 0.002646012985987955 0.002649958992395104 0.002652446081806612 0.0026524758187034454 0.0026524758187034454 0.0026524758187034454 0.0026524758187034454 0.0026524758187034454 0.0026524758187034454 0.0026524758187034454 0.0026524758187034454 0.0026524758187034454 0.0026524758187034454 0.0026524758187034454
0.02030814832530107 0.02455113724696385 0.030470591222204656 0.03778368691406601 0.04313670336000048 0.0407206042885819 0.03350194612603434 0.026834569164604145 0.021967152612662674 0.01867001821100162 0.01645655409567264 0.014622292662337583 0.012963500377425776 0.011381963102813543 0.009822252712378621 0.00826926713712026 0.006742872798220023 0.005336733699890703 0.004315440583313913 0.003592264531278318 0.0030926817038082937 0.002767929246345266 0.002587408476174272 0.0025334863148504454 0.002523712885970391 0.0025243453553870066 0.002535306991538229 0.0025552306590446495 0.002581429255851732 0.0026098625679419857 0.0026351460486029334 0.002650664539154796 0.0026524758187034454 0.0026524758187034454 0.0026524758187034454 0.0026524758187034454 0.0026524758187034454 0.0026524758187034454 0.0026524758187034454 0.0026524758187034454
0.015256061517667245 0.0182028538963819 0.022926622701566132 0.03039153205979048 0.03963566942426705 0.03420446191352151 0.0249878962395801 0.01897760397985627 0.015233754185137869 0.012927508554978685 0.011561935964162379 0.010756793749473055 0.010046483294157771 0.009314545474862962 0.008498978312922175 0.007569651225927577 0.00651418149131791 0.005337000669354662 0.004233428946491156 0.003451142630552068 0.0029175653866522246 0.002571502488719973 0.0023745673159191382 0.00230552072798787 0.0022894881895077854 0.002290516660699271 0.0023085418322186997 0.002342406181206564 0.002389771952706364 0.0024469755976840803 0.0025088705346844676 0.0025687296125076944 0.0026183000565454715 0.0026481135180886502 0.0026524758187034454 0.0026524758187034454 0.0026524758187034454 0.0026524758187034454 0.0026524758187034454 0.0026524758187034454
0.010112968655269164 0.011517553616013428 0.013996012491331762 0.018144542478093998 0.023579043553738178 0.020127813047037847 0.014704812010319642 0.011302946507475108 0.009254376602004243 0.008053170643910885 0.0074120869672304945 0.007176284520244823 0.007137789979042967 0.007047870481143349 0.006840979400108846 0.006400752888895661 0.005717317474064186 0.004858673716055139 0.003916433691573011 0.003134511918234614 0.0026079758704171353 0.002268545027310065 0.0020736992383840664 0.0019996751858155654 0.00197914904306548 0.001980460075924235 0.0020035647444300864 0.00204766555714301 0.0021110784099853735 0.002190992553267139 0.002283161826511861 0.0023815932627797567 0.002478331327850053 0.0025634654044168295 0.0026255005501678607 0.00265220819097512 0.0026524758187034454 0.0026524758187034454 0.0026524758187034454 0.0026524758187034454
0.005928763908095643 0.006220627845955654 0.0069157167393816095 0.007969268560514362 0.008760402870827931 0.008170894203442143 0.0068162629857172535 0.00568421146229259 0.004947671666485034 0.004539576905639237 0.004387243411185002 0.004448086104195896 0.004701655828908951 0.0049695818132370175 0.005059349819942825 0.004927598873571736 0.004575459548294472 0.0040384796252706506 0.0033797067633292055 0.002700846880354339 0.0022162987737448965 0.0019064081411510568 0.001728510928124908 0.0016579649938632077 0.001635027095453026 0.0016364877417819799 0.001662328441811299 0.0017121914807916685 0.001785221536203023 0.0018797661509566772 0.001992957634068376 0.002120224485551018 0.0022548185411607148 0.0023874901113147312 0.0025064842748384465 0.0025980447254781696 0.0026475693028183904 0.0026524758187034454 0.0026524758187034454 0.0026524758187034454
0.0031267959686155375 0.0029500190112606186 0.002940259714411941 0.00303307894428876 0.003092443189958786 0.0029833951004430512 0.002750069497153699 0.002528333459955367 0.0023916823932419256 0.0023585000551937926 0.002432108396084164 0.002616307699400542 0.0029085300011789618 0.0032330259480940916 0.003447845636340845 0.0035055077204809064 0.0033887175532748854 0.0031078041937865467 0.002699186966082967 0.002216681376054521 0.0017977602008492429 0.0015318603858507503 0.0013800494433020426 0.0013179694687933264 0.0012946118592588635 0.0012960955012906808 0.001322426996358077 0.001373693456689261 0.0014499010256191016 0.0015506581610887334 0.0016747058201078177 0.0018193157678441881 0.001979616104566552 0.0021479595299337515 0.002313515606827361 0.0024623214624707374 0.002578031652765547 0.0026435286806115194 0.0026524758187034454 0.0026524758187034454
0.0015222990278428584 0.001281515809642272 0.001154275817931155 0.0011008603327655009 0.0010842092226172398 0.0010764751418774953 0.0010713485534855007 0.0010798899279078076 0.0011159751155332765 0.0011906941772576337 0.0013146086714047377 0.0014942358148999487 0.001710150343325047 0.0019697731987781174 0.00220634524611529 0.002344887051716548 0.0023602732710726756 0.0022463501183413387 0.0020203240354729115 0.0017169110515967063 0.0013963731396325835 0.0011809015755180781 0.0010593152712997096 0.0010075017695254144 0.0009853340263594069 0.0009867388539851756 0.001011744595179422 0.0010608275126923826 0.0011347674716799098 0.0012343538885164476 0.00135992327790137 0.0015107192150447576 0.0016840971785421397 0.001874655247213238 0.00207345394634098 0.0022675776007381014 0.002440350017049866 0.002572498884289425 0.002644416924716828 0.0026524758187034454
0.000720270424842358 0.000539433906895515 0.0004414692566855637 0.00039600358140905954 0.00038417860888339113 0.00039466167774303713 0.0004218201491415708 0.00046467616754338435 0.0005256751273678062 0.0006098380355783067 0.0007230538352789341 0.0008546892706443863 0.0010040741536832478 0.001176764784385907 0.0013583207367995468 0.0014897085474470497 0.0015499537681486224 0.0015213298024952745 0.0014096861295021265 0.0012344653915866896 0.0010233281452333759 0.0008608367964363524 0.0007718050853792834 0.0007333219592803768 0.0007176368392197858 0.0007222660036969784 0.0007465708962118675 0.0007910953854520414 0.0008588684837991978 0.0009517588950266661 0.0010714975981884762 0.001219175334434999 0.0013944139900015713 0.001594353388009892 0.0018125770345503482 0.0020382154548083137 0.0022555770559561147 0.002444708623667477 0.002583211372080942 0.002649380945373089
0.0003410699814311206 0.00022414100001341014 0.00016636663251594214 0.00014199059245086304 0.00013813400589162233 0.0001488953907412272 0.0001720869062287154 0.00020776171006910103 0.0002577322195318823 0.0003255609814961978 0.00040820156474229353 0.0005003434393276529 0.0005998954181538615 0.0007084623882161942 0.0008273243745927136 0.000920731697852298 0.0009702115426230963 0.0009731506583579821 0.000925071140698402 0.0008309810842631302 0.0007068938829383366 0.0005929246205230776 0.0005316885925480988 0.0005030897809416631 0.000492907930221225 0.0005003048458053492 0.0005252696337501696 0.0005684263078148934 0.0006306964841984947 0.0007137670040850391 0.0008227781605709482 0.0009606614146041301 0.0011290978604218188 0.0013277494330743939 0.0015529938214299157 0.0017966519101824362 0.002045057253047963 0.0022789390927659948 0.00247460069063493 0.002606687770080606
0.0001648023553266182 9.28851688522601e-05 6.193162266721381e-05 5.081486996658057e-05 5.0771187687686464e-05 5.881245843695325e-05 7.46642783209173e-05 9.949704771600695e-05 0.00013555203444549045 0.00018433509071311287 0.00024075780441503136 0.0003020973368997807 0.0003668879303114277 0.0004350784965601343 0.0005085511711256925 0.0005709274181884086 0.000603808726094547 0.0006057660826251108 0.0005805829532108276 0.0005317384563835989 0.0004618541451238416 0.0003889039938876113 0.00034799544452939504 0.000326905571395978 0.00032051128359170084 0.00032825074198428986 0.00035055416911232423 0.000388725463136122 0.00044472755572419996 0.0005207891687646386 0.0006187355085932172 0.0007428788969921217 0.0008987915515557085 0.001088402992343693 0.0013108417356161584 0.001560896232486111 0.0018276022795620723 0.002093455213228653 0.0023348461007812716 0.002524229530737212
8.459956731460711e-05 3.937395860816537e-05 2.3032816747077884e-05 1.836618728422387e-05 1.9521093394146097e-05 2.5114923915019056e-05 3.568667950333944e-05 5.284323521028371e-05 7.868941851007572e-05 0.0001120146632748269 0.00015046376783214136 0.00019194429838532458 0.00023465922332206756 0.0002778057689914 0.0003220342896177759 0.0003614947771175877 0.0003807793453000103 0.00037919443268264304 0.0003600287271918256 0.00032869719063072304 0.00028921624409996265 0.00024499642623131097 0.00021721754355272357 0.00020221526689095292 0.00019825473829985398 0.0002049927664497371 0.0002230997039564261 0.0002542207789556867 0.00030089764415451597 0.00036635844093893945 0.00045404678557316153 0.0005667471145912413 0.0007074385483359263 0.0008832493334972575 0.001096064504809824 0.0013436042199576708 0.0016179152686309308 0.0019039808732106678 0.002179395774811945 0.002415793335059243
4.836681797001233e-05 1.756569221125802e-05 8.57458912860089e-06 6.8354946247291675e-06 8.308737311059069e-06 1.2431344586923462e-05 1.9998331752369276e-05 3.250129175619104e-05 5.1110921870242066e-05 7.493180991017803e-05 0.00010235706123992754 0.0001313705676470996 0.00016016926113748836 0.0001877455579940647 0.0002142280544695356 0.00023762489131174005 0.00024705199826005717 0.00024211010467010459 0.00022581411925833922 0.00020242861696664934 0.0001761684734636656 0.00014951711786670617 0.00013008279546479658 0.00011970320441429539 0.0001172265046148039 0.00012246330772699448 0.00013616054642208612 0.00016003127073615372 0.00019679738844898372 0.0002501601634970232 0.00032456097330208535 0.00042454818134072603 0.0005535643653891382 0.0007140146712443173 0.0009132653317351979 0.0011522968177529657 0.001426162177524113 0.0017226885765609168 0.0020214405674678273 0.0022943602968207395
3.354896242863196e-05 8.984509907590643e-06 3.1899148785831815e-06 2.7561431545669422e-06 4.370219725392918e-06 7.838981511858424e-06 1.4065538114615862e-05 2.4248024105910514e-05 3.885188254805354e-05 5.7050870975439934e-05 7.762206003369158e-05 9.877924860771196e-05 0.00011857976535546598 0.00013617728979761586 0.0001516786073419572 0.00016451659566269703 0.0001672452848489774 0.00015979830518288144 0.0001450957916800148 0.0001265665122935238 0.00010728114985865197 8.865191896722335e-05 7.52457669677325e-05 6.81940417106452e-05 6.659131112176567e-05 7.034705248298944e-05 8.017823650178866e-05 9.768837100075782e-05 0.00012550194180303013 0.00016738561485701349 0.00022822895983274329 0.0003136862059789377 0.00042922911078649905 0.0005783974517971861 0.0007630789023598158 0.00099028689418695 0.001258372733907821 0.0015580481304158676 0.0018712634439438146 0.0021711941424638484
3.242335756910256e-05 7.147807217969403e-06 1.5094404347211688e-06 1.7526128833091793e-06 3.5989322964479744e-06 7.073337368611007e-06 1.3089610976770485e-05 2.2659126890257017e-05 3.542575813815243e-05 5.021753503803732e-05 6.553445740145402e-05 8.00266623302749e-05 9.282368482647889e-05 0.00010311926976086415 0.00011120611656297927 0.00011720275057504741 0.00011620809808985519 0.00010835303444993504 9.58604568718152e-05 8.119833484164709e-05 6.63377328658738e-05 5.192079657478147e-05 4.238392793265509e-05 3.7625273546167224e-05 3.652926058823977e-05 3.906583169063038e-05 4.586896698660556e-05 5.8345094190834214e-05 7.886784258625194e-05 0.0001110102600004086 0.0001597079803286106 0.00023116253717921976 0.00033220280165736807 0.0004687890702564938 0.0006434786154631336 0.0008578856510133625 0.001117300018072415 0.0014152616721687294 0.0017362936967217576 0.0020551202248572185
4.6881127030606005e-05 1.2136200032781086e-05 4.24589474154038e-06 3.5737228956023115e-06 5.5195008582445145e-06 9.5717693494227e-06 1.6248715555163442e-05 2.5985611101285327e-05 3.767038805578802e-05 4.9804895614892476e-05 6.085836058556298e-05 6.980637862332821e-05 7.641390733338169e-05 8.105908975122593e-05 8.387142288098398e-05 8.512259346219135e-05 8.157165757570807e-05 7.370874637293566e-05 6.33445942221693e-05 5.2210375215148106e-05 4.089584851483318e-05 3.0414630573791415e-05 2.354380789588794e-05 2.0259691308485317e-05 1.9456429094810717e-05 2.1094568757632884e-05 2.5711572022925065e-05 3.4494237620797244e-05 4.950957533310628e-05 7.401138347986205e-05 0.00011273937507753223 0.00017204320165536022 0.00025954437259011307 0.0003829538517285537 0.0005477098757057612 0.0007535797472691575 0.001003424247474708 0.0012970413946578351 0.0016212868884717079 0.001952584786759573
