_RESULTS/CROSS_VALIDATION_POSTPROCESSED_80-20/Berg/TZ/1comp/1/Berg_TZ_z_500_kriged_reverse_1comp_spherical_1.asc
ncols 100
nrows 90
xllcorner 5.6208707817415728
yllcorner 50.959635321741573
cellsize 0.00013419651685393446
nodata_value 1.7014100000000001E+038
[rows 38 to 56 of 90, columns 0 to 41 of 100]
0.385239189778422 0.3941603895444955 0.4027620596907417 0.4107558994449134 0.4177759244074035 0.4234435002874937 0.42847602342866353 0.43309192298187543 0.4369321761759402 0.43982885141902334 0.4418530327078831 0.4432853646914771 0.444531821587008 0.4460369369391451 0.44822842816275366 0.4514904068943357 0.4554920099550276 0.4599840407772848 0.46513230470258893 0.4710838706652102 0.47796490781813333 0.48587135345520915 0.49484467279483435 0.5048387302927142 0.49980657868504685 0.4833345334150332 0.4709214187264377 0.4617802169549955 0.455546108967158 0.45212283890822746 0.45118578766461803 0.45212840067253185 0.4547313915963042 0.4594778645819437 0.4655416918230188 0.47261262100828544 0.4802782984891564 0.4875437586613584 0.4901303587176288 0.4872706366044448 0.47873666305628765 0.4643895319956006
0.4021447773137207 0.4122275424294711 0.4215547673705053 0.4301434735776334 0.4376334455303234 0.44359154827478847 0.4486063262338526 0.4528034951409979 0.4556714206676554 0.45698446871068876 0.4569016109087034 0.4558955745310127 0.4545779870624831 0.45354920495470474 0.453327991571876 0.4543418855804319 0.4568443353304257 0.4601764231051001 0.46424975980511857 0.4691458669811156 0.4748746899709717 0.4812704265996846 0.48762157167002024 0.4912713083586575 0.4861415167701828 0.47469808386855306 0.4641987380955255 0.4563879632353782 0.451059578940203 0.4482234470132794 0.44743251368526754 0.44846602559918325 0.45107535420978795 0.45512944152012336 0.4618947421789039 0.47003375196338004 0.4786608470425462 0.4860882945188118 0.48821630469657534 0.48455585454608413 0.4747223517420386 0.45846652416546374
0.4197693878204445 0.4310472146401399 0.44134193127172366 0.45048777415721447 0.4584538526313517 0.46480803128756254 0.46989802935509484 0.4737686002930069 0.4756246031309225 0.47509817082713857 0.47248673747948305 0.4685822690240024 0.46429457403692614 0.460405162449004 0.4575069215223735 0.45603321627558907 0.4563032549165758 0.45813016145841834 0.4607256767410181 0.46402932842441214 0.4678444620135473 0.4716564703944496 0.47441206576158923 0.4739595840406583 0.4686749284296926 0.46067170539103813 0.45301424253529093 0.44741073327521397 0.4435676655067432 0.4414886020518939 0.4412069896465069 0.4426374823263308 0.44560948249878096 0.4498845750187651 0.45529840130926647 0.4629605414771362 0.4729303760413285 0.48107380838060176 0.48348724794513454 0.47974710616529537 0.4692819464802739 0.4516725272091498
0.43764952287997144 0.44994590795121164 0.4611044361814382 0.4709385643939983 0.47929234114628316 0.48608123694688055 0.49139819536375706 0.49520316349750415 0.49617720360034334 0.49358260301752155 0.4879590307597156 0.48067413090268757 0.4730613877212496 0.4660806942734496 0.46035465059884656 0.45627889310072467 0.45410627446904794 0.45394225253261267 0.454847411028659 0.4562859238455417 0.45788763882490546 0.45911022647842004 0.45902999268785843 0.4564173395094211 0.45144487013049955 0.4451482747111198 0.43968175375604807 0.4360399478770539 0.4335315310567576 0.4324117139765337 0.4328543124587853 0.4348765425330547 0.4383947709198272 0.4432492057423707 0.4492943288106114 0.4567933510998619 0.4663138624667714 0.47374794425451067 0.4762383268411793 0.4728785597691282 0.46256031903972605 0.4442910213009196
0.4552579072265218 0.4682420995271343 0.4798463473555358 0.4900109222203697 0.4987195697194826 0.5058698550183184 0.5115518257252972 0.515782908440274 0.51636662884676 0.511516965139589 0.5023060717359565 0.4912231358994758 0.4801051094095522 0.4699979943790307 0.4614746864354918 0.45484815819142077 0.45028345664920144 0.44785083788283975 0.4470139232409822 0.4465469824699046 0.4460950270209131 0.44516952666938236 0.44310794266857284 0.4393541796548607 0.4347971912338545 0.429869607971072 0.42560660155011587 0.42316600164107 0.4218131098811675 0.42163111434992223 0.4228346568793529 0.4255076567552947 0.4296401081492472 0.4352096527653299 0.442682784064684 0.4519154116409469 0.4622089071001535 0.46916380586700746 0.47158362722773617 0.4684988424013199 0.45839468950052487 0.4395907623132032
0.4720557015853188 0.48524187064504637 0.49667313876137437 0.5064717427798847 0.5148595293806992 0.5220225523852727 0.5280737344061444 0.5332896118244052 0.5347431547522226 0.5273031372319175 0.5138515978537327 0.4989241007877178 0.4845229258317756 0.4715702379058281 0.46051978525551596 0.45158632660997344 0.44485130549140495 0.4403048271240068 0.4376290477380817 0.43548328169249767 0.4333302344164051 0.4307844474580909 0.42740962254522497 0.42308030302771116 0.4188210725722836 0.4148122115971682 0.41144231005813797 0.4097423530339127 0.40922948753188215 0.40980054950150335 0.41165810586704543 0.4149154209490513 0.41962454879943933 0.42636139256282063 0.4353224113280518 0.4462778108832701 0.4584738572601261 0.4670792112040649 0.47064445603354377 0.4689756095740673 0.4607543943665434 0.4426269704933915
0.48756546352861424 0.5003566557794021 0.510869184328445 0.5194784341149888 0.5266620097579267 0.5328380460265768 0.5383062554560003 0.5438263230383312 0.5490111247345162 0.5371311123605521 0.5200416362916915 0.5023829558538297 0.48562539042870223 0.47054211835277127 0.45751224832227005 0.4466947648978762 0.4381264409466498 0.43169846640315035 0.42724808768138817 0.423701689199871 0.42023642388700105 0.41653852894557414 0.4122280284675971 0.4073883172316154 0.4031947251488418 0.399808437007468 0.3974664842600216 0.3964789948496475 0.39645803394431306 0.3975209563358787 0.3998353419522963 0.4035172940687488 0.40899234096365966 0.4168968554677247 0.427151610320873 0.4396114244452547 0.45356759746073255 0.4642686145357508 0.4705505602425092 0.4722749689532528 0.4685335504089695 0.45390677159751663
0.5014424902479874 0.5132092395757045 0.5220580803228436 0.5287390939612714 0.5339814488596908 0.5382818719724521 0.5418424782730094 0.5446255741502067 0.5447108142193728 0.5353483515304116 0.5191560169382137 0.5011156962687802 0.48344105045416785 0.46719448914316636 0.452884025724586 0.44072321933554076 0.4307406317826037 0.4227803446410599 0.41675612027107123 0.411967498445127 0.40725722690178323 0.40242133278809444 0.3972998403719785 0.39212634656444967 0.3880230383745048 0.3851071805387621 0.38353547312912084 0.38349271396034784 0.3840392223258674 0.38531699157709953 0.38785035586477234 0.39184352049572563 0.39816158253922174 0.4069684930638716 0.4182165367360508 0.431813991741236 0.4471844172732757 0.45968215839138893 0.4680889921969909 0.47251080862182654 0.4730587182218525 0.46735222230585954
0.5135159939362467 0.5236630338426135 0.5302012345733775 0.534454003803434 0.5373694583468294 0.539386475953292 0.5405166265104239 0.5399721636710032 0.5362505814129319 0.5268952447546371 0.5122797889184962 0.49511937076317003 0.47764224263360294 0.46113585770930715 0.446262624237995 0.43332765040567334 0.42234592038452434 0.4132494456437031 0.4060049177866608 0.4001970829059315 0.39456687984634153 0.38891546735082205 0.3831683452142535 0.3776042542783695 0.3734748225243029 0.37091618888852307 0.3699204740074263 0.3705547966750417 0.3718103428461585 0.3735830918117344 0.37615019049742787 0.38052126480412013 0.3874106430693361 0.39681632608630074 0.408708542571495 0.42300943081171816 0.43931253858496505 0.45313256817477954 0.4627220696846403 0.46774843257531135 0.46696039367779846 0.45489719523956335
0.5237837462545697 0.5317187177780166 0.5353682084742086 0.5369215240598478 0.5374614134535595 0.5372975363328732 0.5360669548811741 0.5328205290743843 0.526325194245092 0.5159868022093449 0.5019653176250031 0.4857256833425314 0.4689054245795743 0.45269011097798195 0.4377870499506373 0.424549728505219 0.41301118340365767 0.4032144780937102 0.39517160483454716 0.38865114253136934 0.38241940013329684 0.376250419797458 0.3701316583097223 0.36430155741059017 0.36000903806166035 0.3574904647219045 0.3568609211636635 0.3579323184904127 0.3596077550829174 0.3618604414310062 0.36494419640037695 0.36986521207446216 0.3770531746558738 0.38676191619988043 0.3989654251187845 0.41356847461659657 0.4303049217584725 0.44512372730684086 0.45540095671516506 0.46040236129742224 0.4585448551945175 0.44620772747310355
0.5323672568759494 0.5371318043649739 0.5372577893430599 0.5361616263243277 0.5345775353327039 0.5323628592104507 0.5289926200196976 0.5236133481440567 0.515204461616361 0.5037734727595184 0.48985156230906757 0.4743097117107942 0.45825515999896455 0.4426229412573072 0.4280531210572718 0.41486863269898056 0.403158345121119 0.39303706800953053 0.38456196976848656 0.37761581712058595 0.37103818497378593 0.36458505334445257 0.3582900908841213 0.3523215506466241 0.3478740412758497 0.3452990182709558 0.3446971117023426 0.3458602414919413 0.3477131536826265 0.35019132246838724 0.3537661540162045 0.35936928269880347 0.3671372075822556 0.37714572723052425 0.3894315746573416 0.40404067180383485 0.4207612538707385 0.43654975654304545 0.4476544078188112 0.4532791955113442 0.45175424790606267 0.4410545367577293
0.5394507029937567 0.5377384772977879 0.5346524254497456 0.5315822445960309 0.5282940527867772 0.5243923535331728 0.5193244017534809 0.5124129731787098 0.502998310738636 0.4908295582739192 0.4768961401175822 0.4619169903819092 0.44662775578252395 0.43171369212016847 0.4176978105137955 0.40482022323977856 0.3932328389768633 0.383086414389992 0.37447632291578925 0.3673502232005223 0.36062076887053574 0.3540592550816411 0.3477345975834112 0.34175828411386083 0.3371578297177421 0.33448980011052093 0.3338376761519173 0.33469321701092847 0.33638329377781434 0.3388756312150924 0.34279953601791485 0.34878872407190215 0.3569465337866278 0.3673421238136057 0.3799729358685985 0.39473910846018045 0.41141287256993414 0.4282240432496342 0.4406385625244414 0.44751946528749376 0.4472282593711562 0.439032808854381
0.5256096390923158 0.5280445987686501 0.5256332471188113 0.5221672974753171 0.5180784642751428 0.5131790372804956 0.5070822104017478 0.49933449106155986 0.48954826287140074 0.4775569472108366 0.4637574157149017 0.4493196977034586 0.4347913673486265 0.4206573996144245 0.4073130417597835 0.39492091894043685 0.38366616392503056 0.373717539862871 0.36519982881504964 0.3580855837310187 0.35134245577044704 0.3447986370735479 0.33855036194636273 0.33270814575870733 0.32795826755194735 0.3251711754314537 0.3243805914839127 0.3247506871335886 0.32598124603099415 0.3282434792312177 0.33229241863876874 0.3384039750026044 0.3467083088704701 0.3572837550531671 0.37009675002057724 0.38499921000677073 0.40173662239181485 0.41951796965830734 0.43377644708016405 0.44211202425509044 0.4437986394553237 0.4385187135282081
0.5049191104593143 0.5101141823138551 0.5102104417354288 0.5077892576000914 0.503932091519938 0.49887704617421846 0.4925207810477504 0.48465026927835797 0.47508605078223476 0.46379064746182713 0.45092921648743267 0.4371120575925239 0.4233585938393107 0.410036996296943 0.39742769077681833 0.38563552135440987 0.37485294582304035 0.36525754217274087 0.35699632534796344 0.3500252014286356 0.34335862716451626 0.3369172021796645 0.330818703301537 0.32518782124945844 0.320383301368227 0.31746032678431735 0.31634713946365983 0.3161522019284859 0.31683244489574425 0.3186220963443838 0.3224966761729192 0.3284878296675474 0.33672963827038455 0.3473489367893542 0.36025502793759656 0.3752220808530747 0.3919802430600695 0.4101397450869875 0.4259271598948273 0.43605949352620726 0.44015241259447674 0.43806965204666254
0.48257425227960016 0.48869164283326755 0.4906084863372056 0.48961521514497996 0.4866430924868993 0.4821252734422584 0.4761838450079071 0.4688052545046689 0.45996470969442826 0.449710016775828 0.4382050956247656 0.4257311742415567 0.41282177021921185 0.4003321706835756 0.3884934089668671 0.377368036374142 0.3671431600501678 0.35800104636799807 0.35010700456156607 0.34334651039537195 0.3368073328468393 0.3305195949074161 0.3246185402575182 0.31924025991737803 0.3145514386115687 0.3114832604574558 0.30981955275330575 0.3090178977861686 0.30910263175648756 0.31035624325816935 0.3137086695273571 0.31931857137646863 0.3272899574637697 0.33791363994270585 0.3509104419717269 0.3659040138673717 0.38257705328593256 0.40005189020923615 0.416908256145347 0.4290495558683245 0.43573520560093576 0.43693161512117434
0.4599631409791034 0.46619143300191385 0.46912703714880444 0.4693499301299907 0.4674623355636398 0.4638728440684383 0.45880017769207276 0.45235094945934334 0.4445988533529692 0.43564372213985014 0.42564466301612797 0.414827503462899 0.4034726933073816 0.3919411493223419 0.38089203814084355 0.3704678036283529 0.3608457915836735 0.35221321497058483 0.34475350618970557 0.33820513727901275 0.33181265938288895 0.3257036439840457 0.3200280728881504 0.3149315468875367 0.31055894368389825 0.3072142192352457 0.3048835442232159 0.30346574375878727 0.30295835956227174 0.30366356754119117 0.3063996515071494 0.31128303607890634 0.3186394005618203 0.32945962206662 0.34257382619190524 0.3573750107704192 0.3732240163979625 0.389752614571868 0.40655028627424794 0.42072099315898825 0.4299835192390448 0.4343468527715009
0.43804486221428585 0.44399104494574915 0.4474027751183386 0.4485044461282216 0.44763573335626333 0.4451012722151707 0.4411220365372611 0.43585051992063445 0.4294072473121353 0.4219149793472176 0.41352101298869337 0.40440605152574255 0.3947831087560169 0.3848921189521908 0.37495010858917877 0.3652436860157764 0.3562393470992558 0.3481376153689586 0.34114317765477353 0.3347401457325028 0.32848870258002333 0.32256338490221664 0.3171270509256593 0.3123333338818477 0.3083231981903839 0.3046261369738281 0.3016227278820377 0.2996023463286573 0.2985458433937364 0.29875423358064346 0.3009934241635036 0.30531040121781405 0.3121075099296311 0.32289118656372595 0.3354613441235707 0.3492437004822335 0.3640019871690559 0.3794618469966184 0.39530205727539525 0.4107416958328981 0.4224010835720206 0.4296499495607105
0.41743843657166396 0.4229177218002001 0.42647502421293626 0.4281616453718793 0.4281478802461565 0.42663404486864887 0.42380156293770205 0.41980165653028995 0.4147643711427875 0.40881286502243197 0.4020746994952581 0.3946880511084252 0.38680521631985637 0.3785976690744532 0.37022681451224976 0.3617937817824995 0.35358322923400715 0.3460062610893157 0.339407398612788 0.3330792849562137 0.3269436307284689 0.32119249516031273 0.3159998559062992 0.31152567254840163 0.3076141161172316 0.3037274236220513 0.3001175708499971 0.297515333377523 0.29596344108800354 0.29574134145070646 0.2976502767253493 0.3018542558718932 0.308624081824426 0.3179218304407894 0.32908415380577266 0.3415808793767978 0.3550947728817669 0.3693543792477218 0.38407841082909266 0.3989695220369238 0.4126273503869003 0.4223717020723232
0.3985197118497398 0.4034555350949329 0.4069638212412136 0.409014474683537 0.40967776442454373 0.4090741666068859 0.40733757944155086 0.4045970460957256 0.4009718479717533 0.39657240242722885 0.3915016180656958 0.3858553435493451 0.37972491883051956 0.37320807223386665 0.36640631931260825 0.35937047977620745 0.3523658384962334 0.3457465063247754 0.3395867798952859 0.3333418080537763 0.32728321800944166 0.3216880217555097 0.3167395815758787 0.31246013217038693 0.308308507434064 0.3042782794172508 0.30044905450110504 0.29727928869013825 0.2952640317620041 0.2945610022326667 0.29593452492356015 0.29949763826514414 0.3053916385280535 0.31349969918312426 0.32329285358067883 0.3344299764582751 0.34661248816576834 0.35957406533178254 0.37305294307808434 0.38678030341365477 0.40048043947369766 0.41229887315493086
