_RESULTS/REVERSE_NEW/MHZ/IZ/9comp/MHZ_IZ_z_180_kriged_reverse_9comp_test.asc
ncols 100
nrows 81
xllcorner 5.5967107547500001
yllcorner 50.982328804750004
cellsize 0.00017565049999994641
nodata_value 1.7014100000000001E+038
[rows 54 to 71 of 81, columns 40 to 79 of 100]
0.05106539347365164 0.21568816888845505 0.9171905437600164 3.2764121351271505 8.040655440941892 11.743441532194666 9.496743067987207 3.9336866199200182 0.828684368547192 0.10416525362699598 0.010094022380075613 0.0010081415963881894 0.00013873913570064286 3.38832851489662e-05 1.7626311092016436e-05 2.1364139822036647e-05 5.952171336453825e-05 0.0003392855697898475 0.0032085347874499987 0.03787760094320724 0.40009558946764257 2.6569967195413438 8.126383805673669 10.038099693453553 4.878309640237534 0.9361308579184267 0.08985733590282205 0.006423082816211571 0.0005271850483708906 7.385657206714812e-05 2.3542934213856603e-05 1.9367560530929523e-05 3.906978444762518e-05 0.00015759003496560004 0.0009396149277833925 0.005951807760126465 0.029900359614456837 0.09692377193932536 0.18377907549682299 0.20498072075208462
0.03141554002718675 0.12728503224268872 0.5137015141487252 1.74640177333577 4.172786575315339 6.075814765172542 4.963962644489397 2.1734175279119814 0.5264669870400092 0.08207229247456053 0.010367675946635787 0.001381598773708861 0.00025245646227114424 7.932422683641311e-05 5.036282372190754e-05 6.974159598088142e-05 0.0002067777348285617 0.0011703817880865087 0.010312029855292821 0.10707177521735924 0.9407626162532897 4.8892598507943275 11.260353241974407 10.489589967041669 3.684497591980064 0.4906802764734146 0.03299858849131232 0.0017063066743035092 0.00010653467941723804 1.2113136183175074e-05 3.363023300724801e-06 2.5772731607700723e-06 5.127579543961854e-06 2.1309936004753494e-05 0.00013507633981777622 0.0009301879390134888 0.005171079164739939 0.01885231326111319 0.04083144207703164 0.0527341896071489
0.011809738435324624 0.044749478423090856 0.1690189227666651 0.5453434477609925 1.278081903787602 1.8994337656312719 1.646940903828381 0.8145250705030412 0.24246654082777153 0.049907809188897215 0.008689143023234442 0.0016128913455224745 0.0004013878055935261 0.00016299916765291788 0.00012410160624263614 0.00018883067923661988 0.0005623372997110484 0.0029405954262773796 0.022281875303490833 0.1878558252096554 1.282464044347691 5.0548062123804325 8.91362174920977 6.272859531356623 1.6006767561001005 0.15853787117069934 0.00828134700832553 0.0003466305941854848 1.8328516419461215e-05 1.849386905184273e-06 4.760544096547199e-07 3.5116668220346517e-07 6.930518214965358e-07 2.9271474852183266e-06 1.9263715900379768e-05 0.0001407755116925517 0.0008509702631876682 0.0034648697309486057 0.0086090554509744 0.013056391744983293
0.003049524735408445 0.01083562084553791 0.03879002728467028 0.12096684717311072 0.2836020010319836 0.44224526454463947 0.42597528164271486 0.2505944014660349 0.09542742985307494 0.026645085930070596 0.006493290638271283 0.001684007285800931 0.000564867548096948 0.00028939218517280496 0.0002545000413924768 0.0004048661630752709 0.0011405929985180052 0.005153913852774517 0.03134740601402642 0.20133844320841263 1.019986201535052 3.0116700874981537 4.082460969263369 2.189715339180928 0.4350465976831168 0.03599947238057101 0.0016696594033592204 6.509870624535829e-05 3.3279234743896785e-06 3.3269722052609215e-07 8.584309209857345e-08 6.357300939285395e-08 1.2554566998588028e-07 5.295691717772342e-07 3.498314816433643e-06 2.605977223366997e-05 0.0001647816284523091 0.0007255607514102579 0.002019758256336799 0.0035418103794871837
0.0006222290549738901 0.002123642053686838 0.007451283913866472 0.023319112465089695 0.05671083583482591 0.09595633593016387 0.10596265962784207 0.07593912684116504 0.03733307721966014 0.014054292123117812 0.0047035110214001625 0.0016544114482286913 0.0007199632551975175 0.00044508007553238394 0.000430463882000481 0.0006795371811791689 0.0017158777242288076 0.00634891588237618 0.029474865488602463 0.13836454875422063 0.507147511588329 1.111963770322336 1.165324708621421 0.5040148313526861 0.08725942466499759 0.006889584571171885 0.000328274621568798 1.3850301286278037e-05 7.864693790835537e-07 8.727962276725461e-08 2.443033483904365e-08 1.892117032784529e-08 3.757890014170131e-08 1.5458905573339093e-07 9.817086718531206e-07 7.068680065052307e-06 4.424704447287701e-05 0.00020007585910573506 0.000596297383484271 0.0011635872916428058
0.00011618541245819364 0.0003937783998519782 0.001411769644241374 0.004632368363676483 0.012158518362751265 0.02301154794294254 0.02965711913536454 0.02595272062314589 0.016228346506878665 0.007987075164563578 0.0035158728470588976 0.0015937375374247046 0.0008519893654798809 0.0006019173126910471 0.0006081190365572663 0.0009089111372353745 0.0019731358127161977 0.005769528780076143 0.01988412592799408 0.06706372494206174 0.17717219053936756 0.29127145179928093 0.24448613509234596 0.09253126226079257 0.01562689510197357 0.0013386555347592738 7.534350318990043e-05 3.955781211349053e-06 2.8308108576663505e-07 3.857306535939468e-08 1.253060243367477e-08 1.047426857427693e-08 2.087871428095205e-08 8.134572410922046e-08 4.731902259362744e-07 3.10474742606373e-06 1.807071820433997e-05 7.892375589329935e-05 0.00023789048782391024 0.0004907589742611492
2.2874110891503924e-05 7.927466132728746e-05 0.0003010031571610012 0.001074002184477684 0.003137531653799357 0.006773443575709772 0.01023221436055606 0.010791964505486258 0.008327097564660386 0.005122136551416047 0.0028063399260757787 0.001543973142163262 0.0009555516710057812 0.0007308529008463485 0.0007367533496303477 0.0010056854078549344 0.0018291173129916637 0.004160677501319185 0.010587239531630616 0.02580260609978221 0.050026290986688204 0.06370551871463839 0.045235906684264304 0.016240211052853813 0.0029534092510516727 0.00030673367309140185 2.2920344513051676e-05 1.6766741514647489e-06 1.6691982430041817e-07 3.01333941367838e-08 1.1918055881443433e-08 1.0951548802541841e-08 2.1719760540044254e-08 7.772246860778337e-08 3.953935727906437e-07 2.236133750168494e-06 1.1401149627510555e-05 4.530484685722114e-05 0.0001304085677709839 0.0002696231988760661
5.397006253608252e-06 1.940220888762486e-05 7.948859106342717e-05 0.00031419473240083145 0.001035534120741904 0.0025597737711279727 0.004490362544223234 0.005572181673027216 0.005106246297537917 0.0037353181086855715 0.0024070148258119382 0.001516515629047992 0.0010291005227304017 0.0008137152139160502 0.000790368302707576 0.0009635258424366799 0.0014539826634232954 0.0025784501588480835 0.004908389066669472 0.008849652970958837 0.013023303297952763 0.013433187220630492 0.008545494018126985 0.003119311798536946 0.0006604929498675347 9.036113212770511e-05 9.736544000099673e-06 1.070705643459348e-06 1.5797200803660814e-07 3.955408293575938e-08 1.9546659087662616e-08 1.9863155671026026e-08 3.873060823228686e-08 1.239880574486483e-07 5.31724399164267e-07 2.481756541402011e-06 1.0574289469412696e-05 3.642204861201337e-05 9.541684009939162e-05 0.0001887440040221614
1.699239451585822e-06 6.293002391178306e-06 2.7672666722541795e-05 0.00012052032760589005 0.0004444450110622239 0.0012403746335035105 0.002470983324901227 0.003495310425387539 0.0036530792476547193 0.003031592618111061 0.0021850912760903642 0.001501295719633018 0.0010698386944245951 0.0008454822368308214 0.0007741542078288599 0.0008354068315403929 0.0010500529616019195 0.0014745254992552502 0.002154289103997028 0.0029721829923837003 0.0034566717563092536 0.0030226440489096932 0.0018100991193993594 0.0007074125336719876 0.00018362600975689974 3.475131984966114e-05 5.6410182457580994e-06 9.668744664640177e-07 2.1715825154814578e-07 7.667692801068157e-08 4.765366620079943e-08 5.3412993381332484e-08 1.0135024284288709e-07 2.855453094040248e-07 1.010678107478849e-06 3.7969252533887848e-06 1.3144295038984251e-05 3.8056280014865397e-05 8.782967727781468e-05 0.00016075140923893519
7.727004670985791e-07 2.8651119974948753e-06 1.3125158220215001e-05 6.112094834839285e-05 0.00024470384530671696 0.0007473830845943094 0.0016354837739996192 0.002543560357148723 0.0029163241400077884 0.002636923138019501 0.002043200978428354 0.001476574019327654 0.0010728142445911096 0.0008303176003463614 0.0007099852452954106 0.0006797261848796516 0.0007213332810485622 0.0008211062859511404 0.0009499633367513181 0.0010402377032830224 0.0009941121205556463 0.0007659495060667562 0.000447409865837113 0.00019293073321924843 6.281694511903076e-05 1.6692006402726523e-05 4.110586465207101e-06 1.0984640622957386e-06 3.738753678109606e-07 1.8486197655054195e-07 1.4342965733139252e-07 1.7623584496182233e-07 3.2400577937528757e-07 8.010159937852039e-07 2.333520787477706e-06 7.02724284670804e-06 1.962806832534593e-05 4.725707745133169e-05 9.467225855691362e-05 0.0001574348430454651
5.295351892844097e-07 1.8797083595359124e-06 8.537907597995395e-06 4.043998856742137e-05 0.00016756770469160902 0.0005357590444540759 0.0012362085429989092 0.0020354346982242723 0.0024722719028620454 0.002359113359196958 0.0019105948098761063 0.0014192389400614737 0.001034199921998036 0.0007773362283399291 0.0006211119314594867 0.0005328438309549606 0.00048646395483772616 0.00046080050878601254 0.0004356048204583608 0.000391510675114806 0.00031753833575877736 0.00022157762583151816 0.0001287129843411632 6.178032415622085e-05 2.5157920294671246e-05 9.256345925875695e-06 3.380964337660352e-06 1.3706918081871693e-06 6.879222922103546e-07 4.655288399868721e-07 4.4418684815010987e-07 5.950195487557589e-07 1.0638338541617503e-06 2.3329226277793997e-06 5.676798705213187e-06 1.3911948376929202e-05 3.174142365092208e-05 6.402488682178439e-05 0.00011152204161609781 0.00016784765828026943
5.467240804028813e-07 1.7640078640560364e-06 7.484157403100206e-06 3.3916680759345087e-05 0.00013727797529002652 0.0004363783099286432 0.0010159179036887491 0.001707170014368547 0.0021321670689551657 0.0020971622638110777 0.0017440458129325737 0.0013158292078770386 0.0009560394969524997 0.0006982958200049929 0.0005252982751199826 0.0004096362631197322 0.00032841170398449046 0.00026552845297019397 0.00021093295487333407 0.0001599709250163344 0.00011275414225642159 7.23993621422342e-05 4.2022465001226026e-05 2.2257699376481038e-05 1.108371815032814e-05 5.454891360121911e-06 2.832052449172972e-06 1.665264958544564e-06 1.1827584690698825e-06 1.0614756283621695e-06 1.2234067599119121e-06 1.7816148051836205e-06 3.1324658348096826e-06 6.228164780299478e-06 1.3019400972519997e-05 2.6741090773787172e-05 5.11865640720576e-05 8.834176008930812e-05 0.0001356967843654116 0.00018618171556992617
8.136498649595256e-07 2.2737728040578343e-06 8.497249438278728e-06 3.464027621868786e-05 0.00012916297595986319 0.0003877433582380509 0.0008730591254281787 0.0014489750845424394 0.0018167002646149425 0.001812091629905947 0.0015325460267823728 0.0011697922705774875 0.000848571936693526 0.0006061453156290434 0.0004341775518118713 0.0003127537160390706 0.000224683133595322 0.00015868168486413522 0.00010849517516869819 7.0967735774598e-05 4.418603398256003e-05 2.6292471467320396e-05 1.5166381889363321e-05 8.690543800928436e-06 5.114446210315003e-06 3.2154941803427324e-06 2.2501981547483485e-06 1.8187007078200102e-06 1.7434725394480497e-06 2.0038706298226097e-06 2.738906066520746e-06 4.333455150367892e-06 7.610788539640676e-06 1.4110044471037947e-05 2.6248999135154186e-05 4.689898199765085e-05 7.796482206902646e-05 0.00011849919336227119 0.0001640068420637975 0.0002080575786481816
1.608552878915296e-06 3.758360475844773e-06 1.1799054668842419e-05 4.1077366933993986e-05 0.0001341707745208905 0.0003638849771532899 0.0007645492558142375 0.0012202529571687902 0.001508506154810845 0.0015100780015722339 0.0012933637381768658 0.0009997139757926107 0.000727869268223652 0.0005131681737627881 0.00035454652284242085 0.00023980332480665853 0.00015738178754721508 9.916658042668154e-05 5.96059364473203e-05 3.425455829921331e-05 1.907597180364823e-05 1.0549742719754998e-05 5.989514069106525e-06 3.6248381126710836e-06 2.4268184885833892e-06 1.8549374390557028e-06 1.6544289168158008e-06 1.7380572228206188e-06 2.1415215518117973e-06 3.041190675946773e-06 4.83721414344005e-06 8.30886304601953e-06 1.4808133886100612e-05 2.633621062971876e-05 4.519544641768333e-05 7.298100796120746e-05 0.00010923673482496292 0.00015079101888307 0.00019261331910284352 0.00022979009246304724
3.8012855169213752e-06 7.30493812078255e-06 1.8718133706364227e-05 5.374344337281646e-05 0.00014842702465277412 0.00035229009231541324 0.0006730941847976769 0.0010138443318283726 0.001221033916822001 0.0012193441372121106 0.0010565715351989167 0.0008296034757147452 0.0006102938284724385 0.00042891243043817495 0.0002895920878097752 0.00018691253425080098 0.00011420369937639071 6.554677461327002e-05 3.536599688331674e-05 1.8189846522248073e-05 9.178002550402199e-06 4.735720420167514e-06 2.6245787147035777e-06 1.640893056030472e-06 1.2057015378886597e-06 1.0687392117831686e-06 1.1511485541520484e-06 1.4886482386275929e-06 2.2462486099510573e-06 3.799925250223109e-06 6.887779920319418e-06 1.2792022335724188e-05 2.339978636756806e-05 4.087055770287163e-05 6.673495943830588e-05 0.00010073322311510395 0.00014022542714600006 0.00018083526103150477 0.00021804586102560595 0.0002487140642301532
9.605519690323638e-06 1.524012113698204e-05 3.163535212116512e-05 7.384537908601195e-05 0.00016952871073323746 0.0003463503652877994 0.0005933935095157892 0.0008348070362063419 0.0009731694812477116 0.0009667388562551459 0.0008478784233361009 0.0006786096726519432 0.0005076171973352952 0.00035897140959090804 0.0002398697635042134 0.00015013944552226977 8.708138189715214e-05 4.654098431515384e-05 2.3068427776923215e-05 1.085185806017088e-05 5.0465831048649085e-06 2.4512858023132164e-06 1.3228853045941357e-06 8.408924624264338e-07 6.582749373377873e-07 6.491430065724763e-07 8.0377595848886e-07 1.2153421115265392e-06 2.1416411673268e-06 4.154514967506749e-06 8.37077013974722e-06 1.6638404104293897e-05 3.135453590297062e-05 5.4589001813791523e-05 8.672002522262052e-05 0.0001255375164047657 0.00016671883780646396 0.00020548215440873753 0.00023827209530145305 0.00026352622462642834
2.349494449624036e-05 3.143565410956172e-05 5.350979993001527e-05 0.00010210330575891555 0.0001950446688053177 0.0003424990055726366 0.0005249049256675503 0.0006880699339028003 0.0007750636660082349 0.0007654423989646614 0.0006800703865535983 0.0005563387671764576 0.0004253490817960395 0.00030517416838796776 0.00020425839395635416 0.00012602060468774979 7.083345820897791e-05 3.6126251337885284e-05 1.6896998864726485e-05 7.467070262748308e-06 3.2760288791742807e-06 1.522377779319067e-06 8.044139918961975e-07 5.158505663645836e-07 4.2094372325883777e-07 4.461205739977735e-07 6.077541221563164e-07 1.0239054176545323e-06 2.010610268422219e-06 4.295735581321259e-06 9.337292793365844e-06 1.9516191809942723e-05 3.768048507469737e-05 6.570606727278828e-05 0.00010279054270050469 0.00014503323146402598 0.00018695532277173988 0.00022380284669227448 0.0002529964789870309 0.0002741886105639452
5.164695939117563e-05 6.0213852437650904e-05 8.63387580293421e-05 0.00013754155496794706 0.0002221027447129178 0.0003389618481847076 0.00046804649772282786 0.0005740451994287673 0.0006260622544969159 0.0006151728141690426 0.0005540369871344503 0.0004639997720670148 0.00036393214476866285 0.0002667611186730883 0.00018087067554958946 0.00011181345246754074 6.225039361252199e-05 3.1121670130591916e-05 1.4160787302994405e-05 6.067644466370909e-06 2.586356584908786e-06 1.1768674015176059e-06 6.169579105405653e-07 3.9924806426893825e-07 3.348755371596947e-07 3.7103144577038214e-07 5.351496901403267e-07 9.605054905790162e-07 2.0071872692198397e-06 4.5278006665857705e-06 1.025712011812321e-05 2.19986102301562e-05 4.2911138641680794e-05 7.459985565853762e-05 0.00011522742051512279 0.00015962189976217252 0.00020162604811768166 0.0002367298257694709 0.0002631759237568219 0.0002814689399023362
