_RESULTS/REVERSE_NEW/MHZ/IZ/9comp/MHZ_IZ_z_90_kriged_reverse_9comp_test.asc
ncols 100
nrows 81
xllcorner 5.5967107547500001
yllcorner 50.982328804750004
cellsize 0.00017565049999994641
nodata_value 1.7014100000000001E+038
[rows 57 to 75 of 81, columns 0 to 42 of 100]
0.30636106193362633 0.25649341534128123 0.2179279432039511 0.1910904564874346 0.17547546583639387 0.17039333423759426 0.1754429247247862 0.19062396081712157 0.21609138121753382 0.2515853665964555 0.2956641511334992 0.3450451619216724 0.39447979638836056 0.43744765847560313 0.46755611000527775 0.48015194876357786 0.47356255601217495 0.44955367324743484 0.412843350859894 0.3698050316192047 0.3268253776445692 0.28896136154020846 0.25934762898885205 0.2393442853751958 0.22904810021898078 0.22773444454991243 0.23398017687709252 0.24548461720393053 0.25888344767733856 0.270039633172718 0.27513345013149587 0.27220572749383387 0.2621392230956337 0.24829000737021087 0.23508252263548748 0.2266515110234091 0.22628961801653547 0.23663633968005562 0.2600816785583462 0.2988595066900928 0.3544402989219564 0.42603033919824485 0.5084984997459592
0.34513844487092754 0.29637292447433883 0.25768890487571666 0.23011182601219848 0.21365857565453333 0.20793960582871276 0.2125777434360489 0.22731342464271387 0.2517851865516897 0.2850574978912982 0.32507171986436356 0.36830390956139664 0.4099121083229503 0.4444603678137736 0.4670147662936045 0.47424140467438425 0.4651864806819517 0.44154727264528115 0.4073306935759428 0.3679218861854107 0.3288296435559377 0.29458081659523594 0.2681598721300473 0.25104680551687597 0.24357594669959848 0.2452412467652018 0.2547015839077077 0.2694925431676153 0.28576993125903244 0.29865981303398437 0.3036131488054995 0.29833235942385683 0.2839794701017465 0.26466057321436476 0.24560150264765443 0.2314101293570443 0.22537868826549126 0.22972712375816978 0.24613959156927034 0.2760135572502274 0.32009860370419446 0.37747006275248046 0.4441859922890058
0.39259413446775465 0.3463684697752889 0.3086499426747511 0.2810044149085268 0.26398229428590914 0.25752614429974446 0.26129465885978953 0.27475676836313245 0.2970378363715308 0.32660942166018914 0.36100343665683066 0.39676371088656454 0.4297637568058848 0.4558333107534641 0.47148130905685715 0.4745086136044042 0.464421939090683 0.4426136927879656 0.4122177011232217 0.37755431883693374 0.3432560541477938 0.31338625315570534 0.29089082846131753 0.27749735964293726 0.2738859801397023 0.27981683982775635 0.2939694000298623 0.3134975719672672 0.33369212555691014 0.34847381262827754 0.3522129519273459 0.3422629309647073 0.3204613250083498 0.2922887252404802 0.264334128813376 0.2419965985627424 0.228656166409163 0.22609301980030383 0.23526859238418596 0.2567843467093134 0.2907492432304819 0.336103491004059 0.3897457969457901
0.44564179392729725 0.40368867137856496 0.3684458449600176 0.3418232393692023 0.3247943759729239 0.3175942192327662 0.31992257512940736 0.33102510179154343 0.3496339488013084 0.3738517678534289 0.40111836214025454 0.428374338468696 0.45242660225375375 0.4703920787810592 0.48005931357727033 0.4801123147832129 0.4702957236571125 0.45157697756324994 0.42619925475389353 0.3974552570524157 0.3691504243861245 0.34493646504114506 0.3277870510652654 0.3197635282925095 0.32197796456401523 0.3344912148211242 0.35590518258114234 0.38267166925300183 0.4086388631392536 0.4258076782248073 0.4269332769834323 0.4090272585679734 0.37525362206725454 0.33345838920413673 0.29244754508542375 0.25884777248374324 0.23618359569927738 0.22567251048409404 0.2274281254067351 0.24120935033134341 0.266497736168442 0.3020566284314844 0.34533488742121293
0.5001867242456633 0.46407128096020545 0.4328476808732309 0.4084916921902712 0.39219028293277036 0.38436154853625865 0.38474270508204567 0.3924605026148196 0.4060701655846383 0.4236158871657612 0.44278295343249197 0.461162613824769 0.4765658603010166 0.48726586987252374 0.49207865097724274 0.49032377619691747 0.4818426460339849 0.4671813978629273 0.4478057874386469 0.4261245215695759 0.40522614557775194 0.38841567638601887 0.37874385767592605 0.37867073763331877 0.3898164710739192 0.4125694032351659 0.4453119301897913 0.4833358136875419 0.5181986902881025 0.5389080088605691 0.5357872826096715 0.5055152765059503 0.4535787866150524 0.39168703697846363 0.33210760926456667 0.28326624454868865 0.24882034096428826 0.2291542929946292 0.22326575542835897 0.2299088546532287 0.24785944024132553 0.27560657463803484 0.3108872359842865
0.551921697270256 0.5225948856346615 0.4965208077960017 0.4754730447955512 0.46061369642021655 0.45240204348385576 0.45060168500804987 0.4543464985845754 0.4622554233332828 0.4726103112910223 0.4835992778362546 0.49358355436425166 0.501307231101392 0.5059714912053064 0.5071429771518653 0.5045762783510861 0.49816141312096046 0.48813132633274475 0.4753841649810734 0.46167415144615953 0.44955474070600965 0.4420996209544483 0.4425153727163269 0.4537458486513025 0.4780189646903058 0.5160991238257077 0.565988182586834 0.6212273812003715 0.6699241453477767 0.6965573114662967 0.6877840790841022 0.639862260539673 0.5619439159583686 0.4716908193402462 0.3865576035644287 0.31751687952243196 0.268279178178512 0.2379665536629607 0.2240424526204846 0.22397807167059158 0.2356803371210902 0.257221314485941 0.2863927275569275
0.5973230691101963 0.5749080436528611 0.5544232152130478 0.5372620891424966 0.5243749764595799 0.5161386668867934 0.5123286142110525 0.5121870195598428 0.5145777917896649 0.5182108496983775 0.521893088226025 0.524736731352869 0.5262577982088158 0.5263335045834144 0.5250318279690863 0.5223983198502485 0.5183915016690164 0.513099104296816 0.5071070327559759 0.5017907180606616 0.49940913929788067 0.5029866451381458 0.516028562794508 0.5421084099899317 0.5842282725806267 0.6436540280668277 0.7179075813164169 0.7981642189765057 0.8677154428592706 0.9045570024853913 0.8899352184397118 0.8192674004878109 0.7068042142859283 0.578706756291001 0.45983074689728376 0.3647026434945026 0.2970293242685693 0.2541517607006852 0.23147569654369893 0.22482388893300848 0.2310067981094033 0.24750520969633222 0.2719571748385456
0.6343787544843466 0.6182697594857051 0.6031364358617458 0.5899335142773556 0.579307839157814 0.5714815726797557 0.566226689926187 0.5629393786992996 0.5608033872336098 0.5590066446395102 0.5569498327774685 0.554376931246588 0.5513829365772099 0.5483018229493591 0.5455161283724203 0.5432707698080997 0.5416361754652348 0.5407200640012817 0.5410364350761965 0.5438501947699297 0.5513814239063052 0.5668241444879091 0.5941736306513383 0.6378326669755668 0.7018140115581648 0.7881219293403458 0.8938703746290373 1.0074623353478913 1.10617528595155 1.1595847260665018 1.141487137740468 1.0453646165592112 0.8913760332848011 0.7165888102215343 0.5557248977093371 0.42822051001353184 0.3379716951091163 0.28013352917653095 0.24755345292990366 0.2340197531709446 0.23498676251348227 0.24715034369784447 0.26780293494623275
0.6627602169939156 0.6519383921202586 0.6414897169228614 0.6319675424918619 0.623711789224288 0.6167700465981638 0.6108939291988361 0.6056212837480263 0.6004299628888928 0.5949210821062694 0.5889699766297468 0.5827869278428243 0.5768633811644744 0.5718263170888969 0.5682568079177935 0.5665512630360225 0.5669252310271693 0.5696193100347137 0.5752496493214209 0.5851768736995275 0.6017885591789384 0.6286311319501946 0.6703487439472519 0.7323378212724223 0.8198349128706743 0.9358619750711488 1.0773953031636578 1.2300979922481232 1.364776797801538 1.441750200028714 1.4261144003860664 1.3073606460677323 1.1103938394043107 0.8842789444097188 0.6756637462705377 0.5105413832540985 0.39375072903103936 0.31832139738812626 0.27430492341794205 0.2531768982353693 0.24880322416892986 0.25690429532752795 0.2742490964446286
0.6834894988831721 0.6768838308870138 0.6703519028147074 0.6641311166545505 0.6583005215730855 0.6527423381760551 0.6471649238677564 0.641193560647596 0.6345112891949455 0.6270073908171513 0.6188785413839555 0.6106388120000584 0.6030295638611054 0.596862192405941 0.5928548372808762 0.591534938614137 0.5932760692887772 0.5985009832276764 0.608014230406641 0.6233790804276704 0.6472500068493118 0.6835906356687339 0.7377121729995298 0.8159926599254509 0.9249039644131068 1.0686085665191778 1.2442533579341815 1.4352004025696923 1.6063662111228312 1.710487186699923 1.7060590561764148 1.5759411504513883 1.3445957727373714 1.07136936898966 0.8155461625596484 0.6111835638171854 0.4655299140735646 0.37039570431392216 0.31338979869724554 0.28370843783893657 0.27353189344863266 0.277468295888505 0.291616225561923
0.6983735702845681 0.6951390083790632 0.6919304989467747 0.6887586647116339 0.6854951157014374 0.68186630876788 0.677501122027261 0.6720330880017533 0.6652359203638517 0.6571503142234563 0.6481531455184708 0.638935829667804 0.6303933491951486 0.6234631271156508 0.6189759992922831 0.6175842972717016 0.6198171340960773 0.6262802152938308 0.6379733508390567 0.6566639279623862 0.6852429500718875 0.7279960149521417 0.7907129654143092 0.8804666667810792 1.0046295014447868 1.1682742658381347 1.368857277279282 1.5881590739360123 1.7866840055798285 1.9135340415634412 1.9275491328361456 1.804738023226231 1.5595858822558772 1.2555677950952866 0.9629577417461429 0.7243834176055911 0.5513126365356679 0.436183842326708 0.36536247658348114 0.3263363548701865 0.3097876816281124 0.3092154578673136 0.31997552395191364
0.7094761864416753 0.7091495488496724 0.709018445118291 0.7089331483866272 0.7085899137472863 0.7075470263413187 0.705295120444544 0.701378278864359 0.6955399723978974 0.687848852391678 0.6787561894585211 0.6690565545095284 0.6597603475082612 0.6519235710924034 0.6464996763572581 0.6442748462852596 0.6459269848558615 0.6522176697936833 0.6642930349933084 0.684043036800947 0.7144563386913054 0.7599075294902191 0.8262963021486806 0.9208590104089688 1.051211582290071 1.2227550165473726 1.4332556962975669 1.6643077154200991 1.8751055134440124 2.0147361551422147 2.047251541597991 1.9472443336818752 1.7144803584277712 1.4061408354963485 1.0975023696055426 0.8380285557004022 0.6445614055555562 0.5124300052122763 0.4286978168268489 0.38033929419716134 0.35713100213153587 0.3517012958288252 0.3587274396887556
0.71876264705173 0.7213188118664515 0.7244493068365518 0.7278793576423659 0.7311279906752534 0.7335375725362671 0.7343684902797393 0.7329529618395577 0.7288752393586408 0.7221235116529412 0.7131568363140093 0.7028562235797685 0.6923737782041618 0.6829354282695342 0.6756710204824329 0.671535670951102 0.671358133486058 0.6760189516199747 0.6867318993140255 0.705380989969896 0.7348549627287533 0.7793181922075113 0.8443372550614232 0.9366911379695357 1.0634648862123934 1.2296631659021229 1.4333210155652132 1.6578510879716197 1.8661066870751504 2.0102976457843735 2.0561784191762893 1.98126281715265 1.7794701820077272 1.494681240037247 1.196383592332432 0.9357914214831885 0.7344863397584491 0.5923108805937709 0.4990843365048613 0.44284879918064235 0.4134379487931642 0.40311943459168637 0.4061377828361872
0.7279186436314934 0.7337657232000808 0.7407978332490448 0.7486236171290911 0.756548386397736 0.7636090034978915 0.7686980989279812 0.7707724312427162 0.7691026393779623 0.7634891704099847 0.7543647409732522 0.7427393832678835 0.7300066646413509 0.717685786097025 0.7071949185159824 0.6997319875264166 0.6962982824647942 0.6978595480238472 0.7056097715534418 0.7212856617649385 0.7474726726549543 0.7878409189124673 0.8472321815732868 0.9314466703399946 1.0464057766943027 1.1961127972399928 1.378714819489718 1.5806610013433344 1.7720634282139724 1.9120254899654434 1.9658506192148457 1.9125758108409299 1.7491245083369547 1.507711195219493 1.2434955489402235 1.0026634558065817 0.8088894946289026 0.6666220790082831 0.5697387668135765 0.5087663071706953 0.4746689022363074 0.46004219334424645 0.45910542642165
0.738275977801874 0.7482151799459894 0.7602345292284618 0.7738197075998215 0.7879982143988874 0.8013678467863888 0.8122567165118031 0.8190174686345614 0.8203996266942267 0.8158873768467692 0.8058757699838482 0.791610435057785 0.7749142427851048 0.7578123140648385 0.7421952396983098 0.7296246943656811 0.7213199608178408 0.7183063129508152 0.7216732114143793 0.7328780978661688 0.7540306439251582 0.7880938250158261 0.8389278265375758 0.9110542210867567 1.008906556600431 1.1351882371281108 1.2879559107203866 1.4566190102073702 1.6188407857607032 1.7429010466009678 1.7978726182064575 1.7642610068429925 1.6411489698360588 1.451935646818337 1.2362642134736983 1.0309932036690341 0.8585602394479542 0.726599555786427 0.6330820453585487 0.5717272376834573 0.5354356166854157 0.5177867045528276 0.5134388967469977
0.750771560315205 0.7659262442294796 0.7844174913243499 0.805603657745174 0.8281555698967217 0.8500566478265892 0.8688011619394319 0.8818159992450648 0.8870351563050515 0.8834505674835194 0.8714229529993175 0.8526150329699589 0.8295762666733575 0.8051595254383195 0.7819945388754909 0.7621748335201812 0.7472012097954235 0.738135759900775 0.7358816707786913 0.7415020761339278 0.7565029964854324 0.7830159560041596 0.8238152196477968 0.8820795492164725 0.9607496762157614 1.0612694314231188 1.1815526244660974 1.3134296086530206 1.4408080297722003 1.5408957697970362 1.5901141118262143 1.5725934306924694 1.4870885302018628 1.3491583481441485 1.1855038512161635 1.0230319118494786 0.8805835221843746 0.7669337735158049 0.6831167753363313 0.6258747764481647 0.5903233405673516 0.5714336767453159 0.5646798559247742
0.7658928753023814 0.7875941398486115 0.814336575393692 0.8453684048837796 0.8789288150307245 0.9121795141696168 0.9414323526496002 0.9627495838825337 0.9728356648882721 0.969941633095138 0.9544067929396249 0.9285824772818536 0.8961746373968228 0.8613112010272787 0.8277118793365656 0.7982059816481458 0.7746409359780629 0.7580817373261418 0.7491582246313919 0.7484374725816094 0.7567345807193543 0.7753011321108851 0.805840783684455 0.8502948544023549 0.9103190594430248 0.9863590859450461 1.0763001725096977 1.1739314507653207 1.2679799127888485 1.3429485820004747 1.3826568417064775 1.3757185619337386 1.3203821676668572 1.2259038988366933 1.1092066510765493 0.9886313731684758 0.8785521118824271 0.7871772670320512 0.7171773928567372 0.667539931014957 0.6353606998081354 0.6170730294534925 0.6091521850775286
0.7835994632442373 0.8132078722156766 0.8500782024122914 0.8934051265325282 0.9409485620813137 0.9888314949047489 1.0317678186979315 1.06389611522995 1.080143659236265 1.0776859532486507 1.0568607614908658 1.0210772194204865 0.9757677774300578 0.9269043917816596 0.8797137471731868 0.8379748142698963 0.8039237885636215 0.778566115517597 0.7621561022769064 0.754669800121888 0.7561741728627758 0.7670438677407477 0.7879966386669089 0.8199221172204764 0.8634768965289166 0.9184286605734306 0.9827906008332197 1.051943643510841 1.1181960001978581 1.1714160771109412 1.2011591737865275 1.1998885459078532 1.1658942252296076 1.1042525252268944 1.025127649798484 0.9403354402664953 0.8600385546676877 0.7909443110850357 0.7361467758658907 0.6959417717947493 0.66888128007405 0.6526603342604462 0.6447388351668641
0.8032444234694889 0.8418936184736489 0.8905435307179235 0.9484385679678795 1.0128618100054139 1.0787093028473325 1.138662830625544 1.184306236673046 1.208146339982823 1.205882754145695 1.1778763961847614 1.12903637056069 1.06718911617319 1.0007886209899028 0.9369995732704022 0.8807333337670612 0.8346095656404193 0.7994739454403604 0.7750876861942204 0.7607485040963151 0.7557424976587835 0.7596025518644878 0.7721740834636404 0.7934931413330786 0.823485288817199 0.8615086984054968 0.905806655776915 0.9530182546982742 0.9980069081521582 1.034319828467849 1.0554454745708246 1.056625168313484 1.0364962167099756 0.9977122996910441 0.9461495944097126 0.8890957044087693 0.8333217888285107 0.7838037801758192 0.7433227724785938 0.7127201042639432 0.6914452889563857 0.6781295911337675 0.6710631727957892
