_RESULTS/REVERSE_NEW/MHZ/IZ/9comp/MHZ_IZ_z_500_kriged_reverse_9comp.asc
ncols 100
nrows 81
xllcorner 5.5967107547500001
yllcorner 50.982328804750004
cellsize 0.00017565049999994641
nodata_value 1.7014100000000001E+038
[rows 19 to 37 of 81, columns 0 to 43 of 100]
6.04080435090975 6.50351974721797 6.886143482190119 7.130227586244849 7.198050090191558 7.086570262356089 6.829386648116083 6.48564610583547 6.12208655833321 5.796968034641235 5.551344741045038 5.407624335026084 5.37197370479201 5.437083408028073 5.583683683742329 5.7813075020364275 5.990141807063536 6.165850127186219 6.2676913471337485 6.267675752268513 6.157023847110376 5.947550273245321 5.6678985234217585 5.355930190803691 5.050036564483987 4.782666003528912 4.577661763996665 4.45081429643358 4.411972985022042 4.467090835019801 4.6190564477343425 4.866671763275172 5.201633632715088 5.604130151550941 6.038864001124424 6.4545729691319425 6.790155549191926 6.98794476185592 7.010020930468953 6.85011972399687 6.535085360833093 6.115243755597654 5.6486248488845865 5.1862531606232425
5.859776713846191 6.277175915528312 6.618293704361307 6.831023861563241 6.882280765649641 6.770040727627226 6.524817799965992 6.199776995555712 5.854882092298025 5.542646550488291 5.3002392381343 5.148009278357395 5.091565425766773 5.124426304603029 5.229786667869565 5.381666468387481 5.546786619430924 5.688544436462927 5.773308770231 5.77745154226163 5.692525116916746 5.526723960628971 5.302229668585886 5.049351042704597 4.799667333087387 4.580710832939615 4.413495886310896 4.312587621267181 4.287512366056251 4.344223897248659 4.485657331550972 4.71080381269732 5.012178866547093 5.372205641329686 5.760014954157941 6.131156178634623 6.43273035363873 6.6144301695741365 6.642251976230861 6.508843867888937 6.235376138264832 5.864108235638066 5.445383298313844 5.024886633628824
5.7256232606124495 6.1091808360323645 6.419366509614793 6.608862775671426 6.6480673419045395 6.535658348551306 6.2996822477321635 5.988580126343012 5.656950772278049 5.352705502661484 5.109825872054657 4.946878933483695 4.868874226087281 4.869878104759471 4.935053200722558 5.042199741670529 5.1637201239903385 5.26993281010472 5.333839599998609 5.336280639321112 5.269795006724618 5.139863675370491 4.963075928350338 4.762820620434631 4.56413516604159 4.389552597203473 4.256950800394532 4.179294001607245 4.165461569940245 4.221206510293336 4.349465357046076 4.549537892981035 4.81501949561171 5.130900765173503 5.471019519811858 5.797816095412921 6.066381669323842 6.233293127323759 6.2678733679100445 6.161177924810618 5.928433206602818 5.603830314764684 5.230219854878912 4.848233926335146
5.655609882205302 6.019859929990001 6.311957599067797 6.487353518312284 6.518489867874323 6.40443892303531 6.171708847270848 5.865792606521213 5.537902512082124 5.232980943437323 4.982863386255165 4.804811541206695 4.703293695057545 4.672686479921475 4.699628968965966 4.764938202423725 4.845667967910849 4.917892967496867 4.960247748609536 4.957549916770801 4.903498201903673 4.801586877027366 4.663848590233481 4.507799385711628 4.35271404989057 4.216503698849901 4.113934256325859 4.05619180554893 4.051286734503343 4.104614780099504 4.219072411013829 4.394329212067981 4.6251474721467964 4.899061207764413 5.194320840332109 5.479601515464786 5.7170493147602945 5.869191993186373 5.908102748900354 5.823256250912756 5.6245164608795 5.338912466524459 5.002714171617357 4.652197033067025
5.650912095753497 6.010301576986216 6.296918066262927 6.466972964207534 6.493528431324775 6.375742944371623 6.139507235561571 5.829151029096873 5.494531288611623 5.179355644436571 4.91448157173114 4.716459478355084 4.589356452206615 4.5276650221863814 4.519025975738407 4.5465100115260535 4.5907652560208465 4.63236996544054 4.654407417883438 4.644908650211296 4.598626080799688 4.517621424898211 4.410387419977177 4.289732808155812 4.170165406838003 4.06560994553212 3.9879854420401726 3.946707445824467 3.948812643012257 3.999234622994372 4.100774685350194 4.2534450429726895 4.4530813055060054 4.689451200260937 4.94454539198919 5.192202818359997 5.40033482965774 5.5363053254961905 5.5744338288054935 5.502956539850411 5.327466690409765 5.0692996485475845 4.759541917993951 4.431132869915846
5.697229587409602 6.0633139256089175 6.354634095976226 6.526553136009997 6.551570356236455 6.428605224569736 6.183583824431952 5.861055853137258 5.511176369434491 5.1779109873949505 4.892223594536844 4.670568581578545 4.516805383957341 4.425392359161919 4.384535551818296 4.378852397423986 4.391614864847792 4.4067533873908316 4.410690111997708 4.393903928498821 4.352003072366482 4.286025722439619 4.201800550936299 4.10850855343051 4.016887527790977 3.93759713954834 3.880107993820292 3.8522061997662456 3.859946138514698 3.90773188392751 3.9981848215831555 4.1315361824705334 4.304448212345876 4.508427113835776 4.728352743997859 4.9420296216490645 5.121800932932466 5.23879916459821 5.269213484197514 5.2005749276268585 5.035534561635922 4.791460923962515 4.495894937045147 4.179632787561617
5.767323570778678 6.146327817063085 6.4481804778540655 6.62651955113122 6.652544223954675 6.524594274352806 6.26881370459552 5.930616332405624 5.561363553949283 5.206226741722244 4.897084693708852 4.6508446026707615 4.471386075902688 4.353044293018878 4.284229509970288 4.250510108236893 4.236980101660951 4.229996946162902 4.2184501291553635 4.194664552874349 4.154929373975387 4.0995571458283555 4.032403808357 3.959918340363104 3.8899435757222234 3.8305618828989774 3.7892331763700415 3.772325742232573 3.7849614119903916 3.8309639995899993 3.912654181655459 4.030276924840465 4.180971485050034 4.357402832161981 4.546468329725845 4.728812842016587 4.880035883040086 4.974164887775307 4.989052797186652 4.912174468755999 4.74463174740353 4.5015859137233045 4.208680089893164 3.8957339899957706
5.825923617698194 6.216986773808725 6.529368167239953 6.715098278187242 6.743968352232963 6.613425670654626 6.349431414299582 5.997936899258771 5.6113966641916395 5.236347342014528 4.905953328250008 4.637982875693151 4.436590099327236 4.295989599474994 4.20455325844392 4.148361546043023 4.11375925112286 4.088914553761642 4.064630045215308 4.034694154159793 3.995964903196107 3.9482468474465313 3.8939417418387046 3.8374598464237235 3.784453267009008 3.74101473564339 3.713005149566797 3.7056066379015795 3.7230837715608067 3.768629474466773 3.8441090177496418 3.9495205890632796 4.0820829040142215 4.235038852851812 4.396515988541877 4.549060347077305 4.6706128325323935 4.737488524278532 4.729193407403546 4.633873175839575 4.452430336693842 4.199439052893449 3.9000910347395057 3.584158711481152
5.837333413159323 6.2321461728447085 6.548805625799914 6.738917936167127 6.771478026325839 6.642837575866604 6.37783380913158 6.021642837836731 5.626605877054118 5.23988922333341 4.895767220984864 4.613061195694466 4.396459017356209 4.240169258967019 4.132433642485502 4.059608504383374 4.009012916310784 3.9703584318734135 3.936106765629276 3.90130857454838 3.8633339204619954 3.821644870709647 3.7775729320642952 3.734005269722694 3.694935069376496 3.664925392980798 3.6485866685621176 3.6501401482658853 3.673082391960083 3.7199208373389747 3.791881738391928 3.8884246280136017 4.006447590020079 4.139248126073699 4.275540327089191 4.399067256802028 4.489489822466173 4.525085256398017 4.487190234297121 4.365383431579952 4.161580100500052 3.8911005012033546 3.579752008318459 3.2577836747306153
5.7744776163151785 6.15893602051064 6.4686210087473555 6.656721024881833 6.692663535128881 6.571696814618049 6.316292511753936 5.968851406846423 5.579547356939659 5.194658948698196 4.84882294380081 4.561798571016859 4.339003550704769 4.174847799216366 4.057534732376982 3.9737470363367695 3.911849808880036 3.8631237097133195 3.8216181908038798 3.7835417167203844 3.746754790434674 3.7105128572057318 3.6753678742747242 3.643066404605911 3.616332439357137 3.598532268208944 3.593287145400618 3.6040585238417098 3.6336862781397916 3.6839506899624084 3.755237421854822 3.8461599822098798 3.9529223690998156 4.068444863176582 4.181552596190096 4.276722308847052 4.3349927353120075 4.336528143817217 4.264812370324169 4.111578793944481 3.880724733808866 3.5892409878941565 3.2641274044328856 2.9361665371658208
5.626296004344304 5.984008274729124 6.273319987511063 6.451282883166871 6.489281142969084 6.381688064150347 6.14745762665139 5.824107745579514 5.457290993468393 5.090436057338354 4.75730122161411 4.478075298078496 4.258920718895473 4.094700093681696 3.973934455165558 3.884068717233961 3.8148778353125143 3.7593567609748004 3.713106052501606 3.6734118881001097 3.6386168797042484 3.60788430143901 3.581217528838209 3.5595247396858625 3.544567452824622 3.5387605307496015 3.5448987900065454 3.5658102108850045 3.6037875001518684 3.659886239037651 3.733478089093414 3.822038381263846 3.9207481894682523 4.0218190281833746 4.113873816719306 4.181873084649401 4.208119589528442 4.174767726336803 4.067813594772148 3.881724441220576 3.623007627767716 3.3107707686138728 2.9732835488366067 2.6415300525021936
5.400197028425098 5.7166614788907495 5.973563799955567 6.133713374614846 6.171827757652002 6.0818284310828465 5.878476456249378 5.592850002434699 5.264095969221156 4.930852021817439 4.624457309364381 4.364609719044296 4.157945732725192 4.000062556519596 3.8804941059438893 3.7882070911680215 3.714834851338484 3.6551776300317065 3.606297208008698 3.566455531066214 3.534457610178215 3.5094694556985613 3.491145002282567 3.479821849400672 3.476585739369025 3.48313778863947 3.501561295076694 3.5340466805664446 3.5823281042614097 3.646755439568472 3.725626858691606 3.8150884035931645 3.909042359561432 3.998748096232542 4.072441614759017 4.115476811782498 4.111457678538294 4.044711743273592 3.9040528248427595 3.6870207549346334 3.402959881018037 3.0730710807119594 2.726571950813521 2.394118417421839
5.118445501813636 5.384279526735127 5.600866545765242 5.737796213137344 5.773976320553486 5.703373328647669 5.536545582394005 5.297558645730657 5.017961928445381 4.730144759756091 4.461502660441144 4.230048262843137 4.042373566058018 3.8951344924300177 3.7797547858494256 3.6874978632910094 3.6121801755072673 3.550379396562385 3.5004529413388252 3.461495688917218 3.4327400295408568 3.4134471389659673 3.4031165910762136 3.401771793528459 3.4101046876631105 3.4293723709784967 3.46111594319227 3.506843397089454 3.567535401269016 3.6427351005566933 3.729703871749986 3.8232488677077363 3.915867091941858 3.9977101021188655 4.0565336017878115 4.078091488267507 4.04739215023915 3.9510992844849713 3.780994760771048 3.5377266064065993 3.233302087961628 2.8906067341042236 2.539254816567478 2.2090638824437048
4.81045115313404 5.022591596450671 5.196144544639502 5.307512340920395 5.33999010479278 5.288019098838023 5.15851539068738 4.96895213537781 4.743243202606367 4.50687199545441 4.282171994406961 4.084349971539828 3.9193993585689433 3.78529104419233 3.6759763197337114 3.5854644398472066 3.509852950545605 3.4473516130397224 3.397392098373772 3.359748217472623 3.3340655943935045 3.319821819966584 3.3165708212023333 3.3242663958589125 3.3434557501722404 3.375199111134909 3.420719231197523 3.4809293709123237 3.5559035192426607 3.6441488219811387 3.741837347006862 3.8425112621639417 3.937289396606652 4.015186167463786 4.063473042829146 4.068364747419455 4.016372828644394 3.896561334150655 3.7036142784800328 3.4410063458159854 3.122887483729333 2.773159501300643 2.421218144590679 2.095698441236874
4.504633475895356 4.665527670732139 4.797846141995288 4.884065639932468 4.911513262939738 4.875379119177551 4.779793483973642 4.636717370320179 4.463242484112367 4.278149287612894 4.098304669676871 3.935465589867187 3.794635751788257 3.675081333766117 3.5733502070752925 3.4861554298952524 3.4117036970893375 3.349589112508269 3.3000973440439916 3.263584752941569 3.240161779631004 3.2296780295756875 3.231945008157772 3.247062104534109 3.2756380406715975 3.3187251182772486 3.3774175835785893 3.4522277618899047 3.5424156823299864 3.645351401974587 3.7559687890586515 3.8665343011567086 3.9668873225858645 4.045017507421502 4.087817683021687 4.08206246361223 4.015816802888625 3.8804631743073066 3.6732841175607245 3.400010157652461 3.0761502744823344 2.7258084138903573 2.3775772202833787 2.0587563696521705
4.222862923195036 4.3385170420952415 4.43427028709592 4.497536714662485 4.5190060101782645 4.494724188414986 4.426917212850532 4.323360835649826 4.195618776758611 4.056652957915445 3.9182258882534944 3.7886351165201693 3.6717001037971873 3.567624549686499 3.475061080867401 3.3929250316192845 3.321104826949968 3.2602665200858514 3.211392441160954 3.1754236600481036 3.1530387607333386 3.144596573117475 3.1503176335576857 3.1706197786443076 3.206356989232584 3.258740270875396 3.328881341879094 3.417064531881014 3.5219502870116473 3.6399122505208945 3.7646423888147105 3.887121670678953 3.9960266144682204 4.078529949987522 4.12134968775436 4.111947096364674 4.039921213065997 3.898729073336192 3.687722700387212 3.414081073175992 3.0937056829820437 2.7500096807934202 2.410230270210676 2.1002808760910545
3.9784205420712837 4.056320926115802 4.121307756337216 4.16453479941056 4.179306485235742 4.162511036359836 4.115218556434877 4.042292555808061 3.9511972519049356 3.8503345619913585 3.7472648482502686 3.647286170271877 3.5529770226596193 3.464929836983166 3.383096325170107 3.3078161552233762 3.240080722382198 3.181309956038922 3.1331011702709763 3.097030652162869 3.074413016825074 3.066173453460232 3.0730301448135195 3.0958613410721854 3.1359352836334167 3.1947780178456195 3.273646669549347 3.372728818512937 3.4902784071165214 3.62192391277367 3.760345623448998 3.8954333403824077 4.014934518479355 4.105499558593677 4.153945704949037 4.148560358719523 4.080384020799852 3.9445548125073024 3.741778353264349 3.4797013569183153 3.173530748041741 2.845033650863718 2.5195045546773587 2.2213719456258785
3.776660648597411 3.824208422917166 3.864081775434889 3.8901299053012997 3.8976041692220074 3.884164606267265 3.850295684743263 3.799017423375106 3.7350146459445748 3.6634476239869027 3.5887675950810967 3.5139194435198142 3.440270996770709 3.368265134854218 3.2983213793944 3.2313940863943964 3.1690018288465787 3.11304245006687 3.065666638074267 3.0290775625259934 3.0051908451794818 2.995482242604027 3.0012226501433985 3.023860160817316 3.0651967382514194 3.127177193442838 3.2112946330852896 3.3177463901101407 3.4445530961161026 3.5868812694273235 3.7367850011688764 3.8835019364014136 4.01430576483324 4.1157644433862535 4.175145585362216 4.181714025189225 4.127802232804342 4.009726671763934 3.8287059450515497 3.5917691939351264 3.3122651488296073 3.009280651010982 2.7054519573529 2.42343106052573
3.6169440969358404 3.6405745650031274 3.660169988952766 3.6714715772998665 3.6711593992802793 3.6575863198923946 3.6310564828357754 3.593562505117007 3.5480835933840447 3.497682066502788 3.444699201346276 3.3903483112550994 3.334876746546081 3.2781847716047947 3.2205094352703196 3.1627785800346744 3.1065918581562855 3.05410562562292 3.007915477317888 2.9707349374941066 2.9449668251322456 2.9325911233071067 2.9354488976228774 2.955589945464865 2.9953668960605278 3.0571494469897735 3.1426877913563556 3.2522642342922987 3.3838425966381513 3.532449810996673 3.6900007130758574 3.8457001476481545 3.9870186018161933 4.10105949814217 4.17599686575573 4.202260579630238 4.173312578599547 4.086107489725818 3.9414994933031564 3.7447870892078265 3.5062532706379703 3.241157187103843 2.968536601077569 2.7086575941557944
