_RESULTS/REVERSE_NEW/MHZ/IZ/9comp/MHZ_IZ_z_250_kriged_reverse_9comp.asc
ncols 100
nrows 81
xllcorner 5.5967107547500001
yllcorner 50.982328804750004
cellsize 0.00017565049999994641
nodata_value 1.7014100000000001E+038
[rows 57 to 75 of 81, columns 44 to 87 of 100]
34.19706924471675 34.398640527333434 34.508404525305316 34.492291309945685 34.33496028103217 34.051795686855115 33.6895677253049 33.31447064491742 32.993689564515435 32.77856522685183 32.69557832775361 32.747221532861985 32.91919689671914 33.18722124485083 33.520101839452494 33.87946504797838 34.21887168715203 34.48648149356193 34.6315067745986 34.61134448747457 34.39735442234701 33.98015343228015 33.376722389627375 32.640164691696896 31.86491002547826 31.171558460079545 30.702773826947517 30.590901214490184 30.787370442006296 31.11862189612213 31.459424330911983 31.743647758475845 31.938871847048066 32.03617197518764 32.042640078452905 31.974647901432817 31.852918347624374 31.699174807183685 31.533679023650187 31.3732865441844 31.23010034158463 31.110975327473327 31.017959278875974 30.94945275242767
33.79269915244521 33.8649788046059 33.88505345696068 33.82778377474735 33.67964152967764 33.448657137355845 33.16660324488645 32.881226722019164 32.64264557654665 32.49038237540156 32.446077141079144 32.51335782329854 32.6822172845716 32.93331803072245 33.2396841015087 33.566292082703946 33.870103325705614 34.103045944662924 34.217629375596935 34.172985716913104 33.9402395038967 33.50827932466079 32.891864360925624 32.14164039640487 31.342885053854157 30.59091360898008 30.046132651224223 29.936357645767043 30.205517832427493 30.59516228685024 30.964880009292234 31.269521448367293 31.4892618296024 31.61872976643454 31.66483679951987 31.642281992389837 31.56942412575739 31.465315419761446 31.347544389437537 31.230615787095118 31.124913533189762 31.03640241595623 30.967082499226724 30.91598559185878
33.4129686728822 33.364063530567655 33.302346968994264 33.20904251111058 33.07027842671724 32.886025159525886 32.67396186844074 32.465368156431275 32.29556022257195 32.19396286345284 32.17795912703059 32.25179203909524 32.40875407629646 32.633589217925405 32.90331727060515 33.18697430622072 33.44617605162447 33.63797532597798 33.71959554514045 33.65361244315976 33.41309394967453 32.98770778425181 32.39204696781765 31.673361079859713 30.900098828156793 30.138102512124114 29.56827519482106 29.48007262489502 29.801114817938167 30.220233333918365 30.594407958447476 30.899403574650965 31.127194205483416 31.27522896872908 31.34949283030591 31.36240721827362 31.329559756670527 31.26710788058759 31.189891028203835 31.11008768351479 31.036429277577422 30.97404100551669 30.924869677621235 30.88850547626112
33.101784086958766 32.942484371130796 32.80644826687353 32.679694264823205 32.54680707393774 32.39970807740065 32.24344947096744 32.095286577947654 31.97829391757531 31.913630150908556 31.915051185939163 31.98697821202495 32.12509788545398 32.317466586338305 32.544870048747185 32.78076456236985 32.992066529071955 33.14167243104247 33.19242031676862 33.11166843047395 32.87631765907291 32.478985285385384 31.935579065698246 31.28937535137174 30.595936479927172 29.916993959011478 29.431870338645496 29.374707209818908 29.66233382543554 30.03442629955388 30.371176871753658 30.65158665454288 30.86879805809925 31.019867593068756 31.108770722709405 31.14509457435358 31.141338908084332 31.1106340492119 31.065080210969192 31.014620475055953 30.966432773702753 30.924847038078244 30.891713814838145 30.867054217085837
32.876068926783944 32.6186717507102 32.41554298383837 32.2568082251876 32.125159588911714 32.00498921535334 31.89034953936695 31.786851049156283 31.707717648615276 31.66752896038329 31.677053273081494 31.740644554148595 31.855746781740525 32.01317063939036 32.19721896847692 32.38577497286472 32.55113041932795 32.66213464581295 32.687568042713494 32.60031763966789 32.38225609040965 32.03005601581624 31.56122718438285 31.01556904336596 30.445458341543404 29.921611070182223 29.58065248296153 29.542963788360133 29.739084380152864 30.01345533552342 30.282718461173726 30.51942186497769 30.71083706524526 30.851326328807993 30.942268196928712 30.99024696358688 31.00464077086954 30.995613243332045 30.972656821877383 30.943634910199442 30.914292319544362 30.888200965824975 30.86705163935346 30.851146757294558
32.7288532683137 32.38797975899885 32.12644661997533 31.938125832439052 31.804034988638 31.701996587329024 31.616818964651568 31.544696611008238 31.491123402764547 31.46558703190965 31.476506233484354 31.52811004912362 31.619206607679555 31.742939739489557 31.8867856870154 32.03272323407344 32.158027842140655 32.237121317643755 32.24453424926785 32.15877057943424 31.966884107049253 31.6694980282872 31.285056802774086 30.850206302362874 30.415434709345636 30.04683876896455 29.825713010508647 29.79471546147391 29.90971623976079 30.093161400864876 30.292199334247112 30.478410120921755 30.635721994624788 30.756513534468755 30.839976795124947 30.890037765301713 30.913252042865757 30.91709292916568 30.908704329188165 30.89408987475015 30.877706260954824 30.86241121173216 30.849676317598707 30.839944982170035
32.63884161934253 32.23272676490897 31.92461060780062 31.711438507107204 31.573064139108848 31.48222392866748 31.416582809303765 31.36516866682677 31.32767809838619 31.309803709819313 31.31819678866186 31.356979698682885 31.42603118327485 31.52040989303026 31.630269858557615 31.741081189163893 31.834401050511918 31.889532920260184 31.886200942236652 31.80809184902151 31.646915355246325 31.406352246693487 31.10466496566601 30.774356299621836 30.458847531201116 30.207390187542217 30.062061091580595 30.034467111855285 30.099736242108676 30.21907387044496 30.359554264029576 30.497990500755375 30.619556770244927 30.71652846931967 30.78686297776199 30.832493319269943 30.85767715349824 30.86762769957759 30.867492787525556 30.861685084432693 30.853542628688174 30.845270566394678 30.838084135799885 30.83245760503683
32.5803548592328 32.13124605532368 31.791962467011658 31.561237252110047 31.418411055311896 31.333219672665138 31.278812204450503 31.239474454583572 31.210925121541706 31.196157695911175 31.200496474494027 31.227916636631033 31.279035779023527 31.3503240155929 31.433970464768677 31.518162718910375 31.58789421389066 31.626543807132972 31.618329888133843 31.551453955996855 31.42144567384948 31.23393303390979 31.00583605641387 30.764107054645073 30.541700047719385 30.37049511421927 30.27140554306757 30.24684131872823 30.282874363075656 30.358503270320796 30.453278488973417 30.55068600897733 30.639189247552217 30.712172790657622 30.767192614194677 30.804872371410703 30.827749897079254 30.83925981484117 30.84294139906532 30.841905493286948 30.83855589440372 30.834526092206087 30.830766658815385 30.82771047134434
32.528504379595695 32.06164259668415 31.70927099660742 31.47026452273151 31.324194660324945 31.240313263724705 31.190266949231393 31.156135932525476 31.13135291112204 31.11709453322439 31.11761785142784 31.136592856375483 31.174959335837666 31.23000934174915 31.295236375899744 31.360710761100474 31.414011648051748 31.44183954981221 31.432292759024165 31.377511702832443 31.27612576774724 31.13479107877819 30.968150050219617 30.79678624598446 30.643137880123845 30.526029314560972 30.45579375982476 30.432642585367304 30.448894585317305 30.492865879709917 30.552200924078438 30.616037961149324 30.676174142242886 30.727431135403393 30.767427182755018 30.79599304696502 30.81444737454271 30.824890923527576 30.829622502224414 30.83073026871674 30.829868229789092 30.828191771450086 30.826403928790043 30.824858996393413
32.460799360692576 32.00194787688766 31.655307754616775 31.418431393130987 31.27187703826646 31.186857667684574 31.136404411200967 31.10274991577029 31.078527692574877 31.063796339885748 31.061879197130608 31.075914889880806 31.106715165330385 31.15178522254631 31.205187238401116 31.25806605551183 31.29981712835032 31.319866138834744 31.309825981904517 31.265542207177628 31.188429620405582 31.08563790711913 30.96888430260123 30.852122603949063 30.748583195933733 30.668106428012475 30.61570649931934 30.59162550432339 30.592361622403207 30.612036032778185 30.643766735411376 30.680886910270956 30.717858462183827 30.75077891917562 30.777482251490383 30.797322662391615 30.81077171706395 30.818958757920907 30.823257424308036 30.824980474506557 30.82520269493508 30.824697680112507 30.82395493452098 30.823239574358745
32.36039298362561 31.932267937016483 31.608338059365636 31.383995275743366 31.24139124892894 31.15546879991739 31.102782448519733 31.06752876118816 31.042721046418176 31.02786596337249 31.025462532236748 31.037928099087438 31.0655602020477 31.105542457322272 31.1518494225369 31.195981192551763 31.228493268572542 31.241112626442675 31.228888139831778 31.19157069609791 31.133562475888393 31.062382000557115 30.986354153876533 30.91265396893582 30.84651927830309 30.79151389363271 30.750003457307034 30.723210805422024 30.710942338415954 30.71144780476578 30.721695043381786 30.737997451986733 30.75674356895815 30.774985743940913 30.790755634333998 30.8030964415289 30.81188569964402 30.817555227715115 30.820805636466385 30.822379743750595 30.822920817298343 30.822910918943425 30.822667581524794 30.82237291944348
32.22066482514494 31.83974405508178 31.551215756985908 31.348279887165276 31.21504407915191 31.130962323185667 31.07715237730219 31.040797207358594 31.016067498804727 31.002366211776227 31.001519002413545 31.015148988524547 31.042801956496646 31.08096631132211 31.12303431610279 31.160287515491813 31.183899063398325 31.187571301388534 31.169866998520064 31.13494794247393 31.090821224844994 31.045554293197757 31.003672371423413 30.96532376167143 30.92855551776684 30.89231733297652 30.85777962393775 30.827640218738473 30.80458173452251 30.790044144504076 30.78380500525217 30.784277794091746 30.78917695015313 30.796198124467296 30.803493882397902 30.809878162873954 30.814803586105587 30.818205413535356 30.820305279141618 30.821439351400628 30.82194075482722 30.822078501494072 30.822039811430198 30.821938279478267
32.046422705330215 31.721727665025927 31.475818277519235 31.300347478303596 31.18154341428893 31.10330393091508 31.051345346272257 31.01608229541817 30.993191508174352 30.982280269925578 30.984691603366844 31.001317618489416 31.030904387130903 31.069097310837517 31.108456398613704 31.139692891916514 31.15418601587063 31.14727240614585 31.120981995223644 31.08430048881506 31.04948416496575 31.025400413221927 31.012463656628707 31.00369847698776 30.990705679083536 30.96899733224838 30.93938949962948 30.9062345757036 30.874718340578326 30.848799723472233 30.830333729986837 30.81920623121665 30.814017265527422 30.812865887068902 30.813955194103855 30.815919883738253 30.817908241128112 30.819508328058458 30.820610255250475 30.82126973740791 30.82160552429622 30.821737844683277 30.821760681008488 30.821735900027257
31.850785678493494 31.584650862699164 31.383427997542523 31.23818973318399 31.13733265558202 31.06865364508083 31.021877863260066 30.990344998715933 30.971229685406776 30.96449893011129 30.971205973722636 30.99168149695281 31.024008541818915 31.063097493309712 31.10073907575065 31.127038806186775 31.13337496523422 31.116315290445407 31.08088128198746 31.0405817136159 31.011864305677257 31.004369975333923 31.014509204063756 31.028913471645943 31.03401921041432 31.023021214641282 30.996853729755546 30.96137260964497 30.923740229045944 30.88977602885804 30.862793398011334 30.84366545343682 30.831558628958653 30.824812314526127 30.821641548291712 30.820549043814022 30.820475239777085 30.82077653905811 30.821124119784 30.821389241947116 30.821549526309553 30.821626549546256 30.821651413343204 30.8216498409992
31.6503298870341 31.44009710683713 31.281658410941198 31.166429879310332 31.084939949250494 31.02818654159999 30.9890792826597 30.963310868443582 30.949325810244737 30.94747757256068 30.95869071676498 30.98295971295678 31.017981526077538 31.058270400835035 31.095229518026763 31.11868772804012 31.120109322233557 31.096900739762575 31.056051372949593 31.014058707802256 30.990050959680943 30.993842158718355 31.018830757270432 31.047470503861437 31.06321742793825 31.05816637751822 31.033545215082093 30.996223001780454 30.954579083831696 30.915536441013323 30.8832549586917 30.859173539748152 30.84278151258571 30.832555332478883 30.826716417164857 30.823689996039317 30.822293424280957 30.8217446163048 30.821582759168088 30.821567045442926 30.821588648384495 30.821608078101576 30.821616890240183 30.821617460852824
31.46068368194161 31.30046811228827 31.18029941954779 31.09259840063369 31.02990282277251 30.985738084667467 30.95539213076144 30.9362955919453 30.927850059505722 30.930739656382116 30.945872882070923 30.973135227657657 31.010178361618813 31.051596158897198 31.089000745247596 31.112546837015298 31.11413310990519 31.091697114136423 31.052792541107255 31.01429882209311 30.995165381984936 31.004307806771326 31.033984034852423 31.065925836346707 31.083418646112282 31.07869497001234 31.053239953135503 31.014224450141686 30.97033325677232 30.928768511988824 30.893925616417523 30.867427685771165 30.84889411637613 30.83687728407229 30.82962402686624 30.825542871496065 30.823404837243224 30.822366025938198 30.821901134431357 30.821711416973237 30.82164158146193 30.821618320252632 30.82161069492242 30.821607404739616
31.29355435534181 31.175749981986044 31.08793571611542 31.023877905246184 30.9779187644826 30.94552718719919 30.923692935559487 30.911046895957746 30.90764125535147 30.91439570579414 30.932262447048664 30.961199940988603 30.999127577894537 31.041188365919076 31.07981658457447 31.106133424957598 31.11286992369574 31.09822237333713 31.068888756411226 31.039461999749683 31.025852104412227 31.035116464679408 31.060285099023833 31.085650261164922 31.096895766979067 31.087491010952828 31.05911432004138 31.01855861537362 30.973962091671897 30.93205351192745 30.896925792796747 30.870069467889977 30.851091281153774 30.838590878088734 30.83087484516968 30.826396806456856 30.823949274711616 30.822688945963765 30.822077849297237 30.821799124597053 30.821679571768577 30.821631191942917 30.82161247329208 30.82160529256602
31.15545529709295 31.071916052701294 31.010105934684617 30.965203205829894 30.93308876368076 30.9106908277118 30.89617667196965 30.888956940833694 30.88947716281036 30.898787006868467 30.917892234871697 30.946929343738216 30.984293918317878 31.02600731293339 31.065759381358 31.096074911477032 31.11074311478047 31.10793445108318 31.092464871047298 31.07501597139662 31.06699006896748 31.073250000810365 31.088655501741087 31.101799301845407 31.102253407758035 31.085478191708276 31.053374350467806 31.011929445328697 30.968151865928746 30.927769927042874 30.894200288557432 30.868590634539494 30.85045330446326 30.838435275973957 30.830944886298024 30.826537721377782 30.824084102354842 30.82278982673236 30.822142558796866 30.821835611170467 30.821697552101284 30.82163859455572 30.82161460827855 30.821605230419863
31.047924786244295 30.990828979979412 30.94894538618374 30.918744114585355 30.89735068395603 30.882759928753224 30.873927384912093 30.8707359202122 30.873827261249502 30.884281349624636 30.90312739500034 30.930700820438762 30.965943606459046 31.005878372531754 31.045609853061546 31.0792022895017 31.101512669739463 31.110481564394053 31.10868345625997 31.102649167543667 31.099380663493324 31.10180469389215 31.106712657625867 31.107047386519703 31.096459456867088 31.07261681834496 31.037693009589486 30.996728355744402 30.955363314514493 30.91809583354801 30.887504033009055 30.864310948520195 30.84791790578416 30.83704328058674 30.830239967654748 30.826212108929184 30.82395003355314 30.82274308064314 30.822130693304917 30.821835071822534 30.821699253317536 30.8216398396026 30.821615066503032 30.82160519569326
