_RESULTS/REVERSE_NEW/MHZ/IZ/9comp/MHZ_IZ_z_125_kriged_reverse_9comp.asc
ncols 100
nrows 81
xllcorner 5.5967107547500001
yllcorner 50.982328804750004
cellsize 0.00017565049999994641
nodata_value 1.7014100000000001E+038
[rows 57 to 75 of 81, columns 43 to 85 of 100]
1.8638621825745845 1.7439810251526262 1.5518856295582766 1.2998170351224465 1.0231627232240461 0.7647031296666988 0.5547804837834036 0.40286643071894945 0.30273907165821745 0.24224901189535075 0.2100305035899518 0.19775293983323233 0.19966244002974498 0.21119839440945865 0.22788181811863045 0.24536319108261545 0.2608488262509152 0.27487768902007736 0.2920014568398909 0.32026374524019363 0.37080501910560393 0.45845759731113245 0.6020198396965496 0.8199315183433762 1.1153648138581211 1.4516240478266595 1.739983234289843 1.8758230791641481 1.8106075680302411 1.5800490950721495 1.2744214981596858 0.9821917386450154 0.750282085915022 0.586480621082927 0.4796294484160973 0.4147446236875619 0.37920900378551725 0.36377689294520776 0.3618003158631241 0.3683057115683722 0.37942481535503503 0.3921846730802476 0.4044830039204543
1.610620773001109 1.5533850786664518 1.430693699769979 1.2473036769296257 1.0282782552604086 0.8088738351911182 0.6187247848555977 0.4723004303073455 0.3699396540256501 0.3044640002058148 0.2670862387275146 0.2502217798557618 0.2478501364874306 0.25484567164495064 0.2664847943605195 0.27889142524214827 0.2903601983113821 0.30258618208968163 0.3209122820916307 0.3539209158022972 0.41350726034795404 0.5158049296832302 0.6812135602021284 0.9288373529599088 1.2593293749534122 1.6283611005039575 1.935672232738404 2.0714419001884696 1.9960293303678902 1.748996429705511 1.4193799979603061 1.100554526552758 0.8446536616537121 0.6615269806605615 0.5399568513578619 0.46402086159311384 0.42000017245763027 0.39771225641621955 0.3898517406653648 0.39107912717036114 0.3974055146669119 0.4058960468737828 0.41454334933640774
1.3899200543280124 1.3926133197306625 1.3345608558322084 1.2138693533871925 1.047302095771335 0.8641087604938971 0.6931149762475596 0.5525961149159704 0.448334480370283 0.3776232431130344 0.3342383036048495 0.3115363201251127 0.3035135895090006 0.3048302434342978 0.310857372059475 0.31833743013155996 0.3264803015664858 0.3377461232074044 0.3578701549481475 0.39560507537424705 0.4630096017165891 0.5762291063863523 0.7547592007403253 1.0146794318769268 1.3510942628915352 1.713870473629514 2.0019226506907453 2.116453685089012 2.033511124308866 1.7921089217584416 1.4702085393842834 1.1550121167941159 0.8980753948470733 0.7108626164592511 0.5839377758243441 0.5024859309314775 0.4532190215355122 0.42600678236591083 0.41348510375687497 0.41029539853292984 0.41251349765847617 0.41732496792932816 0.42284012930303827
1.2176521055955818 1.2731972357383323 1.2719158758949785 1.2055586525059248 1.083931751501299 0.9315693740201818 0.7767183018839534 0.6406933685279964 0.5337278014668011 0.45694113393634744 0.40646607097165344 0.3766992000641968 0.3619273561003395 0.3569338547314444 0.3574286774440529 0.3607573831093747 0.3667369472926469 0.37813626399235645 0.40062585047048305 0.4426146318140938 0.5154595863288077 0.6336810430764542 0.8132007489561262 1.0639669933930362 1.3743884444928471 1.6934728027020125 1.9330507024136987 2.016674861180074 1.9306094616513847 1.7102376735857634 1.4218975244936622 1.1381569430044176 0.9030557860151669 0.7280170937577846 0.6064396905960183 0.5262636929507594 0.47603245063867355 0.44665211518753145 0.43133128568484824 0.4250719712367475 0.4242251147394878 0.4261995985958727 0.42926633354638977
1.091135797235838 1.1913872670526777 1.2388304914288248 1.2187955736731468 1.1347740442865055 1.007434950360363 0.8647981527336392 0.7308914679926494 0.6197629215082563 0.5358375084506867 0.47737690930132537 0.43985657808758527 0.41805193883719655 0.4070835059619744 0.4030713239429058 0.40379197316027504 0.409291536994545 0.42219456810579215 0.4476445391780495 0.49313194948177613 0.5683948635492961 0.6848770052039279 0.8531161025164081 1.0757865719956863 1.33610469118292 1.5882176684630407 1.765390172226195 1.8152752958822516 1.7298151899473626 1.5400205888765206 1.3002100350430457 1.064764621475883 0.86665415494617 0.7156975161480821 0.6080917303492718 0.5351621809877993 0.4880348239523522 0.4592866854312179 0.44315806330893676 0.43531062336396553 0.4325467461088836 0.43259227187935884 0.433925556277704
0.9998464055616616 1.1361391725364327 1.2241023490081062 1.2427910759786784 1.1897803594749954 1.0823553974756086 0.9485084054147574 0.8147590212046357 0.6985174535125647 0.6071077292372488 0.5407124280309842 0.49587552311490796 0.46795642108277646 0.4524862221180403 0.44593496225042845 0.44628073787146577 0.45345520537383566 0.4695570717092926 0.49878513397582397 0.547171237425185 0.6220892453788684 0.7310580465175808 0.8788071155975877 1.0617299581400084 1.2609758548050902 1.4397756266260575 1.5531717492719885 1.5697189214510385 1.48751971391613 1.3324035368531515 1.1446132512941365 0.9612962303730185 0.8049449961469597 0.6831132865032823 0.5940347603034681 0.5320669508347963 0.49091139151606294 0.4649692066970493 0.4496935474858523 0.44155308536137966 0.43789974537757287 0.4368334806914959 0.4370728848081422
0.9316403508246224 1.0940611864481717 1.2129907592044809 1.2621557251898996 1.2339480182716713 1.1425864010416353 1.0158466215746615 0.8821865044421865 0.7617465835519704 0.6642757051795523 0.5916417148551676 0.5414121814874228 0.5095706426150938 0.4920777658674492 0.4856848506333779 0.4884085068241838 0.4998404820915071 0.5212805489486783 0.5556316802593699 0.6070079529061383 0.6799322599810484 0.7778115072477417 0.9003050037718683 1.0397495744213896 1.17835399198052 1.2896335487610766 1.3467090064263718 1.334347399704673 1.2562289041920094 1.1325152357263553 0.9902784297323566 0.8529977192756419 0.7349021898114337 0.641192836263936 0.5711637888179736 0.5213332353829677 0.4874664208091261 0.46556282962408524 0.45221937565568554 0.44470618340511525 0.4409350385649759 0.43938983337605125 0.43903801397163855
0.875795375273386 1.0527038362339454 1.190926204934846 1.2609017621390868 1.2512928523542621 1.1735970798283462 1.0546875180328124 0.9237821159799859 0.8026600646660026 0.7027927794777205 0.6274306002571929 0.575124987180018 0.542555486495464 0.5261898382429947 0.5230952457393473 0.5313105910996526 0.5500150565740698 0.5795458288338917 0.6212103481947228 0.6767946287406207 0.7476519174004848 0.8332866185636304 0.929554566068691 1.027122345157384 1.1115030064249936 1.1660272542580132 1.1775482949102574 1.142074282100552 1.0666740699414994 0.9664145561364326 0.8584128980040462 0.7565300529727305 0.6690036044533353 0.5988718914228552 0.5456848068978274 0.507210474426195 0.48060935737843125 0.46307774899996734 0.45214110009808506 0.4457609386709345 0.44235146088859856 0.4407493270795483 0.440155411375433
0.8244527031570872 1.0031590764664176 1.1475538158438747 1.2276698309845424 1.2305357159394883 1.1653700582539308 1.057072102620848 0.9338932501049199 0.8177265703481885 0.7208415367008503 0.6475134407914157 0.5972739515957275 0.5676497508969921 0.5558035168556935 0.5592947840125344 0.576329338667294 0.6057479000136581 0.646853527611161 0.699074371341472 0.7614211296200025 0.8317364847587808 0.9058643363326765 0.9770847173679403 1.0363614125482394 1.07388039419555 1.0817695761737838 1.056953682698288 1.0025940966640583 0.9271812517662262 0.8417329182564817 0.756595348144406 0.679288987666402 0.6139089250715196 0.5616719146578997 0.5218978114564755 0.4929141831736779 0.4726904980674439 0.45921302756814886 0.450680130750782 0.44559012163230427 0.4427660772154433 0.441340844925196 0.4407162779464282
0.7732113157237225 0.941765806368266 1.0798272631311916 1.159979163796984 1.1698085796170787 1.1167291584858832 1.022549421713043 0.912742177744785 0.8077089964957996 0.719543077282494 0.6531730150340385 0.6091234753080093 0.5859632602458534 0.5818108800236509 0.594997506346498 0.6241642369452788 0.6680082765894951 0.7248064682808973 0.7918194067066456 0.8647267892091816 0.9373321375281188 1.0018270877063966 1.0498191002739332 1.074037931232477 1.070224770410721 1.038431785887263 0.9830947720841532 0.9117931420035266 0.8332369163341053 0.7553123910496108 0.6838347034428396 0.622191460571309 0.5716549086988565 0.5319923534495609 0.5020803600357561 0.4803807895198366 0.46525621605109385 0.45515793099694773 0.4487284381803025 0.4448490004495974 0.4426499864746249 0.4414947062815066 0.4409455976823453
0.7210015315777888 0.8702366180132503 0.9924355622159065 1.0648993469457382 1.0773950384856708 1.03593161476335 0.9584668847175872 0.866377207309591 0.7773403520773363 0.7024700827718361 0.646999250095947 0.6124172706558032 0.5984856138506903 0.6045213269547814 0.6299253230745564 0.6740988307736243 0.7358744762304724 0.8125925504839229 0.8990835585225654 0.9870551987686669 1.0655330597665686 1.1227618585356858 1.149213564493674 1.1404720395153114 1.0985403735835495 1.0309085253374433 0.9479657427895684 0.8600883989320531 0.775560059446759 0.6997466358101165 0.6352818083074887 0.5827544121523648 0.5414707257474765 0.5100693637488706 0.48693516067623455 0.4704448354056918 0.4590998307467353 0.45159255385211794 0.4468346046395888 0.4439611956556321 0.4423183007361698 0.441436950654749 0.4409996036198738
0.6692052675296412 0.7940002891117021 0.895162014280677 0.955602439013509 0.9679595752645714 0.9371164521874167 0.8770096328350935 0.804431032024541 0.7337489002204719 0.6746082255090988 0.632246291939497 0.6090040378402841 0.6058644716075503 0.6234763409731894 0.662530901432699 0.7234812329614067 0.8055985509918712 0.9054610079461836 1.015325153039957 1.1223786432974845 1.2101331325551732 1.2624631272555975 1.2689733017942642 1.2288549131179771 1.1509009853856187 1.0497781780276825 0.9408947690003697 0.836479777978277 0.7440450696142266 0.6668072554652216 0.6049943458216178 0.5571750319096601 0.5212278552264435 0.49491417424701467 0.47616065800374346 0.4631705919787 0.45444959342033336 0.44879412833486326 0.44526518221098943 0.4431554818056481 0.4419532331404918 0.44130437652906573 0.4409757871573226
0.6203068962222128 0.7195740026107782 0.7987342792286497 0.8460168442780915 0.8567855629987684 0.8349785158993086 0.7908836737057843 0.7369939554178763 0.6844091871845158 0.641144452442289 0.6122102608571168 0.6006016238079447 0.6084027410531929 0.6375596310176609 0.6901095160994751 0.7677082385843026 0.8702949613177783 0.9939181715653661 1.128361407456124 1.2561628983877815 1.3550498174036485 1.4043888907410282 1.393087657589549 1.3242378321143058 1.2134348868900036 1.082035984707421 0.9496857978427716 0.829837416916417 0.729068516539814 0.64873462646827 0.5871713570643038 0.54143412772968 0.5083450506701569 0.48499687506680206 0.4689343146976074 0.4581775265335679 0.45118130529060846 0.446773837086626 0.44409240627615737 0.4425221855045133 0.44164050832111595 0.44116806245972295 0.4409280100154318
0.5766595871389206 0.6523167027057715 0.7114742611441621 0.7466639996714282 0.7553623310738629 0.7406943633260208 0.7099804134875913 0.6721588303272712 0.6355079123875033 0.6064962343264129 0.5897515373839035 0.5886750276606261 0.60620189260334 0.6453583287352245 0.7093601370355948 0.8009761962797626 0.9208515611044155 1.0647283888572934 1.2203577683747655 1.3662631671996086 1.4751246815230326 1.5224517987988238 1.4967214860405698 1.404561013752173 1.2674013504239787 1.1120522755252824 0.9613412773726429 0.8294035093861852 0.7218900425586174 0.6386618534316527 0.5766479823090587 0.5318305584030182 0.5003002122958743 0.47868605892817384 0.46425900610210724 0.4548962529094095 0.44899902192929103 0.4454005432743549 0.44327726274931634 0.44206823883228286 0.4414054775076245 0.44105679598720066 0.44088148648120895
0.5397779839001826 0.5953800689959945 0.6379788702653701 0.6631883444788851 0.6698844315414428 0.6604967006501288 0.6401168392466281 0.6149937986200446 0.5911809284246246 0.5738107609692431 0.5670371029011723 0.5744087597000559 0.5993782319332029 0.6456817647567819 0.7173244004898641 0.817823526035004 0.9483105556075863 1.1043680495243762 1.2724940135882323 1.4287303750929214 1.5427100869481596 1.5877776152579612 1.5524726910616167 1.4458929341271793 1.2931580011676893 1.1242718332270434 0.9636971633415243 0.8256800719284567 0.715121559173327 0.6309182207061342 0.569171958669655 0.5252720147098051 0.4949230134606046 0.47451698430076245 0.46118797918726406 0.45274425978483257 0.4475650942630505 0.4444932924149934 0.44273344929547387 0.4417604911107789 0.44124194386256643 0.44097593294692655 0.4408448882969619
0.5101754944783271 0.5497616206493944 0.5795151624318399 0.5970497637014763 0.6020465068281396 0.5963541033273038 0.5834761114967161 0.5677404693786438 0.5535418024739661 0.5449167089196673 0.5454991964043472 0.5587480098150456 0.5882743141508786 0.6380737558428063 0.7124108346200455 0.8149948331618387 0.947027705448565 1.1039981967957635 1.2721465874349713 1.427199932028873 1.538654509845096 1.5801431856474788 1.5409626302849049 1.431171117185515 1.2766172793151038 1.1075032298610739 0.9479992844919133 0.8118401258823701 0.7034521423682789 0.621409003293451 0.561639621080779 0.5194618301832029 0.49056319793136305 0.4713432948622804 0.4589546402404404 0.45123044038623616 0.44658004341448104 0.443879865130435 0.4423689612531828 0.44155452310394366 0.44113170586867745 0.44092037648992244 0.44081876879950393
0.48753821812512665 0.5149115779152628 0.5351477459926022 0.5470525256680535 0.5507031857962771 0.5474775389610458 0.5397794087672338 0.5306059463792413 0.5231482375047917 0.5205618982483605 0.5259444866504609 0.5424713952581635 0.5735892185853125 0.6231208231290164 0.6950627517445775 0.7927500314362605 0.9170244021727803 1.0633362300097635 1.218668631043564 1.360623155853761 1.4614966113068721 1.4976807885511578 1.4599334093976533 1.3577775026023176 1.2148646502558715 1.0586566218370201 0.9111533403248596 0.7849620719760286 0.6842715087178975 0.6079145709597777 0.5522450605721483 0.5129892054387077 0.4861608853541167 0.468399420450054 0.4570281504224728 0.45000242210391 0.4458208124809065 0.4434263338697963 0.442108116665907 0.44141057380614745 0.44105576486812403 0.4408822515308301 0.4408006677287499
0.4710174639330194 0.4894141340547769 0.5028344048919597 0.5107419098211723 0.5133663107345531 0.5117142864999497 0.5074357731976201 0.5026141130831454 0.4995708264672126 0.5007534519271243 0.5087285727030982 0.5262556735253572 0.5563781325053095 0.6024230714907655 0.6677345872337577 0.7548845235364535 0.86409913237426 0.9909149624392458 1.123852733645386 1.2439719458644871 1.3284114723036617 1.3580074647254983 1.3254395919200332 1.2386453499703587 1.1170628874100597 0.983388205416274 0.8561143583183791 0.7462144690834192 0.657719902104935 0.5900704727383781 0.5404372330845445 0.5052896049731198 0.48122046546298125 0.46528859045992055 0.45511203596003225 0.44885150498912085 0.44514857198805835 0.44304545456208466 0.4418992629411387 0.4412999899020063 0.44099937284761337 0.4408546432055195 0.440787745818099
0.4595079963509793 0.4715152145731302 0.48018863191503847 0.48532737025496425 0.48718635856299963 0.48648696188196733 0.4843613296640675 0.4822615430979879 0.48187475046867145 0.4850758219728081 0.49392671357010015 0.5107058344850653 0.5379235267166887 0.5782448309795567 0.6341917056733135 0.7074493766508064 0.7976256711167249 0.9005467791102038 1.0067312983290109 1.1013664463000223 1.1671431067351725 1.1898434973688434 1.1641393154819348 1.0959754558284969 0.9998823670385061 0.8930808546010077 0.7900187547512929 0.6997335093841681 0.6260099682017888 0.568947029456961 0.5266522617990956 0.4964722157090492 0.4757002886910694 0.46191422517737996 0.4531034120886747 0.4476899821448434 0.44449731812821625 0.44269189909515205 0.44171361041240836 0.44120578029015906 0.4409532192040452 0.44083284472009354 0.4407778411948324
