_RESULTS/REVERSE_NEW/MHZ/IZ/9comp/MHZ_IZ_z_1000_kriged_reverse_9comp_test.asc
ncols 100
nrows 81
xllcorner 5.5967107547500001
yllcorner 50.982328804750004
cellsize 0.00017565049999994641
nodata_value 1.7014100000000001E+038
[rows 40 to 59 of 81, columns 44 to 87 of 100]
5.035462782337443 5.148516301936619 5.300261090241726 5.477576148439141 5.664345390726668 5.843860201514738 6.00140157882016 6.126250215244656 6.212539826441175 6.258878033170139 6.2671606453546 6.241203051446116 6.185684148253844 6.105610247599165 6.00623566893212 5.893225327293279 5.772831684501571 5.651938607907432 5.53791357280816 5.43820314388659 5.359480491466428 5.306759918082925 5.2862266665535635 5.312846613325795 5.400512764263641 5.533799010247053 5.677202724865285 5.803948480408307 5.8972357788699155 5.946064886907127 5.950380891234749 5.919823657694819 5.861869611949736 5.7833451370775055 5.697682933640529 5.622254897429494 5.57378109973833 5.566237159417277 5.609650279632383 5.708288151529445 5.858560126684603 6.048010463264807 6.255326610593075 6.451503296108388
4.704650323449506 4.814705361015868 4.976354044513367 5.177001741992896 5.400076964273476 5.627188150672162 5.840716359082818 6.026114927902776 6.173246314557244 6.2765387325107795 6.334257170896526 6.347448844041527 6.319071484865864 6.25355102827948 6.156714925710893 6.035858670006472 5.899688485711919 5.75800147788306 5.6210994083737384 5.498917716432787 5.399572388534259 5.327717664873592 5.288855018431156 5.30348211974915 5.39478062391713 5.544180344215306 5.705362418162982 5.847434876300323 5.953760982093881 6.012987709853516 6.02321980907766 5.992659076232679 5.929889054968031 5.843504576554735 5.747783273107678 5.660468805107601 5.598567649663277 5.576554375682681 5.605457709048672 5.690447584768719 5.828160251687551 6.006746674128556 6.206889344523655 6.402557034095525
4.399968606340308 4.510172221046193 4.682853622115221 4.905682108214111 5.161769161006483 5.431596976858084 5.695554754123626 5.936358906211299 6.140624311047848 6.299290721027686 6.407156912937138 6.462101026451266 6.464536249821704 6.417337596750331 6.326092367032143 6.199297060078097 6.048147195159479 5.885786669953785 5.7261296802991515 5.582420595510316 5.46540776509231 5.381651934816336 5.338038608826292 5.354748093310047 5.450704288776444 5.604202008369638 5.771007755886484 5.92102831472027 6.035705781295734 6.101735617200566 6.115172137528165 6.082271224153795 6.011810979359815 5.913979139645723 5.804074131236998 5.700183866132481 5.6193951075081205 5.576741640346253 5.584879269361265 5.650023145226779 5.767943381043801 5.926338157657715 6.107756007706293 6.289657287083526
4.151047392420949 4.264521936217867 4.448515682091812 4.690558191819953 4.9734362836075015 5.277024630957962 5.580802443559228 5.86625734955135 6.118370609553811 6.325897280385963 6.480808439541344 6.577638890904298 6.6133884507637966 6.588148728605151 6.506083771862002 6.376101468839171 6.211654027283614 6.029511033751291 5.847798965428648 5.683802972933744 5.551841736491613 5.461980023926936 5.423407731705986 5.450656693669028 5.550214207596277 5.700116374611632 5.865666191443093 6.0189921340282515 6.138521925659079 6.208460722063432 6.222910291115057 6.186086494062781 6.106291758203045 5.994888758471725 5.868153365080971 5.7443824095894565 5.64052565671339 5.5726365865782395 5.556189544416916 5.598373118952736 5.692447966223738 5.824599341930254 5.9792474608730934 6.137672227926752
3.9861283706438675 4.105932678769176 4.300855153150294 4.557692509102873 4.8586960062787545 5.183565714015816 5.512081207298661 5.8263623816586225 6.111869456408115 6.356998158025183 6.551958739765573 6.688019401267158 6.757930687750973 6.7575989212930505 6.688283992031854 6.558193763504357 6.382544573694599 6.18183956987086 5.978895342418351 5.795579184976903 5.6501127084635625 5.5558460033463515 5.522955820839392 5.559367295176995 5.661871686259414 5.8098993059393536 5.975349181202014 6.131315047300729 6.254199718424819 6.3265271142129125 6.340806856982635 6.299248108713259 6.209395736914513 6.083496886868594 5.938603311610459 5.792922393622419 5.6633258719803905 5.568284089947916 5.5272612855943635 5.546825445532603 5.615783699366227 5.718750401197306 5.842453956651813 5.972043671919487
3.929561073565961 4.0586725174365155 4.263575051015521 4.529553294872074 4.83797312534604 5.168803940226833 5.50351599578148 5.82700365052506 6.127611126223852 6.395457606350809 6.6202781778872914 6.790321938403459 6.893339162169345 6.919613411850244 6.86587595376495 6.73833488028128 6.55331375850775 6.335040784275099 6.111402175211921 5.9092436677661375 5.750710009883229 5.651623283945659 5.621878218542345 5.664407261148881 5.770740515950658 5.920843959808169 6.088910564575951 6.248127667247965 6.373974639365223 6.4480750966368845 6.461586103243539 6.414830712942927 6.314704834824511 6.174173193034618 6.010628389940704 5.841825514116827 5.6857470642132935 5.566038295368815 5.505345142950723 5.50527747705617 5.549304795937977 5.622362749811492 5.714246695732558 5.813592318588488
4.000076990038843 4.141239777123356 4.354367037509594 4.622384909288448 4.92552683432226 5.24475213801101 5.564929897066387 5.87605249084485 6.171723208258466 6.445711400751403 6.688436974843132 6.885375632001868 7.018626195907847 7.071528301191968 7.03473163984497 6.911170908689021 6.717627747733089 6.482042658259831 6.237712709774997 6.016773940002786 5.845255614836272 5.740883181290625 5.712786420098649 5.7603603695655865 5.871913840975553 6.026742156234976 6.199162277377936 6.362079151292837 6.490550777397004 6.565674411250322 6.577407816537524 6.524605868584432 6.413896262374474 6.2586364545748685 6.0757311936999665 5.882769240675945 5.7027062935248125 5.567036085956348 5.495649083517607 5.479627691645201 5.4994311861647756 5.543584361778904 5.605332858560999 5.676007011021926
4.208664940015745 4.3639216694110115 4.582052479657609 4.842987914749581 5.126072956894258 5.414580640579569 5.698896593951827 5.976412016862508 6.247921402201944 6.512157196377538 6.760898172674852 6.976904003111518 7.1360709973205845 7.213742866725395 7.193247268652189 7.073252008744811 6.870561146412628 6.616937110378659 6.351438784298407 6.111721830077147 5.927624615304 5.8184549635970955 5.792395259789411 5.845865566958908 5.964389590853867 6.125763107426337 6.303458878258407 6.469839263494211 6.599690971245717 6.673782240545906 6.681287362366882 6.620409579757797 6.497792663639472 6.326235518081634 6.121207244856277 5.903576818211088 5.708515563519013 5.572126475879351 5.499568208027496 5.4700360577979525 5.467007155815266 5.48503332656489 5.520240351016241 5.565747172311436
4.5543109679565 4.724114544176377 4.941738422287413 5.184104667067257 5.430764681087571 5.669350222638009 5.898124767097906 6.123783938837219 6.355382565123626 6.596975935095635 6.841672478716415 7.069290586618128 7.249104010765311 7.347828043700335 7.340770978923494 7.221861868142011 7.007888147416293 6.734748852415594 6.447603180553194 6.1896858174133405 5.994474325149227 5.882674207870685 5.861215367364241 5.9232834401818275 6.0513342031991835 6.2210268454409645 6.404375498407856 6.572930024122353 6.7012549119303095 6.770161750280298 6.768931721208424 6.696036795491851 6.557721157331678 6.364301073935789 6.131205884604885 5.893335455050324 5.702576339535457 5.582933100112462 5.514392886968592 5.472101102382628 5.44891720813655 5.445177691836257 5.458621392285658 5.483456107169386
5.017222200626753 5.199048926623906 5.407881928585172 5.618820188312329 5.813339318392391 5.985611364302316 6.143913629002416 6.305334538536976 6.4871224324251715 6.697986960619352 6.931669769960711 7.164610045488288 7.359266733156912 7.473661822003352 7.47512371980177 7.353077178346419 7.124753050422025 6.830676028461721 6.522250331748508 6.247958722708557 6.044811009821848 5.9351124891414875 5.923629042551449 5.9991093090787295 6.140392250630429 6.320479725454085 6.509389133560905 6.6775875334872 6.799592999135388 6.85703351693578 6.84052677333344 6.749446394137158 6.588184198705378 6.363079028208619 6.098459627740613 5.857527698943552 5.695612761788088 5.601347867765847 5.534623083347127 5.479770324961446 5.440479956791353 5.420195669160197 5.417049827267329 5.425948294845343
5.549771586741379 5.733707936223556 5.922960044605594 6.0944721549353025 6.228509261309248 6.325649289463872 6.406809108683975 6.49998778409355 6.629491901953578 6.807222666522235 7.026474111796597 7.259875989977241 7.46326508811955 7.586615035444601 7.590190535828439 7.459939397455802 7.214450748616722 6.899271368845734 6.57136032345653 6.283351085943052 6.077478207497533 5.9791081419640175 5.98705342115585 6.083048705538858 6.242379959612596 6.435225905063737 6.6291339230595225 6.793318601192526 6.90272036537184 6.940967410033946 6.901525475202417 6.7855271261890895 6.595074399130861 6.335433305114191 6.05165481816882 5.831216526740976 5.705458631987056 5.626208489401019 5.5538447398493025 5.487668841015822 5.43709837494279 5.405496744386337 5.390693655349766 5.388118939219547
6.050462536499557 6.194808259638719 6.358581322778156 6.520938696015623 6.6146028447191805 6.642254209396137 6.650526981687865 6.680988846821924 6.763346794759643 6.910888954527246 7.115392997027885 7.345530758513258 7.551269162211578 7.676003318582618 7.674779465914272 7.531821896576283 7.26814812088813 6.933621947933759 6.5866992829739175 6.283259932698179 6.084038784857665 6.017572113302607 6.060553129271535 6.185826170757633 6.368480744543271 6.5763614742651 6.774144594424138 6.929812171033226 7.019513934534735 7.030391305770422 6.960766781789536 6.816225233680709 6.601270573008862 6.325969332507814 6.048210980835202 5.8510134536813725 5.736963045859752 5.650432958327474 5.566576282716318 5.4920950826419315 5.435027868611908 5.396748533048157 5.374600974369983 5.364451414662342
6.331230266488193 6.330721333845299 6.504931343925209 6.782918929635427 6.907066381706782 6.888710673483647 6.839141917201777 6.8207720788221335 6.867126345558061 6.991188241199731 7.182484701346469 7.406078882933145 7.607507487133154 7.7259135066078315 7.713801158738215 7.55585023945987 7.275798506251967 6.921858941447445 6.538429959041394 6.201248596354843 6.041937439817224 6.05509773218807 6.153559061285554 6.315862732553606 6.526310609029287 6.750713540286914 6.950429159950862 7.092452047220449 7.1551596963678215 7.130804361128916 7.024594859526609 6.849987927104337 6.620640725745719 6.353335544192701 6.095217462101968 5.902382431445724 5.770876143685511 5.664314726443234 5.569717833274168 5.491118661510523 5.431673763553874 5.390500550387048 5.3645398757984974 5.3500193134836085
6.383964746287658 6.221848803338443 6.449557377362075 6.889990764785647 7.074402436854052 7.032077236994589 6.9456692860390925 6.897077362412947 6.92141320841316 7.029984127802303 7.2098150681210065 7.423298777586417 7.613675821019274 7.718889803990532 7.692089725927002 7.520337468980171 7.226835331381764 6.834930481460573 6.347242036993037 5.966209494248069 5.951991976557832 6.109585500801898 6.272700205564477 6.47505474809776 6.71572264879693 6.956486194579287 7.1550089595604955 7.277831996136346 7.306692833109555 7.2403122060831295 7.091901115879659 6.883514149251781 6.638680604332431 6.379507940632589 6.135672887799294 5.936975001068498 5.784657134853848 5.662673736472302 5.562925841792058 5.484283684865348 5.425642668350886 5.384460820486615 5.357409778804315 5.341001588196114
6.574796456355177 6.408593080361724 6.61286184848661 6.992348104948061 7.129816472698278 7.062107603238535 6.958730660589323 6.89835652125845 6.913750394762129 7.013491998129143 7.1823451000059535 7.381502870800858 7.554566118397124 7.641702318533734 7.599819761592904 7.418899743747896 7.110725021659584 6.633574154570071 5.988224154065399 5.67486564691323 5.917323368849389 6.205125982797213 6.414400871653318 6.655484822696955 6.925886131165576 7.180363139961468 7.373156698114756 7.471237472862556 7.460819441826683 7.348017899984526 7.154268059087072 6.908941625092574 6.641771897618954 6.3777271759259175 6.137184097611394 5.935039355744204 5.773850630502086 5.64692162417079 5.547776326583924 5.472189702705607 5.416606642683792 5.377474750107319 5.351295738762196 5.334801091024971
6.909194337397462 6.836246321430616 6.9239136265433485 7.071502549157342 7.084519798068651 6.9894843366820485 6.884517852987668 6.826447550290841 6.842015285581521 6.9364349919528365 7.09286503404518 7.273104596898401 7.423927010721567 7.490946251876298 7.43716663369796 7.254254278322303 6.9322292051242655 6.378671572469267 5.7275583382291 5.635910092982755 6.033113655057665 6.329036090621165 6.5625382975808835 6.839330569580077 7.135069877893247 7.397611906746154 7.578927470110012 7.647600768687187 7.595228641657278 7.435603045763884 7.197875124206757 6.917242425899427 6.626688129507273 6.351764257567972 6.109074297121482 5.906971353335141 5.746032785026934 5.621350524639101 5.526586249131572 5.456079415977232 5.4050297690120015 5.369295736202282 5.34528035578154 5.329896239214825
7.0739340092511 7.048473555039091 7.037606092118676 7.019712327221164 6.947833466720464 6.839862469114778 6.7435651723108325 6.6954147309054095 6.714951594162792 6.803955877911524 6.944915287583892 7.102072391841915 7.227844524629648 7.275690293529467 7.215926689119179 7.0417348310991725 6.735523440219442 6.245573421742829 5.812245850507744 5.8869943361648795 6.203289014712691 6.440140750571246 6.695836872145453 7.001802416637289 7.3139781845118295 7.576121863155791 7.739741596472578 7.776364176231225 7.683419083462822 7.481784981640629 7.206949883918858 6.898212211415014 6.589978146843163 6.307026780040018 6.063537083961334 5.864587237111077 5.708566341900058 5.589888698052241 5.501679029836224 5.437481941336746 5.391832751374512 5.360260018997461 5.339140588628455 5.325561119734243
7.046678520693398 7.00228581498694 6.938679913109795 6.856135111931253 6.753723630309228 6.64740291921692 6.564002928769135 6.527059731438226 6.549573189768582 6.6303586264355365 6.752267665449757 6.883518931216118 6.983842385993828 7.015721004117284 6.957123694359664 6.805632838318018 6.561353897153453 6.2443969780064075 6.043271556246816 6.12062521540567 6.303477888176201 6.515441850570721 6.793511361825437 7.116631664795782 7.432492841783474 7.683965048162371 7.82430857335577 7.8292115588796145 7.701722159968686 7.468279075217166 7.168483778582961 6.843580276667649 6.5278326956687565 6.24444966390599 6.005410683539904 5.813600074264093 5.665770575177561 5.555418883816668 5.475107437861532 5.417922073091604 5.37807431238079 5.350966432592115 5.33303698896423 5.321565115348013
6.95605975999917 6.86550885451947 6.7647775009432545 6.656109789082924 6.54557757512982 6.445870730780194 6.373993185397947 6.344997483185483 6.366516579601152 6.435188263026435 6.535163636128223 6.639602868836312 6.71618197258715 6.736353876277144 6.685289685449438 6.566414977712366 6.398039445456176 6.22536577853363 6.141773821820541 6.1904977889096715 6.329448495173766 6.548484765089306 6.838991860543276 7.163252489919575 7.46800565291184 7.698329293900754 7.811507682255645 7.788216705755242 7.636204387660399 7.385208378478639 7.076195693498785 6.749981113571704 6.439192013633177 6.164905622219577 5.937066408984366 5.756964780895931 5.620318431667402 5.5200798821898305 5.448556322036741 5.398707208709087 5.364708427496448 5.342027680298438 5.327264251127967 5.317922618635492
6.877499724884995 6.733983172331278 6.598268787879488 6.471041934007358 6.356069330249728 6.261009517107404 6.1959093621421975 6.1694876489935515 6.185194069406708 6.2383512173510445 6.315082606885348 6.393794852725157 6.4497845447700834 6.462458845135724 6.422844952930768 6.337899565224232 6.230508874144702 6.1392905230403745 6.110039172591769 6.166805530477863 6.3110821402174 6.537520124904936 6.824722426979288 7.133078261905018 7.412303797231081 7.612512337357172 7.696894832977427 7.651376585508196 7.486968788400848 7.234154515755222 6.932495587487292 6.6201632790739815 6.326864503666292 6.0711540095905265 5.861164324148835 5.697116104064571 5.574265566818069 5.485508481548403 5.423298261554587 5.380808149556726 5.3524449335308155 5.333920257087602 5.322090903889027 5.314722228381918
