_RESULTS/CROSS_VALIDATION_POSTPROCESSED_80-20/MHZ/TZ/8comp/1/MHZ_TZ_z_0_kriged_reverse_8comp_spherical_1.asc
ncols 100
nrows 81
xllcorner 5.5967107548124995
yllcorner 50.982328804812504
cellsize 0.00017565037499993607
nodata_value 1.7014100000000001E+038
[rows 19 to 37 of 81, columns 42 to 83 of 100]
0.02530607672224582 0.027022203479651716 0.029155831439863368 0.03166015842456772 0.03447724289327078 0.037535432656612557 0.04074691154984792 0.04400617753782351 0.04719013647915594 0.05012263240156606 0.052206756606856405 0.05316233292989613 0.05290394690017708 0.05145277183550255 0.04913529158332523 0.046734076334834715 0.04434520729799309 0.04199730552848582 0.039726203522467175 0.037664774460142096 0.03603695058578885 0.03483564570529934 0.034067810283702746 0.03375812403639158 0.03395541964374927 0.03485961436178699 0.03652897848947323 0.03897166232895253 0.042189510818581445 0.04618125726937859 0.05094756167443404 0.05648104119296583 0.0625295601710495 0.06888431258250353 0.07538205448839316 0.08184279743400452 0.08806764674848681 0.09382636169401194 0.09881866378306402 0.102567284415688 0.10418647129830072 0.10292081984494292
0.022587522433067872 0.02435036045952084 0.026556195740663677 0.029154657391487655 0.03208769664573758 0.035285736696669005 0.038663840992474094 0.0421190435268512 0.045529555648523644 0.048587264870079194 0.050698149379575994 0.05167806737469059 0.05143701404775791 0.05014773039384859 0.04805433433004579 0.045729702030530776 0.04337187007112246 0.041007351649338455 0.0387530232604973 0.036881181048245074 0.03538144317216448 0.034251894481135726 0.03352246115061081 0.033248078673457096 0.03349970448253512 0.0344884714333538 0.03630148805346605 0.03893261162909263 0.04235268629984283 0.046520274848204306 0.0513927792249677 0.056934722341931074 0.06312298585212493 0.06979424844178699 0.07647956701621283 0.0829431520472127 0.08894049265595398 0.09419105460496154 0.09834593151294073 0.10093868881127814 0.10138053910602936 0.09933843918218183
0.020161147773530206 0.02199337697909103 0.024282604314455097 0.02697439360335657 0.03001160560517053 0.03332808585160749 0.036843014456244015 0.04045706147651407 0.04404942485772407 0.047137854550172206 0.049262198147850836 0.050262914111730665 0.05029579140912424 0.04943935074439817 0.04768555314744215 0.0454485903994928 0.04312512374955343 0.0407800037043196 0.03874046106576774 0.03702348720757991 0.03560147626807678 0.034486471696979375 0.03373481329146697 0.03344478716715533 0.03373532928443176 0.034830806931932516 0.036884926591785064 0.03989747401277334 0.043762147939650345 0.04834750460052677 0.053520840597496254 0.05916378236902536 0.06518654121034725 0.07154006687154846 0.07812755263378468 0.08437153361209243 0.0899941206703847 0.09461615101976839 0.0979011852580828 0.09949394484603397 0.09906773532268764 0.09649211498612015
0.018056725155314736 0.019991735705954302 0.022381249947479916 0.025168486632724578 0.02830005555035947 0.031715429133225566 0.035339327475361886 0.039076998360239534 0.0427816564476557 0.04587257138528892 0.048015337794737614 0.04933329463362321 0.049805261575019286 0.04936839675011822 0.0479741935924724 0.045860137580612255 0.043581113279236326 0.041459710689398924 0.039635870908119854 0.038045356588926126 0.036659777712092195 0.03549764212469047 0.034640945507500624 0.034252737884691714 0.03464658721889752 0.0360981362701976 0.03879329514445318 0.04261052556555153 0.04733021857744657 0.05270361358642595 0.058484699668728074 0.06445018959829119 0.07042117394293833 0.07628285208888592 0.08199335872962446 0.0874736362060706 0.09203730760959977 0.09547079161471388 0.09771226366013137 0.09840322744606382 0.09722803696231319 0.09421607699387746
0.01624112308213382 0.018383295379138794 0.020904219008722174 0.023785071930594426 0.026998376521529786 0.030491849276701215 0.03419685073802521 0.0380236370842012 0.04178230597074334 0.044872775161888465 0.04730018389606601 0.0490409464532562 0.04995112813633022 0.049927282189687235 0.048884594444260736 0.04694533036996225 0.04485382826928314 0.043042104165756614 0.04144361397381009 0.03998263309381491 0.038616323286373 0.03735195361162672 0.03640156702464397 0.036070524890983786 0.03670798589901304 0.03874660979146797 0.042461065128416894 0.04757994764414933 0.053662936832435316 0.06028037675220821 0.06702856847614992 0.07354498500322383 0.07954566735720014 0.08486179299170814 0.0894523635957922 0.09338617611687144 0.09660774787992818 0.09840410321031762 0.09876901527022992 0.09784631456301646 0.09579673336307326 0.09232838041470919
0.014774297278637846 0.017125356382159073 0.019856021068837174 0.022871395419450862 0.02614617691455674 0.029692777517251703 0.03343822221624987 0.03729622256721076 0.0410499521024894 0.044320936805658996 0.047148970864049004 0.049336030801073336 0.05071144687403071 0.05110566767322092 0.050420206489675976 0.04871093855777221 0.04700757230687386 0.0455560949081537 0.04424217883278209 0.0429678935589462 0.04168765560266392 0.040631713958888996 0.03982177783073923 0.03940712762713403 0.04005464703143773 0.042954877937199404 0.048440027356602355 0.05569099690264976 0.06387900881145098 0.0723516259700833 0.08049813085874047 0.08776561594209063 0.09374512210705523 0.0982443554854572 0.10129881020020991 0.10312065761255607 0.10401789987869879 0.10386588597445712 0.10213352552330673 0.09912577139950811 0.09523020275484333 0.09118245583551286
0.013846141409754752 0.016319739389281735 0.019196769831561877 0.022337710329086657 0.025648665454406673 0.029090963238138656 0.0327121282920401 0.03645661459095424 0.04017878564989858 0.04371995469671733 0.04692567978086976 0.04960723789043718 0.05156809592919345 0.05258559865014458 0.052461719845109354 0.05124907231958779 0.0500614491651376 0.04907520803875708 0.04817150344649366 0.04730008503871026 0.04672357585942524 0.046282875686161996 0.045784581849523075 0.04515072039062854 0.04499341313564444 0.04931405434962635 0.0582115524298036 0.06876528353985714 0.08002218728927386 0.09115450170388306 0.10121433979738072 0.1093340050427178 0.1149739259647003 0.11799500390217911 0.11865990013917058 0.11748793511057412 0.11508687157045483 0.1120047282590231 0.10777158108647984 0.10265195031755711 0.09747477604550582 0.09245413537514398
0.013600030325527606 0.016018203751920524 0.0188251231663518 0.021890635308357404 0.0251401152808824 0.0284813409253544 0.031884952253391476 0.03542131063027275 0.03919215552513109 0.04292478856242102 0.046442924947430395 0.04957673332680942 0.05210226587836185 0.05377401951487069 0.05435286285864224 0.05404121662008626 0.05382619175665121 0.0536687483337773 0.053490363925594024 0.05382787863695486 0.054531096865139295 0.055303330969390864 0.05571833632891903 0.055535679275467875 0.05485777923817728 0.06122434462486313 0.07414748311129309 0.08848651229672151 0.10358629513418903 0.11829441558159595 0.13111863778771285 0.1405808936329369 0.14571879499530885 0.1463726075050372 0.14314468038417683 0.13746936672774185 0.13050187278671907 0.12312691908587954 0.11622500344226813 0.10941814756349802 0.10279587206310017 0.0965599872319155
0.013893155953718619 0.016044476811782806 0.018632452154081606 0.021515972287590352 0.02459758042438447 0.02779257298988008 0.030992384630734063 0.03431295573302808 0.03808078765616842 0.0419182088876988 0.045683033710130626 0.04920267206160377 0.052254385873477825 0.05458270939935954 0.05593001738884727 0.05670011399981387 0.05770210196180617 0.05890482392536944 0.06074726281357322 0.06310065869754003 0.06554168590086337 0.06793589076671647 0.0701536932548523 0.07238038858814409 0.07601112312348515 0.08475198774609127 0.09944132083257431 0.11737757504448915 0.13688648206947926 0.15600815643531377 0.17212922943516915 0.1826899701707261 0.18633814385805547 0.1834318034887364 0.17542845516987635 0.16402891577502493 0.15080683430901828 0.13853237872219148 0.12849825961124328 0.11952880986569021 0.11108663968010396 0.10334197993919568
0.014444232484058607 0.01627865405491001 0.018574954665893314 0.021201850633492815 0.02403370024065297 0.026992476661652602 0.029982212004278908 0.03314453441038981 0.036813523567165454 0.04068126825541297 0.04460587558534187 0.04843054890042401 0.05194993489143232 0.05491268811570313 0.0570951648811755 0.0590478187134318 0.06147360459160526 0.06486229981592267 0.06928911761653596 0.07413745023958637 0.07908660976042263 0.08404992867359483 0.08937473297399592 0.09552887540792607 0.10391800918317307 0.11669802359820065 0.13489791088377534 0.15754183170696168 0.18265838532303566 0.20771126726149705 0.22818218483368122 0.23917965798493254 0.2388076906391872 0.22912214285929258 0.21355902231517215 0.19498148847560162 0.1761882892932229 0.15929148610622684 0.1448532269706199 0.13304953601261582 0.12234152368047475 0.11275305290258864
0.015059256961070012 0.01659158374749203 0.01857555867767214 0.02090510743523142 0.023432781073701822 0.026089480114814826 0.028817668551500975 0.031865815723447294 0.035363106664482426 0.03917835951434998 0.043166948882409975 0.047203482266099994 0.05111070211259664 0.05465507154579832 0.057673063975242585 0.060872497037309896 0.06511330398254053 0.07077400671766987 0.07763370662250738 0.08556343362274027 0.09429556059345122 0.10343448084362333 0.11303081621165767 0.12408938915704579 0.1378043213907635 0.15584422175884685 0.17944237156336423 0.20873357601202502 0.2423412511742019 0.27671428467132086 0.30468674775701743 0.31514365836635627 0.3054512292018049 0.2835161895133493 0.2564686326486147 0.22884968163972658 0.20449834523360655 0.18346139108457057 0.16538171602609056 0.14994548395416551 0.13649246962530964 0.1247162975019218
0.015618460155138248 0.016882423366051558 0.01856377608506751 0.020578093873505805 0.02276980267885616 0.025080501259277736 0.027521413436944094 0.030386040603357388 0.033696598933382275 0.03737288757312597 0.04132872720811876 0.04549586822929043 0.04978457161839006 0.05394134852010055 0.05780680311257995 0.06227803967636841 0.06806000255302411 0.07553499791836045 0.08491901210282676 0.09639935672192496 0.10978389865623976 0.12460773147212989 0.1401526461390718 0.15675403307262417 0.17622399273696854 0.20064111612536337 0.2317135666597565 0.2703537675683494 0.31614432861549524 0.3663240580376686 0.4112489716003246 0.4202125064576647 0.3892452151576818 0.34740903989563165 0.3045486321246337 0.26662108014233366 0.23491972102400405 0.20876617956531768 0.1874142567488548 0.1696751710451822 0.1533096112168266 0.13904208300871637
0.016064013504062703 0.017092869494710485 0.018491514646275208 0.020186096506434718 0.022025068456929513 0.02396628403055719 0.026102339135583085 0.028703902619956773 0.03181434368642959 0.03551667172156797 0.03977765540286529 0.044499406808379285 0.04950190832602834 0.05451429437307155 0.05940900066988626 0.0648955074873253 0.07200121232430502 0.08113909191005476 0.09269377415022233 0.10711060162753674 0.12475249553847449 0.14555738640319643 0.16859615422194205 0.19221999256236083 0.21813468238404016 0.2494351342846315 0.28868091699938203 0.33753854951099105 0.3962784793322895 0.46342547048691457 0.5356437462709094 0.5424566867400471 0.4782510291094215 0.41471504667315306 0.356395741971822 0.3078745253705395 0.26812894488144107 0.23594194756058762 0.21014837266992875 0.18967869620570244 0.172086069857074 0.15542079757318017
0.016435968122622543 0.01727547718041047 0.018423378718255886 0.01980414843575488 0.021282916446774644 0.022833309393494327 0.02464108233324002 0.027177055996368295 0.030503599816270384 0.03457656473399054 0.03934010117245488 0.04473619345173788 0.05059298443278776 0.05662039172046861 0.062351315862432054 0.06888613856533995 0.07738215258882927 0.08824089924445798 0.10203512673628372 0.11952247311856948 0.14151006833273647 0.16864304806676453 0.1992234844511909 0.2290964666965729 0.2596108390385642 0.2961805984184645 0.3426197851103115 0.40064573607146176 0.4693735320245373 0.5431415137867497 0.6038660759759853 0.6075049429651367 0.5509329935409929 0.4766261806115892 0.40764204454660413 0.34957865049763476 0.30210823133716885 0.26402006494056107 0.2338850060527036 0.21033054822200292 0.19092658075726354 0.17333453790351955
0.01684677962096327 0.017527444514773203 0.018453403965476123 0.019536628242063765 0.02066074469860283 0.021973154958047122 0.023854302235404936 0.026537050340557457 0.03007185207496463 0.03448162936053138 0.03980934916862912 0.04602967304822264 0.05293662181440524 0.06001718567089376 0.06652862109024926 0.07429679564218271 0.08418359059034042 0.09665007515401704 0.1124038093947007 0.1325130623798892 0.15925269039430912 0.1950339198639004 0.23706711866330238 0.2670912779793972 0.2937322138999351 0.33134468172396764 0.38333786365372724 0.4490419302633739 0.5255457946527091 0.6018513417869145 0.6548668945203219 0.6572994563315561 0.6070004447793066 0.5301486225097122 0.45439200723255996 0.3884317346504578 0.33421932276328964 0.2909287253118643 0.2570046152869294 0.23083461570005628 0.20986221802241264 0.192011733558072
0.01735403147815887 0.01789655604779642 0.01861333928163627 0.019397681158143998 0.02042475001442307 0.021833491260350477 0.023831886613226078 0.0266806810807512 0.030470337507070348 0.03526251562935591 0.0412137554146427 0.04833703690516845 0.056487748837886716 0.0646013988675667 0.0722436673549231 0.08130957452554245 0.09250418424119455 0.1062427455591312 0.12320824370388235 0.14530353553913786 0.17507880925969938 0.21577356912884726 0.26997793681524496 0.2928114394677426 0.31468927570334165 0.3481392540785947 0.4009874116495166 0.4737523467720712 0.559253886743517 0.6438067325752374 0.7009759134765494 0.704465382176449 0.6523964412149759 0.5720667352063287 0.4913569185209854 0.42018291004974817 0.3613179494502819 0.31426668568651966 0.27758455240669805 0.24960817798187337 0.22805902103730807 0.2108276009156478
0.018019999808070068 0.01843295914715999 0.01893906990997705 0.019709675179506166 0.020854046251135676 0.022370931856062638 0.024480386250058883 0.027504722774603415 0.03159103217443924 0.03686447244070735 0.0435365330624694 0.05184620630476241 0.06126826804619109 0.07071864485924412 0.0798745472958775 0.09031272637025929 0.10265405917690804 0.11711889180222147 0.1348090086295227 0.15741015348160114 0.18623908455577734 0.22202791447389808 0.26036024921203343 0.28966755974074965 0.3148517404855731 0.3466238623368344 0.3950432743752906 0.4685002037755859 0.5648827580295718 0.6653053336591902 0.7365620173153824 0.7404329420117073 0.6777928554646767 0.5900655008776792 0.5054173507821113 0.4327501831939115 0.3737006280164354 0.32712697828530324 0.2911203162633359 0.26382871438780414 0.24392004004233336 0.2281545885157593
0.018880792472332673 0.019192036172548787 0.019741056702323463 0.020666315264716562 0.021941002614682032 0.023572672611129157 0.02577181657836088 0.028955071942664615 0.03335892707611231 0.03921716460967149 0.046794982807193415 0.05660637775761938 0.06785220474170127 0.07916130858484474 0.09010437132867449 0.10200703617269603 0.11527157941479532 0.13015286112244315 0.1479571719445946 0.16919199301080964 0.19410996328609997 0.22197897947902534 0.24992715876454444 0.27477116402401436 0.2984720418309392 0.32700706634719245 0.36860262627214796 0.43316051591840166 0.5290025481066064 0.6482671434089611 0.7492062242634052 0.7523957923164912 0.6688301568233257 0.5726890746285697 0.48852379014875735 0.41965926244531004 0.36503339044596067 0.32260930166820206 0.2903260447647193 0.2674879946903047 0.2521373299078366 0.24041869164262175
0.020013128554741036 0.02039960521413987 0.02121077951915003 0.022322239133748256 0.023747614801318047 0.025496919383018977 0.02774374969560632 0.031017583243747267 0.03570710762320382 0.042252641939595346 0.05108179563969784 0.06296215835263909 0.07688820332082873 0.09091908456979103 0.10415189674099329 0.11740462511209997 0.13132889251720542 0.14663228863424976 0.16355900035152446 0.18189880795538446 0.20126586392815216 0.2208146752838321 0.23917835739109258 0.25576114208071404 0.27235473547000494 0.29192479474074606 0.32042196137145584 0.36923230081467273 0.44918406962937246 0.5724851078508288 0.728243635939915 0.7177261117735185 0.6068692465037969 0.5144097084629164 0.440679347720041 0.3822824869075876 0.3365638599267595 0.3013960773176466 0.2756874319610443 0.2596530474162716 0.24964292316098394 0.24300379898717625
