_RESULTS/CROSS_VALIDATION_POSTPROCESSED_80-20/MHZ/TZ/8comp/1/MHZ_TZ_z_180_kriged_reverse_8comp_spherical_1.asc
ncols 100
nrows 81
xllcorner 5.5967107548124995
yllcorner 50.982328804812504
cellsize 0.00017565037499993607
nodata_value 1.7014100000000001E+038
[rows 19 to 37 of 81, columns 0 to 43 of 100]
23.63873362809329 22.803673255893454 22.139176229713055 21.719739887825618 21.59873108843119 21.792405727880492 22.244169400007316 22.86508816452998 23.573133964119922 24.305552746980247 25.016632977164438 25.673014979788732 26.250301626012696 26.731251328255862 27.108083034401005 27.38493892803754 27.556502590240346 27.63700729384136 27.669145927858573 27.71079583224138 27.803311988665293 27.940883150966478 28.152703772449605 28.411579378281015 28.69181411519051 28.974835941419407 29.24659087878837 29.495068539157277 29.7089906581032 29.87772950376884 29.991837868239596 30.043962229521874 30.03001777954267 29.9506623181434 29.81338047627295 29.634564185141492 29.439638141740716 29.308508904043872 29.30216125533916 29.41530406717415 29.61413163795846 29.86991237862165 30.155637497692677 30.451703014262744
24.427966244436732 23.732694910245783 23.19888267797125 22.87801523460944 22.786658607709352 22.931453413642654 23.28245004581324 23.78525643812772 24.380523515877382 25.015473371208973 25.647298058037094 26.24276365334327 26.779797616261934 27.242619226419112 27.62038577058282 27.899390520852464 28.076762291805174 28.172791197115956 28.215547092556037 28.233430022705097 28.25379272796257 28.305989818845983 28.432300266688298 28.610225693443887 28.818369107273472 29.038798323096753 29.26168108912276 29.47459850508484 29.664891682017576 29.82032862760554 29.92983650244233 29.984665486887113 29.979836108197226 29.915808651385824 29.800398621925382 29.65068854980082 29.490320842405822 29.386313101215745 29.37589493972006 29.46331881888967 29.630487717359944 29.858049076658443 30.128816365657578 30.41961816893436
25.22270461026083 24.634519046268082 24.195095065974687 23.944053906001667 23.880362719421978 24.00055109825194 24.286924922571526 24.70425284999198 25.21003795334259 25.76273737483345 26.326166261616024 26.86644252408847 27.35739972173944 27.786548825374542 28.137394655406133 28.390851930686082 28.554364082775415 28.64151861455348 28.6687009386309 28.650050412539596 28.59884993555582 28.58836210056476 28.64590930272697 28.75681327214509 28.9073614135891 29.08263191150083 29.267082128603516 29.445611194233773 29.612636753378485 29.756563120489705 29.865022661233237 29.926779875903957 29.934148933124654 29.885975913684653 29.78884699561086 29.657628650725833 29.52064096366381 29.433348461801444 29.42124567611872 29.494703152500946 29.64790354990313 29.861689903221063 30.121836451496403 30.40895511694418
25.999024855059616 25.493321756872096 25.12240833611557 24.918695263849408 24.880794044355785 24.99169648436931 25.240094237790277 25.601329491957436 26.043707599950945 26.53188293967413 27.025148361198003 27.49900030033594 27.93623308461905 28.321066165598662 28.622542027537644 28.836929253839454 28.969441710635074 29.028228557860174 29.02142403757566 28.95427573552403 28.842080273045458 28.7790697746191 28.7774430328546 28.828282460722082 28.925464729898408 29.059287670057955 29.217011754249768 29.383805134686053 29.545013268270083 29.685496023867806 29.798254830762772 29.868809757168822 29.887684123502297 29.852155034858097 29.766947670644633 29.644057901577753 29.523468079820653 29.443640728006432 29.427000995514813 29.492475002636375 29.645209881268336 29.868214699809858 30.130461083160874 30.418275302047153
26.67932378418322 26.238363004192333 25.922956398510618 25.761556146463416 25.761226531853364 25.889948598506074 26.130791169389834 26.460862090669863 26.853524139590995 27.27351698051877 27.69842120042935 28.109427349508742 28.49185531660192 28.81439626732308 29.057348337669787 29.220600551867328 29.307420471559432 29.322344750175183 29.267984169821897 29.142591229370414 28.98791755989044 28.875896188447598 28.819477899977947 28.81475879277119 28.86181603671028 28.95657256144984 29.096657213234987 29.267678541694607 29.446184079375104 29.606603182056052 29.727616761499675 29.807669543138125 29.837495276777325 29.812328889845652 29.734645860358167 29.6174509519312 29.509162743347467 29.427965633127272 29.397277045356972 29.4492054451761 29.60795968747808 29.857892096809945 30.14974850343379 30.44886900687963
27.23333729086527 26.840182976224618 26.564846092976445 26.435939727020152 26.466734311559264 26.6321749806646 26.89817115325934 27.231323411114605 27.592784381669055 27.959118789282915 28.323775439851374 28.675737931991986 28.996397156573572 29.248770516606974 29.426071885471007 29.528103848270206 29.557009141339098 29.515428818106614 29.40317232314967 29.22311863926207 29.038995228734926 28.878942076470388 28.7682237310876 28.710181572558618 28.711204322544308 28.783616087681402 28.918846931662408 29.098747786898876 29.2986932670871 29.490141477487196 29.64449481485378 29.74015440951911 29.781717489862796 29.766339861615908 29.694486795809432 29.591313785843038 29.493091902526817 29.405400546097347 29.3476243472431 29.36674863988599 29.537109913254177 29.839265099702455 30.178293992225015 30.500166106876115
27.65674950010058 27.296173181458332 27.0451645295954 26.93768510990566 26.994254689782522 27.20579343276512 27.506890034469084 27.847115078586604 28.203564055969732 28.555484405669514 28.883295695934923 29.179468935805016 29.429871351276404 29.60914760347584 29.715082762615484 29.747779839514525 29.708865466612604 29.60011398353369 29.42193890184816 29.214933368138755 28.99572182620454 28.78816742319002 28.62317539524712 28.517128184163333 28.49121056537147 28.547943491030814 28.68058572325422 28.873032696361157 29.099770645838635 29.32844650367146 29.52524780878089 29.66090453727861 29.71953050125941 29.71496976076788 29.655180009952108 29.57694693513001 29.493861616666834 29.40623141045706 29.32056089942684 29.262515154917768 29.45482383879405 29.850548683463675 30.23702453073006 30.58106019908457
27.954101581351814 27.614316799146728 27.370545078493517 27.266786650552483 27.35156530855641 27.608458715246837 27.948105444041666 28.30880834366731 28.670222549497577 29.016366861251303 29.33199920684547 29.599363617058415 29.77881030520902 29.88235303889723 29.912105486736102 29.868782193796346 29.753875775695832 29.56835010466917 29.33961311429411 29.106796028896188 28.854954288523093 28.60446853333285 28.39372123077314 28.25763807681111 28.208285958676065 28.24921492758408 28.379614425931248 28.58778577057808 28.847978728108494 29.12233253163302 29.369250694763277 29.55317029215886 29.650223338378588 29.659934798950566 29.63082571987642 29.58336275609858 29.526861444725288 29.462094662673476 29.396450582603983 29.359071143695687 29.561760569379665 29.96069375453303 30.3512378104243 30.70812741927156
28.137397750211186 27.81636399011983 27.56969456092051 27.43314284936556 27.553003271422575 27.867459923523015 28.237583263279753 28.62216173432321 28.99116127576714 29.333917023241124 29.63895150814031 29.884465709165063 30.024758341175612 30.055215180054105 30.00554625994864 29.880803373483378 29.682682303950198 29.42940992823258 29.170819022650633 28.904159276199415 28.622785945819572 28.338789615294257 28.105648294144427 27.944681422909724 27.870450148972704 27.89186984792077 28.016376863927295 28.241754483537495 28.543840598497177 28.87560920839548 29.182559019030002 29.420477023230024 29.562901900061224 29.617154626261406 29.625599535623664 29.613894082916538 29.594986759750398 29.575227836752248 29.574917408573288 29.641089749967257 29.844674771532333 30.172003809546617 30.54906025220472 30.918653534833947
28.219761274939238 27.931627717342643 27.709073572835756 27.573448452297544 27.711230613690468 28.04231490559977 28.40759275302282 28.79059209490548 29.163297483945083 29.501296691556643 29.79482319309686 30.014932077931405 30.121641759416995 30.107457171253614 29.978330497275085 29.770076633647896 29.50185342284122 29.219483173279837 28.92892989424886 28.629750151575145 28.31921512923765 28.022528137773534 27.77781832555859 27.597695877861323 27.495848312957 27.48823928193132 27.595387952655177 27.835242823440332 28.19100928966622 28.59742927832496 28.976413469894442 29.272714041147935 29.473343985137035 29.59129953480457 29.640453853417863 29.665698498612826 29.688422595111625 29.719186362604837 29.78122098085403 29.90607183136519 30.12802348968508 30.44997189984306 30.822986943671925 31.19905111981095
28.203356169296946 27.963304928351185 27.804662055250745 27.76836833983995 27.89260577836396 28.15427387911426 28.47980483957212 28.830045050385255 29.183888501382327 29.514314712082225 29.79459330712025 29.987335031962832 30.059450404226475 30.005261258794093 29.819894123604847 29.54523561081239 29.249153071198563 28.94082247833831 28.62434515915228 28.29862776059182 27.97397246947578 27.67924889579396 27.434917778819973 27.245163743033707 27.117257838183377 27.06604042612849 27.129267772323313 27.36994431009956 27.799939271222264 28.307799182702453 28.770133683475457 29.137993895106142 29.405777775684605 29.57887508766351 29.673351658563295 29.73197632809508 29.79312067594304 29.868767604466782 29.978895089698977 30.15396251341017 30.419792356127772 30.75992857326153 31.141377418855548 31.527042149725453
28.071582230448573 27.885408136893396 27.79376207305801 27.812394760995762 27.937177097072706 28.159004063331555 28.442886656167737 28.755206456414832 29.071151601835872 29.37126664578265 29.634987911007848 29.800978950776013 29.838550553581822 29.745422153992905 29.546859193935337 29.25818239218855 28.9321101290259 28.596148630524237 28.258139830725355 27.92118719442966 27.60790631385349 27.330590765939373 27.104639948871963 26.92365748977904 26.783209064902042 26.684872743931052 26.657851802985476 26.848559990960986 27.404479775405015 28.051340741885877 28.61375829141821 29.052864786989907 29.36993227234056 29.582820084371587 29.71611580062841 29.80386033164863 29.896197046613388 30.00860894988435 30.166317035168326 30.402719156285823 30.713516461464597 31.0818359244601 31.481398193873254 31.88194454025202
27.80808611159754 27.672648455670302 27.638315536139324 27.69095573472078 27.823596721472 28.028689184546774 28.28402068606567 28.563523446400247 28.843566598299862 29.103864950619652 29.325995970924502 29.45910776833895 29.48267670768741 29.395669495278426 29.20379486922396 28.91502634264644 28.55744032276445 28.19246959592439 27.836677736125313 27.506164084789997 27.226603658259936 26.99440530722394 26.811672015037807 26.668955609444396 26.55177152606211 26.447719201457737 26.342411435270847 26.276376688762355 27.15393757944075 27.934926016424 28.55818647255135 29.02942155768489 29.367636204830895 29.60020040745149 29.757513171430173 29.870343897153585 29.986102282652773 30.13367992309421 30.352607010990845 30.645280757739847 31.001064896496665 31.402384072956984 31.825969928140807 32.245667485601196
27.40060317177852 27.310583174402325 27.324277415797543 27.408611839169396 27.556714759179425 27.760344246345337 28.000972861010816 28.256897613996035 28.506893516675785 28.73716353099176 28.936684222575398 29.060100927937953 29.080053596400056 28.995023656338347 28.805392439706345 28.513059868559843 28.13358995363992 27.736328997452237 27.365389503211706 27.059331694867094 26.833169070179963 26.676107120027186 26.57132615958614 26.500594113231145 26.455407635327887 26.431639406270826 26.450302463926484 26.666251440926843 27.28719785474718 27.980508940670095 28.56473731257518 29.014796555057888 29.342129598559296 29.575868206618033 29.750399390796346 29.894003325459696 30.04127730449118 30.24815083724397 30.52704476736745 30.87426620828505 31.28189912110953 31.728594187567065 32.18917422583096 32.637619845191715
26.88438636500458 26.818226131509697 26.86781183286081 26.987242545018734 27.16156776491051 27.380290719064043 27.625677627916684 27.881110922970603 28.13063578543995 28.360124331645757 28.557345588356288 28.679896424497986 28.69435204060849 28.597907076046265 28.38755662832993 28.069285944984152 27.65942994815431 27.21436181547802 26.82512674839812 26.55836455173549 26.41535998577225 26.368254620016558 26.379517093684452 26.421385012181243 26.48067757632847 26.572893530142643 26.74141058310499 27.06113426307945 27.553571471588146 28.10142994659474 28.588996765932002 28.973078581643612 29.257088069294667 29.468833647394167 29.645416990270494 29.81321095248699 30.00951045273501 30.300489455903286 30.681466307941403 31.125719123539398 31.60536907527326 32.10614462723617 32.60815428311432 33.089523793019694
26.306829229425837 26.259712470554614 26.345330965304075 26.508587727041267 26.72469087452062 26.976390096093983 27.2466363226688 27.51828243412 27.77615978781034 28.008332445973032 28.205713719334895 28.331679879329585 28.335943885243527 28.216841528473935 27.976350871823392 27.620359865948664 27.16348738068434 26.65181871682994 26.225273673072458 26.010811205100087 25.991699488458764 26.08872577146134 26.234632370716408 26.38991015865024 26.55486976193323 26.753840497946786 27.012178619285372 27.354365640244566 27.77431441966966 28.210936124062975 28.597736536430375 28.899869556982438 29.118304423280794 29.28287921444999 29.43938635313932 29.625657549332217 29.909946588745264 30.3211304207313 30.824033567665715 31.382917476580115 31.965626175178624 32.54241753809918 33.09271455870518 33.61126664231986
25.66941815888078 25.64483332417543 25.78024891983978 26.004129349453525 26.277904776419962 26.573395080079287 26.875704142979924 27.17076331249827 27.446493396860834 27.691138175976 27.881583433717676 27.994638609097226 27.98650032706317 27.85336684914357 27.595178038606022 27.21360023617578 26.714682329156915 26.12289319506323 25.60369059668704 25.47037872136943 25.636197782445073 25.874767899742757 26.120314238965875 26.3654958382434 26.615750630052347 26.888569005430877 27.202337555740847 27.55417032502696 27.9206029790324 28.270227854646617 28.567300481388813 28.786761285859164 28.929647668915898 29.0283858449457 29.15378144538159 29.40150117704407 29.810632170841867 30.357312755238603 30.988840576437266 31.66391695185001 32.349685826493904 33.0170975183681 33.63916909139966 34.19449197466699
24.976647885430317 24.985764276246975 25.19767273760442 25.504939200923015 25.84977482862615 26.19863218679078 26.535498150746406 26.854656076914956 27.144354165187785 27.381508043462816 27.56035206155626 27.669902088410918 27.661727703777373 27.52999815276549 27.274560748019777 26.895312724851962 26.392864711274083 25.76886120387336 25.090435287696085 25.104743966460468 25.430248097721424 25.744661963022264 26.049997628575255 26.35031486614575 26.651908346935365 26.963505675028287 27.29753882163626 27.645580710107726 27.982186333894436 28.274075310086634 28.495733893057356 28.641455057252756 28.708640565587928 28.731925998368585 28.82532012239633 29.165257611595564 29.73744721891271 30.433652601771783 31.19243388621214 31.976971472232247 32.75797850337915 33.5085797975032 34.20331257436159 34.81823077701655
24.23399612792887 24.308054189638693 24.643809699356005 25.05808912749043 25.479484830471012 25.880396026317715 26.250262402435936 26.580960946484677 26.856847010726533 27.07936033872784 27.248218596077088 27.35920080288882 27.371981000685032 27.260154622071695 27.03097262773893 26.689286611647034 26.244011158587867 25.720877042831532 25.276914692869045 25.215438558103536 25.431590146663254 25.721796206925195 26.030659988454353 26.345198509518962 26.66290005584643 26.984342095882656 27.31316672642208 27.64378109663741 27.95248905920873 28.210870405226736 28.39326592519776 28.486638209182015 28.511550002523922 28.49802284195893 28.476329257938716 28.984680628298914 29.751556884158028 30.580355829752985 31.445962286315588 32.32282437379397 33.185346825955655 34.008136684750234 34.76661782545826 35.410077994302604
