_RESULTS/CROSS_VALIDATION_POSTPROCESSED_80-20/MHZ/TZ/8comp/1/MHZ_TZ_z_90_kriged_reverse_8comp_spherical_1.asc
ncols 100
nrows 81
xllcorner 5.5967107548124995
yllcorner 50.982328804812504
cellsize 0.00017565037499993607
nodata_value 1.7014100000000001E+038
[rows 57 to 75 of 81, columns 44 to 87 of 100]
13.499900471411868 12.624037945063618 11.666563657705979 10.625389283037238 9.540401373264695 8.501329618023457 7.539460297160085 6.669188413410239 5.9069939749948075 5.278219686206496 4.775513154752402 4.41114638679664 4.216860033904032 4.252383888968643 4.590387629669154 5.2922425982577606 6.384425979708203 7.892260694069821 9.82657033130318 12.158556518000129 14.768520202425853 17.30828545548145 19.54707380883971 21.65934246827646 23.761533646394135 24.941696949444268 24.156248287538634 23.203659687520688 22.051584721669144 20.717279280846157 19.20750849460411 17.605924954315217 16.149556761110645 14.85451964536923 13.710818592592503 12.708947699415182 11.851564228477173 11.139479038225563 10.568478799614192 10.0826985438751 9.663188164475383 9.310410634119751 9.03944970859001 8.82712894271935
14.234566404699962 13.250186761424516 12.171712416562627 11.015632203275922 9.830306910044149 8.706582162232761 7.682540977584246 6.773355151050666 5.995607727773841 5.390168881195309 4.932540985378695 4.629385284977691 4.503524155116205 4.59173066011959 4.9407519047301545 5.592892928841588 6.573976765471285 7.93121847929277 9.699385805125509 11.807768107656853 14.147579993575086 16.5488600214586 18.87764603554412 21.116823784738774 23.196052247621875 24.344215499335487 23.991406342941936 23.085333246145286 21.90881775587138 20.520280920445455 18.953477138667385 17.358796573210096 15.918782653981738 14.628740714829863 13.486782295262941 12.492093707666452 11.643731790979418 10.939890972299187 10.371912301743896 9.882048505185939 9.457440371740175 9.112394745865778 8.877664148550519 8.698411295432733
15.214982588941167 14.145988283769578 12.929699771307568 11.638196113237127 10.3262797973624 9.089958390391677 7.983048012399721 7.021086813344758 6.216295151661478 5.613367611286195 5.184742620027151 4.9201444572366455 4.8332295368886555 4.948102296056735 5.294905142636427 5.893996133014044 6.7773979144093985 7.978181997967628 9.5499811304769 11.454190687391474 13.575695219692824 15.80125581526309 18.01522298429768 20.107721138358865 21.884770391637325 22.932704146758155 22.98611387454261 22.35095772559634 21.299892454024075 19.960340529943096 18.403735463723308 16.868776764583174 15.47389282235929 14.223591264697067 13.11857024772238 12.15809136545214 11.340346178892661 10.662672122995799 10.109832091285229 9.626015581031165 9.223304656149965 8.924253308765632 8.730263922422393 8.583808314508518
16.324285169053702 15.280460670419071 13.96126560379494 12.516632467190284 11.056115569110904 9.678391222248171 8.463767427030112 7.428044389463892 6.576688061353939 5.948714532030308 5.526732545656647 5.277802287447771 5.207790850399785 5.3301999628890435 5.65310749594804 6.19820810696955 6.991994570778363 8.059521202343053 9.427727289099304 11.108640287248736 13.014887875371869 15.037918341175075 17.06599407875754 18.97027751619201 20.516711274359352 21.421349654811202 21.59964580477353 21.1545802003058 20.245076589770665 18.994880160708654 17.532576100160906 16.126264616674106 14.831628421103781 13.662190944325966 12.624893743708801 11.722673009149366 10.954774346385618 10.319052565902169 9.792271453516733 9.351277830020747 9.004099790304892 8.755210576262371 8.603370743870146 8.488927045100016
17.48771739133229 16.520263655709414 15.216031927690466 13.664681919812605 12.024835480597176 10.473546454940783 9.121561892751979 7.988899787027995 7.072606583519152 6.396798355386692 5.958648693760064 5.706638400137816 5.634999043818769 5.73837727808355 6.026747384740385 6.516756832092112 7.227652646849907 8.178175438362342 9.381958885948904 10.849534681658774 12.518024977128139 14.315479543003459 16.141055997546257 17.781921268192953 19.05303292174308 19.813613681841037 20.002869410891392 19.655704824681603 18.86053619976263 17.71303576690497 16.421946484686117 15.180806422695614 14.022689085082943 12.967273738083074 12.025606123002193 11.203152525463137 10.50264494776681 9.93808200827288 9.476966855374183 9.09862302536086 8.808168262832263 8.610752255144517 8.498103527368537 8.411917016715313
18.628622362684503 17.807060662660877 16.55688432002296 14.95593482156394 13.197919208333134 11.471785631814885 9.95257939451727 8.70164521685878 7.70531281754105 6.963879197269107 6.489408478574623 6.2145067713821165 6.113151260070231 6.183637267110042 6.431080717584811 6.865567587825877 7.500207729695243 8.348503531381555 9.420817484430062 10.715508209928378 12.17796494832008 13.714271288204143 15.204651979505893 16.523408056022966 17.54243518834769 18.154125172501036 18.300234225933707 17.989227448296262 17.27210472091365 16.247738363336648 15.163439565020854 14.101302591147308 13.096289990799573 12.17128138776543 11.345871830102212 10.634452765758535 10.044706987524062 9.574579631902342 9.18276288871849 8.867401214682516 8.634344315563204 8.489722425901187 8.411760349017955 8.353070326170977
19.62762100421531 19.066835988651896 17.929731657661673 16.24231516486498 14.35983346607702 12.538917815391622 10.913826667939547 9.561392994898675 8.478456159800364 7.6620455551441 7.124744115264354 6.798631961834281 6.6537997302379 6.682668370112016 6.884546949231315 7.2640476549666975 7.829270643212147 8.589586089492162 9.546821726028602 10.680766292880719 11.901650343044597 13.139147527793785 14.315578334523149 15.332986201338938 16.09583985875046 16.5275151999389 16.584713114570583 16.262868222081252 15.59155987454284 14.742568110726989 13.856442083908375 12.978017732252646 12.141807946217765 11.373164996084348 10.690143619692229 10.105459345489367 9.628337219183653 9.24056323240521 8.91704656546514 8.664527118172389 8.489644119761637 8.398591775453294 8.34874837982542 8.316876379437455
20.274977653073687 20.140794042256278 19.252328742911406 17.33270803608484 15.33152481283768 13.469950418095674 11.814023981265658 10.427947233633043 9.311855818187015 8.444945946886207 7.842339200817023 7.46170985032991 7.266897692538274 7.2468961837662205 7.395939596868079 7.711888910580776 8.194122301496732 8.84088391130396 9.646157119024396 10.595233694901243 11.604487706096066 12.585990620541617 13.487205211990302 14.243166270808135 14.781778963160901 15.045817244344613 15.001783514850054 14.643764619002422 14.047482987869401 13.371367589119432 12.660858416463036 11.95227888390917 11.275273390694068 10.652903504489425 10.102631139270155 9.637684639077705 9.262667622499768 8.946454786589726 8.689454468349972 8.499070429261792 8.382758230501228 8.3373142701168 8.313372890977226 8.30716364586244
20.308064345839142 20.360402153006696 19.693874391414575 17.823088638160332 15.917202675229952 14.139386190177564 12.541216775305594 11.159725929929401 10.035972354238167 9.156632979319818 8.513134791958086 8.086730469968252 7.843587809562563 7.769574270282244 7.8551086116977125 8.093717018323364 8.480244661956503 9.00875163494823 9.670194843038402 10.449100088380515 11.265955622830552 12.042056690876125 12.719831615277574 13.249102841210908 13.59164183348541 13.704912320457158 13.563652389435443 13.190782599714284 12.715819759196265 12.181252206140169 11.61844493763773 11.056228724427209 10.51936962712548 10.028220793842618 9.59917263654547 9.245384150800614 8.949921825734735 8.701746367096376 8.509093800815764 8.379926037103992 8.32251966704845 8.30875425779084 8.30716364586244 8.30716364586244
19.74088209482899 19.518630554317788 18.84572099821011 17.547823576860797 15.990283594376061 14.43226425731052 12.982834272149798 11.69240973926553 10.603823397485593 9.742595731946867 9.092899365396098 8.62431341070572 8.333379105380146 8.2041911558865 8.224632870709913 8.385225738473595 8.677703079339373 9.093392104901072 9.621520343530527 10.245821321939857 10.887875118117542 11.481102333509412 11.97918608745217 12.336817056635194 12.515097134995443 12.495006734546859 12.283955238717867 11.975570712761373 11.600212212798057 11.180548020477081 10.740326959957617 10.302282475062617 9.88687165455424 9.511820872372578 9.192306561683937 8.92731380318135 8.698932656491962 8.515280755805236 8.38483451574351 8.31611936192718 8.30716364586244 8.30716364586244 8.30716364586244 8.30716364586244
18.788714718314967 18.415086128857105 17.75509618044414 16.801332775734274 15.616675071719719 14.347885488131976 13.113127217796164 11.980362222802118 10.986988436113764 10.174111030819532 9.551203046311215 9.059531917798386 8.724210792706037 8.54177058668045 8.498732298246392 8.58379053712477 8.786756344072625 9.097359898778702 9.504034907277104 9.988692130561494 10.472696810728888 10.903402096573974 11.243608187301794 11.45789358034711 11.516466056282745 11.421702992712987 11.240121966088894 10.991426775708527 10.695318780667163 10.368729570014697 10.02978605581873 9.696491597548972 9.385780238537402 9.11311428945988 8.884552722214998 8.683873504876502 8.517987925837975 8.395699443436698 8.3248028490362 8.30716364586244 8.30716364586244 8.30716364586244 8.30716364586244 8.30716364586244
17.65815972228562 17.23940896372298 16.623730992034226 15.823811358281601 14.909846244203791 13.935682010860809 12.943610276189855 12.002639864385385 11.157369872561112 10.43498952180438 9.856621326790936 9.380218105258711 9.009779584973375 8.778244515337947 8.67576459618777 8.690162966826616 8.810266440803964 9.025059909454997 9.322833265127981 9.681069918960942 10.02292694669578 10.309859351994106 10.512096626406159 10.602226080475706 10.597937468443734 10.526501875525572 10.393411133809602 10.208573028132085 9.985286355942788 9.73894711952316 9.485760028979707 9.241690142775663 9.021794309430364 8.83346477922317 8.663994356043721 8.519406124935307 8.407135702463881 8.334138979783614 8.307189180617227 8.30716364586244 8.30716364586244 8.30716364586244 8.30716364586244 8.30716364586244
16.46014349292444 16.050843531303098 15.49885009836505 14.82045786966489 14.059381400526586 13.270883286773543 12.503935508128858 11.768695270729014 11.09113918846298 10.502516276108945 9.998432392042263 9.553639733025268 9.187712308467674 8.914137336137506 8.757865345500763 8.708089446372421 8.75334328295119 8.882473171420596 9.08405587919213 9.326562838980237 9.541430028045728 9.702027203807031 9.798997825538711 9.848778251112348 9.849032244923759 9.80027635794177 9.706728872660717 9.575956248609648 9.41820417726217 9.245550727468126 9.071049934672448 8.908018218543331 8.76096275224159 8.62272327337875 8.500843651064068 8.402924436615221 8.33619965282411 8.30770564955612 8.30716364586244 8.30716364586244 8.30716364586244 8.30716364586244 8.30716364586244 8.30716364586244
15.261849443458471 14.888870028291082 14.408519345933414 13.837313946511287 13.206083430804943 12.552998889422662 11.915030963349919 11.322638929254 10.798461034426579 10.353506955106889 9.947678216590099 9.567519826126365 9.228801681094684 8.952252576381852 8.750344786868949 8.643787025947699 8.622913544495855 8.67683613013178 8.794649387904578 8.929755459148838 9.048925182005842 9.147721722765821 9.219083390287096 9.258090421225912 9.262396807974325 9.232480458052311 9.171656865137557 9.085847624302618 8.983147276389465 8.873274594994095 8.766502486514337 8.660037891877867 8.555862753909024 8.461315488325406 8.383657907472815 8.330019897045569 8.307448938671413 8.30716364586244 8.30716364586244 8.30716364586244 8.30716364586244 8.30716364586244 8.30716364586244 8.30716364586244
14.108685873469213 13.783759855961128 13.376268513744602 12.901649409115992 12.383338400098816 11.849326605429866 11.32767839116123 10.84317971579583 10.415947276371526 10.054098751229958 9.715866177784228 9.400325403122912 9.115022541130118 8.865860835018506 8.659985333717543 8.510976293780324 8.439191977113026 8.442156711942655 8.510165596839467 8.59290771861638 8.671655697934124 8.739322368490406 8.790262993177716 8.8206223154198 8.828615692627784 8.814690872741163 8.781537273444041 8.733939321694205 8.678478015280701 8.615701937462637 8.545964480275364 8.475029412525615 8.409130244874389 8.354768959860664 8.318593281556916 8.30716364586244 8.30716364586244 8.30716364586244 8.30716364586244 8.30716364586244 8.30716364586244 8.30716364586244 8.30716364586244 8.30716364586244
13.031755513368251 12.758108587954494 12.420541154391952 12.032878757649158 11.613716527285245 11.184544217963158 10.767277169032496 10.38221173619699 10.0469610092369 9.749491817548792 9.461318211863789 9.19144961787488 8.947527659562512 8.735797203254418 8.561490385224573 8.429195759723846 8.343203010494154 8.319104952531694 8.3482371098723 8.388508295253844 8.43214485946873 8.473148550458614 8.50684991587696 8.530126490377423 8.541581489674108 8.541648087980997 8.531001751771202 8.508334375309957 8.47576731096468 8.436627294518779 8.395146161586865 8.356267617614584 8.325469626252525 8.308627468125463 8.30716364586244 8.30716364586244 8.30716364586244 8.30716364586244 8.30716364586244 8.30716364586244 8.30716364586244 8.30716364586244 8.30716364586244 8.30716364586244
12.05138384623262 11.827584161049613 11.554659931121032 11.244674841485581 10.912750829940707 10.575960890451421 10.251907380428129 9.957485198553357 9.703054239145871 9.455716057240183 9.21482739148745 8.989167195853948 8.786187179590897 8.612232601718627 8.472819318952352 8.372930483297118 8.317315224010317 8.30716364586244 8.30716364586244 8.312598730839449 8.32638969303898 8.343943166269856 8.361308455146677 8.37530918071374 8.383667387081548 8.38510569765405 8.379409429574784 8.367437374265348 8.351079261693974 8.333167691323649 8.317360314490015 8.308012698308152 8.30716364586244 8.30716364586244 8.30716364586244 8.30716364586244 8.30716364586244 8.30716364586244 8.30716364586244 8.30716364586244 8.30716364586244 8.30716364586244 8.30716364586244 8.30716364586244
11.179690383466271 11.001988414184545 10.787379219072351 10.546231804160984 10.291044107164685 10.035749202709745 9.794868836515699 9.582769033587553 9.384259092665207 9.182070153200748 8.985161767680866 8.801561310457096 8.63836148964749 8.501839298596755 8.39764812485492 8.331050216038415 8.307170224679062 8.30716364586244 8.30716364586244 8.30716364586244 8.30716364586244 8.30716364586244 8.307913695006718 8.310133017365713 8.311970724895575 8.312319229894866 8.310992960129889 8.30873524608031 8.307191165638383 8.30716364586244 8.30716364586244 8.30716364586244 8.30716364586244 8.30716364586244 8.30716364586244 8.30716364586244 8.30716364586244 8.30716364586244 8.30716364586244 8.30716364586244 8.30716364586244 8.30716364586244 8.30716364586244 8.30716364586244
10.422848658986494 10.286600582010667 10.123824435350912 9.943380325948747 9.755743970712906 9.57255835925229 9.406122984678383 9.256212272722877 9.09749301890953 8.9360549727908 8.77971209478695 8.635726592030887 8.510756002610362 8.410908843260987 8.341875922654653 8.309111785312497 8.30716364586244 8.30716364586244 8.30716364586244 8.30716364586244 8.30716364586244 8.30716364586244 8.30716364586244 8.30716364586244 8.30716364586244 8.30716364586244 8.30716364586244 8.30716364586244 8.30716364586244 8.30716364586244 8.30716364586244 8.30716364586244 8.30716364586244 8.30716364586244 8.30716364586244 8.30716364586244 8.30716364586244 8.30716364586244 8.30716364586244 8.30716364586244 8.30716364586244 8.30716364586244 8.30716364586244 8.30716364586244
