_RESULTS/CROSS_VALIDATION_POSTPROCESSED_80-20/MHZ/GZ/7comp/1/MHZ_GZ_z_90_kriged_reverse_7comp_spherical_1.asc
ncols 100
nrows 74
xllcorner 5.5967023332191781
yllcorner 50.982320383219182
cellsize 0.00019249356164376555
nodata_value 1.7014100000000001E+038
[rows 0 to 18 of 74, columns 0 to 43 of 100]
1.9084236864041952 1.8387046446402755 1.767405585605739 1.7006265089393642 1.638615181269785 1.5833087599208553 1.537667476158842 1.5001804373762009 1.467527265060429 1.423979772125636 1.363494975869293 1.29030718153453 1.2088772513258568 1.1237029453415115 1.0383360659929532 0.9554641306437769 0.8770558432213262 0.8045484104845229 0.7389829822584173 0.7268162116616627 0.7605040747750571 0.8039442675402927 0.8615980466695027 0.9330199933851535 1.0145423037663102 1.1043958344411584 1.1991912682420776 1.2956714102167814 1.3945562740144457 1.4919437725414424 1.5832067164735248 1.6637532708857934 1.729382700297238 1.7765800972206882 1.80264001560346 1.811074831832516 1.8074968304056798 1.8108571612314965 1.829784975500273 1.8656827705536057 1.915856478984545 1.9770721025287379 2.046003669384448 2.10363609264307
1.8689677565962972 1.7866942049815044 1.7016740831566752 1.620679261468273 1.5469013551158404 1.4861509492764962 1.4421990107346507 1.4094002503720762 1.377212904364072 1.3269038188909157 1.260196476011221 1.1826537165385331 1.0996317360541723 1.0151088522115785 0.9322059009536368 0.8533812681989165 0.7805928826122356 0.7163019410548409 0.6670888046888301 0.6510760095702809 0.6663849191058312 0.6987003066946424 0.7480877210193105 0.8116924178370164 0.8881445949479363 0.9758269003731777 1.0711678199633838 1.1688859527437183 1.2677724701273632 1.3658351224925909 1.4583090999744812 1.5405678615778557 1.608530787035985 1.6590402394859747 1.6900549574942285 1.7060594397032582 1.71198726505271 1.7170550966787126 1.7424560466178642 1.786783305879965 1.8465317920403563 1.917979889104665 1.9975318565915814 2.062300415144956
1.8419776420075231 1.748733518215 1.6505456215717147 1.5535746935860597 1.4640334918347324 1.3968255097662874 1.3600462973742 1.3358549870857332 1.3021727058395098 1.2468233279769778 1.1752892907597312 1.0940554216725238 1.0092648919162626 0.9258035604676995 0.8466672439424779 0.7733186204267843 0.7075318880024267 0.6519519135892532 0.6113940293123267 0.591578358598111 0.5927846664385138 0.6125386772933231 0.6516718006573837 0.7073543663121333 0.7789704868388433 0.8643993692937773 0.9596801110669899 1.059328164454847 1.1583325446294768 1.256287538395357 1.348593177865675 1.4305253810624323 1.4980439161463002 1.5483075052659878 1.580122835379764 1.5998537237104933 1.6129349431227773 1.6250493356783329 1.6574283787955293 1.710820878483995 1.7806946874938452 1.8627022508671112 1.9529317950601581 2.0271966247989273
1.8313211381488375 1.7302742161945786 1.6220717335089305 1.5106829427625117 1.399218757764931 1.3175503973362666 1.3013636331261067 1.2862535213810211 1.2488549097297388 1.18774536168423 1.1104534348240995 1.0248748024188326 0.9380619219856985 0.8552382223531277 0.7793792149222156 0.711488645105463 0.6516239027235614 0.6011891228596684 0.5626034536989502 0.5383820763196494 0.5299468455458389 0.5391640760277043 0.5688350177396356 0.6182296430174257 0.6868049385068555 0.7714830556336654 0.8674150860515164 0.9685987719800653 1.0686312033220746 1.16615714504998 1.257437742751877 1.3375871797525858 1.402454731376554 1.4493075083076195 1.4779237651536805 1.4969843342117857 1.5141597970923475 1.5356139613345117 1.576063261870841 1.6398588322038423 1.7207701127121402 1.813706549281564 1.9146674068632599 2.000612522230716
1.8396695390414373 1.7354142847400649 1.623595400981356 1.5080972057857847 1.3931564533626635 1.3077758872125584 1.289404770378639 1.2687371508336671 1.2218950035236362 1.1516219679018171 1.0662214337045621 0.9744753552161964 0.8843895779248424 0.8017289850763661 0.7288986816955301 0.665552230928675 0.610372110872305 0.5625643503932324 0.5230842694504568 0.4935304918400553 0.47615954609246264 0.47550877415820436 0.4970133347693098 0.5428839627391405 0.6115783790857399 0.6979835002393753 0.79600923089566 0.8991923947341215 1.0005800289646003 1.0974335919858367 1.1872769167729975 1.2648192612557476 1.325614783138121 1.366639075215627 1.388524108164792 1.401676205596028 1.4187964204427361 1.4496087932426025 1.5008590631233192 1.5773181849609894 1.6702374746300148 1.7740961204763892 1.8852259745161521 1.9843822363622123
1.8676564242915261 1.7648386898481478 1.655820329996432 1.5465949331469993 1.4473563374455252 1.3714583025525326 1.3248592331054863 1.2844037444671876 1.222097731897425 1.1391402236588446 1.042875171184445 0.9422911978932625 0.8466270006693118 0.7631951902735394 0.6939067998758564 0.6354414967539483 0.5841009176071554 0.5378220903056985 0.49627183319110496 0.46060944949493676 0.43330006072917654 0.4209767393178806 0.4346804756566537 0.4812985095165543 0.5547822243289954 0.6458096570351336 0.7472799963904334 0.8528346416288832 0.9557427199814722 1.0516791924005504 1.1398392250621288 1.2145964803761 1.2709511979315646 1.3051654635962229 1.3183155168549194 1.3197538433627782 1.3287572390581637 1.3687331096506234 1.4372348777347568 1.5289127203698492 1.6337871084303075 1.7474363974498597 1.8672445654977616 1.9796995988084505
1.913848175054152 1.8158061902452325 1.7127945678624241 1.6113320685377834 1.5200382416867517 1.4449348009665748 1.3845924971804322 1.326273978779246 1.2476696967785776 1.1506112473283787 1.0415598444421186 0.9290994461137079 0.823850214100765 0.7378703778454206 0.6742063334720623 0.6225331215546928 0.575167184046718 0.5299705860388835 0.48631337991029017 0.44480922733849326 0.4069312780975547 0.378333076973324 0.38110260081496794 0.43759870418743474 0.5213541434607488 0.6186107425480883 0.7236872917150806 0.8312462623819676 0.9350829498244383 1.0301843498258716 1.1163238681660355 1.1886247666377499 1.2413593464195298 1.2701890008121153 1.2767761229535979 1.264289612214057 1.2472977220342978 1.3034834531698198 1.3977117482465429 1.5031339524212268 1.616765546981484 1.7371493286494728 1.8629613943611865 1.9868163692850747
1.9755321417601077 1.8842050244385857 1.7879487263178395 1.6924750961953814 1.6040406580661162 1.527775474466493 1.4595735156151257 1.3888855554724675 1.2969342804805783 1.1871240180940263 1.0656144397042586 0.9397296417878533 0.8186320360431707 0.724329444907802 0.6733193718606073 0.630826633715421 0.587275689578186 0.5426851265446969 0.49775586215377127 0.45278607539878163 0.40858130285493727 0.3669120795477719 0.3496566472865631 0.42931604001554774 0.520642630397515 0.6212551508875284 0.7279310272440797 0.8360330042317272 0.9396352027859517 1.033465652534806 1.1175951872584262 1.187746926266079 1.238499742569802 1.266478941540249 1.2739572464081383 1.2629310878425326 1.2473001263868764 1.305457931002421 1.4012369347952198 1.507959194981926 1.623118022114511 1.7453857647617925 1.8735425303977802 2.00105611295116
2.049551657152605 1.9661877834041532 1.8768379439275937 1.7860983039775378 1.6991225114643298 1.6201489051591844 1.54755568066568 1.469809793112859 1.369172478859048 1.250406314096339 1.1201862787205863 0.9853903512431049 0.8527471134934902 0.7443350947558486 0.7066859724750821 0.6677309893529745 0.6249708821402011 0.5800621153646933 0.5346950354642989 0.4898882607413361 0.4482645047948441 0.41829489999236114 0.4211886935288067 0.47603605739119437 0.5596197929831488 0.6570792497175125 0.7618496416140946 0.8682415351557239 0.9699558936189148 1.061602490835634 1.143531806221065 1.2117937240151642 1.2620499127086602 1.2942256626322133 1.309924187905671 1.315776119081463 1.3301672071625625 1.375566282000216 1.4480436184100847 1.54346257117414 1.6527985935648823 1.7719568990637817 1.8977171724984958 2.0157945858338278
2.13266656280953 2.058484619492333 1.9765813563020325 1.890530670283681 1.8050899828028821 1.7234867627524197 1.6472721896231348 1.567279897735867 1.4633742303380477 1.3409174416724385 1.20795580529717 1.0732267517667708 0.9480744750062284 0.8509163393316116 0.7890811538370752 0.7405276293732184 0.6936440190356276 0.646766782002956 0.601084877337657 0.5585368163372106 0.5234683967494473 0.5060785406507821 0.516905642234843 0.5620318976341132 0.6350870914453802 0.7256191803293139 0.8255431832130551 0.927933081367487 1.0258656827186339 1.1140748254948758 1.193192993018531 1.2593971489991909 1.3110415626378016 1.3492320418800101 1.3746178663047321 1.39472137063129 1.4214395211969388 1.4616304833566653 1.5188998293432314 1.6014114295097386 1.7015335949364017 1.8142273422750184 1.9293803451024087 2.032811643411893
2.2214808521660774 2.1581371640138567 2.0850819485082805 2.004903069702183 1.9215870603743306 1.8381624061220057 1.757573658429458 1.6783007650119628 1.5767120153259861 1.4561764760066875 1.3268390238321275 1.1980936263175848 1.0803210668754666 0.9835079785620225 0.9094026351360307 0.8495345374089698 0.7959710687077718 0.7457106464060506 0.6991672557976778 0.6586466194926386 0.6295062357690137 0.6196833700085189 0.6347459503939773 0.6759484208736924 0.7410675395944187 0.8239627246448673 0.917490883715695 1.0140006013776643 1.1061963400384205 1.1894665755887606 1.264571931054768 1.3286242941782145 1.382725658652584 1.4260582971680056 1.4586784876775343 1.4866805585441765 1.5174106416172686 1.5522150237124015 1.6004665302249328 1.672599214072506 1.763186835297829 1.866813600362886 1.96604157552112 2.0527652567192898
2.3147743713628985 2.2649596608178184 2.20326518178928 2.131019820311261 2.050607350395212 1.9654915881881927 1.880664544727869 1.799598380571196 1.7051666920383246 1.5931347125489974 1.4723026575727594 1.351413113357386 1.2390885403834493 1.1417671862649834 1.060819541336609 0.9926787479041405 0.9327902956655966 0.8786061810495084 0.8302239946316683 0.7905857209652672 0.7652639706962189 0.7594222638469945 0.7768497604568122 0.8158758158320357 0.8750234599009081 0.9500901649111182 1.0352834073170716 1.1240552069158596 1.208373004495668 1.2851438161772337 1.3552168025926303 1.4184872804190332 1.4736694986036099 1.5197789892658584 1.5559675897207637 1.5862568601451896 1.6156737938322423 1.643628175848362 1.6863437235971759 1.7504333351589914 1.8322625891316595 1.9233655335210664 2.0056340870311837 2.074432893244475
2.410228444967546 2.376235665561068 2.3292005039162786 2.2681523307038916 2.1914394898839364 2.1038537774204618 2.0146796678391508 1.9318675711944813 1.8471672594282469 1.7472547810755918 1.637448088940233 1.5259150504290873 1.420019064883397 1.324288995056785 1.2405807304552638 1.1678059961634135 1.103567890935278 1.0458628633604168 0.9945641911010251 0.9548922547433922 0.9308910989404271 0.9261606456323788 0.9438556524478787 0.9808185854049362 1.034476007013685 1.1015376101862198 1.1769329378115985 1.2546407522865555 1.328440942493565 1.397920570350735 1.464456671725911 1.5257295646739732 1.5798968495979888 1.6257956549354702 1.6617093944099988 1.6894800299601194 1.7131933868230056 1.73434176757911 1.7728765842247534 1.8304146003029864 1.904323914581893 1.9810902159861679 2.0470711266077277 2.101080072846835
2.502147982558629 2.4855143899626024 2.457015599194521 2.4135506081578226 2.340486575166188 2.247230997043075 2.154871360241978 2.0713452984705447 1.9953852781902093 1.90738574785136 1.8112150377826457 1.71221397589934 1.6156483473194163 1.5259672746653632 1.4442470150029503 1.3707374108291868 1.3052565802685365 1.2456919353646125 1.1918503968782845 1.1503205065994404 1.1251146940813137 1.1188982656326012 1.133948056617663 1.1682232318736345 1.2159314000335966 1.2739603479658124 1.3377241067055452 1.4018750319198054 1.463267426617448 1.5267216484742951 1.588742346418999 1.6460951979033727 1.696758946365402 1.7392444056365821 1.771120477121572 1.7921816638044283 1.8061745399440992 1.82251941199247 1.85742290754383 1.9092553326330204 1.9753100188460062 2.0393268358722674 2.0939339770477665 2.135437274095829
2.583896350078965 2.583412536623788 2.5727611530750005 2.5558560545120357 2.479655136350471 2.3744483118847026 2.2778864303734863 2.1929854046273083 2.1218780025822985 2.049699390774011 1.968423254170885 1.8844675411498095 1.8026919171445863 1.7252271348914574 1.653999099564079 1.588781581217749 1.5286906572627958 1.473325503355682 1.4171278673693157 1.3716053790356701 1.3445395731244618 1.3363919346339554 1.3479096792510425 1.3782575904612273 1.4195393685256052 1.4670220295344125 1.5170744451707605 1.5666508449475924 1.616018754122714 1.668864042953909 1.7231104595359543 1.7742168466264567 1.818701502997581 1.8545581056707645 1.8787994078974868 1.8896032433980452 1.8919007877124665 1.9063620435131445 1.9377736483160897 1.9843440001193424 2.0440922172887057 2.1004765784801216 2.145808083935042 2.1765285669604824
2.6497137036087897 2.6614924949379204 2.6553636718525047 2.6246906437134223 2.552951826546686 2.4581152132858075 2.3656727715554218 2.283586767772491 2.215434701832837 2.159783994203358 2.0978677470614646 2.0317058262521117 1.965896938770818 1.9034795083613851 1.8460178259782787 1.7936287685626333 1.7451860051035593 1.7015521190024117 1.6546805358546814 1.6136888579265936 1.5881073061075157 1.5784946102786075 1.5852987723303842 1.6078707416784477 1.6420853246159692 1.6795181784699937 1.716965103248252 1.7516751634610472 1.7884908436805718 1.8277034405858466 1.8679785144144256 1.9065619980861033 1.9395062215567798 1.965305879597453 1.9785755215578922 1.9764057202127456 1.9718652385547497 1.9841478746548527 2.0119765081602443 2.055074938381083 2.113339027994325 2.165558093166021 2.2047265692979314 2.227134454109309
2.695922126764579 2.7082299719546485 2.6926640687881487 2.6496169582123623 2.58107876620989 2.4981547570971365 2.4138546469705933 2.337291432666 2.273657022925577 2.225999671310217 2.186689830702589 2.1422022420177145 2.0963692498639275 2.0518243825498605 2.0097007452000595 1.9715576677669113 1.9407817731747496 1.9147334837596768 1.8900124732184835 1.8681626873120198 1.8491296841526945 1.8394451830165814 1.8420939318754235 1.8566770816986333 1.8814670955701884 1.9086701510320632 1.9314930184878842 1.9520578513205318 1.9745783694104968 1.9978088465557597 2.020759676315887 2.0424978462046104 2.058413890063974 2.066279317156132 2.0636553346511497 2.0503831156396832 2.044806645829284 2.056527871370219 2.085367194064075 2.1331031154111546 2.1943524146370454 2.246639187903044 2.2831205941417143 2.3001025798359014
2.709864486306572 2.7155867056402183 2.692285769446833 2.6428198864852845 2.5763161065104403 2.4999583530859137 2.4223726942991095 2.351362264428842 2.2924956669505376 2.24933624751626 2.2238468824616184 2.2037863610623774 2.1812741440426153 2.1586466321635123 2.1391875058343492 2.127381555035981 2.123389769302882 2.123458623825501 2.1240866989407294 2.125334477393503 2.1239303709789557 2.118531629365696 2.116916870184352 2.1218940033763474 2.1319997983254457 2.1445420601162453 2.1525219242942253 2.159611016254211 2.165867325245224 2.1706335497418854 2.173412831325241 2.173914277142868 2.1696988522212592 2.156058952331911 2.1319498679201696 2.117013998250782 2.1179718046520386 2.1337766279457666 2.1683715327942292 2.2220963161622502 2.288308196900738 2.3436342697338706 2.380431858187389 2.3949361857528246
2.693077690119315 2.687027110984651 2.6580146881106774 2.6053034469359355 2.539328619380601 2.4659536926271177 2.392289787694798 2.325199962164011 2.2701587092155306 2.2309430094558653 2.209716358418979 2.2071612786172032 2.2122204632007523 2.220365711517452 2.23689523272253 2.262525173650418 2.2934402954987645 2.3258666643727666 2.3557276718942606 2.3808048095723797 2.397402886446689 2.404331425746855 2.4004351289842316 2.393857697248318 2.38653433387196 2.3772838234554308 2.3713709831438443 2.363721425216404 2.351832530752516 2.3358172888363224 2.315840645415214 2.292147029537538 2.2642991047439853 2.2275672894281056 2.199455827818657 2.1884168655014182 2.1947983948431147 2.2169732200413557 2.2592487411384794 2.3198316214816312 2.3927745743222895 2.454165176274827 2.4943497667847194 2.5093926597524305
