_RESULTS/CROSS_VALIDATION_POSTPROCESSED_80-20/MHZ/GZ/7comp/1/MHZ_GZ_z_1000_kriged_reverse_7comp_spherical_1.asc
ncols 100
nrows 74
xllcorner 5.5967023332191781
yllcorner 50.982320383219182
cellsize 0.00019249356164376555
nodata_value 1.7014100000000001E+038
[rows 36 to 53 of 74, columns 41 to 81 of 100]
5.9398093358633645e-05 2.3295803736408143e-05 1.088214300853632e-05 6.09394848768016e-06 4.245348250952036e-06 3.6310784594167205e-06 3.706809338674005e-06 4.283883949128429e-06 5.773717764359808e-06 9.022451711542065e-06 1.621850227321997e-05 3.2485788298604966e-05 6.833000631542738e-05 0.00014948635956792955 0.0003283823242334295 0.0007042557294785058 0.0014366419437630245 0.002896722530806811 0.006201145559983964 0.014014905104054953 0.033212030814750895 0.07296591679091728 0.12864331976739382 0.17327200688573666 0.19266156458212957 0.19736967166274588 0.2104309398370099 0.21084254457476673 0.18956296473158257 0.15063345807970152 0.10449235073440853 0.06209425214059145 0.03220851706551972 0.014669507856964975 0.005782047630625377 0.0020046038995920356 0.0006379917208842178 0.0001960550705926108 5.903376535681006e-05 1.7074964974208286e-05 5.054263290063474e-06
9.222893878527521e-05 3.444267162780843e-05 1.5423177137383945e-05 8.344938667702506e-06 5.403316421208845e-06 4.1648146564109865e-06 3.7400158060657214e-06 3.7816463321915314e-06 4.494104904797725e-06 6.309340215329048e-06 1.049902208081613e-05 1.9748285727921945e-05 3.955592284759757e-05 8.287989817897906e-05 0.00017713509890490524 0.0003727803855980468 0.0007627786864002352 0.0016620878006164273 0.003874682724325189 0.00980692719036587 0.026822144213304266 0.07142825331259649 0.14425801734995403 0.19257803717351066 0.21123258423598196 0.21437777459966736 0.22799061337094823 0.23823813479381697 0.2292467040019447 0.19898460388832812 0.15245967829477033 0.10073400358635112 0.05619541598820327 0.026553074038740264 0.010287825478999963 0.0033548357998091347 0.0009953562438283668 0.0002869339146336903 8.277784547602292e-05 2.423802902251598e-05 8.146220513877589e-06
0.00014565767512160133 5.420980551593556e-05 2.417576758365864e-05 1.2715689604437028e-05 7.756432938594085e-06 5.474653081610211e-06 4.3411850612477656e-06 3.815090078716655e-06 3.9331446575001105e-06 4.85268606904973e-06 7.147532593780162e-06 1.2101226799584774e-05 2.284676536188025e-05 4.611273682163199e-05 9.589835239451377e-05 0.00019705565154203505 0.00041808642642407885 0.0009542934016097289 0.0023158456914913112 0.006111033249800776 0.017788330216543108 0.05606243539839412 0.13334327254130976 0.15283164020697984 0.17000021667158782 0.18781700492475056 0.21691571549544544 0.2524566806927966 0.27133758290471494 0.2642976360956205 0.22894407817126752 0.17342232691363346 0.1112801143978834 0.05758706071231041 0.022165716304087455 0.006678693593455804 0.0018025286768672852 0.0004832652083368744 0.00013579139938373581 4.101392540407557e-05 1.4838934644152977e-05
0.00023069767769149028 8.993175814645881e-05 4.100520322895074e-05 2.163900929636021e-05 1.2718007877900588e-05 8.355345350234362e-06 5.870617945628734e-06 4.4467487901289755e-06 3.852840728210032e-06 3.893645532661236e-06 4.858109637655132e-06 7.425951398855045e-06 1.3468824347819444e-05 2.682981425897647e-05 5.395473266779677e-05 0.00010836751422559409 0.00023352723646670454 0.0005306916652225991 0.0012555027187078256 0.0032040544914348694 0.008836945041351898 0.024753355828552395 0.05295117494141136 0.07329041485588059 0.09297559074156445 0.11985508579402905 0.16475727821200678 0.2379987622579336 0.30745018080517106 0.3462358365509365 0.34067991689092236 0.2966056612818471 0.22885572016710817 0.14583294725609644 0.05456493086904229 0.013845716769243642 0.003351352030058118 0.0008500655318768656 0.00023462861899105423 7.194092490251922e-05 2.6560519906369333e-05
0.0003728015088761796 0.00015490292215966355 7.366646328522366e-05 4.004107526164826e-05 2.3670330488231547e-05 1.4901304602242087e-05 9.468434813112764e-06 6.102266394834674e-06 4.158055944695115e-06 3.25098513033916e-06 3.301363313439225e-06 4.6204098103699125e-06 8.402531527574445e-06 1.670334923744949e-05 3.2438629256521066e-05 6.473873970027166e-05 0.00013486246420542903 0.0002905017283430487 0.0006414825783034407 0.0014997067195119391 0.0036564578102098377 0.00856511279108308 0.016880354702218273 0.026403850422922936 0.03767349048359781 0.05757826895046095 0.10178066818037801 0.19386576952627313 0.3201701039711974 0.4308401680326591 0.48136341362388857 0.4633624526886178 0.3970785006572821 0.30702690273167765 0.10855103980609439 0.024900645718914132 0.005794521407613431 0.0014432825039895794 0.00039667679684470263 0.00012197259216636188 4.450027881230657e-05
0.0006097990866040957 0.00027514732060720436 0.00013972025061480438 8.000057919245584e-05 4.9017350661647026e-05 3.032727192118878e-05 1.7958557210609952e-05 9.761826933446747e-06 5.179050315552258e-06 2.918020587862149e-06 2.202582773061864e-06 2.9355980095912715e-06 5.668676468403613e-06 1.1341824779922979e-05 2.2031227921938965e-05 4.291173405502809e-05 8.367001669968173e-05 0.00016499057393854987 0.00032975323771151726 0.0006889460604097766 0.0014873360201977928 0.0031144009504243397 0.005882501075961157 0.00958356123371244 0.013695586026917976 0.02231345822591343 0.058017868015437575 0.14776260053539833 0.3084005187933746 0.49697169315617507 0.6198453680928158 0.6284986541436114 0.5275752708335518 0.33636434351720423 0.13245744838879375 0.03582985980162542 0.00884573311726776 0.002267338350204936 0.0006267269769302843 0.00019106973148310088 6.762898315806318e-05
0.000997532980442088 0.0004986044076772315 0.00027734516941419927 0.00017215551396630553 0.0001122661768178984 7.065188325860044e-05 3.9731037837082544e-05 1.930751751400479e-05 8.377150730511146e-06 3.294204833177935e-06 1.413842096135519e-06 2.105341198696822e-06 4.820127188661368e-06 9.806088627273862e-06 1.8289233335218782e-05 3.275231664359477e-05 5.754758121352204e-05 0.00010097230104254603 0.00017850750955077232 0.00033021502191957506 0.0006431760784714556 0.001262516844559801 0.0023854646381590767 0.0042012832244481685 0.006809508583652188 0.01291776919424023 0.04014918491092214 0.11873622576191879 0.2922625508053828 0.5356465956254088 0.7308114025563878 0.7536479291573582 0.6115865963084386 0.35814859366525714 0.1459254597284297 0.04498352397249693 0.012060642372212174 0.0032361925503140046 0.00090334923861693 0.00027238584259065875 9.313164910241062e-05
0.001606498279208835 0.0009071040745854823 0.0005669370583431331 0.0003931496147757129 0.00027806801459407196 0.00018281370136230028 0.00010436988884424333 5.0501022499227704e-05 2.098934017751307e-05 7.639512648805851e-06 2.8263247548552315e-06 3.636792690951902e-06 7.208406431338349e-06 1.2457846086147878e-05 1.9691645333631207e-05 2.971872896832385e-05 4.423021545781255e-05 6.666434556862558e-05 0.00010333530303884884 0.00016937244445388783 0.00030218030510457673 0.0005728515554433024 0.0011242327949473397 0.0022611127008883305 0.0047520978508362385 0.011695545065900226 0.03500871425796215 0.10651654744814575 0.2822499675539255 0.5592086083987424 0.8006653327578682 0.8432878398127933 0.6524510946926172 0.3699006358713614 0.1549164730995129 0.0516928861216923 0.015206637848168296 0.004282400198419826 0.0012022504838492098 0.0003570469998207477 0.00011756382082387455
0.002498025602785837 0.0016210072444426504 0.0011641842934830126 0.0009089023634391021 0.0007128986192972155 0.0005063001199907906 0.0003161820523230348 0.0001704979864850598 8.014852890716988e-05 3.578767133843303e-05 1.910746561376594e-05 1.6493682386091937e-05 1.9477071310059888e-05 2.3368182467861344e-05 2.7480395662289242e-05 3.1956379150518216e-05 3.782775277505121e-05 4.6974012680784694e-05 6.246670376816089e-05 9.076134923141959e-05 0.00015043979190706625 0.00028079711791859405 0.0005805924308335947 0.001326728745274605 0.0033812779254695103 0.00977477658478771 0.031401381074982124 0.10215434714126931 0.27865571445138665 0.5663054508495473 0.8121965830234467 0.8559521427415294 0.6411881338237103 0.3593748728171903 0.1566186591260339 0.055415544544701906 0.017531005115664754 0.005221128267838435 0.0014987263011256484 0.00043831651902422606 0.00013848605910433707
0.0036668275827123854 0.0027699106297384146 0.0022846178880374 0.0020183421789898275 0.001766947466486245 0.0014084231453821846 0.0010167702829629076 0.0006621230906655597 0.0003868025471558321 0.00021363790888713008 0.0001292255578143705 9.179852646941241e-05 7.229448834922225e-05 5.756206897866362e-05 4.6681936376162205e-05 3.908146039340453e-05 3.490962773780088e-05 3.4444261940423146e-05 3.8500490834015793e-05 4.9405413860070656e-05 7.589100102595357e-05 0.00013946175326024298 0.0003013257557541752 0.0007585468142558455 0.0022056329227364523 0.007229402583196208 0.025966004818617563 0.09764191991297336 0.2815722062313819 0.5312250766739154 0.7324059594007784 0.7594326789785647 0.5701016822212831 0.3219021084447536 0.14665008749017394 0.05555268645185084 0.018617172391606155 0.005743735555217653 0.0016912033046066804 0.0004985862044555077 0.0001539700619545844
0.005061033839142615 0.00438284480660512 0.004091974877893101 0.004130829370178231 0.0040653143889534055 0.003754625361616907 0.0032968290597204294 0.002764533120305221 0.002061232870057646 0.0013121364086839487 0.000834653503506499 0.0005253299684685502 0.00030376655825117496 0.000162484278368531 8.802278210584813e-05 5.091299559968183e-05 3.308046329531563e-05 2.5242849436417675e-05 2.336613106210213e-05 2.6562219583796964e-05 3.769969885747376e-05 6.771985140919466e-05 0.0001500077445810744 0.00040113538792142724 0.0012641898523471412 0.004503201992093893 0.018057565388479434 0.08410360410148579 0.2882127241269662 0.4302825238558819 0.54375713921376 0.5673829628014465 0.44239731671661287 0.2607131253509618 0.12583100306260542 0.05144412594340224 0.01811945877447512 0.0057542244791919574 0.0017299200640650007 0.0005125261562883371 0.0001560728546506212
0.006915977815701458 0.006696777679598463 0.007069151589331427 0.008077063307598574 0.008929617329724526 0.009499656097593633 0.009952233004813195 0.010525018456544275 0.010197184881137262 0.007091215310618999 0.0048915717717842285 0.0029648729349178275 0.001318753208933041 0.00047021780494746035 0.0001670493520552269 6.563865643081849e-05 3.0437849330972228e-05 1.7660599709665995e-05 1.344707935784144e-05 1.3635956459106742e-05 1.81077684577826e-05 3.1636297801414517e-05 7.057129044442657e-05 0.00019404931067284299 0.0006318307861355194 0.002295995775448818 0.009445216577628486 0.044236455277106755 0.1500471180718227 0.24241026380907374 0.31738730796194026 0.3461177108798128 0.29433806594172335 0.18867056033469065 0.0984054409890149 0.04354766169384762 0.016148071181821277 0.005288730981967787 0.001626021179456832 0.00048520770048976887 0.00014708639478484972
0.009079432269125637 0.009794427553587575 0.011606450187928056 0.014699231840997388 0.017917762195372146 0.021258140902418215 0.02505510586228657 0.029274540641593558 0.03084883744569075 0.028004570632219894 0.023783369971044663 0.016300368643220813 0.005471269020341675 0.0012329256949084755 0.00028925549224872836 7.841150979800151e-05 2.59639089646313e-05 1.1337281528585792e-05 7.113647133025362e-06 6.567371625584286e-06 8.429496690417216e-06 1.4332161119249166e-05 3.1748756451378826e-05 8.754725500142993e-05 0.00028347443522924856 0.0009980584025422509 0.003916087024891035 0.015843553151308507 0.04912061863890443 0.10083456522692791 0.15479783082310833 0.1836003310304042 0.1696763171848294 0.12197494722799868 0.07008585234689357 0.03328372221828551 0.013147386292349328 0.004487837744746978 0.0014220319650836931 0.00043121807184370994 0.00013290996668477087
0.011264508750653447 0.013431954536855268 0.017653112328397415 0.02416216279370451 0.03170695215036341 0.0404656850170917 0.05091929754177548 0.061841111953276275 0.06914116288264259 0.07199785501725403 0.0737214062697293 0.07812169474075772 0.015966092979436172 0.0024155067101239193 0.00041867479675114554 8.435329568728805e-05 2.0395251893228397e-05 6.556715725280607e-06 3.4095838577357812e-06 3.0288806943595536e-06 3.89569496870409e-06 6.528785467775268e-06 1.4161974202050197e-05 3.85689008543804e-05 0.00012166031579228177 0.00041399527799068235 0.0015453094118819367 0.0057744647614817604 0.01768792719251925 0.04053827587187205 0.07109481230677338 0.09344426300150986 0.09352885174034507 0.07257131183844201 0.044888769354169335 0.023009812956906583 0.009772950901987165 0.0035332044169615745 0.001168596346802682 0.0003686382302157978 0.00011862529403657253
0.013053768886219612 0.01702897192120233 0.024323370881195634 0.0352104594286218 0.04862241541277002 0.06477089205386583 0.08393600786292618 0.1022177409235676 0.11357839278890768 0.11514423799662624 0.10384113658968783 0.06686955619179577 0.01847239696596709 0.003102442681087723 0.0004984883264444695 8.544168958426e-05 1.6124248592679675e-05 3.6052580566718707e-06 1.5217239138428819e-06 1.4954563554257409e-06 1.9458671352093643e-06 3.150416504850139e-06 6.601276046693459e-06 1.770333194143906e-05 5.423125939163782e-05 0.00018326623893632604 0.0006634119964095801 0.0023883302001322703 0.007304122583288689 0.017717303145625925 0.033925432504796724 0.048756770848069494 0.05292032362486779 0.043291886830793096 0.027557489956050698 0.01471675332788296 0.006665595654234138 0.002586488179631401 0.0009074871825532281 0.000308992931520391 0.00010680840816067873
0.01403414445333309 0.0198057864374317 0.029905448083142435 0.045082236188411215 0.0643112316094566 0.08743576771662973 0.11360426048612846 0.13478295507858323 0.14159442130070812 0.12865070730324946 0.09452676545276247 0.048309106076893565 0.014947519913739965 0.003088468104082039 0.0005359128230380014 9.100989681653962e-05 1.5940860619284333e-05 3.0043749709397124e-06 1.077370464097796e-06 1.0629579008756584e-06 1.213724499829688e-06 1.6800037852581632e-06 3.3892419194970006e-06 9.193819704945532e-06 2.815178478708088e-05 9.498168156155419e-05 0.000335621752267894 0.001175512020923151 0.0035566631387217913 0.008839871447895853 0.01784598449933521 0.02740943384739542 0.031189463884783164 0.026466206598223668 0.01745687353762987 0.009671261125093185 0.004556029011997792 0.001845940355143647 0.0006921897771067895 0.0002582647076545953 9.816857439300946e-05
0.013966256871620055 0.020947284966549008 0.032627683949975284 0.050613624173935313 0.07361588186875175 0.1006713062732789 0.12916321628558156 0.14752376487040753 0.1448984699535421 0.1187366559938105 0.07672553935163746 0.03621827404523872 0.01196072479811618 0.0029016593134170306 0.0005828710063554634 0.00011022022976839188 2.1740280873684996e-05 5.15007127159189e-06 1.952758060100004e-06 1.2806999043359328e-06 1.092370788365474e-06 1.0588411396221692e-06 2.107769578023398e-06 6.137396975490852e-06 1.8951271161573395e-05 6.207081096818072e-05 0.0002111791537625096 0.0007108900478572621 0.002089037775341629 0.005178736627992533 0.010594192897131807 0.016588541937967934 0.019344477405240586 0.016906764000655043 0.011581097421432375 0.006693933570471424 0.0033045139316310746 0.0014231565294430832 0.0005837237907289246 0.00024018332905195033 0.00010171833109587467
0.012945140888825967 0.01990773959588449 0.03157401000042081 0.049938702492343987 0.07348859561953665 0.10037212716965192 0.12664180727790927 0.13981671623141967 0.13027440969600879 0.09988554344285562 0.06078974925662488 0.028337103464007096 0.010014178407259608 0.002778044152700049 0.0006521149732641734 0.0001472945523367742 3.5037627732584686e-05 9.94525664925819e-06 3.875095270225308e-06 2.149875654457502e-06 1.5606096786676778e-06 1.4576946423790827e-06 2.390629597456458e-06 6.052466574963118e-06 1.745278450681043e-05 5.351684532317994e-05 0.00017065361718465494 0.000537478179013227 0.0014863855845134283 0.003506982877177818 0.006939612650990383 0.010857822102182394 0.012806185803377989 0.011421646829871167 0.008128662856377075 0.004915498918571332 0.002574699656782154 0.0012161243708021 0.0005528908162063329 0.0002544729803675728 0.00012192655861116158
