_RESULTS/CROSS_VALIDATION_POSTPROCESSED_80-20/MHZ/GZ/7comp/1/MHZ_GZ_z_0_kriged_reverse_7comp_spherical_1.asc
ncols 100
nrows 74
xllcorner 5.5967023332191781
yllcorner 50.982320383219182
cellsize 0.00019249356164376555
nodata_value 1.7014100000000001E+038
[rows 0 to 17 of 74, columns 0 to 40 of 100]
0.015362530204241298 0.017492055257139875 0.018402453698585793 0.017747068996226145 0.014985465298701338 0.010747328128472967 0.006619167696021963 0.003607816223268195 0.0018099940087622846 0.0008415888566905771 0.00036961260903521805 0.00015848776482264176 6.819749076003287e-05 3.024636789964254e-05 1.4052661309758568e-05 6.909626948302693e-06 3.6172930233718863e-06 2.0238141569027577e-06 1.2140352867401213e-06 1.3226174655594504e-06 2.4516072058648394e-06 4.777726243380186e-06 9.569963403579824e-06 1.9590417108488737e-05 4.057910964048781e-05 8.28615468193886e-05 0.00016253658289253845 0.0003031638441346447 0.0005554099503823931 0.0009865951367511215 0.0016716131292741198 0.002659495213302376 0.0039133903548180735 0.005247899524923352 0.006321913972804423 0.006955588339836467 0.007161526121466519 0.007129244914966391 0.006802846894264727 0.0059536558983562336 0.004842468961640365
0.017690991918992132 0.01998838738317487 0.020912584364624183 0.02005444087834981 0.016697394108262844 0.0114782593586573 0.0065450199039605765 0.0032421448379913887 0.0014626727920486345 0.0006051784801235699 0.00023910937428432138 9.435194371616783e-05 3.839753821100586e-05 1.6439300204119335e-05 7.508642771260897e-06 3.696657838911391e-06 1.977784763004637e-06 1.1709215615279964e-06 8.282648156342305e-07 8.913286576696394e-07 1.4384597866318115e-06 2.7239490003438096e-06 5.507466297114354e-06 1.1699800201667551e-05 2.560193149940477e-05 5.6202724447735486e-05 0.0001198372808936765 0.00023968903253987153 0.00045991446791035154 0.0008555664477867057 0.0015168275322271151 0.002521989079599907 0.0038720898570882246 0.005406273546612286 0.006760446825833799 0.00770338699967633 0.008154144396042074 0.00803398949687968 0.007184793837318883 0.005850880510137248 0.004412001830460747
0.019819232617548883 0.022229879108401174 0.02321501357513748 0.02241072429949508 0.018920324228817356 0.01265160833733124 0.006564302552366073 0.0029106132036258348 0.0011664053285872064 0.00043446817790834705 0.0001577212861710885 5.798720331837238e-05 2.2388834669436004e-05 9.36151162485255e-06 4.316307048577387e-06 2.2044639212171883e-06 1.2600908460858399e-06 8.273664635315893e-07 6.653015980655538e-07 7.14573176655029e-07 1.026725686175895e-06 1.803409194776204e-06 3.5561943815437695e-06 7.655624460997984e-06 1.7385709570233466e-05 4.015232265589228e-05 9.102233971011128e-05 0.00019596949843378236 0.0003931175781832532 0.0007611373835034542 0.0014031034638116529 0.002423253012751036 0.0038605349489744967 0.005585253306632018 0.007222608054452343 0.008520963565858512 0.009274750075042798 0.008800651183435973 0.007363133275260576 0.005573584537957247 0.0038903512785918677
0.021472800732668332 0.023785593883885056 0.02463774560270585 0.023912326065220896 0.021195447155971707 0.014424554721062964 0.006444544624325514 0.0025413912134556204 0.0009241687370983024 0.00031733430357211125 0.00010690043815981401 3.68804759607792e-05 1.3633877608057215e-05 5.6214248208012575e-06 2.6530805323304764e-06 1.4431234164083699e-06 8.98990485517658e-07 6.493596033162367e-07 5.614499356197372e-07 6.024032604859857e-07 8.096203919539728e-07 1.3258631721325652e-06 2.524817645242863e-06 5.456287096196859e-06 1.2791217504837642e-05 3.09251496936944e-05 7.366314831312064e-05 0.00016661187469176945 0.0003491679450055815 0.0006983535293649025 0.0013281491901914154 0.0023647066335243366 0.0038827802874646803 0.0057890787724514435 0.0077222693290033865 0.009436456887233147 0.010376669062614582 0.009439456004332878 0.007387377393622445 0.005191797641026482 0.0033512431545733535
0.022439836071637 0.024303535946080472 0.024500841238476116 0.0230263867381434 0.01986964162919045 0.013152549661252087 0.005603724074501208 0.0021222779765021093 0.0007328104094727843 0.00023709263819686642 7.490157837982585e-05 2.432704318610036e-05 8.635391054546786e-06 3.5513972261020746e-06 1.7484811459094376e-06 1.028905620120393e-06 7.082176745416458e-07 5.588423447322546e-07 5.086998869903767e-07 5.427629933117922e-07 6.898119723362882e-07 1.0536787363725474e-06 1.932022494510425e-06 4.2092761003748915e-06 1.0254087287218766e-05 2.5974006100569345e-05 6.461212413611862e-05 0.00015167129796072533 0.00032651804797085253 0.0006637649098830016 0.0012895324164250617 0.0023443762646695124 0.003933416532940614 0.006002661468981889 0.00825323733149588 0.010467564935475265 0.011416267658563031 0.009995824765359955 0.0073055863238347205 0.004760555458852719 0.002843567086457134
0.022704885219574387 0.023825821841772666 0.02295681805689586 0.020119319144440494 0.015525757997413134 0.009432334167052067 0.004396319140829332 0.0017271941021999816 0.0005912669689693163 0.00018480215144375513 5.530690449558816e-05 1.6842953455718507e-05 5.68359461138277e-06 2.3422066925060335e-06 1.2385041737367961e-06 8.135505342653701e-07 6.266315276620506e-07 5.418927863737239e-07 5.162639194897499e-07 5.447724612803924e-07 6.483305084748479e-07 9.022060950669926e-07 1.573789063709402e-06 3.5303088548601565e-06 9.117616515683956e-06 2.4253925008058055e-05 6.23903661827437e-05 0.00014967855838404054 0.00032676934715444525 0.0006588552242227636 0.0012852668420976362 0.0023572653514688483 0.003995821585247931 0.006181050509632962 0.008757090787892205 0.011501730951164725 0.012481212248096892 0.010496403893349783 0.0071295813342012945 0.004307565760414975 0.0023918735548388408
0.022465412664166826 0.02279024305391911 0.020920748378139516 0.01712958741381852 0.012194224170452354 0.00723662001157664 0.0035279133295381074 0.0014481330220928411 0.0005043951083713781 0.0001559803679800703 4.480189626150741e-05 1.2676738622981178e-05 3.9284180003855055e-06 1.6033757027124213e-06 9.593638127746744e-07 7.423515573097301e-07 6.528284629335077e-07 6.200738795608364e-07 6.193043033431134e-07 6.477472796320793e-07 7.155989458859621e-07 8.581376742831042e-07 1.3592103054871835e-06 3.353007577281519e-06 9.40117800009387e-06 2.5949351530680804e-05 6.751804559708626e-05 0.00016171729635854754 0.0003501543916472981 0.0006906806310926653 0.001315788684620787 0.002395901827640421 0.004043851180637561 0.0062537917280625615 0.00907793164076862 0.012217573451426706 0.01362858766107929 0.010839968181228954 0.006780154282906006 0.003834525345470616 0.002004454341979694
0.022011678970311227 0.021705773220929054 0.019166263995825106 0.01494881746074014 0.010154838035457307 0.006038323555964891 0.003054759535098253 0.0013122786694504077 0.00047425024001038066 0.00014940126879395507 4.246931378136003e-05 1.1310106190629166e-05 3.0327656410542916e-06 1.1370044748506775e-06 8.790620335246636e-07 8.47603519247035e-07 8.540749197998134e-07 8.808025622511455e-07 9.245866100205142e-07 9.77214817178576e-07 1.0420196617176645e-06 1.0997257976519762e-06 1.4192778224227276e-06 4.212750223787745e-06 1.2092070027324123e-05 3.2833573876004506e-05 8.297619342065563e-05 0.0001921658003099504 0.00040179200779020115 0.0007615456997540487 0.0013918358334852195 0.002451533792187779 0.0040508779920018865 0.006195790321235312 0.009017691436619712 0.011962545966127806 0.013039509805080424 0.010097625039070307 0.006124950017750463 0.003347464872220954 0.0016844337110412976
0.02159462482310828 0.020921392204525973 0.018040377342401746 0.013684156077792576 0.009156966441976085 0.0054797352422073925 0.002894017607349301 0.0013150859323158596 0.0005048367423720315 0.00016855100054906879 5.041547346667205e-05 1.3883501337208376e-05 3.628484651357832e-06 1.2108433735581863e-06 1.2460420537870187e-06 1.3656565316146212e-06 1.4907613726209358e-06 1.6231252200214513e-06 1.7738904845598048e-06 1.9371505461626505e-06 2.144527926126962e-06 2.4898913081881873e-06 3.6986388948630024e-06 8.062453859093108e-06 2.003829768306082e-05 4.941191935426723e-05 0.00011549257366875089 0.0002497375756413978 0.0004904856961805997 0.0008760888975692783 0.0015126067528400363 0.0025223065714610965 0.004004922498697356 0.006018446398615147 0.008561912671529812 0.010789971578092748 0.010901748727339655 0.008493667614251209 0.005286647638989887 0.0028927944409658565 0.0014359086007971619
0.021364766081530855 0.02060798943662642 0.01764330250671859 0.013284835072591383 0.008952824208228483 0.005434669195313114 0.002990171448286575 0.0014579653982777733 0.0006096405660236515 0.00022486668322105018 7.58877618723232e-05 2.4669627145980415e-05 8.58892524117955e-06 4.12606826357228e-06 3.2975993915002344e-06 3.3724805100496583e-06 3.682251450256795e-06 4.080736347170119e-06 4.5542209837458175e-06 5.132385752442245e-06 5.918387909410351e-06 7.282051358370272e-06 1.062256456384148e-05 1.9226241839944123e-05 3.983466923136628e-05 8.526235766032852e-05 0.0001777648967787365 0.00034871257515045975 0.0006280928967538778 0.0010393303441475605 0.001669306384317413 0.0025658926574650674 0.0038061418389300824 0.00544889443953771 0.007390118804456705 0.008819344646102305 0.008539355487706918 0.006630459949848445 0.004247212476856533 0.0024020383343555975 0.0012259634362431996
0.02136538196283606 0.020850207125655138 0.01806288809546802 0.013807132163240572 0.009485261003678512 0.005880906134868098 0.0033381499951717743 0.0017557457163198018 0.0008157108139119946 0.0003430809234286254 0.00013856588734287303 5.7011806214593756e-05 2.61925749842289e-05 1.5230894650277523e-05 1.1878669261736596e-05 1.1440110598877034e-05 1.2185182386749903e-05 1.3458218665808763e-05 1.5069060631702229e-05 1.717536784135785e-05 1.9865933710640466e-05 2.4152947419251018e-05 3.2715600113168666e-05 5.076098008169008e-05 8.747046996952237e-05 0.00015922105767141563 0.00029125683124172036 0.0005091920093850191 0.0008247740379077126 0.0012209267375004008 0.001742102151041073 0.002409265076959363 0.0033120600636701017 0.004472303195754997 0.005756511543262594 0.0065772157562490555 0.006199710449667932 0.004804788442334023 0.0031686380154798206 0.0018676767527674204 0.000998204286203031
0.02236266598199964 0.022650416144649986 0.020326572745660673 0.01610470829808842 0.011364132477262963 0.007184060826381131 0.004169656034149099 0.0022888664730993827 0.0011863197728587491 0.0005880747018108278 0.000290212144848961 0.00014918267295865634 8.525980370456987e-05 5.78210343811457e-05 4.769847364340689e-05 4.618518481017463e-05 4.9143713728448786e-05 5.4203429799370894e-05 6.012985059035359e-05 6.707573749684727e-05 7.462634941367104e-05 8.564557108882801e-05 0.00010519251115895326 0.00014162458659087017 0.00020619657166060843 0.0003152029121733915 0.0004903144132642378 0.0007437043178479547 0.0010288131385076775 0.001325141180877822 0.0016707649977004068 0.0021069478826745793 0.0026687684535607985 0.003370907618733361 0.004106938389749326 0.004531618029527455 0.0041978188683346315 0.003266565093095386 0.002234331622032874 0.0013847195224706407 0.0007855488299736054
0.02495097892763744 0.026598958235481557 0.025223436571011882 0.021123376419277154 0.015379654618862188 0.00985466706949412 0.005820237889802641 0.0033631952936363455 0.0019465049673810316 0.0011198605742402006 0.0006533531570539313 0.0004041086657775142 0.0002776821928309654 0.00021740995274569864 0.00019640414300908896 0.00020076390252717934 0.00022157444148150488 0.00024845722386856995 0.00027074700819368624 0.00028466492623658814 0.00029434092819017547 0.0003097327706239106 0.0003405951922447079 0.00039920796590771834 0.0004965283690611821 0.0006428271271454419 0.0008268350701997929 0.0010139300755019657 0.0011740706907017527 0.00132204142506111 0.001500938244276558 0.0017233847484479765 0.0020040058711011644 0.0023543248173435896 0.002707738451321039 0.002899582387298047 0.002658671363804887 0.002100504105245918 0.0015032202201422777 0.0009894113737010674 0.0006034890277908417
0.02907391729350469 0.03288071313820256 0.03358959050303626 0.03063166471864826 0.02294254794565792 0.014598857342072025 0.008859482810473876 0.005432767066242539 0.0034361303335807875 0.002212821380223975 0.0014904595129523576 0.0010760885217290165 0.0008571441580059027 0.0007733789234496973 0.0007813446292820688 0.0008686111171152006 0.0010337521154753278 0.0012201051503177805 0.0012812251406692308 0.001222492434940037 0.0011445085554446946 0.0010877649675677312 0.0010678350543205702 0.0010922174724408594 0.0011686409866361422 0.0012595849535830587 0.0013080791892231276 0.001296006491435356 0.0012404538462129893 0.001238206292062807 0.001268260094687602 0.0013227783305776392 0.0014087396368406625 0.0015335195504782128 0.001659661307799887 0.0017254679494415539 0.0015755092175518545 0.0012827205684251331 0.0009696224007759638 0.0006849644405289948 0.0004555888240823367
0.03456616202722566 0.041203530934050235 0.04504889846634756 0.04643553090420092 0.034250705914163786 0.020809946494796353 0.0127963475493824 0.008147730118648874 0.005493962060259903 0.003905304072863249 0.0029399746165670285 0.0024100103558182687 0.0022002969946022135 0.0022560273150812973 0.0026121956148811494 0.003325097275927897 0.004490776077507441 0.006025124275927104 0.005805845117378855 0.004833243642939739 0.004025896632969926 0.0033902694560420566 0.002920313824018661 0.0025896363520418048 0.002343182645039704 0.0020615700370220954 0.001758548285604504 0.0014618725651811828 0.001221953242308987 0.0010809983269317207 0.0010083524611964496 0.0009562056543434898 0.0009309701081548867 0.0009363714281273519 0.0009500331781289459 0.0009538691603880094 0.0008746683166689625 0.0007453141890152141 0.0006008230447679144 0.0004603334304074021 0.00034058365852302765
0.04122096481509244 0.0508561933668884 0.055434781061904484 0.051969356614383275 0.038608532631830984 0.025014771163586417 0.016072736514914067 0.01071938407978156 0.0076365932070344 0.0059212135745365276 0.0049355337412504115 0.004498075554277108 0.0045601151100730574 0.0051897973019458515 0.00662902702164066 0.009396834421270516 0.01399897316500898 0.019794635599530517 0.01903292124741456 0.014674816914380075 0.011059803607724092 0.008324251658944367 0.006347100116114312 0.004912735468124858 0.0036965839660567626 0.0027171526394239977 0.0019593677041009117 0.0013947720262532566 0.0010389866135493465 0.0008264023295402364 0.0007051627701916535 0.0006338830318690799 0.000579121826747215 0.0005385528985410481 0.0005099317098511503 0.0004884502785174604 0.00045824750508293116 0.0004121955336960935 0.0003577319909270109 0.00030208624401654896 0.0002548291559394689
0.0489692412263492 0.05873435074666436 0.05917584114348645 0.050695112362648106 0.037741368617307654 0.02595989345718226 0.017549516307769474 0.012261233842133085 0.00917863556804487 0.007570177026662616 0.006923172191334464 0.006955385343831888 0.007766781665949491 0.009666526245755173 0.013303845118904938 0.01972063564810337 0.029249861069162594 0.03788481983769371 0.03867992788887251 0.03205473653602674 0.02312877849008765 0.015928107840880133 0.010961673994312537 0.007381899003871975 0.004739077579970468 0.0029594536647608574 0.0018203489340786186 0.0011426357431216234 0.0007660669935489169 0.0005521426126521621 0.0004302250182762692 0.0003633688710473405 0.00031937366269081907 0.00028758250863124014 0.00025769828733187503 0.0002347171664768777 0.00022666357432877068 0.00021806399955830676 0.00020830307983350286 0.00020053492376377382 0.0001958157145731652
0.054445680834113885 0.061265325557795874 0.05767094582637449 0.04651058103128407 0.03444789998721217 0.024242159107503977 0.01690365335244693 0.012209168385933973 0.00949087560964616 0.008185639482659024 0.008006608274670734 0.008811038253200417 0.010800458236548483 0.014682601453715482 0.021584497315688227 0.032015625335340185 0.04511612360356582 0.05683930932983187 0.059338331896292534 0.051553712482858255 0.03808102192964577 0.024736270553939697 0.015323451910393733 0.008930800869170398 0.004953886956997091 0.0026616107558307275 0.0014277831079324125 0.0008113600957644159 0.0004950101901797166 0.0003263884577627156 0.00023394696124407906 0.00018347257738471755 0.00015491332673329958 0.00013525892918480275 0.00011916845789764925 0.00010911241400733768 0.00010800637536865411 0.00011336113404361494 0.00012222150176876238 0.00013586648211785318 0.00015474676712460506
