_RESULTS/CROSS_VALIDATION_POSTPROCESSED_80-20/MHZ/GZ/7comp/1/MHZ_GZ_z_250_kriged_reverse_7comp_spherical_1.asc
ncols 100
nrows 74
xllcorner 5.5967023332191781
yllcorner 50.982320383219182
cellsize 0.00019249356164376555
nodata_value 1.7014100000000001E+038
[rows 0 to 18 of 74, columns 0 to 43 of 100]
31.235058181070936 31.86747301810723 32.49081629430759 33.05441716270884 33.5527055109973 33.960606320613664 34.24414914324743 34.421823276504064 34.53815805614788 34.675452766838255 34.87603158590263 35.145109103888444 35.48419284581292 35.88729122201738 36.34631562091547 36.8529993815726 37.398872248788756 37.97418044151901 38.566110316371606 38.41469408137311 37.610346424320504 36.76979139770224 35.86809011981091 34.943728509259344 34.0474464776508 33.198296637083864 32.416653739285096 31.71414765581136 31.07919113667159 30.523223962609602 30.057702923726463 29.6917721888799 29.432426473884675 29.284903647623324 29.253321723445453 29.28474642321579 29.31692699107683 29.301602463154342 29.237927097368356 29.162543837983897 29.073788307529618 28.97055127676681 28.854603361375958 28.80544691826553
31.586859975576097 32.32332599981155 33.07520141693212 33.78587955642042 34.41655988057244 34.889085729775296 35.14590489215458 35.24921898051932 35.303033594579944 35.416204344834604 35.608271326036856 35.8753038588373 36.204029966459004 36.58963967232427 37.025520264757326 37.500088491718806 37.99778187594288 38.4841743717551 38.835974783679404 38.68424016612009 38.05154750173576 37.258435282991314 36.36014950735333 35.43601836328434 34.52739394989196 33.65985094226057 32.857384841600314 32.141446146121865 31.507090119263196 30.95404772947454 30.494269358837002 30.13673948046539 29.88742388160519 29.7493297003528 29.722911467280767 29.74696103247626 29.761163713863652 29.748075211321922 29.706340581509156 29.63920380104091 29.545680044282708 29.42887104097422 29.294882886688335 29.246303440423414
31.80061964676952 32.628959761886954 33.50870139633087 34.39400834788138 35.21634713215014 35.777304625170004 35.93722459156668 35.904363771714294 35.882418085010755 35.96413089798838 36.148669870967815 36.41747514800043 36.74656608794418 37.1117410049972 37.49818156410548 37.90107815532785 38.2945625301079 38.62477132081963 38.78041031395232 38.620871998115526 38.14989056751209 37.47862899154316 36.65153971537511 35.76785294549229 34.87363203828559 34.00535774354319 33.195946608274284 32.474059973217464 31.850955415081067 31.313624578147998 30.87301029871552 30.5384977852799 30.31562567286004 30.2055024527019 30.20363635366103 30.23262804072666 30.235332935825156 30.238817145168074 30.211271525970705 30.139352577213764 30.02889284932143 29.889976508400228 29.73390838438404 29.673643484366487
31.840937072353302 32.728501401416786 33.70141908305262 34.743828549424855 35.837071269435725 36.59686210348407 36.469868585318736 36.26749526858492 36.192711796678616 36.26523257929589 36.4584471979133 36.73891571038358 37.07105632110171 37.421381390855124 37.761799166585334 38.07453516133162 38.351126722436504 38.54761722661058 38.59576897458744 38.43341582973137 38.058209009934195 37.501421063288255 36.769103561275784 35.945110965174294 35.081284909867016 34.22625006731456 33.42207285473175 32.70327995482892 32.09553421786512 31.58534354388798 31.175872013272475 30.877552129071752 30.69654581709951 30.63327390584172 30.675859850409815 30.72698135248325 30.7432452510976 30.761573977078037 30.733021078780737 30.639080490678435 30.498759899181465 30.330847572121623 30.150402421793633 30.06749272421368
31.684458979977776 32.5795615111614 33.56813518203755 34.636067039807145 35.75413412893704 36.5379564714731 36.39025609489364 36.20020416648623 36.16194407785342 36.27581848088283 36.510158106333705 36.8244401450184 37.173094131636894 37.512368895898916 37.8102210518209 38.047664625709224 38.2163973661009 38.31125070144108 38.29670890864897 38.14231014421921 37.84216328081107 37.38676141631002 36.74914850840676 35.98479600363028 35.15309844924317 34.316942901975324 33.52717486634949 32.822259770710396 32.2322854329493 31.7567047751361 31.387817719298027 31.135741760116353 31.008647746441735 31.008741358173847 31.113580385576178 31.21162535687223 31.27719461732089 31.300509517199433 31.245697578556257 31.107800245522487 30.9258492696899 30.72558022276907 30.52262178597516 30.409176705725493
31.33012518744613 32.178236283320594 33.10006264066278 34.051400321719626 34.91723140231845 35.49685468182931 35.6696180174051 35.68551187240762 35.7761318374918 35.98412801425711 36.29551998899467 36.67288637897727 37.062094772382515 37.403049757602844 37.65891139000181 37.828719130724906 37.917864535129475 37.93586384895063 37.8844945808795 37.74927579528784 37.52449689109421 37.17231217599857 36.62457704903219 35.90311810971652 35.09145054392608 34.27377874505668 33.50533689007893 32.82413408067343 32.25981866092794 31.821301568598642 31.497735928861836 31.29715708118857 31.229389207110298 31.301333752390487 31.476123147619305 31.659392143104338 31.8201082803246 31.83374971238983 31.706496744871448 31.502032913566097 31.2740985320837 31.04541940169302 30.827040968608088 30.682022107596158
30.800474567174962 31.561911092045293 32.372183604868034 33.17502296571433 33.868682622410354 34.36182215707553 34.658489650759506 34.850801153302044 35.08817676160407 35.41279147110174 35.82349663522527 36.29135670857344 36.7564938175646 37.12178048725761 37.32999379610191 37.42876573635243 37.46022979589878 37.429940231312244 37.35821218584195 37.24827032206426 37.10132259463011 36.86879786888673 36.4217485621272 35.698047142493486 34.88767359492718 34.091349751325346 33.35370098212546 32.706697599807725 32.17757527738172 31.77983323511382 31.500407452134176 31.35063126349116 31.338450270371066 31.47355679801272 31.69759236983681 31.987646553639955 32.34392712925046 32.28935618333929 32.029520595040935 31.76194727658892 31.50378741318874 31.262163559945417 31.04146315538744 30.87317882885422
30.133186754790977 30.787035954237503 31.474979079602406 32.14759204032996 32.73536349449696 33.181110823092325 33.52422541742929 33.823395583865775 34.175712494477004 34.60497062503987 35.11163457293682 35.67829555217744 36.26234504416781 36.70300609052568 36.824386093888705 36.84939655912886 36.84299275194767 36.799114595953974 36.7197236315529 36.63099162093028 36.539830551586896 36.39784054723972 36.09206957179073 35.30573336801823 34.51885765504997 33.76529363693959 33.074454270769046 32.473816224861785 31.989104452259497 31.635832327354507 31.399988449291914 31.293633367272644 31.325666648963235 31.484878982575502 31.7066792988671 32.00826793245167 32.38409117497304 32.34092947944621 32.089981904146 31.83192431459179 31.5843932668076 31.35534168421485 31.14949475625079 30.993879510580857
29.370827339858558 29.908639172409213 30.47725879451722 31.04046361531749 31.555417666390127 31.983791314648368 32.336683644877716 32.68943329207058 33.1129884200296 33.61404602666602 34.186310347814434 34.81429556154745 35.47407290193377 36.02044870869203 36.06633053954926 36.08216617424581 36.083146580370894 36.05459493900868 35.986437794271936 35.9076449239461 35.82323523271413 35.63861869909815 35.26973140968192 34.66851331854506 33.982395839098864 33.30469716605828 32.67911012104789 32.136900298468504 31.704972736441334 31.39959963379909 31.206372765241998 31.136148885342624 31.197656463233788 31.33217386860146 31.499359205286588 31.708914027253066 31.918297427396205 31.972270501294936 31.87986976036227 31.707047983642482 31.51097485363466 31.319269959853084 31.14876952903686 31.065085271356246
28.554950283695057 28.973569455580865 29.427432326016234 29.895014094161386 30.353686491464128 30.776590393866027 31.14326572565812 31.51399525196793 31.969374994140175 32.504452800236855 33.10153457503499 33.73420892933831 34.353573563579225 34.83194502197347 35.07699631822683 35.196725439820504 35.25877907665557 35.272800278070996 35.23427647031147 35.16003311665333 35.04943705363486 34.80578992835144 34.41881887750398 33.90650224278469 33.326973936741034 32.73926097382718 32.190281617452584 31.715182188333173 31.342648116869835 31.088075590612256 30.93470405672012 30.883207991579866 30.918959095949855 30.988162045380584 31.075141653179767 31.19442797906978 31.334540929840678 31.42916162887407 31.447589401358506 31.38240225203098 31.276039266136436 31.15446837145698 31.063680466443365 31.066911697521064
27.724922979060263 28.02278408578888 28.364050988350627 28.743386453714887 29.153712494283145 29.573762331335296 29.97653972037015 30.356078693789794 30.8134381664283 31.353081832275937 31.95990470712338 32.59472185858361 33.19788610333851 33.695669718322044 34.04781860774426 34.278677296007146 34.42342798060661 34.49674138510533 34.500162874677024 34.4416780415305 34.29888788644976 34.02200780235823 33.62370284081233 33.1459061778579 32.62478975641612 32.10904772065975 31.638002138046485 31.23399944448212 30.922862842556757 30.697667363171018 30.54849240231344 30.481305289916875 30.454562497243348 30.45832687173265 30.476568653671833 30.532590412193166 30.63986379382805 30.760860627434994 30.84602536929286 30.866812491114576 30.848342941575112 30.816501720870164 30.85168273638167 30.974772348301354
26.936711983532597 27.11580978928398 27.34304972576332 27.63454575260706 28.00207424189123 28.425692197442743 28.863794574137476 29.280767955308185 29.727125437581947 30.26754983663485 30.877096018401694 31.51054953419836 32.11737425064555 32.64844862509116 33.074810983198255 33.39577851296072 33.62231206836745 33.76073603998021 33.81209804390667 33.76645014530775 33.595117379699026 33.2994066552902 32.89433623683018 32.43459775606213 31.951004643669574 31.479878039809883 31.059160229123496 30.70861320729473 30.420154600659476 30.20243166812911 30.04799998912157 29.927872855079666 29.841337289773072 29.787236650005553 29.753207831241614 29.765011376361368 29.854828881649876 29.996241719841077 30.12260479802914 30.208603782484893 30.26594371411438 30.332476965546757 30.4867178700709 30.73093054757355
26.24332170744722 26.301499154359913 26.40315288612584 26.593683615127123 26.925443457843922 27.372667388754124 27.85549371521332 28.33119615809584 28.815974727255405 29.34257746030977 29.927363804091335 30.545521249245976 31.157180532690226 31.717231717828387 32.199181315011714 32.59225813271755 32.89321000313119 33.09676068745641 33.19614876264714 33.14123859492271 32.947739381361245 32.64129839667954 32.23569721009527 31.786135716001233 31.329348406105588 30.894562268723885 30.490194901158347 30.129444231893356 29.85077882256972 29.63010689621265 29.428625546324167 29.254124673456406 29.11427735238209 29.011910264791315 28.940082131055583 28.920571356515634 29.000655338298092 29.1543869560534 29.307922366988876 29.44406909869965 29.565367226229768 29.729750575271684 29.986789973988255 30.314467606011114
25.686265427342047 25.63022230241349 25.592568880537993 25.639243839798866 25.95078363192378 26.46414882477735 27.013671964171515 27.55838810198324 28.08363618451018 28.631067426233475 29.193449848187687 29.77458285307305 30.36240383266369 30.930190536567437 31.44789110277512 31.89654680862853 32.2633094483861 32.53130957375801 32.64751605304362 32.57216762405605 32.36112177624619 32.050693763397575 31.655212425614515 31.2116359189942 30.774581003906672 30.34586429825572 29.926998150357964 29.555159815315218 29.244438471365708 28.969126734888 28.716815334610697 28.492475301625646 28.30607996119225 28.16437201486648 28.06587146163542 28.0253683428744 28.09995770944803 28.25455535090415 28.426609486550326 28.6028563367848 28.781686735444772 29.023514677431056 29.33879051112936 29.7262581575709
25.305977446742823 25.167010284156362 25.020623634982698 24.859831294827288 25.208009576376895 25.832641666671137 26.449798093882492 27.04466530221618 27.6041900088752 28.15726091240113 28.723219129238096 29.28719621987253 29.836070248936498 30.37143206381811 30.881473705656454 31.34428021071608 31.745704955000402 32.05636333732447 32.15167225755135 32.053034971011044 31.817502609016636 31.486940086975125 31.084009842423736 30.637489264398155 30.192059582566106 29.740830298172977 29.310647135181245 28.91415061159891 28.55662088560197 28.230542270472576 27.942744651160595 27.675136118287703 27.44791401090937 27.273905836122786 27.156568610337672 27.105054746518093 27.172427130110798 27.315895791056764 27.501009719563502 27.711163327017253 27.930612963855907 28.209856430884333 28.56790465078704 29.001750282185306
25.12661361375744 24.955376676057867 24.81668657137362 24.784310290218613 25.067159006678402 25.610483067015405 26.21385918021967 26.81596151714032 27.392540503009442 27.937089435860635 28.488058668738187 29.03970118532433 29.5781088037343 30.090924893080018 30.568640202271624 31.006648940699165 31.37309167611671 31.59397343958706 31.629819908853012 31.492977944635786 31.224481111638035 30.87306774059146 30.4667327702291 30.02725148769072 29.53631814304767 29.039231259997607 28.563153905933873 28.12910427072126 27.72809171323753 27.367583273407725 27.06001040006129 26.79944439228368 26.56612269463759 26.368284844802464 26.23681381309616 26.185019722907644 26.228480834867568 26.35753465988906 26.552454090754807 26.781618583083294 27.00783669589491 27.306670944256517 27.69106359182953 28.157453182896035
25.14626846984071 25.00080475454848 24.938712804401746 25.005048114481436 25.27298447699072 25.7302831894131 26.28218706123865 26.862446683185524 27.434867755143692 27.97780889932718 28.49864965192882 29.023267615972326 29.538015442061894 30.029426470285053 30.485112233054117 30.874646548790736 31.127738857099008 31.1949902236078 31.104293188106897 30.88419314665105 30.581670358631374 30.2102710138686 29.791135032622186 29.31487562425336 28.773389842444676 28.22308716784592 27.708257040955438 27.233816675113236 26.79601395742013 26.40840460128412 26.082627794674806 25.82695477561613 25.61865717925782 25.453008697262973 25.330237413884998 25.275030199811415 25.285255506847058 25.387174223406607 25.564489346853048 25.763632506354412 25.977472672864582 26.27860166829593 26.674667392082174 27.160159657524368
25.377771652815156 25.284186597377534 25.284596464667274 25.40248786742767 25.679709561752407 26.098734333117964 26.60866075896231 27.160448433185675 27.71834124277205 28.25779018270994 28.761686425834547 29.24835019206914 29.728395336447143 30.184424083990987 30.574933450477122 30.830827923317834 30.916975359921594 30.833978479485104 30.599480360111862 30.253850908958828 29.859857153320373 29.448956644697375 29.005801541857878 28.486689823032187 27.917419996728498 27.3337775572369 26.782442262944357 26.26794275117573 25.801845996829265 25.395596002610727 25.05924487679114 24.802665227184765 24.62021635116336 24.491923684260694 24.418958328432712 24.359928871382376 24.318269206228386 24.36868592896464 24.499979324262586 24.667481391892586 24.866737284495635 25.162758600006406 25.56092895065824 26.053758646466836
25.797699770484943 25.77064490538469 25.81838768321803 25.976674669357795 26.268834377078743 26.673657070846506 27.157669625191684 27.685479799929563 28.22672699693137 28.757698929831722 29.26041676323015 29.71985134096471 30.13849484600807 30.499559007079924 30.734193137928813 30.805676437947906 30.71454166292679 30.47045246190045 30.0897459713486 29.61561165282893 29.121117757215092 28.63322076570418 28.137839030725125 27.581654957546014 26.99250957373031 26.4024467583587 25.817123817848998 25.272144197520102 24.787987036815057 24.37290559317071 24.034255855229585 23.780321591043496 23.617212320492047 23.519441518432828 23.436982186064633 23.36492062861981 23.314770596173194 23.316255964850136 23.397283474281743 23.538290057164023 23.723901693393053 24.009181759806026 24.401045293279143 24.890265902706393
