_RESULTS/REVERSE_NEW/MHZ/TZ/3comp/MHZ_TZ_z_125_kriged_reverse_3comp_test.asc
ncols 100
nrows 81
xllcorner 5.5967107547500001
yllcorner 50.982328804750004
cellsize 0.00017565049999994641
nodata_value 1.7014100000000001E+038
[rows 19 to 37 of 81, columns 44 to 87 of 100]
17.42032633918904 18.009361536857668 18.53223726667394 18.976431066415874 19.34352202570779 19.644134834960784 19.892664471715843 20.103065014871273 20.286189571868622 20.448653347195354 20.59293266357977 20.718296554063016 20.82214135756976 20.90135060450532 20.95341216495873 20.97715408238199 20.97307348211949 20.943310184548285 20.891353302961573 20.82156804294405 20.73860386917044 20.646717314778783 20.54903305689962 20.44677817806717 20.33854750044416 20.219689179622023 20.081947682811222 19.91357326304265 19.700195119583768 19.426827541402584 19.081358086672527 18.65960017683474 18.17128938090495 17.645290980287715 17.131357914721345 16.696040064628583 16.412217815084556 16.344184371796235 16.531598757334407 16.97578212362834 17.632318120766925 18.41517005746628 19.215981191576212 19.93398041434615
17.289812617254185 17.905945211469078 18.462526316161455 18.94381004300208 19.348922518745834 19.686797516625873 19.97055140009944 20.212893550625633 20.42328373451745 20.60688089314271 20.76493319829856 20.896060978490006 20.99784885951533 21.06827392098905 21.106692189659842 21.114296860176427 21.09409086793207 21.05048481421516 20.98866419571027 20.91387577029405 20.830754333093918 20.74275307368529 20.651678769197062 20.557295954138983 20.45696743005278 20.345344875082063 20.214208093230884 20.052661753132206 19.8480103878975 19.587704593375225 19.262702784775172 18.872277250384325 18.42956008768813 17.9660675748892 17.532665541749967 17.194814258909375 17.021677280669433 17.07081321696776 17.371525293822543 17.910804872068052 18.62745086751914 19.421266957850563 20.17991451304437 20.813381487913656
17.139663668782077 17.78665434217342 18.381940685263082 18.90598596700696 19.35492363658159 19.73555405872212 20.05936748612156 20.337550542036233 20.577958017647312 20.784175576924316 20.95623281946257 21.09223754831949 21.190183834503404 21.249394301578544 21.27135157640725 21.259896990805238 21.220875595545664 21.161352015779915 21.088580517631087 21.008967769419577 20.92725282630271 20.846024771560657 20.765556640658023 20.683831965922973 20.596623376822386 20.497551154443588 20.378175211999878 20.228320892515274 20.036971990855 19.794138392019526 19.49403604195138 19.139561804840998 18.74729074300206 18.351224011930377 18.0028804383734 17.765784230498944 17.7040043073122 17.866288128593926 18.268844688724293 18.88162880903057 19.625703456685432 20.389785278154505 21.065507840526067 21.583791194046846
16.98945234972264 17.667775599553792 18.302807790801317 18.871138509614614 19.365706092864023 19.79092087711279 20.156384397472006 20.471529755013375 20.742452989214662 20.971136253626398 21.15649873801183 21.296335455141257 21.389245539313386 21.43600625571275 21.440245084580177 21.408458512123417 21.34942924296734 21.273101891840827 21.189112180568948 21.10533102112616 21.026807365071846 20.9553222203997 20.889512317212073 20.825338140712812 20.75663541313428 20.675585664369784 20.573108292564235 20.43935531626103 20.264642185699042 20.04123108621925 19.766306511336733 19.446098421396588 19.100327337760774 18.765184097708026 18.492535947487216 18.343581672011975 18.376679453334084 18.63083449203515 19.10816691759999 19.761453647269857 20.496252762740525 21.1958732907952 21.763863022188197 22.15836943724757
16.86335852956183 17.568804515063167 18.23920276553021 18.847759433729703 19.384434942577048 19.85123513966202 20.255724405862843 20.60540976771028 20.90453103182277 21.153509173642988 21.350332216087736 21.492710803149947 21.57998978250494 21.61435448281074 21.601358475949702 21.54988954260171 21.471512731727223 21.379088979056725 21.284840962990717 21.19838597729353 21.125337687378874 21.066818536565375 21.019829799024123 20.978148209276355 20.933363249355477 20.875792611332358 20.79521447084862 20.68156000588406 20.525886273351247 20.32206135598375 20.069532640963295 19.777139865897407 19.467102334588184 19.17734479699482 18.959896475500887 18.873724844133474 18.971844989601287 19.284291139623555 19.8007246080551 20.459981470723207 21.157381824598144 21.777035388263116 22.238436753847722 22.525625816691704
16.786187371729 17.509231869622965 18.20453202788958 18.842996330294508 19.41229665241648 19.91232274540994 20.34861877433918 20.726680333899353 21.048844101088417 21.31403512773189 21.5194728231617 21.662944237549343 21.744565138818945 21.767734311552037 21.739546579089694 21.670839428729746 21.575619981787483 21.46952371823877 21.367420643216857 21.280870557514984 21.216289165141433 21.174326710598844 21.150412489313116 21.13604207633239 21.120304267847153 21.091278644278248 21.037149327830974 20.947103744705718 20.812306972563864 20.627427674304332 20.393185424268477 20.119948535807445 19.83146511236089 19.56677009247613 19.377962183448997 19.322342259754468 19.448968711685293 19.781452689626235 20.30120278380304 20.93916312028727 21.587174507436785 22.134459505051097 22.51453353136261 22.728396906700645
16.777885028629402 17.504189129824653 18.20837441097643 18.860659272491166 19.447571014270252 19.96750660971735 20.42422801639824 20.82126667832591 21.15906207296858 21.435070349740748 21.64577213657082 21.788997905058846 21.865472020341606 21.879490540978473 21.83925601954617 21.757088264262762 21.64903020401813 21.533219299880933 21.42706608570874 21.34411868317581 21.29173689858737 21.270249212299728 21.27358085349317 21.29087731694917 21.308530530886983 21.31212079851583 21.287971436317996 21.224239410707444 21.111773384901884 20.945317884544316 20.725765212424694 20.463666080526913 20.18302493572833 19.923162352551955 19.736158478043283 19.67849712558322 19.79731654308435 20.113432225266095 20.605577594830088 21.203907390652375 21.80317391559217 22.29937042581162 22.63380464888877 22.811837042999684
16.84817836423216 17.56023097444541 18.253503937583076 18.899482259577315 19.48503338201358 20.007985236726093 20.470801026882565 20.87526921972723 21.220007506587564 21.50096028378517 21.713692621848406 21.85577221294007 21.928146684189144 21.935611811519088 21.887103335700868 21.79606210815559 21.680200570867857 21.55980575343732 21.454550860860653 21.379827446137682 21.343930259195375 21.346923903281958 21.381252833689317 21.433636484955016 21.48762073312713 21.526172122357053 21.533776223721464 21.497695025626125 21.408492674830246 21.260598205977068 21.05406316656186 20.798110512099235 20.51543656865831 20.244556881115077 20.03729126240465 19.950109275750897 20.030260049664623 20.299307237909385 20.738513650329445 21.283413917658073 21.836520894983565 22.30070981876032 22.61846187691553 22.788348995367006
16.993053430086906 17.672646043493742 18.33410716075952 18.95225442978402 19.515927081603436 20.023499807074096 20.476834926570074 20.876386481166538 21.219123656725703 21.499396413981355 21.71150308729452 21.852207562614367 21.92211603352603 21.926087576023217 21.873510999240885 21.778720700709815 21.66079534606931 21.541759669464035 21.443116600571944 21.381773581776827 21.366798947130636 21.397951159657822 21.46616096236169 21.55562295127713 21.646915913775906 21.72041484959454 21.759106656547715 21.75000846232356 21.68405413169183 21.555506986103403 21.36284173319075 21.112404695506935 20.823768307374195 20.533244239115383 20.291858988221843 20.15653168961567 20.17608732769226 20.375350438488756 20.741632067384334 21.219796906589693 21.723033060499088 22.16106477373911 22.473694349426193 22.646524823460265
17.194336439907914 17.82531433265521 18.435915017436614 19.006215619096928 19.528594694950936 20.003141506689158 20.43195809963639 20.814741470881405 21.147113288856406 21.421790924001147 21.631415437165487 21.771323089964394 21.841146188402284 21.845356628147627 21.79354867792759 21.700756891478495 21.5871114303845 21.475889928259427 21.389878844305077 21.347059179471557 21.357026674858208 21.419146671283023 21.52278788607443 21.64951869672935 21.776844924272627 21.88265593806362 21.949018235362256 21.963810905705447 21.919623593946557 21.811343266629457 21.63557338841353 21.394371581181026 21.102250646681934 20.79166581597146 20.511997373275744 20.320630227112574 20.26866824289338 20.38538845644918 20.66564960473902 21.065158438310664 21.50886052468822 21.91364168635336 22.21623534778744 22.3886633293971
17.422846950016186 17.993420471782283 18.538410150524196 19.04474735785626 19.509703449719364 19.936198995491125 20.32749302604435 20.683239361254117 20.998156605068953 21.263419996146098 21.46973233948506 21.61046094344094 21.683667698344596 21.692957831489135 21.64779185770914 21.5635859296329 21.461088946374066 21.364265404034512 21.296602833113642 21.276716199890316 21.314516707299923 21.408949072477046 21.54784301880051 21.710096971199924 21.870059918095926 22.003244660998377 22.091437106266746 22.124710596704816 22.099035578087136 22.011290234478395 21.85646070029988 21.63127099922524 21.34337414101341 21.019652415035 20.706766190988272 20.462196546090343 20.339387192330253 20.372208971494025 20.5630214563987 20.878052481806968 21.253674952076214 21.61430506315602 21.89539671838818 22.058488337463537
17.64456957667264 18.148479714143146 18.618656772757227 19.050058079162962 19.445946191718644 19.81311836383364 20.156962314546703 20.477911543067133 20.77035162206878 21.024145660220007 21.227928924233584 21.372687219519925 21.454357628454833 21.47510915769747 21.4437273894997 21.3754636897675 21.291097817464312 21.214683547647404 21.169905405742526 21.175714465514226 21.24229287022944 21.36831604541244 21.54027828908815 21.734513153822867 21.922185466398396 22.076458374170233 22.179289215256457 22.22412293037947 22.212089662929863 22.143775019626883 22.01337317421877 21.811848184824637 21.538679896519263 21.21370075737825 20.879746163499874 20.593770212739592 20.41119029500795 20.37000193210759 20.47919340533764 20.714219364746594 21.021687284813012 21.333552036882097 21.58620696489729 21.734904341743974
17.828284805380257 18.264430080158892 18.65589305274551 19.006425071409623 19.326182380176345 19.626865951397388 19.917035943902658 20.198809580372878 20.466863857363286 20.710012986512055 20.914718220932365 21.069165622200213 21.166535873398562 21.206819741216044 21.19735728723314 21.152496263187 21.092395604612072 21.0406962032571 21.02099093376587 21.052537800793235 21.14602279974377 21.30028289099593 21.500965226477476 21.722197419585683 21.93205267398456 22.101225845945756 22.21184043486484 22.261270797031997 22.257123887714034 22.205399475389253 22.10083481315365 21.929047376261785 21.68088168065054 21.368221753222343 21.029160107314322 20.719373125611256 20.495610870412317 20.399225462895707 20.444666718175235 20.614997134443318 20.865454548979727 21.134981031912165 21.36242326642035 21.500241678711994
17.952638132209582 18.32334940187672 18.636018271206574 18.903652519351706 19.144113792577603 19.375086398000782 19.609431281544058 19.851877516769303 20.09793937363306 20.335471329850986 20.548418665255184 20.72148835245177 20.844214274902786 20.913440045144622 20.934138227119863 20.918988533641564 20.887005942358286 20.861180800961733 20.865067607870472 20.918558545866038 21.03341759664015 21.2094127833855 21.432191955573117 21.67438810087905 21.9012867346308 22.080846995598893 22.19468645094908 22.243595579950192 22.24194742590696 22.202414793632876 22.12198920363208 21.98235179787561 21.766395029167874 21.4780095777984 21.149993134944697 20.835955723728663 20.59312981709346 20.46528011872192 20.471084971993438 20.599575729106075 20.812857110547984 21.055766863842514 21.27008902733718 21.40772357125096
18.011068928277535 18.319770938029894 18.555419357548125 18.740555215377594 18.901551078660773 19.063230411387487 19.243922770961245 19.45180958062623 19.683533814966605 19.92567100990808 20.15880626051097 20.3629872778708 20.522816088263298 20.630810817586838 20.688659106502794 20.706805202802663 20.70293265551137 20.699551855825934 20.720650769594673 20.787469577220165 20.913772144044497 21.101368053609647 21.337133375772797 21.593333362189217 21.833093311154723 22.021327168718113 22.13778020296614 22.184787719586378 22.182236077035284 22.149780168399243 22.08851473873819 21.97864258357349 21.797105508913784 21.540758044252957 21.237006484771246 20.93661457759671 20.696258836228598 20.561011220048833 20.552511420119696 20.664165201990965 20.863120117182913 21.098608194875982 21.314973061884622 21.46475579777297
18.013983819048075 18.263182427199162 18.423825646255754 18.52816482072791 18.611897257868904 18.708155112833353 18.841822061318695 19.025132123635537 19.255731367632613 19.518023967490635 19.787732598366812 20.03845302003749 20.248158883520123 20.40375892529952 20.502934206739972 20.553723612240518 20.57276674982985 20.582727727122887 20.608908864490015 20.674956166512615 20.797845241735207 20.982811151667693 21.21950198463135 21.48134069105709 21.73033653648447 21.92824019086559 22.051147175986717 22.0998154512023 22.09659611151463 22.06696874277078 22.017661638615955 21.930702989046104 21.780375409168975 21.55846246864488 21.28734642382287 21.0142001479911 20.793946986696852 20.67170365651486 20.67074775088259 20.78729481536736 20.991698708308203 21.235842295057086 21.46569976899003 21.635037017792673
17.988219193630115 18.178522336966818 18.265708809821078 18.291835598397313 18.30267883841196 18.340727509953847 18.438266459480552 18.611814830027445 18.85940410815314 19.16176912076519 19.487603538227695 19.801677456198934 20.073334527767546 20.282676684515504 20.423073359034202 20.500539146827784 20.531457647063668 20.539656770804783 20.552907442136746 20.598530424831512 20.698093229236772 20.861781214797194 21.08371899776826 21.340273518488658 21.593793112650093 21.803210236243928 21.939374167754586 21.9977823155503 21.99874838039391 21.970663241197105 21.92638061381304 21.853209359575377 21.726935112073594 21.53707160898801 21.301791234577152 21.064038544389184 20.87572433700607 20.780659582780125 20.802414076213637 20.938519365751297 21.16080170715168 21.422043768585315 21.668685829370318 21.855929506140924
17.973889792339577 18.10427032359958 18.11931037026857 18.07083671484116 18.015283289774924 18.00528738209883 18.081048207473742 18.263218629912128 18.5491605830013 18.91391604428837 19.31639381539781 19.709689586456342 20.052423916730685 20.317112449831036 20.49324860742132 20.585891284881527 20.612327555431875 20.598625953764955 20.576122708502687 20.577047825336265 20.628949435164344 20.748485999955946 20.935932747824044 21.172412960803303 21.422317153168112 21.642697712217934 21.798384093842564 21.87649385284901 21.890455227183967 21.867249646480307 21.82462830835993 21.757590353385392 21.64747515664794 21.484708267758947 21.28447639584151 21.085129288240765 20.934450061390596 20.873681680162477 20.92546672504955 21.08740708817028 21.331446852670684 21.609903973447867 21.868673342015047 22.0643126059587
18.018632943027395 18.087603406045098 18.032290928131825 17.91403663739043 17.80024326614583 17.75419359532333 17.82423510253573 18.034752292766463 18.381092037953195 18.830141774122897 19.3277129058973 19.812020521216855 20.229161812580255 20.544346008724645 20.74495587120265 20.837003095032212 20.839810966698987 20.782123760375608 20.699228386784053 20.629080531788336 20.606474513313046 20.65602819473859 20.785721242065726 20.98306248373008 21.216167729858494 21.44161019360705 21.618554882946782 21.72415927475061 21.761225075824754 21.75071759876112 21.71229647778993 21.648885920786483 21.549995537007387 21.409745094185702 21.241811157126573 21.080034682323383 20.967371346421782 20.941575650699566 21.023508099855572 21.21012831925564 21.47292744511143 21.763314507048797 22.026286491458634 22.219488423226327
