_RESULTS/REVERSE_NEW/MHZ/TZ/3comp/MHZ_TZ_z_0_kriged_reverse_3comp_test3.asc
ncols 100
nrows 81
xllcorner 5.5967107548124995
yllcorner 50.982328804812504
cellsize 0.00017565037499993607
nodata_value 1.7014100000000001E+038
[rows 0 to 18 of 81, columns 42 to 83 of 100]
0.051193955975748766 0.052368870152269965 0.053841705384845395 0.05547448131572219 0.05712581353426879 0.05867190922626054 0.06002282813603588 0.06113000699725622 0.061984175189581055 0.06260605829050969 0.06303400138574863 0.0633123969061547 0.063483276148218 0.0635816812736674 0.06363420562047604 0.06365957530259193 0.06367018203831279 0.0636737895777438 0.06367499642297786 0.06367631989821339 0.06367893314721644 0.06368315203032679 0.06368876858590689 0.06369529739103283 0.06370216696798794 0.06370886447622635 0.06371503200908751 0.06372051368617193 0.06372535834397358 0.0637297875323049 0.06373413996652286 0.06373880188399035 0.06374413023706416 0.06375037487274814 0.06375760791834213 0.06376567240371213 0.06377416476483734 0.06378246396912884 0.0637898117724413 0.06379543520003607 0.06379868795923692 0.06379917795046786
0.047554031155152915 0.04902571780678048 0.05088446275859896 0.0529624838772906 0.05508210292010237 0.05708240244033919 0.05884211586257044 0.06029213680263005 0.06141508629796239 0.06223435747477244 0.06279810530718685 0.0631637189868434 0.06338630502408213 0.06351222861672182 0.06357696436255503 0.06360573610160541 0.06361545548401204 0.0636168986864032 0.06361656139777559 0.06361802319090781 0.06362287921021594 0.06363138006312864 0.06364291038893638 0.06365638489716768 0.06367058696608162 0.06368444074492045 0.06369719824355809 0.06370853169875962 0.06371853717282173 0.06372766769497155 0.06373661836445055 0.06374618281189 0.06375709533866318 0.0637698713492249 0.06378466278653352 0.06380115299168282 0.06381852076264168 0.063835499586964 0.06385054132438141 0.06386206627523512 0.06386875216333894 0.06386979497034026
0.04379177201007733 0.04554559224038789 0.04777934843667789 0.050300442876534936 0.05289677751623102 0.055368747822463475 0.05755986893503583 0.05937601766526581 0.06078810560684744 0.06182012824240908 0.06252945267907974 0.06298688870397828 0.06326158006901532 0.06341237051533642 0.06348478141440034 0.0635116318754587 0.06351534410913148 0.06351054846173053 0.06350627536347565 0.06350754452004266 0.06351645820607392 0.06353300213217752 0.06355572421126313 0.06358237351173167 0.06361049707495428 0.06363794389267052 0.06366322027900624 0.06368566691960038 0.06370546402308518 0.06372349843880937 0.06374113638133824 0.06375994016260718 0.06378135740407069 0.06380640756016642 0.06383539826656692 0.06386771894641174 0.06390176965786028 0.06393507600923082 0.06396460861462559 0.06398727220880686 0.0640004718208632 0.06400262465238349
0.04019851478597985 0.04219629061227144 0.04476294317713425 0.04768854968421325 0.0507316632349383 0.05365564277006557 0.05626743183196328 0.058444879296430545 0.06014394479263498 0.061386664285383044 0.06223803348699124 0.06278158337763942 0.06310045930882895 0.06326641898720535 0.06333580409288082 0.06335003491509941 0.06333816365846055 0.06331975890755862 0.0633072687024368 0.0633076856733829 0.06332370860051091 0.0633546938221893 0.0633976124203769 0.06344808088798756 0.06350139959968246 0.0635534644839963 0.0636014230588825 0.06364400482677228 0.06368153055759547 0.0637156611066785 0.06374896761554912 0.0637843963150406 0.06382468243971356 0.0638717601650639 0.06392622906348489 0.06398696515972112 0.06405098472654906 0.06411365639019169 0.06416929738637903 0.0642120900996937 0.06423714609659621 0.0642414707583901
0.037054381164900466 0.03924391345572343 0.04207969033014906 0.04534228221888955 0.04876788510279755 0.05208756130533508 0.055073651374547596 0.05757558957337687 0.059532546485245814 0.06096221141873198 0.06193491897555513 0.06254511170110351 0.062888804814493 0.06305029370423751 0.06309709857806212 0.06308021217295535 0.06303668149694833 0.06299247918819142 0.06296472221918953 0.06296313854888011 0.06299112343345979 0.06304680688207376 0.06312439917296354 0.06321583858332532 0.0633125569507517 0.06340707844247694 0.06349419136194799 0.06357154735531703 0.0636396838088748 0.06370157316930627 0.06376184647828531 0.0638258255254182 0.06389846422374693 0.06398328432315814 0.06408141298179254 0.06419087837877256 0.06430635648824704 0.06441954198548377 0.06452021153432676 0.06459786930903294 0.06464366659817458 0.0646521497522515
0.03458380657638734 0.03691049491928813 0.039943081545733734 0.04345853889744122 0.047177854090788875 0.05080679067958647 0.05408850451905226 0.056846983915952325 0.05900505135210427 0.06057453447993787 0.06162853546364637 0.0622696966056022 0.06260477583836754 0.06272950373295028 0.06272264078016862 0.0626458478538784 0.06254595602631938 0.06245735834541532 0.0624035917376414 0.0623981871458513 0.062445357979003455 0.06254112287878087 0.06267518520034619 0.06283351221302778 0.06300123828179953 0.06316536543989186 0.06331678213942545 0.06345131934357484 0.06356981295243107 0.06367733918030047 0.06378187619238743 0.06389262957600252 0.06401820102057607 0.06416474870238154 0.0643343216557812 0.06452363212952458 0.06472359605280502 0.06491994355253339 0.06509502794034672 0.06523065613619583 0.06531141602098194 0.0653277270567807
0.03293504503483937 0.035350576825413794 0.03850998553031197 0.042189364306704655 0.046100384562545234 0.049931640770798986 0.0534053916666415 0.05632644797386358 0.05860426933662818 0.06024455491647168 0.061320684030781815 0.06194020081319717 0.06221776680795254 0.06225898923710628 0.06215389403509431 0.06197626457051863 0.06178511627143138 0.061625955155891365 0.06153105807183514 0.06151916297549657 0.0615954558903431 0.06175266652216992 0.06197365185637996 0.062235294429837586 0.06251307433046334 0.0627854379534949 0.06303714432603504 0.06326107550529277 0.06345840953015859 0.06363740126278143 0.06381118551381855 0.0639950069846634 0.06420318672965813 0.06444607469427344 0.06472728261297783 0.06504162168443231 0.06537428491711048 0.06570178350369171 0.06599487672713822 0.06622323479726996 0.06636098441719052 0.06639184561331475
0.03218187047482221 0.034647213523069306 0.03787071076138835 0.04162728112729148 0.04562351435895173 0.049539216102614934 0.05308585354349024 0.05605772819660884 0.0583559125219366 0.05998078609311926 0.06100373147979869 0.061533640623868624 0.061689944729920364 0.06158653033714242 0.06132502519394857 0.06099337438849891 0.06066587025009986 0.060402456525306604 0.06024693275366792 0.06022489923621202 0.060342702791971375 0.06058841588424886 0.060935278415172996 0.061347304605029955 0.06178611330260973 0.06221765999343145 0.06261756262167105 0.06297412160160665 0.0632887662171736 0.06357424479865022 0.06385119961851188 0.06414378990609156 0.06447488178592584 0.06486120999908039 0.06530896306366618 0.06581043897903704 0.06634261545262028 0.06686846599258724 0.06734146310168612 0.06771292788828502 0.06794091819435207 0.06799858435718319
0.032333984900634355 0.034817213620049 0.0380484040313903 0.041799421959792686 0.045775023641445756 0.049654484613342605 0.053149188748993464 0.05605248908259156 0.05826279550129737 0.05977638078516321 0.060660479328788465 0.061021832853345885 0.06098171170267245 0.060661135263935746 0.0601743147306776 0.059626070070042815 0.05910958453247957 0.058702838433111526 0.05846399964733331 0.058427164301243416 0.05860003961544431 0.05896473792548448 0.05948213641950962 0.06009943819829355 0.0607597609415429 0.06141196530805613 0.06201877346344109 0.06256166514981937 0.06304193018532071 0.06347820323949718 0.0639014098709097 0.06434816972422974 0.06485350032241123 0.06544345684723261 0.06612836597354588 0.06689758637019924 0.06771705514387096 0.06853093206877726 0.06926813605209772 0.06985340328671236 0.07022096799509572 0.07032768998039914
0.03334132802350359 0.03581321704347089 0.03899856215446982 0.042664699488756674 0.04651801825569812 0.05024532657403006 0.053568008562300325 0.05628718960883926 0.05830358540659548 0.0596101317104286 0.06026773793659085 0.0603778914399587 0.060061505365015935 0.059446494143278863 0.058661468921334184 0.05783133262029249 0.05707176476430986 0.05648191396661783 0.05613649878741382 0.056079249297341836 0.05631938987530022 0.05683223865830023 0.05756434951231646 0.058442926105252015 0.0593883496190353 0.060327698922806997 0.061206565170308466 0.061996734073005766 0.0626984415963142 0.06333736740122733 0.06395761050903542 0.0646122255836154 0.06535264723714714 0.06621796839738067 0.06722498269824877 0.06836025683081837 0.06957602193516464 0.07079187773428083 0.07190368468655667 0.0727993707473537 0.07337907272545352 0.07357500151834874
0.03508470704806402 0.037515927871334454 0.040603364942193014 0.04411040270166869 0.04774961253328482 0.051222911507227985 0.054269906635316556 0.05670582343215094 0.05843666284689544 0.059451767223145574 0.05980355908540062 0.059585979739655556 0.058918613822635496 0.057937237366886885 0.05678743563275894 0.055617392204263344 0.054568029605911464 0.05376133427846241 0.05328920549871629 0.05320509271825745 0.05351977090339739 0.0542018351771681 0.05518322159903176 0.0563698487647264 0.057656699509308955 0.058945246847153736 0.06015979595751195 0.061259067495487755 0.06224058784564307 0.06313756321029744 0.06400974320219019 0.06493053684614272 0.06597239160249203 0.06719185816187549 0.06861553759340099 0.07022852356507103 0.07196774976267688 0.07372313670756803 0.07534878176842409 0.07668423117185891 0.07758260349822167 0.07793935353811603
0.03735598481563735 0.03971925220521625 0.04266295676661004 0.04594964088973158 0.04930344688796153 0.052447577638675975 0.05514502860064106 0.057228050934851185 0.05860839897736422 0.059270541887531086 0.05925663181887658 0.05865205404957817 0.05757564273446637 0.05617320320708194 0.05461022445292212 0.053060617516937574 0.05169152776737761 0.05064711905207796 0.050034883064790314 0.04991663494339216 0.05030452948722662 0.051161666245002506 0.05240734968719474 0.05392778938060959 0.05559265350609442 0.05727599484976895 0.05887761952459172 0.06033971662888388 0.06165461800322243 0.06286238122535041 0.06403977058043829 0.06528368396106717 0.0666919307313936 0.06834338612030166 0.07027902768132042 0.0724857761332242 0.0748861957495528 0.07733801004817027 0.07964680285481601 0.08159251143227007 0.08296608867476025 0.0836088765234742
0.03984126900417856 0.04211981210744138 0.04489248124131957 0.047925428259660174 0.05095898759059867 0.053740924088679205 0.05605879518019353 0.05776118107653542 0.05876388834056529 0.05904482303810602 0.058635060358340735 0.057612065158177427 0.0560960464762902 0.054245820706942185 0.05224940518261646 0.05030741861885075 0.04861190366487974 0.0473259720885965 0.046568904513521 0.04640815024588748 0.046856826408998645 0.047874772848942995 0.049372857133799124 0.05122226336446696 0.05327085932437157 0.05536648354756441 0.05738320044531124 0.059243811407210294 0.06093231303831159 0.062493413729799996 0.06402038544043673 0.0656350497913709 0.06746385723590757 0.06961283573027399 0.07214324445429865 0.07505007374840167 0.07824698370333992 0.08156264984887984 0.08475302776073274 0.08753085328490395 0.08960896703648129 0.090750213377448
0.04212625290924119 0.04432646748576441 0.046936109067370495 0.04972812932379037 0.05246042660187225 0.05490411336760429 0.056868092800285805 0.05821350562171296 0.05885731747259169 0.05876968803045717 0.057971331411153085 0.056534117748506245 0.05458287400685432 0.052292499614351916 0.049875150885528026 0.04755731223834425 0.045552495026521686 0.044037658788216756 0.04313872341373466 0.04292527033141308 0.043410744372726864 0.04455439168123085 0.046264145504583305 0.04840320203791751 0.050804374776639676 0.053293987358848285 0.055721996016223775 0.057990458959140186 0.060071710209929935 0.062011249430645635 0.06391580861260993 0.06593088611876834 0.06821276847703767 0.07089868345653956 0.07407729866575517 0.07776180402375715 0.0818693906744893 0.08621261149944309 0.09050769338384901 0.09440155683209017 0.09751534105505368 0.09950064003842755
0.043740117348908175 0.04590221802715729 0.04840582069747599 0.05102980952074134 0.05354554739708185 0.055740786591326 0.057438387950789545 0.05850615852956235 0.05885919842034097 0.05845996304643655 0.05732120304597002 0.055512801316558155 0.053167762650258854 0.05047937690187887 0.047684049702973984 0.04503168428344717 0.042752712644570964 0.041032447008050574 0.03999842119934628 0.03971903464198477 0.04020732728397113 0.04142428294668177 0.04328032175554879 0.045638526403513215 0.04832554169584346 0.05115405189908886 0.05395483434060577 0.056610114076566895 0.059077656775027215 0.061398341421717656 0.06368630289620705 0.06610588425249708 0.06884122471882004 0.07206302914717826 0.07589523069253669 0.08038379033937008 0.08547109066002964 0.0909807289459696 0.09661671991624955 0.10197814885010772 0.10658940150558534 0.10995098639263648
0.0442414973249432 0.04643992152834704 0.04894429272174636 0.05153335959557999 0.05398174997412115 0.05608174975435988 0.05765923750517422 0.058581412031923824 0.05875886042718039 0.05814766543735013 0.056756266910804855 0.05465663475788679 0.051992877047633945 0.04897750358815843 0.045869679949805287 0.04293937805355986 0.04042965693296386 0.038529944643128824 0.037365958003153545 0.03700272326066814 0.03745226171350406 0.03867875117723681 0.04059924041054491 0.04308382821012798 0.04596248478487392 0.04904426815275554 0.05214867139576619 0.05514150183453761 0.05796389163965027 0.06064533367136009 0.06329806106835521 0.06609616131848464 0.06924545204125619 0.07294945402731134 0.07737488994850013 0.08261899934360108 0.08868101942321543 0.09544000793428235 0.10263903196001875 0.10987338937956959 0.11658544986295867 0.1220862802155553
0.043329892778642944 0.04565775659640488 0.0483008234342043 0.05102843152942542 0.053604060498874596 0.055808441078963066 0.05745672491331755 0.058406937020734316 0.05856245220632885 0.05787481970428971 0.056352093942832956 0.05407185619902578 0.05119077670872918 0.04793953971486778 0.04459719444035803 0.041450325473966765 0.03875171657265364 0.0366930787769257 0.03539739366616031 0.03492586527889115 0.03528933469529211 0.03645577467170412 0.038351325194977214 0.040858584107658885 0.043819639416033826 0.04705067257801412 0.05036965490644899 0.05363133026423798 0.05675886631836312 0.05976232036268961 0.06273942096292857 0.06586028365453553 0.06934131742486334 0.07341408811648342 0.07829355734251206 0.08414832765775947 0.09107354249160782 0.09906379770721857 0.10797824571677185 0.1174874947067196 0.127004081354746 0.13563510979693516
0.04094594847578764 0.0434855518914937 0.04639991571780816 0.04944151979045799 0.052348443552718976 0.054872537055730176 0.05680259615504862 0.0579771378696769 0.05828834375367556 0.05768414078545543 0.056175102354094356 0.0538464347454155 0.05086682895516835 0.04748212777460119 0.043987254548138066 0.04068226509715128 0.03782854532235189 0.035620914842338376 0.034181391940756894 0.03356891644969218 0.03379392481257904 0.034828595491279944 0.036609524503346064 0.03903575172699693 0.041968921847415706 0.04524247290503937 0.04868285807350124 0.05213969746486336 0.05551683878623693 0.05879535937432373 0.06204264466784085 0.06540656373410601 0.06909793969027407 0.07336673166979203 0.07847744488352473 0.08468731657103175 0.09222638883251179 0.10127088083651906 0.11189100278909603 0.1239484741483268 0.13693511686116505 0.14980226813324082
0.03731484263856003 0.04010584458783493 0.04337716984766651 0.046864632652830716 0.05027239898300001 0.0533087240319151 0.05572011550943041 0.05731319518144277 0.057962384956487735 0.05761045051897333 0.05627115338318777 0.05403714671664596 0.05108641582564422 0.04767505548926122 0.04410875751967025 0.0406979949804004 0.03771290472012383 0.035354300427035905 0.03374730506757315 0.032952230355155925 0.032981473515131574 0.03381277221208236 0.035394709124908386 0.037646031932038374 0.04045399510651595 0.04367773337033417 0.04716066334216191 0.050752034106409494 0.05433377959521414 0.057846465868996444 0.0613081322363659 0.06482199869504805 0.06857264621668936 0.07281422529875543 0.07785676778626396 0.08405573647143054 0.0918039055553109 0.10151271175387425 0.11355338249713647 0.12811357832070297 0.1449345047439126 0.16296423286794745
