_RESULTS/REVERSE_NEW/MHZ/TZ/3comp/MHZ_TZ_z_90_kriged_reverse_3comp_test3.asc
ncols 100
nrows 81
xllcorner 5.5967107548124995
yllcorner 50.982328804812504
cellsize 0.00017565037499993607
nodata_value 1.7014100000000001E+038
[rows 38 to 56 of 81, columns 44 to 87 of 100]
6.418705142771305 6.421716787273795 6.278329408972401 6.076216156981016 5.90536622365524 5.842167228715437 5.944092905953052 6.250222984039018 6.780384796442027 7.528039460251705 8.44804523981483 9.44818820941571 10.397350653507063 11.156152991814333 11.619614585617178 11.750364931508475 11.586319683397377 11.222561958442757 10.779925237552872 10.375571300409081 10.105114518975746 10.03707209981953 10.214095561207092 10.653836261332016 11.344602563970591 12.23586146717938 13.230121266513455 14.187698649555896 14.952864405113212 15.3957860388506 15.45041455400176 15.13086130159553 14.523896534252806 13.76391946933536 12.999110249863069 12.361325359565821 11.950607435239633 11.835059004066366 12.0579594775409 12.642246534999 13.585506091687977 14.843753395055007 16.3099105682318 17.80210604395118
6.745602685551096 6.676704805515957 6.456315803680947 6.187899746411599 5.974583823269051 5.9024998708880245 6.037450291509626 6.427927568087401 7.104341186847189 8.06707397151896 9.264306620007295 10.573520425485286 11.809327272438567 12.769374767978917 13.30090942991235 13.35161738588372 12.97952074967026 12.323251417957955 11.552829335829731 10.824799827937333 10.256989817888904 9.924146396541843 9.865416234713923 10.092579346535013 10.591875077752302 11.318288153113986 12.18758841580486 13.076579208769722 13.841300312428928 14.35233832577698 14.53202835495517 14.375231493973459 13.946826452374095 13.360659690807571 12.749388958298402 12.236798434151126 11.922038544708984 11.877172080425737 12.151725794090579 12.77559984092921 13.75365587506406 15.049729231449824 16.565055410398045 18.125339430942294
7.290834938369617 7.14504231530906 6.840321048399471 6.4983336779113205 6.238123440284579 6.158483828751442 6.337007450404078 6.836319668744362 7.703431433609982 8.950822501557862 10.519121983255893 12.24294454711536 13.858876611361067 15.076253683293933 15.679231181763868 15.600094855029267 14.929398621760495 13.869740630694343 12.662195735550801 11.519218285035894 10.58835819246607 9.950013880522741 9.634561923836474 9.640988184769142 9.946450325296711 10.50502712047494 11.24072602231027 12.04451602428125 12.785498089138903 13.338671489081324 13.618841880219973 13.603804906649811 13.336907297866265 12.910826140942985 12.441334869396266 12.04195042377074 11.808044238504616 11.812313229805598 12.106907266687223 12.724920312628763 13.675136880466146 14.927616700168455 16.39409828856035 17.91553233743394
8.090260497927373 7.856410637771387 7.449793511194569 7.014100614018935 6.688623156986987 6.588737653526616 6.807618073439367 7.42688563362903 8.516888907108907 10.108971775939118 12.136804847394789 14.379336097495118 16.470162723062575 18.005768151205352 18.69443782951567 18.4523859390161 17.410499676165042 15.850893491971835 14.10662972414722 12.464933097459168 11.113030462512759 10.13737813729688 9.554331026343583 9.34306380790539 9.464687036931945 9.865785350794482 10.47262141758443 11.185954286389252 11.88660594245501 12.456134447104306 12.806009441603955 12.90098706013052 12.765580551077033 12.472629623447983 12.121045291339442 11.812752755874149 11.636883094911402 11.663579268942783 11.944062440643245 12.511010427213618 13.373971284769349 14.507538640893817 15.835278079199169 17.219177345250774
9.152275092528416 8.809957929234814 8.26989624559011 7.702932728245468 7.274094691587103 7.119249596249966 7.34945214287913 8.067864188978236 9.373310471068006 11.323909323723301 13.851918272554839 16.67548921641543 19.309147167869636 21.221298140725388 22.037601990562866 21.653989407169902 20.235490065143644 18.14269230625407 15.811765469285916 13.622649204759812 11.815725925108575 10.487611726216718 9.638045820258249 9.221342948442624 9.17722091360653 9.43940794605568 9.930941730793977 10.557405859499502 11.208351252974186 11.772125193862696 12.160093776167331 12.328564170384054 12.287456392250771 12.092752686061269 11.827869594341074 11.582846862111404 11.438921461839739 11.4612126313549 11.69725208006927 12.176637054607188 12.907447945599888 13.867471531139852 14.99235233846448 16.167846773367327
10.43503557668416 9.951560444979535 9.229668617089642 8.473348186469615 7.8793105738233695 7.606407952874885 7.781933885640277 8.527333500435235 9.969882250049864 12.20283291180465 15.17397561981229 18.55691950687457 21.752473704227 24.097694350533814 25.12994100657828 24.712885504496857 23.023238700997418 20.47694913139892 17.605370441282094 14.89079469189018 12.641808551553089 10.975081745699244 9.877067041097428 9.276867482215973 9.09090162538751 9.237119906120785 9.631424182738042 10.179859447045253 10.777250804609087 11.317745131260052 11.714681958451541 11.92018800505156 11.93440665553657 11.800443214962 11.588622782957884 11.377776859414231 11.240539877044133 11.235531340766233 11.404957601105147 11.773940196718069 12.348073093663533 13.107603894259476 13.99966954608504 14.933523349156461
11.825519251214244 11.155128310506832 10.18790531032428 9.167433757702666 8.327921559171022 7.851194113958894 7.873290681985738 8.521826950101998 9.94315603795291 12.271463458523133 15.502560120259808 19.317099323171952 23.040712072837408 25.882344898738967 27.27108578674244 27.013407610400485 25.268650948491146 22.473623184473148 19.227094180040712 16.105715365043377 13.495143508872717 11.545694009309864 10.241203787306901 9.491979842654144 9.194155238309232 9.250267970643074 9.56733110466693 10.048792734132071 10.591772241645494 11.094932122281536 11.474976386568313 11.683603458025797 11.715954857807297 11.606587429024641 11.415687916970004 11.212229102163164 11.060324124428721 11.011529036801454 11.10212105068147 11.352455994229398 11.765632260809483 12.324172380103029 12.985633707927601 13.680372906118816
13.139880670577531 12.22880467003816 10.948682015698665 9.589533127902332 8.428483148319653 7.667545293891706 7.438134577443191 7.852664787631719 9.05439054399725 11.212042002094526 14.4053370285848 18.408091374448805 22.55701444312499 25.951814763005952 27.87060597850332 28.01496724273389 26.496573414734197 23.744078826601108 20.387961481201046 17.071823774056398 14.25233877931243 12.124097197191567 10.683778134185024 9.835716407878984 9.463857388578232 9.4590777649378 9.719961131388612 10.145831357052876 10.63415601622602 11.087347060896928 11.426904585265317 11.607630010987894 11.62420737078718 11.50686778750471 11.308674596209652 11.090342647331042 10.907983363819747 10.806109265111411 10.81512435390724 10.950976594706363 11.214779612685827 11.591377231064856 12.04739608023052 12.530805512405191
14.160744243895564 12.960561217192563 11.317857392141327 9.576273972249783 8.06006127173931 6.985606357825784 6.462614636419064 6.56236407220383 7.392692190044432 9.127642726029451 11.936352867958949 15.76807960920193 20.10783250370476 24.026853153352437 26.6196158909594 27.407750436459683 26.40788053944218 24.015256503746166 20.860690710568694 17.61837601552206 14.795205072555051 12.632034214334254 11.153141503432654 10.272687135181672 9.873738475509708 9.841603713762582 10.068518518015757 10.449482690447308 10.88162183932582 11.27143285326804 11.547366917771777 11.671088323320925 11.64119642122635 11.487469679977663 11.258552003195163 11.008360679955958 10.785579871569988 10.627887971421577 10.56009451655497 10.59425438329975 10.730035085332283 10.954543756656285 11.241929395215488 11.553987107317369
14.70386474371599 13.191161482682059 11.181102759404597 9.076609580505478 7.248483907319995 5.916758277945792 5.152043657709502 4.964066456484365 5.397629178005109 6.5894799772855 8.751650989342869 12.017202665210185 16.14534916868259 20.352591165453127 23.61217734587341 25.202727281566016 24.965789056861144 23.21767307023163 20.558453441153215 17.659090718733733 15.050603165634517 13.013673057996266 11.60932295865701 10.77520943460208 10.40446835305547 10.383087228622037 10.599407020570856 10.944654829387664 11.316155195063429 11.62629661630299 11.81386288879068 11.851739085068317 11.74675224433532 11.531646310726098 11.252819878166843 10.958448894102153 10.690131526327797 10.478796661016391 10.343820004163074 10.29368484893822 10.326868406391968 10.432397831651796 10.590286366556228 10.772593365030197
14.682926872534777 12.877956341045833 10.559534363527396 8.188209524348531 6.169578112619451 4.709780432663482 3.827166214029957 3.4649898859274693 3.599685171034332 4.305304856784906 5.771399224622009 8.231011130852648 11.721847168427495 15.77548032979214 19.440064116056266 21.794748860980135 22.43285751453082 21.515950874285785 19.567851444436155 17.22491230262863 15.018227880337342 13.2568590055296 12.039824344027828 11.335430811579736 11.05358360829913 11.084646916156862 11.314246546638197 11.630349277140589 11.932107090138922 12.141307611123745 12.211988883220986 12.133424407001746 11.92498842650042 11.625317206291582 11.28011577276804 10.932345478327992 10.61647292864759 10.356459100234096 10.166101537279209 10.050275430593107 10.006136937387712 10.023998196899962 10.0880878011242 10.177677135086366
14.140524782316355 12.114446903086067 9.606245617366616 7.117873491098911 5.064293436854092 3.618083206307285 2.742815114910068 2.3281836958976845 2.300055335155162 2.6760479537758712 3.5902422523926085 5.277119374432092 7.9346405678576755 11.423777695625951 15.06248903906694 17.908478293907173 19.329340308377326 19.270250604469055 18.122420406180524 16.45326953979307 14.771262705248914 13.399010189099805 12.466753728483377 11.972009288758656 11.841265773321282 11.96814883400843 12.233965402259464 12.523195322975663 12.739449489194948 12.819307382182444 12.738695074540917 12.509320699515339 12.167430112387152 11.75995777674365 11.332805842742312 10.923672949996947 10.559407839396377 10.256423250245227 10.022440142424466 9.858315656000835 9.759406375521005 9.716474858226928 9.716441156176261 9.74334453014484
13.232229018955882 11.094800024528004 8.543177851512823 6.089715098956516 4.128685942402445 2.7890960537709115 1.9919128817544456 1.5967466553949785 1.5044702082812624 1.6983799313716221 2.2618459430249773 3.384257513778626 5.301115694192528 8.081058126900887 11.348163692711394 14.316851861767843 16.25931224321552 16.91961141986772 16.5235646601105 15.539065856290717 14.42976114664036 13.514314840065115 12.940977474052435 12.72700288381895 12.807783047925264 13.073230168083303 13.395163669748635 13.653375184450505 13.759699692026542 13.672942421259245 13.39927742388047 12.979686398381213 12.471514274276508 11.931795522674674 11.406800121384356 10.928308526418181 10.514619810719013 10.173678714395686 9.906328218380715 9.708707435638326 9.573660204308018 9.491485507604583 9.450474100981552 9.437574803835608
12.172740725509268 10.043030768599225 7.57813958516715 5.265997021066745 3.4602769252573244 2.2530098294295153 1.5447817066000922 1.188108931726143 1.0784172158161023 1.183771490180607 1.554677805222655 2.333928781837563 3.734747031982942 5.907008642505987 8.689777171855221 11.510260293808228 13.681458923562792 14.832891618121078 15.043483380910102 14.671794053800738 14.120881120403947 13.688617197307604 13.524991086095165 13.65205999232672 14.00021293764352 14.443329452468348 14.835455758562532 15.05004796225467 15.01237191888568 14.712827749853327 14.19756218649586 13.544099805406487 12.834758502059302 12.137707341521857 11.498942030343558 10.94303521365668 10.478395779674912 10.103331465149001 9.810831411732128 9.591476796199077 9.434801543409819 9.329766976147718 9.264960261634897 9.228890060212112
11.170854670921878 9.146513642004427 6.852089114164111 4.725775137962341 3.0771579540996306 1.9793196152880448 1.335222732889252 1.0062923553599632 0.8927156612106706 0.9578843743296428 1.2342743739799709 1.831581972412781 2.9281176294078137 4.683503412332796 7.044538925980161 9.60909858904022 11.796552817810658 13.216921358737554 13.858531858875239 13.987612538379887 13.943693307326125 13.992297350948297 14.269793452181915 14.785915798439575 15.4484388453668 16.0997494901989 16.566762399633284 16.715833432123347 16.49237737172372 15.928767641174815 15.12107125191867 14.190227101028194 13.246596678472491 12.369554061252469 11.60332307388951 10.963407781330048 10.446714514456042 10.04067844899831 9.729488215123029 9.497388214123923 9.32989414780623 9.2139109704482 9.137521592197567 9.089868867832159
10.38423420073769 8.52564154030399 6.435539791952902 4.491459393641817 2.9663868019296085 1.9337459305864655 1.316232976731789 0.9934772024536588 0.8746003781849421 0.9229240320267078 1.1618043311101949 1.6802327522960607 2.625524925868952 4.137108810480364 6.196235626014268 8.505239720950145 10.595172336017784 12.119166219805699 13.035602519739808 13.550440849582687 13.948466941412152 14.458361441395429 15.190876176971974 16.12688577918031 17.133565859608343 18.00717231280869 18.54066895111138 18.595065360548297 18.14327471927959 17.268751101608967 16.125466284101915 14.882860790478055 13.680977979004854 12.609370930306005 11.708291114441934 10.982032094148382 10.414441609989739 9.981093770807824 9.656737993187054 9.41879891764462 9.248333823628226 9.129735959824508 9.050078666556415 8.998566551604101
9.9085310652303 8.241363170478415 6.3552190013063115 4.5666650345316 3.1216472474282724 2.107787915290953 1.4788069832762258 1.138474989774707 1.0071890655349434 1.0503599835396797 1.2867906880417235 1.7918422442340116 2.685936525728187 4.075568633784116 5.935432040526779 8.022055577255655 9.962387252162252 11.482590580935783 12.555062725117 13.35641269823932 14.130081052841792 15.068353990654684 16.247975599599567 17.60713894564951 18.958170119823258 20.042608839453774 20.619226460915876 20.548786704709894 19.837528114456052 18.624537929854107 17.124885026248553 15.558024080637779 14.093100222313673 12.827704212545102 11.79565228233632 10.988204233330084 10.375207903763291 9.920075297303049 9.588110377276271 9.349963520848025 9.182218311384373 9.066649192465901 8.989122072940276 8.938626852868044
9.791868411483607 8.319833186636531 6.622861445245438 4.9610176532350145 3.5593854334067054 2.5262649532332477 1.8528493992054893 1.4722279691720548 1.3191871750632256 1.3630374393733424 1.6196454002441925 2.1521246245174463 3.0530043507597844 4.387739416616045 6.104799732500464 7.989279235427057 9.750896241797873 11.19889092389077 12.342428620289239 13.348912199278567 14.431505679367993 15.747967325009466 17.335612655279817 19.08110118496085 20.73591870382572 21.988872803365325 22.572818875712052 22.35570733915269 21.378995377910513 19.83487035297973 17.995608045547478 16.126809807827648 14.422986925258268 12.986540421305856 11.84278310154135 10.969253752916044 10.322154799937172 9.853587815999305 9.520324719100511 9.286985389063636 9.126183734883076 9.017354997391195 8.945257098572537 8.898631825847584
10.055496794795467 8.773384797719778 7.2506494008055835 5.6964833284981236 4.316934097214207 3.2407938408988715 2.4989077642132704 2.0584155456169517 1.872850678299601 1.9174170412779035 2.204198980145188 2.7804362481160227 3.705318609672286 4.9982981314052175 6.578067890697807 8.25359288911614 9.811355769973646 11.141671151188433 12.295029187784872 13.437053448376753 14.756081761040454 16.376441942660296 18.293779899456716 20.342108255245037 22.217679568881906 23.56992915881826 24.12035903921649 23.75140666836381 22.537022749226306 20.713017778325828 18.597312697316987 16.491150839084174 14.606653465178923 13.0467715313174 11.827297546648719 10.913231704846503 10.24930841257726 9.778612526014287 9.451341906140875 9.22756469148108 9.07694358086553 8.977214473198519 8.912381466133448 8.871090685168873
