_RESULTS/REVERSE_NEW/MHZ/TZ/3comp/MHZ_TZ_z_500_kriged_reverse_3comp_test3.asc
ncols 100
nrows 81
xllcorner 5.5967107548124995
yllcorner 50.982328804812504
cellsize 0.00017565037499993607
nodata_value 1.7014100000000001E+038
[rows 19 to 37 of 81, columns 0 to 42 of 100]
2.684738100840148 2.840296135538474 2.965467103875708 3.0412159714966016 3.0548876244994783 3.0041753224438352 2.8978857618745346 2.7531125025141576 2.59022114862928 2.4278909026361557 2.279929373557417 2.1543129813055777 2.0538745276080803 1.9777346780541878 1.9227869395387958 1.8849053725747595 1.8598034818321931 1.8435878090054605 1.8330758136241205 1.8259431393753245 1.8207582288974629 1.8169561140874024 1.8147938407810833 1.8153153196513476 1.8203347664405587 1.8324275160159762 1.8548965016476542 1.8916633354621597 1.9470157713557965 2.025130191059672 2.1292865903054494 2.260728748799224 2.417237985171581 2.5917210290800794 2.7714164239654338 2.9385035159018242 3.0726590103358618 3.155314963452436 3.1743492792547836 3.1273826928151562 3.0222824251235587 2.8747105962764086 2.7038471160281876
2.5142867511896907 2.6362434720344066 2.733804899608952 2.792649812292092 2.803347211659851 2.7641993863313052 2.6817877543668662 2.5689524039619416 2.441175454895251 2.312930626273634 2.195224411004634 2.094707407292457 2.014016934060272 1.9527481935270152 1.908555456246706 1.8781128321308806 1.8578461360928167 1.8444402808133264 1.8351580466469248 1.8280123265368167 1.8218340638864234 1.8162756202810757 1.8117828412284245 1.8095588366522093 1.8115300275871917 1.8203108198331825 1.8391466148227134 1.871795736090975 1.9222911605475 1.9945070275226198 2.0914526756841445 2.2142509055224453 2.360863633570782 2.5248332848371016 2.6945694382056535 2.8538612164172386 2.9840933580386086 3.067976739412776 3.0937302999443426 3.0581465721060184 2.9672859270882537 2.8345637436059614 2.6771076036888553
2.349008864726309 2.439812269294651 2.5120046703532664 2.5554172601471232 2.5634293538851187 2.534867070576684 2.47436810799134 2.3910405664289067 2.2960270714075595 2.1999754453512868 2.1112342703741405 2.03507682859165 1.9737924392304569 1.9272811882055774 1.8938181598187658 1.8707803622459902 1.8552459364853304 1.8444442759672584 1.8360665938356748 1.8284585360955685 1.8207208137327346 1.8127433675177107 1.8051943995330326 1.7994802905770875 1.797687689170656 1.8025129867957463 1.8171729618211878 1.845271762160296 1.8905764351190588 1.9566330851178544 2.0461507051569434 2.1601107596402804 2.296656712345111 2.449995782043369 2.609764668045407 2.761435167145845 2.8881716688041625 2.9740114445784434 3.0075162423392547 2.984592917496494 2.9093793684151708 2.7928885905036225 2.650032463226197
2.201223616705376 2.2654305784635924 2.31616402156898 2.3465904816403578 2.3523191390013696 2.33259157815128 2.290511587550579 2.2322124754201145 2.1653148213946385 2.097268504267629 2.03409183099209 1.9797368158534512 1.936030379265753 1.9029956064869287 1.8793473958314673 1.8630163434172107 1.8516213431657385 1.8428576850666785 1.8347930428573676 1.826076574763869 1.8160714275646794 1.8049203095467279 1.793550966797302 1.783628453300652 1.7774656443174064 1.777907286189936 1.7881977452060656 1.811824569107446 1.8523029835090015 1.912840840210042 1.9958141282519961 2.102009987010486 2.229680098855 2.373601120806484 2.5245213730784206 2.6694733631577665 2.793302028637259 2.8813310767110574 2.922507112867781 2.9119659943321676 2.852067287115641 2.7515385687516525 2.623126046440983
2.077802634066956 2.120700341000289 2.154376830671644 2.1744993198365554 2.1783286260712256 2.165420046195628 2.1377593567907924 2.0992765613636015 2.0549244704429634 2.0096485475213233 1.96754902175688 1.9313957770311252 1.9025019600467585 1.88086655248167 1.8654721117235575 1.8546443178240681 1.8464126385934525 1.8388384553859944 1.8302945668367048 1.819689493504817 1.8066322784967577 1.7915303063561765 1.7756101877235853 1.7608577275912858 1.7498884079443913 1.7457750510931673 1.7518610555894871 1.7715697887924826 1.808189078289953 1.8645780649662027 1.942729237471531 2.0431405265606535 2.164028673181894 2.3005476206433833 2.4443264531368287 2.583720649159776 2.705068084995628 2.7949089826127835 2.8426679292123365 2.8429570457070787 2.796689225245392 2.710620411571394 2.595539987215718
1.9812065243857897 2.0078619210651927 2.0285852923412313 2.040829631164932 2.0430258498815292 2.034965326283618 2.0178722334697268 1.994135876269037 1.9667931459144898 1.938925485335956 1.913133468207091 1.8911916123232362 1.8739094479241443 1.8611689760850116 1.8520857641554915 1.845242740745253 1.8389578428562443 1.8315591182963886 1.8216497530178295 1.8083489020786654 1.7914906476170616 1.771755394224277 1.7507050355258496 1.730705801372256 1.7147504227721095 1.7062189050845735 1.7086257447021092 1.7253831877051422 1.7595734614513001 1.8136855317718776 1.8892531977478155 1.98634909141575 2.10295617405522 2.2343508353320742 2.3727534840194386 2.507562293056097 2.626404646226934 2.7169864882916874 2.7693616580048297 2.777959964691122 2.7426971811217604 2.6687923067254986 2.5653863910647074
1.9110536647232452 1.9258175533038435 1.9369974092117923 1.9432843107362725 1.9439243362631031 1.9388988210445945 1.9289512614076056 1.9154478671814752 1.9001095015780833 1.8846871186798029 1.8706582316411018 1.859001712095432 1.8500771084671348 1.84360801502058 1.8387542840511468 1.8342538363741974 1.8286163992026059 1.8203543301591758 1.8082367468127292 1.7915490547688602 1.7703282323205158 1.7455293447786517 1.7190744851225392 1.6937550615036927 1.6729994750107822 1.6605588529075586 1.660178450979818 1.6753028558350154 1.7088213369612206 1.7628180226253176 1.8382709744721386 1.9346595099692863 2.0494965398259013 2.177893311569239 2.312355726120916 2.443051900680689 2.5587270135591975 2.648252036024703 2.7025219690514026 2.716190582902941 2.6886908731238908 2.6241999363847905 2.5305679509565344
1.8655937842443002 1.8719333688018938 1.876159794972567 1.877816154203262 1.8767294019425647 1.873058991632665 1.8672861685605688 1.8601420200548755 1.8524859836284362 1.8451569057283055 1.8388228897917807 1.8338537277690552 1.830233255298207 1.8275221326168447 1.8248765949255867 1.821125748539949 1.814908030107349 1.8048652891418018 1.7898881730344745 1.7693946528136772 1.7436021563027309 1.7137303307565936 1.6820648116269863 1.6518390324438057 1.626945895587324 1.61154485785095 1.609650972762372 1.624771084797608 1.6596057020235286 1.7157914638636553 1.793640972107199 1.8918529965459872 2.0072128875708937 2.1343662344452397 2.265805233644409 2.3922270838740447 2.5033763706091663 2.5893511412907246 2.642157430429797 2.6571230099630685 2.6337407735114797 2.575658511114116 2.4898045651524634
1.8427992429281885 1.8433116500454858 1.8423676815587986 1.8401123895475553 1.8368226054088 1.8328611023578936 1.8286271424527059 1.824510522379779 1.8208495852061368 1.8178894136778498 1.8157363927384633 1.8143089985268497 1.81329022755083 1.8120924928317623 1.8098494972725285 1.8054508595450922 1.797634373138019 1.7851476990772224 1.7669833066920555 1.742671943964636 1.7125885541461012 1.6781912696070802 1.6421033925635244 1.6079802505343719 1.5801702535671838 1.5632460988338932 1.5615091849864673 1.5785470477195604 1.6168727598679014 1.6776330749559136 1.7603626609038854 1.8627839866867544 1.9806866406127202 2.1079464118144307 2.2367563920372353 2.3581386912988846 2.462774581828555 2.5421124711717353 2.589589030756765 2.6016825372032986 2.578491185549726 2.5236347152443455 2.443475831462977
1.8410076186322721 1.8375066169877088 1.8324275562714918 1.82637713399705 1.8200391253941155 1.8140468631898037 1.8088853945079524 1.8048401155945284 1.8019895406242263 1.8002257832891542 1.7992813847996127 1.7987452148504661 1.7980603142906688 1.796508527876615 1.7931969218985475 1.7870675438178087 1.7769552023865962 1.7617173853375852 1.7404522459447576 1.7127974442616565 1.6792620886528862 1.6415001130692244 1.6024161908687107 1.5660292821946005 1.5370964028466803 1.520577932233203 1.5210596354309258 1.542222264297271 1.5863961327386655 1.6542020844715721 1.744287602243455 1.8532006622741353 1.975461740565279 2.1038720779109386 2.23005266354504 2.3451772257272068 2.4408479459971604 2.5100373946081116 2.5479687566292766 2.5527564755667487 2.525631788642113 2.4706563509046076 2.3939562608638
1.859140940153328 1.85275623897436 1.8438906748730357 1.83356267509006 1.8228995332397955 1.8129217113820286 1.8043776848509558 1.7976591162061202 1.7927965091399627 1.7895130518471736 1.787304237039582 1.7855127975621308 1.783379109013726 1.780061802458171 1.7746377054172404 1.7661021303467004 1.7533995318128837 1.735519339861941 1.71168647122334 1.681651069858938 1.6460341474924065 1.6066310968697484 1.5665484813342456 1.5300808384264108 1.5023175349542464 1.4885588023135272 1.4936614276923665 1.5214111454221155 1.5739660031883307 1.6513917979114736 1.751343723133102 1.8689981595434224 1.9973334784680972 2.127774783066508 2.2511086306194152 2.358509835689076 2.4425197610872 2.497843565191683 2.521865030377057 2.5148100992115037 2.4795341413241343 2.4209640695083126 2.345282746890357
1.8965489368897428 1.8878114269955524 1.874871527739944 1.8591882855224184 1.842445865897477 1.8262254730355503 1.8117430715554574 1.7997020629058356 1.7902674568316557 1.7831357019442404 1.777658460230867 1.772977712532979 1.7681390038612879 1.7621645492679052 1.7540846937703802 1.742942995067342 1.7278061453754496 1.707822282664069 1.6823716772589512 1.6513301051262401 1.615412497579577 1.5764995306738472 1.5378113674633545 1.503816191647694 1.4798446932714417 1.4714779352973482 1.4838251408228242 1.5207885452556809 1.5843662053905496 1.6740418039682368 1.7863770791480347 1.9149883888290298 2.0510523472129334 2.1843312616434916 2.3045303507415396 2.4026934407176412 2.472340788102937 2.510134065490898 2.515986785888849 2.4926775756631967 2.4451196960401935 2.379467525971401 2.3022113997130775
1.9525299675118613 1.9414368512200655 1.923546482897338 1.9008596996369111 1.8758067999833876 1.8507646773123623 1.827655146433692 1.8077031402570647 1.791370687088907 1.7784354109802003 1.7681595788471949 1.7594930074337212 1.7512621500305876 1.7423123578461626 1.7315881470840269 1.7181570310018428 1.7012056263610902 1.6800581121455695 1.6542757053680321 1.6238763646438656 1.589659151788675 1.553543829475959 1.518784310403882 1.48992523928733 1.4724484336875205 1.4721546697476122 1.4943826091004389 1.543155670641801 1.6203163265421359 1.7247359495649286 1.8517920363927292 1.9933807341949616 2.138657211368806 2.275473775938176 2.392238414213429 2.479753474013 2.5325685131307387 2.549517744002474 2.5333773905271713 2.489854059126666 2.426269526347499 2.3502898967613928 2.268912637452875
2.0256082028657385 2.0116755927209065 1.9874395900325554 1.9556099244080403 1.9196227437281124 1.8829419524383544 1.8484632877764595 1.8181437506607285 1.7928832961872099 1.7726151831424095 1.7565305717558388 1.743361842857679 1.7316613647175607 1.7200281598055631 1.7072528212906255 1.6923740451916955 1.6746696884382846 1.6536362785765208 1.6290294687515088 1.6010253061636301 1.5705081544113466 1.5394102993918384 1.51096242077786 1.4897083306358392 1.4812026108211176 1.491405459364901 1.5258513455138354 1.588670707491674 1.681537128490971 1.8026783949588798 1.9462269668922407 2.1022613179089618 2.2577761466661315 2.3985443230457366 2.511520720032523 2.5871897936908352 2.6211816598853654 2.6146796638109104 2.573575317014937 2.5067685587007555 2.4242233125141537 2.335303205724597 2.2476516314916877
2.112711759328494 2.095034344325724 2.062662711003622 2.0192355535684405 1.9695067887015267 1.9183539977608706 1.8699238974716024 1.827099773313142 1.7913280702229366 1.7627352114351773 1.74042611814739 1.7228629943996803 1.7082454107663587 1.6948325996116786 1.681165856384718 1.6661714236312353 1.6491579305850823 1.6297626537659864 1.6079306269531524 1.5840071250709065 1.5589735536470404 1.5347715040511012 1.5145808945884358 1.5028937994027565 1.505273550627866 1.527775957483467 1.5760764261832445 1.6543681510134023 1.7641221197632002 1.9029037794452344 2.063600555039884 2.234481152111202 2.400370296968947 2.544920449137556 2.653581149430641 2.7164983545707777 2.7304229938525038 2.6989809718644184 2.6312909088744005 2.539544029340981 2.436421782232065 2.333050303086203 2.2377883252534847
2.2085080400404307 2.185856156373036 2.1433779773669634 2.08588740151399 2.019781802836763 1.951672638065839 1.8872060966515158 1.8303418935694415 1.7831338251993598 1.7458987274250353 1.717612778419976 1.6963995954640796 1.6800173933161362 1.6662810720610766 1.653369909793785 1.6399892401410998 1.6253884075794285 1.609284935687402 1.5917864009968414 1.5734092331057488 1.5552495351145923 1.539274196505954 1.528610705314984 1.5276708422587741 1.5419709976501845 1.577586669515678 1.6402492263353847 1.7341366388546473 1.8604706736529715 2.0161683923793268 2.1929627646706926 2.3774637516012924 2.552494943540774 2.6997347530864064 2.8032326201877242 2.8528563585259867 2.846489040954041 2.7901542570721727 2.6960982638604665 2.579671862974536 2.456150767094739 2.3383499072419203 2.2353405439147354
2.305263765710568 2.2762513526923387 2.221834726637499 2.1482309764756 2.0637605666843957 1.9770223200742434 1.8953331684536427 1.823804457265029 1.7650978401677195 1.719679660351064 1.6863395618916783 1.6627961213775437 1.646287603080085 1.634088518787082 1.6239036030152407 1.6140982155027124 1.603752782357704 1.5925809859754558 1.5808047628507773 1.569100154840461 1.558693261016205 1.5516003893701196 1.5509084016334729 1.5609303476152308 1.5870775988254384 1.6353498806156448 1.7114177576932972 1.8193383427284726 1.9600373945416152 2.129845246473769 2.3195368014023434 2.514379693398084 2.695582553885682 2.84323614621602 2.9402983114338355 2.976514877601221 2.9508579205291383 2.8715109818670586 2.7534769318599395 2.6148592872259973 2.473183517554345 2.342737506646122 2.2332368821843107
2.393589032061038 2.356931028575692 2.289282221987352 2.1984153264503545 2.094736544606458 1.9889533401517037 1.8901011942175618 1.8044210578222462 1.735120888676656 1.6827491488979627 1.6458541520932628 1.6217056709607962 1.6069748853016892 1.5983300849845714 1.5929105254163467 1.5886317978140403 1.5842928551025843 1.5795074423767368 1.5745472972817802 1.5702206634335945 1.5678872144761813 1.5696303619891057 1.5785048377197648 1.5987013473496858 1.6354556853824382 1.6945747437626297 1.7815263658206328 1.9001256737256025 2.050966002180068 2.2299027683234205 2.427051194750867 2.6268186065217978 2.8094134540487405 2.9539815456452048 3.042908085175432 3.06605789324849 3.0233683786927656 2.924723926433827 2.787224097397533 2.631043381946687 2.475405900934832 2.3357347724918056 2.222274577140981
2.4641637741925573 2.4190028808286574 2.337762575232498 2.2297926070486778 2.1075698842441146 1.9838507896833915 1.8692881113474966 1.7711315813936048 1.693026653843032 1.635531236249899 1.5969210771941922 1.5740137749083634 1.5629139143816866 1.55966501245691 1.5607909268362024 1.5636782779763123 1.5667499997593322 1.56942906898188 1.5719665816140234 1.5752614735545531 1.5807918648299069 1.5907059310027338 1.6080153545117943 1.6367462529436172 1.6818698445216174 1.748865672763333 1.842844402688978 1.967256874643002 2.122344659680316 2.303643228828925 2.500988522761067 2.6985450780721636 2.8763233815188176 3.0133702070554653 3.0921709380019395 3.102992886241711 3.046523616820558 2.933694007127958 2.7828067947545145 2.615218668350519 2.451157603776859 2.3067686117127213 2.192689078879147
