_RESULTS/CROSS_VALIDATION_POSTPROCESSED/MHZ/TZ/9comp/5/MHZ_TZ_z_1000_kriged_reverse_9comp_spherical_5.asc
ncols 100
nrows 81
xllcorner 5.5967107548124995
yllcorner 50.982328804812504
cellsize 0.00017565037499993607
nodata_value 1.7014100000000001E+038
[rows 19 to 37 of 81, columns 0 to 41 of 100]
0.37590799349310255 0.39187713970295823 0.4044208685987944 0.41272000457675156 0.4220812093393277 0.43369952934966605 0.4471546587204915 0.4623959577970548 0.4796854314766033 0.4995228989742498 0.522565590238215 0.54954618531557 0.5811821405280108 0.6180619576118058 0.6591521217237217 0.7003269959601486 0.73832696413936 0.7692030518922391 0.7890363006695017 0.7921162764201305 0.7719114442688169 0.7318455870819999 0.6782760419687938 0.617959964260926 0.5573735607510006 0.5065931447279768 0.46680422216574935 0.4370734316230845 0.4165157719777942 0.40443246104186376 0.4003791348014363 0.40419268821105125 0.41599359497179256 0.434686785405289 0.4198032131829071 0.3599838931304187 0.2711578716696906 0.17936472939631143 0.10445145083582608 0.053759702085095604 0.024591836277218688 0.010120212833544905
0.407271283430422 0.424002925647106 0.4368122287412011 0.44629877696784104 0.4584361023227244 0.47297026442391654 0.4896539130248595 0.5087378802154637 0.5308756465760159 0.5570141273155123 0.588297955870682 0.625972820450647 0.6698737894377655 0.7189094451805883 0.7715160354806996 0.8248573214431792 0.8742838227184677 0.9134994295259239 0.9359061614538206 0.9368049648478742 0.9081934696787071 0.8527993374157578 0.7804905724222193 0.7011490431573121 0.6259304515500037 0.564923561664653 0.51752017339353 0.4823988567816789 0.4583133772166098 0.4442994677333012 0.43975493013456185 0.4444633627103344 0.45858800555662915 0.4811067354226778 0.4674390805830776 0.4046436833856518 0.30936034235001375 0.20745572453691416 0.12218371864943145 0.06334833372012334 0.029044006690907263 0.012136898051146367
0.4499158071999079 0.4710320045197624 0.4864387426139748 0.49947372932387646 0.5150174294189565 0.5326351353976388 0.5524374403345964 0.5751188866322615 0.6017365401882124 0.6334934918231658 0.6715723855680228 0.7168018304292658 0.7696436469778404 0.8301463358857089 0.8971433849221777 0.9673929166261409 1.0345250784128333 1.0885224245831815 1.117441973864894 1.1127359354618893 1.0704587738685059 0.9919501755711544 0.8934895417415835 0.789785197746697 0.6982280540630248 0.6254234885077796 0.5694839203476978 0.5283325640873839 0.5003967123720261 0.4843822170376386 0.4795228193417785 0.48556188283177537 0.5027199947088397 0.5309257901722532 0.5243039393956359 0.4624426456452617 0.3629988108327825 0.25015580997256526 0.15125710960883293 0.08024326368345205 0.037557234431519836 0.01631227495492396
0.49826844178860985 0.5264314509497228 0.5477159792248111 0.5674768671469098 0.5880028352404232 0.6089064788551547 0.6306730759774636 0.6547359148668173 0.6829809293375013 0.7172773793640672 0.7590376334033101 0.8099402175421652 0.8714493842695378 0.944480892708118 1.028772086703793 1.1215978802472009 1.2155226217862676 1.2955999567359366 1.339504036781332 1.3279047518228793 1.2603091361329724 1.1463024025798088 1.0118474743212384 0.8787767564461547 0.7682776276077476 0.682469294087855 0.6178474007130215 0.5711454351275307 0.539895526422174 0.5223269937889065 0.5176102794836314 0.5254073762854548 0.5461212613182713 0.5808544096177635 0.5885263482603996 0.5344859827111313 0.4351166306850461 0.3124125764992328 0.197013721314032 0.10866659367837703 0.05304380010096437 0.024196766523722487
0.5515780688642125 0.5893211934040891 0.6194424873385247 0.6476309519111066 0.6733759304894502 0.6961321336613088 0.7173495336872603 0.7399089623820585 0.7667076401245654 0.8001725267135283 0.8429462110152134 0.8974591898919215 0.9660294566864732 1.050796900287906 1.1532686018773413 1.2729969373115113 1.4042825767763678 1.528968665327175 1.6068587574860076 1.5886438914377257 1.474079573636257 1.305195469434749 1.1240203670254303 0.9584632048053354 0.8282178081811368 0.7298660887168342 0.6576925679890596 0.6068071011395105 0.5735031959655962 0.555337377226577 0.5510309215619659 0.5606948221723749 0.5850382876853691 0.6256928066992337 0.6544851514682781 0.6175480681887988 0.526218670440539 0.3988157091744181 0.26678500646047737 0.15574202711317195 0.0805798807446242 0.03875434483608324
0.607999793620196 0.6587071464750924 0.7017153974526972 0.7409496503709635 0.7719143975026517 0.7933286498678425 0.8093354427970088 0.8252772688840171 0.8456923731673048 0.8745309545726061 0.9149045681583239 0.9696395668939966 1.041691187168741 1.13438217387068 1.2513997183251193 1.3962308582551302 1.5698288741839566 1.7617500158706982 1.9175187835550753 1.8977844348008748 1.6906305804021096 1.4421528399069534 1.209929067875105 1.015028176366902 0.8687847180180333 0.7618163836485874 0.6849444258964942 0.6315987946491045 0.5973484737987179 0.5794107143174405 0.576317367365705 0.587810650959555 0.6153032531535456 0.6610544364653268 0.7128093317985904 0.7030979313419009 0.6311828272982701 0.5098089898184878 0.3679496946857588 0.23281360064822076 0.1288843585696442 0.06489670284476998
0.6636655147658826 0.7313422700720222 0.7931678688389291 0.8482952027731006 0.8837971449870644 0.8972920035514398 0.8997889730412061 0.9020399617538774 0.9112537450750531 0.9315612810917201 0.9657821702936976 1.0165092051909816 1.0867307032051399 1.180254384928795 1.3020739150798393 1.4587270863802966 1.6585485029893945 1.9109434914940326 2.2134510811466894 2.2220995308972493 1.8321115032319448 1.5083497132317876 1.2437761558098739 1.0345402719318089 0.8826552328889875 0.7733108314207728 0.6956081584850007 0.6422787590035032 0.6085939556176976 0.5916729027203945 0.5900684031032583 0.6035541409339003 0.6332232042940187 0.6821892371356678 0.7512962889441499 0.7769344974991655 0.7358118770701529 0.6336737311690012 0.496688649475249 0.353568769535749 0.209299214649454 0.10799343952592909
0.711678767640648 0.7992290177922023 0.8879454706068182 0.9697754635872639 1.0074491369539 0.9987374697452022 0.9760064613172199 0.9587213281887216 0.9534577386084307 0.9626479335203905 0.9877563397744952 1.030459125591981 1.0930258112328117 1.1786221227839806 1.2915567566496433 1.4374059723819819 1.6226646318097881 1.8516019116640254 2.0988286521767137 2.0870776189796643 1.7594718386885593 1.45912460896826 1.209008906002051 1.010431569368421 0.8658583804838655 0.761685955537584 0.6877609329999813 0.6372786587319924 0.6058175440200292 0.5907104497354679 0.5906669358427686 0.6055836466380258 0.6365070320589689 0.6860870415719134 0.7587426575302141 0.8223634835164192 0.8187882358004026 0.7433572624970286 0.616225657736609 0.46558181499963947 0.2970113830908195 0.1667102705723043
0.7421959105404987 0.8463877205595608 0.9653925371937865 1.0998026013118853 1.1317803598047076 1.0732933530359285 1.0208139739366815 0.9852735296994234 0.967093795299625 0.9655253004681899 0.9803067857749099 1.011871783013419 1.061381250112763 1.1306785828223225 1.222064629010029 1.3374998675256142 1.4751911640628985 1.6211181240551795 1.725605754865054 1.692851955264308 1.5201393389656295 1.3121298802487902 1.1147284763994774 0.9468447379394044 0.8206957222373252 0.7283450217678322 0.662293541901153 0.6171762470351448 0.5893937036740758 0.576757016191788 0.578241113741752 0.5938538029295347 0.6246097740649219 0.6722843944104238 0.7405642772525516 0.8266772413443066 0.8618368767033306 0.8153699552368594 0.6969593142545305 0.5316616455946098 0.3667220872962615 0.23524459314444887
0.7462233222190329 0.8529769372089343 0.977688739426126 1.1312973460758806 1.1564957789731731 1.0790690411319184 1.0180760117689311 0.9757635833296314 0.9505870401586939 0.9412336401613342 0.9467216409083984 0.9666760684763729 1.0011771260019395 1.0504958950061227 1.1145476345349077 1.191672688260259 1.2759646380774192 1.3522459561434854 1.390602957089494 1.3584106851264766 1.2584066599408412 1.1275585180010752 0.9875430707936413 0.8574785983905298 0.7550679893959886 0.6782984814743618 0.6226611434242856 0.5845491010883856 0.5614021254054883 0.5516338388749797 0.5545327092568826 0.570197524545433 0.5992970155535241 0.643131160691219 0.7041652982134101 0.7865855598739779 0.8575253709850168 0.8441597878346311 0.7473159498481103 0.5927170730450932 0.44058317740679903 0.31692274271823406
0.7229584869545178 0.8181051491352681 0.916794634164648 1.0056550832460345 1.0361126263815368 1.007644029557325 0.9661669209067721 0.9308109607155254 0.9061234564741881 0.89299790107336 0.8914254400975546 0.9009466825392695 0.9210736946765938 0.9510955082764796 0.9895920075061442 1.0335333759384693 1.0768779481016848 1.1091893557484336 1.116647633901013 1.0889809155672365 1.028018331887797 0.9474619835762186 0.8532071296762339 0.7580786926304675 0.6790224738303025 0.6183760929767833 0.5738333215949035 0.543277740049218 0.5251037280576771 0.5183004228149722 0.5224536669653862 0.5375217362544474 0.5639774967747803 0.6029397125390207 0.6559194119437187 0.7254084260370154 0.8073862273972375 0.8310567799356519 0.7700118967458364 0.6468458367935072 0.520580355662258 0.4125420778965683
0.6822188629067234 0.7600755716726473 0.8321065598345291 0.8864443636327105 0.9121149357772609 0.9067800058484345 0.8855030918219077 0.8615971000109742 0.8416078851841714 0.8280695425415134 0.8217828926228645 0.8229182825754062 0.8309418050874817 0.8448448954201635 0.8629380800515485 0.8824466516517739 0.899092066277586 0.9071174460943456 0.9005852633435625 0.8763539144867901 0.8379616116198791 0.7890298510935142 0.7274388485680859 0.6607466952070701 0.601475609671443 0.5552525423431814 0.5210079274137872 0.4976251538246649 0.48420891568756486 0.48018361468020754 0.48515946876005894 0.4992214859541049 0.5228561482489554 0.5568607309059508 0.6022295179311115 0.6602029410077078 0.7258489909618207 0.7775476451026606 0.7631759455193434 0.6894123186672803 0.5980402925333848 0.5159706450917244
0.6334671837603074 0.6956018051408834 0.749461563455538 0.7852938534479628 0.8047254849836449 0.8070351108620258 0.7973237029689572 0.782440102590553 0.7673389366563931 0.7547335360144997 0.7458138049323269 0.7408593213755217 0.7396364685228938 0.7414278256203446 0.7448830285126093 0.7480964784797232 0.7486409972389538 0.743870662651792 0.7316316712894522 0.711693666739842 0.6866562278034588 0.6563183353265848 0.6171776237128263 0.5723314605347936 0.5286859216486348 0.49419364767057394 0.4686324292243636 0.45145121319196646 0.4421082607804027 0.44023773715574105 0.4457609275726626 0.4588394700237113 0.47987029502903494 0.5094523535405833 0.5483026186919953 0.596822323495673 0.6468073580619715 0.6921610825193327 0.7259968554200594 0.7084853574149916 0.6597148458942682 0.6141555668843366
0.5834799675246468 0.6334651232432356 0.6754839056244333 0.7014494691876187 0.7148618872952386 0.7184636110006329 0.7138454804801008 0.7041847478203869 0.6924661440890789 0.6807488191970061 0.6701678032879052 0.6611532225768781 0.6536241327225885 0.6471099512668358 0.6408431248261068 0.6338758251212624 0.6251652303824455 0.6139185991808762 0.5998677602505155 0.5842492682980321 0.568442701920034 0.5491537578375214 0.5242129753960822 0.4952471576122969 0.46424042380556585 0.43867892322090873 0.41986292419612303 0.4074734176887501 0.4012731624982637 0.40114023900003004 0.40709765726802283 0.4193293602626459 0.4381837307996326 0.46416003628179875 0.4978647535206367 0.5378466634584956 0.5756881253412778 0.6151274915814765 0.6577132739163909 0.6912859897569898 0.6899758161038739 0.6869582359227754
0.5360666494251763 0.5771252870667221 0.6113230314855871 0.6327871474393675 0.6412283345985332 0.6435755457394582 0.6404431682307747 0.6331148575922341 0.623147111391342 0.6118427154278142 0.6000709432404592 0.588281503051911 0.5765798059924682 0.5648097349929567 0.5526473181831058 0.539738140441248 0.525914628497638 0.5114728782733226 0.49737361017634263 0.48561563432418686 0.4763101479547483 0.46432913326399894 0.44852322829053776 0.430136534373325 0.40952063001864664 0.3902864270001785 0.37635427831546486 0.367554725104412 0.3637760960754973 0.36499447944070534 0.37129046063755083 0.3828624583024932 0.400036887024474 0.4232742742686776 0.4531393769770283 0.48485850837448896 0.5156721041846027 0.5519540341031322 0.5917297331279175 0.6329483518833526 0.6715691384190616 0.709640972557106
0.4929828824473237 0.5275475682184722 0.5564872328350235 0.5754704192368576 0.5822093199898866 0.582367927757651 0.5789285820807556 0.5721822756007489 0.5627784783181594 0.5514203726500135 0.5386977878443325 0.5250283792712345 0.5106555554766389 0.49567491030203953 0.48008931482723904 0.4639132633411415 0.4473678012361465 0.43123753754192456 0.41753134190645946 0.409153270961125 0.40442811143017343 0.397659279570537 0.3881124960703273 0.3764477651219086 0.3635784650284267 0.34970327086861847 0.3392072148290406 0.3329808289213775 0.3309656935030698 0.3331836498563363 0.33974454842860013 0.3508561652887063 0.3668375746782431 0.3881400678894375 0.4139391002112339 0.43841152508017633 0.46484986169208453 0.49671865003645 0.5331420265222504 0.5730249915080784 0.6152170603001603 0.6708813370969314
0.45482343628221683 0.4846393220983374 0.5100062050069074 0.5275749398390105 0.5354266893298398 0.5340259989487274 0.5294802052989827 0.5223899501812793 0.5128360392076531 0.5010981282296224 0.4875469499014869 0.47257229528463607 0.45653205792721907 0.439720341814109 0.42236432491231907 0.40466221058881824 0.38688380613954393 0.3696487446748393 0.35546992674551336 0.3502760384047206 0.3491172727255007 0.34608797254651574 0.34070500428501627 0.33356862395181985 0.32559152117450113 0.3170049184697304 0.3088823606708139 0.3043863595092452 0.30358177572422285 0.3065057735249262 0.313281980483843 0.3241271842980499 0.3393638431133013 0.35925459388171976 0.37944065121985526 0.3974899108162967 0.4197786228026453 0.44767659981135194 0.48086070273980497 0.5189207654399863 0.5614818257983891 0.6098480241142111
0.4215887603058287 0.4478920209713382 0.47082775073722277 0.48768178103666493 0.4968624504832317 0.49745086238374364 0.49163166820070625 0.48377269615533053 0.4736935220875549 0.4613722790329048 0.4470280678693525 0.4310565879248969 0.4139389489207837 0.39614989853837884 0.3780988769132764 0.3601179273637622 0.3424874395160665 0.3254800052986126 0.3098033265551047 0.3074857238852225 0.3085666785773325 0.307387701536187 0.30435260483313537 0.3000683559651389 0.29526662970066697 0.2905821266023037 0.2854352963444593 0.2820003052266896 0.28196544886319186 0.28536540183589404 0.29233021514023166 0.3030901591214977 0.3179867625942502 0.3343424792956274 0.3480822751104114 0.36152492177386747 0.38001959572302774 0.40416412797524626 0.4340192357615151 0.4696861957710338 0.5114204692221588 0.5596486819939815
0.3930020900480536 0.41666460300336156 0.43795207048514295 0.4545704375556642 0.46514008271289686 0.46869091502214233 0.4647713744340602 0.45600934942846855 0.4452382493158195 0.4321946415989003 0.416994688967504 0.40009266151234846 0.3821353731958603 0.36379352107881674 0.3456535018807263 0.3281992699806395 0.31188204235985234 0.2973529734736662 0.28672447884900293 0.28211340824930914 0.28077085475109725 0.27934972600197727 0.27720886603214157 0.27454955589075764 0.271839905098906 0.26966399953867876 0.2677731330627914 0.26587459105160816 0.26626890417439986 0.2699739362883025 0.27712198732001325 0.28796146277336965 0.3008381361460597 0.3118164103809595 0.32028909763571806 0.3301918492286858 0.345041588725793 0.3655116918761891 0.3918763550309924 0.42458818257524245 0.4643828663978253 0.5123193519656006
