_RESULTS/CROSS_VALIDATION_POSTPROCESSED/MHZ/TZ/9comp/5/MHZ_TZ_z_500_kriged_reverse_9comp_spherical_5.asc
ncols 100
nrows 81
xllcorner 5.5967107548124995
yllcorner 50.982328804812504
cellsize 0.00017565037499993607
nodata_value 1.7014100000000001E+038
[rows 38 to 56 of 81, columns 0 to 42 of 100]
1.3889925363530267 1.3822218851093357 1.374497259402017 1.3688004374796887 1.365216414001202 1.3638973643957335 1.3653031304172765 1.3702104537780833 1.379952027617596 1.3958632822029062 1.418472685953572 1.447731914495998 1.4830552018580643 1.5235203603656564 1.5680040178033563 1.6151060940548103 1.6627376404317655 1.7070824517630507 1.7467780566280837 1.7829459363631097 1.814576170314954 1.846616432709466 1.8826641011831333 1.9242952999641187 1.97222426130575 2.0269299011600643 2.0893400346240774 2.1613565582088157 2.2437599095986913 2.3465696038485384 2.4739593492651646 2.6235185476424667 2.787611909407038 2.958710629163033 3.0985339071651703 3.0696617203804246 2.9349762519207143 2.777017530233661 2.611538584700973 2.4443734282440777 2.279658160573393 2.121034025023774 1.97173138302485
1.3709115775652754 1.362339023574127 1.352452292457418 1.344312392627799 1.3381894352847792 1.3341955391368636 1.3328111832647516 1.3349803180599062 1.3420913943653245 1.355786675080207 1.3773108033124184 1.4063766545021157 1.441810014850348 1.4821034286866237 1.5256689939198995 1.5707239991509396 1.6149248034422854 1.6543548764101499 1.6886505397988594 1.7245148748612646 1.7605919036607935 1.7979978488520294 1.8385201340978812 1.8834806055479394 1.9337262540425098 1.9898614246358932 2.0525551478295245 2.1237055016906354 2.2038355839611605 2.29290591356542 2.395714724009321 2.5104219858283208 2.628905447112681 2.7365096590981506 2.7997312273787993 2.778549856276814 2.683474829351523 2.549267840823076 2.3996946952975153 2.246146688992544 2.095120428210834 1.9510717854970767 1.8173156873977605
1.3554631062628895 1.3453179868285081 1.3334896738873794 1.322841560010068 1.3140233832205857 1.3070344452850973 1.3022767762278327 1.3007994330449577 1.3045429532700448 1.3160187299643704 1.3367427902666833 1.3661660761816816 1.402138636660345 1.442411747047111 1.4850740313023203 1.5282730868652024 1.569467277999903 1.6049308526848443 1.6350988450371398 1.6688566095989548 1.7054654512153415 1.7447079353463895 1.787142174959945 1.833476717650325 1.884321121487809 1.9401601137453797 2.001403310630422 2.0695597981246645 2.1449823987977257 2.2263008468758048 2.3094873038581287 2.3885202951031466 2.463326787390287 2.5216680228162236 2.544803604962808 2.5178838576902836 2.440897235972296 2.3282457290395553 2.1974654128966677 2.0604653573567595 1.9249723376958294 1.7962178693056268 1.6778581894808604
1.3430501054057475 1.331610250701665 1.3182953348102033 1.3052236111920852 1.293771700243764 1.283748783774483 1.2753052068425055 1.2693049025243164 1.2681683135784474 1.2765779246483597 1.2978933654531888 1.3293932532416302 1.3666840509457097 1.407137954851923 1.4489696349617325 1.4901045310784142 1.5279862172939902 1.5604306233164456 1.5870395493186598 1.6173761134508433 1.6520856659529661 1.6904645140049124 1.7323999451453773 1.7780710824856734 1.8277380176682603 1.8816326197136173 1.9398339773548587 2.0029127824284667 2.0709980319161154 2.1423571984090524 2.209781035449207 2.268290706877434 2.3125770885624584 2.336340051800676 2.3341903091541303 2.29945621657781 2.228906803861993 2.130341666712663 2.0153368918942713 1.8937777947748955 1.7731272722232876 1.658824442719395 1.5547705524456337
1.3340207620662248 1.321612242481278 1.3073925486960771 1.2922858808139714 1.27853348576118 1.2658804631934129 1.2540972056720021 1.2433526316215402 1.2352852268138539 1.2381128135565551 1.2627621630258108 1.2985301572937498 1.3378586918715316 1.3785291484654953 1.4187439226548166 1.4569779123555469 1.49179507666074 1.521614488612687 1.5452946730842014 1.5711590825791266 1.6023261036685912 1.637903159751943 1.677419555748219 1.7206618902609345 1.767425219404132 1.8175278432128916 1.87068869638978 1.927260534077426 1.987339539374023 2.047410730553216 2.100280460944253 2.142732251062957 2.170703314927664 2.179397851256863 2.164599583538509 2.123192095776956 2.0538102877781785 1.963427899296149 1.8598711998185344 1.750804875815379 1.642755753201738 1.540926815105934 1.449309786165609
1.3286517525863248 1.3156322000630303 1.3009445467714087 1.2847376885070798 1.2692574833303747 1.2548568040084287 1.2410971412610505 1.227596525026045 1.214031054237731 1.202465689058822 1.2396958553569724 1.278208612254102 1.317303626680923 1.3560952871060044 1.3936971839609762 1.4290665577006094 1.4610433701626881 1.4884437212101187 1.5102106892525688 1.5308276983167248 1.5572222674980445 1.588472691987804 1.6238615726481411 1.6628738524284123 1.7050986746400958 1.750131151567974 1.7974739515859384 1.847221805550326 1.899362283548189 1.9481490191466944 1.9885745691787675 2.018257736197489 2.034315357583751 2.033801111313411 2.014538024671303 1.972657714336399 1.9078835420927667 1.825230114715635 1.7310963004814162 1.6319932009755542 1.5337551709462682 1.4412531890928386 1.3583829319495153
1.3271367717073181 1.3138646160611216 1.299151242300757 1.2830112395915523 1.2665085781945897 1.2514312683898796 1.23757799378031 1.2250738524691074 1.215458690538247 1.2165221201611862 1.2383382171858237 1.2702894782748784 1.3048688172316736 1.3397800377844749 1.3737614101134517 1.405737595504373 1.4346699211514302 1.4595763083998483 1.479616441907712 1.4957192678785385 1.5164485412192255 1.5423435511899337 1.5725598782165089 1.6064145092741666 1.6433151217757358 1.6826811087365792 1.7238585508945863 1.7668596161197865 1.8111386511640994 1.849919429744246 1.8801333136500717 1.8999651347742113 1.9074399831873374 1.9007692814029087 1.8780126060181745 1.8352905952933314 1.7740741663565613 1.6981119617660234 1.612241072707703 1.5216381002756083 1.431278049197816 1.3456929662211417 1.2689470193016823
1.329065693118438 1.3161124654827092 1.3018884805566 1.2865179809972236 1.270274236815004 1.2552601040872986 1.242402040881957 1.2323721692268017 1.227241305457005 1.2310756832315664 1.2465583137103535 1.270717974948366 1.2991434297638262 1.3290357263529653 1.35869173000592 1.3868696945568595 1.4125342087397652 1.4347952307053442 1.4529304884700065 1.466440356289473 1.4809158888943204 1.5008305708224092 1.525251912919027 1.5533831175712303 1.5845073394171874 1.6179243209001566 1.6528818144451742 1.689475917561684 1.7262988711514038 1.7566903969520467 1.7787531530484786 1.7911475990033128 1.7925439060114963 1.7818193704829879 1.7555091119208734 1.7122310720146319 1.6537495593301115 1.582979286731157 1.5036619292791698 1.4199101902825828 1.3358624915262223 1.2555591971355977 1.1830686364660992
1.3324181028674063 1.3202770137817854 1.3070522846864847 1.292933597217929 1.2782116425299042 1.2637348423383268 1.2519120188640007 1.2437569600893852 1.2407464153629326 1.2447541348300832 1.256633701158663 1.2751327976325684 1.2978693639563297 1.3226497687423726 1.3478026528755982 1.3720489810695629 1.394362452330989 1.4139068390132687 1.4300291610454774 1.4422779453660164 1.4515713658210183 1.465122102730175 1.4833911355101563 1.5055018223595464 1.5306539244178274 1.5580715395553593 1.5869750035267964 1.617636617483726 1.6477634121723188 1.671291368128001 1.6869956166580384 1.693905491230534 1.6911344447675003 1.6766891772935801 1.6475983401227423 1.6042150959952535 1.5481632809437242 1.4817808082655357 1.4079961625081179 1.3300473117528735 1.2512473087755953 1.1749304495891035 1.104736790099271
1.3367810063157313 1.325658977703679 1.3136556450065073 1.301012234013746 1.2880788390360556 1.2753664671502665 1.2642669434992646 1.257057886922999 1.2546613066863221 1.2579180022536207 1.2670576649570826 1.2813396014401262 1.2993366883069197 1.3194758276439762 1.3403503530878418 1.360787403830461 1.3798249245387784 1.396686277375445 1.4107731691209073 1.4216709978401918 1.429154971351199 1.4362620113607725 1.4482049617314061 1.4641847954556242 1.4833449283922158 1.5048638443643003 1.5280389366375706 1.5532839655972177 1.5776438089318108 1.5956780000438 1.6065419741868352 1.6095413205574216 1.6034693979833097 1.5852944980049584 1.5545300275193055 1.5116218397605992 1.4580294145892467 1.395735467966066 1.3270607454501457 1.254543793926216 1.1807454935980406 1.1081532123884903 1.0393327727547026
1.341883721627024 1.3319070881172843 1.3212372579156646 1.3101436844578274 1.2989944005699507 1.288285982254611 1.2786667291745388 1.2716140240526717 1.2689361353820123 1.2709874189360058 1.277730647148872 1.2886153877526363 1.3026766829194796 1.3187712831128915 1.3357755303558478 1.352683774955164 1.3686395420340693 1.382941799396073 1.3950476944389567 1.4045761785062159 1.411309445095754 1.4152115678725465 1.4207665470941435 1.4306185180385167 1.4438702327946735 1.4596721276473417 1.4775485025252488 1.4978826623017976 1.51743806400207 1.5311753745611307 1.5384701474323872 1.5384468651016112 1.528471664187406 1.5077627157620332 1.4761436790083309 1.4340785351635739 1.3829778624400393 1.324805248113766 1.2614531158175304 1.1948559616661665 1.126856372396017 1.0592716723248523 0.9938942020329734
1.3474414180475398 1.3386665745898858 1.3293554330710107 1.3197836539782766 1.3103063445489112 1.3013701024228403 1.2935113017684334 1.2873239450749023 1.2838497271357627 1.2844253986718628 1.2889302468950015 1.2968993970793203 1.307611370945704 1.320200627396332 1.3337749019716503 1.347496952502101 1.3606290846038536 1.3725548092381432 1.3827898065526292 1.3909875599399701 1.39694020970494 1.4005733657906168 1.402069905994576 1.4058479959690802 1.4133177323241621 1.4236091684376992 1.4366851926253081 1.45257032144617 1.4682169075990137 1.478687753500959 1.4830447646642053 1.4782803275438634 1.4635675072166408 1.4392310180890429 1.4058710654380078 1.3643713326827276 1.31590512362214 1.2622399952473318 1.2050535058231593 1.1459213697165642 1.0863688695218925 1.027866181579062 0.9719970929641513
1.353177451239918 1.3456073848299688 1.337620655790751 1.3294832868723878 1.321520230466931 1.314116348231562 1.3077041841223316 1.3027306055344234 1.299598158903426 1.2987258536556354 1.301072110884557 1.3064259216178244 1.3142063392778989 1.3237287567423397 1.3342750801135121 1.3451531110462414 1.3557376211642882 1.3654957227678306 1.374001583979754 1.3809439294892347 1.3861276167977645 1.389469372636175 1.3909876239503338 1.3908656182664596 1.392673935481552 1.3977710502729623 1.4064647431894732 1.4182996489348894 1.4307796938076398 1.4366947592834305 1.433819807589423 1.422348591737677 1.4026520555542668 1.375287364165547 1.341002980286261 1.3007300972159785 1.2555592566354965 1.2068483788787718 1.156312449202146 1.105349006157879 1.0553752301244517 1.0079799705831207 0.9653196545708613
1.3588371281812033 1.3524384292050617 1.3457064330437363 1.3388883478563864 1.3322722574884605 1.3261825724048482 1.3209651777249984 1.3169592508825931 1.3144563116012282 1.3136538726598874 1.3146179444130812 1.31756920407814 1.3227181709871512 1.3295172704420826 1.3373765583777453 1.3457205868614326 1.354021441048234 1.3618220923734512 1.3687513491030734 1.3745319659390425 1.3789828719341746 1.382015947414227 1.3836276473941642 1.3838859537817074 1.382913422678684 1.3832893278142486 1.3878594131887527 1.3951541142682145 1.4001587837556622 1.3977205976491112 1.387638960551348 1.370384671959077 1.3465671631783904 1.3169304899201308 1.2823422860634914 1.24377574256088 1.2022873013530102 1.1589960813118452 1.1153519102840772 1.0728620924933765 1.0328731861028748 0.9969987169235633 0.9674315337554024
1.364193872724144 1.3589113382804185 1.353347044404438 1.3477254434850288 1.3422974840965736 1.3373340146058206 1.3331118486111384 1.3298917788684834 1.3278903200931509 1.3272504498900697 1.3280193143228567 1.3301403487052608 1.3334626993414551 1.337849593696228 1.3433000773387551 1.3493756920375732 1.355628583396818 1.3616666797168095 1.3671669668740232 1.37188308693311 1.3756477172621744 1.3783700897233948 1.380028990949882 1.3806616809479022 1.380499401149191 1.3804860500507516 1.37924827858609 1.3765448242429024 1.3723896287004247 1.3623515588320567 1.3458282151078427 1.3235188500157111 1.2962309399142007 1.2648630625538677 1.230382759446506 1.1938021295100896 1.1561562714864722 1.1184919102826405 1.081884063922873 1.0477818346214975 1.0175786849536297 0.9927315608556223 0.9750925162167058
1.3690497762550495 1.3648176990072343 1.360329042517114 1.3557850324352094 1.3514025490309938 1.3474073614385524 1.344022356809691 1.3414509967239923 1.3398577874814417 1.3393493048837035 1.3399603467297283 1.341649143228219 1.3443030902654112 1.3477532581648373 1.351793603442069 1.3562003466490269 1.3607481237059351 1.3652212861682362 1.3694247478126418 1.373166079230359 1.37628681925363 1.3786396532927505 1.3800807469902072 1.3804860500507516 1.3804860500507516 1.3785592499382475 1.3720433500378721 1.3618078752680955 1.3489115295170602 1.3318857342271122 1.3095078398051412 1.282671121281812 1.25235133396014 1.2195800947151045 1.1854141751964955 1.1509051209188248 1.1170759411360405 1.0849130222725691 1.0553811766460894 1.029478440720176 1.0085767227693014 0.9940144000157666 0.9861795465292807
1.3732324994681275 1.3699828303257215 1.3664805875159045 1.362905323424302 1.3594443080035574 1.3562864691210628 1.3536129799954244 1.3515850310485313 1.3503302484325452 1.3499300975150863 1.3504109771008723 1.351741187467289 1.3538345625061972 1.3565598220062525 1.359753372198628 1.3632328491878176 1.366809133880258 1.3702954654243276 1.373513191414196 1.376294345747166 1.3784815799903989 1.379926060549838 1.3804838858994808 1.3804860500507516 1.3788490030742455 1.371886448796811 1.3603124331182335 1.3451075119846203 1.3272879345992412 1.3061799243766936 1.2794536930172153 1.2486308400345159 1.215510019044041 1.1814579708204007 1.1476195455665377 1.1150933001947574 1.0849025607219809 1.0579846906581754 1.035180698969173 1.0168837896022114 1.0034839146884724 0.9956763632521022 0.9941020923963197
1.376590039091718 1.3742580337159103 1.3716606141186687 1.3689582404452119 1.3663133513240415 1.363885331439632 1.3618232367841405 1.3602568490872495 1.3592871700885845 1.358977901724623 1.35934956214406 1.360377505855664 1.3619942968459653 1.3640958979706561 1.3665503523221398 1.3692072971074216 1.371906793593063 1.3744864111515416 1.376786041740614 1.3786503714014293 1.3799292241750176 1.3804761269397965 1.3804860500507516 1.3796725937204881 1.3732934785509667 1.361337452187385 1.3447819606992488 1.3246608967490119 1.3020462399435286 1.2776574691285107 1.2489635980017972 1.216664804557006 1.182469506770276 1.1479905417960465 1.1146933829457317 1.0838491383013074 1.0564995052837238 1.0334432386878938 1.0152520519728274 1.0023165883845628 0.9949114446185472 0.9932561590898688 0.9976065685288437
1.3789843641208661 1.3775123765783055 1.3757486140814479 1.3738374337916672 1.3719210163322137 1.370135403471808 1.3686050193395412 1.3674361818229377 1.3667104222045101 1.36647864510775 1.3667571641010634 1.3675263792323331 1.3687323628483616 1.370291034933003 1.3720941257579717 1.3740158797043562 1.3759194806369324 1.3776624072139174 1.37910024107867 1.380088749166016 1.3804842838629756 1.3804860500507516 1.3804181301626623 1.3758318603896333 1.3646714469272665 1.3478819822711912 1.3264838988600913 1.3015542737503343 1.2742110111151541 1.2455994952575802 1.2150195916165516 1.181275645794998 1.146164317368237 1.1114279489840553 1.0786660514795643 1.0492708505239476 1.0243680677776485 1.0047783326690738 0.9910153569204306 0.9833271186416106 0.9817683193621828 0.9862762918598624 0.9967180724638607
