_RESULTS/CROSS_VALIDATION_POSTPROCESSED_CLR/MHZ/TZ/9comp/5/MHZ_TZ_z_125_kriged_reverse_9comp_spherical_5.asc
ncols 100
nrows 81
xllcorner 5.5967107548124995
yllcorner 50.982328804812504
cellsize 0.00017565037499993607
nodata_value 1.7014100000000001E+038
[rows 19 to 37 of 81, columns 43 to 85 of 100]
1.8017203063216451 1.8164453179515534 1.829076434412609 1.8394609812195333 1.8475130461517235 1.8532056405348456 1.8565698008094347 1.8576949395686522 1.856725739764939 1.853850378149856 1.849549665037166 1.8448811216393077 1.8410558691110506 1.8408042553346782 1.8484640182904248 1.8630654532667652 1.8824721045040327 1.9045579583410657 1.927937956570524 1.952159247937032 1.9754445953139776 1.996298382476507 2.013614573266061 2.0262026694334523 2.0291432719080786 2.021682632885027 2.0046424108030956 1.9791656063005738 1.9466836736665194 1.912642638337896 1.8822682285978227 1.8521181271892264 1.820887589006574 1.7888894036047092 1.7565633097300404 1.7245192512388676 1.6936641014438485 1.6655584523607703 1.643411202883397 1.634368049236994 1.6496937033276762 1.6912693172256184 1.7483253246702746
1.8141061282642883 1.8250557660446174 1.8339697305834741 1.8406425693975963 1.8449579834722591 1.8468774872875202 1.8464389607880458 1.8437600569803982 1.8390411269854776 1.8328316004918208 1.826199972467639 1.8196713230019363 1.819224832373389 1.8295984272334562 1.8488891463827284 1.8748502041693322 1.9050227117599612 1.9374769922237838 1.971568012421765 2.0050146264789053 2.035736622752908 2.062078953086864 2.0828464131227107 2.0971135496193245 2.100354821616589 2.091312292211724 2.0709343293601137 2.0405163290550408 2.001836114577301 1.96039118397281 1.9217051261880111 1.888358670521908 1.859903159196936 1.8311527274887642 1.8025508041285445 1.775062602030831 1.7500775685006404 1.7297245668019725 1.717387824357424 1.7179873675387494 1.736226284664201 1.77254006215455 1.8220841368986547
1.8266125310993044 1.8338016728579902 1.8389579067890158 1.8418389927892616 1.842299863516737 1.8402835184696098 1.8358226366396142 1.8290496841152382 1.8206129695128286 1.8113632548557996 1.8022754841514599 1.8014505744361127 1.81272759250966 1.8351681684276349 1.8667164237111369 1.9048606531145893 1.9469746115416822 1.992159290572099 2.0377760407978687 2.0810340228637516 2.119592032409663 2.15162319682338 2.175846978933095 2.1915240339447575 2.195117357660338 2.1843397163892635 2.160087857963782 2.124067284700428 2.0788608233138626 2.0301447484377686 1.982723445998693 1.9402976651668895 1.905499114281558 1.8794587220605934 1.8551571757641012 1.8323711551916861 1.813040058881767 1.7994039737654024 1.7943079979685879 1.800904668738971 1.821272630026353 1.8555157901237331 1.9009332789952853
1.8387629318031213 1.8423661837850365 1.8438607204185595 1.842988754596976 1.839583733226778 1.8335659365391206 1.8250436686132017 1.8146057931973592 1.8027152995674267 1.7905136828847528 1.7878837142450699 1.7977158170443388 1.820685364005051 1.8555409194445536 1.9001026648090367 1.9514782110310782 2.0079811483435877 2.0670545469345223 2.1250407904421773 2.178747313656908 2.22554582915669 2.2634293319786196 2.2910131642530973 2.3068709248511037 2.309059556414199 2.294679522041447 2.265259860419646 2.2227938001356 2.1705676675882972 2.1143847852018895 2.0579966450744087 2.0063540357565426 1.9624189416476165 1.9292225893489 1.9082990381590461 1.8914177034668909 1.8780933283608512 1.8700004929369942 1.869853613878762 1.8801661826305658 1.901492207132671 1.9352081363710905 1.9792519079988937
1.8501723390291318 1.8504688280111676 1.8485051532551497 1.8440280387067793 1.836932991512425 1.8274006747959337 1.8155574892598068 1.8016336053457225 1.786235096539379 1.7796594327180748 1.7864451369014207 1.806674697580519 1.841062936029868 1.8886161126568604 1.9471416805377024 2.0138265591178217 2.086515765419419 2.1606334477613633 2.231912593692185 2.296729674036885 2.3521529439133206 2.395138110579898 2.4236741710426553 2.437589005408926 2.4368073063564943 2.418305949748308 2.3832047255187634 2.3338053372434704 2.274022236607638 2.2097264821265172 2.1441511364053403 2.0828378538898065 2.0293181202619737 1.9868678725070092 1.958859233762573 1.9458471873998509 1.9381887991498388 1.9360029183929237 1.9406983132238795 1.9526133294322467 1.9739995026574315 2.0072404080932356 2.051204237083464
1.8605516392800014 1.8579413189013525 1.8530124695784558 1.8456202905997041 1.8356819561050286 1.8231785838061751 1.8081651333098896 1.7907939456118542 1.778732303218731 1.7810637859644602 1.7967095843342142 1.8267189257054508 1.8717705706618724 1.9321420933610498 2.005980493477569 2.0906513224255625 2.1810976816904697 2.2715043457195274 2.3570094329705666 2.4334069020101983 2.4957984456541 2.5417865091148775 2.5704150037052034 2.581659158401504 2.5763293502187885 2.5529648249357013 2.511451525491714 2.454463559056697 2.3863665998146755 2.3131582329033424 2.2379198093526655 2.1663393990664197 2.1026234761289984 2.0502863478265603 2.0128790128321286 1.993915923205409 1.9903855368724428 1.9925721901232565 2.000806264065999 2.0148169638054694 2.0361790978227607 2.0674996300358064 2.1097357732795574
1.8708289254260109 1.8659906799212675 1.8587213251206203 1.8488939342537467 1.836416545850256 1.8212368181628054 1.803349417703369 1.785985088057381 1.782789575139281 1.7937560264183194 1.8182614846058063 1.8568724997082673 1.9108525827565777 1.9836918808440729 2.075536502144635 2.1807678101927923 2.290612279869879 2.398409445023537 2.498546251576445 2.584579704685073 2.6530581521723002 2.701845402566408 2.729932819269916 2.737502411655074 2.725746906223301 2.6958333990917867 2.6468447941161712 2.5815126539395896 2.504379047556525 2.421499779943559 2.3359280530637045 2.2533936445008074 2.178768879498181 2.1158385023745456 2.068339009995372 2.039828163298963 2.0332951008568516 2.0383809843216456 2.048212359899306 2.063016883917595 2.084401486889348 2.1131805608367986 2.149223142898165
1.8817707494508218 1.8750157019776466 1.8657423283204553 1.8538380601443283 1.8392085918531138 1.8217807944190993 1.801687083742866 1.791443889217892 1.7972560471742012 1.8173875151810035 1.851393909634634 1.8979794349520347 1.9576207071501217 2.04076777220439 2.155925726038985 2.2842748041164986 2.414343878059054 2.5396211881280273 2.6524530719728268 2.748072011433845 2.822765107155612 2.8730954716624044 2.89808371230127 2.898699268251674 2.8772617998674628 2.8369667552142595 2.7789193983804457 2.704505904857212 2.618238585215626 2.526320758890196 2.431559605357694 2.339111796759397 2.25398070787513 2.179945331980209 2.121769825550801 2.0832177540463626 2.067443375006936 2.0725019963535236 2.0828777793469606 2.0972563714525387 2.1170326133609745 2.1423033173677823 2.1710719172974637
1.8931584438232163 1.8848126885442917 1.8739026238123124 1.8603279736425204 1.844002625922454 1.8248541210552738 1.8068811384597827 1.8055800181782435 1.8207940772817097 1.85174364649588 1.8968689864109087 1.9540231741001528 2.020881275481448 2.10886913602947 2.2534683731151763 2.4025733989728635 2.5510913312474024 2.6911220972205796 2.816440991216641 2.92029287350735 2.9981556120089676 3.047249504325047 3.0667305769277595 3.058021791807655 3.024503742976439 2.9706962862726125 2.901013667669338 2.8165328256063282 2.720612182978768 2.619238984572931 2.514963339476846 2.4128599245551228 2.3185521666491153 2.23619922221663 2.1693690504343337 2.121073887792042 2.0957115857558426 2.094697289765781 2.1048053070868824 2.117980336096576 2.1352871376978353 2.1563384323736567 2.178744980337491
1.904658213749485 1.8950829400963913 1.8829281040534278 1.8681150997902942 1.8505815280736602 1.830281454669741 1.8187983588483019 1.8263816859161865 1.8521844271512078 1.8950959979314614 1.953534232524076 2.0263351634764755 2.114488021488192 2.227519475976358 2.373202722417296 2.534170539093032 2.6960683120699658 2.8481872080736528 2.9825917423786468 3.093305337673054 3.1745813683651396 3.222101655143285 3.2343909283165293 3.2135387265005653 3.1646310344975714 3.094243702309747 3.008850163201884 2.9129660470696783 2.8074703294374226 2.696909266716249 2.5828554292619224 2.470332977356752 2.366128003925828 2.2752122921663256 2.201321575176488 2.1471724864341075 2.1144303946495335 2.104103904218397 2.1128672911006707 2.124625349875596 2.139366547649885 2.15660649127854 2.174052641412628
1.915867061784417 1.9054446897419302 1.8924438195861368 1.8768220307899217 1.8585564943355175 1.8389825400104656 1.8352824595037514 1.852274716156342 1.8889970525136068 1.9441503987063875 2.0167238403338934 2.1064497645624596 2.2147006429112635 2.3449821596894935 2.499613621580152 2.669856597019792 2.8399188778208106 3.0006400291552224 3.144804640075389 3.2643491282993837 3.3507231985435477 3.3967896546685523 3.3997178656113816 3.3627040951261 3.2937562751716203 3.2026564118867666 3.098591516293244 2.9883908496564513 2.874654153641905 2.7569958546486935 2.633424586492012 2.5084900878531573 2.392369692079621 2.2921719183928553 2.211799933212129 2.1533787903874875 2.1171663551399047 2.1023185530552353 2.1077601916031403 2.1184183091011133 2.130985364420497 2.1452086064006375 2.159054409151603
1.926350185550767 1.9154537974319532 1.9019877534848377 1.885955963761613 1.8673852837058764 1.8507841457835164 1.8550350208406088 1.881215495569272 1.928135249211155 1.994780390177252 2.0804631711756554 2.1850378562641386 2.308970472480124 2.4533304412216084 2.619222748221654 2.795077462319675 2.971387730690129 3.1415366078244635 3.2976492066864895 3.4295704999212857 3.5246540005712217 3.57045045844237 3.561079434222645 3.502234702144739 3.4080994829194546 3.292943301487401 3.168304934063934 3.042352136692122 2.9198970021676365 2.800333273276547 2.6675218540192773 2.525675082178699 2.3971179188129295 2.288667383481498 2.2026415110777156 2.140180616438315 2.101066103216668 2.084636061436701 2.090022609014653 2.1008240610955218 2.1119102392750477 2.124050252663675 2.1355056160305597
1.9356507947222679 1.924620024921528 1.911030482836135 1.894934949166312 1.8766886748391678 1.8650176243020689 1.8765571853728855 1.9107410367355941 1.9665307373790235 2.0430657834591397 2.1397359306252697 2.2562108668973178 2.3922719761820406 2.548068722378907 2.7202985731911657 2.8998774638575178 3.0823187120569173 3.2623799602558012 3.4327954757003734 3.582321196123269 3.6931495052890075 3.7426537117246053 3.71850675270505 3.631082856911071 3.504573161877003 3.3599743625464535 3.2110400076414725 3.0664161467983786 2.931470143885264 2.8094116850084054 2.668700024512038 2.510607453172268 2.3753336057612615 2.2635591142463727 2.1757242959811873 2.111989024320823 2.0713305463031886 2.053069738572266 2.0576323619510415 2.0728079627294607 2.0836851173354622 2.094645251210313 2.104728094258838
1.9455535606581102 1.934918264193353 1.9215673877406718 1.906068856121789 1.8888270228039297 1.8814145314408628 1.8982812178964525 1.9386489187702625 2.00152573945753 2.085820418909805 2.190872544714753 2.316139330981335 2.4610237422203047 2.6226313462827977 2.7964259837134833 2.9778141021266085 3.164332740889127 3.3526005323697223 3.53754802651925 3.709858689110852 3.8502829322466834 3.9170675031753146 3.8706836156015525 3.73878205146421 3.570527522153409 3.3927132910055784 3.217776585234549 3.05190009326095 2.8973285336004446 2.7515586423966916 2.6022987823816797 2.4542231285379463 2.323782839832001 2.2155762791145266 2.1306679203459327 2.0692009691387163 2.02993388671237 2.0122928094664583 2.0167232652659552 2.034360550452265 2.047678833710494 2.0582966270498333 2.0678503208543666
1.9583993660336931 1.9490747332780034 1.9371042459716896 1.9228051545813767 1.9065956920545324 1.9020877423100886 1.9219829721691393 1.9654827134820183 2.031920390068576 2.120762331099505 2.231326894041804 2.36220570807983 2.511362978981654 2.6728289638910487 2.844369503027724 3.023787645517449 3.209742796993319 3.400581086217025 3.5942178614697076 3.78924403488386 3.975661592478315 4.093723268435885 3.997828605382214 3.7988517104715553 3.5869781601757316 3.3794057129238997 3.181672403728669 2.995741409962523 2.822710703189206 2.66078791126166 2.5079925669444743 2.368052588382969 2.2465386657430706 2.1467036776124133 2.0690726506683395 2.013268524073041 1.9782145534096156 1.9635605342291622 1.9699575714543889 1.9903178589039503 2.0059045369461224 2.0163240595141207 2.0258950455086504
1.9753771627424888 1.9678488494067272 1.957413046337237 1.9444043839051668 1.929269613729207 1.9261117868268556 1.9472231116720957 1.991823526776646 2.059239630611228 2.148889445978135 2.2602494565582103 2.3927412617018016 2.540050727676559 2.6973311459843092 2.8625117698070683 3.034871715927595 3.213455300856317 3.397255666933499 3.587839049609873 3.7852176456701034 3.9870431694320025 4.172218881312096 4.004056818906633 3.7662193404735245 3.5340531845090295 3.3113622812691066 3.0994379544553015 2.8999762511451705 2.714795933924867 2.545710531685196 2.3953364566662376 2.2642271292549 2.154134424477014 2.0647752887683675 1.9958321967780317 1.9473521052650216 1.9184061429888724 1.9086501588636928 1.9188074345017034 1.9423619975627953 1.960608555348083 1.9722738066940393 1.979945083558313
1.996179109670904 1.990588530086771 1.9817804208582148 1.970100103680735 1.9560100182959905 1.9525032765699828 1.972943014544978 2.0165582545879843 2.082674447836682 2.1705987200512484 2.2796514435428215 2.407600056556238 2.547554223722007 2.6968294047098986 2.851352936996715 3.0112255236714858 3.1750835045282413 3.3433521817259173 3.515198803223082 3.6839237979601522 3.831919573136788 3.901898696949642 3.8128193322891573 3.6235643480441957 3.407542082661614 3.1884833848480003 2.9742296084654654 2.7694908043719755 2.578416954090738 2.408420309049298 2.2660184663697693 2.1496248392141144 2.054549205278021 1.9784905999040368 1.920202777298085 1.8799353156338783 1.857513801601695 1.852902514051833 1.8673792418805268 1.8939371766732789 1.9147249455259074 1.9285450029906568 1.9361549919074303
2.0202083819436285 2.0166227057319657 2.0094987712774945 1.9991396219943716 1.9860377982000692 1.980802545408904 1.9989525012447071 2.039810817308546 2.102549747516162 2.1863657125061717 2.290435092915923 2.4094293522039973 2.5382191232888314 2.674529192973663 2.8143790223991 2.956929824056389 3.10119083759475 3.247500470755149 3.3899827338612845 3.5176407923208437 3.6097002875480904 3.6324896710596715 3.5611744296254733 3.413477164747863 3.22584444446837 3.0221316532063107 2.8156244891987865 2.6135148007716813 2.421723871131941 2.25255754576896 2.12423486596935 2.031204557340407 1.9563062986323776 1.8951164703869667 1.848253481204786 1.8167537869424202 1.8014864996735755 1.8027381070167992 1.8222432439031193 1.8512330557365078 1.874047009982661 1.890190849288226 1.8994455257048888
2.0470194682723855 2.0453219223884003 2.0398807506100267 2.0310307557820857 2.019255547912029 2.011550490572367 2.0256858052942235 2.0618105973355147 2.1190300440895182 2.1964349900025524 2.2925894475072925 2.3997123642159597 2.5148030688352767 2.6349829483504252 2.755739286815909 2.8780693806602815 3.001688979421486 3.1227303316071646 3.2335594453355396 3.323056532694073 3.3754444922260927 3.3724574506390965 3.3042611038611795 3.178708120363243 3.0144539269107 2.8294165894029755 2.637285316334715 2.4461200160088166 2.2611577363628066 2.086776923828259 1.982749729890032 1.9221301281662955 1.8687037706522445 1.822310988035794 1.7857748431080065 1.7623050154608886 1.753795670483119 1.7609281562429653 1.7857252362070255 1.815938401570791 1.8401051057247169 1.858056941529001 1.8694054328867868
