_RESULTS/CROSS_VALIDATION_POSTPROCESSED/MHZ/TZ/8comp/1/MHZ_TZ_z_250_kriged_reverse_8comp_spherical_1.asc
ncols 100
nrows 81
xllcorner 5.5967107548124995
yllcorner 50.982328804812504
cellsize 0.00017565037499993607
nodata_value 1.7014100000000001E+038
[rows 19 to 37 of 81, columns 44 to 87 of 100]
29.170410474215096 28.859541966874325 28.519206410937926 28.163319638357244 27.806909961075316 27.46553880465779 27.15480173456694 26.88790179237401 26.656654260202657 26.461834850167058 26.292435548253057 26.1464612256539 26.008052516231782 25.878124609132026 25.753575648424302 25.627100901181514 25.492902448286475 25.331968664620774 25.11170331188638 24.845436955436824 24.552695025757686 24.256533262889615 23.981210518895697 23.748780441358786 23.57637760237591 23.48391560815908 23.48222383563333 23.575189246573398 23.726157200013866 23.89638709442796 24.049508511374984 24.168478256392035 24.2479233803702 24.281463927429453 24.261815612304847 24.181307560454673 24.03276605868362 23.810736905300985 23.513010677838555 23.155739011603412 22.773964305888647 22.37694682829752 22.02823677925896 21.77928226739235
29.172717123980046 28.859484464121177 28.51940923278951 28.166743739174528 27.816484568169408 27.483927880438685 27.18427709874256 26.923027004474974 26.68476441946802 26.462175633002953 26.261801970005294 26.106652466382265 26.009921325241475 25.93256225223056 25.854542862249748 25.766544506961242 25.646648252229117 25.447080462726657 25.173411525477746 24.840525978283683 24.469553044900426 24.087475282792376 23.724125442044166 23.406746495774325 23.158875369269065 23.001565760051037 22.940486841040055 22.975856618279554 23.0541045448006 23.16121756006433 23.30361042838621 23.46323877532334 23.587409423652357 23.66657092569024 23.691586066972334 23.65237306975404 23.538955600901467 23.342964959166697 23.059674722371266 22.694629826662467 22.285270565492297 21.84994831184922 21.430702098780348 21.12225743894561
29.192197000656662 28.87469798640549 28.534287843878197 28.185359547994192 27.842661771442458 27.521031250857458 27.235025264792768 26.96869138566135 26.708101074871752 26.46329769810064 26.288023144961542 26.18513280144612 26.14101657561078 26.123722738782153 26.09974531530038 26.05076613449324 25.914241755416317 25.680757219683 25.35784448228097 24.95930144628781 24.50746352876135 24.034061163647486 23.576869252634182 23.171006240959684 22.84969465733531 22.626628001571223 22.50348487941139 22.471651039843568 22.473722151214282 22.509944331167052 22.589783364381397 22.719076505590323 22.8870738245708 23.02167127611697 23.1015318492926 23.11370456465702 23.04464061106763 22.881846273203045 22.616279519793675 22.24605824753752 21.79495730106897 21.302367192575954 20.824652272319334 20.44600049569094
29.226139723804508 28.9029179528028 28.562364304919452 28.218544268989387 27.8856001584308 27.575206100139166 27.287054800984606 27.003548831014264 26.728732148880457 26.52795529530908 26.417321699305614 26.37455870677099 26.388618601886822 26.435685977231195 26.47132359920609 26.433200465420438 26.283345781814138 26.022265801438444 25.65445081981584 25.19124924809629 24.654862617470286 24.082164821894008 23.522897825820444 23.02777597346975 22.63595284898842 22.349975119044807 22.164656881742662 22.061548690923928 21.987040372768046 21.951227135077346 21.967144542630233 22.043113823580242 22.18173545089224 22.368041631958864 22.514241126320243 22.59018336477784 22.57817884001306 22.460561663577494 22.222128251714814 21.852077298843383 21.354795979521967 20.783802844183207 20.209056016920577 19.756174182621518
29.269126072743013 28.940395829933102 28.601507775356605 28.26367384536367 27.932643407774016 27.617239418201756 27.321381977633397 27.027965596731395 26.80165978019664 26.67453715889466 26.632417985539274 26.655540468236065 26.733728893929715 26.847607538595252 26.92833105498067 26.895802618310743 26.740407238472365 26.45929273302044 26.05289089648466 25.52805726978406 24.903680240576556 24.2198082644175 23.544261529809297 22.95883419294032 22.503037026682797 22.158332310964752 21.908755518516422 21.730911606965112 21.580157457260288 21.474806802664364 21.43128765768485 21.45930416675235 21.561702302763383 21.735153660695623 21.95029663506423 22.10419174530842 22.165295480595564 22.110317106021192 21.916627987054156 21.56094341039656 21.031592801726802 20.377138350688114 19.65559999578657 19.04532649137944
29.33167149270521 28.975898340815785 28.631915121606067 28.28840225440806 27.95475863250198 27.63929114485388 27.341423094308126 27.0876774633739 26.937809062221664 26.8863072546393 26.91323694131174 27.006181814829382 27.1532146372589 27.33583813665411 27.44312295965466 27.424537093189205 27.273081104848412 26.982328071878243 26.547913005854213 25.970176460230256 25.259560780864724 24.45011795227836 23.630678189197255 22.95296412017024 22.447960940488663 22.044297794697947 21.718543195798073 21.456674132547317 21.227371115442192 21.056902402647992 20.96396152618325 20.957051561711378 21.036456779271095 21.19684392972704 21.428828369298888 21.67362723324994 21.825982975598755 21.855814423502743 21.732702477341313 21.41975760613863 20.896286254088345 20.20353634221022 19.363947330976988 18.417283921878326
29.41246023369327 29.006331571046385 28.636571183866266 28.302715077331992 27.980635091742815 27.675530415068028 27.40368610721467 27.229582930672684 27.15828253325788 27.176765726906392 27.2675272875946 27.42200625984279 27.631446770259327 27.865723659334762 28.001274978364798 28.00623716634335 27.870339628758217 27.58373909995114 27.13740683658752 26.524991685573184 25.74574782100651 24.81158449427659 23.792371727425564 23.026072101435112 22.49875017718395 22.011961139457313 21.57805244384311 21.211926454985644 20.89678095348726 20.665921127286495 20.538092330035347 20.51645609449767 20.594128128581104 20.760292946598863 21.00369062497268 21.310228457995404 21.57122165007711 21.70998837479937 21.688576456149466 21.454571401742694 20.98785547357372 20.349773697288516 19.60159518361429 18.914260654881986
29.507599382434925 29.07515700399479 28.6757557682303 28.32712123935595 28.0232137477678 27.73596262600234 27.537315768959576 27.44613013645054 27.452914529958733 27.53890363990034 27.69434535130661 27.911209568485027 28.181205238165013 28.446578016355662 28.60037204536819 28.62812968558123 28.51956792131663 28.253043781144076 27.81461651812936 27.19358455179035 26.384209506769402 25.389359617215817 24.23740645542597 23.36571998487579 22.714760122143982 22.064320890052976 21.469374845137935 20.968442825915705 20.555287732619227 20.2687221621305 20.124751831246556 20.11503378369396 20.218815558785757 20.415052532370222 20.688455053712108 21.02945714192329 21.40013293108332 21.668371834627578 21.781671834390675 21.658717784954646 21.278536272981526 20.755019707903188 20.197045244159312 19.762847638850324
29.62460538376431 29.178353087947702 28.760001538965202 28.388045400828148 28.080712428302984 27.840267403269337 27.72776814536244 27.719990346830485 27.79820695797411 27.950709439617587 28.1700031088785 28.449086128708995 28.77899152664265 29.07261898429651 29.25049388238008 29.299753571746763 29.21106439963906 28.972888537329005 28.56135119165057 27.95559296118883 27.15060499451216 26.161972600083256 25.06152702104058 24.017746547039856 23.069581331978206 22.177096732507326 21.37040078449451 20.699703893829792 20.17237662459661 19.835675326270618 19.70050660046056 19.7363976911804 19.898654266528283 20.150956634805862 20.472449689599273 20.855634744375816 21.299411796104668 21.70066766999578 21.979269721953855 21.99325532657178 21.679404537036525 21.27636068179154 20.878068329546245 20.576479751145452
29.760483298824802 29.309798619401118 28.88163876578075 28.49522792135718 28.169209499711652 27.987957480767957 27.961280441980907 28.029184374702403 28.17513131131109 28.391370313360014 28.67170446493672 29.01061305885045 29.39373030699012 29.71908757049918 29.92650408544277 30.005599291600117 29.945788284166014 29.732807154963147 29.35010388996376 28.77403326401874 27.98277753922197 26.989173775316928 25.844912619340782 24.6487413502962 23.46032826356739 22.316098647467893 21.267786185056245 20.389248510437866 19.723497277161094 19.34421824692216 19.255609512184225 19.38084492406952 19.635567534426528 19.966052509636796 20.347825429690012 20.77601402994795 21.257306685574367 21.753417989617166 22.137914121251402 22.26450676549061 22.070128929276773 21.805254575046195 21.541368641826047 21.333624699199255
29.915817821706685 29.466158271299086 29.03505836069143 28.64178153002038 28.31311002977462 28.17198098714384 28.21934616781902 28.356891675529887 28.566621013285687 28.841919641410733 29.17828033443194 29.572021965730173 30.00233689164752 30.360065535960523 30.599868838238258 30.714487311539074 30.692797158337065 30.517878180105257 30.167182922638098 29.615996685040503 28.837743858027338 27.81864651516692 26.59496275965081 25.25277627928137 23.862510106637803 22.483799111568473 21.18109272472477 20.046393319011298 19.190788351944715 18.778441353267166 18.80532685223537 19.077486038075712 19.45372882659272 19.873088431093944 20.315973978572487 20.783527091114685 21.285731226368384 21.816745695656714 22.230569609199684 22.430484536754715 22.4162649799178 22.30333156325884 22.160979490557164 22.033603734575383
30.090165779386457 29.64441462492371 29.215334674203934 28.821546704605915 28.50771614729271 28.395050307568425 28.486959132077512 28.68994802198618 28.95796434274258 29.28580096475176 29.670939891117033 30.111827285800295 30.58342187373108 30.970100128799277 31.2420754144683 31.39475135650892 31.417823481734324 31.292975584407344 30.99139852343933 30.474228988889056 29.70336223647599 28.653439694536985 27.3423526339215 25.860968750354086 24.294879994295478 22.712706711850913 21.17405062059648 19.747217603607993 18.577113102965164 18.140404559127987 18.42417050699271 18.889189223687342 19.386608636336828 19.88558047807543 20.381528188959237 20.88028753789118 21.392957852034552 21.931302127417528 22.38209244184594 22.655742624453104 22.766844617821416 22.779896232781052 22.74070872543921 22.68331490944447
30.28042295397323 29.840185950809722 29.41706677299829 29.026493300176025 28.73031133757276 28.641984598383836 28.75628613692208 29.017530127378986 29.33709404791076 29.709322860659476 30.13394628734039 30.61179538827512 31.115727447921564 31.525670193724636 31.826221760686206 32.01560408433208 32.08640696711391 32.02218733729813 31.79119253677174 31.338360312442788 30.589685326144462 29.498226964571888 28.090836006694914 26.48227950307282 24.782087459720074 23.063008986016094 21.37760189147259 19.763416124428634 18.24334840570906 17.78118493264466 18.368252500988042 18.93806474354746 19.48875696436567 20.021669312387978 20.54114393332334 21.055604602810767 21.57724042420374 22.11898469044881 22.604947987668158 22.938524280555303 23.141508451697973 23.248986241113958 23.290743393470372 23.290922711117744
30.43730945498878 30.00373952719255 29.59138023774816 29.21244105510878 28.948467979039926 28.89361967085543 29.03127731899679 29.331119872827276 29.694710310966137 30.101946275903853 30.555103360659185 31.05768714552083 31.580420263049568 32.00638336947161 32.328332584787155 32.54805761265961 32.66300671358377 32.66340178276306 32.524216771164404 32.17929844047845 31.49236265661243 30.34403090495067 28.826628931097908 27.111135404519203 25.33179800421755 23.562999876400816 21.865642563787528 20.313841968839103 19.085207286612857 18.615434288132985 18.845949708731982 19.291241943930522 19.787375066806128 20.293662585099025 20.799684823470205 21.307242089295723 21.82571937147775 22.368484192206587 22.88571001863067 23.27024292442223 23.53979672616487 23.71558674258819 23.817352655335704 23.861683864291034
30.506568743315032 30.07552794335947 29.674736900044273 29.314293330199607 29.087973995672044 29.077086124722374 29.25990303503018 29.607887622351654 30.02299527596567 30.456327067879712 30.92594435382079 31.4391698278645 31.963214481929334 32.39596260789634 32.72887484074205 32.96693590924641 33.1124765184357 33.164478270069644 33.109097761785335 32.91416238454514 32.40567031249988 31.147053600718756 29.480578340430018 27.699401203283486 25.90685363147007 24.168857324235564 22.553860954868558 21.157289421242144 20.130962925254455 19.638534610322765 19.61790771469152 19.869297808611876 20.247686259698465 20.68297020053595 21.14557748777081 21.626763262992803 22.13037079353667 22.667489086318966 23.199787804565286 23.628684161223234 23.954145556415945 24.17755858286045 24.32116199271381 24.396580673173723
30.473366013378694 30.047819301050588 29.663460574162208 29.32810371092589 29.137835964704074 29.170104504624277 29.398366631264427 29.789525876117057 30.269544426150595 30.753905393673055 31.241515607470582 31.74424383315731 32.253528515781774 32.6829378275826 33.01453233792866 33.25483594428866 33.40796604714916 33.46856649812356 33.434831422469735 33.307711243763606 33.032822484555695 31.622522255740392 29.918144019432603 28.17366819195864 26.444565740058884 24.796562102685428 23.298899591143236 22.036956891791938 21.107920582872726 20.58276897180379 20.435176094357704 20.538460920616274 20.797393507517764 21.147306778322942 21.55171205471205 21.994739631556033 22.475067506146665 23.000455953031214 23.539196248676337 23.995894431122107 24.36302962561652 24.627623944261458 24.79813064081664 24.892593232779603
30.330034440379883 29.91505872570804 29.55392970137257 29.25193691433617 29.09651681167783 29.171901374137754 29.446914915107747 29.881271740833277 30.412172518924958 30.944064347154516 31.466595274937497 31.96499600786688 32.44404145858112 32.86065970509418 33.17929623686881 33.40596601120582 33.53578946769404 33.56015755030275 33.46921436894422 33.22091728812009 32.65737106997611 31.548603393539015 30.078163303620816 28.49178403155864 26.894132189783722 25.372795082140176 23.999515372740245 22.84562111462743 21.975387158962253 21.42638872702502 21.190914569068013 21.19958228457398 21.36470162000164 21.637030163032282 21.982980814649714 22.384869241181892 22.83845466866953 23.349244673946735 23.89230595205725 24.36211095595342 24.751148855426777 25.046358759722693 25.24063499669076 25.343458961612942
30.06896014941059 29.671715238387687 29.342551933794187 29.084197970992008 28.96489285840293 29.084221440495124 29.408345325261603 29.888204057295418 30.460463248623952 31.02832435543814 31.563398254751135 32.060928939806054 32.52689799177283 32.926245207577146 33.223574140901576 33.42160021895993 33.50802221016862 33.47532347695433 33.302307822478085 32.939121098531025 32.29779094887487 31.31589413160723 30.060406878833234 28.666537545128122 27.236737088483338 25.856253412039376 24.604358781557096 23.542546804310128 22.718735143010964 22.158491854725128 21.85892067927386 21.792216806500818 21.89402277400376 22.10680523180402 22.40362414973001 22.768630429284443 23.197000051565055 23.70264613279309 24.243239318467694 24.71434219460418 25.108811541232406 25.420214710278888 25.63182655793207 25.74042417259823
29.68366119006532 29.31287956677684 29.025929938735363 28.823194346750604 28.746250194870015 28.91138207443065 29.288021198903362 29.816337071951544 30.424793548899963 31.00389509349911 31.533943353089043 32.02095954881822 32.47309045773456 32.875526324196095 33.15026355207124 33.30959768431413 33.35028526769036 33.26243029946884 33.024586174751306 32.60105819159136 31.95010564626236 31.055435572575895 29.956590363908838 28.735264303156242 27.47461905427698 26.232626032058665 25.093573184445066 24.113728080355926 23.33295075326304 22.772689997096826 22.43411925078634 22.300842119573197 22.345576733931903 22.519712985866203 22.781563269489684 23.118759143414717 23.5332145969179 24.045934993357225 24.575110196055867 25.038534506959415 25.428277302595266 25.738324404044732 25.957472828851287 26.070622665277583
