_RESULTS/POSTPROCESSED/MHZ/TZ/7comp/MHZ_TZ_z_63_kriged_reverse_7comp_spherical.asc
ncols 100
nrows 81
xllcorner 5.5967107548124995
yllcorner 50.982328804812504
cellsize 0.00017565037499993607
nodata_value 1.7014100000000001E+038
[rows 0 to 18 of 81, columns 43 to 85 of 100]
1.120814382033326 1.1549415005995483 1.196010605242346 1.2424073790632015 1.2924327814689947 1.3443268613246437 1.3962754552321592 1.446415066792336 1.4928455294902467 1.5336552990060406 1.5669609645941642 1.5909604027474507 1.6039974370039078 1.605963186793002 1.605963186793002 1.605963186793002 1.605963186793002 1.605963186793002 1.605963186793002 1.605963186793002 1.605963186793002 1.605963186793002 1.605963186793002 1.605963186793002 1.605963186793002 1.605963186793002 1.605963186793002 1.605963186793002 1.605963186793002 1.605963186793002 1.605963186793002 1.605963186793002 1.605963186793002 1.605963186793002 1.605963186793002 1.605963186793002 1.605963186793002 1.605963186793002 1.605963186793002 1.605963186793002 1.605963186793002 1.605963186793002 1.605963186793002
1.0488623675292221 1.088274800884519 1.1343214021739672 1.1858163015709242 1.2411728794619084 1.2985742694924907 1.356179604814136 1.4121093360649817 1.464444861023777 1.5112459678619352 1.550586212023836 1.5806045700460576 1.5995705521630095 1.605963186793002 1.6061086250716936 1.6065318808994387 1.6069852964258922 1.6072860254615629 1.607333358876512 1.6071124344777359 1.606694797177877 1.6062357323998335 1.6059687366951545 1.605963186793002 1.605963186793002 1.605963186793002 1.605963186793002 1.605963186793002 1.605963186793002 1.605963186793002 1.605963186793002 1.605963186793002 1.605963186793002 1.605963186793002 1.605963186793002 1.605178793609309 1.6030720399222282 1.6005639258094992 1.5983924598920718 1.5970755251700386 1.5968948706595794 1.5978876591828024 1.5998453656809093
0.9751314276714561 1.021179055506781 1.0745594383571826 1.132710163024072 1.1933835488170088 1.255928615876439 1.3187022822357093 1.3798415505456343 1.4374364805830595 1.4895411744416212 1.534206489052203 1.5697292356364987 1.595108437781527 1.6084377254040914 1.6112765300392715 1.613220027507514 1.6147372942364382 1.615620048386616 1.6157530365328399 1.6151192178582483 1.6138005487703606 1.6119742521529694 1.6099051165939442 1.6079349085120462 1.6064702867427172 1.605963186793002 1.605963186793002 1.605963186793002 1.605963186793002 1.605963186793002 1.605963186793002 1.605963186793002 1.605830958552314 1.6028533141491368 1.5970534175120104 1.58980425839209 1.5823280327304758 1.5756564801182735 1.5706000695009041 1.5677253403941427 1.567339803784487 1.569483984563366 1.5739303848476258
0.9024038412812072 0.9552609812750295 1.0158912089036471 1.0812476103958177 1.1485127462192954 1.2154866852512112 1.2818476010004127 1.3470385409914032 1.4093654649040908 1.4670433543518733 1.5191958451468068 1.5633361231680083 1.5964093568833464 1.6166065269535437 1.6235114068241339 1.6270915393339536 1.629759497783735 1.6312736897212674 1.6314997189201583 1.6304176711936291 1.6281232206689569 1.624822377966397 1.6208207182578371 1.6165087291521645 1.612345328587891 1.6088415848352684 1.606546315769914 1.605963186793002 1.605963186793002 1.605963186793002 1.605963186793002 1.603214981829254 1.5952183077295876 1.583667674538159 1.5702019790778547 1.5563305522274504 1.5433858988768085 1.5324860307607209 1.5245053923489282 1.5200534931946148 1.519460619337371 1.5227702698046277 1.529738169021207
0.8336798049727846 0.8918981466446478 0.9564665409564759 1.025142343793817 1.0960054954748142 1.1671881454912063 1.2366871565491422 1.3041354448866629 1.370620691786775 1.4357823484039565 1.4971952390400884 1.5519167723971101 1.5966186157152527 1.627770903877569 1.6421356736653019 1.6477494913164143 1.6516798499498664 1.6538891876007031 1.654217790515794 1.6526419336481288 1.649275459508097 1.6443622988113158 1.6382612593617414 1.631425632652547 1.624380703530488 1.617702073767193 1.6119970324710409 1.6078903230432988 1.6060148234013452 1.6056360331619994 1.5993571128363047 1.586528668859085 1.5690685881309123 1.5488617512499268 1.5276929829725752 1.5071917267148323 1.4887874223851434 1.4736741649164307 1.4627832837860388 1.4567628794408662 1.4559638623785025 1.460432435077244 1.4699091025721616
0.7679263257129554 0.8290838743454355 0.895510271141535 0.9654788439716067 1.0376208793585118 1.1105902832360917 1.1828576647105304 1.2540124128325831 1.3253245702142564 1.3969339833448486 1.4664608108483776 1.5308854208849194 1.5866398161387991 1.6298018525892028 1.6563899002174989 1.6712742506253777 1.6800772623472051 1.6831413958274848 1.683584747781543 1.6814569203301877 1.67689606537061 1.6701964842720014 1.661786835963167 1.6522014732429333 1.6420496522320254 1.6319868161800823 1.622690871659475 1.6148449175265818 1.6083434206302907 1.596659835167753 1.5795333984413253 1.5566042033280987 1.5297327680570814 1.5009570981163218 1.472189128538079 1.4451628755053063 1.4213930935674044 1.4021423032609925 1.388394457040714 1.380834372039858 1.3798330001637387 1.3854391949830296 1.3973786105946766
0.7091215988467564 0.7713127863530819 0.8371553198636312 0.9058007610603349 0.9765536738493454 1.048642233185538 1.1225974596627073 1.1985475439651025 1.2745655668158378 1.3511954509633268 1.427680162391761 1.5009508772678704 1.5672034564940385 1.622091894790521 1.6610523898417675 1.6868794651911747 1.7063524803743038 1.7175165042006473 1.7192973848703104 1.716543487165294 1.710633237124667 1.701928721266385 1.6909510971361132 1.6783397579775519 1.664809963190458 1.6511150145123659 1.6380166398519236 1.625608832919236 1.606225529175584 1.5797259727928559 1.5489859667637567 1.5158914247600788 1.4798309607345235 1.4427141486710058 1.4065616300719064 1.3731982248479289 1.3442154972640892 1.3209409257181752 1.304411458169811 1.2953508860033172 1.2941522269964616 1.3008672981174803 1.315205288072631
0.6625181500423717 0.7219776879933326 0.7839996435828679 0.8484228613352607 0.9150771592591274 0.9848202447872508 1.0592122957135803 1.1375023641623 1.218127738266671 1.2990919853151677 1.3813671800499532 1.46261952145628 1.5388297971941685 1.6052142012378992 1.6565694208203352 1.694402027284348 1.7254598715972334 1.7475308354752255 1.7586577645238146 1.7575833849630442 1.7501265770789507 1.7391428781176725 1.7252774979501604 1.7093067458329017 1.6920794048124725 1.6744673727151957 1.6572139557412273 1.6327377201175108 1.5983546609063264 1.5572624617110489 1.5125470949631896 1.4670965895604244 1.422118102076543 1.3769950325029159 1.3337502281393576 1.2942880497732459 1.2602727245634158 1.2330993084571917 1.213865158276908 1.2033418173400612 1.2019506152366337 1.2097472412242634 1.226419578390922
0.6298153188730332 0.6820243583737252 0.736964907115218 0.7944884462765804 0.8551620594644642 0.9215011286519335 0.9939774830354007 1.0722957205723982 1.155376194939626 1.2410774208030464 1.3280729668413294 1.416442431982108 1.5020620975310128 1.5797144377113295 1.643515114849093 1.694415407875445 1.7381617730479055 1.7720153380932924 1.7937198408261887 1.801610945487633 1.7949869388317232 1.7813779521732038 1.7642310576105071 1.7445022436026925 1.7232078055413829 1.7013610644142998 1.6746526383538234 1.6350948432362309 1.5859540358698803 1.5307002775970522 1.472591107287214 1.4145980157575373 1.3593687832033357 1.3066488858871876 1.2566485757874981 1.2113430699476047 1.17247034340347 1.1415038744728874 1.1196192601209842 1.1076799144671494 1.1074160957995558 1.1188131656607723 1.1406121988209614
0.607791115151658 0.6499449631492182 0.6955023469679928 0.7442138541571426 0.7982595024727935 0.8592545344663012 0.9277990796770457 1.0040920788150258 1.0875887052171473 1.1766358268787864 1.268430558190317 1.3630962842923142 1.4575919884215507 1.5462823901916167 1.6225743733076872 1.6876656871427058 1.7452721236389146 1.7919127583497512 1.8248463932305843 1.8422364213396265 1.8430413620050514 1.8281729277128653 1.8073764218930504 1.783491861620403 1.7577032979666407 1.7297028787401043 1.6881548355225329 1.6337178214708494 1.5702825633416253 1.5014957982341863 1.4307403623538235 1.3610253112079496 1.2949817084803936 1.2344251846920915 1.1780210519505978 1.1271128155805148 1.0835184465458585 1.049419735557704 1.0289104739711368 1.021975354791029 1.027914683046643 1.0458123398433288 1.0744250465232883
0.5885497746780506 0.6208874469357529 0.6572182568124291 0.6975708273138034 0.7441064004263871 0.7982623662659407 0.8612501499854357 0.933789755875211 1.0159250269178044 1.1065722193257506 1.2030821877808884 1.3034084833651638 1.4064445131790777 1.5060259056026826 1.5948790878212313 1.6752065798042053 1.747832069133632 1.808312905294264 1.8536169692226303 1.8814782865724602 1.8907434970004005 1.8811648954328988 1.856895878371146 1.828462609754511 1.7976996562599514 1.7579310011179996 1.701055734998662 1.6314781073991595 1.5535733360088204 1.4714066859871342 1.3886111592073158 1.3081027483574372 1.2321510195543564 1.1629311583504105 1.1004546957820245 1.0443002018033274 1.000493199817014 0.9709289716657385 0.9553268805765524 0.9535371038361724 0.9652595980045907 0.9897825140750232 1.0258237297566162
0.567965364209814 0.5910105902102167 0.6181940162193208 0.6509736249964074 0.6907291816098388 0.738281239375471 0.7946885271941935 0.8622153095952795 0.9427462173537271 1.0357322278399215 1.1385884295415614 1.2472864721667478 1.3603640420713696 1.471653256296417 1.5735479335876237 1.6687101982792754 1.7554819770720789 1.8290242533509238 1.8855343383895102 1.9231585924352046 1.9403985057603994 1.9364865083963678 1.9125422119390667 1.8789512449317984 1.841515108507412 1.7869829779621795 1.7151960197275966 1.6310801102179342 1.5393181233742186 1.4441635410716773 1.349331286410191 1.2579596831560789 1.172635798120901 1.0951569898873466 1.0277435211851225 0.9743984245697126 0.934689367802993 0.908335254435666 0.89592642254064 0.8981651105646788 0.9154116260271584 0.9472512171557583 0.9922310933056949
0.5453521118461754 0.5600809808201873 0.5788597229011775 0.603829548881262 0.6360334908533969 0.6770756664174977 0.7299683706048231 0.7960134940867346 0.8767830099940896 0.9730430131217412 1.0826531205551857 1.2009885449178646 1.3252015275369327 1.4494618784295605 1.5672479596666962 1.6811357931070854 1.7849208117104058 1.8718258355064787 1.9368540740127158 1.9778238545387892 1.9955375596824338 1.9929095334361342 1.9714420283848333 1.9331489107592137 1.8855857141489178 1.8167068861137337 1.730733880119149 1.6329600237106052 1.5283137902773727 1.4211877639411992 1.3153410727996273 1.2138723858394465 1.1192582159414188 1.0357819883491148 0.9702302580762906 0.9188914895897358 0.8799530189451014 0.8541955096081506 0.843003177816566 0.8480424066507046 0.870582036759107 0.9106683761503446 0.966651402015067
0.5214218594762512 0.5287941164904142 0.5399666987011168 0.5570863711624296 0.5828648825468812 0.6198302588149385 0.6700405265693643 0.7355953907169321 0.8178252007989174 0.9174110289101584 1.034137565278459 1.1633210722947616 1.3001001522672202 1.439941810263353 1.578805932620405 1.714594179215815 1.8379822408767423 1.9398372064820293 2.01330474804496 2.055825614809905 2.0694875520381566 2.0593204752053933 2.0309231124759464 1.9886800424484767 1.9289162040838885 1.8466269491337803 1.7476003905614421 1.6373958345333999 1.5211145600776939 1.4032406905632442 1.2875481934232884 1.176922544274786 1.0746747404309844 0.9907622149938128 0.9243398751048388 0.8729920925307789 0.8335389364726349 0.8067863175021001 0.7950665662621558 0.8015679423444536 0.829194988905316 0.8787915733667332 0.9481771987075593
0.49763658734380833 0.49847039717500163 0.5029065447344527 0.514798425694179 0.5357900768814733 0.5679789544741655 0.6143501285909949 0.6782778576396354 0.7624740980340847 0.86757142322536 0.9922924150062722 1.133523747564635 1.2858813054380005 1.4450528238355722 1.6089607178009404 1.7700254013691348 1.9163630549782806 2.0353003181536167 2.116706285649157 2.1575243523582355 2.1626084753484687 2.1406467468168144 2.099949886337656 2.0458923249625136 1.9700803377957827 1.8759076826050454 1.7654750930395904 1.644487328492313 1.5181806922111214 1.3910885891249198 1.2656750986233711 1.144798418721718 1.0422179379159047 0.9582960906339878 0.8908786139779153 0.838006505515948 0.7966284109461388 0.7671317576695946 0.752469270130737 0.7582395497845599 0.7906522453834344 0.8521018533435673 0.938834067082511
0.475737125713384 0.4711573103041404 0.4718386014324419 0.47930837426660405 0.49489995910594364 0.5212430579488557 0.5624425764170374 0.6235999885515576 0.7092622037843371 0.8212753762700766 0.9571381496170515 1.1129447725164188 1.283693874263232 1.4663434746933905 1.658058211297609 1.8478212353199155 2.021262627302519 2.1605884842121887 2.2488333100334725 2.2819232360593205 2.2714017595283678 2.2322496015207043 2.175845101536203 2.1074047204610906 2.013028478859828 1.9053044667895074 1.7876171103163345 1.6595871667752802 1.5260715845649266 1.3889794854697262 1.2511517977808395 1.1280154502422008 1.025331755362477 0.9404743881090589 0.8713537504861146 0.8162244141465997 0.7718368155170291 0.7378687072495183 0.7170393580866873 0.7179527495163937 0.7544600793778977 0.832579211818426 0.9431804404790108
0.4576962225568697 0.4506547357231468 0.44823090590690384 0.45116268982663876 0.46072754169844626 0.47990415314091134 0.5141508170164972 0.5712205629840831 0.658436360125127 0.7787191536708022 0.9294638371479447 1.1039206964130281 1.2952658695455241 1.5050302068355093 1.7259747470563227 1.9463346686435332 2.150880214780533 2.316825095397293 2.410526466278656 2.4238804940755205 2.3878510081701427 2.3261072422685114 2.252706913219166 2.173294238354877 2.068693563320605 1.9482931061144904 1.821744963175663 1.6888290930349028 1.5461473947359572 1.3967666475720655 1.2526688889343682 1.1302220361913482 1.0274741971170434 0.9418564067346561 0.8711920638042834 0.813564030256863 0.7652399646372291 0.7250716879830074 0.6947803439764553 0.6824960232548579 0.7207726596744437 0.827236317440384 0.9711916522119242
0.4467560266616223 0.4381224704183501 0.43299985855385764 0.43163545219743055 0.4348183657391611 0.445301593523276 0.4698606034045632 0.5209316622009441 0.6111030024652786 0.7432248858632335 0.9127861774638276 1.109724227687563 1.3260983422428088 1.5633557699542087 1.8121050005107073 2.060143392465461 2.293751081926119 2.4953606141118994 2.597425194957855 2.5653166448462756 2.4963316446528 2.414984896330781 2.3312119815354015 2.245627232624068 2.135952397270487 2.0072816287403805 1.8706109006886265 1.7287473775221016 1.5752449884448965 1.4157325729092214 1.2721839362260137 1.1505675730104723 1.0481535391558816 0.9625621802295012 0.891701237544522 0.8336321226594591 0.7843161421977518 0.7414023044677748 0.703755017913018 0.670279416781166 0.7010126656078475 0.8601658773697501 1.0416154172714516
0.4437621702730675 0.434306626893063 0.42745163718612517 0.4228438567900382 0.42031752483628154 0.4211860441305854 0.4316659300637623 0.47266506306713924 0.5710730391159073 0.7226358819955564 0.9148495022389556 1.1375157066840702 1.3823989116839708 1.6453015968399185 1.9167415622505921 2.181864356917931 2.421569380764637 2.6171759651694004 2.7027183824161543 2.6525867174799047 2.572009194882618 2.482652384777769 2.39430450204716 2.30806794783955 2.2003221901728165 2.071952551121214 1.9309412280539846 1.77634527678182 1.6138605866116924 1.4503261624466313 1.3086632406232925 1.1882723960900747 1.0868562835568985 1.0024165811929826 0.9332223077222429 0.8777212623494018 0.8322431700507489 0.7951977572735749 0.7675904729634211 0.7578138660262399 0.814722258401909 0.9721124425048441 1.176249558605098
