_RESULTS/POSTPROCESSED/MHZ/TZ/7comp/MHZ_TZ_z_180_kriged_reverse_7comp_spherical.asc
ncols 100
nrows 81
xllcorner 5.5967107548124995
yllcorner 50.982328804812504
cellsize 0.00017565037499993607
nodata_value 1.7014100000000001E+038
[rows 0 to 18 of 81, columns 0 to 43 of 100]
30.21345696307905 29.817977461454152 29.45317921606993 29.1462420116111 28.930848289206008 28.84107887640628 28.8935183688076 29.07500770570622 29.348183489481645 29.668544721682917 29.995754508454688 30.29610646728943 30.552597953609116 30.761726828221807 30.90831101017185 30.986428021762947 30.993784557540693 30.929364242996243 30.793118275033688 30.585743465670774 30.308518146211043 30.50115045071282 30.919021180351656 31.28522133300782 31.617426412717453 31.904836451126574 32.12311278687018 32.280687942439414 32.3853634917998 32.44435799236452 32.46476398913946 32.45341635423859 32.41680630918802 32.36057885678037 32.28813526145858 32.20657543881055 32.122936003399026 32.04331416236773 31.974524868766522 31.93221477608957 31.921487769974288 31.94224483406305 31.990645273729427 32.06281333636254
29.776747664204755 29.305931107026396 28.8627928561426 28.47729117843262 28.194659675431282 28.073613130105468 28.15266272761977 28.41011101017551 28.78111691631296 29.20243819523637 29.62754047556377 30.021146570504857 30.34730458506502 30.58566721380268 30.745561357680522 30.838423895648496 30.864064863829306 30.824416215692928 30.725431178002477 30.585785710652956 30.482964076121675 30.624668584959423 30.948506118669865 31.28385791241225 31.608808101373185 31.888896498260337 32.10368712617103 32.253808123020704 32.34258085191496 32.38510193965286 32.38943851457561 32.35559446592704 32.28853329181967 32.19771892013245 32.09187066574631 31.979111739823825 31.867134763805645 31.763259767267645 31.676664092037537 31.626920623375902 31.621144821851466 31.659751753039266 31.737577385516424 31.84490195603276
29.298244375292725 28.753648792519165 28.228878633513126 27.750181844613447 27.368300196479524 27.18459269978976 27.303482202796125 27.675550216038353 28.169517816740324 28.7011596370045 29.215339580208276 29.67702865587805 30.069194609343697 30.37750483445894 30.588796422499286 30.703938287099046 30.757912040206257 30.759866907022616 30.723942387909254 30.68073762678335 30.691364842748246 30.82341218566364 31.05914433674432 31.331713592091052 31.620318124900397 31.87379122660639 32.07551381141449 32.221909253681794 32.31154602775992 32.33629794879589 32.299627669435694 32.222294951907614 32.113944576682414 31.98353287851389 31.83947699826949 31.689922923466863 31.543135746334023 31.407882576893815 31.297257717434178 31.236082394929483 31.234570427500195 31.29425259690001 31.407734253097352 31.560849512236516
28.80108074509171 28.192848158320434 27.597060471028396 27.028182660750172 26.515496775173396 26.1840763557741 26.386285942196647 26.9415959413731 27.56988476956252 28.186072049999634 28.760284288229183 29.278467926144092 29.729060394845842 30.101469246341495 30.385651573536727 30.572218882125206 30.662630901438565 30.70800832324812 30.731736646059094 30.7603821841346 30.829182144175803 30.9643315440936 31.1572862220265 31.380304437789384 31.626985630840593 31.84987579761409 32.034417025880714 32.17218261897331 32.242619082507886 32.24302531464919 32.1768418790297 32.05423205650363 31.90126686418237 31.727452084933773 31.540612872241514 31.348554763309938 31.159738593474138 30.98426050057606 30.841223668493146 30.76214265246878 30.763294704457223 30.848822411629794 31.007113220993364 31.21604790692869
28.303411623879242 27.65053178850307 27.013747963830205 26.402104314724255 25.822604127976597 25.291062643766715 25.644342900727306 26.342041363691308 27.027809878086234 27.68147828660797 28.29251391880469 28.851088735801746 29.34795071680082 29.7744072174092 30.12237709759493 30.38460304195274 30.555170855544993 30.64242165100066 30.710585200375988 30.786021405475523 30.888355503884256 31.02871780724099 31.20096501414446 31.393022852718378 31.606367321717276 31.804343051586386 31.970369688906636 32.075230066220776 32.1149227221129 32.090607677011555 32.00407766934422 31.85743043120368 31.659655857041408 31.43964342221611 31.20647325554061 30.967118617293465 30.729419144905755 30.50379920058772 30.31743389649887 30.209305852012047 30.20931662124195 30.328512033432276 30.545881573090895 30.834238095897305
27.813726274034934 27.137726159223615 26.49764329787884 25.91495832035179 25.43068368734206 25.173445070688636 25.39027044886033 25.937006470258623 26.5712100769602 27.213368570186493 27.83318851050789 28.413613876871036 28.94259125680703 29.41068953903865 29.810225135411912 30.134918755851693 30.37984096318725 30.54154175136598 30.640639156415027 30.744174632848182 30.866322832338998 31.011437452561484 31.173814319844805 31.34952254186833 31.542706037455382 31.72197472903399 31.851465730509364 31.92319688746073 31.935718252575533 31.888699411120065 31.782555078513873 31.61819968943037 31.39690753541003 31.130676748081903 30.84956789478092 30.560555820678648 30.26978159327075 29.986435815459405 29.743662512911882 29.586425501984415 29.57530984440748 29.749855842426555 30.13630601739389 30.6606789717217
27.32953278517845 26.645059176286544 26.025192443554474 25.505211366205714 25.140647719756387 25.01954743471836 25.19881570097906 25.620380941019654 26.174354582190208 26.779306091463894 27.38916778085272 27.976919787709026 28.525248593807813 29.022325942493545 29.459777338501713 29.831553268955957 30.13318053873847 30.361133575241862 30.51210936693909 30.629562576275216 30.762326877017042 30.911050687848878 31.069606510499526 31.240248433877998 31.425245637207066 31.57474090452913 31.674579808396526 31.7212807986344 31.712442378470623 31.646631629176202 31.52322941527056 31.3422963265249 31.104465578099877 30.810841058771466 30.48280799712747 30.14576740843774 29.803789715092773 29.465206636420486 29.158211591326243 28.91932040224472 28.906403164704557 29.332790675836883 30.01392553879653 30.79172617076435
26.84121793659014 26.151094901928438 25.553739792266654 25.09026698381687 24.809976254998592 24.756335038563513 24.924987947651427 25.289907421936547 25.789874727831965 26.361810992946676 26.95813672906568 27.546413896134847 28.105060428431887 28.6198484186269 29.081543222575412 29.484261193072403 29.824167565711974 30.098255644895684 30.30305334395323 30.440481090314837 30.576999403529932 30.728271456750385 30.887141222115538 31.063252076142955 31.2343440090392 31.363239315293477 31.445283030578956 31.476393662751693 31.453355083684002 31.37390099419085 31.236713607393508 31.041400593929335 30.7884591967074 30.479191494427194 30.117761105614672 29.738718962141654 29.35573391229221 28.98248856704564 28.634471357385717 28.391585689744186 28.401122210238288 29.24838340842051 30.21766267592171 31.222963589917807
26.338487282013933 25.63473412676789 25.047892680449348 24.621152803623477 24.395180461232 24.37467777174855 24.554182235083704 24.906818343931075 25.387877429512407 25.946151225919916 26.53690131116963 27.126191319395087 27.690280241747583 28.2135749793207 28.686577570236643 29.10412096208847 29.463771706579735 29.76418926666673 30.003314249211076 30.17646565001193 30.312369130808463 30.465726331475175 30.628936682068574 30.81166164592825 30.973911317682944 31.095989127852114 31.172216375144195 31.19756920627538 31.167998151172267 31.0805708691694 30.933554159395584 30.726497395636702 30.46032096205708 30.137356215331124 29.761238779464914 29.3500398778319 28.944237745076602 28.569068945047505 28.324727808818263 28.356744202075213 28.751419912851567 29.642732968072654 30.760214187265838 31.933999078550716
25.815908401715532 25.082771520269752 24.48710802382213 24.075566590709034 23.87675596190186 23.882896086529378 24.09022322989666 24.464466902629677 24.959623508797225 25.5281839370133 26.12716421784487 26.722658897281587 27.290466097189697 27.81490060244765 28.287204350327983 28.704514344728043 29.06667507583795 29.37499836861464 29.630320168386028 29.830309722290043 29.97582375611364 30.13069731352356 30.303744407173618 30.489294062574224 30.65669922249577 30.7851394129887 30.86703375684159 30.896112739309565 30.867455889284685 30.777579607014083 30.624543415453854 30.408141232513703 30.13017734497255 29.79475735396534 29.408458414354975 28.98216330705391 28.57061232885411 28.27629092179943 28.29376048179073 28.635580619138935 29.32113360304581 30.335956770229732 31.562483110875984 32.87474411059643
25.2766140187416 24.4927212073528 23.864039671238555 23.44552244163662 23.254720424660665 23.292211739692718 23.54481093575599 23.971249382561453 24.511759465679763 25.115011540186003 25.737746329300386 26.346538646223166 26.91882547491658 27.441154695100067 27.905762898483065 28.310728404781425 28.658910233461192 28.956342021045035 29.20943754597548 29.420838404094514 29.585175002826197 29.743104097876806 29.928120736704233 30.123452551866407 30.304861572176726 30.447997659661656 30.544276907294332 30.585569491438232 30.564433499581384 30.476934142880253 30.321040890313643 30.09692113179766 29.807465174987218 29.455365045494826 29.04561821718021 28.60069430230598 28.200794097791583 28.113154695476933 28.3828460847639 28.991765803648335 29.914323743152554 31.10242348982451 32.47496667472468 33.94076897262773
24.735214405699946 23.874463717838506 23.182558684815703 22.728089891558042 22.535954160486426 22.617010977611567 22.941045108962065 23.446865222916248 24.06304969169262 24.723883712687993 25.385328453683314 26.017436815128097 26.598875522118977 27.116410282609742 27.563948795537346 27.942027352206043 28.257572564450072 28.52310930512505 28.753850180510952 28.961225810253165 29.144387968518963 29.31448935955137 29.522021712715922 29.740973643315748 29.94814127294872 30.114398459879943 30.228569512564114 30.28322570155378 30.273115901431495 30.19172551844288 30.03521641166148 29.800427693983522 29.480417960561624 29.085814990196145 28.636465034757798 28.16992112783278 27.893936502672943 28.010740057323062 28.509208559894116 29.353656063997757 30.495634452043358 31.875723445601267 33.42366806374375 35.063658169021984
24.219620966303918 23.2525457710809 22.458186899343172 21.929837298307568 21.728900546493538 21.87656260594042 22.30994590059482 22.929112280916797 23.643254314212818 24.382505245084943 25.09749939544614 25.759488905561696 26.350164429288963 26.858472944519562 27.280034801718923 27.617383526423637 27.881118636478565 28.09126943246803 28.276092303110463 28.46281581423295 28.659443265549893 28.863849484753473 29.10953937025344 29.366871259938765 29.609760134631834 29.80707345975328 29.94470242178468 30.01514970597963 30.013364847554396 29.935995122133768 29.767548635705985 29.497557628823422 29.13297566209001 28.688100613097227 28.194606330478102 27.7418708547216 27.62306769075356 27.919083731365152 28.622073052873105 29.683742394063827 31.040782589004813 32.62582622635129 34.370490339978645 36.20442608384368
23.778850389088433 22.67936153307539 21.73197352756379 21.070831688083512 20.848171240912666 21.108113532037695 21.707250308302946 22.476191882691722 23.30444926541996 24.12672684735559 24.899566506841627 25.592917676554457 26.191443209950766 26.686272928897132 27.07486738526672 27.360220003968287 27.554138919427313 27.682393614172785 27.790414494837613 27.935716103699605 28.147651580781343 28.416913641870057 28.722392895288774 29.032006272047216 29.31653143767239 29.548763269208127 29.711741139256752 29.798989512194694 29.805260269925878 29.71026154912981 29.507274958726992 29.19771387624851 28.78416837116855 28.287257286111732 27.736854490561562 27.350983218554443 27.355105200251707 27.79717957627936 28.68367544751512 29.955692231001258 31.53150881180024 33.33235120027998 35.28775799047024 37.32931775189506
23.484648449282467 22.24811052998716 21.09756580705529 20.194219593641314 19.914573118621202 20.39370714116889 21.233857672088842 22.17341731513542 23.112387971820443 24.003685212991783 24.818427149770248 25.53556032281738 26.138039752222486 26.617741342931662 26.970750135165606 27.199169280862822 27.311910410394084 27.33239207711224 27.319006528803307 27.38865546971678 27.6460931898923 28.017034682457847 28.404731843706287 28.77399004851484 29.098615003673363 29.362690619197608 29.548157810657123 29.648930215217824 29.642048684713597 29.518141004070035 29.27707265195987 28.922117928689637 28.46255017928056 27.909456378467794 27.31321368149981 26.991955504617536 27.068125532899618 27.611057655807315 28.665547363741396 30.155334450828736 31.95945411251604 33.98212527209436 36.15249472558174 38.40574516920354
23.418799246578857 22.097088942463923 20.77149357145781 19.485773281295955 19.000166716086113 19.968463496575684 21.059445512226677 22.12321575011004 23.12847617678066 24.054938004383757 24.885538628422875 25.605445093364953 26.20208562619814 26.664871891891885 26.986935167419148 27.16563579662612 27.203399367789395 27.110228409855843 26.921981533574723 26.838509386062498 27.222816559032463 27.74323344573823 28.21495826715927 28.627457144854198 28.97280694482829 29.248964110244934 29.444771480442995 29.535600084405978 29.50676625686301 29.35640033117221 29.08488998870001 28.694966720465487 28.19239635332315 27.58579847253591 26.977605937756838 26.68531361264134 26.766317764539348 27.33361606606948 28.55477445554644 30.29433178733037 32.33365186950291 34.56985136025065 36.94378806528974 39.39933700358938
23.637122780551305 22.347367477050252 21.06078106197057 19.850087179828368 19.42898350151522 20.296044644748033 21.35559195347046 22.40159541689364 23.3914275301719 24.302014875502458 25.115557630494056 25.817051599510656 26.39380308911891 26.835365833295583 27.13354664754673 27.282423741370643 27.27878835622151 27.12418921674025 26.830491193871143 26.493278851076717 27.11125113620482 27.697576893129504 28.179286680804516 28.587242147949116 28.923332634025318 29.18940092053191 29.37192958701348 29.437883999708912 29.384693071716857 29.211244623964227 28.9171376798349 28.503602523038396 27.97437575365341 27.336437779351545 26.758168462200448 26.49270170252071 26.538886518045103 26.961408993040198 28.414479135568836 30.443392384885236 32.68436334760705 35.09478481616679 37.63922256360323 40.26813650359241
24.12882943166462 22.981348649683408 21.922655245393482 21.10897207010365 20.86775677432322 21.309002715559703 22.102198851768332 22.999385276532514 23.895251380137626 24.739886921931593 25.503695864071386 26.166128206604277 26.7118180200255 27.129184749528573 27.410033705110987 27.54987457155981 27.54954692011874 27.42908898843659 27.255357377491595 27.200356028494905 27.49090017584852 27.911129314526868 28.308615254007822 28.661682054458105 28.957742076054554 29.189813688342593 29.329659993368917 29.3643392785224 29.285707047078485 29.091836926065834 28.781414228294267 28.354762062820438 27.81487265537588 27.169054372428974 26.65902705468876 26.473492675428812 26.60777360199647 27.151134305849418 28.63869079466354 30.716216969651228 33.03721148503006 35.547484519879625 38.208793921460476 40.947037923136975
24.820785951327505 23.85776825224953 23.035305694003632 22.47003632724488 22.2956518119844 22.551177803407224 23.112910035428325 23.827971505733146 24.59074292755041 25.337257324753526 26.027465193935758 26.63455643988427 27.139805438898314 27.53030322958874 27.798300550307776 27.94207210551684 27.981297329789722 27.940038391496845 27.86985626384641 27.87910324085451 28.041143830664538 28.290204289267724 28.565667824404784 28.83183280497892 29.064671117985014 29.235844031309178 29.320470610927195 29.316039144479877 29.21158035939494 29.00050811105922 28.680621264927712 28.25176590620052 27.717371603876988 27.09238310018531 26.66382699714501 26.594163328801663 26.906772661996026 27.708015138866777 29.13133157651154 31.075051359802746 33.361997027344145 35.89526903849837 38.597742143604655 41.38906114591669
