_KRIGING/CROSS_VALIDATION_CLASSIC_CLR/Berg/TZ/train_4/Berg_TZ_4_train_z_250.asc
ncols 100
nrows 90
xllcorner 5.6208707817415728
yllcorner 50.959635321741573
cellsize 0.00013419651685393446
nodata_value 1.7014100000000001E+038
[rows 0 to 18 of 90, columns 43 to 85 of 100]
3.3429431018144813 3.1944378759877079 3.0310630048225784 2.8602782976350642 2.6900815904451774 2.5283707175639574 2.3823257237232811 2.2578782427492801 2.159322139703205 2.0890997497400896 2.047774605217195 2.0341781219618555 2.0456977879492362 2.0786606199204982 2.1287594731871513 2.1914713060069273 2.2624245835976433 2.3376856320419241 2.4139484492545211 2.4886268097893938 2.5598594568616644 2.6264474517114698 2.68774683897791 2.7435399202606696 2.7939054047456127 2.83910264783602 2.8794792924558434 2.9154059522454263 2.9472369007555779 2.9752924926247841 2.9998573455657072 3.0211879914537079 3.0395244230156768 3.0551013087233292 3.0681562260119435 3.0789337516033202 3.0876854355379821 3.0946664734881679 3.1001302776745971 3.1043221962208642 3.1074734463160878 3.1097960177768735 3.1114789660544551
3.4563718061751434 3.3127266327668501 3.1508590708293447 2.9782608627373284 2.803133884900431 2.6337258796639187 2.4776774922323535 2.341451961693032 2.229905925773787 2.1460394021342042 2.0909385312075308 2.0639000221013131 2.0627051235918685 2.0839961838439667 2.1237020273535947 2.1774596028562616 2.2409874792766793 2.3103796755198314 2.3823034200527626 2.4540991940548444 2.5237937190970703 2.5900450437890719 2.6520430399400103 2.7093886917118812 2.7619723953215445 2.8098662609636271 2.8532393722409326 2.8922992093079829 2.9272577776766395 2.9583178385402151 2.9856730917027701 3.0095160230171887 3.0300480227251096 3.0474878690057983 3.0620763362210512 3.0740762019705867 3.0837680833242169 3.0914432447200424 3.097394804172529 3.101908706200212 3.1052555486090387 3.1076839676939079 3.1094159040449938
3.5419907366667669 3.4070322435154585 3.2506754011388086 3.0802969731475791 2.9041618987477378 2.7307413261128035 2.5680317809206965 2.422950627105136 2.3008701942880601 2.2053321360109051 2.1379583179435109 2.098548918396725 2.0853363321164338 2.0953478921527475 2.1248230201284475 2.1696313476849918 2.2256464275576064 2.2890426859794593 2.3564985840401382 2.4253039148998434 2.4933816058879419 2.5592429274138881 2.6218991154178486 2.6807523764387371 2.7354859546225168 2.7859676239973812 2.8321749126158098 2.8741446829259143 2.9119451788138235 2.9456657152777774 2.9754178804678508 3.001342207872117 3.0236153528077567 3.0424544082536364 3.0581166945161025 3.0708948316854734 3.0811079612600567 3.0890905609146566 3.0951804355542922 3.0997072769844802 3.1029828002170801 3.1052930178621212 3.1068928083646599
3.5883907764690957 3.465751653663113 3.318867664314217 3.1548622319857476 2.981925623881307 2.8086235698745838 2.6431959628424648 2.49292396839334 2.3636313271059564 2.2593646019876577 2.1822713092148076 2.1326685343776957 2.1092718124590295 2.1095378477362337 2.1300667935744677 2.167010477836679 2.2164409183005223 2.2746464756883222 2.3383382968942499 2.404764614939678 2.4717428083417792 2.5376274936605627 2.601236843221681 2.6617591173645261 2.7186580149998036 2.7715901395010523 2.8203419494516195 2.8647881212643105 2.9048690555266443 2.9405826759099227 2.9719846961676195 2.9991918870898884 3.0223841226646178 3.0418026448130639 3.0577436374892395 3.0705475407269498 3.0805854026704376 3.0882439354347166 3.0939108834484266 3.0979619652605361 3.1007501640040083 3.1025976539392186 3.1037902588167947
3.5870548790126282 3.4798595301287119 3.3460235745073419 3.1923030009254001 3.0266951002046101 2.8577446077121103 2.6938284249315831 2.5424998479017544 2.4099609933450488 2.3007110003744522 2.2173914164534896 2.1608233531084968 2.1302076780056884 2.1234428908556318 2.1375071687675735 2.1688515236749311 2.213758813613552 2.2686361840741593 2.3302235951741288 2.395715702242847 2.4628063292299691 2.5296727641506225 2.5949206900628301 2.6575101421931935 2.7166794412926034 2.771878880488635 2.8227203279166391 2.8689439134128936 2.9103992908261347 2.9470368965681155 2.9789040855196331 3.0061416823943707 3.0289778720073652 3.0477179858905474 3.0627302279347992 3.0744284577493897 3.0832537081174376 3.0896561761973382 3.0940791143892152 3.0969455195900357 3.0986479442957222 3.0995412635405604 3.0999379113577605
3.5338966995415291 3.4444151732926036 3.3264194868238945 3.186225833110699 3.0315580810950502 2.8708557992641524 2.7125494220913584 2.5643856818647652 2.4328744832478444 2.32290725084414 2.2375703742623587 2.178150242283956 2.1443027563156187 2.134343388316716 2.1456055512260805 2.1748153919916691 2.2184387513496961 2.272968590247733 2.3351358378970692 2.4020406711149578 2.4712125753363861 2.5406149149471959 2.608612835761714 2.6739226264978795 2.7355572270743975 2.7927776856580984 2.8450552839361301 2.8920447519627235 2.9335660683896796 2.9695909647497594 3.0002302526491418 3.0257190705474146 3.0463986098419076 3.0626943648047069 3.0750921097117461 3.0841134493401423 3.0902928840435706 3.0941579723876504 3.0962135342142236 3.0969301101905309 3.0967362540451067 3.0960138022689394 3.0950950986433785
3.4304390037692691 3.3597331024892299 3.2591694268336022 3.1346115162538002 2.9934862753358091 2.8440943898234394 2.6948771053068379 2.5537245510386795 2.4273990077073417 2.3211252614507325 2.2383735488076413 2.1808332459443065 2.1485517341119866 2.1401960420492125 2.1533866242648907 2.1850529962702616 2.2317684594791478 2.2900333589712929 2.3564903791470391 2.4280686389651036 2.502063792289106 2.5761678665613497 2.6484650194488255 2.7174083751332301 2.7817897373591505 2.8407095594530878 2.8935502594535469 2.9399526534540286 2.9797933727220238 3.0131606498542798 3.0403265090459763 3.061714699978662 3.0778651646045727 3.0893969967358483 3.0969724797200984 3.1012647831679425 3.1029313426265146 3.1025940249550725 3.1008261353420536 3.0981453785853983 3.0950112225133335 3.0918248209371173 3.0889297481881206
3.2843902957282172 3.2319840190734039 3.148844647290689 3.0404458606296183 2.9139684255395899 2.7776085202656926 2.6398329663741711 2.5086688370862325 2.3911030199911005 2.2926457135803524 2.2170848253417459 2.166430644722821 2.1410264143114066 2.1397837617447566 2.1604939785206687 2.2001666976210652 2.2553550153505508 2.3224379603844554 2.3978445580201102 2.4782159820111795 2.56051157686945 2.6420699730745776 2.7206381520677647 2.7943799315458788 2.8618721384924219 2.922092998205768 2.9744040597846046 3.0185249727106633 3.0544998403136479 3.0826545169804831 3.1035456295383366 3.117903725358949 3.1265742637457565 3.1304608151554003 3.1304746692409395 3.1274941406867542 3.1223354247866526 3.1157352034239905 3.1083436571067047 3.1007253653435294 3.0933649435399539 3.0866742229147572 3.0809982759888577
3.1094336118118564 3.0730470656278053 3.0053939662324014 2.911708836291286 2.7990647812856766 2.675669394658164 2.5501001874883924 2.4305699599097768 2.324300092047058 2.2370573757077548 2.172882305781223 2.1340087501503646 2.1209511442500339 2.1327190145424195 2.167111157347362 2.2210428116204763 2.2908668202710762 2.3726613467720377 2.4624692780908584 2.5564855001134656 2.6511961277484533 2.7434778843426235 2.8306664776263801 2.9106010150514727 2.9816485537980739 3.0427100477830287 3.0932071547387965 3.1330490310902359 3.1625793050142059 3.18250542673825 3.1938148923939735 3.1976847564657591 3.1953918749298804 3.1882311972859618 3.1774481711482743 3.1641891974915266 3.1494714919414983 3.1341711328497377 3.1190259305578873 3.1046483381258421 3.0915430914305952 3.0801246067784387 3.0707302319192396
2.924139506751982 2.8995295563367716 2.8432862375288144 2.7606494812391693 2.658817212937409 2.5462122875031952 2.4316844887207019 2.3237420669067124 2.229893681982567 2.156157883968997 2.1067683637248615 2.0840744900630872 2.088612771196849 2.1193089801088387 2.1737639704612768 2.2485779848763379 2.3396763493768464 2.4426108925209826 2.5528232194847291 2.665865705153819 2.7775823479400028 2.8842541685065823 2.9827133238207741 3.070427820580484 3.1455561084578605 3.2069691430074414 3.2542374617815311 3.2875825415540252 3.3077947801928564 3.3161240910916767 3.3141524082573612 3.3036595881520885 3.2864947618550557 3.2644640128327671 3.2392425683556105 3.2123160076184458 3.1849509610136177 3.1581920593139703 3.1328790289033179 3.1096761651021376 3.0891060698844699 3.0715804190450262 3.0574223634291871
2.7500452771309281 2.7309959628057729 2.6799157316592037 2.6023857734456364 2.5060522190819263 2.3998416113957299 2.2931108509311722 2.1948316728578741 2.1128941225918147 2.0535875541169144 2.0212868831034374 2.0183419409304637 2.0451436321284255 2.1003252590239869 2.1810517468991524 2.2833524501480991 2.4024621309319789 2.5331462812228338 2.6699980671421049 2.8077025026139877 2.9412679088159646 3.0662254326522689 3.1787955044034559 3.2760172508493559 3.3558346850807048 3.4171331720066229 3.4597217247726997 3.4842608778149176 3.492141355597246 3.4853243263781621 3.4661584974544093 3.4371917416200093 3.4009948705746211 3.3600126355834146 3.3164525463599572 3.2722164787629602 3.2288742394237753 3.1876731598944117 3.1495740874801958 3.1153022160827346 3.0854011363375742 3.0602800777690398 3.0402471533814817
2.6090855342233743 2.5875852363324636 2.5334407770117187 2.4529889049883034 2.3547238155444541 2.2484337667514929 2.1442765031572391 2.0519009640581833 1.9797041729480007 1.9342830254487788 1.9201071429413918 1.9394073349256784 1.9922495956615967 2.0767499175943271 2.1893810507743101 2.325326979102079 2.4788511228371073 2.6436563665676935 2.8132256088698577 2.9811384124609583 3.1413617497838375 3.2885114464486778 3.4180773917509129 3.5266019946792353 3.6117995941336885 3.672605771485995 3.7091500076011759 3.7226521927130225 3.7152517692277351 3.6897860962843838 3.6495404149316721 3.5979944637993846 3.538589905431345 3.474538526149308 3.4086845013225107 3.343426070452705 3.2806940446306099 3.221977839008173 3.1683850374348905 3.1207182995552483 3.0795537383717662 3.0453073937577306 3.0182805096975844
2.5206906658312649 2.4873204022924389 2.4203424889565097 2.3273180502414226 2.2180390956538645 2.103555863192347 1.9951533638652696 1.9033940010272277 1.8373203759395409 1.8038787815760173 1.8075865851473027 1.8504326991235933 1.9319750379741993 2.0495851068557203 2.1987876959748345 2.3736506486455946 2.567191883670036 2.771783945822726 2.9795466969768034 3.1827241918728815 3.3740419492695866 3.5470369959313581 3.6963475549007807 3.8179447017502204 3.9092869098986505 3.9693813412445218 3.9987429684403901 3.999252953246442 3.973929183234703 3.9266322510948006 3.8617374703408611 3.783806454647439 3.6972899368184686 3.6062873604466681 3.5143795568569347 3.4245401565770495 3.3391209936264508 3.259898133650931 3.1881593448049435 3.1248113402665574 3.0704859189109026 3.0256277263238243 2.9905519432526102
2.498963237933995 2.443501359572374 2.3530696029134655 2.2369421149843713 2.1066702098643137 1.9749696372763959 1.8545746960626843 1.7571873349990046 1.6926211005361775 1.6682004416106873 1.6884337713381683 1.7549416670698506 1.8665954498754118 2.0198088319071514 2.208925775839881 2.4266578712636875 2.6645395100204903 2.9133838448511904 3.1637329166424708 3.4062993270885666 3.6323945027658553 3.8343319191134615 4.00578574327346 4.1420795115667532 4.2403782598098694 4.2997622031678207 4.3211702657207622 4.307215734318409 4.2618914001932247 4.1901948634273083 4.0977137405040081 3.9902137851229584 3.8732700253934347 3.7519726948660646 3.6307276340913219 3.5131570958487854 3.4020936890772253 3.2996494095455553 3.2073346128969451 3.1261989718277432 3.0569678252296386 3.0001522097166227 2.9561182105156254
2.5503753746674143 2.4625994362321162 2.3381572094042573 2.1885006291937472 2.0273660118288976 1.8694933290377254 1.7293383934213917 1.6199188460797167 1.5518995940595275 1.5329769016990822 1.5675723826559524 1.6568075421693278 1.798702518274867 1.9885317866412775 2.2192735021441159 2.4821034597647769 2.7669033304594741 3.0627698432098969 3.3585224144004666 3.6432092809183274 3.9066070597422407 4.1396986346767637 4.3351034038489518 4.4874263103502781 4.59349079404367 4.6524271600069458 4.6656011894836871 4.6363857448526407 4.5697972115929977 4.4720352380311956 4.3499753379245263 4.2106676675315322 4.0608913061099488 3.9068026964570635 3.7537016534382239 3.6059212078869516 3.466831238863306 3.3389326489831488 3.2240103070801025 3.1233098001045834 3.0377050412325799 2.9678301230095734 2.9141581606072764
2.672388954684406 2.5430279838600205 2.3751604162298499 2.1828072668145122 1.9822266236563753 1.7904435190654615 1.6238082607301392 1.4967376384364561 1.4207497410593568 1.4038482713701859 1.4502575205489876 1.5604645990863917 1.7314978425923799 1.957361781014475 2.2295574478001745 2.5376364168961763 2.8697603811513019 3.2132581902437405 3.5551839080996634 3.8828805353821512 4.1845457176508791 4.4497817732589651 4.6700978533583317 4.8393220412971125 4.9538793867197919 5.0128997102970931 5.0181355233928953 4.9736925336380811 4.8855986691741426 4.7612578720501864 4.6088483911723932 4.436729748273013 4.2529175669183505 4.0646723687815287 3.8782298652251184 3.6986794876053688 3.5299782061542686 3.3750708477781002 3.2360779965274924 3.1145089484187132 3.0114598812672613 2.9277653461450495 2.8640827776782087
2.8532844185696868 2.6750475118400674 2.4566300724102579 2.2148889391132665 1.9687982097100765 1.7377784534950385 1.5401002409257565 1.3915297008482623 1.3043302635077128 1.2866703319476276 1.3424244302335939 1.4713067201768686 1.6692478817030842 1.9289211177205088 2.2403371524736979 2.5914543155975274 2.9687791335178844 3.3579568523603642 3.7443641308995517 4.1137156552462759 4.4526844148935441 4.7495166736774603 4.9946036423539004 5.1809586739394762 5.3045458656587021 5.364414938198796 5.3626168865710939 5.3039013975959861 5.1952251957303757 5.045124902602045 4.8630242420216518 4.6585508694948832 4.440932305015429 4.2185249975976724 3.9985085749609421 3.7867527449961882 3.5878410420417266 3.4052169324046622 3.2414059169702929 3.0982631477806528 2.9771994612668218 2.8793483882993289 2.8056507156125425
3.0733071845778941 2.8418913427825165 2.5691919737082465 2.2749966549916492 1.9809991335836976 1.7089300304716568 1.4788184798037021 1.3075642182138667 1.207934916403838 1.1880286458537288 1.2511713341510315 1.3961665400861039 1.6177875550190892 1.9074011185530759 2.2536333097850321 2.6430224440075625 3.0606402361266625 3.4906911841820909 3.9171144071940214 4.3242099078332732 4.697294910409294 5.0233716037325804 5.2917630865817422 5.4946570081082191 5.6274915856580412 5.6891283411749853 5.6817784581860487 5.6106806267475404 5.4835614088721183 5.3099380974439638 5.1003434953400717 4.8655588888265591 4.6159351707474539 4.360864428889057 4.108438990857028 3.8653064726037556 3.636702397717988 3.4266202806963753 3.2380652963559244 3.0733329310751794 2.9342580710839163 2.8223914143701467 2.739076675026789
3.3070306478506248 3.0219961863207931 2.6956008966104008 2.350448302124204 2.0107285154025227 1.7001684436421289 1.4401802407447883 1.2483964071729483 1.1377029740699793 1.1157962611994616 1.1852108500301011 1.3437106654319431 1.5849094594126285 1.8989922823066161 2.2734395803667624 2.6936993744742574 3.1437976893122759 3.606911497761506 4.0659443723891044 4.5041406607991981 4.9057526197894372 5.2567439816050152 5.5454822615042003 5.7633496255209682 5.9051945839588207 5.9695565142141094 5.9586202320022936 5.8778932697370028 5.7356369309745183 5.5421160527126814 5.308755547780156 5.0473005216264433 4.7690703283101596 4.4843773999727414 4.202153185397016 3.9297912855887693 3.6731871439276107 3.4369288722252573 3.2245779992077486 3.0389734845951537 2.8824970152261553 2.7572508176961303 2.6651184634117984
