_RESULTS/REVERSE_NEW/MHZ/GZ/1comp/MHZ_GZ_z_710_kriged_reverse_1comp_test3.asc
ncols 100
nrows 74
xllcorner 5.5967023332191781
yllcorner 50.982320383219182
cellsize 0.00019249356164376555
nodata_value 1.7014100000000001E+038
[rows 18 to 35 of 74, columns 0 to 40 of 100]
0.01640181208520616 0.02061101358863955 0.023567849658323935 0.02385405360389819 0.021188974382703892 0.016780247254186954 0.012334355821942478 0.008931187452547153 0.0068241578760575424 0.005873635845629032 0.005979603061526234 0.007355201560412269 0.010792560854248463 0.01801886849521461 0.03175151216836785 0.05398006069088698 0.08116982279582255 0.10104996436072577 0.10087271370045811 0.08135098604977492 0.05536496274990857 0.034067934300789145 0.02051787699128667 0.013031066656903664 0.00925390128184649 0.007621723282818078 0.007377587527346983 0.008321233868005307 0.01063893503741892 0.01476761313797404 0.02108097539852626 0.02917994542378969 0.0370656147429581 0.04142743452606542 0.03988435084214101 0.033185226101578445 0.02449351042734654 0.01672364090478105 0.011078064644724597 0.007433898874805907 0.005216524509918663
0.01858201805194825 0.023298233940329687 0.02616114124478927 0.025548529414558676 0.021544352595526204 0.016013908444075964 0.011008852797697376 0.007498735554432144 0.005469831637567774 0.004589939778503584 0.004662472894758215 0.005842618574672956 0.008862720694313804 0.015398167153256865 0.028203656630559425 0.04950084602542981 0.07611678144629909 0.09599262844161532 0.09634277887790746 0.0777154034192452 0.05272157604031579 0.032243019076430665 0.019227474434851476 0.012022401907966097 0.008335200248222343 0.006626213035900035 0.006102664997221357 0.006442096692647429 0.007579088065276533 0.009539371244092761 0.012235884334867159 0.015215984693983024 0.01755907195750318 0.018241784736994702 0.01686628435963872 0.014005611244884319 0.01072784054741733 0.007869257334265946 0.0057515406350787035 0.0043335105040768354 0.003446455966908302
0.022229185085254375 0.027788528103881913 0.03037806738253561 0.02810707598359185 0.021872985549769446 0.014701767994387358 0.009051277272242711 0.00554317394928803 0.0037005380638717345 0.0029250958170936618 0.0028976903352349592 0.0036643026937278745 0.005767741395149293 0.010584280190656626 0.02060887770835275 0.03832283229126079 0.061810813176968016 0.08070374607554466 0.08277951724644608 0.06750224748744206 0.045909946202202 0.027976829290448722 0.016540175501934613 0.01019970462732302 0.006927444011184565 0.005345205226140999 0.004719485970774038 0.004704227335573647 0.005140219178936857 0.005918185865930241 0.0068730863799686265 0.007725661300882678 0.008135592417201694 0.007878672263207062 0.007005330061952529 0.005804243826055041 0.004604448429250479 0.0036140008129760433 0.002896557929170138 0.0024303370929076645 0.002168643391864549
0.02763614238921293 0.03432028915716031 0.03612296648124277 0.03103936355982614 0.021652226640748753 0.012683824583839326 0.006707725258895215 0.0035405344785875547 0.0020826205090142295 0.0015062793084718708 0.0014309634971094503 0.0018205573705286184 0.0030037137072632543 0.005943277106731423 0.012641831964085986 0.025651266967516653 0.04461243246004333 0.06169233008806753 0.06572614611402904 0.05469640046399428 0.03744079420043319 0.02274054334769453 0.013315736437599444 0.008098144871277236 0.005402919827092575 0.004073177264333126 0.003485151455775338 0.0033282804851032517 0.0034367995934863793 0.003688391211141614 0.003951656326062158 0.004083887530171736 0.003978904197939947 0.003625098801497314 0.0031108540123816067 0.0025651179766951176 0.002089030952659104 0.0017293989998490886 0.0014916063435773002 0.0013637567225119245 0.001334461701228183
0.03455659623802366 0.04229087239197065 0.04227630422988525 0.033067117356706206 0.020137722055561146 0.009961720209185143 0.004372973164293389 0.0019239882670135985 0.0009690142078493754 0.0006284171126059779 0.0005672369729290697 0.0007280477180916536 0.001276604033492151 0.0027852402223906983 0.006651552782237001 0.015151220980839326 0.029158811785642336 0.043601917820535595 0.048945321343839006 0.04189793751973928 0.028942934534809135 0.017511814531631625 0.010142344948651764 0.006084795455214617 0.004003459447411557 0.0029752326328389587 0.002503092320670713 0.002336356963793204 0.002336117129127078 0.0024012242045630687 0.002439954567676864 0.002378839598746491 0.0021901861453089318 0.0019040780027605177 0.001585397877246744 0.0012951020455250878 0.0010673893893085934 0.000910869069046385 0.0008209706860081832 0.0007913436267380068 0.0008209496365529749
0.041661529079180436 0.04962425383814304 0.04642312640932243 0.03249064263878701 0.01694662852058974 0.00693697672547458 0.0024775221881359263 0.0008924123932788388 0.0003795619227697337 0.00021902079881435665 0.00018780165629166928 0.00024502509033840305 0.00046332171979057853 0.0011368005773641642 0.003116595883212393 0.008146853372588605 0.01768822469385085 0.02903147364916825 0.03467487984514972 0.030679485188757523 0.021408827341240663 0.012890561679265533 0.007378174383685778 0.004373154525442234 0.002853886151811897 0.0021147528440790845 0.0017806316451883135 0.0016636137236007427 0.0016580596774470064 0.0016857352314883212 0.001679061984721322 0.0015924660033560384 0.0014208675878867292 0.0011985322827907895 0.0009739375403715996 0.0007832829752014702 0.0006415207829739475 0.0005484067855098873 0.0004981342727896842 0.0004861852535240246 0.0005133187381127708
0.04651421548800447 0.05312040168990883 0.045894010191063955 0.02844458136997323 0.0126195138170356 0.004260830853792194 0.0012383363764255533 0.00036634717028188554 0.00013233479320002238 6.84807503048031e-05 5.63238639791911e-05 7.554336225120724e-05 0.00015594635801222784 0.0004357585879611047 0.0013880138808474662 0.004207382834833022 0.010388020473634909 0.01880692880686045 0.02394537713584863 0.021882367890386844 0.015389851909226638 0.0091992863982019 0.005199341761598517 0.003052308581736066 0.0019902948698760966 0.0014901399901560673 0.0012805332506709973 0.0012285321055811717 0.0012582360625837542 0.0013084380403301198 0.001321593440559704 0.0012580512779970978 0.001115651961395778 0.0009280364715108506 0.0007395515640581064 0.0005810317022311794 0.00046346974951462136 0.00038486569603273885 0.00033901353221001476 0.00032109056261138294 0.0003305668235440813
0.04684267257634843 0.050559112263870595 0.04001745422994001 0.021969080887690725 0.00836835189270934 0.002372453228736588 0.0005748207617043982 0.0001435500651752577 4.526032701599718e-05 2.15199005177122e-05 1.730516130409268e-05 2.4172448845468444e-05 5.4856714618689607e-05 0.0001748680772401745 0.0006455911846410323 0.002257001241186374 0.006289959711683561 0.012452970429431326 0.016747872495720035 0.01566798744981341 0.01102056231385155 0.006504414404553085 0.003622987774820029 0.002112108181510937 0.0013872489417896166 0.0010642107570263228 0.0009520907250990324 0.000961875799896135 0.0010423057196971381 0.00114389525614297 0.0012085414482830277 0.001187299090998627 0.0010695682771870254 0.000888965649990164 0.0006964804719557225 0.0005298103126943424 0.0004035017191833279 0.00031614863571589066 0.00026061454672412896 0.0002304016633906058 0.00022246792357744915
0.04238901611690463 0.04281593717256301 0.031058398735987678 0.015306134039223889 0.005143913631113932 0.001273781469485784 0.0002698871205618999 5.9847618148982174e-05 1.7267698165712454e-05 7.840241767411756e-06 6.327130000845813e-06 9.316871435699104e-06 2.321954556687759e-05 8.344465779393717e-05 0.0003502037251552963 0.0013790661116982713 0.0042307014929910194 0.008939190347001583 0.012420667421522976 0.011672894941389381 0.00809121152701868 0.004669036735172492 0.0025520982938089833 0.0014800913216282837 0.0009870489289704521 0.0007867199134141608 0.0007469482020776212 0.0008134278082172711 0.0009571844675569505 0.0011387643384826941 0.0012909274940981715 0.0013377897160364188 0.0012440188750471098 0.001041900617851511 0.0008023932018577654 0.0005856587333659712 0.0004186266488130233 0.0003022629145114998 0.00022678045089144554 0.00018166645274773926 0.00015974395370418464
0.035195584346154905 0.03319473645977337 0.02230526106044981 0.010133888261121535 0.0031374301993236315 0.0007187670087417678 0.0001423340832817066 3.0000908998517615e-05 8.423447415244517e-06 3.830119459363329e-06 3.192285881597053e-06 4.9957902760913885e-06 1.3522253365447783e-05 5.3355919181913235e-05 0.00024539181042575387 0.0010439924273837912 0.003379306388687833 0.007322888978955128 0.01014964561733338 0.009308190948668514 0.006219460569306357 0.0034580026117125183 0.0018420700188817526 0.0010634919280240681 0.0007256688140419714 0.000609216651244227 0.0006251681428846783 0.0007495780479018342 0.0009794524541811556 0.0012907670409397075 0.001600347009646017 0.0017759983739780581 0.0017216797291800677 0.0014587363958001006 0.001101971463912191 0.0007659816609223119 0.0005078636675222271 0.00033303218951748654 0.00022382555243148996 0.0001598751268516606 0.00012604612591562487
0.027917534111894814 0.024756008851170394 0.015729604055854617 0.006837136418216892 0.002058173669310157 0.00046695639482460176 9.326860215361799e-05 2.0161977965880196e-05 5.888007508087014e-06 2.8155794500541195e-06 2.4869780690656332e-06 4.139988380138159e-06 1.190522603502416e-05 4.955215245235443e-05 0.00023716101690535356 0.0010297895767197092 0.0033234791300595598 0.007009394889204925 0.009260076005401083 0.0079854648268015 0.005002001722487172 0.0026312157817540804 0.0013541766035153405 0.0007784823909646793 0.0005478648887342769 0.0004912774080752375 0.0005547106317579359 0.000746745151485088 0.0011044799995504502 0.0016400297743342724 0.002254387339076365 0.0027045173308655893 0.0027470444779248713 0.0023572396272107544 0.0017435373815377889 0.0011501695230758527 0.0007047499604720597 0.0004185678710880937 0.0002516956109391484 0.00016033567585388425 0.00011340647951219288
0.022218351292886337 0.018809080084082695 0.011618230440837572 0.005040762801280465 0.0015621051702985455 0.0003760206508074634 8.164079390964286e-05 1.9462090046862034e-05 6.285099322911168e-06 3.296200981357735e-06 3.1396531018013556e-06 5.511310173524199e-06 1.6300684978856737e-05 6.802482872336012e-05 0.0003183678208778676 0.0013198906712051715 0.00397875793087381 0.007694851177196694 0.009206806134199792 0.007165237873499383 0.004082167938381616 0.0019929613841154796 0.0009825700239517942 0.0005631376858944978 0.0004125550125798494 0.0004011187661351988 0.0005074627637697427 0.000781468170918176 0.0013308127322387245 0.0022576478094381487 0.0034749236674901773 0.004533708772639769 0.004839247377343472 0.004211118413186462 0.0030541335086155925 0.001918579207595872 0.0010938417842640802 0.0005948538486143396 0.0003247544323552446 0.0001876303645691884 0.00012105270320963323
0.018557209985162162 0.015314940101867394 0.009481504763227113 0.004279921728008357 0.001438304992349845 0.0003900209050071065 9.800818185758588e-05 2.731778388768979e-05 1.0221358455965088e-05 6.045840854068439e-06 6.240603827927108e-06 1.1333033371621289e-05 3.310209815041125e-05 0.00013083374874857688 0.000560206586842269 0.002068626871854255 0.005448538459896906 0.009101556175339039 0.009378496383358218 0.006331988923469088 0.0031903370378271057 0.0014217681804873392 0.0006676327606866298 0.00038292698166353243 0.00029536198869659205 0.0003164946208981637 0.0004569751598606909 0.0008195512994811873 0.001631806188715185 0.00319983471649532 0.005558715316977651 0.0079274356594198 0.008926647690543008 0.007915491421816316 0.005673919998935021 0.0034384217622372482 0.0018590893584775631 0.0009492028319593193 0.00048463536015747657 0.0002620934148471519 0.00015890516210330825
0.016770981368428382 0.01380476056164343 0.008814537210764152 0.004285851803016815 0.0016258554106012718 0.0005186588131105434 0.00015743722484486803 5.324785383184933e-05 2.3689592547719428e-05 1.596085488992514e-05 1.7692879180259552e-05 3.231115238841646e-05 8.907787217777176e-05 0.00031481115058730686 0.0011567483748579292 0.0035661785935927936 0.007725908191233785 0.010576043298805998 0.008993089749308979 0.005102455583854576 0.002226823385093004 0.0008967037311392886 0.0004008447717869395 0.00023182472955289536 0.0001908143919728617 0.00022915167866783049 0.00038424306189190484 0.0008153122159401697 0.0019223337468954676 0.004397899513125447 0.008680277363981293 0.013608708975482994 0.01628097937561303 0.014872805113184498 0.010716906075893587 0.006419172785913598 0.0033980280080854754 0.001692475490286872 0.0008429625164958868 0.0004451755402669853 0.00026350513936207893
0.016592277619205033 0.013910862405371208 0.009371271450155096 0.005026838781710712 0.0022052053499420207 0.000846675487783269 0.0003164809147090108 0.00013156260190172402 6.983806174924121e-05 5.314975576862026e-05 6.192180668279935e-05 0.00010986807683586017 0.0002732626844116732 0.0008195836987086061 0.0024465399387155347 0.00597343325347262 0.010156257145168001 0.010963484267615974 0.0074761837889610674 0.003499400065871835 0.0013112030069018952 0.00047693373443991483 0.0002043034143666138 0.00012053738118496781 0.00010741774809103136 0.0001467649114662921 0.00028970668240072293 0.0007351419824331762 0.0020679847237696823 0.00554771495429743 0.012495746122991716 0.02167294887939283 0.02785316845081689 0.026693164404813046 0.01986229591010433 0.012189474669327365 0.006600790502812169 0.0033691185106650852 0.0017223028380286682 0.0009317719761957744 0.0005605853120335456
0.017878260306594406 0.015516236843018507 0.011187526878076434 0.006695326103061041 0.003420737458994883 0.0015841129237727427 0.0007266195617697538 0.00036767963336419056 0.00022909256511347798 0.0001923916215869945 0.00022858680260424505 0.00038013797456123126 0.0008195345941355167 0.002001234862651777 0.004663533374066054 0.008706469290166618 0.011299253475551281 0.009438880569670065 0.005113237161922459 0.001973243261797611 0.0006390405866681536 0.00021247203277608275 8.851216683689827e-05 5.408974507372036e-05 5.290051452940171e-05 8.307760534884415e-05 0.000194202590716322 0.0005903188196767693 0.0019783275038671964 0.006208597236883968 0.015955701074536394 0.030778257652712075 0.04308186192441675 0.04438701436071027 0.035348491033649114 0.02327214843451115 0.013598166067336234 0.0075260891375512175 0.004170513644915393 0.002423892992421538 0.0015365195739404397
0.02067534013585887 0.018756731166692776 0.014547379054249165 0.00970057579701967 0.005723300030180811 0.0031468832019407645 0.0017324566624483658 0.0010383929340235828 0.0007364306778950961 0.0006605368815519085 0.0007742934957556028 0.0011685364192148286 0.002118920541956783 0.004103003079322219 0.007309430796269008 0.010292143069132936 0.010143255753070077 0.00658333436126734 0.0028693814979068497 0.0009311678089893427 0.0002669995494862738 8.32100098730494e-05 3.448712859758784e-05 2.2216303906021627e-05 2.4094209504757652e-05 4.3592548645601646e-05 0.00012003137594792769 0.00043218032854865844 0.0017012466445201979 0.006164164749528467 0.017933058730156052 0.038529564665286266 0.05956146566460896 0.0678327655693107 0.06025176233074998 0.04483104974270607 0.02996346035462064 0.01906909601252282 0.012075127609013515 0.00785720114806873 0.005385092383219086
0.02527119843207969 0.02402924657988194 0.01996324559510734 0.01464741930033025 0.00976833336094096 0.0061924939639701445 0.0039497682076075225 0.0026985772042819535 0.0020964522005891264 0.001938437144059006 0.0021748112513640494 0.0029083291598658288 0.004362997243253902 0.006641806989268276 0.009044335647911503 0.009691174926173897 0.00738713900139871 0.003828829713197488 0.0013907880921131017 0.00039509501465459355 0.00010452271974904438 3.170524243477019e-05 1.3468855723301276e-05 9.317109637641762e-06 1.126544188155735e-05 2.3300880457238506e-05 7.416196509232498e-05 0.00030806217853333287 0.001383600855293769 0.005637850961320328 0.01823415688755775 0.043400386137836644 0.07485566613394137 0.09677324058775784 0.09991774807014941 0.08850857333711239 0.0716091587295172 0.055315608832487616 0.04184935013472285 0.031397379529922456 0.023528568934273388
