_RESULTS/REVERSE_NEW/MHZ/GZ/1comp/MHZ_GZ_z_180_kriged_reverse_1comp.asc
ncols 100
nrows 74
xllcorner 5.5967023331506844
yllcorner 50.982320383150686
cellsize 0.00019249369863007826
nodata_value 1.7014100000000001E+038
[rows 0 to 18 of 74, columns 43 to 85 of 100]
11.63074377809685 11.606191843259646 11.5809245933955 11.555263889504124 11.529446095126701 11.503519809056156 11.477246439034195 11.450123821414778 11.421623497432089 11.39163096800067 11.360947006192927 11.331615678443837 11.306853837719885 11.290487833667129 11.286011478093052 11.29556701360661 11.319218245765745 11.354791042168014 11.398342318111334 11.44508271521429 11.49042552408919 11.530827328914954 11.56421313703413 11.589963135295532 11.608585885875732 11.621260607449026 11.629406083363975 11.634367384754116 11.637244451270936 11.638840572032278 11.639688666251619 11.640113511628703 11.640299369828451 11.640346268575168 11.640309314625112 11.640222154711202 11.640108638466533 11.639987206437109 11.639871739534835 11.639771375934412 11.639690598804563 11.639629972794143 11.639587356127823
11.619718907395123 11.58342735855568 11.546126070627203 11.508789571479937 11.472454362290087 11.437993642452902 11.405839026919077 11.375834580286988 11.347383442290528 11.319916770076336 11.293534361413148 11.26952940035268 11.250499411883432 11.239888336914616 11.241048320186577 11.2561400080442 11.285288477865262 11.3263246358981 11.375210237620335 11.426978331552741 11.476840534504834 11.521092530116471 11.557581804552955 11.585703180888636 11.606052684964844 11.619936890892326 11.628909183955358 11.63443256481377 11.637695776692357 11.639559654293773 11.640588508829127 11.641121113496478 11.641347560656493 11.641372951480115 11.641261055812748 11.641058874038333 11.64080683931316 11.640540392417332 11.640287957578423 11.640068796126359 11.639892462822548 11.63976012246423 11.639667086520834
11.60193248729944 11.550396217833502 11.497338579394903 11.444735421463134 11.394877208481192 11.349950571987412 11.311481044883717 11.279914414163045 11.254597406815515 11.234251060233706 11.217785206020316 11.205104050375859 11.197510990885576 11.197471241618642 11.207771621366156 11.230395189316376 11.265566917841147 11.311357438041703 11.36399291991734 11.418728865388115 11.47093900019245 11.517033360800463 11.554948364152375 11.584159356468406 11.60534069121212 11.619872288469283 11.629368905476774 11.635336331195033 11.638984338378558 11.641174582871656 11.642457954116997 11.643154345270073 11.643438729431011 11.643412017156319 11.643148006851725 11.64271678043029 11.642190108760955 11.641636463226355 11.641112820569646 11.64065840837747 11.640292812463574 11.640018398137665 11.639825450073731
11.576095329024298 11.505870072209987 11.433334205579133 11.361851644725922 11.295470152731536 11.238225931056393 11.193195789422878 11.161696216949911 11.143020438762964 11.134892417423938 11.134494022563679 11.139644645913279 11.149623871516596 11.165279563855021 11.188385408392694 11.22054687001029 11.262142802187762 11.311749478237793 11.366257986165596 11.421589271653149 11.473680660638577 11.519359336678892 11.556832828384444 11.585728089587752 11.606786147177568 11.62139881855547 11.63115849145357 11.637525872655965 11.641649451055317 11.644319269373321 11.646012400912278 11.646983469911227 11.647362051495271 11.647232063929657 11.646681440013111 11.645821205255768 11.644780718490326 11.643689796610474 11.642658677283842 11.641763928596546 11.641043950100379 11.640503413332302 11.640123247125878
11.542060272155444 11.450355218487985 11.35527798111404 11.261944533426266 11.176629120754965 11.105706140384884 11.054209639873074 11.024557449325084 11.015980518557258 11.024935685994866 11.046376025604019 11.075387538333604 11.10854748377896 11.14449898389528 11.18360077805643 11.226915123544117 11.275047268573076 11.327347291702917 11.381760610794226 11.43529725125528 11.48483793356101 11.527911040997074 11.56316489841014 11.590443525539252 11.610542498741818 11.624805677567721 11.634719603995867 11.6416082134592 11.64646710678824 11.649927949190703 11.652316500456351 11.65375940925761 11.654298881316228 11.65398492420323 11.652928309055126 11.651311163764829 11.649363864243305 11.647324239878046 11.645396531918164 11.643723370570742 11.642376573671795 11.641365072055944 11.640653404689756
11.501432739170372 11.38681362557489 11.267592345459398 11.150894895210422 11.04554757333505 10.960587273537516 10.903261515301201 10.877226104395833 10.881630805001485 10.911471021148737 10.959108808383426 11.016416020029968 11.076757476227199 11.136134294357024 11.193206327174623 11.248400336108194 11.302642191207909 11.356296660057366 11.408689050760369 11.458260150625177 11.503133112243626 11.541757130045081 11.573350493212423 11.598022774453637 11.616612356834324 11.630364319523634 11.640585223894284 11.648374025796226 11.65447638608482 11.659264751852465 11.662816640128106 11.66504839187808 11.665858537441142 11.665241408826036 11.66334569987251 11.660471281312615 11.657016013027816 11.653397169398445 11.649975562963874 11.647004226717934 11.644611173288881 11.642812927979513 11.641547080476146
11.457866753602488 11.320904556082619 11.178145255033717 11.038790267271342 10.914294647774405 10.816415385391318 10.754640628105589 10.733863789794702 10.753124464785309 10.805882227780234 10.881766322630536 10.969225307940087 11.058174855344173 11.141775774936026 11.2168859000149 11.283310397043987 11.342413725892484 11.395763940681194 11.444284931219359 11.488058693492494 11.526624108215037 11.559472323485432 11.586459321469532 11.607982531325355 11.624910940974894 11.638352762247916 11.64937468854368 11.65876975765551 11.666932761582945 11.673861397698367 11.679266590115882 11.68275012921832 11.683994552272441 11.682911396285759 11.679709691102907 11.67487266501516 11.669059017252364 11.662966316618409 11.657200950432898 11.652190048199156 11.648151094868622 11.645113761943545 11.642974219793402
11.416794482612366 11.260450200029338 11.097415574097504 10.938778952923752 10.798387415903314 10.690456861931228 10.626480311375438 10.612433172724774 10.647200068706201 10.722759675229504 10.826118095612909 10.94241710560108 11.058226955581917 11.163971671024273 11.254829421515309 11.330124761991039 11.391801061743156 11.442748333991936 11.485575348945021 11.522058957400235 11.553180570890794 11.579481432585293 11.601452417868769 11.619769847815645 11.635318267367856 11.649042911354071 11.661724949281256 11.673777961525527 11.685141210546364 11.695307899937843 11.703483801117354 11.70883187704184 11.71073209826685 11.708981312921786 11.703877605747058 11.696170184050159 11.686897176732021 11.677166299188206 11.66794586668365 11.659921834053575 11.653446673944796 11.648572262922045 11.645135627294549
11.384495232288264 11.214073405200253 11.036640474057574 10.864719439760982 10.713999463318311 10.600588668408276 10.53750428866331 10.531501801645488 10.581240643978191 10.677377535796907 10.804630336969302 10.9452655229331 11.082961988141768 11.205832694695625 11.307739317193944 11.387795970580466 11.448679336431688 11.494639962242575 11.529920462052818 11.55789176209583 11.580865137800618 11.600334203419568 11.617355281743423 11.632843121028992 11.647676712874427 11.66261984744176 11.678132992266471 11.694182268241732 11.710144093088044 11.724868005814974 11.736904327514273 11.744843349256751 11.74767047283838 11.745034287608604 11.737352511719681 11.725729872015211 11.711716191396386 11.696978809776855 11.682986079293295 11.670786530599573 11.660925905003934 11.653492770767542 11.648246403870663
11.366673567761653 11.189300831703262 11.005382584507025 10.828212188621581 10.674523672881172 10.561514946439063 10.503059715683062 10.506275390572231 10.569493477247356 10.682269484082447 10.827530233994617 10.985350064833332 11.137272212843552 11.269813517058044 11.376096892340534 11.455400053957462 11.511281804599529 11.549306891806133 11.575177354963428 11.593630670081865 11.608086899462332 11.620813430495108 11.633310223614346 11.646662416623593 11.661713199256715 11.679028205123446 11.698717536649843 11.7202362031965 11.742292459586533 11.762955461131915 11.779977234999775 11.791255464869634 11.79530380222935 11.79159499491936 11.780689398050487 11.764121498093441 11.744073146291255 11.722919130574377 11.702773849486043 11.685164501934246 11.670900051318075 11.660128284165012 11.652515745601562
11.36696130416317 11.190693288381494 11.00923754531426 10.835884133642098 10.687481421044048 10.581384237644082 10.531547553029919 10.544959242238978 10.619489422752755 10.743837523860517 10.899730025999482 11.065896992074572 11.222712942004708 11.356018635340966 11.458916490529386 11.531266906033858 11.57761992492131 11.604721446441966 11.619463493119696 11.62764131243513 11.633500172735689 11.639856298266192 11.648498421988055 11.660592605291635 11.676904679619344 11.697782091104072 11.722957167615716 11.751316478593449 11.780806226931983 11.808599648907546 11.831544700316034 11.846778870710178 11.85231766207461 11.847451555973917 11.832883198365298 11.810597895489048 11.783476428556567 11.754714563661416 11.72720577202317 11.703073640113915 11.683469210952415 11.668633020952948 11.658133839066267
11.38584949757584 11.218614614695971 11.048401895829214 10.887741836626665 10.752669162655863 10.659752377975481 10.622233242555026 10.646456432995496 10.729681753878944 10.860003009953308 11.018577461783815 11.183718781430652 11.335701854395051 11.46069531222882 11.552525061693233 11.612011113845844 11.644719497538258 11.658359512666635 11.66068773774744 11.658221480454237 11.655733990434488 11.656352489044577 11.66198408885431 11.673770474107453 11.69234623314516 11.71781502504905 11.74950726133909 11.78569690066324 11.823498782637126 11.859116140525481 11.888456205471536 11.907929700597515 11.915132439150359 11.909214385549651 11.890974477024153 11.862761839991562 11.82811573364057 11.791095076743305 11.755470184557609 11.72406804479302 11.698465089752107 11.679041298234988 11.665279136952657
11.420437749041565 11.269059900214295 11.117561730661674 10.977092914636295 10.862078916640169 10.787465643212697 10.765057833304049 10.800080064702202 10.889047541354655 11.019705561162112 11.173281607605558 11.328608854487427 11.466920477105555 11.575661213511514 11.650017787206716 11.69200979164878 11.708117496534957 11.70672509532164 11.696122887052177 11.683241929393324 11.673111224916251 11.668939556027176 11.672575665961302 11.685018009564144 11.706703631192575 11.737463087034053 11.776211227193127 11.820591613563531 11.86685860972573 11.91022641546926 11.945711216711716 11.969171272843946 11.97803022496924 11.97142970698977 11.950150061891648 11.916645610354117 11.874914149754922 11.829821278258331 11.786061082262735 11.747248467444086 11.715465889317743 11.691291698601376 11.674154179070891
11.465105079815546 11.334614024911154 11.207154111324003 11.092086343253014 11.001661053228043 10.94856997853929 10.942611791910284 10.98751475544504 11.078971187330353 11.204656922014857 11.346498075111201 11.484725186792573 11.60246269776935 11.68919105657531 11.741873941139907 11.763755402411666 11.761983671024243 11.7453060278074 11.722276119137463 11.699999110212485 11.683526309885615 11.675927415387537 11.678806673932119 11.692884570519121 11.718322473168982 11.754650908262356 11.800380129593487 11.852553643889827 11.906598377807624 11.95678285822835 11.997353895175534 12.023921622583005 12.03418214058571 12.027534356974737 12.004558055001208 11.96735358725169 11.920001378564574 11.86801527992815 11.81700130261999 11.771410054281905 11.733895166079984 11.705297682186693 11.68504305635942
11.512873076258549 11.40622734441051 11.305617264880961 11.21844310080414 11.154488593591248 11.123824161349651 11.133892055376869 11.186706163659572 11.277155255256437 11.393162185848063 11.5179448312304 11.63387861093292 11.726687981307778 11.788369494563742 11.81777599057763 11.819138652077497 11.799938853692161 11.769063380311277 11.735183963304253 11.705410837431984 11.68460007709707 11.675449261561104 11.679109921339332 11.695868838269266 11.725523188794034 11.767287635311519 11.81932162396957 11.878176809553162 11.938585149277413 11.993998643593304 12.03805595103293 12.066444314807434 12.077652903848572 12.071710176065622 12.048829521559302 12.01021183610982 11.959542402382091 11.902740297934363 11.846234743765628 11.79529619682194 11.753177403710609 11.721037749081104 11.698361797757913
11.55698373512637 11.475213921655621 11.40191248380539 11.342551927897816 11.304417193052906 11.294861608776111 11.318864507465218 11.37669710206142 11.462583685183356 11.56504314596385 11.669100416710258 11.759831034806528 11.825995395512848 11.862241635353204 11.869039595298707 11.851176156692503 11.81625651500677 11.773308861928523 11.731095643473717 11.696571857812827 11.674146247280827 11.665871335031467 11.672203972682773 11.692818023458193 11.727050715685092 11.773803710305362 11.83099581599214 11.894898250883298 11.959825840386298 12.018688410527309 12.06472145546829 12.09385861619482 12.10563417053599 12.100982431076739 12.079776596096641 12.042028272715937 11.99064503653989 11.931642488871658 11.872061328510018 11.817870278373146 11.772885138017845 11.738612633326696 11.714654445150503
11.592162113341061 11.53482144940933 11.487513837812148 11.453958351883568 11.439104296792529 11.447716119886978 11.48242146525414 11.541896966129348 11.619943932928539 11.7060253684279 11.787374026746527 11.85211108045738 11.892140680249637 11.90442700431683 11.890468837061185 11.855351583698024 11.806985850943102 11.754739162677987 11.707422371711703 11.671595200361558 11.65089800582029 11.646418142963652 11.657644904605934 11.683442601075084 11.722591444311817 11.773704329575578 11.834623268420934 11.901648908587052 11.96911070792698 12.029839667926504 12.07697159778983 12.106624129593584 12.119040848563108 12.115933136089772 12.097134080107205 12.061779982048348 12.011945375653397 11.95340631966333 11.893450409207336 11.838493046829337 11.792798966675413 11.758211220166528 11.734486672498539
11.615203999381595 11.5809327834076 11.557302077914581 11.546520181865699 11.551471100498562 11.574597219933892 11.616431559750975 11.674321615474504 11.741938883145203 11.810001884121627 11.868220575405799 11.907828042820286 11.92348644296264 11.913743167852758 11.880760994327346 11.830251436713326 11.770896641964283 11.712531182907766 11.663822615822598 11.630597533022186 11.615359658384573 11.617889731315639 11.636427193833624 11.668829098197978 11.71322973659279 11.767996439039859 11.831089924830525 11.899199714471036 11.967181261915567 12.028368592649405 12.076208085355956 12.106853864616985 12.120500340293654 12.119048122173796 12.102630906292978 12.070297604260519 12.023610893551304 11.967849127077901 11.910110727658003 11.856923506430437 11.812828631969161 11.779953870970713 11.75821712249094
11.624830259565288 11.611837797993788 11.609272786289354 11.618076615282302 11.639357755690122 11.673546956231728 11.719395607333889 11.773229041809719 11.828879253871438 11.878552662198578 11.914477413864947 11.930612170643693 11.9235947711858 11.893078913304418 11.84225265216342 11.77812395822806 11.710445332616011 11.649400725582488 11.603202291917167 11.576580814515061 11.570548613092702 11.583260994667159 11.611448070140016 11.651784277939846 11.701690550700485 11.759348087716221 11.823034607411241 11.890168616083391 11.9565993478056 12.016697434212368 12.064638095831315 12.096590780240867 12.112086206916885 12.11253478137732 12.09841976031352 12.069362970943006 12.026872584063483 11.975658973457461 11.922301593856979 11.873138657278181 11.832807367089593 11.803640077656501 11.78568407861544
