_RESULTS/REVERSE_NEW/MHZ/GZ/1comp/MHZ_GZ_z_500_kriged_reverse_1comp.asc
ncols 100
nrows 74
xllcorner 5.5967023331506844
yllcorner 50.982320383150686
cellsize 0.00019249369863007826
nodata_value 1.7014100000000001E+038
[rows 19 to 37 of 74, columns 44 to 87 of 100]
3.8296207791752397 3.8491605730836187 3.8806464381201917 3.923960829618329 3.978032072537728 4.040001584273104 4.1046129284700035 4.164181772333705 4.209443055780235 4.231288444389684 4.222984357909631 4.182235130548005 4.112481592290574 4.022794943671604 3.9260217960589516 3.8357719613620285 3.7634751073714043 3.716469942111061 3.697430177807923 3.7049379339421353 3.7348181672874308 3.7818066925024305 3.841102693541919 3.9093669363350845 3.9848641575642905 4.066734417323155 4.15370910875802 4.242821922604073 4.32872753970434 4.404103970499004 4.461200323975958 4.493873215021747 4.498994172196795 4.476818301495528 4.430952837170205 4.368117406471026 4.297103928248723 4.226986558432264 4.165399023076177 4.11745930851776 4.0853805134210015 4.068576734621506 4.064101856373114 4.067346253883762
3.8302104198616895 3.870011944174328 3.920210322498372 3.979091926343642 4.043573501451649 4.10879966745415 4.168100535789026 4.2135111768833875 4.236917131170185 4.231657918674321 4.194272686256277 4.126024601416894 4.033619263556573 3.9284405246062972 3.824284031154699 3.73443793269239 3.669162108946241 3.634208359458761 3.630505472238605 3.654823514480437 3.7011434485892765 3.7624211078912366 3.832336116915067 3.906531738304156 3.982943936453555 4.061134197561955 4.140937627872017 4.221011137291082 4.297911437319738 4.366156358427364 4.419344401767052 4.451870601839072 4.4604080650909275 4.444641170868886 4.407421107157684 4.354517631910921 4.293745165093007 4.23349147653486 4.181163283266694 4.142023460737362 4.118559438946366 4.110325389620425 4.1141931660786835 4.124995662605415
3.8127029360709517 3.8703039913530706 3.937355667267467 4.010537815554659 4.084762691442409 4.153231177860815 4.207975094579407 4.24088291559946 4.245034540973693 4.216118008796145 4.153794639979478 4.062723939945966 3.95258208837024 3.8366325535100088 3.729228421856771 3.6431310124060694 3.5874221008703633 3.56638137936712 3.579335812884431 3.621339008749897 3.6845411509739376 3.7600625450354657 3.8399915172010357 3.9189291229189496 3.9945433744763843 4.066956536046018 4.137279385211873 4.205939102351006 4.271481206442283 4.330305837936552 4.377426762400033 4.407911086680739 4.418360113503743 4.407901276790316 4.378579040541963 4.335212775191569 4.284679228498598 4.23467930164011 4.192323311293948 4.162907201347629 4.149073899757076 4.150413001814117 4.163530223407196 4.182636818008497
3.776994554961007 3.849709613690878 3.9318486743744865 4.018470735089385 4.102502443857723 4.175265874874415 4.227590004594964 4.251274147064976 4.240527425930749 4.193201489902695 4.111825372065522 4.004083642215401 3.882108726050431 3.760533030419107 3.6539388811911633 3.5744753745258566 3.5301530494624425 3.5239800417494713 3.553880871855799 3.6133292941254753 3.692701536708496 3.7812859746415675 3.869585142747039 3.951218519867844 4.023719995519385 4.087949235631054 4.146450056561891 4.201498927921449 4.253608187422304 4.300972632360193 4.3399547061118025 4.366322874752455 4.376708664457757 4.369767100248197 4.346783830643042 4.311690362515268 4.270498114927416 4.230239274846898 4.197658754868969 4.177954929176251 4.173784973836443 4.184666065735626 4.206887270048757 4.234049338908285
3.72339430947833 3.808191105193322 3.903443316823 4.002615219582116 4.096722516811108 4.175319907576775 4.228136693408501 4.246906385214137 4.226856655322782 4.167752340991894 4.074580255987446 3.957459647426722 3.8303208453202795 3.708640642162215 3.606964929554257 3.536821143518091 3.505309862851988 3.5143924224836414 3.5607956548913604 3.636558588004041 3.730373728174347 3.8297709602119494 3.9237733684655023 4.00518876912275 4.071636881556258 4.124928189555936 4.169177832898989 4.2085306668241875 4.2453666678891295 4.27950845764786 4.308519950552287 4.328821789751243 4.337133223696604 4.331740387112815 4.3132683935057665 4.284845727856381 4.251673499445998 4.220100903708917 4.1964082153390905 4.185544790220768 4.190039073841324 4.209258731475215 4.23919891177156 4.272975143217229
3.6537831410155293 3.747283505895761 3.8532325686545397 3.9636021079121604 4.067671820163615 4.15343398370256 4.209674956502121 4.228097605109314 4.204826100875053 4.141225857386348 4.044190176745781 3.925536079982446 3.8002673797197857 3.684189408030667 3.5915806288640524 3.5333603114115584 3.5158758681119804 3.5402398217632283 3.602156965572619 3.692371220200709 3.798021258131289 3.9050427300512607 4.001211156578303 4.078817024462372 4.135866765995747 4.175346080077887 4.203030413724631 4.22487998786511 4.244982531699412 4.26458264530425 4.282268767923235 4.295028545102912 4.299689515515248 4.294252473151445 4.278770063228015 4.255623118703023 4.22920185755395 4.2050983522463135 4.188987203044817 4.1854040066514475 4.196625769887925 4.221852313736648 4.25690699209476 4.294676515183505
3.572765110644354 3.6714122294070894 3.7851376639711916 3.9046086053093982 4.01766347967663 4.111064450944988 4.172912362666588 4.19496815095628 4.174135650455069 4.113023371841636 4.019808205913245 3.9072238836915547 3.7906237583772233 3.6856425316966126 3.6060617646683832 3.5621777730524604 3.5596876603766514 3.598992359280601 3.674908991928766 3.7770300754680637 3.8911352331274935 4.001850414153905 4.096081660932027 4.166020438149912 4.210409119564628 4.233584015054424 4.242963324313742 4.246171404831995 4.248790789771921 4.253271707922952 4.259057769435146 4.263617498241955 4.263886156696841 4.257626422586112 4.244358967777863 4.225709884852664 4.205185559195714 4.187483850955241 4.177498067591505 4.179187259294133 4.194492654057342 4.2224997080404245 4.259081953091575 4.2972683013826485
3.4881662162680134 3.58850202830333 3.7066976992630987 3.832371035982206 3.9523162050757037 4.052520848696816 4.120779505148352 4.149086529871973 4.135036527564185 4.082115805569169 3.9991743609204113 3.8991342614599427 3.7970344187406226 3.707867724043485 3.644668168832834 3.6170299357298044 3.6300182069289764 3.683386195008629 3.771165940146473 3.8819736152460873 4.000522513236199 4.110558193591867 4.198647455718869 4.25739993468445 4.286621742953761 4.292034431801599 4.282513251615253 4.26708357835231 4.252569257205889 4.242417468241251 4.236783763372597 4.23354920641587 4.229749265511716 4.22292247118125 4.212045522725082 4.197919475502815 4.183031847839391 4.171004342140081 4.165758913875531 4.170534948408656 4.186901973333857 4.21395113545001 4.247900044219108 4.282354882014879
3.410504551519004 3.5094294372351613 3.628614323018422 3.7569171065533626 3.880543989601009 3.9852453019855636 4.05898758051065 4.094268495978642 4.089344961906657 4.048259630053217 3.980005607477171 3.8970842760351427 3.8136618370222743 3.743665077113688 3.69910734208433 3.6887290394205747 3.716895134182341 3.7827128264957164 3.879524498292882 3.995205816131718 4.113814920861578 4.218793592929418 4.297029451270624 4.342097424523527 4.355060335930889 4.342833588327523 4.315387442177483 4.282802804321979 4.252869980250249 4.229833913171152 4.214441857802987 4.204938937917431 4.198456588013045 4.192306422187697 4.184878209928234 4.176041987359123 4.167101509820891 4.160407057879046 4.15872983576391 4.164481095438674 4.178872452760848 4.2011693049077685 4.2282561908614955 4.254750702400393
3.3515524608119422 3.446432074710758 3.563113035477995 3.6899889938128947 3.813150270260913 3.918675806197168 3.9952305299329414 4.036154234667083 4.0404160040635 4.012382269404083 3.96077988608884 3.8972267496795943 3.834585172237189 3.785358326046072 3.7602634513236928 3.7669858270457524 3.8090625299795615 3.8849249380131687 3.9873418697198972 4.103759766919476 4.218105046757974 4.31420899192813 4.379992918416484 4.410433190662588 4.407791201381967 4.379776896617345 4.337013174645254 4.290267930527264 4.248003944943746 4.21505300435442 4.192637102173306 4.179328761766846 4.172361824352867 4.168824201812684 4.166479650773415 4.164167410465051 4.161855129524474 4.160448910925196 4.161424326438633 4.166299980481602 4.175986584092814 4.1901170796857325 4.2065532034606665 4.221302101562976
3.3225236385453467 3.4110604772774917 3.521724179325062 3.6427402595119154 3.7605497776392363 3.8621185450067013 3.93733602280688 3.9807477604237156 3.992147999078339 3.9760942929456533 3.940765219654808 3.896570941878994 3.8547603575832188 3.8261331287399405 3.819861403077232 3.8423654560565823 3.896211879270819 3.979131859332527 4.0834757834730695 4.196640024678939 4.303019465258415 4.387563368481826 4.439829426009272 4.4563509973829225 4.440293162806459 4.399734736975611 4.345566231832096 4.288873536922446 4.238451600476573 4.199467983639395 4.173485997734545 4.159371237552369 4.154481293713435 4.1557096038939285 4.160192451768822 4.165686454716219 4.1707255517437165 4.174656330694566 4.177569677348883 4.180074994999883 4.182868661651661 4.18614118118041 4.1889931383121395 4.189105526912157
3.3324806647231404 3.4123386902316484 3.5132171209846805 3.6234949173570117 3.730435902494446 3.822434323005615 3.891100218171227 3.9325299295915257 3.9474778551517105 3.940630223270351 3.919435057405723 3.8928767312675867 3.8703770083927793 3.8608255922493213 3.8716483575184104 3.907820723500787 3.970822158595777 4.057691836616524 4.160556851216418 4.2671797384529855 4.363027355053709 4.434784269067428 4.473956070891719 4.478490781123776 4.4521369721608055 4.403082997117649 4.342192727613179 4.280470419293824 4.226640686941123 4.185911398195158 4.160030531704974 4.1481163047335246 4.147684020448712 4.1554976811961195 4.1681252337347585 4.182269935515741 4.195026686143214 4.204158828659988 4.208361211856778 4.207367307720276 4.201755425081879 4.1924261558598435 4.179896660721321 4.163685602437567
3.3872939968598454 3.4555171226217736 3.542152464926545 3.6361307257217272 3.7260496796982743 3.8022645402106523 3.8585537246143686 3.8928525897626907 3.9069822454663146 3.9057119502739983 3.8956260889973655 3.884125067645943 3.8786487449048135 3.886025554827887 3.911785560205826 3.9593289231439037 4.028978431393518 4.117129214562972 4.215901228095902 4.313820199341925 4.397922210861398 4.4569951826388445 4.4845000908535955 4.479570107645509 4.446391196401664 4.393160507593318 4.330437800551865 4.268709556070175 4.216200619212353 4.177843815486906 4.155393861087059 4.148164644348032 4.153865414796317 4.169229455320034 4.1903860896189995 4.213118113523573 4.233200414507507 4.246915212835484 4.251652175740906 4.246354248948615 4.231563944568685 4.208967962797962 4.180557768058481 4.147712503822151
3.4891417886254903 3.541448483519994 3.608163707543071 3.6793037527098864 3.7453793702164737 3.7992266002291304 3.83716495593881 3.8591602640447746 3.8681295887631224 3.86884224021025 3.866882679721527 3.8679233527731083 3.87728939441397 3.8996261942380555 3.9384576301106304 3.995525120485197 4.069971175155493 4.1576238172148186 4.250800987626531 4.339105215129157 4.411449190239765 4.458837291158588 4.476568342863754 4.464849623542831 4.42831229752955 4.375080378343184 4.315108327662765 4.257947234607823 4.210925533343236 4.178393510130621 4.161914661426956 4.160913564749514 4.1733180601866575 4.1959538031639845 4.224711839870459 4.25470317473044 4.280649282079064 4.297606957193543 4.301873904704357 4.291740174241259 4.267758169023448 4.2323665899205585 4.188940491811529 4.140587987042686
3.636322436895429 3.6664358791502405 3.7059131912218075 3.7465571828364714 3.7814221317638514 3.8062853484383465 3.820251668243048 3.825365389954591 3.825551413875724 3.8254222377658036 3.829390600122695 3.841244100566084 3.864058770164021 3.90018336725619 3.9510458181096073 4.016677051969497 4.095048129297519 4.181509467933517 4.2687461485348965 4.347637416018502 4.4090959818981545 4.446311964483824 4.456337577938419 4.440467904963751 4.403805457107909 4.354267415057653 4.30091751171271 4.252034723031365 4.213725755291113 4.189474447698771 4.180437564034237 4.18603255104976 4.20441033030311 4.232627202637678 4.266600610558087 4.301133473284344 4.330311874629737 4.348379376657848 4.350873475317009 4.33561063558707 4.303150959837305 4.25653341566199 4.200273232298617 4.13892134978697
3.8230557952582727 3.822388806303885 3.8256853784242746 3.827356128300865 3.8235843940104437 3.813388003172486 3.79869664364332 3.7834928330174176 3.7724831815740982 3.7698881081105506 3.7787463905584677 3.8007989645752436 3.8367408052047356 3.8865145093648406 3.949371310648174 4.023596814757108 4.106018320157272 4.191601131005405 4.273528268781928 4.344060741188522 4.396118478058981 4.425001387350999 4.429477734580131 4.411961430173797 4.377992756086311 4.3351228914668685 4.291307179613764 4.253323513573943 4.225815594268779 4.211153546219089 4.20986868902781 4.221231838324002 4.243605344120424 4.274424780516985 4.309949627902635 4.345131930860853 4.3739599615802245 4.3903884377313895 4.3895980354268636 4.369128760404842 4.329513567846917 4.274159637556398 4.2083574514406505 4.137678258241314
4.0388657480082575 3.9971309890418363 3.9545877101086124 3.909034896297761 3.860160599198343 3.8102412539388 3.763800898813526 3.726411557464114 3.703212707301453 3.6977593090412735 3.7115354467612187 3.7441191213138345 3.7937334363323334 3.8578307254398743 3.9334185658978 4.017013649540472 4.104338457036389 4.190067074239511 4.267985674866784 4.331785254937489 4.376343661781113 4.398975354303195 4.400110708840291 4.383246274588845 4.354260788689912 4.32019468383967 4.287764101613324 4.262124624367848 4.246307559078651 4.241383234003597 4.247069269689998 4.262359174780101 4.285815698352386 4.315408545786298 4.348076815617956 4.3794169093335915 4.40389646030919 4.415725488856193 4.410128736350334 4.384566464682211 4.339519662014977 4.278517527474233 4.207194809798855 4.131624745661949
4.267033813065418 4.17469171836534 4.078195329425484 3.97935759689054 3.8814446702641345 3.7896732168239025 3.7106480715420824 3.6510075599035026 3.615925939683758 3.6080741435473707 3.627315719158828 3.6710776338074145 3.7351269883750753 3.8144116941026387 3.9036655750859364 3.997630306049829 4.090971455573776 4.178165824450537 4.253691046697881 4.312682590602439 4.351891295912099 4.370512162094371 4.370509817793839 4.3563282843089155 4.3340323657195645 4.310033602424013 4.289758114723076 4.276720595142603 4.272298535906465 4.276176358013177 4.28714967826943 4.303855580899602 4.3250662110408085 4.349430492625055 4.3748694142527675 4.3980620383050875 4.41445879446679 4.418993426242996 4.407288743535047 4.37692846737546 4.328357889225836 4.265008732770097 4.192419021876749 4.116617425568181
4.481881476991201 4.335656316976251 4.182305456393394 4.028993977473669 3.882556968037835 3.7505289083539934 3.6408590782884636 3.560680276876023 3.5149058145664007 3.505294878511262 3.530245948190913 3.5852574646605717 3.663829775746878 3.758514889623135 3.8618154092973396 3.9667263689007624 4.066914533556282 4.156746364213479 4.231456073478362 4.287602228612462 4.3236791859550445 4.340562327806517 4.341522412860447 4.33171631621091 4.3171979362913095 4.303652294344529 4.295231439917382 4.293892093272826 4.299445868855947 4.310246964136902 4.32418966417217 4.339563523009287 4.355384006253447 4.371076760097441 4.385732408333074 4.3973911324209425 4.40282445404874 4.398038447035378 4.379362381664223 4.344714502289443 4.294541809458849 4.2319852786922265 4.162090551831516 4.090356759755791
