_RESULTS/REVERSE_NEW/MHZ/GZ/1comp/MHZ_GZ_z_500_kriged_reverse_1comp_spherical.asc
ncols 100
nrows 74
xllcorner 5.5967023332191781
yllcorner 50.982320383219182
cellsize 0.00019249356164376555
nodata_value 1.7014100000000001E+038
[rows 19 to 37 of 74, columns 0 to 42 of 100]
0.9400384928474794 0.9416120610047599 0.9248604110614768 0.8905286512654728 0.8464794117208421 0.7981179204850207 0.750761009065933 0.709343176306658 0.6775791308175578 0.657959117605878 0.6524371785346382 0.663377512852541 0.6909372356308651 0.7337712183855201 0.7900704418687137 0.8567018749859051 0.9280232241508396 0.9964831435391153 1.052906272930504 1.0840498402564676 1.0919582183982222 1.0808701839411783 1.0571307608457017 1.0266560505084545 1.0020291209554304 0.9890218341125969 0.9880979542683952 0.9989567875517972 1.0224223205892522 1.058271178867811 1.1044958182970106 1.1579478854362346 1.2133524359367711 1.2522326862511064 1.2582792136968328 1.2302382304917323 1.1718112791268251 1.0944859543567544 1.0095411250563786 0.9212529121784883 0.8381982851765805 0.7689520160268297 0.7163634193399502
0.9522630908372844 0.9472261047525434 0.9225250282366657 0.8807001184671357 0.8305776750828714 0.77561101757542 0.7218435657562323 0.6747241475231948 0.6382237241716177 0.6167561995766102 0.6116579501304716 0.6228086807942926 0.6502248150901601 0.6945083735968897 0.7537701427229803 0.8232568313326853 0.89770585705474 0.9702896807190626 1.0342034983617132 1.0754253020722675 1.0911299191775394 1.08650704848113 1.06751712725289 1.0367573577673346 1.0081207695922987 0.9937775422233384 0.9950900070381385 1.0078319767829522 1.0306233223033467 1.062592678390009 1.1030488352121746 1.1502021222052954 1.1934399440637826 1.2157698755856827 1.208367608475189 1.1696438636204674 1.10208221380919 1.019412180199597 0.9350865864545982 0.8538541014413638 0.7789714929767281 0.7174296132343464 0.6729326743625383
0.9623324416449768 0.9525781857591336 0.9214443276108184 0.870417810896341 0.806905580673385 0.7422043193132172 0.6801544528435927 0.6268258612935363 0.588834885382251 0.5674178520014234 0.5625808858619664 0.5740710993584702 0.6025425696795541 0.6477635911849398 0.7083302639947802 0.7815023782253461 0.8616279840875145 0.9401354304157773 1.0091047481438795 1.0579219737850813 1.079073709459274 1.0785692857090239 1.0648000168098692 1.0426820292437955 1.0168089317616877 1.0012295525581274 0.9997616090662066 1.0129535828152305 1.0362205856397326 1.0671433265956007 1.106793399405605 1.1467585852215985 1.1762503113739473 1.1841349070895042 1.165866228572199 1.1187260188718597 1.0422761971964436 0.9494915055809405 0.8565910630435442 0.7750160796669591 0.707240923187626 0.6532055522685147 0.6163377767296543
0.970664624570154 0.958863022113301 0.9239042747294103 0.8649390402271026 0.7862490956350157 0.7038521503796272 0.6297587186928519 0.5728206039444432 0.5334393821872192 0.5116249884349803 0.5070255515941234 0.519573263204225 0.5497926203724648 0.5969306843439758 0.6597311558693227 0.735971041046283 0.8213154589532907 0.9060466165467705 0.9771297746688467 1.0301503924380044 1.0569207563968614 1.063965482250264 1.060833591463185 1.0505555603578316 1.032713677483897 1.0154325993498041 1.0099403147077877 1.0179101496933198 1.0411875625093157 1.0754656820268726 1.114485677506644 1.1452577893890157 1.1602127126424313 1.1548792257715235 1.1279422630525244 1.0771794393862433 0.9938433697159003 0.8852570638954547 0.7808614336574733 0.6946663341309742 0.6279011586101586 0.5796771640352419 0.5490694377154406
0.9754433436512425 0.9648785460216839 0.9306292732341435 0.8660677146216221 0.7719148814728406 0.6689249505486979 0.5826041293850275 0.5179332299647167 0.4745465134266052 0.45129260851361797 0.44709081617537483 0.4614548616260088 0.4940388960713692 0.543842475313601 0.6095722569345424 0.6893591068509205 0.780427325621175 0.8739433388582114 0.9402078357055184 0.9946442324513173 1.0272295398679565 1.0409027650705873 1.0477227462706162 1.047681575610817 1.0398158367982362 1.0265857794842155 1.0232144397602778 1.032195402376825 1.0543451667788855 1.0900035088885218 1.1222762581388737 1.14109459765064 1.1401527288416944 1.1205113658061354 1.0834964658441792 1.0328887398083157 0.9532228657001772 0.8168984475737733 0.7031334999178456 0.6144425424766512 0.5486747656953123 0.5039701122198328 0.4792206061857818
0.9726285681053879 0.9655588782673477 0.939147113211823 0.8764749837614448 0.7615434194924289 0.6388958151290663 0.5396991958308593 0.4675520167592063 0.41951150887126215 0.3934711544592377 0.3884023297713954 0.40427627496798835 0.4396441251294309 0.4928558625727368 0.5622817497388968 0.6458839928171854 0.7375272005436678 0.8244699882311589 0.8943405426578562 0.9503415945572965 0.9882555113673028 1.011199087351413 1.025639457253547 1.0341355786382118 1.0352080724597852 1.028142753930402 1.0272635393417826 1.0390087080674306 1.064518670174356 1.100646454389432 1.129912711504893 1.13403401830817 1.1154664798894653 1.0777965664305855 1.022619093987749 0.951736402618269 0.8545133275682664 0.7306282467567686 0.6216667241282239 0.5385789910856822 0.47906845147636545 0.43920256474695907 0.4172877450652046
0.9567895461804534 0.9497313270270672 0.9322534852806567 0.8985512474422924 0.7449101380152148 0.6059537738696221 0.49942068476849444 0.42210051031696133 0.37020409361665946 0.3416142214798572 0.33644979718138535 0.35484521859295276 0.3945990520026088 0.45293368035444204 0.5270043973607584 0.6100490078913593 0.6955486896180041 0.7760395987289026 0.8452198961643955 0.9027977631396072 0.9467998196359481 0.9770957550532524 0.9985124366262075 1.013568765030397 1.0220193084461007 1.02141815086709 1.0225618923601691 1.0366723941157538 1.065431780024467 1.0985022772851238 1.1195761053944382 1.1194203678960941 1.0887977381276814 1.031172517569179 0.9543819030104305 0.8605165040631758 0.7527217934032855 0.64341058684631 0.5489591295214372 0.47479469509947353 0.4208051243063814 0.3846997529045855 0.36543374071437834
0.9256088928861842 0.9087573957894266 0.8765883134734407 0.8125822326275842 0.688896837213324 0.5633578669616085 0.4617735941149684 0.3836678737057864 0.3282436728936129 0.2959992521238635 0.29094611722078206 0.31445753586999625 0.3612412947345801 0.42565600559134714 0.5005032767299837 0.5809116677256644 0.6615427098818891 0.7365409835851067 0.8015568856008983 0.8594223753673396 0.9054175523556113 0.9392672553888117 0.9665337373909091 0.9876374360747859 1.0023536045038008 1.0073942072252167 1.00988280294467 1.025866132916811 1.0567459676358828 1.0821869383307523 1.0936526095018733 1.088424376300112 1.0541475033020682 0.9876366419086584 0.8932235916044032 0.785040432625295 0.6755001025304864 0.5763980655541122 0.4916727551871101 0.42388032028888273 0.3734975426576523 0.33950308694937575 0.32171781251818143
0.8845929146916146 0.8533399829864862 0.8005650591740034 0.722190363548564 0.6228942187918906 0.5203378273898023 0.43002091700354583 0.35599362845790455 0.2980566676621389 0.25841408886586464 0.2519246864103629 0.28619910674902077 0.3422034778633541 0.40977030701426986 0.4850377037037147 0.563487509622217 0.6397785581649319 0.7085078375961134 0.7683794489526086 0.8224754404205356 0.8653996409958107 0.8981731021734012 0.9272711280893714 0.9549309712149638 0.9775552448522521 0.986799815599157 0.9889234985380637 1.005870947339309 1.0336485376835853 1.0528540110960292 1.0583340944925121 1.0476969013141868 1.0124065349356053 0.9436785539786835 0.8452628671890462 0.7316708279342482 0.624703392895592 0.5306774172607023 0.4510071914927663 0.3865068415396274 0.3373716174962824 0.3033095449039755 0.2852363267723798
0.8429473309497324 0.8003757241712605 0.7372720914002642 0.6600622812224443 0.5747222685695119 0.48889350418779537 0.4105186892538696 0.34325412188981597 0.2874043898557607 0.2417943278309439 0.22919931639405403 0.2803132236587309 0.3407143009565593 0.4093982839236872 0.4843746176550816 0.5609818444059723 0.632955271888062 0.6945031337433304 0.7471542191786448 0.7923894015033262 0.8266471379300663 0.8531230236885959 0.8786812106871958 0.9088348295424009 0.9437868679729314 0.957917348672193 0.9543230351426993 0.9691039532589059 0.9954420407981448 1.0134475625651918 1.0178654890975067 1.005205524406278 0.9707870441606268 0.9028907471217704 0.8082463199775723 0.7024630637076987 0.5966509351599522 0.5046596143919345 0.4270658512154481 0.3634880473687687 0.3134801961529038 0.27680254124925224 0.2556475033485138
0.8075019192636987 0.7585828185720099 0.6931388720868888 0.620933817307622 0.5462025633571796 0.47315658225061274 0.4062764329806257 0.348552330040539 0.3018375662661149 0.2700807526349562 0.26953446331091796 0.30617945878249075 0.36138135336472477 0.4275187857969391 0.5007727879244017 0.5755311952261554 0.6431624052020488 0.6969028572048771 0.7384455960855838 0.7686149835374453 0.7880574676523733 0.8028086291997774 0.8189683409972655 0.8431842292995468 0.8742129205691319 0.8913791008476151 0.8968462359808236 0.9188169567949172 0.9505170992844026 0.973444189490376 0.9815088598316405 0.9701537482061982 0.9363726315635968 0.8710004149670557 0.7864092798609149 0.6904375161286659 0.5892479772788931 0.49760542615154724 0.4206475604250771 0.356903675028153 0.3049915032404522 0.26357688983360283 0.23403896558278542
0.7820507024132504 0.7310266896284491 0.6671819535107871 0.6006939309616177 0.5346337580254653 0.472228601701358 0.4162240988992827 0.3692923416986909 0.33439675464789953 0.3165485853125075 0.3220208560188689 0.3513586197605259 0.4000805481084793 0.46273635057898627 0.5347131554950423 0.6092549491812054 0.6741087070209645 0.7189312786084238 0.7432813157533975 0.7503031643666901 0.7480873097818694 0.7455174839059643 0.748856402879256 0.762358469711571 0.7834932180668941 0.8037251258833306 0.8259364468155302 0.8631996956976343 0.9085522649158677 0.9438447792227359 0.9617258867956877 0.9560601562452257 0.9230731723463466 0.8624541040627496 0.7840970023821533 0.6952960499034546 0.6021376314011163 0.511578941135849 0.4347248741229906 0.3707328786768672 0.31741008828537765 0.2722877606606122 0.23350576831105657
0.7734173491397461 0.7226966044474299 0.6615303772197212 0.5997724809551906 0.5397679466789476 0.48470560037137417 0.43724781477381647 0.4000886011663843 0.37618289506274816 0.36861422618763995 0.3769645837814244 0.4038900394626845 0.4487971099683563 0.5091533324528377 0.5816488586354995 0.660056296622894 0.7281136904080333 0.7629763889625141 0.7587374237430744 0.7323067204089713 0.7030747708955881 0.6824450723621522 0.6734999572580219 0.676906218185354 0.6927377653699527 0.715834316048301 0.7506307026693434 0.8031320795622198 0.866191384113976 0.9211056075508024 0.95747504065099 0.9638577434763247 0.9350887944781847 0.8824181701387159 0.8095290520844557 0.7250287991572039 0.6355741176689326 0.5466966993355665 0.4693386002215427 0.4056660915928673 0.35365715839888107 0.31161360820322087 0.2799259453510354
0.7823164770749677 0.7330601885932481 0.6744260561719118 0.6163226684444323 0.5610785021559037 0.5114782033304939 0.4703090144420526 0.44001377583614076 0.42349999080354617 0.42240661993797624 0.43388100780619293 0.46037264478238327 0.502629351493211 0.5601156591661102 0.6317950644993579 0.7153668965438561 0.7990268260690646 0.8242714956047555 0.7685351900675962 0.7041907194173775 0.652678675405421 0.6169161006286591 0.5975130114049494 0.5937066840725796 0.605114781690731 0.6303504599837381 0.6755579070389767 0.7417587476270445 0.8236371796655031 0.902737108474016 0.9655191002208894 0.9918944644196138 0.9733981327517387 0.9259581224161486 0.8564017357142777 0.7753822978383456 0.6880815143734207 0.5997731950758916 0.519017153038998 0.4568552220963004 0.4096683579178422 0.37218379413785074 0.3484317165244709
0.8080761289279943 0.760852383860352 0.7037857597060714 0.6480241785426768 0.5962078601921437 0.5506482728186918 0.5140017601969243 0.4888957416618236 0.4790577138672425 0.48071022365038163 0.49232412573178574 0.5176401409667081 0.5562673978296593 0.6079154680762269 0.6722832869459853 0.7491102418030342 0.8381717442656607 0.8533841265359986 0.7465669372042566 0.6602891008620824 0.5944449901989179 0.5481593009876963 0.521314827471866 0.5136555667307593 0.5235912961519649 0.5516314636324493 0.603921433098501 0.6812331004938806 0.7803367286595012 0.8851753194639399 0.983990802464992 1.0463115457757652 1.034876593519658 0.9855327743187922 0.9157024898321419 0.834544690847001 0.7485732063685973 0.6627663873971338 0.5820192832663039 0.5206966719514562 0.4760082381840964 0.4428919225294077 0.42484000564132773
0.8504138130109711 0.8049570014950873 0.7473529372010989 0.6920926140704928 0.6421695060701452 0.5996332702912325 0.5667549144622896 0.5475202267364598 0.5429327369340187 0.5452512831635299 0.5546403997172299 0.5743461335824891 0.6063877949408142 0.6477836290869456 0.6956501998608589 0.744744380210569 0.7793883398717752 0.7599529592306219 0.683889759357656 0.6009769858682741 0.5308864770782472 0.4786046226469921 0.44666415260412007 0.43683457627578925 0.4483026090968711 0.4819053889092507 0.5408130043802384 0.6249950867008871 0.7357267975369999 0.8610851293948434 0.9931024329010252 1.1267934336598284 1.0920576640515347 1.0374785857729714 0.9693175323944913 0.8922219324128711 0.8111610040047765 0.7307324239741035 0.6548602165238077 0.5916718099622913 0.5446811879816957 0.5155698752235843 0.5041186394777802
0.9043274846475555 0.8538063845359622 0.7924037799039509 0.7363324067189431 0.6875513105223803 0.6478541992752153 0.6210421500489276 0.608405102742476 0.6092225925592283 0.6133373435767818 0.6209286413352901 0.6333837922951 0.6533697006524776 0.6805707407115734 0.707496790514161 0.7253145175266517 0.7202431971470918 0.6832399932494596 0.6170336864314947 0.5408667433269926 0.47030016722095347 0.41352907338560113 0.37650355184004053 0.36493645002689223 0.3805757700603338 0.4232330970885101 0.48952355082397303 0.5791336474705793 0.6936276076675321 0.8281049750945055 0.9626475066161264 1.0630310870452944 1.0862514999358466 1.0587823934581346 1.0062850300845776 0.9409919895583594 0.8698270778406838 0.7979436088764693 0.7284262345886524 0.6610493835276964 0.6116845616705247 0.5849009346061979 0.5807009788928891
0.9367207771972175 0.8906783566279645 0.8302715938476044 0.774689231895652 0.7272486585534605 0.6922022128158032 0.6714080797591764 0.6653225410651844 0.670917947850573 0.6766627657481616 0.6832592063273843 0.6913657322648443 0.7013441707025595 0.7114712404554226 0.7185113796890283 0.7111082063486946 0.6828015683967679 0.6339606960008538 0.567804333518934 0.4938858222857541 0.4221688007875182 0.3599372931960154 0.3147170275448776 0.2998189632575678 0.32456495830653354 0.37889023664284566 0.4542748360998182 0.5474880366445204 0.660194219106595 0.790316283751696 0.9149564186049949 1.0016542675556972 1.0455682861369637 1.0454864566396926 1.0141637306684923 0.9657149584144307 0.9092828468319426 0.851159035781291 0.7878460231809282 0.7217342202083888 0.6722389435066823 0.6453297121172547 0.6447819837780198
0.953435449732237 0.9147995154555536 0.8591059471674857 0.804826897580639 0.7601721560421233 0.7299118342552059 0.714574315184284 0.7145631741319716 0.7251135565670744 0.7329348975220432 0.7385925546924809 0.7431104827940145 0.7457874226210219 0.7451604509679092 0.7357167534423402 0.7094680032325258 0.666980557862412 0.609600076993503 0.5413938862184662 0.4678187882699676 0.39510505845907173 0.3280054552840523 0.27038400990731526 0.24475821608485743 0.2895696104124981 0.3559295911885465 0.43591222432411036 0.5297685701667646 0.6387049058165838 0.7596883981965185 0.8701505405758696 0.9494122426373439 0.9994165254653008 1.0130529985329082 0.9976056213358387 0.9643447034845629 0.9223056757212396 0.876774724546061 0.8202234991915289 0.7595460242779584 0.7147624040750357 0.6893326238998349 0.6866339195634761
