_RESULTS/REVERSE_NEW/MHZ/GZ/1comp/MHZ_GZ_z_90_kriged_reverse_1comp_test3.asc
ncols 100
nrows 74
xllcorner 5.5967023332191781
yllcorner 50.982320383219182
cellsize 0.00019249356164376555
nodata_value 1.7014100000000001E+038
[rows 0 to 18 of 74, columns 44 to 87 of 100]
2.4176090760395756 2.414706304188134 2.411757400800256 2.4087893826080364 2.405807684467419 2.4027846822442767 2.3996623287095877 2.39637938066019 2.392922104615576 2.38938227556382 2.3859955509455193 2.383134028573718 2.381241461618623 2.380723631235603 2.3818289309520373 2.3845631670895493 2.3886717272094664 2.3936959603762262 2.3990817990670155 2.404301246381921 2.408948198608491 2.41278595289802 2.4157447762832693 2.417884066556628 2.4193398220060947 2.4202752665990825 2.4208449943992685 2.4211753670366103 2.42135864485353 2.4214560277759087 2.4215048105798287 2.4215261516516504 2.4215315367695993 2.4215272935566454 2.4215172854706224 2.4215042510209503 2.421490307628193 2.421477049163078 2.4214655249189634 2.421456249681481 2.4214492882921173 2.421444394825391 2.421441163670367 2.421439155367112
2.414993867720519 2.4107070439508425 2.4064138478267916 2.4022331448276626 2.39826531705419 2.394560212830779 2.3911001447115483 2.387816538422852 2.384643888776677 2.3815938420921463 2.378816263984217 2.376612634999458 2.3753832210802366 2.3755176423483455 2.377265963642104 2.3806399861375582 2.385384299455264 2.3910281166458085 2.3969963687736757 2.4027379672503564 2.4078288052613246 2.412023814735139 2.415255348260139 2.417593091465558 2.419187795826284 2.4202182038587967 2.420852479113585 2.4212271917024806 2.4214412139559354 2.4215593518072294 2.4216205074565145 2.4216465088606998 2.4216494243144226 2.42163657609849 2.4216133609076183 2.421584421366019 2.421553826885377 2.4215248412471064 2.421499676139287 2.421479428711809 2.4214642327392157 2.421453549881023 2.4214464949833303 2.4214421092497127
2.411197897764146 2.4050966064305026 2.3990418026253737 2.3932964311223963 2.388112928468185 2.3836689314787987 2.3800181856230775 2.3770873036234246 2.374729877048802 2.372820716035896 2.371349531832962 2.370468274941714 2.3704636608903376 2.3716590679801737 2.3742829113212927 2.378357543735338 2.383654643647848 2.3897338012528317 2.396045825847395 2.402058725378827 2.4073619941689195 2.411721134638346 2.415077971389393 2.417511307113279 2.419180376313146 2.420270997189641 2.4209562593083365 2.4213751529693384 2.4216266469906453 2.4217740069997498 2.421853967624678 2.4218866208556347 2.4218835537336028 2.4218532398410155 2.421803725872535 2.421743252462413 2.4216796815119115 2.4216195552343627 2.4215673779524454 2.421525398706307 2.421493889206587 2.42147173398009 2.421457099726368 2.4214479999743035
2.4060780343284525 2.3977285960795647 2.3894866821713894 2.381817728759289 2.375190567693106 2.3699673271353774 2.366307830547616 2.3641358104609367 2.3631899493163115 2.363143579090515 2.3637430097888648 2.3649040028829846 2.3667243768375834 2.369408789296931 2.373141007663247 2.3779610949793493 2.3836999597426494 2.389995190187254 2.3963754368848993 2.402374288925228 2.4076294889885146 2.4119377306795116 2.4152582101043962 2.4176773411479298 2.4193556951495063 2.420476506593193 2.4212076820388515 2.421681172810704 2.4219877245977983 2.422182127686064 2.4222936230075995 2.422337090346067 2.422322165673062 2.4222589449304452 2.4221601750260158 2.422040707898604 2.421915448523554 2.4217970543783482 2.4216943174331194 2.421611647288996 2.4215495807947724 2.4215059284542755 2.421477086364049 2.421459146237871
2.399688974665892 2.3887279365057554 2.3779381376399735 2.368043284184749 2.3597906531771953 2.3537814863001314 2.3503144232214406 2.349310593850145 2.3503586811899324 2.352866049646908 2.356254562181828 2.3601217824781613 2.364307832512373 2.3688531306575213 2.3738794509916583 2.3794549361256045 2.3855024504522184 2.3917837466225667 2.397954726502288 2.403658309033535 2.408612876123951 2.4126654835053754 2.415799966964232 2.4181088065043688 2.419746955630164 2.420885440150644 2.4216764377940647 2.4222343358313694 2.4226316928152225 2.4229059264053086 2.423071585959335 2.4231335218196817 2.4230974769842724 2.4229761681064246 2.4227905028213783 2.422566928298998 2.4223327489634507 2.422111414824626 2.4219193034980324 2.4217646627438363 2.4216485195743944 2.4215668034092364 2.4215127911149747 2.4214791811132548
2.39236655358816 2.3785920273262118 2.365051838274066 2.3527692156899214 2.342816533216079 2.336075137353705 2.3330061286766424 2.333525675154628 2.3370419001185074 2.342642939123647 2.3493615749191874 2.3564144502741735 2.3633344893124852 2.3699685505616817 2.3763694720755835 2.3826470929105272 2.3888455240567996 2.3948887323218826 2.4005991676540948 2.4057632018164172 2.410204802401997 2.413835998137452 2.41667068425572 2.4188059702820044 2.4203853073130945 2.4215589746177537 2.4224532806718146 2.4231539007627907 2.4237036288810963 2.424111385879489 2.4243675835236878 2.424460584072668 2.424389740948202 2.424172120701603 2.4238421402020114 2.423445465865766 2.4230299976322827 2.4226371594978335 2.4222960062317904 2.422021240852981 2.421814765675861 2.4216694183295235 2.4215733001834505 2.4215134591976932
2.384758034538639 2.3682194226624533 2.35197923470327 2.3373743091735495 2.325819330404732 2.3184908791347913 2.316019559807718 2.318310650706108 2.32457177733732 2.3335416576971952 2.34383048848147 2.354244725567931 2.363990990679864 2.3727164089840587 2.3804111279186704 2.3872426906414255 2.3933986753341396 2.3989899209934724 2.404028914731793 2.4084648963077746 2.4122410988076237 2.415342223411688 2.417814763225318 2.4197590443739685 2.4213026314209127 2.422568171077336 2.423646802339654 2.4245838982883914 2.4253792294102245 2.42599964588978 2.4263994730775553 2.426542299523661 2.426417982327223 2.426050504140592 2.425495306952347 2.4248279751111284 2.4241285684241944 2.423466697544879 2.4228914083761763 2.4224276848509736 2.4220789475857325 2.4218332854152913 2.4216707291865434 2.4215694660149807
2.3777651049399906 2.3588242212018726 2.340254471877093 2.3236835892651144 2.310845533490689 2.303191756078053 2.3015066550175813 2.3056742627404434 2.314697391074925 2.326967806096374 2.340682100613883 2.3542508116113776 2.366572348252033 2.3771141756069305 2.3858233220473397 2.3929417190547806 2.398812951704871 2.4037431637782007 2.40793994141627 2.4115179433356606 2.4145404833865287 2.4170646625434578 2.419168611112731 2.42095418503454 2.422530078437217 2.4239860612801065 2.4253696521982073 2.426673903484397 2.427840679169361 2.428778884678108 2.4293925404205083 2.429610568252177 2.429409686602116 2.428824072473487 2.4279396326836586 2.426875435581893 2.425758575408955 2.424700195167161 2.423779063076719 2.4230356811993796 2.4224760412242348 2.4220814581370074 2.421820168606807 2.421657297087932
2.3723901744810374 2.3517278508520216 2.3315301967302524 2.3136536257557463 2.3000844720909535 2.292489219024562 2.2917646836914174 2.2977587252015588 2.3092835404450054 2.3244234483654913 2.3410168433373055 2.3571384582957244 2.3714340846268045 2.3832363958987077 2.3924798465088606 2.3994959895798496 2.4047861374051243 2.4088439263003973 2.4120594396445956 2.4146994727319004 2.416936210007422 2.4188912970193797 2.4206699596958234 2.4223732184751006 2.424088794454919 2.425869532688721 2.4277115030927225 2.4295431021931515 2.4312323261164566 2.432612951268216 2.4335234531920755 2.433847657699959 2.4335453498283197 2.4326643552811498 2.4313311945517406 2.4297234792047044 2.4280324276077683 2.4264265539760617 2.4250262756044645 2.4238943312135484 2.423040973526584 2.422438627763894 2.4220394374826175 2.4217904617126367
2.3695150885273315 2.3480696128976097 2.3272155866492166 2.3089425340850256 2.2953842084400713 2.288327094886229 2.288716122434963 2.296345051615533 2.309867921939607 2.327134898838444 2.34572198606822 2.3634669226851877 2.3788491524868496 2.3911304062936027 2.400269867012592 2.4067005019912684 2.4110726824888054 2.4140459222716197 2.41616612107619 2.4178267513334464 2.4192884648739574 2.420723598452007 2.422256760724001 2.4239847123859106 2.425972284434643 2.4282319545888735 2.4307009713348897 2.4332309126292166 2.4356001903687092 2.437551185701108 2.438843406186479 2.439307147959216 2.4388823019358146 2.4376327945945198 2.435733862798414 2.433435126287112 2.4310087576848387 2.4286974195065776 2.426676576660404 2.425039306472877 2.423802763809003 2.4229288017741437 2.422349160643487 2.4219875165200593
2.369676773277681 2.3485210946423174 2.3281230874358165 2.3104903146143783 2.297775998013825 2.2917702073845008 2.2933886230882305 2.3023533358386556 2.3172063121485595 2.335659123751425 2.355146609527182 2.3733921994731575 2.388813431619935 2.4006747333154084 2.408998741022903 2.4143265896619037 2.4174401759974953 2.41913342652391 2.420072603180083 2.4207454107909343 2.4214752761211495 2.4224675631988593 2.4238560682750734 2.4257285464522775 2.4281246083699664 2.4310131212251256 2.4342657445859164 2.4376461822209463 2.4408297723884886 2.443455564535436 2.4451973250470305 2.4458302053738534 2.445274199919407 2.4436086553141974 2.441058547315799 2.4379521540498357 2.4346553770866115 2.4315004986521673 2.4287318198148538 2.4264820046411737 2.4247790746379008 2.4235737969124314 2.422774032409492 2.4222752008276816
2.37291691267385 2.3531028273165977 2.334246265734599 2.3182565248579157 2.307176453795885 2.302682452779666 2.3055852274132254 2.315521717683226 2.3309733184149692 2.349614582571655 2.368866836205878 2.38646754004792 2.400879527189999 2.4114425974063063 2.418277491001997 2.4220336785613097 2.4235997049962714 2.423866989531845 2.4235838584438825 2.423298282574276 2.4233692898792567 2.4240158102716465 2.425368792755329 2.427500798471228 2.430423203278464 2.43405828539238 2.4382065757102396 2.442535103191056 2.4466067072257336 2.449953063377971 2.4521686373418237 2.4529867239139564 2.452314612063163 2.4502398561118697 2.44702295521757 2.443063330136088 2.43882503237012 2.4347420149504706 2.431140558012643 2.4282029853855547 2.425973787243232 2.4243940719519497 2.423346129250055 2.4226935656468402
2.3787619153121025 2.3611720110005776 2.344753595075578 2.331218444173461 2.3223885344137227 2.31972870976111 2.323884216472499 2.334400196294644 2.3497466210629048 2.367654343303556 2.385648197945228 2.4015961641627994 2.414101521495824 2.422642007389803 2.4274621877452773 2.429310572396624 2.42915080618834 2.427934205026804 2.426455918799051 2.4252931206083077 2.424814262078472 2.425231645903578 2.426659763572498 2.429148343340451 2.4326770375432587 2.437119602920204 2.4422024363640773 2.4474905686261326 2.452429587806741 2.456449067765626 2.4590898261449183 2.4600824103531997 2.459343136878681 2.456949920923932 2.4531584817935657 2.448409595947673 2.4432584330417617 2.4382483021470827 2.4337992646401423 2.4301536916522943 2.427379777405059 2.425412836221902 2.4241104141905914 2.4233027618193095
2.3863418920762287 2.3715874171117766 2.3582027928093336 2.34763367152427 2.3414051128299365 2.340704981613228 2.345975788148276 2.3566727943564065 2.3712976452682146 2.3877143123390328 2.403645335103603 2.4171807149211086 2.42713869812872 2.43318291498418 2.4356918945891857 2.4354887835429 2.433576512622151 2.4309349922311827 2.4283790185158765 2.426488558060955 2.425616374348519 2.4259468573700627 2.427562578883502 2.430481420677354 2.4346480784381455 2.4398885637611443 2.445857164459787 2.4520173366959055 2.4576973416996326 2.46223639182525 2.4651654413884296 2.466283414452313 2.46556005649948 2.4630348315405546 2.4588858234493425 2.4535392492527937 2.4476225662716935 2.441791540169401 2.436569332693277 2.4322678092801175 2.4289870198230594 2.4266626382222083 2.4251309638292895 2.424189545894263
2.3946049752064864 2.3829910674835504 2.3728970203751185 2.365469784116506 2.361901375253161 2.3630735129696965 2.3692137843785646 2.379698894386004 2.3930986745316973 2.407466817464945 2.420788867680109 2.43144110202227 2.438512780644725 2.4418802052446105 2.442036158469999 2.439838026163492 2.436300353942556 2.432415632530334 2.42900000375501 2.4266117968634253 2.4255614905916616 2.425981663701425 2.427905051125622 2.431307485127606 2.4360968062628854 2.4420570984653143 2.4487816404000786 2.4556439842888764 2.4618636109820913 2.4667031443859635 2.469728702128235 2.4708914579092895 2.47027772485568 2.4678626854665278 2.4636594063291195 2.4580079330530853 2.451578729269956 2.4451351395977245 2.4393062768050853 2.4344791257697977 2.430792926144458 2.428191132227479 2.426494272191547 2.425469476090181
2.402550758870419 2.3941075650185257 2.3872586498463146 2.382852320678274 2.381747348344778 2.38452228828807 2.3911996485487204 2.401096925238382 2.4128813409308103 2.424832727378183 2.4352419955308986 2.4428207555467023 2.446963567627593 2.4477394495716465 2.44569979143063 2.441706294592647 2.4367869656856103 2.4319466978490545 2.4279857274002907 2.4254119257753994 2.4244620531640693 2.4251889804926545 2.427554941862345 2.4314827119296507 2.4368436814231536 2.4433927829023507 2.4506865579990538 2.458039821641734 2.4645920888200608 2.4695481046600465 2.472526542275654 2.473668268785646 2.473222888113453 2.4711091298613836 2.4671320698318793 2.4614904681575482 2.454858506897247 2.4480841985991666 2.441890996535925 2.4367384011584634 2.432808881618473 2.430060594355942 2.428304242823545 2.427279135899644
2.409407428502792 2.4039662209800383 2.4001038673083777 2.3983932449893093 2.3993850678133493 2.4033802364987764 2.410220878077573 2.4191886045956403 2.4290705174393654 2.4383987304203507 2.445806604691008 2.450372642653513 2.4517705099997738 2.4501822775959385 2.4461767752261685 2.440644999760651 2.4346581975767037 2.429230813072728 2.4251191012248143 2.422743067454017 2.422228713944097 2.4235176653968944 2.426478950542512 2.430971166016269 2.4368322912176392 2.443807660352118 2.4514546151442485 2.459083030624805 2.465811321469172 2.4708214350207744 2.4737619841384237 2.474898996476939 2.4746218762979164 2.4728487004029 2.4692387300228953 2.463850525865294 2.4573170068879997 2.4505217511391297 2.44425016687442 2.439020222865123 2.4350562854659588 2.4323356546113573 2.4306636610747407 2.429753001089394
2.4147072452212854 2.4119916642785726 2.4107523483364623 2.4113214509128853 2.4139792596586114 2.4187852051926564 2.4254320553069473 2.4331903628579155 2.4409903130634247 2.4476459930441656 2.452157085204828 2.4539344742497393 2.452828995881056 2.449076239242006 2.44330763774775 2.436510485964689 2.429816987035921 2.4242268692552837 2.420412088623939 2.418662093260014 2.418952679433629 2.421081522621129 2.4248015825364586 2.4298971346276748 2.4361780550229883 2.443403547234573 2.451176029057691 2.4588664772355386 2.4656510330224872 2.4707428556326563 2.4737836755073928 2.4750271317893193 2.474899638367133 2.4733816326198497 2.4701309042795385 2.46513145394448 2.458941450002046 2.4524164454385224 2.446356310658798 2.441313918949838 2.437548508321618 2.4350569621722955 2.4336403726816576 2.432983174118752
2.418257584159395 2.417962965682799 2.418974143281948 2.421418030875092 2.4253431362370055 2.4306045355615247 2.4367778172510683 2.4431506737295696 2.4488244922348574 2.452912360977902 2.454741851229501 2.453946755663227 2.4504794597026582 2.4446799857990853 2.4373388061611023 2.4295776656311334 2.422571160486409 2.4172656723757475 2.4142071900822533 2.4135140253979546 2.4149747530619523 2.4182128203660813 2.422844821620446 2.428573112351702 2.435186626784328 2.442481990575985 2.4501480891884926 2.457676679368275 2.4643734472211207 2.4695393549597053 2.4727954889868893 2.4742715309789687 2.4743127696281912 2.4729742509690453 2.4700335728619636 2.4654878480796514 2.4598170108969155 2.453800130986371 2.4482070897947867 2.4435999823843106 2.440261889481501 2.4382051066047947 2.4372232649000387 2.4369675204278027
