_RESULTS/POSTPROCESSED/Berg/TZ/7comp/Berg_TZ_z_63_kriged_reverse_7comp_spherical.asc
ncols 100
nrows 90
xllcorner 5.6208707817415728
yllcorner 50.959635321741573
cellsize 0.00013419651685393446
nodata_value 1.7014100000000001E+038
[rows 57 to 75 of 90, columns 0 to 41 of 100]
0.5163751941703305 0.5146429071758271 0.5072206737903303 0.49456598939161 0.4774867642295606 0.4570006833470551 0.4342010663405267 0.41015569410520636 0.38584466426174535 0.3621317856237196 0.33976063201824563 0.3193663399072803 0.30149299175159866 0.28695512928158556 0.2770679174375126 0.2699339606954466 0.2650832125140222 0.2624261095909638 0.26030500650150357 0.2575408053386212 0.25392779163328927 0.24933499308365242 0.2436274198403237 0.23623786329978685 0.22713727909810236 0.21653479289511415 0.20476756962221754 0.19229194518315498 0.17922968873055994 0.16579092020994585 0.15083551012339552 0.13592303302396386 0.12258487906786777 0.11137772088244711 0.1020530831534529 0.09387527081240886 0.08633030796127847 0.07920707183713026 0.07247990311800537 0.06620496642653759 0.06046234320260337 0.055334624120456026
0.4715476105460364 0.46877928937146063 0.4614926329061463 0.45002116478293713 0.4349646925987796 0.41709978262163644 0.39728602789414047 0.3763876185237161 0.35522315388664394 0.33453791734822874 0.3149742492980156 0.2971174569324135 0.28152732884851644 0.2687617373008201 0.2597006196094573 0.25400746719484485 0.2508681847209585 0.24964939231135805 0.24838512668723792 0.24658059437329094 0.2440155323988742 0.2405031607149813 0.23550961263321116 0.22896079829819563 0.2209739860893381 0.211774492396566 0.20169481133128989 0.19117145640139852 0.18072432919891365 0.17040692988272854 0.15862156186235002 0.1460735534725767 0.13398604981504655 0.1229584214307195 0.11321334198356689 0.10449944961162115 0.09651168807491207 0.08908297654961438 0.08217051419413532 0.07580808573874966 0.07006791711834423 0.0648841296260063
0.43358746109601576 0.42998476884892145 0.4228014308895043 0.41228933706879395 0.39890202222472904 0.3833009733017991 0.36615657051935663 0.34810590738840413 0.3297755548048398 0.3117564885566991 0.294598711721029 0.2788296235427206 0.265003450744257 0.2537814905066299 0.245967177043248 0.24163422008325786 0.24029052788066071 0.24015093975507032 0.23996444902537323 0.23926992667716324 0.23772217749808955 0.23482949180675788 0.2305226101256762 0.22485300090585922 0.21796401912674082 0.21008861149526425 0.20154619850827343 0.19273677820314045 0.1841307620787698 0.1762405684811516 0.1674735974129692 0.15723085337647438 0.14656903598438478 0.13613811646052518 0.12641458734442734 0.11749479581371236 0.10926435740864801 0.1016458479815323 0.09462681753722026 0.08825043758089823 0.08241071591526346 0.07699768237902906
0.4021419372328748 0.39788308916371207 0.390806187109739 0.38124142001127764 0.3695272094910005 0.35604618472982985 0.3412592005550649 0.3256646171627403 0.30976406783525273 0.294039149461896 0.27894281173843655 0.26491236826277387 0.2524244152820527 0.24215092563168497 0.2352894957341437 0.23307955835310706 0.23347262488187087 0.23452751524774326 0.23540527584148724 0.2354798702041405 0.23443581882861583 0.23211477809474543 0.228501966678627 0.223685756808007 0.21782812183945213 0.21116231370276745 0.2039963257999454 0.19668946427442596 0.18962890330964177 0.18324885977972347 0.1770639728125994 0.16925340768080097 0.16030345889644632 0.15088846243346798 0.14162789709679552 0.13288227203251737 0.12469953709638272 0.11710710515871485 0.1101460555341617 0.10361220763246844 0.09746033338401427 0.09183037603535361
0.37679361724336413 0.3721402116937866 0.36550999998867467 0.35697885704710985 0.3467300207670168 0.33504423320921334 0.32227127543335354 0.3087996781735036 0.29502908842635506 0.28134853479753247 0.26812286499229476 0.25569032063616 0.24438158556577108 0.23461758109041678 0.22754483743994863 0.22711208824569917 0.23062609010277932 0.23335841000170907 0.23478479290978968 0.2350959203190498 0.234264393229518 0.2323365434681048 0.22946307466804283 0.22573515876211972 0.2211923485935646 0.21595866226775817 0.21024054760965705 0.20431992099698543 0.19853871439241133 0.19327454801098876 0.1886700405061384 0.18270056589924505 0.17540330997282255 0.16720194485629272 0.15878799778392177 0.15065869034998322 0.14290151502399576 0.13556230621526258 0.12843835243980126 0.12161055825437564 0.11521209779222039 0.10939885303869287
0.35639498947034054 0.35240432794629717 0.346556105672063 0.3389905187599915 0.3300068280607405 0.3198758183708831 0.3088634792034359 0.2972748650291692 0.28543282572826956 0.27365986473762294 0.2622645734953647 0.2515333629488446 0.24172821154779042 0.23309524474391577 0.22575730022844948 0.2258302808780011 0.23161971073713578 0.23568100523249058 0.23788718436871356 0.23837065964422197 0.2379014340215925 0.2368470671821131 0.23515539096816385 0.23280525749717187 0.22966321896822622 0.22579211972268506 0.22137043138942877 0.21664711627732447 0.21192621762068545 0.20754361803946006 0.20383810229666582 0.19964070299089026 0.19358534464864394 0.18632176545751372 0.1786089381964687 0.17097138548697083 0.16345139497146222 0.15613502821736808 0.14892443896513005 0.14196806500320605 0.1354336097919376 0.12949812099672833
0.3402554902096752 0.3370115081804609 0.332235451498686 0.32602286574509853 0.31853876772972245 0.310005219103107 0.300685358945566 0.29086659582442437 0.2808455888404656 0.2709173803826588 0.2613713337374905 0.25249937067810274 0.2446351735679038 0.23811495106046673 0.2333073358925817 0.23290230708448342 0.2366384670860748 0.2406413824353412 0.24354573492249557 0.2456497010376916 0.24685798362025033 0.24715042410081647 0.24658589480592744 0.24536016128923246 0.24353416369672187 0.24098311382029397 0.23778098097959666 0.23414116592201029 0.23033368617501956 0.22666335247366076 0.22344342868559278 0.22065580673510982 0.21605728338039376 0.20956456676166665 0.2019474801005062 0.19395395685766317 0.18593985916293715 0.17819876839054466 0.17095567046078827 0.1641035337188819 0.15760107968713613 0.15164704494628162
0.3280599042721287 0.3255491547028709 0.32178861663522135 0.31684187093963057 0.31083041059988137 0.3039262290230286 0.2963418751370456 0.2883200161467358 0.2801248429381355 0.27203809717252064 0.2643639761627514 0.25745174346974053 0.2514398274019646 0.2462125364216306 0.24271872494298838 0.24202319714289067 0.24407467768350488 0.24822362045941143 0.2525981987794415 0.2564813249212323 0.25960304535427353 0.261833485242578 0.2631313439709887 0.2635236382359652 0.2630982228531147 0.2619739311512258 0.2600516655532234 0.2574596925016472 0.2544406344390621 0.2512581855989297 0.24817365430283242 0.24542225638517673 0.24197310767644348 0.2359571918645545 0.2283178499926158 0.21990658724126733 0.21121598004147007 0.20267396710712532 0.1946347326032126 0.18741012462930048 0.18104807881638654 0.17517943874288316
0.31956952611710643 0.31779258132458393 0.31501781872431506 0.31128503176910616 0.3066828409565398 0.3013449872779074 0.29544511589262895 0.2891916918646771 0.28282509091178964 0.27661946655617764 0.270872507893359 0.26535531359228065 0.26016275888163204 0.2557955821041492 0.2528822159754845 0.2519719979306585 0.25398362372801014 0.2586425996690435 0.26467031953923653 0.2704533144725386 0.27562077966664744 0.27994945206828176 0.2833077718501341 0.28564041385574485 0.2869621156846618 0.28735537393629107 0.28689634131237346 0.28541290389418555 0.2830650498791921 0.2800993365942437 0.2767771277590131 0.27334898063745044 0.26999405265923915 0.26470988763763886 0.25726210901252405 0.24858626797036398 0.2393110263092765 0.22997221352731764 0.2210295080951893 0.21287780682643875 0.20586169492256362 0.20008262171438465
0.31462853876794417 0.3135994037398489 0.3118045999731137 0.30926647630229215 0.3060487465755534 0.3022553883371696 0.29802894630616206 0.29354960949468106 0.2890356570858095 0.2843890793010533 0.2795233880231886 0.27466528454631833 0.27013131389863304 0.2663200157382635 0.26369802008301646 0.2636566774765952 0.2664969913780038 0.2718091985165463 0.2790950105574727 0.28707319897659955 0.2945589048520284 0.3012628533121902 0.30696541568619595 0.31151597979918655 0.3148352851217307 0.31691963163228937 0.31784381114945254 0.3175566524557114 0.3158710301092267 0.31300650807836966 0.3092331742824004 0.30483389095151014 0.3000761150686531 0.2950292647594771 0.2880457637540046 0.27928669674242734 0.269507680687833 0.2593783289757699 0.24947405887184257 0.24028097386481492 0.2322084055629001 0.22560531245001403
0.3131675282995301 0.3129138345689205 0.31211584142479726 0.31078366266702023 0.3089623037457686 0.3067321377674589 0.30414008096128836 0.3010451044475939 0.297473471087354 0.29351028886212205 0.2892977143250262 0.2850444110403952 0.28102405432049854 0.2775590490567755 0.2760713409013648 0.2773827661420636 0.28132853730191043 0.2876258041764615 0.29590661828666953 0.3057609377035228 0.31594371062567916 0.32540612939625246 0.33384207378186276 0.3409921177443844 0.346658584538178 0.35072165028746805 0.35315394446093923 0.35401420602040534 0.3529996084050977 0.3501067910869818 0.3456261485625567 0.3398961686420505 0.33327597299331 0.3263113767134101 0.319504871748585 0.310833969316272 0.3006488119525077 0.2897572459714094 0.27885633790836245 0.2685295480572014 0.25925653164917656 0.25142991110503243
0.31512558961622583 0.31566751784027053 0.315826138658941 0.3155601121590816 0.31482963809896736 0.3136000789223497 0.31184718669589356 0.3095646993983317 0.30677478588461415 0.3035407713988689 0.29997950579923094 0.2962679826268477 0.2926367574143182 0.2901056995411499 0.29023487568612233 0.29299317289904087 0.298256076146625 0.3058187365920802 0.31539695931209805 0.32664008613557904 0.3391406403997205 0.3518269591803396 0.36348374767598074 0.3737223718110828 0.3821958106415806 0.3886280926022596 0.3928479207116452 0.3948167133607617 0.39445490689489293 0.391382481998113 0.38588261039895255 0.378395688613246 0.36944542117195145 0.3599034341065656 0.3505907051655583 0.34158177209530693 0.3311088133636771 0.3195160872088825 0.3076239143068401 0.2961153921397688 0.2855430285538007 0.2763456275800889
0.318212683979175 0.3195223502843983 0.32048993494203926 0.3210723344000307 0.3212247146475625 0.3209027787438773 0.3200664863087903 0.31868637724668114 0.31675366130158206 0.31429423515925353 0.311384088140731 0.3081595858905673 0.30508323377321817 0.3042396345148932 0.3059839881855959 0.3102711372326675 0.3170213700408352 0.3260906503378582 0.33725643830672586 0.35021230803099224 0.3645639959921001 0.3798244769778507 0.395175765978745 0.40909659363276085 0.4209553701483553 0.4302662383036439 0.4366541128074852 0.4399153183477503 0.44004015901828686 0.4366053598241413 0.4297111042126044 0.41999555715823256 0.4081741415439044 0.3955346578375955 0.382810399723025 0.37046176705470557 0.35880989281417086 0.34662375886302643 0.33380824801983605 0.32114222333614445 0.30924871840516815 0.29861186043218707
0.3212517062812946 0.32335859207455475 0.32517459526896597 0.3266566391045318 0.32775621548586265 0.3284195283610606 0.3285884183025171 0.3282036619673629 0.32721315510295995 0.3255875521787223 0.32334311239105473 0.3205644034295748 0.3188619356982823 0.319691784616134 0.323038848367669 0.3289072170086547 0.3372730570647715 0.3480511977945282 0.36107330177145003 0.3760716921122462 0.3926638616487017 0.4103366322937547 0.4284339708393291 0.44615723964453396 0.4621016987563811 0.47493595436739 0.4839956211110079 0.4888313007763041 0.4893053636386431 0.48526168810455556 0.4765623720926303 0.46399925939251113 0.44878520130880095 0.43240662517979156 0.41566351030724114 0.3991930957999186 0.3834751380421157 0.36884656139545724 0.35513528307456876 0.34143862196850805 0.32831341641600964 0.3162906027833963
0.3240904506185682 0.32700648828201095 0.32969151341007763 0.33210522695129185 0.33419855217973854 0.33591111411173674 0.3371680024489584 0.3378773706186419 0.33793285197021056 0.33722806268432326 0.3356906263106431 0.33369976918997346 0.3337037789443657 0.336122885281861 0.3410167746372093 0.3484679155021232 0.35852452715048383 0.3711654933986564 0.38627729633713576 0.40363276689736755 0.42286607294224143 0.44344343300347044 0.4646405283851228 0.4855791212925099 0.5050910683375426 0.5218489033977414 0.5343036581058214 0.5411075146102549 0.5418789115653603 0.5367244903977145 0.5255433993713503 0.5093618407724717 0.4901754257724995 0.46935672674409334 0.4479758056639827 0.4268770814766316 0.4066743499329231 0.3877805339638348 0.3704488161388534 0.3548323332041534 0.34107634545415316 0.32891503990537885
0.3265713468510475 0.33028736269590026 0.3338382057148539 0.3371897636520863 0.34029717795151726 0.34309979706718835 0.3455130617491637 0.34741740349785805 0.3486476249429221 0.34899532346956724 0.3482505172237795 0.3476534313811408 0.3492411545431099 0.35309379755038356 0.359402500519548 0.36836666980549587 0.3801229878958087 0.3947189842416433 0.4120988052033547 0.4320857298035192 0.45450302760201894 0.47886352624454087 0.5043105099532407 0.52967565671099 0.5534626679277523 0.5739069996392961 0.5891613112869665 0.5976246462394997 0.59834796044996 0.5914094374782618 0.5767059239506449 0.5558697671616286 0.5313506858241288 0.504966151043435 0.4782152377414053 0.4520855095729513 0.42720270482380596 0.4041971184877393 0.3834396815242248 0.3651561983668527 0.3494778134740533 0.3364805700688009
0.32853691278828123 0.33301977899339597 0.33740478651697986 0.3416672127715343 0.3457718570859675 0.3496667264842749 0.3532713017103159 0.3564561014060537 0.35901077486280486 0.36060891936164147 0.3609142498386583 0.3620643448040509 0.3650195856232582 0.3700269195027947 0.37751491846439494 0.38784227399652726 0.4012362259142924 0.41780719977733355 0.4377798592615252 0.46117245248189564 0.4876468594566024 0.516630357851153 0.5472270778688811 0.5781188304230885 0.6074833171879425 0.6329943171470233 0.6520149412455626 0.6620919520049801 0.66176004431709 0.6511746317838135 0.631228592169458 0.6042801195602714 0.5730892462506303 0.5400695625223222 0.5071155495957905 0.47558924332935193 0.4464031971724224 0.41989698570320344 0.3961582542930325 0.37534102884874876 0.3575042673969694 0.3426562681889855
0.3298766793946035 0.3350280783212627 0.34018417652108596 0.3452912925463741 0.35032777104519247 0.3552586006019439 0.3600240898936233 0.36451622973893893 0.3685285832525637 0.3716547828222485 0.3736486413453864 0.37652491861144266 0.38044170438811326 0.38613896376865026 0.39447160356456057 0.4059568636221052 0.4209569059840555 0.439999580830738 0.4631467870947885 0.4903030327654819 0.5212143501612994 0.5553832183688152 0.5919473759722133 0.6295188025480082 0.66599434153972 0.6984031582946435 0.7229826981884944 0.7358289829543541 0.7344710292786397 0.7190790037945592 0.6923410527522808 0.6572785201239605 0.6177924226517194 0.5770147103507873 0.537160660518378 0.4996713736947363 0.4654137562161305 0.434858540459349 0.40814831768598925 0.3849144344877574 0.36505510663562013 0.3485005502074244
0.33075040202749084 0.33617713704768143 0.341985946300405 0.3478305658234707 0.3536781993779607 0.3595129985204927 0.3653054083443383 0.3709972837557947 0.37646284275839165 0.3813860446881859 0.38590091561212936 0.39055875622235336 0.39457997359347385 0.4003154395307508 0.4091733528164858 0.42185307219573065 0.43898614830853955 0.460697758949354 0.48705735181019255 0.5180628611252516 0.5535810695479917 0.5932540982478299 0.6363583784825486 0.6815917821365336 0.7267568533966099 0.768334806472712 0.8011304646682893 0.8187796426667794 0.8165602100835598 0.7950413458764803 0.758822508014891 0.7132508749575945 0.6637971839199079 0.6142488005063099 0.5669545731490218 0.5232661843789407 0.4838856051409074 0.44910629899632526 0.41897627562091494 0.39338646591828347 0.3717373162301592 0.3536944459737608
