_RESULTS/POSTPROCESSED/Berg/TZ/7comp/Berg_TZ_z_710_kriged_reverse_7comp_spherical.asc
ncols 100
nrows 90
xllcorner 5.6208707817415728
yllcorner 50.959635321741573
cellsize 0.00013419651685393446
nodata_value 1.7014100000000001E+038
[rows 38 to 56 of 90, columns 41 to 81 of 100]
0.024327881265492297 0.013405268012934618 0.006831779891136918 0.003207055109591455 0.00140470806026095 0.0005739309621505466 0.0002187509050172176 7.908945112505306e-05 2.817570091086026e-05 1.0371276537050186e-05 4.1932899971622815e-06 1.9994481956571975e-06 1.1881435681612274e-06 9.112767595784923e-07 8.87271943524571e-07 1.0203017988653233e-06 1.2672080754440296e-06 1.5834116371281886e-06 2.0295630543422763e-06 2.7002683024291643e-06 3.7463625772230423e-06 5.319137844830624e-06 7.752790586795472e-06 1.1256216780539043e-05 1.590903554777777e-05 2.1785896786754064e-05 2.8288288839135336e-05 3.40669134544361e-05 3.745961691000411e-05 3.70704889830207e-05 3.237939707358704e-05 2.5780402337263136e-05 2.0390426738005633e-05 1.6371439017367425e-05 1.3788028843956953e-05 1.2268179082139695e-05 1.1485643091911096e-05 1.1337203316019875e-05 1.2183253236809972e-05 1.5144567853979394e-05 2.30809253719956e-05
0.025669454260964418 0.01402349446236507 0.00710580304370318 0.0033443670479370597 0.0014580659930329472 0.0005870032534455403 0.00022087503805872025 7.927082389056324e-05 2.8169028664593435e-05 1.0482443198468834e-05 4.307490010616815e-06 2.0611435115550023e-06 1.2090039529219885e-06 8.957365384639972e-07 8.178495298885008e-07 8.97595452353052e-07 1.0615131519427651e-06 1.1455206903400263e-06 1.3213076718462606e-06 1.6191983309565636e-06 2.047161100642123e-06 2.643582119237172e-06 3.5252918635371144e-06 4.734087175563246e-06 6.460654384564615e-06 8.835760916558662e-06 1.153943975959577e-05 1.3920459224707683e-05 1.526135233522563e-05 1.5079028572659488e-05 1.3380525955514888e-05 1.1168660186271857e-05 9.149535117143183e-06 7.600223797650257e-06 6.5116417580233295e-06 5.769584629616381e-06 5.263985263637682e-06 4.955757203426716e-06 4.888846166298891e-06 5.449146171670156e-06 7.718376863389961e-06
0.029189392817645 0.015941718979212094 0.008051683611667214 0.0037845712524539037 0.001645862289256129 0.0006572754279528582 0.00024425303475692585 8.689934055460315e-05 3.1099125301405985e-05 1.1651913394537233e-05 4.773923617377598e-06 2.2443508822367614e-06 1.272506117698832e-06 8.859296282575742e-07 7.534605814293343e-07 7.679319944595438e-07 8.373109245305479e-07 8.574395070508359e-07 9.281581078695331e-07 1.0547539514923256e-06 1.2258487303933686e-06 1.4505523570296491e-06 1.7497943899733519e-06 2.115784914629245e-06 2.8248901471415843e-06 3.969484255799718e-06 5.248471571711419e-06 6.3212436637495744e-06 6.875550671638773e-06 6.7300797923220315e-06 5.994653312454996e-06 5.200935330514591e-06 4.443490521678749e-06 3.817045444516411e-06 3.353697186987847e-06 3.030823304299164e-06 2.740942693541102e-06 2.488247205147715e-06 2.262797174665471e-06 2.1541419761048585e-06 2.5346443658094956e-06
0.03554640660683256 0.01954113464198496 0.00987659026508814 0.004626941532481058 0.0019952407031685795 0.0007991063021328557 0.00029652120977783627 0.00010688474657444445 3.868567501119337e-05 1.449197422810535e-05 5.825207369218e-06 2.625807914410672e-06 1.394245370371855e-06 8.89894046898213e-07 7.005482727601452e-07 6.554322626200221e-07 6.632787552235579e-07 6.815397197412813e-07 7.097613685345956e-07 7.579380435473786e-07 8.262979748972013e-07 9.13998861579997e-07 1.0162836704585277e-06 1.0584337012460178e-06 1.443548579402521e-06 2.1148202463644364e-06 2.7869105093560976e-06 3.3014225271763556e-06 3.5218389787061024e-06 3.389882767713654e-06 3.061909356820806e-06 2.7247732068401815e-06 2.394385366905497e-06 2.1389159466849854e-06 1.952303065535428e-06 1.8311431036172684e-06 1.7066394769639552e-06 1.5530540485167926e-06 1.3778643970336796e-06 1.1897008420433502e-06 1.0145424777047897e-06
0.04633512107196171 0.025750444811380276 0.013048952699995536 0.006094497386634321 0.0026184497011226483 0.001055286863819972 0.00040570353544197146 0.00015017478546716396 5.503892153294143e-05 2.0554199490307787e-05 8.037184948314677e-06 3.4071797826542736e-06 1.6189450717985937e-06 9.201444992543442e-07 6.823852183710281e-07 6.231897955137551e-07 6.19075170574483e-07 6.185471162267666e-07 6.161207561513581e-07 6.212510410415391e-07 6.411579213495367e-07 6.844220704180712e-07 7.549071497748347e-07 8.409316423995726e-07 1.0571174805747327e-06 1.4089122354941344e-06 1.7585324296571487e-06 2.002154995614143e-06 2.072603551161037e-06 1.9651456648004894e-06 1.8157338917349322e-06 1.6462099145753026e-06 1.4651183704123393e-06 1.3622693379864845e-06 1.3269612328243997e-06 1.3203189953040453e-06 1.3020036722048875e-06 1.2602804017766398e-06 1.1979784034948029e-06 1.1628500218144234e-06 1.3848561146682562e-06
0.06486414470046936 0.0364821843416273 0.018508988269507424 0.008630673272905554 0.0037231941987808433 0.001547482372014202 0.0006192708384638503 0.00023960132539491437 9.047257457835299e-05 3.401856270495915e-05 1.3005587271209884e-05 5.147725401136284e-06 2.108289255394557e-06 1.0021851022819242e-06 7.428007571393235e-07 7.137627764185983e-07 7.028458634598117e-07 6.744624177848942e-07 6.32888391111286e-07 5.959867117591788e-07 5.799306853848633e-07 6.042482134947334e-07 6.80967477930752e-07 7.932789686428661e-07 9.50513078295824e-07 1.1433865870937586e-06 1.312428752603152e-06 1.4023762882817192e-06 1.38887463605452e-06 1.3235484182999557e-06 1.2505623681478776e-06 1.161468702724139e-06 1.0529272677532988e-06 1.0199122334001271e-06 1.0785707982414096e-06 1.1537401116089866e-06 1.2280209152708986e-06 1.3032163364683517e-06 1.4041988964550194e-06 1.619996070203735e-06 2.3176425707996517e-06
0.0967878747660923 0.0544401410396301 0.027540431845954446 0.012918561625528438 0.005741177811869791 0.002498235496059653 0.0010515077627489915 0.00042888066935714623 0.0001704751607386328 6.627439529983682e-05 2.554401785153811e-05 9.845608991225332e-06 3.6627745242797083e-06 1.3138713164932512e-06 1.0887745171813123e-06 1.0880658376500589e-06 1.0304015020925357e-06 9.242974620954037e-07 7.95838737240246e-07 6.802327060269744e-07 6.094814268843186e-07 6.14922403935685e-07 7.061263531633937e-07 8.409810180188099e-07 9.756819318653092e-07 1.0854891000191538e-06 1.1401077839856252e-06 1.1249800590220917e-06 1.0605939892968645e-06 1.0140051215547248e-06 9.882011728272633e-07 9.693983690831002e-07 9.45782959221336e-07 9.728602471826776e-07 1.0700694584060995e-06 1.2186038148944343e-06 1.4036951112314509e-06 1.6385919538111183e-06 1.98254758982709e-06 2.5998011055564966e-06 4.029430022842347e-06
0.14378293720170968 0.07983380947283931 0.04137252215573429 0.020127805036117705 0.009479170118472435 0.00437965833630314 0.001967526602488986 0.0008549461761950252 0.0003609193601015272 0.00014838141464880726 6.026954473182918e-05 2.4261098018318966e-05 9.648022616747139e-06 4.350949739833933e-06 2.8722586131623255e-06 2.389618699910622e-06 2.020961339980255e-06 1.6404648749185705e-06 1.2663228072515538e-06 9.471747031036229e-07 7.385363068524694e-07 7.183458850115014e-07 8.540061429843813e-07 1.037731947815485e-06 1.1638138153295066e-06 1.1981391963082333e-06 1.1355355014444923e-06 1.0110485576130113e-06 9.132012739963441e-07 8.731651136243021e-07 8.879737940917966e-07 9.379375903350182e-07 1.0019089499561652e-06 1.1088956051959917e-06 1.2828628267528571e-06 1.5292500863907868e-06 1.8897163302217003e-06 2.389695229382091e-06 3.150274907352801e-06 4.458104055885434e-06 7.158672953942895e-06
0.165588771735488 0.10428905528712222 0.058848285716612866 0.031142419441713396 0.015919462337762962 0.007945535939709064 0.0038567295583682008 0.0017944038231786856 0.0008107025453002402 0.0003588279741868473 0.00015767095088535166 6.929704289204985e-05 3.12007993874032e-05 1.5770612648257327e-05 9.678969415599672e-06 6.907937539211794e-06 5.165456735362401e-06 3.7903789350661347e-06 2.6473957359767193e-06 1.7388138188776804e-06 1.0738812875268816e-06 1.0332081734517608e-06 1.3072393536664115e-06 1.5593730345861996e-06 1.6418798938829272e-06 1.5283376566857717e-06 1.2797221898819374e-06 1.0352093147339032e-06 8.76050917875294e-07 8.330379362165215e-07 8.996874478515171e-07 1.041114223538927e-06 1.2211900354513976e-06 1.4687996386000241e-06 1.8054128601546383e-06 2.24837666919318e-06 2.9188336456911563e-06 3.9107567681007586e-06 5.443911717858445e-06 8.011837949868127e-06 1.294239812068408e-05
0.18620422651070184 0.12740838571839244 0.0793347541517972 0.04662461718898761 0.026259731946558104 0.014338106864038544 0.007548351634127537 0.00380507266641542 0.0018593286720137183 0.0008960870488442332 0.0004316103796994245 0.0002099037474514487 0.00010492952820476417 5.680794919195775e-05 3.440006218376514e-05 2.2891029067788322e-05 1.5859683513253794e-05 1.0914414639573875e-05 7.249166311850286e-06 4.614799220436564e-06 2.96331726417665e-06 2.542577763939142e-06 2.7261319865993866e-06 2.8939386480432516e-06 2.752528187224312e-06 2.2792338710293275e-06 1.7171435629647094e-06 1.2350307874109624e-06 9.28269153899886e-07 8.681444646248559e-07 1.0379651233867797e-06 1.3461777745766543e-06 1.7339136814318945e-06 2.251834012727424e-06 2.9303980321245752e-06 3.8111644213807973e-06 5.070999396364663e-06 7.029880204911833e-06 1.0051050008805037e-05 1.4963218886347053e-05 2.388003221320768e-05
0.20288189160510717 0.1488797667009287 0.10245453897196603 0.06718033260258964 0.04205503370419896 0.025213371200839094 0.014438033207361705 0.007938301248639493 0.004220160965446567 0.0022207186033105985 0.0011774837303917304 0.0006320650740340668 0.0003456277992647929 0.00019898088296255886 0.00012271565235449073 8.042425661145279e-05 5.429193867940623e-05 3.662244192538691e-05 2.425770904184991e-05 1.5880084164708115e-05 1.0794881401397223e-05 8.344969257013475e-06 7.252039816947161e-06 6.479492825145258e-06 5.466482714077175e-06 4.171116885274602e-06 2.894710458525548e-06 1.8431026528118617e-06 1.1235956873827308e-06 1.0030457297017574e-06 1.4650286791930559e-06 2.1220932090240496e-06 2.9298096995388976e-06 4.001914580669645e-06 5.4024615501735325e-06 7.252283446081974e-06 9.791971465906915e-06 1.3676075084545988e-05 1.9606190186789794e-05 2.88889070460258e-05 4.492001142214843e-05
0.22132295139123673 0.16765490573800965 0.1259399393028575 0.09222892351280668 0.06429709029254178 0.04231108172266867 0.026420328887753374 0.015861067940572942 0.009192135074733399 0.0052682418088023705 0.0030722150314835086 0.0018098680800824984 0.0010757172700962168 0.0006606473429539725 0.0004243681594862225 0.00028422666080725315 0.00019469306800729247 0.00013341194261071913 9.029882477572929e-05 6.041074543917754e-05 4.086176670462586e-05 2.9005573758400008e-05 2.1670049149601155e-05 1.6677478186556243e-05 1.299935619677939e-05 9.477636447196075e-06 6.3473750366251205e-06 3.928248269122576e-06 2.3390446546445548e-06 2.053631251168484e-06 2.973903870519184e-06 4.284040172658266e-06 5.962534507505252e-06 8.20173579913364e-06 1.116314797816149e-05 1.5127999811663076e-05 2.05588654354086e-05 2.8433860526256962e-05 4.0025321556083834e-05 5.735539934728444e-05 8.591027387699591e-05
0.24106179799754354 0.18897064426874813 0.1494905487903827 0.11894437599218487 0.0917692782499725 0.06656047717315731 0.0454385807479396 0.029620095274497233 0.01865914441397917 0.01160536780042371 0.007389935841819581 0.004753990666073006 0.003063506169937359 0.0020169546077186467 0.001371344635790419 0.0009627218070091838 0.0006894355844646256 0.000492941014836002 0.0003456795365553974 0.00023400337356474518 0.0001539785934927113 0.00010125394329844869 6.889695265865602e-05 4.877904618329678e-05 3.566944381339156e-05 2.5696839906465784e-05 1.75149512950513e-05 1.1620598301294137e-05 8.192568817323124e-06 7.31067244586359e-06 8.480624988123558e-06 1.0830355700594814e-05 1.4258438503114722e-05 1.8965733161738455e-05 2.529547210862919e-05 3.383293942969725e-05 4.552215610313353e-05 6.201425388096397e-05 8.465059490350101e-05 0.00011635243545803252 0.00016653056906076007
0.2582803681398348 0.2115611563425564 0.17623755003652683 0.14969493432550315 0.12357156092103337 0.0970978610106396 0.07213044804157039 0.05065748121459679 0.03430079715624411 0.023015842743234847 0.015849893767781863 0.011079352224563271 0.007727664576754104 0.005472311431977152 0.003978160578876161 0.0029770171817817153 0.0022766913848992175 0.0017392511686603206 0.0012838638803137317 0.0008831624109452587 0.0005700830834487558 0.0003591988802282391 0.00023039493916713588 0.0001537382360311218 0.00010725959645572461 7.748125114129211e-05 5.5138040923816595e-05 3.945344196870828e-05 3.024635583414789e-05 2.6715445231578623e-05 2.7492486215335037e-05 3.122203664509933e-05 3.788063591175117e-05 4.7596032795856535e-05 6.094471324910558e-05 7.902554686877608e-05 0.0001036024667860888 0.00013739478226375453 0.00018250325248869107 0.00023926126314697806 0.0003268610341736923
0.26955989729157576 0.23133916186541234 0.20371583886424327 0.18385157849104658 0.1628661535467887 0.13782466302948165 0.10876875694423012 0.07951205834817418 0.05594535135393411 0.039868859213512485 0.02937282987206734 0.02218091392596578 0.016708300371611595 0.012728221181028954 0.00993020405688529 0.007997368048716848 0.006652817359114415 0.005629329352176673 0.004600666256668621 0.0033379408020422266 0.0021072756364028397 0.001257311842674818 0.0007656522687491209 0.000491335473865334 0.0003346449030618789 0.000241081870940942 0.00017960634192093461 0.00013575836452971683 0.00010800189827084578 9.379699405034255e-05 8.954328027774582e-05 9.330407136363486e-05 0.00010486425180130353 0.00012371040408764048 0.0001505537010068914 0.00018715492056293524 0.00023640474598397282 0.0003025697694559469 0.00038738420467708187 0.0004930697012006605 0.0006459561646593365
0.2715708649853546 0.2436916445837909 0.22633593379140174 0.21568120400875807 0.2051367842674485 0.18979906175468605 0.16132209140952183 0.11924819862913544 0.0848130059073753 0.06248514673838501 0.04846692612079496 0.03901579089221827 0.03155500711026006 0.025829573195100698 0.021697837553513837 0.01893022521091348 0.017306276675096367 0.016576410984411476 0.01583666207631375 0.012487171157494006 0.007282199767300695 0.004034039950963429 0.002366580737648113 0.0014982476084685638 0.0010209614278584556 0.0007415655815123986 0.0005642551806895945 0.0004437332406360635 0.00035881180638777714 0.00030543629440767594 0.0002760085683514092 0.00027122424996567563 0.00028619554011718567 0.00031828949945744765 0.00036750491065598746 0.0004358502084328269 0.0005270868357604436 0.0006466307913477231 0.0007949985725075946 0.0009900009335416357 0.0012632486770762128
0.26217591476000607 0.24480351980630494 0.2374036097991613 0.23561118577482276 0.2371157303591543 0.2375899707015729 0.22791946176872444 0.16130436706892798 0.11701926194500435 0.08938471581267576 0.0726786525909201 0.06206546213260314 0.05372308595738695 0.046934668899405285 0.0419692722931845 0.038941335095393034 0.03801312371563699 0.03945791650792208 0.043833429729645025 0.04125514082315155 0.02002188889118851 0.010731144972178908 0.0063549376398511475 0.00412553674738776 0.002899198957198812 0.002164854392284093 0.0016673459255592826 0.0013215343569226046 0.0010726522048851166 0.000888107447506802 0.000778461698863557 0.000733807849065437 0.0007371430793726855 0.0007792874329512144 0.0008565674367253772 0.0009690700965962533 0.0011194329326521804 0.0013126356723856699 0.0015686497938093755 0.0019070582626838947 0.002365133702480405
0.241452404695143 0.23318485666605723 0.2330348131807965 0.23634334842686527 0.24270998803438962 0.24546529869467837 0.22746860420893572 0.1838856987499571 0.1434007196398073 0.11570411593802539 0.09845011786496609 0.08811641169251988 0.08130948257197136 0.07520094508868382 0.07054942707876193 0.06789478771789577 0.06757832799653728 0.06913809145764405 0.07024904414068443 0.05902289375932834 0.03670848785136656 0.02202891728104945 0.014152359271211397 0.009852246836826013 0.007378350354589464 0.00581129001319138 0.004575235668299242 0.0035355403435452246 0.002769987507612275 0.002257485761904289 0.0019485505446153839 0.0017866429571087687 0.0017310342954973226 0.0017566989098669102 0.0018494949838933961 0.00200207958197841 0.0022123179942484506 0.0025051328796758 0.0029356545766547086 0.00347760751219653 0.004184748911071272
0.21188976037467716 0.21049621149179298 0.21396520365512414 0.219088987422101 0.22479364245810043 0.22703842911469002 0.21479721201560936 0.18796886593455384 0.15856274072326051 0.1361081523791285 0.1214426273250379 0.11263413316046093 0.10881629842754634 0.10576183159089107 0.10285619139461961 0.10071946798949882 0.0987600387621979 0.0953296554286595 0.08703336253325142 0.07048424728871841 0.05076676518459754 0.03568947609830251 0.02599876579954249 0.019978559209495567 0.016288596553699082 0.013924192598144335 0.011377626986660032 0.008308522601484989 0.006147117940880588 0.004903983209640047 0.004213645913252728 0.0038093483192991953 0.0036047888470137185 0.003547859947447885 0.003604576548943388 0.0037579548074775297 0.00402700459088174 0.0044630449097584485 0.005133924685617606 0.005924589996178578 0.006913046282342086
