_RESULTS/CROSS_VALIDATION_POSTPROCESSED/MHZ/IZ/8comp/3/MHZ_IZ_z_710_kriged_reverse_8comp_spherical_3.asc
ncols 100
nrows 81
xllcorner 5.5967107548124995
yllcorner 50.982328804812504
cellsize 0.00017565037499993607
nodata_value 1.7014100000000001E+038
[rows 51 to 67 of 81, columns 40 to 79 of 100]
1.771490308622078e-05 1.7204606892840947e-05 1.9208846913867253e-05 2.4378123881281274e-05 3.4869020809004863e-05 5.5810330429448895e-05 9.929056517064465e-05 0.00019498976970985142 0.0004194839646627444 0.0009261389428173875 0.0019097330622526816 0.0036192449772978552 0.006182548869172811 0.00924649767876208 0.011149951777441415 0.00952142259586603 0.006849637545242897 0.004246132274821901 0.002261938108460667 0.001065499902898268 0.00046168488206332377 0.00019172670013137413 7.940862019066577e-05 3.408610982788279e-05 1.5713720294912383e-05 8.003867055901763e-06 4.577142867456656e-06 2.9489232451485838e-06 2.133604142464962e-06 1.7281826972584709e-06 1.5677968569204096e-06 1.5994690958607107e-06 1.8181243073513503e-06 2.2847852747581257e-06 3.0706820184220027e-06 4.24084058337459e-06 5.936929465906386e-06 8.303990995304157e-06 1.1447881702773142e-05 1.5368719209071177e-05
9.166977596937707e-06 9.501014635389718e-06 1.116011146833989e-05 1.4746138558098015e-05 2.1787053526130522e-05 3.58054716362038e-05 6.509877926851744e-05 0.00013013313141323562 0.0002836183500500692 0.0006137529097947407 0.0012351376475928468 0.0022754928250077544 0.003765322927970967 0.005442283803544908 0.006287053666630806 0.005116398095592567 0.0035826032633286082 0.0022112934083630743 0.0011917709019805096 0.0005749311251194571 0.0002560145464659287 0.0001089471165790686 4.6039544799667196e-05 2.0163981540081767e-05 9.581966580897312e-06 5.139506466025022e-06 3.1688174850935415e-06 2.233951574360406e-06 1.7750099251334986e-06 1.5727200776433585e-06 1.5481505814652445e-06 1.6953105180787642e-06 2.0416976538300518e-06 2.672363683844746e-06 3.6366458577331746e-06 5.033516670714066e-06 7.013088354938163e-06 9.724508401843806e-06 1.3268338672482983e-05 1.7624738339182724e-05
4.763812625605263e-06 5.279762876648181e-06 6.477465310410856e-06 8.839732470036777e-06 1.3382407337432825e-05 2.240456345786872e-05 4.130894841078746e-05 8.341340689383131e-05 0.00018134720891842818 0.00038021027240693915 0.0007373564554549513 0.001298229810233207 0.0020225360056344475 0.0026698362155655846 0.0028439145738849603 0.0024352827168309327 0.0017583426374589086 0.0011129814323672742 0.0006228024583260198 0.0003093085803582936 0.00014165128889103923 6.166299635461517e-05 2.6430384834988755e-05 1.1674978340830138e-05 5.6507942009142275e-06 3.196619194212722e-06 2.1627955626471667e-06 1.701159896536671e-06 1.5025485270989461e-06 1.4634359263286254e-06 1.5636478712091111e-06 1.8347563592560735e-06 2.3347778038895084e-06 3.1563647960574506e-06 4.342303580159768e-06 6.023094541240831e-06 8.355446756515785e-06 1.1486717325756304e-05 1.5501294546052543e-05 2.0343488739478052e-05
2.614625608886623e-06 3.0754814205917046e-06 3.879344109741569e-06 5.39519962422671e-06 8.274271419072458e-06 1.3974354595029738e-05 2.5907736443001245e-05 5.244912269836533e-05 0.00011175278735194847 0.00022523525742310273 0.0004179176026510792 0.0006990004135392613 0.0010250192566507424 0.0012690995187859691 0.0013021697992984071 0.0011331236297663135 0.0008470219444766614 0.0005559737187005407 0.00032590666714773283 0.00016999636396872148 8.053060938425537e-05 3.59871824827107e-05 1.5613672286352443e-05 6.84799491136805e-06 3.2744949820958743e-06 1.9443619540450162e-06 1.4933316717269592e-06 1.3429665410769963e-06 1.328213096652735e-06 1.4200834184471758e-06 1.639767818019324e-06 2.0513197201066234e-06 2.7436482892345913e-06 3.7792390791230355e-06 5.237380048623943e-06 7.2651880253333816e-06 1.0022405258894388e-05 1.3646352309223657e-05 1.8191626385069446e-05 2.354870453590429e-05
1.5866532908806152e-06 1.934223295972092e-06 2.467786337687235e-06 3.436768604000453e-06 5.266302778500141e-06 8.874347086815936e-06 1.639979736531967e-05 3.3016008572524374e-05 6.768414802544254e-05 0.0001305956039702367 0.00023148404069102288 0.0003688955819592248 0.0005150510909993333 0.0006117571041252694 0.0006155082443198085 0.0005410723940858181 0.0004168892247171939 0.0002846595944412194 0.0001745408945368638 9.681416117446849e-05 4.8396203077874614e-05 2.2540056833593232e-05 1.006992903594445e-05 4.408707991432474e-06 1.9754746252486937e-06 1.196105774889821e-06 1.1244575017114874e-06 1.1616019787819613e-06 1.2685597370799506e-06 1.4690186958499743e-06 1.812741701341778e-06 2.3948859946836597e-06 3.3095187814634376e-06 4.598641065414439e-06 6.387153076388194e-06 8.829747315717812e-06 1.2082844293076665e-05 1.6262176684227166e-05 2.1373928065809932e-05 2.723556711675042e-05
1.0909039248992572e-06 1.332246867318672e-06 1.7037239506982755e-06 2.33206552915059e-06 3.5186926551830396e-06 5.850317842955847e-06 1.0687784556254813e-05 2.0954550988773297e-05 4.101739401952957e-05 7.568658930677208e-05 0.0001284381071027252 0.00019626869116404135 0.0002638963536763978 0.00030490238119829555 0.00030434804361449577 0.0002709781703374555 0.00021510265255881466 0.00015309397813629408 9.919052950134803e-05 5.919810783481077e-05 3.2457994905964136e-05 1.636643554368182e-05 7.862257802162973e-06 3.6798288184658974e-06 1.7396621115798334e-06 1.110879098792468e-06 1.1230182052051026e-06 1.2238681649042513e-06 1.3962010790755815e-06 1.6784386469831805e-06 2.1480430169112747e-06 2.937225666988761e-06 4.091743885723315e-06 5.689001408522641e-06 7.853934163184439e-06 1.0715973334003041e-05 1.440704375918303e-05 1.9007201435869764e-05 2.448133657261009e-05 3.0602129981551295e-05
8.481885849122069e-07 1.0107365296699816e-06 1.276292093681357e-06 1.7116640130346842e-06 2.508265679280954e-06 4.072016660313472e-06 7.281367466625424e-06 1.3551316613122512e-05 2.5251427651527393e-05 4.4615557187260854e-05 7.277938506768334e-05 0.00010738584496672544 0.0001403302235479783 0.00015917782031344682 0.0001591727667909047 0.0001442523190006077 0.00011926877815865403 9.075442641997529e-05 6.366469321387236e-05 4.135722395691228e-05 2.5045281149599195e-05 1.4113294353703623e-05 7.570143527989082e-06 4.062273690386977e-06 2.3429039826227254e-06 1.666318955145305e-06 1.5255914872973678e-06 1.6080231196787423e-06 1.830439169762454e-06 2.2174181505342446e-06 2.8636556853027968e-06 3.845801360112016e-06 5.180666006284952e-06 7.010373275463446e-06 9.454255903278446e-06 1.2593446093401969e-05 1.652567288366296e-05 2.1286506086053448e-05 2.6792186763453735e-05 3.277430939099118e-05
7.340639025685981e-07 8.416052988249538e-07 1.034287230746787e-06 1.3622355421970087e-06 1.9324455593678818e-06 3.035608768829035e-06 5.152496116697715e-06 9.024761925736124e-06 1.5986259004182938e-05 2.7126990636662783e-05 4.275152024531193e-05 6.130781787696929e-05 7.843047897907792e-05 8.796343803211507e-05 8.911618289713679e-05 8.448332164155754e-05 7.467348918811347e-05 6.132662091305478e-05 4.680951849114639e-05 3.3323131907883094e-05 2.2276956733289595e-05 1.4142096311920324e-05 8.633699639223502e-06 5.340684585672309e-06 3.5584796142771427e-06 2.7234420590979007e-06 2.4465982188046378e-06 2.4964513905389084e-06 2.7881539291604377e-06 3.347519491491536e-06 4.226842557405334e-06 5.351965686594126e-06 6.777255298453681e-06 8.617814760915162e-06 1.1051032022026064e-05 1.4270292767595574e-05 1.819931279928571e-05 2.2807162190927186e-05 2.7969639424610204e-05 3.3399374118810363e-05
6.966746915249891e-07 7.647754243010871e-07 9.069097725911134e-07 1.1620386378684698e-06 1.615345552044987e-06 2.4127034790475933e-06 3.7970618701125952e-06 6.242111964649556e-06 1.0509383224236872e-05 1.7206510111004287e-05 2.6346743557538384e-05 3.694225653777382e-05 4.652891036614908e-05 5.233554137102302e-05 5.560929549725636e-05 5.6041617397493076e-05 5.315795150211942e-05 4.7270153663267325e-05 3.9385226311811417e-05 3.0835054657751434e-05 2.283385042059194e-05 1.6175211903692764e-05 1.1160213804764967e-05 7.815070591118687e-06 5.801413529808771e-06 4.732523304537381e-06 4.309660917926943e-06 4.34676426817876e-06 4.777289788696563e-06 5.545024503616062e-06 6.53672718562615e-06 7.705287968072326e-06 9.093943042661794e-06 1.0783443197578279e-05 1.2900130216602104e-05 1.5632546501099334e-05 1.919855877006081e-05 2.332678558540243e-05 2.7792058096074783e-05 3.231751763276107e-05
7.195726614476348e-07 7.563882540004693e-07 8.615661294939492e-07 1.0658895134781795e-06 1.4248035313664511e-06 1.9970787327446845e-06 2.9271443766175848e-06 4.515632453021687e-06 7.234984767880022e-06 1.1500019119182496e-05 1.7214310695664242e-05 2.3726219106753157e-05 2.9778751623900084e-05 3.480542294190505e-05 3.9151432881429715e-05 4.2105546736063043e-05 4.2977822909691234e-05 4.1460506209584313e-05 3.77586166920319e-05 3.2528992632389545e-05 2.665670288914138e-05 2.098146971828787e-05 1.6094801259094585e-05 1.2403610138695248e-05 1.0054107803995286e-05 8.701240735901674e-06 8.13466395293586e-06 8.226866242548743e-06 8.739754765057012e-06 9.491631639657993e-06 1.0358777747875722e-05 1.1304027596007977e-05 1.2358380019038528e-05 1.3584541183762165e-05 1.5078396030053901e-05 1.6974685246881374e-05 1.9459462055815966e-05 2.2710124789790258e-05 2.621415912630639e-05 2.9615642937503845e-05
8.087782663492979e-07 8.161610748546711e-07 8.911771919757086e-07 1.0437816819015666e-06 1.284811885466195e-06 1.6755358989728843e-06 2.331214230631436e-06 3.43758553063408e-06 5.275212929043508e-06 8.182926662015887e-06 1.2049538632510596e-05 1.6483037192534207e-05 2.1192439981158077e-05 2.6045347477560308e-05 3.111247610548783e-05 3.578310837344873e-05 3.935255895232071e-05 4.120368168982349e-05 4.100092621042113e-05 3.880898948990739e-05 3.5075705067975635e-05 3.0484536928918483e-05 2.5744941214937663e-05 2.1523262067594534e-05 1.8586543689206843e-05 1.688677685622092e-05 1.6255948888140814e-05 1.6102148953534358e-05 1.6186490521201888e-05 1.6380047587923977e-05 1.652354477618332e-05 1.6639733306098774e-05 1.6781574001513656e-05 1.702371213541476e-05 1.7456263993340897e-05 1.8184036634169067e-05 1.933215381763581e-05 2.105813585733723e-05 2.3397414004356604e-05 2.5627761265674837e-05
9.943053538114732e-07 9.679319449674852e-07 9.924431122841096e-07 1.0590674457715646e-06 1.184963019333108e-06 1.4193239385797158e-06 1.8675083543724164e-06 2.6954738430953284e-06 4.102242619739902e-06 6.279765308553311e-06 9.154584181804672e-06 1.274525232551225e-05 1.691266090206239e-05 2.197078078092761e-05 2.789177307144597e-05 3.431258650806946e-05 4.064335554884056e-05 4.614577759534998e-05 5.009178733456109e-05 5.195776385129016e-05 5.1579440185932425e-05 4.919782459442124e-05 4.537096470711004e-05 4.088304216320407e-05 3.734008553485813e-05 3.4900433881474234e-05 3.3066056400988926e-05 3.136454990122015e-05 2.977696421455101e-05 2.800685376837086e-05 2.6105866231780968e-05 2.4215409773841274e-05 2.2465207455365436e-05 2.096243707085692e-05 1.9790423365173138e-05 1.9014807554961102e-05 1.869458184317806e-05 1.8895800364339743e-05 1.974177830422298e-05 2.1043779169968812e-05
1.3290110184680546e-06 1.2265175202613375e-06 1.1586800133200627e-06 1.126086825472359e-06 1.132410611064427e-06 1.2164337737987005e-06 1.5015430244375446e-06 2.168053948267547e-06 3.3463003536939457e-06 5.148521619873927e-06 7.695494845694908e-06 1.1017327896126724e-05 1.5255420522753396e-05 2.091030769463821e-05 2.816099476176122e-05 3.698985178701747e-05 4.7102309199864725e-05 5.787131167238343e-05 6.836403964185878e-05 7.747543583859479e-05 8.415393014977435e-05 8.765723644313358e-05 8.757566845395858e-05 8.384270627266541e-05 7.906172235631053e-05 7.424785693771195e-05 6.830660565065897e-05 6.172383454024254e-05 5.45580981510287e-05 4.7349418687979174e-05 4.057365710438325e-05 3.453252259369999e-05 2.9378833453975884e-05 2.5154222643297553e-05 2.182970231634255e-05 1.934222031203666e-05 1.762400827447211e-05 1.6624866324183532e-05 1.632980302243295e-05 1.6755782343545766e-05
1.8342024747843792e-06 1.6160302347293865e-06 1.436409114188866e-06 1.2878176109337057e-06 1.1677765544256194e-06 1.0838925850260075e-06 1.2182357920113537e-06 1.8681733703616815e-06 2.950578500795614e-06 4.536669217520907e-06 6.940141612651382e-06 1.032196205309955e-05 1.5191734146889921e-05 2.211066046717878e-05 3.165976395842266e-05 4.438356197062051e-05 6.0636754422775756e-05 8.036790716449802e-05 0.00010286809300238015 0.00012655625626293443 0.00014892472646322753 0.00016679711256280104 0.00017699540873600532 0.00017740270028960246 0.00017177804194488402 0.00016012181989654117 0.00014276908257650388 0.00012177981379636741 0.00010014282318283344 8.014137437809125e-05 6.299047974305787e-05 4.905698896587306e-05 3.8179834683156497e-05 2.994456337680185e-05 2.3867222382545535e-05 1.9496459066932252e-05 1.6459241582046596e-05 1.447426543539705e-05 1.3350490317522538e-05 1.2981976661427796e-05
2.5825964776681242e-06 2.206686874214912e-06 1.894877301450726e-06 1.627544742364498e-06 1.3971396274681517e-06 1.2119695908557e-06 1.274745333385683e-06 1.925828404078556e-06 2.934779098986419e-06 4.414692587062343e-06 6.699784604473549e-06 1.0371417923927576e-05 1.605877864389097e-05 2.4688630151794655e-05 3.7505146097658366e-05 5.603259705539779e-05 8.193598136169377e-05 0.0001166831849337294 0.0001609250826123239 0.000213567655297461 0.0002706973827408925 0.0003248925181315172 0.00036587768372152896 0.0003835628771478591 0.00037894216112306883 0.00034846057650904 0.00029769631254986757 0.00023885596090936394 0.00018243166885924277 0.00013446590743207502 9.687346653883716e-05 6.900135395258553e-05 4.910061478966084e-05 3.524772401370967e-05 2.5771282335260766e-05 1.937676401345724e-05 1.5128419393036323e-05 1.2382185074091345e-05 1.0714533169163634e-05 9.865850059324424e-06
3.6886362969781038e-06 3.104164930342791e-06 2.6297324721887605e-06 2.2448128944928136e-06 1.9484450611431542e-06 1.7836375069777296e-06 1.896925668711675e-06 2.4146204415215144e-06 3.305316816242327e-06 4.717113233416962e-06 7.06272390387229e-06 1.1097340207083512e-05 1.7862025995538505e-05 2.873397987371702e-05 4.594580574498525e-05 7.266118440912636e-05 0.0001130762723147954 0.00017221659854426967 0.0002550606059496186 0.00036446952898492734 0.0004975079954242778 0.0006406934981265706 0.0007671713170081648 0.0008423110240436075 0.0008402127851052599 0.0007540059161157645 0.0006142471013856924 0.0004617040176136958 0.0003264376035061082 0.00022117427142293673 0.0001459539769967669 9.510088571425395e-05 6.190640261727115e-05 4.068948075019713e-05 2.7283599541090794e-05 1.8862780377541013e-05 1.3597934675434239e-05 1.034059973800719e-05 8.386428153561662e-06 7.391230417833034e-06
5.288550282728196e-06 4.4356766258615595e-06 3.7598939396701842e-06 3.239964764669301e-06 2.8796410225712164e-06 2.7180108217225426e-06 2.826751700452763e-06 3.256749951344612e-06 4.038410350586737e-06 5.4841733045990095e-06 8.073415722949775e-06 1.2621152972811032e-05 2.0646715883948206e-05 3.442888787642873e-05 5.746346404289549e-05 9.54725412628011e-05 0.00015706274718052605 0.00025438803500957383 0.0004029117218134188 0.0006186243759087902 0.0009099464029151536 0.001261728489320382 0.0016112127939066463 0.0018418507391794827 0.0018441595695606915 0.0016109617437713405 0.0012436188476796022 0.0008697353040664623 0.0005664740636709562 0.00035206274355303456 0.00021285693968062176 0.00012708856129221708 7.585040956361153e-05 4.573900752796284e-05 2.8159321381683848e-05 1.7898619779930537e-05 1.1895634910823732e-05 8.385940766772594e-06 6.40140607638793e-06 5.475710535496822e-06
