_RESULTS/CROSS_VALIDATION_POSTPROCESSED/Berg/GZ/1comp/2/Berg_GZ_z_180_kriged_reverse_1comp_spherical_2.asc
ncols 100
nrows 90
xllcorner  5.6208707817415728
yllcorner 50.959635321741573
cellsize 0.00013419651685393446
nodata_value 1.7014100000000001E+038
[rows 19 to 37 of 90, columns 44 to 87 of 100]
49.944672664190975 50.021648646135816 50.2094900724376 50.49983888746961 50.871835355443686 51.300607927743094 51.76142491744028 52.231740796341775 52.69225731278502 53.12722519185037 53.52426601621665 53.873940223342046 54.16922871259444 54.405046259150026 54.58229707946701 54.70496518520329 54.77294578546179 54.786988164709136 54.747921854817164 54.65567111974193 54.514789340975355 54.34658054076198 54.152490549883716 53.936806451007456 53.709129887562334 53.47777975647531 53.25025083047306 53.033613902696196 52.83471849600193 52.66025414218597 52.51671847955275 52.41031844287679 52.346820492561896 52.309731510964674 52.277865435542395 52.2517466804893 52.231890472790134 52.218795920312665 52.212944657985474 52.21266708889023 52.21266708889023 52.21266708889023 52.209815771811385 52.20059812034954
49.88515500832415 50.00593493228037 50.241717304951514 50.582704692515165 51.006550840853514 51.4852254556136 51.99116430023145 52.49992515983672 52.99135569770485 53.44966914657893 53.86291821979295 54.2222248048258 54.52101968945241 54.75910831995506 54.936972315247665 55.05307991481304 55.10734665149627 55.10098508863479 55.03603018058851 54.91481733539243 54.74098816776859 54.536772664631606 54.319225256549885 54.08974975132077 53.847443233469626 53.60035956458699 53.356081827658045 53.12186197178581 52.904740779510675 52.71159602193441 52.549117996510745 52.423721072621234 52.34140091970082 52.30117569533558 52.27119678539509 52.24683389703636 52.22862282413161 52.21707840199697 52.2126942869526 52.21266708889023 52.21266708889023 52.21054527730612 52.20124234646365 52.18502512015329
49.835935192567696 49.994922550906416 50.275967970957524 50.66750250315998 51.145554764893184 51.677182701170366 52.230573694395446 52.77882639255211 53.301066606213695 53.78194155724959 54.210470282198074 54.57941845356786 54.88782366722531 55.13246322175416 55.31010657798624 55.418816458441476 55.458471595620885 55.43092130545487 55.33972917210447 55.189486618854666 54.985300807172564 54.74417278811624 54.48972975745521 54.23438848646078 53.97673319634141 53.71424492718948 53.454298133862366 53.20408922661103 52.9706827551847 52.76102596329812 52.58191273934379 52.43989284193605 52.341128849554565 52.290795459667905 52.26316786737387 52.24100580361984 52.22486657371722 52.21528176376054 52.21266708889023 52.21266708889023 52.211732669266844 52.20230939557522 52.1838161460925 52.157836356704514
49.79179298039794 49.980287763314124 50.30235060703336 50.745220670277 51.28188361539225 51.87119462621092 52.47486747891552 53.06346111840129 53.61626668321271 54.11891464035966 54.56485849609628 54.950004099087856 55.2698721241994 55.52039990422515 55.69764355596843 55.79849141364909 55.82214869963129 55.77126642407669 55.65159279609097 55.47045427176213 55.23528615032824 54.95843796386444 54.66711206739947 54.374779845458384 54.0936035988634 53.81618931880771 53.541723150433164 53.27717926771602 53.02950533569904 52.80560734450389 52.612295018396374 52.45618074883147 52.34353030236575 52.28007007027411 52.254229070678626 52.23466098612764 52.22097718812353 52.213725104304544 52.21266708889023 52.21150984848708 52.202479369222075 52.18286914312752 52.15429260580626 52.11837114882507
49.751220730738325 49.95539764475311 50.31048036621115 50.80786386258863 51.41150968367503 52.06641394596851 52.72503703136471 53.35502414633947 53.93884040771961 54.46602872428274 54.930497039200496 55.32873755934374 55.657887986423184 55.91417707026993 56.09222082843141 56.18618357901265 56.193203342331564 56.11660891144433 55.96529610190418 55.750079001085105 55.48084580334399 55.16864830081442 54.84128866297424 54.51350276589801 54.19763859601392 53.90262827151846 53.61512956912805 53.338147092651475 53.078414905024 52.842713929734906 52.637798070251165 52.47027931211639 52.34646866190421 52.272175257737274 52.244894847814535 52.22825913724491 52.21736782846349 52.21266367364977 52.20980150326503 52.20203679486315 52.18283793517564 52.153053790495775 52.11431910581157 52.06829276746979
49.72107391712458 49.91857923135324 50.29043383132835 50.85061075274692 51.54094419678077 52.27465056013807 52.99284068550389 53.66538684778553 54.277464105371585 54.822337703907955 55.29773540674022 55.70342413428999 56.039000677836995 56.3015508486347 56.4835691695824 56.57354482616918 56.563144226198666 56.45665806691189 56.26927020847402 56.01725647189054 55.71293233640243 55.36625073285776 55.003263465234454 54.64147900673984 54.29322128536946 53.970145130945 53.67137280663133 53.384223607107174 53.1149232318083 52.870078751381186 52.65634098341676 52.4802749970684 52.34819004655121 52.265929704197625 52.23572679975739 52.22230726419065 52.21414213790238 52.20835131102712 52.20059917605256 52.18366681443053 52.15442861937937 52.1145140283366 52.065578126943755 52.00931623305834
49.739086491263144 49.89874582686812 50.249579312219424 50.89860886091871 51.71005932089666 52.528210110566896 53.29816970250833 54.00065420010217 54.628210531182134 55.17921013489806 55.655537916568385 56.06077686276668 56.39807342071039 56.66708186112337 56.859087081462 56.95220307742515 56.92296682487014 56.778211715632 56.548253215248 56.25723307671272 55.91844512744581 55.54008587773212 55.14537399719084 54.75247994105575 54.373774768137274 54.022313991988014 53.70890097826404 53.41713885197057 53.144055648299926 52.894953649626245 52.67566623106601 52.492530270142744 52.35228522163777 52.26188119632601 52.227330327227726 52.21698074001998 52.207969118639 52.19870870135813 52.184600342744346 52.1579799324831 52.1188767903862 52.06892364060571 52.00979495529283 51.94322191834421
49.87890615817879 50.002003451492385 50.219631750752555 51.03136499374828 51.976119445395966 52.850084868632685 53.64588399576876 54.3581280438928 54.98499916492621 55.52840049585159 55.99348509032864 56.38746798931598 56.71781606283762 56.98951302386702 57.19880547551014 57.313062420372184 57.260738291143184 57.06012160778141 56.78165639652536 56.45325554831396 56.08405171959207 55.67886575534982 55.25808058278319 54.84238998113541 54.446568540499584 54.08182650930934 53.75973232020059 53.47402124116376 53.20546174554115 52.958368148024206 52.7380452827571 52.55044903841347 52.40211060203839 52.299968225189176 52.250779392567004 52.22540919372055 52.203189926698435 52.184419589113794 52.1625453515649 52.12655023949042 52.07781879423852 52.01798526298804 51.94874322352009 51.87186109022698
50.18172785352024 50.37813231561318 50.73178709477594 51.48232582810716 52.38727415381713 53.24756764273023 54.03233440108721 54.731439679224806 55.341007645834694 55.86284459739576 56.30349695146764 56.6727817658016 56.98182545116526 57.24117772709758 57.45908751434069 57.63219008582079 57.537638255299406 57.26150948682076 56.94374986977312 56.58894887701552 56.1982562468534 55.77721348634059 55.350148027554994 54.932856260756026 54.53506442978355 54.16718342839779 53.840145320114004 53.56028827416199 53.30156576599888 53.061460057145446 52.844725061233255 52.656899730616836 52.504261030875334 52.39368178046098 52.329390506513874 52.28552743112515 52.239302413643586 52.1924919015431 52.14287911346263 52.09094751529546 52.032903376822844 51.963431073208135 51.884244006951086 51.79715248364872
50.596379084476425 50.913037552013954 51.39834804155436 52.086672588525 52.88983827225561 53.693413287256774 54.44070122531372 55.10944232254479 55.68892571080385 56.17763012544794 56.581642143175394 56.91220403283701 57.18229750172041 57.40317224678019 57.58028315547078 57.69174219034586 57.59848026718968 57.33875361193945 57.01944209547912 56.65799487682393 56.2668822183872 55.85183336418995 55.43297325208901 55.02365104570245 54.63300619236116 54.27079823473539 53.94722300225576 53.67235917199468 53.42809300089777 53.19979995380473 52.991097135157176 52.807097457810805 52.65380638970362 52.536806406472344 52.45825330260323 52.39430087826648 52.32243513511609 52.246593710218406 52.16313303240874 52.07490980757301 51.9883369939387 51.90701932247389 51.81815958752328 51.72107061689274
51.03891668643759 51.43917715685835 51.97724285954436 52.64358465410764 53.38634291042481 54.13751585450931 54.84521168261781 55.47814339440602 56.02189003805326 56.4705683212961 56.82861867418663 57.11003517971709 57.33154169206301 57.5009185576934 57.61461223085587 57.64646602924641 57.5533746324284 57.33923577531142 57.04625656843177 56.70690596624494 56.33197127619308 55.92834532057872 55.51843484260455 55.11693439112606 54.735767823554646 54.38678601498045 54.07499897956328 53.80906984473418 53.581624317183206 53.36946234557969 53.17287111668805 52.99639606466832 52.84571256270099 52.72297142303308 52.631960684946755 52.54562827199594 52.448023981372 52.34271235265362 52.22578166341052 52.10150325152674 51.97652740652118 51.857976850554586 51.75238467377936 51.6456294765842
51.45578591100249 51.905489647689684 52.46715081083247 53.120650720311936 53.82734426589002 54.539930535147064 55.21569365936884 55.82159036839308 56.33413631035998 56.74473407155855 57.06038841332967 57.29443195715033 57.46407108387671 57.57885572822941 57.6360901242742 57.621042432295866 57.51647334409893 57.32380656457454 57.065744938644634 56.7569113298135 56.40673685194738 56.02450552136497 55.63315180944508 55.2452017464063 54.87209238921365 54.526261304418846 54.221109562287374 53.969100533265966 53.7607509860442 53.567080947167426 53.38615945950447 53.22040153729331 53.073891198135506 52.946951354850746 52.84282876477921 52.734140101942984 52.61091518892233 52.47631134134891 52.32668158565846 52.16707799494939 52.00432736976914 51.84580351213722 51.699419963229865 51.57286919180862
51.82229626144088 52.2987093700435 52.86898592611692 53.510786232709805 54.19241266218506 54.8775110483137 55.5309609130355 56.122044158953074 56.62930868898722 57.022862473197556 57.294638251260906 57.47223643865229 57.58616752152656 57.64988674475714 57.6623780998854 57.614686046937976 57.50006027541631 57.3255928175753 57.09546671983302 56.81614110300133 56.49370156406142 56.13935147953275 55.77383326809837 55.40749401143642 55.051021594686155 54.71601366411958 54.414992206536304 54.16129574514239 53.96329921731559 53.79028004952087 53.62747829863744 53.475006968461905 53.33264941492709 53.20143899943518 53.08486661335677 52.954074894949066 52.805509174998456 52.64223949962757 52.461011110239944 52.26723876176541 52.06786508734057 51.870432557666135 51.683121990560224 51.514757664611764
52.12833525791011 52.61557004959416 53.184038093376486 53.811642522235914 54.471328727062286 55.13392178490132 55.77545213317679 56.37963626597805 56.908352569936525 57.30239881621269 57.52172293936631 57.63247064666992 57.6921625865071 57.713155690365305 57.69211337418736 57.6226162093955 57.50900852077078 57.34896574583658 57.1417266089332 56.889315991995545 56.594803028748075 56.27247669103587 55.93738684774331 55.59841444826984 55.26524241664338 54.94840878231217 54.65931287958254 54.410174767051714 54.21051646045415 54.039543312531976 53.89357241809789 53.7540106256783 53.61513338210586 53.48165105857758 53.35199603810016 53.19939278674634 53.02587321053147 52.83483933280325 52.62338076659967 52.39697197453922 52.16261323804427 51.92792685552404 51.70124356905602 51.491680573636266
52.37086671100729 52.85676220490569 53.41467165105427 54.02333410640097 54.65890606125087 55.30398302935375 55.94833940573819 56.56379447988482 57.12581953857227 57.57615380033507 57.70327934936452 57.74820707434086 57.76843595866056 57.76134636512869 57.719363262548654 57.64487796363833 57.537243962404794 57.391336610661824 57.20477700485609 56.97727842396596 56.71137214604951 56.42274094444842 56.12063832549742 55.812784114742506 55.50773782490879 55.21483753430305 54.94416410784271 54.706542540258155 54.51101164859813 54.336667156837784 54.1824615932711 54.051120789362784 53.91734677397051 53.783133911418155 53.637999892253305 53.46384811603371 53.26581557799723 53.04803242661441 52.807928047513606 52.55074979133671 52.28350229058082 52.01379702571698 51.74998020779584 51.50128224002587
52.55086536522672 53.02554519909904 53.5650873213962 54.14893510030389 54.76231345325 55.40084223617485 56.03435196759781 56.63491419346225 57.17621947027393 57.59166455538616 57.73709070892446 57.78549518196138 57.80209981478107 57.78801059455383 57.74371068894475 57.6757028633439 57.57878970531236 57.4485161506847 57.28212467192378 57.07832163934944 56.842666045656365 56.587901519865326 56.319860925554124 56.04523333251509 55.771507933303134 55.50680123426696 55.25959325497553 55.03856610870326 54.850774014024786 54.675695974480256 54.51221306104947 54.366551457199755 54.235536274188014 54.099880629176965 53.9365546429012 53.74101895513781 53.518919689565614 53.275377554934224 53.008390049628304 52.7226163590638 52.42501974888201 52.12311758825571 51.82513469964153 51.54020020167479
52.67200019130992 53.127329030351234 53.64172412522733 54.19947080477956 54.804201066393155 55.427693208580585 56.037465762467484 56.602571373900034 57.08837238280259 57.44700715469156 57.651905741625974 57.752058799145004 57.79397494599632 57.79233339264195 57.76326104922088 57.709963340344004 57.62865954615789 57.51620093145334 57.37026365968594 57.190203062214366 56.98619504597862 56.76462761375649 56.530441562574396 56.28951280168223 56.04834005673127 55.8137452243491 55.592677412397805 55.39223234087761 55.21675509653353 55.04493018339651 54.87612603903238 54.715186264983714 54.56700011955131 54.4231385676997 54.241214584870946 54.02429226591031 53.77854072363881 53.51010331156088 53.2181553522114 52.90625368688523 52.581284022969285 52.250607389658434 51.92221847061717 51.604944874035276
52.73991462126864 53.169326245048374 53.653833684068964 54.2006792831519 54.79291418480171 55.39657401505836 55.97939666204422 56.51092605961735 56.96184164023433 57.30730756291573 57.54148294397399 57.68406964588632 57.75854078218611 57.78246207535139 57.775482087235275 57.74096350138359 57.678130111969125 57.585418747747276 57.46106641696155 57.30871935254764 57.13616675452351 56.94632525561146 56.744504553408824 56.536366433201835 56.32785107537113 56.124880639230014 55.933012969192205 55.75738952919489 55.59829139725024 55.43346141869506 55.26289323117736 55.08997258881835 54.921087130220656 54.74655078423923 54.545335913443324 54.30680179170494 54.03777044692062 53.745123254616885 53.43030525142903 53.09503559307909 52.746094240623954 52.390657679346695 52.036449004793425 51.69189791695399
52.761705125210746 53.16010603567779 53.62472990512028 54.161921668350374 54.73888389639736 55.32255038313703 55.88223704418609 56.390678827625806 56.82543687417707 57.171006380536305 57.42421426280562 57.595791100449276 57.69850248910835 57.75215707739425 57.769319266372285 57.754771404256246 57.711413338288764 57.63895565013731 57.53791123107446 57.41590447609044 57.27569353425549 57.1202200006337 56.95328420614331 56.77910450569033 56.602834417826905 56.43221164288427 56.27178675041298 56.124640068760456 55.98520942015156 55.8310651925344 55.66201328534145 55.48011257473029 55.28570508284292 55.06999365872134 54.84191888151248 54.581314957670344 54.289380653035856 53.973380834773856 53.63766340927306 53.28209050304855 52.912976618925775 52.53732180128024 52.16262552708608 51.7970051732255
