_RESULTS/CROSS_VALIDATION_POSTPROCESSED_CLR/MHZ/GZ/7comp/2/MHZ_GZ_z_180_kriged_reverse_7comp_spherical_2.asc
ncols 100
nrows 74
xllcorner 5.5967023332191781
yllcorner 50.982320383219182
cellsize 0.00019249356164376555
nodata_value 1.7014100000000001E+038
[rows 0 to 19 of 74, columns 0 to 43 of 100]
3.8715511310407713 3.804962971742292 3.77420850636212 3.783489330748147 3.8437472688108456 3.9627040059247514 4.1369886485436655 4.353870750673753 4.595944897502164 4.846244935568278 5.0900689553758145 5.31582110182214 5.514497177586462 5.6782193389033155 5.8039622738751735 5.891777369329546 5.944047337015827 5.9646947968929425 5.95833963337566 5.855269584409118 5.669702120379746 5.481996834227223 5.305093106067345 5.141158981770204 4.991694325198247 4.863340641201259 4.761505262643206 4.68413521689256 4.610264228794042 4.53958272411195 4.473869393703621 4.415230735682516 4.365533969047078 4.326804625068033 4.301233871783449 4.28658566056751 4.279669950167091 4.281258973462053 4.300303240004465 4.353520657385701 4.435366985734395 4.539256395123426 4.658345443946845 4.791729995218285
3.808554398064634 3.744812666043538 3.7152797359545735 3.725311667198228 3.7906201398912645 3.9282576829637232 4.138109742162745 4.399455093268696 4.686435506882949 4.9781536846155285 5.2575456030894525 5.508541538683955 5.720786336950556 5.888814073185024 6.010487051039803 6.086589187721852 6.120488080895505 6.115573893778965 6.067478379946798 5.948314540051517 5.766159056006973 5.5663909135924605 5.374957876537058 5.193974983635898 5.026979325999427 4.878614374045828 4.754951447939707 4.663082362786695 4.586042212266059 4.512577723487655 4.444017615779573 4.381941068725646 4.328249753331913 4.285219264685339 4.255473651769525 4.237098300564624 4.227800867784547 4.232609228017617 4.275197838624481 4.354762028756383 4.46489607866406 4.5987171316212905 4.748169887906631 4.913096666861691
3.763157602760877 3.702341886212611 3.6724082492548886 3.6771699099683293 3.735014212491136 3.885504629734914 4.141208812802561 4.456276087559282 4.791925224038897 5.123202753512876 5.432542276315917 5.7066180519026615 5.933491627972408 6.104225442314657 6.215759018454423 6.271657528941597 6.276915242523216 6.23585234649849 6.147659303966552 6.007908517234716 5.8236640952275796 5.617952510165502 5.416539791241067 5.223404998014703 5.044429862548523 4.884589555022769 4.74867423585554 4.6418939674463235 4.563138099893211 4.488806536761271 4.418425002993231 4.353543159535402 4.296108727591159 4.24861522912742 4.214148078380292 4.190954947679434 4.178730548904439 4.199917715658198 4.266718228017527 4.372758265473446 4.510676350719764 4.672948473304662 4.852175529752543 5.048777086671855
3.7382972437308046 3.6833727389430173 3.6565395667982497 3.656894981640285 3.6909543307113957 3.833138025668789 4.163953096775297 4.536577451131007 4.912114511026454 5.27542094511805 5.613233755950454 5.910490112174417 6.151521846971763 6.323601584443291 6.421294192163297 6.4487913848671194 6.417715250835751 6.33727958209032 6.213253372769496 6.049741023173007 5.853882872279199 5.640628408071073 5.430919688409202 5.229370100030755 5.042431600802707 4.876622892204544 4.7365390926763205 4.625248935550786 4.543485517751487 4.469637170327658 4.398573182401501 4.3317210413721075 4.270935279822097 4.2187694494383825 4.178502924180723 4.148779348037868 4.138893243920988 4.180032878139809 4.271153589277711 4.404170890315813 4.5702269329038705 4.761080063727176 4.969094568759521 5.194629620504059
3.73517487752639 3.6916136561917035 3.677809107228015 3.6929779627505868 3.7416987958544605 3.8999054209692523 4.256051157699458 4.648785342139467 5.0453406510377 5.432943513452711 5.797098925168882 6.119035498698567 6.376119114204428 6.547628265553032 6.625187774541853 6.617134409191076 6.541930384251502 6.418721357659467 6.258785514536153 6.069678584479829 5.85820807806246 5.63595072778543 5.419207797364651 5.2124712297178055 5.023486407985298 4.857265100893965 4.7170722039897734 4.6057246403737455 4.525740470144825 4.456574017865932 4.3862395315460105 4.318623035348198 4.255284535101536 4.198498642176304 4.150839736810713 4.111840573980392 4.109465692516337 4.169374784754243 4.285714280810812 4.446360936746123 4.640295309924285 4.8589812319665855 5.095120016797593 5.348105709631219
3.7516875608830818 3.7245626314895115 3.7333600454824887 3.782657854395447 3.88812014567402 4.092931433178541 4.408285210673708 4.784124417050952 5.183476716382457 5.586165127372645 5.974582438771912 6.325718920878208 6.606197935482129 6.777886162367558 6.824696634964802 6.7678978378470696 6.641185713724614 6.471484650755003 6.275378352632314 6.060855177919749 5.833417319986005 5.602866784026291 5.381701193142493 5.17535018135916 4.989262750420024 4.826741740621121 4.690597635069314 4.583316243227499 4.5071913158973995 4.449223880021362 4.383305105758327 4.316691393767404 4.252410568440207 4.19204722380337 4.135676145383951 4.085873695247572 4.0872748578360705 4.165583609733143 4.310107275080431 4.498536569329139 4.7184543794728535 4.962498543166077 5.224551890216331 5.502851705740903
3.782520411925798 3.7735446763114537 3.8070936537919806 3.8900423082499223 4.035128077735893 4.257389936769235 4.5565428173717075 4.9141554491443165 5.306954043733772 5.716364153389149 6.125750255371381 6.5128537963414574 6.834909123494503 7.014758656914449 7.010246087997166 6.883124525366114 6.697252564108558 6.481690079645201 6.2522130691252 6.015581460157737 5.7749888482386025 5.539669998515796 5.319839119184684 5.1190614657524875 4.940156556281296 4.785651066005602 4.657848334761359 4.558887858412828 4.49079879230107 4.4450278883154475 4.390856181073916 4.328231452795266 4.2657556693299945 4.204724667382054 4.141210314469097 4.082420121441556 4.071160462912283 4.173042037526994 4.350130207116383 4.562313835666537 4.802851115799277 5.067256115361493 5.35097373916613 5.651125990912624
3.820943796640225 3.828057892978679 3.8822074062254694 3.9896646079079785 4.15749424746101 4.383967317515115 4.67217704096441 5.013569364157296 5.393910538357272 5.799651513011991 6.218968133049421 6.6390457817365425 7.032020797951819 7.2565050872849515 7.144838179564685 6.925944393513636 6.683726232022195 6.4325799651440345 6.178385744925146 5.926861931886012 5.678947084105963 5.4458220581381696 5.234232525138006 5.044037033002027 4.877025644387687 4.7350388587360275 4.61993782805286 4.533579548135858 4.4778007104229935 4.446142103366422 4.406530240922608 4.354753511033515 4.297752663373377 4.239881448890482 4.176592345528616 4.123547744554341 4.120368499646805 4.230990688673211 4.417216007144402 4.639225095936244 4.8908349942780225 5.168116598682492 5.4671790490045735 5.781407592188827
3.8608119579256064 3.8794889239650026 3.947487397945027 4.069791856397348 4.245816741726929 4.470749790397692 4.7459668993207575 5.068662185989318 5.428790842540141 5.8158628732561315 6.220481280958522 6.634436009348266 7.048341047024806 7.334642774248085 7.106440899079107 6.841523454848416 6.5740291901501475 6.3078493564115306 6.044771117673699 5.789579799244078 5.543962102793617 5.322408328298247 5.125585367006636 4.951571780657813 4.8014216378287164 4.6764956107003774 4.578372759306449 4.508760100323439 4.469420559353852 4.454287829263817 4.43108741830092 4.39527684172754 4.3484635632102755 4.296955041937028 4.2414539757405025 4.207099868568924 4.233322756738268 4.33680256877277 4.507785492428822 4.724975286540895 4.977274954747248 5.258861677214963 5.56472284609297 5.881530384261646
3.897724467221947 3.9222927346039853 3.996853113980493 4.124759637227231 4.29887274938652 4.51695487127969 4.776702771196872 5.0758443993828655 5.406907901636796 5.759238486797197 6.120616962337395 6.4728160448104894 6.7743504927550005 6.915893541666352 6.817874753801317 6.600975882987246 6.350054000507848 6.092497867971922 5.837951245173462 5.592212840162607 5.363172037312208 5.165408413703999 4.993876515691886 4.843972637269026 4.715804828991497 4.612257625809282 4.535080055340505 4.486006993284673 4.466872791371066 4.470437616850039 4.46506364792604 4.447002198086039 4.413702193479419 4.37080768946442 4.32539859580224 4.305826231496782 4.343811645617571 4.444165271460322 4.60276297441333 4.809306330185717 5.054740993878852 5.332709567395177 5.632943198678332 5.943487455249075
3.9293888432726995 3.953222116635743 4.026434401253025 4.1503183504819114 4.316692471802157 4.524068258196109 4.767528459522212 5.039556317613167 5.33467683640644 5.640915761096905 5.939472299997739 6.20743578430458 6.4067175228996325 6.484568962557176 6.418608130335052 6.249395752375987 6.030316224197304 5.795319633208587 5.561533453459596 5.33650557640135 5.136911578114073 4.970967766076192 4.832939640945412 4.7163180645570755 4.62040655251737 4.545139432077552 4.492418597525049 4.467097678471541 4.471338713446517 4.494668063522728 4.507726591453492 4.507353531989459 4.488460192956896 4.455350909994254 4.419196103053821 4.407116745086555 4.4476467513297395 4.542426390857641 4.689257050206796 4.88253124278819 5.115810774060732 5.382503990639282 5.66674954433287 5.9620159256696565
3.942105511310083 3.955322129614842 4.018047225170829 4.129442992544131 4.284205921713679 4.480167786321113 4.709161081968963 4.960301206985991 5.219678579303924 5.4732354346919765 5.7051939491143795 5.897330512674499 6.023131527499344 6.05644001989489 5.98942541196676 5.841596071588098 5.6464474504288775 5.435113902245375 5.228007928649269 5.035208373463163 4.875241728310541 4.748253461368336 4.6492153059586725 4.570513069317357 4.511168262167952 4.471435711097933 4.451937138404782 4.453906078499214 4.48366639590716 4.526217554649199 4.557248713461132 4.571948188737915 4.567851631755957 4.545825019070739 4.517502476591604 4.506594817924528 4.543074557131783 4.628304536480468 4.761306984519085 4.93866268895323 5.1555721672846655 5.402862865182763 5.664450540958865 5.936088025133882
3.9282277993774404 3.9251931740127737 3.969994648143863 4.0616318501778395 4.202217980349424 4.387455084438228 4.602696580255113 4.8299699390555775 5.053581898893658 5.261608981516861 5.441614697165583 5.575546778930515 5.645060127459624 5.640418744126328 5.558922145439567 5.412649988393591 5.226237317613376 5.030994973481873 4.852571916780654 4.704641009464085 4.592022802124496 4.509469500649667 4.4526152697668575 4.41479707981582 4.394332335529876 4.3920706969000785 4.4089504718266985 4.446047967618659 4.504284871390712 4.563381678337946 4.608509026949127 4.63771217219817 4.648519219591419 4.638662623010741 4.61719662891771 4.602363568962169 4.628765095429057 4.699950105731748 4.816054207616131 4.97465468717926 5.171658417545852 5.393656492757794 5.626776409525821 5.863600750647447
3.893988687467235 3.87101746758423 3.890878930693135 3.9531998381257885 4.079657371617729 4.259505816258495 4.459534067812801 4.66243919551804 4.856405315683541 5.029034160544116 5.166870021441009 5.25724593088521 5.287463077938166 5.248102938734033 5.144867939023445 4.98796649200647 4.79382360507278 4.599234071053858 4.455752587408789 4.364841102799298 4.30544821274141 4.269486152565778 4.254617066472484 4.258350388130982 4.277411203885047 4.313016380459361 4.366552818677686 4.43973775713974 4.5280040667904 4.600602409909117 4.657899675692515 4.700748475225513 4.726648000190924 4.730778024912903 4.716186584684875 4.69302114402608 4.70299894885827 4.755765017239013 4.8520828432630365 4.989518078188562 5.1634814039563155 5.355038877939728 5.55084855740645 5.747076044825771
3.846733681261891 3.8044667806805763 3.8001097844236185 3.8217787170636908 3.9467743885843007 4.134518553095205 4.326358367721176 4.512767509916907 4.683561546160191 4.827648609518386 4.933475520725754 4.989848469857852 4.987389074186897 4.921070143114684 4.789673801010319 4.60534871116459 4.38467833682491 4.158770079839055 4.068580839153041 4.0468284169779825 4.03882961638676 4.046464617773105 4.071259833628676 4.114244629295739 4.17190622395497 4.24442149206037 4.333198962267422 4.438525128796186 4.546597776979707 4.634410020174459 4.701681438083228 4.755705463245675 4.7958224134356415 4.817566564210539 4.812680356399728 4.7750778910925025 4.762352197524597 4.793909401080708 4.86887667387134 4.983794487382415 5.130135598792783 5.2852551194250434 5.44202839726674 5.596283070261345
3.7922454797418514 3.734871259888842 3.7263968396697162 3.7709192383920587 3.8895506667950457 4.055950267427678 4.23152363736369 4.400109708631028 4.549912862312142 4.669901924435015 4.749676659925725 4.780093856733449 4.754217517916566 4.668348342640008 4.52278520931227 4.322443496135999 4.089456889535777 3.866944530297714 3.787606101806355 3.793164618090916 3.817223450319261 3.8581177194396776 3.916385699501099 3.9928312153640784 4.085569374615303 4.19117263589147 4.310708742980845 4.443098833159932 4.563190030174902 4.662548219390107 4.739609916248763 4.797912519907053 4.844948825419063 4.881189873654378 4.896254737234758 4.835594543362358 4.801208331606819 4.812904299712825 4.867071379090439 4.957876462431085 5.073298048699238 5.194238164834053 5.313720972526728 5.426992696932667
3.7336176340054408 3.6797277755193765 3.6899142752592975 3.7562245400194563 3.8714558364579714 4.018331704587123 4.176495821043668 4.328478641397538 4.460516613904025 4.560951297697333 4.619889410823719 4.629588624598492 4.585124616398439 4.4851105824333475 4.332375405961721 4.1379144223195246 3.925455817781802 3.744167963941992 3.642093544058733 3.616175348444911 3.6475366856699485 3.710235510338112 3.794210449105991 3.8971506119114703 4.017903408685646 4.153264893390015 4.301568680547572 4.44937563859429 4.577698840312954 4.684505197780495 4.767993840618912 4.826980492792092 4.869073069238649 4.8933800994060945 4.89274302513952 4.857268740073664 4.817675840069078 4.817411122912801 4.858575308674342 4.928718642125831 5.01851955721147 5.109239574582642 5.194210828062042 5.268832151243463
3.6912919689449066 3.6519799935034043 3.677278090870426 3.7573648023154282 3.8722391836468826 4.0106981836029245 4.158037290978937 4.298463414195555 4.41768860230183 4.503554181502176 4.546361415623319 4.539341591385639 4.479216275281348 4.367189832347419 4.212938305074656 4.031354898724127 3.841872468182686 3.673290962217397 3.5609154260287257 3.511295462473486 3.525657788307091 3.5975769454407143 3.702801857712372 3.828825949687551 3.9731937373610235 4.134580547671865 4.303900099710031 4.4573561695810415 4.590385989750922 4.700715359429487 4.786109566007281 4.843962699648942 4.875642735876659 4.885800201661507 4.878303788972967 4.85705252161017 4.8328027031869585 4.8301765718577965 4.858960824961332 4.909734849112556 4.975879369768753 5.038892154149341 5.091992635648164 5.130950422405924
3.659074373598362 3.6448179728596446 3.6813811998190498 3.7710410589388337 3.8898547322221173 4.028397469782128 4.173340051665665 4.30953577007735 4.422344228909513 4.499111413423923 4.530106114532952 4.509504465896347 4.437822348425147 4.317577723271044 4.16023146705383 3.982056966406379 3.8015406303454933 3.637971889333114 3.518194985643923 3.4569772418644984 3.4608166589919067 3.525238209164906 3.6439511660805732 3.7913405664956685 3.95732665257253 4.137721868789721 4.3112528923855065 4.4672999478585815 4.601833907500223 4.712329359914224 4.7962353746737305 4.85058828690536 4.87307327492256 4.873740870309841 4.870448252666705 4.865366765357623 4.860040259082868 4.857924799959518 4.873281800417881 4.9060873683144 4.950583064246583 4.988770006166417 5.013071113992884 5.019707466838389
3.6315105581728373 3.642768396339548 3.6990712850592558 3.796146839989949 3.923344228307715 4.069597969803345 4.220940582347262 4.361374436342008 4.475572597910862 4.550619790150838 4.576010239060102 4.542570587749027 4.452342301199113 4.314771586495311 4.1443333681143315 3.9574158110061886 3.773273616023406 3.6102301211621035 3.484913873410692 3.420082558040561 3.422528291829704 3.488577801238991 3.6129953110288615 3.785743181894625 3.9727639879412435 4.1547839155971955 4.325066833810092 4.479392536464169 4.611978900513517 4.718797534645629 4.797825562344192 4.846546940608923 4.862668891521127 4.867906556199175 4.876678772507533 4.8865265920065815 4.896914337299648 4.903912588106952 4.907182489392615 4.923227770552318 4.947799211181693 4.964221313671641 4.962983920976833 4.940715515924865
