_RESULTS/CROSS_VALIDATION_POSTPROCESSED_CLR/MHZ/GZ/7comp/2/MHZ_GZ_z_500_kriged_reverse_7comp_spherical_2.asc
ncols 100
nrows 74
xllcorner 5.5967023332191781
yllcorner 50.982320383219182
cellsize 0.00019249356164376555
nodata_value 1.7014100000000001E+038
[rows 19 to 37 of 74, columns 0 to 41 of 100]
-0.8057737523907531 -0.8451785964567178 -0.8488153067125355 -0.816535151347153 -0.7561781472107466 -0.6738604775985181 -0.578757177877588 -0.482160615759916 -0.3951572261583288 -0.3271731498422715 -0.2860395169847655 -0.2789374259080102 -0.30545321904847567 -0.36049911933660783 -0.4358344649328958 -0.5219615409507288 -0.6075329260314248 -0.681877622965305 -0.735361355363078 -0.7511022340321085 -0.7211717682927137 -0.649710028326114 -0.540322682480076 -0.39984751688053943 -0.24785787828563519 -0.09589097088682891 0.051250880262545886 0.1898564176624516 0.3150291205163669 0.4230241245388181 0.5113285835223935 0.5768048445662195 0.6155803878767117 0.6343332496653373 0.6417115241706428 0.6359133776489418 0.6174467752077767 0.5846656853837748 0.5117022802470038 0.35518619867778456 0.1289591853868098 -0.13741874234196907
-0.7988081546963444 -0.8264554458555933 -0.8172208687494034 -0.7745949276455822 -0.7068535180640734 -0.6164671518284991 -0.5131957499794051 -0.4091083735618327 -0.31628148997968775 -0.24986175015098697 -0.21756094673733675 -0.22114132501180636 -0.2584948878186465 -0.3229272569056665 -0.40685639409274343 -0.5001594307119789 -0.5906067723090104 -0.6664192177479845 -0.720448254688582 -0.7347359556375721 -0.7042135999132613 -0.631429707691934 -0.5193135334279513 -0.37305949929123117 -0.21375972717353456 -0.06146171873082071 0.07748923373352551 0.2056276552358188 0.32129340920859073 0.4217573663313965 0.5033260322400747 0.563034883489974 0.5983987754995023 0.618697869693781 0.6305295899157987 0.6314805249180231 0.6196512729590422 0.5872799712811572 0.5342289407877001 0.43657647383081366 0.2683810937143696 0.054458228809716125
-0.7969341299074848 -0.8166043625787496 -0.7971674012237829 -0.74004927826663 -0.6504819290918273 -0.5420626031060336 -0.42213379492085923 -0.3049182999582183 -0.21023571053096415 -0.14803974713003284 -0.12357621657108483 -0.13822883467361416 -0.187664530532528 -0.26558408412736245 -0.36399891969256515 -0.4722695993494195 -0.576222166412651 -0.6588301972134626 -0.7083048013149629 -0.7160047080489244 -0.6804013645420758 -0.6035213731020539 -0.4904479248829756 -0.35076589277277004 -0.19424103932735223 -0.04274565417062501 0.09433281947518932 0.2124705320856204 0.3155765524106591 0.40445002692470866 0.47669078263386666 0.5299985110186528 0.563801755190892 0.5871859792217574 0.6047512149748374 0.6134502434209593 0.6074148696697124 0.5763500376872508 0.5235948881134637 0.4534059740112818 0.34449304473298314 0.1827004134587273
-0.8036271175607225 -0.8202666681847914 -0.7955277042338865 -0.7260556004865586 -0.6099303476405399 -0.4651306564858544 -0.31349308738095283 -0.18134517422845178 -0.08046961905560257 -0.01915653959412733 -0.0014379392040789474 -0.027509223690617368 -0.09160484466996813 -0.18687648009289923 -0.3045521099183738 -0.43443753707934507 -0.5625132794384388 -0.6596181226779753 -0.6960226263207614 -0.6902489456750013 -0.6474706907976358 -0.5720592961116017 -0.46655507315462275 -0.33904136318585254 -0.19360314585789976 -0.04441252054878275 0.09050300053827634 0.20635741271579727 0.29914428497846257 0.37440551729502913 0.4347411731078279 0.47886015394149595 0.5118876840257423 0.5382100148219625 0.5623828602988195 0.58125194461347 0.5818369592499356 0.5500493913989414 0.49640624946635037 0.4279623905626768 0.34507682662003153 0.23852509377294617
-0.8154104938985779 -0.8346010972228265 -0.8122579057432173 -0.7348281295452854 -0.5902475856625786 -0.4002121115374808 -0.2125955400567938 -0.05091442157609932 0.07011234431468948 0.13958532245494276 0.15174178271808833 0.11281662985683742 0.030534613699542856 -0.08557766818909032 -0.22477679625096122 -0.37709818878934886 -0.534169433297975 -0.6656880265184214 -0.6682640675251059 -0.6495073615215833 -0.6020004042138628 -0.528954436065409 -0.43256017153094994 -0.31671302531573287 -0.18551961388344526 -0.04634826761981742 0.07873768281362302 0.18455986532712748 0.2691884375042047 0.33159951720782843 0.37863250528866566 0.41463658176932217 0.4459544471273209 0.4732896277948716 0.5022401038253254 0.5324157523432913 0.5453073026481913 0.5066525111997697 0.45401183845566506 0.39000743637736535 0.31362536836451405 0.22241698306899854
-0.8250674203440055 -0.8503689334823668 -0.8417924882015426 -0.7696058927059226 -0.5865047173088914 -0.3489994005311292 -0.11949477074838741 0.07614533689083951 0.22384606500055027 0.31058932405520295 0.3272258890769062 0.276091155924801 0.1718422661316563 0.031251430692553706 -0.13056053708291823 -0.3006296417364466 -0.4593158014530554 -0.5662605637915755 -0.5907926859047935 -0.574955037049316 -0.5295110636041475 -0.462487230507724 -0.3752562513942814 -0.27056048273025457 -0.1533141795535343 -0.028161980702410938 0.08396529630920277 0.17409432322747181 0.24129997763438754 0.28535630008065116 0.3106532938507247 0.3385811843525698 0.36643269964193387 0.39257681745919204 0.4221400576679385 0.4528065190450058 0.46543969273218533 0.44076362078784115 0.39761944088465984 0.34045926347012223 0.2702672757717302 0.1854649468164427
-0.8227741563726467 -0.8480861440110605 -0.8539374069509176 -0.8331118441134386 -0.5777629277334405 -0.29447161993561366 -0.031700161316193964 0.19558124188047327 0.3720559908292599 0.4795364373344564 0.5011078790072417 0.43715058393271866 0.3058538393132388 0.13667322163593057 -0.04694627916722602 -0.21912116755369834 -0.35915603689972153 -0.4497131264543641 -0.48395219798942124 -0.4773675180744238 -0.439855494383508 -0.37808486087982496 -0.297480918653966 -0.20258240292676602 -0.09839109926946449 0.01028537848177935 0.106644292035378 0.17774705800773263 0.22416018330019943 0.2476121414186629 0.2555247390076331 0.26003518280680993 0.2744364174077135 0.2975472569472578 0.32519749451378055 0.3531111027253187 0.3680307143313875 0.3578121139269531 0.32576517869339333 0.2775973492469934 0.21615026676397606 0.14027894121858334
-0.8028641770404884 -0.8115347211908094 -0.7912036379580597 -0.710291662437887 -0.4914189104454073 -0.21780093640733786 0.051286380996044365 0.2995641178093466 0.5068548627145881 0.6433966047216243 0.6699161603670758 0.5794255596261597 0.41238434560740156 0.21317529718354383 0.02270588365426704 -0.14080764211295713 -0.26659704809425444 -0.3464153571145907 -0.3782879775307372 -0.3766017133161981 -0.3423411029717589 -0.2824689780307471 -0.20401080064548746 -0.11509323869680518 -0.02195174237983291 0.06928656619380183 0.14609474148045648 0.19418147572249772 0.21652027170973132 0.2215300057585899 0.21360664697566134 0.19605105305013365 0.18630726452417828 0.19290030163982927 0.2183794030885144 0.24723120514776092 0.26668370086434234 0.26461426907137764 0.2432189759415458 0.2058309680526521 0.15506607771803693 0.09020302633926239
-0.7744276669750352 -0.7573474146715149 -0.6943614890358208 -0.570506518165995 -0.37796113648458907 -0.1369517347731863 0.11929186351980857 0.37141652110834267 0.6054664658258818 0.7911198552711409 0.8300896091189719 0.6812199228134128 0.46944341141549206 0.2578793475532258 0.06710143468254107 -0.08795240729572334 -0.19997944492921885 -0.2651849551862314 -0.2894429551031835 -0.2840083321555975 -0.24522866213087827 -0.18161065123830608 -0.10113521508473261 -0.012201039072919362 0.07501859032222151 0.14882245214627773 0.20048501149752174 0.22178350993049628 0.2223457279779142 0.20784690265806413 0.1813545114552521 0.14497702745322605 0.11058211941620835 0.09661580491563448 0.1076200116042405 0.1369180864402251 0.16033248764821603 0.1663233795742358 0.15540705946108904 0.129508257207528 0.09065024020234928 0.038313474093936664
-0.7532889081917014 -0.7125572534705567 -0.6210535297248095 -0.48299860639012926 -0.30222149794947295 -0.08614808637906021 0.1486580175565881 0.38801703256822184 0.6226345135547864 0.8466218868334963 0.9221325378103564 0.6852970762864619 0.4605856654849868 0.25438006253075507 0.07198221866650004 -0.07260195987786716 -0.16994589759919979 -0.217230294045245 -0.2259465870232484 -0.20567330341881182 -0.1536488450863058 -0.07980029249179263 0.006409293537282451 0.09795412622238105 0.18780576629442475 0.24560033952972993 0.2669041461553056 0.26450259886784055 0.24240883530471702 0.20560012761741242 0.15794736221810535 0.10255456587007973 0.04595734584927373 0.013063497106267766 0.006862989763785299 0.02305643046264849 0.05159705232982882 0.06647372370477028 0.06625284415623411 0.05217019050220949 0.025900040927268136 -0.01292886794781431
-0.7513924030173382 -0.6943085705172004 -0.5888998748721739 -0.44781907588756587 -0.27743961127989225 -0.08329180314885706 0.12407788280588743 0.33220806140580406 0.5263294708742602 0.6764042085865687 0.6921827407935855 0.5533053485682737 0.3722265273379306 0.1929133962093711 0.03035916970199498 -0.10074358973581132 -0.18200577637335788 -0.20905792323074182 -0.1939854948485483 -0.14514589743632564 -0.06876930975170922 0.02180127136661858 0.11614224029283356 0.20712486378553008 0.28796447688335275 0.3358530558537436 0.34474540046948887 0.321860348219269 0.2756179191710094 0.21375957939949575 0.14219833614517285 0.06587932116586383 -0.009213436783913592 -0.05922894192880582 -0.08279020488039088 -0.08168498339778954 -0.05628923624008034 -0.030133973248276824 -0.017529483064437107 -0.018302486634048792 -0.0313060094459196 -0.056895402091874436
-0.773717118102683 -0.7089220312176063 -0.599535264943208 -0.4617712922284837 -0.30226637398998335 -0.12927427116191395 0.048249318279069 0.21760334822938454 0.3602182979907892 0.4451608852581439 0.44254360533710513 0.35992952406141615 0.22978505020302056 0.08480059083321533 -0.054978106714878766 -0.17231043500213253 -0.2395553847113394 -0.2438969599365063 -0.19397431024927306 -0.10219394126185022 0.011888553806139651 0.12776738818404307 0.2350067436465203 0.32696057942029444 0.39594137368990256 0.4341445753985035 0.43419187929513436 0.39275497777834945 0.32164976535634815 0.23178101192061173 0.13273754164908716 0.03323216370865621 -0.05716409665458974 -0.12339853361575012 -0.15925400214055865 -0.1651584834402595 -0.14352532504592322 -0.10451521083644313 -0.0767944492832695 -0.06404453312084726 -0.0656073260544717 -0.0820082986060961
-0.8197117825469118 -0.7536199762824046 -0.645684625743124 -0.5142665899511668 -0.3651116327241357 -0.21003767425288702 -0.059053569077934714 0.07509194858392146 0.1754130246670045 0.2225855024205397 0.2192457857470388 0.16617739067021275 0.07390655678143868 -0.04027719039437261 -0.16085155617226723 -0.2712833890013202 -0.33645120670574846 -0.31749524084234915 -0.21376569770227408 -0.06108613700102988 0.10272652231076274 0.25444863262793377 0.3806893988064437 0.4765275496788084 0.5379125417781484 0.5639462482888048 0.5451034694535836 0.47936394747893296 0.3788500834271955 0.2567303932794282 0.12628562982455116 0.0027712437171288906 -0.0997056758026306 -0.17194031757315123 -0.20807237143543436 -0.2144968771902909 -0.19480759626497487 -0.15195480028566752 -0.11051985261649772 -0.0866172355835357 -0.0795071817693129 -0.08974270396802972
-0.88944060128127 -0.8255134799840984 -0.7199281841945603 -0.5942465309636081 -0.4561389419507934 -0.3163557990838025 -0.1872870020924888 -0.07983582077066573 -0.007434725400980752 0.023321063186972232 0.023096661758256393 -0.009644934855973841 -0.07235458661568289 -0.15785213709154752 -0.2584260496284686 -0.3657723618105404 -0.4536843022289039 -0.41620779246346273 -0.22161617378393608 0.005200451159676572 0.22195643864261833 0.4113244793591777 0.5601362024259215 0.6624461138416464 0.7178437411760538 0.7281816741898304 0.6825552673914353 0.585717027916304 0.4499310404390813 0.2889858933986758 0.11936811424521897 -0.02788113328771341 -0.1317017167523972 -0.19821408112122826 -0.22876281812848773 -0.2325934493311931 -0.2133619841762099 -0.1719724020246213 -0.11981822703520115 -0.08573837662986142 -0.07103505050552453 -0.06570342006804203
-0.9806722108221523 -0.9196646899429891 -0.8132972767637061 -0.6905687994671389 -0.56226883031655 -0.43662934772769957 -0.3248476650109837 -0.2371704281808439 -0.18405762680225732 -0.1556518419361829 -0.14655442955109502 -0.16016179195179273 -0.19515676692073217 -0.24921593171803239 -0.3194818705803625 -0.4037937826949266 -0.4986275016264158 -0.4476024384485905 -0.15874038877742117 0.12285966103422152 0.3825857789317607 0.6064310038078204 0.7789630558019522 0.8886095690952897 0.9359751235731101 0.9241516314171091 0.8463048008891955 0.7132796112412615 0.5385911638198917 0.3347761502685124 0.1238178190257877 -0.05229563565305037 -0.1474671688155554 -0.19646410861575533 -0.21745663192411405 -0.2175846951295282 -0.19834861839132326 -0.15970115659847287 -0.10320299943951247 -0.059619140442547874 -0.028076135360352056 -0.004507416550980442
-1.0901660880890147 -1.0271965923211734 -0.912112392749523 -0.7888604377811461 -0.6687595484096871 -0.5578246444435147 -0.4617935656289922 -0.390699524899191 -0.34895714094057073 -0.31674613844249444 -0.2939647311205753 -0.2846589066821198 -0.2899893433332119 -0.3073663906087969 -0.3329074702904905 -0.3582943721703786 -0.35598145244496815 -0.24118671960266805 0.007099680762653826 0.29869842643607836 0.5853655926553325 0.8402204270955559 1.037848891965426 1.155890706298214 1.191294950380477 1.1463790204949806 1.0294777920199454 0.8586393392017728 0.6469452178805387 0.4128869344057309 0.17369509135996009 -0.06803401700046757 -0.11790033011393461 -0.15107081032881378 -0.16762413004071877 -0.16699615102654305 -0.14894783400452236 -0.11319222385661773 -0.059205307359810805 8.81957297008129e-06 0.0517664303619922 0.09032317180350968
-1.2100220916035218 -1.1167152903871191 -0.986303177829058 -0.8640194898405452 -0.753745443557079 -0.6582522394632421 -0.5818271173624405 -0.5271485764264636 -0.4937052263971716 -0.4581024341839115 -0.42159405286825924 -0.388483168394667 -0.36057120067635373 -0.3383988082090583 -0.31441631098934364 -0.27614359988445014 -0.19617972775624862 -0.03566502000955246 0.20914770037641878 0.5042656050979372 0.8125177240840042 1.1013162280170343 1.3324509371738942 1.4623925212521365 1.4745051650281868 1.382655980998719 1.2195658973102428 1.0104643497145949 0.7742136226882292 0.5334369379190663 0.30149551619767745 0.10953625468750892 0.0007432384039075257 -0.05471632852259392 -0.07961212553735261 -0.08261703705998205 -0.06665060781554 -0.03332993344872401 0.018969014476629797 0.09522033848500669 0.16009158914976493 0.20318284081155039
-1.1925134776781836 -1.1255226311025002 -1.0106800726390723 -0.9018776442956246 -0.8070063916862175 -0.7305535821062921 -0.6746166414949493 -0.6388407315779321 -0.6137407328909047 -0.5741357199839577 -0.5245260173650066 -0.4709586677895774 -0.41508252317284466 -0.3549810935189923 -0.28734082056696786 -0.1974984088617621 -0.06194044949812952 0.13490351185619848 0.3938512370659142 0.7001288735376927 1.0316314491163048 1.3623906384271323 1.648917940587622 1.8028256926066084 1.7640579768813325 1.6064550450758153 1.394217762316017 1.1528333566922035 0.9062199356159737 0.6679615372399147 0.45077462223404785 0.2739444969070747 0.1447286218837566 0.06684654914566092 0.029899997248546112 0.022179936064476727 0.037495929515295304 0.07201962014469938 0.1341369234051976 0.21689429078337708 0.28407810195977085 0.33035066160264415
-1.0946434298733447 -1.0656838659115389 -0.9863132510539637 -0.9004450629318898 -0.8262144628789212 -0.7710465979940274 -0.736846310381166 -0.7215968937508828 -0.7088879703172722 -0.667850493643962 -0.6045484452173338 -0.5311179256052575 -0.45279280071742944 -0.3667903686453535 -0.26562493781939445 -0.13407017698624038 0.03912975472484584 0.2634903357775357 0.5378842531830906 0.8554678157139651 1.2047110227853701 1.5726935733605991 1.9405393927544123 2.165315412424754 2.005224977258749 1.7731025706857209 1.5211252442275947 1.2629559571129307 1.0158424076186405 0.7853409326709191 0.5804009599536244 0.41019877529680515 0.27573726423913686 0.1898315261795018 0.14701696514193563 0.13796085383138743 0.15560652305355593 0.19616711462179562 0.2663827631594663 0.3527688566587375 0.42267795934370544 0.4701176226918392
