_RESULTS/CROSS_VALIDATION_POSTPROCESSED_CLR/MHZ/GZ/7comp/2/MHZ_GZ_z_90_kriged_reverse_7comp_spherical_2.asc
ncols 100
nrows 74
xllcorner 5.5967023332191781
yllcorner 50.982320383219182
cellsize 0.00019249356164376555
nodata_value 1.7014100000000001E+038
[rows 38 to 56 of 74, columns 43 to 85 of 100]
1.3197151335988304 1.2814028503090287 1.215571082346556 1.1742807370126982 1.2408477840048604 1.3444500100303838 1.431483770455681 1.4919841722346399 1.5239164146111475 1.531437609074839 1.5183554973852957 1.4905117871585056 1.4548329243337534 1.417975496682726 1.373141918343753 1.3081638827930746 1.2229662566345199 1.1190756588010844 0.9967007141080773 0.8595040191514893 0.7925622891023776 0.8810896851325767 0.9761208448955341 1.0736802233884657 1.16550748365739 1.2494592181626525 1.3325296014440497 1.4162349365440043 1.5018047267629218 1.589743826756744 1.6799520997534 1.7718143339144552 1.8642306192936258 1.955585534022362 2.043641615092868 2.1253061662984694 2.2002703799523973 2.2725240190484204 2.3331054748057913 2.365094159601493 2.3558691761248776 2.3073653275364903 2.2348347593202478
1.2600494664840276 1.2410806689492486 1.221120979692865 1.2235400045093971 1.2827743398731404 1.3797896856895926 1.4760929080632388 1.5545399846578665 1.602946633321205 1.619167001606507 1.6082748271709668 1.579041418922453 1.540961738655094 1.4968601854510957 1.4343030656600724 1.3540132537628302 1.2570867778842516 1.1444124716654653 1.0179392890426677 0.890937722007685 0.8329679892791381 0.8783024749194935 0.9550106378421175 1.0413241593574627 1.1303841839638815 1.2151997430613688 1.3023779513426574 1.3908096985534921 1.4800280702235737 1.5701977456787342 1.661009845282752 1.75167997088699 1.8409327105723532 1.9269466482559963 2.007239026753101 2.078463020076717 2.1404281542569454 2.1975378623342214 2.24228638318153 2.2627626003626737 2.2549647214845816 2.2216859689481274 2.1679559367388634
1.2556964096029875 1.2393139634487698 1.2405457365079071 1.2658753531333578 1.334331778648658 1.4365291425233062 1.5472945445645387 1.6465084402888115 1.713088865374097 1.7342458884589331 1.7189568079492172 1.683854986874648 1.6412998350873615 1.584480699204938 1.5116310768900842 1.4240301300385336 1.322884194828771 1.21039371329356 1.091881662261658 0.9861552809934555 0.9299654150753611 0.9344389663842351 0.9787100514731057 1.0441839587336648 1.1214994946613053 1.1976001403776568 1.2785178169508662 1.3647708573050974 1.4539549870926671 1.543335987259328 1.6321851149008912 1.719454179472265 1.8036591416436047 1.8828079744489525 1.9543021105573228 2.014808125872709 2.0654243968037966 2.1107941039690923 2.1443444425256764 2.1591840477097652 2.153206242948313 2.127283622084505 2.0848403495534997
1.2904786078948982 1.2689145198246161 1.2651464279001032 1.3045891924432185 1.3842833878848804 1.4991663595834446 1.629713623781797 1.7583821618185616 1.8526890347575187 1.8749017966275638 1.8458642203349083 1.8014646102065193 1.7452865030661155 1.6770713887822923 1.596927384615141 1.5053088297199764 1.4034219878834187 1.2940120527418877 1.1825764144795394 1.0873526216010265 1.028561183846668 1.0108069700140019 1.0291651999849885 1.0733137474996122 1.1355452146253682 1.200236293767512 1.2695931668363074 1.3458827198757353 1.4278844899430727 1.5121234820034117 1.5958722265090954 1.6774635856350368 1.7550118637957064 1.8263419887255434 1.8889191370138867 1.939786209503564 1.982761200840648 2.0213322729011374 2.0482646924212036 2.060016712263378 2.055295187067804 2.0346294351015843 2.0001865030827104
1.3516240997964246 1.3167810389136898 1.3007473496766773 1.3381094248067111 1.4279212726451482 1.5544889508549393 1.7046190585947667 1.869306497562742 2.021063799740023 2.02708717160076 1.9714166536574687 1.9093409881393495 1.8414418266058683 1.7666766706583719 1.683248046326912 1.5907300557503292 1.4900498951261614 1.3836496030877798 1.2764501502590047 1.186817228624614 1.125207376167979 1.0938842675010343 1.093590454110147 1.1196826634346295 1.1669485884957114 1.2201919414535993 1.2757336567466968 1.3395260314706074 1.4101562476944947 1.4857680737415673 1.5617047354312086 1.6354413014403848 1.7049403710644224 1.7679667937127697 1.8220401838620688 1.8647508789003926 1.9025883075946164 1.934939161270341 1.956766770438826 1.9662155505000012 1.9624251647747424 1.9457451536958736 1.9176450558755715
1.4294704395767288 1.3744256346619137 1.3461163725134102 1.3725258665095326 1.4607067432713898 1.5906371303047204 1.7479710310783856 1.9228336319622488 2.089237216327836 2.105868639643714 2.051510916160772 1.988402621846849 1.9204697847098806 1.846485657992151 1.7645684804392643 1.6741201845110816 1.5758848160082741 1.4717999914920046 1.368446508980457 1.282379407327853 1.2185545107727425 1.1785345688816409 1.1647697324984088 1.176548216767226 1.2105455799137836 1.2523536755614866 1.2953226273605845 1.34501348187396 1.4026221658941365 1.466377987042375 1.5330579559073507 1.597805042208261 1.6584070750465836 1.7126100470349825 1.7580226691781689 1.7938413206612853 1.826875501048012 1.8533486105885368 1.8710782841975844 1.8787168001692196 1.875655350364962 1.86214007234916 1.8392241055360026
1.516554147443859 1.442750744655766 1.3999403829131338 1.4114157946071388 1.4837742934217553 1.6067263826006712 1.757077404721896 1.9143939020992804 2.0402053327348235 2.0901803655983944 2.077532532812935 2.0351572150999764 1.9788949617771037 1.9128802447150215 1.8369710074584304 1.7511709234961512 1.6562970827019605 1.5540295671866948 1.4562102207606977 1.3730888425009595 1.3078520606596302 1.26215223714352 1.2385846312176232 1.2393249520644951 1.262109155928524 1.2929212375004604 1.3259278042479286 1.36145547822819 1.405078858006057 1.4556286581447904 1.511061627421621 1.5659975922891205 1.6170985497588786 1.6621245894607652 1.6987867446436833 1.729298040625039 1.7564825110109656 1.7779646623567995 1.792294363110351 1.7984519873337315 1.7959852860671535 1.7850764852260173 1.7665147671041956
1.6133265505563452 1.5225108351982415 1.4639948255274957 1.4574577855841966 1.507347985314474 1.6110440673424928 1.742119933111457 1.8783287958441524 1.9904301062439724 2.0557074516473586 2.073876066750151 2.05803339159781 2.0192838342713673 1.9656310514941828 1.8988290734221365 1.819500470315794 1.7285569325023125 1.6304304637132307 1.5388240873571657 1.458476144128446 1.3925279684991736 1.3429903317686434 1.3124638099123294 1.3048979022879954 1.3182708091871014 1.338826183831349 1.3624566258894582 1.3878741286917269 1.417150329006253 1.4540037588174883 1.4966252013760935 1.5411573649177408 1.5823513383177077 1.6179690086351606 1.6462591567118232 1.6711328254984763 1.6928551334623596 1.7100118628665024 1.721442901347423 1.7263503216008986 1.7243848158279924 1.7156867941344027 1.7008696208659335
1.720394057682578 1.6106733690842245 1.535173975743311 1.5066155706157593 1.5264127892659478 1.5957181967461695 1.7007533908445016 1.8303013732927442 1.9428656641148474 2.019593787036443 2.058335170551699 2.064798912821819 2.0458216316453828 2.006356291616875 1.9500749898673242 1.8781639900634803 1.7917374482164454 1.7019140514927529 1.6160490516178025 1.5382591840055455 1.4720699604400795 1.4199423593448008 1.384640231814354 1.3710833442542196 1.3762924670416534 1.3874487665189312 1.4022519154211481 1.4195679748222843 1.4384493602899993 1.4614774607189294 1.4909196574565207 1.524184465266263 1.5552227390122526 1.5810899500343256 1.6013149207145845 1.6204454444377143 1.6372717389172526 1.6506113462114653 1.6595148211386865 1.663339765183003 1.6618076553553216 1.6550302520615838 1.6434988717067198
1.81256556308914 1.6848386901221342 1.5934754947895267 1.5453212161620415 1.5402888024014332 1.5765240878087696 1.6487906069122402 1.786438238835201 1.9015471074391879 1.9853956267407447 2.0374489519627406 2.060615515449573 2.0589450751584586 2.0355117715866085 1.9910966245269561 1.9269627455285452 1.850157141953661 1.76888105758826 1.6878131741204878 1.6120732270226683 1.5458780261070646 1.492118361552246 1.4537950035046192 1.4363006883031297 1.4338742073081236 1.4365477072203563 1.4432263009377744 1.452922014152853 1.464754765760551 1.477977922526932 1.494377308432198 1.515803399114905 1.535995937516171 1.5505176087709922 1.5646710141325333 1.5785192290774113 1.5909039990692109 1.6008216240474904 1.607479382007041 1.6103475599701578 1.6091981522439953 1.6041225282177372 1.595524277974118
1.87755073837617 1.7408412145178664 1.6379548281278 1.576682257128182 1.5581335906099665 1.5852621335026769 1.6587116657602103 1.7631179894242082 1.8680311318570397 1.9525501486742567 2.011830843684576 2.0465374260740417 2.0587083149004988 2.049766147198897 2.0192857873461536 1.9698204758373021 1.9060788202330923 1.8316537585491197 1.7536490256003887 1.6791389297014132 1.6131063375930392 1.5586222896012645 1.5188951568779536 1.4989399982158453 1.4890397790180339 1.4841998469770687 1.4835611229790886 1.4862606878089417 1.4914947966277698 1.4985503918777496 1.5066924748441421 1.5149715608650602 1.5219255296367566 1.529012653368528 1.5375912340498354 1.5465423064898842 1.554853730745664 1.5616616358719098 1.566292481326522 1.5683005082035677 1.5674949119122896 1.5639520772231918 1.5580106360556922
1.909096190652992 1.7726254801894026 1.6677948209207483 1.5992611321507035 1.5746107456304472 1.5982797133210818 1.6651675389549574 1.7486412467367947 1.836341463696188 1.9165634387722812 1.978607736235439 2.0205033482239623 2.0429443388291415 2.046206441273133 2.0337528489662287 2.0070745451824967 1.958552974835159 1.8889209073282305 1.8118464430075347 1.7379123110877637 1.672587402883479 1.6185442852106453 1.5791644009313583 1.5564066200988618 1.5400943748101856 1.5287691730072392 1.521696531720676 1.5181219979714347 1.5170245747737734 1.517095701738322 1.517304327642327 1.5167007921703848 1.5166701438645556 1.5179380484378737 1.521259595200881 1.5256364681325802 1.5301757086474181 1.5341243849276824 1.5369014170038175 1.5381251313937432 1.5376328617032058 1.5354896772256288 1.5319848640624967
1.9081659495432333 1.7771966312974947 1.677238065268328 1.6091626922362814 1.581193713224553 1.6006209487389216 1.6594212299180744 1.7290452266692586 1.802204482211762 1.8720863223572304 1.9331893530054907 1.978717800347446 2.00777650256822 2.0253478329183725 2.034953445259688 2.0355157462647195 2.00369276480537 1.9311943265481495 1.8548031453094682 1.7840008112104577 1.721890017704482 1.6704599272794507 1.633526939244673 1.606703842120831 1.585041014914909 1.5679191771370917 1.5545623019606896 1.5440932598921544 1.535579559456467 1.5280680692418596 1.520690323028315 1.5167642751922148 1.5166701438645556 1.5166701438645556 1.5166701438645556 1.5168764223354834 1.5178922078234416 1.5191853317633242 1.5202477519451754 1.5207477649683896 1.5205444849437537 1.5196942338391743 1.5184479693532493
1.876822806903462 1.7550125455435384 1.6630909646529215 1.6019246246145022 1.5739652739834349 1.5899733922186967 1.6411372337172936 1.699684461340947 1.7607482347788288 1.8197793331310446 1.8737690784295356 1.9220858261230735 1.962718607575527 1.9945399687386938 2.019218639513084 2.03771488848456 2.020577582275418 1.9499330332922828 1.8790983456744943 1.813509873480885 1.7559521291753335 1.7088360319167606 1.673658454924198 1.6434235735225888 1.6174386899985085 1.5952119077992921 1.576105017247072 1.5593753941831592 1.544212905285032 1.5302721691418202 1.5207774718070295 1.5167773789510317 1.5166701438645556 1.5166701438645556 1.5166701438645556 1.5166701438645556 1.5166701438645556 1.5166701438645556 1.5166701438645556 1.5166701438645556 1.5166701438645556 1.5166701438645556 1.5166701438645556
1.816904597151727 1.70744402551205 1.6261627834870076 1.57401536660572 1.5518925699058592 1.5662392099657816 1.6101568772923207 1.6588658921929582 1.7108106568176469 1.7649131750057938 1.818607503742315 1.8696542931309081 1.91592018068006 1.9558282292462579 1.985812836977742 2.0008918095544423 1.987536538064456 1.94386175326198 1.888478889643127 1.8325491277174535 1.7811928495386993 1.7370387480668055 1.697904112307385 1.6640148678455091 1.6349132553692869 1.6086754510101322 1.584794703522222 1.5626882727597502 1.5437736423689654 1.5295478309413921 1.520402291193412 1.5167262518258486 1.5166701438645556 1.5166701438645556 1.5166701438645556 1.5166701438645556 1.5166701438645556 1.5166701438645556 1.5166701438645556 1.5166701438645556 1.5166701438645556 1.5166701438645556 1.5166701438645556
1.7345393168852077 1.6386187635275822 1.569437940658006 1.5278541643766201 1.5146110234626864 1.5318809183284574 1.5703248314850768 1.6164309875768166 1.6680698142050272 1.722482792163627 1.7770601584755166 1.8289715520160446 1.8759170408349575 1.9158012266410267 1.945704378968712 1.9607962774551626 1.9548059198309373 1.927883178736127 1.8879906504848514 1.84337768812721 1.7993631320243346 1.754509748730135 1.7116144106471696 1.672169744744926 1.637267049612392 1.6075384791869403 1.5815927931678644 1.559404811066623 1.5414057033484907 1.5280127878366594 1.5196341279015189 1.516671423776698 1.5166701438645556 1.5166701438645556 1.5166701438645556 1.5166701438645556 1.5166701438645556 1.5166701438645556 1.5166701438645556 1.5166701438645556 1.5166701438645556 1.5166701438645556 1.5166701438645556
1.6483967350447999 1.5667659688525997 1.5102508019242973 1.480272305442461 1.4776543957186932 1.5028337522315074 1.5412597000662025 1.587655905964856 1.6395549663967637 1.6943898384606824 1.749257305605597 1.8013105873963937 1.8481486922955093 1.8872767054496302 1.9158281267720785 1.9305927079220657 1.9292056836125817 1.9123127074249053 1.883947626946615 1.8490929139706211 1.8067123091707364 1.7610168678549638 1.7156071814232465 1.6725668409357337 1.6337485912043264 1.6008522924039972 1.5752805722439311 1.554608730078774 1.5379803416432367 1.5258420948043638 1.5186241993008958 1.5166701438645556 1.5166701438645556 1.5166701438645556 1.5166701438645556 1.5166701438645556 1.5166701438645556 1.5166701438645556 1.5166701438645556 1.5166701438645556 1.5166701438645556 1.5166701438645556 1.5166701438645556
1.5661582583528928 1.5005536367077044 1.4578792355104309 1.4405707018474556 1.4508061795391805 1.487119847345801 1.526367143658188 1.5732131697142895 1.6256314868940727 1.6808379723387308 1.7358702663373087 1.7881262027560092 1.8350454385263866 1.8740792402809816 1.902720559591893 1.9187978235473815 1.92120279077331 1.9107159266400042 1.8893048107669586 1.8554696875669916 1.8127314923753586 1.7666849513810587 1.7199727934772715 1.6748780149308433 1.6334418725674575 1.5975198329999734 1.5688234472600777 1.548659081116023 1.5338006147158418 1.5232956777282805 1.5175985850598173 1.5166701438645556 1.5166701438645556 1.5166701438645556 1.5166701438645556 1.5166701438645556 1.5166701438645556 1.5166701438645556 1.5166701438645556 1.5166701438645556 1.5166701438645556 1.5166701438645556 1.5166701438645556
1.493850694073208 1.4458868888431928 1.4176530913800733 1.414345917858262 1.4419033197153484 1.485218983656536 1.5261337144459375 1.573582109774326 1.6265094121459418 1.6821088268042728 1.7377226578097287 1.7906812709834476 1.838353853110194 1.8782275837612215 1.9080715683620553 1.9262503156135695 1.9321684900213836 1.924190958201105 1.9011941942388593 1.8654596784371822 1.822481816563784 1.7755583687506193 1.7273163164190133 1.6801522526896984 1.6362356324762266 1.5975366760659904 1.5658595282697836 1.5428731745264241 1.529248918457081 1.5207053126269592 1.5168485235043696 1.5166701438645556 1.5166701438645556 1.5166701438645556 1.5166701438645556 1.5166701438645556 1.5166701438645556 1.5166701438645556 1.5166701438645556 1.5166701438645556 1.5166701438645556 1.5166701438645556 1.5166701438645556
