_RESULTS/REVERSE/PCA/PC02.asc
ncols 100
nrows 90
xllcorner 5.6208707817415728
yllcorner 50.959635321741573
cellsize 0.00013419651685393446
nodata_value 1.7014100000000001E+038
[rows 0 to 19 of 90, columns 45 to 89 of 100]
-3.59902789301429 -4.5554634067562 -5.47163378289692 -6.31402499965998 -7.05259089395829 -7.66270290268902 -8.12663719143742 -8.43446532114725 -8.58428312534185 -8.58178734804154 -8.4392803973205 -8.17424082428269 -7.80763380916895 -7.362148443417 -6.86053716654435 -6.32420107154883 -5.77211926379924 -5.22016874139168 -4.68083106777881 -4.1632399462358 -3.67349414445946 -3.21514505713839 -2.78976712736805 -2.39752999805202 -2.03770997961094 -1.70910105623221 -1.41030829937599 -1.13992609361112 -0.896617994351795 -0.679123505818877 -0.486219824270097 -0.316664656297782 -0.169141063574797 -0.0422184888475604 0.0656628878281478 0.156183437974978 0.231114566317398 0.29227469657843 0.34147811522641 0.380483670961218 0.410949017072431 0.43439427959549 0.452177138727074 0.465479622574643 0.47530561049045
-3.05401215997393 -4.01738532473334 -4.95091677411137 -5.82133041847943 -6.59840730195404 -7.2569279668729 -7.77817616837934 -8.1508683518871 -8.37144034067198 -8.44369655816562 -8.37789741495593 -8.18941767814587 -7.89714555648448 -7.52180516043929 -7.08437404467654 -6.60473636405613 -6.10066709188017 -5.58719149161733 -5.07631437202607 -4.57707216938859 -4.09583208823666 -3.63674838186072 -3.20228589248368 -2.79373271022467 -2.41164346044968 -2.05617801168044 -1.72732329587768 -1.42500527634127 -1.14911188511358 -0.899455231684849 -0.675702915381525 -0.477305027126495 -0.303437026062317 -0.152970841880602 -0.024478808431561 0.083731485218678 0.173557966885091 0.247029541259395 0.306225886774425 0.353200295539006 0.389912325277409 0.418174637423749 0.439616000762258 0.455660375223586 0.467520444337209
-2.5316586927376 -3.48884426270871 -4.42664003262083 -5.31267010407226 -6.11716844338827 -6.81486893338887 -7.38648770204518 -7.81966379346973 -8.10928863836276 -8.25722629538857 -8.27149484979033 -8.16503522779047 -7.95422987926829 -7.65734653286631 -7.29307156763957 -6.87926703538686 -6.43204124621569 -5.96517276591587 -5.48987939219554 -5.01488371338101 -4.54669965190886 -4.09005186697859 -3.6483414594031 -3.22408447694059 -2.81927034590548 -2.43561116918557 -2.07467575068956 -1.73792104845825 -1.42664657547063 -1.14190341947072 -0.88438955177757 -0.654358285262769 -0.451558914571429 -0.275219584186296 -0.124073897383079 0.00357412540692537 0.109756756967087 0.196733160522198 0.266876118562033 0.322565507125243 0.366096472771636 0.399607206960203 0.425028260506818 0.444052861281301 0.45812588730002
-2.07341109373033 -3.01164163945896 -3.94033596013699 -4.82868126644681 -5.64801531666704 -6.37361753014656 -6.98612890671685 -7.47247216101609 -7.8262041487686 -8.04730047973134 -8.14143732901337 -8.11888871262957 -7.99319191801731 -7.77974567007205 -7.49449496370239 -7.15282676531839 -6.76875807663841 -6.35444967853964 -5.92003279808907 -5.47369835054517 -5.02197359386685 -4.57010075876329 -4.12243576021029 -3.68279971058395 -3.25473761150334 -2.84166283846177 -2.44688874240795 -2.07356672760336 -1.72456167448217 -1.40230007022143 -1.108624382793 -0.84468060539145 -0.61085647639717 -0.406777642076406 -0.231359676138191 -0.0829066008040563 0.040758012998225 0.142143080872598 0.223940265649187 0.288885143181215 0.33963849650382 0.378693167354244 0.408308339128967 0.430470203176203 0.446875871483482
-1.71634690503369 -2.62379665322587 -3.53036263950396 -4.40742557652397 -5.22807075449326 -5.96873417404635 -6.61051797381287 -7.14005572795722 -7.54986417703705 -7.83818083163152 -8.00834734605091 -8.06784789529069 -8.02714336134731 -7.89845241161535 -7.69461955234925 -7.42818132480854 -7.11070089024144 -6.75239559358328 -6.36203900748964 -5.94708455607643 -5.51393614667816 -5.0682838370454 -4.6154285204963 -4.16053602403937 -3.70878375121174 -3.26538755213288 -2.83551877752208 -2.42413840536701 -2.03578500990777 -1.67435587109692 -1.34291660595006 -1.04356609204944 -0.777372302529906 -0.544383115760975 -0.343705979898318 -0.173642713713774 -0.03186128324884 0.0844149099011071 0.17821833449962 0.252664070832681 0.310802511287955 0.355503974712518 0.38937700409398 0.414718739652615 0.433493390806592
-1.48948192135827 -2.35580099687371 -3.22815869255413 -4.08069344403604 -4.88884001780365 -5.63078764820513 -6.28865010052752 -6.84924116321669 -7.30439959227077 -7.65086436630771 -7.88975565678333 -8.02576109830885 -8.06615459899763 -8.01978281845629 -7.89614267475616 -7.70464509601158 -7.45412138958447 -7.15258601337396 -6.80723013558371 -6.42458990795297 -6.01081555131507 -5.57196340079988 -5.11424182765897 -4.64416037739291 -4.16855531195433 -3.69448949047892 -3.22904613782452 -2.77905159771324 -2.3507701264385 -1.94961407781666 -1.57990660636127 -1.24472325009205 -0.945825789649274 -0.683688882491234 -0.45760898257019 -0.265877184860429 -0.105993390828041 0.0251015487903058 0.130796898302516 0.21460332199835 0.279976192184957 0.330177361216256 0.368177021730718 0.396593454324963 0.417665826014002
-1.41070205835306 -2.22745983800151 -3.05503812320507 -3.8707995721684 -4.65305413718478 -5.3822916501082 -6.04216923668936 -6.62016348713842 -7.10784177678764 -7.50075702226839 -7.79801770704603 -8.00162292127445 -8.11567490340897 -8.14558631417334 -8.09738649923506 -7.9772035174527 -7.7909621561627 -7.54429908755038 -7.24266121821359 -6.89152742059265 -6.49668046818038 -6.06445599224988 -5.60190719803054 -5.11684466969919 -4.61773554626273 -4.11347115413715 -3.61303291214308 -3.12510022453556 -2.65764985859815 -2.21759414889655 -1.81049668648428 -1.44039114800577 -1.10971412320945 -0.819348594299142 -0.568762996008049 -0.356222726798185 -0.179047020240467 -0.0338839789634873 0.083020419424596 0.17557843582319 0.247654789306992 0.302905834756168 0.344665131003264 0.375872592587855 0.399041545435501
-1.48470228617045 -2.24570370456977 -3.01991027390795 -3.78825086717715 -4.53232877021469 -5.23539883794515 -5.88314085408205 -6.46415847991886 -6.97017123082335 -7.39590919798267 -7.73875991497814 -7.99824747385621 -8.17544095489314 -8.27239014295085 -8.29167188949572 -8.2361035246321 -8.10864558907089 -7.91248096380666 -7.65122716234565 -7.32921782413357 -6.95178103918307 -6.52544646706064 -6.05802852424639 -5.55855575316515 -5.03704247782099 -4.50412353789795 -3.97059250413748 -3.44689578531494 -2.94263842696122 -2.46615264745372 -2.02416893864552 -1.62161431829264 -1.26154575742989 -0.945211399443774 -0.67221985052992 -0.44078969395319 -0.248047796835354 -0.0903455660381462 0.0364338123322321 0.136598100400772 0.214412696532768 0.273918428261589 0.318801638885182 0.35231316525913 0.377229745800747
-1.70220931393853 -2.40365665848062 -3.11821536109221 -3.83057849300209 -4.52592792961501 -5.19063567732817 -5.81279964400403 -6.38256509517882 -6.8922145508169 -7.33604313385587 -7.71006758163358 -8.01163991448054 -8.23904723146063 -8.39117559588971 -8.46729933381215 -8.46703048540949 -8.39043151013549 -8.23826328826078 -8.01231531101025 -7.71574976904518 -7.35338816055026 -6.93187796814121 -6.45969577436636 -5.94696824892671 -5.40511932691467 -4.84637624422547 -4.28318533722967 -3.72759840029816 -3.19069122760685 -2.6820685323432 -2.20949569823455 -1.77868043992818 -1.39320927506503 -1.05462729105094 -0.762636926381394 -0.515383448294033 -0.309791712913643 -0.141920129919376 -0.00730249947224826 0.0987447320044246 0.18086452756445 0.243457898984143 0.290540016767373 0.32564983101971 0.351806073314847
-2.04062025086121 -2.68110481562116 -3.33222937471292 -3.982495058186 -4.62079792913161 -5.2368447540756 -5.82143702046335 -6.36659792989099 -6.86554216743025 -7.3125143368229 -7.70254432521313 -8.03118225557982 -8.29427917945785 -8.48787130134089 -8.60820655402956 -8.65192599560834 -8.61638339039699 -8.50005958769003 -8.30300858138458 -8.02726276401961 -7.67712733451135 -7.25930745066546 -6.78283402747521 -6.25878122436383 -5.69979620533029 -5.11948547634126 -4.53171869770565 -3.94991841723481 -3.38640232626832 -2.85183452521769 -2.3548261375174 -1.90170629636051 -1.49646500534052 -1.14085221801668 -0.834604547349857 -0.575763268474405 -0.361044798100628 -0.186226963637918 -0.0465199578567747 0.063101475202656 0.147619723029068 0.2117570422005 0.259819874175919 0.295600290856992 0.322326938844009
-2.46602185485511 -3.04634404634982 -3.63273107461482 -4.21738255800914 -4.79288841226924 -5.35236046009808 -5.88946074857999 -6.39832557458674 -6.8734031506639 -7.30924087452003 -7.70027164019636 -8.04065442663905 -8.32422063707125 -8.54456417833963 -8.69529176444525 -8.77042372187654 -8.76490901877786 -8.67519591337011 -8.49978546099121 -8.23969170083502 -7.89874038987014 -7.48365644244694 -7.00391586439566 -6.47136691297223 -5.89965306157349 -5.30349308085895 -4.69788817981152 -4.09733114614208 -3.51508782708047 -2.96260856376667 -2.44910884050361 -1.98133746768242 -1.56353010886818 -1.19752843965003 -0.883032447733523 -0.6179461742877 -0.398775477986914 -0.221039366367928 -0.0796628010132847 0.0306728304254206 0.115236580255743 0.179018983630421 0.226567372728034 0.2618806271404 0.288355453997152
-2.93638697604813 -3.4592190214895 -3.98186028943457 -4.49995789155581 -5.00962454844258 -5.50729817968888 -5.98952088089469 -6.45266048620945 -6.8926111731208 -7.30451986648551 -7.68258994992542 -8.02001103288443 -8.30905244987152 -8.54133947221571 -8.70830710174384 -8.80180022848737 -8.81476496785655 -8.7419581642149 -8.58059354256098 -8.33084554939374 -7.99614550217804 -7.58322742533088 -7.10190958460029 -6.56462805955363 -5.98576638550565 -5.38084659624711 -4.76565930899593 -4.15541271665122 -3.56397295363006 -3.00325309617322 -2.48278779601913 -2.00950838521893 -1.58771226242549 -1.21920294160526 -0.903564920325158 -0.63853114758884 -0.420400080778449 -0.244463152812163 -0.105410528805994 0.0023082192704369 0.0841828723000708 0.145406943759201 0.190707278899059 0.224233788160521 0.249501417830153
-3.40559997710525 -3.87502094123138 -4.33685347056835 -4.78982252124146 -5.23325845462187 -5.66670628880905 -6.08947130876709 -6.50014755572484 -6.89618387580055 -7.27354527517434 -7.62652373580333 -7.9477415833341 -8.22837227019497 -8.45857961741424 -8.62814990700629 -8.72726531821284 -8.7473459032428 -8.68187404105972 -8.52711248391217 -8.28263559265683 -7.95161228812169 -7.54080615103183 -7.06028928747527 -6.52289774278971 -5.9434832035188 -5.33803505943098 -4.72275646929462 -4.11317728706315 -3.52337647900096 -2.96536916587167 -2.44869162276344 -1.98019468899775 -1.56403505302006 -1.20183708663765 -0.892986700346494 -0.635013487105197 -0.424017748024326 -0.255103726767571 -0.122788029787247 -0.0213612120643325 0.054810529739533 0.111048743996187 0.152190230790595 0.182473504795348 0.205476669853643
-3.82786188725842 -4.24880869968716 -4.65423943389361 -5.04550046715417 -5.42472716711416 -5.79423207134542 -6.1558412987235 -6.51024747323886 -6.85645112268539 -7.19135894780086 -7.50959594059041 -7.80356938525447 -8.06379771275018 -8.2794884877986 -8.43932082046459 -8.53236196471276 -8.5490293924098 -8.48200105424511 -8.32697942272134 -8.08322921797854 -7.75383274722256 -7.34563741943457 -6.8689031627025 -6.33668880783065 -5.76404203220667 -5.16707419370087 -4.56200773511779 -3.96427977069019 -3.38777238762509 -2.84422062843241 -2.34282620793411 -1.89008199420825 -1.48979197455959 -1.14325589738641 -0.849578129529174 -0.606056622333801 -0.408609534015478 -0.252202726638841 -0.131249478288318 -0.0399627678347139 0.0273509166600119 0.0760600563706965 0.111037287523953 0.136544258300665 0.156165363591103
-4.16198312675749 -4.5396720879819 -4.89402936237077 -5.22851786146994 -5.54759207818148 -5.85589950821687 -6.15743821793427 -6.45475852209308 -6.74829653315882 -7.03591776244456 -7.31273029797079 -7.57120077350567 -7.80157489249453 -7.99257109068218 -8.13228494105288 -8.20921704959062 -8.21332180059274 -8.13697059950664 -7.97573192172778 -7.72889051355267 -7.39965693484301 -6.99505250412863 -6.52548919518466 -6.00409476942543 -5.4458567345184 -4.86667213341523 -4.28239273860182 -3.70794755492844 -3.15660856028766 -2.63944420745195 -2.16498165533589 -1.73907615940979 -1.36496712718607 -1.04348676176966 -0.773379704119725 -0.551690424753114 -0.374178335372372 -0.235727241607823 -0.130724222244715 -0.0533917894655106 0.00193493323604288 0.0405880435045953 0.0674014492944226 0.086595544904393 0.101706382876719
-4.37509245810694 -4.71447160344629 -5.02344611007189 -5.30708333202792 -5.57163616263579 -5.82359416649283 -6.06869645825173 -6.31101158843601 -6.55218609977829 -6.79094837486795 -7.02292906398586 -7.24082624658241 -7.43490615071444 -7.59379307256814 -7.70546963180565 -7.75838476232923 -7.74255493016471 -7.65054553377294 -7.478234043055 -7.22528216903488 -6.89527774425632 -6.49554359608118 -6.03664578814176 -5.53166288278515 -4.99529806221095 -4.44292521246319 -3.88965821727525 -3.34952104712474 -2.83477727564384 -2.35545463177984 -1.91907648035962 -1.53059073865586 -1.19246995240315 -0.904945361499464 -0.66633305218617 -0.473411090134223 -0.321811579760567 -0.206399280943031 -0.121617087502475 -0.0617869155343916 -0.0213613526194306 0.00487374889606551 0.0216427577855475 0.0330657950701752 0.0425824210441189
-4.44537143153555 -4.75066381601988 -5.01980524510441 -5.25898847403664 -5.47574784020396 -5.67789575972365 -5.87242635689991 -6.06450630878095 -6.25666630198158 -6.44828639216956 -6.63543699778426 -6.81109778217605 -6.96573398473935 -7.08816912588959 -7.16665955969871 -7.19005432599689 -7.14891589447477 -7.03648450678746 -6.84938967477985 -6.58804390367827 -6.2566914387247 -5.86312367377575 -5.41810780999649 -4.93460224745355 -4.42684826493586 -3.90943173162381 -3.39640155917942 -2.9005154759913 -2.43266162633031 -2.00148004196934 -1.61318463411358 -1.27156680852076 -0.978147955223887 -0.732440651229417 -0.532277149967412 -0.374167502020133 -0.253656832797764 -0.165660098025022 -0.104761391283413 -0.0654723090270101 -0.0424492151452424 -0.0306722509726639 -0.0255898357689477 -0.0232317587392508 -0.02029250575423
-4.36355120142757 -4.63794174565854 -4.87227242939361 -5.07345068305448 -5.24981384835541 -5.40998312387276 -5.56169230009207 -5.71072383726202 -5.86007511800217 -6.00945269293303 -6.15515480392253 -6.29035700077918 -6.40576806943592 -6.49057997796063 -6.53360183688133 -6.52444832134576 -6.45464995934009 -6.31856614076132 -6.11400931358275 -5.84252635780615 -5.50932510648622 -5.12287461980218 -4.69424186975969 -4.2362510229173 -3.7625623835294 -3.28676612369638 -2.82157284478602 -2.37816183907209 -1.96572248359418 -1.59119844224305 -1.2592217215632 -0.972206613701474 -0.730563464194464 -0.532989105393438 -0.376793742353653 -0.258231386936747 -0.172810586509488 -0.115572198628563 -0.0813296783856722 -0.0648736722890543 -0.0611461795909464 -0.0653902684687244 -0.0732799062883229 -0.0810317514066382 -0.0854977159192872
-4.1330638204593 -4.37856768575359 -4.58236096496389 -4.75175008039634 -4.89546267812886 -5.02244526861246 -5.14064836240231 -5.25594208107301 -5.37129220081527 -5.48629650980778 -5.59713783307109 -5.69695877185755 -5.7766110609533 -5.82568663817959 -5.83370433607801 -5.79130996698223 -5.69135034396369 -5.52970250786941 -5.30577455242456 -5.02263842157603 -4.68680133582549 -4.30766457543869 -3.89675075678866 -3.46679986827315 -3.03083882403545 -2.60132005830224 -2.18940454525435 -1.80443769240842 -1.45363742218996 -1.14198675729448 -0.872301781443972 -0.645432060512244 -0.46054512119543 -0.315448689069665 -0.206912345443094 -0.130961733045855 -0.0831309491907016 -0.0586701143231838 -0.0527136788312537 -0.0604199613246762 -0.0770935897058539 -0.0983004909213347 -0.119980857254535 -0.138560342296229 -0.151054831874913
-3.76890038119585 -3.98642971797092 -4.16317917502644 -4.30664907120111 -4.42562734864524 -4.5289497522655 -4.62426821946948 -4.71697928424356 -4.80944734684479 -4.90062199701141 -4.98609871223897 -5.05861501660895 -5.10891771781199 -5.12688929553413 -5.10278973847413 -5.02845852989653 -4.8983313252823 -4.71015509843265 -4.46532919492657 -4.16885085443697 -3.82889457858084 -3.45609795946846 -3.06265661847277 -2.66134454255444 -2.26457291426993 -1.88358267213503 -1.52783767558931 -1.2046517861928 -0.919049884920414 -0.673834576015295 -0.469810446461534 -0.306107882366269 -0.180548451968335 -0.0900021171054178 -0.0307003772275872 0.00151422245337063 0.011005971618682 0.00222214714297519 -0.0203900327463107 -0.0524463616279441 -0.0896876654341096 -0.128054767450714 -0.163782768074282 -0.193512941622911 -0.214413456319557
