_RESULTS/CROSS_VALIDATION_POSTPROCESSED_CLR/MHZ/GZ/9comp/1/MHZ_GZ_z_250_kriged_reverse_9comp_spherical_1.asc
ncols 100
nrows 74
xllcorner 5.5967023332191781
yllcorner 50.982320383219182
cellsize 0.00019249356164376555
nodata_value 1.7014100000000001E+038
[rows 38 to 56 of 74, columns 0 to 43 of 100]
2.969918034506968 2.9905753572803864 3.0577164370994816 3.1325368910790905 3.1843843488356605 3.2055937995567136 3.19204349250852 3.145224613433197 3.0966434480961538 3.1110857213498297 3.1670413709238083 3.2378610476529954 3.3177890963317846 3.41431245424436 3.541101249809292 3.702799962991903 3.9112020545304245 4.181328437963331 4.511915172495917 4.900563352347693 5.339016145875223 5.814959670814294 6.299323730067548 6.565358128896371 6.317185251841884 5.966836043312151 5.604338658026201 5.244667109339823 4.896396899829434 4.566666746480693 4.263338158227159 3.9987776624862232 3.7833962101719396 3.640679487860921 3.5648378623392802 3.5480967058140163 3.5839880937060147 3.665694215723393 3.7968179619483324 3.9650276827345587 4.125452042820414 4.269884504565508 4.395059667165922 4.498652117719238
3.052281899427455 3.040413643233939 3.0666889309272873 3.1112537431954723 3.136112806577558 3.1322408434148037 3.0945318882979254 3.0197455931001227 2.9256469256565625 2.969613748261326 3.0526289703752907 3.14706074825167 3.2586994895515313 3.393761662252922 3.557842919456741 3.7492849407144266 3.98089379078476 4.264898477790939 4.594623502639021 4.966018497727573 5.368357997440755 5.777000970449977 6.11382963308583 6.2518815948951545 6.1245714939785065 5.8466359765227605 5.514794868862666 5.169935079810299 4.832252655633749 4.513446922666892 4.219263908086421 3.9549944357377473 3.7469011747648846 3.6071147014376432 3.529997909914349 3.5096478288341544 3.5374114987705476 3.60487867029932 3.7231191881115175 3.876817778232157 4.023198591832986 4.156263680124513 4.273550777398872 4.373118142520265
3.1498438569648135 3.109594137196217 3.101909697617563 3.117383214413607 3.1242619388793575 3.1056389927745576 3.0583895649684205 2.9832088696598587 2.907169350899677 2.9265970289856464 3.005505970150409 3.1115440676678516 3.241642685911516 3.3975462474778917 3.5797248827809787 3.7842816925588836 4.024784448244462 4.30899535086716 4.627855450509638 4.972348766925568 5.326237827703107 5.642636887049523 5.868603780157113 5.9453038051394 5.8496107038826075 5.626633757957448 5.334278643967206 5.0146539473322225 4.696072273760108 4.395963924693366 4.120813301733662 3.8748352445496597 3.6864921693741723 3.5585940633451765 3.4878438307178925 3.4700535346818855 3.4868437087892166 3.544466153836103 3.65234959307785 3.790359659320452 3.920514118295405 4.039374721762476 4.144828916090053 4.235656686359877
3.254426976173942 3.201120981200203 3.1642422379945403 3.1497002763524966 3.1445942074142406 3.120995613633977 3.0769723319230717 3.018481167185879 2.9641402049330923 2.9672238946431335 3.0288067903481046 3.1306078165960463 3.263320880085302 3.4256595271561876 3.6118718242128858 3.8183557662990935 4.057191060756667 4.3311791127039845 4.633584855936853 4.942990632006837 5.2292585121428745 5.464751332188792 5.615430363326846 5.649706393839458 5.556798366742125 5.360854987788086 5.096038789591866 4.79725735739102 4.497240908721958 4.220406369877547 3.9729118697176795 3.7678180188001775 3.610530932367269 3.503034013313457 3.444841946205004 3.43056576568074 3.439499038346685 3.4900564982689994 3.589543615251586 3.708870132345416 3.820373498234533 3.921628808357173 4.010921256485773 4.0876096167128875
3.3584731743172256 3.307207174192463 3.264385975496383 3.2290212740912714 3.2062071851632394 3.1846949896210486 3.1495998328503196 3.106568668680021 3.064604951202135 3.057910467248152 3.1054206824154873 3.1963617892433405 3.3228744697869224 3.481367881501071 3.6611336180711374 3.8616538126975555 4.090934602742193 4.3472570149031595 4.614681676622399 4.871143129368615 5.0963269274299945 5.268686635587153 5.3649675787627435 5.366063833159922 5.266168353919881 5.080597993255362 4.8293326194556485 4.539020223649237 4.247369847221706 3.9964514604143737 3.7970281337396874 3.644785804304169 3.5293545878194514 3.4490750845669416 3.4080993700726747 3.396371527007776 3.4016208495772284 3.4472003491918146 3.537655056556302 3.635613872657228 3.7259125270759053 3.806180107652181 3.8749192069084284 3.9317620531397144
3.462274755796231 3.4144734806134283 3.3735169428772327 3.3391910581939332 3.311948228645366 3.2924011022785598 3.267252544215307 3.2368678031715774 3.2093244677810198 3.1994405840885722 3.2373624394575833 3.317415612045505 3.4336679274958515 3.581613781980804 3.7488757860601836 3.9335673016350565 4.133665834451571 4.345546203605647 4.561660793790548 4.767782571804633 4.942049726197531 5.065188282763093 5.12052153831564 5.095348856360671 4.987140412716015 4.805739679706685 4.561340212436343 4.268966269432055 3.960167075793738 3.7467984989458385 3.623008651834363 3.526044406353105 3.4517902513203653 3.403469538819028 3.383734849779861 3.3758617710094025 3.380108429469261 3.4221189972569843 3.4991578225821782 3.5740152338097606 3.6407746489604484 3.697053591628054 3.7412599088813248 3.772866083991804
3.5635712158447372 3.5201522991223477 3.482306239323146 3.4502930655172657 3.4249953070373707 3.408134480663833 3.4044975264558084 3.4015627511317508 3.3962823388010204 3.3926877450163473 3.4206784767094116 3.487073502641918 3.5861179147365836 3.7117817109273745 3.8531733750926507 4.00552085864536 4.165586275511022 4.332378325439629 4.499783150325583 4.653660810546682 4.778838246278289 4.858996201924102 4.882773525612765 4.837642981370531 4.7245914885908 4.549143121823831 4.316994238564261 4.036936719102804 3.7294845920997615 3.5640976216577887 3.491635877967317 3.4329102662315005 3.390664671717017 3.369702442755464 3.3710523185028785 3.3746972306762473 3.3819372878556386 3.42120244634427 3.4773145924523554 3.5275585036309414 3.5690031046452875 3.5990661380422724 3.615759189114384 3.6179321642013216
3.6599818414104854 3.621464272748168 3.587411117564695 3.5582894924430972 3.537823633751514 3.5309890056399036 3.537167323536383 3.5554631053996117 3.5751102578075162 3.5881071306624186 3.606935835045688 3.6572322511590705 3.7346471731709583 3.835961564598065 3.9516409928788967 4.071969860506421 4.192690966539262 4.315741979069708 4.438197424381629 4.542461165021817 4.620321277745772 4.660351731784944 4.65198383463424 4.591450998740594 4.478351375716028 4.313794633455939 4.103729453144444 3.8654450364144326 3.644892324351421 3.4975709393371 3.4197077942712157 3.375467189123494 3.3535163073771885 3.353709854176961 3.372460544705886 3.3893671314969818 3.4068620652917314 3.441771819371696 3.4746616403303863 3.49960512381427 3.5147549347508007 3.5174923429976594 3.5052464310437705 3.4791255135362245
3.749118589971562 3.715734893837065 3.685788010496929 3.6641646867344977 3.6559002302479198 3.6599620446012064 3.675146939439052 3.6999679284618012 3.7319323679864915 3.763117402639931 3.7837781153096457 3.81747756185039 3.874164126199868 3.95422861817425 4.0451455398819975 4.135676235346185 4.223007640887894 4.306263474384379 4.381129416453553 4.438247378073449 4.470285456882152 4.4712632141474105 4.434223271700612 4.356383737022374 4.243711043712272 4.093217245457269 3.91641944468737 3.7347972914469216 3.5727987110764605 3.4544570360572346 3.3836309408053085 3.348700526704777 3.3409216259996497 3.35785788959 3.391883898696677 3.4225871842092888 3.452075822328642 3.471332607934477 3.483443334106753 3.486537284042461 3.477938381398306 3.4549550646888125 3.4180723480740545 3.368599684256594
3.8286543881222337 3.800447698314986 3.779232982968185 3.7711615064085993 3.775245220417398 3.7901900525987937 3.814410852039984 3.845943985105814 3.880944728802308 3.9144908590117753 3.943340420378843 3.966638244784255 4.007203710397519 4.066050927883009 4.133246494054225 4.195518982996268 4.250259811897137 4.295260328446993 4.326918233114378 4.340050321317336 4.3298044154285815 4.292417967021041 4.22583726094034 4.134135895796774 4.019221825315008 3.8917802039496285 3.7546240612164423 3.6181859770802065 3.4987850514957324 3.410128139728167 3.3572077660201147 3.337274802580378 3.345816263620149 3.3804398224820584 3.431147878872026 3.4769382125002974 3.5075417814955863 3.508317852426239 3.4994727405220725 3.4809634776699374 3.450164543868767 3.4078422042151764 3.353055457537505 3.283731274056562
3.896355032041013 3.8762684057891623 3.8694145258904933 3.8748206762807245 3.8912234736526083 3.917107912605717 3.9505842982408583 3.989274529231016 4.02806117209819 4.062556839775193 4.091329503735674 4.114369368344197 4.135141877286087 4.171175935962193 4.214871606484084 4.249856035796614 4.272672467286377 4.281258129842719 4.273121287790088 4.2453917939952 4.1956004272744005 4.123131329768991 4.032046798966748 3.9295450613008724 3.820545540136621 3.710487145294219 3.605282593096605 3.50578847830023 3.4212843640641326 3.3610604932126913 3.329999956567562 3.3286931975897236 3.35564874318837 3.4099145643782363 3.482248048443865 3.542175665263325 3.565706551119067 3.551652194953452 3.5223218032132344 3.4849370068518297 3.438712062605743 3.381782146167505 3.312211835739858 3.2279400644257326
3.950936494722722 3.944859847369062 3.9520614442372772 3.9707286702199944 3.9993548538313504 4.036251489480614 4.079294882220651 4.125618395026066 4.169755934354496 4.210379795698169 4.245170627116398 4.271267425141302 4.28603417672348 4.292196148881165 4.30390274128986 4.308084593737685 4.297978547620794 4.271655308665091 4.227712424704269 4.165336524575987 4.082689959019769 3.981400119307479 3.8724565233425094 3.7625217495222167 3.65553578225405 3.5555245024452566 3.4690586909333674 3.399820784608231 3.3452880899854054 3.3117672480865874 3.3037956753889026 3.323257486515468 3.370348849736607 3.4452614921646676 3.5341737159460807 3.592699861663888 3.614925691044743 3.599507899577164 3.5573125116141266 3.5063614820404654 3.447155698965038 3.3779114089639743 3.2969293664810593 3.2026683040995354
3.9942691971896123 4.0023287053974945 4.022991245041733 4.054558676111518 4.095206784103053 4.143133456892833 4.196446926745037 4.253520356995136 4.309108765407013 4.3598641749617455 4.402479499140388 4.433446728288578 4.449511686666066 4.44824948332356 4.4301346799375105 4.4030997325334935 4.36011690357361 4.30024260254522 4.223241798534663 4.125346291666285 4.0069034614220325 3.877891382011582 3.7498936484086673 3.6337995702248387 3.529408006238792 3.436884919727285 3.36148754343601 3.3102572375888455 3.2792162859782965 3.2690014737604725 3.283368316321077 3.3243881640196746 3.3931096418002857 3.4809068190450607 3.569280400643648 3.630354151122211 3.6572603320241788 3.648116579532897 3.6047435767184353 3.545504593855363 3.4749485004030287 3.3955508789017275 3.3060371781180278 3.2069345133566944
4.023431678198915 4.044861689057291 4.078369895766013 4.122814953296666 4.176460457064365 4.237951943714232 4.305584066151982 4.376527236910664 4.445135935382644 4.507700179789127 4.560201175339909 4.598185135682655 4.6173522077979605 4.614443705960041 4.588105031171561 4.538294177506646 4.463437430745984 4.371219947504381 4.258098680856603 4.1235764164368724 3.974704490616222 3.8168387169286273 3.664225584831593 3.547319639227697 3.4459754228140715 3.3581721842377776 3.290288194258502 3.249621435363462 3.2378987492897275 3.2482588879534515 3.283681885064538 3.344687633844221 3.420386625037584 3.5051840736165203 3.5936134668116604 3.660468697738226 3.694450047013675 3.693729749778205 3.657791727443102 3.59614873049767 3.52044296722122 3.432619694439519 3.3365749524464063 3.2378643713172313
4.042421557921944 4.076632123434954 4.123136002150333 4.18098560502374 4.248469319639137 4.323985496340819 4.4057946639282735 4.490982216048638 4.573719718822235 4.649898745524439 4.714715945821788 4.762423973829378 4.787028721338033 4.783738220312636 4.7506569813090405 4.689506788321845 4.601010554856214 4.479832445737008 4.330720004033719 4.166449993571497 3.992057324013253 3.812920884878608 3.6429610638201657 3.5172947525181577 3.4110622051826183 3.322681101947738 3.258288274868647 3.2245946958076463 3.226651965906104 3.2543928705690823 3.299903847601651 3.360799587530246 3.4346683778353677 3.51770123833873 3.6055294985167357 3.6806798671591334 3.7240263348405858 3.7337681701771936 3.7093979060538977 3.6534450488691737 3.577387683722778 3.486182268009439 3.3862818305659603 3.2913738764682905
4.05547384043161 4.1003758297493125 4.158671238392664 4.228562128107857 4.308778473993236 4.397426195036473 4.492811477934933 4.592243364973175 4.6899275253046735 4.781478368827411 4.861421569524815 4.922417946945776 4.955775702261921 4.95375849163593 4.913295152009109 4.837790458963434 4.7332889950730905 4.59605467024793 4.431601664243731 4.249363175315954 4.058158053690847 3.867905019272294 3.6928327033752133 3.545972945683486 3.426100613610769 3.331700118523435 3.2653482093622936 3.230825051963106 3.23146063226396 3.2581836046376655 3.3022554656975394 3.3622600147023087 3.4354531954895506 3.5179386835362063 3.605335344211882 3.688595161156526 3.743421485872149 3.7654447500790718 3.7542169796767313 3.712352474122165 3.640858860897332 3.5512501100865577 3.4544917803657986 3.363722090621319
4.066573686993719 4.117218362606104 4.183117641570376 4.262688170305408 4.353908258734147 4.454335540169908 4.562126604941914 4.675083702526433 4.787830352817495 4.8959982854020545 4.993972837810322 5.072965684866225 5.1202579022094366 5.122040801515325 5.072832544979759 4.980949952849592 4.852944664520093 4.6980178069635565 4.520714860962112 4.328460277358475 4.1301653621787455 3.9351808688804653 3.7536263429216583 3.5936808675824565 3.4589380861280175 3.3512809013124576 3.2735417889091454 3.2292432075709634 3.22163569619144 3.245803736329194 3.288848297595982 3.348883942734818 3.42258693834697 3.5057721356432685 3.593833742957727 3.6819117017405736 3.7500801174259917 3.785877476512157 3.7890819468654553 3.7623953342885708 3.706042060533952 3.6261567099463092 3.538620110104679 3.4518654234636346
4.0755876824401085 4.130542165874328 4.201180536063473 4.286033570729069 4.383581256730079 4.4922069191606315 4.6097663238337985 4.734134264811767 4.860683665769842 4.98532097798943 5.103459941134654 5.206575227183695 5.277849174596165 5.290671455268993 5.230549054185537 5.113669251791592 4.957537777443382 4.779201984175235 4.588694078659875 4.388198684772143 4.183796225441027 3.9833364571060694 3.7945561600679554 3.6240659403062088 3.476682056169769 3.356241562950191 3.2666629341863533 3.2120560746234057 3.196104310925212 3.216777332957812 3.259501258727364 3.3206460654740706 3.3962351798266104 3.481479707784035 3.571337487837582 3.660866824911107 3.7415534267622457 3.7922479030499874 3.8108990224775168 3.7998443131028248 3.7633505920094708 3.7072982264764227 3.6341504648063476 3.553474818119077
4.081595301180631 4.139298963829056 4.212979614658821 4.301252144109236 4.402715567373647 4.515943250150481 4.6394414189068645 4.771303094007126 4.908286616436748 5.046630796576487 5.183848207975317 5.314927498420627 5.425055671008087 5.462790751803478 5.376307473578804 5.22038722098587 5.035393505908663 4.836303963636979 4.630239530974836 4.422371251687352 4.213958418759225 4.009127755801485 3.8141970534945218 3.6349990836778003 3.476726857459739 3.3442904310207755 3.242791109322941 3.1775305645957235 3.1534024169788077 3.1707603896598764 3.2140149299179237 3.277801745992237 3.357000492858867 3.4458301795568267 3.538618629097247 3.6301349602021724 3.7156471126326998 3.781888879912381 3.816758328881562 3.8257391119465085 3.8130646342593995 3.780688157186127 3.730862341820487 3.6661232158087227
