_RESULTS/CROSS_VALIDATION_POSTPROCESSED/MHZ/GZ/9comp/4/MHZ_GZ_z_355_kriged_reverse_9comp_spherical_4.asc
ncols 100
nrows 74
xllcorner 5.5967023332191781
yllcorner 50.982320383219182
cellsize 0.00019249356164376555
nodata_value 1.7014100000000001E+038
[rows 40 to 59 of 74, columns 0 to 43 of 100]
5.604842282429107 5.519320254062452 5.45066091777799 5.393388358299793 5.346534996203543 5.312851353981983 5.293169413376362 5.2865633214429115 5.29381535755801 5.328594725126983 5.388717977847715 5.469587766737941 5.56739567896478 5.679479821233142 5.804571274024638 5.935322303904509 6.062321873109203 6.188571119619864 6.3486779509880575 6.561441834480074 6.818225463150883 7.100757127229677 7.339490500071465 7.486681341759355 7.530541344474774 7.493272057338977 7.4487759891025895 7.478298128342989 7.53351444595613 7.5832500292113565 7.627657306930683 7.666596121086651 7.70587003736806 7.761524561941215 7.841290698596359 7.949967969307531 8.103894515559581 8.307772187701069 8.544921579915627 8.770044383017982 8.919257877580632 8.982190990231107 8.968931524226424 8.908156487884986
5.405845521379891 5.30282347778892 5.218689138269498 5.14756819003174 5.092329743423246 5.055863064211653 5.038612415945163 5.038787771819872 5.054007726526784 5.095086818153722 5.161104808034016 5.2464029626295305 5.3463199371966725 5.457712449298634 5.579555646718628 5.713335803224692 5.859275468543182 6.009473950461886 6.171417250872499 6.3771430650372825 6.621039349544901 6.850573764981529 7.0154443474906385 7.100081697932198 7.101056736476546 7.031277221933791 6.972990267670316 6.968514830994741 6.961124506465126 6.948921859964731 6.938102532273447 6.933541094422507 6.955912153383699 7.0182987452433965 7.125548311425469 7.29768774927558 7.54340568372568 7.860444756427959 8.231061361861446 8.58949515618046 8.852966282253877 8.967322422356025 8.954796145636164 8.886144631254824
5.196096552723752 5.074211549898141 4.9727193629432005 4.8879421754462 4.825171642314143 4.787610741375676 4.775253899824355 4.7851706822528515 4.8123610874217 4.861655243219794 4.9348250501199615 5.024862405783393 5.126191730930894 5.234797481384935 5.349250937663419 5.472334981038875 5.611942902894623 5.776146087581823 5.956660667709465 6.159287391950116 6.378740593652268 6.54849369943993 6.651350025290659 6.679453833497531 6.6335435322750325 6.526875558484206 6.442928765510708 6.388994012031719 6.321712140953312 6.251541062265176 6.188808566498137 6.142613590659721 6.128828659286303 6.185379249943716 6.322737898203624 6.543510500037394 6.8559926591112 7.264977305771703 7.762339509314008 8.283043915646985 8.690997647275681 8.821672414454238 8.754279602670492 8.660986958385418
4.9824273446766965 4.83997868810424 4.719457322740192 4.620599052074346 4.550741901825276 4.513761020885941 4.509128671874811 4.5320057855734 4.574464629444368 4.633625384031649 4.714659501648968 4.810497758149922 4.914224474647361 5.020219288906168 5.125187309576405 5.231152013874007 5.352096108365661 5.513540386725591 5.715340090406058 5.925708103742493 6.105253404399007 6.223520041291057 6.272058932270866 6.24823046199509 6.155787192480884 6.010236185067313 5.891123509386796 5.780773223120208 5.656583620723222 5.532231015580681 5.420843669027613 5.338435896582334 5.302069775044593 5.344696522677996 5.48601104441408 5.729333180485686 6.074693568056897 6.533423886361396 7.114498419817776 7.81132402281323 8.458286327131054 8.503219904887175 8.295114273073624 8.195812118961143
4.772319917306335 4.60723461832843 4.465680584384687 4.351280045770229 4.274039754298784 4.2389591041788925 4.243064715601021 4.2799209722488225 4.3403396875133735 4.415184476435148 4.5071350165866395 4.611673777643207 4.720861141892657 4.82752550843037 4.925386929388228 5.010741935471245 5.093828379822198 5.247781372237369 5.487780228714357 5.704620245993034 5.836513331362446 5.902612183760322 5.8987194471399444 5.825800286908237 5.6889814388087325 5.504105324072263 5.342975368720185 5.179179074031608 5.0051096613671024 4.836807365152811 4.690746989022537 4.583192769448581 4.528947118218326 4.552835172572915 4.678130639789649 4.90885196636075 5.248494678051969 5.699796524280641 6.265032534034331 6.982580202585709 7.904740206837602 7.692241307981833 7.453640847288781 7.477894656312234
4.574224546232142 4.384183298628332 4.218740328890483 4.0856443174810835 3.9980060953899734 3.962288624931317 3.97750305363851 4.033554359944742 4.116759511996537 4.2143293236270605 4.320507191157438 4.436701782167882 4.5552416963304845 4.668611362282555 4.76924094792266 4.848942209955186 4.89868750288081 5.03723856835951 5.322691534624845 5.528056443386287 5.619765289582428 5.631487935389815 5.574888785312378 5.452420167142261 5.2719999067834395 5.048826722679962 4.84582082591924 4.6374515457143435 4.422683580734981 4.217449500864875 4.038832702301849 3.904563574391473 3.831319039956112 3.837136297551992 3.9441921392193393 4.1528817179518 4.4576680606417876 4.84769552753541 5.3015706647722975 5.787678857330457 6.146943588604905 6.172940514319255 6.290922098498723 6.602500457905391
4.3979700349385284 4.1809781132840005 3.9877200271493822 3.8277653364487767 3.7216124723770934 3.686146368530326 3.7189310089664582 3.801227835264372 3.9121965605760187 4.036083896382983 4.162305301540293 4.291981269634512 4.422941809420941 4.548996823397699 4.664726248962949 4.767411817380956 4.868575804392135 5.025448054869276 5.246513928672541 5.406228474274975 5.457997443595043 5.42381456092266 5.317814073918804 5.151843881090488 4.932561307374912 4.673525625435883 4.429447150933769 4.181188242013918 3.9296073977465533 3.68983115330567 3.478918777564457 3.316138179113947 3.221458679916049 3.214150873274282 3.307621819324966 3.4998472006788095 3.7744046210923794 4.099928771480937 4.443922780215439 4.743387042065918 4.874466438514466 4.748025534993664 5.227550753897335 5.80125698423087
4.255020619614974 4.010946218190343 3.7835480254570055 3.5838288878058187 3.4488030867710218 3.415543057147198 3.4776211016066783 3.595272701207517 3.7376488965410197 3.8882167539730306 4.037895049206292 4.18229358246926 4.326200752228135 4.467331800334818 4.603132618136001 4.735050784449871 4.873844859494818 5.039034522925564 5.219688257935327 5.331362320909959 5.342590613290034 5.2705947387985645 5.129146216815507 4.925104805755373 4.673231973793089 4.3838525719222 4.10124017672258 3.8183100271962562 3.5343571816702504 3.262818723117971 3.019593405646031 2.8250293374497537 2.70482805210654 2.6868639045741536 2.7801581391033987 2.9702522676241236 3.2283878279847587 3.5172758676101785 3.809309684420261 4.058126880044791 4.213104310029864 4.330946770623696 4.725585987068634 5.2794041199099695
4.157879684368065 3.889730004336569 3.625938078014778 3.375497565649855 3.186139428120919 3.1600911774119673 3.2752917465868845 3.4356124441602054 3.6073553562990517 3.7799941014379286 3.948722359885559 4.1105402812082845 4.265440482940077 4.419594391328461 4.57270888290955 4.726255461340407 4.8852774554937435 5.055429003314069 5.213271768591253 5.2896938958724125 5.267086217509223 5.162871840832618 4.995093461447615 4.769190419994204 4.494071326182495 4.182336407696936 3.8657641216046277 3.5537019998740544 3.2425691634534126 2.943215157109914 2.668439302660424 2.436830444519272 2.281169633996126 2.25217783427829 2.363922294059651 2.571443692071723 2.8291884508258174 3.10785866850073 3.39076295573791 3.653420594539654 3.88683404443188 4.1431932307391115 4.51324596381713 4.989357828309612
4.1171639591997025 3.833578660801293 3.54798558661549 3.2588210626097807 2.9746492120690933 2.973872761300496 3.16133250895695 3.349801322995722 3.5363984519650433 3.719754606394222 3.898748689743102 4.0724034753187235 4.239922689126498 4.402660701256137 4.567131105987654 4.734013187227472 4.904054037789813 5.076961087606412 5.2207951612122425 5.2738262709272306 5.226214859574807 5.098015599522389 4.9105175622593915 4.669406104957038 4.3832783260148345 4.062659273720924 3.725349935787213 3.3907377113986863 3.058665720905504 2.7380719631794004 2.437073682018485 2.1663607808912766 1.9537026946929787 1.9045234841519265 2.065865914005159 2.307492358997775 2.576210571177843 2.8539794389403763 3.137179130933074 3.4182384270944137 3.7009142775779416 4.012130504778021 4.385544847934369 4.823988389247471
4.13625077891294 3.853624889666004 3.573531696677286 3.303070248520913 3.0827983488325827 3.0559370593520314 3.188732253620266 3.35702858204314 3.5334878756145183 3.711731957641323 3.889561199914002 4.066065002072676 4.240796660051465 4.4134114519701155 4.5841416067192675 4.757667108659513 4.93308879163477 5.106773427897419 5.2427457893675955 5.281579814921474 5.217330889971182 5.074256409523597 4.874548426449395 4.624535611542826 4.33285933515685 4.00967672191313 3.6661283138662784 3.3222328533388428 2.9808955123537526 2.6512668589630617 2.3395830405554525 2.0503703236670687 1.7877334834028764 1.6892461562292702 1.9278214288132214 2.1847920334598396 2.4535617461199077 2.7267968199988344 3.0080427223169774 3.2995747058965774 3.605736033584614 3.9396824553563468 4.315344217736775 4.7340004015894905
4.212636419604934 3.9450583478149657 3.6897648929106444 3.4651240931965135 3.3061800274530144 3.262503102673034 3.3263768663802753 3.447867486158758 3.5949106513972353 3.7538492651502766 3.9192278530595863 4.089068309310044 4.262775705188516 4.439863829726458 4.619076674143238 4.79798410286579 4.974994742373811 5.147750991934078 5.280941535813233 5.312961467156454 5.239703699664645 5.090746569789544 4.8865090205216895 4.6341482150793745 4.342648990907077 4.022168983286722 3.6833274854462887 3.337627831135966 2.9961804148766094 2.670713287587041 2.3693718621476196 2.1023961180156063 1.8976279999478052 1.845531580901268 1.9825487791733154 2.1989652513433136 2.445526040535685 2.70625827038407 2.9822216078177224 3.2746061942016134 3.5873914109337393 3.9274326114730758 4.299820433884929 4.703158974072771
4.337386238661152 4.091839573983947 3.865427441312158 3.6771961231039265 3.5471932924976373 3.494798921213077 3.5183689907501634 3.5965647074332403 3.707909577612313 3.8388809559309887 3.9827426413601845 4.137045042515501 4.301532325286865 4.476104727560525 4.658924865668741 4.84551737185572 5.029284994338515 5.202640447233604 5.337049200104238 5.368486440539141 5.293600470264311 5.147184674344351 4.945797980457269 4.69748410624493 4.4117772629826675 4.099136518793752 3.770381830720549 3.4351737157909374 3.100856788398867 2.7876567826078085 2.5060085112107373 2.271988034966717 2.1163057011824193 2.0757511664256962 2.1571031516357566 2.322589163842635 2.5356286537881574 2.775494621652658 3.0389803861891505 3.327056734361497 3.638998082580221 3.976140250850819 4.33950378300116 4.726668926327179
4.498937459432227 4.276898255382096 4.076180895548257 3.911906193430572 3.798062424801571 3.7401407139843745 3.738125910864158 3.781991541600016 3.8587087468489525 3.957918189177783 4.073723662677107 4.204503617139163 4.351707100744397 4.517183039368678 4.699374539675287 4.891307922973142 5.082383830097771 5.261509720259531 5.406030304674644 5.446130891984883 5.379088818061359 5.243356219502301 5.051662376929811 4.813352737450759 4.538668718888254 4.238435608534237 3.923521471240289 3.604742565505915 3.284536508608258 2.9825587740457635 2.719071375261988 2.5120796470661335 2.3811886001214395 2.341879650158524 2.3948917146255226 2.523093328049812 2.704317187280292 2.92097150927941 3.1664627233173905 3.442823741889129 3.7469153064236864 4.076742521116518 4.429659183639849 4.800372527041027
4.686183650217099 4.48672731254542 4.3076276296214235 4.1602204677154075 4.054814971616622 3.9938521959360975 3.9743833329633436 3.991386189317378 4.036878297505865 4.103444728321493 4.186602397068715 4.286299290210378 4.407506211394848 4.557372172338395 4.736676743877396 4.934207224931188 5.132748682181838 5.316793655665453 5.470387181577953 5.526217809959266 5.4794896394913994 5.364641472073299 5.191111558331409 4.96912316883043 4.709784070756463 4.424617030943103 4.125222035940073 3.8231127511219376 3.5284776085245544 3.2396704221593713 2.992221131503183 2.8038143691126765 2.6853679977785196 2.6441827257174637 2.6794335144614423 2.7814758853028443 2.9363812151658077 3.1307749716523254 3.356189094312781 3.6156951695523527 3.9055410837147053 4.221392462198645 4.558257010629311 4.909117978648676
4.889472362529984 4.7111912782196885 4.5506916287843815 4.416482011829319 4.31563082615245 4.251967048992196 4.220807831827804 4.217140731079715 4.23573047794194 4.270938346232864 4.318891115409299 4.380170956474278 4.464129546085873 4.590431870411864 4.76842972375647 4.975961273414624 5.183327672092257 5.370763921844124 5.52616511582094 5.601058610229186 5.584050022054089 5.496138712304717 5.346732247948224 5.146731921705948 4.907897271790039 4.642351428200908 4.362227966094516 4.079468408433238 3.80575744001418 3.548760501480531 3.3167654930463413 3.140505134989022 3.028284762835187 2.983904977641703 3.0061425254462892 3.0886757787771018 3.222032250382866 3.3960362636474737 3.601632597406733 3.840539651399751 4.111196104283392 4.407619615471154 4.723125175458042 5.049358441624851
5.100447676829017 4.942200617288515 4.798508018288507 4.675863008839384 4.579322340211245 4.511588433281162 4.4721525621289535 4.453787619103709 4.450992045790882 4.458942299318788 4.473165963879029 4.491787315284728 4.5227982737146055 4.60999979415413 4.79905331930751 5.025677778936675 5.241001865138054 5.427167810710858 5.574864394958127 5.67062483922913 5.687936939844467 5.631498784579975 5.511016795578345 5.337744960490452 5.123812711106228 4.881690646143669 4.623790660944431 4.362188968428806 4.109298462548586 3.88204614559883 3.6852705449006087 3.5192123723991275 3.409891411383384 3.361632892722546 3.37318904144557 3.439954527133377 3.5549477741028115 3.7101203041214226 3.8973715551537045 4.113045377582942 4.360318245403332 4.632552520469432 4.921829101585313 5.218788625787778
5.311606774530025 5.172667272021466 5.044921318915451 4.933439937863138 4.841984957862543 4.772460434967045 4.724571517867931 4.6957651891385375 4.67859055361822 4.666932587423633 4.656030033732499 4.6409943825290085 4.61741706547877 4.611934586210324 4.863916719433259 5.104287818342874 5.315190650541708 5.489420253601451 5.621521196459775 5.731195134456693 5.784629391419302 5.762606558279718 5.674617695113678 5.531835444359626 5.346393706604588 5.130795291865656 4.897444740839588 4.65951700926871 4.432822412113158 4.229162107574213 4.063502675658107 3.931156809860191 3.8293342042990917 3.776798100360673 3.778834406819414 3.8318319462688475 3.930269270645543 4.067463352264312 4.2362119725117395 4.4294277670714655 4.649380460731516 4.892979304733632 5.151400084631426 5.414555940133226
5.515935619484372 5.395904082870284 5.283827177352471 5.183780490650702 5.09868907335827 5.0299986214753 4.977481856170359 4.93926869861297 4.912120172673915 4.890715278987785 4.868946595524211 4.845260255568808 4.82615122190612 4.863446651423824 5.028724435002656 5.228326903757787 5.409467143322769 5.55671931020645 5.6737499011509716 5.781107554733382 5.865552985148636 5.8794657412952676 5.826367143572857 5.716869549430052 5.562711637140859 5.37609190900608 5.171851637552602 4.9645868640947795 4.765483938852091 4.585510935761428 4.439083476169446 4.333873294884093 4.264651855592624 4.224790374312704 4.220369847071976 4.260538170770084 4.343201952719253 4.462554116924389 4.612017687144351 4.784514022968982 4.974716158604888 5.1852999347043305 5.408327722129198 5.633213599982417
5.706702873185356 5.60535372622957 5.508945721577657 5.4208677193460275 5.343517835509693 5.27812180572862 5.224653437321488 5.181925314437213 5.147904722076925 5.12034033258837 5.097966202474204 5.082030671984416 5.083865665787115 5.1311650244899 5.2393404063724045 5.378695160749331 5.512994729809852 5.626095825116318 5.732180034235202 5.830847210727162 5.920130405205761 5.9703674222920435 5.953536221552808 5.879213939315768 5.7596292493066 5.609288134400307 5.440735384398577 5.265731274458418 5.094900447912161 4.939062705126753 4.812008459078646 4.720577311831024 4.669272803785673 4.656675280047447 4.671258417282793 4.714704542256204 4.787600559031702 4.889143495319673 5.018141082514064 5.168231092242735 5.331942419606435 5.505407396240419 5.68850201043601 5.8706764605391735
