_RESULTS/CROSS_VALIDATION_POSTPROCESSED_80-20/MHZ/IZ/3comp/4/MHZ_IZ_z_90_kriged_reverse_3comp_spherical_4.asc
ncols 100
nrows 81
xllcorner 5.5967107548124995
yllcorner 50.982328804812504
cellsize 0.00017565037499993607
nodata_value 1.7014100000000001E+038
[rows 38 to 56 of 81, columns 43 to 85 of 100]
0.6432161779628864 0.6530758494542402 0.6521130872321722 0.6395446685992258 0.6185249715860228 0.5918897946961478 0.569154636258266 0.5577704352524653 0.5649891823629795 0.5941876235737662 0.6446997250098272 0.7126593598424441 0.7944177351799352 0.8834232641076533 0.9765754906126933 1.0735797679749364 1.1793120252067444 1.2975283575513188 1.4262146509631635 1.5604926683650224 1.6918977770541084 1.8068460279603138 1.8858786479587528 1.9228442050941394 1.922071787651603 1.8927136988137732 1.857636159711017 1.8240064863110608 1.793152381626389 1.7633340778304214 1.7293405546754261 1.692260787676786 1.6602613289170423 1.6349120805961004 1.6164087496138684 1.6044470125338546 1.5996254958227256 1.6001924454577492 1.5966281065883021 1.5759056181696207 1.54349676805198 1.5092409001795817 1.4784000528249526
0.552260932743657 0.5569199463929199 0.5526386839241221 0.5378225199353651 0.5150576803673912 0.487710942561935 0.46265057365255874 0.44844162419492944 0.45747149815891586 0.4952082774616667 0.5548155105655699 0.6296245249431575 0.7166667169434707 0.8138216696578552 0.9158629988152476 1.0252079343966365 1.1412340567155062 1.265731522103556 1.3995320297515084 1.5388892687245166 1.6778650452872974 1.8003094121227958 1.8871848692174742 1.9368111633932181 1.9513910895186588 1.9350704165479526 1.9077751509826855 1.8776953761167052 1.845672535371828 1.8117094889984937 1.7706891255865393 1.7223458280039707 1.6761046122436833 1.6344060949990413 1.5980049523848658 1.5697853280263827 1.5548253207110108 1.549213606588372 1.544893516180156 1.5300263571232953 1.507520330616737 1.483100882176529 1.4611387537188572
0.4809082877311481 0.4810189320003563 0.47549495298690736 0.4620833540415279 0.44042515853035963 0.4142400532175341 0.386737244307678 0.36426080070022593 0.370785316317918 0.42130615313828523 0.48896623475395357 0.5679395592568133 0.6569597213540658 0.754736726156581 0.8610507080916602 0.9776118384240912 1.101757835703226 1.230842765526986 1.3682455187319085 1.5121674080839087 1.657085487688464 1.7793280477152569 1.8696309720621078 1.9279656220984684 1.9531900598372338 1.9472135993797552 1.927392608728147 1.901834160761814 1.8701700048312182 1.8316590693817798 1.783912062590052 1.7238407811170642 1.6622222421471513 1.603509272017153 1.5546534461774357 1.519590649920494 1.4986273537388028 1.4906297743120278 1.4848541358627767 1.472635172874412 1.456441629343574 1.4394709489291784 1.4246332713534988
0.42946010019744546 0.4261130303168591 0.41879912905445915 0.4070136037893932 0.38975448598482415 0.3678667175763427 0.3437668326257218 0.3211615999820076 0.3263194424246636 0.38224389750547516 0.4506231850550108 0.529336155506948 0.6175840530857296 0.7137961050286918 0.8190959943794122 0.9357270114040886 1.062320647742654 1.1951216294130418 1.3340885758343628 1.4809282823477463 1.622929318289187 1.741717721829221 1.8321021956234629 1.894852905358154 1.9275383992383797 1.9292062842785735 1.9166652091211285 1.8968023658345792 1.8674138997783398 1.8258155696456613 1.7704246792375151 1.6980117554982854 1.6223128327751535 1.5543747096090992 1.498829759491266 1.4581591487940666 1.4332187860117325 1.4232974644436862 1.4160175819123295 1.4059089957884523 1.3942261697902605 1.382743950660698 1.3732131888486856
0.3939907755161643 0.3885732257271365 0.38088805578946244 0.3706949714406443 0.35779256058932724 0.3429607200544125 0.3287035683654011 0.32104688074612286 0.33434234627870896 0.37611816891084154 0.43740631886050996 0.5122814893087494 0.5979347205702752 0.6916984535799281 0.7950980299475527 0.9084893936847234 1.0306044616606325 1.1602223401942637 1.2973304172236748 1.4415234057649127 1.5746041943883398 1.6878489611946392 1.7756855557008788 1.8385111498432238 1.874621547616489 1.8820677494490652 1.8768126853323956 1.864513797137364 1.8406705902652198 1.79914060658404 1.7381517471934549 1.6579580274520624 1.5723554157028425 1.4952879632219547 1.4330770058536568 1.388076913700089 1.3609857727462664 1.3472341338473657 1.3381029768740207 1.3299535988720503 1.3221679951820342 1.3154506804965347 1.3105412834898242
0.37144649397841417 0.3646065197352982 0.3573499342370294 0.3496155969993746 0.3412175159548857 0.33270021740540556 0.32832711128480857 0.33107483118073017 0.34861781783524465 0.38600154238224416 0.44176944532131135 0.5128345389585206 0.5960212028100933 0.6877663456848422 0.7887339721154897 0.8977342289004421 1.0138823391313274 1.1371171130414435 1.2672912521219217 1.396517323442824 1.5156735029255832 1.618876424613147 1.700640450688104 1.758906630287959 1.7940610382513873 1.805165114639214 1.8081115364831262 1.8074607271704468 1.79814706884838 1.7686967428773266 1.7075594708015198 1.6171369559944317 1.5167411748295194 1.4282703018663019 1.3590371307458387 1.311056147646417 1.2828077831175608 1.264573385874893 1.2532929855778592 1.2471487703697175 1.2429559418067082 1.2404274386061005 1.2395790710383752
0.35965284226298644 0.3513881921862661 0.3448658583412377 0.34002080184481265 0.33628775789653126 0.33358244455795 0.33539503500981716 0.3457111732897984 0.3668525285669814 0.40383407194171184 0.45747758962010737 0.5268853042697953 0.6095262074980194 0.7009774703488314 0.799534254041662 0.9025328162255791 1.0112166329305916 1.1276614421231648 1.2454958408884327 1.3572263090749321 1.4604565162537129 1.5503106681677863 1.6221542655563428 1.672509077374355 1.7027786744927875 1.7153888733657203 1.726584200006073 1.7393222215514659 1.750950921125748 1.7442970134016398 1.6833974415314825 1.5715319097939742 1.4515513303471859 1.3521456337488353 1.2783951534112046 1.2295148283753303 1.197762542756619 1.177352901505038 1.1654967237152714 1.1604119691017223 1.1599641076743317 1.16149055141313 1.1640274426706403
0.3572838224624464 0.3468857359341828 0.34114979591919864 0.33965538278974333 0.34067295500826145 0.34318374074204644 0.3492948646112401 0.3638955230614582 0.3895913842325196 0.42755317617850247 0.48110904040035646 0.5509782291327003 0.6359831627458467 0.7307836927490645 0.8270944717706946 0.9212820918526922 1.020471232278624 1.1259277458120927 1.2270087458437104 1.3215776668385824 1.4092705935518268 1.4852647256729692 1.545634350262416 1.5869842191680483 1.6086678809936177 1.6189720755079358 1.6327329398697226 1.6525624081470514 1.6817655279460564 1.716075151848001 1.6593111983293052 1.5043205270016862 1.3681258860883272 1.2640430680112775 1.1912576948515778 1.1422698711876595 1.1090109690353513 1.0883367955174252 1.0776802230054368 1.074264170510897 1.0762460244918985 1.0813482512725985 1.087321870738538
0.36407829629381894 0.3496866813566532 0.34488790415425413 0.34796482477093665 0.354119977464957 0.36104635218693604 0.37015536306408575 0.3873317767299762 0.416249898152284 0.4567733791296254 0.5106301852936208 0.5814143292066568 0.6704609879317485 0.7759323970394805 0.8695454721597277 0.9479230603441802 1.0336026982478856 1.1233926188019627 1.2084750967059883 1.2868589311228036 1.3603088906787197 1.4228559133885295 1.470826920210091 1.501467398156639 1.5128836214732606 1.5174889400592604 1.526150567657624 1.540306338058217 1.5621358713435003 1.5871131687584952 1.5294863927806774 1.385643862106893 1.260026336106888 1.1640003055352899 1.0967675724386774 1.0500643867150272 1.0194931685450972 1.0013726531431075 0.9929149021083378 0.9918043911110922 0.9955686501996134 1.002849392313372 1.0123509202581842
0.38218609680742827 0.35897549105352555 0.3563890026731456 0.36724682571701056 0.3787471336051781 0.388577451024452 0.39914294758561586 0.41749149429168436 0.44702309853108063 0.489862051779997 0.5447704428641718 0.6142380596592266 0.7019571966167131 0.8082598095611796 0.897772170984114 0.9657480525026203 1.0400086566659403 1.116810645891087 1.1881752934959169 1.2521084686893216 1.3124060711038492 1.3622447141498581 1.3980877835485617 1.4171089445099896 1.4189470925275585 1.4159326534154673 1.413706780702436 1.4121884948963441 1.407793265989006 1.388133810954359 1.3272636984575088 1.231747704217998 1.135517589369939 1.0553468891786437 0.9963972775169 0.9570349489732618 0.9326585753111165 0.9192334591196729 0.9139762985442628 0.9150774507774974 0.9211309098654854 0.9302771589775419 0.941705443470841
0.4218015574081168 0.3798230011029571 0.3857575463028736 0.40622666080649555 0.4196791023090436 0.4286340137833721 0.438122651851791 0.4554066249913431 0.4836746233246795 0.5259149502736948 0.5809216946856031 0.6482706635009153 0.7279083863819162 0.8149307031930663 0.8965318222559504 0.9682339713159965 1.0384658454598037 1.106025518366595 1.166214811811865 1.2178344137049442 1.2660850226023008 1.3039829475509583 1.3279798445040099 1.3354288597991486 1.3300854477407051 1.320632811904638 1.306816187232847 1.288809293037505 1.262668093539441 1.2220283432648746 1.1612530998857276 1.0866741427091062 1.0093927658064206 0.9439269889440086 0.8968874557663362 0.8679832799104695 0.8518091760736223 0.8443032167482203 0.8430978374181105 0.8468656845685535 0.8548535539026618 0.8660336180783367 0.8791700061492564
0.504529479630522 0.4726407932231491 0.4705185573903902 0.4811402069401378 0.48589032798747767 0.4878128308173323 0.49168913288543165 0.5042787127438532 0.5281727110955983 0.5660981710541636 0.6188479454693155 0.6818906487401468 0.7535684359556116 0.8273705997759954 0.8991036883953987 0.9677315463658803 1.0338837773984855 1.0937920165151807 1.144306376604039 1.1852469972482345 1.2226477548884354 1.249592995931047 1.2625275912036262 1.2599934392194863 1.2503013179709543 1.2353011819171438 1.2138948771451195 1.1843320449620371 1.1453501804423438 1.095491336192491 1.033184765228196 0.9621260217804329 0.8912944296140219 0.8365871426867465 0.8044405853012838 0.7880803653023526 0.7810715827452902 0.7796943322238645 0.7824856116403484 0.7888344829869924 0.7984758766017092 0.811245638141806 0.8260478232595841
0.628670438688907 0.6072224332076828 0.6056343858990366 0.5971321093836481 0.5807168546951167 0.5688013053755813 0.5630013394113219 0.5680303466420888 0.584660736734449 0.614144645118176 0.6576849237530608 0.7118910345285637 0.7762921421148902 0.8432409255998632 0.9084717191266082 0.9718527110720352 1.0318031032439228 1.0836579816316767 1.1248137122289714 1.156125584340773 1.1837719599254588 1.2008126549355453 1.2038204486737685 1.1964486582033047 1.183777404573989 1.164969119982148 1.1389250511284201 1.104150785510941 1.05808965522481 1.0011933376023547 0.9354972411510108 0.8632560151820055 0.7899013802276678 0.7386060298678336 0.7257519599634572 0.7238460860938624 0.7247118602228623 0.7280769932360945 0.7338275527864692 0.7420710445306735 0.7529573919949559 0.7666548389536721 0.7828832022795477
0.7745310493795133 0.7552192739630514 0.7514502774386908 0.7282616890438294 0.6929025571081492 0.6654089307759222 0.6476032115007421 0.6425006458597949 0.6494057302331311 0.6683111212778161 0.6996670976114364 0.742473137783409 0.7998021861087324 0.8601769234759521 0.9188748737515554 0.9764340491427843 1.0309637465013692 1.0760246271991063 1.1087874117424577 1.1318652664557372 1.1509275208214191 1.1591306053548458 1.1558974946279155 1.147192267121818 1.1325587542807003 1.1108261590318527 1.080744031350609 1.041220955364242 0.9916670126872035 0.9332962674060603 0.8683182979992073 0.797714714357824 0.723379507045021 0.6659599439309376 0.6743651208438404 0.6810412296009735 0.6859170981845912 0.6911416425253876 0.6980943059125662 0.7071578942722834 0.7186483013017407 0.7328554269276634 0.749980989728432
0.9282297919348749 0.9006930649156579 0.8783876750082801 0.8477421626259654 0.808846802489141 0.7703520384170102 0.7410909662473198 0.725193238545832 0.721692786295459 0.7300953009928444 0.7508202608599488 0.7841131393307176 0.8318026896914141 0.8815796413613585 0.9299105145700561 0.9791449285609028 1.0260196426910915 1.0634889039525075 1.0881952874574572 1.1048385591256802 1.1167869800318337 1.1185120751864444 1.1144832236611923 1.1049544516743002 1.088931784198601 1.0653173908654785 1.0332049449526455 0.9922249789792238 0.9428144453742963 0.887177634322477 0.828002929948962 0.7658658820059578 0.7070409243063995 0.6681005720991382 0.6583636134290136 0.6601036465176915 0.664286512187265 0.6691855603335065 0.6754731321025874 0.6842227957080923 0.6956348557245864 0.709966835238651 0.727529261735245
1.082173574367769 1.0450023217427806 1.0096999547652883 0.9701703075943319 0.9253913952587903 0.8792939001597326 0.8412944798969115 0.8145364104004584 0.8005593717205585 0.7991759442993952 0.8120160398081645 0.8382079174067381 0.8717417624459979 0.9083262037037592 0.9441565566331224 0.9796682424454358 1.0168531155868048 1.045547954195187 1.0619295465192586 1.0725274173331858 1.0785417579062981 1.0797892282021877 1.076330155652134 1.0673639319161554 1.0518074398454944 1.0285012545528163 0.9966789472575461 0.9565179398593755 0.9093649812019213 0.8583793483575133 0.8061152499037707 0.7538584728758071 0.7078392463375496 0.6756814775068156 0.6599283161392009 0.6552539144193439 0.6560793899458305 0.6597569422563878 0.6654140323344789 0.6731009989819714 0.6838283319708702 0.6978234179591885 0.7152493083629948
1.2298932718387632 1.185433592304325 1.1411545954546434 1.0934147608513076 1.0410509343375325 0.9883791326644256 0.9440007660214543 0.908313764345783 0.8836570857165709 0.8722295015379642 0.8759858441966331 0.8925272122371076 0.9134882974200795 0.9365830075023479 0.9593204312619539 0.980151994937143 1.0028438745621597 1.0219567879591684 1.0307362674434772 1.0367265491122097 1.0425307619163986 1.0446251509246494 1.0424631833041142 1.0352603801794722 1.0218316356253216 1.0007058799979203 0.9708145001140638 0.9326356494723356 0.8885031301471558 0.8425007885803306 0.7959277609833363 0.7511728449233 0.7126429972443422 0.6841180612514833 0.6667091436730784 0.6584217287716141 0.656335251318738 0.6583418095116133 0.6633496185665946 0.6709479827734318 0.6811152845868057 0.694229192997014 0.7110642606506352
1.3617832281550448 1.314684421373451 1.2654134779258337 1.211320715113243 1.151618341600447 1.0945436093100127 1.0446072479102482 1.0021844961463662 0.9677357461804604 0.9455463071680569 0.9389592569056752 0.944451968809422 0.9527638649803629 0.9623787955279341 0.9716904221090036 0.9793032373055984 0.985667750295047 0.9922486117525045 0.9971639333551895 1.004149989364058 1.0104528808519218 1.013567737946766 1.013165386603804 1.0086306461605457 0.9988114602708419 0.9816763029010304 0.9548896446619243 0.9187862782763978 0.8773754273019126 0.8350845446279129 0.792733454800774 0.7532104069789151 0.7193734443104972 0.6933100854084226 0.6756581938277394 0.6655794824045342 0.661521860019559 0.6620502213154432 0.6662498654780132 0.673654292877964 0.684113318712371 0.6977220748071727 0.7147411825398068
1.4681455342511462 1.4241603473582964 1.3745213049902454 1.3168759848178169 1.253559177821007 1.193923655117838 1.139341885964763 1.0906818858714624 1.0486771792340606 1.015436686841863 0.9976930863920661 0.9910377698819879 0.9862001618729376 0.9822183720209569 0.97803692197107 0.9726570886637534 0.9661383456277731 0.9630728463081726 0.96801937238202 0.9760333643484488 0.9826188159658461 0.986688717198628 0.9881020212974276 0.986584305587593 0.981459013767481 0.9705623355385129 0.9480660434690382 0.9126822278662683 0.872964335909072 0.8326440365437072 0.7935699372148188 0.7581827079818518 0.7283356906684106 0.7049975091983578 0.6884039364279125 0.6780580075341834 0.673053446912811 0.6724762879751935 0.6756582803474002 0.6822557263092321 0.6922322310933071 0.7058151174059883 0.723459550332532
