_RESULTS/REVERSE_NEW/Berg/IZ/2comp/Berg_IZ_z_125_kriged_reverse_2comp.asc
ncols 100
nrows 90
xllcorner 5.6208707817415728
yllcorner 50.959635321741573
cellsize 0.00013419651685393446
nodata_value 1.7014100000000001E+038
[rows 57 to 75 of 90, columns 0 to 43 of 100]
39.9968437227422 39.96310146280983 39.94339695336435 39.93878677416184 39.949760069631616 39.9762402911074 40.017591716491374 40.07262606226719 40.13961423264389 40.21631539973314 40.30003690694252 40.38773284499762 40.47613812340156 40.5619222518805 40.64183773486398 40.71283626682198 40.772133868710064 40.81722253478131 40.84584645167632 40.855978953152146 40.84584554927903 40.814034131594155 40.7597150042818 40.6829642420892 40.58515123429983 40.469324219622614 40.34051447321479 40.20588529983436 40.074674917756056 39.957914747180325 39.86793411058262 39.81767875846936 39.81987517002201 39.8860794573206 40.02567082912863 40.24487478274538 40.54590671305132 40.92631275358852 41.37858574415101 41.890166913539275 42.44396041810352 43.01941285645701 43.59402072321465 44.144898607407015
40.164054362834435 40.14097856658761 40.129706515975926 40.1310042272793 40.145152902198575 40.171953335983225 40.21073354723368 40.260355303293345 40.31922379252563 40.385311251164154 40.45620694466012 40.52920139214882 40.60140328048263 40.66987635782891 40.731774991340245 40.784454870086414 40.82554150035278 40.85295281884184 40.86488974748176 40.85982428490232 40.83652306338866 40.79414119433709 40.73240586092048 40.65188445480545 40.554304303679785 40.442868036329685 40.32249747107754 40.199943361928405 40.08371688980386 39.98382447410397 39.911310819201724 39.877630326312676 39.89387745152362 39.96992146710567 40.1135119213199 40.3294339360755 40.61878360771923 40.97841486485491 41.400611865305784 41.873074277429126 42.37932525276845 42.89960496050145 43.412179295460554 43.89482161846121
40.301649362286184 40.28524666222822 40.278428713093504 40.28182117658296 40.295667997433846 40.31982812468075 40.3537705499321 40.39656531565342 40.44687614875674 40.50296646894279 40.56273204171853 40.623769385760575 40.683480155948466 40.739200938952216 40.78833908260979 40.82849193590132 40.85753120394374 40.87364552249991 40.87534974277705 40.8614839324582 40.83123359878578 40.78420138246213 40.72054847771528 40.64120366707912 40.54811438067728 40.44449431869738 40.33501196596723 40.22586693654493 40.12471527712287 40.04042528218793 39.982665396352566 39.9613419253935 39.9859184622951 40.06466434140482 40.20389285121313 40.4072517233405 40.675115207378724 41.004112890886994 41.386836919298744 41.81179845482685 42.26372468927105 42.7242574523518 43.17302108612019 43.58890440378731
40.409239756198815 40.395771203565516 40.38968766333853 40.391594024464005 40.401836393633275 40.42048522492192 40.447308226608435 40.48173343854414 40.52281107810941 40.56918889436311 40.61911730104018 40.670496356099925 40.720967523076574 40.76804170878569 40.809245025514805 40.84225867380471 40.86503150669526 40.87585314615787 40.873389428400095 40.856696103086435 40.82523628241644 40.77892841965815 40.718243295533384 40.64435231279215 40.55930970767577 40.466233836900386 40.36944277381507 40.27449996917794 40.188136116101816 40.1180298905852 40.07244819279171 40.05976285618309 40.087874968241834 40.163589422202406 40.29198789035613 40.47584446838433 40.715117304136136 41.00654262584148 41.34336633623242 41.71527119008792 42.10857342671592 42.506743448230026 42.89124073328692 43.242565657415675
40.48743210593953 40.47331254164527 40.4643622909299 40.46126241022987 40.46458034643281 40.474736786254624 40.491949574416395 40.516157995339306 40.54694007609789 40.583442566431714 40.624345221380906 40.66787667536376 40.71188920946678 40.75398662582939 40.79168703598977 40.822594521801726 40.8445530223133 40.85576292416489 40.85485365755285 40.84092012134734 40.8135422503876 40.772811578763964 40.71938445368073 40.654569598938686 40.58044153228992 40.49995586528866 40.41703252770405 40.33657141418958 40.26437200835944 40.20694175996306 40.17119368660943 40.164048537950926 40.19196861499897 40.26045715500277 40.37355758739357 40.53338152217574 40.73968753632876 40.98953174562689 41.2770206160672 41.59321351837998 41.92623404047084 42.261637444717465 42.58303877317907 42.872944393741726
40.53747508355928 40.51916148627024 40.50371923707865 40.491987907010994 40.484865784861064 40.48325994343575 40.48799575615526 40.499691787923744 40.5186176410871 40.5445612801878 40.57673550622426 40.613748943854425 40.65365557979952 40.69408113310459 40.73240846492193 40.76599233306458 40.792369519416496 40.80943494590499 40.8155663643781 40.809695766324445 40.791339928816065 40.76061111064285 40.71822935612017 40.66555032982819 40.604609808652356 40.538172210451236 40.469760297622805 40.403639584827324 40.34473484421871 40.29846593221509 40.27050290103991 40.26645254784565 40.29149724075254 40.350010186558976 40.44516922450504 40.57858622394155 40.749965740584365 40.956808986250316 41.19418862610025 41.454633053626594 41.728167434144936 42.002552485988225 42.26373472090495 42.496479628330945
40.56097477650498 40.53487074655647 40.50917133619465 40.48494937923064 40.463542596563975 40.44648776996475 40.43539094650732 40.43174161833574 40.43669409651493 40.45085156681889 40.47409369992373 40.50548481502719 40.54328651787776 40.58507915280328 40.627975077588864 40.668889208092956 40.70482311974978 40.73312049196741 40.75166294901167 40.75899264952385 40.75436599221457 40.73775639470278 40.709829877324935 40.67191441878248 40.62597469103035 40.57459161800983 40.5209355279255 40.468715862291965 40.42209092948661 40.385527304536076 40.363607698005794 40.36079517629272 40.38116756024958 40.42813706873977 40.50416739744042 40.61049629092574 40.74687018808878 40.91130144503576 41.099867808080695 41.306584935240345 41.523390278688865 41.74027423919469 41.94557824202461 42.12645172209724
40.5597186859984 40.52212073967221 40.482197956536474 40.44132849084838 40.40140283054276 40.364743871921874 40.33393287821171 40.3115503590372 40.2998612999393 40.300491475472 40.31415065628726 40.34045578258763 40.377891973339594 40.42392442156206 40.47524558331807 40.528116763823796 40.57874762609228 40.62365490089373 40.659952374611215 40.68554414130712 40.69921601802455 40.700639699524785 40.690316149324666 40.66948717223069 40.640038296685674 40.60440539297604 40.56548611954366 40.52654904056177 40.491130182052835 40.462908890735115 40.44556029457339 40.44258759991062 40.45714119875016 40.49183167501649 40.54854088308811 40.62823183808734 40.73075744430456 40.85467222995934 40.99705993388213 41.15340019890414 41.31750552219007 41.48156070650435 41.63628868189678 41.771249600914956
40.53562564175086 40.48273275835203 40.42443513167973 40.36248759173902 40.29945291347947 40.23861036021562 40.1837324739245 40.138738909194096 40.1072632209238 40.09219292789707 40.09525796362005 40.11674223110229 40.15537539127798 40.208430114800514 40.27201123459466 40.34148737478801 40.41199174873401 40.47891225752995 40.53830192665711 40.587164483290735 40.62359909696783 40.646815295147306 40.65704799055467 40.655410670494454 40.64372262071954 40.62433666541499 40.59998164089097 40.57362283416672 40.54833667844102 40.52719388163915 40.51314674575401 40.50891939738393 40.51690156956599 40.53904601754228 40.57676688018856 40.63083323002798 40.701251340115675 40.78713279545156 40.88655357778991 40.99641962174553 41.11236367747029 41.22870312863167 41.33848640871616 41.433646783488825
40.490814115333364 40.41881512170507 40.337913406998304 40.250309657912695 40.159361075060815 40.06948199327995 39.985867338151806 39.91404554352597 39.859302863168715 39.82605493750765 39.817264889305484 39.834011426050395 39.875290641142485 39.93809372380917 40.01774955743023 40.1084706400741 40.20400627481134 40.29829604030719 40.38602901799596 40.46304379197412 40.52654144694343 40.575119285220026 40.6086596339124 40.62812221779154 40.63529005478606 40.63251056256178 40.622460082436604 40.607946015336594 40.59174974475419 40.576507084946414 40.56462073669347 40.55819934813714 40.55901804589428 40.5684941515775 40.58766904185759 40.61718404490564 40.65723707487105 40.70750936766416 40.76705889439705 40.83418768084985 40.906301714067915 40.97979116276812 41.04996267980799 41.111053531462325
40.427758046851594 40.33300204281262 40.2253929167341 40.10763914734506 39.98400818027712 39.86022439248127 39.74313739444887 39.64016232805043 39.55853810518754 39.50449545120354 39.48246296943651 39.49445277073817 39.539746853504994 39.61495093285271 39.7144075583955 39.83088831502623 39.956436938856946 40.083221277787864 40.20426949382965 40.31400432402917 40.40853622388336 40.485720965416924 40.545021855819165 40.58723685028245 40.61415586929114 40.6282062863326 40.63212960448194 40.62871507735915 40.62060078216207 40.61014184779682 40.59933948026195 40.58982174776623 40.58286569223457 40.579448440242274 40.580311937501484 40.58602248201335 40.59700421981838 40.61352729074556 40.63563772616803 40.66302735574079 40.694856025769084 40.72955232328507 40.76462949895023 40.79655800361691
40.34948064530145 40.22872410896478 40.090722183530424 39.938737581211186 39.77804343793445 39.615826327845596 39.46080238350822 39.322539391999356 39.21052995130568 39.13312030204044 39.09645504375324 39.10362965280679 39.154227396384684 39.24434531842234 39.367104323058335 39.51353215228808 39.673642765248886 39.83752381925107 39.99627421371252 40.14268607321674 40.27162372076412 40.380105537668335 40.46713621826578 40.53336251578594 40.580633971948764 40.611543607884734 40.62900704185429 40.635917891445324 40.63489779413783 40.62814421552742 40.61736937834392 40.60381815488528 40.58834957288546 40.57156366011687 40.55395160284295 40.53604293345125 40.518520313619824 40.50227273418111 40.48836362837325 40.47790228370048 40.471824005900196 40.47060389478928 40.47394687538224 40.48050881472724
40.25972575060868 40.11043703990395 39.939133550466714 39.74965299310761 39.54833137406717 39.34392170006062 39.14716865931443 38.97001885381246 38.82450144979393 38.72138574163693 38.66880533922822 38.67110704629233 38.72818741808544 38.835486007365716 38.98463482684744 39.16459786895273 39.36304621633259 39.567717880877 39.76757130525906 39.95361611230941 40.11937341809218 40.26097603995651 40.37696452160942 40.46786477608816 40.53564484085319 40.58314281352122 40.613540177445664 40.629930901308384 40.635012982806145 40.630909649562184 40.61911384359763 40.600541242797426 40.57567186767063 40.54475599734394 40.508055199034324 40.46608374521047 40.41981107642902 40.37078482875984 40.32113895613128 40.273464331078124 40.2305396912524 40.19494638076471 40.16861644773511 40.15238465610719
40.16304564155308 39.983734735646856 39.77738754487662 39.54840214446864 39.3041776060108 39.05506145265956 38.81390387991656 38.59518126654138 38.4136986427014 38.28295551151519 38.213379028501905 38.21076670842808 38.27534112237157 38.40170134761975 38.57968010767233 38.795840385456856 39.03522495136319 39.28302128506773 39.52592705182712 39.753110436241734 39.95673301332366 40.13205530312264 40.27718850583249 40.39258845800533 40.48040345666353 40.54378427276416 40.58624619813007 40.61114634715708 40.62131176391715 40.61883025695541 40.604998558573264 40.58041102578155 40.54516460343871 40.49914962991731 40.44238948810286 40.3753848468101 40.29941183506826 40.21672084027006 40.13058703211668 40.045177697883794 39.965225602501135 39.895529776891806 39.84034056642285 39.802717411055816
40.0647548373536 39.85528522010208 39.61369281207821 39.34488044097679 39.05723937276288 38.7626387318294 38.475990455401096 38.21433512523401 37.995413471314386 37.83574377772465 37.74838555888339 37.74083069293337 37.813648001640324 37.96037432688349 38.16868378409991 38.42239094253552 38.703677130200056 38.99508213371066 39.281048454584315 39.54896452094158 39.78971478369214 39.9977715940395 40.17089505925653 40.3095411162422 40.41609969166033 40.4940857451978 40.54738824393327 40.57965340216333 40.59384724675256 40.59201491566046 40.57523301222975 40.5437367651312 40.49719361925025 40.43508648646722 40.35716118244661 40.26388319148678 40.15684047191241 40.039024808366804 39.91492812420423 39.79040534288153 39.67228300784819 39.567731411138936 39.483463062817975 39.42486465718407
39.97072101149726 39.73255370447722 39.45735726964888 39.15044556023871 38.821058273106175 38.48240169035222 38.1512609564951 37.84711888152504 37.59068148363758 37.401707075582344 37.29622788655074 37.28370649466439 37.36509073933541 37.532611121981844 37.77140245536547 38.06221170791894 38.38422097896104 38.717367048082124 39.04399544821408 39.349911552716286 39.62490904865435 39.862826888396526 40.06119305258867 40.220549705562156 40.34358615679651 40.43421453204337 40.49670786151906 40.53499036841968 40.552135272265396 40.55009388367827 40.529654845461714 40.49061434626794 40.43212498662758 40.353179879953146 40.25317733962694 40.13249972193987 39.99302947569506 39.83851985703713 39.67474145335987 39.50934206801256 39.35138789769106 39.21059713943833 39.096330387638055 39.01646061850129
39.88699420656098 39.62331328528255 39.318167500537704 38.97716389498291 38.61019101475112 38.23151226416853 37.859457125804056 37.51564942562526 37.22359649051759 37.00634996649425 36.88314699107831 36.865654803931406 36.9552387552505 37.1426196304636 37.4100937685822 37.735151075344035 38.09400264780044 38.46420088251622 38.82630760458202 39.16486411903872 39.4688471391608 39.7316733839877 39.95078834901413 40.126916563058884 40.26309827092039 40.363657219840114 40.43323343043059 40.475984575861965 40.49502234929306 40.492114894486555 40.46765747118692 40.42089169135183 40.35033704125009 40.25438417550339 40.13198541020105 39.98336358624909 39.81064808641487 39.61834036778887 39.41351558258543 39.20568482491426 39.00627435993439 38.827722031423285 38.68224699309698 38.5804203300001
39.819309711837036 39.534986368798975 39.205543687388676 38.836762823487156 38.43896103150146 38.02712920167177 37.620715782611235 37.24301741378639 36.91992712219193 36.67752759057132 36.53818385644187 36.51579828468277 36.6121690501943 36.81646455526371 37.108121314116524 37.46148497826941 37.85008086201214 38.24948094466448 38.63889745387384 39.0020024949322 39.327277312430134 39.60795677841368 39.841568700286324 40.029119367871125 40.17404458868124 40.28107891675305 40.35519064382141 40.40070029063292 40.42066077498044 40.41653848919092 40.38820142607436 40.33419440251917 40.25226082191401 40.14005265530531 39.995953273752846 39.819921195592464 39.61424913126043 39.38412655854901 39.13790035772785 38.88694873693587 38.64511546266135 38.42768881319642 38.24995625545654 38.12544294727127
39.77253203711127 39.473902257565605 39.12757185913733 38.73939836578484 38.31992696251309 37.88455653363192 37.45340328849047 37.05085221926979 36.70449406218215 36.4427321905927 36.290454747993785 36.26343127764503 36.36383812420696 36.57954131459299 36.8875936385417 37.259791102567306 37.66758858010073 38.08514763876888 38.49082343646955 38.86782474766956 39.20445776585887 39.49401514424916 39.73427214719535 39.9266152580782 40.07491623379596 40.18431134634884 40.26004632110167 40.30651873583774 40.32660834861673 40.32134342012505 40.2899135382454 40.2300085498869 40.138438035852836 40.011964119252305 39.84826036756811 39.64689108637206 39.4101912575236 39.1439231723467 38.85759678748701 38.56436695455614 38.28045179855747 38.02403764837856 37.81365206408902 37.66605102078549
