_RESULTS/REVERSE_NEW/Berg/IZ/2comp/Berg_IZ_z_500_kriged_reverse_2comp_test.asc
ncols 100
nrows 90
xllcorner 5.6208707817415728
yllcorner 50.959635321741573
cellsize 0.00013419651685393446
nodata_value 1.7014100000000001E+038
[rows 36 to 53 of 90, columns 42 to 83 of 100]
0.055895873845510306 0.03552317881679797 0.020740556092471597 0.0114135869967904 0.006136123189421211 0.003367648003360917 0.001979695664048676 0.001306162174221071 0.0010057733658747848 0.000927156994458286 0.00103047193152201 0.0013622446039937 0.0020713624851931393 0.0034476182004255906 0.005921278927836043 0.009879733476293754 0.015181017140841824 0.020644498677355225 0.024308106680102644 0.024715320421414968 0.022025583784941904 0.017707023073958127 0.013335023953292635 0.009802140800136017 0.007314387287853841 0.005727940812871119 0.004824588300568829 0.004436763243692475 0.004480492929815231 0.004958192508465612 0.005962818338524842 0.007693612582021708 0.010481288214668294 0.014807219470127999 0.021280331658521855 0.030511393203381944 0.0428244142176249 0.057817903928109246 0.07395776911846204 0.08855965780498304 0.09849570582782692 0.10151438502135361
0.05074282888839625 0.032809762610389766 0.019638447197734672 0.011169570733679106 0.006256192265560314 0.0036024421718088883 0.002233359006478486 0.0015577285661486906 0.001266741383175343 0.0012272643152848046 0.0014212200435237677 0.0019340922068414245 0.0029832667370364124 0.004956034911933411 0.008357818701924499 0.013485148787642552 0.019778346195105143 0.025417798501228547 0.028099638638758695 0.026744212927114056 0.022315823119002834 0.0168497783429433 0.011983513755457467 0.008379897267589233 0.006000130526496249 0.0045509015071158315 0.00374844927650134 0.0034034712828308494 0.003425559071200071 0.003812565836091084 0.0046511318814384545 0.006135726847938087 0.008605023367044344 0.01258290630369564 0.018786802298859286 0.02802801429622823 0.040905882722178946 0.05726166620651815 0.07557485164312396 0.09277203121959982 0.1049810011744089 0.109233559991361
0.04746363206270431 0.03138888987408783 0.01935326157250677 0.011419673530969138 0.006678615399886955 0.004035120576442529 0.0026315197031950765 0.0019298341358700455 0.001643565317285712 0.0016552264102850777 0.00197122224930191 0.002722186539470677 0.004197770714759741 0.006865870619130235 0.011235895132896752 0.0173737460221229 0.024183841924572652 0.029305712545440274 0.030452866647571998 0.027242355686235314 0.0214200452442818 0.015311657959939348 0.010374833509336403 0.0069637948224831 0.004824860970773793 0.003570477356386138 0.0028929208213517407 0.0026044857095921456 0.002619378559801819 0.002934895318122221 0.0036303703876532827 0.004888630872116512 0.007040530579538638 0.010624536196184567 0.016427733652287214 0.025425425469777115 0.038487601740222546 0.055759675337890426 0.07586818647422866 0.09550439157041395 0.11012969748469374 0.11599814712803694
0.04558768008265002 0.030894400781712857 0.019638561433836525 0.012014456566557682 0.0073175960398016065 0.00461607153813807 0.003142934261891105 0.0023989215369204643 0.002113066836209731 0.002180590714821319 0.0026299671959335975 0.003629727612158793 0.005517954386368606 0.008783139500180236 0.01383381184006871 0.020414247367675987 0.026973012379446083 0.030956549958404297 0.030487165081296154 0.02592524282060519 0.019467733344498587 0.013367874975934852 0.008757620606913387 0.005721574881332253 0.0038835597093216535 0.002832541414993915 0.0022746974412180964 0.0020404437126492372 0.002055000068169722 0.0023173607582129977 0.002899508805398482 0.00396915200998598 0.005838582134400851 0.009036698486800877 0.01437713598549163 0.022940222706686705 0.03581530156874767 0.05345538532627642 0.07473795901705063 0.09631722042684462 0.11318913903154457 0.12089371879905764
0.04466376595567965 0.030986935908782057 0.02026022884225145 0.012798537362600062 0.008068161817322072 0.0052688813735098025 0.0037047468713393514 0.0029047228097381877 0.0026071024592270995 0.002713203575526998 0.003261409435285685 0.004432005592258285 0.006559144081251418 0.010068155621071644 0.01518921658102144 0.021391877095792388 0.026963842781991203 0.02959429764576563 0.02800322772918122 0.023018189202592597 0.016819021227027976 0.011312744712148633 0.007304173697788896 0.004727539683359634 0.0031919262824857443 0.0023227780740756386 0.0018651485535613075 0.0016758066554824662 0.0016933215558563826 0.0019194372916656929 0.002419737855130665 0.003346658658821339 0.004989176238269409 0.007850320569696305 0.012732434008484641 0.020754280502484686 0.03313953225872476 0.05059030489829732 0.07227698861951314 0.09500916609364655 0.11360905112816702 0.12311337214494068
0.04426139763108899 0.031339812745524616 0.02098194243858369 0.013601549657515482 0.008802539305107644 0.0058903607681850675 0.004225007575701287 0.003355422234111925 0.003022313112754622 0.003122700903284943 0.003685223112029019 0.004865764199494684 0.006937780626838961 0.01020322919836741 0.014717490073100251 0.019847150211047073 0.02406650371544189 0.02559318225379825 0.023666600733899333 0.019181951041175756 0.013937137683103857 0.009388901082844812 0.00610423837008373 0.003991498882006843 0.002726006335533714 0.002005589814627391 0.0016254952624851376 0.0014708728199326114 0.0014936077780581124 0.0016987198799107294 0.002147063538399059 0.0029779453954327222 0.004457092855356218 0.007053540015418071 0.011530803402171767 0.018985309597424 0.03067762156992275 0.047456315103446375 0.06875750522188394 0.09168682045884226 0.11120834716061329 0.12218075753490515
0.04397825720716366 0.0316448435340124 0.021575508551361134 0.0142539896732504 0.009390235342960407 0.0063738494045127445 0.0046096395522696515 0.003660667160048376 0.0032642704958444277 0.0033033500892188216 0.003779392287542029 0.004797069666496392 0.0065392470976680835 0.009178723577276105 0.012666363656821451 0.016444060524714855 0.019377710162566578 0.020256025227003895 0.01863661297606771 0.015203581603665922 0.011229953613200977 0.007748721357670382 0.005183145040761676 0.003491302010552032 0.0024520945837245636 0.0018478770200861044 0.0015256138794061997 0.0013976366426965525 0.0014283106209926626 0.001626430555168888 0.002050161666009374 0.002828927926452688 0.004208072567980627 0.006620535871192658 0.010774000303994174 0.017695159221067177 0.028591593892156774 0.04434107865557713 0.06456858082795931 0.08674414921561298 0.10624206242487927 0.11810276910922653
0.04346661163188495 0.03164076645117358 0.021852335181633306 0.014620944144013461 0.009733003622201563 0.006645230928759493 0.004800474707413887 0.0037737789674317603 0.003297179800413656 0.0032354229183729046 0.0035564810874232013 0.004308388188921908 0.005589108897405699 0.007477227204426561 0.009894983107347616 0.012445849613940043 0.014399685681527085 0.015001467380938624 0.013963910220052398 0.01168427193957979 0.00895144085004812 0.006455151191805526 0.004528445325448293 0.003197029434344825 0.0023433294200773053 0.0018298262394119175 0.0015514721895698476 0.0014456383255453148 0.0014885316104768093 0.0016934809372630773 0.0021181122338787633 0.0028853715115829347 0.004223960117638289 0.006531704832638506 0.010451212603488946 0.01690688615811351 0.02698359784665966 0.041484403918970236 0.06012986710166353 0.08075955326071146 0.09933354090859067 0.11137879117569026
0.04247390192065551 0.031152411810748862 0.02169988607061239 0.014635031317617248 0.009794103265230558 0.006688763689057558 0.0047979287596521345 0.0037109732629066945 0.003157711826715212 0.002987826700378169 0.0031407512664872665 0.003619446961031659 0.004462121569304441 0.005694926532017809 0.0072530648975497256 0.008895146158684076 0.010197178079580996 0.010711216889045973 0.010226432782429915 0.008911012104534403 0.007194195731293012 0.005508346894831136 0.0041137211991201204 0.0030850908978788043 0.002386913113458311 0.0019487138345859385 0.0017076025102134528 0.0016240933475094555 0.001686243826412779 0.0019130522269836595 0.0023636857873669437 0.0031575290790233205 0.00450980392331601 0.006784662759467262 0.010554639633799162 0.016621906159227366 0.025903502313326426 0.03905492853782647 0.055813263843353056 0.07435556586991823 0.09130239579132603 0.1028578561701586
0.040879416553419014 0.03011998943794286 0.021102488116783957 0.01430913594175805 0.009603957400696394 0.006546342358398364 0.004653558390161336 0.003535304892441481 0.002925896992239206 0.002667390587820947 0.002681001142360284 0.002941291723199708 0.0034521052506830906 0.0042158675033045784 0.005190094079260344 0.006242221175284154 0.007141302660379617 0.007627395464425498 0.007540157594401392 0.006911648827172562 0.005941230627392026 0.0048786862770375675 0.003915220574864593 0.0031452088469561285 0.0025867794078876624 0.0022202843701904715 0.002018516754032208 0.0019637122747449723 0.002056432375194143 0.002322801084359069 0.0028253604257540824 0.003681904770837207 0.00509579139121053 0.007397630725622358 0.011086412676564565 0.016831668540014225 0.025361035543194514 0.037146484656428606 0.05189403989194165 0.0680754246408018 0.08296491375198786 0.09350873729597632
0.03870638512723804 0.02860117835032509 0.02013439702009706 0.013722410685335676 0.009240954082888756 0.006294123112497574 0.004442385079314976 0.003323370694368715 0.002683747829865894 0.002366085761148193 0.0022833839159100548 0.0023955229589449267 0.002689285995690835 0.0031578827988902377 0.0037762710066638005 0.0044759438945707495 0.005135054744223371 0.005603588310323633 0.005762569650262566 0.0055813805715590435 0.005129212035188332 0.004533685714164731 0.003922137951755691 0.0033840473336412477 0.0029649891844261617 0.002679845324317342 0.0025302344972290385 0.0025187146840978188 0.002659246547032836 0.0029865790239768414 0.003567950208872177 0.0045202421058384516 0.006034527292121698 0.008406000618512969 0.012057024948607315 0.01752151946447771 0.02533626677209 0.035787358639415054 0.0485362426907618 0.062311452335442816 0.07498217250815023 0.08420150678557467
0.036099312924652155 0.026742738822609743 0.018928815388702006 0.01298905308175638 0.008801357501050948 0.006014080163662891 0.00423601299561413 0.0031397200480251836 0.002491120781322666 0.00213995282187323 0.001998300785474128 0.0020201656744409584 0.0021849070197764143 0.0024826361615221037 0.002899014550579262 0.0033999011786144196 0.003921897080803817 0.004378298006723736 0.004684085928266157 0.004788724782822381 0.004695689688520442 0.004456109653647598 0.004143624939405804 0.0038284949900668492 0.0035635819658007754 0.0033833601650127255 0.003310696503528171 0.0033662921002006333 0.0035781874721092562 0.003991075844301268 0.004677318773611549 0.005751852271053131 0.007390938443208138 0.009850907474550055 0.013475382031393267 0.018666582523791893 0.02578522233593942 0.034954604655350344 0.04580413556540881 0.05728997565131102 0.06779153940413442 0.07557355368261279
0.03327364549385661 0.024733657277417966 0.017637957608005645 0.012226134087260372 0.008374302469098746 0.005775193832126114 0.004089269784805656 0.0030287953883005 0.0023837853085357345 0.0020157063162813344 0.001840337257597168 0.0018108080336499534 0.0019039718584910777 0.002109328576382739 0.002418699187788614 0.0028159656106721176 0.0032688799335305386 0.0037274923362834167 0.004132943673397428 0.004434640286903908 0.004607066316186264 0.0046566524808501425 0.00461598429966693 0.004530801629087967 0.004447708696437214 0.004407212681279941 0.004443162238533534 0.004589589981529559 0.004892029935411753 0.005411977394325312 0.006227080263689293 0.0074434257750081575 0.009215086145812075 0.011755206114131965 0.01532976567186663 0.020220962152384357 0.026640792166211485 0.034588282089998146 0.04368669029620596 0.053095671603171406 0.06161277366343819 0.06799621119805488
0.030457518157348793 0.022758519126673205 0.016399722310201904 0.011532097594591154 0.008029459906368603 0.005627929028814963 0.004040054317592015 0.0030196399551309385 0.0023833319686463964 0.002007022719429921 0.001812923319167588 0.0017561080891696373 0.0018135279244499182 0.001975341833491024 0.0022373221949259195 0.002593388155321011 0.003028663568753879 0.0035152017006446494 0.0040132247345661684 0.004478942521372664 0.004876234263326157 0.005186670838048445 0.005413280564017805 0.005577356657365251 0.005710557590525264 0.005843770328653464 0.005997109384455729 0.006197948379149481 0.006535019258824873 0.007146178425676777 0.008129938221972778 0.009541867169053309 0.011472009909251273 0.014078748865020137 0.017560870034675408 0.022105102009986704 0.027813041116478726 0.03460451428289794 0.04212435450768699 0.04971237988252973 0.0564965991204006 0.0616132105763664
0.027846151344970548 0.020965793414178143 0.015319075779441773 0.01097850717575004 0.00781596590281918 0.005607787597736719 0.004116022919121665 0.0031351520559853943 0.002508998566325757 0.0021292104040557714 0.0019261099671078695 0.001858534056312537 0.0019052649985436172 0.0020582304274689234 0.002316624699997565 0.0026810398004971977 0.0031473792569117393 0.0037015414566911485 0.004316932021639808 0.004956747576865024 0.005581133864783621 0.006156703746312494 0.0066644626918533545 0.007102742357722109 0.00748149047404464 0.007798535048521777 0.00800315243956537 0.00806457362886631 0.00819458733028075 0.008772872730845796 0.00998481960364269 0.011752475313223196 0.013969477050725205 0.016684007803788745 0.02004976207226466 0.02420610915865405 0.029196403082297158 0.03490835203429393 0.04103183934693478 0.04706317144592561 0.05238415755612993 0.056409094414425744
0.025580468487156918 0.019456727170450848 0.01446442203790084 0.01061151095104092 0.00776723790223604 0.0057421077288396394 0.004342514330261919 0.003400862957646605 0.0027873839116843552 0.0024099904970094513 0.002208344731714219 0.0021466360353214206 0.0022071860418573764 0.0023851942359544636 0.0026840153126705237 0.003110121863205002 0.0036672683081740757 0.004350308147090882 0.005140317696306299 0.006003356153847268 0.006894473375843801 0.007766399753078984 0.008579832553455319 0.009310197024632833 0.009940755342049511 0.010418420052870072 0.010586321332642656 0.010346642624116888 0.010096355703242106 0.01050412517180454 0.011872326600608829 0.014022513449604796 0.016595966972756514 0.019445917947523685 0.022671360614791025 0.026406180885278897 0.03068565541871405 0.03540519015884207 0.040314430012368646 0.04504160520634398 0.049158240601302874 0.05227617243272367
0.023749618470937373 0.01829286196214234 0.013875869341665762 0.01045888959416639 0.007907118098800809 0.006056102348696419 0.004748826395772314 0.0038516265391084796 0.003259857591629892 0.002898007051870646 0.0027163674556439006 0.002686399302503188 0.0027962510840565916 0.003046755045258362 0.003447370927949815 0.004011204463360292 0.004748458210495051 0.005658598596870488 0.006723006040336179 0.00790116299264957 0.009133325832571123 0.010350394186893442 0.011487956186198252 0.012497198355408915 0.013338005740724275 0.01392933478694817 0.014089753782282487 0.01373225986821346 0.013306529128838998 0.013565231270241411 0.01487417654668817 0.017048003903244773 0.01964609993249233 0.022407887107449845 0.02535964944927027 0.028608931694938104 0.032186592860374584 0.03600707993609669 0.039878343273096924 0.043533128797298766 0.0466797466142653 0.04906542404068116
0.022406995469058794 0.01751449554101774 0.01358177706069593 0.010541495519305695 0.00825631289969035 0.006576750853710572 0.0053717384918388995 0.0045358465680268925 0.003988124816888159 0.0036704503456882914 0.0035457768964405403 0.0035957344652253922 0.0038178340372180372 0.004222323626578908 0.004828048832055947 0.00565625214476496 0.006721536095802592 0.008020540467478379 0.009521136891979214 0.0111570260454139 0.012832569224212173 0.01443910624055978 0.01587781784123671 0.017078136798952596 0.017996561158454903 0.01858455438366697 0.018763279253985438 0.01854291246801296 0.018257977648892924 0.018459222631313065 0.01946360573939688 0.0211687368375345 0.02326952447111919 0.025564895633813603 0.028034346264759147 0.030718306946591414 0.0336123450885464 0.03663531825053062 0.03963796040348804 0.04242876994591014 0.04481027429874838 0.04661919883305074
