_RESULTS/REVERSE_NEW/Berg/IZ/2comp/Berg_IZ_z_90_kriged_reverse_2comp.asc
ncols 100
nrows 90
xllcorner 5.6208707817415728
yllcorner 50.959635321741573
cellsize 0.00013419651685393446
nodata_value 1.7014100000000001E+038
[rows 20 to 39 of 90, columns 43 to 85 of 100]
14.312001230220925 14.488430459159979 14.596126026518327 14.624670133483491 14.56814937011475 14.425002386780747 14.1976742862192 13.891504214284343 13.512648867243222 13.065833556436163 12.553171930608684 11.9748786095682 11.331860049982957 10.62935408044372 9.880239974920512 9.106548398435613 8.338225324190525 7.609292047652836 6.952727097246406 6.395961442167013 5.958440397277371 5.651584371699416 5.480413958444359 5.445629280688705 5.545083020327651 5.774079003030143 6.124491443376435 6.58320074882508 7.130702516304504 7.740841284546245 8.382314964862543 9.021914468372952 9.628696548968087 10.177855594733566 10.653201554512702 11.047744002226171 11.362566495865696 11.604630613810844 11.784260515017369 11.912900520902472 12.001467242289728 12.059370880692729 12.094121082427492
14.29317525630453 14.460843943082779 14.555751271449404 14.566959606116184 14.488971937617467 14.322024451402415 14.071804219886076 13.74771186783822 13.359687329549248 12.914897041391308 12.415873842930491 11.861038170477956 11.247589326058852 10.575899516897042 9.853896610873848 9.099694124289766 8.341176114704776 7.612394605820998 6.9480431292575835 6.378126626058732 5.924675974642753 5.601161144453253 5.413965407378083 5.3646089941775035 5.451485527703894 5.670393855638451 6.013773178859013 6.469108500049167 7.017385790012167 7.632619126442869 8.283195787558133 8.935089872933524 9.556166971873626 10.120293952183403 10.610065924821408 11.01756602191078 11.343305067531183 11.593992766994274 11.77993156457255 11.912669570565429 12.003266775539442 12.061267153671672 12.094296893524383
14.319302013877364 14.454533225789575 14.510008480636316 14.475550051704806 14.347786222337142 14.131092755159663 13.837076450017891 13.48157313182342 13.079911973605777 12.642445973021022 12.172096204570654 11.664721147519101 11.112254154319476 10.507813267858245 9.85129908785557 9.153555188870529 8.437378962169714 7.734752387369132 7.081257856385487 6.509884191458047 6.04650880664924 5.708230580293551 5.504228880806479 5.437853695972191 5.508540715668093 5.71263480196131 6.042889200450638 6.487038395064236 7.02630802931896 7.634905187231 8.281282253931868 8.931281880557194 9.55242776005665 10.11808360554232 10.610267814389688 11.020501647500353 11.34880903270644 11.601509793450111 11.788604244511559 11.921401148539763 12.010761223063053 12.066065512910882 12.094839560980182
14.38029373372146 14.455696035911295 14.440965258393224 14.328074077355993 14.118116412525689 13.822741477809133 13.462470819001512 13.061608843957575 12.641816782802712 12.216807307563627 11.789616840082875 11.352938112069106 10.892393644653284 10.392125393417516 9.841452672751284 9.240716702839388 8.604247545701222 7.959154941116299 7.340292210406091 6.7834170826773015 6.319204979743379 5.969968305827682 5.7493325819040955 5.663789532918543 5.714613105363534 5.898985070011223 6.209890609209061 6.635056107518687 7.155729269111502 7.7463148323805315 8.375653521787303 9.010076606010326 9.617554998365792 10.171729013999864 10.654651518335621 11.057633721706718 11.380294646529782 11.62842704798866 11.811452211176912 11.940102886433309 12.024709650313552 12.074215780492493 12.095867460012338
14.45386190630601 14.4405200184074 14.323025709006556 14.097350299416014 13.772454914525895 13.370975908238734 12.924847570912393 12.467715370465367 12.027367143078267 11.620291962604561 11.249133449025429 10.903125806238572 10.561340835969904 10.198360770033567 9.791540703860642 9.32829984281851 8.811276674022988 8.259381273086673 7.704159378401938 7.1828942630252035 6.731228695896206 6.377883302274112 6.142552771840462 6.036393066757972 6.063629704652448 6.222906331127304 6.507661781088077 6.905606318382894 7.39797011009257 7.95945237328533 8.559606809516405 9.165795638080983 9.747097178687946 10.278063325576602 10.741262955436163 11.128053382984945 11.437674535342515 11.6752342123339 11.849304583130403 11.969732966613936 12.046033415461958 12.086499351354774 12.098000049779456
14.510019150289683 14.380026339642656 14.128287068533062 13.758070822724704 13.290772533496451 12.763243528393131 12.21962481270982 11.701960687759174 11.242608353114965 10.85949315156828 10.554238050212861 10.312841569114347 10.108640700031136 9.907491737904941 9.6749469866498 9.384442514881513 9.024495537030969 8.602460331589276 8.143210357729359 7.683125254641228 7.261831265149034 6.914839638326464 6.669167920532498 6.542165804901466 6.542369846828971 6.670868964978209 6.9221603605411435 7.284280281616495 7.738674904100707 8.260594733723165 8.820658075460052 9.387702319145186 9.932387232211042 10.43059074127489 10.865675406110906 11.229147391705203 11.519802817783123 11.741874849916588 11.90283154506761 12.011376192375783 12.07600068063184 12.104244181377274 12.102621856391718
14.517620832704086 14.24627692697451 13.833475028455819 13.295249938312487 12.669864995227234 12.009424624327583 11.3686407331816 10.795229273559766 10.323418654478836 9.970663294683161 9.736959071308753 9.60589240859895 9.546985066197786 9.519656023470537 9.479415398522983 9.386187186231194 9.213168498728962 8.953425966076397 8.621598923570325 8.24983367378296 7.879553546258064 7.552360148738973 7.303139001519578 7.156680248627096 7.12724885301437 7.2196295870477485 7.430339645207903 7.74843760042163 8.156100197150858 8.62954258553519 9.140806604282652 9.660517493424226 10.16116399244559 10.620104720384369 11.02153833820564 11.357049655331659 11.624828902949364 11.828017818766746 11.972755296329858 12.06641774602118 12.116384804421452 12.129481802872192 12.112025756264904
14.450840629274776 14.01862249286523 13.427377730976305 12.712029362912503 11.929493984282379 11.145084375399469 10.42045687458638 9.805149554759439 9.331973699455832 9.015849677335423 8.85473202971524 8.831078613886806 8.913244560171117 9.057539914312569 9.212498354604001 9.326401955807476 9.357243656353145 9.282150049952797 9.102554097869604 8.842905818986212 8.543481311809531 8.250269784978565 8.005691506426084 7.842664293292284 7.782381176807321 7.834617029608809 7.999060835043021 8.266718070667528 8.621190681972783 9.040146062231786 9.497353633831414 9.965368787422959 10.418514560086797 10.835527903303884 11.201264946500094 11.507165037533177 11.750572491767027 11.933311834762597 12.060015925595662 12.13664895913629 12.16952892745803 12.164965518858045 12.129331998712336
14.29358411867544 13.689231146241019 12.916834917548334 12.033248623622285 11.111790795477441 10.226707848622107 9.44209690444655 8.805214566196785 8.344346853339243 8.07024195059757 7.978784765138585 8.052770113895987 8.262084521711815 8.563423629324529 8.901941284803502 9.21709001635931 9.452944591263442 9.570256141369637 9.555439999183452 9.422610040649511 9.20810750346359 8.960141931292398 8.727596030932002 8.551508459816509 8.460709642135072 8.470993283438055 8.586273167629365 8.800408446965651 9.099105060038568 9.461902764656276 9.864462851125257 10.281212005854371 10.688083276076636 11.064871891702447 11.396740649127924 11.674650742643635 11.894817145049426 12.05753484614956 12.165816289543336 12.224238093501997 12.238256749879161 12.214003729417811 12.158186501073622
14.042026971375584 13.26713663142657 12.328463099120071 11.302434569922314 10.273747225779744 9.320669633404675 8.505367966593989 7.86935120735833 7.4342649866990085 7.205981565820687 7.178767250520418 7.337088920681153 7.65444468518787 8.090636317283487 8.59052563887522 9.087647508450384 9.514212806808395 9.815353514515197 9.96205631030191 9.956943505495614 9.830797855450935 9.632305429570609 9.415475368683152 9.228855027492015 9.108966868576433 9.078095492583776 9.145010852776934 9.307020883102352 9.552366512029105 9.862656805496256 10.215391031274269 10.586595523520389 10.953395012573905 11.296164756406178 11.599913950567537 11.854736136501122 12.055423890554717 12.20055859577585 12.29148177695785 12.331514944925654 12.325596281234812 12.28011928685028 12.20235611638673
13.706663469819519 12.778887056250026 11.70443532594416 10.573243918353773 9.475892125854035 8.490229507565509 7.673046118767298 7.058046937496393 6.6596249045625235 6.479166579738161 6.510153627410167 6.739671834268525 7.145878813411276 7.693006810026612 8.327364388241087 8.97865627281017 9.569361626303037 10.03073056746219 10.31941060743937 10.427104799945592 10.3791473407136 10.224189981710543 10.02041886689132 9.822974595755603 9.675482275713563 9.606469423041384 9.6295372437198 9.74549509919445 9.945120942068733 10.211955326291625 10.525021389723953 10.861474236542888 11.199065682104203 11.518174438198718 11.803141173492476 12.042785244494112 12.230194080056132 12.362077591772001 12.438100420180334 12.460548779465872 12.434316169038526 12.366576936091183 12.265329481373326
13.31282447161493 12.264085388002558 11.09379003799694 9.898949685151969 8.771407174932365 7.785213221300161 6.98985317391759 6.4109179834688685 6.05640033873355 5.9244417515209795 6.008720751273498 6.299367433609728 6.779130505566289 7.416430165286168 8.159039311226891 8.933509297042074 9.654139250377328 10.240590947925496 10.637719473727708 10.828654998912787 10.835146386656413 10.706781871805036 10.505806190615749 10.293106537311921 10.118359419226005 10.015395098664596 10.001910987561343 10.08165358041291 10.247455094774299 10.48429542303512 10.772164177338466 11.088717604131572 11.411676126752443 11.720794760957428 11.99921013793755 12.234062043275234 12.416462350708771 12.541098283349653 12.605952481093139 12.612539385050628 12.566302484245865 12.475808920600638 12.349909766218783
12.896918167854102 11.767028642614177 10.54291527226247 9.323680346970113 8.199034504616325 7.237257217785931 6.480284388331732 5.946789930245194 5.640199171234813 5.55704226016464 5.692070313841248 6.038348867358474 6.582186618849516 7.294570656611847 8.123130212778266 8.990457995487732 9.803387396339582 10.472473362677933 10.934517191092496 11.168055370212329 11.194583385074662 11.066741173207893 10.851478377871032 10.614839639394045 10.411283676672047 10.278507792899157 10.237003785939704 10.292384818069152 10.438665624370433 10.661508525250946 10.941153100011142 11.255046974045815 11.580185620425368 11.895059976469513 12.181061005660888 12.423242362026816 12.610471689567296 12.73524296210365 12.79378999830478 12.787086844897319 12.721832677327146 12.608755018874717 12.45770901585249
12.498657457921897 11.327999076552816 10.08835484847353 8.8774977098677 7.780869686246571 6.860454597695302 6.15175028026078 5.668606372347385 5.412072158180621 5.378655837175683 5.564762984734519 5.965794088469669 6.569850525121492 7.347843776723625 8.24444953119092 9.176416842118613 10.043240799367762 10.74898656377956 11.226980626373312 11.456328558466579 11.462554738137793 11.303991109041611 11.053240791190781 10.781060962261401 10.545352063009533 10.385999059908949 10.324687891312394 10.367569955814904 10.508796045717357 10.733865604601132 11.022531809719665 11.351346904200316 11.695926399780323 12.03288552494804 12.34133170114912 12.603811045612135 12.806663972238619 12.93998740702611 12.998078734082716 12.981454277426272 12.898845955719827 12.764165385957673 12.58851691656124
12.152872898605208 10.977077727837226 9.753141783153788 8.575315678705346 7.523813852265544 6.65493377275537 5.999594859631334 5.569152624840193 5.364321515813729 5.382835674043126 5.622930456504141 6.081287522495115 6.74549470994274 7.583122190716914 8.532493691791247 9.502282889336433 10.384807109085703 11.080618899354615 11.524677743972216 11.702305518279474 11.647491523951212 11.426711535948437 11.118944869137806 10.79910219707094 10.527124979609862 10.343358803750828 10.269064552144313 10.309633522173494 10.458386764619197 10.699933789014304 11.01294290792345 11.372525412700222 11.75239030145805 12.126758915892891 12.471952056731839 12.76756531890638 12.997096000878974 13.148015212788758 13.212360544669385 13.189981695125761 13.092366495851024 12.937991573736806 12.739650921939601
11.883935675008354 10.731224231124411 9.546144243675869 8.418214787561409 7.422392592489577 6.610523412876619 6.01095256513853 5.634613602248994 5.483465012707412 5.557213341903964 5.855631285335072 6.3752052718123915 7.1003518907719485 7.991855499602615 8.97843608854113 9.95899267861252 10.81956137981126 11.46075269488518 11.824463804837109 11.907545383512263 11.756070190052977 11.446223126851946 11.063484135814 10.686059759675135 10.374447563849118 10.16780790082832 10.08555862123984 10.131302986339916 10.296862581194059 10.565519712919027 10.91452271303526 11.317228766982417 11.74512240075438 12.169691451740576 12.564078164631876 12.904496689898801 13.171242107490343 13.348924047226324 13.426926061544838 13.40382994048825 13.294284185020649 13.12307354189232 12.905495612920543
11.703380536253801 10.59389991521723 9.463137196793976 8.39545098768711 7.4610783128206695 6.708786499535376 6.16606215195876 5.844945232163765 5.7496049117917885 5.881897607642764 6.242362135085755 6.825476712143441 7.609759357148353 8.546150417749693 9.551464742550655 10.51444898249497 11.31693075039923 11.863710199735003 12.108664079844115 12.06425441146086 11.790490761533242 11.373475609757078 10.904611180987784 10.464220976478437 10.111822129590019 9.883937023482188 9.79707893464392 9.852459091753005 10.040156661891967 10.342081039959435 10.734054940556051 11.187628349904585 11.671965960045696 12.155711827463007 12.608655751238912 13.003321382633345 13.316440597374953 13.529533028262215 13.628995180506479 13.611206138394063 13.493687874305316 13.309369854864123 13.077474756754508
11.609889316860437 10.556157073725588 9.48847831923256 8.48616263698334 7.61548214483662 6.923294699966529 6.43741928637082 6.171868465189606 6.133335634608559 6.325444632869863 6.7483329030629635 7.392553375081127 8.228393736931528 9.194966752550169 10.196544534681664 11.11306758578301 11.82533738350764 12.246705967475812 12.347191157462634 12.156694958652176 11.748577669269892 11.217748230438238 10.660437346046374 10.157681267980488 9.766531350410801 9.519737569704395 9.43030361208072 9.496924993855126 9.708152858670953 10.044901071780734 10.481924303544208 10.989169207598087 11.533537975877914 12.080873327184667 12.597689305208782 13.052789479790697 13.41913015876427 13.674964809938054 13.803564589525344 13.798135169427283 13.67781832674037 13.484909530891088 13.24467026156464
11.590670954439853 10.598459410759435 9.596944007374116 8.66078358527546 7.852993114600307 7.219302835734213 6.788453955575307 6.576636457234245 6.592778782459321 6.841440717273145 7.321022799121306 8.016545541899152 8.888731109641304 9.864583133281656 10.837185323381762 11.680540128343061 12.278266692572327 12.556476084618188 12.503679140262793 12.165672407692899 11.62622306678236 10.987287145428597 10.348603274975027 9.790396416118371 9.365972202029054 9.103627805910731 9.01275237936766 9.089837449868606 9.32249200965473 9.691373365005566 10.170903349982558 10.729949073192977 11.333342801673036 11.944146043945308 12.525741991333996 13.043493620690718 13.466729122418508 13.770454620824605 13.934959417948999 13.949724887458819 13.833454170208153 13.637385918572885 13.395163814986228
11.623686878027755 10.693029096069035 9.755933007968952 8.88287167146399 8.134103307076376 7.554569580665527 7.173958795801777 7.010278865549722 7.073950920339718 7.369421611500143 7.89220980262377 8.620995536219626 9.507097473943874 10.467070776836314 11.385871430083402 12.135337351996498 12.606102579462586 12.7405486509473 12.544620764307401 12.074681141259942 11.42102712758627 10.69109771099056 9.986601226218655 9.385377406862984 8.936111976468323 8.662545128618106 8.570831506616054 8.655882736476109 8.905134243555084 9.299889790717387 9.815244325232758 10.419912483200376 11.077189161652608 11.747390347786377 12.390710370303495 12.969370038266298 13.449584276035099 13.803499036606198 14.008899909118549 14.051786184588803 13.948313325907073 13.75588594729524 13.51785569461503
