_RESULTS/REVERSE_NEW/Berg/IZ/2comp/Berg_IZ_z_1000_kriged_reverse_2comp_test2.asc
ncols 100
nrows 90
xllcorner 5.6208707817415728
yllcorner 50.959635321741573
cellsize 0.00013419651685393446
nodata_value 1.7014100000000001E+038
[rows 0 to 18 of 90, columns 41 to 81 of 100]
0.04531217306850868 0.0507465239431639 0.05697481630602051 0.06387446368831824 0.0711402091276656 0.07824793942340325 0.08447881131082305 0.08903371088922331 0.09122972732113138 0.09071253893021411 0.08758383085329502 0.08237300144569074 0.07586760633394826 0.06889146673316501 0.062127277403953816 0.05603142222730979 0.05083294541273222 0.046580703731869746 0.043203525207479526 0.04056254419508335 0.03848929827471368 0.036811667319656155 0.035372123954746405 0.034041351961220476 0.03272770256193773 0.03138123335110219 0.0299911889967641 0.02857742436489362 0.02717818364538003 0.025837567249467418 0.0245955114785727 0.02348168089869765 0.02251320035953369 0.021695237225616427 0.021023198575741 0.020485513700825506 0.020066339377784792 0.01974785647678408 0.01951204665323851 0.01934195416397463 0.01922248769438911
0.052486189176275524 0.0582960398925333 0.06461577028080465 0.07126613556337108 0.07792159294921461 0.08409736881813486 0.08918845124471361 0.09257566104061561 0.09378252746201535 0.09262755664043545 0.08929961808146253 0.08431336456747647 0.07836421047848643 0.07215231235944769 0.06624643986854457 0.0610204508320285 0.05665375361022868 0.05316749719109263 0.05047029095326909 0.04839911834294695 0.0467524624440181 0.0453187614778278 0.0439036305900655 0.042355686959554856 0.04058651515828603 0.038578698819453736 0.03637857582798254 0.03407598309357053 0.03177810448257589 0.029585683774927846 0.027577211225928676 0.02580248705201025 0.024283663588839804 0.02302054935226291 0.021997283077843786 0.02118853954013122 0.020564463940667715 0.020094215749299312 0.019748322298815853 0.019500119289409812 0.019326520228743475
0.06309468824328257 0.06939418342826902 0.07569653699786653 0.08175727336737938 0.08726035258081835 0.09182675171717253 0.09505717222239057 0.09661129463898677 0.09630493216233701 0.0941870764119179 0.09055742738267432 0.08590911841481987 0.08081825992444676 0.07582576808782344 0.07135194099387972 0.06765882966768375 0.064851036056418 0.06289580053759934 0.06164732140106881 0.060870389843319536 0.0602674447387429 0.059516467650012735 0.05832266453684502 0.056476218823815316 0.05389805795942108 0.05065424255255572 0.04693097064032298 0.042980015498175456 0.03905665854596843 0.0353714651365943 0.03206642819890817 0.029213812016572437 0.026829116563186168 0.024888960789646305 0.02334764616625258 0.02214967646164401 0.02123796337189429 0.02055859245747929 0.020063257514928715 0.01971027157333542 0.019464756409926703
0.07884234905635328 0.08585157649626377 0.09200145688425995 0.0969948968895688 0.10060601591229798 0.10268794104346564 0.10318369328317335 0.10214440749144633 0.09974763664925143 0.09630056831183126 0.09221559528691299 0.08795844516283234 0.0839834274698846 0.08067588265265532 0.07831504832099305 0.07705727818453974 0.07692949946703502 0.07782167539001665 0.07947464767763235 0.0814724272293701 0.08325990337597192 0.08420920201580136 0.08374151771216934 0.08147697494413371 0.07735266641093254 0.07164825915448579 0.0649005385009629 0.05774658624286437 0.05076670476268053 0.04438383864440556 0.03883550654731225 0.034199694561348665 0.030444285244335498 0.02747600038313252 0.02517721535013249 0.02342875647965606 0.022121585479373065 0.02116134945100587 0.020469068183274836 0.019980080472734366 0.019642395103587878
0.10206756142214896 0.11017455582937262 0.1159789871706941 0.11918001184917502 0.11981188490679702 0.11818799545694882 0.11480322837563593 0.11023658879498498 0.10507806858422845 0.09988344648771477 0.09514990379734867 0.09130456730204743 0.08870133186597438 0.08762270187550245 0.08828094877659878 0.09080843261584688 0.09522419516855804 0.10136726828700798 0.10880136460473501 0.11672364326726598 0.12394484041072028 0.1290220517563975 0.1305794597973014 0.12773693834266966 0.1204494093039325 0.10955723413419469 0.09650188472258056 0.08286083516177553 0.06993657492369726 0.0585513781381229 0.04905230750921567 0.041437558469129776 0.03550787182534185 0.030986659044230203 0.027593808427247027 0.02508107052489292 0.023243154569446135 0.021916468609792617 0.020973098265782447 0.0203139700763782 0.01986282038321081
0.13565315720693846 0.14553116632978802 0.1507347812015536 0.15105859046208467 0.147107575634357 0.14004066373687593 0.13122140796879408 0.12192672813400728 0.1131875637882578 0.10575565778846553 0.10015092688757514 0.09674216945881586 0.0958288982207752 0.0977059785077823 0.10269771129331212 0.11114361165701926 0.12330877863575411 0.13918832766070427 0.1581988782775392 0.17882603016721638 0.19842293711441228 0.21344809760619346 0.22032554446952385 0.21672132467732844 0.20258360346585208 0.18026023582947415 0.1535711605156714 0.12641445728902923 0.1016850842621829 0.08089821500931924 0.06439905950260258 0.05181349042189022 0.04246240666469338 0.035629275513768335 0.030688187881289918 0.02714153368874819 0.024612997791167334 0.022824829696492584 0.02157373127213682 0.020710782356679364 0.02012643004280615
0.1823868901676293 0.1951853191700185 0.19956035659323412 0.19554316783204762 0.18480427683430456 0.1699448361998588 0.1536530890280253 0.13811398675641332 0.12480130415887389 0.11456391487435999 0.1078486066076922 0.10493950083664458 0.10615815929294001 0.11201055880968906 0.12327531516672216 0.14100518768677964 0.16636863066527707 0.20021169322057716 0.24223482556494533 0.28986510188326453 0.33733111048675046 0.3759036469635603 0.39612183474602264 0.3915691584580358 0.36208981364260856 0.31409491821892743 0.25761420775884863 0.20217990969757563 0.1540582727033744 0.11575094618159909 0.08702846215061863 0.06631546942445303 0.05171711946234305 0.04154575953163837 0.03448913890291361 0.029597464530728937 0.026208044690333002 0.023865171237608795 0.022255418991128883 0.021161223479357023 0.020429556035755886
0.24334718423584364 0.260914505057395 0.2645374559773594 0.2545903913211819 0.23446197382664616 0.20900814383465308 0.1828442718339661 0.1593159581587462 0.14031899013447494 0.12666316726060717 0.1186029896162635 0.1163132151751368 0.12025236525907024 0.13144105872881148 0.15168352291296017 0.18369344384923045 0.23094758643978103 0.2968983233075498 0.3830680462700657 0.4859001193824475 0.5934889573213143 0.6850853074274286 0.736470656212077 0.7305813947002743 0.6669814740023359 0.5626131037386848 0.44292328304842016 0.3303350967878037 0.23763440386646048 0.1680568328395297 0.11897125032160612 0.08562432498819816 0.06339802760120744 0.04866977281825089 0.03888661916563756 0.03234813177507494 0.02795094713208198 0.024983521979724043 0.022983530667660023 0.021645611994332174 0.020763838802498442
0.3153257591174359 0.34026495610713947 0.34399404456681015 0.3271176664764035 0.29535424194355897 0.2567059820185211 0.2184030887381569 0.18524379454996745 0.15953133963328323 0.1419000719142039 0.13229872781391555 0.13078287600993718 0.1380985282055388 0.1561782917279625 0.18865933241589555 0.2413958438454029 0.32262361158038433 0.4418761198880029 0.6061711096070225 0.8123969405279097 1.037916455801092 1.2369744778366987 1.3525329966533712 1.3433595805494423 1.208936210246152 0.9908042498599087 0.748521292564254 0.5306137445194153 0.36058467090135965 0.2402645578524902 0.1603594676044122 0.10917702304432085 0.07688084283233082 0.05650262661638267 0.04352700888282568 0.03515669746389831 0.02968842613815892 0.026083743104528122 0.023700557782399673 0.02213279259199554 0.02111654318136025
0.3886360487199491 0.42381578742022835 0.42969698838706194 0.4065637500538388 0.36261783775599643 0.30961177295912307 0.2579753977552497 0.21426556670151026 0.18124376189434854 0.1593054554118808 0.1480347164496679 0.1473825473815119 0.15852898073991972 0.1847035286373533 0.23222090064840403 0.3117799359015049 0.43949616618561715 0.6358877508974516 0.9193115714187667 1.290347452781564 1.7100606368425717 2.08899055058154 2.310606040849133 2.290407915382043 2.030269787863455 1.6190319993903264 1.1775962682698708 0.7972147272173454 0.5147739459660039 0.32532272428921105 0.20616408835059785 0.13373700101933508 0.090193511897729 0.06387301091339026 0.04771995048318651 0.03761575282009709 0.03117958149077736 0.027024423093327907 0.02432616284477808 0.022581368101716404 0.02147234532175484
0.44796881906094205 0.4952894862947222 0.5063192753315999 0.48004778270903165 0.42642404267843326 0.36073799831162645 0.2967671113533371 0.24305718525548056 0.2029954765021191 0.176829512703829 0.1638238299833156 0.16385359299274535 0.1785753415308944 0.21263064711727667 0.2753362687166066 0.3830537528266034 0.5615568928807223 0.8455204939420622 1.268754270280835 1.837859868251502 2.493212001473122 3.0878437251751256 3.428311971714473 3.378223583720193 2.949534677724488 2.297111549635177 1.619845300980805 1.0574452866821074 0.6564741416197092 0.39869507868211096 0.2432369133111296 0.15242207695404714 0.09974863921583062 0.06889110127407302 0.050449900367027095 0.039166831131744684 0.032111435656886615 0.027629384893777555 0.0247640247574401 0.02294437489598622 0.021816977028522113
0.4777202348378474 0.5367000415616552 0.5556875778316276 0.5314009992833256 0.47390200657585907 0.40065391149745255 0.3281525787306255 0.2669140592024276 0.22120441972694346 0.1913906011006024 0.17657739121315164 0.17656784300701373 0.19329798335911844 0.23233129616064174 0.3050208993139747 0.4316452501394441 0.6447066954061634 0.988623761622064 1.5071651214786668 2.2085882714589684 3.014284355876231 3.7335410916632985 4.122237587078576 4.019354568337972 3.457524940239361 2.643608887543018 1.8256076686957858 1.165819689153333 0.7082901106271516 0.4217132648132808 0.2529124333060593 0.1563026209369884 0.10122323048902891 0.06940688487515444 0.0506089083088182 0.0392176235331611 0.03215801408891544 0.027717703639181072 0.02491741764050348 0.02317786436740368 0.022142710777428045
0.469392919781999 0.5366589449396869 0.5648255271455173 0.5478816545745806 0.4940534023312287 0.42073866354777645 0.345704999234444 0.2810098638425427 0.231994757957719 0.19950022565628414 0.18269257338342024 0.18124152764117438 0.19687570921375183 0.23488763219102335 0.3061899914499911 0.43016855446935687 0.6373940067546776 0.9683542756563026 1.460024640870543 2.112029404225336 2.840840645453178 3.463931266595146 3.763213860240015 3.611624714912922 3.0622132251333567 2.3139652876032155 1.5855072331486295 1.0094217588625138 0.6144859876562375 0.36830107146931673 0.22321924103461563 0.13981700286041931 0.09193903069606454 0.06406316161229977 0.04746982397986857 0.03735878805463923 0.03108150240129782 0.027151589428005978 0.02471221905107133 0.02325243450611969 0.022455052419481075
0.4263478342820841 0.49653333106740477 0.5327891861488614 0.5266610103360876 0.4830735624333364 0.4170743708926473 0.34586272550188224 0.2822185622040766 0.2325386329992512 0.19841703642924632 0.17927968607676653 0.17456012032513896 0.18518937710703742 0.21479522353726765 0.2710436386597142 0.36718635984223597 0.5229242817990923 0.7618308921343466 1.1005534548347526 1.5268392066627048 1.9752301493698772 2.326833252103454 2.4564522684964736 2.307402455655348 1.9318529202005872 1.4568628108561272 1.0079249359977924 0.6554328103872195 0.41164506139403123 0.2565114110508644 0.16243292869867687 0.10653748490196191 0.07334143643163418 0.0533861489972157 0.04117963113456803 0.0335928924134682 0.028840386090170374 0.025887773592888633 0.024121260179186314 0.023164998516994356 0.02277942673908525
0.3623121228848895 0.4299174767342277 0.4712543929993738 0.4763256826593225 0.44628775182775604 0.3923453126184282 0.3295503899903066 0.2704460126768329 0.22221214800961808 0.18729127034469006 0.16549909006495828 0.15599889760457936 0.1586155557514667 0.17463400823469816 0.20733269960022865 0.2622504407051458 0.3466834370020672 0.46727709211974233 0.6244531232105255 0.8042782570131299 0.9730528237666239 1.0835653143418371 1.0962613439611395 1.003040808196298 0.8333075346949163 0.6361359589627549 0.4544637263473659 0.31072333520556245 0.20820815149441518 0.13985161859786438 0.09599453961680761 0.06832610161598147 0.050909821585080235 0.039889059330718325 0.0328757267585812 0.028419972220314404 0.025643232522549318 0.024008133765619673 0.023180421102375077 0.022947014238229282 0.02316648336996241
0.2942456710797313 0.3554421020458155 0.3982376789902961 0.41219693500503946 0.3952172075414367 0.3543197853919596 0.301577793434414 0.24854423346666266 0.20279859594558863 0.16756485550237524 0.14313092561087623 0.12852371065274956 0.12267669297715926 0.1250130288058996 0.135603084312122 0.15499282029359304 0.18365269840648143 0.22094064656649942 0.2636970445332465 0.3051954913302678 0.33577175281247174 0.34600437218725405 0.3312658397404645 0.2944599074378905 0.24458645975290444 0.19222737054421055 0.1453522124797847 0.10773692802731796 0.07973530980033942 0.05988913747414473 0.04623831332049246 0.03701238808160297 0.03085361114895234 0.026805118315600247 0.024222147902642096 0.022679954527191185 0.02190189355605777 0.021709334479846288 0.021988200167421545 0.022666113437584245 0.023695198362248253
0.23500387706887768 0.28839779259097925 0.3298010714162957 0.3491661474103008 0.3421324632146032 0.3121358658591983 0.2682943624320784 0.22088116556052342 0.17759855126408602 0.14233478044862083 0.11590340307271699 0.09743312069288959 0.0854919235969869 0.0786911621323384 0.07587412645272605 0.07606263981807695 0.07829511291513173 0.08145985136486085 0.08423280154400337 0.08522187861929496 0.08332787766925703 0.07815586490094638 0.07019738784735906 0.06061944241574959 0.05078076719944038 0.041775175125122736 0.03421867147646432 0.02828519364559471 0.02386474413042357 0.020722830794340962 0.018606362733907734 0.017294439067049857 0.016613033067060287 0.016432326465173643 0.016658747339976077 0.01722762939673828 0.01809838501413162 0.0192517575429399 0.020687532459919448 0.022420688928415845 0.02447406704754651
0.19065829598887443 0.23688906848805852 0.2754608341690591 0.29701910379999374 0.2958935290585455 0.27298021770912945 0.23512441201270648 0.19155715168176782 0.1500733598678757 0.11512526652555323 0.0880115472179741 0.06807236807149093 0.053857010598447906 0.04384364892550131 0.03674298054298772 0.03156039563488872 0.027564002769449102 0.02423943665417076 0.021258911116385632 0.018459297755936167 0.01581182316694456 0.013373681557777583 0.011230280482271645 0.009448349876951865 0.008054464794395397 0.007038073646996247 0.006367377230812998 0.00600611824759324 0.005924953610665551 0.006106322217011658 0.006544162038475667 0.007240263113013541 0.008198970596567476 0.009422158625703022 0.010906697823411488 0.012646287165693344 0.014637990376734545 0.016891520142759235 0.01943746371145099 0.022330178231060406 0.02564176098430373
0.16220972603344921 0.203045326676004 0.23856134022746858 0.2599377173412369 0.2608293375781462 0.240712081219717 0.20523597417597075 0.16325354411624285 0.12283276940567274 0.08883545256104845 0.06277182958954687 0.04397286238072705 0.030884331079526664 0.021901183107363158 0.015722331006688746 0.011414363806488517 0.008353895880932207 0.006142117247741493 0.0045284053567355865 0.0033526433013996637 0.002506448950008512 0.0019105613094312888 0.0015040396060699587 0.0012402961651515009 0.0010858959725608055 0.0010199529661910679 0.0010336282627573246 0.001130027811286871 0.001324784925458383 0.0016471072967117844 0.002140301331697724 0.002860067783020775 0.003868868472066505 0.0052262696151984716 0.006978408117727258 0.009152660909472983 0.01176308029317996 0.014827036539938738 0.01838674869126348 0.02252551956291824 0.02736886692813162
