_RESULTS/CROSS_VALIDATION_POSTPROCESSED_80-20/MHZ/GZ/6comp/3/MHZ_GZ_z_90_kriged_reverse_6comp_spherical_3.asc
ncols 100
nrows 74
xllcorner 5.5967023332191781
yllcorner 50.982320383219182
cellsize 0.00019249356164376555
nodata_value 1.7014100000000001E+038
[rows 0 to 18 of 74, columns 0 to 43 of 100]
1.829564530895141 1.7674601723679788 1.7121359549349402 1.6679707491953268 1.6403256444083965 1.6339910980367092 1.650281417072981 1.6859925477914144 1.735493583240442 1.7746565540712225 1.7889942865061643 1.7783946403510342 1.7448274301045463 1.6918464212388709 1.6240731508750792 1.5467163777798174 1.4651586641029422 1.3846236674639754 1.3099167905344835 1.2452107518542284 1.193855854264274 1.1623425429075986 1.1549679507962793 1.1725963696535462 1.215666019701111 1.2829127299365786 1.3724173909129864 1.481563313474019 1.6069028474983598 1.7439830025988214 1.8867707818681274 2.026366735751543 2.156204451212789 2.269387531860866 2.358260029898407 2.414774930925386 2.432631418667181 2.4359327136075875 2.4334003120815852 2.4245600893828927 2.411919559916175 2.3959058268928373 2.3772242111454474 2.344352368022527
1.7868608958094525 1.7169418670708056 1.6523691504293927 1.5980604969553707 1.5618881992977587 1.5532449751609714 1.5751768925000897 1.620627041103107 1.6748625184112562 1.707743033416111 1.7138147602264102 1.6934614886667854 1.6492843524464589 1.5854278436409976 1.5070018887637888 1.4195890848615424 1.3288487606392825 1.240225132843184 1.1587471770142284 1.0888778981328169 1.034337881707283 1.0003752122692386 0.9924655545980994 1.0120203250890456 1.0587724607364717 1.131338133026353 1.2277563768580557 1.3454838064182177 1.477132870683724 1.6162515153712265 1.7593275212575044 1.902153709548852 2.0396293776782985 2.1655813995546156 2.272711209515303 2.3527957551461065 2.3972430777504035 2.4132131862561508 2.425433634889325 2.43118131621238 2.4265795496814078 2.4085221854278887 2.3847075568503633 2.343427232043612
1.7554951505388536 1.6787150223311194 1.6048554094679972 1.5379626267077313 1.487608324333967 1.4741299146281204 1.507007329766335 1.5665760642476125 1.6225086295174538 1.650651499967318 1.6493642492629284 1.6200408548528624 1.5660846357711837 1.4922447440764404 1.4040617037152732 1.3073995962065237 1.208084632171601 1.1116672202103177 1.0233045050892973 0.9477198619228484 0.8891237211331128 0.8525198068427516 0.8441275567007609 0.8655751998954143 0.916069674232797 0.9938284550730555 1.0936155926810267 1.2068599806012166 1.3309119685767692 1.4632500970510463 1.6011762116997774 1.7415657280003276 1.8805291883825541 2.0130366530756776 2.132608377619696 2.231258413395554 2.2999327340106306 2.3338459082878447 2.360712073272303 2.3836663340612483 2.3986280992169693 2.4014452855304604 2.387992727809373 2.3414758811846212
1.7385966533949269 1.6575804669392287 1.5772261542848474 1.4990564013461636 1.4271310604404261 1.3988165599745739 1.4578633545291815 1.5325660998797153 1.587133046394568 1.6097084868414337 1.600629103736442 1.5623797628324456 1.4990673042285976 1.4159125422245002 1.3187514971274539 1.213595213106466 1.1062959470410745 1.0023558305624645 0.9069001684768103 0.8248042921654801 0.7608537656487246 0.7207153362080413 0.7115961268422656 0.7352851896535598 0.7901305736120745 0.8671254923048732 0.9593583142981964 1.0638391710021557 1.178150736308109 1.3003318660569256 1.4286282649052824 1.5611581182962706 1.6954794856015816 1.828055731033987 1.9536703819086922 2.0649805695112575 2.1526204193049683 2.2066603479189486 2.247161332315484 2.2863836705174942 2.3204590272735746 2.3451112649279007 2.3557507058327065 2.3317462566123317
1.7381839841503512 1.6570586748750986 1.5765275384122521 1.4980079480293853 1.4250885995280076 1.3954104705207682 1.4564189169204467 1.5289761172455598 1.5755541494783285 1.5892965694301515 1.570939027393066 1.523319189212143 1.4508382297342466 1.3589290837656955 1.253538139971159 1.1406728749687953 1.0260645119153042 0.9149894557565689 0.8123002772808134 0.7227351630806531 0.6515361550268551 0.6059377206806368 0.5954219010903347 0.6222119743384397 0.6761511074896681 0.7483558633530548 0.8336927151333877 0.9287622772416234 1.0314788433185744 1.1406114814898873 1.2554268839304945 1.3753340907995741 1.499435966698595 1.6259235839768924 1.7512729638161948 1.8692671736471205 1.9702491129208535 2.042400595517888 2.0947793598790088 2.148621830863336 2.200782774888325 2.246816944053136 2.28153491895382 2.2864084975399974
1.7543098994807846 1.6772465262562666 1.6029733024074073 1.5354382713342671 1.484179189010945 1.47032594883796 1.5039983730532007 1.5574992755803567 1.5892139826571172 1.5908178588528559 1.561729366818548 1.5043456718692716 1.4229365174939774 1.3228902860272405 1.210095561655986 1.090435267262942 0.9694120841220488 0.8519348048824424 0.7423188849994793 0.6446364250925897 0.563786741532263 0.5089057977412901 0.49525722321876314 0.5227758495470027 0.577304416107407 0.6470105406285285 0.7256641321762477 0.8103317416532391 0.899698351421698 0.9933971776181331 1.0916893316449479 1.1951813753149245 1.3044403181558426 1.4194271015661195 1.5386660373730199 1.657885152580912 1.7674202810928887 1.8519395280793636 1.9141673163385216 1.9806676264365608 2.049709379267748 2.1162958403133687 2.1744645727165866 2.209147014142788
1.7850361386895677 1.714747924077531 1.649707139698213 1.5948327663176929 1.5581279847302434 1.5493294721800592 1.5716320396157248 1.6082674802163952 1.624366587903347 1.6129445311329826 1.5727865469896674 1.5058230858921007 1.4160541346554132 1.3086980291784314 1.1894971085479247 1.0641596858982667 0.9379406616447422 0.8153687842401351 0.7001374820136921 0.5952249740746584 0.5035798192216152 0.4327200894654374 0.4073811181646592 0.44343901718020473 0.5031933010185328 0.5703108140694954 0.6408280244023633 0.7133816563937952 0.7876514909369402 0.8640713009893376 0.9437224475939205 1.0281789971617237 1.1192143703446928 1.218319764953826 1.3260152729426438 1.4408856767220093 1.556635403124929 1.646059503450106 1.71473822231754 1.7928819964145162 1.8779742782410829 1.964119865765299 2.044658295047856 2.1082499730595
1.8272637816154618 1.7647736485898653 1.7090189422036464 1.664418567406181 1.6364402178829267 1.6300207764792678 1.6465225835090802 1.6721150864265648 1.6758394881024472 1.6529943011907724 1.6028511967649217 1.52731199912072 1.4302384584562047 1.3167048857309194 1.192315581091552 1.0626359923466058 0.9327564119930505 0.8069926864959949 0.6887186043520136 0.5803165430067047 0.48323549309941605 0.3982887670136238 0.3476610703515923 0.4042511989183548 0.4630273763831667 0.5222537416340175 0.5810987158112689 0.6391913231809718 0.6967437916655641 0.7546491365158335 0.814511470349648 0.8785680185862219 0.9494508240170483 1.029734190379456 1.1212338715015855 1.2239957357986693 1.3335615643397654 1.4262139862580194 1.5050215200813946 1.5959560550487448 1.6966114960482888 1.8010706271827053 1.9024350216083266 1.9895951272601933
1.8776653686661433 1.822924701104301 1.7754065609010432 1.7386638302795177 1.7163772948601757 1.711362790582287 1.724330734613997 1.7436769622243626 1.7393211799183361 1.708067552967628 1.650147773588896 1.5678161476699786 1.4650075579950559 1.346762489934752 1.2186076376006931 1.0860484695559878 0.9541802247665719 0.8273717144792445 0.7091817997843588 0.6025358098781064 0.5106598515173674 0.4362634057261697 0.4014438608148172 0.4197561651339596 0.4587296240603971 0.5019629430069305 0.5449553455838462 0.5862999263301899 0.6259266634618657 0.6647533753540229 0.7045955431894224 0.7480696477988706 0.7983662161681806 0.8587813500536717 0.9318906139041393 1.0181489820280274 1.113476342571338 1.2075949424279946 1.2979931388500499 1.4016247908112294 1.516566415733422 1.6374841657893497 1.7570012720246695 1.8591141731960927
1.9331968109143824 1.8857048248971318 1.8452558864175235 1.814632684714838 1.7964014214977828 1.7923400078348508 1.802874699412521 1.8195073917430027 1.8114006891277679 1.7753578202553633 1.7125842865565055 1.6258108671365412 1.51911012985352 1.3977057849884835 1.2672485372779083 1.1333284005553725 1.0011192713154118 0.875187118954439 0.7595180624463518 0.6578923539572843 0.5733369742953296 0.5066226374978334 0.47001780823838274 0.4657196327696863 0.4811363339413035 0.5042150069959036 0.5286528707065045 0.551771107348422 0.5728979769681659 0.5927228256472292 0.6130550721566975 0.6366882284757003 0.6671903652761445 0.7084483163455871 0.7638023195745366 0.8346769612779152 0.9190382040931392 1.0104368233064285 1.1074345312717433 1.2208923958024942 1.3476054749905702 1.4824441798592638 1.614526490463333 1.72875157394821
1.991218443441493 1.950339052894045 1.915938920363313 1.8902418911999348 1.875130999561174 1.8718175368166814 1.8805598297789519 1.8966291388990248 1.888945461917038 1.8519077443642742 1.7872709863197123 1.6984536362012317 1.590081544931389 1.4675605435637746 1.336636261178227 1.2029848585942864 1.0719090405513994 0.9481906366303829 0.8361452411113135 0.739939071581017 0.6584606051570612 0.5917356435022159 0.54743612234972 0.5259817604479693 0.5205781737357725 0.5232123535860542 0.5282081194423341 0.5325712225815775 0.5352288513947381 0.5366130468268703 0.5384176508526599 0.5434835242512468 0.5556672292080583 0.5794620532146676 0.6190966046255431 0.6770332149732949 0.7524420414053369 0.8401894884542451 0.9412513368083217 1.06153543971438 1.1971531364491785 1.3425382423199699 1.4832202356162492 1.6079564857966622
2.0486778401402566 2.0136385811180157 1.984421624299632 1.9628219030416534 1.950277185990697 1.947669864001329 1.9551746964247267 1.9713458984758254 1.968145524063436 1.9335876074394691 1.8703964944085536 1.782657240743673 1.675327602455705 1.5540040580644356 1.4245576651520528 1.2927708821586639 1.1640649252285116 1.0433590802739827 0.9350789629804435 0.8433758861263421 0.7607851789033735 0.6893604112284977 0.6345266968641681 0.5969074768848516 0.572290781033367 0.5551453215547082 0.5408684932486667 0.5265750601009975 0.5111782384829012 0.4949472319922407 0.4793959107521591 0.4672927603288915 0.4627131311590629 0.47087294161706056 0.4971362162292845 0.5449115287498066 0.6136698983709623 0.6986031366340093 0.802931425746084 0.9279604254179232 1.0700302173284688 1.2219750930466584 1.3694800393943078 1.5029779813186555
2.102936126388826 2.073240496072761 2.048623092636201 2.0305677371491098 2.020215944002777 2.018242964289245 2.02476958844746 2.0389596953698708 2.0433924429619013 2.0153877853566278 1.9577617480871445 1.874672297828852 1.7712989873297982 1.6536469520351211 1.527721471624168 1.3993951722207223 1.2741648827950365 1.1569931768739705 1.0523269432020583 0.963994445109804 0.8783204651333679 0.7995695577963526 0.7325296695982275 0.6785352980822482 0.6352105909244901 0.5986859365405495 0.5654143619333496 0.5329449623010246 0.5001281031094751 0.4671977163537196 0.43546495075631353 0.4074306088727348 0.3872073696806653 0.38094482598228896 0.3959336941631913 0.4367571674400015 0.5019246498497956 0.5865500791839728 0.6937993995713126 0.8223011457934252 0.9689670893926938 1.1247937762140527 1.2777994362458507 1.4199747123293538
2.1521763125920113 2.1273985909972306 2.1069259997406746 2.0920150363928114 2.083602758026919 2.0822254198126235 2.0873763950798594 2.0979133583309375 2.1083464959099496 2.0900218037595697 2.0415736133276736 1.9672672104944233 1.8720992813440387 1.7615540152110545 1.6416269306827214 1.5183990971928774 1.3977413707918334 1.2845896099387284 1.185158319663483 1.099520975780071 1.0100377655382011 0.9227746622761709 0.8427714250763961 0.7721045765050457 0.7102108996990762 0.6544851447463234 0.6023805542397518 0.5520827833171439 0.5026531061311825 0.45403977175155236 0.4073201726641218 0.36446298077499634 0.32904187838483157 0.3080548210458822 0.313024740910808 0.3512103405688435 0.4168831321273857 0.504219717077674 0.6143455623704618 0.7454560320538137 0.8951019411879871 1.053899356463439 1.2127937014661299 1.3627652473122858
2.194730870183693 2.1745007012103637 2.1578066783425274 2.145679130239343 2.137548255946094 2.133632195704811 2.1340677760636617 2.1392906648106944 2.1492442582335918 2.1433831242650236 2.1075322368616742 2.045842657019826 1.9631297560781218 1.8646225554827807 1.7557104782867903 1.6420471590062573 1.5288194573568838 1.4219130105591886 1.3301177044374368 1.247740734759901 1.1563328855296893 1.062386277886432 0.9709835946131266 0.8845950933603153 0.8042721101385584 0.7290612581703593 0.6575430425111833 0.5886823058472549 0.522081092510938 0.4579845527905872 0.397203803521423 0.3410562032107001 0.2910942896505787 0.25260067971947153 0.24607478599260385 0.289675804862805 0.36074708958567564 0.4524852626408413 0.5649419485747893 0.6977450612640256 0.849571231644582 1.011850026602883 1.1757590634596826 1.3322756288403124
2.2290597301395616 2.213042196918098 2.198242314798937 2.184381019032104 2.1730745141203207 2.164768450764107 2.160264168316242 2.160158714860345 2.164608097090352 2.1690863484743717 2.148651340672079 2.102646961868514 2.035562283218388 1.952258390708922 1.8577356126104883 1.7569168793514869 1.6561259442182952 1.563818505475596 1.4859620753156904 1.413279868765344 1.324429368051928 1.2261625491223076 1.1244030591492231 1.022882107357748 0.9238426586042464 0.8285566362614174 0.736930613852069 0.6489221734040405 0.5648086269836744 0.48520060788735075 0.41091587108504063 0.34289381701071553 0.2819385397952876 0.22831111815539507 0.20158221306860744 0.26369786441527193 0.3393448189592331 0.4328410990599553 0.5458924769194469 0.6795959272192797 0.8340232315481095 0.9998911358155618 1.1686480413407747 1.330992227840584
2.253541845161392 2.237770597465628 2.220425395149272 2.203548929882806 2.188247968855318 2.1752495690258393 2.1656786680866102 2.1602524534077494 2.159276170857021 2.162648321932823 2.1591382987311474 2.131096345808886 2.0821330888389578 2.01661578479207 1.9390447039778758 1.8557136867786528 1.7765014708977356 1.7079300133730662 1.6515993330212024 1.5966708114149655 1.5152546712901678 1.4158551336802663 1.3059789328055182 1.1907058160697461 1.0736363974070962 0.9578458011070203 0.8453367522416461 0.7373451749070891 0.6351301327841407 0.540006928343141 0.45329987711312386 0.37637180038182155 0.3112153393914604 0.2627204565037924 0.24978962027023843 0.28721940774684895 0.3554596884337641 0.44612031161088295 0.5587378410299403 0.6946998523457499 0.8529195310855003 1.0236391404050058 1.1980774561589629 1.3664963710158815
2.2620076766610717 2.2436946736426546 2.223369280801303 2.2029416471788332 2.183119736316603 2.1652370161688568 2.150518322517061 2.139807979414207 2.133558826422358 2.1318222794204678 2.134192446534547 2.125414664781323 2.0961940988283927 2.050574590098786 1.995320983693994 1.9405737930436924 1.8918539876864138 1.8509283531716123 1.8196945041186063 1.7892287778867033 1.7254079905941535 1.6313423621667502 1.5173325378025424 1.3910364363424508 1.257750549596641 1.12193729627123 0.98796800660075 0.8590646817180901 0.7378202756573247 0.6265989325308629 0.5275799906097078 0.44298541838086647 0.3759277357649375 0.3319851370764446 0.31968057819140694 0.34597807112262213 0.40597975149278137 0.4930286079529782 0.6057159809039958 0.7444510488516074 0.9074209277262133 1.0841316937485497 1.2650942610653608 1.4399806739983427
2.2522013118517514 2.231008497140235 2.2073553707863054 2.182807151103794 2.1582654566685595 2.135377689197519 2.1154798271142345 2.0995536848476086 2.0882080812871653 2.081650222398156 2.079655504461673 2.0815483058511814 2.074902341526038 2.0560236300781143 2.0346731856774367 2.016307142912812 2.0018098168482004 1.992089992103331 1.9886175443158418 1.9866598053090692 1.947436392799977 1.8686822242010441 1.7577138742894387 1.6249672615283213 1.4784601377988893 1.3246301181563105 1.1694481918446262 1.0187918030858305 0.8772751047051167 0.7486052819370597 0.6359405632792504 0.5421091588881338 0.4700818804611509 0.42369438359719463 0.4103070116841372 0.43198728754737836 0.48690644868109434 0.572337444996286 0.6866226672024078 0.8292836812583422 0.9982850883727684 1.1823377783701141 1.3707234329172902 1.5524106489249703
