_RESULTS/CROSS_VALIDATION_POSTPROCESSED/MHZ/IZ/5comp/1/MHZ_IZ_z_0_kriged_reverse_5comp_spherical_1.asc
ncols 100
nrows 81
xllcorner 5.5967107548124995
yllcorner 50.982328804812504
cellsize 0.00017565037499993607
nodata_value 1.7014100000000001E+038
[rows 18 to 35 of 81, columns 40 to 79 of 100]
0.0018264421379521384 0.0020733441659625818 0.0025770981203846557 0.003489920981388255 0.005104366688117221 0.008089539507975252 0.013697002042401514 0.02426565004933983 0.043638475634118656 0.07479336898649279 0.10513305510596192 0.10767999556614155 0.0920618476159187 0.07406838012211053 0.058382202051915716 0.04526473476711717 0.03501609065332299 0.027723505509264324 0.02255687274504052 0.019029465332074027 0.0164603080344682 0.012867035634383807 0.008393299986023048 0.005521452392745825 0.003769651437768173 0.0026914913512109473 0.002022469570724242 0.0016105063592054992 0.0013284688126249595 0.0011078990189788587 0.0009396611049997897 0.0008151683278785316 0.000726666543495577 0.0006877666319152674 0.0006916012751720479 0.0007367811085368906 0.0008289667283915748 0.0009816452827036345 0.0012181468591671598 0.0015513994277567401
0.0008759049830472468 0.001062581847512627 0.0014151957462952324 0.002060132699200301 0.0032461146230915255 0.005552954059955945 0.010194050899786441 0.019777352045524228 0.039929840970639986 0.08205200591450074 0.14289312649343464 0.12470932814386348 0.09841509346351811 0.07734604878225568 0.06086603572990171 0.04732241127798057 0.03594608843082294 0.02834152448192482 0.023162832440238888 0.01935161028457411 0.016025173689432678 0.012392097436673485 0.008793091796392254 0.006064784273923605 0.004234030680495497 0.0030460144375849168 0.0022823175841549612 0.001797204911946582 0.0014600143946786905 0.001191847226393039 0.0009842132541730835 0.0008282513105422103 0.0007339256276077716 0.0007059148684192446 0.0007259368710454849 0.000791780835792506 0.0009133212349669924 0.001110635994444279 0.0014175540278759606 0.0018590096070227144
0.00037699176476380526 0.00048664471548314343 0.0006957277715543702 0.001090558397976469 0.0018462136877945047 0.003372345908810113 0.006570616395894101 0.013428350883262604 0.028264712638788818 0.059201803244708216 0.10099622569515254 0.09838086148494232 0.08229445826816773 0.06736167440276972 0.05476691326393654 0.044114693841028604 0.034873996064827974 0.028130071799371555 0.02326710375758401 0.019407342460546987 0.015922688195949247 0.012503821580565816 0.009336424535231131 0.006768851468304329 0.004889053240206556 0.0035845299693829445 0.002703661218059899 0.0021215328673554108 0.001702298503073931 0.001362800523971579 0.0010971070980762404 0.0008974556604728993 0.0007804686453432974 0.0007358826773543425 0.0007563097186881251 0.0008429689602456034 0.0009958252511672425 0.001242198923974934 0.0016282219018238565 0.002194301408394185
0.0001479714070199189 0.00020470281321753034 0.0003144007486525823 0.0005310401074715648 0.0009623664425741009 0.0018539879551906354 0.003749116339577896 0.0077735394314830016 0.01599243221139494 0.030616244228521026 0.04800504487127342 0.056510350113107614 0.05519023424984409 0.04975638216342193 0.04434384114505847 0.03879427688951479 0.03273779873876139 0.02736494672152542 0.023214524788931323 0.019696865638661555 0.01642669116082762 0.013266124145500425 0.010332759944228227 0.00783160928890628 0.005864746815941062 0.004405456084511689 0.003364515136905239 0.00264498035661191 0.0020988695062771983 0.0016490927313112288 0.0012947829125890546 0.0010326088251738023 0.000878930780432643 0.0008092302540866784 0.0008109925019169033 0.0008900889866446346 0.0010697866513550982 0.0013661339511749685 0.0018331849044786735 0.0025303495328761493
5.371495218359765e-05 8.093597722965802e-05 0.0001350409342815192 0.00024644978050632606 0.0004768457951249755 0.0009587584300877333 0.0019807234447023966 0.004091550211723763 0.008147006797261339 0.014817177313101542 0.023061705818309002 0.029738144715583868 0.03286577218728881 0.03396999352754508 0.034136084672258316 0.03279096957423712 0.02993541691678736 0.02633384341210695 0.023255651783467755 0.02042132746925674 0.01761116122643097 0.014769601957741268 0.012003258387194354 0.009490500543550806 0.00736788008225501 0.005681957681142682 0.004406923881080925 0.003479620777483195 0.002729331928954942 0.002103536225836745 0.0016098829794438147 0.0012517401027155898 0.0010391575290002956 0.000931058229858695 0.0009068645600273096 0.0009669042806178392 0.0011359042154702348 0.0014707289321881619 0.002010211181120851 0.002828200531607254
1.8502652805388935e-05 3.081819654116437e-05 5.763704340175142e-05 0.00011418937528589694 0.00023491882024258913 0.0004890101931113344 0.0010218396392318628 0.0020930998991526752 0.00407277083774834 0.007250169169455458 0.011394121286165156 0.015565283561528432 0.019368691773070927 0.0228710892579225 0.025704433301255318 0.02716228399103946 0.026959245097797978 0.02529919271125044 0.023560206311570575 0.02171267169282421 0.01961201385813879 0.01722727329419275 0.01466037888542104 0.012100766812236145 0.009742384275666618 0.007719357322098305 0.006087470230909989 0.004824353573032187 0.0037331594528193664 0.002817191469976945 0.0020982748052025195 0.0015867433659584895 0.001279265429867316 0.0011109090109954263 0.0010476213459320854 0.0010811274219496092 0.0012297579273590857 0.0015519938179429278 0.002135569884918758 0.00304330825292543
6.239351539870985e-06 1.2025217421578895e-05 2.5873589121100343e-05 5.597924437001831e-05 0.00012107338284117686 0.0002582960421220358 0.0005407378058965599 0.0010956136628600254 0.00209369057142583 0.003680209183715569 0.005837296022825847 0.008504273147339406 0.011792421450797971 0.015619586378925441 0.019392282610198094 0.022451186868758116 0.024236639016091674 0.024456764464200982 0.02426147544977678 0.02372550177752844 0.022677921454932862 0.021030924335093005 0.018833075024619634 0.01626873412774909 0.01359844973417146 0.0110751474829976 0.008880549003933112 0.007035742252256221 0.005353416257462979 0.003943655903399508 0.0028511537472386147 0.00208805689767695 0.0016268280481245134 0.0013630916986973702 0.0012393798227415683 0.001233097463425333 0.001352815848350581 0.001644126022935418 0.0021918793676913417 0.003137651426214992
2.239399232646678e-06 5.473615880002988e-06 1.3371946744714312e-05 3.0965125361279936e-05 6.85664901012091e-05 0.0001461527932589223 0.00029749890086964553 0.0005802657085951348 0.0010708452714339664 0.0018434620969230047 0.0029597215239217847 0.004625522746505805 0.007039959297493031 0.010282043467611055 0.014126266046256433 0.018166580180048995 0.021684611837912114 0.023894659621357166 0.02547880333845091 0.026672455135651328 0.027217758922990404 0.026852288048748386 0.025448366590687402 0.023090583282869406 0.02007332878284957 0.016808452008281908 0.013692057862639113 0.010751644176952393 0.007989659271475479 0.005714369546259817 0.003999230731194205 0.0028275027940124356 0.0021203876264383687 0.0017061303615519866 0.0014893984262934292 0.001423073477553694 0.00150007063609437 0.0017416543018032903 0.0022144461291956617 0.003093008495163416
1.4685463222888644e-06 3.5655049340955884e-06 8.72700883559506e-06 1.9979779218532004e-05 4.225674464584708e-05 8.544656354596882e-05 0.00016496294313793835 0.00030557353120850975 0.0005413245584641675 0.0009090547658586071 0.0015022502778340022 0.002487484193838127 0.0040771449875951745 0.006432421161915867 0.009669028628115884 0.013729394520385303 0.01821270583985079 0.022411352217373313 0.026712856517493708 0.030777391898914937 0.0338689707333441 0.03582237370109262 0.03616445310830913 0.03459559838803482 0.030919413914578003 0.025977356295544363 0.020829909388119044 0.015687941286325106 0.011174796966438229 0.007683136654285741 0.005197109282427041 0.003565514079708253 0.0026127712454721446 0.002065412689116802 0.0017692418683027938 0.0016454450593079008 0.0016620743992349742 0.0018308891890480342 0.00220980000726641 0.002933612400223125
1.7146220342148954e-06 3.3265266113924197e-06 7.004048613204599e-06 1.4397253998502338e-05 2.786261373695566e-05 5.2027628135020616e-05 9.398187772326692e-05 0.00016355282473679475 0.0002757188988719788 0.0004543797121689024 0.0007696369111098394 0.001332726192747175 0.0022943299634252826 0.0038605552425339585 0.006282858123198744 0.009776506299690508 0.01435115595424712 0.019737294086976994 0.026521599036865625 0.03459708895127909 0.04298483856674317 0.04971163923643187 0.052385847523883415 0.05060037151596612 0.044990606082833354 0.03722853390732993 0.028811041627275793 0.020619690468453883 0.013959894233563704 0.009162389511194241 0.005961574068336736 0.003952550563024135 0.0028195739741678555 0.002191914720565842 0.0018642336617515694 0.001736215853658236 0.0017501381436253744 0.0018868646419976666 0.0021680749715676058 0.0027186993490971876
2.1758557259875485e-06 3.5632655550407693e-06 6.334959884503529e-06 1.1364895077818592e-05 1.9677174240447393e-05 3.327846629908251e-05 5.543692321272956e-05 9.024119500803662e-05 0.00014347423788148118 0.00023323305870006527 0.0004002478452492656 0.0007070843097727752 0.0012596517392773408 0.0022349813420224495 0.0038996000992076547 0.006599441898624241 0.010666117455461893 0.01640335596183105 0.024964170841395874 0.037130464858214036 0.051715421306116977 0.06449410104072271 0.07097435716282596 0.06919487384093337 0.0612702410318957 0.04964368934031915 0.03636026231303878 0.02444543656010919 0.015562829342605024 0.009671286478187161 0.00602237900558925 0.003850396618065599 0.0026668359836017255 0.002037307889450875 0.0017214094944654225 0.0015994201778424067 0.0016109552123017286 0.0017462694199407757 0.002020055300764627 0.002445158396596668
2.7552686862950858e-06 3.981804809305686e-06 6.124490259561835e-06 9.58969239958843e-06 1.4739844323666127e-05 2.235493811779859e-05 3.400486447745211e-05 5.144982583244218e-05 7.739526819620902e-05 0.00012341737007514852 0.00020945721469873782 0.00037087460674424495 0.0006760664943835374 0.001251583917012096 0.0023194130387567896 0.004236027596330948 0.007494217605733365 0.012897746671271842 0.022274275488096604 0.036419537053245424 0.05447751265181828 0.07338573255714742 0.08720924673653568 0.0893420302677468 0.07901774745378687 0.06144067943299348 0.04194675103751224 0.02608548767512997 0.0154106767100748 0.009011350380767308 0.005380083929619875 0.003342227815660922 0.00225501662672344 0.0016957400902034461 0.0014179761904348342 0.0013023375918391252 0.001306441381358388 0.0014233421927136467 0.001667362194336363 0.0020201464764452136
3.49587448423874e-06 4.5455329893623e-06 6.165693270404079e-06 8.49539987437076e-06 1.1587897563719711e-05 1.571974665052177e-05 2.1716478863596325e-05 3.0344519365055573e-05 4.33454003184467e-05 6.651678522384552e-05 0.00010954886089285517 0.000192297467788744 0.00035492031386340087 0.0006795526176377501 0.0013314779661992343 0.002616006786338966 0.00504636525857057 0.009707367766610499 0.018002064076997597 0.03123064404924544 0.05023890409277888 0.07380854017325349 0.09609843485720401 0.10679979933886159 0.0968754156251448 0.07078828328002532 0.04433022758645999 0.025425929820567884 0.014093860676643455 0.007871829448115259 0.00455868974011157 0.002787138289683858 0.0018450514838394434 0.0013684953566504086 0.0011258374132173034 0.0010204550812828992 0.001011802162855252 0.0010891708630928912 0.0012632370628393073 0.0015073797840253732
4.499055770193116e-06 5.304413887403347e-06 6.416987776655014e-06 7.839607914636603e-06 9.508287037995636e-06 1.1545593987721656e-05 1.444887707503478e-05 1.848687009005588e-05 2.45955502666565e-05 3.592499108670324e-05 5.735573745576875e-05 0.00010041694329880961 0.0001904948683831039 0.00038327508664397756 0.0007996705390777959 0.0016908014559918188 0.0035519013382830267 0.007243932910987241 0.013985339991173159 0.025443596372131224 0.04333503301052857 0.06823506776811986 0.09680004349492169 0.11734397396550982 0.11087534541750449 0.07850978573085214 0.045289005544287206 0.023760252301174865 0.012245645069466057 0.006509041530195632 0.003668464260269806 0.002224481399862138 0.0014605001974432046 0.001067634871189783 0.0008706032954200352 0.0007846990750827665 0.0007742063663735581 0.0008281950873774951 0.0009518219273157727 0.0011078822978523798
5.939630439242925e-06 6.355144948534774e-06 6.884671100558135e-06 7.484860782478347e-06 8.082121441834822e-06 8.781936757966618e-06 9.848656372939148e-06 1.1353893441540624e-05 1.4016992975435425e-05 1.982931101290628e-05 3.177997404184899e-05 5.673585244715166e-05 0.0001108227601315513 0.00023278137670206328 0.0005134857543988761 0.0011591848601906936 0.0025535986824736985 0.0053558899674506265 0.010673557369827367 0.020162829095408008 0.036034050200289415 0.06060767686751086 0.09382149380249485 0.12567418371358363 0.12814668413079008 0.08697732501375253 0.04394680233908126 0.02046663917962465 0.009742786349164284 0.004956385742099005 0.002748824417927952 0.0016662716681996247 0.001101081872693123 0.0008030030916037584 0.0006566455892207141 0.000594623548075436 0.0005889143702649322 0.0006306275828992031 0.0007222468642983707 0.0008287039954194686
8.050047609750892e-06 7.818791011565002e-06 7.59855076947539e-06 7.342386304526719e-06 6.999057691977613e-06 6.7267483035781355e-06 6.711520008727838e-06 7.0773574754775676e-06 8.415930517008173e-06 1.170314855723517e-05 1.8772117925154406e-05 3.415908326877296e-05 6.906153491825031e-05 0.00015140565874699333 0.00035119097482196255 0.0008268686109552183 0.0018537703790145604 0.003963258484373742 0.008042681004912308 0.015481008827339285 0.028346957309025787 0.04934132252040836 0.0828321607433258 0.13211132674268578 0.16309264658119216 0.09348487971794708 0.03735986188668865 0.015165795320153731 0.006786283963983642 0.003366695087885591 0.0018620914515342225 0.001146826720951016 0.0007809857902953694 0.000583187487013003 0.0004854472279212088 0.00044728868865041523 0.0004493299236926429 0.0004856775804274109 0.0005582368153529572 0.000638603592094972
1.1017059693103765e-05 9.821628984025e-06 8.490793308389093e-06 7.224453950796667e-06 6.039305037882003e-06 5.1373191069112715e-06 4.705515492327212e-06 4.710916377831828e-06 5.389501304756351e-06 7.315724818127875e-06 1.1647240819027074e-05 2.147823535496699e-05 4.4917896041320884e-05 0.00010350456725750366 0.00025386166599168923 0.0006069139434009246 0.0013836043324137487 0.002984537245170062 0.006060827141504835 0.01157198753980064 0.020622672042093906 0.03554243517537066 0.06063031839333591 0.1024131991029359 0.16065214944215597 0.07106179771897858 0.02477789062845684 0.0091616959054306 0.003936626491091654 0.001968218225020359 0.0011194286861987424 0.0007205753750127592 0.0005187153461071783 0.0004108992931029603 0.0003551254333822367 0.0003377918216141657 0.00034810031184924234 0.00038307516217163395 0.0004450177865340502 0.0005131409389995436
1.4293908545686794e-05 1.1752648795848904e-05 9.08322839196357e-06 6.785583736576328e-06 4.964512961280431e-06 3.878369604818813e-06 3.3438811289697392e-06 3.1767339594568176e-06 3.4798830072233764e-06 4.609599859030088e-06 7.346811900488242e-06 1.3941909813982615e-05 3.058917250971797e-05 7.458047833836723e-05 0.000191099696770572 0.00046957963865441155 0.0010850620744040156 0.002335367228904448 0.0046243409340610345 0.008347161253748184 0.014096514210561715 0.022901534557164756 0.03520216342638164 0.048590226929255624 0.049738911998176 0.02870463849088343 0.011740591922620868 0.004517115012151111 0.0019260590594824976 0.0009836327390870898 0.0005963363494561753 0.0004142828160813976 0.0003245339319126487 0.0002803526225789744 0.0002609916114594562 0.0002602614793695278 0.0002782287262933729 0.0003141858990630799 0.00037081407469283164 0.0004351027065773301
