_RESULTS/CROSS_VALIDATION_POSTPROCESSED/MHZ/IZ/5comp/1/MHZ_IZ_z_180_kriged_reverse_5comp_spherical_1.asc
ncols 100
nrows 81
xllcorner 5.5967107548124995
yllcorner 50.982328804812504
cellsize 0.00017565037499993607
nodata_value 1.7014100000000001E+038
[rows 19 to 37 of 81, columns 44 to 87 of 100]
46.259543807334694 46.633690663974 46.992131383740585 47.325639973524524 47.62507932951076 47.88067870762153 48.11369269140992 48.444310181457716 48.7535373394593 49.01829979722873 49.23512921313697 49.417025067470064 49.59419563735192 49.76739599004022 49.93332325861972 50.0852784589188 50.20824491101348 50.27269566319909 50.26690414020864 50.2163104788525 50.14083979878768 50.04950345605469 49.94687509168002 49.83584175552336 49.72207406741175 49.61187837757239 49.50738815246041 49.410785238927566 49.33272046803279 49.28347837703214 49.26168844587422 49.266411498847 49.296986182695356 49.3523730351033 49.43060139426601 49.518490381397044 49.60909378766743 49.69971679393995 49.78738820676924 49.86880714299304 49.94006611716079 49.988058157969334 50.00546423238879 49.99045234282245
46.389270477373366 46.73820773230335 47.07634480120753 47.393644136889286 47.681164042299905 47.93190581728876 48.170213471656396 48.47063264909737 48.75922659262725 49.00737197104337 49.20901093446747 49.38487303685233 49.55747800933486 49.72398418404004 49.87964693059235 50.01651907342391 50.12230327259629 50.18283178899681 50.19328715758774 50.16269995066979 50.103282480426806 50.02376605336515 49.929628738636765 49.82450977851377 49.71465767948604 49.60670192445753 49.50304315176244 49.40676204125771 49.3326242711904 49.287037801118515 49.271235439658504 49.28467899164301 49.32423984867291 49.3887784488759 49.4757295125774 49.571399036411016 49.670257725428165 49.76963859193177 49.86655051432796 49.95756236583447 50.035254722535996 50.08490057414651 50.102117908953026 50.08332935737998
46.565236765735044 46.885876826844736 47.201167043924805 47.50162607888806 47.78095645890369 48.0390110585627 48.289316413273106 48.54613964990598 48.79349324167596 49.01085770886677 49.190402130574576 49.357835403597896 49.521829003521496 49.678170425589684 49.821861621064286 49.94553470205829 50.040449579391165 50.09883040299271 50.117987354287884 50.101639703469694 50.0566131958408 49.989396024752466 49.90502410718412 49.80729402339371 49.703230889539505 49.599259600189306 49.49803003034137 49.404421866663895 49.3345270078987 49.29259145133401 49.2800804329832 49.29793267327321 49.345795639737496 49.419282339708445 49.51399701103551 49.61633335847639 49.722415701301856 49.82967879749861 49.935228604854 50.035650614167224 50.11807434396586 50.17200935554405 50.19228670662784 50.17239842135835
46.776449447464664 47.06748959104356 47.35761069525723 47.63831273057611 47.90442252873321 48.155179922561835 48.39406585780981 48.62277168804907 48.83464733433819 49.021379691389086 49.179917750394175 49.3363041204268 49.48940137549765 49.63422264717853 49.766155983796295 49.87889826252485 49.966124701954726 50.02289954231751 50.04730770058254 50.040890789208866 50.007422754851014 49.95127657603234 49.87648388015226 49.78659309816688 49.689401659481895 49.590577398450314 49.49295055829913 49.403312634318084 49.33764251250235 49.29921035903764 49.28972117687256 49.31034544010618 49.361644346134796 49.44279673038424 49.54352233656256 49.6510748455693 49.76291919058899 49.87664129681688 49.98955503301143 50.09735025263616 50.18479925337499 50.24573875133227 50.27372417521947 50.257407362611474
47.011829912228315 47.27372623819792 47.53618018519261 47.79295540637027 48.038851726039894 48.271281936133846 48.489178438555214 48.690525168547474 48.873797701733295 49.03203038385645 49.17477738309171 49.31976445440229 49.461454439865165 49.59485773668631 49.71599904338247 49.81961970590854 49.90086802802246 49.95616947358798 49.98389395524706 49.984491138813645 49.95996965803893 49.91312172513463 49.8469378672988 49.76475607983942 49.67486362812038 49.58182819571083 49.4885680242539 49.40332267219635 49.341541732922 49.30619643471745 49.29922280905317 49.322012085083536 49.375335753376596 49.459159076952155 49.56278757572792 49.67378805323981 49.789500114645044 49.90765512088467 50.025903186277596 50.13802799232236 50.23006637964382 50.29926851919395 50.34048542074668 50.33749172989308
47.2622226191627 47.49616162067637 47.7283488743893 47.95714124434555 48.17675980260802 48.3834415181064 48.57444974315499 48.74949247308281 48.906466036399856 49.04018278522258 49.17332752115525 49.30775971756983 49.43866457470921 49.56152007482403 49.673073926948206 49.768946201864864 49.84519662978864 49.898963755361095 49.92872150216747 49.93429141038898 49.916594008022166 49.87728693352976 49.818457212666644 49.743701210481525 49.66111158015538 49.57411748415008 49.48565099614025 49.404593333245714 49.346103576675546 49.31320739274426 49.30805305027242 49.33222910761864 49.38668973781058 49.470011307879716 49.57086244502504 49.68320669459467 49.80054879545388 49.920604621319335 50.041347465491434 50.154071004703226 50.247553387386276 50.321352444685886 50.37443785664447 50.40295616719735
47.51985271795106 47.72496863939734 47.92140701026074 48.11481455981231 48.301107270585256 48.47625880989324 48.63787209424695 48.78738656667075 48.91835672449842 49.03972052670928 49.16727732909898 49.29559899957853 49.41953542526897 49.534567674015705 49.63792086980783 49.72707818051265 49.79888092990913 49.850901509301934 49.88168521089623 49.89068763124568 49.8781260197434 49.844825013985556 49.79210992724433 49.724334290303325 49.64784014100037 49.56632990054256 49.483189751739964 49.40678453047761 49.351458911540895 49.32022620879833 49.31607502419238 49.34076135562881 49.39538592552077 49.474418830635194 49.569499141452475 49.67878864527003 49.7953565316233 49.914523764652365 50.03435282291912 50.1435522466067 50.23306504316837 50.302018736000356 50.347203177332254 50.35282090604011
47.767276620153446 47.93705638085422 48.09693828628042 48.25204553249358 48.40228760839202 48.5432221829881 48.676307016996915 48.79874646395564 48.908701963511156 49.026566379157515 49.15047407064218 49.27506498140242 49.39533748889538 49.50706782940615 49.607660745126935 49.69328825133173 49.76108963466973 49.81093166180607 49.84173551858243 49.852460594395225 49.83785545962959 49.79894430745496 49.73952228097099 49.66843583673209 49.591441759123384 49.51245647928931 49.43517366835162 49.36714777539841 49.323411962804606 49.30583896867838 49.31409143839995 49.346536931944954 49.40028348811478 49.471672791690956 49.55922516658335 49.66133738330783 49.77421762860331 49.88979067372565 50.005268018294935 50.10754995640989 50.188119405270484 50.244327262926056 50.26946796367552 50.24785832371074
47.98996765698711 48.12332463901935 48.24883689670447 48.36499618350293 48.477081055256896 48.5835355570899 48.686846744693604 48.782094047171036 48.88583159441023 49.001225309368294 49.12301191618326 49.245859348833605 49.36472314486916 49.47543919554054 49.57554408192463 49.66114249815427 49.729051856514005 49.77627770700237 49.79448491063408 49.78572652664136 49.75328113292856 49.70002455460338 49.63096667074429 49.55457639286929 49.47509802889722 49.39690317232742 49.32421724436652 49.26342370416061 49.230257031503996 49.22741192781608 49.254226758595095 49.308500850835365 49.37994779144243 49.458635681429584 49.54012278362094 49.63320697265729 49.73841688363832 49.84807757785923 49.95658574553794 50.04993585715587 50.1192063277175 50.16081860161492 50.16815755188085 50.13108130114641
48.18124684204552 48.27784880242048 48.36856574760189 48.44986632303531 48.52228598494352 48.594482199382426 48.66645290350707 48.74991847229898 48.85083521815231 48.96434370472926 49.08517461747556 49.20793319369283 49.32742100929751 49.439434043330536 49.54121872650832 49.62823112290909 49.68825610191143 49.71215935964969 49.70517601585258 49.6729990535468 49.620880901537426 49.551415411704205 49.47204271218191 49.3878066374632 49.3032346207063 49.223614610700736 49.15402515342712 49.099757364647544 49.07636180845627 49.08820257419259 49.13411621629202 49.2076477715845 49.29705305159025 49.39597738382283 49.49772297348409 49.595231786653265 49.69026910280901 49.792020077525116 49.89194545053851 49.975874367238234 50.033982411498656 50.06279401842066 50.05715479454027 50.010851408126676
48.334512926556215 48.39482641795046 48.450526495801626 48.49820297967348 48.53534638571176 48.572532279591684 48.627977770153 48.706742636315816 48.80456506447115 48.916528371736526 49.03727420418701 49.16126946717884 49.283098934889374 49.39861627048852 49.50381572495599 49.57612740893708 49.60861208619602 49.6060347526582 49.57430963381518 49.51920281481106 49.44541113211173 49.359725448017244 49.26748991746403 49.17189201215238 49.07873336603057 48.996533133958934 48.93207066784946 48.88820843150079 48.87657299823031 48.90380311055837 48.96580316906323 49.05200422705553 49.15694417752346 49.27547592683319 49.400217493144446 49.521236718566726 49.6304483364407 49.72477665485492 49.815237600015 49.89041508729517 49.93889179790299 49.9577755606535 49.943383010131065 49.89189599816842
48.4439628741257 48.46884692824077 48.48954275799732 48.502999309867036 48.509879953510726 48.532936685015585 48.58041150240906 48.65343864080276 48.747742937975595 48.858856899270606 48.98228100882244 49.110719062153834 49.237399746703005 49.35709865442976 49.44288056340718 49.48650785027161 49.49184733001645 49.4636517016202 49.40645705342163 49.327166055809116 49.23274203993405 49.13019876721915 49.0233518934198 48.921573289995024 48.83078740277335 48.757155014619045 48.70540684661386 48.67825234800834 48.68158847885236 48.72393221031494 48.796085611211744 48.892203668319375 49.006504132115836 49.133191760206635 49.26668127067696 49.40143142655177 49.53209634208018 49.64573980555569 49.73025552952944 49.79783141305812 49.83874116006214 49.85059265319947 49.83087127821705 49.777252349511926
48.504730966862674 48.49500019990822 48.480652370733665 48.46459843250654 48.46146048843437 48.48155899530228 48.52600842293024 48.60063774291694 48.703263670958734 48.82550070696122 48.9588908248233 49.095495431325126 49.22811971403803 49.32835731544639 49.382342222276534 49.39340699631894 49.365374547242354 49.302851526761316 49.21204585422038 49.102741848658326 48.99098009698841 48.88366943392175 48.77727199780019 48.675688717898225 48.587920015955675 48.522384409959955 48.48442735022924 48.47633245545125 48.496602991927155 48.54993011888833 48.63376751158044 48.74152333974959 48.86643588975405 49.00200250925961 49.14220979089313 49.2812119266954 49.41395292079748 49.536160415993656 49.638007886835794 49.701509138439064 49.73700182828664 49.74444265748193 49.72220052966813 49.66894058725734
48.49698835189763 48.45615927218472 48.422943344619824 48.39927406728912 48.39447164128556 48.42711226951836 48.493119983964014 48.58652227987438 48.70223973060864 48.835714783356416 48.97886504671038 49.123163178028136 49.243195775897384 49.31233520253014 49.33351390228999 49.310415055150784 49.247223731294596 49.148550661784626 49.02049019317757 48.884456297420066 48.76122295113042 48.650756087555344 48.540486775105805 48.4342616267281 48.34726369102443 48.29010897793518 48.267910258293696 48.27802499452524 48.316113254340955 48.3832901017889 48.48179762669817 48.60363606262778 48.74090777672303 48.886381153138856 49.03368930631882 49.1768637632311 49.31107574228108 49.432426417190435 49.53368274573545 49.60379291042276 49.63617562882839 49.641507608099275 49.61909236080436 49.56829498552572
48.420858357338936 48.36673030833406 48.32273121534259 48.30073728138052 48.31877526658305 48.379288152036615 48.47525783681903 48.598223909602396 48.738549966386344 48.88745663274586 49.04064640764553 49.183952385502295 49.27557172522193 49.31325439753449 49.30017381036896 49.24046390137177 49.13904590477811 49.002690787443164 48.85591685859108 48.71053884709042 48.573717886193165 48.44991888582852 48.31256397862426 48.19089209198687 48.10395577415921 48.05499636865034 48.04611446412102 48.075572993638744 48.138080653846174 48.22695237766753 48.34417920029434 48.483252800036595 48.635011421504146 48.791544461331284 48.946298722191386 49.09344671983708 49.22856674313804 49.348327950365395 49.446665479008516 49.51353869582887 49.53909725124625 49.54328999776308 49.52268559667496 49.47614107305071
48.31303518355549 48.246909492597176 48.20810073706766 48.205476177003675 48.244849883652996 48.33029490303959 48.45627256659316 48.611719730922445 48.78516480788892 48.96452647613128 49.137521248324994 49.26493450252359 49.33010391883292 49.33606198237372 49.28702546361667 49.18759570293674 49.04550491116097 48.8882035955997 48.73148378597939 48.577914540275 48.42931168165479 48.27579614392531 48.1004416478839 47.944733246862356 47.84405097482682 47.803053865363104 47.81222890461749 47.86803686336441 47.9623907760119 48.084549037224875 48.22635971912296 48.38640001598722 48.55491368935937 48.72348999628056 48.88568993751273 49.036201177748936 49.17124700158892 49.288288415086186 49.382121159382336 49.443122377931424 49.466423090122184 49.45193129588207 49.433685364834794 49.39290201057438
48.23026547223755 48.174357979643155 48.1541390930446 48.16756384106575 48.220484255156606 48.31863923227395 48.45744196629905 48.628772928024446 48.82555116545513 49.036217090915855 49.229147596279745 49.350930532952894 49.39828251390215 49.37938184850256 49.29777230277642 49.15946987479348 48.99089537927539 48.816112955303055 48.638901567146014 48.46247900681093 48.28396518905389 48.087601656472664 47.88129233096336 47.69717238283564 47.57158309277709 47.52932157157903 47.56440302117341 47.655905381552046 47.79179111137478 47.95678523106719 48.13567658338132 48.32072713345493 48.50798310994831 48.68897486427828 48.85786271189178 49.01037436191712 49.14367748879728 49.256272145287376 49.343491227241195 49.39663856283396 49.41438730045333 49.387779289111855 49.35265286173542 49.31867810205796
48.203815654691375 48.168848932552514 48.166711390676085 48.194328915819284 48.24923604567655 48.34168871628891 48.4738088834996 48.6440610857957 48.84533228819023 49.06552058053415 49.26022344444572 49.38779049068729 49.43478278795633 49.4028314788146 49.30297991072127 49.149914198588526 48.975086121302624 48.78031659377767 48.572318733070084 48.3570267487285 48.132393205319055 47.89578317286609 47.65876266387025 47.44802285840727 47.29884838057987 47.24614437655276 47.30251487466502 47.44177443363631 47.63163574503491 47.850024555735914 48.07660451835704 48.29578917118078 48.50281586147043 48.69536239770992 48.868933068480565 49.020941536359274 49.14989787923656 49.25556832521597 49.333374539963266 49.376200543243186 49.38359779874059 49.35295738505931 49.29385401681019 49.253319726597645
48.24530427181873 48.23035692723353 48.231852858092914 48.246194059538915 48.28210721740708 48.356881371829516 48.477413122358584 48.64588267206164 48.85467023611126 49.08443659885132 49.26920352704733 49.386881549286684 49.436264022773294 49.403651810814566 49.289854131553696 49.13955288238157 48.9642407786068 48.764307790845436 48.538851478129764 48.28518411048009 48.012177923572274 47.72892212940937 47.45018380435906 47.203449253439274 47.02642715990813 46.964765223777356 47.03643030885 47.2312695539685 47.49119250693631 47.775410610823755 48.05700222453622 48.318090431623716 48.549030239785054 48.75022931664937 48.924674610777586 49.072177911826046 49.193063112833805 49.288497088763265 49.353321799273445 49.38294889282114 49.37752871982074 49.33671215965883 49.26237178952512 49.20126823874181
