_RESULTS/REVERSE_NEW/MHZ/IZ/8comp/MHZ_IZ_z_63_kriged_reverse_8comp_test3.asc
ncols 100
nrows 81
xllcorner 5.5967107548124995
yllcorner 50.982328804812504
cellsize 0.00017565037499993607
nodata_value 1.7014100000000001E+038
[rows 0 to 18 of 81, columns 0 to 41 of 100]
0.14374120302923324 0.1537885649069323 0.1641320468675252 0.17376371727589887 0.18158878162771636 0.18674413939038975 0.18893125180417156 0.18860649767715398 0.1869365798056612 0.1855674075460596 0.18635834229154094 0.19122317477437867 0.20212274753473408 0.22114615995936665 0.2505327228711526 0.29241279656857033 0.3479939372718856 0.4160171191580209 0.49080226746763805 0.5611528424990292 0.6120493593733383 0.6299256555955596 0.6091372994971032 0.554998205411729 0.4808983373440917 0.4018741237391631 0.329240439615956 0.2687639580347486 0.22168328223106243 0.18667705198683943 0.16148403822680701 0.14382121157557226 0.131752048503679 0.12375444748252407 0.11866761394192099 0.1156114143677163 0.11391558054770165 0.11306814764820226 0.11268122223196182 0.11246879040903135 0.11223107054287387 0.11184099648654156
0.15062522923695704 0.16289980048244854 0.1756939359212458 0.1877644495954771 0.19771016533392466 0.20437687194375295 0.20729607528458074 0.20694167194760588 0.20467217647794878 0.2024214144506257 0.20234370650381103 0.20660277259578796 0.21736339485234007 0.23691104720326372 0.2677344150831202 0.312333065047796 0.37244638230449806 0.44745297384573524 0.532133221855895 0.6149952164162584 0.6793349722613362 0.7084862777395589 0.6934151376226951 0.6375533931972094 0.5549677142355276 0.46336039269267226 0.3771428423796842 0.3043402657362716 0.2472435544611177 0.20466352876706784 0.1740040383667531 0.15251627801332357 0.13783582967471933 0.12810332521120973 0.12190782477350832 0.11818454005271667 0.11612246281008577 0.11509765276589692 0.11463088297362499 0.1143624748353234 0.11403617719338006 0.11348528625229105
0.15646124000016107 0.17071387377366457 0.18573617640732976 0.20008925300033964 0.2121006313720605 0.22034254613274248 0.22416678870233087 0.22402608476112484 0.22141040334417939 0.2184711340117414 0.21758600176245216 0.22109599853369524 0.2312864555473106 0.2505301751147784 0.2814207321998616 0.32666221918776056 0.38841355546629386 0.46679159712381174 0.557571920606079 0.6500483318068079 0.7271758390642169 0.7700246090466372 0.7657382823106553 0.7142104758112837 0.6282911325006645 0.5272777246418392 0.42870285499628624 0.3435081193107939 0.27574934192191336 0.2248437575476413 0.1880785565836459 0.162294636985674 0.14468222853250193 0.13300733937217293 0.12557419651324075 0.12110720107890535 0.11863596267482279 0.11741069829706277 0.11684951352292597 0.11650914563910277 0.11606816913402912 0.11531294261949757
0.1604721317236637 0.17614229316276167 0.19280740546201738 0.20891249460613798 0.2226094692091688 0.2322776171148263 0.23711893623372823 0.23752479759069323 0.23501610053182145 0.2318325986566525 0.23044955130458186 0.23327717433335401 0.24262481055320959 0.26084856472766077 0.29051610224734603 0.33437591189208776 0.3948591690808941 0.4728097275347425 0.5653373946998322 0.6634192740657852 0.7510629963609409 0.8083706535052797 0.8189369501887892 0.7779219219428223 0.6949305123015812 0.589219976853344 0.48092540546454904 0.38431193311058187 0.3059196897088805 0.24635486134969528 0.20310839168210917 0.17273119453612742 0.15198519219458864 0.13824201547449194 0.12949620192858274 0.12424183770196992 0.121335935559906 0.11989387374871667 0.11922412912255757 0.11879360991023803 0.11820975557897558 0.11720639191633017
0.1621086201859583 0.17839070842057264 0.19581317032905057 0.21281042182839277 0.22750004555098063 0.2382027435258415 0.24404246281605396 0.24532205323508283 0.24347424425217684 0.24065952395197396 0.23928389781187714 0.24168957162772278 0.2501047218089631 0.2667814018493956 0.2941698943420928 0.33494512463433 0.3916644279084222 0.4657823101467192 0.5558116607545965 0.6549102723735527 0.7492371992575287 0.8193985261576651 0.8464917800262758 0.8207140104520011 0.7468780348595031 0.6422977880267512 0.5285235709224199 0.422986499978698 0.33518023016752246 0.26746646522693285 0.21793440696482783 0.18304607555720628 0.15921399802732147 0.14343796828463787 0.1334059729653423 0.12738100137237665 0.12404735164519373 0.12238638747588852 0.12159783057754663 0.121058871594953 0.12030478035850205 0.1190146850684113
0.16122253022864605 0.1772218868431688 0.19439271244299275 0.21126436682226105 0.22606989332803842 0.2372235230083657 0.2438670676484905 0.24621201581476682 0.2455010291339813 0.2436529962735817 0.24283136588529336 0.24515991198041884 0.25267144901041494 0.26743983363824514 0.29175532970068596 0.32816613298814723 0.3792328068357104 0.44681544390831207 0.5306306559880567 0.6260488587299045 0.7219748278771478 0.8008419672221035 0.8428837072320641 0.834284179956468 0.7745604799662689 0.6773906899041439 0.5639575344373494 0.45389864159291815 0.35959866645664684 0.2855471258602759 0.23083501856254457 0.19212083905504573 0.1656371212880575 0.14810615882392536 0.13696259320000623 0.13027049679915334 0.1265629392584264 0.12470293613664273 0.12379336635225341 0.12313054773822726 0.12218345989016062 0.12057948747015003
0.15811771670508717 0.17303965262876828 0.18905037047398057 0.20485403961737217 0.21891564721301923 0.22986693789885387 0.23695704389367295 0.24032736354556156 0.2409764186671104 0.24047191678176044 0.24060051994504156 0.24313300575714494 0.24978917318507288 0.26239261675937364 0.2830717079178445 0.3142618661378957 0.3584330817899278 0.417583623603264 0.4922393424535296 0.5796367059011832 0.6714929019951683 0.7529851221162633 0.8052807708786757 0.8124420320178661 0.7694422467021982 0.6853554462213535 0.5790175815748413 0.47057154454939865 0.37452278299695246 0.29746352882730975 0.23978105144555995 0.19866478895011483 0.1704335027254703 0.1517150823036262 0.13980872255893695 0.13265427140353547 0.12868206885181835 0.12667014313979122 0.12564906439563148 0.12485298773341152 0.12369847608036473 0.12177035577722037
0.15345090723155225 0.1667461520064617 0.1809642451290931 0.19502398199931875 0.2076801994836154 0.21784703917063342 0.22493728143517444 0.229055504088421 0.2309574939149127 0.23182865312528786 0.23302202789566082 0.2358827021054873 0.24174083188225584 0.2521157102316067 0.268966765794291 0.29460663613623844 0.33130085628114364 0.3809213503937007 0.44438786412090453 0.5203018321541885 0.6028843233390696 0.6804491101180785 0.7365455618235364 0.7552293933085321 0.7285593379778178 0.6611140047223659 0.5679812699309411 0.467881522157548 0.37600780293140806 0.3004653429559754 0.2429686794890561 0.2015329367199538 0.17288439574847653 0.15381052584930915 0.1416499835311462 0.13433184051664893 0.1302569181123928 0.12816760688273646 0.1270579899404874 0.12612769566473228 0.1247622735777395 0.12251942596440038
0.14803373286163402 0.15945216169574983 0.1715859995549562 0.1835692823996474 0.19444620827230993 0.20341609394128007 0.21006933979535605 0.21450345912959512 0.21727183460198535 0.21921584553222617 0.2212825490476263 0.2244130286485128 0.22957081566828255 0.23796902004347967 0.25130810924036673 0.2715989584898038 0.30073801000795664 0.34034332321676736 0.39149496001129386 0.45371986604912895 0.5232568843419098 0.591470579743971 0.6450825802679517 0.6697972331140281 0.6565582940453094 0.6064489240240406 0.5304613321664364 0.4444091189751209 0.3624841570713183 0.29325086125667527 0.23945722874931355 0.20009534704541923 0.1725861126872073 0.15414064752449808 0.14233210106317562 0.13520975301981158 0.1312306962178546 0.12915979133960695 0.1279970735773676 0.12694096796620657 0.12537272249393178 0.12284328312561668
0.14262817240179174 0.15218437505890486 0.16224178340976447 0.17212254801483787 0.18111979470547637 0.18867751510849354 0.19454394901785077 0.19882647915296248 0.2019294926921747 0.20442452792731333 0.20693077038506485 0.21006462874823634 0.21450018383203526 0.2211566565544828 0.23133652355752152 0.24655490226973756 0.2682919219999787 0.2979559502069847 0.33668018419911516 0.38453954277843366 0.4392365377317459 0.4947687388157853 0.5412104302240239 0.5669523518211564 0.5633708599825884 0.5293072868022062 0.47195350766015026 0.4034433762043975 0.33567627729853344 0.2766242794213494 0.22958421960412398 0.19448184774596022 0.1695892399453965 0.15273408390958862 0.14188484969225343 0.13532685840217668 0.13165296379530844 0.12970627853686958 0.12853483757733145 0.1273699858424258 0.1256171237077651 0.12284330141686445
0.13780888631745944 0.14569891281501615 0.15388880146200254 0.16184820624606264 0.1690616162774117 0.17515895119561284 0.18000966963692833 0.18373518039891898 0.18663875774956076 0.18909997207108822 0.1914966697647162 0.19419709254369352 0.1976352492072709 0.20244050903816044 0.20950303358177388 0.2198954106630512 0.234790340311166 0.2554147029011173 0.2828203968538242 0.3173151463610748 0.3575648497744941 0.3996233771985311 0.43659556789343856 0.4599012187091532 0.4623908732816394 0.4418296489867626 0.402238355038509 0.35198656996290145 0.30010667114665185 0.2532915434805523 0.21489531201876605 0.18556166771194388 0.16439173751308858 0.1498937401034673 0.14051317405580155 0.1348425604896589 0.13166563394853273 0.12994617043496726 0.12881464630137449 0.1275650330613832 0.12565306807188278 0.12268428869052694
0.13391625981197977 0.14042857327950178 0.14705829114740399 0.15337977110722847 0.15901136674565858 0.16371117582817232 0.1674317357638578 0.17030576831350036 0.17257194071061044 0.17448414921060096 0.17625650092949094 0.17807584355112216 0.1801791837221636 0.18295439395392624 0.1869966913122555 0.19309889419859952 0.20221246699096757 0.2153608820179146 0.23343243163723576 0.25679566046606894 0.2847207011030227 0.3147341494395056 0.3423233151987752 0.36160723773179837 0.3672420141459504 0.3568027160064449 0.33206603580855176 0.29818987639164596 0.26141655087359933 0.22688377871626964 0.19761497849310586 0.1746637282914859 0.1577879611238832 0.1461091323980853 0.1385397861543747 0.1339935134068709 0.13146595548254889 0.13006358370306212 0.1290209325776232 0.12771571641974838 0.1256744499468763 0.12256027953579142
0.1310840272168788 0.13653090364669712 0.14192945468399512 0.1469201450015683 0.15120659979790993 0.1546282492308684 0.1571902683253002 0.15903380591858945 0.1603605670788147 0.16135153915878184 0.16212378386258072 0.1627501871165495 0.16333508732097027 0.1641078936829464 0.16548722925454662 0.16809199470517053 0.17269905690815537 0.18014431578289358 0.19115548146918343 0.20609439625527004 0.224594436455231 0.24515828078774526 0.2649467564038001 0.2801210960280078 0.28694169680930093 0.28326630185119006 0.26955263999137835 0.24864461786875372 0.22450781278984983 0.20078914042516793 0.17995952189810552 0.16318760084876827 0.15064926721461516 0.14192841419711758 0.1363247678421705 0.13303736399083524 0.1312621183282799 0.13024872717251612 0.12934252107184296 0.12801516236723912 0.12587635625913277 0.12266067775833897
0.12931146136558166 0.13398850056307862 0.13846216552896784 0.1424067716675976 0.14557389623637565 0.14785107546497453 0.14927697919418073 0.15000286207711575 0.15021722498431533 0.15007054170795261 0.1496379689622058 0.14894032434418764 0.1480158512646579 0.14700980660769067 0.14624004810292654 0.14620988494748652 0.14756169770069277 0.15098108841332405 0.15706235294461435 0.16613289982703544 0.17802994983924975 0.19186075610686912 0.20586756763087574 0.21759933389438796 0.22452526142125442 0.22493424370043386 0.2186413387026043 0.2070399483354145 0.19247756914668937 0.17738365378638235 0.1636264888250221 0.15228452760540578 0.14373111598307434 0.1378419739795832 0.13419312494576738 0.132204581431567 0.13123794232715508 0.13066895741907977 0.12994649045397325 0.1286350204655389 0.12643091394234843 0.12314765140506155
0.128553725258118 0.13272439216223392 0.13653853026858145 0.1396776543942772 0.14191408162916977 0.14316297960395533 0.14348924247819433 0.1430632403758143 0.1420845921657799 0.14070933223500268 0.13901443360974297 0.1370166025404493 0.13473777360101344 0.1322878189125162 0.12992600290737386 0.12807221081734582 0.12726163975717053 0.12805783670524323 0.13094406091559996 0.1362013700193287 0.14377141392009912 0.15311677250408634 0.16314002759568136 0.17227168966281795 0.17881159868702656 0.18146032333289946 0.1797915474048104 0.17438683264175608 0.16655898221268167 0.15785367964993674 0.14960518431333525 0.14270337835716315 0.1375639703286187 0.1342112044819206 0.132390478184269 0.13167144235128647 0.13153605963204693 0.131457337769924 0.13096905339357048 0.12971700280232829 0.1274790104135836 0.12414856634085981
0.1288108186408645 0.1327096259471697 0.13608737426323364 0.13860913515959125 0.14004830015471936 0.1403383150719667 0.13957507556669316 0.13796669438039263 0.13575257974977942 0.13312787997685485 0.13020542587671677 0.12702956590535747 0.12363375830607543 0.12011490591667573 0.11668960662592136 0.1137055739267732 0.11160251669877477 0.1108379134826097 0.11180001463686946 0.11472087957967393 0.11958996128580926 0.12607234556291969 0.13346194381387055 0.14072983914600018 0.1467194927045466 0.15046439797599134 0.1514981986001245 0.1499924598068883 0.14664976216327963 0.14242778365159856 0.13824608756186998 0.13478911149981967 0.13243096296406023 0.13124741527090458 0.1310700339302871 0.13155509486814668 0.1322587751232101 0.13271666517840305 0.13252057610645762 0.1313774648085972 0.12913385964681118 0.1257588508067171
0.13019923906471242 0.13404723303922 0.13717701013079295 0.13921256023117484 0.13991343290738334 0.13923250599822362 0.13731533293717832 0.13443965429292845 0.13092195028222206 0.1270312736934111 0.12294329825372019 0.11874715478681225 0.11449555963674404 0.11027261497702359 0.10624785465817034 0.10269233473851452 0.09995072546649694 0.09838245368363893 0.09829270584502221 0.09986736162854139 0.10311461855830904 0.1078146247129849 0.11349249446577242 0.11944832527242388 0.12487542589675465 0.12905718951952985 0.13157208052583758 0.1324083942912942 0.13193233311270572 0.130735621678531 0.129444487520463 0.1285657086815797 0.1284014351787319 0.12902554847717332 0.13030082228883832 0.13192177692091256 0.13347729112109735 0.13452892711979242 0.13469406409880155 0.1337139401890561 0.13148514986339557 0.1280440509895189
0.1329929092380402 0.1370195919511014 0.14006475976020377 0.14168042278667536 0.14159986839370972 0.13980892687320287 0.13654062095686373 0.13219400239861426 0.12721406381392036 0.12198329870302446 0.11676215155142264 0.11168903881136187 0.10682698042553877 0.1022304429830943 0.09800311386541495 0.09432427965892337 0.09143641986980491 0.08960300539391784 0.08905401759010993 0.08993351185169739 0.09225481515012347 0.09586543808426921 0.10043057711396121 0.10545457836531823 0.11035868917236623 0.11460998395330796 0.11786015058267985 0.12003360595752144 0.12132459569755623 0.12211022373294757 0.12282395486646769 0.12383832335380021 0.1253843115509148 0.12751146955841142 0.1300822024858644 0.13279506579562478 0.13523619482849128 0.13695652544217587 0.13756288370269265 0.13679907025713064 0.13458922398961287 0.13102691029841868
0.13762399810164852 0.14208978702734545 0.14519409584706014 0.14637345678835048 0.14532446989247014 0.14209826508228035 0.13708314513366768 0.13088134416501934 0.12413799768078858 0.11739432098793638 0.11101069956605335 0.10516560173040763 0.09990834101739378 0.09523421445973637 0.09115306452843876 0.0877306635922756 0.08509437151291052 0.08340774943236315 0.08282777211502751 0.08345888272248515 0.08531280958845344 0.08827904285400215 0.09211283120862604 0.09645229419855496 0.1008744709436953 0.1049852951408065 0.10851644631189228 0.11139015143313838 0.11372441769598204 0.11577948398374274 0.1178706872413237 0.120278619955384 0.12317712532416915 0.12658639346472372 0.13035211096542565 0.13415301020552328 0.13754209226777375 0.14002363363243697 0.14115548369287134 0.1406492933039489 0.13843266865429874 0.1346473941329031
