_RESULTS/REVERSE_NEW/MHZ/IZ/8comp/MHZ_IZ_z_0_kriged_reverse_8comp_spherical.asc
ncols 100
nrows 81
xllcorner 5.5967107548124995
yllcorner 50.982328804812504
cellsize 0.00017565037499993607
nodata_value 1.7014100000000001E+038
[rows 18 to 35 of 81, columns 0 to 39 of 100]
0.0011209638964588587 0.0013123374600675245 0.0015362897664840214 0.001770029358621246 0.0019715696362258687 0.0021119704443902363 0.0022473117758804876 0.0024685527465264554 0.002852828359804844 0.003478748794289577 0.004450370090893505 0.005885655419208785 0.007777858735277932 0.010148077601718056 0.012940663654839117 0.01592492151524089 0.01880125951142312 0.020789120662005167 0.020640021286256742 0.01822529861330877 0.014009342707466295 0.010034513574288417 0.007205345809084568 0.005353168005016973 0.0041152863942323665 0.0031905567528084764 0.002415846775405308 0.0018039239442754372 0.0013505027546086399 0.0010269333957298556 0.0008165412742889876 0.000683683672598247 0.0006049504308675686 0.0005680431827200004 0.0005932812674391269 0.0006951452530573767 0.00088153150438874 0.0011054092434609265 0.001225359653010938 0.001292946638290276
0.0005538905899240088 0.0006404619352006475 0.0007475588086574846 0.0008706151840652644 0.0010350365324795691 0.0012473827566659296 0.0015335026434863137 0.0019478955112469608 0.00257408961207839 0.0035328554594485583 0.00499641677428522 0.007199623674416847 0.010357023097926547 0.014407207394228618 0.01921041291742569 0.024455993009986056 0.028971578808207145 0.03103416723229545 0.02916105219078876 0.023895463265719313 0.017872579831488256 0.01265718636971239 0.008857102836789768 0.006386814989924965 0.004800073866865985 0.0034862653363111336 0.002446997927854067 0.0016790852627200498 0.0011379935668096113 0.0007915576950673908 0.0005740055744058906 0.0004356658165913543 0.000347108704845224 0.0002913598220322863 0.00027018825473693975 0.0002797423919521222 0.00031148055495324264 0.000349163286829632 0.00039311588355972753 0.00046572828462395103
0.00025226536359859 0.0002842825293370356 0.0003335678630048604 0.0004000825612608135 0.000508590798746192 0.0006803934601532568 0.000951901198916751 0.0013872141903286549 0.0020930713836759627 0.0032380969228417637 0.005072131620806261 0.007931999838563833 0.012257337363095918 0.018356350624290262 0.025816111106549966 0.03345987834395819 0.039204148169630304 0.04091916584183162 0.037342433528695325 0.029423726236144636 0.02125001469251556 0.014615174778585776 0.009891115185107168 0.0068436629584353575 0.0048414826774412015 0.0033061883959419783 0.002161565322617204 0.0013716728732489642 0.000868133432893837 0.0005589393938602527 0.00037152259826053155 0.0002565805220049406 0.00018447705935555688 0.00013842400016120054 0.00011358860372467356 0.0001035816290580361 0.00010237838206195591 0.00010980292994725988 0.0001290622751456282 0.00016786833437959321
0.0001100523341886499 0.00011933658960426977 0.00013808108770352244 0.00017138757196929588 0.00023272031162582246 0.0003438386403162991 0.0005441550015611343 0.0009068667016702166 0.0015633694298818823 0.0027383964521171147 0.004791284716079789 0.008179474648913287 0.01335574605256439 0.020717979811479048 0.029982203678916453 0.03908559255674621 0.045514746850491776 0.046834467463404084 0.04203322793913386 0.0326222704759542 0.0226230344873443 0.014818472306632663 0.009555948261190349 0.006320491242055157 0.004166488210654854 0.002696827777648909 0.001678337905699955 0.0010088187665457803 0.0006051653421872725 0.0003668793347201039 0.00022593555581073728 0.0001425328771893022 9.276929247269461e-05 6.241653072384709e-05 4.539099713995097e-05 3.667668956185117e-05 3.4459800784407246e-05 3.65811656055478e-05 4.408407373083779e-05 6.141631829063888e-05
4.83868761139627e-05 5.009971588659294e-05 5.6530483433732684e-05 7.109099903022804e-05 0.0001021025952712843 0.0001663328039169889 0.00029843046373481154 0.0005719720494082344 0.0011352090639396694 0.0022586227041984457 0.004320743960051933 0.007824713167439715 0.013302828241223655 0.021049733665247143 0.030321401867630958 0.03953144927188685 0.045970771506994086 0.04705050978624985 0.04186517712292399 0.03209656675707486 0.02139535577179464 0.013177693206831148 0.007976745417598158 0.00496803753155671 0.003044140279608597 0.0018401962418175446 0.001123492797525115 0.0006703452547403749 0.0003884169655830042 0.00022153763223447978 0.00012748685549980707 7.444555425244877e-05 4.428551207943288e-05 2.7000518419052172e-05 1.7621778154876076e-05 1.3564009216165394e-05 1.233541273365075e-05 1.2781831782644948e-05 1.5425802156165245e-05 2.2557685401156767e-05
2.2452003439284286e-05 2.1983611893860392e-05 2.394632311493549e-05 3.018457778045725e-05 4.4844248236838535e-05 7.971867157634404e-05 0.00016280962210434976 0.00036140866964669716 0.0008199689005682299 0.0017940634449263044 0.003695180637200332 0.007054482064900194 0.012380454312043985 0.01961190594617573 0.027815633547677625 0.035464920312141476 0.040672609564574934 0.04161927590164142 0.0370372323887284 0.028009962457234226 0.017774534791198057 0.010163467610239217 0.005725475287104711 0.003325391350660411 0.0019070579455155291 0.0011025986069036447 0.0006509540692682674 0.0003838123853691901 0.00021981075854737414 0.00012267830087550927 6.70595202815429e-05 3.6917703464175975e-05 2.0620543183432782e-05 1.1800693161746445e-05 7.404246227617142e-06 5.586152845317251e-06 4.880258696682305e-06 4.841147474958886e-06 5.6320814424662485e-06 8.309907889092647e-06
1.1324957351112727e-05 1.0330625806537123e-05 1.066822426286174e-05 1.3296319695621245e-05 2.061354128152109e-05 3.988381967479886e-05 9.218893206467135e-05 0.00023221480722454405 0.0005834876181607089 0.0013981805582632728 0.003085986603037178 0.006152414451346474 0.010946716180915377 0.0170637433242757 0.023500722901646585 0.02896680123391392 0.032290949969237634 0.03261902096313221 0.029195346179270158 0.02158291247605334 0.012705500507507095 0.006659721602594861 0.0035026472066923995 0.0019195205680882213 0.0010537260450847665 0.0005813261160372244 0.00032850173032802996 0.00019134576637985876 0.0001095791786042437 6.130703738944678e-05 3.355501259951661e-05 1.8025189803603496e-05 9.813197886723501e-06 5.551572146424182e-06 3.553482860566432e-06 2.6575287798158836e-06 2.2529790144347657e-06 2.120345639859912e-06 2.268790069133831e-06 3.125166557728369e-06
6.4013872298005575e-06 5.33617766579465e-06 5.0573287836207665e-06 6.052829185812532e-06 9.878382539690625e-06 2.1546006024735778e-05 5.682357778307944e-05 0.00015852816974498446 0.0004347035991762616 0.0011159949808261938 0.0025952420792657166 0.0053291239621798304 0.009380544521612839 0.014089828742777226 0.018432062519925616 0.021497897557874214 0.02284434390133967 0.02249824583120383 0.020648740929730652 0.014703225393458379 0.007595770670162755 0.0036944721560365134 0.0018711391906291782 0.0009855968211627492 0.0005164225931726381 0.00027402977294246526 0.00015022491143205913 8.651086882676763e-05 5.041855267998375e-05 2.8976485560432856e-05 1.6400549972878113e-05 9.106079648759243e-06 4.9716260484499e-06 2.951702615867639e-06 1.975664510336624e-06 1.4960012023206687e-06 1.2736623908712828e-06 1.1762991839032958e-06 1.157749822023128e-06 1.273698687901103e-06
4.243703424751846e-06 3.1890661814284595e-06 2.6452409407195028e-06 2.8454903114870874e-06 4.919839106729968e-06 1.2937534381096177e-05 3.947267162847094e-05 0.000123213329981277 0.00036648946487471886 0.000991014750824335 0.0023490816000685906 0.00476117893890843 0.008022375511869706 0.011253240534386614 0.013558730697134787 0.01452418686402858 0.01424482130856022 0.013058354949828783 0.011059680439552196 0.007431434930562334 0.0038288555328288647 0.0018352344572788836 0.0009148685010499958 0.000469259386938744 0.00023781276126754307 0.00012309577902204665 6.648327855366186e-05 3.818890190645099e-05 2.2989456453885546e-05 1.3790635776530633e-05 8.198217975846659e-06 4.798178782113686e-06 2.80714335868377e-06 1.802769663090848e-06 1.2879010034189583e-06 1.022386620759378e-06 9.203045196649286e-07 9.078353788857259e-07 9.664785953654392e-07 1.173232611732527e-06
3.50131895113473e-06 2.421050967119175e-06 1.7174965422611149e-06 1.4229040950037597e-06 2.6825941807812507e-06 9.414127946963429e-06 3.3984050271826055e-05 0.00011637125491634944 0.00036877327420031764 0.0010374875586384718 0.0024740750787844165 0.004787281458247331 0.007324097098103848 0.009169479495616556 0.00977998498038916 0.009311999609530833 0.008187114827668271 0.0067198498303883995 0.00496225154275746 0.0031346561933587955 0.0016878120660264076 0.0008293468419349835 0.0004123560361854426 0.00021136495110587338 0.00010626799433645081 5.4346277901252924e-05 2.9255600224548914e-05 1.698381256429127e-05 1.0655098195657882e-05 6.790089069675045e-06 4.322016569252046e-06 2.7197923602521994e-06 1.7873075894728298e-06 1.2692973098780722e-06 9.828681332840924e-07 8.500944559509524e-07 8.494638552182054e-07 9.704173664403152e-07 1.3005951240637182e-06 2.290818352633379e-06
3.7820051434453116e-06 2.6087659665124553e-06 1.8244224033681594e-06 1.391031127437691e-06 2.7419915704465074e-06 1.0545077337990045e-05 3.9752973133145295e-05 0.00013998464416227762 0.00045357510370024236 0.0013078888078670635 0.003123113268757037 0.005643423481258654 0.007475610987616635 0.007837899728745594 0.007095882292455486 0.005834379790750242 0.00450155111469217 0.0032399921251050944 0.0021522825691202693 0.0012937439077012644 0.0007033098401215598 0.0003507296286946417 0.0001764898812207534 9.199963863890372e-05 4.71577676956969e-05 2.4195698007843444e-05 1.3080910815643164e-05 7.762424737063645e-06 5.14017993570421e-06 3.549418848088579e-06 2.466424945535341e-06 1.710741698318317e-06 1.2727967651235075e-06 1.017006912777251e-06 8.727860408309601e-07 8.449002091480784e-07 9.536369593856386e-07 1.288794246267231e-06 2.14727525469341e-06 4.712938715585511e-06
5.380757080563349e-06 4.092138475843339e-06 3.4161306081843807e-06 3.6978759532132796e-06 6.682944749043179e-06 1.8905460399043646e-05 6.218272553312233e-05 0.000207225778209501 0.0006608748593661764 0.0019323556830087045 0.004727737872137685 0.007894729344187518 0.008434281582094675 0.006958613298511498 0.0051566225947591296 0.0036136049807169923 0.0023956589792681103 0.0015171045123983672 0.0009179833133593676 0.0005288028935152834 0.0002858364812211774 0.00014433774521815167 7.443559083571452e-05 4.0031686174416776e-05 2.1263904975913556e-05 1.1195162499014563e-05 6.101993784329494e-06 3.718281034694835e-06 2.649131620888311e-06 2.03081599199302e-06 1.5680609643429947e-06 1.2088913042814197e-06 1.0058193424144772e-06 9.058694670336361e-07 8.80558608268434e-07 9.626339856787555e-07 1.2338165256955632e-06 1.920803182046059e-06 3.7738863574896743e-06 9.311880371928427e-06
9.703830623514982e-06 8.414404994730355e-06 8.400070066833648e-06 1.0622510194693463e-05 1.8283122749523285e-05 4.218913769423241e-05 0.00011599764676116609 0.0003430560811388129 0.0010289184835616117 0.003013886092161322 0.008088170185316842 0.012963340014474547 0.009633975018820308 0.006047156554743718 0.0036322860384947414 0.002141515919264457 0.0012347892431641082 0.000698701383506555 0.0003906312745729174 0.00021603445777909378 0.0001153614622892617 5.9717431957643534e-05 3.211490309576645e-05 1.81013982177055e-05 1.0177983413289852e-05 5.569993261294604e-06 3.075282284839829e-06 1.9049857974365153e-06 1.5162079915886424e-06 1.3276220183195983e-06 1.1300818769220486e-06 9.581116035092697e-07 8.832342868639014e-07 8.880306826070072e-07 9.769963414327577e-07 1.2008811894948155e-06 1.746225597505708e-06 3.044637652768783e-06 6.54164803450635e-06 1.6594820495932695e-05
2.070375701714556e-05 2.015285640404222e-05 2.270895683533549e-05 3.026767858813032e-05 4.943672207098773e-05 9.880216562432341e-05 0.00022911228855312154 0.0005787649907177523 0.001516781000469586 0.003986032807062448 0.010088864313848823 0.01494770841078494 0.008720306361684351 0.004604758665026846 0.0023642342251783692 0.001204821040094769 0.0006167993051507725 0.0003169010117777575 0.00016614919928941975 8.899307458701508e-05 4.739647642407971e-05 2.556192821773161e-05 1.469576626363932e-05 8.870687238637464e-06 5.443379997034348e-06 3.2052391371645753e-06 1.826754078235197e-06 1.0539615116099912e-06 1.0592368122937852e-06 1.0334981150202007e-06 9.410793863656752e-07 8.602389711200856e-07 8.600725816396491e-07 9.473463337602708e-07 1.1575780978452264e-06 1.5853094970285354e-06 2.555176621955673e-06 4.904788680575326e-06 1.0617226303451685e-05 2.6640576621176387e-05
4.931370630105916e-05 5.232383441956329e-05 6.305288322730563e-05 8.453699597558885e-05 0.00012949449588135585 0.00022809644917908198 0.00044881561495398496 0.0009446981140309538 0.0020281207257752424 0.00417595409474177 0.007323242349165322 0.008361122507301618 0.005720151686754965 0.0030155212041302125 0.0014323103153289992 0.0006562790956918948 0.0003022767088338347 0.00014250109823123774 7.079695602036238e-05 3.719218280235731e-05 2.0257835890915434e-05 1.1735203486846016e-05 7.382754929190702e-06 4.919521707456561e-06 3.3899449180137597e-06 2.2754155688160074e-06 1.490735622573923e-06 1.062478859446847e-06 9.742939997889444e-07 9.461060257688546e-07 8.752680056417912e-07 8.297550465914985e-07 8.735663153929658e-07 1.0315101431559534e-06 1.3798305867276607e-06 2.0957192314364758e-06 3.7066672557687065e-06 7.4151254219644785e-06 1.6140818278724322e-05 3.90227897580235e-05
0.0001229977631273676 0.0001393532207887397 0.00017344977873846553 0.00022887002786559256 0.00032566589552722534 0.0005070935059153106 0.0008470399322053805 0.0014652342655308574 0.0024993624167290165 0.003928218662558211 0.005151581257632593 0.004980820274525578 0.003427884291666345 0.0018318030476271072 0.0008382854011648477 0.00035365881282810373 0.00014639058343142547 6.279705139407261e-05 2.9408991961026934e-05 1.544667681820431e-05 8.995023569906195e-06 5.879285392670444e-06 4.188592662981719e-06 3.153084224289161e-06 2.4231656967901174e-06 1.8417789557885147e-06 1.384009651066515e-06 1.1091453475461613e-06 1.0022480326765693e-06 9.39268681873875e-07 8.62557721423823e-07 8.290122359097411e-07 8.95167714897861e-07 1.1007366812324333e-06 1.5668368779800015e-06 2.5746173660276526e-06 4.820508954267291e-06 9.888343622789166e-06 2.1991872320320866e-05 5.267036456927046e-05
0.00029945538548642263 0.0003541940735924707 0.00044396610125901215 0.0005674083010962055 0.0007487679263958398 0.0010348236075894768 0.0014827897100454963 0.002133584175687912 0.002945114384692229 0.0036801042200461835 0.003901042368461784 0.0032955823579706965 0.0021252729758960724 0.0010881579928548272 0.00047102859194842893 0.00018317650077304172 6.794517244008874e-05 2.589782985047441e-05 1.1161326456405793e-05 6.010142550425166e-06 3.997316076388574e-06 3.0814305333242107e-06 2.532020911882322e-06 2.117242707097728e-06 1.7992118722702416e-06 1.5483124385227795e-06 1.3134851503463775e-06 1.1400738385042487e-06 1.0485849456584973e-06 9.651162509369831e-07 8.725885736673303e-07 8.296179383727917e-07 8.964155428851787e-07 1.1204513264529447e-06 1.65370285562162e-06 2.877650200352558e-06 5.5047955452430456e-06 1.1488100706517973e-05 2.5762876730699607e-05 6.109852181908412e-05
0.0006987669501957744 0.0008453590333802404 0.001044809778392832 0.001275465057553403 0.0015618937629467335 0.0019296228809001685 0.00240582390559014 0.0029487361441345823 0.003416229169487808 0.003565992564929889 0.0031712036026141925 0.002325718097373417 0.0013677302603653753 0.0006581434036944955 0.00026909235443978635 9.744077013832754e-05 3.259289550459154e-05 1.0655755929372404e-05 3.864995513173354e-06 2.2336999206548196e-06 1.8907743798302031e-06 1.739571028346508e-06 1.6006889740542804e-06 1.4681574470315112e-06 1.3581963423495036e-06 1.2817518164635367e-06 1.2238405290650108e-06 1.1626877233081749e-06 1.1000662736221006e-06 1.004498526745343e-06 8.948950619228568e-07 8.273843144523393e-07 8.6998043509095e-07 1.0646372133349282e-06 1.5638563162430236e-06 2.794648049413838e-06 5.449845992965033e-06 1.1554593425294259e-05 2.583992715606672e-05 5.940038547638642e-05
