_RESULTS/REVERSE_NEW/MHZ/IZ/8comp/MHZ_IZ_z_250_kriged_reverse_8comp_test.asc
ncols 100
nrows 81
xllcorner 5.5967107547500001
yllcorner 50.982328804750004
cellsize 0.00017565049999994641
nodata_value 1.7014100000000001E+038
[rows 38 to 56 of 81, columns 44 to 87 of 100]
33.874484687478066 34.12292993811585 34.35931308605145 34.562390576764045 34.71789643715905 34.82149840625295 34.878694299348815 34.901795108459204 34.905119389171205 34.90009940247561 34.89196092258652 34.878981898755654 34.85431631156135 34.8094316504841 34.73775013609458 34.637241832530016 34.511341770372034 34.368334296404015 34.21991852211328 34.07979156881667 33.962795144889206 33.88490977701253 33.86341203442965 33.91119542950196 34.01980014825181 34.151803975909914 34.26155888398778 34.31641231597283 34.300917585921354 34.22523523154527 34.13719071777175 34.08083145551475 34.0430094749432 33.98872241043775 33.90439491411615 33.79251404910898 33.659939698497524 33.514520183439615 33.36341217026077 33.210506540247096 33.05466867169839 32.89152093601201 32.71790118323141 32.53591494187579
32.68778934251519 32.90187772950961 33.155924308219184 33.427919495596754 33.698223560125754 33.95360680048832 34.18843617939862 34.4028130480839 34.59869858341026 34.775860336110256 34.92943770514202 35.050086782955944 35.126489832413135 35.149073441179 35.113421806106984 35.022145434481715 34.88469322722108 34.71545387350313 34.53109003707745 34.348044315265774 34.18070726024675 34.042200754627835 33.954629781088194 33.95995305142919 34.08140721962079 34.26613771351039 34.42800516865709 34.51726325627139 34.519808102511455 34.44770211608169 34.35415089214451 34.29882729581251 34.27710803289875 34.24955696565989 34.197133861917564 34.11791789115202 34.013883346801116 33.88840417005899 33.74584713255295 33.58899991450281 33.416801429383156 33.226609841611484 33.01897458483995 32.80078445039842
31.38692798334634 31.585988472077858 31.882802937544753 32.25242842610909 32.667540725836645 33.103824178944755 33.54268129502154 33.970677611538704 34.376652738625914 34.74846743325973 35.07132033603192 35.328580972693544 35.50481974341648 35.589777067049 35.58167393668821 35.48856157327292 35.32719978838492 35.11990919471658 34.89047533261261 34.65990616528006 34.44156522796307 34.23859298894129 34.06781039978611 34.01516291442468 34.174825566546474 34.47321841672925 34.74151227602415 34.898095510326584 34.937506267855376 34.880033078101874 34.77954003937144 34.70252781217824 34.658117682150525 34.61373156693027 34.55036783358466 34.46400886633199 34.35389232683568 34.22133435319141 34.07047861712799 33.904251432859404 33.720206081937434 33.5146464554452 33.289345821016106 33.05370805500844
30.049583414552327 30.25570155333554 30.619615661266913 31.11129701918497 31.69382262126583 32.33024925642232 32.98796397391022 33.639529146600616 34.260808027483094 34.828414320142564 35.31852415013266 35.70806768479577 35.97804779840448 36.117747575713366 36.128138758001135 36.02302685138735 35.8272986590867 35.5727135745978 35.29241065915707 35.01485983432108 34.75575814055227 34.51051813787049 34.28773874949497 34.207766768011986 34.423571150495754 34.83676481992692 35.206152412441014 35.42653603217866 35.50012791676804 35.45409071136489 35.34118377737072 35.22785315413542 35.13488469695677 35.042170350700005 34.93539927258829 34.81077182750105 34.66649823864477 34.504268713004485 34.33191571703908 34.15464629988702 33.96591647466872 33.75691646312991 33.52844579631575 33.29109876819514
28.77979245069368 29.014677593819744 29.46485505584544 30.09340797534927 30.8526521112023 31.692498151946253 32.566454364602194 33.433882096853026 34.25906356408499 35.00910777373422 35.652849951534805 36.161993925348064 36.51450251174078 36.69909634709547 36.719040123821536 36.59348839373445 36.35551681214167 36.04717171401434 35.7127800555102 35.391520171597946 35.10816658446127 34.865250089040636 34.676976634104925 34.65947940177444 34.936986663535556 35.39005952374386 35.79011962362325 36.03795649722851 36.127821230028275 36.081717559412866 35.94842171589476 35.7907904791438 35.63645951316943 35.47786945652984 35.30791691211155 35.124663663432834 34.926106827444706 34.71700828315143 34.515292921671154 34.33155753644909 34.14984267857846 33.95032697445901 33.73128706730127 33.504465067845935
27.70354010355691 27.98543562687276 28.53207929614554 29.29835475388759 30.225531552306933 31.25109058643916 32.31632912667 33.36989141486643 34.36746444988219 35.269628919708495 36.04027451158951 36.64728354287363 37.06588182661824 37.283601618991 37.30481346249425 37.1527433772189 36.86777063790977 36.50212059447836 36.11217889587494 35.749890249564714 35.45370107912296 35.243536159170915 35.145851723528814 35.2377740709449 35.56177284647778 35.998952485603034 36.38405831517129 36.63298188550463 36.723744181620724 36.6680898711088 36.50970590314778 36.306253271731904 36.08815440735955 35.85839669156709 35.61757702106525 35.36579102567886 35.100665394224066 34.834290895718446 34.60383856167117 34.42647513951469 34.267648705468524 34.09061023159364 33.891342794152685 33.683871772857515
26.955692936278435 27.29709822264914 27.93925749821944 28.827925273942483 29.893805999068356 31.06394307101822 32.27084406856294 33.456892919636374 34.57395739184355 35.58032241152528 36.437911057180905 37.11218093023933 37.57551060520828 37.812972212378895 37.82807881272559 37.64598467268295 37.31254923137735 36.889054790281286 36.44364063421774 36.041279232463815 35.73421561611918 35.55774060065225 35.542502028555376 35.721683888975306 36.07547646714522 36.4975849014034 36.86856692793151 37.11265577407333 37.197889898217966 37.12966965983439 36.94726638312128 36.70210198375447 36.42509389209298 36.12789286797071 35.81771544491619 35.49520870049295 35.15839756244926 34.835916254218176 34.59237963725707 34.442524210204965 34.32175957740043 34.176572571529974 34.00403960007079 33.82162894920003
26.660650840280198 27.06701684647837 27.792038059428936 28.77163146764919 29.927072922754615 31.178244628573772 32.45409801448095 33.69715803182286 34.861847878719985 35.90933913548987 36.80283986131524 37.506539689655426 37.98932953886081 38.23191178250237 38.23432923760104 38.0208776748145 37.640403432473306 37.16136385080016 36.662406476298806 36.22048028402109 35.89943317475474 35.74383514375625 35.78083537132027 36.01216448107469 36.38693281932764 36.807169047646916 37.172841668111154 37.41239133937923 37.49114549455791 37.41214708293945 37.21029393962705 36.93010474910245 36.602563877735754 36.24632285862951 35.87234152294359 35.47955915312922 35.073618491829414 34.716882270264534 34.496763746886955 34.39879476288532 34.32318937056028 34.211947497659814 34.068926789773506 33.914580470508945
26.910707482138456 27.379560079391524 28.163405303670064 29.1879775164192 30.367104659849236 31.618150948998615 32.873343571080454 34.08311049732825 35.21158808559721 36.22818631798147 37.10038785604425 37.79180174777918 38.26668672991544 38.49903580264037 38.48250057054724 38.237527040313935 37.81327271347946 37.28321915437348 36.73483767214541 36.25542168785424 35.91797503219914 35.7720962576048 35.83917033021599 36.101064980807486 36.49152469431309 36.915006691269355 37.27864270708869 37.51395983757841 37.586900862960235 37.49951846538249 37.281696172928456 36.97177203838913 36.60145588085077 36.1934686731183 35.75717821280449 35.29128428455785 34.832357482935976 34.493468456861194 34.34863177891644 34.319261096880886 34.284786957705236 34.20355342310516 34.08982788089916 33.96459855045184
27.74451264926619 28.26436197250701 29.072274430220467 30.08444463133213 31.21054545011016 32.37139085075566 33.510198583932606 34.5931763427671 35.60072764671414 36.51490473431602 37.30956056152121 37.94778994947588 38.38777410647102 38.594447610998046 38.55237887360891 38.27555079403114 37.81115914101743 37.235860351505494 36.64436214016755 36.13261229108478 35.7807540309364 35.64139266607679 35.730287743715664 36.015356518055945 36.42037489262685 36.849250435979386 37.212079134075104 37.44303459630407 37.509568247231314 37.41267097579832 37.17755283683548 36.83864810027051 36.42789144160959 35.965342285057176 35.45270371308942 34.908329438617486 34.443680293206214 34.20517528716876 34.1810269977762 34.219236237432 34.21525912485611 34.159322954593726 34.07398514371723 33.977790461796204
29.127122417374807 29.676279056513405 30.46446614527254 31.400865278712164 32.395769935918224 33.37996356318766 34.314870514887346 35.18883666923065 36.003004222464426 36.75450967147429 37.424306578297816 37.97442643262565 38.355582940591184 38.52184801239096 38.44685360917245 38.13646826544187 37.63460104390564 37.02002238056553 36.39353196017161 35.85813760518904 35.49972842637337 35.37365861882506 35.48996947717921 35.80345809335721 36.228820993683875 36.667992642155376 37.0323824948712 37.25834089125403 37.31480012030083 37.201983002425024 36.94249265893369 36.56868301138708 36.10769766033945 35.564569671756736 34.940224228531875 34.33457479477578 33.96367603727419 33.91187996168537 34.01878441370989 34.10540526900971 34.12177031162064 34.08889667171031 34.03124528530634 33.96312240083781
30.936165066127824 31.481473324824893 32.200836464286816 33.00232247194551 33.80069404970512 34.540780381664696 35.207647101637754 35.815628913649064 36.38813597704928 36.93740518906425 37.45076517858753 37.888226002022485 38.19211720125836 38.30490122995609 38.18875842795988 37.84119755276016 37.30283950399705 36.65450677122263 36.00215008813687 35.453835388985205 35.101717986733966 35.006937212467356 35.17058645751858 35.52948666977321 35.98851898738052 36.44720776757755 36.81739303516949 37.037125984136395 37.077045156874945 36.93819727168892 36.64327486757329 36.221773037344235 35.68496597038089 35.01269115652516 34.25351129518987 33.671547517922114 33.517114525339295 33.67897160022622 33.87703679554766 33.98450025695243 34.014924636075015 34.004333640608564 33.97300218367668 33.93082663233989
32.94779372615906 33.428078139072085 34.02983147449045 34.67456721887449 35.254525803397655 35.719765590363686 36.08984339781911 36.40956919478904 36.723617817586934 37.05714586265342 37.40200289275978 37.71515985983982 37.930458103141476 37.97937228589034 37.81371493429622 37.423987722278575 36.8488851630759 36.17163234038065 35.500116200766655 34.94346766446118 34.61222932887688 34.584737961360176 34.833730741201116 35.26496826852391 35.77628198799437 36.26665278576253 36.64806317450526 36.86017941564529 36.87644643848874 36.70136120744066 36.36067766198051 35.88072902631686 35.251359917061436 34.441472315746665 33.61249350950994 33.174087272907926 33.25785480090143 33.54708282940583 33.7630906921579 33.86778291055039 33.90875029393402 33.91860234656979 33.91052090453835 33.89077931694605
34.71565014569894 34.91681300236962 35.395469768576675 36.072632977670054 36.55644267630649 36.77716821463737 36.86239104210334 36.90810021602116 36.978783082932864 37.10891627349394 37.2924495370422 37.48258303232402 37.60555392808902 37.5838899878928 37.36168197417314 36.92522271555178 36.31330333842117 35.60830645498434 34.90192980674961 34.302637183753944 34.01623316425499 34.14495725375238 34.54431038133049 35.079133354914916 35.66146960570586 36.19541952193373 36.593215550654165 36.79657569673833 36.78349108857075 36.56500513651468 36.174570987717786 35.64445436877017 34.965344592406986 34.127666927007674 33.36669544024562 33.0793807294575 33.245531665162154 33.50861821467337 33.679547737497764 33.76861964560915 33.81679351681243 33.84289786312109 33.85315060989464 33.85113715107672
35.39014720323663 34.79206873678853 35.37995826191877 36.76737349588552 37.52234509831405 37.59830313253153 37.446339128068836 37.26225467959626 37.13007912832105 37.089483543707665 37.13404732165749 37.213013739609366 37.24690099853692 37.152558752372485 36.87023758178224 36.38560558240297 35.73692167550339 34.97900486035929 34.111090719698886 33.3284563903029 33.22420593102446 33.7352453730243 34.36828464850165 35.02738835505594 35.69285174152129 36.27815573956968 36.69519897259696 36.888421556854226 36.842023954736156 36.576080803405496 36.13614279250705 35.573603230613045 34.91382567138798 34.18167377014707 33.56317341141999 33.31546472553016 33.38323380971104 33.52403105686753 33.627881070325984 33.69769396264722 33.748422287489035 33.78462467481291 33.80713338458984 33.817515847795136
35.131524293812944 33.71360143615359 34.656634107008735 36.97814601772629 38.12316900258716 38.123749289761996 37.79822439275064 37.44587382771125 37.16579278583183 36.998520420416746 36.93516149750916 36.92155532698593 36.8752652569388 36.71159475949655 36.37147066004392 35.842514000438 35.1470660891856 34.20238965200639 32.77215094505303 31.691793276235185 32.278259013083066 33.47839310889915 34.36067665348488 35.13726176808944 35.88725214528129 36.5244830441796 36.959297750347744 37.139615191754835 37.05686094772136 36.74099713033592 36.25003336157859 35.654981392146475 35.018752949461174 34.3943497617898 33.88343607484789 33.60609304344594 33.53866003532326 33.562811195310886 33.60934033256677 33.659704822409346 33.707253257650635 33.74674047482143 33.77528431197409 33.792806766020725
36.00960565260759 34.639155695138996 35.518935801017115 37.568333396073946 38.49338754328114 38.35792160092974 37.91546603562689 37.459415241143915 37.08879765844231 36.84057259707006 36.7020680151943 36.61710525260432 36.503692553539416 36.28008069437901 35.89204974503339 35.3270320625856 34.54188526269544 33.12150243435106 30.79188858982324 29.93832905454095 31.761312623916112 33.529661915877796 34.53058220535639 35.39930840137069 36.22463082752052 36.905518584904506 37.351128931224814 37.513670320201996 37.39201002861231 37.02543033242796 36.48219041847503 35.84541368976827 35.19693823136996 34.6048660363764 34.12984427346959 33.81999654906768 33.667356664970875 33.617597260025555 33.62229521448188 33.65272643610362 33.691579531464185 33.72827109055469 33.757425225064495 33.777531155027454
38.00930743105633 37.23232112411786 37.557053407714356 38.411313808650384 38.66846292619333 38.34417118279711 37.83182804859844 37.328306249146145 36.91668420212119 36.62674496584417 36.44186635161469 36.30597245846172 36.141161156247954 35.872803953237586 35.454189773100126 34.86485315376213 33.949879602079605 32.03653997293381 29.52834060131951 29.688442197436643 32.1894442395718 33.84693892127191 34.832710133583674 35.77092471197287 36.652057586880886 37.35970831720732 37.8040517829768 37.9422564812056 37.78014058486218 37.36482101366395 36.772245671276984 36.092217426394136 35.4127614231375 34.80620320130286 34.32180962574271 33.983243549501985 33.78281953864661 33.687635623380196 33.65999860724288 33.66977317883856 33.69600018219685 33.72552277433463 33.75127992577045 33.770521407252055
39.328442927718136 38.95367532104361 38.83648791410984 38.831183061437216 38.60491660397452 38.14680300961118 37.60672298114238 37.09671003826521 36.67913776851457 36.37514446642878 36.165127038831166 35.99563500701702 35.796179185873456 35.50234385228135 35.07603707572898 34.48898129331735 33.54779826677742 31.794283040519016 30.2369471262191 31.13372755094486 33.059195986832 34.24219740799207 35.203866409046306 36.1873007808768 37.095563455963564 37.80681656920227 38.23468953166907 38.34175177727889 38.139785709176934 37.681694025171105 37.04841205771999 36.333105689050605 35.62500911414019 34.995671137831444 34.49034493232573 34.12584707529339 33.89331179106912 33.766094943347476 33.71176764177974 33.70143441932134 33.713435227585855 33.733509742308684 33.7535114258557 33.76969837734525
