_KRIGING/CROSS_VALIDATION_CLASSIC_CLR/MHZ/IZ/train_3/MHZ_IZ_3_train_z_90.asc
ncols 100
nrows 81
xllcorner 5.5967107548124995
yllcorner 50.982328804812504
cellsize 0.00017565037499993607
nodata_value 1.7014100000000001E+038
[rows 0 to 18 of 81, columns 0 to 42 of 100]
1.2734439416070238 1.3057042010481457 1.3560542550725678 1.4250344389594023 1.5113856059849056 1.6117344839758392 1.7204830152400667 1.8299655403263202 1.9309081944903266 2.0131827864570475 2.0667982575692037 2.0830247775017234 2.0555081646357305 1.9812145801939298 1.8610535513874851 1.7000629696559439 1.5070988650897199 1.2940462524548835 1.0746422312050576 0.86306476449080627 0.67247811240179267 0.51373144605423882 0.39437985489716887 0.31814253299535267 0.28484237378462751 0.29079814519851155 0.32957804916597944 0.39298176498694914 0.47210198717587026 0.55832545702938141 0.64416236173418895 0.72383365876391892 0.79358954741920229 0.85177128935246493 0.89865765714404588 0.93615416102132443 0.967388214056772 0.99626878800169649 1.0270580992316791 1.0639888001515061 1.1109459421665502 1.17122077128532 1.2473345135429987
1.2486952507994573 1.2901269251184981 1.3540871814168884 1.441469096578647 1.5510713629957547 1.6792180808981705 1.8196107162909936 1.9634859965581235 2.1001201481936196 2.2176722569769964 2.3043039098045455 2.3494578922884326 2.3451362769069224 2.2869977630977321 2.1751025565036688 2.0141722124512551 1.8132973401927792 1.5851076116021403 1.3445017836322659 1.1071048990459413 0.88766217569035888 0.69858628005407475 0.54884574271264164 0.44332350024741629 0.38269792923076551 0.36381912211832201 0.38048489107196026 0.42447491374326773 0.48668295298059228 0.558195664733665 0.63119662720174574 0.69961726013765002 0.75950282932297242 0.80910355308556525 0.84873233610946741 0.88044931785047176 0.90763950139792016 0.9345454997814695 0.96580623467506044 1.0060377837936212 1.0594776313735181 1.129700725049533 1.2194065022885834
1.2158247252823671 1.2664136211089883 1.3443054333794002 1.450786923424241 1.5847398937790178 1.7421931005760243 1.9161359189123743 2.0966773982053688 2.2715969073773969 2.4272792943879899 2.5499653830283453 2.6271879708749122 2.6492161298957715 2.6103075873442272 2.509577875078449 2.351337714428352 2.1448218798778225 1.9033222604629785 1.6428292702796625 1.3803621805360464 1.1322158721465954 0.91236020852573141 0.73119768598813017 0.59482206724758413 0.50483830853274725 0.45871826349687694 0.4505928188075643 0.47233092231169671 0.51473520052904398 0.56869199998727282 0.62614488273051627 0.6808057450048608 0.72856684370253433 0.76762143621134804 0.79833450070924172 0.82292535354757845 0.84503108662441662 0.86921589665087673 0.90048000116224003 0.94380664197757014 1.0037700325846171 1.0842136729343004 1.18799900545201
1.1719631607520942 1.2309741354727546 1.3222539457421867 1.4475125394237995 1.6057353971007817 1.7926678921600701 2.0005920355434572 2.2184886363226717 2.4326362410026352 2.6276392723671069 2.7878093564973252 2.8987571884103911 2.9490003812033176 2.9313675474533447 2.8439885391488335 2.6907073010809022 2.4808317674544718 2.2282323238460151 1.9498994974418942 1.6641544164775226 1.3887566394483741 1.139163883617023 0.92716597332190176 0.76004837155994487 0.64035285653209861 0.56621134790120919 0.53214998714444661 0.53020666657471693 0.55118240683770026 0.58585474547439453 0.62601347507281702 0.66522609537493693 0.69929177725567726 0.72638938844005807 0.74696092074682596 0.76339353103968399 0.77957143086704406 0.80036531069282013 0.8311153744021702 0.87714826418349112 0.94335178731340719 1.0338173697210831 1.1515506116778091
1.1142392631799058 1.1801386117337103 1.2832936860785935 1.4258535504686964 1.6069223613756094 1.8219794324753522 2.062622910379778 2.3167385603353399 2.569149142150847 2.8027353565223017 2.999944925691107 3.1445342910873926 3.2233315870925949 3.2277827632528897 3.1550535748879263 3.0085105607928213 2.7974880920322143 2.5363527742079341 2.2429826161051061 1.9368669284953874 1.6370874175496635 1.3604516305393766 1.1200158838239069 0.92416401615919419 0.77631555022158061 0.67524017468683439 0.61587214076158325 0.59046111150400371 0.58987157483048769 0.60485050513854333 0.62711609874309104 0.65016915086539129 0.66978213390312646 0.68416983442614132 0.69388295992094839 0.70148929824305384 0.71111577009153848 0.72792131467974386 0.75755856998479665 0.80566579418560202 0.87741329821934322 0.97711409898674617 1.1078989300245095
1.0401659406123152 1.1106195978897837 1.2231509162350651 1.3803492009594542 1.581446376320832 1.8216790120346662 2.0920052404054204 2.3792851530547718 2.6669828311677186 2.936378347878609 3.1681982295198523 3.3444961153366037 3.4505564789731515 3.4765666732781675 3.4188150901791445 3.280227617577161 3.0701442122939007 2.8033479987697767 2.4984714456942676 2.1759973425580661 1.8561293114854607 1.556817414831368 1.2921883386961035 1.0715551960082497 0.89908480163284743 0.77409923340000653 0.69190156493190358 0.64495618075076955 0.62422856136671534 0.62049710944567416 0.62548375646475485 0.63270042468933241 0.63796372629115439 0.63958082900463964 0.63824843680624355 0.63673103143259269 0.63939376718090024 0.65166193694984642 0.67946637253073661 0.72871672072311355 0.80482640422058616 0.91229786553305914 1.0543671256013099
0.94806806415526168 1.0200282952135566 1.1385357249417343 1.3066059515761417 1.5236019919849806 1.78454735326061 2.0798247033521271 2.3953740300793847 2.7134493298314837 3.0139181180093715 3.2760035086815087 3.4802881980727634 3.6107388361275383 3.6564817938581271 3.6130761418124759 3.4830881397200635 3.2758664095195247 3.0065330358131135 2.6943227729572481 2.3604990291678938 2.0261336894939497 1.7100480241839549 1.4271735019452318 1.1875134395939231 0.99578540512495373 0.8517197513810757 0.75090006662866315 0.68597029411018262 0.64800730948767971 0.62786592826813603 0.6173386396811047 0.61002420522090972 0.60185615149171312 0.59129418053478844 0.57922168210160407 0.56861744242293 0.56407908669380724 0.57127196660791846 0.59636380892631458 0.64548686779641962 0.72425002905145597 0.83730731883596476 0.98797967946456389
0.83748859493950967 0.90737070062164094 1.0277430684641971 1.2020192332993087 1.4296913516075467 1.7056058153833948 2.0196539082358829 2.3569945717757559 2.6988671757281644 3.0239730197451493 3.3103159746049755 3.5373097778914264 3.6878979196539028 3.7504057577283838 3.7198622230072544 3.5985911130827226 3.3959715200660874 3.1273873996436539 2.8125065909650626 2.4731279160357662 2.130893467697712 1.8051718743086234 1.5113772369871565 1.259907331074162 1.0557805161244538 0.89894373165453523 0.78513276095607232 0.70710431469767343 0.65603381921358128 0.62288192642523832 0.59956940744764076 0.57985337124993386 0.55985599803899966 0.53825010444811916 0.51614682150437474 0.49675595468934652 0.48489891529844442 0.48644962962814553 0.50776430121113414 0.55514089511012443 0.63432850782953842 0.75008981734656466 0.90581010289825237
0.70950161991676453 0.77343934552915172 0.89113762627504833 1.0663666496981339 1.2987411565994496 1.5829718842626352 1.9085594959552665 2.2600489006786066 2.6178985489563331 2.9599363535953653 3.2632828459618715 3.506538124217947 3.6719681869963345 3.7474022366785338 3.7275737939718692 3.6147052422679167 3.4182389592450626 3.1537417998773289 2.8411317859122054 2.5024743814591748 2.159652930039881 1.8322241060043307 1.5357251782934256 1.2806158603167415 1.0719310132879869 0.90961193755460634 0.78939232295317829 0.70405372151717494 0.64484080620825424 0.60283722332578904 0.57014097599728686 0.54073291516727373 0.51099128015120954 0.47985916934045747 0.44871324163365855 0.42100727904539959 0.4017731211900184 0.39705604142447015 0.41334567350177664 0.45704187149332043 0.53397250011073893 0.64896198231786073 0.8054394557493918
0.56686567226262774 0.62102163088698603 0.7314295659663852 0.90216422943174912 1.1329524793924364 1.4184148519817334 1.7477743315846315 2.1051486290637218 2.4704751046485782 2.8210315185729122 3.1334231898495783 3.3858233122755443 3.5601941999536564 3.6441965935684699 3.63251950824103 3.5274339021728434 3.3384801742685326 3.0813248943829414 2.7759443825269763 2.4443898131406545 2.1084430558202651 1.7874754844587901 1.4967747426717324 1.2465178900906029 1.0414613428423642 0.88130914600220933 0.76163015284327962 0.67513492428412114 0.61310037947905016 0.56674261035156448 0.52837800789702882 0.49226872892002227 0.45510874588521233 0.41616113501136098 0.37709878980149369 0.34162580065793335 0.3149648970406691 0.3032896879722351 0.31316279240861711 0.35101724809204704 0.42269426200853566 0.53303074611546641 0.68547962677640939
0.413969922592754 0.45486772874196291 0.55367326742205947 0.71470552392853826 0.93778965202346853 1.217503129712993 1.5429104150714643 1.8978984426208463 2.2621546699891493 2.6127412535478722 2.9261259623811036 3.1804482089209678 3.3577428956178483 3.4458284865644355 3.4395955863752263 3.3415068865416711 3.1612283530066012 2.9144372923747657 2.6209735894037411 2.3025943730603728 1.9806429517062671 1.6739418779116768 1.3971694621564605 1.1598904371125318 0.96630288438212908 0.81565547030132635 0.70319993035047013 0.62148639851970522 0.56178888543244909 0.51546276607500374 0.47507751342476823 0.43522484874381107 0.39296322608218226 0.347914099573984 0.30206673368890158 0.25937281479918539 0.22521933066151156 0.20586011847482588 0.20786697972738999 0.23763539156419711 0.30095336231961056 0.40262066746141478 0.54609451818856058
0.25655735386562561 0.28139724609544281 0.36496235504104924 0.51175011456136943 0.72166711729138378 0.98929361597274301 1.3036538531947226 1.6485984094284341 2.0038311687018719 2.3465240840430095 2.6533707738913961 2.9028506478443052 3.0774240556917949 3.1653678294703376 3.1619952495618726 3.0700824443632797 2.8994335454481153 2.6656416230296998 2.388219909841947 2.0883671868180382 1.7866767084581667 1.5010924964664856 1.245363040362756 1.0281523708494422 0.85286028621599108 0.71809740460107108 0.61867455727649734 0.54691198052436008 0.49405650475239327 0.45161187499922306 0.41243026636787405 0.37147076229365794 0.32619146706755764 0.27659619758076914 0.22499747735508535 0.17558127685982861 0.13386506922640962 0.10613122176710021 0.098896322948727189 0.11844892619817848 0.17045941328650294 0.25964246734213603 0.38944046382247421
0.10124757576609866 0.10816821281362898 0.17384503093980896 0.30288548629994594 0.49525775256881488 0.74558587511626762 1.0429637248900274 1.3713859212678017 1.7108179242199864 2.0388376970982929 2.3326911251284503 2.5715280925994843 2.7385403693586454 2.8227170973214513 2.8199731863744155 2.733486795202662 2.5731926513329082 2.354500227739905 2.0964186284301274 1.8193534988701501 1.5428808067896185 1.2837918733732732 1.0546472236819575 0.86298600761453059 0.71123097801024038 0.597225967546688 0.51526058500809135 0.45738679721658926 0.41481821156293286 0.37922222384457882 0.34375944654358292 0.30378291155315118 0.25717015729357051 0.20431492913860794 0.14784518004681857 0.092156850188020556 0.042857917752005648 0.006206236825020639 -0.011398577834917489 -0.003839276445276596 0.034377724430784795 0.10783743706557303 0.21994792016781339
-0.045080156991149423 -0.056824300282329432 -0.010466252780787499 0.098643044383958767 0.27051024654916667 0.49983566389389544 0.77587658608839227 1.0829265508065635 1.401421522127869 1.7095946386108842 1.9855139049333275 2.2092669240289435 2.3650171997503211 2.4426572969876155 2.4388283917626161 2.357158870465808 2.2076844452845368 2.0055308045482576 1.7690467284341356 1.5176521194941799 1.2696983306648999 1.0406226902127891 0.8416196990285254 0.67896061946427899 0.55398885083160287 0.4637195292378653 0.4018943486469837 0.3602970847067315 0.33012503833453621 0.30323323156570225 0.2731133706754747 0.23552753395217962 0.18877635724322239 0.13363403962912379 0.073021374417354679 0.011509799742972504 -0.045246546069835247 -0.091065981076404512 -0.11972171224810424 -0.12532391694033151 -0.10260718601899654 -0.047156417428546149 0.044380796502780484
-0.17595425209975346 -0.20591903505446396 -0.17897804664059436 -0.090506719947756054 0.059513292300096055 0.26587888176385732 0.51808160573198592 0.8008333287447531 1.095200745415033 1.3802601323510792 1.6351001529937594 1.840935987765679 1.9830651485877482 2.0524023149701911 2.0463791889732228 1.9690800481216595 1.8305917188274599 1.6456604217963413 1.4318479033168305 1.2074480933639506 0.98945153840549871 0.79182449779396791 0.62430812603303742 0.4918533383150816 0.39470606057368762 0.3290636066249899 0.28815093794544566 0.26352492210432743 0.24640800630616511 0.2288762730456142 0.20477242197955903 0.17027141086373376 0.12408493189540692 0.067341952449613274 0.0032201372150240104 -0.063576239073997343 -0.12739310282223393 -0.18217240750908381 -0.22190729396832154 -0.2409808332481731 -0.23439793092272865 -0.19794942427529882 -0.12836406800291122
-0.28592610259974727 -0.33251253580168694 -0.3237609651239346 -0.25513323380737774 -0.12663032432026533 0.056646298677923923 0.28446483833008074 0.54203189208970848 0.8111475690768124 1.0718487776295689 1.3043633349578378 1.4911391947490689 1.6186870341903177 1.6789875200630107 1.6702671926187058 1.5970324083682019 1.4693561631030541 1.3015206155490286 1.1102103981638685 0.91251249478006713 0.72399749786385748 0.55713218131901954 0.42021050873202626 0.31690219440567091 0.24642138180037598 0.20422981272655782 0.18312281584509549 0.17451081747898911 0.16970573297499669 0.16104659061897664 0.14274405014234048 0.11137921252502991 0.066048574965101636 0.0081961124614622349 -0.0587904214748729 -0.13012200607890456 -0.20019002810034259 -0.26310093281135671 -0.31310430748447615 -0.34488987002080762 -0.35376577197453152 -0.3357620090247142 -0.28772125307233942
-0.37103821440841322 -0.43162701612477861 -0.43863222986579053 -0.38765856101859697 -0.27876205203639692 -0.11695489889870281 0.087818098217642415 0.32128731885011597 0.5660270247043222 0.80307814061015215 1.0138439623838504 1.1820257006087278 1.2953455406292385 1.3468237729082038 1.3354325812317942 1.2660346918072953 1.1486170475034481 0.99693127027603445 0.82673678712850851 0.65389490532972339 0.49257438267506082 0.35380016973266493 0.24451359730914568 0.16722696337865273 0.12026406887618002 0.0984964318398589 0.094425107748461912 0.099427387389791733 0.10498728461856999 0.10375454784664129 0.090321224881902751 0.06165834146935012 0.017209093346895799 -0.041318262925745586 -0.11038014463870205 -0.18515322032673609 -0.26011645443775677 -0.32957348398744202 -0.38805574930977826 -0.43058223254494621 -0.45278968331822966 -0.45098027631443216 -0.42215411067474662
-0.42907642701682747 -0.5002418087779823 -0.51958260404472334 -0.48289667439775741 -0.39033578079988196 -0.24685353992756554 -0.062130497572658427 0.15006857293366238 0.3730713784490618 0.58889439454020653 0.78007501278079339 0.93151029344629066 1.0320604350482707 1.0756993090458948 1.0620532824797611 0.9962546550420619 0.88813400728257719 0.75087053942444548 0.59929526311997705 0.44808614776591327 0.31010020823749151 0.19505529209308392 0.10871110131882311 0.052617127035125222 0.024409576565028956 0.018564349154743809 0.027459680039758183 0.042576185187893856 0.055664180201583591 0.059734105940634663 0.049768390802395146 0.023103648694899448 -0.020517285462251067 -0.079179928109281761 -0.14924300814422331 -0.22589876215437066 -0.30375082669756637 -0.37732421964516227 -0.44144757317748429 -0.49148284568138045 -0.52341623078570088 -0.5338583879129466 -0.52002455690922034
-0.4595783048824682 -0.53735321000012348 -0.56490391607180612 -0.53826544141799459 -0.45773060169628188 -0.32824267445453259 -0.15927198989059654 0.03585800315819121 0.24115181072398428 0.43950910137930777 0.61449274969989176 0.75207308639253156 0.84211730184274991 0.87942204692777004 0.864148446173159 0.80160283450824288 0.70140014666339212 0.5761346961977214 0.43975061730005471 0.30584063759288505 0.18610189559713319 0.089142600091991042 0.019771000054644716 -0.021179611900503659 -0.036515449390895682 -0.031929906579065914 -0.014975039249677025 0.00608102825584389 0.023352739185334315 0.030259139090492937 0.022176595363823992 -0.003223625538492314 -0.045951959026311329 -0.10394938550542854 -0.17353560924315481 -0.24996547066203156 -0.32799860404239212 -0.40239803565342669 -0.46829734360613884 -0.52140984863789619 -0.55809156383122449 -0.57530496932653286 -0.57055506751877338
