_RESULTS/CROSS_VALIDATION_POSTPROCESSED_80-20/Berg/TZ/1comp/2/Berg_TZ_z_0_kriged_reverse_1comp_spherical_2.asc
ncols 100
nrows 90
xllcorner 5.6208707817415728
yllcorner 50.959635321741573
cellsize 0.00013419651685393446
nodata_value 1.7014100000000001E+038
[rows 57 to 75 of 90, columns 0 to 40 of 100]
0.08246054154495065 0.08684202562201618 0.08998971622774866 0.09175754527045822 0.09215946666059659 0.09133003293555861 0.08947218815724867 0.08681151697873013 0.08356404537480855 0.07991607430181752 0.07601196800558521 0.07194772338282193 0.06777289275349194 0.06366123049938273 0.06011563834472636 0.05708930181745082 0.05461422607405538 0.05282318799670926 0.05126150742201617 0.04970379639797892 0.04828125232509106 0.04707906039662147 0.04610309441626586 0.045030330783511374 0.0437878981272306 0.042377380743776345 0.04081311480326392 0.03912488412237339 0.03735732143915359 0.03567632211969947 0.03476306098699286 0.034689622439603246 0.0354745217339015 0.03715213248509541 0.03959747049343295 0.04292841680540891 0.04735240684625538 0.053153098523409624 0.060713687306701805 0.0705458686074911 0.08332086074897692
0.06658007622293227 0.06988822045226503 0.0725033314517687 0.0743105527496435 0.07528547391986493 0.07548032379128541 0.07499972865569389 0.07397487223232471 0.07254096247819161 0.07081861681992987 0.06889711629484888 0.06681711366847627 0.06455415124168953 0.06201791411015388 0.05927531446182371 0.056693032220474095 0.05437438168248062 0.05239316299405142 0.050323261092586474 0.048336330480078744 0.04658022467948204 0.04509032329370698 0.04360882082374132 0.04208416054706639 0.04051242796656401 0.03889424514183013 0.037238985613258994 0.03556635791472274 0.03390580414699019 0.03233102313073378 0.031415301497474415 0.03130229094573086 0.0319950044768508 0.033547441165211 0.035850972441822906 0.03896776031816036 0.04307870111653516 0.048428513691913366 0.05534151968854038 0.06423849455493028 0.07564868295663096
0.05488886550745589 0.057395376192055855 0.05954500858519304 0.06125545125158551 0.0624970277502764 0.0632886360889065 0.06368713659208276 0.06377390182498797 0.06364104024222121 0.06337758654712262 0.06305328767333471 0.0626942665467299 0.06224141957573372 0.06149052892092843 0.06008537459625542 0.05790604727345922 0.0555235179082711 0.05287629917362941 0.050175716026295704 0.047717679363076686 0.04555677506710299 0.043503975740643665 0.04154230072650946 0.039658284730053825 0.03783839972739111 0.03607459818073008 0.034366781860733 0.03272332799367168 0.031160294639688637 0.029700835326087457 0.028744867026065837 0.02856033283916075 0.029135437708874848 0.030520361898580053 0.03263629638497851 0.03549317982196024 0.039244987380434714 0.04409775618849016 0.05031936515372496 0.05824780583044227 0.06799168365023336
0.046314401856118396 0.04821664515055946 0.049974319863485266 0.05153136757221838 0.05286429394989656 0.05398169830937967 0.054920274866581485 0.05573882202842776 0.056511516450218686 0.057320632219796885 0.05824679455492393 0.05935004701420886 0.06062135326329753 0.06184657630037163 0.06231183665617609 0.060972307750037945 0.05786869639577581 0.05417300359132707 0.050724241769784004 0.04760686039009052 0.04477113248231884 0.04219657636824255 0.039846829581659395 0.037686193215640894 0.03568574892914391 0.033825437461883365 0.032097026922612445 0.030497646080941996 0.029025026344245305 0.02769024408725534 0.026685174098877433 0.02641013113856443 0.026857520310077855 0.0280640859149875 0.02997571434738206 0.032561683551076095 0.03595126755969145 0.04031608383374942 0.045870942280293626 0.052605830631470486 0.0604576686889282
0.0400920457482653 0.041534238576733024 0.042966120450436976 0.04435340656675344 0.04568093512884017 0.04695637913697388 0.04820940380581883 0.0494899744522644 0.05086663171125238 0.052425321019123935 0.05426872859916167 0.05651423350068131 0.05928094571061752 0.06261132387451382 0.06588771510392255 0.06531501480790308 0.060790161592817187 0.05589127000541097 0.05140517842839128 0.04750770410832412 0.044110971323494896 0.04112771168836782 0.038524603711655836 0.03627269967287311 0.03427731091219034 0.03247193258347611 0.030814603639555165 0.029283895159584544 0.02787530953584324 0.026597912619925824 0.025510628735041365 0.025030346902519846 0.025248511445452412 0.026203159249136604 0.027877682333613228 0.03020507831119208 0.03325816888393519 0.03713371482664087 0.04178154718613339 0.04722096578193602 0.053432031930826976
0.03536501846714019 0.036649721629261695 0.037913405401744385 0.03915741068288254 0.04042973585043131 0.04176324951046427 0.04318557414153349 0.044742906855468556 0.04650088012912499 0.04854654111777282 0.05099215452618268 0.053981575492784234 0.05769967730124162 0.06238167074981433 0.06809249448848857 0.06760610383249711 0.06181827815430904 0.05647954637338251 0.051655333532377674 0.047328382766776644 0.04368866386912869 0.0407034388100369 0.038192144892538415 0.036022066254880906 0.034097280537584776 0.03235143271148724 0.030742694621121724 0.02924980980294747 0.027868580799634196 0.026608557832262725 0.025490018279309173 0.024764640141757617 0.024715039992060667 0.02535627433549795 0.02664942147116047 0.028537960396843164 0.031048853306413347 0.03421754578220061 0.03796734572003816 0.042288557714813005 0.04713202274014398
0.03163841176305554 0.032802971051947905 0.03401178974496197 0.0352677164971201 0.03658642588319716 0.03799687294874147 0.03954135025901627 0.04127545758316986 0.04326823455090042 0.045602369208150716 0.04837338168028681 0.05168337558528837 0.055612064369484036 0.05998434789323295 0.06338954495245853 0.06320203611576351 0.05962715505101137 0.05517654868467521 0.050913065352631716 0.047251111404250916 0.044116306203885264 0.04140819585831606 0.03904267045931882 0.03697575211081128 0.03512830694278048 0.03343657310700646 0.03186041621210501 0.03038029067677795 0.02899422076631209 0.02771465892459766 0.026565388058206296 0.025623457609362056 0.025278475600309457 0.02557922298717812 0.026410304368908573 0.02766841741279222 0.029396961851965588 0.03165788182288602 0.03453364295549198 0.03794572355503499 0.04173319094009511
0.028747558670893902 0.02979549774102831 0.030932232667639878 0.03216232031045487 0.03350030422937864 0.03497125867949039 0.03661103509976099 0.03846617676997921 0.0405932218863793 0.043056401840957784 0.04592088077096606 0.04923378519069353 0.05282995872838874 0.05605180788143698 0.05807802988349497 0.05797993678087213 0.055818699020625015 0.05287089854815355 0.049955109999152036 0.047286185772625375 0.0449000890318954 0.04276643709905365 0.04083547979588636 0.03905691476189292 0.03738777712383538 0.035795959099219954 0.03426170926046445 0.03277788256765429 0.03134918659020942 0.02999059651816922 0.028725222117475684 0.027582047253617938 0.026759053853850783 0.026559984510185777 0.026832217969278815 0.02746631133618224 0.02848643025822234 0.029954765677181038 0.03191173783313574 0.03440559382143224 0.037382418822822686
0.02657122633812274 0.027509738483889067 0.028568269870000176 0.029752390698062715 0.031075744178637548 0.032560402179546775 0.03423691155122008 0.03614377464574902 0.038325772472299895 0.040829775936784704 0.043687950778927696 0.046676195778267544 0.0495077671109134 0.05182961258342013 0.05315834387037609 0.05312229947963468 0.05216922282718281 0.05073659076119728 0.0491233218517506 0.04751386939884491 0.04598265137791196 0.04453856349373796 0.04315889612104022 0.04180949727553784 0.04045653383021908 0.03907371193178587 0.037646764258574765 0.03617580288367872 0.03467566155465718 0.03317437069014372 0.031710190177180825 0.030327938491949005 0.029080578915848757 0.028295591141868505 0.027946435206848846 0.027972942158324434 0.028383922776009866 0.029177411597898564 0.03036296308644606 0.03195990051098129 0.03399630520015971
0.02502527932715527 0.02586331888803185 0.026844751710498542 0.02797556879245332 0.02926861125159949 0.030743676502161615 0.032427307379920806 0.03435192655280949 0.03655340069743995 0.038959745860377114 0.041439075671222216 0.04387097412814014 0.046068512962046136 0.04777429731915411 0.04872618824446706 0.04919345689808409 0.04927940800373846 0.049036911482861045 0.0485862612463242 0.04803021022985561 0.047423241340008214 0.04677609191168881 0.04607040930335629 0.045272998401522144 0.044347629380274096 0.043264649383132625 0.04200851531817389 0.040582826126494824 0.03901222943083069 0.037340911211810233 0.03562811426712308 0.03394190887348402 0.03235286716478894 0.030945297819824982 0.02993589959788127 0.02933876749481344 0.02911983555024992 0.02925879067241733 0.029746118140778616 0.030581343446058864 0.03177227777002169
0.024059221440962928 0.024806093775610383 0.025716003797848955 0.02679495757880265 0.02805516444631718 0.029514942162820752 0.031182855012284814 0.0330141674616072 0.03497756151853638 0.03702560751660089 0.039083659516271796 0.04104158269685183 0.04274983614279453 0.04403242928073235 0.04513196282590497 0.04618713483428974 0.04709698158145679 0.047836934622203 0.04843014562729231 0.04890792341703032 0.04928377292463962 0.04954499369447377 0.04965545948418158 0.04956380468539401 0.04921415702091229 0.04855801269710552 0.0475658239756202 0.04623629265303132 0.04460115451588256 0.0427239788290865 0.04069315151714268 0.03861105470573545 0.03660662304606234 0.034784343681951824 0.03303100145571339 0.031678442070547305 0.030745566110778905 0.030193759100564776 0.02999580747006169 0.03013417709571874 0.0306003723898872
0.02364198167641689 0.024302215874570845 0.025134199720965276 0.026134451549685363 0.02729837492559607 0.028618499099454894 0.03008220459944023 0.031668774673611545 0.033345669744473436 0.03506412928131508 0.03675473320879174 0.03832462405435608 0.03965971283544654 0.040879768380521785 0.04232957873968339 0.04390372192630469 0.045515786554876855 0.04711539966978198 0.048678194178079136 0.050187113978335904 0.05161507413992169 0.05291457217511979 0.05401506957528953 0.05482728420285448 0.055253586614527325 0.055203506836106774 0.054612144417750565 0.05345745451818912 0.051771242540610087 0.04963963637593572 0.04719213248461677 0.0446112481775314 0.042169883166519845 0.039802705297291886 0.03743174828213719 0.035184639956720686 0.03338231399787424 0.032041780767632935 0.0311136829561831 0.030560375687462015 0.03035530161650479
0.023399492654283188 0.02395870016555591 0.024676134373379482 0.0255450831421625 0.026557461474345782 0.02770217557191812 0.028963147673283347 0.03031696484844523 0.031730224298209014 0.03315687849091264 0.03453629901639299 0.035793382305713495 0.03691683423185531 0.03835894168208916 0.040140924760356654 0.042184857950439435 0.044426489231204555 0.046816245089555626 0.04931378985411968 0.05187699562703191 0.05444901822334312 0.056947300547721146 0.05925737420781163 0.061233838953997116 0.06271076249195881 0.06352277431540068 0.06353519942403384 0.06267683045853274 0.06096469468340351 0.05851021625887123 0.05552129757208467 0.0523988690052611 0.04933358852946887 0.046182255769734115 0.04303098021516024 0.04001391795143456 0.037231383303142074 0.0349302547265087 0.03316550467732864 0.031869664712547166 0.03099070160439847
0.023172820707512528 0.023626284617055567 0.024225870220594206 0.02496215857124301 0.025824369964127902 0.02679892409067393 0.027867826410100743 0.029006918590209065 0.0301841419393112 0.03135814492205742 0.03247782045517847 0.03348362460458902 0.03467088584739422 0.036335249211615246 0.03842663800877277 0.04090255830927961 0.043727030491158544 0.046868336409652676 0.05029328321360484 0.053957266531385564 0.05779108320957863 0.06168663960367574 0.06548476699593979 0.06896982547606408 0.07187737075017285 0.07392119861929364 0.0748418384370796 0.07446845224073576 0.0727736106283601 0.06989709531734958 0.06631285278215421 0.06244605259577693 0.05840401263447489 0.05415643770415118 0.049944182762503925 0.045950499274993443 0.04229543288080209 0.03904683397214951 0.036284269569695715 0.03413692146974158 0.03252981509136093
0.02297813581323625 0.02332307894180672 0.02380393662078078 0.02440909742021654 0.025125808647496563 0.025938952531415455 0.026829780233390964 0.02777467349709161 0.028744092648650917 0.02970198889065836 0.030606087641221864 0.031489281649374416 0.03283214956428153 0.03469992966956281 0.03707532206835125 0.039950225186742856 0.043322409929094155 0.04719118694183571 0.051550164434348615 0.05637561910016442 0.06160976933520941 0.06713939751776374 0.07277466001786338 0.07825094606291215 0.0831662432555531 0.08703032155537065 0.08935241323120258 0.08976012445074344 0.0881223105497813 0.08473322131610103 0.0803056602774716 0.0752828614912954 0.06972709812471929 0.06394919158237436 0.058304249716850255 0.053033862921815327 0.04827811413651654 0.044100531303917036 0.040513547947710934 0.03749967057648105 0.035064305174013856
0.022831561905982244 0.023066532600963186 0.02342940593286806 0.023906819881323406 0.024484631819972385 0.025146894393572095 0.025874881910949186 0.02664624042218673 0.027434396670373416 0.028208429036235404 0.028933655317001174 0.02984030238448674 0.031317544245696695 0.0333652344426997 0.03599605331489318 0.039236316601296166 0.043122342305778216 0.04769560129000381 0.052994687575839985 0.0590428041573406 0.06588219572172405 0.07345668941025993 0.08155652228504537 0.08980390428194207 0.09761627419660475 0.10421603629473129 0.10873156848453008 0.11041135166374584 0.10891447170989665 0.10485859265551555 0.09899875519974849 0.09182272561884741 0.08383686727748932 0.07577805701624929 0.06816501132656777 0.06125837860232356 0.05514008397127138 0.049848144343059765 0.045358242854864506 0.0416140133273161 0.038547433054319895
0.02274919074468561 0.02287344172287529 0.023119939321610702 0.02347390678560251 0.023920232699107292 0.024442610467557045 0.02502278741903591 0.025639984918499753 0.026270590381102507 0.026888255963366425 0.027480825235239426 0.028472945451835586 0.0300602879716859 0.032260358533191764 0.0351135775126194 0.03868053919379908 0.04303965607631238 0.04828387762042208 0.05458392368552888 0.062097244274744084 0.07089627343494653 0.0809745103183608 0.09217631827210271 0.10410090131678093 0.11599524459983983 0.12668873227640753 0.1346775138559813 0.1384791873984957 0.13744160611390727 0.13229552506623318 0.12390539299073532 0.11318629277126613 0.10157861349210709 0.09020481117341164 0.0797547626235438 0.07056553118210972 0.0627381203939485 0.056159355017130576 0.050658206779986406 0.046118630900997604 0.04242127041589411
0.02273711134634177 0.022760185404862354 0.02289209788528326 0.023127056979398753 0.023449245469532247 0.023842262285597535 0.02428852635796204 0.024768868531195507 0.025262379112033054 0.025746592926739968 0.026279633397332764 0.027336907875797192 0.029007596149310408 0.03132863233562961 0.03436564737271631 0.038212326081280015 0.043013291507741525 0.04903323729879085 0.05648595565970197 0.0655917195139319 0.07656324522463381 0.08955379059014848 0.10456382160389459 0.12128659769659507 0.13888266667740898 0.15572707172724237 0.16932072168165158 0.1767678234344232 0.17671106992919008 0.16948559962863152 0.15637339806274145 0.14012054165937954 0.12322645230762985 0.10730411586267385 0.09316424743573008 0.08107974012916158 0.07102139484384076 0.06281668916127868 0.05621831030840479 0.05086166710897693 0.04653510944989088
0.02273711134634177 0.02273711134634177 0.02276185617450366 0.022881742964660563 0.02308641557021829 0.02335947793038226 0.02368403900568931 0.024042401530254793 0.02441597960912425 0.024785489481257424 0.025297241447169782 0.026393732779931185 0.02811893618918687 0.030525858370528743 0.0337020138653176 0.037821052955006075 0.04316371295426376 0.04998030872048595 0.058578239397844546 0.06932161701263619 0.08261490096370952 0.09885877192915787 0.11835198278284827 0.14109349996691561 0.16641571475346326 0.19239030082066177 0.2151576935648925 0.229220719130366 0.23074235245623376 0.2187548136975373 0.1975428538183169 0.17277087584007034 0.1484415559614727 0.1265819342878976 0.1079023263093731 0.09241830292853874 0.07983785475559159 0.06976798589120237 0.06181453084855362 0.055616720483733076 0.05071824285165536
