_KRIGING/CROSS_VALIDATION_CLASSIC_CLR/Berg/TZ/train_5/Berg_TZ_5_train_z_355.asc
ncols 100
nrows 90
xllcorner 5.6208707817415728
yllcorner 50.959635321741573
cellsize 0.00013419651685393446
nodata_value 1.7014100000000001E+038
[rows 19 to 37 of 90, columns 0 to 42 of 100]
1.0897300693352225 1.0675966861981376 1.0419667144821585 1.0128977175590699 0.98062670976792643 0.94558529000423452 0.90839806193071593 0.86986034700107706 0.83089291495202144 0.79247394159263729 0.75555148671953132 0.72094317598075175 0.68923307850758231 0.66067853934316323 0.63514147175983904 0.6120588856642194 0.59046584760664034 0.56908038709375341 0.54645401704969143 0.52118369818644283 0.4921717232066441 0.45890995453482991 0.42175531985070142 0.38215599159654517 0.34278400049436664 0.30753188698204503 0.28133974288431046 0.26983523053615333 0.2787923076876031 0.31344239982668931 0.37770111425236752 0.47339953774647725 0.59962639984822119 0.75229102380998436 0.92400366862544714 1.1043388064194213 1.280500559255207 1.4383537588211666 1.5637273911612204 1.6438493493059392 1.668741673089092 1.6324004849093714 1.5336071137690714
1.0785924972147189 1.0537914076892385 1.0251119412354293 0.99263011975472293 0.95662437773749187 0.91759301165622564 0.87625336032338841 0.83351837029597076 0.79044808520380039 0.74817630582922001 0.70781600547257673 0.67035072836043008 0.63652271699498353 0.60673141130199493 0.58095772789909217 0.55872969263641303 0.53914319021220547 0.52094758547762177 0.50269973544757307 0.48298167407302356 0.46066754266914761 0.43521503449169502 0.40694696290557825 0.37728111296995587 0.3488630572119934 0.32555883179336387 0.31227362554085752 0.31457949060442303 0.33815890990973996 0.38809974953592857 0.46810706000019536 0.57972351595151217 0.72166758202271497 0.88940177111056629 1.0750292054494575 1.2675843371170639 1.4537357281414973 1.618861271226731 1.7483979528854794 1.8293193626485751 1.851564171541596 1.8092346042892427 1.7014079955501891
1.0673544426566093 1.0399396199469717 1.0082915285274539 0.97250826866865414 0.93291222867375123 0.89006950145449193 0.84478958796028292 0.79810074471924375 0.75119837168186032 0.70536674560871437 0.66187796649997066 0.6218758437233699 0.58625613795156706 0.5555575649645127 0.52987972285131435 0.50884414631880159 0.4916126559242649 0.47697285796808747 0.46349407874960918 0.44974846143838293 0.43458199574682005 0.41740981002471261 0.39850040062684561 0.37920617680786906 0.36209451053118291 0.3509360944024017 0.35051713165146609 0.3662592177882949 0.40365503753752208 0.46755702879397565 0.56138627150387332 0.68635512973639734 0.84081414199848137 1.0198362977201905 1.2151367543594955 1.4153925459723407 1.6069776430575393 1.7750700873477454 1.9050288904476451 1.9838893346021265 2.0017959640718685 1.9531898272912429 1.8375927914490222
1.0561537123191702 1.0262373353785332 0.99177433750369137 0.95288924392999985 0.9099507920094958 0.86359275318834183 0.81471375586729455 0.76445124665837427 0.71412690199017692 0.66516388068061827 0.61898005267453449 0.57686536532944277 0.53985531952169397 0.50861556673938657 0.48335435287023359 0.46377944296160695 0.44911391373278625 0.43818063055112583 0.42955839359388631 0.42180397033329503 0.41372415496124565 0.4046715625482909 0.39482835667711874 0.38543508368329549 0.37891895768282458 0.37887894844426417 0.3898951082010419 0.41714717648666488 0.4658518804856957 0.54055729659939122 0.64436244898265393 0.77815607925217267 0.93998478521950524 1.1246625264371877 1.3237175095385396 1.5257381164307455 1.7171296987480829 1.8832351354939143 2.0097132392437778 2.0840208976969099 2.0968170022728456 2.0431055787044921 1.9229642366755675
1.0450720893783771 1.0128132919257766 0.97574987981997663 0.93403808408237698 0.8880954878851075 0.83862246451212497 0.78660153268896538 0.73326964767343605 0.68006073181573068 0.62851895561706994 0.58018715311735647 0.53647888718209047 0.49854655153568467 0.46716093260316099 0.44261929473495326 0.4246988209473293 0.41266980863398733 0.40537825417510193 0.40140046668331425 0.39926350078294554 0.39771515441637267 0.39601701081161994 0.39422478609138595 0.39341359848067137 0.39580335192030336 0.40474278555652343 0.42452103486824277 0.4599931479145335 0.51603010806997673 0.59683231388005475 0.70517447881657547 0.84167469715967624 1.004195642341986 1.1874866870079517 1.3831589874864778 1.5800508267895983 1.7649907657977493 1.9239079106353887 2.043181107765216 2.1110725896115614 2.1190661330935852 2.0629317617948115 1.9433702275087903
1.0341152131793596 0.99970272355216072 0.96029493389530818 0.91608622096386161 0.86754592836867706 0.81543939783066688 0.7608260760147102 0.7050297215181035 0.64957810303129448 0.59611286612293257 0.54627418198281297 0.50156895533585399 0.46323522847692306 0.43211839247508427 0.40857634698279172 0.39243037511405837 0.38297591739307518 0.37906254449836557 0.37924538893232979 0.38200151016967193 0.38599482317344186 0.39036328711018015 0.39499327129672573 0.40073984891412617 0.40954977572407658 0.42444754455056166 0.44935521705559844 0.48873401014992851 0.54705902568205866 0.62816586280840458 0.73453555273346705 0.86660761404879139 1.0222249060213491 1.1963137422838719 1.3808854575629927 1.56541103455901 1.7375716061725504 1.8843311602800239 1.9932227387481993 2.0536960991653057 2.0583525142915344 2.0038973394562909 1.8916745660625698
1.0231991933645237 0.98682891627837432 0.9453490462142462 0.89899992471009438 0.84830635491786777 0.79409697416358627 0.73750013352931221 0.67991146551624648 0.62293073480611605 0.5682688759938771 0.51763004635089049 0.4725776335331931 0.43439692423828929 0.40396998450753757 0.38167968249473044 0.3673592631764187 0.36030119311737946 0.3593340765892597 0.36296948645964716 0.36961199184957733 0.3778161950527899 0.38656516306971184 0.39553644100129964 0.40531623563280739 0.41752080041263573 0.43478786233099009 0.46061103933359326 0.49900681112551315 0.55402587926355684 0.62914655205853853 0.72661367803521149 0.84680816846637663 0.98774444226532965 1.1447918804275536 1.3106988979452887 1.4759644527846429 1.6295548857504425 1.759910346142987 1.8561336147339418 1.9092147708027642 1.913126705618247 1.865634660508414 1.7686986506596787
1.012147352852 0.97399671788226461 0.93070395585288357 0.88256475664487444 0.83016424487634066 0.77439322651635878 0.71644066853522215 0.65775792374870468 0.59999263857430074 0.54489355069216727 0.49419121361366686 0.44946365177149233 0.41199953102732439 0.38267406983547209 0.36185410093078235 0.3493480210139131 0.34441360797824921 0.3458318261124303 0.3520479964572652 0.36137353642391884 0.37223255686818196 0.38342885448892688 0.39440135920325076 0.40543114371728739 0.41776197583154262 0.43360026832269216 0.45596995996878575 0.4884134745207489 0.53455060929370024 0.59753097642307995 0.67943923536267814 0.78073166462959642 0.89979313972725661 1.0327013701343339 1.1732679189196622 1.3133931954947951 1.4437284587600265 1.5545881281112031 1.6370088941203362 1.683817585430349 1.6905556880608659 1.6561198878411991 1.5830153553276136
1.0006997908123456 0.96090135575131197 0.91601104750151596 0.86639096796883242 0.81269292933520565 0.75586991653405577 0.6971638126896379 0.63806542786265907 0.58024527210039245 0.52545667832089848 0.47541652851999655 0.43167255802084786 0.39546951028242222 0.36762876868543676 0.34845702966198761 0.33769874908773573 0.33454430898417203 0.33770113879575964 0.34552862833511738 0.35623004659734675 0.36808649257516884 0.37970999521545484 0.39028625146743928 0.39977325615275461 0.40902136982019355 0.41978419974958325 0.43459870208791107 0.45652720923968582 0.48877283143460271 0.53420099951455746 0.59482086073123253 0.6712970419703348 0.76257091237259467 0.86566740091916994 0.97574661770251336 1.0864292822644892 1.190384417914887 1.2801228661998554 1.3488989024425844 1.3915932253645678 1.4054412771776457 1.390485548970873 1.3496690045937694
0.98853721259024785 0.94715445858126768 0.9008092455254737 0.84994283904960111 0.79528185906801718 0.73784314372915272 0.67891520646288439 0.62001307107157666 0.56280561019893571 0.50901750626397191 0.46031132917731449 0.4181585964385553 0.38371159126067439 0.35768969351554186 0.34029461192060789 0.33116789793014806 0.32940134307771257 0.33360637677389243 0.3420426541881037 0.35279910399096198 0.36401340954885014 0.3741089832234506 0.38202283557792766 0.38739428777423413 0.39068417649595888 0.39319788596868865 0.39699373854839404 0.40467098174222016 0.41904806275677731 0.44276039552402846 0.47782478146200641 0.52523171767038546 0.58463347321498471 0.65419200725993365 0.73063487262625271 0.80953965193985322 0.88583124867771035 0.95443704903140647 1.0110099205095318 1.0526060189114368 1.078199971108571 1.0889377072432742 1.088066221841536
0.97531876613234414 0.93232716705045537 0.88457342040720488 0.83259225885607901 0.77719508827952255 0.71946632785514975 0.66073695669006483 0.60253302778123163 0.54649915758045986 0.49429975781902497 0.44750378798721197 0.40746172195214242 0.37518583696523439 0.35124644456037474 0.33569694814943302 0.32803940526585623 0.32723952336144252 0.33179583174154131 0.33986242528801319 0.3494185971527613 0.35847242217974379 0.36527957337356326 0.36855407559648673 0.36764508910247951 0.3626539211251848 0.3544689279829274 0.34470318046732051 0.33553066815649657 0.32943072524592043 0.3288658082177206 0.33593249753102505 0.35203679488196887 0.37764944801718026 0.41219263975352866 0.45409463281231821 0.50102446769885223 0.55028744845383215 0.59932899132327622 0.64626603616669309 0.69034849282296906 0.73225367832164734 0.77413707720701497 0.81940166349281718
0.96073161854980005 0.91600785102829296 0.86678061763539493 0.81369366190814252 0.75765492240302723 0.69982236829282829 0.64156790909980843 0.58441835517624285 0.52997453170972242 0.47981211105084381 0.43537028833174479 0.39783677927802891 0.3680394304990971 0.34635567987926869 0.33265093213264835 0.32625547695115503 0.32598686975869279 0.33022086305593962 0.33700930344420971 0.3442382919992924 0.3498148210477961 0.351865578169895 0.34892820763004978 0.34011360742043839 0.32521835674794752 0.30476956250477216 0.27999053398344509 0.25268464892243503 0.22504596589119524 0.19941735431950847 0.17802831047104817 0.16275289034641305 0.15493089423095463 0.15529059163957393 0.16399795754010493 0.18083631836390862 0.20549415504124302 0.23791210730697177 0.27861872000212257 0.32897402769684897 0.39124523895726637 0.46846139559891264 0.56403207582002757
0.94454794401417463 0.89786951009631477 0.8469885673330968 0.79267414996132446 0.73594392723468072 0.67803756469993137 0.62036924140785377 0.56445975697619521 0.51185064390799995 0.46400481084347184 0.4222002683365374 0.38742518095743411 0.36028359189524767 0.34092145333454421 0.32898191202732791 0.32359709121497043 0.32342094397443094 0.32670431493164581 0.33140942253288613 0.33535691599512357 0.33639485608514913 0.33257580825150673 0.32232609930734474 0.304590532257626 0.27893680064526893 0.24560674807919525 0.20550659773986424 0.16013520704830786 0.11145779845650361 0.061741533068231824 0.013377308026698564 -0.031282505836994989 -0.070039856159251346 -0.10089497558700955 -0.1220048948990764 -0.13156035009359079 -0.12760572483729715 -0.10784684645356246 -0.069506137901018339 -0.009288995143341694 0.076484221730444557 0.19155054960300438 0.33918801708093599
0.92668317155451096 0.87773976510097929 0.82491838807530482 0.76912968065403164 0.7115151334974178 0.65340609112657055 0.59626315917544914 0.54159814086846114 0.4908824473537286 0.44544763695492301 0.40638515537114533 0.37445328636780745 0.34999961613743819 0.33290684790163755 0.3225685334125708 0.31789926291786391 0.31738121850385098 0.31914597455594534 0.32108730611336017 0.32099784280977711 0.31671996712365652 0.30629964173572183 0.28813104997920719 0.2610801860605968 0.22457694019032448 0.17866784978306893 0.12402552276691226 0.061915639537334255 -0.0058719589570686015 -0.077115954440259982 -0.14926318615018053 -0.21951593632690292 -0.2848885487510876 -0.34222046707068188 -0.38814283670578875 -0.41900966010052154 -0.43081997968167773 -0.41917136858516013 -0.3792931525754748 -0.30620647473617779 -0.19504500905096367 -0.041544564909825943 0.15732532117228815
0.90724807195845369 0.85566481390975224 0.80053157562671851 0.74291607541697313 0.68409781949641013 0.62551103380762985 0.5686693603918983 0.51507635202624669 0.46612744442477433 0.42301035649628621 0.38661161295095009 0.35743698426760179 0.33555303381794427 0.32055565475657072 0.31156955057855057 0.30728022149851714 0.305997389945808 0.30574620180622808 0.30438025238823202 0.29970875078761755 0.28962912673761815 0.27225618190678508 0.24603948299502526 0.20986200640794805 0.16311495600056947 0.10574606041213408 0.038281387884592677 -0.038176359761001422 -0.12196723303401347 -0.21090280882386214 -0.30229460464181479 -0.3929726340503501 -0.4792872728037586 -0.55709316731914049 -0.62172230182833843 -0.66796365501644328 -0.69007727098839167 -0.68187835209282643 -0.63692904988679666 -0.54886919105647536 -0.41190062518810655 -0.22141364093938598 0.025289078323160852
0.88658683079128342 0.83195815167071285 0.77409063905174358 0.71422270265715671 0.65378517996520713 0.59432674198642388 0.53742248140402338 0.48457181419435696 0.43709329217117149 0.39602472626797242 0.36203703955894834 0.33536946501500503 0.31579212236429505 0.30259978459122455 0.29463799046904732 0.29035985125752967 0.28790925014730445 0.28522395503045167 0.28015072753391018 0.27056399426609695 0.254480106346265 0.23016056730596973 0.19619964560109776 0.15159420437006543 0.095796043227719507 0.028749247775509135 -0.04908325460716978 -0.13669868609714697 -0.23253342192610404 -0.33443704724076173 -0.43963810192320629 -0.54470096449903005 -0.64547755740051116 -0.73706322958954751 -0.81377295069476929 -0.86916093877105072 -0.89611250372201712 -0.88703914682910068 -0.834204558101033 -0.73019824316623128 -0.56855434554786854 -0.34448682325612756 -0.055681634324404428
0.86529386249967577 0.8072254782847168 0.74619337763674609 0.68361732554735599 0.62109081789699105 0.56028785700562878 0.50285432971178845 0.45029236664062228 0.4038473483035932 0.36440753829432398 0.33242558186030841 0.30786934886361134 0.29020698514240389 0.27842783501591778 0.27109746208969271 0.26644172504376079 0.26245216312071912 0.25700317023258351 0.24797084674895348 0.23334412860391734 0.21132074044133137 0.18038345220710222 0.13935562261961809 0.087438567443410498 0.024236350026667242 -0.050224323564145079 -0.135470649790708 -0.23054895090164018 -0.333972943806356 -0.44365282363821645 -0.5568073630893382 -0.66986642330890678 -0.77837693764005833 -0.87693119038159706 -0.95914150179490099 -1.017689376315122 -1.044478551474163 -1.0309187209929942 -0.96835853636324087 -0.8486718258974697 -0.66497982750876272 -0.41246612232521906 -0.089213124016389367
0.84420384309070795 0.78235912050262024 0.71777288138548012 0.65205287681918056 0.58696344806469714 0.52431300593904484 0.46582748400893809 0.41302049228743282 0.36707201049335031 0.32872727913877747 0.29822602376605883 0.27526940301721919 0.25902838442001413 0.24819303207032678 0.24105793263871284 0.23563521637067125 0.22978384430998561 0.22134243541456106 0.20825314813443613 0.18866605811383891 0.16101690173583261 0.12407556579868417 0.076967682219734157 0.019176398602922418 -0.049464907598309016 -0.12877616436926775 -0.2182176303615545 -0.31684992849550375 -0.42326095570763855 -0.53545953320170503 -0.65074269557589892 -0.76555088375251468 -0.8753322752615007 -0.97444332385527321 -1.0561165312429366 -1.1125277106405167 -1.1349926153559853 -1.1143158764058056 -1.0413029912286311 -0.90742841345971348 -0.70563029085175777 -0.43117699052431202 -0.082525497804768477
0.82435218724409798 0.75849838540792491 0.6900587776261754 0.62083071632417386 0.5527533438038883 0.48777562631534704 0.4277116388894962 0.37409621668785792 0.32805503517718054 0.29020250918421403 0.26057859553913137 0.2386318470153464 0.22325129439263974 0.21284447831575531 0.20545385171789637 0.1988994803958562 0.19093307383247088 0.17938733059583567 0.16230562447676122 0.13804017063459095 0.10531169035053212 0.063229655495994463 0.011278629976417043 -0.050717905606200042 -0.12264049933539722 -0.20410563921574543 -0.29446958250755295 -0.39279075538189234 -0.49774373194145638 -0.60748614796434086 -0.7194892899810188 -0.83035242267143483 -0.93562905580959921 -1.0296992648093324 -1.105724957263281 -1.1557238594143486 -1.1707923751154736 -1.1414969448561987 -1.0584380321643267 -0.91297084982408117 -0.69804364342303193 -0.40908997674751013 -0.044889214803821242
