_RESULTS/CROSS_VALIDATION_POSTPROCESSED_80-20/MHZ/GZ/7comp/3/MHZ_GZ_z_710_kriged_reverse_7comp_spherical_3.asc
ncols 100
nrows 74
xllcorner 5.5967023332191781
yllcorner 50.982320383219182
cellsize 0.00019249356164376555
nodata_value 1.7014100000000001E+038
[rows 54 to 71 of 74, columns 40 to 79 of 100]
0.0004186080873771445 0.0008777052037222368 0.0017964371157282927 0.0034625193682204453 0.006195887295918589 0.0104283602562595 0.01628394719113848 0.023130943405896442 0.029539527408733463 0.035448768473260915 0.040177901225755486 0.04313202814449471 0.044171737078379236 0.04348049681052047 0.041307159068426844 0.038046085118730914 0.03628494251921958 0.036195780340219745 0.035923375609243365 0.03452599626078727 0.03174498195047029 0.028024081483699764 0.02399118815656313 0.02134716535853914 0.01902322305650142 0.016719454736768485 0.014566090540424207 0.012594937942088314 0.010810472479939201 0.009232296674977386 0.007870720613313809 0.006715049013400675 0.005619195095104246 0.0043897004271848915 0.0032363419949839227 0.002233778942219333 0.001447489698120813 0.0008957757995176307 0.0005374331574666897 0.00031670307845511707
0.0013191840654928815 0.002381701646526733 0.004379920607620823 0.007677783067234155 0.012261782695838688 0.018143515634062277 0.024859622495228995 0.031131561140023616 0.035928042012280635 0.040779089730193264 0.04413720436446435 0.0454604425681495 0.04463557893701839 0.041857134537062426 0.037473520434963915 0.03327400639722523 0.030347946182989777 0.02858512165294761 0.026903839180795027 0.024741024020687976 0.0219758951964006 0.01899122448080838 0.01705781786167097 0.01578119428268244 0.014261705129794074 0.012671765851030723 0.011129184358793488 0.009691717359204282 0.008385764966999342 0.007224572740842794 0.006215727090349427 0.005362647592726403 0.0046301800808347775 0.003794107596122198 0.0029416821917527293 0.0021394833132063716 0.0014721870753783414 0.0009723550454093573 0.0006257016887992057 0.0003969101980369009
0.004022937529428805 0.006271220957430853 0.009695267002730996 0.014510185624789422 0.020557569155750972 0.02670707420894078 0.03216773306977016 0.03559623923183484 0.037774224900860624 0.04039205504474773 0.041563246370775894 0.040786214874393725 0.0381022752870019 0.0338260284975114 0.029065199881416003 0.025344488129806695 0.022465716817033483 0.020196691108223933 0.01813144178649663 0.015969424287011643 0.0140919720036767 0.012902110117709323 0.012296207690949334 0.011514195451834698 0.010534204412046912 0.009471665102085244 0.008410850866933297 0.007404262499692217 0.006481806131869803 0.005659824946589118 0.004946747469853438 0.004345933085877009 0.00385799429657564 0.003349480493373246 0.002751836207033613 0.0021210476129027633 0.0015526564076120447 0.0010945875024653013 0.0007535608512803856 0.0005128092237628262
0.011423990790221586 0.015714415035567655 0.020549745059550744 0.024995934705201985 0.028976597594538592 0.03204113443886319 0.03397021566249718 0.03371114246616221 0.03350174420550045 0.03378679692873063 0.033023315733371146 0.030786957196810405 0.027269106371564916 0.02316797407008192 0.01973412971796331 0.016961052850729307 0.014718403366181578 0.012872987696327373 0.01132031752253811 0.010194752221919989 0.009494062724083784 0.009219342383033116 0.008907177852325301 0.008401609908237158 0.007766183618735044 0.00706466269245867 0.006350475293690196 0.005662738375964338 0.005026938483166602 0.004459618727557321 0.003970629176356402 0.003565379072805885 0.0032467128989737267 0.0029847666973422853 0.0025980685645017815 0.002126836399672258 0.0016588620278814427 0.0012497480441075088 0.0009211537100581686 0.0006725431980231328
0.028619227970774076 0.036407394839760535 0.040609894054832264 0.039208611025203365 0.03687507353849562 0.03375484378564896 0.02992607980377543 0.026641209992998627 0.024657652416739922 0.023462449698598873 0.021816720390974098 0.01932736878969708 0.01644287490464219 0.013919361322941606 0.011822545162746754 0.01016747234970454 0.00893481768134185 0.008101157645930467 0.007513157823565754 0.007092319231302122 0.006960586272599519 0.006850428047928599 0.006605561805961655 0.006249668296331926 0.005816964213364482 0.00534377814243092 0.004862418895333128 0.004398318297420065 0.003969838773739149 0.0035894740158812894 0.0032654547429970247 0.003003335770605922 0.0028075451458075295 0.002667932878219967 0.0024617923233560142 0.002143521411906136 0.0017834289226708751 0.0014367069172070985 0.0011331936439181957 0.0008866761749606354
0.05765325548921382 0.06975801199940238 0.06689934800850084 0.05158729169041169 0.04082531126384317 0.032034352506352316 0.024706214740344744 0.020021577157231293 0.016998440323279088 0.014954612914211999 0.013001709453348456 0.011112834717001304 0.009512964444149457 0.008194382152761567 0.007148102667872447 0.006362922730392268 0.00583004765519344 0.005551536491090543 0.005452249148848179 0.00546237725792814 0.0054141967366733955 0.005278914362228181 0.005072033410233037 0.004805511397636389 0.004497735733328043 0.00416920515857479 0.0038391615209280206 0.003523716469658039 0.00323535578069386 0.0029833602638175043 0.0027746984171927325 0.002615142324052524 0.0025091943744263686 0.0024203539875117105 0.002330346281302894 0.0021599740762302134 0.0019178122446381074 0.0016507919867987798 0.0013919120491166647 0.0011561330290932631
0.08698768288304391 0.08460510572895148 0.07218777038811494 0.05344904035921882 0.03827649008921498 0.026969617156398788 0.019490537348489826 0.014686702694005608 0.011626489424822667 0.009637538148780985 0.008167234203424302 0.006984255171572257 0.006040675148738318 0.005305878321740366 0.004760105034796757 0.004392725636426028 0.004204328007909021 0.004212861507866056 0.0043455391697466445 0.004405964911257255 0.004372301975884396 0.004249155731273829 0.004063987927126103 0.003851093545260168 0.0036205135320608022 0.0033836063016223885 0.003151662719560937 0.002934762388926697 0.0027413703295791777 0.002578515770387739 0.0024523732885692873 0.002369144827115184 0.0023139428243302363 0.0022596765896551892 0.0022116387860683243 0.0021645959020467494 0.00205060036133292 0.00187982201850943 0.0016719927669821568 0.0014558332771071433
0.09853443191118136 0.08455062909780339 0.06542542583509153 0.04604542348403413 0.030902461211675093 0.02102113971955513 0.014697834852885523 0.01067339093246446 0.008208345613172211 0.00674627670855304 0.005690930368851076 0.004885643306624413 0.0042798781968403365 0.003840644726736463 0.003549524577938471 0.003401267029269308 0.0034011052198789225 0.0034980697202293986 0.003595903602764116 0.003636562769976079 0.0036154834758770483 0.0035353396839338095 0.0034054215695885504 0.003239650679976277 0.0030571526508561117 0.0028783575506536735 0.0027104368033216233 0.002559716051370342 0.0024321325387494687 0.0023333871460473905 0.0022694429534433035 0.0022357715290809393 0.0022047476547085486 0.0021784276298559353 0.0021615843455831366 0.0021565921949615358 0.0021459907809846805 0.0020639886820414356 0.0019233679188246585 0.0017523647999872708
0.08592498835010086 0.06879754216377605 0.05092831855523995 0.03489733625493271 0.023528194361508013 0.01608526236962575 0.011331883704151344 0.008330767839600108 0.006445691934519544 0.00529409728645268 0.004470165655069131 0.0038651763744645914 0.0034379692086250273 0.003158202088450339 0.0029963911457827016 0.0029193023236679973 0.0029182470079101306 0.0029876700941492357 0.0030526519830854143 0.003080125876554413 0.003067250309592847 0.0030156387670599635 0.0029310437814680447 0.0028223036499411902 0.002699906154812059 0.00257459423170969 0.002456344806851566 0.002353876608137063 0.0022746821307094737 0.002225492277084692 0.0022043984151662835 0.0021872433703849356 0.002172978148106296 0.0021626126811982982 0.002157103975851434 0.002156455829724214 0.002156455829724214 0.0021530881072408274 0.0020994233593342455 0.0019978682003786406
0.06378537137628205 0.04862181492178783 0.035229313688091755 0.025028232563413116 0.017779189875544096 0.01275991042871537 0.00933696767475719 0.007079959695167701 0.005636743796559216 0.004688870434174075 0.003967840727899121 0.0034441813522974414 0.003071767337130743 0.0028184339196558905 0.0026594240771472153 0.0025797057990428244 0.0025720232168024823 0.0026237453407553773 0.002666172048258644 0.0026846307106667714 0.0026772880032867883 0.0026451642013916436 0.0025919700348555944 0.0025235416866804545 0.0024470510338006173 0.0023702158042477775 0.0023007031915277987 0.0022458433522968124 0.0022126912471103293 0.0021975222613563362 0.0021836597944990986 0.002171682996432533 0.002162592585704706 0.002157356039991396 0.002156455829724214 0.002156455829724214 0.002156455829724214 0.002156455829724214 0.002156455829724214 0.0021390811340839706
0.04204529113039338 0.031936291648872656 0.02385258134160255 0.017676515640457507 0.013183912684543117 0.009924441599704029 0.007604287629677546 0.006018488859565572 0.004983501543600051 0.0042373709278350526 0.003632913299134076 0.0031581957963966833 0.00281200110069423 0.0025724777356803397 0.002421531720098343 0.002345908012167186 0.0023396565521729184 0.002376078629689821 0.0024024485512071795 0.002414536027093944 0.002411102478652977 0.002392835872493583 0.002362267459730108 0.0023234718317505136 0.0022816428862989777 0.0022426695803787512 0.0022128291077262 0.002197850100499277 0.002187471626642416 0.0021772833514452435 0.002168202679877077 0.0021611620093492457 0.0021570924903346815 0.002156455829724214 0.002156455829724214 0.002156455829724214 0.002156455829724214 0.002156455829724214 0.002156455829724214 0.002156455829724214
0.026684915457798507 0.02083662082328897 0.016114625462191022 0.012458301441627653 0.00973439523676172 0.0076710053072717695 0.00615321634098587 0.005090436006255719 0.004376407115785516 0.003799299421723091 0.0033205442959758844 0.002935715265749358 0.00263667312515864 0.002416490492483108 0.00227544623638202 0.0022072894980227037 0.0022062091761203347 0.0022252819727033328 0.002239604543862555 0.0022469722814730583 0.002246494055298214 0.0022386781860664366 0.002225393350117233 0.0022097195322014255 0.0021957408388528204 0.002188078862945905 0.0021824909494175767 0.0021760647582947648 0.0021694752572139126 0.00216348221228278 0.0021589012504845237 0.0021565819049380896 0.002156455829724214 0.002156455829724214 0.002156455829724214 0.002156455829724214 0.002156455829724214 0.002156455829724214 0.002156455829724214 0.002156455829724214
0.016980834931527678 0.013686852929204355 0.010987615701680982 0.008866766083016156 0.00724256130872075 0.005965471984168108 0.005006396244946887 0.0043314209390874 0.003835186460790911 0.0033988961675683865 0.0030295977198144487 0.002728810410429042 0.0024943140753478778 0.0023227574276551252 0.002211498744020483 0.002159987146330117 0.002157534798415512 0.00216125745066554 0.00216582124179586 0.0021694436940537555 0.002171425572671787 0.0021721914690652436 0.0021729245474321557 0.0021727026268204006 0.0021712412750981135 0.0021687316410396395 0.0021655161521783105 0.0021620697242001356 0.0021589766769233494 0.002156906906092674 0.002156455829724214 0.002156455829724214 0.002156455829724214 0.002156455829724214 0.002156455829724214 0.002156455829724214 0.002156455829724214 0.002156455829724214 0.002156455829724214 0.002156455829724214
0.01098901825608419 0.009163631495799534 0.007647341451123799 0.0064448123237162026 0.005487562744560603 0.004718448080930875 0.004139984187024979 0.0037318984385384772 0.0033729594598946038 0.0030498549799668215 0.0027723634654921742 0.0025449855917551822 0.0023691729709821563 0.002245244207291913 0.0021739579332853308 0.002156455829724214 0.002156455829724214 0.002156455829724214 0.002156690014255004 0.0021575534435240994 0.002158611784210531 0.0021594909578923067 0.0021599402183361954 0.0021598435876917974 0.0021592254546378563 0.0021582493808050785 0.0021572103207832356 0.002156521567570134 0.002156455829724214 0.002156455829724214 0.002156455829724214 0.002156455829724214 0.002156455829724214 0.002156455829724214 0.002156455829724214 0.002156455829724214 0.002156455829724214 0.002156455829724214 0.002156455829724214 0.002156455829724214
0.007327059746216832 0.0063281623684752885 0.005493938075303765 0.0048291402163540284 0.004275600074586728 0.003833686977598573 0.0035138771622980473 0.003248616633325994 0.00299209040267829 0.0027581352422453506 0.002556001586973625 0.002391439095055553 0.0022680634741701305 0.002188733045114635 0.002156867156580095 0.002156455829724214 0.002156455829724214 0.002156455829724214 0.002156455829724214 0.002156455829724214 0.002156455829724214 0.002156455829724214 0.002156455829724214 0.002156455829724214 0.002156455829724214 0.002156455829724214 0.002156455829724214 0.002156455829724214 0.002156455829724214 0.002156455829724214 0.002156455829724214 0.002156455829724214 0.002156455829724214 0.002156455829724214 0.002156455829724214 0.002156455829724214 0.002156455829724214 0.002156455829724214 0.002156455829724214 0.002156455829724214
0.005094885085894223 0.004559085689822522 0.004118539882456604 0.0037591034082154777 0.0034571762230261012 0.003229330044938567 0.003052569029678438 0.002868658243593005 0.0026891657616167903 0.002524949278192645 0.0023842360166219097 0.0022731571277120246 0.002196608243939292 0.002159272999607819 0.002156455829724214 0.002156455829724214 0.002156455829724214 0.002156455829724214 0.002156455829724214 0.002156455829724214 0.002156455829724214 0.002156455829724214 0.002156455829724214 0.002156455829724214 0.002156455829724214 0.002156455829724214 0.002156455829724214 0.002156455829724214 0.002156455829724214 0.002156455829724214 0.002156455829724214 0.002156455829724214 0.002156455829724214 0.002156455829724214 0.002156455829724214 0.002156455829724214 0.002156455829724214 0.002156455829724214 0.002156455829724214 0.002156455829724214
0.0037368587299660147 0.0034641908134982026 0.003248897840550861 0.003066338264153201 0.002926405488955859 0.0028219826039439576 0.0027040976893351596 0.002579707695757426 0.0024585838144515143 0.00234928696757963 0.0022590441693290894 0.002194045698226858 0.002160048185275935 0.002156455829724214 0.002156455829724214 0.002156455829724214 0.002156455829724214 0.002156455829724214 0.002156455829724214 0.002156455829724214 0.002156455829724214 0.002156455829724214 0.002156455829724214 0.002156455829724214 0.002156455829724214 0.002156455829724214 0.002156455829724214 0.002156455829724214 0.002156455829724214 0.002156455829724214 0.002156455829724214 0.002156455829724214 0.002156455829724214 0.002156455829724214 0.002156455829724214 0.002156455829724214 0.002156455829724214 0.002156455829724214 0.002156455829724214 0.002156455829724214
0.0029221883887314633 0.002804333774786539 0.002710875553428127 0.0026429375868450007 0.0025931847365868745 0.0025273541859123193 0.002450820463529266 0.0023709011892562985 0.002294930458734155 0.002229857179295964 0.0021821671837392647 0.002158114496359202 0.002156455829724214 0.002156455829724214 0.002156455829724214 0.002156455829724214 0.002156455829724214 0.002156455829724214 0.002156455829724214 0.002156455829724214 0.002156455829724214 0.002156455829724214 0.002156455829724214 0.002156455829724214 0.002156455829724214 0.002156455829724214 0.002156455829724214 0.002156455829724214 0.002156455829724214 0.002156455829724214 0.002156455829724214 0.002156455829724214 0.002156455829724214 0.002156455829724214 0.002156455829724214 0.002156455829724214 0.002156455829724214 0.002156455829724214 0.002156455829724214 0.002156455829724214
