_RESULTS/CROSS_VALIDATION_POSTPROCESSED_80-20/MHZ/GZ/7comp/3/MHZ_GZ_z_125_kriged_reverse_7comp_spherical_3.asc
ncols 100
nrows 74
xllcorner 5.5967023332191781
yllcorner 50.982320383219182
cellsize 0.00019249356164376555
nodata_value 1.7014100000000001E+038
[rows 19 to 37 of 74, columns 43 to 85 of 100]
15.499511441134374 16.404223953466214 17.0593957666612 17.428813123452404 17.504004440353743 17.26495765755408 16.707927416236 16.017098625943643 15.3090895686853 14.62375116828937 14.020596239770947 13.580348857089596 13.36444677374895 13.407593614021957 13.682120341775367 14.115837661606195 14.639346259932227 15.197691630164503 15.642435156123652 15.905000659303958 15.978932921618282 15.864196691658835 15.708939991029567 15.628758847652053 15.591561210850477 15.59478277363335 15.640905537738242 15.737468687672138 15.918358000207288 16.30266936932818 16.95712433196207 17.979316835563093 19.48349119369466 21.48226100067393 23.762850864997358 25.987169903524105 27.722199509799143 28.639126622472403 28.70931483698232 28.134939621190973 27.14634145440959 25.914647284064333 24.555717732969935
16.58525605731207 17.4686597975131 18.095880970935223 18.44008482433778 18.491612304483557 18.22806168914842 17.669332376315257 17.02487109907794 16.355123572437233 15.702827200970182 15.130536006574577 14.711921120725583 14.511995986752268 14.529548266192368 14.741897281218158 15.106315145735955 15.566203008765742 16.08811473436776 16.55642451795325 16.832242602737423 16.898889694441802 16.772482411123573 16.648416807155982 16.61621014537267 16.63694348519871 16.705537412496934 16.828840324208347 17.0219803651776 17.371778803586054 18.008393718968073 19.003548048321356 20.411576466468414 22.309595680527234 24.67033641048839 27.301367880791016 29.85468954372817 31.72003655881283 32.3262703422698 31.7700563093811 30.541087993277245 28.98088953875381 27.267518050704282 25.50450178773106
17.834701713583872 18.68298213854309 19.26772357702669 19.575352000160905 19.593156959587088 19.29840438135808 18.77388890801751 18.18548315650111 17.55040233446678 16.911687822250677 16.33949606250857 15.90940703258836 15.681701257348147 15.680795281164398 15.860143450265122 16.209863691192187 16.71344920048316 17.284641342507275 17.79813174079949 18.08362317855833 18.14376408485317 18.01056402441893 17.90677951189736 17.90674269205162 17.97166225296047 18.088477814082925 18.266652218487685 18.528952128700528 19.002286729939787 19.78647275913336 20.963636329914035 22.632224262190938 24.845538363919523 27.522325951876365 30.567353471446555 33.71493218441242 36.140406488469054 36.29998856364086 34.826143968873716 32.867357882045944 30.746834685025203 28.57029272295466 26.40027135365729
19.198841181695773 19.999646840086566 20.529206099834994 20.783663146079785 20.751657441072776 20.426852068801434 19.982187916348987 19.464339162085047 18.859494693846262 18.20772207331493 17.60322679117583 17.135800749085185 16.864767960375655 16.823107079009493 17.053130214832592 17.50871390418464 18.12602281896422 18.780460085283213 19.315798326736076 19.606599020088154 19.664583815621693 19.53184055238676 19.441252069702493 19.459487846344896 19.550557264006287 19.69025866216564 19.888916166604588 20.193074832007973 20.741478409342527 21.604555234873057 22.85740964432953 24.585512259987414 26.91033425512795 29.834020563326657 33.17402857379787 36.78592146506961 40.49521840293421 39.61562047510341 37.21724815717168 34.765077596390064 32.27073921775441 29.757874873230417 27.26313408986245
20.66986175400819 21.418126015635615 21.878225483454862 22.056966393897916 21.950048111043163 21.642447727929255 21.287696113076258 20.855167145636113 20.261212045095313 19.5403675340337 18.865302934307223 18.340324276756316 18.022708129197724 18.025228572635964 18.35998715539932 18.937881175943065 19.689775913790193 20.52135638050355 21.024550123633578 21.303716048579723 21.38660962048283 21.276894630218006 21.20002485444866 21.225976409648748 21.32117748762705 21.45101247714807 21.62595886340388 21.94469827099778 22.505846281614573 23.365304237839425 24.600969185997815 26.359597517639365 28.67863331187635 31.505129430543928 34.717762457185216 37.93421731358293 40.33672900875982 40.19711031833065 38.32544344382253 35.96382643518996 33.40328280081603 30.740060927640762 28.039811207500332
22.205191849412934 22.886578277884624 23.253250896103143 23.32420091594601 23.13743256310879 22.88224441301587 22.612895482493585 22.32668564713485 21.752908475434925 20.85048428580393 20.055974552630737 19.46037995211817 19.19652435238944 19.284040081064738 19.6958419863318 20.369133547671446 21.20791367480308 22.10841346905151 22.671364414177134 23.028848690537302 23.21838980605173 23.17898561186893 23.12486151945515 23.151222926345852 23.225239955544076 23.306570003888577 23.43102580268937 23.719701338698385 24.224495973078493 25.02288084220121 26.263024634685646 27.979448048172895 30.15365949662608 32.68323672540576 35.39215871844756 37.931025316779944 39.564993931347864 39.702578990813656 38.51451444313289 36.548667613538676 34.15243517188145 31.50462954013499 28.719886995900048
23.68966362325456 24.313542619716053 24.565295355064933 24.50162270967865 24.298939498510546 24.047216127522155 23.7812390142731 23.511129829294873 22.9293469539887 21.95941718685745 21.10590128754046 20.534826850714452 20.33922598394876 20.503912722247062 20.987781074398065 21.736448377810387 22.615649182600915 23.490582296036987 24.20045365729909 24.723430237850902 25.085980085246234 25.177080020773484 25.157409453876067 25.176834707189975 25.202049758848993 25.197075815543553 25.262025451866403 25.46142825517318 25.863098420205972 26.6346850458012 27.811140738735222 29.39618408748056 31.342172186201168 33.51261143080092 35.70739065990115 37.650338030035066 38.947644369148335 39.184634893070005 38.38873990893818 36.79398585142176 34.63845108034515 32.10203185407501 29.324917205210287
25.02466936144944 25.596561054904143 25.712474603443592 25.59105726425002 25.359779400821107 25.055935210110746 24.696587249756835 24.247400359990102 23.59384068779915 22.75465518572964 21.976572500566583 21.518753231314868 21.408432418993822 21.64048625595908 22.200020286534247 23.028696137855288 23.981017734047494 24.928725065810745 25.7710211504797 26.451956575300663 26.950353733890598 27.214987865236722 27.24383524859235 27.246382394360175 27.19233795108893 27.101770192490388 27.049053300749758 27.09474604335145 27.430511250279423 28.119116521188243 29.168675735367504 30.56836657720589 32.25762459157942 34.08571436336003 35.862762200647424 37.383885134558795 38.44684598482966 38.77258642119401 38.23237539806693 36.92277749605729 34.996585614236 32.603739139237874 29.885875034214145
26.19359415840269 26.645321695307373 26.733742989918525 26.567463569312316 26.271908948003244 25.881916367407094 25.407846008850942 24.83158453076294 24.126729091664014 23.33315903375241 22.707477026169087 22.37963621693964 22.372157418029023 22.687636640773963 23.31578228036059 24.231983209252274 25.301184709543378 26.3751084709734 27.36919189124849 28.212479517504057 28.849305248464756 29.23085230135809 29.333232283454358 29.30158555834938 29.15814698277997 28.94606157952334 28.715497461479917 28.64383613379951 28.875867048053898 29.430301704758193 30.311521833475002 31.502065140365477 32.94268885844389 34.479255271944204 35.941261550267676 37.17864583856031 38.05370199569425 38.44133103778753 38.10327115662803 37.037854131942446 35.32241711868753 33.06834488411296 30.415800884106986
27.203383899646223 27.58659503917308 27.61429137359063 27.37787930357397 26.97058132047328 26.445159878364695 25.828286223659997 25.131900619772214 24.368797672865643 23.638618961446532 23.17341423652467 23.008114940657563 23.151630497951885 23.597472420918223 24.32441310265822 25.324603863237886 26.531762723171543 27.766127391799976 28.936591849707327 29.96152647692037 30.76080998385649 31.25777065437999 31.378738103385267 31.303945518083044 31.07005716850794 30.68730207659098 30.26838055204466 30.066834746461048 30.14416755823769 30.524700753690936 31.213293125018442 32.191490054377674 33.40918308787932 34.71270939811468 35.95075232233424 37.007641944969386 37.775839827626235 38.179065496900584 38.02008225680319 37.159206713264986 35.634540746590545 33.523598077237246 30.915833918392494
28.20155608321599 28.433503144015333 28.245509011696377 27.79124333316939 27.209123553240662 26.53442179274238 25.788816107125754 24.99674402864977 24.184871493827302 23.546928137591795 23.21931814633657 23.209619084489947 23.520486066569394 24.14546296451853 25.06628284998084 26.249634050003323 27.61315786651722 29.028530429695472 30.399397554694897 31.633242890567963 32.62848376240262 33.26698946151063 33.48133475952555 33.302711779795004 32.90206383396516 32.292650014478994 31.69128898332539 31.300176230731147 31.176267627133964 31.352502276068495 31.83700188590104 32.61332178124003 33.63847838660247 34.765155211014815 35.858141855135464 36.819398202384065 37.55315005695897 37.980926684738826 37.983890829220314 37.30704373211622 35.941464970955344 33.98302256140507 31.50336468896574
28.974699324111867 28.801386955009455 28.390434433102374 27.753603944864334 26.966383873749976 26.14028218769619 25.29139207688138 24.426059004518446 23.597986482688057 23.049864346099294 22.840834201329404 22.97148912501731 23.44066289440634 24.241820304945428 25.359314031270795 26.765758744956937 28.387064488593428 30.06892033064228 31.669544918525155 33.14154143484039 34.39127343083513 35.27208695672855 35.65151291077424 35.42037744947024 34.718238710481614 33.766755104737626 32.90999230727222 32.269763380019526 31.905464829452228 31.857745094503347 32.137040625303385 32.72894310415752 33.58622012583345 34.58959721209659 35.606784064807435 36.54761995955565 37.31815690005496 37.82791673699336 37.980588358961946 37.502309401803 36.345393286517435 34.57161975984179 32.18643123957756
28.39635614132848 28.434449542513008 28.00500061019216 27.280274293133488 26.349716957580902 25.366474339636426 24.384904851155955 23.440376614811754 22.61953937377295 22.149033060603767 22.04192568419591 22.29574246508535 22.907614187317588 23.87154452848139 25.176241163765468 26.799957797397933 28.672328492558048 30.655357726125686 32.643326129783794 34.4602656761405 36.03728501733031 37.238336829406684 37.846223570767634 37.629333590601064 36.59167465547053 35.20651662853628 33.93176948029167 32.92535054588677 32.26486547740089 31.978276280628442 32.06141887775873 32.49106186391345 33.20350356217003 34.12175429139549 35.123766607039094 36.11270878863071 37.00238104395483 37.696703627068416 38.0921585159223 37.89941711680264 36.95343337576826 35.300623653949835 32.95686223348887
27.401625540446737 27.51061575122813 27.14112643789015 26.4234559715392 25.443934793014368 24.353099800098462 23.25935590936638 22.21961359510203 21.36680239355076 20.914899646764233 20.869346664438723 21.21895089457977 21.949703854731652 23.05734405517485 24.535940214716483 26.373141690012304 28.502875088831942 30.803796241341274 33.19280239420446 35.46079977395443 37.434574256045074 39.04577500520631 39.9922701692427 39.808941450116635 38.4373019935189 36.523928182971936 34.762474327910084 33.34747839330024 32.35137233168079 31.791745234127166 31.66007917699909 31.921428172012916 32.50912738201476 33.37233710830005 34.42651800937325 35.559835779193 36.68489920258951 37.686836350727404 38.41204106476393 38.533603109106465 37.763185262432586 36.150722578624155 33.77840268461726
26.17373649810269 26.336245749544503 26.076825675009307 25.434014474595905 24.473747548445942 23.352154539272078 22.18652291403533 21.05951504920683 20.15734518187533 19.67335422158419 19.605389319427445 19.954684652564552 20.73165695320906 21.950501953828454 23.57968832177375 25.603689992421646 27.94704453969445 30.51166499991451 33.21714333660155 35.87923522005745 38.33411183412661 40.43696728585876 41.94200667518752 41.850052292400186 39.91683654155324 37.48946871177147 35.24723291895302 33.460863963485174 32.17000693161684 31.374113908641128 31.053637957731855 31.154877086863493 31.639839039447125 32.468844238828716 33.59057818006218 34.90292335594843 36.31402678494086 37.70973341803961 38.88930480707617 39.39995700769819 38.74983007955291 37.05045027857648 34.563513265053494
24.977588027813162 25.209500755159585 25.041909659632555 24.460162203093947 23.507319487575444 22.35764825109299 21.145795978544214 19.97813030867638 19.03554373710283 18.51103008630151 18.41243970314207 18.736305557109723 19.48950772372732 20.68992744421235 22.364957953530315 24.51988729086987 27.010519461367572 29.758830850794354 32.66573212934756 35.590622300209404 38.36504302099327 40.85439888176124 42.99011533916243 43.194725903050475 40.38272709232359 37.665162873242956 35.229877010198805 33.193197598746984 31.686676283743363 30.706879791832627 30.21387786322914 30.1791402620101 30.57883098790019 31.382808234076236 32.55317191063941 34.035200809387476 35.73380440382519 37.56603945486765 39.36117612819195 40.480451429452586 39.8156334082857 37.808741449327535 35.14766941097997
23.86401995884554 24.160458817477682 24.085111769419026 23.55728642466585 22.58119399723866 21.37571078021101 20.12143104885304 18.92564862600287 17.969249825937066 17.42293023313902 17.289629900743233 17.583203806912316 18.304200556243767 19.46571355130309 21.092299227201437 23.200809195966617 25.736862280354234 28.57225740933359 31.558602539032766 34.56921625175197 37.3821603428473 39.78049732206831 41.391428184815155 41.2718782773706 39.24598537725916 36.81139660228868 34.51950074544005 32.52638396211607 30.916406608890316 29.78750902012476 29.150928184537417 29.00054458473516 29.32427507599821 30.099730172837873 31.294214747670097 32.86920597321871 34.77127969408851 36.92797360357016 39.291820322493784 41.60045406174126 40.41047357658 37.98336705612203 35.277997182170004
22.818207667951 23.172158794748434 23.213256941264675 22.764994775138796 21.704054206083093 20.402047133758277 19.099696576935052 17.897670893588266 16.932632011139184 16.386372562815403 16.24335785946619 16.507581770849345 17.19547082233183 18.311652129247218 19.87396181035748 21.870958471958883 24.271122006634005 27.050617809915984 30.00505597385218 32.93813922978125 35.57468139754616 37.6517521386677 38.780793305560074 38.545881201357915 37.103096940717634 35.147921384191974 33.16085580742825 31.35855986485008 29.837923741552995 28.665575230883316 27.912059150999134 27.65699326481652 27.90814082588905 28.646504296567965 29.83139458333125 31.414202929462075 33.34271850189175 35.52965030714157 37.81363637750929 39.509819268243874 38.99803831572025 37.115603303081585 34.776636633248046
21.819100551132802 22.18624404562596 22.319486211648986 22.102981648034604 20.790297133968288 19.406276420557276 18.080953755358703 16.887969920494925 15.931115683837751 15.39788569701267 15.27714126288294 15.541511876817577 16.204622668797843 17.276223488816143 18.76041310409749 20.61776872723585 22.84071955231304 25.392679442472428 28.180493204891395 30.931368373506494 33.328555696910215 35.11503851662276 36.01029958130786 35.789961513232896 34.63859316954034 33.05020862010771 31.361900392069447 29.75699368354741 28.359814635082785 27.25405960518803 26.511067777372354 26.20605989542721 26.398577078371822 27.100608150376615 28.252004305633694 29.768472088201413 31.56371072412571 33.52819310347063 35.43723077701717 36.64267092848967 36.580863440596524 35.47708248160087 33.72777239510005
