_RESULTS/CROSS_VALIDATION_POSTPROCESSED_80-20/Berg/TZ/5comp/5/Berg_TZ_z_0_kriged_reverse_5comp_spherical_5.asc
ncols 100
nrows 90
xllcorner 5.6208707817415728
yllcorner 50.959635321741573
cellsize 0.00013419651685393446
nodata_value 1.7014100000000001E+038
[rows 36 to 53 of 90, columns 41 to 81 of 100]
0.06320816164375023 0.029906727331393053 0.013090990573172746 0.005480940150765167 0.002254715181791396 0.00092341281369385 0.0003771908484845011 0.00014835167112198412 5.7231643184612166e-05 2.2427063716079136e-05 9.438035672385452e-06 4.675032853966539e-06 3.0830654742016223e-06 2.866698902868174e-06 3.483137976082431e-06 4.918521736066431e-06 7.315560096817662e-06 1.116970746126689e-05 1.6605789702625403e-05 2.393268690604903e-05 3.385362859721754e-05 4.8128730989275354e-05 7.074601355140614e-05 0.00011042815772495485 0.0001865656041262609 0.0003409658607057663 0.0006624849922006804 0.0013298475015286603 0.002667178052892567 0.005163556009684309 0.009327535655767183 0.015457200931354564 0.02487097940219329 0.038620444259859645 0.05734101708098498 0.08086175094293915 0.10520275880903247 0.12478139055824586 0.13518857920821467 0.13400382979762993 0.12162638816835801
0.06988749372414291 0.03351131922033451 0.014955786851034521 0.0063203461906513785 0.0026242757891447657 0.0010907076375776881 0.00044984156981618705 0.00017964415039171158 7.143643188487629e-05 2.938139838629577e-05 1.3161613185085093e-05 6.862069453777757e-06 4.45917657983009e-06 3.7373046136888355e-06 3.910927464718545e-06 4.597465652901393e-06 5.817207173110359e-06 7.70803499417702e-06 1.0200262555871459e-05 1.330260650248345e-05 1.7276077057037704e-05 2.2893547208905747e-05 3.200972422899771e-05 4.915617022402343e-05 8.517600365981724e-05 0.00016616929625645833 0.0003544741820699878 0.0007924857874103343 0.0017721548796589795 0.003806418182596867 0.007559850884465988 0.013746759622505452 0.024019280442868225 0.03970211905145521 0.061986978100709925 0.09129144363409387 0.12155424725264247 0.14677256296770017 0.1615416590774724 0.16267134763567564 0.15016291460000458
0.08077129469382693 0.04003418135036653 0.018307087104532063 0.007951072011848189 0.003342333411073402 0.0014147240447445078 0.0005910549565209261 0.0002411705414344983 9.901848181146038e-05 4.2398243196414724e-05 1.980447382432138e-05 1.0620492359935772e-05 6.7874692408130255e-06 5.246478423095688e-06 4.756430957525017e-06 4.749430123883865e-06 5.221781875299026e-06 6.010547444678381e-06 7.034925116932885e-06 8.180771349534043e-06 9.518114639802652e-06 1.1335758344998558e-05 1.4478131848303154e-05 2.1150531026804983e-05 3.710894994608906e-05 7.74874957465208e-05 0.00018186736048981196 0.00045060790199350333 0.001120740857534064 0.0026778596004898743 0.005867506427528856 0.011839789786179436 0.0226270455727651 0.04058631026526002 0.0681715929902766 0.10275292408612263 0.13835736172907306 0.16828305007801053 0.18655803743481242 0.18957561161562383 0.17704328254861226
0.0916060593597368 0.04868944373451254 0.023631197559590058 0.010641743939291307 0.004621053227048848 0.001988803206471748 0.0008431672507256036 0.0003517856328995735 0.00014867005263990258 6.619750172876656e-05 3.215634968942271e-05 1.7562512494062432e-05 1.1032540122880887e-05 7.997486001536492e-06 6.381923006996836e-06 5.522453797297265e-06 5.2349201791452485e-06 5.2413046618450695e-06 5.422827485487155e-06 5.604732407622399e-06 5.746829567756729e-06 5.949963461939565e-06 6.5510658850567746e-06 8.576592863845128e-06 1.5001533865549156e-05 3.41521478651259e-05 8.948199494644274e-05 0.0002465767846737944 0.000678348667954654 0.0017917092915334825 0.004387718612611978 0.01018487786478516 0.022135086759350428 0.04387222957087543 0.07619623823990704 0.11523376904106494 0.15451812186317265 0.18707715670747574 0.207142821627181 0.2111696690726375 0.1986655406476039
0.10094228670559177 0.057869799744195066 0.03034124846351909 0.01473187845591648 0.0067639027023510875 0.00299379963006704 0.001288070950118206 0.0005497041417434391 0.00024131033050485128 0.00011185125704817337 5.6067233522673506e-05 3.104342718635946e-05 1.9265948237344093e-05 1.3113800429316946e-05 9.477232875170295e-06 7.32646979056757e-06 6.106552268849264e-06 5.365140887002732e-06 4.86518567337523e-06 4.3722441423652945e-06 3.832080665943793e-06 3.309061997080307e-06 2.925933682473376e-06 3.0726972638756234e-06 5.399576573404948e-06 1.421500330132779e-05 4.1888572515256465e-05 0.00012684941924927048 0.0003834673348821579 0.0011302194717175465 0.0031902011201625814 0.008859414634980486 0.02279812733348813 0.049367096781763535 0.08643755873513874 0.12781641486652007 0.1674844906100673 0.19956320476725234 0.21928639619513537 0.22345374368849258 0.2112887391338228
0.10760589637283477 0.06681903294777455 0.037831704101780106 0.019900171674278745 0.00996665925926588 0.0047068050963939385 0.0020866879105647723 0.0009222945497449925 0.0004210287965467145 0.00020246139740618928 0.00010444927097428511 5.869295081463248e-05 3.605883289710263e-05 2.3297782540218945e-05 1.572758417521866e-05 1.1178913609237446e-05 8.484813913684514e-06 6.643820825833636e-06 5.240962742252966e-06 4.095411684611239e-06 3.1080566438290495e-06 2.298001806614938e-06 1.6640488626626333e-06 1.1941263894114535e-06 2.2681989588141303e-06 6.916394505058631e-06 2.1401839983557446e-05 6.751142857901113e-05 0.0002164560606226001 0.0006952846694985069 0.0022781499976229085 0.0076266476471905245 0.023121811992018734 0.05422217707746219 0.09505172315120304 0.13656848041001604 0.17255279953742353 0.20100138104143442 0.218874948495144 0.2230097946906044 0.2120618637214034
0.11046321237190795 0.07441867831337617 0.045301868643399724 0.02570354614323129 0.014014265880209615 0.007325241842933794 0.003529370126332381 0.0016464046837787532 0.0007812118770964052 0.0003896124692982115 0.00020711407276698582 0.00011886590144158226 7.295889711793132e-05 4.6205860718765415e-05 2.9820478488836588e-05 1.9874108710779405e-05 1.3616390478784572e-05 9.468208591868635e-06 6.639559040461183e-06 4.6563554020603585e-06 3.207386247916745e-06 2.1939582005412524e-06 1.54957209601665e-06 1.3095266205098418e-06 1.988551834634162e-06 4.757141880274153e-06 1.308575054143647e-05 3.874066739639763e-05 0.00012202635568049275 0.00040973627998363036 0.0015379964677453418 0.006118276438512296 0.022688931741050425 0.0572236057320438 0.09287045870264801 0.12735424887190722 0.16053135784733405 0.18734516909299073 0.20356223221038133 0.20853773573151452 0.20019224860058862
0.10881885879914194 0.07915097999684885 0.05124310322469944 0.03119808189616432 0.0184983820233177 0.010854940652701818 0.00590366681970628 0.0030050592446848635 0.0015248967999595782 0.0007920788048892942 0.0004392619016779657 0.00026307533764661676 0.0001634809790026572 0.00010276858729852032 6.36075195737936e-05 3.900867352831468e-05 2.4327019098778253e-05 1.5368180185365956e-05 9.821305468315171e-06 6.348974539917223e-06 4.113587255333137e-06 2.7344393623232353e-06 1.988475873277463e-06 1.793423009771261e-06 2.306981635988706e-06 4.148845153389398e-06 9.23899266661991e-06 2.3722347291077407e-05 6.848087764854403e-05 0.000228108806180719 0.0008839792463810345 0.0038849731690854795 0.018558293651687055 0.050792349999387545 0.07027659771721113 0.09575447212558003 0.1251824324506575 0.15389301845147982 0.17470227407273678 0.1820883944884941 0.1776150529118459
0.1027537325309293 0.07848564835774066 0.0531804038434375 0.034799214734052106 0.02276787826035248 0.015053476123372798 0.009360568234760301 0.005339961365354615 0.0029671548373773602 0.0016956101231523555 0.0010114821219432569 0.0006349842954436577 0.00040265822877676605 0.0002491146985080561 0.00014534440689665122 8.313052692808257e-05 4.810280530272691e-05 2.8147550466357504e-05 1.67047849656702e-05 1.0118289797960365e-05 6.239739668070103e-06 4.030830249643837e-06 2.8853828560304805e-06 2.484286111953524e-06 2.748761731702773e-06 3.9304237964733246e-06 6.977994403154155e-06 1.4813704044008582e-05 3.696579558748274e-05 0.00011275211915108213 0.00041212874835520294 0.001711116299202081 0.0070885219827938484 0.01999898693358011 0.03584640764403935 0.05604259489408834 0.08122914582874738 0.10901610713871215 0.13393507509779634 0.14857258274248097 0.14854139819080076
0.08657174286089649 0.06623726100093351 0.0483792059936969 0.03499852072564015 0.025807736500526583 0.019318206586565058 0.01380036437059407 0.00905816528839747 0.005664550073000325 0.003618238151895524 0.002397970979896808 0.0016222685380736911 0.0010527850789791298 0.0006314046647189234 0.00035337326612618964 0.0001915691589674825 0.00010453078083202612 5.7515540834892395e-05 3.2092533249363865e-05 1.8333194452250805e-05 1.0721044978489594e-05 6.591510985508539e-06 4.451188942578762e-06 3.4783682556282907e-06 3.286359517643921e-06 3.7912631153363256e-06 5.258069237839134e-06 8.721828186851199e-06 1.8263731913060386e-05 4.896736614808783e-05 0.00016208125907936355 0.0006040371848737956 0.002180887657742997 0.006399326519543736 0.014414272254451755 0.02711657896686218 0.04540492160196905 0.0682541542675782 0.09218547840391246 0.11105783876613406 0.11811370822960608
0.04509502539555991 0.043755534629954934 0.03763536201869967 0.03149341374520858 0.026659877105855732 0.02276063803340842 0.01874755950662128 0.014443573905615119 0.010452004742276436 0.007490540467398688 0.005491619793554658 0.00399990830621891 0.0026599960987638035 0.0016110065575813245 0.0008958039195632604 0.0004717843288152572 0.00024718993945686704 0.00012960407107634773 6.855088927262654e-05 3.696224221277948e-05 2.0297376945944912e-05 1.1608078475795013e-05 7.1415601112802216e-06 4.885366921274024e-06 3.829537870889021e-06 3.485132877747534e-06 3.699704575010188e-06 4.838647480711658e-06 8.25723299750052e-06 1.9164832983916562e-05 5.8296272789636324e-05 0.00020382013236817595 0.0007044167408887705 0.002144150480391256 0.005512909146822741 0.012078601864902117 0.02322363435414211 0.03929242956076669 0.058613871160842775 0.07692006169113087 0.0882085748264929
0.022623420933016933 0.025579139360265037 0.026087164080252533 0.025665373168106305 0.025177990575887068 0.024606726705978254 0.023633665163203765 0.021481378263013166 0.01816537967674794 0.014564557320591209 0.011812684485554217 0.00908761649635539 0.006252430867581015 0.003882699610589919 0.0021929308662469267 0.0011501679948415302 0.0005914308172257997 0.00030066080339146415 0.00015217760924325042 7.730947316468788e-05 3.931375556613023e-05 2.0421700108050963e-05 1.1132018221571292e-05 6.5347110919662325e-06 4.224524933611173e-06 3.056205276080049e-06 2.579252812777242e-06 2.6289118413354013e-06 3.47842820824075e-06 6.980539867552363e-06 2.0855720817390723e-05 7.294098651585528e-05 0.0002526430342961152 0.0007957741443167107 0.002204277133250697 0.0053771151771679635 0.01153474054983741 0.021710268632225617 0.03554620917164379 0.05060552838531284 0.06235942239567523
0.01110411583460961 0.014222890479862528 0.016913186101777933 0.019415777185385844 0.022030759250867626 0.02480107477343135 0.027487862777959837 0.02915672571173978 0.028575147869550357 0.025999119321312384 0.023101991068894344 0.01876077039963456 0.013524497596220186 0.008730018904302785 0.00508160739629297 0.002697093311715543 0.0013761449078336097 0.0006844085061759937 0.0003332332598967004 0.00015934288143019856 7.454654522390576e-05 3.48213914699668e-05 1.666130614139704e-05 8.37018142314114e-06 4.518661094483476e-06 2.7583674127595858e-06 1.932598752924998e-06 1.5525426401509176e-06 1.4648317708220482e-06 2.5106087590134694e-06 8.443004729544415e-06 3.042729146808971e-05 0.00010560276045322286 0.0003375950300271814 0.0009724679246413208 0.00251441276901805 0.005837912763443526 0.011954768791979476 0.021189747848433603 0.03240297366875685 0.042575431927200987
0.0056767597464154294 0.007819042223212168 0.010525955770972744 0.013864628135790907 0.017984935260759016 0.02308006119254289 0.02900585492455272 0.035460167257387966 0.04020826784381632 0.041893995482298635 0.04016210855589873 0.0348011738302348 0.02659525300416042 0.018072547384986357 0.010991913458431478 0.006013361310297342 0.0030798720003739274 0.0015138614436861898 0.0007138689330937676 0.00032126577281515355 0.00013760438267336467 5.736801353178563e-05 2.3959328058522217e-05 1.0432975614295464e-05 4.988650020369925e-06 2.696408558461623e-06 1.671463557989854e-06 1.192325210551568e-06 1.0047815917120455e-06 1.5556671799920867e-06 4.801667523818049e-06 1.6129138602992244e-05 5.337181172476526e-05 0.00016713039231515398 0.0004839818591720652 0.0012827130986085447 0.003106040310677164 0.006753765975621754 0.012733207154199639 0.020630929787105956 0.028589560101022607
0.0030615015776226336 0.00448027686635736 0.006473064501436627 0.00932599368985667 0.013659634717109249 0.019713634103492274 0.02779899598514142 0.038370296771376725 0.05015306872601283 0.05928376744868961 0.06142461184950891 0.05732275999898576 0.04690957858304796 0.033936440868960686 0.021841271133333028 0.012552687761729396 0.006551592194238348 0.0032239276668030027 0.0014866918362768829 0.0006305502373602036 0.00024613651705241026 9.115069451758138e-05 3.395061907031827e-05 1.3349272585233431e-05 5.77454564569593e-06 2.8557702769742226e-06 1.6697168159419095e-06 1.1944925479579207e-06 1.13451239705009e-06 1.684219270436219e-06 3.8648575785017155e-06 1.0906359064118973e-05 3.265321795265903e-05 9.675292998880005e-05 0.00027352819293311993 0.0007234263513987583 0.0017728730531738266 0.003990894261570864 0.007862665308951433 0.013290851666879745 0.019247020411979485
0.0017541835073771187 0.0027122912247657858 0.004158000433396301 0.0063785767496826766 0.009997747298916967 0.0155862850313547 0.024182720363386423 0.037043149252288306 0.05501422690130851 0.07264666077593206 0.0818749009877922 0.08282967428963074 0.07314925615149981 0.056841836408629366 0.03912602619950209 0.02394446673075335 0.013048766635417642 0.006538166062887019 0.0029887053537515115 0.0012069034977516854 0.00043605398252676236 0.00014736318887294953 4.946194315984965e-05 1.749012935004642e-05 6.876249907885333e-06 3.164178884460607e-06 1.792652020601276e-06 1.3083186291556215e-06 1.2994011984918675e-06 1.8401826108154433e-06 3.6026709210875325e-06 8.722054098198905e-06 2.3387438367645072e-05 6.447396146630381e-05 0.00017457163488767032 0.00045167638874315765 0.0010989199583829035 0.002491055737523924 0.005052449718208135 0.008776991646668324 0.013335065918761933
0.0010885214752560106 0.0017644658646874846 0.002839257594927474 0.004607807963395805 0.007547110909165895 0.012270126757153894 0.02003053910641336 0.03291218427593153 0.053245233004889564 0.07708274731593207 0.09440621888930836 0.10374059622569283 0.09932607150411694 0.0833675178915426 0.061840499177949 0.040794644365397724 0.023981477436375683 0.012684189229797324 0.006028900438420036 0.002415936655673781 0.0008110905735883584 0.0002457167105075784 7.320949190565096e-05 2.3042232177212983e-05 8.181341104053245e-06 3.497993902075893e-06 1.9191254026418333e-06 1.4104550555623807e-06 1.4211828803587483e-06 1.956070138161974e-06 3.5231396645354943e-06 7.698497353418044e-06 1.8832045582366737e-05 4.833061091868516e-05 0.00012429169611606695 0.00031063156130688933 0.0007395933193641487 0.0016563180256581786 0.0033938085909854783 0.006047401546931286 0.009648300531949221
0.0007438364912419193 0.001252286264207359 0.0020951217904401475 0.0035522986149496482 0.005968403655715215 0.00989565042923288 0.016649115007303608 0.0291697418533341 0.05004830557902822 0.0762007625690086 0.09979377319222298 0.11779329134928485 0.12202945499831994 0.11110765843600745 0.0897612524942853 0.06485762134811193 0.04212723426707759 0.024556306242228525 0.012706950842379435 0.0051894499209419725 0.0015588380838403569 0.0004136336102735492 0.00010822439209029484 2.9971947074998427e-05 9.463820904580793e-06 3.7032367207813178e-06 1.9491857384289007e-06 1.4383973655356028e-06 1.4783062769280127e-06 2.032403911190099e-06 3.5290643346649397e-06 7.254088186758351e-06 1.657860662117476e-05 3.994839620615938e-05 9.743124088224022e-05 0.00023348530423986894 0.0005384035944571586 0.0011774022771739014 0.0023993288526490144 0.004427720944795017 0.007355617567662081
