_RESULTS/CROSS_VALIDATION_POSTPROCESSED/MHZ/TZ/5comp/4/MHZ_TZ_z_500_kriged_reverse_5comp_spherical_4.asc
ncols 100
nrows 81
xllcorner 5.5967107548124995
yllcorner 50.982328804812504
cellsize 0.00017565037499993607
nodata_value 1.7014100000000001E+038
[rows 0 to 18 of 81, columns 43 to 85 of 100]
1.782343103140956 1.7361102056043538 1.6834596444116028 1.6275698673193233 1.5711808823094604 1.5165207596867234 1.4653361909726743 1.4189718726273055 1.378464664623045 1.344635611808721 1.3181734950384507 1.2997091779949916 1.289882669235842 1.2884131742510447 1.2884131742510447 1.2884131742510447 1.2884131742510447 1.2884131742510447 1.2884131742510447 1.2884131742510447 1.2884131742510447 1.2884131742510447 1.2884131742510447 1.2884131742510447 1.2884131742510447 1.2884131742510447 1.2884131742510447 1.2884131742510447 1.2884131742510447 1.2884131742510447 1.2884131742510447 1.2884131742510447 1.2884131742510447 1.2884131742510447 1.2884131742510447 1.2884131742510447 1.2884131742510447 1.2884131742510447 1.2884131742510447 1.2884131742510447 1.2884131742510447 1.2884131742510447 1.2884131742510447
1.889790043618839 1.828979660950274 1.7637627736478634 1.696238703254158 1.6290105552701086 1.5645159327369769 1.50454385863366 1.4503857147787425 1.4029763348106306 1.3630139645603159 1.3310590844810002 1.307616185215638 1.2932035885068691 1.2884131742510447 1.2884131742510447 1.2884131742510447 1.2884131742510447 1.2884131742510447 1.2884131742510447 1.2884131742510447 1.2884131742510447 1.2884131742510447 1.2884131742510447 1.2884131742510447 1.2884131742510447 1.2884131742510447 1.2884131742510447 1.2884131742510447 1.2884131742510447 1.2884131742510447 1.2884131742510447 1.2884131742510447 1.2884131742510447 1.2884131742510447 1.2884131742510447 1.2884131742510447 1.2884131742510447 1.2884131742510447 1.2884131742510447 1.2884131742510447 1.2884131742510447 1.2884131742510447 1.2884131742510447
2.020815684134806 1.938027673348125 1.8511526832401295 1.7661751063394466 1.6867349015077095 1.6119487822298302 1.5430476389184753 1.4811673256954836 1.427067532447859 1.3812745621803442 1.3441894709068882 1.3161722628019714 1.2976107588167944 1.2889809330642525 1.2884131742510447 1.2884131742510447 1.2884131742510447 1.2884131742510447 1.2884131742510447 1.2884131742510447 1.2884131742510447 1.2884131742510447 1.2884131742510447 1.2884131742510447 1.2884131742510447 1.2884131742510447 1.2884131742510447 1.2884131742510447 1.2884131742510447 1.2884131742510447 1.2884131742510447 1.2884131742510447 1.2884131742510447 1.2884131742510447 1.2884131742510447 1.2884131742510447 1.2884131742510447 1.2884131742510447 1.2884131742510447 1.2884131742510447 1.2884131742510447 1.2884131742510447 1.2884131742510447
2.1749465272769872 2.0646625172849578 1.951779195480045 1.8415952077172448 1.7384358659606969 1.6473836146140224 1.5675293203527358 1.4979856513992975 1.4392280206425494 1.3910735540976373 1.352881475287111 1.3236891945962836 1.3023874449667536 1.2904517529261255 1.2884131742510447 1.2884131742510447 1.2884131742510447 1.2884131742510447 1.2884131742510447 1.2884131742510447 1.2884131742510447 1.2884131742510447 1.2884131742510447 1.2884131742510447 1.2884131742510447 1.2884131742510447 1.2884131742510447 1.2884131742510447 1.2884131742510447 1.2884131742510447 1.2884131742510447 1.2884131742510447 1.2884131742510447 1.2884131742510447 1.2884131742510447 1.2884131742510447 1.2884131742510447 1.2884131742510447 1.2884131742510447 1.2884131742510447 1.2884131742510447 1.2884131742510447 1.2884131742510447
2.3464630650726743 2.1915207404967068 2.033227468824113 1.8833819179986289 1.7491352417611086 1.6344571849313785 1.5412517002669022 1.466600539499458 1.4064255164401376 1.3599344293882119 1.3260215815830023 1.3033825532052594 1.290573942384343 1.286032503806404 1.2878945980335037 1.2884131742510447 1.2884131742510447 1.2884131742510447 1.2884131742510447 1.2884131742510447 1.2884131742510447 1.2884131742510447 1.2884131742510447 1.2884131742510447 1.2884131742510447 1.2884131742510447 1.2884131742510447 1.2884131742510447 1.2884131742510447 1.2884131742510447 1.2884131742510447 1.2884131742510447 1.2884131742510447 1.2884131742510447 1.2884131742510447 1.2884131742510447 1.2884131742510447 1.2884131742510447 1.2884131742510447 1.2884131742510447 1.2884131742510447 1.2884131742510447 1.2884131742510447
2.4833819442169114 2.2655190392176445 2.0580196543558364 1.8710161036564446 1.7095224915403742 1.5754319586852825 1.46881657321187 1.3888276272626832 1.330340120091996 1.288061745683606 1.2604868112738714 1.2460577625368043 1.2431886629701991 1.2502502339936763 1.2655281587971863 1.2810457593637523 1.2882497148991603 1.2884131742510447 1.2884131742510447 1.2884131742510447 1.2884131742510447 1.2884131742510447 1.2884131742510447 1.2884131742510447 1.2884131742510447 1.2884131742510447 1.2884131742510447 1.2884131742510447 1.2884131742510447 1.2884131742510447 1.2884131742510447 1.2884131742510447 1.2884131742510447 1.2884131742510447 1.2884131742510447 1.2884131742510447 1.2884131742510447 1.2884131742510447 1.2884131742510447 1.2884131742510447 1.2884131742510447 1.2884131742510447 1.2884131742510447
2.549445835344185 2.2712527646180516 2.0205404200719936 1.8033795437451994 1.6215693465460252 1.4744022572073605 1.3598734789891322 1.275528701309348 1.2189222239591753 1.1830327935544565 1.1633280429321016 1.1581324114089102 1.1658502090080605 1.184914732128889 1.2137157941361782 1.2455830150783345 1.2709073146770757 1.2859103385472554 1.2884131742510447 1.2884131742510447 1.2884131742510447 1.2884131742510447 1.2884131742510447 1.2884131742510447 1.2884131742510447 1.2884131742510447 1.2884131742510447 1.2884131742510447 1.2884131742510447 1.2884131742510447 1.2884131742510447 1.2884131742510447 1.2884131742510447 1.2884131742510447 1.2884131742510447 1.2884131742510447 1.2884131742510447 1.2884131742510447 1.2884131742510447 1.2884131742510447 1.2884131742510447 1.2884131742510447 1.2884131742510447
2.5257168419893543 2.2021593438553233 1.9211633294630912 1.6848306137724995 1.491901255435564 1.3392050571880456 1.2228113399585003 1.1388294221492499 1.0839077804374537 1.0547320075490223 1.0436862847198312 1.047971158565549 1.0661247695031426 1.0967766158592454 1.1385453530393241 1.1855811547771962 1.228221226815062 1.262273792838303 1.2834574654068611 1.2884131742510447 1.2884131742510447 1.2884131742510447 1.2884131742510447 1.2884131742510447 1.2884131742510447 1.2884131742510447 1.2884131742510447 1.2884131742510447 1.2884131742510447 1.2884131742510447 1.2884131742510447 1.2884131742510447 1.2884131742510447 1.2884131742510447 1.2884131742510447 1.2884131742510447 1.2884131742510447 1.2884131742510447 1.2884131742510447 1.2884131742510447 1.2884131742510447 1.2884131742510447 1.2884131742510447
2.4078443638593283 2.062812508005274 1.7684009968031587 1.5256297333570508 1.3313836006770143 1.1806779697676648 1.068100837759731 0.988675414512193 0.9383225703069209 0.9140721949970257 0.9115540373625556 0.924783439390894 0.9524628192041412 0.9935374507109882 1.046969585075133 1.107340984448811 1.1656656625413055 1.2175464001083078 1.258249499590637 1.2829891824813806 1.2884131742510447 1.2884131742510447 1.2884131742510447 1.2884131742510447 1.2884131742510447 1.2884131742510447 1.2884131742510447 1.2884131742510447 1.2884131742510447 1.2884131742510447 1.2884131742510447 1.2884131742510447 1.2884131742510447 1.2884131742510447 1.2884131742510447 1.2884131742510447 1.2884131742510447 1.2884131742510447 1.2884131742510447 1.2884131742510447 1.2884131742510447 1.2884131742510447 1.2884131742510447
2.2171900349172238 1.8707181452592834 1.578229948706945 1.3404941114479418 1.1534887020507862 1.0110648254596586 0.9068270255656898 0.8351091634637172 0.7914189265563605 0.7725911035337848 0.776485597348835 0.7974761225109067 0.8331799061235277 0.8829479429112186 0.9461763920032902 1.0175292399869083 1.0893081931560915 1.157078406904259 1.2157938126838823 1.2601146260629235 1.2848457951518792 1.2886312693824096 1.2889679102848364 1.2891824210712002 1.2891576373427511 1.2889062282821884 1.2885702293712666 1.2884131742510447 1.2884131742510447 1.2884131742510447 1.2884131742510447 1.2884131742510447 1.2884131742510447 1.2884131742510447 1.2884131742510447 1.2884131742510447 1.2884131742510447 1.2884131742510447 1.2884131742510447 1.2884131742510447 1.2884131742510447 1.2884131742510447 1.2884131742510447
2.0033836348542757 1.6599204791937348 1.373799674785354 1.1461901284002722 0.9719180889069116 0.8421104728008025 0.7491452576894136 0.6870066919836982 0.6510636924963616 0.638163187091175 0.6465955003632182 0.6736970190231203 0.7155835439431146 0.7720096533464684 0.8428025945843982 0.9225309128621857 1.0052036397625335 1.0865254333083814 1.1622822459150817 1.2266702125251736 1.2732448966475698 1.2959724320522785 1.298576978762602 1.2994788362495946 1.2993798386651454 1.2982945873957752 1.2963864002821517 1.293959603115837 1.291446129046065 1.2893886421888354 1.2884228619636733 1.2884131742510447 1.2884131742510447 1.2884131742510447 1.2884131742510447 1.2884131742510447 1.2884131742510447 1.2884131742510447 1.2884131742510447 1.2884131742510447 1.2884131742510447 1.2884131742510447 1.2884131742510447
1.7951170023673686 1.457340069257359 1.1807418795608844 0.964372278953098 0.801546024643018 0.6838397547037935 0.6030942837916542 0.5511764685436502 0.5231490299012507 0.5160220769505216 0.5282993482219903 0.5592405228879538 0.6053994767241595 0.6664159364230582 0.7423405095134828 0.8280316075155401 0.9206130766684185 1.0163139749895995 1.1095246194750936 1.1935543905862949 1.2611326776462184 1.305128149733917 1.3197346413307287 1.3213908669596426 1.3212103399441133 1.3192103684248577 1.3155840767214932 1.3106890143249414 1.3050273921066988 1.2992212390687454 1.293986365172822 1.2901088553855486 1.2884270864036544 1.2884131742510447 1.2884131742510447 1.2884131742510447 1.2884131742510447 1.2884131742510447 1.2884131742510447 1.2884131742510447 1.2884131742510447 1.2884131742510447 1.2884131742510447
1.6036223512026386 1.2719906969542578 1.0065068906876242 0.8030688088202718 0.6529671358251534 0.5465272863679839 0.4751068311686879 0.43196468276418853 0.41132898671306994 0.40936527109984366 0.4248429031023235 0.4578607500600091 0.5065509079905208 0.5702938977310736 0.6497399174175363 0.7420389418320479 0.8443719936708742 0.9527581565388025 1.0615781660086638 1.1637370094941613 1.2511648337171142 1.315619040082913 1.3496521779086748 1.354582687918899 1.3543105902106636 1.351284774519706 1.3457392839487503 1.338104535801469 1.3289785883510075 1.3190912787854052 1.3092669370424501 1.3003909254587362 1.2933839576885773 1.2891865132974931 1.2884131742510447 1.2884131742510447 1.2884131742510447 1.2884131742510447 1.2884131742510447 1.2884131742510447 1.2884131742510447 1.2884131742510447 1.2884131742510447
1.434072702863985 1.1085502119741832 0.854507771088495 0.664269012327327 0.5269617272953677 0.4317115038220929 0.3692804700792583 0.3326677171694131 0.3171716210614764 0.31950577259342816 0.3374551176854437 0.37143330500523897 0.42125033727710054 0.48736696747630404 0.5704903552293129 0.668144776858331 0.7784501504153649 0.8978203972581397 1.020708752605361 1.139675125260167 1.24586708926844 1.329907184552189 1.3830260608894278 1.3988467565270093 1.398469965622981 1.3942731105948345 1.3865457526164977 1.3758167354730413 1.3628127014681257 1.348406884660748 1.333566635475867 1.3193071063141846 1.3066562713064511 1.296633845070883 1.290244418484351 1.2884131742510447 1.2884131742510447 1.2884131742510447 1.2884131742510447 1.2884131742510447 1.2884131742510447 1.2884131742510447 1.2884131742510447
1.2883479493349872 0.968921606770026 0.7259480501046102 0.5482283095438858 0.42285363271519877 0.3379131311704614 0.2837373329559848 0.2531982293043366 0.2415634565162368 0.24626737749466615 0.2660167510476593 0.30039945124624395 0.3513625387916892 0.4197477639305472 0.5050860947923776 0.6068900198279601 0.7239216690994544 0.8530474648629882 0.9888533060359707 1.1235915714151268 1.247621508445277 1.3503859790335546 1.4217480581281807 1.4533370112125485 1.4535321835412243 1.447981070269503 1.4377411694860918 1.423473012201344 1.4060085644422846 1.386406837203822 1.366020212418932 1.3460257741747639 1.327391160627294 1.311232918316363 1.2986826746894462 1.2907618160600896 1.2884131742510447 1.2884131742510447 1.2884131742510447 1.2884131742510447 1.2884131742510447 1.2884131742510447 1.2884131742510447
1.1669245135976825 0.8536102997626653 0.6207846430165639 0.45417737710967443 0.3391679731139495 0.2630548428880954 0.21593804518767018 0.19070762989249956 0.18265344808092052 0.18913808186405323 0.2095068300403262 0.24472024922382066 0.296834660383798 0.3662295698056926 0.4531928777831834 0.5584906969464544 0.681537580519888 0.8196882388328804 0.9676956302818439 1.1175119590096556 1.258667185771028 1.3793447126197347 1.4679762553482447 1.5148632240596018 1.5187231355065567 1.5090952407123512 1.492524057374869 1.4708410832446563 1.4459112571923625 1.4194990643977228 1.3931667966778312 1.3682127041748966 1.3456475331851303 1.3262014693771074 1.310350690307269 1.298352964579516 1.290413966148153 1.2884131742510447 1.2884131742510447 1.2884131742510447 1.2884131742510447 1.2884131742510447 1.2884131742510447
1.0701044219447609 0.7626790143792592 0.5384915829855653 0.38096102840905977 0.27417302437060226 0.20489720920037086 0.16324606252873586 0.14235666472397443 0.13758750970860625 0.14606541751810545 0.16715572342519894 0.20316268338864654 0.2560667090088098 0.32589712884197636 0.41438789761988026 0.5230248063407755 0.651880143217086 0.7988111347498099 0.9587443108969655 1.12330197614497 1.2810953146337094 1.4189174003240002 1.5220881982847256 1.5769929669751936 1.5795217893419427 1.5611628761098515 1.5357063589231035 1.5053827521767051 1.472414277169861 1.4388482481980909 1.4064385718553873 1.3765837221127426 1.350316021781598 1.3283285311756134 1.3110232866613751 1.2985664883037473 1.2909401308309618 1.2879835883389699 1.2884131742510447 1.2884131742510447 1.2884131742510447 1.2884131742510447 1.2884131742510447
0.998740692325952 0.6963075977363917 0.4785880907481217 0.32756845693829384 0.22641233779482503 0.1615112095892043 0.12322960617619347 0.10549141149977317 0.1039157281058317 0.11488151760647859 0.13764569902541635 0.17417827651770204 0.22747237585311747 0.2980120770410422 0.38833348821421754 0.5005870405687683 0.635491690687098 0.7913997097191993 0.9633887921641712 1.1425155554068918 1.3158408739929957 1.4639532121520413 1.57147306587029 1.6280104612607327 1.6284050982606282 1.6003923898979338 1.5652463919659843 1.525667869780005 1.4842740678351274 1.44340840481291 1.4050043871011406 1.3705281300347236 1.3409884218156556 1.316991993727763 1.2988201457462596 1.286507645556096 1.279911632546666 1.2787642882826082 1.282707133628932 1.28785130386704 1.2884131742510447 1.2884131742510447 1.2884131742510447
0.9544561481498823 0.6550308984138722 0.44094987638711125 0.2935344794606227 0.19525530236059616 0.13198540393235605 0.09415155069430149 0.07775546087068005 0.08000506851657156 0.09451907863491685 0.11943428288114222 0.1568107703115839 0.21031389729810984 0.2821318875264702 0.3748996570487363 0.49132153608729184 0.6319949698949399 0.7955011887905367 0.9772256715473724 1.1667821342494886 1.3453629204592814 1.4961434807286633 1.604209698033578 1.6592492843803905 1.65672518138422 1.6207135189879696 1.5775811479236734 1.5299884098582157 1.480395656878651 1.4323417368578033 1.3882890427039813 1.3497259643768402 1.3175810544716622 1.2923170112223135 1.274043202831645 1.2626221586942854 1.2577565923096112 1.2590520577812718 1.2660553711447182 1.2778061333061967 1.2864554536064596 1.2884131742510447 1.2884131742510447
