_RESULTS/CROSS_VALIDATION_POSTPROCESSED_CLR/Berg/GZ/4comp/1/Berg_GZ_z_1000_kriged_reverse_4comp_spherical_1.asc
ncols 100
nrows 90
xllcorner 5.6208707817415728
yllcorner 50.959635321741573
cellsize 0.00013419651685393446
nodata_value 1.7014100000000001E+038
[rows 0 to 18 of 90, columns 0 to 41 of 100]
-3.3143356474617387 -3.3143356474617387 -3.3143356474617387 -3.3143356474617387 -3.3143356474617387 -3.3143356474617387 -3.3143356474617387 -3.3143356474617387 -3.3143356474617387 -3.3143356474617387 -3.3143356474617387 -3.3143356474617387 -3.3143356474617387 -3.3143356474617387 -3.3143356474617387 -3.3143356474617387 -3.3143356474617387 -3.3143356474617387 -3.3143356474617387 -3.3143356474617387 -3.3143356474617387 -3.3143356474617387 -3.3143356474617387 -3.3143356474617387 -3.3143356474617387 -3.3143356474617387 -3.3143356474617387 -3.3079594288990033 -3.2646964840949093 -3.1782618827848452 -3.049573284641884 -2.884779226549135 -2.689881989085883 -2.472019720033259 -2.2550950980779936 -2.044857120509001 -1.839717736100817 -1.6386672004151053 -1.441683494143788 -1.2502447437928517 -1.0678902717795515 -0.9006618756361351
-3.3143356474617387 -3.3143356474617387 -3.3143356474617387 -3.3143356474617387 -3.3143356474617387 -3.3143356474617387 -3.3143356474617387 -3.3143356474617387 -3.3143356474617387 -3.3143356474617387 -3.3143356474617387 -3.3143356474617387 -3.3143356474617387 -3.3143356474617387 -3.3143356474617387 -3.3143356474617387 -3.3143356474617387 -3.3143356474617387 -3.3143356474617387 -3.3143356474617387 -3.3143356474617387 -3.3143356474617387 -3.3143356474617387 -3.3143356474617387 -3.3143356474617387 -3.3143356474617387 -3.3143356474617387 -3.29413782489199 -3.2206375492486856 -3.0995499220880363 -2.9373118244548424 -2.7402242780533355 -2.5262738555628923 -2.321493335304852 -2.1242098746500524 -1.9318465889425198 -1.741933896354344 -1.5524442057644627 -1.3622936625472555 -1.1720528460126847 -0.9848853933094408 -0.8076210429548767
-3.3143356474617387 -3.3143356474617387 -3.3143356474617387 -3.3143356474617387 -3.3143356474617387 -3.3143356474617387 -3.3143356474617387 -3.3143356474617387 -3.3143356474617387 -3.3143356474617387 -3.3143356474617387 -3.3143356474617387 -3.3143356474617387 -3.3143356474617387 -3.3143356474617387 -3.3143356474617387 -3.3143356474617387 -3.3143356474617387 -3.3143356474617387 -3.3143356474617387 -3.3143356474617387 -3.3143356474617387 -3.3143356474617387 -3.3143356474617387 -3.3143356474617387 -3.313385480078051 -3.2983822996151853 -3.244084743903053 -3.1363963159694475 -2.9820506505476168 -2.7877299603940955 -2.5843906529407077 -2.3936409217651686 -2.2128532290005882 -2.0389898056358433 -1.868675989903545 -1.6983759028830536 -1.524716917646666 -1.3450268377428114 -1.1581786913692018 -0.965885809167589 -0.7746120022127201
-3.3143356474617387 -3.3143356474617387 -3.3143356474617387 -3.3143356474617387 -3.3143356474617387 -3.3143356474617387 -3.3143356474617387 -3.3143356474617387 -3.3143356474617387 -3.3143356474617387 -3.3143356474617387 -3.3143356474617387 -3.3143356474617387 -3.3143356474617387 -3.3143356474617387 -3.3143356474617387 -3.3143356474617387 -3.3143356474617387 -3.3143356474617387 -3.3143356474617387 -3.3143356474617387 -3.3143356474617387 -3.3143356474617387 -3.3143356474617387 -3.3111489618865084 -3.2882376574143435 -3.2458063507187846 -3.158164139275933 -3.0178151420489803 -2.831955502292822 -2.6388149036786306 -2.461576582880192 -2.2979106594780827 -2.144905318209825 -1.9990106688930795 -1.856044289682072 -1.7112992619509364 -1.5598068362393076 -1.3968249262311625 -1.2186688368064305 -1.0241171730995111 -0.8169042697431497
-3.3143356474617387 -3.3143356474617387 -3.3143356474617387 -3.3143356474617387 -3.3143356474617387 -3.3143356474617387 -3.3143356474617387 -3.3143356474617387 -3.3143356474617387 -3.3143356474617387 -3.3143356474617387 -3.3143356474617387 -3.3143356474617387 -3.3143356474617387 -3.3143356474617387 -3.3143356474617387 -3.3143356474617387 -3.3143356474617387 -3.3143356474617387 -3.3143356474617387 -3.3143356474617387 -3.3143356474617387 -3.3143356474617387 -3.3102337681840943 -3.282423107013382 -3.2320588814679536 -3.161215225891149 -3.0419029636229413 -2.8705170067816095 -2.6848703507829557 -2.5185482075214205 -2.3698511136086156 -2.2364829171106413 -2.1154028366959152 -2.0026881407322557 -1.8934474736232851 -1.7818315330102434 -1.6611958509150582 -1.5244771856431911 -1.3648652602591644 -1.1769380624943175 -0.9587635185534849
-3.3143356474617387 -3.3143356474617387 -3.3143356474617387 -3.3143356474617387 -3.3143356474617387 -3.3143356474617387 -3.3143356474617387 -3.3143356474617387 -3.3143356474617387 -3.3143356474617387 -3.3143356474617387 -3.3143356474617387 -3.3143356474617387 -3.3143356474617387 -3.3143356474617387 -3.3143356474617387 -3.3143356474617387 -3.3143356474617387 -3.3143356474617387 -3.3143356474617387 -3.3143356474617387 -3.3143356474617387 -3.3114712944713087 -3.282955142741632 -3.227379612589176 -3.1492306446185183 -3.049859327724996 -2.9006409213077986 -2.720846684426617 -2.561477253960763 -2.423525796003704 -2.3055992839690007 -2.205649664948246 -2.1207455196347453 -2.046835647787681 -1.9785471376842136 -1.9090775605163661 -1.8302491795317373 -1.732785787498516 -1.6068490215392197 -1.4428434998625699 -1.2325218967068978
-3.3143356474617387 -3.3143356474617387 -3.3143356474617387 -3.3143356474617387 -3.3143356474617387 -3.3143356474617387 -3.3143356474617387 -3.3143356474617387 -3.3143356474617387 -3.3143356474617387 -3.3143356474617387 -3.3143356474617387 -3.3143356474617387 -3.3143356474617387 -3.3143356474617387 -3.3143356474617387 -3.3143356474617387 -3.3143356474617387 -3.3143356474617387 -3.3143356474617387 -3.3143356474617387 -3.3137107795081704 -3.289660865000463 -3.2337967040855427 -3.1504945782884635 -3.0443434535142453 -2.9168320298486083 -2.747498812185058 -2.5906166384518663 -2.4581533923417522 -2.3496584807333036 -2.2642670989816853 -2.2004547302976825 -2.1557254983409218 -2.1262568267497537 -2.106553287677441 -2.089195267528922 -2.064789969355526 -2.0222290481942298 -1.9493224836599086 -1.833823230224767 -1.6648323743631948
-3.3143356474617387 -3.3143356474617387 -3.3143356474617387 -3.3143356474617387 -3.3143356474617387 -3.3143356474617387 -3.3143356474617387 -3.3143356474617387 -3.3143356474617387 -3.3143356474617387 -3.3143356474617387 -3.3143356474617387 -3.3143356474617387 -3.3143356474617387 -3.3143356474617387 -3.3143356474617387 -3.3143356474617387 -3.3143356474617387 -3.3143356474617387 -3.3143356474617387 -3.3143356474617387 -3.300243935850425 -3.2499572161868495 -3.1672140683115346 -3.0564161236450507 -2.922215158785824 -2.767167049789574 -2.6085965990919675 -2.4763997349290543 -2.3708835387788447 -2.2922459610778216 -2.2403920286936945 -2.214650526686041 -2.2133764709637394 -2.2334522896962694 -2.2697497313989006 -2.314677844723135 -2.357998533953922 -2.3871152921429513 -2.388029797489933 -2.347168088264328 -2.2544945322276746
-3.3143356474617387 -3.3143356474617387 -3.3143356474617387 -3.3143356474617387 -3.3143356474617387 -3.3143356474617387 -3.3143356474617387 -3.3143356474617387 -3.3143356474617387 -3.3143356474617387 -3.3143356474617387 -3.3143356474617387 -3.3143356474617387 -3.3143356474617387 -3.3143356474617387 -3.3143356474617387 -3.3143356474617387 -3.3143356474617387 -3.3143356474617387 -3.3143356474617387 -3.3104296649859837 -3.27226844615027 -3.196664682085606 -3.087767742423421 -2.94995912833957 -2.7879010475098944 -2.619187913342086 -2.482898683255247 -2.374678791600592 -2.295433456475393 -2.2461540766803676 -2.2277585763571985 -2.240797488686437 -2.284980443442106 -2.358506830708876 -2.4572574323077934 -2.5740186835578918 -2.6980308984203503 -2.8152187716735075 -2.9094555312149337 -2.9651930472584507 -2.971884724538824
-3.3143356474617387 -3.3143356474617387 -3.3143356474617387 -3.3143356474617387 -3.3143356474617387 -3.3143356474617387 -3.3143356474617387 -3.3143356474617387 -3.3143356474617387 -3.3143356474617387 -3.3143356474617387 -3.3143356474617387 -3.3143356474617387 -3.3143356474617387 -3.3143356474617387 -3.3143356474617387 -3.3143356474617387 -3.3143356474617387 -3.3143356474617387 -3.3143356474617387 -3.2951401847246924 -3.2338098891290703 -3.134103872935241 -3.0000920128507937 -2.8360839175863504 -2.6466886281369986 -2.482684482803504 -2.367597607771655 -2.2820654676806886 -2.2276140721501365 -2.2061190112279387 -2.219716846560261 -2.2705549677327843 -2.3602823708934046 -2.4891964609334227 -2.655054019987298 -2.8517524182962433 -3.0683292573767087 -3.2888654320732362 -3.4938121719421984 -3.661581143936167 -3.7740029034674825
-3.3143356474617387 -3.3143356474617387 -3.3143356474617387 -3.3143356474617387 -3.3143356474617387 -3.3143356474617387 -3.3143356474617387 -3.3143356474617387 -3.3143356474617387 -3.3143356474617387 -3.3143356474617387 -3.3143356474617387 -3.3143356474617387 -3.3143356474617387 -3.3143356474617387 -3.3143356474617387 -3.3143356474617387 -3.3143356474617387 -3.3143356474617387 -3.311326005334879 -3.2716580984947674 -3.188813306883704 -3.0665586543585075 -2.908843628050567 -2.719851611099659 -2.5105646513188073 -2.3561262730970225 -2.2602306321818704 -2.1955653900956333 -2.163637099538721 -2.16719633437042 -2.209704530611841 -2.2952233019830235 -2.4279738644829516 -2.611345434011299 -2.8462065198611315 -3.128695212565855 -3.4481781801949984 -3.783154165164288 -4.104543012690403 -4.3867034172216695 -4.606123209040286
-3.3143356474617387 -3.3143356474617387 -3.3143356474617387 -3.3143356474617387 -3.3143356474617387 -3.3143356474617387 -3.3143356474617387 -3.3143356474617387 -3.3143356474617387 -3.3143356474617387 -3.3143356474617387 -3.3143356474617387 -3.3143356474617387 -3.3143356474617387 -3.3143356474617387 -3.3143356474617387 -3.3143356474617387 -3.3143356474617387 -3.3143356474617387 -3.301696449226927 -3.24345139727232 -3.1410767752993856 -2.9982036824073224 -2.8186253634063174 -2.606348015049706 -2.3885285938138128 -2.240232059004546 -2.158866976616239 -2.1128674967319085 -2.100542885404506 -2.125357194956141 -2.19201242574815 -2.3066212020909287 -2.476552882877152 -2.7095089923379643 -3.011295918190642 -3.380926121194242 -3.800370713971633 -4.249410804260149 -4.698899028536888 -5.111821144502775 -5.449160929435568
-3.3143356474617387 -3.3143356474617387 -3.3143356474617387 -3.3143356474617387 -3.3143356474617387 -3.3143356474617387 -3.3143356474617387 -3.3143356474617387 -3.3143356474617387 -3.3143356474617387 -3.3143356474617387 -3.3143356474617387 -3.3143356474617387 -3.3143356474617387 -3.3143356474617387 -3.3143356474617387 -3.3143356474617387 -3.3143356474617387 -3.3143303151398458 -3.288259515015935 -3.21374626422214 -3.094170321029816 -2.933011264859247 -2.7338809108707345 -2.500568609874219 -2.2810203568743663 -2.1356980309544134 -2.062252272827913 -2.0326054265146336 -2.036645257954398 -2.078195535674155 -2.1628146707349085 -2.2984152675177305 -2.4957663478609367 -2.768194495190717 -3.124620000732077 -3.5630725625778106 -4.080504022756939 -4.656297381241848 -5.252713916864811 -5.818255442865027 -6.292395956476949
-3.3143356474617387 -3.3143356474617387 -3.3143356474617387 -3.3143356474617387 -3.3143356474617387 -3.3143356474617387 -3.3143356474617387 -3.3143356474617387 -3.3143356474617387 -3.3143356474617387 -3.3143356474617387 -3.3143356474617387 -3.3143356474617387 -3.3143356474617387 -3.3143356474617387 -3.3143356474617387 -3.3143356474617387 -3.3143356474617387 -3.3126430051591553 -3.2736341587887137 -3.185449184794278 -3.0513422612461625 -2.874638907522397 -2.658760667734459 -2.407888633378562 -2.1890365091554687 -2.0438875774021534 -1.9705066682511834 -1.954507806062383 -1.971880997115296 -2.0256267005515673 -2.1214045287624628 -2.268019492745984 -2.4789536864406387 -2.766196772806433 -3.144138308084832 -3.6378549764750407 -4.2533294882259565 -4.966793123257833 -5.729721587115581 -6.475811633623492 -7.118701905733124
-3.3143356474617387 -3.3143356474617387 -3.3143356474617387 -3.3143356474617387 -3.3143356474617387 -3.3143356474617387 -3.3143333278935154 -3.314226899183573 -3.314108659983575 -3.31409819536037 -3.314204399395829 -3.314325215353393 -3.3143356474617387 -3.3143356474617387 -3.3143356474617387 -3.3143356474617387 -3.3143356474617387 -3.3143356474617387 -3.30926250258823 -3.2600604621535383 -3.161065024012021 -3.015417577199248 -2.82630256847701 -2.5969631523004812 -2.3339352056664513 -2.1140085854087203 -1.9667555957067582 -1.8899027423934829 -1.8793308233024444 -1.9078816664775213 -1.970309464112539 -2.0711408936110947 -2.2168490770474145 -2.414679060439565 -2.6763713760983734 -3.045457998545139 -3.574105821194983 -4.285541450100075 -5.145699073024508 -6.089216966335545 -7.042563824810893 -7.90331722854639
-3.3143356474617387 -3.3143356474617387 -3.3143356474617387 -3.313671189302765 -3.312047082566109 -3.3100156949698722 -3.3080419888232573 -3.306490533151675 -3.3056145496806026 -3.3055478408082974 -3.3063003663667985 -3.3077579099356464 -3.309685868540348 -3.3117367862910614 -3.313460909298896 -3.3143188224006934 -3.3143356474617387 -3.3143356474617387 -3.3058001244329946 -3.249335874988434 -3.1426167012469612 -2.988695601306777 -2.7906448923297535 -2.551563480990228 -2.280305274166946 -2.0576121622521586 -1.906589452358551 -1.8246059757116377 -1.8092145761433311 -1.8475464235581898 -1.9156361121202452 -2.0147476114128677 -2.146277292164153 -2.303471584462346 -2.5104619551184273 -2.823633471691064 -3.348795999348815 -4.1566447685181815 -5.1689787504051905 -6.283713743084605 -7.439346768889935 -8.567519141358034
-3.314285921053282 -3.3125765001747567 -3.309007672296095 -3.304328026673351 -3.299226315945436 -3.2943148173618266 -3.2901123044303002 -3.2870278383997373 -3.285346762335408 -3.285220261186978 -3.2866596001088837 -3.2895356886557203 -3.2935840207960565 -3.298414432499639 -3.303524625911005 -3.308316120974379 -3.312111240343831 -3.3141698803527917 -3.3034152824771588 -3.242759156753232 -3.1315732884027367 -2.9728564437435656 -2.7696115138896413 -2.52484709839874 -2.248270378764958 -2.021534851419663 -1.8656692154401067 -1.7777612412979793 -1.754674727451384 -1.7903443518314321 -1.8624767095106773 -1.9600255835606326 -2.066106654218989 -2.181118372168222 -2.317953003541183 -2.5130402788399144 -2.9463539886995997 -3.889439571214523 -5.049068632554807 -6.274667482552702 -7.5400098224227206 -8.83850353980697
-3.3085261062283835 -3.301724106620463 -3.293463827568817 -3.284565479881627 -3.275790942366715 -3.2678236201690094 -3.261247255220947 -3.25652528312884 -3.2539826601668893 -3.2537921302497477 -3.255966580899795 -3.260358463235279 -3.266666351591546 -3.2744478010171933 -3.283136939585015 -3.2920648512621007 -3.30048079623438 -3.307572608030049 -3.3009310348263705 -3.2410869660105526 -3.128793646228152 -2.9688864387009346 -2.764350539221001 -2.5181713402515458 -2.2389853565096374 -2.0072479645667594 -1.8459171447196816 -1.751408493733082 -1.717165632439726 -1.7401917539081158 -1.815592437575329 -1.9080502265551824 -1.9985893808617978 -2.091757434896926 -2.192661220612239 -2.3082052384011034 -2.543296043239957 -3.6625421792451367 -4.858622034533864 -6.06968480436983 -7.278816467580727 -8.43463223226561
-3.2938165922824476 -3.281713067165314 -3.268534994547407 -3.255184801861414 -3.242510245726215 -3.2312799941709773 -3.222157066708719 -3.215672223647344 -3.2122000071099874 -3.2119403331446095 -3.214908139272136 -3.2209325959557598 -3.2296659997608814 -3.2406010434881183 -3.2530940804736237 -3.266391504348444 -3.279656476573172 -3.2919937949256264 -3.292202312312737 -3.240310412148032 -3.1341937010859993 -2.9770318491596583 -2.7751493097807023 -2.5318769372728225 -2.2533752333681303 -2.015835741396289 -1.8481261074234827 -1.7431713295874376 -1.697812408212351 -1.7100642959547723 -1.7747187356517542 -1.862306931562435 -1.9531913568649362 -2.054068043378388 -2.1819567312498798 -2.3842149832904234 -2.816140385882478 -3.6359984801537273 -4.657334856035457 -5.723415345765014 -6.758937943523686 -7.671630773829406
