_RESULTS/CROSS_VALIDATION_POSTPROCESSED_CLR/Berg/GZ/4comp/1/Berg_GZ_z_250_kriged_reverse_4comp_spherical_1.asc
ncols 100
nrows 90
xllcorner 5.6208707817415728
yllcorner 50.959635321741573
cellsize 0.00013419651685393446
nodata_value 1.7014100000000001E+038
[rows 40 to 59 of 90, columns 44 to 87 of 100]
4.605348768433689 4.9985163882892145 5.4358594384389844 5.9118313532886555 6.413022682224382 6.912702815529863 7.396657964055814 7.85098749797719 8.258657403106323 8.599665479037746 8.863231121554792 9.04639028327102 9.159734557973353 9.237531733796002 9.293518865714594 9.335892986507547 9.377855152211708 9.421697027881539 9.465037880832949 9.503682164966175 9.522917792729551 9.487476298163198 9.411327744765728 9.327032975336962 9.243247261386676 9.16040995590945 9.07561706115076 8.981396409249818 8.86024749736694 8.699104621273545 8.472391924818066 8.180802892888567 7.8447793326560795 7.4901561181846334 7.136540538100025 6.7991784819589105 6.476395461607982 6.166492795216658 5.876036802447452 5.609991925942141 5.364107134566395 5.139223294633702 4.940176645749544 4.764459486855063
4.7348066911018805 5.160222404352034 5.625515817616447 6.124195469767971 6.630813417659944 7.134154626034457 7.6244407909472205 8.08943629348809 8.511952406214446 8.868955712944226 9.143621565436613 9.317191666153182 9.412983442610606 9.471601571784339 9.515209379478922 9.557764453644356 9.60741340933513 9.668904276119374 9.73120230405124 9.79288460822907 9.855303281929693 9.81472555577153 9.729596088446197 9.652564404211583 9.58355448821008 9.520531002433227 9.459769684388974 9.391914492184554 9.299908007568494 9.153370808460995 8.902015745656946 8.555728176208158 8.158617279681295 7.750689464197164 7.353376328088066 6.979005457948978 6.6308226223825475 6.299766897939489 5.990899988128654 5.709395536087996 5.452738140318209 5.218724492603539 5.012012590706754 4.83572916630715
4.8580039600929 5.314839660438399 5.802408436838096 6.302749389945516 6.806918712209946 7.308288030598157 7.8000153049762275 8.273458382594853 8.715002685251617 9.105719771153868 9.403895708618354 9.560669396945126 9.617212507644377 9.644794344485401 9.676421809074105 9.720132204322738 9.775419541755834 9.845960781784239 9.919492714427696 9.982861767110844 10.025165402181639 10.009132265767594 9.954819745578977 9.899651671613862 9.851281013653988 9.809854132160677 9.773521780763886 9.734040260688097 9.682919958486547 9.58865439156843 9.326752592289028 8.898733332911046 8.430591551753048 7.968788366380041 7.530935480230223 7.126145069335575 6.7563586576253645 6.40923749648069 6.086646516943841 5.793234705671986 5.528200664101985 5.2885437592722315 5.0774020413055085 4.899359287124118
4.978538561825606 5.462355700796174 5.951568731159199 6.443940426335793 6.937048768081453 7.426551740991341 7.908755503661501 8.38143087666572 8.839664437172772 9.280605007112992 9.639665804956955 9.754003121220906 9.739038041515112 9.730484437415956 9.75234760546952 9.80301323400763 9.871889695165704 9.95206991026876 10.027717698533522 10.082963930008969 10.110696347143758 10.10899502414006 10.087859423137624 10.062941983320265 10.040888751959605 10.02186434910237 10.001383869031358 9.97693812781787 9.952469811135366 9.931062062758954 9.675768135031678 9.147411113788163 8.625509577589725 8.126781798514829 7.659401826944695 7.230829406725708 6.845950788075024 6.489218627371564 6.158479443280932 5.858015349084767 5.5865884444874725 5.344468538124229 5.132204916596754 4.953761809779632
5.105056290565709 5.595799648425007 6.074240690911415 6.548512736308512 7.018937280875827 7.4829696464392 7.941110832994728 8.392466884643325 8.838755794650373 9.298698465111745 9.77929026931842 9.79079247773814 9.712392101768717 9.68763948354026 9.714498379260004 9.785396839009167 9.883778988553791 9.987969584941158 10.062562872302736 10.103228231684234 10.12110386561569 10.129091707620827 10.134716718713586 10.141905229461308 10.149633505373387 10.151492952007004 10.137513678757145 10.10549511260784 10.054704922065119 9.962463058633862 9.693988079832781 9.234272002271169 8.718142942317376 8.211022845319345 7.732082036525121 7.291173609104911 6.89585770049368 6.535806868792104 6.202974394200229 5.900533817564308 5.626699922644842 5.383260919155125 5.173012141872522 4.997094808803686
5.24395366818843 5.71887306186942 6.174762915447681 6.619012023436898 7.054097891364073 7.480361341365381 7.8960717661606825 8.298924217427002 8.692485418901816 9.080486070182278 9.39702581352204 9.500948208416656 9.487905659496604 9.49058127286221 9.540919051198216 9.644343065386716 9.792031096024612 9.951260921858477 10.026202086849032 10.030101691733194 10.036775529354783 10.057298248357949 10.092114429202098 10.13604488821356 10.178781981050474 10.201462198342643 10.188706275375194 10.133724777088222 10.033605995912161 9.871278282522045 9.592617894050942 9.191925958711362 8.71761252957447 8.222547875472113 7.747479092378862 7.30633889756502 6.908935047797104 6.548842223391666 6.218635430800541 5.918782243687951 5.646759362398096 5.405039159823054 5.197404519410648 5.026762639503629
5.401537313274604 5.843249210738725 6.263772159852392 6.667023236296056 7.057751243410148 7.4332358268220675 7.790104199194884 8.126690076263497 8.443563649864739 8.735940444087099 8.959178424611066 9.072585684326546 9.110880136854538 9.148308287864928 9.223286114607735 9.353998646433102 9.548825109278216 9.81461856283183 9.875129605866757 9.82317662078954 9.830683954890546 9.878391074753177 9.952902053453018 10.043199300041053 10.129082132708966 10.18218068151225 10.172075851912037 10.088549956512246 9.94248265420811 9.73817366789854 9.449665180154497 9.077430604806874 8.643143049330014 8.172098874872855 7.7102069501096455 7.278066272219187 6.88686586024558 6.532047452987407 6.207475499586148 5.9134569792352405 5.6462757645939154 5.409457533294969 5.206649045515251 5.0412975779313
5.574928331644991 5.972643189001611 6.34860322382795 6.704724890628684 7.041204715697816 7.35621515724892 7.6466648282008745 7.907294745866392 8.142680165157834 8.34978961376994 8.505382355059748 8.596373126946855 8.641403106375167 8.689172653535621 8.769739944958856 8.900962488206925 9.088820827255109 9.3114737135953 9.414172834344186 9.431292949708073 9.485143994918579 9.584004006081482 9.711539609475103 9.85575669376071 9.999284738311175 10.105247721208606 10.10519074580154 9.983959549364393 9.795208986550978 9.562738050837563 9.268106063253109 8.912713134751007 8.509774575162796 8.071073083097048 7.627272237390297 7.210545750323369 6.832255198501551 6.487944730173195 6.1723340802675315 5.886660719604698 5.627754280213198 5.3984945770012205 5.2026710750782 5.043946316516142
5.7524123795766045 6.103126307649936 6.4325352180322675 6.739259334616998 7.018330205140176 7.268329766172485 7.4854169329296125 7.666507876167449 7.821212567828596 7.94992326921931 8.041493895832703 8.092354627988785 8.11405064116711 8.143511368184427 8.204787911291236 8.310309902420155 8.459803606771777 8.631634851901616 8.773690123110363 8.887739204794936 9.016856771574986 9.180760331955982 9.365046239826986 9.563638170696152 9.770368847431676 9.966476599946908 9.992009239634719 9.803099170553118 9.581129910682492 9.335774672967538 9.043803668068914 8.705928447312381 8.32994980890161 7.925402284577585 7.505595321072006 7.108947730838083 6.748784745755397 6.419153633137874 6.116068427509603 5.839986919181177 5.592580824079818 5.374001139126684 5.188040915637304 5.038435613843761
5.9267958551887725 6.236161501299356 6.524850948547572 6.783098813922598 7.001831643916473 7.181392050003576 7.320745068791548 7.422229109868143 7.496741955269064 7.549336658749821 7.574831211050867 7.5731905579461 7.55230652551047 7.540083276991444 7.561561499324537 7.627909198370103 7.744269094841176 7.902539810489628 8.078007281819243 8.261991477453972 8.462455264537354 8.686442330914302 8.922492674337418 9.162206419535691 9.401012758871314 9.622024675954293 9.666157037971931 9.491404553501688 9.28396673161488 9.050639004585419 8.775182077236012 8.460695555640237 8.113258619556678 7.740993633312863 7.351444646585694 6.9787025684889885 6.6406330597878656 6.328999758398682 6.040598379331326 5.7768433137847115 5.542501652152123 5.337373383864843 5.163914005220493 5.025932184387511
6.101000052875176 6.378469507307008 6.630879007305166 6.841668823497162 6.9990418467541655 7.103995160483574 7.163572619794547 7.185274531550283 7.1802186024354775 7.157670374750204 7.114901629801515 7.052623260219678 6.977067113363356 6.906379482913395 6.872022007855101 6.89108528169895 6.981986302936715 7.14357187956228 7.35524143413171 7.5960420411230976 7.855685099880846 8.130880087041284 8.409016297723468 8.672635982288254 8.90943427768401 9.086431783626582 9.13953610618758 9.060350959400013 8.912102625050238 8.712823596044622 8.467071124068255 8.182765918163188 7.86706395134231 7.527545799185573 7.171286183007578 6.825360932005399 6.51220364495064 6.2208346674296084 5.948620547946508 5.699880037392204 5.479849655105522 5.290540440395871 5.1319297546383895 5.007847642689014
6.265918944619896 6.524823929969104 6.751730472728507 6.919787464150488 7.0143202130265925 7.040787021669422 7.0189102136372 6.961538829275847 6.8790669949745284 6.783734620679406 6.673120792292295 6.546848540798187 6.408865888123479 6.270420170133904 6.165009799000771 6.126692621896556 6.19367133169642 6.36948839015985 6.623563012461031 6.9190391572753835 7.231983120318516 7.550573553556918 7.861212232472541 8.140080083878233 8.373058987274446 8.537724819282513 8.60997551517352 8.589402689409665 8.497665364976937 8.33996330397817 8.130689511112635 7.880968316138528 7.59949742480289 7.294165177321276 6.972515932322093 6.655055216742805 6.368038980889324 6.097158369550896 5.84318677710193 5.611723670791589 5.407999113725422 5.235855476327216 5.094145500923557 4.985995881974778
6.41117672076081 6.662918686324532 6.880973890652223 7.017629230020205 7.045355197237969 6.9888641942214305 6.88505559368716 6.752396579975833 6.598254443011717 6.435848213158804 6.26216235400643 6.074504977176148 5.873162973333055 5.664015518540931 5.47076383279073 5.353206117092062 5.388786708805043 5.59763652721903 5.912183184226131 6.266261490680009 6.627499446820857 6.98206951747378 7.317573432854639 7.608772327583189 7.843981648110406 8.011692917474951 8.103900131718058 8.123880395108012 8.072148016708056 7.952671977915997 7.78013409924691 7.566016233360692 7.3196225160757455 7.049072509225366 6.761829845430775 6.475672400528469 6.212216287124825 5.961576431894921 5.727602757164046 5.515310432813355 5.3298839918249294 5.175999110756118 5.052951950182303 4.962520222986223
6.5222309988337965 6.773302131430628 7.006291808943324 7.133948520103574 7.072695131347643 6.924764544089117 6.747079515021204 6.54993652533069 6.336020739388788 6.116919107202809 5.889860015533255 5.649845274582496 5.39328785786166 5.119196660146502 4.834781624487764 4.599217510258294 4.580551698362992 4.873258549082741 5.2704672240650545 5.679434163320789 6.0780212977226435 6.458428429778284 6.811195135124935 7.1115853237780895 7.350697986861345 7.524748140455358 7.63408385257695 7.6808644355779325 7.6558321943072905 7.567946696179232 7.428833150085561 7.248779060361577 7.036709115652857 6.800552584168469 6.547564319571373 6.2926642749944355 6.049694265458495 5.818809834296264 5.605359863148043 5.413806475562196 5.248368049585174 5.113896548821423 5.010998390436581 4.939827513183082
6.578652857952747 6.81648665769509 7.059490108255788 7.24399889570592 7.034391575843182 6.815358567358642 6.587637441013585 6.346530632178829 6.089784031573622 5.8279643951763225 5.561817208222778 5.285629178701795 4.994159793253444 4.682418733695968 4.349717100456495 4.002553431371723 3.852518012619852 4.318571491571934 4.768800010359975 5.200729407501401 5.613616761691163 6.005313287405937 6.366751726240421 6.671167976943994 6.910620315129712 7.087779038077615 7.20912316475925 7.2673341655937325 7.26080247121488 7.198024051589808 7.087928764458445 6.93911502541939 6.759556736460363 6.556615784136099 6.336964241636419 6.107335955878495 5.885191570055808 5.674987716200244 5.48189756160694 5.3108514940427485 5.166516845852556 5.052768454107168 4.971128022665906 4.9205298585994495
6.570041745515079 6.7655282195413005 6.9296966334397645 6.986950482521346 6.8565965386807575 6.641599589217538 6.399869675535651 6.140245201616383 5.862396642215389 5.573557061195833 5.284324807335393 4.9908685786700815 4.69016671785906 4.3823525507873065 4.0825232190946 3.8290292501374625 3.7882724510587567 4.068746340179981 4.453446906702134 4.853007854090352 5.249515405447946 5.636145831200209 5.99908573121933 6.30206546103415 6.533474659655005 6.7065320025323425 6.8272690125728275 6.888261588195511 6.894338272761002 6.851431040068166 6.766176056458574 6.645469849973213 6.496132662250542 6.32454697620541 6.13362803873584 5.924010311057927 5.723229430979881 5.534463445929502 5.362671498028589 5.212646197902822 5.088992734431496 4.996138523186691 4.9363229614530235 4.907394042848177
6.5089818581590535 6.651008623890581 6.735514278698876 6.732624237306039 6.6205166152517885 6.428526759291617 6.19459764752905 5.934566784868914 5.654051570202705 5.356851869345706 5.0588201182645145 4.764349258944705 4.474968624968462 4.203851394237025 3.9741081498499997 3.8287874927494876 3.835044377811067 4.011384046061574 4.294137822025266 4.625436074153513 4.980646192811033 5.3476893780903 5.710072240847027 6.011757215722503 6.2186236942280635 6.376379399814578 6.485147611371551 6.545871639516189 6.561014856696523 6.534291722768102 6.470474519013981 6.374978351702525 6.253023524293611 6.107759891085754 5.938054457729363 5.747477707486105 5.568283908103147 5.401511550168358 5.2517473606893175 5.123633263335561 5.021664117929844 4.950190418601367 4.911765672857699 4.90268106121362
6.418230066808872 6.513341133738274 6.549013500999284 6.508615317974244 6.392715546276667 6.21285094806157 5.990648540587652 5.739168097128803 5.466187661718956 5.176417592451487 4.882478333841457 4.597539742931101 4.333050766783471 4.106939216448804 3.939891463534263 3.862597767238351 3.9013151426192474 4.036861329817729 4.231503122776502 4.486434799250283 4.787748895971745 5.120501538865848 5.466708982928884 5.76669216442233 5.94285578882319 6.080890959887643 6.180624341697761 6.241443591064682 6.2642617318050275 6.2514512981178365 6.206523142698014 6.132436953252749 6.032393989536305 5.909068806508924 5.753259184336809 5.582162952252596 5.424766798278531 5.280381443124444 5.153199939525853 5.047705115648801 4.9682701389010955 4.919155233517904 4.902848771194127 4.90268106121362
6.3162417630628775 6.375042269548036 6.379557013923453 6.317722592737116 6.192392028859515 6.016470002060492 5.803728491187268 5.56337533663087 5.3028862797928795 5.02832360781257 4.747051715513052 4.481267852838397 4.247974273721401 4.060345132716483 3.9372583009784816 3.9000135558481572 3.9659755368575347 4.098371168537973 4.21522791741916 4.40478293198042 4.65298800131118 4.9412885305910335 5.238729311357087 5.496420455089575 5.682120838064182 5.817032036296837 5.914333728803146 5.977292522388519 6.007583278111602 6.006625531146306 5.976034929944143 5.918824857322173 5.838157474706093 5.726974828463698 5.582781598614775 5.432399478268226 5.2970198202512195 5.17528461113943 5.071095458216704 4.988772534325528 4.932560010515946 4.906073203273573 4.90268106121362 4.90268106121362
6.214481639801256 6.245961419326425 6.2290712510457515 6.156609116111446 6.025951193049194 5.84979979877053 5.643614457396621 5.413962280783467 5.167255872111503 4.909744350830943 4.6510558994392985 4.40897633462314 4.203590603487111 4.046387240603122 3.9504292346385816 3.927995813045808 3.982400891135751 4.082110451548003 4.197992784807132 4.361053171091433 4.571280555334682 4.819122499498121 5.07029522964852 5.288914367313094 5.462576161627725 5.594555952701881 5.691433100578737 5.756514667683187 5.791775350408845 5.799000915977484 5.780314759978106 5.7382549136729715 5.667500545899181 5.563979297892224 5.4314691294487245 5.302501772298269 5.189316754473656 5.090388530026887 5.00947990154176 4.950748954871897 4.9158034967769755 4.902925907706377 4.90268106121362 4.90268106121362
