_RESULTS/CROSS_VALIDATION_POSTPROCESSED/MHZ/IZ/5comp/2/MHZ_IZ_z_355_kriged_reverse_5comp_spherical_2.asc
ncols 100
nrows 81
xllcorner 5.5967107548124995
yllcorner 50.982328804812504
cellsize 0.00017565037499993607
nodata_value 1.7014100000000001E+038
[rows 20 to 39 of 81, columns 44 to 87 of 100]
6.660447541886589 6.3152995575551 5.998784769713516 5.717589880781544 5.476246202215253 5.277788943047656 5.1242866732865515 5.017242644825856 4.957862106930483 4.947181794478574 4.9860677903872626 5.061630169943513 5.15716709548961 5.262972008866057 5.3698710972212504 5.4709435802450805 5.5702241761853575 5.659161420267558 5.732110407339632 5.78991751359966 5.834580726003074 5.866401805575091 5.885505584591915 5.9154703165699125 5.9629292011756245 6.02416470441772 6.111733497961 6.232314069792558 6.385287424900418 6.570120358931584 6.7862156001133895 7.032688618796278 7.308015502589361 7.596084692532888 7.874972056826849 8.127928508756733 8.335135703168838 8.466869915426132 8.479913664443487 8.334092757173009 8.037119686969303 7.652202321873158 7.2311898451828265 6.808425409450167
6.444936986493553 6.127851469671312 5.839106356533871 5.58578237615226 5.372556612291821 5.202405733694861 5.077179304991091 4.998044020707277 4.96579495576824 4.981031145995171 5.0434831849754085 5.13469846270847 5.243480880012204 5.360971125069127 5.476147135731267 5.579165850846712 5.662223060999915 5.7349634802092675 5.795696648658665 5.842979658591463 5.876701219556233 5.896559303302353 5.901689705915252 5.910487540271793 5.935826876921185 5.983233473900594 6.06297146337746 6.174070137467261 6.315596280799755 6.486575280423512 6.685806767430518 6.911592489977025 7.16132416279516 7.418927686960505 7.659699142148433 7.865790062756477 8.019053281563542 8.096381507386871 8.07206330636703 7.927279472825063 7.677868216413504 7.361095168699593 7.008030293240577 6.645178164731121
6.173653901691554 5.884557754526666 5.624161068208048 5.399674011065089 5.215733996563859 5.07515625852542 4.979517008911486 4.929627111346703 4.925882564995565 4.968480828124848 5.053691422282911 5.160939342467487 5.283394132497974 5.413307051789613 5.538449168455291 5.64951115921907 5.736575193583488 5.796118421232802 5.843709619087349 5.879072964111858 5.901060263737733 5.908776382015389 5.901183071529393 5.887865223625723 5.895384836601945 5.934667192342077 6.004753126739707 6.10438280608334 6.232294425758422 6.3870842687142675 6.567007585646738 6.769697832724201 6.991770439117667 7.219153542799645 7.424098521540326 7.589931773496425 7.702071289660973 7.744122234257424 7.700161214217514 7.557404062120854 7.343863831407256 7.079766597674479 6.785106887697595 6.479567873645005
5.856343117436804 5.594163197723337 5.361432026492204 5.1656931579141805 5.011387083534402 4.901061754666106 4.835936684496955 4.816402464796822 4.842416863439821 4.913766906317296 5.0196217876701 5.143469453142159 5.280463882590518 5.4234705743168545 5.5599454094285194 5.680755524101168 5.77688928719878 5.839626366298662 5.8741834809283935 5.896976584718234 5.9066570118178845 5.901958199762809 5.8816857576619626 5.853437485716091 5.852272541789674 5.88192374839749 5.940822557229148 6.027451531277357 6.140237798378326 6.277407863365796 6.436793694338502 6.615577189237443 6.809960245726224 7.009097224344174 7.182495820254734 7.315976471638513 7.398326114508029 7.41819576504055 7.359484506896888 7.223524437537438 7.038978734539433 6.8172216477983785 6.572082571258378 6.318445856848741
5.506819271238051 5.265566321909251 5.059012030265001 4.891159681854376 4.766199685494508 4.68634432606188 4.652355487811405 4.664093386458317 4.72098766760454 4.820724060999656 4.945312654753653 5.086361240963365 5.2386622506859695 5.395353097750723 5.543967020109541 5.675400628457069 5.781227063923 5.853257899520539 5.884947098173416 5.894995714806827 5.892109938617731 5.874844195292419 5.8487687101240144 5.821047426593579 5.810058978147303 5.828707680626159 5.875182904147104 5.947714103226082 6.044456119695619 6.163347758599028 6.3019371732697245 6.4571700110926 6.625142975879368 6.797752542662031 6.944821042111671 7.05331552162987 7.114803892766081 7.117954380041428 7.049664332836433 6.92346894739157 6.763220380685896 6.57626159472547 6.372806786711853 6.164476703317679
5.15434450588007 4.915738719236637 4.725428946121369 4.583871402418165 4.487497730584895 4.438019374143619 4.435607332428073 4.479415420096603 4.568193848803399 4.691959341746683 4.835745204147425 4.994472115997968 5.162568236281776 5.333226851101117 5.494157844937245 5.636344822203608 5.7517734951870825 5.832639622813209 5.871746717551604 5.871349100607901 5.857042696793264 5.837685326222728 5.815570155198723 5.7919606585780565 5.7728950231363365 5.779592256217219 5.81254893037353 5.869868164494137 5.94987937207117 6.050427157849832 6.168650130124955 6.301431213133839 6.444975936732095 6.591733955124308 6.717596927488399 6.807336462035636 6.854085779064794 6.843442219695417 6.770635790035592 6.655012952930845 6.515301650197371 6.357105649915343 6.188357680574501 6.018386814215013
4.810730508164575 4.571063618934604 4.382391061947288 4.252924951829974 4.182874081766397 4.163552820798669 4.19315475739988 4.269833142834873 4.38871280658313 4.533328789127589 4.696713753132582 4.8733117836198465 5.057263208426396 5.241690030615213 5.414462121433717 5.566838093799225 5.691136820117534 5.779876783967224 5.826581497019055 5.831127546814244 5.820835960720678 5.809131998947503 5.795549835367586 5.779907448644713 5.76229081942253 5.756843699831762 5.775093655145449 5.8149296723632125 5.874503659603431 5.952120587123902 6.046122974061852 6.154772314138142 6.275033417401349 6.396271357372023 6.504938595007574 6.58096395337643 6.615213535308841 6.595605013185597 6.5219826622667645 6.416181145039765 6.293723756332602 6.159172419601429 6.018888077534049 5.8804924502770755
4.481714971498215 4.239254518438272 4.051371148199123 3.925692145639359 3.868090308341759 3.873232526639529 3.9332332863077357 4.0428182097636425 4.185628352795303 4.351617831804523 4.534697999080617 4.728898538167424 4.928194650720688 5.125548303020512 5.309011919093894 5.470470026086008 5.604451754014369 5.706173409061976 5.774974718206628 5.806303397980696 5.80827163734343 5.807031254166997 5.802776908759745 5.795045680653889 5.7837006966456075 5.770555491721322 5.773455833383425 5.795475731261403 5.834656210113906 5.889264140869665 5.957694591290875 6.038358598689844 6.126733207448443 6.218539652241825 6.309338436223881 6.375464240640424 6.399323073817907 6.374640918526045 6.302613628075418 6.205416144861808 6.09726760526289 5.981934628788537 5.864592906364013 5.7515050030443
4.1740707300995314 3.925399759272066 3.735345100756468 3.6134981802891923 3.5655990725589746 3.5918460259422047 3.6793963197546846 3.811088607096814 3.9737922409727675 4.1594046727249845 4.360838379656971 4.571722573691621 4.78610195448693 4.996999798473901 5.19348906973595 5.3689556496233095 5.52129792572679 5.648864821290693 5.744794077556898 5.802713140539957 5.821582739430033 5.830942289727367 5.836128984060986 5.83638442436558 5.831330287649472 5.820993200961208 5.809752589279495 5.813530536712857 5.832225851786286 5.864148309113237 5.9078349355085304 5.960507009057318 6.017758401582264 6.077690219588397 6.1385385794861955 6.190443599541672 6.207136820636406 6.180353592655966 6.11154845745597 6.021650170173343 5.92519421617871 5.825284105606906 5.726130290229665 5.632847774267546
3.8956753823338923 3.635246790654246 3.437722057177776 3.3174816851321496 3.2819757394848366 3.3293835714212157 3.4420516587827756 3.596209847260422 3.7801407124009985 3.985005015008858 4.203742390588237 4.430307733916329 4.659152175913602 4.882900495884892 5.091704037839105 5.286516172837799 5.463962880231999 5.616794825815895 5.7378880823936145 5.820480273810002 5.859271645132526 5.8796038564198145 5.894560350063859 5.903054555130542 5.904431918655759 5.897620107629037 5.8827560573623 5.866573675268956 5.863205113955908 5.872374285642338 5.892028572281259 5.9178312098325785 5.9474633824366645 5.97858660676303 6.009963207081294 6.0375321728072935 6.039954849482206 6.012354293903859 5.948174835709097 5.864308258541336 5.777286578619533 5.689631460598182 5.604727402963496 5.526682883710873
3.6563081462091884 3.3765133385529533 3.162558655535519 3.038684968829247 3.0188689118785765 3.0893725082550514 3.2276292371215693 3.4081304706370052 3.614576545178065 3.838325028312644 4.072985428589301 4.313368789855205 4.5546313021127185 4.788945566256662 5.016369574000484 5.233908277683215 5.434390186705127 5.610419182835483 5.754700199270415 5.860087988693901 5.919911508661731 5.951832920273817 5.975730027946023 5.987027358714128 5.986541089129708 5.975768383200409 5.956554102002185 5.931034970973168 5.9049821259529685 5.890304734744328 5.884548133478805 5.88600905568187 5.892999010442479 5.903645366566714 5.915920018858666 5.921734770357122 5.909128693002988 5.871722799656848 5.811963418532722 5.73326933895613 5.653806384120464 5.575865298468797 5.50211284066002 5.435768626491777
3.4696137483182667 3.162496263058413 2.91732848945478 2.7763729636132597 2.7731231375982985 2.879803754581505 3.050644505138609 3.258441618993658 3.485333139117301 3.72476577509977 3.9721441217475943 4.223357782576592 4.474072327799822 4.724003359153349 4.971310255795106 5.209384421085467 5.431074222546733 5.628828254927569 5.794896048304221 5.921578734192979 6.00022668539071 6.036240862830826 6.05774982596553 6.0658527618364735 6.061556995559439 6.0463326924692975 6.022117020597372 5.991256262417114 5.955424338990433 5.916413957344177 5.88491811590912 5.862387389604688 5.847541514529048 5.838900059234435 5.8347919337394725 5.82573314508899 5.804070560336334 5.765645433150967 5.703154822721941 5.6288085869873274 5.555412963518268 5.485246321108907 5.420362905596372 5.363220046523594
3.3547589989942046 3.01858434682231 2.7203483240028272 2.522723587842645 2.561574085072789 2.7251931221353396 2.9290644098979697 3.1582346553636493 3.399929017547749 3.649978780503735 3.9057041122233604 4.163957684291655 4.425862997126739 4.691898972142841 4.956181537733603 5.21220530637691 5.452786379948209 5.670203776075235 5.85639369517562 5.997319679694367 6.08008540265155 6.115127165018724 6.134109887056891 6.1389869759730535 6.130614759469164 6.110405016040472 6.080322199221298 6.041467343725928 5.995958002385269 5.946565657749427 5.896004837273313 5.849726318029095 5.8136462231975985 5.786721850700941 5.767452405817905 5.745774214395371 5.715169951474778 5.6751179905144795 5.621949635109314 5.55162201278042 5.483077849404307 5.419287006520845 5.361723866672722 5.31223338358511
3.325642796205234 2.974797565179885 2.647636392315881 2.362306554316356 2.4744995278090616 2.668904106790323 2.883143086532683 3.1177103078924984 3.365075539765426 3.619043218262241 3.877473111367295 4.140590440204057 4.413871344287943 4.692405324255416 4.970537541405497 5.241765271959572 5.498813239485287 5.733589266569595 5.928129020845555 6.069944536346799 6.153336015386442 6.18788937588606 6.205545288934122 6.20758015435721 6.194921259680579 6.168219949828482 6.128812567701273 6.079277882352595 6.022818311522142 5.962898281310643 5.902855852853128 5.845589843715944 5.79337636968436 5.749190345188579 5.716002475593297 5.6839194546204705 5.646607577067795 5.603496389891385 5.554176722886719 5.496561870313121 5.437479573208536 5.379654193892456 5.3284621878013025 5.2858430287295315
3.3782025206009063 3.045057798497123 2.7605890187905087 2.5834407571651843 2.5962067335480086 2.7327841388844663 2.9209634669559614 3.140923089097105 3.3816125166226096 3.631729446351818 3.8880693690594055 4.156702945528518 4.437120619569411 4.724413628242776 5.013132109559366 5.2966910821485875 5.567507080788415 5.8063134167331745 5.999040676866246 6.139175435456271 6.220849891434756 6.254938595860344 6.2717479852494264 6.271051889160079 6.252374130965052 6.216701151352559 6.166426636849078 6.104734004373517 6.035727741254484 5.9638495422059075 5.893339952974405 5.827651026518512 5.769186074698739 5.71952469545684 5.679514095984952 5.641624036992689 5.600253762677771 5.556225252256356 5.509335689097757 5.459218068265638 5.409534283170025 5.367544881728923 5.322650048737769 5.285093657532279
3.49076926591957 3.1887103701849018 2.9503243799935293 2.809608619574794 2.79071715425474 2.874444596004519 3.025199276778619 3.2207598421936954 3.4463409459507646 3.685464040016484 3.9367645981216106 4.206536263130922 4.490656671741614 4.783971559814964 5.080614727851078 5.373907632701544 5.646508001003146 5.8802425527019215 6.068172063059464 6.203699375249277 6.280687986957995 6.313632135030482 6.328930671162829 6.325056181610909 6.300790004543387 6.256170132795017 6.193827206881194 6.119130037961659 6.037153506178447 5.953290426853107 5.872468789530716 5.798544292839669 5.7341107652969825 5.680614753250925 5.638618482761689 5.601798747915805 5.563098606840704 5.522983236021535 5.481823239698756 5.439412288002554 5.394935514215615 5.360038848722928 5.325953247131305 5.287817811824716
3.637749497357133 3.3647517873817208 3.1568929057566217 3.031753021390407 2.998534240927893 3.04971408423756 3.1680522132373925 3.338015610099658 3.546050176738317 3.7732712274756697 4.018874702603173 4.285115062986587 4.568698147699051 4.86417649092681 5.165358550117745 5.459706852431824 5.723629089240753 5.948987060424828 6.128931303634965 6.2569298284362125 6.3268804325912145 6.360268687980231 6.375579218134128 6.369907398088682 6.341186454545049 6.289918506619036 6.217474008102535 6.129113269197696 6.032283210697178 5.934471451548992 5.842084736694587 5.75965319248312 5.689780856094844 5.633516323354193 5.590849558979304 5.557006894176884 5.522791416736611 5.487978338741317 5.4526550856312 5.416996800853962 5.381300613054203 5.3478535959886315 5.321665440145917 5.28682317381683
3.7989365925308176 3.549944169448355 3.362672209475394 3.2465593517102627 3.2058886514936504 3.2371649555323083 3.331479369274272 3.479068478518238 3.6690270860700496 3.8819198005295563 4.121578959615842 4.38550477826298 4.666330899670433 4.960303018908712 5.261097924783514 5.543737600836683 5.7952819031517455 6.008801969626998 6.177645523631215 6.295479698335427 6.358099566148512 6.3937297791836265 6.4112375544012625 6.408304794191998 6.380581143010968 6.324222839313358 6.239947610150404 6.13432241591261 6.018753758932022 5.90424539905548 5.799109513202582 5.708395941922771 5.634300907324936 5.577029626597367 5.535642433870497 5.506691605102482 5.479432273787048 5.452183929103695 5.424742655247405 5.39712979040751 5.369596290859273 5.342609326604456 5.320389305752241 5.292764910123275
3.9611015540294967 3.731595285481617 3.559960934927539 3.450951444625084 3.406905028078956 3.4260874299443205 3.503642928948991 3.6335976021071277 3.8060201242030294 4.004280049947403 4.23609069510672 4.496009618640094 4.776248636977002 5.068393896284814 5.357969920719142 5.624098410389023 5.859407679996075 6.057182181261748 6.211176885775689 6.315615724331658 6.372375956546835 6.412154893079379 6.438337889904236 6.44448801747029 6.42127682573595 6.360311947774279 6.260562288877834 6.132193912801461 5.992432867652728 5.858045469298912 5.739505195172729 5.64174945678544 5.565755399084217 5.510209871376759 5.472794061316061 5.450577595455451 5.432965144469783 5.415607907243938 5.398044349120988 5.380194522101175 5.362316589062228 5.344959024958147 5.328518074134015 5.305874735772331
4.114957029728491 3.9025677866728414 3.744007945649804 3.6420966861348396 3.5978029998069636 3.6103129598450723 3.677279776830985 3.793524154514099 3.949405764778339 4.134517682882189 4.3569242911481645 4.610333116938758 4.887063888763523 5.177261568959925 5.451173340916986 5.6973111012723265 5.912777395688145 6.091024339665122 6.22601594946577 6.312870402826573 6.366770460483831 6.41475472981832 6.453432197993127 6.4743903066392825 6.462713456248069 6.399782191695805 6.278635982229219 6.117545654392593 5.946449542652106 5.789281551777137 5.658211573320927 5.556503149109623 5.4825842959196205 5.4327414349989125 5.402809203868991 5.389038047517073 5.383811625361941 5.378617431789774 5.3727670675819486 5.366173158612022 5.359177415980667 5.352462651802561 5.346991419722912 5.331634818473954
