_RESULTS/CROSS_VALIDATION_POSTPROCESSED_CLR/MHZ/GZ/9comp/4/MHZ_GZ_z_250_kriged_reverse_9comp_spherical_4.asc
ncols 100
nrows 74
xllcorner 5.5967023332191781
yllcorner 50.982320383219182
cellsize 0.00019249356164376555
nodata_value 1.7014100000000001E+038
[rows 0 to 18 of 74, columns 44 to 87 of 100]
4.762444859928376 4.84873218179522 4.926081821293064 4.989612820532167 5.035120029929821 5.059461351703758 5.060906307542652 5.039351017763231 4.9963316426688555 4.934831816505971 4.8589456337943595 4.773490243145238 4.683651442218887 4.594709788199912 4.511858192730427 4.440098658102152 4.384196941757465 4.34867447746444 4.337678763893607 4.337678763893607 4.337678763893607 4.337678763893607 4.337678763893607 4.337678763893607 4.337678763893607 4.337678763893607 4.337678763893607 4.337678763893607 4.337678763893607 4.337678763893607 4.337678763893607 4.337678763893607 4.337678763893607 4.337678763893607 4.337678763893607 4.337678763893607 4.337678763893607 4.337678763893607 4.337678763893607 4.337678763893607 4.337678763893607 4.337678763893607 4.337678763893607 4.337678763893607
4.922532048477319 5.029702943465135 5.1257274129657695 5.204710926184235 5.261406896562953 5.291787072442941 5.293591840986873 5.266684610218981 5.213074318874766 5.136596894510278 5.042379548154143 4.936264391757199 4.82432762764063 4.71255101894409 4.606638154356571 4.511938306060426 4.433437466662136 4.375784993569947 4.343335242167431 4.337678763893607 4.337678763893607 4.337678763893607 4.337678763893607 4.337678763893607 4.337678763893607 4.337678763893607 4.337615124348718 4.336662970691201 4.335112951635631 4.333561385735451 4.3324528344132185 4.3320611876732364 4.33247724235261 4.333604451063848 4.335163440236438 4.336704661673038 4.337627471745771 4.337678763893607 4.337678763893607 4.337678763893607 4.337678763893607 4.337678763893607 4.337678763893607 4.337678763893607
5.097003916030505 5.22708049829869 5.344119063780813 5.44091618006315 5.510775165819212 5.548358771170005 5.55059501669415 5.517296358305334 5.451199881173988 5.35740807589451 5.2424986813788745 5.113650889218721 4.978005876210701 4.842304873886274 4.712744296255259 4.59496349431096 4.494097651184536 4.414853772068626 4.361587805604726 4.338373383862927 4.337678763893607 4.337678763893607 4.337678763893607 4.337678763893607 4.337307274539927 4.3347476293891365 4.330594461826006 4.325772348249972 4.321098919006964 4.317253322198278 4.314745937921025 4.313892986615544 4.314799602715125 4.317353998312463 4.321233665306494 4.325922608849527 4.3307369456991465 4.334855281154938 4.3373502313918415 4.337678763893607 4.337678763893607 4.337678763893607 4.337678763893607 4.337678763893607
5.280112480035576 5.435362208927444 5.57627812215749 5.693990360565971 5.779751746129248 5.826213802774157 5.828986003600016 5.787796376928582 5.706569223413588 5.592369667658714 5.45385055806878 5.299917566311691 5.1389294259406295 4.9783784726558835 4.824864692800833 4.684202524914103 4.561565131400985 4.461621926666637 4.388653967088462 4.346645142583177 4.337678763893607 4.337678763893607 4.3376622844429065 4.335235140012212 4.329501147098051 4.3216098979683855 4.31267073692784 4.303722230231866 4.2956954032758485 4.28937310216413 4.285349569095844 4.283995618679616 4.285434991297848 4.289536123293615 4.295920891335813 4.3039886776159815 4.312951452112227 4.321874279732867 4.3297158918869085 4.335365283440031 4.337672031379213 4.337678763893607 4.337678763893607 4.337678763893607
5.467391087479616 5.647942154090165 5.816153585781526 5.958879140295305 6.064461577138282 6.122328853434951 6.125797842668258 6.074445155006726 5.974273372198237 5.835533008084858 5.669872335933834 5.48834225366997 5.300559544221967 5.114620837584551 4.937329680724916 4.774488335798344 4.63115596009591 4.511849488143023 4.420691552295345 4.361516910126387 4.33794847409403 4.3373563022691695 4.332897504014072 4.324167297520754 4.312421038283147 4.298915742645551 4.2848850275177774 4.2715039191370545 4.259843630542422 4.25081878837705 4.245132564208933 4.2432277715725695 4.2452528793219395 4.251050043807104 4.2601678226168165 4.271895743915799 4.285313528653577 4.299346004595289 4.31281571267488 4.324487843049627 4.3331051058026375 4.337412495314901 4.337678763893607 4.337678763893607
5.65521022547678 5.858735178999829 6.055951431899357 6.229046764605046 6.360230825159487 6.433553408569903 6.437985471866581 6.372802119103762 6.24798804670824 6.079213195813483 5.882373447977106 5.670916618946828 5.455462306093368 5.244329061954114 5.044183034544176 4.860557943747661 4.698220754249915 4.561417022505933 4.45403344504775 4.37970590202264 4.341438863785667 4.3315841873161816 4.320495997089169 4.305268324459919 4.287248836149095 4.267811835898955 4.248333331366577 4.230151828329679 4.214513364031674 4.202502687558335 4.1949675342172785 4.192448133947168 4.195126746485155 4.202809622797775 4.214946163419787 4.230680212638621 4.248920929581806 4.268418458955128 4.287832398969043 4.305786288451012 4.320906338249774 4.331845969058104 4.337299227998519 4.337678763893607
5.833077075076867 6.060636619045269 6.286188781940279 6.495135450562508 6.6606329639600315 6.756431795961611 6.762315391131715 6.67686561399316 6.518640622284094 6.312852238785041 6.080877760614635 5.838103951955128 5.595321086356921 5.360383157754809 5.139358710869684 4.937230062153692 4.758305555322456 4.6064642292358435 4.485304043806444 4.398038087678555 4.342752054889543 4.319544352188569 4.301726006748785 4.279814429743975 4.2552487325219275 4.229527533629992 4.204187359369924 4.180761717360355 4.160716077121364 4.145358356028905 4.135732794067217 4.132515395899573 4.1359361281143 4.1457505598638 4.1612699733977525 4.181440373429634 4.204947452171526 4.230322422706818 4.25603084457181 4.280536862169045 4.302343451998867 4.320013520133541 4.332177702474344 4.337533962570359
5.988911453263749 6.239418278266157 6.494882215095114 6.7423734883748185 6.954897650060997 7.086615616331552 7.09499663173704 6.976662393171569 6.771605246754213 6.521338552190955 6.252054200564862 5.97889115947693 5.711233858355837 5.455594531159593 5.217001301956412 4.999674059935973 4.8073687549914 4.643562015900532 4.511555106387961 4.410556563678145 4.339506859008428 4.302539133177743 4.277931492880561 4.249174125522797 4.21778991305479 4.185402684911884 4.1537245045188955 4.1245184350809545 4.099525911402031 4.080352129170254 4.068315605720318 4.064288249788104 4.068570054750112 4.080842216436793 4.100216889792047 4.125364284336447 4.154672899359102 4.1863991397515 4.2187806357846185 4.250107641236941 4.2787593450650885 4.303215999940541 4.322056782989767 4.333950546087736
6.110039515146837 6.378459630504167 6.660568252736361 6.947800674973574 7.220029241536581 7.416141723849956 7.4299156969286955 7.250447561513642 6.981366404796053 6.68346231477099 6.379994443148911 6.081571555757753 5.794486447920749 5.523332447849064 5.271940274120416 5.043809555520943 4.842188045263585 4.670012293868164 4.528857127421185 4.414906405536754 4.331207341510196 4.2819686858680575 4.250540408492976 4.214825452002683 4.176373974681403 4.136924711773579 4.098371189307794 4.062738938298873 4.03211411412476 4.008502925994456 3.9936179072804507 3.988625391717754 3.993933124898267 4.009107905218518 4.03296294326171 4.063772922985177 4.099526317509933 4.138137133825202 4.177583150584586 4.215975461573708 4.251580120617784 4.2828127488039325 4.3082209564904055 4.326463271523221
6.185068804652107 6.461352396443797 6.758007436597166 7.072316300935263 7.399025887114231 7.70990389850215 7.741057508706479 7.439922241922853 7.106444939712247 6.773687482159445 6.448747933027908 6.136112184988571 5.840784907494099 5.564912350037416 5.3103771503486925 5.079274109054583 4.8739697206270245 4.697108736484405 4.545663469205056 4.4192116294160275 4.322542028024917 4.260796000213653 4.221068822184831 4.178371308023614 4.132665619095621 4.085776393115186 4.039765159491005 3.996940050481848 3.9598076187974534 3.9309180134965116 3.9125670631766636 3.906385524363906 3.912956890670774 3.9316614735708164 3.9608416558602073 3.998187976931764 4.0411479422664565 4.0872194753530895 4.1341017378097735 4.1797408275793035 4.222318310547629 4.260216856201793 4.291981551267638 4.316284923124748
6.206569509991075 6.476952399592186 6.76687526691008 7.072799930449877 7.390307114613603 7.693238019098146 7.7218017225757425 7.42453967789705 7.093714678858443 6.765168254739061 6.449158556835426 6.14768830727569 5.861269533792915 5.591408966726046 5.341409486939995 5.113274992346357 4.909287258629471 4.73062326295016 4.572068328012653 4.436621901870774 4.3291451786207755 4.254882214158561 4.201017165737587 4.144528438398807 4.0885341770233286 4.033893119445385 3.9798426870274954 3.9289459601551457 3.884129317698587 3.8486039867355544 3.8256999859281917 3.817920685534415 3.826190051475381 3.849527020991779 3.885390233049608 3.930439011682949 3.9814755480045125 4.035580100469632 4.090190039383066 4.143135123634556 4.192566340044767 4.236880821416068 4.274658740242126 4.304614871597257
6.166018848386806 6.414063746851824 6.671027325427656 6.93277890694246 7.181093419313003 7.363966580219504 7.373825027306717 7.1963112237383005 6.9366139673818275 6.656581127143312 6.376968074834041 6.105494582256624 5.8452956602141475 5.597701217231421 5.363325324714476 5.144317721881134 4.946662484581698 4.768992614768594 4.6075866022235 4.466912545942105 4.35199589213902 4.268256453178125 4.20042026704063 4.128207428620866 4.055066649041672 3.9846952853560405 3.9200737369180394 3.859065048632843 3.8041181456302633 3.759683236293383 3.730500146878657 3.720474359776533 3.731130998466568 3.7608523521829262 3.8056836153893623 3.860880802685354 3.92201191330206 3.9853413456275 4.047907075895732 4.108010310516066 4.1639731686387975 4.214268094057688 4.257552526499519 4.292611813813966
6.05052442460818 6.266404494226108 6.4834709034529645 6.689759464928458 6.867373564187253 6.98017281295056 6.983070430288162 6.872971128913594 6.6896903541188895 6.471570702140662 6.241638858211012 6.011633255506581 5.787304393694278 5.57142864065081 5.36536501860207 5.169900985753119 4.9857957349246815 4.8126211026533925 4.652504103878714 4.51028977058424 4.3912641457288215 4.300924242909288 4.219052379670667 4.131085125338123 4.039688241507264 3.948860481132551 3.8632827224680186 3.7879523267779325 3.7212046406385193 3.6655079762292457 3.6277250674990733 3.614459921582652 3.6285553560385058 3.667001160920348 3.7231381390145972 3.790132518043754 3.8625345780169282 3.936289940561295 4.008329344822436 4.076208283565816 4.138195666697341 4.193806146459578 4.241900831666391 4.281357769459815
5.869974219524916 6.049251721388087 6.2244585565384405 6.38270490500622 6.506010735504356 6.577358397408135 6.583973763324213 6.517651888586209 6.39406461922118 6.235224707163165 6.058902346180734 5.8765256442878755 5.694659851374407 5.516825445586047 5.3448501758886175 5.179780550474557 5.02175009846431 4.862746558145121 4.707776264125939 4.567268631072059 4.4462381940784885 4.349866291687914 4.2533722079299014 4.14868427555933 4.039481209483131 3.92917006588218 3.821921414050938 3.7235909863586407 3.639975289376712 3.56993617469603 3.519569342480799 3.501059491169148 3.520711567428863 3.571870974649464 3.642345937692398 3.722588624255704 3.8065725647652404 3.890421597268533 3.971383657826082 4.047292429386457 4.116301481726397 4.1768188795941 4.228824798497576 4.2718143723086905
5.63810655872477 5.780411527596185 5.916003382601133 6.033870996863052 6.1204197750282745 6.171819025405308 6.185727148334187 6.150913981072626 6.074235805270273 5.968052000071612 5.844249666740428 5.7117250235723045 5.576179401271753 5.440866124235699 5.307496639251275 5.177035287733206 5.047836351209701 4.907948695219017 4.760061134313915 4.616138125612481 4.490881816002796 4.38478656018438 4.271707468229628 4.151921056868981 4.029247859922523 3.9069580376981783 3.7878546314688366 3.674507651854575 3.569805226946197 3.480015943940948 3.410188261392731 3.3814558897975795 3.4118875388746233 3.4825432089525914 3.570181536135218 3.663839957527084 3.7584658791871726 3.8511161919921717 3.9396552756260177 4.022299141021879 4.097439362076058 4.1635678803969 4.219264813315053 4.264774690612482
5.372790085665494 5.478521232310844 5.576841986303636 5.660140371130726 5.724556528582974 5.769988143509314 5.791415067718959 5.7817855547847135 5.743853852846216 5.6843537861533795 5.610457298992424 5.527983647163086 5.440812498950249 5.351086201619166 5.258719013779441 5.1571225583983455 5.0461817118332135 4.920575515356201 4.784670198105177 4.644861035908208 4.516464149519241 4.3963101020813555 4.267018362433062 4.133117307568671 3.998594470715692 3.8666309588558443 3.7396510021104206 3.619445808211015 3.507399148231536 3.4050554536064466 3.312695891632126 3.2568379509358736 3.315448898408744 3.4127584453305686 3.5161055624449586 3.620110571327178 3.7224635576586076 3.821439072256725 3.9152760291832327 4.002110373669986 4.080898907296948 4.150576438694254 4.209985590939944 4.25792511339404
5.104648057668683 5.175056479720953 5.2371602270776325 5.287404349063153 5.333732309007361 5.374203300172593 5.403497929009099 5.415297483768169 5.410970660626969 5.393783673167198 5.367331857075523 5.334473667805731 5.296855297619824 5.249566441230419 5.185186120603499 5.10661095879391 5.015175684642184 4.905638565162341 4.782992646565555 4.653892277019053 4.523503072824101 4.385480793825504 4.240409805472735 4.093593587702125 3.9492873029720075 3.810693350576166 3.68006215203866 3.5588510908317597 3.447916252759144 3.3477898568533018 3.2596149566758177 3.1979965979081157 3.27704564360535 3.3818634750202503 3.4891870384113925 3.5963540582973827 3.700654051084987 3.800134288961523 3.8939585425636456 3.9812462934380073 4.061053278347519 4.13235119658188 4.1940076530803125 4.244769756504883
4.846704850993768 4.884355965768783 4.913218387997245 4.938381461609365 4.968149668588145 5.000462089306648 5.030651876364551 5.055371989159761 5.080791795434216 5.1030203148919515 5.122284861946403 5.138722544323226 5.142425074659915 5.1251153130993625 5.088545545301294 5.034515525494043 4.963922358068396 4.87136652644625 4.762050574083055 4.642162004918343 4.508805775051457 4.352605424896871 4.192108450818048 4.03369628107898 3.8819496974183343 3.7401596762147244 3.6105914318716743 3.4948750322347295 3.3946244108580954 3.312829242287817 3.2583570024926347 3.2542282536640066 3.3102062584432943 3.3944271167323037 3.4907075263376894 3.589883773249333 3.688069172693563 3.783294426226511 3.874191721119851 3.959621645583082 4.038514354397166 4.109781097540067 4.17225569068195 4.224655073618602
4.609379903929068 4.616396807068409 4.615021147777721 4.618958310189101 4.632324057793506 4.655744374094484 4.684985161338275 4.716206030414788 4.759511869313345 4.816941910599381 4.881024541892062 4.936924306103614 4.971788425094589 4.985797320707579 4.978794068076341 4.950726232762879 4.901719021643603 4.826107643018566 4.727918957522019 4.612867726482581 4.468045162145165 4.297024077196749 4.12133710807815 3.952728884669159 3.7960347149456384 3.6545320863914004 3.5304347651888097 3.4255465187103717 3.342176571045676 3.2846252211660536 3.2614533759862714 3.285193353979299 3.3481208195629035 3.4287481312439603 3.5090417831068397 3.5946133497417363 3.682997538291902 3.7709752624271373 3.8564573211889153 3.937908366851285 4.0140488772472676 4.08368004870061 4.145570552120387 4.1983827358593055
