_RESULTS/CROSS_VALIDATION_POSTPROCESSED/MHZ/TZ/5comp/1/MHZ_TZ_z_125_kriged_reverse_5comp_spherical_1.asc
ncols 100
nrows 81
xllcorner 5.5967107548124995
yllcorner 50.982328804812504
cellsize 0.00017565037499993607
nodata_value 1.7014100000000001E+038
[rows 0 to 18 of 81, columns 44 to 87 of 100]
18.551769576009605 18.6923183071623 18.8447284893966 19.00201289492652 19.158005981200382 19.307382104380082 19.445572180235573 19.56863965056678 19.67314705051364 19.756026544027954 19.814458792955605 19.845760864435274 19.85045425462193 19.85045425462193 19.85045425462193 19.85045425462193 19.85045425462193 19.85045425462193 19.85045425462193 19.85045425462193 19.85045425462193 19.85045425462193 19.85045425462193 19.85045425462193 19.85045425462193 19.85045425462193 19.85045425462193 19.85045425462193 19.85045425462193 19.85045425462193 19.85045425462193 19.85045425462193 19.85045425462193 19.85045425462193 19.85045425462193 19.85045425462193 19.85045425462193 19.85045425462193 19.85045425462193 19.85045425462193 19.85045425462193 19.85045425462193 19.85045425462193 19.85045425462193
18.31162777896755 18.47908538248403 18.65794020038067 18.84075694790356 19.020844383892936 19.19266741969784 19.35163737503489 19.49390426904242 19.6161726452835 19.715543064911046 19.789375000331002 19.83516611149225 19.85045425462193 19.85045425462193 19.85045425462193 19.85045425462193 19.85045425462193 19.85045425462193 19.85045425462193 19.85045425462193 19.85045425462193 19.85045425462193 19.85045425462193 19.85045425462193 19.85045425462193 19.85045425462193 19.85045425462193 19.85045425462193 19.85045425462193 19.85045425462193 19.85045425462193 19.85045425462193 19.85045425462193 19.85045425462193 19.85045425462193 19.85045425462193 19.85045425462193 19.85045425462193 19.85045425462193 19.85045425462193 19.85045425462193 19.85045425462193 19.85045425462193 19.85045425462193
18.05796703926501 18.26205303304464 18.47357199202828 18.683490837846293 18.88793951629999 19.081856940547485 19.26083072340813 19.42124025605539 19.560030681710213 19.67453605641218 19.76233554056438 19.82113121275877 19.84864051899723 19.85045425462193 19.85045425462193 19.85045425462193 19.85045425462193 19.85045425462193 19.85045425462193 19.85045425462193 19.85045425462193 19.85045425462193 19.85045425462193 19.85045425462193 19.85045425462193 19.85045425462193 19.85045425462193 19.85045425462193 19.85045425462193 19.85045425462193 19.85045425462193 19.85045425462193 19.85045425462193 19.85045425462193 19.85045425462193 19.85045425462193 19.85045425462193 19.85045425462193 19.85045425462193 19.85045425462193 19.85045425462193 19.85045425462193 19.85045425462193 19.85045425462193
17.795967740282066 18.04148092145245 18.29129956384193 18.53515426569532 18.76543148512902 18.980220446523003 19.177667431347373 19.35452771169766 19.508075874998912 19.635930452587235 19.735916772885894 19.805952069640743 19.843944145462938 19.85045425462193 19.85045425462193 19.85045425462193 19.85045425462193 19.85045425462193 19.85045425462193 19.85045425462193 19.85045425462193 19.85045425462193 19.85045425462193 19.85045425462193 19.85045425462193 19.85045425462193 19.85045425462193 19.85045425462193 19.85045425462193 19.85045425462193 19.85045425462193 19.85045425462193 19.85045425462193 19.85045425462193 19.85045425462193 19.85045425462193 19.85045425462193 19.85045425462193 19.85045425462193 19.85045425462193 19.85045425462193 19.85045425462193 19.85045425462193 19.85045425462193
17.538178769748995 17.82864433669273 18.11781093218809 18.395923540742324 18.656057560886836 18.893067157496862 19.10655329671251 19.29745362167959 19.463425866320108 19.602393271885322 19.712429282481448 19.79165785186404 19.83816291244256 19.85045425462193 19.85045425462193 19.85045425462193 19.85045425462193 19.85045425462193 19.85045425462193 19.85045425462193 19.85045425462193 19.85045425462193 19.85045425462193 19.85045425462193 19.85045425462193 19.85045425462193 19.85045425462193 19.85045425462193 19.85045425462193 19.85045425462193 19.85045425462193 19.85045425462193 19.85045425462193 19.85045425462193 19.85045425462193 19.85045425462193 19.85045425462193 19.85045425462193 19.85045425462193 19.85045425462193 19.85045425462193 19.85045425462193 19.85045425462193 19.85045425462193
17.30206037847758 17.637755014332633 17.964389622117668 18.27400500149145 18.561018823607842 18.82127079180135 19.051502940589177 19.25329648995463 19.4287980705348 19.576210583458323 19.693825407643242 19.77994176025407 19.832788714907995 19.85045425462193 19.85045425462193 19.85045425462193 19.85045425462193 19.85045425462193 19.85045425462193 19.85045425462193 19.85045425462193 19.85045425462193 19.85045425462193 19.85045425462193 19.85045425462193 19.85045425462193 19.85045425462193 19.85045425462193 19.85045425462193 19.85045425462193 19.85045425462193 19.85045425462193 19.85045425462193 19.85045425462193 19.85045425462193 19.85045425462193 19.85045425462193 19.85045425462193 19.85045425462193 19.85045425462193 19.85045425462193 19.85045425462193 19.85045425462193 19.85045425462193
17.109767831048995 17.484630113797085 17.84255250674611 18.17803192624354 18.486920914227593 18.76597464364087 19.012583858598138 19.2246856969764 19.406336007427278 19.559161207285474 19.68160685406302 19.772093234902208 19.82894776235838 19.850335419035815 19.85045425462193 19.85045425462193 19.85045425462193 19.85045425462193 19.85045425462193 19.85045425462193 19.85045425462193 19.85045425462193 19.85045425462193 19.85045425462193 19.85045425462193 19.85045425462193 19.85045425462193 19.85045425462193 19.85045425462193 19.85045425462193 19.85045425462193 19.85045425462193 19.85045425462193 19.85045425462193 19.85045425462193 19.85045425462193 19.85045425462193 19.85045425462193 19.85045425462193 19.85045425462193 19.85045425462193 19.85045425462193 19.85045425462193 19.85045425462193
16.983733352699154 17.383588177525887 17.76210044946501 18.115099508006754 18.439131926787873 18.73138905596499 18.989592135229554 19.211840293544526 19.397450602239473 19.55240456382814 19.676744411630136 19.76893998666353 19.827358539397384 19.85019808234232 19.85045425462193 19.85045425462193 19.85045425462193 19.85045425462193 19.85045425462193 19.85045425462193 19.85045425462193 19.85045425462193 19.85045425462193 19.85045425462193 19.85045425462193 19.85045425462193 19.85045425462193 19.85045425462193 19.85045425462193 19.85045425462193 19.85045425462193 19.85045425462193 19.85045425462193 19.85045425462193 19.85045425462193 19.85045425462193 19.85045425462193 19.85045425462193 19.85045425462193 19.85045425462193 19.85045425462193 19.85045425462193 19.85045425462193 19.85045425462193
16.93733004023866 17.343032869904413 17.72888112050274 18.08955226412739 18.42102202446987 18.720211161560158 18.98474428056565 19.21273304888386 19.402555672273785 19.55640083791967 19.679621671647265 19.770807821621872 19.82830291559403 19.850285398880104 19.85045425462193 19.85045425462193 19.85045425462193 19.85045425462193 19.85045425462193 19.85045425462193 19.85045425462193 19.85045425462193 19.85045425462193 19.85045425462193 19.85045425462193 19.85045425462193 19.85045425462193 19.85045425462193 19.85045425462193 19.85045425462193 19.85045425462193 19.85045425462193 19.85045425462193 19.85045425462193 19.85045425462193 19.85045425462193 19.85045425462193 19.85045425462193 19.850543354309387 19.85523952128455 19.864157694194738 19.87379338231622 19.881448130443186 19.885321747884728
16.967969310901122 17.362684748894075 17.743503890948446 18.10231472239872 18.433583106381025 18.733395606569566 18.99892175020456 19.228042496751545 19.41904437245903 19.570877789130858 19.690011823221987 19.77750418135365 19.831614364003578 19.850450685283207 19.85045425462193 19.85045425462193 19.85045425462193 19.85045425462193 19.85045425462193 19.850452204515893 19.850239406754355 19.849907554407512 19.849695953252635 19.84972040644926 19.849968379336662 19.850299549413965 19.85045425462193 19.85045425462193 19.85045425462193 19.85045425462193 19.85045425462193 19.85045425462193 19.85045425462193 19.85045425462193 19.85045425462193 19.85045425462193 19.852731198184713 19.86812973829256 19.893244853963694 19.922792010227734 19.952087179857415 19.977194836794535 19.995067389046227 20.00366320207937
17.036728807970455 17.423804978135013 17.799694892427397 18.15110847924998 18.47551722008312 18.77018860027811 19.031683574897208 19.257517696967128 19.445768542791377 19.594739221576447 19.707091439587995 19.7883279153325 19.8366849522709 19.85045425462193 19.85045425462193 19.85045425462193 19.850376181551976 19.84916131910539 19.846988712565356 19.844462188667116 19.84210095717825 19.8403204361037 19.839409234213377 19.839509353362693 19.84060535031851 19.842525549751446 19.844954963373628 19.847456223862945 19.849492425334596 19.85044471357058 19.85045425462193 19.85045425462193 19.85045425462193 19.85045425462193 19.85104546506553 19.868471615377402 19.90507860232064 19.95425936062628 20.00969393413842 20.065506056306297 20.116438762726446 20.158038619351938 20.186833432646694 20.200485402868402
17.103321472737687 17.483265307585693 17.859217215796544 18.21593518917414 18.541599455591353 18.82839767652314 19.081422791719156 19.299946684238638 19.48179652537883 19.62511031816387 19.72948891921062 19.802103785302826 19.84249011556744 19.85045425462193 19.850328299085454 19.84817889608886 19.843992741344117 19.838549504975063 19.83259818594828 19.826849348505394 19.821946561383374 19.818424630343127 19.816664648694985 19.81685681085031 19.81898034935548 19.822805772789582 19.827918822546895 19.83375998874152 19.839669700506853 19.844928249695243 19.848780818074566 19.850440553013552 19.85045425462193 19.855778652861343 19.889117838781676 19.94606248952713 20.017570761511447 20.098430652684126 20.18334306435858 20.266662344807074 20.342573265076222 20.40531449297473 20.449430133124956 20.470042996173323
17.156707036101984 17.531526739126274 17.906919653349902 18.267388804070332 18.60043029909259 18.895929678503727 19.14561253679814 19.353316201827152 19.52549799010395 19.660114133263964 19.755359648803918 19.81723655084611 19.847627780952546 19.849148075178498 19.8443603413741 19.83685346266139 19.827460993913025 19.817044443306926 19.806499846844293 19.796731350379275 19.788596000042755 19.78282933386703 19.779966780211172 19.78027877025502 19.783735675839154 19.79001172336211 19.798526847609537 19.8085156371859 19.819106488427174 19.82939330846735 19.838485699530324 19.845529151462955 19.857862339961454 19.894159103147338 19.954236408977412 20.035043856552228 20.132080361229264 20.240160040665653 20.353469722771273 20.465697946200343 20.57024284734417 20.660491966806504 20.73014970124537 20.77357260051723
17.19075730654265 17.56371362204674 17.93952646843226 18.303232478061727 18.642235694937913 18.94605748259492 19.20599167790104 19.41470291100204 19.574674945500792 19.69789518393346 19.782462304454658 19.831773836110226 19.847657924787054 19.84057188634352 19.829731675091317 19.81603320407804 19.800368134466982 19.78375166577509 19.767321086123964 19.752288464534022 19.739849350118227 19.73105936727816 19.72670179367891 19.727176577039792 19.732439763548708 19.742010279640322 19.755042133423732 19.770442029464693 19.787002291667665 19.80351950775421 19.81775512072407 19.82526558940127 19.858668116641127 19.918668098907546 20.001364890628896 20.10564066151851 20.228696927176106 20.365013174644584 20.50822909626431 20.651270945063544 20.78659259003088 20.906528242211884 21.00372606066817 21.071604359936092
17.203377234441568 17.577429774434215 17.955101913287216 18.322272366343288 18.66658283915166 18.977460174735025 19.24596170936148 19.464489146849942 19.626400902712284 19.736178162929953 19.807992431204944 19.840054545463104 19.838081036534987 19.824338802572274 19.806473764055504 19.785280598976605 19.761753535061835 19.737137979541313 19.712928685296056 19.690801068568785 19.672471050395945 19.659496493248646 19.653055934443444 19.65375797000327 19.66153549867419 19.675657619298015 19.69485540355309 19.71797464184496 19.743327481824515 19.759669796788227 19.756380257053905 19.77797076507475 19.83205376917696 19.915401901306563 20.02438385773694 20.154268968512312 20.30360988882701 20.469106530703847 20.643835415488482 20.81985481403883 20.98847564590769 21.14070672217059 21.267838494706467 21.362079911805935
17.195093305802096 17.572216902987364 17.953000414112058 18.324095703714775 18.673456373442416 18.990541527679543 19.266298436374868 19.492967392344195 19.66374736608247 19.772360505169278 19.82633961291527 19.837113896209157 19.821906760765508 19.800623228849727 19.774345748964702 19.743853703641193 19.710271460689892 19.675150986453772 19.64048662051016 19.60863097074368 19.58209107032988 19.563213581423817 19.553813032121422 19.558522371991092 19.58596152728535 19.62889474225739 19.679246599981283 19.729785231371995 19.758975661221573 19.750649536655246 19.744827815083283 19.766816484206604 19.818173737778388 19.90142449754009 20.019587829733325 20.174645252871926 20.352488033341597 20.547966493059043 20.755903448054738 20.96738482145401 21.17233151893318 21.3600565264641 21.520062113157056 21.642689163138385
17.167669910770357 17.54880977126016 17.933564956875813 18.309020543229046 18.663325953849068 18.985982237714317 19.267890672368377 19.501204474360655 19.679024220055048 19.793087478665736 19.833133133306156 19.822983132681273 19.79962433717901 19.769516571731284 19.733036362311182 19.690905606013505 19.644371655008907 19.59535431660482 19.54651271967522 19.501168715691037 19.46302850202331 19.44580131392221 19.467426999630728 19.520395523637568 19.59557856509707 19.683124702824482 19.773092272945505 19.83745402737517 19.852917298010762 19.83714755799587 19.83766486973626 19.858133757371373 19.901074158129184 19.970312093515872 20.07035939208526 20.2057022992268 20.38004014543301 20.59642428003112 20.839308202780988 21.08911802838726 21.334087953319752 21.561327757276352 21.757791688634697 21.906993881909372
17.122984692995328 17.50849427980124 17.89781006395673 18.277977228327238 18.637134306954707 18.964775894869824 19.251788014860256 19.490294743888747 19.67286995223634 19.786912689965096 19.824315512781524 19.803673942896786 19.771683823568477 19.731224392381698 19.682385806899934 19.625725874758253 19.562541006270518 19.495130902451034 19.426078052496784 19.364339395491328 19.347394423040377 19.37884064103838 19.451913277452356 19.5578140010824 19.685731510152934 19.824518290525763 19.945529749576423 20.01137197142704 20.020000132015685 20.017034594738426 20.023328973945624 20.04022246548884 20.071498712759226 20.122722114292767 20.200424335260074 20.311182199563447 20.460620285191382 20.65239005222485 20.89223546871403 21.179394472238254 21.46896969004791 21.74091002516906 21.975041069463636 22.15271396269975
17.06244074727167 17.452773385862393 17.847241717571976 18.232422719197903 18.59626509609599 18.928223329620717 19.219205351880316 19.46136593634949 19.64418668824921 19.755665638495774 19.796651242623103 19.78044553872121 19.738748869630314 19.686272635905873 19.62158334149641 19.538062065385905 19.441056712816806 19.3381818761453 19.250453237763146 19.221577208027664 19.250057244621203 19.331085593725756 19.458903559903543 19.625549435444643 19.819690042631493 20.017734766063935 20.164721120927787 20.243003085151717 20.26412305485283 20.27912830878167 20.29106422046542 20.302069499499584 20.3176124577372 20.345576673343523 20.395203558804607 20.47592301120508 20.5960769763524 20.761557153703784 20.975174240665698 21.246092006760243 21.571138994283476 21.892824604087284 22.168749849096905 22.37993905540763
