_RESULTS/CROSS_VALIDATION_POSTPROCESSED/MHZ/TZ/5comp/1/MHZ_TZ_z_180_kriged_reverse_5comp_spherical_1.asc
ncols 100
nrows 81
xllcorner 5.5967107548124995
yllcorner 50.982328804812504
cellsize 0.00017565037499993607
nodata_value 1.7014100000000001E+038
[rows 19 to 37 of 81, columns 0 to 43 of 100]
22.527348135551073 21.632686535715216 20.92124865607776 20.4862383950039 20.397927198260568 20.670618949937584 21.246526594452494 22.034354384530594 22.95084768427009 23.93360682721853 24.93813545055204 25.932180127844916 26.891428090699844 27.796803959722965 28.632847712723713 29.386619655741935 30.03780644360148 30.57131484655285 30.979781980783557 31.253796170734894 31.38008528326312 31.36596221729755 31.312243945851677 31.23747308739245 31.143841302849438 31.03460679186196 30.90953031669825 30.766271945067214 30.600641606308344 30.400868700903533 30.15966830490208 29.87323215669783 29.541070312250127 29.16822551086896 28.768286811588833 28.3695333265846 28.0279212463242 27.815200792720113 27.790453204794286 27.948278600967143 28.238111275622447 28.612475277405142 29.033645293503536 29.473733673442627
23.586756733120424 22.839887837075544 22.26569858093739 21.92259487409697 21.846169799642425 22.04557768655655 22.490247642230198 23.124792703527213 23.88936404784812 24.73142330629059 25.608707586596672 26.48806631593665 27.34338149685369 28.15273299737325 28.89766799577164 29.55635734798838 30.111429487979546 30.55639379985057 30.88570348626477 31.092914159106062 31.164476550259124 31.136315307352223 31.090196540297743 31.025694029905104 30.94435231266026 30.849093664072118 30.742055027878873 30.62145555297154 30.48367289320736 30.32380221376188 30.13100221344326 29.89927030987673 29.628214276465243 29.32333865111638 28.998751970823573 28.68011387476852 28.412663798466713 28.247094962303287 28.219279884310566 28.334711048774896 28.56953310912415 28.892024917531202 29.27204414394992 29.679094475293173
24.713152350322048 24.091972057494665 23.624522150231492 23.345643988873583 23.276420480071135 23.423258507874653 23.768423237267392 24.276665241529273 24.905434849731353 25.612896110297324 26.361889547171728 27.11803074113274 27.852712679647436 28.546174877878748 29.175688063416032 29.716452005907673 30.160252420745792 30.502394412685323 30.73986994703764 30.868404384566773 30.878005237341437 30.84780048094915 30.813826918710703 30.765377711690178 30.70571108881876 30.63692268675385 30.557325219945298 30.463881762868798 30.357839886766406 30.235594914811063 30.092425735134796 29.92007569002222 29.713162522583442 29.476019441629965 29.2212112692921 28.97054842807465 28.757947748813738 28.624374995142716 28.597661226184197 28.688873392285934 28.88898413176252 29.174075357389455 29.51863659557891 29.894715772837227
25.85653119161349 25.343761107445417 24.964341023586776 24.736111528503397 24.672067162376745 24.778270591931697 25.044237839051014 25.44688030748063 25.955850901339033 26.537069883183573 27.152667320419372 27.775128953136814 28.38148966366571 28.949385881695598 29.446375315291185 29.858185746527617 30.177670106744614 30.40272514742785 30.535361970369497 30.576221437766016 30.534477813780853 30.50717141066892 30.488515895510492 30.457585707832806 30.42005681071334 30.37902989090371 30.33427926323412 30.2832423084689 30.222481145300716 30.14590406715912 30.051530079852146 29.93286936898215 29.78671690395483 29.611714750822443 29.417153961298855 29.220646449124438 29.047917477013264 28.93444966749102 28.907174669134395 28.98425524470846 29.167768646850206 29.437691021205236 29.759687896352364 30.110087043955303
26.917555980292402 26.50156764238507 26.20265916222512 26.02838850621911 25.986031804428595 26.075868758694675 26.287700087985954 26.60261575987839 27.001459251189814 27.454916971051723 27.9389426376281 28.43057461798088 28.90862944735215 29.340185917279282 29.699829377470504 29.975572086132864 30.160004391175733 30.253037493209955 30.265225390923987 30.210678570875316 30.147496653150846 30.12765776913816 30.123715771918295 30.109367332996356 30.091548095985633 30.076259180326108 30.071165689029822 30.073967964049274 30.074125377952893 30.058463539076552 30.01581205203841 29.947356237790657 29.850400447739784 29.726393256944593 29.58260706238353 29.42944883034702 29.285552862532615 29.181603720055264 29.14553173623669 29.206151583264532 29.382215138402945 29.65604299533951 29.980350871279455 30.31717752931279
27.84900062565976 27.519929558077234 27.293622974621158 27.169818768689392 27.15120111115462 27.237216711824004 27.421441649981006 27.683613435381144 27.995347558253314 28.33439053967053 28.694680816921863 29.06113640858307 29.41010464027787 29.704641878562732 29.927508258166885 30.06585467644498 30.110043307693363 30.0573081758089 29.925221947779608 29.78333969489536 29.735073189941396 29.729247170035254 29.732469445471786 29.729203043795643 29.72692303641513 29.74512392841518 29.78614382978197 29.84389391744473 29.906308830760036 29.95753568301965 29.981156759513073 29.96538916808674 29.915665815630188 29.834185216875042 29.726588591331705 29.603249419097555 29.478201233471975 29.375432638728515 29.31884886233443 29.348299564392338 29.524372846433412 29.82643900081536 30.17022910312853 30.505416761166998
28.6285602997438 28.37911126162071 28.221525839313177 28.14797078688567 28.154664404113117 28.240690407737024 28.39875028034204 28.6103232682822 28.860964751194356 29.130682073690313 29.396217479986202 29.645362886953546 29.86597619311975 30.02917978524795 30.120821125586193 30.127846725742497 30.038330336403202 29.84177458053221 29.535254631589105 29.33715716166669 29.33848841553276 29.33926584881734 29.332483035522056 29.330502374618916 29.34982263687374 29.39998423834439 29.483628976045832 29.595068586701245 29.720524584666453 29.840478222322886 29.934085213946787 29.98392214157546 29.982149593834546 29.940979503623883 29.86701256277662 29.769193955533446 29.658819372272816 29.554703990816726 29.47078487340858 29.429630535228547 29.615675177801364 29.984248677097387 30.35380541129517 30.69325613148633
29.236600425714666 29.060576665479303 28.970979691229566 28.95196928938167 28.985582278472556 29.06811712863884 29.195946673911404 29.366460393581256 29.567447394825013 29.78091103060431 29.985857356953733 30.157785423907622 30.25931146353625 30.299118884849573 30.268318208398902 30.155602702488537 29.9509282269034 29.64681464512342 29.291212312523957 29.07421558122894 29.01956049041147 28.982035431249482 28.94635913534234 28.93873634556854 28.97177583384033 29.04585443642241 29.166236289986188 29.32883528410936 29.518175545818053 29.70943491671671 29.87519362123271 29.99293983486536 30.049310936439284 30.047000160873477 30.005375023145405 29.934517878410965 29.846057380600516 29.758913392737878 29.687422365413084 29.657127686760514 29.844107278937056 30.20612075987781 30.567906502380797 30.900707583134235
29.655413511438972 29.544755519855993 29.521411863508497 29.569822851169885 29.629395444940442 29.693588397951952 29.79841465597552 29.93948917065629 30.10315035714161 30.27209838212362 30.426993462000922 30.540586535280912 30.568650982716004 30.49827465442111 30.3540573501766 30.132725303591947 29.828996085600977 29.468719801653766 29.145664893379248 28.909572590151782 28.762132872409445 28.66035104476729 28.594735528241632 28.56934828335716 28.600457564985014 28.687996461545996 28.836230262638267 29.04598533278581 29.300977944567503 29.568005917042157 29.809126408591823 29.99500657322872 30.11028779428056 30.152336702230798 30.141384819932526 30.098996682439378 30.040020210869233 29.988253843577677 29.967596136646605 30.018358220277126 30.198587061874484 30.490465790921572 30.82037102969511 31.138306134681265
29.870766083870322 29.81301217336102 29.84072932593292 29.94176123252476 30.025521609349358 30.092357241746974 30.19340870875719 30.320643526521867 30.46045248267558 30.596684553681897 30.71168461184216 30.774191093637892 30.744973268621244 30.607151018312244 30.359543266919275 30.036212538209117 29.659862374438312 29.299807000215356 28.980128925934 28.71892530264399 28.516371915574783 28.373660718293365 28.281622658109313 28.235893654597692 28.249813296291222 28.33468174771629 28.496808962062946 28.746961097829924 29.071868564929986 29.42288724821963 29.74368481034218 29.996544418462506 30.166187183288894 30.25353704383469 30.27254190191876 30.257723547666853 30.23094986535984 30.219639478083277 30.248163635606602 30.343418058994047 30.527966413748896 30.793246270239415 31.09586606265632 31.394250585681217
29.875030377567512 29.857723561100197 29.917933319083467 30.032834791839875 30.148822607295894 30.258382224350715 30.378056780224227 30.507507582408532 30.63655291919462 30.751128359628606 30.835453492643914 30.85447464074488 30.77528688242807 30.583775054724917 30.26746189928304 29.87401681701531 29.48714488799762 29.122007586932412 28.793036089040353 28.509726954677856 28.280883349729606 28.120559842221432 28.013929811561933 27.953412821879525 27.94712977656725 28.006057602987234 28.155616455915855 28.432047691458546 28.83779120112538 29.287746789459618 29.691633895025248 30.0059560651585 30.220997698151237 30.34481665638481 30.394010899492645 30.402659255487762 30.405834312011248 30.431075344515314 30.497799957797145 30.625818378378238 30.82654116098542 31.084753521369823 31.37094187874561 31.652799678164406
29.66734268117091 29.684186485545226 29.775080702352092 29.916064472631476 30.064754259950078 30.213410213161723 30.361333185899962 30.504459401434648 30.633479323717527 30.73581341609951 30.797067493400327 30.780320031469532 30.6574690192356 30.42009458530785 30.09879688112696 29.709822579550753 29.31134608838181 28.935301806236822 28.59418260497531 28.296491167803374 28.06670032790098 27.908103628071046 27.80423502404726 27.743614817326307 27.72519141611543 27.75179895023166 27.842694685065734 28.10147164633021 28.62175095554668 29.19170387189548 29.671685531323106 30.03195094618792 30.27676894583476 30.423848508354506 30.49649142493719 30.524036859478088 30.55271244820816 30.608778904563895 30.70973781619245 30.871814810884302 31.09081361484472 31.3513757226037 31.629928907787182 31.90018880999115
29.24986672402226 29.29957080533439 29.42585042207288 29.599841006680343 29.78684825215942 29.975061148521455 30.155749820007337 30.319930461826498 30.45690669036574 30.55440822908601 30.59887348572763 30.554615679361792 30.421000041353665 30.206099666303505 29.912858174300894 29.546642476637118 29.13556960505274 28.74550825915005 28.39342807936798 28.096714360884445 27.883289952464352 27.74607524185202 27.666194704820985 27.62892869838926 27.624099104470957 27.646667615732156 27.683968103420593 27.763100460849223 28.52249382581496 29.185460497185673 29.702499363606787 30.07849807985773 30.330624225753333 30.484200209776528 30.56806265672078 30.610795718042798 30.660814684150715 30.74552543014269 30.8845916021398 31.078244232266748 31.317154951924643 31.585371397435352 31.862167339648057 32.12510413830027
28.62477654364114 28.70815652219239 28.873828727131983 29.08829813274328 29.321653388701 29.55452828037284 29.77289177016215 29.96378548660005 30.114847500440796 30.222347812260235 30.28417647590709 30.274036004638173 30.176362707327513 29.992035124888673 29.72397558827218 29.378068842597372 28.96671922710382 28.559781068489475 28.19867666129842 27.918158377254404 27.7378677952576 27.6419576311561 27.608313589225535 27.62012134014788 27.665338497005898 27.7449188422684 27.871554876776834 28.149797761240503 28.712181638580507 29.3021230178528 29.78389088029223 30.13773583420447 30.372091653129825 30.5141179919792 30.59650101693562 30.650789510242245 30.719777406139393 30.839509535946675 31.016103565285086 31.241975795632765 31.5077330233604 31.79441792135413 32.08031448108958 32.343846534459374
27.864007523263023 27.957414570871848 28.153951341436052 28.411297281730473 28.699824631371705 28.98934047880497 29.262212529887677 29.50548604230972 29.70972732829336 29.868093114790533 29.975608953047665 30.008415625006208 29.94769491350776 29.79381266810494 29.549046054395962 29.218909513164014 28.814450367865124 28.386022058351845 28.01735896978446 27.7640546444667 27.634969631778112 27.60015926209251 27.631407235851395 27.71066343546091 27.829232982946532 27.993573048234005 28.228593987067246 28.57608511809606 29.03585836000799 29.509809502955708 29.90810711640133 30.19851315815485 30.38617729671213 30.497185658108485 30.56611230082462 30.62928081078574 30.72328469029333 30.88661011865057 31.117116632538806 31.395736885336184 31.701710070095334 32.01410542577552 32.31315333439212 32.58319256067706
27.073720170456305 27.17650307361497 27.40765087787785 27.716829331947995 28.069297534861764 28.42795250335254 28.76754350750469 29.072972873459978 29.333849435645153 29.543018854625814 29.695487950452186 29.772621067523914 29.750417897594737 29.628347798821537 29.407405166870852 29.09118213196778 28.68902836101182 28.235984939749926 27.852268175701678 27.636235224164512 27.581409352788278 27.626106616050116 27.732285466014194 27.883161954729157 28.073869917211518 28.309061192223083 28.603182180870384 28.961414784668012 29.360256331361402 29.743565115491062 30.05621062577386 30.27082755524274 30.39052128586979 30.444127479640343 30.479063497887893 30.545636152645184 30.69090605559639 30.92763574927606 31.228141669056114 31.565444979685374 31.916777900794745 32.262497343529546 32.58524404399742 32.86976708044798
26.26234310817769 26.382819236960508 26.66705560172592 27.047480550351104 27.474986720585303 27.9099722966606 28.31966401267862 28.687697054486577 29.00420859725691 29.262694252799843 29.458689800923317 29.580099012161813 29.59867362433417 29.511840938447932 29.319275030810655 29.021683820371397 28.6225716738714 28.13878225181557 27.705412284100213 27.54503958204272 27.600280955331424 27.733099739459448 27.909429621822273 28.121030625057614 28.366384259922196 28.64696443111997 28.964617810506297 29.311657062994634 29.661147714198254 29.97311222215905 30.20949726408414 30.34857128644842 30.392285658139294 30.372460509668482 30.367430318378076 30.468682186024097 30.69595621496989 31.020043735279568 31.396332854945513 31.793428490711978 32.18904051268451 32.56536247416375 32.907234323931895 33.20165380763657
25.43686492773018 25.590302866915348 25.95815355213834 26.434495950788566 26.949768899336803 27.46104771127201 27.940242020401097 28.368008553079815 28.73654398674747 29.04095716935138 29.277885399246774 29.441555702448234 29.503471026161048 29.456991523509814 29.30154880076415 29.03668683793591 28.662220262217534 28.178795320602262 27.654309795947658 27.588802856170407 27.750004147939944 27.941615873905125 28.162794539251625 28.412373140185952 28.688845578134085 28.98963050538764 29.309006135605177 29.63403624145696 29.939474706302132 30.19344163069598 30.36625828832896 30.438372015576842 30.406300324985953 30.30773266725342 30.25672949253381 30.417984510032298 30.764139084821355 31.187967043141285 31.6373127093286 32.08638331815768 32.5176116104706 32.91650609091543 33.27049590709748 33.56882791818736
24.60373897496786 24.82588282607312 25.328697321530502 25.92534840838337 26.532511237629137 27.11373382471935 27.650897599865665 28.13068622815672 28.544282932547393 28.888925719414665 29.162643609037847 29.36376180220322 29.470946354494114 29.469968904433124 29.361631499676204 29.14778589655161 28.833321509595194 28.433809936909103 28.0691116641561 27.964943336357457 28.07019196790624 28.256165186331273 28.485603886378875 28.746369524302345 29.031003636461183 29.33177030812954 29.63824450399101 29.93561521402658 30.2017245821723 30.409647549513213 30.534861794482893 30.559204910644 30.485625345816025 30.343839449949083 30.164950333462336 30.4575855125765 30.951833313190924 31.457317655277066 31.95862959589668 32.442170474442186 32.89516739591921 33.30570600344446 33.66313590346346 33.95846270617758
