_RESULTS/CROSS_VALIDATION_POSTPROCESSED_80-20/Berg/GZ/6comp/5/Berg_GZ_z_1000_kriged_reverse_6comp_spherical_5.asc
ncols 100
nrows 90
xllcorner 5.6208707817415728
yllcorner 50.959635321741573
cellsize 0.00013419651685393446
nodata_value 1.7014100000000001E+038
[rows 54 to 71 of 90, columns 0 to 40 of 100]
0.023732748450788186 0.025908400104734712 0.028122499417938776 0.030344706652715693 0.03255840228376994 0.034733965206393755 0.03681296565429909 0.03870471723655222 0.04029172733416358 0.041441185017542195 0.04202086351893934 0.04205165481756077 0.04187256821690555 0.04141228920268865 0.04060611042039611 0.039450406612158914 0.03800721904528641 0.03639038972944338 0.034738343603454284 0.032994050270569376 0.03112450500810881 0.029244211368831246 0.027434654253471493 0.02574856010750354 0.02421648745569885 0.022709229386554806 0.0211988899776077 0.019734785178872605 0.018354258182618738 0.01719456087985872 0.016505035077874153 0.016284632347889003 0.016486889116694787 0.016905017381716163 0.017551759293736213 0.01846947471347134 0.019712642768740195 0.021352238239869415 0.023481984946612865 0.026132785656219217 0.02871263700314586
0.020910662335258408 0.02293211220373667 0.025109900581122235 0.027417927926349745 0.02983515601548495 0.03233232373474658 0.03485955366721718 0.03733789151508646 0.03965517173085655 0.041666195901751274 0.04319838254025853 0.04406770517746511 0.04443927570865378 0.04439483812819756 0.04380002321215789 0.04261521659788463 0.04091678124091112 0.038876181927917926 0.0366862746269158 0.03428891516337404 0.03180224570090717 0.02937802179711799 0.027114950562442747 0.02506991228836457 0.023198726775202728 0.02137586055024402 0.01963975642556845 0.01804622657858882 0.01661548285166969 0.015445536820855936 0.014744013555152004 0.01449376319024196 0.014696337712207783 0.015178994735813694 0.015879771379620426 0.016838854286644143 0.01810951590819571 0.01976221830109206 0.021890532460909464 0.024619482302639342 0.027857481008069947
0.018596095018104507 0.020467744072620246 0.022572099744495432 0.024899624121590094 0.027442065039429954 0.030184822967511477 0.0330973219922327 0.03612266608371098 0.03916692449272707 0.04208829196097264 0.04468798914824249 0.0467090086344104 0.047903594125421486 0.04841923575537179 0.04810912126155919 0.04686330636432613 0.04478165878657155 0.04214008122898224 0.03918663933055786 0.03597790126281197 0.03277481522927653 0.029760697360403623 0.027037527508764717 0.024615882930718955 0.022356740585668528 0.02026581944533511 0.018360241083187772 0.016664779053071045 0.01519733666374815 0.014011491207504582 0.013286280479529252 0.012996745779146534 0.013138520791277036 0.013636284648545424 0.014343510521578054 0.015294119063604663 0.016537561119123526 0.0181395247334374 0.020186769997550872 0.02279351581067483 0.026109298192692816
0.016697967694297607 0.018427317431303148 0.020438625583505315 0.022741406862038918 0.025347241339421477 0.028264947638065953 0.03149316971396484 0.03500999914162503 0.03875851527194123 0.04262651176367329 0.04641940458580976 0.049830219534048474 0.05242483244294894 0.05380368900845847 0.05392860830487219 0.052581130698942116 0.049901366386854454 0.0463664563544508 0.04230170159067583 0.03806959657104375 0.03402775993827493 0.030370085510590093 0.027155055685469706 0.024250308443635515 0.021640096503580886 0.019323668405823412 0.017291104624177378 0.015529210581322636 0.014038151309792938 0.012838680092354624 0.012084548397347801 0.011752940976682134 0.011827497577288867 0.012289337868494262 0.012970741191766177 0.01387870564678432 0.015057282222621766 0.016564806436126255 0.018477318111384783 0.020892517359871934 0.023933369234793108
0.015144683636443768 0.016739215741008888 0.018646131434426436 0.020892403016365284 0.023510646135615827 0.0265365501819994 0.030004115541660006 0.03393742940824416 0.03834051226208223 0.0431768004818201 0.04829253613457491 0.05337418050773131 0.0578687894539129 0.06094308209381639 0.061819913653097656 0.0603137975891884 0.056646038841353955 0.05165165626483976 0.0460321810276177 0.04051721680813755 0.035509461240578334 0.031139189699882174 0.027284824133643974 0.023916370150893304 0.021003745827650164 0.01850578929355539 0.016379945756574 0.014586700403828605 0.013091787608614174 0.01188799598523898 0.011103174990610969 0.010730400325116532 0.01074274125863335 0.011141359678136635 0.011777447988923951 0.012622573302325283 0.01371477713788224 0.015104105542044877 0.016854701026481275 0.01904667612415873 0.021776543784786273
0.01388105926314265 0.015347267578558801 0.017142518239535866 0.019307814692957316 0.02189488555038413 0.025008826223589752 0.028746194330909212 0.0331732414830261 0.03834472257467809 0.0442821327554105 0.05092956041916166 0.058062570610771316 0.06510881652032675 0.07086784533235801 0.07342395570625919 0.07134797938193152 0.06559023327276452 0.05798181836016125 0.0502369610782368 0.043181199887232895 0.037068934625163405 0.0318034381714623 0.027330839471954096 0.023564478889416447 0.02040976123825815 0.017778521242167406 0.015593974433071594 0.013791594273735006 0.012318397222242186 0.011132251473671095 0.010316400552033304 0.00990503228017866 0.009861909676843965 0.010189881990524237 0.010770955981680362 0.011544225683337801 0.01254186873011778 0.013805957396552855 0.015389551636969635 0.017357208030428565 0.01970525144608769
0.012865779822130136 0.014209065789084499 0.01589034296744089 0.01802532569101361 0.020712787924580808 0.024041950948382327 0.028117943264323216 0.033060010688922704 0.038997386607479465 0.04605896310113942 0.05434618532125187 0.06385889642518565 0.07428385791043249 0.08438907096619201 0.0907088617536918 0.0882678327803191 0.07802903784810888 0.06585237097820651 0.05486944507941333 0.04570930139879468 0.03827722860722701 0.03219959344365427 0.02722205563241373 0.023153284183586566 0.019830057481897128 0.017118457748521654 0.014910692673814164 0.013120972072700528 0.011681675707483321 0.01054022326672433 0.009706993179819443 0.00925993296157387 0.009168486098840061 0.009429852025819453 0.009953113476909702 0.010653612400372258 0.011558284225181533 0.01270228457717283 0.014128109664763659 0.01581214487948809 0.0177186360024491
0.012068728390798141 0.013332913216029335 0.015039327093039803 0.017260112002698717 0.020087818157015318 0.02363796977635704 0.02805059074067505 0.03349239123871043 0.04015972649362227 0.048282090132189995 0.0581239701908051 0.06997497998307034 0.08408271003963827 0.10027442886542458 0.115247228777505 0.11197224316853605 0.0929083520408156 0.07457272980553924 0.059660333936850087 0.04804873653505941 0.039094544910184284 0.032223253681803496 0.026906296251908015 0.022657459190500818 0.019249511190660568 0.016513035839497998 0.014317161184378865 0.01256090226637718 0.011166636863898483 0.010075311582413099 0.009254622254477889 0.008783481835668924 0.008651944037097481 0.008856632405774442 0.00932346242388209 0.0099555744405676 0.010775268130679298 0.011798842697545983 0.012999042643940022 0.014369476110938665 0.015894486340622585
0.011466251065564237 0.012825794904592066 0.01462930991403365 0.016963770765866276 0.019953113592507177 0.023742378830740634 0.02849933503644581 0.03442487924259738 0.0417578935912948 0.050782963264960124 0.06184272789560006 0.07535666615566554 0.09184573466861537 0.11194174985602624 0.13581428234156823 0.13063588109521826 0.10296985901864447 0.08074001808804425 0.06337631954042695 0.04998459637740624 0.03982141435097494 0.03216720517573227 0.026410938097219394 0.02207473418448344 0.018668365103778815 0.015960862670965366 0.013809406026098276 0.012105244600514722 0.010765842152194722 0.009729224862269941 0.00895003146368173 0.008458781411359 0.008301708888537618 0.008466863863535875 0.008882385745247953 0.009449083053682266 0.010153692584041885 0.010994310982759572 0.011968900648209272 0.013068790246798087 0.01427482883994308
0.011083278075541688 0.01254349863349368 0.014480926524152919 0.016996997128611482 0.02022035089886965 0.024308810647705993 0.029450677635937138 0.035864639073287484 0.043797227305517904 0.05351540203867365 0.06528694879622263 0.07932399811734538 0.09559654779568556 0.11301922945146721 0.12600789678686694 0.1215979605094629 0.10238789895678987 0.08200222830976377 0.06471130590360451 0.05095322065602554 0.04030219021041879 0.032181004296234 0.026054804804991744 0.0214892504636863 0.01810276843558102 0.015471344489094898 0.013391766068946508 0.011754964551564676 0.010478353105560854 0.009500296719431298 0.008776193923423223 0.008287625297689895 0.008108615730324254 0.008237761551244784 0.008582060901675374 0.009038208344645485 0.009604943424410626 0.010280017104682205 0.011049237799012918 0.011829057748244873 0.012606852555665835
0.010888160673907545 0.01244885068627749 0.0145217230756702 0.017221517212952547 0.020690781031107486 0.02509932538380219 0.03064047362710159 0.037521890634912625 0.045947456167541804 0.05608316167341683 0.0679903622211716 0.08148362416875077 0.0956884698816785 0.10816132557170069 0.11445626291289811 0.10997739516429009 0.09628091209095163 0.07950541632139288 0.06378839065870201 0.050590090995288974 0.04007140459827763 0.03192375155945463 0.025721702309004557 0.021059079564658724 0.01759456220935101 0.0150450493022171 0.013065289446629984 0.011508749550290754 0.01029887683153016 0.009376791627516623 0.008698747910002726 0.008234181760220968 0.008004534455489636 0.008070792720740494 0.008323744809980169 0.008675493398764259 0.009097606417793334 0.009479463245881694 0.009824210360975999 0.010151188726152194 0.010477779121051037
0.010861692644323217 0.01252759149111987 0.014743645232792013 0.017637185758733975 0.02136283803033525 0.026098028027246943 0.032031835688796154 0.03934342645176112 0.048164921632180814 0.058520718321554734 0.07022372357285106 0.08253392270481646 0.09405163873458976 0.1025629116691278 0.10528619763014908 0.10048488274387568 0.0893922379241384 0.07538985827653341 0.06147965831335141 0.049251423689484326 0.03920394050668966 0.031269258197219894 0.025156218326460266 0.020525711699032004 0.01706715663985662 0.014525121371000762 0.012671722414966951 0.011224712157606192 0.010095879505553986 0.009234947732871156 0.008604258013637268 0.008177658179187081 0.007940973612820043 0.007950666079528943 0.008112329270302704 0.008239004869484685 0.008285812366904925 0.00828098109851803 0.008252003257464002 0.008223577041221869 0.008216416005241634
0.010995079738391002 0.012775568188195618 0.015148963259397304 0.01825557769831421 0.02226193235051315 0.027351231216852713 0.03370314066740971 0.04145807967781102 0.05066124347648578 0.0611062461093133 0.07223712842255649 0.0831030107961685 0.09226383231421566 0.09791232450879525 0.09839570961995338 0.09314250979196699 0.08327047740750039 0.07103011549019553 0.058597503531284484 0.047361423000957206 0.03791324230331987 0.030323907387740354 0.024407298614123243 0.019889067399114516 0.016494759877457712 0.0139877758235912 0.012180916282707998 0.010866361105092204 0.009839205539292333 0.00905596939250528 0.008486193090278763 0.008109063515488155 0.007913392604561439 0.007858839095343777 0.00771696319006012 0.007483154364933936 0.0071958431060970265 0.006889766706598213 0.006593929915661106 0.0063310037236939 0.006117722592974386
0.011288110881793817 0.013197067778017345 0.01574870110965206 0.019098171943470046 0.023426041300039595 0.028923000978094464 0.035751073936045125 0.04395984766787721 0.05343575729028963 0.06379922625955164 0.0743208495272471 0.08389514998880762 0.0911320771070191 0.09463302539606451 0.09346196779627265 0.08763501998628508 0.07824788462971412 0.06703108474159078 0.0556511319923993 0.0452540304360201 0.03639638414738195 0.029198551888983158 0.023535539719263022 0.019180990481532635 0.015892457567059214 0.013453005522827256 0.011686848333141448 0.01045756912867111 0.009545953639870736 0.008852431488738719 0.008354130765105711 0.00803603783546767 0.007838981422652803 0.0075396045226390485 0.007067388994198654 0.006536732260779118 0.006003191928442544 0.005499501352486735 0.0050483561260057175 0.004663882729690809 0.0043537257898860916
0.011744952183602714 0.013799046380097773 0.016551466323099652 0.020170756202613792 0.02484534425684318 0.030757678790389743 0.038036011764040555 0.046679200282749446 0.05645984702294314 0.06682996949941548 0.07687612870681437 0.08538240995598921 0.09104102036401776 0.09279334915492028 0.0901990082459574 0.08365330018189107 0.07429009524429706 0.06358501833592149 0.05288861776654556 0.043135595444909074 0.034796779040949584 0.027984294957802802 0.02259585694660932 0.018433115007269185 0.015277187568482412 0.012928301690399524 0.011222238248050449 0.010034369313914304 0.009234383581216327 0.008638158678543967 0.008218917890544518 0.00791550856192503 0.007506686754964749 0.00695539551897644 0.006268170105806168 0.005533839405997779 0.004847805770032106 0.004243219922663435 0.0037303132050873827 0.0033107898139283086 0.00298120240078588
0.01228246897398838 0.014482614703874528 0.017434272419402343 0.021321052147469065 0.02634558554560083 0.03269691793788223 0.04048964427970849 0.04966986298398501 0.05989902759419351 0.07045682112019297 0.08023576472217075 0.0878984854744183 0.09220048772583384 0.09237053022620141 0.08837407317127717 0.08092667931502454 0.07124977152093864 0.06069187677395493 0.050392262209403 0.04110640612970571 0.03320021293291783 0.026744008268441533 0.021630503359451773 0.017672114299399577 0.014664652379653989 0.012421784482655145 0.010789863011459788 0.00965187724937286 0.008922536098621847 0.008427331938706636 0.008064281657783789 0.0075748914802172 0.006959663760750937 0.006203176654821093 0.005377030756311491 0.004563589587821985 0.0038195208166661603 0.0031893966767884093 0.002680524343776448 0.0022812414671561513 0.0019776491782630026
0.012852774824597953 0.015192613010041222 0.018339964474432917 0.022497531328157547 0.027889880611787737 0.03472547211899015 0.04312301911074056 0.05299411090957479 0.06389619614275575 0.07491678539281921 0.08470152099968106 0.0917256603359384 0.09476408063000456 0.09332366407336869 0.08778503379563606 0.07920518999101331 0.0689367371080167 0.0582600428203881 0.048148733760749726 0.039193762394325767 0.031645908206529086 0.02551404353800976 0.020667831269653405 0.01691798065514051 0.014067832423982343 0.011941035278067823 0.010393250890147681 0.009315003237467263 0.0086308077183403 0.00823191475889262 0.007743678545964739 0.007073730873068545 0.006278695035818018 0.005382963782042892 0.004485976022859159 0.0036594531516169087 0.002943891446604211 0.0023538535087694497 0.001888176865224623 0.0015373619332635347 0.001280069978158078
0.013445504261919579 0.01591244625471604 0.01924378946193771 0.023665658941807045 0.02943420874529926 0.03679543922943951 0.045900712931580774 0.056661204190947057 0.06854947361886696 0.08042716135654603 0.0905814326351502 0.09715621584492201 0.09887923310870189 0.0955967044745158 0.08821954744065666 0.07822567578556239 0.06712854742904238 0.05614728037293317 0.04609031431754018 0.0373794949688905 0.030140926957058042 0.024310474585782182 0.019725387389869117 0.016194496699297487 0.013516905006947806 0.011518994821633136 0.010063851652717379 0.009050139293006894 0.008409620675301202 0.00796667218134767 0.007303908542867114 0.00648760343988591 0.00554736759409264 0.004575792666777341 0.0036653681465594963 0.002871835456682325 0.002217938454710355 0.0017025635197764136 0.0013106828931806708 0.001021500786071954 0.0008146130664205004
