_RESULTS/CROSS_VALIDATION_POSTPROCESSED_80-20/Berg/GZ/6comp/5/Berg_GZ_z_180_kriged_reverse_6comp_spherical_5.asc
ncols 100
nrows 90
xllcorner 5.6208707817415728
yllcorner 50.959635321741573
cellsize 0.00013419651685393446
nodata_value 1.7014100000000001E+038
[rows 19 to 37 of 90, columns 44 to 87 of 100]
57.99243659182708 57.95699459953252 57.89110795469274 57.80096300695868 57.695229269668644 57.5779289436243 57.44502945482327 57.28449286542403 57.07742568349455 56.79938906790307 56.42132451750862 55.9335954599449 55.426609808147774 54.91738713685509 54.43273152441242 54.01630961649728 53.694594016581085 53.48457136042325 53.224857510955616 52.89986489414276 52.59141476775048 52.43196289018983 52.39697627732009 52.43519927174398 52.51547324759387 52.62092455285963 52.743807723329226 52.8812023575867 53.03261178146392 53.198737709659774 53.38086246133466 53.57934539586494 53.7810482828269 53.958925108492664 54.08697666527511 54.16619477480725 54.19751985456425 54.18178185371736 54.11965309939119 54.02327562324247 53.92466821620437 53.828739732327314 53.73908944665373 53.65942430874661
57.09735092219176 57.188118717863546 57.24507959935947 57.26615964943454 57.26287049026182 57.24474998538687 57.21001137222299 57.146366044664674 57.03376646279275 56.84665859059926 56.55512689519651 56.1616083482103 55.75017241131523 55.35015923802491 54.98966762813055 54.6871106703115 54.467046125860094 54.33423090925115 54.13950182090701 53.861678315489804 53.53683178739552 53.2807289758796 53.13508218981564 53.07141962646226 53.056467156628806 53.07694298660381 53.124774564204735 53.195661115558025 53.28767656201108 53.40031130507386 53.53388180742375 53.68092081374497 53.829787744740344 53.97609650348071 54.079968535097024 54.13569801485054 54.143916347411746 54.10519957504311 54.020023848550146 53.90673368690083 53.792312312931465 53.68060346070743 53.575661898585345 53.48182569917781
56.21147323861896 56.40199727251952 56.54335461745331 56.648156710651755 56.735403156836774 56.81753885844996 56.88948793031581 56.93405267975228 56.927404438739906 56.84191707142019 56.646800711351666 56.36874054427906 56.09772530643306 55.84621666139664 55.62353548140961 55.4429637113772 55.324816183517974 55.2456036834237 55.085298763990394 54.82247193655244 54.481782777586375 54.13979521873975 53.88401314016959 53.717696452430644 53.61657629979562 53.55643330282574 53.53080369952663 53.535356263396984 53.56750664420014 53.62593509824468 53.709055542454756 53.800392947824264 53.896634340879224 54.000264656325434 54.07796385509097 54.10824585547527 54.091369841623795 54.02758256297015 53.91757620130444 53.78817898997266 53.65715302137591 53.528448546216545 53.40657580557758 53.29658866442614
55.3919190309979 55.62221455330756 55.78174928710155 55.93206710487911 56.10016293475433 56.29056695476822 56.483619933655625 56.65050229926116 56.761227235887276 56.78617290843408 56.70778614402492 56.59507604313102 56.49225620669377 56.4018042274242 56.325971266901156 56.27028892925963 56.24738651362762 56.19333409860312 56.03945513601724 55.76625898031412 55.398531518427184 54.983120519556486 54.63052418869354 54.3582402704695 54.16943084073318 54.03610971083965 53.9420382352612 53.883560469117555 53.85802437498954 53.863710448165406 53.89376777547261 53.93095971943178 53.9761218477515 54.03171473483099 54.08074806808104 54.084205480730674 54.04077052284203 53.95029511793277 53.816769092547375 53.671258591087 53.523029178274314 53.3761814741777 53.23561093252731 53.10711641998148
54.67723816622622 54.80510747304852 54.896319801781516 55.060746624762345 55.3237614492982 55.652066185535595 55.99297609470084 56.30101874450516 56.54896202488205 56.71429292503405 56.79024121702644 56.857562434744466 56.932258354709255 57.01155922620279 57.08885051353617 57.1580018477011 57.20644152261738 57.15512713413672 56.980864991800686 56.67508337897653 56.26637085651035 55.786658727960294 55.34797509320444 54.982767639405075 54.69938694373202 54.49650287904606 54.34109288162365 54.22508855532103 54.146094465217246 54.10230320753357 54.07958834990521 54.06585890682839 54.06273851707945 54.072321924647646 54.088085019075 54.0642429416051 53.993560555482766 53.87548470740001 53.72241973862977 53.56093840481169 53.394999610282 53.22876315217088 53.06753077297823 52.91784355636374
53.90680108292696 53.81025709781744 53.75676347043499 53.94231520208707 54.37315497926763 54.910003875904486 55.45017523107452 55.939226030299196 56.34877196291897 56.66083865775098 56.906673756977966 57.15619502314231 57.411010185547994 57.66507926360857 57.90156663419997 58.09568353829499 58.180431090216025 58.10752192080643 57.885205483189104 57.52678827140706 57.06601555646337 56.52714152928502 56.01303054317247 55.5678720704449 55.202047592065696 54.922070977844896 54.713358607780506 54.54680124712553 54.420054748470406 54.330512201433834 54.258987462990795 54.19984318521842 54.153738552280394 54.121589893831676 54.1016397244622 54.04962892435162 53.95102744330177 53.80627657622691 53.639845287856026 53.46394204943587 53.281364127447674 53.09570750033081 52.9118807892753 52.736790767177766
52.950423215428344 52.554797878426115 52.248705318043456 52.553446210114664 53.33002750630701 54.17254699206423 54.94852007945165 55.62387582735463 56.18777327727946 56.640532472363084 57.062120644485205 57.48451356830314 57.9121324070072 58.34057570266176 58.745332194018914 59.060021216962014 59.149136783422975 59.02010920466262 58.720156801950395 58.29336035149893 57.77495232249162 57.18223285646773 56.60508763033994 56.09385622802981 55.659509458668374 55.30973738814499 55.046199572086195 54.83527784533643 54.665919221968295 54.53603150935654 54.42450095822758 54.32638363765482 54.24121149333844 54.16951818413624 54.11207021835382 54.030222771167125 53.903168376649056 53.73962607715437 53.56291194017043 53.37585711899866 53.180384585446404 52.97894172850186 52.77516578342571 52.57491435529364
52.00737697736145 51.305653853236365 50.371323155932565 51.14586270801864 52.441942745863024 53.58635535489286 54.567175901673494 55.39919492189066 56.09114002117467 56.68739964936612 57.26466235097869 57.835885105844774 58.412127802996686 58.998539560908355 59.57904511826062 60.01456896695587 60.08376889281052 59.841611529409036 59.43950672711766 58.94086315614459 58.369225759431764 57.73193723198412 57.10694741266173 56.54387873533684 56.0513216421479 55.63779792932 55.31145900107697 55.060425090809204 54.85725297187864 54.69494982902366 54.55074396876611 54.42026988909924 54.30187415406095 54.19531161958191 54.102099934795966 53.98910806924836 53.833902639246 53.66016413911288 53.476403225084844 53.28317666660174 53.08123625140192 52.87131089131108 52.6548194848652 52.43501401341766
51.378927021580076 50.73133564528742 50.155970537865066 50.799891283791055 52.071955427924244 53.30035383641473 54.38617871434164 55.31660326138048 56.106019612863236 56.838091335487604 57.538563645486896 58.22147032115941 58.903021736152375 59.598901993796346 60.296912078797995 60.918702983487336 60.89668704491801 60.47378815654443 59.98363073274046 59.43518986083056 58.828074720491315 58.16229830767477 57.50603025395815 56.90073631232201 56.356435596172595 55.884677312769995 55.50054590728885 55.21296306460876 54.98464418596192 54.79888775022407 54.632063556150044 54.478749320567054 54.335322756093696 54.199974575135236 54.07368288837674 53.92642785835368 53.74719363716577 53.55613267303898 53.36027658072808 53.16436351295013 52.965320113776826 52.758480332307634 52.542344373386264 52.31631333180399
51.130027945647825 50.789554817447126 50.71124565651278 51.229985820455106 52.21753049841039 53.337412995603685 54.42003047073973 55.38572076914563 56.270647227669244 57.10378173156007 57.88920602201695 58.63918621192455 59.37019444663252 60.086250162413556 60.731150909789264 61.22675326090101 61.21945517551847 60.83091842674742 60.328967421189894 59.76394814066358 59.15179487127785 58.47773719588049 57.80082236984844 57.157297190568656 56.560928700355774 56.03328065169892 55.60010395372829 55.276962732061286 55.0329639401629 54.83557438219755 54.65938220211734 54.496485636404316 54.34026721806736 54.18629582330474 54.03391361620721 53.85948067968509 53.65824348471598 53.441633611122754 53.22153961492696 53.008382835806486 52.80832318606619 52.61864447253374 52.422280017757984 52.21286264866688
51.130046457105806 51.0463028624273 51.20681701514681 51.73146776098272 52.57648006066624 53.58488820143749 54.61664239620029 55.620498187889254 56.585677501771045 57.488132637668656 58.32130552505813 59.0959886049173 59.82481106868659 60.462511806236684 60.975223050491486 61.28659258611376 61.29150208219104 61.00640911264426 60.55197642450103 60.01095954491247 59.395731123114395 58.700388446325476 57.99124381235173 57.29605762356419 56.640104908134234 56.06053745339712 55.58429721592021 55.2297942192408 54.98040720952688 54.78578422487923 54.616834298301164 54.461697602971185 54.30942156154912 54.15152302007793 53.988711362577526 53.80200180418291 53.5773324315432 53.32934514258212 53.075670459613235 52.83358602693545 52.61641567384492 52.430247992650536 52.270480978943425 52.10810144997762
51.252834463189515 51.339991618270034 51.634676252388545 52.18626787551888 52.97205401145079 53.90793888674974 54.927829395969184 55.99643940386968 57.0384427199167 57.99312811830832 58.853662869315194 59.6222195504607 60.272712046177354 60.801468020698934 61.18916033197337 61.39354281788005 61.37384135324129 61.12794263158816 60.725046119241775 60.20324626750059 59.56982832895338 58.829749394194344 58.062207714489254 57.29603534079827 56.57430602163353 55.93972757864402 55.423296020166404 55.04526483725003 54.79899168274704 54.62365556274421 54.48199212206038 54.3563842836094 54.229803378556326 54.09234292699659 53.94840231038658 53.757043546478165 53.510186959730554 53.22690123890249 52.93180200380596 52.650572721928704 52.40522282997375 52.209994762371494 52.06850769468242 51.97168049642457
51.42052287825278 51.61619404001666 51.990789505855275 52.566026560496624 53.326718362675585 54.257502614034536 55.33180780675831 56.473957711204434 57.60521350764331 58.635595590606314 59.49011798968983 60.16485789823811 60.700553921558765 61.11399145712766 61.39604121426916 61.524592864685765 61.46932473228953 61.234656857548316 60.84279955481392 60.3053008231322 59.62080713862405 58.81779102748526 57.981895518875945 57.15679995304367 56.384672472106246 55.70773525319292 55.15919005573829 54.760410187377886 54.51260086098964 54.35467995222084 54.244440090710924 54.16116930361128 54.09026558942832 54.01496256286017 53.909644659422796 53.72422468582078 53.45870399198852 53.137433077444705 52.79381366387693 52.46402858151349 52.180550395775825 51.966888916091804 51.834348364607784 51.7809396910922
51.58977799397726 51.849665869211115 52.26780610766739 52.85547087913143 53.64629613596378 54.63375615581766 55.77615137157841 57.020221500726755 58.277656206265135 59.368035270544375 60.13512141285881 60.663051037083015 61.06482732747938 61.367464685138486 61.56357943944334 61.63174902120422 61.536187616193025 61.2747941373357 60.852291733615026 60.2695648944995 59.517722023662486 58.65707906569412 57.768699669852495 56.904644766681976 56.10204918309377 55.39435846555577 54.82363128544841 54.414944932880196 54.17347332635324 54.03793989499148 53.96337987299985 53.93556997071157 53.931533235752774 53.92158998834415 53.8661613477143 53.700652093891385 53.421755891515 53.060176911368764 52.66080619353658 52.273274496890195 51.94267636490192 51.70261646856695 51.57152727022947 51.551881431204116
51.73530472376176 52.02523794028551 52.47236896623145 53.11768361345497 53.965225040640696 55.00402079203914 56.21158409660123 57.52855235470293 58.886672826737254 60.12650067044872 60.67220621247792 61.012467971261444 61.28834140641835 61.50421784985098 61.64121623749048 61.64654329631143 61.49550503953838 61.189911726535186 60.72012719134266 60.07429498088966 59.24856494600282 58.337009525467586 57.41612192421417 56.52971567533962 55.71238810031562 54.994241616458616 54.40867472643841 53.99793666661067 53.77180733584479 53.676497987157056 53.67010973741735 53.720606955378955 53.79624253863121 53.85687022561404 53.839293438122084 53.686311109576664 53.39601226840287 52.99102751655481 52.52751550506877 52.07286584958371 51.68750285450848 51.41556657276289 51.281135158301275 51.28852634611047
51.85171487002158 52.188187231388895 52.699482756132696 53.39632184569941 54.275781105796874 55.322605448944515 56.50651140564153 57.78566848491833 59.09898415980034 60.25425873891434 60.78874311578639 61.079355604865086 61.300378863480745 61.46726870416804 61.550748472864115 61.497852698470865 61.30106870358166 60.94504192478912 60.41431912873638 59.691078122858166 58.80385647715344 57.86088464589301 56.92490847948054 56.030769232676604 55.210496465258764 54.49395458798752 53.9104398376439 53.50978503934291 53.32304005246048 53.29042076667862 53.37058453293526 53.516203486872215 53.6864409886278 53.82773138221304 53.84737285339008 53.69878465576029 53.380435078440726 52.92272113440184 52.384473926850816 51.85309038276286 51.407804938171665 51.1028813060723 50.96522655505517 50.997590773433544
52.020798446306685 52.39805145270581 52.93324936027989 53.62830020206167 54.4823300189688 55.476437267151915 56.57916165448731 57.74176757640983 58.878189994954646 59.827235338504515 60.44480503026082 60.81622897590845 61.066677565544566 61.22727918597906 61.26510311825748 61.16850450282061 60.922532778260205 60.50984450797671 59.910780693236745 59.11052463957256 58.19145647752313 57.242705779275894 56.31014496867582 55.42417692324949 54.615742154756234 53.91709287039268 53.36128419125769 52.98489112940402 52.83981157746906 52.87347411312976 53.0513915633727 53.31414552039793 53.59960897146371 53.827481633746245 53.88867109722481 53.73679059057863 53.37110353136328 52.83764778655047 52.216198474717146 51.600393341596565 51.094839537589365 50.762914666605816 50.62923511465288 50.69049232995161
52.1592267139953 52.55327406621891 53.08662226327883 53.760187530402334 54.562175190117344 55.47043016092539 56.453341153684946 57.46297456129168 58.42568054734877 59.24521804263585 59.85796071318917 60.28677606427746 60.57989043219574 60.754732295572154 60.77285036314517 60.642294786209696 60.35312529130587 59.88827160229623 59.225747750544876 58.395142992066596 57.47840300812346 56.550098714267584 55.64244737543892 54.78085211608129 53.993515130313654 53.31358644946125 52.77915101974231 52.43045769751079 52.31572795048335 52.41211315440154 52.69431418701548 53.0980842356633 53.527250772324244 53.84957871816864 53.95885576094371 53.79272266802013 53.352076549509874 52.70876209815454 51.982626730191896 51.295551448662145 50.741216130245306 50.399053941664576 50.28524580561813 50.385097642879195
52.278538787102804 52.6776292204744 53.19666949578418 53.8283610927982 54.553444455816816 55.349836356710355 56.18929951241469 57.03330771930569 57.83164848523583 58.52748715810667 59.084970315901295 59.49866529507809 59.808066516220734 59.993522613549835 60.00468367064013 59.85244498850476 59.533850761801354 59.03167292789232 58.343347127840616 57.544651424835735 56.680190251902474 55.818268847418175 54.97140036384106 54.15363083458659 53.388330702009604 52.71764557635852 52.18687020886359 51.84937839622934 51.745080072556135 51.88953210340823 52.278842181664395 52.84628709396818 53.44214525649201 53.885731717080496 54.05205588702262 53.85652307070037 53.300505530885545 52.49893383191533 51.63991970427143 50.89346334490544 50.34576315610877 50.0262277110082 49.956569420935125 50.10788307759556
