_RESULTS/CROSS_VALIDATION_POSTPROCESSED_80-20/Berg/GZ/6comp/5/Berg_GZ_z_0_kriged_reverse_6comp_spherical_5.asc
ncols 100
nrows 90
xllcorner 5.6208707817415728
yllcorner 50.959635321741573
cellsize 0.00013419651685393446
nodata_value 1.7014100000000001E+038
[rows 18 to 35 of 90, columns 0 to 39 of 100]
0.0021966605952277994 0.002360027181616647 0.0025838936569276346 0.0028715310011490102 0.0032261904651695143 0.003649600281865284 0.004140103829287773 0.0046904580123456 0.005285486805539678 0.005900044119681012 0.006498071096418979 0.007033841158272441 0.007456517277797423 0.007718475908152816 0.007786161823761557 0.007649985320629555 0.007328641746272691 0.00686504526455739 0.006424286992443134 0.006443135695132434 0.0069787834166748965 0.008151191352544308 0.010186970433625698 0.013590788131684586 0.01925777913141413 0.026477179762936683 0.0319489521689097 0.03392120092696162 0.032022666812710696 0.027150186429228413 0.021081609440394927 0.016339805334670755 0.013216806293575968 0.0108764716963591 0.008843290873316093 0.006595040804468456 0.003520315678797305 0.0010414399545865525 0.00023074181841165818 4.961255354053349e-05
0.002349244981739923 0.0025812162921519093 0.0028897932156051872 0.0032830395005593355 0.003769151243192511 0.004354489911523398 0.005040897101454125 0.005822240527741427 0.006680369091661517 0.007581045391403751 0.0084710327555655 0.009278313321083673 0.009918061942043357 0.010306519803376208 0.010381861076444055 0.010125391574325238 0.009571886653663708 0.008801096878857256 0.008012096049701477 0.0077633720588694945 0.00810568764008143 0.009133180799144831 0.011097566563578517 0.014405031055190818 0.019895414336767652 0.02650629728948557 0.03073675127273055 0.03128747746304719 0.02822026684625599 0.022746574323094352 0.01720933383076062 0.012954191974075005 0.00972101411632381 0.007271747047602336 0.005153690902573226 0.0031869779665642537 0.0015126324828312067 0.0005144822448464065 0.0001391406442673152 3.531907162819766e-05
0.002551870702518143 0.002866247577859458 0.003280300225123516 0.0038091060919515714 0.004468577783499901 0.005272917001069891 0.006230824724695331 0.0073402634534964475 0.008581815291464075 0.009911156157634354 0.01125206639414351 0.012493003145659968 0.013492551714442375 0.014100526289961881 0.01419765405947916 0.013742997608613685 0.012801276394141097 0.01152529248150476 0.010165503404902396 0.00944293123166114 0.009432791913480332 0.010157867276915158 0.01180892260851202 0.014793566688812328 0.019740386987337256 0.025438290756054114 0.02844587695599234 0.02784653847626128 0.02405872846857165 0.018561708517407707 0.013833098601681785 0.01016703402053196 0.0072912970326269 0.004997962838405212 0.0031789354535143232 0.0017724845693178363 0.0008131534465844588 0.00030032801007108875 9.40918209895221e-05 2.770154519307347e-05
0.0028046458613317847 0.0032183611157683813 0.003763474668957454 0.00446527377994616 0.005351467767714622 0.006448988350137586 0.007778825545044661 0.009348459826335897 0.011141663983247924 0.013105826857549342 0.015137798847987218 0.01707150177799618 0.01867577709349131 0.01967923589900644 0.01984129030717451 0.01906163451698911 0.017459745086898695 0.015339654828532131 0.01307268003928255 0.01154877539019867 0.010956590385521775 0.01120160963859677 0.012362728380365957 0.01473325030158703 0.018852954637285577 0.02346310401135389 0.02543100904404308 0.024068024205623838 0.02002836342923003 0.01505901352758359 0.011088233286408214 0.007999330644956714 0.005587317325383537 0.003704047605326724 0.0022269171839058286 0.0011858893737696163 0.0005472986415095149 0.0002173243794256044 7.655552795946261e-05 2.5458342849790624e-05
0.0031067936797500853 0.0036394129822039305 0.004345628764197389 0.005265281201410928 0.00644353215432595 0.007926972214536893 0.009756814111096686 0.011958501870234983 0.014527275378120583 0.01740924781080262 0.020477347522391436 0.023502368499327637 0.02612621776817704 0.027866805565847152 0.0282214049982481 0.026918616606986974 0.024172545609813433 0.020620682027195077 0.016956983769791916 0.01413533987133857 0.012650565123008812 0.01220965904875214 0.012730453130233533 0.014337973023917512 0.017393006890443083 0.020845942826363293 0.022050899508111628 0.020326068920493934 0.016427265623703037 0.01223370766999334 0.008960856085423572 0.006412930047627998 0.004436055018160859 0.00292224512062464 0.0017732831486235617 0.0009607118782313883 0.0004599914876510404 0.00019784624251402332 7.815000778674128e-05 2.9127030699395507e-05
0.003455418561735489 0.004128124422392382 0.005028801158111858 0.006217428882337623 0.007764001331723811 0.009743840412840652 0.012228683251711094 0.015272832603031765 0.018894294018655493 0.023050609226982915 0.027606558115268357 0.03228565652714823 0.036594772279976324 0.03973724525156496 0.040656263672688826 0.038551623347156304 0.033768051475480634 0.02775334599937267 0.02191276444032941 0.01720968579773191 0.014450253045137883 0.013113537189702379 0.01287635829310204 0.013668580176144795 0.01562821226073113 0.017870195950669063 0.018604816632136773 0.01685907102843783 0.013380669554212766 0.009999678641450885 0.007353015202254341 0.005287012954248267 0.003686167686466585 0.002466562399383757 0.0015511435851697968 0.000892510260921126 0.0004681274598298836 0.0002255233131561944 0.00010151883168698234 4.2918398530299586e-05
0.003844195973487488 0.004678052627277948 0.005807618678623441 0.007319813862454005 0.0093185343703433 0.01191877468778969 0.015234344581940975 0.01935878682515659 0.024341479386943955 0.03016196855480445 0.036700939105054155 0.043690970080814746 0.05059953069519884 0.056353563597875814 0.05890972641902016 0.05574727054986223 0.0471553760551333 0.03688099258446689 0.02776828420656606 0.0206726413208748 0.016239976121563013 0.01383637827202238 0.012782251099883632 0.012779172303172692 0.013774597616996506 0.01493628644407127 0.015307515033625117 0.013782174264479046 0.010899238503138314 0.008241497464889563 0.006143493738851456 0.0044941508531989235 0.0032084575290505955 0.002222274856550704 0.0014756192655296378 0.000918663511348918 0.0005371562528115154 0.0002984688836116536 0.00015721854550146272 7.95892789483247e-05
0.00426210859598675 0.00527544803282562 0.006665739130798398 0.008554652287835708 0.011090566140900059 0.014440444657027603 0.01877095866441768 0.02421882682209464 0.03085735631942203 0.0386724292658109 0.04755690045438766 0.057309564233066115 0.06757748265519868 0.07754602990496669 0.08459044276900152 0.08095909063038793 0.06449473862155827 0.04721077569953926 0.03381698763213154 0.024206077405626934 0.017856931798559086 0.014308232946551482 0.012454805381813925 0.011742279488639934 0.011944563125999405 0.012357096611834054 0.012293231956911588 0.01112387936511302 0.008879175621878605 0.006845575112914469 0.0052209558240343 0.003928744937892333 0.0029090141001594507 0.0021151420442036472 0.0015019471550202484 0.001023081746947049 0.00067244177390966 0.00042984719924308884 0.0002643428702851714 0.00016260050130766662
0.004692469982491162 0.0058973461274073454 0.007572321948840703 0.009882214015410923 0.01303210887704231 0.017267202492938255 0.022821562472579954 0.02985928951734075 0.03841998840057074 0.04839386205749778 0.05956633248003546 0.07172075012824325 0.08474199807721657 0.09862963442004012 0.11320753415494278 0.11608538092002206 0.0812124457397392 0.05591481437033583 0.03865377099821776 0.026978912644455472 0.019134067399329487 0.014491539504253595 0.011931241238450081 0.010640208460185447 0.010234867644917144 0.010174667619626357 0.009754579317476862 0.008863940662276384 0.007220295491836885 0.0057156203849476304 0.004495465074852127 0.003510562102895399 0.002721437322762545 0.002096700937560791 0.0016035328855412453 0.0012000824762574854 0.0008868453760512924 0.0006409675666278857 0.00045562984432126523 0.0003333670024148513
0.0051126029222584276 0.006511135217849668 0.00850297659515089 0.011325470910881718 0.015270183102944368 0.020668140132760124 0.027824880642509795 0.036904092761946686 0.047796139039075224 0.06007146580823971 0.07310510132116342 0.08630383755704275 0.09922624970511679 0.11134963235630556 0.12050037188494467 0.11385793506663858 0.08506992684985043 0.0591836382440104 0.04081127471550178 0.02830922556994643 0.019890993343056454 0.0144063873716046 0.01127886713155375 0.00956007563445147 0.008741922740446469 0.008401733636814596 0.007835186955546341 0.007012649806812052 0.005867668719156023 0.004790222261947631 0.0039032411380576096 0.0031804160861442746 0.002597030650260885 0.0021308703969109455 0.001758847513400763 0.0014434711238139153 0.0011851869935364096 0.0009546352843754161 0.0007707027537679342 0.0006492260795459621
0.0055204121578833355 0.007171786088139588 0.00957078427677841 0.013029625863501771 0.017955117701652316 0.024817432750332713 0.034036205759503405 0.04574372527297906 0.05948444344780965 0.07411818255069226 0.08818646918986567 0.10045435958436601 0.10997965685561628 0.11544907306245816 0.11386181020441766 0.10075733398397992 0.0784921292136184 0.056694245722775635 0.03992216059616121 0.027974294558164872 0.019767806760278412 0.014230691985312011 0.01073890192765095 0.008757628748081201 0.007681141979588351 0.007162239194071721 0.006568063526587394 0.005794449536862213 0.004870292726283155 0.004110791563732835 0.003472613872318346 0.0029457437451700028 0.0025213841280962743 0.002192595115861453 0.0019503471962433161 0.001760958177257789 0.0015975192385812716 0.001424136831028745 0.0012792575784512437 0.0011971504881914633
0.005982557413330997 0.007919122393577302 0.010772844339139116 0.014959150386371299 0.021039795218881285 0.02969254675779519 0.04153893732085322 0.05669268465716777 0.07405108793027036 0.09104522911079367 0.1048300242749041 0.11378654279408755 0.11736877684184875 0.11503896153233005 0.10588380591708729 0.08992522350000244 0.0702791328025138 0.0517066837388788 0.037011207356440326 0.0265328109044441 0.0192203032998889 0.014113275150686598 0.0105586779243929 0.008327489508642816 0.007039079526340283 0.006345995703540715 0.00577707635338863 0.005063514150362515 0.004230146280293455 0.003610174544089036 0.003169681861113739 0.0028037811814447832 0.0025236608901205923 0.002346077903123091 0.0022500931905458294 0.00220629296746387 0.002166957367491282 0.0021020907128626466 0.002049918644443919 0.002061639953822875
0.006487807291617932 0.008721900221825188 0.012055267383359727 0.017021621596888754 0.024374695276173454 0.03508822099950462 0.050167555512028485 0.06992356218753785 0.09229071795359994 0.11171411674476345 0.12308925473163357 0.12596929248355604 0.12200190323549605 0.1124163492315047 0.09811802201513013 0.08062446741613231 0.06248581495258162 0.046618360456564076 0.034172522705115164 0.02501074036769037 0.01851054517620325 0.013932396769480312 0.010639272407319834 0.00827919026989283 0.00677560085385747 0.0058959925302659935 0.005336794684130887 0.004684431165510604 0.003926313332735942 0.003302503746550468 0.002945294507992535 0.002749717894271111 0.002645743267893038 0.0026370451821423678 0.0027074837278728506 0.0028414773462894865 0.0029528453803378 0.003034223551983982 0.0031409468646824844 0.003310923069769132
0.007038639690598483 0.009569068122776064 0.013367954580865402 0.01908190738247661 0.027670996978307473 0.040476925305878986 0.0591108364112003 0.0847844895045882 0.1150366822155278 0.13724189574810733 0.14192198920571808 0.13555056688245476 0.123484687590952 0.1079404900458076 0.09034096759659847 0.07236060615568297 0.056159508313434484 0.042574450483205545 0.0318546794217266 0.02379308428609979 0.017925401545148028 0.013739206712801778 0.010749822187276799 0.00853783154890092 0.006902532446722026 0.005822711987986212 0.005180959472414145 0.0045903906726156825 0.003894084144345197 0.0032455977711674583 0.0029105528607367725 0.0028108048353292572 0.0028824815488695064 0.0030665510669146048 0.0033434712161766046 0.003712682485095794 0.004042716301419696 0.004326044580181033 0.004618403093096524 0.004991773308853673
0.007792407679595032 0.01066142768027974 0.014953993075998175 0.021384671210401177 0.031013318453234556 0.04537983302710025 0.06665051447116656 0.09765871884995564 0.14036531198929342 0.16676431435203287 0.15559459603500306 0.13907554609252443 0.12063624098033487 0.10134387428044765 0.08244388914326795 0.06565951840285839 0.05128245133634672 0.03943396191795523 0.03006050824891459 0.022904135682570177 0.017585605775055566 0.013706106781676032 0.010913340492751198 0.008881337421324924 0.007332489602656876 0.0061560755465334405 0.005325023395174859 0.004762598084563732 0.0041244679528464135 0.0035031425522260734 0.0031750295749303154 0.003100932598496309 0.0032517280872408657 0.0036376083610006713 0.004180913418705999 0.004868230527553587 0.005512304109779946 0.006086311751388556 0.006626303405952063 0.007186101646051573
0.00881082370032904 0.012076566250327889 0.016913362491954548 0.0240613032120945 0.034572100230772645 0.04988918324379068 0.07188390902204994 0.10264880517954246 0.14224769177050672 0.1643991011900878 0.152044893604423 0.13317735024045319 0.11285316012347921 0.09286486684619483 0.0752463291689511 0.060120172505091905 0.04739899128198033 0.036991556523355736 0.02872399540132374 0.022330066624072827 0.017491610594047493 0.013890251993178908 0.011244363610998858 0.009325644821427188 0.007888585999817701 0.006761033961703721 0.005886753150713872 0.005237535367526944 0.0047378557821982125 0.00417078288964946 0.0038161247892309026 0.00376291266146172 0.003985548525947417 0.004482309984961087 0.005258130504284774 0.006349508057247938 0.00743653230880445 0.008422880290766838 0.00929918955421399 0.010074036349860052
0.010151447444888991 0.013879743285637288 0.019309512240820444 0.027150083330606714 0.03831280218864981 0.05384246941507428 0.07461263886240267 0.10029065049022279 0.12615908910313187 0.1395538617514576 0.1344819796378201 0.11969781663904448 0.10149865227102811 0.08405107326600664 0.06863086886675004 0.0553591042749222 0.04421156314862449 0.03507625161066114 0.027766777476977193 0.02204225010897405 0.017638428486161657 0.014299059243786112 0.011797995498144491 0.00994981535570608 0.00860450697396477 0.007548802043025298 0.006702842870021611 0.006159086543436493 0.005863818775512204 0.0054502032290253835 0.005046246547346017 0.005012976603702202 0.005343963510448891 0.005996855027984425 0.00701814657451913 0.008456949996893889 0.009975780600984474 0.011447734536395533 0.012777621517841908 0.013774874443235684
0.011903754360499464 0.016177316043297474 0.022264645779451364 0.030791607518432483 0.042429545486716846 0.05767838196286889 0.07636444067818994 0.09666633324052187 0.11392488275114653 0.12169758892201517 0.11744817735031522 0.10481857336081558 0.08978701853107442 0.07560408131541492 0.06259477834351408 0.051199197641730136 0.04153866062431111 0.03356116089154733 0.02711756625030718 0.02200865547529132 0.0180193456467349 0.014943443798920762 0.012599160051803886 0.010836550051282817 0.009539294143637366 0.008579274404834518 0.007869970057524853 0.007530883321524657 0.007432646213642549 0.007437105055250717 0.007249721248777031 0.007305697978853899 0.007794353809010975 0.008692770371735867 0.010110719707221915 0.012124914932522494 0.014237063777571368 0.016211369402924055 0.017875337657190744 0.01874179537777525
