_RESULTS/CROSS_VALIDATION_POSTPROCESSED_80-20/Berg/GZ/6comp/5/Berg_GZ_z_250_kriged_reverse_6comp_spherical_5.asc
ncols 100
nrows 90
xllcorner 5.6208707817415728
yllcorner 50.959635321741573
cellsize 0.00013419651685393446
nodata_value 1.7014100000000001E+038
[rows 57 to 75 of 90, columns 0 to 43 of 100]
25.333157069876393 25.158238259801706 24.983038148947546 24.806226453917894 24.624852212025626 24.435534115286973 24.23559017341464 24.023989823397095 23.80216712770299 23.57480890885275 23.350713802462966 23.14366544818048 22.97284368066216 22.86854536754498 22.87754905234783 23.011011252417813 23.26099032934484 23.60361303941994 24.03227381060657 24.53240698732258 25.077326358810563 25.644702619865328 26.214934467203726 26.763818165244977 27.274767827074758 27.734980049088374 28.133885685958486 28.463087562396673 28.710954496302076 28.87213759873874 28.950090346804338 28.946028307019755 28.861847965344296 28.71135922703818 28.550148120496075 28.391907204570195 28.24396829467703 28.11337493127781 28.006721631890663 27.930043284870294 27.888755672443533 27.88779923498318 27.956176322915837 28.11384353973001
25.593317612883844 25.38589873014139 25.169699943618458 24.944319909790032 24.7080680888372 24.45876372761307 24.194573933584778 23.91482394479041 23.620326161721874 23.314185212884084 23.006824354249844 22.714172873289055 22.459616068539855 22.275185960467304 22.20482259736201 22.293248904500206 22.533955362046214 22.89704920504905 23.365852098928848 23.90427832807304 24.48258407603706 25.07746871822451 25.664417093538322 26.226580038036897 26.75072344660488 27.225705516643075 27.642312034688633 27.993211234096776 28.272739690014546 28.47235866855789 28.59245492855275 28.634377768549857 28.59931454523662 28.493150293752628 28.36926613088725 28.249459314634745 28.140289971060533 28.048147229581215 27.97910360725731 27.93881431666098 27.932464189763945 27.949445502341458 27.971213036614518 28.04404418750517
25.852165869491696 25.61716880004365 25.366382509200207 25.09995099429414 24.816856595670156 24.50735695685477 24.169030854113377 23.806799899667887 23.425991871535597 23.03312240585286 22.637257323900727 22.252617287547196 21.903490681715155 21.63175607659405 21.499326875503723 21.56571457439338 21.83744628060724 22.266816056135756 22.79268459443753 23.376403275874484 23.98822978004657 24.60244399718357 25.202419067511023 25.774959797627034 26.308974410680808 26.795043777128836 27.22527452202725 27.593266045564256 27.894097014444586 28.124222635388108 28.280376741881735 28.361969509862007 28.36963715259413 28.3056637784778 28.21648587877224 28.132723327865495 28.060257979189103 28.004897024315362 27.972245300455583 27.967615709496762 27.981620936687918 27.99798587604578 28.01649600061229 28.04974071142003
26.112114589761465 25.8547214143577 25.57499911795398 25.256389700872838 24.897830995183778 24.506154773418608 24.08728365636402 23.646464574400174 23.18855310284994 22.718464735646116 22.242093710012973 21.768484340547563 21.315481706340986 20.925104087312647 20.696392486392064 20.768254703264834 21.13935182744663 21.691402460039797 22.320889107967083 22.97132639231287 23.61028505761178 24.236869917825604 24.843918556240922 25.421178971671342 25.959718238101598 26.451721001201854 26.890466730520647 27.270362527724384 27.586970309193205 27.83699737333174 28.019615521326873 28.13470324176144 28.17895411997371 28.153300502109506 28.096537621363847 28.0467084854715 28.00910707582826 27.9890304202343 27.99132136769506 28.003705147668807 28.017815962041997 28.033365406340472 28.04992152898101 28.07455191223186
26.374559030277084 26.086133192084866 25.739369765262165 25.344304801774598 24.91011242928698 24.444804491864375 23.955266763350032 23.44729071371707 22.925600165883466 22.39390665199828 21.85509371026054 21.311824701780154 20.768678555183048 20.24163994735476 19.820974750579133 19.919553336635598 20.514682109974252 21.213311546014282 21.93186218333663 22.648618978242123 23.34297718665657 23.99618355085947 24.60170138922849 25.175464072307623 25.711426658861132 26.202997321908576 26.644332186045393 27.030431697896528 27.357202938289078 27.621477672279077 27.82131830610292 27.958563116156547 28.032525058707026 28.040104556877658 28.013858897179173 27.996132554743042 27.991790434389873 28.00157960079495 28.01363376932277 28.026758723817803 28.04081283740777 28.05552554353089 28.070507001889133 28.087695785164424
26.59602631040434 26.24409102507579 25.82943085488507 25.36474479252674 24.862306482169785 24.332142589342094 23.78239926276075 23.219922816019366 22.650150658493846 22.076992916516385 21.502725715756377 20.9279310785684 20.351571581906786 19.77170853219815 19.199183846894723 19.347227211769614 20.114118956997576 20.893652461746605 21.66675393131635 22.42120191794634 23.150104903453787 23.841258651695185 24.477253911738934 25.04530299629892 25.570415513369337 26.05441246970709 26.491913533113472 26.87823061894018 27.209431841719056 27.48236474087059 27.694639017018257 27.846484979589437 27.938870863544203 27.9706583170752 27.97264451906581 27.983731019117702 27.996387413529156 28.009372268934605 28.02274271257919 28.036459837775276 28.050378353537504 28.064244700887304 28.07702318555459 28.08827366230427
26.724350162400462 26.31377010010484 25.83992763986217 25.31672008088893 24.757038828575414 24.17261227294193 23.57385723569933 22.969744014771837 22.3677055098126 21.773669558457343 21.19240656831015 20.62872450089212 20.091335131997095 19.610690616058648 19.31024041051149 19.455814662249452 20.02305884842215 20.744688277017538 21.511435277219665 22.283470632568868 23.037847939615112 23.756194945595333 24.422006722164504 25.021517773862662 25.540594229817387 26.009659170180928 26.436793679993848 26.817324613729028 27.14728462923459 27.423414098748022 27.64313686258437 27.80487859811781 27.91004111163964 27.95344807592375 27.9633857562678 27.97548334271096 27.989122026968726 28.00367108519698 28.017362191535405 28.024264393911864 28.02609103264775 28.025763678380073 28.025572956928606 28.02711709615675
26.765203198038982 26.300235145054057 25.772058539776722 25.195895759067806 24.586193068475044 23.95644658663513 23.31904162725817 22.685133734525557 22.064645469829188 21.466542858544223 20.899748611637385 20.375508779045642 19.918498904972147 19.583413548636027 19.453197753259968 19.620678907953 20.075656994199292 20.712035445567736 21.43869285254183 22.20161112669877 22.96699261633907 23.709885244976398 24.40925855883452 25.04604091820084 25.602375905752055 26.066300158008076 26.47818463982362 26.8473499974908 27.169702024751324 27.441267993726555 27.658152490221642 27.816503649124442 27.91377129326495 27.94838967886276 27.956017286090905 27.9659544689821 27.975074120538178 27.972637483079776 27.960985875952982 27.94396642646796 27.925100251048512 27.90748537603498 27.893694952844804 27.885681477718343
26.724654010431138 26.209475648548175 25.631435937877466 25.007146324423317 24.35270880893813 23.683540901117624 23.01421154600505 22.35832716468821 21.728560011818438 21.13700265069898 20.596500473467902 20.131955006290198 19.772243455800194 19.554283035968037 19.525725252026056 19.723324623178062 20.13908787880057 20.72172540865836 21.41079354829828 22.157004778411768 22.923259056399846 23.68044950920995 24.404119409233747 25.072579137679764 25.66597330065238 26.16586263776808 26.5672965908044 26.919947333805087 27.22738878473364 27.485343198441637 27.68967994562991 27.836362580115647 27.921444437560222 27.94461124059639 27.949400374487404 27.942291230916904 27.91940266884467 27.88533726004064 27.84457110651473 27.801385946158963 27.759767035836745 27.723277311537487 27.694921079269825 27.677012144819322
26.608801254562437 26.04746122467727 25.42357326602225 24.755133875833277 24.059921268318867 23.355326537920927 22.65817756177901 21.984584889794995 21.349899329886775 20.774137154441966 20.278271195028967 19.881378741290778 19.60572459859593 19.477368339671365 19.522205828326065 19.75486807292314 20.166960925404474 20.727523759180723 21.395259619019548 22.12972508058825 22.89563248126896 23.662808727280378 24.404960078713334 25.098569834468236 25.7221853201261 26.256022593743783 26.68177817491576 27.01414231378375 27.30197290940134 27.5419103395432 27.72955203982176 27.86064337067703 27.93102423650217 27.939013287654046 27.91448071048644 27.870603517122767 27.812422650609747 27.7449557992269 27.673165194102783 27.60187604732684 27.535650614983336 27.478628840972597 27.4343512007044 27.405582872609262
26.42384186911326 25.82030651929751 25.154171995874243 24.444733548909362 23.711373949974654 22.97341111830353 22.250860693925464 21.566351147966582 20.940114087901932 20.391484607028403 19.939122530694256 19.601254430737963 19.395847200107323 19.339826400853326 19.446102906049145 19.718399755354294 20.146882243688356 20.708560132250696 21.37238551051022 22.105065212560728 22.874646764484392 23.65179014310812 24.409805332844854 25.124304357194678 25.77285091965601 26.334715077923924 26.790734174125397 27.125373878652407 27.389547734312764 27.607581924662455 27.77479821006212 27.88671404077747 27.93256829780539 27.89976266231358 27.836787798068922 27.754742341051447 27.65951438683106 27.556634712977285 27.451662660709236 27.35008638311816 27.257169759168164 27.1777551623477 27.116038407444996 27.075339043619994
26.177297727859518 25.53588918596886 24.831947509167286 24.086457818177536 23.321150987863433 22.558350481979055 21.820752949261255 21.13110526343993 20.51174286058054 19.983983917757943 19.567431326082065 19.27926892737925 19.133549207793525 19.140237033832104 19.30367722763906 19.62065008706669 20.079098655516077 20.658756642333064 21.333655428955577 22.07519995889943 22.85455364320613 23.643958960272904 24.41725719966855 25.14999267733991 25.819364954438733 26.40415672033482 26.88468389882105 27.242780287034595 27.485519814099042 27.678329946460938 27.821853288203002 27.90511815628823 27.895558405950815 27.822171458289358 27.7217570658416 27.600531561798157 27.466412780930177 27.325983538579052 27.185509307791694 27.051265587180673 26.92935570261938 26.825470990739753 26.74460821541914 26.69077116984939
25.90887595085252 25.23452586133458 24.49836726201823 23.72208412662665 22.92836882544628 22.140870025289324 21.384071529918554 20.683006596284265 20.062664243939597 19.546942857005856 19.157128536873657 18.91014228849948 18.817043219415606 18.88219936619442 19.103131658912773 19.470759891069385 19.969948370874157 20.580498492654804 21.27860836065002 22.038492310782654 22.833765461437903 23.638395511855144 24.427251662983213 25.176381617782845 25.863141213886458 26.466257788962988 26.965870552029447 27.34357009499152 27.58479767046965 27.749633036872545 27.863377055733363 27.889092370537526 27.82276251447189 27.711677376989535 27.573129905707322 27.41343891547568 27.239377170991762 27.059250328409117 26.880862665307774 26.711399946561777 26.557958241473916 26.4272565940248 26.32528296141321 26.25690356116061
25.64157459623464 24.938501995396432 24.173055433726525 23.367251646717758 22.544345909636252 21.72893667195151 20.947056022167608 20.22610403880076 19.59433789528005 19.079497882808298 18.706273562794546 18.49296512111928 18.4486580788643 18.57242656007433 18.854821430488762 19.280398421126794 19.829905853503586 20.481679764059518 21.21250209366697 21.998246233406547 22.81443786721532 23.636730533234708 24.441278601180265 25.20501341207968 25.905843791627753 26.522803626988818 27.03616503979348 27.427532569467804 27.679933783520926 27.816390074327174 27.875363727102098 27.837376381156098 27.723379195842064 27.574201165700412 27.396700473605694 27.197491443746983 26.98377479796345 26.763320501522198 26.54468286219319 26.337296898342704 26.149512428261733 25.989297271612966 25.863887775366372 25.779269221593726
25.383498589060043 24.65671861902444 23.865695448911627 23.032329637189815 22.179897165461153 21.33335033538778 20.51974950538516 19.768705308502874 19.112418723943563 18.584429076547696 18.215923524407366 18.02954883209879 18.033546784432687 18.22057319722629 18.57208561419057 19.064480041838575 19.673236935152513 20.374443828792497 21.14484919502051 21.96153832540244 22.80172510620779 23.642748201858645 24.461769210186656 25.23232314192493 25.93526619346358 26.553738659288918 27.070901321823037 27.469905999976298 27.733920315953185 27.84642465638214 27.84887614658563 27.75468063076453 27.603412303885484 27.4160441302506 27.199074672349237 26.959385098128557 26.704597085726707 26.443076939916963 26.183878077098477 25.936603595436843 25.711393565247814 25.518521116775535 25.366857438677894 25.2638840568335
25.142373734486767 24.398087798956677 23.586548055708104 22.729052447467566 21.848237605159913 20.96855133018942 20.117087488034723 19.32484459569838 18.628116631290066 18.068658886418433 17.689482729429084 17.52345361457208 17.579607986144126 17.84036338613856 18.272897876119217 18.842406922683903 19.518306446403393 20.274628691825214 21.08841539846964 21.937960866237443 22.79088693902738 23.624184225652183 24.423139615235005 25.172943492567583 25.85857966150601 26.4647338459599 26.97572481874558 27.37547664542637 27.645670852652778 27.733335825365028 27.694161529717963 27.58523600616109 27.431529425433425 27.232431302249683 26.98736788737986 26.706733320073013 26.40978944172306 26.105490258256502 25.80364791371961 25.51492502646937 25.250637368255695 25.02235694763361 24.841241446167103 24.717204725090234
24.92514592835866 24.171078114987456 23.345970945030217 22.470087719297297 21.564757935046078 20.65288774257861 19.760053556751338 18.916612839949682 18.161283329201293 17.54549884690028 17.13276765915387 16.979487541978383 17.09899986696746 17.45275396821376 17.982811948939357 18.63977105690533 19.387987038823233 20.201198023539906 21.041977579757194 21.882810514301223 22.711609758177143 23.516572932441587 24.285764124295945 25.00687042607194 25.667032891301332 26.25271465607885 26.749605833802935 27.142583624997023 27.40014730466507 27.465147351858636 27.397303465447976 27.287981705299284 27.138309093665885 26.946666195635228 26.711569122715606 26.43209235020248 26.10823293852087 25.759840721403478 25.413147207849086 25.079819704927587 24.772676571681856 24.50537473964105 24.29168418430003 24.144217249831446
24.740435956219702 23.98301823538399 23.15356279336856 22.268045449016114 21.346030566867665 20.40799259337637 19.47624484781457 18.577217095344032 17.746776023482113 17.04167751852293 16.555950139413092 16.403796195574106 16.613824885216232 17.093339562782738 17.739540897659175 18.489896982824472 19.303194557392835 20.130403457573905 20.956054936796818 21.77076349256079 22.56589193196154 23.332802844041357 24.062459018586484 24.7451647759222 25.370359770692385 25.926440657793155 26.40062162232395 26.778465423997666 27.007358369031376 27.053787448670967 26.98367303216404 26.87866607340798 26.737737996194827 26.55804557095736 26.336929004355515 26.072398139012325 25.76357485085784 25.411097393339112 25.02324310688862 24.642197119066072 24.287704193212072 23.975775150768673 23.723545585847287 23.54770410272387
24.613890697404226 23.840957479757392 23.016950906588633 22.13384885382281 21.2077115067202 20.25638434361422 19.29805754176273 18.35245054695324 17.444647830826383 16.618344423704816 15.984614277571602 15.80634503162094 16.177202426147932 16.82744775741822 17.597326996251596 18.418152650811276 19.239468945680724 20.05113189671351 20.84694568956872 21.62163269527973 22.369969237994482 23.086367961178922 23.764608069947947 24.397596695723575 24.977123122469514 25.493611780700526 25.935907671540466 26.284850139825515 26.481733227014193 26.531751946304084 26.468225911939204 26.373285851361565 26.246981442142996 26.084982331322966 25.883161383707147 25.638141034523404 25.347804691216723 25.011794388139286 24.63201431291011 24.214973258872593 23.80837086266456 23.44500042680722 23.14616595477125 22.934498663828983
