_RESULTS/CROSS_VALIDATION_POSTPROCESSED_CLR/MHZ/GZ/4comp/2/MHZ_GZ_z_125_kriged_reverse_4comp_spherical_2.asc
ncols 100
nrows 74
xllcorner 5.5967023332191781
yllcorner 50.982320383219182
cellsize 0.00019249356164376555
nodata_value 1.7014100000000001E+038
[rows 0 to 18 of 74, columns 44 to 87 of 100]
3.9735735960765837 4.082248900898405 4.1874400895328145 4.283877176325586 4.366902279414898 4.432769620877462 4.478910799965286 4.505012148028247 4.5151371808563985 4.511206172192889 4.495249811501405 4.468997850489625 4.432474963552955 4.38211259440849 4.312871698134257 4.229033795827132 4.143989837064109 4.069403265283527 4.012974108547605 3.965691511357512 3.919765803108834 3.876157204712684 3.835624608061436 3.798820517012522 3.7663375510637596 3.7387327503063728 3.7165410235921144 3.7002829652344404 3.6904695955747027 3.6875647033412635 3.6875647033412635 3.6875647033412635 3.6875647033412635 3.6875647033412635 3.6875647033412635 3.6875647033412635 3.6875647033412635 3.6875647033412635 3.6875647033412635 3.6875647033412635 3.6875647033412635 3.6875647033412635 3.6875647033412635 3.6875647033412635
4.090956855923585 4.2211478558511875 4.345894298264718 4.459124529925216 4.555369454882973 4.630216772796141 4.680751630699112 4.705847877718083 4.708984969112923 4.694902270809205 4.667678488798877 4.631265025281218 4.58793237448698 4.532922546930432 4.44561077333494 4.330259310166301 4.215349921628046 4.114907567041758 4.035563854110523 3.9799459397470134 3.9312767185768926 3.8854975408011363 3.8431846359168604 3.8048766329746377 3.7710920284505787 3.742337766712634 3.7190467395708344 3.700845411654847 3.688532547041171 3.68322694482799 3.6820590579435803 3.681646448458589 3.6820847723087815 3.6832723144439266 3.6849147479278304 3.6865384626643327 3.687510665800433 3.6875647033412635 3.6875647033412635 3.6875647033412635 3.6875647033412635 3.6875647033412635 3.6875647033412635 3.6875647033412635
4.220187095827227 4.372861088839966 4.518282732034446 4.649339740222794 4.759405639111493 4.841695293216189 4.89137777060392 4.9086355532167705 4.898033578274758 4.86774635940545 4.823563718865013 4.771427792930898 4.7169151854313 4.664551130902396 4.560229270666326 4.4098868489735406 4.27376612757013 4.155560950696497 4.0581286604228675 3.9863052799357424 3.935904019105223 3.8892327109922116 3.846198869491424 3.8072880333978953 3.7725940723971725 3.7406881591283647 3.712681729480876 3.6900337591275854 3.6740905119472234 3.6660523292456846 3.663404406451373 3.662505801246865 3.6634609436334697 3.6661520622980293 3.6702393870142136 3.675179304503451 3.6802513269290276 3.684590094746959 3.6872185862604407 3.6875647033412635 3.6875647033412635 3.6875647033412635 3.6875647033412635 3.6875647033412635
4.357324571679545 4.533502908061568 4.70102379739235 4.850411192550974 4.96981168502401 5.053257987851068 5.097712870907225 5.103468841825565 5.075139567369379 5.023286658316833 4.955777014119564 4.879547273991309 4.799559786438393 4.713354426783682 4.5930712584602436 4.443381821804891 4.2999988373292215 4.173802611463146 4.069045440133583 3.9884787965557607 3.9332046018759765 3.8870551479780913 3.844424892658684 3.803308553488298 3.7632668707357326 3.726008924048262 3.6931972019300336 3.666416976034643 3.6471384780385745 3.6366746448295566 3.632434607999574 3.6310081878946385 3.6325246023929325 3.6368452459420895 3.6435717563013883 3.652071367819223 3.6615138714620485 3.6709142900877225 3.6791756215940756 3.6851273947132657 3.6875576104715586 3.6875647033412635 3.6875647033412635 3.6875647033412635
4.494089771513462 4.698379071116828 4.886495688611193 5.048837547528979 5.176486660479031 5.261447822137397 5.298910019924175 5.289147607273851 5.237997644222947 5.158579443104156 5.061475176127564 4.954443862160462 4.841552061973794 4.720551601954481 4.584532446847246 4.437513474290298 4.294456117002697 4.166319310038135 4.058998535897901 3.975997959795734 3.9197728768830515 3.878804269158769 3.8330093031590446 3.786527116653668 3.741251758487302 3.6990492355268785 3.661743289647366 3.6310846121589058 3.6087069858913003 3.596055580181407 3.5900650029953067 3.588058257046803 3.5901917579296545 3.5962992134717044 3.6059050179757977 3.6182606718678834 3.632396638506139 3.6471801974646962 3.6613708666221796 3.6736677434017158 3.6827462419147134 3.687284182836652 3.6875647033412635 3.6875647033412635
4.617838852727019 4.853258686392511 5.061020978209989 5.238807839871723 5.377940678023034 5.466078732036766 5.494923107397966 5.464609112031849 5.384102070539846 5.270733264204912 5.138947680523209 4.998166560578744 4.853474631991557 4.7058687128234915 4.555109789219423 4.404698572036197 4.262212209132847 4.135121156869412 4.0287881140671375 3.9468205314131444 3.8913052218504904 3.854053861151005 3.809324430977769 3.7581389337889086 3.7080797147008164 3.6612503708773554 3.6196692363391745 3.585291871693206 3.559960615617935 3.5451533781703 3.5372149085700664 3.5345606583445117 3.537382642614923 3.545476742003422 3.558262886414694 3.574839094722455 3.5940561392052723 3.614597266532622 3.6350503304114246 3.653965195100638 3.6698945398994307 3.6814197103477246 3.6871648529296017 3.6875647033412635
4.718773431165499 4.980057264357393 5.215999233171293 5.415147583540165 5.571478287935163 5.666996362108728 5.685900478440727 5.6279120146952994 5.509210718122766 5.355011285581579 5.184777937853961 5.009852692179127 4.836400532874775 4.667156608693174 4.50374864660919 4.348927132191599 4.207026267809679 4.082747716129536 3.980092066839314 3.901929946603085 3.8451538792177615 3.8087996197656953 3.7699807804400356 3.7200643630742736 3.6655475644769364 3.6142913298050914 3.5685325760790008 3.530469766484961 3.5022052497863663 3.4849504177076 3.4748096511485875 3.4714200429495725 3.475023868574351 3.485363614105801 3.50171369843407 3.522963711569857 3.5477289978933633 3.5744621542186166 3.601546609731047 3.627364302737828 3.650338082117414 3.668953934028064 3.681769199670769 3.6874121515814458
4.787685662093191 5.072387793323658 5.336765492180076 5.568000185128838 5.750960902898017 5.86351864733372 5.871756657207282 5.774007132665673 5.604609096631543 5.4027231054359115 5.192279370427567 4.985035429260868 4.786908457075973 4.600701245277514 4.428014547055319 4.27059060258704 4.130798992883827 4.011359655930328 3.9148905824108677 3.839487981874313 3.7827124155888314 3.7474423431197827 3.714921501234366 3.670698315333096 3.6157017723058535 3.560090551619382 3.51011121151513 3.4682402187795547 3.4368996878794005 3.416464756914017 3.4037839830564813 3.399541064407034 3.4040093040300787 3.4168043335817417 3.4370825367114226 3.463507554766049 3.49440962920652 3.5279420049049257 3.5622007472925827 3.59530198897853 3.6254916446969134 3.6512573328607245 3.671106561763064 3.6836369340742867
4.819785194123384 5.122105334494297 5.410399696340479 5.675514814810547 5.900206291366939 6.052120815311227 6.0506240116259 5.8881079514079575 5.652465486094654 5.399710014954527 5.151722843333694 4.9172605712999555 4.700433908666012 4.5030542547649866 4.325885114554249 4.169547100503299 4.034904914092147 3.923016828041149 3.8337334042806264 3.7613194197206266 3.7073554114358083 3.6746165683911824 3.648516306799076 3.60995911828995 3.559588849514837 3.5008134538660456 3.4464260340829873 3.4004442295563573 3.365644820187883 3.3407176832963748 3.3246281034286245 3.3187141309178343 3.323577946437287 3.3389085884363494 3.3635680634885174 3.3958127996028784 3.433555816448012 3.4745881460264973 3.5167250571835122 3.5578820637943167 3.5961022180436024 3.629556051117407 3.6565301778345747 3.6757489059441713
4.811191665077999 5.121145055057486 5.421472661298375 5.707914431134876 5.974484520090649 6.206832467480339 6.204206081789912 5.925039967463432 5.6216022191097235 5.327888285482847 5.052742428065612 4.800749601042333 4.575603060231233 4.37732507945025 4.204779901079339 4.056670437914368 3.9321078162087804 3.8308669164875413 3.7471325782493428 3.6781236254325655 3.6267276617076547 3.5963005973148925 3.575288634022525 3.542191697561239 3.49639134611994 3.438892130903875 3.3797831363016306 3.3291719109019042 3.2888916445290897 3.2573443197189 3.236571868499732 3.228508571718623 3.2339643085000955 3.252452559242742 3.2823567075551567 3.3213298717246453 3.3667205666624254 3.415879554777813 3.466319558533602 3.515767205952518 3.5621570788478056 3.6036030103609975 3.6383651962414234 3.664820750257267
4.761123497796672 5.065668845555652 5.3588360190428475 5.635890369424123 5.89126615265919 6.105123843213475 6.083944552869038 5.791243024088935 5.47414845466719 5.170121828029163 4.891487205878335 4.642291001389992 4.423580673579604 4.234805687682291 4.074807743248229 3.9410576647112063 3.831431036857542 3.74318834618371 3.6674908769831083 3.6046795183060962 3.5574231572021526 3.5290230032847725 3.5079482919488365 3.4743146514331253 3.4301240633654926 3.3756373019984194 3.312645162871724 3.255654837584238 3.2066072738424207 3.166880501537639 3.1402292763510715 3.1295284768860108 3.13597244782215 3.1587221284265006 3.195257739595018 3.242169898704823 3.2961300408585372 3.3540431435035227 3.413134320120622 3.4709881585529185 3.5254823239382636 3.5743297913411274 3.6151325504165905 3.6469278495709343
4.67417385754219 4.954801201125869 5.218435681455881 5.455465963248854 5.6481467031733965 5.75223054742553 5.698079495460936 5.486846896034365 5.211583473333548 4.932083670958118 4.670992221378041 4.439096051354254 4.240679419601416 4.074957714492403 3.937851846680169 3.825224932372035 3.7356895302887656 3.6627703895587516 3.598627467410348 3.5448195193948058 3.5040064985825516 3.4795796475290333 3.457954756578901 3.421552011858517 3.372683419403285 3.3136123592313322 3.245992178666814 3.1791014146467154 3.1181111684219363 3.067782986503175 3.0333827267239863 3.0192933144507705 3.0273761138695714 3.056155048006204 3.1016512486139476 3.159000007720822 3.223600056484602 3.2915130924958627 3.359540417336275 3.424663578133031 3.4836184721296672 3.5355083137685352 3.5795674667002046 3.6150405726852486
4.552962695010938 4.799157235600687 5.018474695191371 5.203108650667192 5.330229981501688 5.366753449707855 5.28889586509022 5.114175265918579 4.883448109255003 4.636854199964208 4.401696747903709 4.195547076952794 4.02674264200248 3.8944727103296097 3.7922147077939217 3.7124516426004246 3.6492922414550617 3.5946016782457084 3.5451253409366665 3.5027221969731546 3.4702977574666414 3.4513559508138947 3.4282435992174682 3.388167120234869 3.3323474514737366 3.2626392994529763 3.1823331806971447 3.09999381942849 3.025252667387522 2.961779655257562 2.9171066578877656 2.8984959584572105 2.909238844348793 2.9464357198014364 3.003298613820443 3.072791563622837 3.1492564311797118 3.2280808244861015 3.302967810247255 3.3714101685444566 3.4324924282291613 3.4864735881555298 3.5328737774604604 3.5711154928350313
4.407545690083902 4.614247176933836 4.787345467324391 4.917031548444881 4.989654266667674 4.981641081692125 4.889789937906235 4.731887909972309 4.529891939306805 4.3101637222143525 4.099452420624885 3.92172212943463 3.790271981035646 3.7015495772541422 3.6429863895017447 3.603388625512723 3.5750241779375838 3.5447365342174595 3.512200578385318 3.482909286030103 3.46027865595386 3.4469194990413743 3.420817221941777 3.3742084562868753 3.3087359000150234 3.227284881283075 3.1305732713876315 3.0261663989455663 2.9331277170263275 2.853194356767659 2.793961562557884 2.7686133121080134 2.7841399909612083 2.8338594610862646 2.9052097226686255 2.9883382148615514 3.075932283521827 3.1601641243981553 3.238784008031227 3.3105588154714503 3.374527213403703 3.4299282739879993 3.4774976281698833 3.5173825873156863
4.249644338243528 4.414990244452853 4.543299705061047 4.625451507033767 4.650806706531144 4.615097454557248 4.5139105035274705 4.364650463686978 4.180057635664564 3.9774787178837356 3.7819446711543723 3.6285866880832813 3.5428006999088932 3.5098965076307596 3.5033339820348544 3.508255712238154 3.5166727772571837 3.5161387312676062 3.505364697689335 3.4899451950131164 3.47781577748072 3.4673733926595394 3.43539598136308 3.3803759865875 3.3044435952015863 3.2084025358008903 3.0946762978903353 2.9692437564429524 2.851371381041331 2.7497392767479267 2.6686015773578076 2.6311482778022084 2.6568266997104235 2.7260869196507618 2.814802459366608 2.9103656383614753 3.002980054508174 3.0902530351667648 3.171088341389113 3.2446852486651343 3.310381445129217 3.3675879463783494 3.415763283228336 3.455944027559613
4.093715802007288 4.216395413320224 4.30087190825174 4.340847279087455 4.332953460378443 4.276888241798099 4.170416069761304 4.028668579773729 3.857809334621484 3.667026237729916 3.473027915245122 3.326415663952273 3.30385472969585 3.341995016754649 3.3911381261699125 3.4402964946274754 3.484465312822956 3.513118120737175 3.5266568944547045 3.5280149723323575 3.5253459695146616 3.5123198562005578 3.472805087987679 3.4077410262991217 3.3184356369145434 3.2076602131274026 3.078181027436204 2.934593032178202 2.794930336032937 2.666924604431321 2.5551588795072906 2.487647464364599 2.54163965176991 2.6378123743444704 2.7413566881408316 2.8412861657398554 2.9353595770817855 3.0230451902619375 3.103852581350547 3.177285780771594 3.2428779271180557 3.300219012155399 3.3489447868714417 3.3887414035118812
3.965160098151054 4.044809231144693 4.0855335044674215 4.084243706288937 4.047205446656718 3.972953419553072 3.8664267706017137 3.7358910599732242 3.5836486333058506 3.4136055408440455 3.23015944539678 3.039755370128954 3.1311611774777615 3.2321861544506145 3.3262046824431764 3.412285820972353 3.4877171998186203 3.5428095279721097 3.578626577196265 3.598115356491661 3.6027818678007546 3.5820620078759067 3.5314862718919975 3.453150312933023 3.3502989810299826 3.225987583750061 3.0830920061169316 2.925980757908168 2.7724627962704256 2.6299398765762785 2.5033268404550215 2.414518390123316 2.48698013203407 2.5895248364984926 2.691081005467724 2.7872652803479268 2.877820080770513 2.962389781533576 3.040457495664219 3.1114540645842372 3.1748857126206778 3.2304071936229906 3.277818941564048 3.316992240007689
3.870663388055465 3.9085566736283868 3.90797905206535 3.8727783628139294 3.809480926401207 3.718581464225242 3.6079517936230916 3.491269655623517 3.3679613453429185 3.238822470020658 3.1167861943292783 3.047537508175852 3.095901920131496 3.2036598431077454 3.32045463650191 3.4323595624475276 3.5328013830268072 3.610378878211183 3.665268529769336 3.6987159179431495 3.7048056384886046 3.671423257269493 3.606833323616929 3.5147702849304867 3.3988376288728244 3.2624075415928973 3.1087417906915884 2.943127716439279 2.7847214060744845 2.643571993929303 2.533129540223289 2.482772847423914 2.5107638879856498 2.583749811481102 2.666947673050848 2.751029802100662 2.8328754894676647 2.910804386858986 2.9834807111788573 3.0497973430197534 3.108973021860836 3.160605083036108 3.2046327190513715 3.2412189391406208
3.8127514995621152 3.810264704494164 3.7712358278565135 3.7064742255181087 3.620931770860032 3.5161732194190605 3.4041711691784267 3.300205583733651 3.2043766869917674 3.1252049179528485 3.0719592751714853 3.067751583515234 3.13000655408247 3.240758706249983 3.3707595689520984 3.5012763390364596 3.6213466298979538 3.7168362078320802 3.7847142772120206 3.8246532173513743 3.8219982824592256 3.775675202509828 3.6959054762860646 3.589793759104519 3.461251836467288 3.313957511323158 3.1516185996193027 2.9812210515979825 2.8231842339978637 2.688467040723056 2.5906467887900435 2.5476622454468947 2.5589307051084313 2.603096327819869 2.6634290239704725 2.7308932314515917 2.800636054636522 2.8694511964009273 2.934740064878252 2.9945030152418024 3.047478712596754 3.0931349921416453 3.1315600286063714 3.1632933738036026
