_RESULTS/CROSS_VALIDATION_POSTPROCESSED_CLR/MHZ/GZ/4comp/2/MHZ_GZ_z_250_kriged_reverse_4comp_spherical_2.asc
ncols 100
nrows 74
xllcorner 5.5967023332191781
yllcorner 50.982320383219182
cellsize 0.00019249356164376555
nodata_value 1.7014100000000001E+038
[rows 38 to 56 of 74, columns 0 to 43 of 100]
2.7101690874941435 2.771485682422506 2.8847585115931733 3.013127953240351 3.1249728180836316 3.20856611732203 3.2552124643473315 3.2622093928770632 3.258696070223124 3.310498533844955 3.397000493384292 3.493302826041724 3.5946394540538558 3.711413360879302 3.8619840358783377 4.0483621516208546 4.292949620456171 4.591810898056947 4.939432484072158 5.333973463025984 5.767935736850962 6.229625356567681 6.689071360341769 6.899037954954171 6.538743117177384 6.072569260192578 5.602635503091631 5.150006747948937 4.727161673944548 4.3435654016530485 4.009978797125455 3.740425909397119 3.5232870214169134 3.3751090085483773 3.2860978543903903 3.244985205485409 3.2429174523138053 3.2754187023141377 3.3507417054226276 3.452787718252132 3.530507676698374 3.574789165061901 3.5827127020697977 3.553449702629242
2.702042100190133 2.7503884544740123 2.8488618598565214 2.974494164745578 3.085331037171902 3.166052204536033 3.2057259085824885 3.196787584290403 3.1552967520597175 3.2340217158784057 3.34127677613702 3.4523837600568017 3.5754473347052147 3.71851025214838 3.8888192691682364 4.080902917806973 4.319749775114775 4.62237281542833 4.959806160294092 5.32728370535193 5.71412633503857 6.0947640869599855 6.387815981978699 6.463702090871887 6.251460223154449 5.8795437414963825 5.458441344416025 5.03915020954855 4.646929872176543 4.296312849546293 3.993407263059583 3.741235142296095 3.5447213132900117 3.4084916581590226 3.323647163553162 3.2817312921368362 3.273098910766166 3.293542136485532 3.3570530764529116 3.445439249614089 3.510500575198535 3.546423936435116 3.5531889204678566 3.534785712336897
2.719821826127062 2.7594493010970007 2.8513270328937894 2.97856544731258 3.1005944461594965 3.1911055437434777 3.239093632354577 3.2401662252390206 3.218696322403111 3.2721944292279304 3.3700059958561015 3.484245700157069 3.614607115651893 3.7647646485508965 3.934519525184157 4.116745888654399 4.330740511592752 4.60812198823871 4.925094402540811 5.255446244871818 5.582365605125604 5.858126792939386 6.0364768072985795 6.05625317760582 5.892176498605864 5.594596912223048 5.231631165097317 4.855966976818089 4.502954561922448 4.194257797891253 3.935629036680642 3.724573046848037 3.5665546050433696 3.4558919293530916 3.386910973491011 3.35378313143662 3.3379578481426107 3.3521663471063823 3.4087791728002768 3.484740054470079 3.537632030490026 3.5651982043286834 3.570116515027482 3.559940030457275
2.7539157160038776 2.8003092153325704 2.8939817543426485 3.027630893945878 3.171648420716033 3.2843836589705573 3.3538478820288824 3.380670048375768 3.3818892860361127 3.4160634860130967 3.4894294463941944 3.5883454851049934 3.706872784996005 3.8473375979395694 4.002090295227056 4.1644263472581216 4.346904169113781 4.578910480552724 4.862389338016535 5.148015463017019 5.3972835671872135 5.5900990320604755 5.696863642496419 5.682239687175645 5.534302173666332 5.27947636043546 4.9600537725178135 4.620701390274017 4.3044291691367516 4.0435552610018215 3.8417313515200786 3.7001298377251146 3.5980978286924477 3.5255705394859778 3.4809784634433374 3.4576355218501664 3.4385150329165803 3.4504568834299625 3.503783024664195 3.5658884884147053 3.605347430251519 3.6212819031907353 3.618487596604005 3.6070639644008855
2.798736225247234 2.8669748831875594 2.9924752255056637 3.15093921884786 3.3185709456711976 3.4633576277865687 3.5594980241400256 3.608471685389473 3.6201515493822494 3.6359924398015564 3.682710694579829 3.754111942990126 3.848021446507735 3.965769233139641 4.093919336741952 4.228826527417877 4.37810762419218 4.559896980115513 4.77927869185682 5.003029512715234 5.1875785392754885 5.322191492290859 5.381482898263895 5.343720146006028 5.201842599837075 4.971669871612295 4.679105487155822 4.358654582199236 4.0632753074881185 3.854999331601345 3.7370386349094082 3.680034400736237 3.651039176766375 3.6259560793243053 3.608899118577738 3.5942989757678867 3.5759497689661996 3.5872473216822898 3.636644119387374 3.682873275034295 3.706849959087303 3.7052344194610494 3.685338546264879 3.6605371363337635
2.8541260206824557 2.9447532580091504 3.1245836958797106 3.344884377203401 3.5571045918254622 3.734765564694679 3.8547416263105365 3.916474575712806 3.9312196427471986 3.9240182614252985 3.93755648550587 3.97400847556142 4.034503107144911 4.119939312913638 4.214415433690739 4.312250142233912 4.413164242900193 4.5279736729434426 4.67309059365679 4.835068086207767 4.973701957269465 5.06631363512402 5.094163009815758 5.042414037736679 4.90690995787235 4.696713537490688 4.4252571197329305 4.110077684079089 3.7953079183419702 3.65731700473524 3.66237259220384 3.6929239008936703 3.7309230824066715 3.7580160058320833 3.7736912461055385 3.7684294837271493 3.7512533221223636 3.7606572129543263 3.7990445481845714 3.8273496243827116 3.835820920584416 3.8077973026718808 3.7595409812124077 3.710258838186607
2.92319840175276 3.02819049213361 3.2978030070202875 3.601145821160522 3.867375199943107 4.073492149052078 4.215152154890494 4.286936170483409 4.2988587379030605 4.268663815161343 4.241323780298372 4.234972803907405 4.25165475507096 4.290999934914342 4.33646900712886 4.380938919478901 4.42345875564204 4.4743540236581385 4.553570168600011 4.65582417320865 4.761955485815775 4.826074138015153 4.834869292023493 4.778088047781193 4.655422422240466 4.471424214715949 4.233979595082675 3.9518374355597126 3.64898290102407 3.5888953792833087 3.675234065150116 3.7630884399831506 3.8476228686843723 3.9183947226390843 3.9661252589037534 3.978710657469221 3.9644653811684627 3.968133558564153 3.9812419589711565 3.9836671134919035 3.976529863597753 3.9113081614453367 3.830353094858011 3.750785689704012
3.0635900985418707 3.138441766579315 3.568295279761645 3.9501740828124317 4.2580460318884565 4.477656701154387 4.610045456632687 4.670038327237148 4.6685725482014595 4.616309863247351 4.541955714646111 4.485760186550093 4.4514184423573475 4.439999964649881 4.43591955819274 4.428080235990077 4.414196964163677 4.406125941578324 4.427400811865665 4.477206525869866 4.549698702243529 4.595226506854573 4.594918477302083 4.542494479803289 4.4409571357104 4.293032836611126 4.108123907127698 3.9072419263927203 3.7483422846521104 3.713790689881453 3.7858102634346023 3.891831405800776 4.001057345964332 4.101575164958131 4.17315455648243 4.201177487956964 4.196355975037346 4.1905472050573715 4.1718089696144816 4.137246880605827 4.08268527075884 3.997478108628076 3.892752751430581 3.7869658200194682
3.4460206430787568 3.6282515066396397 4.011484567186293 4.4101911919764785 4.734471010023481 4.946538892575384 5.045711788819865 5.0591437416452045 5.016962648950669 4.9348586630866444 4.820159337251046 4.710502152635351 4.623875817778791 4.562670555946266 4.511041383016896 4.454683283663747 4.392208374578502 4.332969684616317 4.299895462221279 4.304441282796589 4.341737801435961 4.36890932977744 4.365608914328998 4.324706015896974 4.249771046619946 4.143401258582401 4.022271910103806 3.912938693550688 3.848727834806393 3.8603575676200075 3.942614872783397 4.0620147646565865 4.1883682737140555 4.304214908809576 4.3919268834857625 4.42910459437748 4.42920114753064 4.395933184953406 4.344571383125073 4.276638788512772 4.189214417393755 4.079146766282234 3.9539263614988713 3.8275371322580756
3.911417743082079 4.170646456642844 4.542123562516475 4.946325086384179 5.282243148196807 5.468174325476655 5.502927212555321 5.445377938021149 5.339926083377491 5.206965635530896 5.057783725691409 4.900437878436608 4.764509871321281 4.654551743839629 4.558591950126413 4.457856775556132 4.350435629339566 4.246244383073873 4.16934678336695 4.1351860575583 4.140811155284144 4.149182289817673 4.139982418900422 4.114224876385797 4.069479207322769 4.011983779311083 3.9558405118947606 3.9203072668217014 3.9259031901222086 3.9870942662770026 4.100988537727397 4.247258485660897 4.397284869201881 4.525804728076047 4.617015430744512 4.656081011544515 4.642090077379796 4.573965299367789 4.487410959954341 4.386738014833648 4.270465562806104 4.1420078803947264 4.004376837545094 3.860296705946475
4.332363979087939 4.643410141106595 5.040584184198901 5.482709472025618 5.870417378997734 6.015171791588882 5.937549153388843 5.789177776847978 5.617557470232672 5.434453865805259 5.245567666793921 5.054558941041834 4.869179754824313 4.711961921462883 4.574879468007919 4.43437234117784 4.286309346459181 4.1447736879152455 4.032799268826684 3.9663226939714016 3.944143199891365 3.9363421261413674 3.925135752807796 3.913642518659689 3.900627548750229 3.889474410613821 3.887828798037333 3.910958737636384 3.9723781565853438 4.08102933754859 4.235923561970311 4.422909538665928 4.611064615512455 4.756464657774098 4.837248161559669 4.858160808486982 4.813768389972234 4.7136751255681135 4.592916729571118 4.464728096529379 4.32993237408449 4.187825112052166 4.038440954706357 3.882252378361682
4.671923518206773 5.010632160783717 5.423655273909372 5.898113511698672 6.41037192830205 6.4826895873315475 6.255922406036316 6.035929448417555 5.818261291890268 5.601920031374749 5.386781389946146 5.172750806451521 4.959877691482229 4.7536218506978845 4.57096935501785 4.391961878854999 4.207396348553073 4.036598774624437 3.8982519382012866 3.808661063946284 3.767372214785806 3.749435772357641 3.7402179008723335 3.740267594874014 3.7506420433690884 3.7726996691927677 3.81213229829428 3.8800911819282216 3.9851924089825377 4.134176590947332 4.329194774528765 4.564564537671406 4.815673190788339 4.989908218185765 5.027332408277417 4.992484261161345 4.9180621290008615 4.803293255920968 4.6611822750736644 4.515962838182416 4.367634379214663 4.2147060554995095 4.056244574442327 3.8917640504881335
4.914141447017219 5.251552088663235 5.641113733986629 6.061899408127629 6.437952550448409 6.522478497404284 6.358853774305796 6.147279042689565 5.924946980419923 5.699373178216252 5.472930018694608 5.246542630757677 5.020715998202721 4.79584495223139 4.574088146418299 4.361392877630516 4.147962519009818 3.955747216124933 3.798347378092565 3.6893274111415133 3.6296185935751812 3.599389477346832 3.584140065368853 3.5949864585346107 3.6266039311835976 3.67420391867087 3.741085760310306 3.8362223724284448 3.9681994595519594 4.142796669140062 4.3632679098868 4.630123108008902 4.941888391596808 5.163101670002475 5.109786868358964 5.041480590838532 4.950969395688636 4.834511632582786 4.689833648908485 4.536737889177797 4.379890720161764 4.220138389288046 4.056186421176316 3.8896236314249184
5.05884411044102 5.371717753553829 5.7086893775419485 6.036979478217868 6.286916695523256 6.3716300781692405 6.296573205976278 6.13781340347748 5.940644218603107 5.725680499070364 5.501892613803378 5.273495184414089 5.042735594962681 4.810984835905858 4.579202073070639 4.346565472135134 4.115060159451026 3.909439455307872 3.736259819541011 3.611721648750498 3.5408500110728336 3.490842920104922 3.457929392064173 3.485179391535292 3.5353244512565487 3.599909019008273 3.683826856774807 3.7941312853195805 3.9391038636601206 4.1230797202000735 4.347224381239386 4.605010925261079 4.859648891904964 5.020042247114137 5.0412627055449075 4.9974920709320925 4.918469362844447 4.8103500747550125 4.673396170811273 4.520583635333764 4.363960099830867 4.201723708613043 4.035887100218056 3.8756361011549507
5.121133215866568 5.398889978411135 5.67991429086036 5.934297974705084 6.118315904914894 6.194059928320399 6.160366022953179 6.04735338499735 5.883253000984713 5.6891516583985915 5.477408405787994 5.2550103110488875 5.0260862979417755 4.793240359227313 4.558238346300291 4.323707952992044 4.105249463535691 3.8986345781243608 3.7159481136360863 3.5865532030018907 3.5103081846931588 3.4492085126323504 3.407541605347757 3.435497481226175 3.4880255676421674 3.5570302600774784 3.646601770742405 3.761632568469159 3.9080183848390777 4.087458161861363 4.289554847816048 4.499964659725212 4.691333232584337 4.823094472222068 4.879885397294238 4.876725749018202 4.826009263259373 4.739228036793487 4.620450495942564 4.474990657509648 4.31873190437806 4.157892792003918 3.995778759953529 3.8486095761849026
5.120408286058392 5.361080026929046 5.594035530727509 5.795665185430348 5.939452999082673 6.005117821404692 5.990217326258401 5.9078615901211275 5.772988388290983 5.60182740933304 5.406492210355335 5.195055403160053 4.972861365466605 4.743534453315841 4.509632801735984 4.282561224881689 4.081160882558313 3.8960352002574714 3.7312517839393435 3.613234016360677 3.539629196297822 3.480496137036077 3.446564833345841 3.4523141822525485 3.4899107250760704 3.5510955501019366 3.634286667966998 3.739812931204977 3.867472473290983 4.016409711729003 4.180081854094067 4.346265943754723 4.49619740270502 4.609774902082487 4.678581820211569 4.7059792931132565 4.686833709241606 4.6277679750931515 4.533766285322656 4.411047936090039 4.262028091316573 4.102517227525466 3.9487180662278036 3.812777410423346
5.076596349174544 5.280152247751982 5.471886226189117 5.6345767383776915 5.750474889046449 5.806580004428714 5.800069984456962 5.737187191581646 5.625117200940978 5.474901720315943 5.29680417262511 5.098652214502371 4.886201562903153 4.6636742378766955 4.437489477707382 4.230056770527576 4.044622542636885 3.883557012576107 3.743943459313317 3.646612803032184 3.5824505904668134 3.529075972074783 3.4953496674653755 3.4880483026917526 3.506704689644052 3.5480380670894 3.610131667551015 3.6920378091808206 3.7922776166718264 3.9080378757442036 4.035038209604063 4.164294257437667 4.283919543947225 4.382973394927125 4.4557356741683405 4.502424285088504 4.5133650006663775 4.4839644718636364 4.418169696278817 4.321963803358889 4.196866393279707 4.053373885278845 3.915021452349855 3.790145277016733
5.002315673052779 5.173299129899319 5.330504328268361 5.461276301856625 5.55373535291658 5.599538849426585 5.595581102929224 5.544589742372836 5.449599526251079 5.3171644685694694 5.155501873734462 4.971716196261048 4.771672559044849 4.560742133606183 4.357928356729337 4.1734306391377 4.00689208962551 3.864370692025796 3.7517361663428606 3.674701433103688 3.6139852096335923 3.561385292668923 3.523109736622225 3.5035470557070627 3.5039758994923607 3.5237239376883713 3.5618279260238213 3.617345791415591 3.6887061705202737 3.773001344220898 3.8663507976929288 3.963718651882421 4.0582681059798995 4.144389625778229 4.218251868697391 4.276942603763029 4.314630236053868 4.315102754169506 4.278933134927427 4.210746995355362 4.11853300907187 4.012832965387513 3.897872137589578 3.786620332603267
4.906129774817257 5.048867344343769 5.177609480749591 5.282861817340034 5.356101860264975 5.391334461661533 5.386149790953934 5.341492793714664 5.259005790883413 5.1414034610036925 4.9950727636689205 4.826043435539931 4.639816778984462 4.452633281822146 4.278004599133905 4.116931745964229 3.9720126078097735 3.8500323689422498 3.757743959999466 3.691935682003091 3.6317686008063736 3.5768825666241137 3.5316882013585857 3.4994730548181283 3.481955356593652 3.4796833798591615 3.492727869850594 3.5209036580479665 3.563424301347199 3.6185089295449395 3.6824563468523657 3.751097834343041 3.8224313578250877 3.895831070623588 3.9703197302317665 4.0403534393083325 4.0975219373820915 4.127589456431926 4.1213232293299145 4.088375786188632 4.0361449155226685 3.968713795481941 3.890340477336518 3.8053907174762784
