_RESULTS/CROSS_VALIDATION_POSTPROCESSED/Berg/IZ/8comp/5/Berg_IZ_z_63_kriged_reverse_8comp_spherical_5.asc
ncols 100
nrows 90
xllcorner  5.6208707817415728
yllcorner 50.959635321741573
cellsize 0.00013419651685393446
nodata_value 1.7014100000000001E+038
[rows 54 to 71 of 90, columns 0 to 40 of 100]
0.06926520419902615 0.06843974630634579 0.06612774607872096 0.06273230152604843 0.058715855098979475 0.054470445709298314 0.05027505705438995 0.04630558781185811 0.04266121066714615 0.039389644751552835 0.03650645181062193 0.034008483340560156 0.03188288117334571 0.030113014262116957 0.028682415230707595 0.02770240258546537 0.027308134948452748 0.02740956551650432 0.02794579476664012 0.02867997732786055 0.02937815242569705 0.02997091815011737 0.030399165977980265 0.030619718682643536 0.03061012596521606 0.030374577079428724 0.030012653193893544 0.029587856596042347 0.029142125797225048 0.02872821294220702 0.0284069807606046 0.02824599284596918 0.028320108306765665 0.028704930703882105 0.029206212857139965 0.02970099439167397 0.030170248196895025 0.03059361495045484 0.030950415676187306 0.03122123537719821 0.03138995746781727
0.06170567664116948 0.061112522943136204 0.05942462018506138 0.05687872158102522 0.053772649806913694 0.05038891447637047 0.04695396277014383 0.04362927346651069 0.04051951375802559 0.03768611212190465 0.035160366775896894 0.03295407289793878 0.031067476592032503 0.02949501123283435 0.02822939837955275 0.027264639137788593 0.026598326782885276 0.026305992526214364 0.026456025231014143 0.026759854927791843 0.02708575032568712 0.027380560965335542 0.027601052281037288 0.027716597288846533 0.02771154638963311 0.02758657893498793 0.027377625474757108 0.027180691627960624 0.027033710789129653 0.026978489782097444 0.02706695937747626 0.02735642236877889 0.027743797707873417 0.028154475162672908 0.028574306658450396 0.028987840129563923 0.029378548779377154 0.029729351441516456 0.030023478515127953 0.030245672223374355 0.030383598760803987
0.0551938702265317 0.054757239018196485 0.0535020025640972 0.051574370102048704 0.04916984881950854 0.04648900193334845 0.0437072229174269 0.04096166197187823 0.03835059096462114 0.03593913635632921 0.03376703149650468 0.03185609098867663 0.0302165156557287 0.02885188367305119 0.027763007472255737 0.0269509417979408 0.026419440642435277 0.026177144796438206 0.026162973503156255 0.026162973503156255 0.026184417044636255 0.02624150688121088 0.026299434364063155 0.026333743384528326 0.026332193658018154 0.026295313133045728 0.026236372718274652 0.02621667620176147 0.026310421380149985 0.02648815550853279 0.026721975710036414 0.027001308630245156 0.02731487289376672 0.027650546822586875 0.027995326370969607 0.028335413418372115 0.02865647918667706 0.02894414126779637 0.02918466793424289 0.02936587533985074 0.029478117009264324
0.04960703655489272 0.049280267451450865 0.04833431264952261 0.046863207162264914 0.044998157187011 0.04288159842882739 0.04064651557262566 0.03840457378392317 0.036242212939542634 0.03422200059161395 0.03238661042815947 0.030763612077074107 0.02937008448476232 0.028216646402282775 0.027310835188500436 0.026659935367971198 0.0262734343181454 0.026162973503156255 0.026162973503156255 0.026162973503156255 0.026162973503156255 0.026162973503156255 0.026162973503156255 0.026162973503156255 0.026162973503156255 0.026162973503156255 0.026162973503156255 0.026163671149499763 0.02620964683071754 0.026320440755513853 0.02648596540854801 0.026695823777941028 0.026939167622333466 0.027204618651468258 0.027480275459419397 0.027753832601614375 0.028012837040621855 0.028245097699176862 0.028439242907631404 0.02858538790685981 0.028675835950278266
0.044834608375143616 0.044587312008935585 0.04386789321253969 0.042738881159955236 0.04129026485870046 0.03962395848707023 0.037840042096529906 0.0360274325735675 0.03426250111421703 0.03260865194098622 0.031095540449099606 0.029746623373893562 0.02858338083328483 0.02762697927444236 0.026900081156843517 0.026415678116329517 0.02618215589893188 0.026162973503156255 0.026162973503156255 0.026162973503156255 0.026162973503156255 0.026162973503156255 0.026162973503156255 0.026162973503156255 0.026162973503156255 0.026162973503156255 0.026162973503156255 0.026162973503156255 0.026164461461366428 0.026208884466536218 0.026307608511784993 0.026450459436969283 0.026627044229036577 0.026826704967212744 0.027038549729405115 0.027251576460950937 0.027454902298005224 0.027638101606214247 0.02779164011001582 0.027907371162332592 0.027979037895021357
0.04077856755295094 0.040590130497176136 0.040040000323243174 0.039170943490391436 0.03804656727010168 0.036796404408122166 0.035497228026772534 0.03417728231068271 0.03286654706341458 0.031595045604447654 0.030392124159698587 0.02928638040908475 0.02830602117508094 0.027479559114579315 0.026836874000071093 0.026410756645486214 0.026233575974730763 0.026171831288543296 0.026162973503156255 0.026162973503156255 0.026162973503156255 0.026162973503156255 0.026162973503156255 0.026162973503156255 0.026162973503156255 0.026162973503156255 0.026162973503156255 0.026162973503156255 0.026162973503156255 0.026163502717400065 0.026196854226200626 0.026274998967975454 0.026387980882044835 0.026525802110831734 0.026678461208383353 0.02683606702247696 0.026989032920005054 0.0271283483049105 0.02724591298729119 0.02733490630823444 0.02739015010847483
0.03735335600516968 0.03720937169806964 0.03679330156781249 0.03624668472646328 0.0356134635804467 0.0348905675358635 0.03408533020820643 0.03321297843882606 0.03229456074587753 0.03135538771950574 0.030423921959854657 0.029531018821861404 0.02870945955575477 0.02799379563321402 0.02742060339237563 0.0270293151987008 0.026767972600784774 0.026520320722538154 0.02631583049614452 0.026188086831339913 0.026162973503156255 0.026162973503156255 0.026162973503156255 0.026162973503156255 0.026162973503156255 0.026162973503156255 0.026162973503156255 0.026162973503156255 0.026162973503156255 0.026162973503156255 0.026162973503156255 0.026178807151458715 0.02623091842234916 0.026310292112775007 0.02640768855859825 0.026514144517024555 0.026621130893444776 0.0267207660202605 0.02680607071786226 0.02687124273617686 0.02691192085974579
0.03448550443348958 0.03446225192859666 0.034424270063679936 0.03433507895253826 0.03416687990889665 0.033902540823827376 0.03353492003739295 0.03306609241490154 0.03250656226912425 0.03187447522932482 0.03119478920154242 0.03049836945724519 0.029821035673897194 0.029202684033061924 0.02868670078646226 0.02827104159596364 0.027824353640337127 0.027366558362883247 0.02693439847198828 0.02656539819564212 0.026297370118878782 0.026168719075107958 0.026162973503156255 0.026162973503156255 0.026162973503156255 0.026162973503156255 0.026162973503156255 0.026162973503156255 0.026162973503156255 0.026162973503156255 0.026162973503156255 0.026162973503156255 0.026164596104086783 0.026188312939741866 0.026233671168433635 0.02629246744150012 0.026357025016454556 0.026420357583086636 0.026476361681117864 0.02652002013902751 0.026547594838864458
0.03230424679866162 0.032640620882527636 0.03299342367532294 0.033318678232351615 0.03357931220735944 0.03374582047622958 0.03379704430357631 0.03372098492920941 0.03351553944439319 0.03318899497316126 0.03276009500455419 0.03225754121017326 0.031718925327614396 0.03118926872808057 0.03068807343364637 0.03009335541429567 0.029420961211891875 0.028714923444848096 0.028020115881550723 0.027380319739130347 0.02683731115770298 0.026430983586429896 0.026200431245501848 0.026162973503156255 0.026162973503156255 0.026162973503156255 0.026162973503156255 0.026162973503156255 0.026162973503156255 0.026162973503156255 0.026162973503156255 0.026162973503156255 0.026162973503156255 0.026162973503156255 0.026163964181624016 0.026177863917527532 0.026202802886477188 0.026232498528379306 0.0262615286808574 0.026285481257320335 0.02630109470033929
0.03095956574294077 0.031637505043439144 0.03236582220983684 0.033096957380671026 0.03378588006443867 0.03439126832858463 0.03487729652087596 0.03521589650858449 0.03538924321320574 0.03539207718620801 0.035233388151312744 0.0349370237654824 0.034540998977915564 0.03406247297620665 0.033390543176759546 0.03255077817377277 0.03159757860028764 0.030588542465427207 0.029580259833940765 0.028625483088496717 0.027771825139499617 0.02706187131872995 0.026534463228644792 0.02622691154359472 0.026162973503156255 0.026162973503156255 0.026162973503156255 0.026162973503156255 0.026162973503156255 0.026162973503156255 0.026162973503156255 0.026162973503156255 0.026162973503156255 0.026162973503156255 0.026162973503156255 0.026162973503156255 0.026162973503156255 0.02616321402219645 0.026174340780935647 0.026243897552885403 0.026353244441426484
0.03032757067626966 0.03135022595189575 0.03246580643449729 0.03362451629789083 0.034774283350293075 0.035861845918950724 0.036835060657777426 0.03764642479068604 0.03825756120137127 0.03864407548446452 0.038799880920410784 0.03873997979283738 0.03844198783097689 0.037808289825408556 0.03688055279433667 0.03572386566477842 0.034413243952064174 0.033025777714679835 0.031634414477770836 0.030304055912038875 0.029090003124682188 0.028038373505580066 0.027187961679383307 0.026573065211688257 0.026226955841847397 0.026162973503156255 0.026162973503156255 0.026162973503156255 0.026162973503156255 0.026162973503156255 0.026162973503156255 0.026162973503156255 0.026162973503156255 0.026162973503156255 0.026162973503156255 0.026162973503156255 0.026184751071138726 0.02631702537163309 0.026536015279641372 0.02680502448752071 0.027089604607571444
0.030332981240697103 0.031724567919250574 0.0332643249845933 0.03490204537568456 0.036579744007983396 0.0382318756798885 0.03978745155660141 0.04117444073217283 0.04232647523626515 0.04319121241990906 0.043734838582599675 0.04383258464461138 0.043429590635792756 0.042559125782396276 0.041290206428381826 0.03971661230234812 0.03794372585660818 0.0360763706469572 0.034209807445538865 0.03242467759881794 0.030785576164495593 0.029342354906417175 0.0281331502478601 0.027188320207368513 0.026534779489943032 0.026200532528876493 0.026162973503156255 0.026162973503156255 0.026162973503156255 0.026162973503156255 0.026162973503156255 0.026162973503156255 0.026162973503156255 0.026162973503156255 0.026166160509804276 0.026294062156982722 0.026577463629925253 0.026974723220042587 0.027444837456680363 0.027946915428558112 0.028440593800517035
0.030939545775276734 0.032744640941830334 0.034771121305950704 0.036971363944092214 0.03928358593538753 0.041630063139975415 0.04391784833460675 0.046043168201524654 0.04790011116112878 0.04931725132331198 0.050129625864990965 0.05026441332394444 0.04970921174771092 0.04851451995270555 0.04678381512090681 0.044654754599349714 0.042277540922556256 0.039796110976966004 0.03733544688804043 0.034995626000470875 0.032851404826210635 0.030955441652849202 0.029343393388905313 0.028039629796654492 0.027062870495050604 0.02643151594403723 0.026168784749267014 0.026162973503156255 0.026162973503156255 0.026162973503156255 0.026162973503156255 0.026162973503156255 0.026162973503156255 0.026194186856504147 0.02643027386007217 0.02686196359408301 0.027447278802235006 0.028143416081518925 0.02890527997686197 0.029685124781103883 0.030433408558644567
0.032142338816658705 0.034426441671760635 0.037029969457789136 0.039912991251534635 0.043014196123233636 0.04624541875285704 0.04947490572610415 0.05249124006047909 0.05507939829707516 0.05702551462667243 0.05814840070830538 0.058335228352270355 0.05756662313709912 0.055921186971917926 0.05355753592814884 0.050681252241288784 0.04750880173367539 0.04423861301924251 0.041034005750410676 0.03801748658645154 0.035273179486164735 0.03285370994139707 0.030788674220186787 0.029092956721889905 0.027774118365969935 0.026838731587636697 0.026297927831013094 0.026162973503156255 0.026162973503156255 0.026162973503156255 0.026162973503156255 0.026162973503156255 0.026218649165091305 0.02653518999835434 0.027095704650083697 0.02786064830069351 0.028789017675687086 0.029835559074065814 0.030949010975525413 0.03207167557106476 0.033140638798148665
0.03395175136145763 0.03679848315210371 0.04008645034282201 0.043781779379885685 0.047813218775239426 0.052058392957960886 0.05633262487452277 0.06038605788402689 0.06391657278809222 0.06660464047450276 0.06816909249802025 0.06843036352390133 0.06735728703262901 0.06507570528406788 0.061834583523481604 0.05794605026823003 0.05372439807925567 0.049442392198711924 0.04531033280652945 0.04147372615638586 0.03802205640323654 0.035002056345541724 0.03243125892388543 0.03030979888759727 0.028629895606847276 0.027383244181897273 0.026566902887188583 0.026188403411061944 0.026162973503156255 0.026162973503156255 0.026162973503156255 0.026217497392305854 0.02657212527972269 0.0272241573270978 0.02813892315026255 0.029281152524494158 0.030610746986887604 0.032079220706299 0.03362716740563351 0.035183334603150075 0.03666598654363293
0.03606936948246287 0.039544076418256024 0.04359519123793865 0.04820754945595102 0.05331974416355939 0.058801431554472545 0.06443034042058775 0.06987738808429572 0.07471396909224325 0.07845751416998212 0.08066170227465087 0.0810316878665887 0.07951554663857946 0.0763215847262393 0.07185106257228598 0.06658536537823308 0.060981942996742144 0.05541110196991217 0.050135610294793714 0.04531892111713107 0.04104633683967149 0.03734846718277465 0.034221741073694 0.031644347158171236 0.02958783214881376 0.028025312705344807 0.026937414757230035 0.026316995376134265 0.026162973503156255 0.026162973503156255 0.0261916521003911 0.02652912112786078 0.027218850881875555 0.028232223601188267 0.029542771352928862 0.03112078709882431 0.03292807140885261 0.03491299005027619 0.03700641346682852 0.039119520715407294 0.041144747320918
0.038292598108306736 0.0424514603553855 0.04735709794331893 0.05302755664052072 0.059428725497406125 0.06643976979254985 0.07381124946793603 0.0811256802232356 0.08778354821894085 0.09305138010109927 0.09620314296917236 0.09673597722657852 0.09455947798069984 0.09003299937391701 0.08382322112497541 0.07668286456985159 0.06927379879272601 0.06208492424855936 0.05542687161999455 0.04946516754104784 0.04426293999523347 0.03981886658892042 0.03609596891387039 0.033041590837526086 0.030600507549544013 0.028723290481814854 0.027371739152258424 0.026522808107787923 0.026172168278453364 0.02616494040081933 0.02642014147664112 0.027080945606771066 0.02812393370472901 0.029532433444811695 0.03129053256561169 0.03337680343911534 0.03575750670955307 0.03837945066762051 0.04116326258927825 0.04399856483583241 0.04674327359801797
0.04052981405075136 0.04540791017652605 0.0512367679375767 0.05808642757891096 0.06597621083053332 0.0748272698443943 0.08439484634403167 0.09418566660471349 0.10338934122382769 0.11089435271628688 0.11548915467461086 0.11627420462588445 0.11308268133450124 0.10656853351391768 0.09787906835686856 0.08820131611440744 0.07847228564218582 0.06930262430366202 0.06102339778364319 0.05376864140582546 0.047550374794038223 0.04231378565957616 0.037975986064565745 0.03446450999590222 0.03167604935262428 0.029519883745427133 0.027930274331368063 0.02686593363889004 0.026310537052933652 0.026332350513860313 0.026860929463574407 0.02783444864235595 0.02925178428542011 0.03109444292741478 0.03335972993603843 0.0360390539231859 0.039107968424458975 0.04251583847149472 0.046174810551137584 0.04995009676171334 0.05365512495951664
