_RESULTS/CROSS_VALIDATION_POSTPROCESSED/Berg/IZ/8comp/5/Berg_IZ_z_250_kriged_reverse_8comp_spherical_5.asc
ncols 100
nrows 90
xllcorner  5.6208707817415728
yllcorner 50.959635321741573
cellsize 0.00013419651685393446
nodata_value 1.7014100000000001E+038
[rows 19 to 37 of 90, columns 0 to 42 of 100]
15.384975170458704 15.384975170458704 15.384975170458704 15.384975170458704 15.384975170458704 15.384975170458704 15.384975170458704 15.384975170458704 15.384975170458704 15.384975170458704 15.384975170458704 15.384975170458704 15.384975170458704 15.384975170458704 15.384975170458704 15.384975170458704 15.384975170458704 15.384975170458704 15.402313998449207 15.529763410410446 15.776874835869389 16.14002882835845 16.616778578347166 17.205469569626572 17.9048495983462 18.659458477256745 19.404627700178143 20.152776996194415 20.91189858447225 21.671685124187153 22.41498131299185 23.11849743375875 23.7488936798054 24.25385771298158 24.54146336511795 24.44124909327085 23.702668055997115 22.227048168093024 20.277622670027483 18.20196688245774 16.236629259280612 14.531065983247654 13.179268700043231
15.384975170458704 15.384975170458704 15.384975170458704 15.384975170458704 15.384975170458704 15.384975170458704 15.384975170458704 15.384975170458704 15.384975170458704 15.384975170458704 15.384975170458704 15.384975170458704 15.384975170458704 15.384975170458704 15.384975170458704 15.384975170458704 15.384975170458704 15.384975170458704 15.393914015233893 15.501706576377941 15.727299230937755 16.066712532622198 16.516989812783443 17.075740817163705 17.740699004933404 18.45994924427132 19.181406169847843 19.89482818539233 20.595714373776758 21.28066138188013 21.92673139840708 22.502414197916767 22.963696697248995 23.247021178893963 23.25996117202502 22.87927464438082 21.9888252300963 20.57601768577378 18.78386560640569 16.831909704848652 14.926643688407168 13.244355327875496 11.937966004794323
15.384975170458704 15.384975170458704 15.384975170458704 15.384975170458704 15.384975170458704 15.384975170458704 15.384975170458704 15.384975170458704 15.384975170458704 15.384975170458704 15.384975170458704 15.384975170458704 15.384975170458704 15.384975170458704 15.384975170458704 15.384975170458704 15.384901066265014 15.38422747162378 15.384975823314525 15.465249315712601 15.661639935785479 15.969572335252046 16.3853312907376 16.9055655756295 17.53808827354376 18.236084219925438 18.930676623723613 19.609436715289792 20.256823688169533 20.864690450916957 21.41402221613083 21.869009551255782 22.181754018524433 22.289201940295573 22.113711578363425 21.572851688780815 20.609162527270954 19.232224050620093 17.53557031488252 15.66746875868556 13.791538294930602 12.077851808929205 10.742038361674048
15.384975170458704 15.384975170458704 15.384975170458704 15.384975170458704 15.384975170458704 15.384975170458704 15.384975170458704 15.384975170458704 15.384975170458704 15.384975170458704 15.384975170458704 15.384975170458704 15.384975170458704 15.384975170458704 15.384925409334544 15.384000387847466 15.382101333175008 15.379465033837064 15.376344216231393 15.422779186341613 15.583126129758293 15.852578080118557 16.226633805525022 16.701420228904965 17.316196667751367 17.991448714166822 18.65820913586937 19.302456478347896 19.906633750175924 20.449210601126747 20.9137246381045 21.268424859894765 21.466929316298906 21.453056118185874 21.164586666048805 20.545326704306095 19.56377604514009 18.233949294732724 16.62243333681239 14.835496965938145 12.996447170522648 11.22226575004315 9.680544221044666
15.384975170458704 15.384975170458704 15.384975170458704 15.384975170458704 15.384975170458704 15.384975170458704 15.384975170458704 15.384975170458704 15.384975170458704 15.384975170458704 15.384975170458704 15.384975170458704 15.384975170458704 15.384514783003295 15.382567454438522 15.379273914897162 15.374815664143437 15.369429061172566 15.363445183334415 15.377891536020153 15.495460092837826 15.719799585621006 16.045672484705168 16.48072312540812 17.075846376559465 17.727797734036674 18.367405580471843 18.97972644249014 19.546288370053354 20.04436863604038 20.446516085217326 20.727992697457996 20.85111296728563 20.76806213239637 20.429489396481408 19.79318495005307 18.840401616559557 17.58534349282504 16.079846545430858 14.412001306283678 12.682696352147849 10.992809332332264 9.491401335761813
15.384975170458704 15.384975170458704 15.384975170458704 15.384975170458704 15.384975170458704 15.384975170458704 15.384975170458704 15.384975170458704 15.384975170458704 15.384975170458704 15.384975170458704 15.384975170458704 15.384034862139915 15.381160625560147 15.376440718507055 15.369938956352083 15.361801320609885 15.352330296275666 15.34202043958254 15.334132782890519 15.40221684279267 15.57510201430893 15.846940398256542 16.248950847177984 16.816206958761097 17.444992024460177 18.059239387217733 18.6437711224933 19.180117369823293 19.6460450154257 20.015129618471253 20.256567570353308 20.340795038881883 20.233512885950294 19.89554263018102 19.29450555287487 18.413202256240165 17.264672831620377 15.89904344740094 14.395990111254395 12.8551471631004 11.406557615730975 10.266749612956762
15.384975170458704 15.384975170458704 15.384975170458704 15.384975170458704 15.384975170458704 15.384975170458704 15.384975170458704 15.384975170458704 15.384975170458704 15.384975170458704 15.384975170458704 15.383786779924453 15.380235460814493 15.374271809387515 15.36577434034637 15.354698954387294 15.341199273651881 15.325710715169297 15.308988250969405 15.292087672580584 15.306871942590341 15.422097738653129 15.638034584027197 16.004743135284176 16.534927984034155 17.141010244004068 17.732252202880172 18.29383752818129 18.808022464502084 19.25392061915643 19.60740103553628 19.841246164712064 19.925817614606718 19.831734729184785 19.534162439313793 19.008003349180637 18.238660710608144 17.231236249560627 16.034713633860598 14.723158964657369 13.390846085632067 12.161989581086564 11.197487811082228
15.384975170458704 15.384975170458704 15.384975170458704 15.384975170458704 15.384975170458704 15.384975170458704 15.384975170458704 15.384975170458704 15.384975170458704 15.384975170458704 15.383901083865076 15.380074906459573 15.373288407611927 15.363187493200513 15.349438997746953 15.33189964324645 15.31076005171011 15.286651602759822 15.260698160732217 15.234492367067313 15.212823025516197 15.264089898061306 15.42466940524449 15.746758873721618 16.23020421987597 16.81212536487592 17.382848986380754 17.926410852550433 18.42624675885914 18.863281475174787 19.216095738969933 19.461306804217507 19.574285250975127 19.530353275489258 19.30658198485511 18.88523208409332 18.2560067182102 17.425922461525843 16.424397368353436 15.312423139680515 14.17100361556272 13.098911432096338 12.216395310252436
15.384975170458704 15.384975170458704 15.384975170458704 15.384975170458704 15.384975170458704 15.384975170458704 15.384975170458704 15.384975170458704 15.384975170458704 15.384319011775268 15.380727374561816 15.373730960394058 15.362744609830752 15.347085337837974 15.326181014069675 15.299770300022205 15.26808627447313 15.23200586437997 15.193136446658285 15.153803177881453 15.116901831421503 15.104020429154636 15.205687044453883 15.473695349764451 15.901945656311495 16.453221112041078 17.005836120117 17.536092637148524 18.02874441097279 18.466586708888585 18.8308665467304 19.10182985133663 19.259432731009298 19.284239166138253 19.15847865219255 18.86717354722311 18.401285154539202 17.776084515271798 17.00426528013795 16.104626160971623 15.13524378731031 14.170290456211696 13.316374893668101
15.384975170458704 15.384975170458704 15.384975170458704 15.384975170458704 15.384975170458704 15.384975170458704 15.384975170458704 15.384975170458704 15.384801424046685 15.381994996896909 15.375490913158584 15.364544722293832 15.34813607554022 15.325200183922647 15.294863872185715 15.256689128368977 15.210916526184995 15.15868609008327 15.102194261621033 15.044726443759343 14.99049515739066 14.944230468890712 14.980016163586052 15.184264583099258 15.54915568996339 16.058202985636925 16.59513414739788 17.116732822460317 17.60885542257018 18.05581492801967 18.441051366579476 18.747838011317224 18.959990557804282 19.062547761484698 19.046280959976144 18.90333918829839 18.629326390912805 18.238833360049583 17.72869807458417 17.077703208582964 16.271147412963522 15.37034066028397 14.501496631417215
15.384975170458704 15.384975170458704 15.384975170458704 15.384975170458704 15.384975170458704 15.384975170458704 15.384975170458704 15.384975170458704 15.383479586387372 15.378142008833565 15.368189097864423 15.35236723109363 15.329161301364616 15.297040198885965 15.25472483341267 15.201486820265671 15.137474750724081 15.064045628714313 14.984048753901593 14.9019696989383 14.823806115003741 14.756573032887596 14.746653721385622 14.877094631686722 15.1708626865945 15.620461404530403 16.144613698360466 16.662738579444973 17.161163317963073 17.624938418813375 18.038837251416087 18.388232623757066 18.664219460979268 18.863339862765795 18.9729614936608 18.98200630427276 18.899852361487525 18.745476476798892 18.516939421171188 18.165138681927004 17.536376743333467 16.64027222990262 15.714895109460258
15.384975170458704 15.384975170458704 15.384975170458704 15.384975170458704 15.384975170458704 15.384975170458704 15.384975170458704 15.38465606018273 15.381054751730572 15.372902229194601 15.358903720972073 15.337250093447018 15.305852170255438 15.26259666912593 15.205645178303797 15.133794238774165 15.046905719911246 14.946395622882983 14.83572714635512 14.72078328853337 14.609903977066866 14.51349371301153 14.481597789318545 14.550529835436699 14.766010914195737 15.143661223435426 15.649048850125169 16.170529960526387 16.683436630159022 17.17231627878945 17.62267655194415 18.03393473768092 18.397033688587257 18.698766705693362 18.928224882154908 19.077504306211278 19.168998178637803 19.22382422592961 19.254871078591293 19.261102351194364 18.83937951782429 17.8478601767663 16.861460533940956
15.388500104433117 15.388105672421093 15.387064671501463 15.385799638948072 15.385000756402533 15.384975170458704 15.384975170458704 15.3835328313378 15.377747219831972 15.366485187488912 15.347892254755626 15.319552383824245 15.278711256968643 15.22253271269401 15.148418495652136 15.054424309311878 14.939804068315837 14.80569951744804 14.655945702455503 14.497857719406573 14.34268255113977 14.20531403280646 14.137846357492002 14.178376954412608 14.333261826669599 14.638355652982554 15.105268090161427 15.640185280628282 16.17857884264867 16.705292162061813 17.22165207184273 17.71396098385485 18.167152274116187 18.56888731852249 18.909194647801243 19.182940135056846 19.41794996599971 19.627800237450973 19.813705240003713 19.93417647606502 19.633573340008073 18.78195722067088 17.844544127237572
15.418170793852282 15.416887742909521 15.413198748716322 15.407578548993179 15.400799892200293 15.393907954164456 15.388103880143719 15.381990789480863 15.37380837463439 15.359219562312623 15.335640622062021 15.300003647661297 15.248800567402283 15.178323088642937 15.084980973438606 14.965749554773442 14.81881121651685 14.644461537388075 14.446322932747133 14.232792011778303 14.018356527176499 13.823904029827757 13.703013020087404 13.70301946394958 13.836282317725615 14.106680937687258 14.523737152763655 15.077435509263909 15.659991651143814 16.260385807284237 16.860069143666742 17.44008058325595 17.985255489241254 18.48360657074467 18.925347108742198 19.30682567258627 19.653471069085075 19.96296857436899 20.2066873703575 20.29606325021041 20.05643623013124 19.44071116989865 18.648006347638717
15.476704293926351 15.47447111536296 15.467954142637344 15.457693401510495 15.444564346662021 15.429744119159775 15.414103101163986 15.395768172486541 15.375060078985431 15.35184112829413 15.322870875959776 15.279709262315139 15.217756960348709 15.132304363177095 15.018542086680252 14.871991985367622 14.6891872801163 14.46874602922263 14.213013225430347 13.930393434842586 13.638179053380956 13.36478237688779 13.16739328178193 13.110013027756981 13.21734378842171 13.49590249781341 13.93097512886797 14.4987420946268 15.167501265147054 15.86202826274513 16.55591644382255 17.229174120169926 17.866814454653092 18.45728368291953 18.990798637033215 19.46354863096089 19.894217829477704 20.265878015176924 20.53452947835648 20.622466406111283 20.441593490922525 19.978950581976367 19.33333229191562
15.562574461879834 15.559315575952242 15.54974986049444 15.534499759480797 15.514569517763446 15.491300157535282 15.464985158473283 15.43391390537925 15.398729216827684 15.359133502191547 15.31377256737084 15.26008653301179 15.187709461689611 15.087587857796633 14.953531140648604 14.7792869644818 14.559156226516853 14.289088091968912 13.968595304817367 13.603958563364804 13.213126552905957 12.831815255698261 12.526652461374601 12.388488044563246 12.467900301684296 12.774530429073586 13.273850299050881 13.936302120845962 14.7243793963904 15.535487639526055 16.33168443216849 17.10029662597618 17.827611702464946 18.503132445068044 19.117373294439275 19.665089942599 20.157700871212043 20.57017344444988 20.85734425421563 20.96184693898606 20.837433841535486 20.485609595984958 19.96567036085918
15.674303930446944 15.669926427025969 15.657041254560122 15.636376109496696 15.609098354252303 15.576754103299454 15.538970355384407 15.494583414345248 15.444403549083367 15.388081044342508 15.32410784699801 15.249784491994687 15.16114357147022 15.047796538931957 14.89527229499035 14.695343636516563 14.439697308990254 14.120766214450263 13.73353504974234 13.279074822231978 12.771172741369774 12.247807570847986 11.789836238316012 11.532942765343224 11.586607338071763 11.962999006582523 12.58793507988359 13.387624716254193 14.293312197578137 15.25765046948254 16.191583192215443 17.067399677049604 17.87986763840793 18.62950776567575 19.311261990813495 19.918104337713142 20.455704402320382 20.897373214698238 21.203349683409005 21.333420428451326 21.263067133512532 20.99535406995889 20.56293673898777
15.810444220672487 15.804833377545016 15.78829557896538 15.761694855110997 15.72640768620556 15.684231419432829 15.634215581200154 15.575894571341523 15.510245142052865 15.436997397007978 15.354623749455095 15.26027355642016 15.149651963820448 15.016835547391022 14.849342650194833 14.628555800861513 14.343411926439211 13.982622201350845 13.535694904500525 12.995769068307848 12.365889219957795 11.67306027063724 11.000614661730197 10.550470458498621 10.587202448719282 11.122882457989096 11.952903778694482 12.91655679292819 13.939491909207224 14.99009309036613 16.04583305837598 17.0391277109178 17.953732189856904 18.787510613758233 19.536717320185552 20.195871747209125 20.768206114241224 21.230234022250862 21.548396745445498 21.69265084394562 21.6469344130581 21.417261543782608 21.03170573466645
15.969555824168454 15.962568792501902 15.941965301685757 15.90878904270425 15.86468851068695 15.811750336673047 15.748772274397396 15.675870537789432 15.594329141500562 15.50411086779911 15.403829904569221 15.290670900754971 15.160245968637142 15.006372577959839 14.820748304043116 14.586579158942218 14.282305560495493 13.89372532338919 13.405788677433506 12.804011411886279 12.07802644636945 11.23003320451609 10.300094846518288 9.49005267659562 9.534335702246297 10.417254917949332 11.49575464289675 12.607210217146426 13.717291121566525 14.816595867171802 15.901557460745178 16.9658119287024 17.9570895920736 18.856507367560116 19.66054801346647 20.362643026053817 20.962002206828092 21.439781992758938 21.76873957333248 21.927047851503055 21.905059348272395 21.709638435699837 21.363701015093717
