_RESULTS/CROSS_VALIDATION_POSTPROCESSED/MHZ/TZ/7comp/4/MHZ_TZ_z_63_kriged_reverse_7comp_spherical_4.asc
ncols 100
nrows 81
xllcorner 5.5967107548124995
yllcorner 50.982328804812504
cellsize 0.00017565037499993607
nodata_value 1.7014100000000001E+038
[rows 0 to 18 of 81, columns 44 to 87 of 100]
1.1621503807459461 1.2039345176833196 1.2511159633772606 1.3019606732937246 1.3546762085161317 1.4074189699315274 1.4582991818914786 1.5053934103224431 1.5467695478658363 1.580525893734218 1.6048437774288826 1.6180516264693274 1.620043013535862 1.620043013535862 1.620043013535862 1.620043013535862 1.620043013535862 1.620043013535862 1.620043013535862 1.620043013535862 1.620043013535862 1.620043013535862 1.620043013535862 1.620043013535862 1.620043013535862 1.620043013535862 1.620043013535862 1.620043013535862 1.620043013535862 1.620043013535862 1.620043013535862 1.620043013535862 1.620043013535862 1.620043013535862 1.620043013535862 1.620043013535862 1.620043013535862 1.620043013535862 1.620043013535862 1.620043013535862 1.620043013535862 1.620043013535862 1.620043013535862 1.620043013535862
1.0942978960233887 1.1411639118938262 1.1935645774535553 1.2498609327238528 1.3082009043536857 1.3667126285057987 1.423489466924648 1.4765892334052364 1.5240511802168308 1.5639308580413462 1.5943511838109012 1.6135669110471933 1.620043013535862 1.620043013535862 1.620043013535862 1.620043013535862 1.620043013535862 1.620043013535862 1.620043013535862 1.620043013535862 1.620043013535862 1.620043013535862 1.620043013535862 1.620043013535862 1.620043013535862 1.620043013535862 1.620043013535862 1.620043013535862 1.620043013535862 1.620043013535862 1.620043013535862 1.620043013535862 1.620043013535862 1.620043013535862 1.620043013535862 1.620043013535862 1.620043013535862 1.620043013535862 1.620043013535862 1.620043013535862 1.620043013535862 1.620043013535862 1.620043013535862 1.620043013535862
1.0262435966675036 1.080443226036834 1.139538092819196 1.201262380066651 1.264861420570849 1.3286496346313479 1.390736877765986 1.449189857320434 1.5020425414682812 1.5473283084618121 1.583130605118424 1.60764851683056 1.619273110264017 1.620043013535862 1.620043013535862 1.620043013535862 1.620043013535862 1.620043013535862 1.620043013535862 1.620043013535862 1.620043013535862 1.620043013535862 1.620043013535862 1.620043013535862 1.620043013535862 1.620043013535862 1.620043013535862 1.620043013535862 1.620043013535862 1.620043013535862 1.620043013535862 1.620043013535862 1.620043013535862 1.620043013535862 1.620043013535862 1.620043013535862 1.620043013535862 1.620043013535862 1.620043013535862 1.620043013535862 1.620043013535862 1.620043013535862 1.620043013535862 1.620043013535862
0.9596319176065901 1.0211262823335245 1.087521904747917 1.1560546567167806 1.2244350463273501 1.2921546988560106 1.3584982198465383 1.421707288371999 1.4798229581494122 1.530683200432339 1.571960985153674 1.601276332509263 1.617281574448247 1.620043013535862 1.620043013535862 1.620043013535862 1.620043013535862 1.620043013535862 1.620043013535862 1.620043013535862 1.620043013535862 1.620043013535862 1.620043013535862 1.620043013535862 1.620043013535862 1.620043013535862 1.620043013535862 1.620043013535862 1.620043013535862 1.620043013535862 1.620043013535862 1.620043013535862 1.620043013535862 1.620043013535862 1.620043013535862 1.620043013535862 1.620043013535862 1.620043013535862 1.620043013535862 1.620043013535862 1.620043013535862 1.620043013535862 1.620043013535862 1.620043013535862
0.8963327319973636 0.9626557018868123 1.0333374491154677 1.1063127620767876 1.1795733486263706 1.2509925484665718 1.3200078250173144 1.3866436792305257 1.4491065273074557 1.5053257407112495 1.5529830503387627 1.5895892473326794 1.6126083871999757 1.6198570443351636 1.620043013535862 1.620043013535862 1.620043013535862 1.620043013535862 1.620043013535862 1.620043013535862 1.620043013535862 1.620043013535862 1.620043013535862 1.620043013535862 1.620043013535862 1.620043013535862 1.620043013535862 1.620043013535862 1.620043013535862 1.620043013535862 1.620043013535862 1.620043013535862 1.620043013535862 1.620043013535862 1.620043013535862 1.620043013535862 1.620043013535862 1.620043013535862 1.620043013535862 1.620043013535862 1.620043013535862 1.620043013535862 1.620043013535862 1.620043013535862
0.8359051963787648 0.9053614552992794 0.9785738818142242 1.0539741439351817 1.1300038591431716 1.204928915165852 1.2767220305889315 1.3451809731274795 1.410499149618555 1.4707243605801197 1.5235675430113111 1.5664750223796924 1.5967556606422375 1.6117599163397696 1.6173934737857527 1.6199844031429762 1.620043013535862 1.620043013535862 1.620043013535862 1.620043013535862 1.620043013535862 1.620043013535862 1.620043013535862 1.620043013535862 1.620043013535862 1.620043013535862 1.620043013535862 1.620043013535862 1.620043013535862 1.620043013535862 1.620043013535862 1.620043013535862 1.620043013535862 1.620043013535862 1.620043013535862 1.620043013535862 1.620043013535862 1.620043013535862 1.620043013535862 1.620043013535862 1.620043013535862 1.620043013535862 1.620043013535862 1.620043013535862
0.7826922687472556 0.8530818192134044 0.9264778564333849 1.001921663558965 1.0783487740162208 1.154451656220809 1.228569660665556 1.2986672404322643 1.365350256809788 1.4282435580164403 1.4850996038765318 1.5333077707727085 1.5700230545300748 1.5923538367495988 1.6044120252681908 1.6137209609576098 1.6191447245977229 1.620043013535862 1.620043013535862 1.620043013535862 1.620043013535862 1.620043013535862 1.620043013535862 1.620043013535862 1.620043013535862 1.620043013535862 1.620043013535862 1.620043013535862 1.620043013535862 1.620043013535862 1.620043013535862 1.620043013535862 1.620043013535862 1.620043013535862 1.620043013535862 1.620043013535862 1.620043013535862 1.620043013535862 1.620043013535862 1.620043013535862 1.620043013535862 1.620043013535862 1.620043013535862 1.620043013535862
0.7399630837530162 0.8082070952947624 0.8790634517983573 0.9520330190894288 1.0264604196477143 1.1014307828400096 1.1756535744804448 1.2473511553803593 1.3146912775359316 1.378987969682467 1.4387480946468978 1.4913069816647642 1.5336654691875313 1.5626873760934623 1.5815582662342313 1.5979162212672486 1.6105692538396068 1.6182625672555084 1.620043013535862 1.620043013535862 1.620043013535862 1.620043013535862 1.620043013535862 1.620043013535862 1.620043013535862 1.620043013535862 1.620043013535862 1.620043013535862 1.620043013535862 1.620043013535862 1.620043013535862 1.620043013535862 1.620043013535862 1.620043013535862 1.620043013535862 1.620043013535862 1.620043013535862 1.620043013535862 1.620043013535862 1.620043013535862 1.620043013535862 1.620043013535862 1.620043013535862 1.620043013535862
0.7085656214053938 0.7714146484847649 0.8370865779974328 0.9052308717481115 0.9754545193670824 1.047173261779846 1.1194536875440915 1.190855323677847 1.2593010961282929 1.3239448126707272 1.3856139802875944 1.4416571064233463 1.4889181826646025 1.524014068752257 1.549970106876983 1.5737154872273451 1.5938755179506658 1.6090924637479112 1.6180939498876514 1.620043013535862 1.620043013535862 1.620043013535862 1.620043013535862 1.620043013535862 1.620043013535862 1.620043013535862 1.620043013535862 1.620043013535862 1.620043013535862 1.620043013535862 1.620043013535862 1.620043013535862 1.620043013535862 1.620043013535862 1.620043013535862 1.620043013535862 1.620043013535862 1.620043013535862 1.620043013535862 1.620043013535862 1.620043013535862 1.620043013535862 1.620043013535862 1.620043013535862
0.6867883961968756 0.7418220454046572 0.8002302555396572 0.8616348202329522 0.9258163701575306 0.992486447169374 1.0610666409825658 1.130469973162681 1.198912364337414 1.2640588022505925 1.3268126650006786 1.3855994766208155 1.4370980848054205 1.477676660123615 1.5109766596000929 1.5423848788577639 1.5702929337821838 1.5932086778245784 1.609777518095939 1.6187628965810263 1.6202058745074521 1.6204572230697218 1.620617362220724 1.6205988612727495 1.620411172236808 1.6201602951460754 1.620043013535862 1.620043013535862 1.620043013535862 1.620043013535862 1.620043013535862 1.620043013535862 1.620043013535862 1.620043013535862 1.620043013535862 1.620043013535862 1.620043013535862 1.620043013535862 1.620043013535862 1.620043013535862 1.620043013535862 1.620043013535862 1.620043013535862 1.620043013535862
0.6686462669945133 0.7162185603166673 0.7672182256784987 0.8208255096850512 0.87756880514499 0.9377794326213952 1.0012585084014394 1.0672959587763475 1.1344183130215082 1.2002200519871162 1.2635107130691916 1.3244708051648206 1.3796474582052587 1.4252668992839352 1.4661477918603656 1.505378627913003 1.5412336313229453 1.5728701103619311 1.5986802775187687 1.616908075591469 1.6260012026730122 1.627613493953177 1.6282833386930053 1.6282098244592351 1.6274036871862911 1.6259851757762098 1.6241791351780444 1.6223062229024556 1.6207712963252054 1.6200502481506507 1.620043013535862 1.620043013535862 1.620043013535862 1.620043013535862 1.620043013535862 1.620043013535862 1.620043013535862 1.620043013535862 1.620043013535862 1.620043013535862 1.620043013535862 1.620043013535862 1.620043013535862 1.620043013535862
0.6490216767098047 0.6889593489565035 0.7328201812482076 0.7800029381482615 0.8301704406634876 0.8832048283250391 0.9405542572218933 1.002232677540864 1.067083786680153 1.132879770437897 1.1969523637326833 1.259719378988919 1.3181429267161078 1.3687781067855362 1.4173752976080893 1.466038591903266 1.512843707479645 1.5553776406834139 1.5914410609051979 1.619123390887311 1.6368138785628106 1.6432465726755503 1.644463148749426 1.6443305937364112 1.6428612521973869 1.6401932064319737 1.636583732727339 1.6323976541300669 1.6280920428185237 1.6241990639383765 1.6213087734722798 1.6200534028775255 1.620043013535862 1.620043013535862 1.620043013535862 1.620043013535862 1.620043013535862 1.620043013535862 1.620043013535862 1.620043013535862 1.620043013535862 1.620043013535862 1.620043013535862 1.620043013535862
0.627196990727218 0.6596126516095759 0.6958976697888137 0.7358550121461681 0.7796453259971341 0.8275068586182993 0.8793451364258827 0.936052818458593 0.9980830382426564 1.0633330070175397 1.1284951325593848 1.19292163168547 1.2542931216380404 1.3112453921312839 1.3707151699340534 1.4309303703106773 1.489129721915268 1.542639262250376 1.589000239638436 1.6260947599790936 1.6522106116133468 1.66598504737198 1.668624441011069 1.6684280738856982 1.6662425124355447 1.662227953192708 1.6566818087164734 1.6500233636853083 1.6427737113200922 1.6355334269487813 1.6289604679075815 1.6237504062447468 1.6206204170277307 1.620043013535862 1.620043013535862 1.620043013535862 1.620043013535862 1.620043013535862 1.620043013535862 1.620043013535862 1.620043013535862 1.620043013535862 1.620043013535862 1.620043013535862
0.6034803741950476 0.6287026901067783 0.6572880168371176 0.6894920246185735 0.7260526778336572 0.7679266658646806 0.8157981697755867 0.8694334142046176 0.9285664897620463 0.9931525136303354 1.0596515599118868 1.125807283512798 1.1917205430577076 1.2588282283065542 1.3296992109188481 1.4014280277712918 1.4710156124397984 1.5355025729786012 1.5921280456033768 1.6385128367965802 1.6727971434462177 1.6936334386501681 1.7001942501894285 1.6999286638764606 1.6969667937137098 1.6914957702399358 1.683861868449717 1.6745505796672042 1.6641605727812525 1.6533748336814573 1.6429323586952513 1.6336032610914006 1.6261691999778998 1.6214099187133961 1.620043013535862 1.620043013535862 1.620043013535862 1.620043013535862 1.620043013535862 1.620043013535862 1.620043013535862 1.620043013535862 1.620043013535862 1.620043013535862
0.5789284160134573 0.5973210429390278 0.6182278476709424 0.6423329712127721 0.6709962796866428 0.7060310572181632 0.749095693238114 0.8007680673020101 0.8596946553325596 0.9240065431497173 0.9920650666773414 1.0623622756040192 1.1352984011180682 1.2133300320053937 1.295455641639005 1.3785787834448529 1.4594614989408112 1.5348362853157342 1.6015958814752467 1.6570415657074629 1.699115985537795 1.726477512074039 1.7382854716809597 1.7381638647571018 1.7343619723800219 1.7273176082241788 1.7174348530900967 1.7053176457927255 1.6916587476569291 1.677115921343518 1.6625245148678052 1.6488619200337291 1.6369852413687065 1.6276920144656493 1.6217958907934562 1.620043013535862 1.620043013535862 1.620043013535862 1.620043013535862 1.620043013535862 1.620043013535862 1.620043013535862 1.620043013535862 1.620043013535862
0.5550212743880972 0.5669638673487709 0.580312002252548 0.5960688065693869 0.6162089974368763 0.6435921941916237 0.6812042304120063 0.7306693359535805 0.790886346675641 0.8577839761067815 0.9295382367360074 1.0057846985392933 1.0873076942844908 1.1760482492407405 1.269175363894555 1.363460557430268 1.4554314756949678 1.5414890732899365 1.618129170404851 1.6822653384152275 1.7315855004783172 1.7647514961038269 1.7812010443617208 1.7826363668344807 1.779428448161323 1.7727574884447106 1.7625056152568213 1.7488775638076357 1.7323798272760835 1.7137814168451753 1.6940630556358454 1.6743632741367163 1.65592927324592 1.6400784749371926 1.628174387244602 1.6215364103804129 1.620043013535862 1.620043013535862 1.620043013535862 1.620043013535862 1.620043013535862 1.620043013535862 1.620043013535862 1.620043013535862
0.5333845726168646 0.5393732870613037 0.545459705548087 0.5527325024867215 0.5636448568512806 0.5823436888202596 0.6138862403522751 0.661479674613151 0.723834725031255 0.7965067290641658 0.8752081889314325 0.9578934685652077 1.0493368027738936 1.1483771668136407 1.2520829126875535 1.357135844662071 1.4598355238884608 1.5562229507549625 1.6423338156335416 1.7146070358382177 1.7704049850314159 1.8093620347550614 1.8328169872312334 1.8405527065207146 1.8405248233181353 1.8354562631675504 1.8251841805405373 1.8099392493630768 1.7903236034232761 1.76725885877757 1.7419149646621608 1.7156335661352846 1.6898579551631048 1.6660778814047854 1.6457935794415839 1.6305003308972128 1.6216928580137895 1.620043013535862 1.620043013535862 1.620043013535862 1.620043013535862 1.620043013535862 1.620043013535862 1.620043013535862
0.5155744583488409 0.5164091154230501 0.5159243258347246 0.5149079868198454 0.5158183442565002 0.5241312442318021 0.5486431116496042 0.5957056256409415 0.6625114696142399 0.7434137874880768 0.8309016214325625 0.9222266497827319 1.023103097613825 1.1317497983459952 1.2453607301423417 1.3605655874239149 1.4734355925137084 1.5796123930660124 1.6742995554156193 1.753804112543677 1.8184629566856791 1.8672102714896028 1.8992942092929923 1.9141725276196806 1.9178882177270489 1.9148096200250586 1.9047010479756912 1.887794521614268 1.8647955398373557 1.836814302757684 1.8052642865810025 1.7717521516694787 1.7379782990823995 1.7056595618986605 1.6764787923125721 1.6520616704393456 1.633978542209602 1.6237678280306318 1.6203969198344492 1.620043013535862 1.620043013535862 1.620043013535862 1.620043013535862 1.620043013535862
0.5029117177741422 0.49990187115445384 0.49426307874573294 0.486074274456781 0.4767904410148045 0.4717690698098417 0.48668944457880176 0.5371679103820449 0.6132113110761361 0.7029928338776639 0.7996968035112011 0.9011844169352841 1.010339058183888 1.1274947013465675 1.2497821957669293 1.371988107627996 1.4902338945375493 1.600769968978825 1.7008116981881511 1.790131443255926 1.8654869265294405 1.924541602880561 1.9665018686136535 1.9911781122306162 2.0030650406625794 2.006262657306739 1.999395138302979 1.9815643416534 1.954999261745332 1.9216608502568593 1.8832766274848618 1.8417987378808187 1.7992620981548957 1.757677662295186 1.7189645816095125 1.6849191540951671 1.65721575818235 1.637433923608396 1.6267539396307846 1.6212768885624802 1.620043013535862 1.620043013535862 1.620043013535862 1.620043013535862
