_RESULTS/CROSS_VALIDATION_POSTPROCESSED/MHZ/TZ/7comp/4/MHZ_TZ_z_0_kriged_reverse_7comp_spherical_4.asc
ncols 100
nrows 81
xllcorner 5.5967107548124995
yllcorner 50.982328804812504
cellsize 0.00017565037499993607
nodata_value 1.7014100000000001E+038
[rows 57 to 75 of 81, columns 42 to 83 of 100]
0.0963076890400541 0.10080578920972942 0.10527223329701785 0.10999880189138594 0.1145225017923143 0.11836992222785919 0.12129783205724065 0.12317976521696386 0.1239598237761935 0.12362159622774573 0.1221669948792362 0.11961283684598374 0.11600346198405796 0.11143118103004368 0.10605840708881159 0.10020692978641346 0.09422554459460716 0.08845349591948595 0.08290853676906976 0.07769866553941981 0.07266764651510157 0.06754846378709606 0.06265503603253939 0.05822341636680288 0.054415574934919 0.051337668571248274 0.04906193267589671 0.04764888095884518 0.04716892094350367 0.04722947736705071 0.04732697029026831 0.04744991032731268 0.04758290321987694 0.04770689196819525 0.047799767283105546 0.04783705603855499 0.04783706093979696 0.04783706093979696 0.04783706093979696 0.04783706093979696 0.04783706093979696 0.04783706093979696
0.10072179999121497 0.10589879763213518 0.10974715373669797 0.11315447199571932 0.11608224735351698 0.11809845962731642 0.11896800377717623 0.11864269536033203 0.11718430912691911 0.11470941238081105 0.11135305859397687 0.10725598977978246 0.10256779693740203 0.09745563931828588 0.09211019735000596 0.08674439396440382 0.08158471800262387 0.07673076284310103 0.07210789947443814 0.06792757536288296 0.0642878789773729 0.0607374582395402 0.05735654885490122 0.05428660166817949 0.051673833787132466 0.04963818949324033 0.048278851227704374 0.047691310348972796 0.04768379459060358 0.04771118098885289 0.047751858692958386 0.04779576302273577 0.04782907393633709 0.04783706093979696 0.04783706093979696 0.04783706093979696 0.04783706093979696 0.04783706093979696 0.04783706093979696 0.04783706093979696 0.04783706093979696 0.04783706093979696
0.10594454875005148 0.11208689615229267 0.11669332056854945 0.11923973406564183 0.12051803600479685 0.12053582419876284 0.11913223715890127 0.11644677372712507 0.11273937254106459 0.10828263075187651 0.1033142868113707 0.09803047207762805 0.0925975203008067 0.08716687471273017 0.08188579089729606 0.07690194440998764 0.07231072142010472 0.06798444555791791 0.06403768138091777 0.060617434715288694 0.057855511508194964 0.05541221827813443 0.05311101973083375 0.051089666007975834 0.0494680824365774 0.04835420403224173 0.047853712070012516 0.04783706093979696 0.04783706093979696 0.04783706093979696 0.04783706093979696 0.04783706093979696 0.04783706093979696 0.04783706093979696 0.04783706093979696 0.04783706093979696 0.04783706093979696 0.04783706093979696 0.04783706093979696 0.04783706093979696 0.04783706093979696 0.04783706093979696
0.11182739157203529 0.11927068807803975 0.12509788093705662 0.12837840763780983 0.12846191254722508 0.1261867688556018 0.12219202195852703 0.11690211886050066 0.11083846579802821 0.10442216810755639 0.09794729792206897 0.09160954185910557 0.08554329638897415 0.07985038044453927 0.07461808551784394 0.0698995626808099 0.06554782065831967 0.061605286551407235 0.05816556622572398 0.05532137713035075 0.05316639295988276 0.0515666387734709 0.050128424902851076 0.0489523378811397 0.04815128823951029 0.04783782944055378 0.04783706093979696 0.04783706093979696 0.04783706093979696 0.04783706093979696 0.04783706093979696 0.04783706093979696 0.04783706093979696 0.04783706093979696 0.04783706093979696 0.04783706093979696 0.04783706093979696 0.04783706093979696 0.04783706093979696 0.04783706093979696 0.04783706093979696 0.04783706093979696
0.11807721370730494 0.1272320810908039 0.13481701310625743 0.13939855931962772 0.13973578802543074 0.13562641590086802 0.12840847962208646 0.1200148584287384 0.11132847754638565 0.10287086555560096 0.09491353307934988 0.08758391256039252 0.08093773879990432 0.07500041463630781 0.0697563066101354 0.06503092114442026 0.060822288821454136 0.057169639026190405 0.054119585478982817 0.05172668862907092 0.05005705796661944 0.04908865861079166 0.04836898110413221 0.04792528077462499 0.04783706093979696 0.04783706093979696 0.04783706093979696 0.04783706093979696 0.04783706093979696 0.04783706093979696 0.04783706093979696 0.04783706093979696 0.04783706093979696 0.04783706093979696 0.04783706093979696 0.04783706093979696 0.04783706093979696 0.04783706093979696 0.04783706093979696 0.04783706093979696 0.04783706093979696 0.04783706093979696
0.12416684074204745 0.1354542782834442 0.14556502005843144 0.15230186241741728 0.1531308043163897 0.1474837994610034 0.13751861378471958 0.12573862666706326 0.11406070838731243 0.10343810939327303 0.09398982918843164 0.08569604886099395 0.0784917964502468 0.07224149303495297 0.06674165633380512 0.061947147583788734 0.05783646054265449 0.05440477411682193 0.05166313604257273 0.04963968856619138 0.04838389328534651 0.04792896846131447 0.04783706093979696 0.04783706093979696 0.04783706093979696 0.04783706093979696 0.04783706093979696 0.04783706093979696 0.04783706093979696 0.04783706093979696 0.04783706093979696 0.04783706093979696 0.04783706093979696 0.04783706093979696 0.04783706093979696 0.04783706093979696 0.04783706093979696 0.04783706093979696 0.04783706093979696 0.04783706093979696 0.04783706093979696 0.04783706093979696
0.12925599568246168 0.14285499675112143 0.15636835704097896 0.1669430257111408 0.1688164403349821 0.1600882154980964 0.1464295135936071 0.1319874389846904 0.11830232912762581 0.10593731016978554 0.09507751875095354 0.08582878815228126 0.07792076262719695 0.07114396822840931 0.06536391426332785 0.0604820001111918 0.05643046635769608 0.053168596044221354 0.05068100877942124 0.048978685322060254 0.04805596526471616 0.04783706093979696 0.04783706093979696 0.04783706093979696 0.04783706093979696 0.04783706093979696 0.04783706093979696 0.04783706093979696 0.04783706093979696 0.04783706093979696 0.04783706093979696 0.04783706093979696 0.04783706093979696 0.04783706093979696 0.04783706093979696 0.04783706093979696 0.04783706093979696 0.04783706093979696 0.04783706093979696 0.04783706093979696 0.04783706093979696 0.04783706093979696
0.13226741791554786 0.14757225409098118 0.16443050830580871 0.18149610274910166 0.18652998554595596 0.17058383298420113 0.1525552765519505 0.1359563017478757 0.12114888300826344 0.10816267701011918 0.09683599088599881 0.08703512131997825 0.07862783621001218 0.07148164833746588 0.06547137945452278 0.06048393144732913 0.05642135955332184 0.053202928974180025 0.05076667061205866 0.04907087670684722 0.048095951126336245 0.04783706093979696 0.04783706093979696 0.04783706093979696 0.04783706093979696 0.04783706093979696 0.04783706093979696 0.04783706093979696 0.04783706093979696 0.04783706093979696 0.04783706093979696 0.04783706093979696 0.04783706093979696 0.04783706093979696 0.04783706093979696 0.04783706093979696 0.04783706093979696 0.04783706093979696 0.04783706093979696 0.04783706093979696 0.04783706093979696 0.04783706093979696
0.13233352301716045 0.14764477267925313 0.1647830101257353 0.1830662881892209 0.18941668061547415 0.17145973526319602 0.15299242269701316 0.1363011559369953 0.12145285413323616 0.10838901025311619 0.0970013129805293 0.08715795873661722 0.07872005473950565 0.07155122910075666 0.0655238760799985 0.06052329881993163 0.056450455222722656 0.053223831077159944 0.05078088627017605 0.04907948123747687 0.04809968107319329 0.04783706093979696 0.04783706093979696 0.04783706093979696 0.04783706093979696 0.04783706093979696 0.04783706093979696 0.04783706093979696 0.04783706093979696 0.04783706093979696 0.04783706093979696 0.04783706093979696 0.04783706093979696 0.04783706093979696 0.04783706093979696 0.04783706093979696 0.04783706093979696 0.04783706093979696 0.04783706093979696 0.04783706093979696 0.04783706093979696 0.04783706093979696
0.12893026949595227 0.14248960211039374 0.15636318063974342 0.1678045808533569 0.1701092634312016 0.1607624377425301 0.1466676405124704 0.13218373010239406 0.11860915420398932 0.10635031932013662 0.09550453293134915 0.08604212089886942 0.0778804579309251 0.07091674295128735 0.06504466884588149 0.060163715544126625 0.056184646924464246 0.053032954603464175 0.050651254965806795 0.049001323017834164 0.048066305745144394 0.04783706093979696 0.04783706093979696 0.04783706093979696 0.04783706093979696 0.04783706093979696 0.04783706093979696 0.04783706093979696 0.04783706093979696 0.04783706093979696 0.04783706093979696 0.04783706093979696 0.04783706093979696 0.04783706093979696 0.04783706093979696 0.04783706093979696 0.04783706093979696 0.04783706093979696 0.04783706093979696 0.04783706093979696 0.04783706093979696 0.04783706093979696
0.12246923047662397 0.1334387720181217 0.1435555417392109 0.1505781580224569 0.15165254085129007 0.14604767614702063 0.1361709176544489 0.12473244476705829 0.11322543581464319 0.10238919385496602 0.09254873143413782 0.08381468710126776 0.07619192383389779 0.06963406072859465 0.0640724960035525 0.0594327376849301 0.055644037543017916 0.0526453648363087 0.050389416320879725 0.04884572354658721 0.04800361446279519 0.04783706093979696 0.04783706093979696 0.04783706093979696 0.04783706093979696 0.04783706093979696 0.04783706093979696 0.04783706093979696 0.04783706093979696 0.04783706093979696 0.04783706093979696 0.04783706093979696 0.04783706093979696 0.04783706093979696 0.04783706093979696 0.04783706093979696 0.04783706093979696 0.04783706093979696 0.04783706093979696 0.04783706093979696 0.04783706093979696 0.04783706093979696
0.11423810589437798 0.12271836170768782 0.1299418879874366 0.1344859146396104 0.1350243051356255 0.13128064900032227 0.12429538035316559 0.11557597889682504 0.10624968918176612 0.09707742379689992 0.08849255417350235 0.08070863539223476 0.07381042465492582 0.06781037362311873 0.06268279310495922 0.05838467716467122 0.05486865947158418 0.05209134180613284 0.050018970750484115 0.04863174573882876 0.047927673069782774 0.04783706093979696 0.04783706093979696 0.04783706093979696 0.04783706093979696 0.04783706093979696 0.04783706093979696 0.04783706093979696 0.04783706093979696 0.04783706093979696 0.04783706093979696 0.04783706093979696 0.04783706093979696 0.04783706093979696 0.04783706093979696 0.04783706093979696 0.04783706093979696 0.04783706093979696 0.04783706093979696 0.04783706093979696 0.04783706093979696 0.04783706093979696
0.10532221008075887 0.11175611930460637 0.11693647946634525 0.11999642860072794 0.12025704705207879 0.11759807024766245 0.11254529273680872 0.10595157453011984 0.09856371204117562 0.0910183357571629 0.08374706304914194 0.07700664791738976 0.0709331389489391 0.06558544507502914 0.06097633905916206 0.05709356053143767 0.05391403009285785 0.051413545008400445 0.04957366924148811 0.04838705548494136 0.04786214039079673 0.04783706093979696 0.04783706093979696 0.04783706093979696 0.04783706093979696 0.04783706093979696 0.04783706093979696 0.04783706093979696 0.04783706093979696 0.04783706093979696 0.04783706093979696 0.04783706093979696 0.04783706093979696 0.04783706093979696 0.04783706093979696 0.04783706093979696 0.04783706093979696 0.04783706093979696 0.04783706093979696 0.04783706093979696 0.04783706093979696 0.04783706093979696
0.09644892540815823 0.101298074972558 0.1050476570869519 0.10716418087243264 0.10727308392951798 0.10531879196990286 0.10159779780435069 0.09660477466988145 0.09081504486152045 0.08471923284502225 0.07869240324182651 0.0729888006014177 0.06776577667276183 0.06311104640586529 0.05906616693321067 0.055644706103205446 0.052845688066357546 0.05066346048612705 0.04909511974473903 0.04814647834572797 0.04783706093979696 0.04783706093979696 0.04783706093979696 0.04783706093979696 0.04783706093979696 0.04783706093979696 0.04783706093979696 0.04783706093979696 0.04783706093979696 0.04783706093979696 0.04783706093979696 0.04783706093979696 0.04783706093979696 0.04783706093979696 0.04783706093979696 0.04783706093979696 0.04783706093979696 0.04783706093979696 0.04783706093979696 0.04783706093979696 0.04783706093979696 0.04783706093979696
0.08805074655443784 0.09169910641889475 0.09443720244274272 0.09592955283927423 0.09595799331852709 0.09449694170964974 0.09172713992180498 0.08793175747388639 0.0834175144521745 0.07855054642690563 0.07363505195324191 0.06889853811203253 0.06449793887033782 0.06053380281990034 0.05706582831538533 0.05412676358483769 0.0517338294009231 0.04989782304737184 0.04863044959214192 0.047950538684518304 0.04783706093979696 0.04783706093979696 0.04783706093979696 0.04783706093979696 0.04783706093979696 0.04783706093979696 0.04783706093979696 0.04783706093979696 0.04783706093979696 0.04783706093979696 0.04783706093979696 0.04783706093979696 0.04783706093979696 0.04783706093979696 0.04783706093979696 0.04783706093979696 0.04783706093979696 0.04783706093979696 0.04783706093979696 0.04783706093979696 0.04783706093979696 0.04783706093979696
0.08036252618382637 0.083107015988356 0.08512163560934895 0.08619068464547254 0.08618200255910154 0.08508481633471786 0.08301516097960257 0.0801177058256213 0.07660881813073275 0.07275641747171423 0.0687987993452861 0.06492839123031693 0.06128948791752427 0.05798405695744139 0.055080926124629954 0.05262553581042279 0.05064893210327239 0.0491756106586089 0.04823032950617628 0.04784426343568188 0.04783706093979696 0.04783706093979696 0.04783706093979696 0.04783706093979696 0.04783706093979696 0.04783706093979696 0.04783706093979696 0.04783706093979696 0.04783706093979696 0.04783706093979696 0.04783706093979696 0.04783706093979696 0.04783706093979696 0.04783706093979696 0.04783706093979696 0.04783706093979696 0.04783706093979696 0.04783706093979696 0.04783706093979696 0.04783706093979696 0.04783706093979696 0.04783706093979696
0.07349620436531594 0.07556039939903417 0.07705212983956028 0.07782986279610482 0.0778111756453482 0.07699281240165236 0.0754438136389842 0.07322757095633378 0.07050895711849549 0.06748329830155847 0.06433433652100899 0.061219868007571655 0.05826649977078056 0.055570861518344804 0.05320447374800811 0.05122017760008496 0.049658875260520666 0.04855600849050779 0.04794766402455385 0.04783706093979696 0.04783706093979696 0.04783706093979696 0.04783706093979696 0.04783706093979696 0.04783706093979696 0.04783706093979696 0.04783706093979696 0.04783706093979696 0.04783706093979696 0.04783706093979696 0.04783706093979696 0.04783706093979696 0.04783706093979696 0.04783706093979696 0.04783706093979696 0.04783706093979696 0.04783706093979696 0.04783706093979696 0.04783706093979696 0.04783706093979696 0.04783706093979696 0.04783706093979696
0.06749005208052689 0.06904061209125595 0.07015100074301231 0.07072660903835461 0.07071487125891963 0.07011633997056659 0.06895350218349046 0.06726046154377506 0.06516460534420555 0.0628092936410624 0.06033558532251946 0.057870944381175855 0.055523632225953946 0.05338178296158794 0.051515663005522634 0.04998175300344521 0.048827688946704806 0.04809752482401799 0.04783713257316796 0.04783706093979696 0.04783706093979696 0.04783706093979696 0.04783706093979696 0.04783706093979696 0.04783706093979696 0.04783706093979696 0.04783706093979696 0.04783706093979696 0.04783706093979696 0.04783706093979696 0.04783706093979696 0.04783706093979696 0.04783706093979696 0.04783706093979696 0.04783706093979696 0.04783706093979696 0.04783706093979696 0.04783706093979696 0.04783706093979696 0.04783706093979696 0.04783706093979696 0.04783706093979696
0.062340123882191685 0.06350075981075992 0.06433068387662241 0.06476551401944831 0.06477111027041726 0.06434657379394848 0.06346852233384614 0.06218192551443558 0.06057972601256922 0.058768306843043384 0.056856329273713854 0.054946345229874155 0.053129891147890226 0.051485824500198764 0.05008118431142544 0.0489737742566737 0.04821581774872463 0.04785827572205654 0.04783706093979696 0.04783706093979696 0.04783706093979696 0.04783706093979696 0.04783706093979696 0.04783706093979696 0.04783706093979696 0.04783706093979696 0.04783706093979696 0.04783706093979696 0.04783706093979696 0.04783706093979696 0.04783706093979696 0.04783706093979696 0.04783706093979696 0.04783706093979696 0.04783706093979696 0.04783706093979696 0.04783706093979696 0.04783706093979696 0.04783706093979696 0.04783706093979696 0.04783706093979696 0.04783706093979696
