_RESULTS/REVERSE_NEW/Berg/IZ/6comp/Berg_IZ_z_125_kriged_reverse_6comp_test2.asc
ncols 100
nrows 90
xllcorner 5.6208707817415728
yllcorner 50.959635321741573
cellsize 0.00013419651685393446
nodata_value 1.7014100000000001E+038
[rows 38 to 56 of 90, columns 0 to 42 of 100]
24.713686278871975 26.015798239184107 27.40243423349529 28.80158566471444 30.12557145856627 31.28777285708651 32.22535380851472 32.917853223998236 33.389586442814725 33.69261915427246 33.88082578975724 33.989986980906615 34.03005244883192 33.98524287758674 33.81723212196256 33.475719087733275 32.92839209428427 32.213070240313556 31.481549664814374 30.978378987201356 30.935359114039386 31.447314121783993 32.42709084036903 33.6685329134114 34.92983274080252 35.945844096556606 36.42752343015695 36.1484878033247 35.067822755564784 33.356834289966336 31.305028419282323 29.196338965923214 27.23472807671466 25.529266524678235 24.112626606514088 22.96841289742656 22.05508423811515 21.32286240017387 20.723527530873913 20.214578403519443 19.76114020698199 19.338876177123584 18.936386733820076
24.620401102519498 25.85848461748735 27.165918495927656 28.473395665666075 29.69932697369947 30.76661927672786 31.623860782338642 32.260740919525425 32.70732496435447 33.016671690068016 33.242415233516624 33.42441399716958 33.58572577840705 33.735046423272344 33.86907749690381 33.97617876455335 34.04699597654941 34.092060604087806 34.15219119268347 34.28308965052342 34.521170364873136 34.86922752351392 35.31512917273941 35.83210621060939 36.32635805143571 36.59534775048156 36.381137288726926 35.50561974059154 33.97772595971175 31.98446793371737 29.7908904493917 27.636849210485558 25.684078357666067 24.011483069176215 22.63465528505192 21.530277535259795 20.65643684281638 19.96650187121064 19.416787767637498 18.969366753608284 18.592827467215567 18.263775933540604 17.968230497547268
24.53358165695389 25.70626799816625 26.932530248439956 28.14529613454987 29.268342544559133 30.233372310344205 31.000186402092382 31.569420416788102 31.978596160429134 32.283369470003834 32.537064578572256 32.78055435680326 33.043251748923666 33.34728930830625 33.70791165404897 34.12947710539422 34.600799499217786 35.09317495720371 35.56289983647745 35.962064636133356 36.26115470607981 36.469902577300914 36.623250696741586 36.722984671130476 36.681019430714784 36.32517210598627 35.4813798933213 34.079342628360045 32.20145042953437 30.043594280260756 27.83024551715715 25.744580820774843 23.89960963735156 22.342012562627154 21.070566023311887 20.056191248289498 19.257953170881525 18.63366841573267 18.145386355621802 17.76083513329611 17.45317656581698 17.201529005778056 16.991751642412893
24.451496307006586 25.55781286478575 26.701801362698912 27.81853480858669 28.837008939209554 29.697663065246456 30.37168218687572 30.870933888757207 31.240201464030193 31.536059786421212 31.807363744191044 32.08880241509152 32.40582311672951 32.78065938333574 33.23140546176574 33.76372605454447 34.360588832855 34.977392509446275 35.549184260972545 36.011616400115635 36.325019969005105 36.48006864375022 36.473129833877145 36.26821424057698 35.78062511529507 34.90539789528182 33.57920076107638 31.832714703629573 29.79374318457285 27.641749399901787 25.549207674789308 23.642402103872413 21.99025317150567 20.612476975256804 19.49524540471044 18.606603093104486 17.908408934480786 17.364058635434073 16.942121821352142 16.616692246629018 16.366421855037533 16.17438921223095 16.028437704597316
24.366869378153975 25.405625138567462 26.466840894719702 27.488255066461765 28.404631858044553 29.1655067096008 29.75317286431651 30.189248628281373 30.522684266268286 30.806219662764452 31.078097680186783 31.359757160315755 31.66526552742938 32.0099621296162 32.409791623791676 32.87220742152032 33.38568497573359 33.91529868662611 34.40806627541371 34.80546204798915 35.054606825643376 35.10978300516506 34.924330412778694 34.44337425501081 33.61079505445485 32.394405455218845 30.815941729145596 28.962927236942885 26.970697989050525 24.985269758320154 23.128559452749688 21.48000341797658 20.075293610963968 18.91548720608892 17.97942078607845 17.23514070910031 16.648617537388088 16.189273176095558 15.832281011673691 15.55820635692503 15.351651503209016 15.200708945902203 15.096875628522477
24.26869420970636 25.238291689970392 26.216912101147187 27.14610598767657 27.96742496129027 28.63964057635333 29.154447268869323 29.539159991485253 29.841118486480937 30.103275182818756 30.348680058749487 30.583153051530015 30.8093116972591 31.037541694705656 31.285410910032823 31.567762001936494 31.885280310452156 32.21792629228897 32.525227905238715 32.75169636723396 32.83408273060068 32.708017587043805 32.31409530812345 31.605988448160833 30.562802028542162 29.20290137512814 27.59066374795345 25.82838524731756 24.03442671789392 22.31757129233179 20.75843201873741 19.402596884997408 18.263653944065894 17.33146421481404 16.58164670063589 15.984000291742827 15.508927629418443 15.131465459893622 14.83274573982904 14.599315967905396 14.421700220850184 14.293579013089698 14.211209350026879
24.144494170280968 25.043002973630628 25.93988502206079 26.78196533360737 27.51849693932965 28.1166869457244 28.57407740266285 28.91759459723676 29.186378433497772 29.409347727526747 29.594341659164698 29.735657743066223 29.830845334905653 29.89158301196796 29.94122096339157 30.00288883669249 30.086608910287705 30.181304839287254 30.253365127069443 30.250889319710545 30.111913906265414 29.77489547210692 29.190137433373238 28.33113622111254 27.20401724523876 25.851617207045578 24.348714006962478 22.788172653370864 21.262521359520306 19.847715128393013 18.593908168924877 17.52404324937199 16.6380500932052 15.919657036421853 15.343563425089782 14.881773989406257 14.508522971872049 14.20337913260448 13.952289058637449 13.746913276243388 13.583314128818227 13.460882110081096 13.381154447357387
23.98250214477994 24.80769426545752 25.62383774538391 26.38423162735275 27.04599406693256 27.582768806311638 27.99330150054796 28.29805506553183 28.523336364004376 28.683726133189978 28.77673481811754 28.793267897009358 28.73359366315949 28.61505716278127 28.466653492517885 28.31591584238886 28.176413568400083 28.040819649933873 27.880539635185187 27.65086067152302 27.29996386627931 26.779998968844787 26.058339103745016 25.126898474575228 24.007068805286504 22.748136571283357 21.418770153221832 20.09388103563516 18.841119686234837 17.71102651827784 16.73273243853833 15.914708603137942 15.248748447550042 14.71532503833628 14.289084309878483 13.943815963269463 13.656465504488244 13.409750559973455 13.193133491284062 13.002424311435746 12.838661436745907 12.706690565795112 12.613312035771001
23.773381066785714 24.522547256852654 25.257982327301683 25.93985904711687 26.532307051741526 27.012752048725186 27.37710664598943 27.635758737921908 27.801472119893273 27.878153217708196 27.86010958106272 27.742352697259864 27.532422302841823 27.253532995150465 26.937135327725674 26.610685236848813 26.287451114064492 25.961843597998673 25.610527907301652 25.198087741670548 24.68561780100225 24.040503444858526 23.245469984927634 22.30481509937836 21.245953663203302 20.115437625049882 18.970389383708877 17.867962124600634 16.855978226509123 15.96699518691998 15.216399046280586 14.603755807476748 14.116122417033116 13.732208571290766 13.426716975529807 13.174466007200492 12.953903212813719 12.74957095804425 12.553291400228545 12.364175183149317 12.187611833148852 12.033364247588297 11.91307824650227
23.511397087810167 24.181092662590213 24.833822877852125 25.43609897936978 25.957534170568525 26.377078362487396 26.685933055222222 26.884500414740064 26.975072193660065 26.956393518338267 26.825401873301175 26.584870518315988 26.249881592122005 25.84713007789452 25.40724003991851 24.954902224152328 24.501579164102104 24.04291209231608 23.56071838101176 23.02844734533825 22.418661789287096 21.71097409473616 20.898724533042202 19.992721225310916 19.020877130297762 18.02369361336354 17.046897432943695 16.133442989777816 15.317034237476607 14.61840734141712 14.04446293179181 13.589563112502697 13.238129803336903 12.967906322998896 12.753526793164719 12.570130683315506 12.39666366536086 12.21845960135224 12.028847578831247 11.829579819640951 11.629756248432724 11.443352534041642 11.28623420905977
23.195163636553662 23.78127038639528 24.34713690557477 24.864487969476066 25.30691721365686 25.65385849542387 25.89244180881926 26.016147821527564 26.021691631016637 25.907493488414495 25.675858649386292 25.337159422696704 24.911807701617498 24.427331550965086 23.9116165481774 23.3856586579935 22.85875478177649 22.327352784079483 21.777366307984558 21.18904982766169 20.54323942314373 19.82760258346536 19.041465915843396 18.197965014917962 17.32285666068672 16.45029315232443 15.6168107099523 14.855248826996503 14.190069628729887 13.634794626351168 13.191487844686156 12.851765348798013 12.59877772278693 12.409813002912932 12.25934521879966 12.122352217436829 11.977603690763686 11.810568001703114 11.615561088511708 11.39649330104328 11.165543259991692 10.940150070515209 10.7397301370986
22.82803504175231 23.32639709884624 23.80018742838866 24.225166257612724 24.577963455006277 24.838735715353454 24.992791811880817 25.030818775897025 24.94849444238042 24.746834353117535 24.43367789255596 24.024981043543207 23.54392927012538 23.017134434301187 22.46910882698696 21.917141308399575 21.368271504324042 20.81903930995861 20.257825491522503 19.669092602003243 19.038557159930907 18.358158053434465 17.629657309296864 16.865937372354267 16.089616340959132 15.329373208595232 14.615048452167953 13.97283851623844 13.421637897102489 12.971000687168587 12.620637399746942 12.361079471296712 12.175160185361332 12.040126679080833 11.930317513596586 11.820314379892563 11.688371424754058 11.51980591121202 11.309699757561523 11.063768050765875 10.796652810459257 10.528533742911485 10.281748633060674
22.41804121182002 22.825525503088397 23.202798256110515 23.52878130273264 23.782823427458336 23.94674728459181 24.0065670078815 23.95369556843507 23.78584034347921 23.50782572673953 23.132098388125847 22.678137123691027 22.17010502330501 21.63291912179682 21.087796898792448 20.548616988631956 20.020067110999832 19.497937377259124 18.97138710981305 18.426653049381734 17.851423393891373 17.238945602385023 16.590919619764392 15.918443659042309 15.240754812473458 14.582122253417243 13.967760479081374 13.419803253007508 12.95416199599691 12.578646723061187 12.292309648512019 12.085763321338955 11.942246065787451 11.839343658073247 11.751382495784691 11.6525192883215 11.520465685968029 11.340459286356424 11.108366314661124 10.831393326462639 10.525999553723107 10.214413316926372 9.92132954399238
21.977189247520933 22.292714805148037 22.571424157187618 22.794876332989496 22.945170328792926 23.006759135177248 22.96825763558415 22.824033471439495 22.5754174547373 22.231309414619382 21.807822214981236 21.326624202219612 20.811977311353786 20.286990610353325 19.769975794328232 19.271785082222863 18.794701767661554 18.333054075772793 17.87538582941368 17.407766275028873 16.917622849861623 16.39733536584046 15.84680126928302 15.274350717441248 14.695776369056777 14.131746083884087 13.604291326761542 13.133227101847368 12.73321142205845 12.411810012221684 12.168592908201221 11.995105738614106 11.875562241432643 11.788226187425705 11.707594408969191 11.607572957403603 11.465662005013966 11.267433296933186 11.009642035039148 10.70053084727384 10.357616709746246 10.004515745842616 9.667810725777581
21.520137194521453 21.745260091262914 21.92656422759697 22.04792744138544 22.09426004694661 22.053235922753466 21.91708830475062 21.6841907989762 21.360095746196606 20.95768213214262 20.496134642733118 19.9987006591026 19.489522343257093 18.990159848317806 18.516539430553234 18.076934308663656 17.671316599759894 17.292141670130636 16.92640992667262 16.558681629899798 16.17456182006479 15.764031813276844 15.323946674025244 14.859126815798732 14.38177487340596 13.909372822022226 13.461600229582297 13.057002465072287 12.710065049941772 12.429089825929204 12.214975260093205 12.060817524062383 11.952233385716912 11.86844812527334 11.784415873320064 11.674309068515926 11.516187382325972 11.296533204508737 11.012839017112274 10.673587458738492 10.296496904876054 9.906016380826669 9.530287702597029
21.0625165641591 21.20144519901448 21.289654701790276 21.313076214877942 21.25935142168163 21.11952815174163 20.889764832439138 20.57271334717087 20.178202339281867 19.722889061835495 19.228723779613052 18.720359385403658 18.2219424214553 17.75390465560521 17.330358132840527 16.957515952907155 16.633326749090884 16.34831935945131 16.087527216132646 15.83325772262883 15.568344307437615 15.279373099285381 14.959279856078137 14.608755386141128 14.236124541143322 13.855728541836063 13.485212004387437 13.142344877688947 12.842013160436563 12.593822530314593 12.40049769037907 12.257071139333108 12.15084788059897 12.062336680584233 11.967575251734102 11.842046075088067 11.665377716571843 11.425166637916384 11.118877122078901 10.754170411382685 10.348250826366778 9.926072804379844 9.517146171014826
20.619313518337048 20.67849982032043 20.68049535078548 20.61299567838209 20.466134428347587 20.234163317623967 19.917035619134893 19.52153082832759 19.061543338994106 18.55726558283399 18.033232099688608 17.51549132624236 17.028416012396676 16.591742942139774 16.21832726207297 15.912885415411285 15.671799853312947 15.483939506717018 15.332401160030942 15.197031471154812 15.057487313751967 14.896433386160538 14.702331431869675 14.471246943397094 14.207253375995545 13.921329977586097 13.629017643598546 13.347372171450253 13.091833017078514 12.873504526522773 12.697124943033003 12.559836543788244 12.450911292626799 12.352793831222625 12.24378835417836 12.101974830322133 11.9090353230912 11.65298234692913 11.330061690575056 10.946312002112363 10.518158767797644 10.0709673735844 9.635442518572546
20.203640440880807 20.19119655213321 20.1156991656821 19.96629001324857 19.735251936346756 19.41969201732793 19.02300867848017 18.555757905372246 18.035560304532844 17.48585433808286 16.93357850669932 16.406160118245765 15.92837152352437 15.519605247497964 15.191941953429684 14.9491520429445 14.786603247235702 14.691994402533501 14.646861425702424 14.628814952962083 14.614393163167042 14.582239059346405 14.51611239179355 14.407140801009083 14.254794844977384 14.066342463068962 13.854906978465861 13.636573742286343 13.427143510563184 13.23908689310849 13.079101652266239 12.94657634865852 12.833308533215687 12.724797132541044 12.602900577740783 12.448846582132433 12.245703621470856 11.980685466727675 11.64809375013929 11.252336809825387 10.809249044139198 10.344534392867034 9.889748271625056
19.82603651738676 19.751184089782893 19.608131934383387 19.387145308309833 19.0822737056795 18.693056885999866 18.225895181740174 17.694678846705756 17.12034185824759 16.52922259597109 15.950425760954282 15.412663455957215 14.94117590561821 14.55523981725001 14.266530243806896 14.078350557229335 13.985607519974527 13.975419076255397 14.028340403484888 14.120267866280242 14.225035673248781 14.317533993187354 14.376922492478261 14.389325215538932 14.349393853595815 14.260350550545834 14.132490190756874 13.980488619104998 13.820093679084215 13.66482539371929 13.5232492924843 13.397319790868142 13.282173631003728 13.167326693339588 13.038526042628233 12.879416824483597 12.673287545908666 12.406026457173711 12.070382443923169 11.669798281926283 11.219768497018292 10.746022983971738 10.280353203023727
