_RESULTS/REVERSE_NEW/Berg/IZ/6comp/Berg_IZ_z_180_kriged_reverse_6comp_test2.asc
ncols 100
nrows 90
xllcorner 5.6208707817415728
yllcorner 50.959635321741573
cellsize 0.00013419651685393446
nodata_value 1.7014100000000001E+038
[rows 60 to 79 of 90, columns 0 to 43 of 100]
62.33947630373018 62.55259157137362 62.84206474616395 63.214595951871246 63.671460532868664 64.20689236084584 64.8072483898977 65.45132649710987 66.11195285379296 66.75860600899622 67.3605405061345 67.8897524291935 68.32325132950103 68.64440553564644 68.84346286290344 68.91756605177783 68.87060349064086 68.7130776467707 68.46192452674423 68.13999555365558 67.77482793041267 67.39644817667688 67.03426670864737 66.7135210309348 66.45203168975719 66.25808755081185 66.13003594754471 66.05773258234981 66.0255905914364 66.01666533670752 66.01696331074362 66.01887881330187 66.02255273217723 66.03455913579633 66.0647248683344 66.12293718693483 66.21726217472721 66.35313293501743 66.53256048478134 66.75292290677618 67.00587599074873 67.27721860342484 67.54807323667288 67.79707493643843
62.464584427270275 62.68682116181361 62.984592066830125 63.364620936568926 63.828222582216846 64.36964284470366 64.97518811489964 65.62352810439069 66.28729252408084 66.93572222425547 67.53782115804047 68.06533202358631 68.49498692037845 68.80980090318549 68.9995271471772 69.06062065503063 68.99608020954045 68.81537236499804 68.5343786413164 68.17506910926036 67.76450243417865 67.33285310585569 66.91046846375363 66.52436302273308 66.19489009715124 65.9334214234951 65.74165519724585 65.61275181956212 65.53403647271804 65.49064140302663 65.46922554465597 65.46082711115338 65.46210313224469 65.47481211923206 65.50416553075434 65.55699359422962 65.64023500363263 65.75958734039831 65.91799133762144 66.11403465971313 66.34080008674587 66.58570713609858 66.83153131455745 67.0583326369065
62.53646240627037 62.75699599529481 63.05083207167327 63.42491642804246 63.88098003903989 64.41383144201846 65.010407606777 65.64998123838222 66.30566624413792 66.94700247469147 67.5430774507476 68.06550507036897 68.4906980446758 68.80118488777536 68.9860808335894 69.04106211912392 68.96822394826421 68.77603817038764 68.47936241560049 68.09921212867934 67.66189827098715 67.19722135606514 66.73569620442942 66.30517223493631 65.92754589556831 65.61636803545392 65.37596140904776 65.20225690705495 65.0850967800442 65.01139305529523 64.96835250244065 64.94601795553456 64.93864191494933 64.94484104365591 64.96686913426028 65.00944385377177 65.07836072492007 65.17891139625227 65.31414929352295 65.48326483343237 65.6804958325631 65.89493695340771 66.11135158999379 66.31178140623504
62.558311597466975 62.7664277730355 63.04405546543268 63.39852930328745 63.83235556300969 64.34145903789155 64.9141152580907 65.53098078475054 66.16640033028996 66.7908206307858 67.37381060012615 67.88702493032956 68.30653482144004 68.61424353975555 68.79846099449287 68.85396238867337 68.78189996075855 68.58978344314221 68.29149199508004 67.90705273458578 67.46181935562954 66.98476463250033 66.50586023499916 66.05287586242214 65.64823714446632 65.30668379145473 65.03429980814246 64.82911204167256 64.68302746392156 64.5845583267188 64.52165611896696 64.4840524079342 64.46473951029029 64.46051596449524 64.47174036805353 64.50150046839654 64.55435601091897 64.63478173641283 64.745496650118 64.88596979775659 65.05143570045045 65.23267183235929 65.41660522413292 65.58760211394696
62.534022592784524 62.71927750727332 62.9685793007434 63.289777085614354 63.686474665503425 64.15624308026467 64.68940408297604 65.26880949692556 65.87084463709051 66.46756035542369 67.02950560395603 67.52863811553127 67.94073106417412 68.24695029227297 68.43461883425448 68.49744168867731 68.4355223994338 68.25536965374117 67.96986613746962 67.59797362738166 67.16386544281454 66.69525323352109 66.22090423861661 65.76765736089824 65.35751121198749 65.00544066935528 64.71844361732705 64.49598584848687 64.3316390670465 64.2154342842 64.13635687626076 64.08448668546473 64.0524733454948 64.03624364010585 64.03498768239001 64.05053918002838 64.0862866098301 64.14578017449023 64.23125205163329 64.34231442109723 64.47509586227785 64.62200009813246 64.77213652772318 64.91232167324186
62.468132122043585 62.620584996732866 62.8298829641373 63.10446085025922 63.44928120868689 63.8640358342872 64.34176725714383 64.86834042740843 65.42304809186759 65.98034862191807 66.51240824663577 66.9918919400105 67.39443100581623 67.70039998314245 67.89594757739437 67.9734749479596 67.93182350404274 67.77632997075528 67.51872667610225 67.17671521205656 66.77298760735687 66.33354011138518 65.88531565901043 65.4534654517097 65.05873034352342 64.7154988538413 64.43095652616307 64.20545425945478 64.03391005826225 63.90783608398321 63.817510619809646 63.753881569336315 63.70993498771802 63.6814185143262 63.66692777274244 63.667434865728964 63.68538234910191 63.723506087766545 63.78358896514092 63.86536744366459 63.96579422598639 64.07879563758621 64.19556333316768 64.30531204981993
62.365838308679585 62.476346648570235 62.63476174324667 62.850107797545895 63.12888210854035 63.47328359296327 63.879682391223604 64.33775361549317 64.83061054859053 65.33603961835999 65.82863073186715 66.28234257901651 66.67296940737937 66.98011823101686 67.1885669911903 67.28909045504753 67.27890596656665 67.16182465951798 66.94808505315805 66.65376692169754 66.2996658846444 65.90957049788841 65.5080272632907 65.11786745156778 64.7579200037842 64.44136093444375 64.17501975905672 63.95972379015947 63.79150841099821 63.66334753841768 63.567007043021384 63.49468127663931 63.44018957356041 63.399632699102014 63.37150660270525 63.35633714233514 63.35594528388542 63.372487808191735 63.407443863445515 63.460724287811566 63.53005949813212 63.610770960822315 63.695958966144374 63.77706173075518
62.23305466987329 62.29362007411223 62.39149517021495 62.536219593812504 62.735895082911476 62.995495317234415 63.31522241876254 63.68930771457766 64.10562817413917 64.54633890824468 64.98944820748963 65.41100103857586 65.78742196373692 66.09764655704559 66.32485261130257 66.45774255371848 66.49136364439467 66.42743514942725 66.27414861519381 66.04542569015459 65.75964152691412 65.43786405381456 65.10174580027973 64.77132348406181 64.46307197334936 64.18855773406833 63.95391997406317 63.76021380576093 63.604454154822044 63.48107038943195 63.38344917505269 63.305292757293685 63.241612862887905 63.18927813840824 63.14711319657083 63.115605141400756 63.09631337184125 63.09110514514138 63.10135335732001 63.127231512964286 63.167221032217235 63.21790807328607 63.27409603922345 63.329205479039516
62.07647472098151 62.080625406620214 62.1099984584386 62.17449249437744 62.28376070160485 62.445672074331505 62.66462623116582 62.94007038745967 63.265595198076994 63.62888069316979 64.01254572137299 64.39572639433767 64.75609320065897 65.07203914819219 65.32482740565406 65.50047420105801 65.59110445506239 65.59557095197387 65.51928266785826 65.37333568421936 65.17310350373165 64.93645146445918 64.68175906955916 64.42598292535645 64.18303160984188 63.962700370883056 63.770310973602015 63.60705047916389 63.4708584245127 63.35762289609633 63.26242966584038 63.18065112969913 63.10873450027288 63.044625420295105 62.98782882868195 62.939158341904076 62.90025841648366 62.873001423609345 62.85886600953481 62.85839518714088 62.870813886263974 62.893857956923384 62.9238328914458 62.955885516906264
61.903609231585044 61.846801213111455 61.801910555725705 61.7789578800063 61.78896119282597 61.842630762353224 61.94874810775589 62.1125028905343 62.334121260295426 62.60806793055282 62.92296606247433 63.26225472105117 63.605574051685565 63.930861276697506 64.21698511181684 64.44644498638763 64.60748733190621 64.69516591410434 64.7112713523772 64.66337076454842 64.56328900806227 64.42531204053658 64.26433443970156 64.0941570045334 63.92613637532932 63.76835058801671 63.62535703589997 63.49850532743846 63.386667439907384 63.28719215992669 63.19688669402169 63.11286239788123 63.03313512002894 62.956929443399964 62.88469107515332 62.817855866919146 62.75845218198732 62.70862386495355 62.67015649627336 62.64407500115896 62.63036105751001 62.62781775580293 62.634088946910325 62.64582320039006
61.722749945984525 61.602760567979786 61.48055522475614 61.3659706285805 61.27106677092344 61.209141344490845 61.193310472951744 61.234833778450515 61.341408069294964 61.51561612844889 61.75367620096124 62.044736631031746 62.371183982251225 62.7104493426078 63.038271756083965 63.332552125790244 63.576539537559164 63.7605002521958 63.881802507937444 63.94387733716778 63.95459880191572 63.92447776032595 63.864915468031356 63.78669096270896 63.698822587963534 63.60789886906192 63.517901392872155 63.430460568516786 63.3454228388169 63.26158070249672 63.177420551556985 63.0917651467337 63.004220418654086 62.91537945996453 62.82678627654165 62.74070673288582 62.65978161023528 62.58664170353838 62.523551585597616 62.47212593957043 62.43313866256718 62.4064261539945 62.39087579124578 62.38448966377496
61.54281146723184 61.360086161194474 61.16069853243026 60.95395293143533 60.7525069055718 60.571780258784756 60.428894878087824 60.34122270641409 60.324579924374774 60.39099270409432 60.54601146730019 60.786054052445714 61.097023702000506 61.45558447612588 61.8333109482598 62.20219894159739 62.53932041324533 62.82925871267104 63.064345816926995 63.243503151194844 63.3704947035984 63.4520931490783 63.49640864642515 63.5115141168672 63.50445270537526 63.48066769174674 63.443836097663784 63.39603303757404 63.33812576807711 63.27029489455705 63.19258701604523 63.10540529952466 63.00985113072228 62.907859002645985 62.802119131211306 62.695836711710506 62.59240893074941 62.49510182348711 62.40678619496265 62.329758683724876 62.265642008568264 62.21533528320558 62.17897780821999 62.15590409170172
61.3730120853485 61.13090944848402 60.85802569157308 60.56278939951524 60.257936633060375 59.96036018302227 59.69055958920306 59.47169100766284 59.327997844180835 59.28207100477741 59.350484311953146 59.53849292651034 59.83620973496973 60.21908131007084 60.65329341031993 61.10357788445291 61.539783106372184 61.94018664304022 62.291802697102284 62.58899842258483 62.831557903161304 63.022786973278656 63.16788336652446 63.2726536558534 63.34261184283876 63.38245409712891 63.39585631020357 63.385511968105526 63.35333586347536 63.30078610445955 63.229262130827045 63.140505502881375 63.03689871284086 62.9215727093379 62.79830085105669 62.671234197486825 62.54457673151109 62.42229666697807 62.30793574499669 62.20453225638 62.11462787482175 62.040290305649435 61.98306539798377 61.94379612871697
61.22237846510593 60.92724481919027 60.58828282627754 60.21277734990097 59.81304129768385 59.40670505956472 59.01678186142995 58.671479665535095 58.40324204239682 58.24577427371091 58.22786142033394 58.364798663548925 58.65140950625821 59.06147597121419 59.55477262951801 60.08777014193703 60.62249280862553 61.13074212188431 61.594339208817125 62.003386013168104 62.35406893276563 62.64666934846211 62.883950141259106 63.06993468049463 63.20906326244698 63.30567862149999 63.36375152922328 63.38675403156554 63.37764224084425 63.33897659454314 63.27320562294532 63.183051388615816 63.07184340671108 62.9436501919591 62.803158543887314 62.65536982527758 62.50524529353897 62.35742556672069 62.21610119476285 62.085050645488785 61.96779747343453 61.86776818522293 61.78827293834047 61.732142817779454
61.099098674961475 60.760099806418545 60.366086666642715 59.92308792957649 59.44263606651786 58.942447689168844 58.44712148810643 57.98885204273279 57.607349859587174 57.34690992471984 57.24848152704368 57.3376020151142 57.61392942290252 58.0495011835777 58.59753936639426 59.20626293753804 59.83011681918323 60.43484978100271 60.997594518112805 61.50470875031845 61.949292916171906 62.329098279739966 62.64492308826329 62.89944520864158 63.096428002559875 63.240204592828576 63.33530511403409 63.38611818575251 63.39660022324543 63.37017283014285 63.309931911197495 63.21910800322883 63.101531355703266 62.96184696536194 62.80539017962589 62.63782114681544 62.46470548902424 62.29121297233922 62.12204162361462 61.961602278680125 61.81441317628993 61.68552579601684 61.58064104400406 61.5055122895536
61.00979738098088 60.638453383978565 60.20350409604782 59.70982171319128 59.1680579560544 58.59562921343359 58.0179522238914 57.46998126933446 56.99700078952016 56.65187984263239 56.48574368038819 56.532921371616865 56.79744883851833 57.250264462952096 57.839448119416005 58.50659384930965 59.1999919186738 59.880417641346064 60.52110058965874 61.1052513298215 61.62337223270673 62.071102232859964 62.44763844293415 62.754633479998745 62.995464449686864 63.17472316235722 63.29772402795373 63.369891037433966 63.39611157655677 63.380367365767796 63.325909651313104 63.23590473220938 63.11414541639068 62.96541350262217 62.795354288613616 62.61001407828917 62.415311026312594 62.21667679798845 62.019025005955754 61.82712945411741 61.646397240492426 61.483802581803026 61.348371047636405 61.25032256951057
60.95885276322504 60.56826970531559 60.10862909019308 59.58395163131791 59.00418931090169 58.38641239847263 57.75638607867371 57.15060945773291 56.61762554932255 56.21538851402635 56.00115688332191 56.014798255826626 56.26362081290526 56.71888801083072 57.326618106234285 58.025120624631946 58.75915756826187 59.4862149211988 60.17659336981962 60.81092954978457 61.37750399826592 61.87011739824012 62.2865769981206 62.62768626854396 62.896608741514584 63.098386744247314 63.239310485048115 63.32594804048897 63.36402946707283 63.357746937128766 63.30994331464224 63.22307671846442 63.10031001605736 62.946082608826885 62.7659728358046 62.566089491711054 62.35237706334951 62.13015421919374 61.904107522573945 61.67891251995362 61.46057070952753 61.25821204495557 61.08535483753549 60.958845622371136
60.947897584367695 60.551762021609754 60.08448452078341 59.54965704777623 58.95688828721786 58.32308658959333 57.67412449741395 57.046908889040736 56.49062935932277 56.06401621421403 55.82522340997566 55.815320287978395 56.043336237908605 56.482649526927794 57.0812006530779 57.7783386909922 58.51866360173991 59.25846977937912 59.966262582481065 60.62068655947041 61.20810914357724 61.720664331949806 62.154866005429156 62.510735019366074 62.791307029733744 63.00221601249491 63.150904909622206 63.24519585641194 63.29156172074914 63.294019314657255 63.25439491900885 63.173767372862876 63.054076491236636 62.89895468416139 62.7135492816825 62.50370889009653 62.27506371864919 62.032409656021215 61.77969408933095 61.52090796217047 61.262166818055505 61.01479677899283 60.79790984177349 60.63731837696194
60.9756296604729 60.587105088497125 60.12857413181497 59.6036023927107 59.0217930555392 58.400061249527305 57.764142432689844 57.15025044844039 56.60573356892626 56.18603769095534 55.9453020056878 55.92170733561473 56.124437433486165 56.530467220022175 57.09321927396371 57.75709985769954 58.46983092291281 59.18870257731113 59.88170672433603 60.52620220700179 61.10702269837106 61.614827368611955 62.04491980940888 62.396577360078474 62.67277151980104 62.87986664489406 63.02665166456413 63.12232821085597 63.17400487583528 63.18511001613476 63.15582791054039 63.08520777591249 62.973431818405444 62.822936072785886 62.63814709281655 62.424403368056225 62.18676370581064 61.92919787172354 61.6545268199149 61.36557187698908 61.068063553900565 60.775288664169615 60.512420565219784 60.31564792332519
61.03799644514737 60.66870063352868 60.23326309808552 59.73548167356325 59.18510039764627 58.59897746103737 58.002261967780676 57.42937958269143 56.92384641583356 56.53493991229356 56.3095161032374 56.280183888951676 56.455121141005925 56.815577585416335 57.32251649436956 57.92799848552139 58.58528936222795 59.25457598574785 59.904680063162395 60.51256409473822 61.06208599926105 61.54275493321477 61.94883554028963 62.278960439143646 62.53615126161664 62.727696752788155 62.8639816188213 62.95574773491375 63.01062856733106 63.03102545911202 63.014854567794444 62.95854163041399 62.86008239082106 62.7204527350294 62.54319755529597 62.33303782984794 62.09439109945417 61.830366879696854 61.542643415054364 61.23281412706692 60.90601543953837 60.577014754142326 60.27625425708399 60.04931871094098
