_RESULTS/REVERSE_NEW/Berg/IZ/6comp/Berg_IZ_z_1000_kriged_reverse_6comp.asc
ncols 100
nrows 90
xllcorner 5.6208707817415728
yllcorner 50.959635321741573
cellsize 0.00013419651685393446
nodata_value 1.7014100000000001E+038
[rows 38 to 56 of 90, columns 0 to 43 of 100]
36.30759756183479 36.53211431562252 36.6973155224484 36.77398622321276 36.742874114478965 36.60626882814677 36.39749945583854 36.179794961468424 36.02785457438062 35.99699871803865 36.09763510437024 36.292183935569824 36.51555115204951 36.703873490753686 36.814467505570725 36.831023187999115 36.75862619776988 36.6154734989574 36.42532915056631 36.21199874892663 35.995879005860296 35.79228736120998 35.61116060776439 35.45765971863769 35.33323179280621 35.236756130057955 35.16551383952212 35.11584131201127 35.083439348608636 35.06340355409011 35.050114535347085 35.03717453640167 35.01759266381521 34.98439425842897 34.93175279570537 34.85659209729852 34.76028045845839 34.649328605086716 34.53317433214889 34.418294613932005 34.30299036177596 34.1799127110704 34.04460550858383 33.89968672827085
36.272979130398305 36.48194770678167 36.631868770213586 36.69563734925095 36.6569188482424 36.52207151930233 36.32931931680233 36.14529274826307 36.042322042431906 36.06461913669892 36.20543973265026 36.41243082935794 36.61619818639873 36.76030235579681 36.81562994972429 36.77876300630175 36.663315574862914 36.49128985780933 36.28670480501793 36.071416639367655 35.86272182383262 35.67242777617928 35.5070534845234 35.36875386840047 35.25655765454315 35.16758181909601 35.098001348571074 35.04367389796303 35.00042105345385 34.96404215295233 34.93018438556965 34.89421953152252 34.851286106489795 34.79664286988967 34.726432701883894 34.63883476444474 34.53528894563061 34.42090115447963 34.302622863175955 34.18489326219148 34.06614941694468 33.941141278681435 33.80739077229954 33.668126006802545
36.23367508248576 36.42392008531684 36.55386948959178 36.597806172999086 36.54176970196179 36.39644508165794 36.2064924435067 36.04439364872425 35.98217922642535 36.05359014054923 36.23428369450675 36.456882939375454 36.648133662093294 36.75922917741478 36.773630628942165 36.698804052305405 36.55478753064876 36.365877674049 36.15560269115697 35.94375368942976 35.744832370478605 35.56768262494968 35.41605906464015 35.28977457090801 35.18604456829765 35.100718888779916 35.02921437574629 34.96708525526933 34.910263608391354 34.855058646525244 34.7980275665967 34.735837791658206 34.66524296212299 34.583293811810385 34.48788022976634 34.378597579228405 34.25765376558796 34.13004346144062 34.00189861334909 33.8769696075526 33.75405582959573 33.62907175032553 33.50022560282159 33.37030658669555
36.18926195757556 36.35813469046055 36.46436044531044 36.483208118064226 36.40301665890352 36.239468891781954 36.045081874862156 35.899573384730466 35.87502858636683 35.99403349741811 36.21410883688906 36.45351043651138 36.63650943866999 36.72252338199431 36.70661908762869 36.60524196338664 36.44304022774888 36.24542893806642 36.03494316205869 35.82930633689475 35.6405374888025 35.4750020682258 35.334246870489814 35.216297306300355 35.1170542818212 35.03150450642886 34.95458926577563 34.881705254404274 34.80890040529326 34.732866475500416 34.65083115690242 34.56044127970305 34.45972625288081 34.347238638943374 34.222458389174705 34.08645317548195 33.94252445014326 33.79615385251532 33.65340423721126 33.51793387608208 33.38902583309068 33.26343015431094 33.13958900470345 33.019443620056585
36.139221803583105 36.28533863928903 36.366367894371834 36.358743433688964 36.25358429072838 36.0722055612936 35.875065931447146 35.74787241701326 35.76055046278302 35.92318348047578 36.1763490131256 36.42724250940045 36.6006875843132 36.665049665167 36.62552835009723 36.50534041351548 36.33196640753169 36.13092533880828 35.923372860967966 35.724987719678666 35.5455721137994 35.389410230718575 35.25629105426626 35.14289717896496 35.044212020419515 34.95468093119485 34.86900220981827 34.78255621920525 34.69156272493881 34.59307705859167 34.484914839710854 34.365568756676986 34.23417658098625 34.09061580332518 33.93579870379195 33.77215057550401 33.6040076596959 33.4373410258308 33.27820011679103 33.13021486218499 32.99317297228306 32.864672455234476 32.743460293443 32.63071017937293
36.08359936447821 36.20764276105533 36.265621970850766 36.23603109455604 36.11363862094367 35.92524439987025 35.736772025204175 35.63507925447579 35.68331858565554 35.87842631484515 36.14862814974501 36.39690466648272 36.55313271625239 36.594865239376986 36.535000776798846 36.40080984576548 36.22076152469115 36.01954230796694 35.81658707279622 35.625528912807816 35.454145630535514 35.30493864251846 35.17628175839805 35.06385429453113 34.962026025869534 34.864952978012205 34.76729041256289 34.66456109413979 34.55328759773957 34.430998693119925 34.29618059789206 34.1482094509999 33.98730143128214 33.81454291537345 33.6320654808641 33.44333792812227 33.25332561560778 33.06803979713371 32.89312549050738 32.7319615592472 32.58483147281556 32.45036540798007 32.32793724043411 32.21832328165784
36.02338010916944 36.12858981813225 36.16988125773838 36.129193590753175 36.005652614242614 35.82987476043329 35.667887587028076 35.600016277411314 35.677269747256005 35.884923005260546 36.14701890292641 36.37168351545563 36.498628240090795 36.51383500469601 36.43459446291173 36.28921683937636 36.10534968638459 35.9059917029327 35.70853642446076 35.524529096523025 35.359836661990265 35.215380028386726 35.0883600541605 34.973697392230825 34.86537241992559 34.75745129519752 34.64473323142412 34.52307832281878 34.38952959180476 34.24232545372629 34.08084834457647 33.90552347622297 33.717694788829675 33.51954232032955 33.31410658238647 33.105389194273485 32.898313571746534 32.69821839669459 32.50978103146356 32.335867780186774 32.177286020570975 32.033899472885246 31.906030000629173 31.79451041886823
35.960239509747154 36.05208660350757 36.0862469670837 36.04932072484523 35.944612662275006 35.80326347541316 35.6845076442517 35.654320249396534 35.747962153951526 35.943099563411145 36.16925277918461 36.348614943098326 36.43411318163733 36.41846660903856 36.31995954852408 36.16523018889426 35.97957734877803 35.78359968179654 35.59235989542222 35.415239444885174 35.25624043002685 35.11482232455661 34.98716869567142 34.86760684944668 34.74989085207085 34.62816448064894 34.49756405371523 34.354529234854354 34.19692313700164 34.02402999790364 33.836448065508755 33.63587983936745 33.42485680919413 33.20648415124757 32.98428615798236 32.762134545625024 32.54410547261821 32.33410871781249 32.13536822777686 31.95009481245814 31.779660616765774 31.625221973520755 31.488197021678303 31.369886691495985
35.895642906261 35.98044386382457 36.01741800231746 35.998123149818625 35.928638427564835 35.83664895831588 35.76878383191453 35.7720094160274 35.865830643154 36.025764755467385 36.19449717834912 36.31354311613639 36.34992764756534 36.301140488671 36.18399394055623 36.02167866789448 35.836147843250274 35.645102847835616 35.46104360322379 35.29109951842381 35.13740756528523 34.9980215251883 34.8681957392609 34.74176982054048 34.61239423840757 34.47444545475512 34.32360872460992 34.15719042224137 33.97423125992611 33.77544960881627 33.563006936033844 33.3401020243669 33.110464359537836 32.87787457007787 32.645824955768724 32.41733596521728 32.194861186544905 31.98027637824693 31.775076504703815 31.580782835008453 31.39927073162232 31.232814521689228 31.083890616086673 30.95463024072585
35.82977185629677 35.912662259922115 35.95932198839963 35.965369594132326 35.93747170537019 35.896740298509236 35.87473573550197 35.89960222643656 35.978491615675885 36.089525305684575 36.191724778744444 36.246221029735736 36.23269131594207 36.15186548845086 36.018089563166534 35.85052004740543 35.66738878477499 35.483252019557995 35.30789531149306 35.14611810473299 34.998168240926184 34.860707803731756 34.72810317950668 34.59377257073986 34.451363511880686 34.295639801290335 34.123065100985635 33.93212380254493 33.72340628593317 33.49944360915328 33.26426665647801 33.02272073915625 32.77966237458422 32.53922812886829 32.30433757896527 32.07649884773905 31.855940672657105 31.64214802481437 31.43479937469659 31.23468053820128 31.043925089653218 30.865573504503534 30.70305394031741 30.55967888322893
35.76100645039994 35.84424861312578 35.902123313749414 35.93265729402581 35.9411016515641 35.940862353060346 35.949724466713256 35.98107509230438 36.03458065442299 36.093493941378746 36.13190450778813 36.12717787956289 36.06896267850133 35.96036468067674 35.81348626383271 35.64380092742647 35.46595327962331 35.29133115059776 35.12694002133246 34.975195349409624 34.834424486367666 34.6998879329753 34.565076826473955 34.42303128798062 34.26748515104662 34.093742882329785 33.89927533758227 33.68404158722527 33.45051175534242 33.203333832876034 32.94861553175049 32.69289564195684 32.442006449464834 32.200093784523446 31.96901938049833 31.748277383503655 31.535516214246773 31.327713686021152 31.122737220419765 30.920498144398866 30.723010181688743 30.533705961610742 30.356905679654933 30.197432171186307
35.68638387997262 35.76885332259837 35.834169327456955 35.88114270033831 35.91255302605026 35.93494498268922 35.95594205480545 35.97958107101702 36.00229899972992 36.012804022644126 35.99667617103524 35.94291211589763 35.848349665248165 35.718044601407016 35.562605710933795 35.39460168308917 35.225504026250235 35.06366293054943 34.913309381716346 34.77444508368349 34.64344420422719 34.51414185370443 34.37914951745829 34.23115818432761 34.064065652095294 33.87385435578506 33.65919765089633 33.42176181558277 33.166126237019974 32.89923080453394 32.62933138206757 32.36459501226634 32.11162134434073 31.874242103273204 31.65289694501282 31.444781996527876 31.244874995593303 31.04772864151437 30.84943989005444 30.648835209544927 30.44741843110541 30.248736536799324 30.058015814540667 29.881841676750238
35.602791741514736 35.68073524504049 35.746337670400166 35.798145986184814 35.83645236336723 35.862866002694545 35.878835850570056 35.883661480144184 35.87328114851238 35.84102639347941 35.78030928239919 35.68779078920466 35.56526356653278 35.419455344421266 35.2601911025458 35.09790929472889 34.941384892305194 34.796132708245736 34.66365879784143 34.54153530758384 34.424145456697175 34.30386196492174 34.17239761434178 34.02210803456758 33.847111139235004 33.64416505763185 33.41326977631691 33.1579200974852 32.88488657649943 32.60341078645279 32.32381603465681 32.05572735449621 31.806273375304016 31.578712785320434 31.371868695560472 31.18061648607201 30.997450443933296 30.814751247488754 30.626904612794696 30.431420263568366 30.22896757101354 30.023051303802905 29.81986431998584 29.62789995148909
35.508224755864006 35.57668661566638 35.634490429750926 35.679515555691474 35.71016765291172 35.725127989069314 35.72279873642847 35.700781600723246 35.65590935719599 35.5851440459822 35.487097371755425 35.36343226508795 35.219388217190705 35.06312960643424 34.90416441059536 34.75138396327745 34.611281626774925 34.48674708388732 34.376626435345926 34.27604605937718 34.1773463829762 34.07138137777295 33.94892600865414 33.801990938135106 33.62493400763062 33.415323895158195 33.17451029970471 32.90779584644341 32.62405208806567 32.33465435409682 32.05176153981518 31.786193844479527 31.545364387478358 31.331805694418208 31.14276146360813 30.971080958662395 30.80723908278053 30.641807408309624 30.467491869344 30.28024694995221 30.07967093066669 29.869170871803412 29.655986809558172 29.4505787162833
35.40254464187813 35.4567308468373 35.49959048749625 35.528337448867106 35.540214589273326 35.53250023935427 35.50252885827489 35.4478800214302 35.36688361890754 35.259427319173646 35.12780598235107 34.97719896278155 34.815433473423894 34.65195760681724 34.49624565594588 34.356044274651154 34.23589224280489 34.136242300237654 34.05334150168144 33.97984281702621 33.905970090965546 33.82097517543455 33.71462734498442 33.5785486762974 33.40730747939322 33.19924092229987 32.95695848542345 32.68740206374667 32.40128473047575 32.11178032999248 31.832515380552955 31.575170892832343 31.34723312753357 31.15053182139563 30.981079200390383 30.830320741117696 30.687342062701905 30.5412239633656 30.38293250796993 30.206659896455257 30.010822368704133 29.79875620798736 29.578814698706296 29.363413841678643
35.287595423161136 35.323772846141 35.34643510868335 35.35227064595608 35.33791674040291 35.30018141537484 35.23639130640831 35.1449059232117 35.02578048099152 34.88144389800121 34.717144551889675 34.540890639327344 34.36272100471729 34.19335031816628 34.04244537748807 33.91691755507509 33.819620631100626 33.74873762219776 33.69796956646206 33.65745586762823 33.61520777006354 33.55876212590642 33.476780411656584 33.360411556575016 33.2043502881548 33.007583442350935 32.773786506797876 32.51124403515407 32.23211067569717 31.95089060367275 31.682213869977694 31.438271799082173 31.226527290013163 31.048389716392226 30.89929218225988 30.770052420083033 30.648899674240575 30.52355163687978 30.38314326674969 30.220071211479482 30.03165718426981 29.8212486861673 29.598286242673993 29.37700532128642
35.166843458655826 35.18274202210943 35.18209026142878 35.16117055591394 35.11633139075539 35.044370782760296 34.94307782359173 34.81190935977023 34.65270514692579 34.47025410333051 34.27246763334768 34.06994817128637 33.87487841418913 33.699356997473146 33.55349015756604 33.44364453179217 33.371243922096234 33.332368581514984 33.318232497092644 33.31642258562573 33.312631932116396 33.29254857734198 33.243593590840774 33.15631895506622 33.025412190874924 32.85032833691372 32.63553853665287 32.39028674710751 32.12768313395143 31.86302850843381 31.611481014525296 31.38547662278436 31.192551941389535 31.034196633726374 30.905979271262503 30.7986662877139 30.69986030605441 30.595943688343542 30.47434522326483 30.325979100605373 30.147384640509284 29.941999626067144 29.720141744101124 29.497490167611556
35.04479113111971 35.03965928836106 35.014583103064 34.96548938748253 34.888556627004014 34.780726917354926 34.64038556913962 34.468147016002526 34.267602120518944 34.04580128827293 33.81322074625565 33.58302885683514 33.36963583118765 33.18672085081866 33.04510484802708 32.95091020092409 32.90440043248191 32.89974684322427 32.92576949886043 32.967495209690625 33.008212591869565 33.031629646026886 33.02378074181979 32.97447080735994 32.87821225098428 32.73470910421277 32.54892148489444 32.330641759058246 32.09344286143752 31.852922937189415 31.62438958642248 31.420410014049864 31.248816395004255 31.111623585997812 31.004935479150873 30.919639996006236 30.842780182909262 30.759658162962427 30.656555448709472 30.52356760858599 30.356893698363983 30.160074204705612 29.94389366152188 29.72481971537235
34.92635304796386 34.90083162426034 34.851963505955624 34.775315556993 34.666893515142746 34.5237683131258 34.34487813167667 34.13191623089226 33.89012000357374 33.62869868641187 33.360630248928686 33.10165954430009 32.86852737724697 32.67668765161687 32.53794070926633 32.458464969735466 32.43765681938254 32.468022293759205 32.536149350000834 32.624570313088974 32.71414566854749 32.78651358724549 32.82619281250032 32.82208938527835 32.76836226011571 32.6647386048254 32.516370303263884 32.33322443163739 32.12891980156142 31.918970403098452 31.71858955973756 31.540432795846456 31.39273214544619 31.27811725206897 31.193198596785127 31.128967831478725 31.0721784334395 31.007733050089715 30.92167395809065 30.804072250900642 30.651197943340392 30.466622794628627 30.261087974103283 30.051041440189287
