_RESULTS/REVERSE_NEW/Berg/IZ/6comp/Berg_IZ_z_710_kriged_reverse_6comp_test2.asc
ncols 100
nrows 90
xllcorner 5.6208707817415728
yllcorner 50.959635321741573
cellsize 0.00013419651685393446
nodata_value 1.7014100000000001E+038
[rows 18 to 35 of 90, columns 41 to 81 of 100]
0.041253412863425196 0.051792038472956214 0.05985871883420543 0.06333561362867263 0.06147402821709162 0.05521404987073803 0.046532005049047025 0.037419444731189674 0.029210296352984878 0.022469037497475197 0.01721709131800931 0.013215060399991822 0.010160951406562375 0.007790225207711906 0.0059102501829353836 0.004400008873644995 0.003192761127490543 0.002251785554272373 0.00154802341340323 0.0010471092768860031 0.0007079129112733291 0.0004883185348803071 0.0003517855745112646 0.00027083656877410376 0.00022727565806030791 0.000210750861008337 0.00021721834967569336 0.0002481661476451157 0.00031088208944499276 0.0004196698613086217 0.0005974638683392178 0.000876573336696973 0.0012965554774450941 0.0018974302644027116 0.00270868344385199 0.0037382668074676557 0.004968029383687042 0.0063594727148511086 0.007867306345796712 0.009453124126182945 0.011091660066135338
0.03861307923265404 0.047182414038559224 0.053147814631734173 0.054866327013946704 0.0519714563702954 0.045514594145826946 0.03731107633499822 0.02906065135524679 0.02182882754347976 0.016012280415247965 0.011565980995799743 0.008252346796656382 0.005804856908706579 0.004002054086126154 0.0026835698081612933 0.0017381360164497495 0.0010837557336529301 0.0006521786793335231 0.00038262076770077634 0.00022282905322910357 0.00013208711850442063 8.21075290922159e-05 5.5221839717685826e-05 4.135784572167841e-05 3.528047268933673e-05 3.473881357888163e-05 3.956822513486185e-05 5.1656440583778155e-05 7.581276367597279e-05 0.00012175906146467453 0.00020743083740161613 0.0003631353348058252 0.0006345470780763665 0.0010806926294754597 0.0017633947199328526 0.002729513744296969 0.0039946176464971325 0.005538963122270567 0.007319203878434833 0.009287755206899638 0.011406537077497319
0.03979075637293008 0.04670967647563446 0.05051214139114109 0.050041958994162736 0.04546930231429166 0.03816602881842283 0.029941601361363635 0.022258966214890367 0.0158923780830534 0.011014918334022225 0.007458030411529784 0.004938526632383794 0.003186172040880113 0.001988635047061646 0.001191214126964191 0.0006808298357383406 0.0003710428761467183 0.00019419116125970922 9.920841426416348e-05 5.0758548360741144e-05 2.6889822293547353e-05 1.5319940160721298e-05 9.753000781063043e-06 7.176990520338165e-06 6.259421165027447e-06 6.553164693820009e-06 8.224867554483921e-06 1.2188754509018697e-05 2.075641423843664e-05 3.919548849666639e-05 7.887256697404909e-05 0.00016257484545154557 0.000331333579844944 0.0006490529045000697 0.0011983385075994347 0.002063160336600708 0.003303886887541303 0.004939961815516096 0.006952500048714441 0.009303436697550285 0.011954476960976118
0.045057123116999914 0.05021221235961543 0.051387746314645696 0.04807155897707857 0.04118247598954095 0.03256150052680701 0.02404582316810274 0.01681353864120504 0.011276635762119668 0.007326646495828421 0.004635377031586739 0.002854935142099533 0.0017028760656785551 0.0009755530298534748 0.0005322294557366549 0.00027503769058098086 0.0001347789774079787 6.328206962851757e-05 2.9073198802018888e-05 1.3487055576496005e-05 6.574083088905793e-06 3.5196204672093306e-06 2.162371987431764e-06 1.5833384920866288e-06 1.4193354871769316e-06 1.5766708683992052e-06 2.1611126910299938e-06 3.581783431602826e-06 6.9407491319178575e-06 1.5066709051202598e-05 3.496077290756412e-05 8.28305361851911e-05 0.00019244758275338043 0.0004247739561232719 0.0008717624562015984 0.001645217284016775 0.0028499840792038217 0.004556042029438453 0.006788929104903628 0.009542835050208202 0.012799746052706508
0.055356686394209396 0.05796246183034314 0.05541627606888711 0.04822242396795091 0.03832419515222145 0.028075889214243598 0.019211794213209833 0.012461784525221427 0.007768631679443717 0.004702801704139047 0.002778632954507195 0.001600997899156015 0.0008940814048243493 0.0004794638117185705 0.0002446135978248215 0.00011805995466681151 5.3995293264750456e-05 2.3681886577944925e-05 1.0198863473814822e-05 4.46639596224306e-06 2.0782353514997205e-06 1.07850704488629e-06 6.545823586787192e-07 4.838239282213144e-07 4.478606673660629e-07 5.25242921455127e-07 7.753478416791851e-07 1.406564097320465e-06 3.0180326328980154e-06 7.301228384079446e-06 1.8908677386308194e-05 4.985634197523335e-05 0.00012810307725168814 0.00031002957001262426 0.0006909306957306029 0.0014021578347630933 0.0025881692675022647 0.004373812949788276 0.0068442749638789975 0.01004909636026299 0.014016037104456308
0.0722561418334325 0.07047898157686909 0.062257251443561555 0.04974258572312182 0.03615312239249157 0.024181176550377024 0.015117616278822858 0.008987064304508411 0.005162300234086096 0.0029001506631944544 0.001603288762328565 0.0008717052902994554 0.00046312375805728835 0.00023802403721171104 0.00011712377824736963 5.4811067769745125e-05 2.441635312254127e-05 1.0474232074047755e-05 4.431917974964819e-06 1.9172856776598737e-06 8.873289713328713e-07 4.6191207478693404e-07 2.8405692180774355e-07 2.1511699136352304e-07 2.063924552890829e-07 2.536841813887193e-07 3.9632897193610484e-07 7.668272442476455e-07 1.7639861204615277e-06 4.586525674576149e-06 1.2765553382869594e-05 3.6093336746406443e-05 9.906999102567465e-05 0.00025491525539271504 0.000600926934710759 0.0012836031788731046 0.002482805591034494 0.004380083786474764 0.007132654130938291 0.010868341773124606 0.015689399770414215
0.09757781313041113 0.08808076980406204 0.0712672614775582 0.05174282626839609 0.03399406857404585 0.02050663828242545 0.011577375744399257 0.006247172470640809 0.0032859366161553535 0.0017103109017181236 0.0008881719097734069 0.0004604724250315449 0.00023688897366787206 0.00011965434398534313 5.865637021807651e-05 2.767018429720791e-05 1.2545029280262955e-05 5.517728370691351e-06 2.4064189184273147e-06 1.0768122585390941e-06 5.166111461484851e-07 2.7913576964092506e-07 1.7829226048076127e-07 1.402821617278674e-07 1.3983961503033553e-07 1.7853800792051888e-07 2.8957468252479743e-07 5.811741785971658e-07 1.3852566950395391e-06 3.727298610234306e-06 1.0721649179951162e-05 3.1293383011476024e-05 8.85889109432147e-05 0.00023496815967452694 0.0005708751475088362 0.0012569866055152413 0.0025071912624058928 0.004562951496183537 0.00766674445597463 0.0120496160482745 0.017920354300871733
0.13240791873807306 0.11013544037020287 0.08115544892229638 0.05315843322618238 0.03130254812608629 0.01687837051846183 0.008534748684370728 0.004154371392603569 0.0019944608066603795 0.0009624178681338107 0.00047206394594987154 0.0002360055852755019 0.00011964887910742213 6.08519207590455e-05 3.064491285418057e-05 1.5113504306039798e-05 7.2653531151480235e-06 3.4225348214645644e-06 1.6079122429082118e-06 7.762312521818995e-07 4.0081210908299766e-07 2.317660570270086e-07 1.5712528467351618e-07 1.299186417209792e-07 1.3463598542994846e-07 1.7677736218251234e-07 2.919161567796931e-07 5.91376474047521e-07 1.4133570626246815e-06 3.7963911690925606e-06 1.0879871887675268e-05 3.1646630025187146e-05 8.948757770949319e-05 0.00023799396702419847 0.0005825877039007308 0.0012991679806643123 0.0026375104143411617 0.004906376789804972 0.008452000027471184 0.013640098579846365 0.020824060259210606
0.17536964815567027 0.1342044431224701 0.08983671340255005 0.052889611576764944 0.02778293048651759 0.013327718433828854 0.006014283769420887 0.0026355463858431113 0.0011550187302395833 0.000518230009420452 0.0002416671607914349 0.00011778689264301202 5.9788881435351314e-05 3.126984894988781e-05 1.6606372913215136e-05 8.82902824956037e-06 4.656373469259623e-06 2.4354980406852343e-06 1.2778517580655049e-06 6.886066838895596e-07 3.943241432677885e-07 2.4990462968028116e-07 1.827485308223927e-07 1.5996512407312826e-07 1.7202055939160447e-07 2.2980805121057185e-07 3.792629598470996e-07 7.565278456442258e-07 1.7609044820917406e-06 4.576743602531477e-06 1.2666562024923354e-05 3.5659731505844036e-05 9.815319781020491e-05 0.00025618755946509286 0.0006213839203650715 0.001386539943153034 0.002842180373746165 0.005378094576549296 0.009473130903090834 0.01567299342414755 0.024526705946225275
0.22087611267517085 0.15571611835472537 0.09476268899928936 0.050142518323272454 0.023496518548106603 0.010035798053721125 0.004048618514026277 0.0016013857429818352 0.0006429756410033066 0.0002696271086676774 0.00012041132278406546 5.7783688789983856e-05 2.9750923194455156e-05 1.6263177541188992e-05 9.286923137223126e-06 5.4426184561085e-06 3.2265180048462948e-06 1.9216557344119116e-06 1.154291518728305e-06 7.104002475744811e-07 4.600031468812811e-07 3.242192715870954e-07 2.5796466707116485e-07 2.3951982564189307e-07 2.6597921600915396e-07 3.5745264570380256e-07 5.796625140672649e-07 1.1146349834378905e-06 2.467388822230209e-06 6.0546168259614535e-06 1.5804336274694986e-05 4.216154263896938e-05 0.00011099383711273285 0.00028055322749178676 0.0006682706464022725 0.0014849053208822196 0.003068881818728143 0.005912560625922639 0.010672553139467477 0.018145411455974123 0.029154589365927866
0.259095186368914 0.16893365864232812 0.0938293136438935 0.04482183146617606 0.018843603802310486 0.00721534455913556 0.002621145217531153 0.0009426030252873454 0.00034925378532499215 0.00013789491672031368 5.9435589293205456e-05 2.8322462517224658e-05 1.4930928953559808e-05 8.620564860723026e-06 5.354365585907378e-06 3.501735827135238e-06 2.3633008065179306e-06 1.6229235374830556e-06 1.129046636689946e-06 8.01400711113646e-07 5.910247171348422e-07 4.650680037399366e-07 4.025905396283842e-07 3.948315772342157e-07 4.4896312037122374e-07 5.996054758417928e-07 9.409962019112292e-07 1.7145453881953526e-06 3.545488265181951e-06 8.073557859174301e-06 1.957475793249827e-05 4.8879435693185785e-05 0.0001220332028856005 0.0002974190269591549 0.0006955226405384328 0.0015439659753925935 0.0032362979353079023 0.006396100738368259 0.0119250376223599 0.02098492871226403 0.034809451688842696
0.2790593600466163 0.16931425468023673 0.08647930663993503 0.03765996929017929 0.014372479298207175 0.004996129865644326 0.0016547700645295298 0.0005474062190116384 0.00018918724866732507 7.100456082406629e-05 2.9783737718308095e-05 1.4192152768424746e-05 7.70453832326948e-06 4.719299284749201e-06 3.198593922375961e-06 2.339062677884245e-06 1.7984782918597013e-06 1.4231800388080214e-06 1.1443416439771285e-06 9.333745091925922e-07 7.797664286812324e-07 6.800997321637811e-07 6.347776187951691e-07 6.505255919342599e-07 7.482260083148557e-07 9.798870378841095e-07 1.4677608914467163e-06 2.4999462626730307e-06 4.769693227300331e-06 9.975299073575247e-06 2.2298281711576276e-05 5.191880008883618e-05 0.00012294795053269697 0.0002901570138801273 0.0006715257091982378 0.0015058719799176746 0.0032437917567284917 0.0066696708148022 0.013021480340120139 0.024008434147478164 0.04152047133702787
0.27400736715969926 0.15604623017482774 0.07416691390789543 0.0298899893412957 0.01053206713142876 0.0033821122197756873 0.0010387520255627915 0.00032110727066856184 0.00010496531452673999 3.7883113106455737e-05 1.560034247343983e-05 7.475354851912428e-06 4.188661934895915e-06 2.7190811332907834e-06 2.00220748294167e-06 1.6249681145609398e-06 1.4088672931926757e-06 1.2685396601047097e-06 1.161884757779549e-06 1.0717598489319409e-06 9.973033328213515e-07 9.475573950187256e-07 9.372248165628758e-07 9.869039616330306e-07 1.1300177634144527e-06 1.4300125946417018e-06 2.018085719829986e-06 3.1786656627029013e-06 5.550530210480663e-06 1.0610289198335623e-05 2.1843419073502148e-05 4.756723472931621e-05 0.00010762106451936878 0.00024874314551062693 0.0005783004961605129 0.0013334492683217815 0.0030097755105923537 0.006567494910860721 0.013684311028619165 0.026887531979017373 0.04916364913672744
0.24542451930324582 0.13274237326851676 0.05965444490743431 0.022678816193997177 0.007532588819597672 0.0022821438549359796 0.000663399164852987 0.00019529835553926068 6.138424164947636e-05 2.158590231491992e-05 8.806496524914075e-06 4.262581676629318e-06 2.4639963810782755e-06 1.6856233558191494e-06 1.3342735301216619e-06 1.1836644955775186e-06 1.135234890407513e-06 1.1373675096051793e-06 1.157901550685139e-06 1.1772640981280442e-06 1.1889575493795153e-06 1.1999202469947895e-06 1.228184236551165e-06 1.3004828302457696e-06 1.4545684988617492e-06 1.7506098893287883e-06 2.298437979318025e-06 3.317674832479787e-06 5.2743559297502395e-06 9.204356868164546e-06 1.7504999933575767e-05 3.5918856903589275e-05 7.856759541882772e-05 0.00018070185029992576 0.000430331631688805 0.0010431739275222674 0.0025264985047029342 0.005992782602553927 0.013636125549451325 0.029149883792018782 0.057350777271375594
0.2022758432642755 0.10545072762037994 0.04566013405273983 0.016730958724378023 0.005359645257738722 0.001568131104583335 0.000441330880726013 0.00012634239650318545 3.887659183292029e-05 1.3508640245673139e-05 5.510078477526755e-06 2.7034604578442878e-06 1.6079744870022326e-06 1.1490041212607385e-06 9.632022693937717e-07 9.15096432903395e-07 9.467863501731629e-07 1.0256686154849907e-06 1.125296033559299e-06 1.2215613833020999e-06 1.2975156616757777e-06 1.3499325526043016e-06 1.3911694772766374e-06 1.445812844814825e-06 1.5475832730468824e-06 1.742358397259228e-06 2.1020530962004036e-06 2.7578805350983538e-06 3.975816235911297e-06 6.335948244638732e-06 1.1183504917268817e-05 2.1819386463154215e-05 4.676312370491477e-05 0.00010890764618397408 0.0002712945393108807 0.0007079591559931597 0.0018869940206609577 0.0049921556593047825 0.012716312578515156 0.030254426640938133 0.06532178842784157
0.15584589824585532 0.07962596849720527 0.03388979399330118 0.012237576278572075 0.003870889676442915 0.001120173317207085 0.0003123925780034076 8.884126705609792e-05 2.7255667301083493e-05 9.489865241937551e-06 3.903824316262739e-06 1.9465686564851296e-06 1.1865477652626498e-06 8.761970570845371e-07 7.646648358820692e-07 7.604150716161653e-07 8.256088670467811e-07 9.375239739789227e-07 1.0724326820061781e-06 1.2019087967305994e-06 1.2994485909118639e-06 1.3516517705637126e-06 1.3642510921595726e-06 1.3586440304666352e-06 1.3642283502856588e-06 1.4142344002394297e-06 1.5495093406234564e-06 1.8335552260550926e-06 2.3877369789128784e-06 3.474808653365873e-06 5.714466187873932e-06 1.06839353600409e-05 2.269997806024494e-05 5.436922176961199e-05 0.00014437676374700784 0.00041447543118540816 0.0012447603922668307 0.0037632135864490044 0.010990079954767706 0.029757727772286885 0.07192365040396229
0.11456150911448809 0.058354661227169397 0.024895019180276583 0.009050171656099533 0.0028909189445286212 0.0008464959848361924 0.00023913009473319077 6.893036531230377e-05 2.1445907721258973e-05 7.578392966764163e-06 3.1678976208290797e-06 1.6078777200709354e-06 9.996190707955658e-07 7.543062371127506e-07 6.735858825960167e-07 6.855230634215044e-07 7.604980275099847e-07 8.789080090464558e-07 1.0163375819003115e-06 1.1402232419982769e-06 1.2183081233996674e-06 1.2331563403730546e-06 1.1902334783303722e-06 1.1129594781874422e-06 1.0309361326048196e-06 9.711303585100586e-07 9.567562099676068e-07 1.0140394838441102e-06 1.187901029624929e-06 1.5763034240431125e-06 2.4182668579931924e-06 4.3505204141520685e-06 9.229565012666144e-06 2.2969649706699173e-05 6.58949775613328e-05 0.0002114705759808615 0.0007286597438474785 0.002566575346619303 0.008763768771779857 0.02752378437981046 0.07578954675450218
0.08215711685550829 0.04240275396193239 0.018459856716736393 0.006886930729083729 0.0022664007808154735 0.0006850555153314288 0.0001998199409938874 5.939781074648685e-05 1.9011498828710727e-05 6.889616622731056e-06 2.9430822105645312e-06 1.520952833127624e-06 9.593182675068263e-07 7.318097015202654e-07 6.582557741857776e-07 6.721577676585927e-07 7.447424548796074e-07 8.547828626532617e-07 9.746821497707914e-07 1.0687197901380054e-06 1.1039795502214363e-06 1.0665923317423065e-06 9.685878376794627e-07 8.392232295410521e-07 7.096689381907635e-07 6.025323482344028e-07 5.304065086140942e-07 5.010036889895211e-07 5.258227982441762e-07 6.341707129885042e-07 9.054618076155277e-07 1.5655809049285885e-06 3.317593248236317e-06 8.59903708941521e-06 2.6772185304266798e-05 9.67107389761388e-05 0.0003858119363989934 0.001600509276544139 0.006466857761281642 0.023854073527653834 0.07576992329019312
