_RESULTS/REVERSE_NEW/Berg/IZ/6comp/Berg_IZ_z_90_kriged_reverse_6comp_spherical.asc
ncols 100
nrows 90
xllcorner 5.6208707817415728
yllcorner 50.959635321741573
cellsize 0.00013419651685393446
nodata_value 1.7014100000000001E+038
[rows 38 to 56 of 90, columns 0 to 42 of 100]
1.4932261178578432 1.7357232488850571 2.0321277376469644 2.384088360290012 2.784041356002315 3.213673855816363 3.7143260103775706 4.306452417745106 4.961403884872386 5.64331069511769 6.314791434615461 6.92852267758324 7.487087466676656 8.01042252043532 8.522305778152578 9.04684872897999 9.60399293998907 10.215789296179537 10.91092580280575 11.723472344694288 12.69348921843399 13.865785345420868 15.283318675813026 16.940922650090197 15.492683422137393 11.576992280264763 8.59270870958814 6.460618908252242 4.934787717071268 3.856625271467696 3.0889505211838317 2.5227088995784057 2.1001493416138466 1.7770083207879115 1.527391601970003 1.3323174866028324 1.1759583478245041 1.0472173591486083 0.9391033676437628 0.8453699920237453 0.7639015632323257 0.6951226841031973 0.639564341224862
1.4804128139454755 1.7112631386072465 1.9781419872646353 2.2899774189377076 2.6386902629013353 3.0057341242313513 3.4266578965661134 3.922717042882217 4.4690043679876235 5.037175988479583 5.588692151208929 6.092986574752846 6.5577366115806255 6.998082483601179 7.4316868775747285 7.8773224393803 8.354516558942873 8.878294420301328 9.469513227062345 10.151866100974829 10.945783916644071 11.846911049159907 12.745193316555914 13.161040362815429 11.84320129072434 9.268916203379193 6.996195363970576 5.3021278236654545 4.074847498371683 3.200170659419377 2.5617993157479737 2.091277926682943 1.7405823470597808 1.4755450812385071 1.2684220600146572 1.1061295399491338 0.9776655649553769 0.8700322967954023 0.7784819910963924 0.7012030517027981 0.636488595355077 0.5843649964257395 0.5448548407176407
1.4602375965469252 1.6811876922402622 1.9313349889252773 2.208885911293156 2.5157300898770707 2.835035960873425 3.1921486809632595 3.611442016877106 4.066106704166206 4.527939796577051 4.956695636892259 5.3421796299768705 5.694879221367188 6.027660255674753 6.353602691500335 6.686086277582034 7.039037858872395 7.423409834016572 7.843904279945573 8.304697900479189 8.787569738082597 9.223069994921113 9.465840214866725 9.21224092975798 8.167567177032335 6.638387851716239 5.191766770334291 4.033781495323641 3.1593323418768677 2.5081713461935986 2.025923339624875 1.666601023468798 1.3960196844046742 1.1900428961221483 1.0315009208153025 0.9052790859902564 0.8001191218095675 0.7109293351274357 0.636109955525874 0.5744087186602845 0.5245222654440147 0.48649042944459975 0.4602243405827515
1.4336923729721225 1.6434254571010194 1.8805088148689624 2.140254584350942 2.414749881046993 2.6991058672996266 3.006915226068346 3.367415964106764 3.7463263930428377 4.1067836483607705 4.414715131125018 4.6778054230944495 4.911781922319414 5.128948739381337 5.339035144367344 5.550650082493302 5.7714840321108225 6.006928203292776 6.251463673776995 6.487520345403628 6.673481764462387 6.755231662093027 6.6409621921128235 6.221928220837328 5.4582818672424676 4.516906132894057 3.63090043382851 2.895884681311636 2.3161258359754453 1.8748734712731165 1.5411934253162927 1.287120026873131 1.0918168081271766 0.9404681442693515 0.8218163453220481 0.7243697061447938 0.642649451239754 0.573270489577558 0.5146882626019443 0.46682975477504823 0.4292764197866832 0.4026140457304093 0.3867505063310166
1.401654354250574 1.5986164743218976 1.8211234049093443 2.0659347391741885 2.326201439020698 2.5895468367993497 2.8623743009573195 3.183292185413284 3.5045688726305495 3.766150842650842 3.950961353710775 4.092078763288352 4.211975963555448 4.3214810763071005 4.426715139149994 4.53191594020251 4.639655528359733 4.749782578441521 4.8512739192791265 4.91156927919511 4.906935983969088 4.804230614994092 4.564808001015482 4.164863660574524 3.6209357524909884 3.020982493920817 2.4526023622007767 1.9898132169030514 1.6308345710259804 1.3555145482416218 1.141895988357946 0.9738565176257032 0.840640916861614 0.7342611749230733 0.6450738941797189 0.5699434066473638 0.5074301209495818 0.45543526447930627 0.41146336328487254 0.3757210238819851 0.34848450553992927 0.3310145431330779 0.3231082047421776
1.3650843685220857 1.547412617051786 1.7529314264410945 1.9797551426269728 2.22393728174335 2.4783865618880747 2.7381460995460922 3.042588074531509 3.337359476084835 3.4895317679158717 3.5411512970890375 3.569105999716407 3.592386897526499 3.6152771789172906 3.639162137073844 3.6644145965326023 3.690087641100708 3.7120716894037438 3.711111395883594 3.6688275123964784 3.5708018887639796 3.401881346455334 3.151277360264558 2.8211452458958295 2.4264665695857524 2.0063495952929506 1.6229971252742812 1.3315857570080785 1.122935563822794 0.9646639182378618 0.8369235363955877 0.7314318095507333 0.6442168863639663 0.5689305855844023 0.5031076922642677 0.446609120103316 0.39893160468817457 0.35922408120063565 0.32659443969245744 0.3001899791084497 0.28034622918536717 0.26944188078668035 0.2672626504190997
1.3252516265560657 1.49093610661578 1.6764318894008585 1.8806510418379632 2.1015196107463616 2.3355713835962044 2.5781915424253303 2.8709594115043786 3.232063758256741 3.21067242012883 3.1427181691610286 3.0871464776314044 3.0413563746994297 3.0034904178303363 2.9722382190826964 2.946006452877849 2.9221513252161637 2.889330292863398 2.8346379377231887 2.7481331226645436 2.620187514612575 2.4455123703236223 2.2216373063093857 1.9549670327086537 1.6539071539216095 1.3433788516861342 1.0687160977188614 0.8813862674443549 0.773638906651359 0.6910014625888967 0.6179324112272283 0.5532527227283972 0.4953303288159384 0.4417263794891956 0.3936906747127211 0.3517504595996016 0.3159044627424076 0.2857055100601423 0.2608799527580459 0.2407928977330231 0.22541221576581216 0.218000269829659 0.22027785685386717
1.2838871966710221 1.431093334576162 1.5935639845002025 1.7704005465939674 1.9599035513275829 2.1586394192487974 2.3598140479146825 2.564839876445636 2.752479635542468 2.7709945226178694 2.698461493998881 2.616329628038644 2.5393070256223402 2.4704191698674522 2.409909930217532 2.3565301549482753 2.3057601241410577 2.2446311127423115 2.1682542245170806 2.0705912517734264 1.944830220208344 1.7889857638900533 1.6050589037368217 1.396300018717778 1.166401226460373 0.9367870653637016 0.7271028145942909 0.5934023014579034 0.5557553547242766 0.5121005602139035 0.46827983727195577 0.4267994322341288 0.3859633558605358 0.3472246573995131 0.31198903102141823 0.28091445473943916 0.25417670065795217 0.23154258067331723 0.21288800360244384 0.1980604779295435 0.1864277604472965 0.1787377405579792 0.18481175136525507
1.2431932055675632 1.3705426941014838 1.5076650497424464 1.6538504163576817 1.8070898883972244 1.9618528791655914 2.1027687016032393 2.2090010243854414 2.2816112059981286 2.28874316787791 2.2348764695029577 2.1577313785563876 2.0773516916533503 2.001454550582371 1.93238589654473 1.8698938051836034 1.806523794578815 1.7355758157296217 1.6552591181728316 1.5627257555913339 1.45400975545199 1.3291909056443814 1.1886615826190783 1.0308289907536654 0.863227127792982 0.7012374337229931 0.5633313927028948 0.47604534471299154 0.4340302226789167 0.4008854154293718 0.3692385882316604 0.33847866592577514 0.3077868772205353 0.278786494832651 0.25245815636401564 0.22927748456048544 0.20939989302514042 0.19269670647885942 0.17917396189299972 0.1690247045995527 0.16276823420296058 0.16062922433868507 0.16207904577074658
1.2057085670757228 1.3122160370806801 1.422500685946226 1.5371723788373626 1.6517289410285902 1.7560030197731593 1.839748104020793 1.8871393342271705 1.8937500312004678 1.8740912621730204 1.821267633452079 1.7506739669293365 1.6753647712473392 1.6026015615833107 1.5354392523688707 1.4734899065253495 1.4093747760348028 1.341385712395896 1.2688041843019278 1.1904314387582304 1.1039144529318352 1.0073758163021593 0.8990301757878828 0.7836233737565883 0.6662359629592549 0.5565595281749045 0.46527754683342315 0.40141958595425176 0.3595913125060931 0.32898460698127685 0.3031722319034978 0.2776877339915903 0.2529102165592225 0.23020233491495382 0.210012974880125 0.19251659617178854 0.17774831769665095 0.16561213288577464 0.1561836618088672 0.1498283923538461 0.14712792084355297 0.14595280851723544 0.1458531142952266
1.17411150006904 1.2581286386117103 1.3406567637462254 1.4215579118864965 1.4951495356979896 1.5562259105875764 1.5972257562272447 1.60899411733893 1.5842335793845908 1.5409555442870153 1.482558596447651 1.415171913938738 1.3459245926441745 1.2796901960922222 1.2189233956814962 1.1618610697043987 1.1036884892025847 1.0444892123765472 0.9840750916490686 0.9218670748948672 0.8530413039237775 0.7767368134813432 0.6953281264292813 0.6122786570687039 0.5304334971340445 0.4553376831756998 0.39245484051763047 0.3437874838287308 0.30693876345012416 0.2791455752107115 0.256230567775129 0.23458717236885468 0.21448903100847216 0.19639273975832006 0.18056688612543972 0.1672131458333092 0.15626552556145085 0.14761802097229934 0.14133325064668137 0.13779834656645423 0.1360508013237921 0.13453811838957838 0.13344136327652112
1.1510543591083164 1.2053060088754624 1.257941262767684 1.3059986501678174 1.346136402562752 1.3741379868108412 1.3851557076099248 1.3745377507434375 1.3395199337349462 1.2824156796889186 1.2178848804703832 1.15174812601419 1.087571684780129 1.0280604256262098 0.9746564573575909 0.9240948145230361 0.8742361963070664 0.8254070738380425 0.7762622427560687 0.7245933472610798 0.6691590129274331 0.6104963359676658 0.5502297746018435 0.4906401603926839 0.43319464897112575 0.38061705811442126 0.33581270536585056 0.2987927770899643 0.2679202906968709 0.2431663318603274 0.22213826368496356 0.2031242146882875 0.18643052965579895 0.17219849767392043 0.16032101568704996 0.15057804464539673 0.1428115511125029 0.13698253411008854 0.13318058269272687 0.13115757003585488 0.12889540261761168 0.126546593516054 0.12422976541260923
1.0902998891842495 1.139341081613601 1.1725722193443955 1.196186743587463 1.2110870563787668 1.2150949053574913 1.2057058459450225 1.1810353752676286 1.1406922949209868 1.0860087933480895 1.017579972657187 0.9518252460137032 0.8914939252000329 0.837728842322941 0.7908141627502422 0.7469609835599593 0.704230496766444 0.6620490101463963 0.6200740805853499 0.577892111987567 0.5344827099926458 0.4901366593219438 0.4458347536370383 0.4029388135942633 0.36234003665347947 0.32496109080363117 0.2923943925867234 0.2636948803003887 0.2386122005639356 0.21697498099584536 0.19738820833419424 0.18024820942717598 0.16606707107150553 0.15489646650744648 0.14630722533476115 0.13975167550837508 0.13488837240610438 0.1316477918403752 0.12985930350548947 0.1275722193482179 0.12452838979999123 0.12101374528953705 0.11719754871512213
1.0210601313518368 1.0589088902682893 1.0816569969546335 1.0922161588052428 1.0917328233695525 1.0802709452461374 1.0576973262981 1.0242700746598243 0.9810899750355236 0.9302153580104212 0.8700603708929814 0.8044977646965651 0.7464254977605546 0.696177836638008 0.6527513918201503 0.612214370519539 0.5739150475242362 0.5376098987357867 0.5029254339840106 0.46938191350938163 0.43600418242374106 0.40286400699269626 0.37046742777539216 0.3395578419440068 0.31076987358558417 0.2841050542605959 0.26002520266619006 0.23750592372287926 0.21699421693711762 0.1984125134071508 0.1800773305828544 0.16405701307203727 0.15171560111729873 0.14324243611920923 0.13772494482754116 0.13412276574335433 0.1319125882852973 0.13087853264801144 0.1291681665473806 0.12623561426788082 0.12226833998514211 0.11750580229959655 0.11205568329324245
0.9511211481682648 0.9763823163616766 0.9885771519894995 0.9888839018194002 0.9784836278569569 0.9582412177035298 0.9289768492997791 0.8917806781564125 0.8482177788393142 0.8003635787617153 0.7491855500954333 0.6920467957311369 0.6348004043676067 0.5861811976114908 0.5451533359474525 0.5081181994253527 0.4745132030003414 0.44392380692146494 0.41585066533323467 0.38965476734575033 0.3643682942446075 0.3398978810229205 0.3164274021531176 0.29431731464803923 0.27401248623787344 0.25528050553900683 0.2372147353164791 0.21948378065423124 0.20263971375164805 0.1864391826385141 0.16942755788247832 0.15356308605741034 0.14228320113904708 0.13666237404471887 0.1344925296952223 0.13387545352767463 0.13406582905892994 0.133286660064397 0.13105709186017395 0.12736822676840015 0.12239070538978103 0.1163503961201605 0.10927297693110367
0.8834254524212387 0.8971916462418693 0.899631775386086 0.8914007452283388 0.8735688906092016 0.847317809862921 0.8139335744112179 0.7748981056669796 0.7319455516595014 0.6870277386720133 0.6420927292821055 0.595177995153416 0.5471523126184855 0.5013122877286118 0.4626230021519376 0.42901048866177144 0.399775529434627 0.3742951251302718 0.3519101029141659 0.33177647605317107 0.31296056447083354 0.29524424805732763 0.2786047105324918 0.2631750923569594 0.24919719703953516 0.2363765933946535 0.2229406520453197 0.2091928792586256 0.19555800384981073 0.18154982777999973 0.16566542020847322 0.14917886117238796 0.13712580366141175 0.13586299985959377 0.13762057476416134 0.13954304648761687 0.1399980731563836 0.13875773068854383 0.13583147618207103 0.1312722213256485 0.12522678979515692 0.1179262282071079 0.10933893549961643
0.8201374235560256 0.824059920060127 0.8181390083362324 0.8029624627073686 0.7795677053621622 0.7492431584581636 0.7134437923241108 0.6737695647692654 0.6319415148609626 0.589740349155691 0.5489047218036568 0.5099160571286753 0.47109338347672575 0.43436455755944153 0.40059301552316656 0.3700231744707564 0.3446018438192713 0.3235204080954121 0.30594578354930424 0.29079044996232123 0.2772148496992776 0.26489262738758595 0.25367619500388083 0.24357344002303485 0.23469471726174507 0.22606277469412567 0.21663132343964306 0.20652886108878651 0.19610338569737168 0.18476676330104502 0.1709356168549106 0.15558745289870796 0.14297128350027963 0.14516038488480995 0.14834137654968885 0.14996751411306156 0.149790489287703 0.14774646181932666 0.14387761596579743 0.13829989720769786 0.1311424484005741 0.12263909650296882 0.11274638597538394
0.7627313204505929 0.7584950571559226 0.7457241816654052 0.7250716286959752 0.6975811925491272 0.6645550380839554 0.6274587127092337 0.5878578620196864 0.5473627910349299 0.5075645568675519 0.4699607127558465 0.43586792021632953 0.4042836244186351 0.3751898392142983 0.3493775650265837 0.3258458489907484 0.30506428021785076 0.2877672877697162 0.27427791447499056 0.26332184325130015 0.254141505594702 0.24632715199669444 0.23966539148766974 0.2341096448865246 0.22919625435577226 0.22390355238770432 0.21819811792813662 0.21176106778331413 0.2048907532161171 0.19713887414177905 0.18701786526153294 0.17627461737368044 0.16794202154951757 0.16546487305239466 0.16569095807023346 0.1655484436724385 0.16399109078095978 0.16069122685710613 0.1555989404246302 0.14881151816320246 0.14049630102518743 0.13086231562265904 0.11991046133461504
0.7121312397818792 0.701265986551295 0.6830386661036336 0.658183134946497 0.62774794109791 0.5929988330467498 0.5553312308150302 0.5161989612461303 0.4770544044282146 0.43929530612057055 0.4042178513956676 0.3729771671487715 0.3463150985851552 0.3230849115827683 0.3036063294898154 0.2869549897143969 0.2732806338965574 0.2624822490675768 0.25407610451496904 0.24731069537576258 0.24205259123920791 0.23827330531756363 0.2357480826904184 0.23417888942078835 0.2324124224235367 0.23035359913005185 0.22814243616074042 0.22567692034034378 0.22291385665782174 0.21928694689615735 0.21275266401549042 0.2046960472439634 0.197201820529043 0.19199774179004644 0.18905194109288445 0.18641782197051893 0.18288875609555028 0.17791297158769936 0.17131584251694493 0.1631419209639189 0.15357444097696513 0.14285812321730523 0.1310819523942914
