_RESULTS/REVERSE_NEW/MHZ/TZ/8comp/MHZ_TZ_z_63_kriged_reverse_8comp_test.asc
ncols 100
nrows 81
xllcorner 5.5967107547500001
yllcorner 50.982328804750004
cellsize 0.00017565049999994641
nodata_value 1.7014100000000001E+038
[rows 57 to 75 of 81, columns 44 to 87 of 100]
32.94617830669203 34.063829997545724 35.26395209615051 36.37468281032537 37.22927079431808 37.744321506568504 37.953655147436095 37.972028549343136 37.91856818050399 37.84787320942392 37.718831005098394 37.411772303068744 36.79210263499228 35.79670550930858 34.48948465282912 33.036395259650334 31.61232777857977 30.31207564876129 29.125619535166038 27.976831618294884 26.784670287709027 25.512430289802808 24.195046793290096 22.943497592420332 21.921024726541944 21.29382600769414 21.178854808777384 21.613054470732365 22.548043824934336 23.861897969050368 25.3841775049925 26.93268486881389 28.35248886379585 29.54246851375446 30.461397681754615 31.117171187450545 31.54857822284231 31.807640167101813 31.94649331876484 32.00960529744498 32.03051251748609 32.03174300594826 32.02658939508215 32.0216244973496
32.12112246972169 33.14569463386027 34.295076849925096 35.43744363131331 36.419437274699995 37.128700455645 37.538537452236554 37.70043242326676 37.6923612189693 37.56097918470192 37.29197526347624 36.82282904754128 36.09154175304801 35.09349465104014 33.9050558316776 32.65045815872131 31.434834306188677 30.29415849883495 29.192864049473755 28.060019846089084 26.835729238154844 25.50800261392412 24.134414446637987 22.843550063409186 21.80803732308218 21.194004634069632 21.111445664194946 21.587328401140653 22.56276200633117 23.906399314795728 25.441616832037393 26.98535503205976 28.38730773032614 29.55413029543862 30.452160559148016 31.094192703059033 31.520535237994014 31.78200865700207 31.928075549008923 32.00025693412562 32.02969676893624 32.03746210186295 32.036317544957015 32.033010281778616
31.10790206308368 32.02485210796338 33.091214029712546 34.20979206735241 35.24559685933143 36.072552023426695 36.620758798763354 36.89038311028225 36.92452985868378 36.765607255112904 36.427240763336314 35.89797620762128 35.170607798707174 34.27314827143634 33.27412784085112 32.254032152309165 31.263738152097847 30.301064160682095 29.319207358416712 28.25716097686347 27.07408064891054 25.776912151550196 24.437209460596588 23.18984447179081 22.20518595744031 21.640982097923928 21.596969019336644 22.090862074934158 23.056802691136017 24.360441076234075 25.82830765009254 27.287053460889076 28.599824049939283 29.685931957761706 30.52006635852879 31.118000392974075 31.518614322176834 31.768726216605298 31.912980606509645 31.98850367238199 32.023113477575066 32.035782803741355 32.03826173888572 32.03705970013954
29.93364612045124 30.73404756415059 31.696926236161204 32.75407552413692 33.79083567018428 34.6793926101157 35.323792406089424 35.68735600708314 35.785934074701224 35.65826938263442 35.339323495176984 34.85369725546087 34.22698898052779 33.498728264461505 32.72044128258862 31.93659209746403 31.16252649003722 30.376606276498023 29.531988868177184 28.580391226534594 27.497180996563976 26.302035678863994 25.071496330400183 23.935707923767165 23.052249573467417 22.563288180916967 22.555471067419198 23.038310200019364 23.943491095274513 25.141435564326592 26.471642395370587 27.779702410386292 28.948273902433208 29.91134397998788 30.6508825275891 31.183145878539587 31.542992225459265 31.771194591982837 31.906207064733582 31.97991454112521 32.01628105415266 32.03180773330237 32.03690819615904 32.03755558993095
28.686847015273635 29.37426987774548 30.23226673870012 31.216144481227907 32.230723913420846 33.15349290437068 33.875401493805605 34.3354613702914 34.528635720217146 34.487932797349664 34.259421925365324 33.887392793084594 33.412591317173245 32.87460177826576 32.30857286023908 31.73500601704209 31.150315546716424 30.526863110597912 29.824354098436544 29.00761630200883 28.064778463660577 27.022475393504347 25.954602988971367 24.977903090511518 24.229174745839916 23.829393033298448 23.849806305217054 24.293147489186502 25.093844594568992 26.13503710121405 27.277507205488206 28.391834043727123 29.382693999721216 30.198263027670325 30.82580271342327 31.279881940970345 31.5896649722035 31.788837416502798 31.909104171848984 31.976825362728682 32.01193667223878 32.02830663772817 32.0348301268149 32.03674480654657
27.50997728791947 28.100130453022793 28.867341939933166 29.785177269311564 30.77523674419452 31.723123434108363 32.51471771843273 33.07368525889529 33.37875877651867 33.45479384644813 33.350066710835904 33.1164308523748 32.79945834000586 32.43523416163668 32.0476853614728 31.644525019659746 31.21497238974073 30.73319492506724 30.167997913675332 29.495868896609462 28.71405674556084 27.851396045906124 26.973800665234794 26.179344822464085 25.57958931804215 25.271244135210313 25.309171653158064 25.6912409508755 26.3594171874024 27.21560792299024 28.146703532251887 29.05026586353172 29.852347501225502 30.513380389473564 31.02399367037928 31.39579447896616 31.651682853868902 31.818168805929524 31.9203440705164 31.97921717595168 32.01080748605435 32.02637240303763 32.03323074785259 32.035778465527656
26.56474750075699 27.079145905248847 27.77495861240021 28.638981593810165 29.60616121717757 30.57070333535109 31.418234081578785 32.06358206336042 32.47337573795374 32.663498883954425 32.67912115076433 32.57275430374155 32.390082889430445 32.16392841662801 31.91231564832579 31.637981724853358 31.329704914710316 30.966855936095104 30.527220787057292 29.996520790380476 29.377711787068517 28.69832873324648 28.013407228224153 27.40057218463216 26.945475195321244 26.720659835960614 26.765525479598324 27.07522674775192 27.602342891619003 28.270127432345905 28.992182145574656 29.6914866517677 30.312853931541063 30.826657856005703 31.225594232339365 31.518015662397055 31.72091553403617 31.85425360223681 31.937136449728953 31.985717294620063 32.01242439464763 32.02607328922203 32.03245902476792 32.03511452003134
25.987430848497933 26.44587296990647 27.08531085190689 27.901115935428766 28.838319830525723 29.799640972716624 30.67412914861144 31.373540114947417 31.8570844916014 32.132946161721584 32.24110157039435 32.23136720490355 32.147519859908016 32.019989390170025 31.864363568855662 31.682648799476265 31.466152442842805 31.2000811362298 30.869727861183645 30.4674004889998 29.998906205362264 29.488256684988656 28.978798653940412 28.52872426685082 28.200213774816085 28.044519363977464 28.08812449799235 28.325350263277315 28.72017176614386 29.216242486100768 29.75108361021988 30.269323914177104 30.731142200225182 31.114768003858494 31.414326519289627 31.63532409929336 31.789770090340312 31.892101747550473 31.956342824314003 31.994477724401516 32.015808188376475 32.026985513726885 32.03242046797386 32.03483198090121
25.854190625575452 26.269969619083028 26.858883567902307 27.620835213065874 28.508447129857156 29.433337019618776 30.29173027934902 30.99814983414584 31.509713548491902 31.829575559455126 31.99227740513156 32.04322725167705 32.02296786745918 31.959661804705213 31.867842850595647 31.750354765463086 31.60167350002005 31.412081912406464 31.17249099758982 30.87943532258088 30.539477331073712 30.172041928666744 29.809491569118034 29.49335039131571 29.26656209905441 29.16348749470258 29.200942326518454 29.373667481273873 29.655948299809037 30.008592942636692 30.388480510281017 30.757329737754763 31.087301425843183 31.362772016181655 31.5790688943783 31.739566890491272 31.852410339831316 31.927666305700274 31.97526714275613 32.0037899960105 32.01994401198133 32.028558447516 32.032857374895464 32.034844460851346
26.16484628902186 26.5435771787004 27.0788120725952 27.771813186653322 28.581402500032098 29.429346093497593 30.22306585015986 30.885480638490627 31.376742335184954 31.69785428740976 31.87825161599207 31.957735667837934 31.97226250849208 31.947040955276496 31.895507126656845 31.821364539909226 31.721754131517155 31.590792124674614 31.423241576179308 31.21804359287778 30.98121866184996 30.72747418486939 30.479795698695284 30.26651464140834 30.116028803939095 30.050390551171862 30.07980142330357 30.200012515833457 30.393586122158716 30.634451547445213 30.89400075943437 31.14667957334907 31.37363455037284 31.56399071017911 31.714185765803194 31.82617498243551 31.90529304269372 31.95832295285325 31.992055123861828 32.01240731787689 32.02403820586722 32.030318400329314 32.03350946134657 32.03502524162366
26.843987938265013 27.185025673449292 27.657883244191257 28.263097102365403 28.96541715099047 29.69862007501164 30.385005379340413 30.96034293401232 31.391615285405138 31.679743825464286 31.849261938504945 31.93339439068804 31.96227183846922 31.957200556998348 31.929897963903986 31.88433767099253 31.819460512179944 31.731990453430814 31.619133686943652 31.481001784782958 31.322461891889297 31.15399965821995 30.991190389492946 30.85258448729684 30.756260851345818 30.71587148158142 30.73739136696605 30.817693644545187 30.94544281028015 31.103931419531715 31.274823815493008 31.441615504741065 31.591955419559977 31.718545027261303 31.81881957054013 31.893869981948114 31.94708628957687 31.982888958845635 32.005757616663246 32.019624836839355 32.027601702063485 32.031947702541146 32.03418438572549 32.03526704681495
27.758246057264017 28.05742979821059 28.458633665695547 28.960709516807924 29.53475465163648 30.12820432748259 30.68055170345817 31.14272714787199 31.490285929556133 31.724933267985193 31.86631266394524 31.94053509759146 31.971202937153226 31.97508928675477 31.961641558855643 31.934490201614178 31.893571556100326 31.83722752337405 31.764100227153357 31.674733531884748 31.572714407859397 31.46511540541419 31.362027859578557 31.27513610870331 31.215559391049535 31.191490450514365 31.206332095033446 31.257938765161803 31.339205910925322 31.439775156910255 31.548266704347988 31.654364367105696 31.75025573764675 31.831236732609945 31.895570590629024 31.943854474938178 31.97818228280787 32.00133959965252 32.01617552276746 32.02520464804794 32.03042325910362 32.03328507701943 32.03477154447972 32.03550073665314
28.749317068303874 29.00204816671108 29.326384222128922 29.71944535587923 30.159037263284954 30.606687444815023 31.01921216969797 31.36250067396577 31.620424630731787 31.795394168922396 31.902263371217515 31.96018193913802 31.986320608773156 31.992902921047822 31.986932574647454 31.97132355504965 31.946431072627135 31.91151301516423 31.865990021622785 31.810459075403347 31.747374056035248 31.68126492271053 31.618392842918254 31.5658453746443 31.53023806198648 31.51634579807599 31.526058818949103 31.557986214041524 31.60782421326599 31.669352250116074 31.735730759965065 31.80072583569038 31.859575223157666 31.909373553825098 31.949013358861027 31.978819980104927 32.000049884358425 32.01439836840507 32.02361038417482 32.029231542815275 32.032491707535776 32.03428806952264 32.03522740088957 32.03569264751218
29.675229411220165 29.87904337757149 30.127934000870283 30.41777219866641 30.732761736154828 31.047236452697913 31.33323344491788 31.569352722850773 31.746211911319033 31.86644852640441 31.940565319855413 31.981610569681767 32.001155891082696 32.00743522880465 32.005225917677265 31.996627000405294 31.982077921656625 31.96130583785527 31.934115722075795 31.901002147282476 31.863540935932622 31.824495292928795 31.78758866767406 31.756961374116894 31.73641929947843 31.728663440845146 31.73471755870046 31.753723711157633 31.783162168450286 31.81941778785376 31.858515462982893 31.896819631400707 31.931537332930937 31.960950622192197 31.984392357663776 32.002040011204556 32.01462450154436 32.02314062195342 32.02861623276487 32.03196372778914 32.033910115792196 32.034986335536026 32.035551875123254 32.03583395657187
30.443182688203503 30.59917089408225 30.780424287013602 30.98221486883163 31.194076463302423 31.400488102560566 31.585167023672376 31.736137012802086 31.84872728473167 31.925359771469726 31.972966004715847 31.999806692473125 32.013111509148 32.01801572115476 32.01752909018111 32.01303010183012 32.0048923566032 31.993055978667517 31.977493545527647 31.958561342909213 31.937216529170914 31.91506792097743 31.894238778388427 31.877056786331863 31.865635982183754 31.861456166753076 31.86505656126911 31.875931964988958 31.892658761451987 31.91320788670462 31.935349986782796 31.957042709657056 31.976712219291976 31.99338619893789 32.006683613540154 32.0167010659245 32.023849595071 32.028691063639876 32.0318071324328 32.03371467940326 32.03482585523708 32.03544184211888 32.035766713366556 32.03592959227799
31.019624653715105 31.13248204269013 31.257963671893858 31.39133404416059 31.526010452982277 31.65347949061605 31.765301544229757 31.855624562803907 31.9226275358871 31.9682778988735 31.996867327954863 32.013275297149896 32.02170579525325 32.025137100943866 32.02533149963777 32.02312598124248 32.01878906830813 32.012341849734504 32.0038162919281 31.99344690753071 31.981786648605333 31.96973116713876 31.958441647348124 31.949176351285196 31.94306705213194 31.940896992299972 31.942941452879076 31.94891608842158 31.958046283193998 31.96923467812564 31.981277354385558 31.993070991902396 32.00376432930573 32.01283055490427 32.02006266280038 32.02551262933598 32.029403292182934 32.03203963875362 32.03373759774261 32.034778011945185 32.035384880590016 32.03572194091138 32.03590018577131 32.03598989368381
31.41769748899012 31.494679299005586 31.57744517215636 31.6616859441371 31.743344059425493 31.81814683360111 31.882263164784092 31.933315984952433 31.970948863033875 31.99662240346843 32.01285406985844 32.02235479164562 32.027416185389406 32.029656477681684 32.030043500999476 32.029054216157256 32.02686381715728 32.02351419382957 32.019048800672465 32.01361216244597 32.00750942968245 32.00121807936488 31.995347207221585 31.990550250035948 31.987410231004592 31.98632672174802 31.987435518884137 31.990583622419923 31.995365893585426 32.00121162932722 32.00749589890411 32.01364629352778 32.01922116845326 32.02394720951482 32.02771716534837 32.03055838023355 32.03258704986161 32.03396209324422 32.03484809522404 32.035391348600335 32.03570853388641 32.03588494855586 32.035978427407315 32.03602560783075
31.674572923708887 31.723968324638918 31.776059224517038 31.827216282091094 31.8749008610784 31.917103703686898 31.95234983095939 31.97995359593206 32.00015363010319 32.01396005797027 32.02278938923418 32.0280749112768 32.031000437021696 32.03239891347728 32.032775345367476 32.03238930055512 32.03134875351299 32.02969306622375 32.027459577131246 32.02473291409637 32.02167454733979 32.01852856376536 32.01560146936805 32.01321906677555 32.011669991574195 32.01115036419405 32.01172476251099 32.013314494748066 32.0157161888471 32.01864486463513 32.021789126286166 32.02486404699517 32.027649945829644 32.03001101132704 32.03189414786494 32.03331329505316 32.03432663063433 32.03501357772445 32.03545633426839 32.035727936730005 32.035886626982546 32.03597497999503 32.03602186641209 32.0360455810532
31.831745321837563 31.861476959487295 31.892765394880097 31.92275196744263 31.949789157952573 31.972943779533157 31.991769998011904 32.00625290388471 32.01676840898182 32.02397417882837 32.028644346317314 32.03151066966187 32.033161263988916 32.03400850614837 32.03430697618882 32.03419421127383 32.033734734561634 32.032958724961055 32.031893317424505 32.0305860674224 32.02911918782366 32.02761250151938 32.026214028218796 32.02507968280501 32.02434667993538 32.02410752353505 32.024391773075834 32.02516074957319 32.02631657307684 32.027722751540686 32.029230466590974 32.03070372659819 32.03203779492863 32.03316802230604 32.03406925975934 32.034748350478225 32.03523323287308 32.03556195691243 32.035773865307114 32.03590389870215 32.03597991243954 32.03602226644629 32.03604476744928 32.03605616626265
