_RESULTS/REVERSE_NEW/MHZ/TZ/8comp/MHZ_TZ_z_90_kriged_reverse_8comp_test.asc
ncols 100
nrows 81
xllcorner 5.5967107547500001
yllcorner 50.982328804750004
cellsize 0.00017565049999994641
nodata_value 1.7014100000000001E+038
[rows 0 to 18 of 81, columns 44 to 87 of 100]
8.233933364548571 8.36442643499071 8.49379204071003 8.612685544345867 8.71491686316343 8.79764761556861 8.860926321183586 8.906831966861565 8.938523878153394 8.959427034341754 8.97267069214727 8.980795049064378 8.985674065562451 8.988577037640864 8.990296370489084 8.991288869466338 8.991800118785944 8.991959194030805 8.99184215041701 8.991508491632677 8.991017089194886 8.990428384232288 8.989799071584125 8.98917425923116 8.98858057181675 8.988022116469356 8.98747997136668 8.986915111614733 8.986274450927285 8.985499710188066 8.9845387566011 8.9833585897736 8.981958244573228 8.9803788463408 8.978707471918677 8.97707193401055 8.975625389218632 8.97452247026154 8.973891579132413 8.973809892623526 8.974287598351518 8.97526567331686 8.976627792455592 8.978223011551316
7.989400762240245 8.161558415018508 8.33255877493095 8.490002587116534 8.625599420345127 8.73549010024659 8.819667652264158 8.880851757137062 8.923221487424133 8.951321295798362 8.969303764546405 8.980531777913486 8.987472037523634 8.99177700044736 8.994458360970556 8.996081149018448 8.996936543819913 8.997174586878772 8.99689289102258 8.996185694524387 8.995161628761931 8.993940126645574 8.99263632250485 8.99134290157678 8.990114998756669 8.988961535974287 8.987844065894821 8.986682791856396 8.985369016390916 8.983783373806482 8.981819087113083 8.979408548279972 8.976549677121387 8.973326409853119 8.96991649405601 8.966580735808892 8.963631503007582 8.961384003135295 8.96009981498888 8.959936011546624 8.960913107263302 8.962910567624373 8.9656910656351 8.968946677784638
7.720486953516536 7.938055755733449 8.154643333739473 8.354481163744353 8.52691325966228 8.666900210506174 8.774337934385734 8.852639308777393 8.90710967366301 8.943533953294805 8.967193873128783 8.982348510453216 8.992092781726821 8.998462938653692 9.002665165150736 9.005335446324297 9.006774620897836 9.007131015064083 9.006522051140955 9.00509789325035 9.003057326721544 9.000630213607826 8.99804229463788 8.99547674569584 8.99304321344696 8.990760296366476 8.988553183263052 8.986265576514178 8.983684295077383 8.980575206967632 8.97672894636094 8.972013041387962 8.966423475827197 8.96012460755842 8.95346411854933 8.946951646659912 8.941196973773376 8.93681481208021 8.93431476675481 8.934002410734324 8.935917075320859 8.939823204780074 8.945257544098682 8.951619016874172
7.444545364343297 7.708341039652692 7.971545256660888 8.214931122247501 8.425363925263408 8.596543113772842 8.728241742400062 8.82458821722478 8.892062356985642 8.937739299714167 8.968061677282954 8.988186336446967 9.001803396628748 9.011268623680227 9.01789756967696 9.022307073273385 9.024730764522658 9.025268040364207 9.024049044343053 9.021314608680948 9.01742271361834 9.012802262794997 9.00787965128972 9.003002694155297 8.998380630474719 8.994050570446817 8.989873075108363 8.985554887432496 8.980695583530213 8.974855472555749 8.96764174384104 8.958806420025342 8.94834289938741 8.936560220889257 8.924110131476318 8.911946006785493 8.901206445167285 8.893037247131371 8.888386693472368 8.88782219358993 8.891415329839452 8.89872605546835 8.908890151389363 8.920785915956813
7.182331120307863 7.48993762382922 7.797439105766614 8.082348461350351 8.329161028613791 8.530370628226128 8.68565366929205 8.799860652081188 8.88063373615721 8.936304385621066 8.974415658967388 9.000930213116915 9.020007792718655 9.034168529822884 9.044665306451357 9.051927945954926 9.05598490912537 9.056802621948052 9.054509088601058 9.04949162644771 9.042380576108382 9.033949513798298 9.02497341865088 9.016086471349798 9.007671645246806 8.99979969406146 8.992221581652586 8.984410227812289 8.975645416484452 8.965136865737332 8.952179880521829 8.936331719378975 8.917584514470313 8.896496928004323 8.874239929529121 8.852520034885119 8.833368770002812 8.818824513833254 8.810569651835294 8.809607676295856 8.816061720964893 8.829147267260476 8.847325977798185 8.86859941860358
6.954462751974204 7.3005927022358 7.646930504354339 7.968235722819675 8.247013867532194 8.474798327586214 8.651289689371874 8.782079098495691 8.875913038978418 8.942266024311865 8.989625022900572 9.024562091617417 9.051470697265048 9.072765392988666 9.089349317579542 9.101190989942433 9.107890327319394 9.10914476103285 9.105054760030168 9.096241058140523 9.083783854136932 9.069029590855608 9.053332988968227 9.037804264738556 9.023115586052851 9.00939567804029 8.9962181730903 8.982675578378926 8.96752772098277 8.949415815450761 8.92713222494715 8.899924738334906 8.867792609352948 8.831708295596101 8.793688476264252 8.756653917697783 8.724063420722212 8.699371024591128 8.68541528386682 8.683881446058162 8.694968478603476 8.717344795622832 8.748403586929388 8.784752189845047
6.777652671130671 7.155069155363701 7.5324467185167 7.882577062237944 8.186633836133955 8.435651075930247 8.629601836246769 8.774880777357131 8.881263154674004 8.959196103477426 9.017872162602654 9.064176287292371 9.1023826845443 9.134397824510906 9.160346509005144 9.179324861934738 9.190167950250974 9.192098489945316 9.18515037077583 9.17030812756708 9.149368038626912 9.124590341731125 9.098252971696855 9.0722223748143 9.047629788280837 9.024698443175346 9.002728218525794 8.980222345669453 8.955136930863707 8.925238491012172 8.88855257484608 8.84386675676026 8.79121452536618 8.732228606582279 8.670238603949837 8.61002004485558 8.55718200081311 8.51728470222616 8.494867574598791 8.492607490313771 8.510803899185781 8.547311890903636 8.597938725901868 8.657209545375244
6.661696110248992 7.062428471613259 7.461914741571168 7.831963111727242 8.15330095881737 8.417120040075824 8.624047781692495 8.781414365634108 8.899965729641869 8.990931093348276 9.063920590561239 9.125757488115292 9.180134891883847 9.227909138185561 9.267835998344637 9.29756242325607 9.314680583871821 9.31764353074727 9.306362269113354 9.282372670318678 9.24856876362269 9.208610184078351 9.166183063799279 9.1243018876548 9.084792404648386 9.048023304013189 9.012891356201255 8.977031674310263 8.937221358786061 8.889953228291251 8.832151982048654 8.761970803133584 8.679545442200636 8.587523862455763 8.491175963708956 8.397952277589312 8.316497776395602 8.255288388016115 8.221176638498052 8.218164600837632 8.246667205476921 8.303418614493784 8.382041328835967 8.474160859044778
6.607876828706581 7.024437887005637 7.437293226739756 7.818335645991666 8.148856579716119 8.42098922663693 8.636502745339065 8.80387213347293 8.934806263725216 9.041150743940786 9.132641929675698 9.215627913932698 9.292675924377034 9.36291932078147 9.422983197728794 9.468300767780523 9.494575201240634 9.499086146239426 9.481543765817518 9.444292724835018 9.391846833178196 9.329923459332234 9.264266374457629 9.199555255174403 9.13861653240505 9.082029976282849 9.028126644292135 8.97332737407849 8.912771662052524 8.84120256360068 8.754064313431225 8.648710638064216 8.525523255174008 8.388653197190834 8.24609425071555 8.108923530686878 7.989773458696307 7.9008352990387305 7.85182794134161 7.848351702200884 7.890927756080222 7.974877335162719 8.09106226477547 8.227375175213119
6.609022298365734 7.035409703524185 7.454289401475712 7.838659628072466 8.171376859472073 8.446322735131671 8.666944458949745 8.843137237379715 8.987638290735433 9.112812261528637 9.22827965320683 9.339513620107544 9.447372376213114 9.548492474427187 9.636446891854021 9.703496606446121 9.74262552627098 9.749412107713917 9.72326063468903 9.667658900974587 9.589417485327667 9.497156430476434 9.399497679238664 9.303426989289058 9.213142929395685 9.129514268205293 9.050117249764147 8.96976421560099 8.881447510248153 8.777651358576797 8.651966712318838 8.500845680758589 8.325177564082702 8.131247785748123 7.930669891989561 7.739116764140379 7.574047598929293 7.451948518140528 7.385708733287939 7.382621653567332 7.443268594182852 7.561372939276027 7.724645290854914 7.916578781865338
6.651132419984214 7.083473174645681 7.5033106745198825 7.885594490454359 8.215601347446807 8.48967950444242 8.713468644814624 8.898597075497841 9.058974865044897 9.207487731244536 9.353495759028998 9.501269652381898 9.649398672227692 9.79120393557497 9.916168005240609 10.012252524998486 10.06871663735065 10.078783934318498 10.041414329964955 9.961641829417959 9.849394300906287 9.717208231403458 9.57755089411102 9.440452330604915 9.311900293250638 9.193138923361515 9.080792182294655 8.967663087286141 8.844097843234348 8.699854265382525 8.526380883077811 8.319253296026842 8.080279664721049 7.818630356694064 7.55044732319447 7.296808294213536 7.080493445904858 6.922401895352973 6.838453111913849 6.837445064610881 6.919938992359845 7.078084986860403 7.2964086271551665 7.55369983086773
6.7162584016590765 7.152996157394946 7.571415693318584 7.948982835436142 8.27399007003442 8.545782504284114 8.772612242120086 8.968147266730355 9.147676884138747 9.324716351365261 9.508348556371052 9.701439446011541 9.899845632152354 10.092795947943396 10.264616822369607 10.397754331783378 10.476619666187709 10.491329216057448 10.44022014595466 10.330306681734383 10.175536143823463 9.99346921632911 9.801457819074724 9.613351396018754 9.437355018366752 9.275182179504494 9.122333713724467 8.969262909634573 8.803270901153807 8.611060044442368 8.38181582994373 8.110439080952844 7.800208209609252 7.463963355047484 7.123136510083031 6.80465021193145 6.536543451513041 6.343620971883725 6.244159151627712 6.247971030213425 6.355516223331343 6.557669471881857 6.836180137510286 7.165296155870801
6.785985462915217 7.227571250092272 7.644761225802285 8.017753816615047 8.33811662995422 8.60845896699077 8.839902929345687 9.048398738230023 9.250838773315799 9.461556370934215 9.689467263984909 9.935988667103398 10.193951414559125 10.44787342047436 10.67598048576739 10.854055688368383 10.960555441058972 10.981713821637742 10.91502255937365 10.769856742403968 10.565026477927528 10.324158780024966 10.070459340133214 9.822309538929927 9.590526124999677 9.37740352867894 9.177232577801371 8.977928702493669 8.763557583019866 8.517677069271244 8.227323281933726 7.887101913012606 7.502371415884554 7.090301237042472 6.678028786425346 6.298218839903548 5.983468832588562 5.761393279923474 5.651541285983107 5.664081003401273 5.79935218563867 6.047496552799968 6.388242428091273 6.791814221710742
6.844565079305558 7.292748633085834 7.710874437857036 8.081723774825154 8.400029420648892 8.671622294112971 8.910530621566327 9.13509801156374 9.363991736317228 9.612569886369768 9.889777635988843 10.195698109039538 10.520075098955898 10.842391536877694 11.134156685484523 11.363658385474993 11.502534207123045 11.532475906708259 11.449863770911305 11.266622008892398 11.00697411321532 10.70133247588166 10.379440323375407 10.06472654503668 9.770934224765528 9.501096994500308 9.248374413957068 8.998217946942162 8.731587595134755 8.429130747498371 8.076103207210846 7.667305128294559 7.210683329780373 6.728058040047424 6.252157772629451 5.8206875249386725 5.469593615517453 5.227907463340337 5.1153029210169585 5.141735526557549 5.307543303227505 5.602778113846786 6.0059428547360465 6.483752722296307
6.880764572644848 7.337748308821443 7.76014742047498 8.132843551956231 8.453265503832124 8.7300968870441 8.98004386641872 9.22375742701968 9.481717482300372 9.77044399141779 10.099118808972126 10.4667264553342 10.860127569389478 11.25387354569423 11.61270775269854 11.897212858642192 12.071883499883345 12.113514087717805 12.017074934032387 11.796858821962426 11.482458146909682 11.111137923933773 10.719312995109414 10.335627091191062 9.976948122187697 9.647303892103736 9.339065969003475 9.03567058432777 8.71551731638483 8.356946824467737 7.944027283498037 7.472227531837519 6.952291381872361 6.410473591419372 5.884357058241469 5.415493787984245 5.041786505228055 4.792453341753442 4.686525506622778 4.733555840251342 4.934173330318147 5.278856836782396 5.7452778998393335 6.2966108605554005
6.888035551850366 7.355820912383949 7.786294002988707 8.165694426962874 8.493368234177613 8.780174782853045 9.044990698053804 9.310444877137215 9.598660730691284 9.927296928178254 10.305897298325492 10.732636743344596 11.19195690807387 11.654102374512282 12.0777737371713 12.416548400287018 12.62828537801017 12.68502786421358 12.580030439137069 12.329245892493702 11.966708646837938 11.535635027552063 11.07844349471804 10.62867489825137 10.206382912004981 9.81700073249459 9.452815641048382 9.096165350437584 8.723909930861637 8.313060498397414 7.8472464730077895 7.322930913106415 6.753406236452728 6.1685080687193885 5.609364540057797 5.119935099806884 4.738899200465953 4.495024182286365 4.406651687361598 4.4832885669108204 4.726284295387658 5.126677142237347 5.6608378760078955 6.2872441520285784
6.86341640783322 7.343563304462809 7.785982252171032 8.17736373666462 8.517965055136798 8.819892050491276 9.103428293158238 9.392598123231172 9.710752665894804 10.076441268225981 10.49953397058882 10.97766352725868 11.493533252674832 12.014242788798734 12.494035698092402 12.881244782921733 13.12860080253354 13.204172499701732 13.09922884095784 12.830084649137705 12.43326092346607 11.955875608681831 11.444727587362372 10.937367281080606 10.45694836830132 10.010920876915943 9.592613460475077 9.18469628269074 8.763995923822343 8.307509747435198 7.799263069470849 7.236812443645241 6.6352570611170005 6.026581730842322 5.453762232122617 4.961758835554237 4.589351580196396 4.365025150791952 4.307196792974976 4.426203956630284 4.724541971032482 5.193278942723306 5.8057267291360315 6.512893305139776
6.8061795211075315 7.299962324440107 7.7581997423131295 8.167066171698657 8.526604306989581 8.849075119051584 9.155213148596172 9.469637719904664 9.816273579815068 10.21407226522426 10.672996126755377 11.190325224423296 11.74784818511121 12.311131762046157 12.832317103910398 13.257226747224069 13.535912623297216 13.633872226119523 13.540214204527299 13.269831264555432 12.858852218836168 12.35516881618813 11.807408226482833 11.255672840926993 10.725979868804165 10.228608396078165 9.75947185497119 9.30349299294857 8.83940278933417 8.345770821536993 7.807889973394505 7.224300510591643 6.6107915899226555 5.999704079767075 5.434033148936378 4.958572165851995 4.612105399236001 4.423739285199163 4.41337215336827 4.593343265076836 4.967439892048836 5.52521309403187 6.233454161775851 7.030989565620938
6.717240713020746 7.225956690808823 7.703926812975196 8.13589258048558 8.520560724021038 8.869209197662842 9.201970138535243 9.543112789933538 9.916298056360885 10.340189285291467 10.82442628652098 11.36602679418372 11.94674331213249 12.532487213442007 13.076132661721884 13.524351030449196 13.827593603918691 13.950654605249172 13.880467020571402 13.628505433216548 13.227086472633594 12.72102692538382 12.157540557312004 11.577356438782699 11.00896878072473 10.466443024374229 9.950151812385956 9.449568835982646 8.947573937596646 8.426058229124834 7.872458932740291 7.286079061720731 6.682145088923088 6.091515964067297 5.555514886119477 5.11793494841042 4.817926894309899 4.686572344758462 4.746928703705609 5.01439729738737 5.493466115644254 6.169104118361176 6.996029076235474 7.894267511686212
