_RESULTS/REVERSE/IZ/5comp/IZ_z_180_kriged_reverse_5comp.asc
ncols 100
nrows 90
xllcorner 5.6208707817415728
yllcorner 50.959635321741573
cellsize 0.00013419651685393446
nodata_value 1.7014100000000001E+038
[rows 40 to 59 of 90, columns 44 to 87 of 100]
65.8412822371414 67.27859728014741 68.52848500883879 69.53873998515698 70.27005974833352 70.6975833767395 70.81242269617665 70.6223373092776 70.15133695348138 69.43896880507222 68.53993570018932 67.5230187221931 66.46388031384002 65.4253024182581 64.46181587184621 63.72675741951815 63.50165504478894 63.908916364582105 64.77784980518587 65.89197969773093 67.12640748270117 68.39048360719838 69.58929068127428 70.6342205661926 71.45795570786191 72.01877407204512 72.29637713223478 72.28317357077249 71.97327995857724 71.35082956174324 70.38621712518754 69.06657549343083 67.46932313498151 65.77954217101876 64.15174165496897 62.59062715793129 61.04128237119567 59.50431125501964 57.968770315221086 56.25185291283184 53.893477432866824 50.7406489487453 48.39392329169429 49.07199085479385
65.72741475912119 67.06772560025453 68.23195389498645 69.17026871541711 69.84562260139577 70.2345185025137 70.32798807623469 70.13232174295874 69.66920393257173 68.97564915580688 68.10403260991545 67.12016727469538 66.09186955405116 65.0689530454232 64.12485136172859 63.494671262046786 63.4741081848879 64.06006294771495 65.01272703772061 66.15855455395796 67.40833493710304 68.67047854848877 69.84263962357784 70.83629567125021 71.5914772113771 72.07810470791046 72.289295041717 72.23125807258882 71.91259053135283 71.33396113809559 70.48075080233606 69.33241939162549 67.90828464579826 66.31298244652471 64.68299281867786 63.07774971549883 61.48561653384612 59.88900935959835 58.221065414685356 56.26858093205923 53.558812429346034 49.91064701894362 47.05206470591599 47.41925333235641
65.59102031443554 66.84514441752043 67.93663255011514 68.81767446163272 69.4530550908163 69.82035583951769 69.91036909725901 69.72772160573288 69.29142248601806 68.63543268840213 67.8089771380785 66.87315868831355 65.88608180612854 64.89383555646403 64.01595176225932 63.5488666711025 63.7172186889156 64.39975477956912 65.36997409426004 66.51270801453106 67.74844608822484 68.9727467380606 70.07683094191144 70.97579640460768 71.62004143589077 71.99334298127053 72.10356491744677 71.97085584452054 71.61655684272135 71.05408582279114 70.28233840062293 69.28626857847583 68.05743172667236 66.6317469094607 65.09153516694155 63.50570149766859 61.88144200851842 60.14156328019138 58.13315441579539 55.76011907831288 52.78933399466004 49.00622379689231 45.98921032633497 46.17904780492525
65.4639735780969 66.64562785004135 67.67951052322131 68.51963744036547 69.13226912541793 69.49576096765095 69.60051274584661 69.44940475699313 69.0586128919203 68.45869597822714 67.69508727328231 66.8237290257063 65.8972208481343 64.97390191207012 64.21822162956688 63.92029785336582 64.1987203226552 64.89185059081457 65.83444927476188 66.94437882352742 68.1305011625344 69.27488992008894 70.2668254989263 71.02842735991099 71.52255950413215 71.74807373673204 71.7281438039248 71.49675989996841 71.08677578838183 70.52097311482875 69.80646297250324 68.93358827158264 67.88447874241433 66.65532358420282 65.2725333959606 63.760509381650564 62.039824861560675 59.83003188250766 56.95378196270987 53.91846838051985 51.06534707980024 47.86967733424427 45.27192751852805 45.5251352419796
65.37086769220096 66.49540230950821 67.48772472442698 68.3036491468448 68.91070658136866 69.28779458745817 69.42480472819389 69.32286638910755 68.9952913137253 68.46902901520863 67.78545933724615 66.99662012775318 66.15653826710718 65.34200034942398 64.73052754494418 64.55314806219707 64.85500928762606 65.50296341558474 66.3880301922346 67.43207607577983 68.52745390531018 69.54868475427249 70.38778409695153 70.97615371650822 71.28989828457043 71.34286654816931 71.17304057093496 70.82755546483699 70.3497771943704 69.76993874425868 69.0997500327118 68.33129930310594 67.44153667900828 66.40226790254215 65.17546347510263 63.619771656142234 61.26188333870874 57.4492456981414 52.73792926448879 49.20411818154206 47.55594293223385 46.20703033587357 44.87591521829932 45.54015987158079
65.32626248882177 66.40900709114108 67.37506247869989 68.18215099378186 68.79904368004689 69.20507500942891 69.38957944547467 69.35198293332375 69.10276863467959 68.66516044564406 68.07643423087255 67.38604274994651 66.6523815878702 65.96273095310329 65.47559121179088 65.35563308811763 65.62390775355489 66.19694220024475 66.99739221149167 67.93885004309898 68.90287314263186 69.76346253744696 70.41892042555563 70.81085811154193 70.92798020953926 70.79768907715886 70.47111405052486 70.00699444466055 69.45786446985012 68.86005997664046 68.22794824115012 67.5518868453868 66.79580437710574 65.87131938854691 64.50164690736267 61.865532393494426 56.62393249923105 49.057782431777476 42.610441871263916 40.22199059403796 41.54610129593044 43.635155877292135 44.65073459685252 46.18043816894832
65.33353016798974 66.38795649963373 67.34041356759764 68.1507447582678 68.78908664048237 69.23524957085648 69.4780564839213 69.51533218324025 69.35480846797971 69.01588829315084 68.53148545346528 67.94813367984139 67.3258438903352 66.75048568135558 66.34948407690577 66.23958732533504 66.44441815682232 66.92167726280017 67.60987871878913 68.41517154801208 69.21569339921047 69.89065333238493 70.34707229346952 70.53650206909677 70.45830900817343 70.15078113552516 69.67547257773329 69.10030937051508 68.48494856577881 67.86966727894188 67.26628475511669 66.64060519002668 65.8402783885753 64.3293095899677 60.634252367949415 52.70499502777024 41.55118144460265 32.20768282062843 27.83725518394698 28.619608780524864 33.632807050243315 40.0167974047266 44.36482715205505 47.27060597158377
65.38537306189691 66.4214263812722 67.36861259529513 68.18918514155521 68.85488875734997 69.346184600498 69.6515477711398 69.767390682712 69.69883881823728 69.46140872237153 69.08312955835538 68.6059315094089 68.08659337738874 67.60212433892848 67.25188890808107 67.12298284489422 67.24602714689443 67.60752871823891 68.15963553371597 68.80619539326305 69.42625589255692 69.90798146511948 70.16870898517085 70.16874071723761 69.91511319289057 69.45333447960988 68.85171319030607 68.18358901906188 67.5097809575075 66.85585282543045 66.15387598589906 65.04317419200198 62.326251898908325 55.465889680459505 43.0726302941955 29.57109715135504 20.336155251478566 16.024923735497737 15.567476244799842 18.735309505690502 25.99913925637519 35.91396697270064 43.89421863969769 48.56080123649212
65.46587056502958 66.48886870044805 67.4336453150334 68.26522651818037 68.95729157258448 69.49124550522541 69.85550963709984 70.04539544114117 70.06369274493764 69.9221091449293 69.6433632399975 69.26312918719873 68.83128708468314 68.41342913443184 68.08772905191671 67.92233376132917 67.95094138555461 68.18034125674676 68.58091250325482 69.06094406120792 69.50180623742308 69.80182081001969 69.88925940233194 69.73131609587071 69.33877967534413 68.759227336976 68.06044492168328 67.30318001635315 66.48112253217336 65.33692301003406 62.83245714005172 56.37306152348934 43.53552069578861 28.091834998784304 16.773503967032678 10.72226229747129 8.088544181843675 7.5488911225359505 8.829064770352906 12.656152198897065 20.55292629048067 32.47407860438163 43.44726560341996 49.855909651359184
65.55350743443483 66.56398139084932 67.50356074572673 68.34055401527687 69.05098517620941 69.61760193741611 70.0291908170967 70.28040868975135 70.37214618437744 70.31262942331729 70.119265475439 69.82070218461436 69.45825763033955 69.08608185157094 68.7668058542659 68.5557292451218 68.48602806946175 68.57746888223836 68.82165940319715 69.14037730427296 69.4196242502437 69.56650013004044 69.5190725067277 69.24869339193049 68.7637355350981 68.09924401778001 67.27427389923784 66.14413648391039 63.91412125592125 58.10237751376066 45.233769501639465 28.090438314461625 15.136784324658864 8.330967138201013 5.229501074208426 3.943163521800603 3.650452603691006 4.175436535696789 5.85498665326747 9.752423506725554 17.815987108057545 30.749754247052408 43.54312310816554 51.12936064932
65.62418656309953 66.61903161718135 67.5459231185284 68.37737923105061 69.09233560972571 69.67539307834127 70.1162259985032 70.40939492772436 70.55448353551064 70.55682845763607 70.42901463283066 70.19284287190814 69.88096241887864 69.53704910506004 69.21208665717846 68.95285690005882 68.79126846807424 68.75317831801028 68.848174796225 69.02020340923937 69.1662516592655 69.19998423110611 69.06552378856303 68.73227476380588 68.18634871487903 67.37062515691716 65.92552342220773 62.32817544930048 52.668387693755314 35.00463008367221 18.121306551760238 8.711977675686159 4.5799314600755405 2.843282728828295 2.142871793002428 1.9749290680478087 2.2218193970296607 3.0259689283154847 4.900223334684026 9.075131333877342 17.674549363346447 31.33361662879671 44.689849274082114 52.49068790668212
65.65263883576648 66.62819173122816 67.5324144274512 68.34408943733258 69.04603149279656 69.625380176513 70.073310165691 70.3849128374833 70.55915950624929 70.599283033321 70.51390259756829 70.3188139734056 70.03882023517707 69.70847116781455 69.36974143335661 69.06395899086377 68.82295349936363 68.6745910811802 68.63933702775607 68.68649147099228 68.73220813461877 68.69578636635494 68.52001519595092 68.15395698670363 67.49100003354712 66.09766015973977 62.27962021577817 51.760859939603954 32.90067754340966 15.944460184939272 7.190247185503661 3.5831944298464675 2.129167028931366 1.5460110435310999 1.3759245221638865 1.4910755810907101 1.9441615448525158 2.9980732986267773 5.324067929660756 10.371678986710092 20.212721917940065 34.42461197790736 47.04272903180269 54.02276717195819
65.60956582996496 66.56794553325483 67.44103731780002 68.21849290280039 68.88900620653436 69.44336455441648 69.87501306706531 70.18025103806639 70.35816931283819 70.41076612395707 70.34372966131052 70.16801919566865 69.90184696367334 69.57209348152516 69.2135324883287 68.86374533982044 68.55573397882897 68.31884034442082 68.17878059640184 68.12686884300135 68.10304878629113 68.0322997480584 67.84485298313145 67.43674033716516 66.50581067563259 63.96991964779074 56.684860531242364 40.85073150049702 22.016181927074165 10.087797489131924 4.7902994638627865 2.6395903949907162 1.763126312058139 1.4433603153099654 1.4418583051965554 1.7356116493810474 2.472011534111078 4.064921942976369 7.440358727735235 14.25269172641131 25.847854163443472 39.750734287127656 50.260548155614146 55.659320541619564
65.45067106586335 66.41104246494619 67.2533536730733 67.98686030324946 68.61031043855652 69.12032055924702 69.51385145212471 69.78924380391676 69.94645755402283 69.98710620418134 69.9149792785874 69.7374185708427 69.46739324622533 69.12552192166197 68.74068368300385 68.34742574825988 67.98029385485829 67.67122935027331 67.44922336936412 67.32156130162141 67.25125825587493 67.17047460271033 66.99386028904397 66.56837623358038 65.47357845374833 62.44475503495745 54.54017209123475 39.396231339729866 22.45737168767428 11.331627363810254 5.954257000222382 3.597311530749313 2.6052014795250424 2.2864459305994362 2.418968013153337 3.0384946213262753 4.428571726350233 7.248994555026124 12.687589284475575 22.030939917825556 34.58551344957076 46.248341248021845 53.637216304214434 57.214954972198605
65.09697766555341 66.10865375656235 66.94092676445307 67.63388770406425 68.2031467191621 68.655235466635 68.99302591495868 69.21825991592702 69.33264429750194 69.3382041799375 69.23779521502654 69.03640636953244 68.74331111713047 68.37448124702262 67.95414568682108 67.51406253155955 67.08977926990919 66.716599956467 66.42732194401853 66.24094636569316 66.14163614763186 66.07608571422018 65.96332935968627 65.66922898398064 64.89323376134182 62.8722242289242 57.90957568865237 47.85101265403847 33.661822097725384 20.796663199462532 12.605805962494806 8.315991638901112 6.328625055165177 5.67893521257175 6.0058880421861565 7.372787143502264 10.218699728764538 15.331620587997238 23.460187710891482 34.105555352058275 44.6303927467683 52.242505998092525 56.487462205889294 58.512268470901176
64.42479080237837 65.56204306266797 66.43260715535578 67.11101941007442 67.63483800260116 68.0251141388332 68.2940565523076 68.4488061554923 68.49387646348127 68.43284920799786 68.27007900216552 68.01264970513083 67.67180218261443 67.26315031102062 66.80662759396621 66.32748739486996 65.85715745817379 65.43186541366448 65.0892876095599 64.8598072425783 64.74880670387115 64.72597450420042 64.7328544432643 64.68650560246462 64.45376318876063 63.773519576865425 62.0968076767871 58.42278611145129 51.65121213355385 42.05915313240402 32.14379023090616 24.480018543938236 19.82896492435728 17.812044951178805 17.990353900718343 20.2414763115584 24.676378606178524 31.254603416013264 39.20809548116836 46.911573356029905 52.82559415375781 56.51764948916335 58.49716282772954 59.4755977879309
63.31528392754693 64.61826168058286 65.57395082137688 66.27366750764364 66.76820778059019 67.08915563699426 67.25631238440066 67.2810354029519 67.17137799707909 66.9405369937387 66.61610711878556 66.241250211901 65.85847950801849 65.4843487465137 65.10292156271092 64.69092629986764 64.2495814521554 63.81313290480571 63.43501890354547 63.16804081135777 63.04419333815707 63.05965653807988 63.177001518681486 63.339506032483364 63.480191047046056 63.517878280101705 63.335623202250645 62.73489159866633 61.386606167386795 58.88516487987353 55.059135054243136 50.39793680488871 46.006235426152806 42.9708374304563 41.86919380002998 42.752348779219204 45.27535764233489 48.77500824996895 52.414253592353 55.48229548007797 57.65555043926861 58.9925772117826 59.735556904059415 60.13079507884449
61.78837414423357 63.16099929782146 64.15543255995432 64.84648457097435 65.26717004548868 65.42983030565132 65.33599298312596 64.98551279269681 64.40048089112715 63.66592371819927 62.955158372142314 62.48015490231851 62.3563573397484 62.492304969268275 62.643997363064145 62.60416643247715 62.33004420187659 61.91190819408079 61.478437546092344 61.13867857647659 60.96340784919251 60.977744960365655 61.161899489806274 61.465861605205255 61.828757837044236 62.19135609224741 62.5000730657358 62.70407438480018 62.746142286556065 62.55239949322675 62.038556789011245 61.158123639406824 59.98651355431731 58.76394656291979 57.81433767402899 57.379646030298304 57.50282184551708 58.03484929249952 58.73662887114782 59.39758379397099 59.90365340152469 60.23673199164812 60.434918415761075 60.55171036606052
60.10034078839603 61.2790558118225 62.0898901186171 62.57126362756512 62.70515259535081 62.43550256403852 61.69614417514752 60.46495588603322 58.86097525102707 57.23894395322354 56.14818048473633 56.068254861711075 57.04920183634676 58.56166654640644 59.81654855303174 60.34689948353419 60.21158857302 59.71616555434031 59.136028424405794 58.64999658065598 58.36678666383125 58.34204001377146 58.5761736080171 59.01937729488728 59.593686140852974 60.218317982399036 60.82508575444542 61.363223521685605 61.7983041403957 62.10834403790895 62.27894459047857 62.30092027506969 62.1752483944862 61.925422866950555 61.6058766957221 61.290882880306796 61.04460004295507 60.89433057300619 60.827450611373045 60.81022914633224 60.810816176974235 60.811891968213104 60.810849083793386 60.81341724558732
58.62748799306301 59.29217194050098 59.56507004211482 59.45248424439694 58.89594875964037 57.785176495175484 56.0200266907814 53.64642986610113 51.026101914217826 48.87264124394434 48.004697798510726 48.905005144244456 51.301893354091845 54.08280200853904 55.99022220933442 56.60926303161422 56.35429623085281 55.76820889771938 55.178207120282366 54.739362819468354 54.54035753184876 54.64583577997119 55.080112774902844 55.80157909201462 56.711315032626665 57.69302870080075 58.6499436020996 59.51792077786015 60.26093965072059 60.86248566694664 61.31900350876241 61.63540397123663 61.82194968625413 61.89306498404656 61.86831058238684 61.773505446436 61.63866488496097 61.492044806861514 61.35395880463646 61.23471165782121 61.13720228076998 61.06121173177305 61.00634955900609 60.97277748685686
