_RESULTS/REVERSE/IZ/5comp/IZ_z_125_kriged_reverse_5comp.asc
ncols 100
nrows 90
xllcorner 5.6208707817415728
yllcorner 50.959635321741573
cellsize 0.00013419651685393446
nodata_value 1.7014100000000001E+038
[rows 19 to 37 of 90, columns 43 to 85 of 100]
21.8111986345639 21.844831651607542 21.30512078309087 19.817421588959576 17.290145093739667 14.437709987257014 12.306631716913612 11.434615853918782 11.866465350167868 13.377659530363697 15.363136721112594 16.908420209309895 17.472416516050046 17.200125728068606 16.463339515414756 15.517259938218173 14.490741096342088 13.453731640191712 12.454878234149252 11.532929131439653 10.718237574961881 10.032509881987444 9.489316149836842 9.095564332120126 8.853418667336102 8.762081569828045 8.819034846986462 9.020556809595409 9.361519758638744 9.834616982015165 10.429281668084252 11.130643299960184 11.918898093840543 12.769414426196555 13.6537330438334 14.54137956517643 15.402158170973992 16.208444019020764 16.93702938301693 17.57033291359182 18.097148883307373 18.513309622866924 18.822331353233416
21.5011646556143 21.502441922097184 20.994927529393454 19.743253279051277 17.828128840582863 15.899247926053764 14.73197111319596 14.681284361823593 15.606654592688685 16.94561372814618 17.97187167136267 18.298485447488737 18.008104311831282 17.337412648693302 16.458755182416393 15.466652395110557 14.41906144664769 13.363146629757965 12.342678698607635 11.396985451332982 10.558181922391835 9.849546500737754 9.285672966409049 8.873981432450568 8.616827765226954 8.513506987837536 8.5616784271676 8.75799529013807 9.09792854400882 9.5749297377031 10.179200160144235 10.896432398820446 11.706942939104472 12.585578184970917 13.502618839889047 14.425642296930096 15.322003480239058 16.161380034620386 16.917828718692494 17.571113121742453 18.107626959727746 18.521616267211495 18.81686655576685
21.289002684330452 21.230234267983793 20.765069013257353 19.818631375089087 18.591231700774937 17.577284118916108 17.203368530192815 17.50456068842824 18.132155194668854 18.633240798890103 18.763676262364655 18.524706117161557 18.005768963788743 17.285597241616284 16.41943119719637 15.450549648937843 14.420128504480445 13.371393249181349 12.348578755414957 11.393086147407478 10.539582050734065 9.813750283419665 9.232114415068969 8.803462466919413 8.531042083822523 8.414734283919415 8.452658373625708 8.641940294660486 8.978605766639998 9.456729221160645 10.06710451739723 10.795817958609446 11.623178017072858 12.52344066631778 13.465619710471055 14.415389336955192 15.337740722572896 16.199772252838233 16.9729386385641 17.63444755544068 18.168322626511102 18.567342674755526 18.836187260638383
21.173866306135043 21.03572753578196 20.61786326308933 19.9692362294506 19.302504474708844 18.883266854294966 18.805608594480223 18.92544742132349 19.02117950730746 18.96823426775606 18.747845746957555 18.37117662522168 17.843982984820173 17.171818448718994 16.36869396822656 15.458904810461021 14.475933921985204 13.460431188164659 12.456689678904013 11.507845244026901 10.651295292086411 9.91578179170496 9.320672544498704 8.877077269152446 8.5899665678869 8.46043030083951 8.487439128757963 8.66876878957814 9.001001118643869 9.478707272106718 10.093071032263197 10.830342382784208 11.67060658366028 12.58735932888981 13.548239243794042 14.51697470525716 15.456215947374552 16.33057366687408 17.109060949149683 17.766535301085977 18.2849024485348 18.655981785836687 18.886503402027458
21.14274006576996 20.913366513462254 20.52704689493311 20.078181062708346 19.69870205434793 19.457462899143064 19.311265433950926 19.171671498164645 18.986944343836566 18.746371218598075 18.444854488888172 18.066379618823657 17.589389559085443 16.99727823651401 16.28558088180548 15.464683985142058 14.559162688935409 13.604882352988787 12.644469044654945 11.721815815407124 10.876830014189355 10.141723528209514 9.539524995667005 9.084635173113867 8.784665622763601 8.642656479273217 8.658942909868317 8.832235197376734 9.159756675137725 9.636503798948675 10.25386943609652 10.998024463361658 11.848570009180154 12.777999000838827 13.752377773518374 14.733355602436413 15.681188806264787 16.55805161016943 17.330699505022523 17.971971558650665 18.46218521273788 18.793173246277384 18.975352028503853
21.17396650466346 20.84121381482896 20.437088789476228 20.033744865162397 19.6769606277603 19.364062655176017 19.071530163028843 18.787536607114095 18.511360331688127 18.23769055601529 17.949739779325014 17.622000540068164 17.226269919983224 16.73800478604263 16.142171578084902 15.437635304164399 14.638920341682704 13.774787808413363 12.884080378152513 12.010000964859401 11.19428578923881 10.472648144044875 9.872346043620198 9.411933610983677 9.102587856021465 8.950119154002973 8.956853221894004 9.122840032629991 9.446141014903171 9.922198264361699 10.542497952018751 11.29292163353798 12.152321641332481 13.091905432384653 14.075898910949586 15.063650552442672 16.012886967306276 16.883353454828505 17.63976812707319 18.25343435600416 18.70389368979117 18.984332319757353 19.110586891550124
21.238375364296015 20.77937325543552 20.282197020458632 19.784065829814285 19.302872244624297 18.849346874223517 18.437257927578074 18.078577498894813 17.774897931189418 17.51466283922813 17.27518630852809 17.026476404201457 16.735794670854332 16.37273911618695 15.914479821430206 15.35040519914774 14.685135261096793 13.938863492125467 13.144620619644204 12.343139709689039 11.576824914977546 10.884440764319994 10.297655127071744 9.83979229713878 9.526415704519438 9.366932419591967 9.366360718302372 9.526606279650245 9.846886627769843 10.323225581362436 10.947185057854298 11.704217454695666 12.572194823151836 13.52074580632644 14.511933110115768 15.502495950628095 16.44740692841521 17.30394997426072 18.03508529049261 18.611224487238967 19.01212682622406 19.233690523199716 19.298356135022633
21.29892394666848 20.67816813006818 20.017088704792243 19.346881291454608 18.70005723995583 18.10969785053191 17.601914911614394 17.189786017381845 16.87205987106656 16.634525151749973 16.4522633418532 16.29253392086585 16.11854180784081 15.894136247396116 15.589039431533399 15.183782962140716 14.67336192443237 14.068724706630887 13.395522638122493 12.690170761592714 11.99419505608654 11.348466509366485 10.788773075730338 10.343463836315975 10.033089231131012 9.871391396362695 9.86679497671184 10.023653031028527 10.342766988601316 10.82100046728587 11.4500906683639 12.21501771680856 13.092502952387708 14.050314536837288 15.047984328434644 16.039241561260482 16.97598006172953 17.812952493712626 18.511722759709453 19.042591846135615 19.386483284834057 19.542850417118707 19.540806310189097
21.31361191268308 20.495616184446114 19.631700351582467 18.771018154506454 17.963779990909796 17.25097833943047 16.65901087894513 16.199102907038196 15.86858368071528 15.652476626843109 15.525210878848867 15.452759143028189 15.395619682749384 15.312916055082537 15.16747442499731 14.931167446994731 14.589380186332235 14.143495850608485 13.61080798458534 13.021831505504434 12.415512182511582 11.833488253869344 11.31491941796241 10.893021096834888 10.593625329263801 10.435367734609102 10.430726293508789 10.58711181661083 10.907412904765364 11.38969862364076 12.02609958996897 12.801189876399382 13.690448361068947 14.659527249313708 15.665016704660475 16.65712526815287 17.584213352785035 18.39838025329153 19.060245723337662 19.54086525259889 19.822942039460674 19.90932449289992 19.83470350130738
21.24454856048881 20.21100130836593 19.140713419533192 18.1014553003646 17.15074276724921 16.329831607716986 15.66337828353848 15.160947501217775 14.818817319567291 14.621645278371053 14.543929806003408 14.551534308042083 14.603804755844015 14.656810923758973 14.667896193858754 14.60111612575874 14.432504000362187 14.153763338943653 13.773346903467138 13.314812753302938 12.8130010764379 12.308799720623542 11.843645557973897 11.455089326831585 11.174216216541149 11.024879015091782 11.024120133884804 11.182971993072917 11.506937736598996 11.995731490558999 12.642198291543478 13.430681601985661 14.335415470630533 15.319719620640413 16.336788794234984 17.33266111406771 18.251518378062663 19.042570715069452 19.66600820762229 20.094548765069145 20.312786873096318 20.32562672440617 20.17164234068172
21.068758312723883 19.82567005216145 18.568419750745935 17.374042553355277 16.301201850657275 15.389721946192722 14.662138424297394 14.125935581349319 13.775959418333894 13.596439926228415 13.56235788091247 13.640402963812226 13.79018111161678 13.96644386616731 14.122837800789034 14.217065808624222 14.216636473145568 14.103787773710122 13.878014821988502 13.55546641228395 13.165867631239692 12.747974851551147 12.344257111770382 11.995816792251194 11.738703495886229 11.602083772811765 11.60790589373581 11.771286950380933 12.100839761601796 12.59839115747983 13.257896118065728 14.063744612373672 14.989025644575909 15.994575169213675 17.02971600244512 18.035504267759617 18.95100800187327 19.722043701000384 20.30883293134477 20.68672280818457 20.841938285546664 20.77916814730426 20.539324672706194
20.78378637218239 19.356764036959667 17.943322764342003 16.623001148599453 15.45378543157407 14.473478076134755 13.701820637130357 13.143577072423293 12.791761058210835 12.630095702962919 12.634329745830634 12.772672924594794 13.006106297833917 13.289537532877551 13.57459185969955 13.814239374457735 13.968685324332775 14.011296926262725 13.932793389586227 13.741990681945603 13.463223421301308 13.132227118155782 12.791367091352694 12.484426294680294 12.251985749409029 12.12846084896293 12.140888768260199 12.308803861236388 12.644342116052076 13.151889359206411 13.826946517129427 14.654321598142136 15.60618799940082 16.640874895839662 17.703412555814033 18.728934085488206 19.65005729964498 20.40813705683932 20.96352030205953 21.295234567106174 21.391029460036386 21.25277969763065 20.922682251443696
20.406519812500598 18.83192083712241 17.298233976994258 15.884708509547373 14.647849280842095 13.622703397171653 12.825612352015611 12.258280631328631 11.911784106850545 11.769403629818855 11.807879603731525 11.99737231642378 12.30094184130783 12.674656590293687 13.069373444401004 13.43469335130866 13.724754283471476 13.904870656440007 13.957419546822585 13.884379457879428 13.705184832073103 13.452414317787301 13.167582668271361 12.89638966907694 12.683507813560189 12.568466535604278 12.583454801984123 12.752615550534177 13.091898009591308 13.608621783256075 14.300273995518584 15.152545761104236 16.13710819346385 17.210010622255627 18.311804017721414 19.370791782843686 20.31138166042695 21.06843387310328 21.601488493954143 21.894160703205372 21.936532278010432 21.725616584064486 21.30409690256142
19.9680983921467 18.285812941385075 16.669258279634818 15.196094023752982 13.920427340603444 12.8739139090782 12.069296114625619 11.505344533644672 11.171455317358163 11.050715199448224 11.121044265894605 11.354721011293458 11.71712872141753 12.165916597982523 12.651816228755875 13.121894853148309 13.525131711341334 13.81956834546682 13.97987266823858 14.002077156599901 13.901864021055003 13.709264681852334 13.464755042440297 13.215518317757457 13.010045141944346 12.89287403377552 12.901321196665677 13.064168158548629 13.40128997272753 13.923178558831923 14.629705793039365 15.508013571727734 16.529965491739677 17.650003803545562 18.80452339459237 19.914446045982537 20.894008242373054 21.66832097822485 22.193184337374554 22.456626966765857 22.453167369684575 22.17454627687063 21.663085310995296
19.506895972067028 17.755923531209735 16.092213501432035 14.590773140645458 13.302468167919443 12.255303393435609 11.458696308597304 10.909030598288378 10.594579414536659 10.498621040413756 10.60039624738331 10.874225856774737 11.287625974627097 11.799655473730631 12.360881772187025 12.915984628174387 13.409131644857606 13.791673492074441 14.031456068016793 14.119939253946164 14.070646567992071 13.912037278786682 13.683835575204833 13.43483751888375 13.217494237467667 13.081398447076827 13.068888908726976 13.213192873825125 13.53794498037509 14.056795377261718 14.77226854179204 15.673639139483317 16.734120297216393 17.907984235710845 19.12862384161525 20.309692226132277 21.353553879285027 22.1714490495837 22.709817648131985 22.958020693187166 22.917369818744017 22.57637196903328 21.976503017390797
19.060156720318652 17.27655154042194 15.597642879346916 14.095034855832541 12.815972134480797 11.78504529812435 11.009026738949224 10.48274478413768 10.194068462685259 10.12689719673469 10.261858072494778 10.57503076547178 11.0355141276095 11.603082574360135 12.227410482961085 12.850093145440212 13.41016838083148 13.853066060016609 14.141335074999859 14.263521123028456 14.232508639054565 14.075909043603824 13.833294739677626 13.556052979337663 13.301433046034102 13.124371253034992 13.072004193084108 13.181479211758193 13.479586249679071 13.982658391111414 14.695786762274778 15.61107797244565 16.704950409212557 17.934260672661246 19.231816049974366 20.504812866947848 21.642568066341855 22.538611427915097 23.122531763091477 23.377313337959322 23.310421987382487 22.910766225000867 22.220095520018372
18.656315939117736 16.87277832721185 15.206284189114033 13.724897762683042 12.47252797724042 11.471082832830898 10.725659333082696 10.230490948113555 9.973785955334357 9.940455802812043 10.112489447252793 10.467280002464504 10.9746837617127 11.594050775625785 12.272677512394669 12.947210510025892 13.550890430716509 14.025879103862469 14.33179656830245 14.454854082621207 14.407892732320663 14.217817909752107 13.925319752576865 13.586636583704431 13.265438278579614 13.022435542217705 12.909096307213908 12.965536146020861 13.2205604342125 13.69205399684818 14.386832427957852 15.300000404835648 16.41348244406667 17.691305948282594 19.070226009079057 20.452628860840186 21.713813104934662 22.72718091941213 23.39900156794274 23.694260093669513 23.618648539078688 23.162537413854405 22.371270360259455
18.311193525383114 16.557170098184372 14.926798140576796 13.485033163489291 12.273298951890672 11.31191953550182 10.605439114117166 10.148461401952096 9.930213622295984 9.936929979135027 10.151848099676663 10.553103069812355 11.110271328227798 11.780750155535342 12.507148202127528 13.218160917260072 13.841584567743084 14.321690693081496 14.616615900676505 14.709362732192913 14.61197803065456 14.350454563981954 13.969663962955051 13.534446847866164 13.116824952432745 12.783425916607724 12.589159951959328 12.575774773733004 12.77263323545016 13.197651964101368 13.857717252509321 14.749620316105752 15.861721443543026 17.17035776495473 18.62355794659137 20.122956460059495 21.529433667114727 22.69537117298874 23.50136374001781 23.88339332742044 23.828719905451738 23.320867676203417 22.41180315197313
18.028962902949647 16.33025233613796 14.756260836140903 13.369487619335327 12.209955970740523 11.29763260410317 10.637633125583204 10.225814324206764 10.052994660804405 10.106943492002685 10.371942377192497 10.82618622254736 11.437774571088315 12.16039764144057 12.929550122647232 13.663909050957578 14.286970650532776 14.746535364970528 15.00101084945045 15.032588612310995 14.849012233330896 14.475846149670183 13.96798180519842 13.403120440239602 12.86275810299425 12.418749564427513 12.127994182547559 12.032268802059098 12.160138269651645 12.528518262633595 13.14311856076694 14.00005131341397 15.091357445847493 16.40660189810524 17.912392959816632 19.518280691925515 21.074367166454014 22.412964809500668 23.390973861293702 23.910454697557434 23.919909733439987 23.37419504922021 22.32869127292119
