_RESULTS/CROSS_VALIDATION_POSTPROCESSED_CLR/MHZ/IZ/1comp/3/MHZ_IZ_z_180_kriged_reverse_1comp_spherical_3.asc
ncols 100
nrows 81
xllcorner 5.5967107548124995
yllcorner 50.982328804812504
cellsize 0.00017565037499993607
nodata_value 1.7014100000000001E+038
[rows 0 to 19 of 81, columns 0 to 43 of 100]
5.527645726152225 5.512484443362837 5.504121874023326 5.503337681612177 5.509448578230098 5.519884960937735 5.534972833453493 5.553658402707615 5.573618711690566 5.592105321373853 5.606528899369717 5.614628347558786 5.615026606614279 5.6071082665894805 5.589926551057279 5.563211030526782 5.527202313823089 5.482537107153204 5.430154370975693 5.371178378262575 5.3068089113726 5.300487205118029 5.324874933823018 5.347989966865122 5.3718512929879525 5.397048605918721 5.424636988822876 5.455200452916537 5.489038912661954 5.5263829721456945 5.564526803025121 5.599914576472493 5.632090356942073 5.660557891135252 5.684683354813124 5.70407091638797 5.718320054238554 5.726976730877052 5.730270323220115 5.732071037752612 5.732881617086367 5.732560158767915 5.734840815728844 5.743457647449972
5.506953162537295 5.491326228632475 5.482525141719895 5.481483221356736 5.488247136981926 5.5014140384030386 5.522371517994697 5.549610643451599 5.579347558230618 5.60775111306273 5.631720504897752 5.648678588361498 5.656140558098791 5.6524013363502705 5.637450030676961 5.6117719701493805 5.575837255807589 5.530771359212788 5.478456773731907 5.422384840979044 5.372872997247601 5.355238236268562 5.363363688227714 5.377882709146878 5.395752678328519 5.416522487126472 5.440448266362774 5.467496965567195 5.49775289079236 5.531725520958086 5.56901347369601 5.604258629979166 5.635896940722438 5.663690754372513 5.6873552673327 5.706545931816736 5.720848113146346 5.729773324374082 5.733579518095867 5.7360540505371 5.737556455746241 5.740053386813067 5.7495084822938 5.765270224469789
5.4855673657370705 5.4693863898933275 5.459830063800538 5.457660925337284 5.463590074765546 5.478200502314433 5.50607921855465 5.5443355191325665 5.585780566303842 5.625400041966912 5.65960108847284 5.685591437956577 5.701255340885649 5.704739832029495 5.69467366610078 5.6710616486946845 5.636305834737308 5.592475393826313 5.5428010917255275 5.4925724200545 5.450565640728059 5.426121616835315 5.418492450199235 5.420550238412302 5.429426316513876 5.443676721338594 5.46248138108773 5.485364205901904 5.51207139600084 5.541969618277844 5.574889218780129 5.608205667985558 5.6382421278747366 5.6647646858028065 5.6874967346507175 5.706096621648746 5.720136894632787 5.729088359152632 5.733412409897045 5.736689809407439 5.739410005586091 5.748227674152528 5.764611202025775 5.7875117673751
5.464334574335115 5.447916459615666 5.437952470669876 5.434631254748835 5.438108452272918 5.450077087680425 5.4873175694814655 5.540417917418222 5.59467684564145 5.645186822621185 5.689363145326385 5.725007023776515 5.749799206742778 5.761466880151166 5.758233005164379 5.739404041430607 5.706211489852306 5.663441033332147 5.615559682642235 5.5679488328387 5.5267768833140885 5.496831198336485 5.478574793346031 5.469544945549787 5.469125614099062 5.476028455234069 5.488918832592511 5.5068790179129605 5.528377922367074 5.553049959998839 5.580969538213807 5.611172775067238 5.638995574748664 5.663697139170196 5.685015425704973 5.7026230657914985 5.716093156910128 5.72486239996065 5.7298557566679 5.734132517044866 5.740891458927966 5.756165474170583 5.7790946737289355 5.808799212615067
5.443895953637144 5.427963438417533 5.418860827182476 5.416526569435047 5.420507051431612 5.427317105853583 5.477399786912929 5.54342529222972 5.607175483328657 5.666857961385114 5.720682820841143 5.76639186791777 5.801210247547964 5.822047179278118 5.826203102465391 5.812529814779657 5.782256851933899 5.739259953749857 5.690848553668723 5.642588815829719 5.59922816277784 5.563988369209543 5.537681649628559 5.519670119863987 5.51098896609348 5.510790371515311 5.517456040718986 5.5287266629572835 5.544022650198315 5.563199925359591 5.586239601554541 5.612871064376934 5.637971113406681 5.660302158216852 5.679708642659783 5.695898624232996 5.708475822630216 5.716876721101761 5.722910612158213 5.728905182776219 5.741682102913084 5.76293359695007 5.79182862047923 5.827735851275531
5.4244361940474555 5.409786321168037 5.403119581392808 5.405013839033602 5.416994028867738 5.44232142821798 5.490724783769273 5.555028678241691 5.622827932579643 5.689420060238112 5.752098117431677 5.808131846373428 5.854059518841115 5.885444053406355 5.897656478625601 5.888285405511404 5.859237540376485 5.8156490753626 5.764264305378244 5.712961048844589 5.6658816282688065 5.625491025887771 5.592615440316818 5.567423750796991 5.551881245183567 5.545148373956019 5.544470061410441 5.5489075393478515 5.558056003815485 5.57169646051828 5.589749087278435 5.612222006103723 5.634868167663465 5.654322031998878 5.671287698932516 5.685579784160178 5.696875273696245 5.704852278478745 5.71237867841715 5.72222885438759 5.741039604377242 5.7674744482510665 5.800564035076752 5.840558268004335
5.405612550813301 5.392638896575583 5.389182367294959 5.39650988055525 5.416889208998417 5.453094663071047 5.504495547676483 5.568019732401579 5.638006328210328 5.7099431402970495 5.780642130691176 5.847127442137581 5.905535293220887 5.949839211955545 5.971579269771286 5.964881578600038 5.933460484684023 5.886523917742218 5.831657607515534 5.775876624479193 5.724520101046372 5.679407413210441 5.641161557257287 5.610403655445881 5.589306144697008 5.575670700893099 5.568196940384832 5.566316151960756 5.569625268137039 5.577881961447552 5.590982276596564 5.608933228194959 5.628770845493028 5.645473311670725 5.6594252170771915 5.671249951887329 5.6807305584994605 5.688418796342599 5.697593719610906 5.713128495621938 5.737881818505656 5.766520593885473 5.8015999132965845 5.8449203824306775
5.386751728487175 5.375207399143274 5.37460268085923 5.386472958860443 5.412775969344465 5.455097309284243 5.510108859853947 5.575395571556977 5.647926223530441 5.724432120194057 5.802130189509073 5.878477524700583 5.950294215978965 6.0113874852358435 6.0469064842566365 6.03941057290352 5.999532076770904 5.946041943832327 5.887560283291199 5.828039173195586 5.772834328584924 5.72391398809853 5.6815801969033295 5.646873098079806 5.620450812087217 5.600870962157313 5.5875822368803005 5.5801007887486085 5.578063234372399 5.581242387363322 5.589542409066635 5.602983766187713 5.619376481096411 5.633123618342051 5.64382652242563 5.652516045274626 5.659456524186987 5.666896384136468 5.677292701903743 5.697841366064098 5.72972827556373 5.756286640434567 5.79287161990504 5.83945840460686
5.3671749618919105 5.3562459649697045 5.357382362295558 5.372172259323975 5.402127019590498 5.44720170660028 5.5056785445831 5.573641759052911 5.648953967616343 5.729188965514225 5.812113058701469 5.895857221281117 5.978769138043006 6.058535377719003 6.1218929369677975 6.10198624003898 6.046687646990265 5.987080846959236 5.926551389597378 5.866277949663471 5.808739798683698 5.757467761849058 5.712557138684676 5.674978125285807 5.644169073445201 5.619975233438975 5.601955855451161 5.589713465330947 5.582944513725735 5.581462692870559 5.585204630183516 5.594224956951947 5.606713779944242 5.616903607143945 5.624255238434141 5.629138890854297 5.63325899334268 5.639972058819681 5.649680622852271 5.669763869936318 5.699163185522338 5.732145703528729 5.772880177943241 5.823364806794017
5.346469634597054 5.334953641777795 5.336352869087223 5.352337941792683 5.383803648697283 5.430054353625057 5.490577316095255 5.561326165433873 5.6391583668543195 5.72190482059962 5.807476495507348 5.8940379629545445 5.979918269593068 6.062792942271311 6.129500201863409 6.112424472711255 6.060000498338232 6.003257179929233 5.945454767650303 5.887672776587192 5.830827828716068 5.779048775456497 5.733370933621145 5.69374535046469 5.66010889026439 5.632652596907948 5.611028576937886 5.594925786255012 5.584112372254522 5.5784593059708625 5.577951751307505 5.582692520825713 5.590929908337297 5.596969013865353 5.600361878093489 5.601129649067843 5.602605628971422 5.606595124111246 5.612896853349025 5.6305272054331645 5.658958303140728 5.695944180376176 5.741670790659804 5.7966743070241336
5.324657540128331 5.311099175743408 5.311079455787473 5.326537387018667 5.357733640455875 5.404269893225958 5.465308585015491 5.538361851339392 5.618279685051114 5.7022714892488295 5.787938837627149 5.872776310055144 5.953502834313711 6.02379361546438 6.068608722922516 6.070219158467345 6.039238820200895 5.9944054024049445 5.94415174401132 5.89180395418955 5.838720227034694 5.788342956408086 5.743382252067321 5.703316550335831 5.668382574017158 5.638986402644437 5.614872876424315 5.595821631498506 5.581681650999088 5.57239120410889 5.567992097142309 5.568640958018596 5.57231529303669 5.573034406514825 5.5697916723737775 5.5643667414458395 5.5607593098536165 5.559089973869385 5.561079548641797 5.576141474567921 5.6041947715602705 5.6436165584163644 5.693544048351561 5.753479368642848
5.302249852015308 5.284600200552889 5.280784444178981 5.293460404301671 5.323139634569415 5.369825642128665 5.431790673486784 5.505853517329037 5.5875492852348225 5.67192238475724 5.7560661077359345 5.836864915520807 5.9102001752597175 5.969787572220448 6.006911962509149 6.015465535302404 5.999006359183279 5.966593930669278 5.925568125898752 5.880274431812329 5.832895062105088 5.785806533918657 5.743134889585341 5.704306502622773 5.66953842474205 5.639439029225288 5.613889597055527 5.592770573055179 5.576020672277839 5.56365075838573 5.55575956609891 5.55191431882132 5.547624051421993 5.538832861280487 5.526913789544395 5.515604036126863 5.505391206324003 5.497736985929917 5.495344285327974 5.507852138451392 5.535418072106824 5.576345606126003 5.629212341175691 5.692882625275409
5.2731327488439845 5.247749963970591 5.236863046905406 5.244035878463157 5.2711736184019475 5.318698993044202 5.383482888377817 5.460648797595434 5.545363500733892 5.63228673407824 5.715761814361202 5.792332288686581 5.859367596116103 5.912200050065103 5.945926063051014 5.957895103933395 5.949810882325307 5.92661950960612 5.893772908447993 5.855580995315509 5.8145941615535115 5.772791766825955 5.733888932626568 5.69778769648632 5.664516762171045 5.6348015243376555 5.608757317008499 5.586381920481907 5.567712678146393 5.5528179012733965 5.539581874294785 5.527263180465368 5.512814647099871 5.494085975669847 5.474582967038288 5.456084423162924 5.4382663583467306 5.424387649237345 5.417584204513568 5.4274966653015175 5.454470033001848 5.496354664223944 5.55121024535053 5.617441663191292
5.234945193089675 5.200086250546357 5.1793876115996325 5.177960585712745 5.201411811981856 5.251123827451465 5.320595305006721 5.401980007519688 5.4894207124453205 5.57843796231255 5.664328190750214 5.741624428338361 5.806183463132821 5.8547617435600126 5.8865214762907065 5.900186727304833 5.896764800931671 5.879398989766685 5.852426508725288 5.820264950774231 5.785873521873553 5.751101869840918 5.717384636519384 5.685239265079385 5.654584251383672 5.62612059912678 5.600360329706463 5.57743821068604 5.557318820536634 5.536831007092627 5.515617623095979 5.494562876894116 5.469872631697302 5.4427276808168195 5.41514050043499 5.387622294920755 5.361303957782431 5.340706276525669 5.329651556229 5.337168453690578 5.363711336281002 5.406269100181641 5.462357689409029 5.530051397239749
5.191597755529869 5.146408854900085 5.113215754885646 5.098095537061549 5.115935172044446 5.17196338581238 5.249078119937144 5.335450699351494 5.425693630762694 5.515956222068303 5.602583592063459 5.681647207823928 5.7481018496114356 5.798308412510211 5.829607128522377 5.84392120818924 5.84288197086621 5.8285153329756 5.804518192763748 5.776447700616583 5.7496609789142035 5.723225938564372 5.695855814976604 5.668478245264529 5.641192927055344 5.61459392685688 5.589692323197157 5.566617825667034 5.541678789231332 5.51424860965633 5.485520229641476 5.456097999119854 5.423198315768085 5.387694675171699 5.351083099046278 5.313081448866646 5.276700743021284 5.248265020832539 5.233596635955438 5.2395982725992365 5.266276025588763 5.309337028331673 5.365923339458776 5.433996424241633
5.147533676577387 5.093484353883278 5.048376914801772 5.01329984929956 5.01903386306146 5.093214393968077 5.179682141492014 5.270788757576998 5.363488189974333 5.454845970099231 5.54173576494873 5.620853380360117 5.688836087738449 5.742063720881502 5.77727043676687 5.792855390044333 5.791712365800645 5.7777214649412825 5.753468513543706 5.7262940382800505 5.7094494764916055 5.692699319348795 5.6717409908059 5.648103166375593 5.622900605616081 5.597246880209124 5.5725943569953404 5.545923417382511 5.515566208287041 5.482832645517657 5.449921962502769 5.4150209365763375 5.375403918816753 5.331905147729988 5.285739597800337 5.2365211602768555 5.187775289304613 5.148666564108301 5.132087247930886 5.138995960622092 5.166464074072127 5.209502712620254 5.2655925071901475 5.332884275304512
5.106286328380706 5.047517057870304 4.9987948456008615 4.963473606209566 4.970587254340342 5.040085264801778 5.125193107679436 5.215793754343959 5.308245800288695 5.399422696840697 5.486178988557971 5.565335311578282 5.633783073184496 5.6886482307000605 5.72748243135688 5.748301113451097 5.749604530864717 5.735123499277263 5.709606857943848 5.678079342187493 5.672716326433718 5.660304229341509 5.640813201629788 5.618045750974127 5.593521034655209 5.56851006316076 5.541716260700596 5.510226856297379 5.476046716346546 5.440780741633726 5.4052673864203165 5.365757244649819 5.321901129437256 5.274357879289853 5.222233174579894 5.163988884867787 5.102186355540409 5.044536240096682 5.031148038604769 5.042894094944021 5.069849263793847 5.11110619483053 5.165185788296718 5.23027857321742
5.068845041619669 5.009660132279088 4.966885103891221 4.9462130615059925 4.9600022103361265 5.011692183908061 5.086227956615361 5.171603842463291 5.26140673505333 5.351271356058018 5.4375163188000695 5.516783082469652 5.585994990897286 5.642427449870813 5.683813983221887 5.708447998853285 5.715268217013961 5.7046008393390695 5.683562940002634 5.65954200334444 5.641385786704462 5.623328339735355 5.602174616176188 5.578781154973559 5.554371912206266 5.52948618137763 5.499437708734814 5.465171652992005 5.428778192193883 5.391812321833163 5.352827684453446 5.30941506075363 5.2622621525065165 5.212056665041505 5.1573291566768615 5.097364790181236 5.033869800983056 4.974667780713284 4.955325500602817 4.96110454479467 4.981616236762972 5.0180318327813405 5.069547329003367 5.132345356020892
5.034862502150899 4.978906168656212 4.942633807201857 4.930203265174876 4.94597697941997 4.990269859603374 5.056388461971382 5.136034677040085 5.2225443822249105 5.310771410780134 5.396478722156399 5.476017275899926 5.546223279179129 5.604420636529166 5.648467321588485 5.676828386885158 5.689385555147477 5.684630067114833 5.66348721595074 5.637192202605627 5.611232660845707 5.584858906048797 5.559056756110911 5.534568708369676 5.510389337623259 5.483489011785389 5.450860484283851 5.414412793694414 5.37634402216036 5.337421356788419 5.294577237851896 5.248059393954971 5.198608670078764 5.147025126788983 5.091868351871922 5.033726723889948 4.976326455297557 4.928577902008813 4.901320478171861 4.894307849552754 4.906325405602772 4.939643911390225 4.989516261489643 5.050575308605096
5.0037869160509985 4.951315874319897 4.918996548185351 4.910693018915201 4.927477210688453 4.9687419211515715 5.030317245437708 5.106208704662899 5.190412076700542 5.277610450223673 5.3632361469074175 5.443396618928724 5.514821811899208 5.574847315006564 5.621681149412745 5.654553934740016 5.66982512165719 5.666309019359734 5.646061225424713 5.614838999510686 5.581686654263256 5.548062610669122 5.5163506182040924 5.488114224425806 5.462878551685742 5.432709579977699 5.397772552142173 5.359921720141138 5.3206741643164275 5.278204523992966 5.232209470010928 5.183384649747444 5.132496884705977 5.080441399844462 5.0259570338774875 4.9703183144975975 4.917499798495032 4.874323880551853 4.848259866210261 4.840849493022593 4.8498360399257425 4.879917904270742 4.92749977620738 4.9873625777339425
