_RESULTS/CROSS_VALIDATION_POSTPROCESSED_CLR/Berg/IZ/2comp/1/Berg_IZ_z_710_kriged_reverse_2comp_spherical_1.asc
ncols 100
nrows 90
xllcorner 5.6208707817415728
yllcorner 50.959635321741573
cellsize 0.00013419651685393446
nodata_value 1.7014100000000001E+038
[rows 38 to 56 of 90, columns 0 to 42 of 100]
-3.1093468880677326 -3.0299534694397283 -2.948418823404996 -2.867337778642641 -2.7901474780136164 -2.7205750601780805 -2.655502301278077 -2.5951674086863665 -2.54337090496491 -2.5023658081895612 -2.4724829233416834 -2.452361303241334 -2.4396086552752627 -2.431484976636395 -2.425342922545382 -2.4188109924009025 -2.4108794786323866 -2.400566014186475 -2.3863270968112404 -2.366714865755095 -2.3403526755926998 -2.305934226691252 -2.262272780607704 -2.207765514149226 -2.248723501864604 -2.3684360183611908 -2.4677518327524566 -2.554632465663688 -2.6315227215573183 -2.6980593199746297 -2.7555355577293072 -2.8074815525724874 -2.854626199805585 -2.8978758370541664 -2.938120386923467 -2.9763555198729654 -3.0136258301848504 -3.053374004314234 -3.113864125491278 -3.192586570405973 -3.288760468481424 -3.4011469286550984 -3.5276287898274985
-3.034383766473793 -2.94699960572214 -2.859998989019804 -2.7732097097890485 -2.6900814571065332 -2.6149171948857184 -2.5458739644165878 -2.4842199544262167 -2.435098684392711 -2.4013656902055978 -2.3827774333399034 -2.376532640803471 -2.378657087865274 -2.3851981908713387 -2.392786654346211 -2.398720527100554 -2.4010061599834964 -2.3994275198676 -2.3930765483036525 -2.3809807799033766 -2.3625901462880448 -2.33831448497992 -2.311681281588022 -2.2995421914677276 -2.3435910022222863 -2.4358725208508387 -2.5295683530076767 -2.6146632788332393 -2.6931095265456304 -2.7641106175473373 -2.8302943017142086 -2.892083353099176 -2.9498878340856374 -3.0042838929930102 -3.0561159141940903 -3.1059921639165657 -3.1542334856569494 -3.2012134562037637 -3.2634325855630286 -3.3419109777522835 -3.435934131590589 -3.5442006084788873 -3.665069999411107
-2.9633790244357483 -2.867565340730242 -2.772369200637252 -2.6792876918164374 -2.5891268726546564 -2.5064513548099017 -2.431460892715282 -2.366603118110868 -2.3195722652826687 -2.2945760541302245 -2.290305798094854 -2.3013525641422206 -2.3213328074228183 -2.3448663748847216 -2.368010606336714 -2.388002766994301 -2.4029045502537585 -2.412033652044258 -2.4160283295212874 -2.4147514351687365 -2.4088388994708008 -2.400638038816548 -2.3965531042096258 -2.4100465769460953 -2.4586662540148296 -2.534339650431751 -2.616232311218667 -2.693539810630801 -2.7694674081867303 -2.8439119868561713 -2.915847673880291 -2.984880058409397 -3.0510355979579167 -3.114565208294306 -3.175830515820703 -3.234008096955024 -3.278843771281063 -3.3237098507013103 -3.384308088086936 -3.460080302947709 -3.549749098139022 -3.6517052489413606 -3.764620145722033
-2.898823995293961 -2.7954193892095187 -2.6916841907329383 -2.5895399783131996 -2.4913089256939975 -2.399119805157361 -2.315243058753164 -2.2436554796875967 -2.1970556706017 -2.1829942965208575 -2.197701115121343 -2.2304857772690103 -2.271396816813656 -2.3137633580993784 -2.3535585745961267 -2.3883820884125164 -2.416795810940505 -2.438075554223329 -2.453583215350177 -2.464404391673387 -2.4719354276907413 -2.4793671951448766 -2.4923350491976732 -2.5188127872579793 -2.5685680200531893 -2.638457571271048 -2.712067405881009 -2.7828306683243964 -2.857096617369428 -2.9328315400642095 -3.008176799621202 -3.0822182336696975 -3.154585932191807 -3.2252099261023224 -3.2921995923369716 -3.3431293007788163 -3.378460465836186 -3.419073373938188 -3.4753624853333194 -3.5462075560009776 -3.6294698074558527 -3.72266726859122 -3.824643142371827
-2.8431257282286166 -2.7335875184307223 -2.622820676936269 -2.5121334384395517 -2.4033381143125947 -2.2995289370575422 -2.203075774131441 -2.118350300824586 -2.0677625879612025 -2.0687816523478197 -2.11028858690268 -2.1700257213973497 -2.234054924679457 -2.295748337412575 -2.3519867561634413 -2.4012452925616232 -2.442807416224217 -2.4764762608434348 -2.5033006409632996 -2.5256263354856925 -2.54533741139862 -2.5653754633863803 -2.589788440959638 -2.6233762105177454 -2.672733361149363 -2.737146741573065 -2.808278014346439 -2.877010779792297 -2.9496597488839886 -3.025599703964807 -3.1028191468498996 -3.1801204084397714 -3.256844567574848 -3.3312496630087822 -3.3889002374718022 -3.4281295942381913 -3.4528073223574327 -3.486070471405877 -3.535421951833344 -3.5994092319486524 -3.6746933883026243 -3.7566846520929538 -3.843983535548857
-2.7983808206863 -2.684831337578763 -2.569556150013801 -2.4531762417901346 -2.3364008263919596 -2.2205194442504466 -2.107674354957088 -1.9998954023249165 -1.9319493207589353 -1.959223005608433 -2.0401296986297526 -2.12983205336648 -2.2159289899487886 -2.2949011045613443 -2.365547579687308 -2.4274734284118713 -2.4806799572393268 -2.5254540283182676 -2.5624696937722624 -2.59467395200475 -2.624237958432694 -2.653509317660277 -2.6851841705280783 -2.7224588375593006 -2.771506766135486 -2.8322674539955295 -2.9012264179823766 -2.9696012616792222 -3.0412883107796875 -3.1171414175173866 -3.195322061014801 -3.2745743172573083 -3.3538148747631222 -3.4185207580880514 -3.46243514054894 -3.4880862657997636 -3.5001689125274593 -3.5228278791417007 -3.5623392115717283 -3.6177030916972126 -3.6847269515329613 -3.7539975038437747 -3.8215118748526526
-2.7661109077101234 -2.651235692558413 -2.5349181844946593 -2.4172523126029097 -2.298154124717442 -2.1775799911535656 -2.0555806906166096 -1.9264343644932835 -1.7940465880098282 -1.8903220839246737 -2.0115206116985327 -2.1231065752186398 -2.224625591280468 -2.316030007650753 -2.3974096902307203 -2.468984421698157 -2.5311324270733575 -2.5842904224305974 -2.6291808967366066 -2.6685944207189354 -2.7052043091665463 -2.7408356140219343 -2.7777637362052703 -2.8187245498198177 -2.868469820578897 -2.926312407506619 -2.9896785325440822 -3.0556408074751427 -3.1271321005394386 -3.2029487164764756 -3.281554099354696 -3.3617736388493746 -3.4341235383682247 -3.48366278122379 -3.512293254537065 -3.5224718418504533 -3.5192101726216856 -3.527092776252199 -3.5526271989111233 -3.5962311311339916 -3.6558712465911665 -3.7152203332476845 -3.7532005123437973
-2.74703444464367 -2.633829963603117 -2.5204990114901458 -2.4068310354493265 -2.292648743180923 -2.17838197735628 -2.065969777415657 -1.9603361932489798 -1.8936891131269733 -1.9448182418469449 -2.051364024843908 -2.162180535004037 -2.267157378498861 -2.3636429757563313 -2.450742421238141 -2.528237315932827 -2.596264891138526 -2.6551029099874395 -2.705575325186099 -2.74984646779626 -2.7910944496132286 -2.8310620100766686 -2.8713871988525588 -2.9142983460930787 -2.9634460170370716 -3.017999476419396 -3.075870415909487 -3.1350009838832995 -3.2032817091421495 -3.2791777895722825 -3.357857719217075 -3.4358106691748054 -3.492877759947684 -3.526359863148745 -3.538381228227016 -3.5312697446012935 -3.5095935640519778 -3.497701250362561 -3.502899053480739 -3.526479940205469 -3.5697689532222356 -3.627322814958747 -3.621443659636415
-2.7409614426533 -2.632447778073136 -2.5261914411077555 -2.421535492512989 -2.318587577872658 -2.219376426171304 -2.13016934402213 -2.063168495081996 -2.0370672778074606 -2.0714560392788495 -2.150589818319898 -2.2469860544211966 -2.345734099664094 -2.440413392319832 -2.5282082846686906 -2.6078977483001218 -2.678908415087019 -2.7412265824925637 -2.7953930937982223 -2.842838103417498 -2.8866379849048824 -2.928184376458405 -2.968597290321881 -3.009668138184577 -3.055782162659686 -3.106284644791711 -3.1583741793054183 -3.2107618399714255 -3.2721189421207506 -3.3431315113296733 -3.4210871438633084 -3.488549915987918 -3.5298587227888754 -3.5467516874360907 -3.5411870659067497 -3.5152725591485927 -3.472464720396877 -3.4357734182772646 -3.413604297052318 -3.405960045162447 -3.4100336386600976 -3.41480903824207 -3.4111442408008252
-2.746856955743035 -2.646018876025687 -2.5507167368842114 -2.4588616823903537 -2.3714381098408244 -2.2925048836466067 -2.2279946083404756 -2.1881436330266633 -2.1836239139196953 -2.216499964691355 -2.2810069983717955 -2.3638045205803007 -2.453487112622148 -2.542964074200216 -2.6282609309207086 -2.70721464400206 -2.778523001615671 -2.8418111610408348 -2.8972262228857892 -2.9455999650256057 -2.9897118653278185 -3.0307151691423697 -3.069341096938511 -3.106779029012641 -3.1472607822857612 -3.1907600836193777 -3.235972288008129 -3.2816840145146973 -3.336449976789844 -3.400238922094325 -3.4690856951568683 -3.5195401043853685 -3.5452458230783757 -3.5454471989513396 -3.5218190286894773 -3.4761752679002917 -3.410674505837659 -3.345266636043633 -3.2907121134523134 -3.245785317166902 -3.2074240815288793 -3.175980746010962 -3.1518342979579894
-2.763045285501126 -2.673695672447555 -2.5929946492235185 -2.517086598775201 -2.4478326229328102 -2.388545256773087 -2.3446346838109253 -2.3232827556410784 -2.3315048381260306 -2.367491785548692 -2.4258386320516294 -2.4995973315540803 -2.581181111309929 -2.664596610631718 -2.7457645394437344 -2.8220019123458 -2.891574427849527 -2.953746565664316 -3.008297527460784 -3.0555999323299097 -3.0980950527008915 -3.1367415302115043 -3.1719753285331453 -3.2043980592182693 -3.2379664699275432 -3.273101387962494 -3.308671561215573 -3.3468330453264574 -3.3952087729375973 -3.451873983351487 -3.506419460051277 -3.5366753042243277 -3.5422484395729925 -3.5237925888338104 -3.4818902765512263 -3.416382955509785 -3.3283460450066835 -3.232010251102374 -3.1427956273368807 -3.0592710708014135 -2.982834675165636 -2.9168311646121365 -2.8632300720871844
-2.787473561712592 -2.719193387288291 -2.655219059218002 -2.595523247585681 -2.5426962844646863 -2.500243801588229 -2.472560602141763 -2.4644742470302625 -2.4800072210650845 -2.5198343251727655 -2.5766258426678013 -2.645318535699084 -2.7209221557852117 -2.798823284245292 -2.87539435290164 -2.947824732875295 -3.0142622818058618 -3.0737105503189337 -3.125669975923193 -3.1701991267901004 -3.209459962835188 -3.244218515554379 -3.274690926970882 -3.3010172926366406 -3.3264837954833615 -3.3523044832339 -3.377411739739272 -3.4068720983314904 -3.4476285526585975 -3.4971663296528623 -3.53478919303629 -3.546147168243909 -3.531913043233025 -3.492695655687616 -3.429022414276419 -3.3413641105601855 -3.2301654771521955 -3.102670345077798 -2.9781433869521647 -2.8577620338977683 -2.7462502054809947 -2.64476470745264 -2.5570961110124495
-2.8618201764013005 -2.7935660351525664 -2.738701626683369 -2.69104073164341 -2.651505966343731 -2.6226225693531786 -2.6075135777242657 -2.609290494324241 -2.6302361987811835 -2.670936262842586 -2.728373934985669 -2.7948294128276725 -2.866523720713202 -2.93997534166473 -3.0121295215426303 -3.0803186990791867 -3.1427493993835465 -3.198303203189112 -3.2463133045385506 -3.286675532160919 -3.321374659791942 -3.3509697596850754 -3.3755234772568348 -3.3949869881270116 -3.4113020424970992 -3.426918697251613 -3.4412392243961345 -3.462625182872512 -3.494359885554977 -3.534135907127499 -3.555375189521684 -3.5493694978930797 -3.516885306480209 -3.4585197466472297 -3.3746344597676114 -3.265442618452049 -3.1311289904047337 -2.973934779641358 -2.814099284769517 -2.6608031130257297 -2.515083575819607 -2.378065616396859 -2.2565697562992826
-2.9485924093636595 -2.8865539049099205 -2.837717916472166 -2.7989656714337348 -2.769887738304024 -2.7517434418084137 -2.7464240633126398 -2.7557698850043417 -2.780967686552281 -2.822048342392554 -2.8776603034344017 -2.943635534904454 -3.013127527119887 -3.0832618605397166 -3.151484351035355 -3.2153858719238158 -3.2733162057313927 -3.3241526453140016 -3.367168167831125 -3.4022593330491557 -3.431322542075237 -3.454703152542862 -3.472371045887176 -3.4842047339733684 -3.4908224418336444 -3.495438742128351 -3.499940631963283 -3.5133136210049343 -3.536103971669863 -3.5634734123406693 -3.5693393342265916 -3.5476856496798876 -3.4988004351687376 -3.423365884557445 -3.321521476900874 -3.1931703773842344 -3.0382831407635336 -2.85728833726204 -2.6681061776179966 -2.484467608360357 -2.306207539678737 -2.1341748658985313 -1.978567988738869
-3.038529296470236 -2.9857765021277247 -2.9445004062707785 -2.913827988421386 -2.893497799961198 -2.884089026911957 -2.8866027559226293 -2.9019801954542217 -2.9306735085551727 -2.972323719867152 -3.025621536824043 -3.088390629029597 -3.1567581738386665 -3.2246114077750887 -3.2894939777894727 -3.3492611690912537 -3.402437660750114 -3.447979395704216 -3.485192051604803 -3.514163088435903 -3.5367234031272314 -3.553028795148594 -3.5630120502560807 -3.5665182042536503 -3.563363104622904 -3.5563082461709192 -3.552810831824239 -3.558251477929791 -3.5722354900102324 -3.587256880448304 -3.5779582143738264 -3.5423074333509073 -3.479038835526289 -3.3890910986004323 -3.2720732508022574 -3.1274422442780088 -2.9555061293099403 -2.7604494863801023 -2.5481264820571745 -2.3371746431911964 -2.129455490419475 -1.9251249647526856 -1.736988602779253
-3.1290776732000856 -3.0862567758213406 -3.053472050811666 -3.0308166305699404 -3.0183609285396806 -3.0164309097769006 -3.025498841588623 -3.045918898870726 -3.077650998082129 -3.1200501721066063 -3.171773704360234 -3.2308287478135016 -3.2947420031575665 -3.3604813353719614 -3.422628522367195 -3.4785022970453534 -3.5268022775801944 -3.566621697969632 -3.59738106015557 -3.6195975879148747 -3.634946575827741 -3.6434720484486487 -3.6451191366618856 -3.6397327249404827 -3.627020803273667 -3.6096078901833617 -3.5991417679215907 -3.5968005859476078 -3.602221801059531 -3.6059608163111023 -3.5834669979969425 -3.5344909983636175 -3.4586223354251255 -3.357459713732143 -3.2283639917246396 -3.071519345041628 -2.890471355775323 -2.686460886447482 -2.460586269636888 -2.2264067720965572 -1.9939440791412437 -1.7626771255677545 -1.5468391197930278
-3.2178613601602035 -3.1849209334010276 -3.1608637514224127 -3.146157158799049 -3.1410721703303137 -3.145845820963139 -3.160662523205206 -3.185519079287681 -3.220056827414953 -3.2634238462328256 -3.314209506258688 -3.3704732228840815 -3.429867082061784 -3.489831368109484 -3.547730015981731 -3.5999460423435603 -3.643295548026262 -3.6770297076739036 -3.7007687308520922 -3.715769291465958 -3.7233115017866543 -3.723478318596538 -3.71626772136195 -3.7015491733853905 -3.679124531547227 -3.6555415382625656 -3.63820725091543 -3.6283100846163427 -3.625525562503561 -3.6197515840672185 -3.5868505147777916 -3.5268107749233666 -3.4409014916315805 -3.330941500565009 -3.194467952396761 -3.032745427711707 -2.846883173005481 -2.6380079019263083 -2.4072666796525493 -2.158068205693191 -1.9069245581944299 -1.6563798003902805 -1.421129670101958
-3.3026789441621065 -3.2792959553460412 -3.263825065058045 -3.2568579571700367 -3.2587516129300784 -3.269703538286719 -3.289746418123002 -3.3186734039158514 -3.3559328333083145 -3.4005323409796904 -3.450984580003139 -3.505318179870135 -3.5611700251094613 -3.6159651889272153 -3.6670866334095527 -3.7120036934586707 -3.748980242849961 -3.7762345946553273 -3.7925323616597613 -3.799857284076467 -3.7990738891442732 -3.7904090496900285 -3.773940143107928 -3.749572964636674 -3.7202696944887252 -3.692994423337695 -3.6692351495967612 -3.65206298341516 -3.641488292835239 -3.628212600862793 -3.5878680626424613 -3.5206114044802836 -3.429981341714196 -3.315772745658172 -3.1767213192119685 -3.013124831757851 -2.825936175696955 -2.6163466882243442 -2.385672191357745 -2.1353659632018207 -1.8727225837981556 -1.6115514503376804 -1.3667977378564942
-3.381488609402097 -3.3672111676117074 -3.3599861474432564 -3.3604258417606614 -3.3689106081223463 -3.3856149515586362 -3.410496813993523 -3.443247311975291 -3.48321607895618 -3.529333268653981 -3.580049346625902 -3.633315668892092 -3.6866378640213346 -3.73724545327065 -3.78234831603803 -3.8193450406286864 -3.846662148847904 -3.863548966670767 -3.870381156125135 -3.8689757915463074 -3.8593976168362367 -3.841531001973185 -3.815528539473205 -3.7827859557376087 -3.750352859195415 -3.7197290143212807 -3.6913947611552134 -3.6672651963268494 -3.649324210227477 -3.6308973445076296 -3.587504694566342 -3.5189399074578613 -3.4275817444230787 -3.313588161564831 -3.1749707729072587 -3.012582108024281 -2.827553073699704 -2.6212622965946055 -2.395312839062516 -2.1515732357295443 -1.8922899485044362 -1.6283891116127238 -1.3827186576765351
