_RESULTS/CROSS_VALIDATION_POSTPROCESSED_CLR/Berg/IZ/2comp/1/Berg_IZ_z_250_kriged_reverse_2comp_spherical_1.asc
ncols 100
nrows 90
xllcorner 5.6208707817415728
yllcorner 50.959635321741573
cellsize 0.00013419651685393446
nodata_value 1.7014100000000001E+038
[rows 57 to 75 of 90, columns 44 to 87 of 100]
5.396781074762332 5.566235666212787 5.707446961226353 5.797109000218763 5.817787191358874 5.775652323544823 5.682785311616467 5.551632262686981 5.391077192983458 5.2063372815980244 5.004545054319809 4.792284826070451 4.576954200656691 4.36345512152195 4.151886434050314 3.94209807943444 3.740299252149198 3.578569557502259 3.4853951132491465 3.4429912293430274 3.438241027107982 3.468260495380954 3.5263787443942247 3.616139268630622 3.7672179334426317 3.91228774853106 4.043054511414945 4.156098489628492 4.249015541082648 4.316279611864285 4.356980001104407 4.370569730613238 4.356591432446456 4.318561404094366 4.269614806348965 4.2126814384710825 4.148742857073028 4.087704432848459 4.033600977189889 3.9897426263343485 3.959095616895791 3.944268049718247 3.948209362411326 3.962984942733682
5.263465113656207 5.392167448023128 5.496405522671087 5.564472006120731 5.5842151001337434 5.551448631039419 5.4713404507717485 5.3528976962126755 5.203806745428212 5.029339012818 4.8341492510176165 4.62764137518029 4.4160213226796605 4.201463048466485 3.986895898821418 3.7722109426438224 3.557653500235287 3.3892934465726743 3.3464505488656378 3.3206944126288676 3.3246801956610574 3.362373435364656 3.42997212905058 3.526933083128598 3.6471891242748984 3.7716593845086077 3.8885743469102882 3.9927354439909646 4.081353466593057 4.151396437985638 4.1993770050783406 4.221645740456653 4.218397091143441 4.199817978530936 4.173016144620485 4.137112398956288 4.0938586677277256 4.05296080013984 4.018246068900982 3.9927933784807914 3.9794117496521655 3.9798486304012 3.9861897267318622 3.992906700829716
5.135837431107564 5.229445713853148 5.302952993066254 5.348369103287278 5.361027896068224 5.333332680866363 5.2628762911364575 5.156145033144362 5.019096844866174 4.856521954960534 4.673942495227072 4.479171215558696 4.279230022495312 4.076577038055145 3.873443422692269 3.673152064847391 3.4856945195095976 3.3513648205587634 3.2975947079276926 3.2812216740186124 3.290776191041223 3.333678389723299 3.401693221504702 3.485128469932116 3.5824396128862963 3.6857539609804375 3.7865155696827575 3.8777318646892995 3.9551260624576505 4.015843597771035 4.057985119241024 4.080446743430192 4.089208606308727 4.089903172877781 4.0831613009194605 4.066265479478344 4.042252906270216 4.020426816998262 4.004273202380755 3.996649376841176 3.9966520938495496 3.9985358359434584 3.9994599097538286 3.9994618891925855
5.019116804804464 5.084553543737611 5.131280052118177 5.156014292968429 5.15503836663939 5.1265782418283745 5.0637927558114395 4.967642387205396 4.842664720676733 4.695050630577436 4.53014416973526 4.352025048987531 4.167532735506774 3.9824488072726068 3.800796150424423 3.6290376092255348 3.47964532900179 3.3725070016185654 3.317526940687177 3.3048667375120644 3.325596248513227 3.369595263208153 3.422873796867832 3.4878516082870754 3.563645558447553 3.644786009657229 3.7250243382974295 3.7989944473774253 3.862613983886757 3.912916224783423 3.9478768527537773 3.971898148952882 3.9892362483018373 4.001134355333504 4.00779827854898 4.005580014834056 3.998206324301401 3.99395425031187 3.993955328146314 3.9949780744892136 3.997242184062238 3.999442325688389 3.9994618891925855 3.9994618891925855
4.900973266033373 4.952675452523434 4.983348570431076 4.99042995679605 4.975684743847591 4.938979635253495 4.878294917633946 4.792444861188883 4.682286128220769 4.552101493802516 4.406081808864513 4.2483749722051245 4.083349370423481 3.9188034887046705 3.7613147524121686 3.6179515940820974 3.498621529774063 3.4142285937889807 3.3704242236211392 3.3614332631659996 3.381070537930312 3.419770666456674 3.4661207923457003 3.5189582918482474 3.5766582034087016 3.6368134401111316 3.6974006817864296 3.754311221746454 3.8038216172753945 3.8433749141585736 3.8766529294768155 3.905400897617592 3.930160356605582 3.9519338829053954 3.9685925774797184 3.9776621192947097 3.981314014491619 3.984754106045302 3.988526313391051 3.99309943685934 3.9979342186661535 3.9994618891925855 3.9994618891925855 3.9994618891925855
4.780038871710513 4.820284442376392 4.842150057177896 4.8433833363612075 4.822662907965501 4.780673587293598 4.7187648637456885 4.639173983412316 4.543680321523088 4.43106614281913 4.304538592186201 4.168241391401975 4.026610149306612 3.884748181669589 3.751243579456104 3.633711642472697 3.5379228335347985 3.469147769881252 3.4304117794284212 3.4213236637076685 3.4389438343402476 3.46967652702154 3.507852619580481 3.551678838220077 3.5992214655830947 3.6481114651659583 3.6956658619228255 3.7391966713669404 3.7778920607652613 3.8145213884407028 3.848882622147068 3.8808485859092627 3.9104918883992448 3.9374006655726013 3.9567332802396455 3.9673129742347566 3.973864548749006 3.9804435432467073 3.9874795902485323 3.9946121813841535 3.9987167988050105 3.9994618891925855 3.9994618891925855 3.9994618891925855
4.646393068944875 4.676824004129508 4.692048905279537 4.690765686296319 4.67213681372661 4.636574994188874 4.584261932682953 4.5140299054866375 4.4282983805231 4.331087017094895 4.224515662169293 4.109641862348859 3.990604646931803 3.87197200303018 3.7587190502583527 3.6581869419819086 3.576657478771671 3.5182432846242837 3.4854516780201443 3.478925923678082 3.4926911919884667 3.515575457668798 3.545322885913927 3.579999861492785 3.617620207824525 3.656013799780081 3.6934639220569747 3.731150594161261 3.768523136611388 3.804902681982995 3.8398581404767134 3.873179015373389 3.9048346242415954 3.9320930198019353 3.9513011944681455 3.962582808006358 3.9717879826718177 3.9812333934161193 3.9902895872887294 3.9964376661175414 3.999288491720818 3.9994618891925855 3.9994618891925855 3.9994618891925855
4.500222965860331 4.523385388742966 4.534761693884937 4.5331028221766525 4.51780216920087 4.489405047359049 4.448074702447216 4.392085947619553 4.322025734669959 4.239385484234366 4.146754576517134 4.049435256571198 3.950724481539518 3.853115948635333 3.760406956532414 3.677248108881299 3.6088696676817684 3.560619601484275 3.5347992226499074 3.5311349382991395 3.5389856160230577 3.554599540929256 3.5761986690668683 3.6019685570342928 3.6312466147577203 3.6636499194091576 3.698174439406416 3.733884743319954 3.7699777983009213 3.805826438894661 3.840993210457359 3.87522044410567 3.907568228357814 3.9334564516127704 3.9518439074682474 3.9638765807210836 3.9754557083206183 3.985733286579006 3.993350373619914 3.9980158312873053 3.9994618891925855 3.9994618891925855 3.9994618891925855 3.9994618891925855
4.347967660409166 4.366436252807969 4.374744858254088 4.373282766317781 4.361992849175152 4.340801563746758 4.309774398784911 4.267951790340355 4.21431090452849 4.150002816086745 4.076383537794584 3.9950018849053084 3.9108385961451444 3.8293148269058808 3.7537813978256103 3.687685355490684 3.634382564880922 3.596889486982035 3.578541832055469 3.573595746327841 3.5767535488403475 3.5871235043089085 3.603729483755789 3.625599027329259 3.651784184152751 3.681361278301641 3.7134435281653175 3.747212558499612 3.7819561619620004 3.8170975273545373 3.8522085931930254 3.8868848867642223 3.9172833316562228 3.941220047203604 3.9581978211136413 3.970857076837431 3.9816296548359507 3.9901363041737956 3.99606168347561 3.999107044342786 3.9994618891925855 3.9994618891925855 3.9994618891925855 3.9994618891925855
4.190602621322222 4.207395504274248 4.213925743747102 4.213622541388445 4.206760976816547 4.192929244996504 4.171974442084661 4.1437724364458735 4.106507731016919 4.0604391103471675 4.006626646672115 3.9463275139745746 3.880988489636039 3.814181057529028 3.753286351995606 3.701579444920272 3.6619890180232813 3.637177164357033 3.624622320357845 3.618481210463823 3.619062158451715 3.6265198657855806 3.6400903726679292 3.658944908395113 3.682247910040281 3.7091791203615543 3.7389540871010714 3.770849012668826 3.8042267496466815 3.838557689798568 3.8734312939076183 3.9061030015240426 3.93352540295096 3.9543976843765107 3.9678570192947205 3.978545197339873 3.987378331565738 3.9940180735653787 3.998145048037065 3.9994618891925855 3.9994618891925855 3.9994618891925855 3.9994618891925855 3.9994618891925855
4.030143376248599 4.0456738095991325 4.054245683793773 4.056173582303289 4.054116282152863 4.047885914826576 4.037116723824474 4.021643469982393 4.00067608588577 3.9727451673913388 3.9385371910803904 3.899012764024839 3.855315937883853 3.808744998460015 3.7623701487992234 3.724424148785401 3.6980807871467567 3.6823676085572132 3.671943021645795 3.667024479317228 3.6677299125053318 3.6739515955996858 3.6854117866161697 3.701709772945997 3.7223743674641923 3.746856753617414 3.7744745374773228 3.8045857938669254 3.836616002345281 3.869940461684247 3.9021662846884575 3.929799130138113 3.951691666713571 3.9667716808606164 3.976886740525017 3.985526342979639 3.992365530695198 3.997067607188626 3.9993126294731316 3.9994618891925855 3.9994618891925855 3.9994618891925855 3.9994618891925855 3.9994618891925855
3.8695678442595116 3.882834253408825 3.8948797463647065 3.902506550506935 3.906058132243684 3.907753139178817 3.907378849856873 3.9044969364319098 3.8988484906769845 3.8889716958744263 3.874158857176002 3.855075021146173 3.832568565827505 3.80763673484936 3.7813757777555344 3.757143444875779 3.740362532136385 3.727496350009708 3.7190460730494146 3.7153749151555524 3.716633763763638 3.7227841615027444 3.7336319034345355 3.748860647094422 3.7680602927246447 3.7907500398658875 3.8163983282193326 3.8444414351853418 3.874300966767023 3.9037261644862404 3.9297342743396064 3.951187710102033 3.9669940304230797 3.9768683725597396 3.9848660246983907 3.9914446195107565 3.996257144276778 3.9989719647249675 3.9994618891925855 3.9994618891925855 3.9994618891925855 3.9994618891925855 3.9994618891925855 3.9994618891925855
3.711444804621529 3.7217624690626465 3.7366046678915628 3.751140812500232 3.7638820282008765 3.7746390665701357 3.7849670716681705 3.7948572034005568 3.803751553807465 3.8112185108860546 3.8156053783841175 3.81663243792506 3.8148707738129177 3.8110458475924247 3.805949282547722 3.796124211309636 3.782516949028837 3.772113683392443 3.7655296569489245 3.7630983117732106 3.764982792422155 3.7711874369939253 3.7815783950512065 3.795907318448781 3.8138342010024386 3.83494798043125 3.85878507733667 3.884796496620917 3.9104439370769075 3.9337216763637475 3.9535267198721002 3.9687773532944526 3.978492449583426 3.985496798384884 3.9914331248941632 3.9959542299703346 3.998724398172101 3.9994618891925855 3.9994618891925855 3.9994618891925855 3.9994618891925855 3.9994618891925855 3.9994618891925855 3.9994618891925855
3.5580913099955254 3.565711787657384 3.581206358761635 3.6027620256638824 3.625722828932559 3.6490452213583553 3.6721241595584733 3.6951012338641647 3.7186492455303264 3.7421507931129123 3.7650788036231733 3.785893214216147 3.8044334027683284 3.8201894953289064 3.8292950530757057 3.8307344528387732 3.82397090331638 3.815851239569306 3.8110317454371767 3.80981652950553 3.8123702990996966 3.818723838800845 3.82878685044944 3.842364632444599 3.8591758468854196 3.8788698332038645 3.9005156375535783 3.921792121705063 3.941570634297164 3.958812185482154 3.972477240145743 3.981536072881244 3.987323715825838 3.9923332217392433 3.9962422926879855 3.9987207525637953 3.9994618891925855 3.9994618891925855 3.9994618891925855 3.9994618891925855 3.9994618891925855 3.9994618891925855 3.9994618891925855 3.9994618891925855
3.411515464982165 3.416663693455638 3.432849007698514 3.459027864937988 3.492655803792768 3.529254956130339 3.567605216322888 3.6067946184573803 3.6461097348398424 3.6855714428867907 3.7254090085386027 3.7646620476136787 3.7990609442065915 3.8268616652204623 3.847261773770724 3.8595152194897775 3.8628940389043427 3.858364852155872 3.8552171940026825 3.855187078201921 3.858435345002585 3.8650089834438006 3.8748492230302087 3.8878033319246783 3.903381107142842 3.9199944913873366 3.9366840196256483 3.9525415687401977 3.966620940983464 3.9779533441819477 3.9855602038828866 3.990065204300014 3.993971313977393 3.9970420655577996 3.9989630580129454 3.9994618891925855 3.9994618891925855 3.9994618891925855 3.9994618891925855 3.9994618891925855 3.9994618891925855 3.9994618891925855 3.9994618891925855 3.9994618891925855
3.273712756256219 3.2765947875193344 3.293981708132671 3.3246045539287725 3.3666252970279986 3.417038440221575 3.4712400296137735 3.527642328526982 3.585046975543396 3.6414115871346233 3.6951543853913944 3.7450846068741646 3.790396791568753 3.8295215086332575 3.8607735219646107 3.8833444784316815 3.896456117054455 3.899325076216937 3.897769532519751 3.898890885952237 3.9028468879526015 3.909651444896806 3.918722227248502 3.929479514555098 3.9413226996797777 3.953555834183192 3.9654063644201587 3.9760427333846744 3.984590352098072 3.990145625922587 3.993274853020416 3.9960105776225157 3.9981168655605694 3.9993044286065245 3.9994618891925855 3.9994618891925855 3.9994618891925855 3.9994618891925855 3.9994618891925855 3.9994618891925855 3.9994618891925855 3.9994618891925855 3.9994618891925855 3.9994618891925855
3.1432669928964314 3.1453607344442713 3.165210152577032 3.2013905751193503 3.2515150489148636 3.3126629683903013 3.3814408180096875 3.4528090257031043 3.5242292028124806 3.593929334320222 3.660397777479258 3.722337136226818 3.778610152250157 3.8281860685717013 3.8700299310073834 3.9025677518146438 3.9248657660893085 3.936140938958754 3.9374329897857065 3.939020362490499 3.9425355429257323 3.947804449534976 3.954519196504572 3.9622504502989946 3.9704619967884605 3.9785263640185216 3.9857405594103246 3.9913412116205453 3.9945253189716476 3.9963724817547672 3.9979735796862528 3.9990876633003207 3.9994618891925855 3.9994618891925855 3.9994618891925855 3.9994618891925855 3.9994618891925855 3.9994618891925855 3.9994618891925855 3.9994618891925855 3.9994618891925855 3.9994618891925855 3.9994618891925855 3.9994618891925855
3.007724394562345 3.010259561079723 3.0342091721730524 3.077497632696364 3.1367872662819662 3.2082201123503262 3.2879935599911834 3.37266621896411 3.4581585444842995 3.5411910547134746 3.6201585455174303 3.6937180006435497 3.760710915075086 3.8200971558053225 3.8709003901080052 3.912163916035517 3.942890232291709 3.9617232602088177 3.9677498666422473 3.969306403310779 3.9720368111915847 3.9757907599923232 3.9802971619771914 3.9851737501533413 3.9899386990542056 3.9940234125157836 3.9967857112809444 3.9978778668292594 3.998678606412935 3.999270664481839 3.9994618891925855 3.9994618891925855 3.9994618891925855 3.9994618891925855 3.9994618891925855 3.9994618891925855 3.9994618891925855 3.9994618891925855 3.9994618891925855 3.9994618891925855 3.9994618891925855 3.9994618891925855 3.9994618891925855 3.9994618891925855
2.8665403397273628 2.8696609173060095 2.898972002942333 2.951251315650702 3.0216293866404857 3.104924148532411 3.1964530710083086 3.2923009562548966 3.3892839680289324 3.4847944168051215 3.5758316318292453 3.6604336705376515 3.7374768084188186 3.805954406189675 3.8649200057397777 3.913444399051083 3.9505834445616452 3.975354590454169 3.9867208131076213 3.9885073338356833 3.990512385870375 3.9928475541465622 3.9952719011861957 3.9974424551720724 3.9989235522604525 3.9993203881571446 3.999434598010345 3.9994618891925855 3.9994618891925855 3.9994618891925855 3.9994618891925855 3.9994618891925855 3.9994618891925855 3.9994618891925855 3.9994618891925855 3.9994618891925855 3.9994618891925855 3.9994618891925855 3.9994618891925855 3.9994618891925855 3.9994618891925855 3.9994618891925855 3.9994618891925855 3.9994618891925855
