_RESULTS/REVERSE_NEW/MHZ/GZ/7comp/MHZ_GZ_z_0_kriged_reverse_7comp_test.asc
ncols 100
nrows 74
xllcorner 5.5967023331506844
yllcorner 50.982320383150686
cellsize 0.00019249369863007826
nodata_value 1.7014100000000001E+038
[rows 0 to 17 of 74, columns 0 to 40 of 100]
0.010148958914583995 0.013365746233416837 0.016963757593492865 0.01990743872081747 0.02078607951941325 0.01879132393870195 0.014572897738520846 0.009813492333490234 0.005928465457622549 0.003369295927618436 0.0019008213565674275 0.0011191120677698828 0.0007140339860749205 0.0005037677247150009 0.00039374557456581824 0.00033665299719188484 0.00030857471950730534 0.00029723366689855346 0.00029685863711675984 0.0003060971997243604 0.00032705237042389006 0.0003647479152189275 0.00042697101117384137 0.0005243731833686266 0.0006702397142095665 0.0008790196256424109 0.0011631212053543872 0.0015288858034025103 0.001974130405055085 0.002489141304486958 0.003059903403183188 0.003669531909105919 0.004294789758647706 0.004899079532065605 0.005428175043981905 0.005816476276627318 0.006006584481194863 0.0059741418179806655 0.005741814696786503 0.005371578107137786 0.00494043845574006
0.012426949133693735 0.01705845681162685 0.022317973531418258 0.026459317847912056 0.027118203548192617 0.0232318783060311 0.016442436777809596 0.009759227596656088 0.005061396473525203 0.002437638524020082 0.0011691331406708764 0.0005965427827003204 0.000340562643750959 0.00022347083326494782 0.00016879783599698495 0.0001439425290656409 0.00013434587949343244 0.00013301597429096537 0.00013668217002170077 0.00014464505114779685 0.00015851046182442882 0.00018217697950771602 0.0002221938850095427 0.0002887082944030004 0.0003967379344413236 0.0005667647216053035 0.0008231440054292501 0.0011895298728809873 0.0016829024904914784 0.002309719227603244 0.003065676728226679 0.003935346124114177 0.004885774034992069 0.005853519445071024 0.006735102115388505 0.007398058484033626 0.007722149467221453 0.007654463715497293 0.007239835796948935 0.006600656546826182 0.005881461354365494
0.014612244526058575 0.020647525224026825 0.027469814777297753 0.03243678270436902 0.03216513687284955 0.025737652144363667 0.016384272529093052 0.008446467282221834 0.0037063598574877993 0.0014921849064354325 0.0006015383019156648 0.0002640319901824883 0.0001346143890994929 8.252340361997594e-05 6.0883769410141115e-05 5.257888095350735e-05 5.0849811263645685e-05 5.263442477517497e-05 5.644331020269901e-05 6.194707950683012e-05 7.011087277565908e-05 8.34392797980556e-05 0.00010651687231463975 0.00014730626159788893 0.0002194565482393119 0.0003452133735434107 0.0005573595607822741 0.00089768388651724 0.0014107233137437374 0.0021351645422272186 0.0030965597422150555 0.004299637670417634 0.005712123742770135 0.007236536965175353 0.00868616893874007 0.009802545328846573 0.010341478071058912 0.010194435554154727 0.009453415002490181 0.008359343719126963 0.007178644770305976
0.016256181499580063 0.02326585374551181 0.03095448265016886 0.03582684344513759 0.03388726935299264 0.02503067540186576 0.014203214345714723 0.006319091763294889 0.0023367088425480993 0.0007850771398537289 0.0002662317955126186 0.00010092195961428137 4.630791375607771e-05 2.6837203702745936e-05 1.9642602768102026e-05 1.749283264092053e-05 1.7861992883391726e-05 1.9666147317861243e-05 2.2319571919465153e-05 2.5655110213693445e-05 3.0160586921156698e-05 3.726885796608203e-05 4.9856209800775194e-05 7.347058185966391e-05 0.00011893592616025908 0.00020681035817538918 0.0003732064781910385 0.0006743535413099654 0.0011857322367562467 0.0019937358046105544 0.0031815405481292803 0.004807877225077573 0.0068680145447030435 0.009229553379168434 0.01157169396670151 0.01340851162092438 0.014265152667587627 0.013936975322044392 0.012618932572577634 0.010776761566063645 0.008884155164185833
0.017049902957009647 0.024302239008066703 0.031799151666506396 0.03554691184685069 0.03171752181022421 0.021494441554013824 0.010865904047008332 0.004192975056621289 0.0013194941922381987 0.00037499781682505444 0.00010871984695765635 3.623667832753058e-05 1.5251452638911658e-05 8.521405148285941e-06 6.310565634992831e-06 5.907005410671487e-06 6.4808084336168105e-06 7.70305217148046e-06 9.35596104102701e-06 1.1340160268865079e-05 1.3881869360373837e-05 1.7784815316667537e-05 2.4821677600607316e-05 3.873490008791141e-05 6.766591309006467e-05 0.00012921387585512612 0.0002592300928165856 0.0005235478948753344 0.0010279419025415472 0.0019191258458449527 0.0033707926091497767 0.0055460923536816515 0.00851638526346948 0.012121396771701452 0.015826118682871683 0.01874762447257736 0.02001028612219674 0.019273083436782367 0.016957016896132972 0.01393301599463436 0.010997692583014253
0.01702680320834546 0.0238326494166298 0.03026725778445123 0.03234683901218457 0.02709082427781312 0.016877555228461138 0.007678213644540618 0.0026171099310484777 0.0007188161348178544 0.0001781200066376007 4.562194899215222e-05 1.3815148217247187e-05 5.498968033292699e-06 3.0426813270527145e-06 2.331441496035897e-06 2.3349822331516006e-06 2.7897810184563783e-06 3.613374490256089e-06 4.722141146220708e-06 6.043328071191849e-06 7.67971325802974e-06 1.0124054464874973e-05 1.4566286688033655e-05 2.3695732280620496e-05 4.3861249701768627e-05 9.024205571030709e-05 0.00019765422147012164 0.0004392216997591938 0.0009510048611527368 0.001953143117394097 0.003750132137808827 0.006680584126615842 0.010966403712189892 0.016426019453751373 0.022165437489302352 0.02661798845864895 0.028260745946941643 0.026628036545828227 0.02262855307586959 0.017819390573082388 0.013444192871932669
0.016545082001026834 0.022555097871741925 0.027614299300668204 0.028126793293484796 0.022177775935686428 0.012847123844645971 0.005372440740408373 0.0016687875396293097 0.00041635265867111964 9.418369670890136e-05 2.236172096469064e-05 6.442587797427597e-06 2.5253713049729906e-06 1.4291817466552338e-06 1.159469359069744e-06 1.2602292941964718e-06 1.6510566076673554e-06 2.3336043857782603e-06 3.272477429445372e-06 4.394183062577534e-06 5.737592109730055e-06 7.666935709448146e-06 1.1141836243006013e-05 1.8415125127171725e-05 3.506299591221541e-05 7.532700962844499e-05 0.0001747453400575379 0.00041593781203300167 0.0009715793771902023 0.0021582622871750136 0.004472232546999427 0.008536354860724056 0.014834133674668445 0.02314203325706599 0.03190851325928886 0.03837673476199706 0.04005285325633196 0.03653816859006655 0.029756311551360243 0.02235073266558105 0.01609078904363897
0.016086053667418485 0.021341662355300495 0.025217060300265055 0.0246036651899396 0.018473804714368273 0.010153010821393423 0.004024165081683637 0.0011874324621174563 0.0002832213843486426 6.194652109966828e-05 1.4464142535631617e-05 4.19072088576861e-06 1.6951631962549955e-06 1.0158584900170796e-06 8.913797475947265e-07 1.060750077705831e-06 1.5222071118565304e-06 2.3294676764558464e-06 3.4636005771553196e-06 4.8075937484861776e-06 6.334497464038846e-06 8.389241043239561e-06 1.1972917215854873e-05 1.9435124022658293e-05 3.662912131516634e-05 7.89207657476879e-05 0.0001865240270743078 0.00045950061954904954 0.0011259259880509705 0.00264764644323667 0.0058254048333732 0.01175921267806076 0.021373612004100297 0.034293797586389625 0.047653345663486 0.056568295736345954 0.05720982089760689 0.04989264026395629 0.038559061830288587 0.027454441564781787 0.018810750934091656
0.016063849566986494 0.020874259088560016 0.024008130978728514 0.022715493300846594 0.0165403998614198 0.008855320399937418 0.003449920745269097 0.0010135622023305874 0.000244510140239371 5.504016836407164e-05 1.3466631772253052e-05 4.160012805085824e-06 1.8216810388863805e-06 1.1951471011702954e-06 1.1539953415943597e-06 1.5071277265476199e-06 2.3472101236745103e-06 3.824669310894278e-06 5.906288325939098e-06 8.284178480161305e-06 1.0745032845632087e-05 1.3712705316810297e-05 1.859767214549018e-05 2.854132607618186e-05 5.104961757141984e-05 0.0001056218123957094 0.00024401738681595765 0.000600027164588123 0.0014977952084168401 0.0036464128804628835 0.00837841247667335 0.017650752316743994 0.03314902150853638 0.054003197973156926 0.07455845503915891 0.08603548881157685 0.08304384806674206 0.06828754995039037 0.049530239630453776 0.03317673669393511 0.02155012769060107
0.01675241941839233 0.02156514926285588 0.024471629486124063 0.022835742766052047 0.01648191096672845 0.00884679464041952 0.0035164997660123445 0.001077499331964552 0.00027762871874341654 6.826764661361162e-05 1.858146942705382e-05 6.461070592199233e-06 3.1975754852355865e-06 2.3614655688981563e-06 2.5373155352388857e-06 3.621667156219786e-06 6.024059336259372e-06 1.0209755263768344e-05 1.594181468896853e-05 2.1974483966075928e-05 2.7270558166949846e-05 3.254200645915717e-05 4.057676811555068e-05 5.675979356872278e-05 9.264515048973467e-05 0.00017692556912627319 0.00038499477121338715 0.0009150282495120265 0.0022675855476064805 0.005604699697427775 0.013253221741776773 0.02879741796072096 0.05527122011688626 0.09036733772008011 0.12238449452648748 0.13541227989026214 0.12304108122271849 0.09419708285623943 0.06344678235187945 0.039674975178861864 0.024324138446212173
0.018278773495965104 0.023610717288872502 0.026833870406615983 0.025138620109722388 0.01837829651314819 0.010159316415537422 0.004259216120971691 0.001416668973793836 0.00040818155337123276 0.0001151826583388525 3.661590005809255e-05 1.4961389148653595e-05 8.645432495470396e-06 7.323211778399636e-06 8.78872084900995e-06 1.3574292959461168e-05 2.3627465452330198e-05 4.0557504607685916e-05 6.220714823117231e-05 8.188808289586965e-05 9.458397099498979e-05 0.00010270767879639881 0.000114515795474028 0.00014182974041525572 0.00020502783086192233 0.00035087809874195184 0.0006996943408510914 0.0015695890183608891 0.003787350740781074 0.009360278224371521 0.02250625987664553 0.049925347550371535 0.09698306277244063 0.1575726956916825 0.20721228599335184 0.21761489164993242 0.1843467630920759 0.1302523958904343 0.08088448972008674 0.046973061576220665 0.027102546648795117
0.020591262186882765 0.02697498517675823 0.03109584910905617 0.029687457973455685 0.02237859040259711 0.013013178448035853 0.005900766664699497 0.002193461840291639 0.0007299444269767631 0.00024446077361133856 9.371359302598445e-05 4.621988976558788e-05 3.175937616627468e-05 3.108394434086473e-05 4.149394572115141e-05 6.835767055384467e-05 0.0001218249039402927 0.0002064197641477092 0.0003029311215688119 0.0003715851139782698 0.00039083613968980056 0.0003788144381306404 0.0003710728476146627 0.0004001351987371541 0.0005039694287191283 0.0007607011933268603 0.0013692708458096544 0.0028588180904712004 0.00663165263251368 0.01619935227203481 0.039181777285899666 0.08783438810647393 0.17103609470411182 0.27375966839683036 0.3470680222613371 0.3441559056166163 0.27088318914374754 0.17631070941896249 0.10087929234288671 0.0544379582775293 0.029608805507407174
0.023385526342622608 0.031249531018527545 0.03681698938682018 0.03616163189052343 0.028427413290783767 0.01761965928373795 0.008770013511029868 0.0037020132493007837 0.0014463589014410859 0.0005838612875317211 0.00027342592487968737 0.0001641744769492701 0.00013448368701170137 0.00015140448787291172 0.00022226952110067518 0.0003840011143454996 0.0006865825294749745 0.0011242806273485274 0.0015480429247295268 0.0017409083892756167 0.0016474739368476693 0.0014140057560602243 0.0012112940305333182 0.0011343811308740903 0.001242720965679224 0.0016509128581382372 0.0026727160143382206 0.00516349979705258 0.011419960826655582 0.027282746065722625 0.06558578218798872 0.14674053687897873 0.28320149439502773 0.44272503234481836 0.538658800699138 0.5043147083395557 0.3702587212197857 0.22351536024450086 0.11885674263722419 0.060165823277217784 0.031141563707911414
0.026092245193278504 0.035560020459991556 0.04287630236190891 0.04344599876522458 0.035753842952413364 0.023720298941930118 0.01300942096445272 0.006252265297068033 0.00286954263465868 0.001393391538800895 0.0007930563151940213 0.0005748076301173437 0.0005547458901895599 0.0007079678402037861 0.0011241404411610543 0.002001588081588281 0.0035314080632652114 0.005509803663178812 0.007044264414641521 0.007221768552428342 0.006145721781354176 0.004691590478204645 0.0035441021647872203 0.0029133614370531495 0.002806176488302055 0.003309517126790486 0.004840256654253137 0.008642112641917169 0.018090996194827593 0.04174305605977941 0.09815768243826495 0.2155740256233898 0.4064511384070773 0.6147074153262142 0.7156526760692 0.6351768119638955 0.43954846493180394 0.24996438683252725 0.12590045432054925 0.061010265646844565 0.03064936802983248
0.028080204454787067 0.03882918336085611 0.04770824038322403 0.0496911314612986 0.04265546893046134 0.03015410150327929 0.018103930400001356 0.009811640157954856 0.005220895683800452 0.0029989076077096863 0.0020338713024510547 0.0017413888788296796 0.0019366584414680173 0.002742915449141856 0.004622430818711538 0.00835208727241 0.01437855299869803 0.02124160231171597 0.02519297050424695 0.02365375512777358 0.01828294148234447 0.01259821277582553 0.008547055892678764 0.006290496797730562 0.005427904384814243 0.005766904862018883 0.007680029848547918 0.012665672229817224 0.02486100782974749 0.0544799567138402 0.12267417718628719 0.2587694777098313 0.46808750936702065 0.6771564665739694 0.7521698609942437 0.636710826161479 0.42156508964926204 0.23109306320694697 0.11346450809456923 0.05431132162821717 0.027304637844969865
0.02904658730510689 0.04043313368746422 0.05021423225953848 0.053293490681279435 0.04723950781311571 0.03514184722960682 0.022731690351967815 0.013617623184270063 0.008200451214409897 0.00542040032596265 0.004253070889137634 0.0041768624113339495 0.005209481890436556 0.008002137631170499 0.014064699790432112 0.025500582192692477 0.04262939434449973 0.05970744166536639 0.06615700039035982 0.05759045395729421 0.0411207201174815 0.026110946655949503 0.01628139174923208 0.01098372354973905 0.008671913016284028 0.00843179126783522 0.010301569083898846 0.01565096180216084 0.02843471743804103 0.057915605841825174 0.12160238186970278 0.23984581301551472 0.4070274458560065 0.5551200647315087 0.5855498622068152 0.4757262759239378 0.3068314080922371 0.16688430939865384 0.08287624520181858 0.04080903352231613 0.021370539083418825
0.02928386996430167 0.04071777254975447 0.05062162367970716 0.05408041922306256 0.04873394122604507 0.03740347392327355 0.025438415801962214 0.016363079759216487 0.010792605712665482 0.007928610499737197 0.00695320453968918 0.007587930147073869 0.01033461943168869 0.016879521147762894 0.03056787954553348 0.055355942046026105 0.09005042227389683 0.12051863278413179 0.1263198786941572 0.10361400880267647 0.06965881921350477 0.04163511502656726 0.024400313292537723 0.015420790179334742 0.011352425615097377 0.01023562832289731 0.011528305570091059 0.01604985098576873 0.026567421267139627 0.04907119594673901 0.09322781658706972 0.16671283564978737 0.25840161483228974 0.3260949324809181 0.3242300830159499 0.25437950732737674 0.16312782985355087 0.09099993762515422 0.047673876260022674 0.025290472687165545 0.014438089434922
0.029582335840459252 0.04086649087157518 0.05038577411847721 0.0534050640524517 0.047937477588892344 0.0369609727656237 0.025584878723159267 0.01702853058875043 0.01182571241340013 0.009285255424867063 0.008781727175182205 0.010338280740180785 0.015049183262399657 0.02581208958875558 0.047985168960717445 0.08712510771412633 0.13923360305295274 0.18042280696868815 0.18163941803619402 0.14269040267799318 0.09185106903624825 0.05256586291604354 0.029450943338735967 0.0177197581871337 0.012330343529790353 0.01040274346350524 0.010825037324191596 0.01372301784867201 0.02037819220376735 0.03333285774754548 0.055642443049542384 0.08744098596665094 0.12031847846047856 0.13760762638470658 0.12785700710370385 0.09748487523714167 0.0635017949272056 0.037585221234472985 0.02166641522727534 0.012961676769758377 0.00843758280489624
