_RESULTS/REVERSE_NEW/MHZ/GZ/7comp/MHZ_GZ_z_0_kriged_reverse_7comp_test3.asc
ncols 100
nrows 74
xllcorner 5.5967023332191781
yllcorner 50.982320383219182
cellsize 0.00019249356164376555
nodata_value 1.7014100000000001E+038
[rows 0 to 17 of 74, columns 41 to 81 of 100]
0.0036660117375098664 0.003690326726331952 0.0036934128159779645 0.003694677265573488 0.0037372977781032755 0.0038950772461705863 0.00429028531399333 0.0051444288195165635 0.006912863692628979 0.010632543501486937 0.01881142905362918 0.03757516498493321 0.08093249346749905 0.17515100700448138 0.34964100428948963 0.5914623048860274 0.7931321748133022 0.8136537980848166 0.6393775184515078 0.39947415790348023 0.21208192808562393 0.10386114863131339 0.05085750228120699 0.02656122418150151 0.0154054243575919 0.010076979190999685 0.007398803411800758 0.005992678762063903 0.005235006448287301 0.004824589417850252 0.004605284139119788 0.004491387046931962 0.004434496299273736 0.00440737580499376 0.004395142741147882 0.004390021979706444 0.004388153105865239 0.004387708837462244 0.004387853936798447 0.004388211430624299 0.0043886097894999185
0.0033814521794690204 0.003384081463125952 0.0033464176678172143 0.003288642528093045 0.0032566744108540545 0.003324996025100017 0.0036105649712672864 0.004323060807872904 0.005909843344547316 0.009456677106766388 0.017804734550382312 0.03856381332801275 0.09107955009447666 0.21638114265301825 0.46969697904300683 0.848159297511507 1.1853081113832626 1.2351812185009332 0.961802455504258 0.5824414557053975 0.29468703500773474 0.1362206058622081 0.06284006548757352 0.031053340758963918 0.017185117216127147 0.010834412822658672 0.007743265126866529 0.006156788289446891 0.0053146289186460395 0.004862545665241263 0.004622106248318004 0.004497424324954471 0.004435104308897513 0.004405357365961498 0.004391982927337444 0.004386528527383562 0.004384779749783289 0.004384709677667229 0.004385354912465007 0.004386247375386421 0.004387150752612558
0.0030592682403734724 0.0030271768833891274 0.0029331546863255275 0.002799513972290175 0.002674789217944312 0.0026293499836048512 0.0027608649860023297 0.0032338748083770357 0.004404528630787509 0.007180254691867921 0.014083117579961118 0.0323535052505077 0.08190622650184078 0.20896532052064673 0.48410944943691064 0.921662291228614 1.337285202121836 1.4242796407566716 1.1171713319018068 0.672961514760239 0.3354238419930438 0.1518447946464512 0.06845558696757022 0.03309265620416691 0.01796934346810164 0.011159361396329115 0.007887203837922201 0.00622303781469021 0.005344715174085045 0.004874612067665937 0.004624713460838711 0.004494888602148498 0.004429749253895098 0.00439854471196647 0.004384602226550894 0.004379217995311231 0.004378008782716645 0.004378798512156468 0.004380477407142382 0.004382441286522776 0.0043843431318488675
0.0027219737736538007 0.0026452651912436016 0.0024866919103954657 0.002274144187388229 0.00206056325714481 0.0019101889016574314 0.0018944566960938847 0.002117473774233828 0.0028034038595561974 0.004548693913375685 0.009090297449895453 0.02166350128897083 0.057454700818527625 0.15390912737086182 0.37329960246963595 0.7400374719362552 1.1112617503241569 1.2180718369448673 0.9792634137103056 0.6031175628205965 0.30687100817707275 0.14159048109099723 0.06492924344569305 0.03184692882899986 0.01749631660690769 0.01096222156588428 0.007796548073829931 0.006176803730610916 0.005317995726478839 0.004856424991087925 0.004609857198676775 0.004480887529901488 0.004415595584330726 0.004384091321983481 0.0043701963854324375 0.004365435219268908 0.00436544784236903 0.004367934865085488 0.004371580045807216 0.0043755523621355295 0.004379309350058433
0.0023950927244327487 0.002270183543963325 0.0020495533957290775 0.0017710694178300964 0.0014941351477146538 0.0012763227614433937 0.001163027697186035 0.0012037908728578619 0.001506194185481309 0.0023786762053850078 0.004763906680905205 0.011605349408029963 0.03172181853733709 0.08762858971062404 0.21881491507182255 0.4464979103346463 0.6916704951617945 0.7854597604011894 0.6581647054350775 0.4254776994741157 0.22856658210059738 0.11160988449714405 0.05405647303218851 0.027840458437374795 0.01592757532605732 0.010296809664796252 0.007490475145137524 0.006024865485729208 0.005236175462469573 0.0048072461754679 0.004575409618794745 0.004452407502579536 0.004389063819022229 0.004358120106738151 0.004344845581870037 0.004341455289092865 0.004343766528034921 0.004349322254636153 0.004356466212485995 0.004363976831045188 0.004370972324561784
0.0021011717220636335 0.0019318069820741775 0.0016611454470078153 0.0013401674966935897 0.001034654134789805 0.0007942086307701008 0.000641960419865423 0.0005899009391126287 0.0006721684952668941 0.0010141693075542088 0.0020365354326118495 0.005105516178096442 0.014390224475878973 0.04067281405214812 0.10335622654399454 0.21494528459180362 0.34213875700359714 0.4043330057150882 0.3579272257160479 0.2481293568836286 0.14460273706316493 0.0770004531308412 0.04058124523117018 0.022549335105299537 0.01374311639516733 0.009331072089886417 0.00703242822547411 0.005792366335728217 0.005108805165208743 0.004729512337071677 0.004520184754043645 0.004406266136836955 0.004345866790946547 0.004315828659357624 0.0043036839236835584 0.004302713391646534 0.004308979963372229 0.004319734842282929 0.004332738929112333 0.004346112746933678 0.0043584103322177
0.0018554892263534576 0.0016514111086378589 0.0013474930939515013 0.001008139966780829 0.0007028218688473825 0.00047158376306139676 0.000321536231936747 0.0002455453157250571 0.00024174372982578888 0.00034407317208935066 0.0007128701245959013 0.0019235024061152438 0.0057631280774246155 0.01679690163646382 0.043215378115407495 0.09085171454990129 0.14778176747479038 0.1817861107971683 0.17115785247085016 0.12882456355586588 0.08277512554972159 0.04894314613792728 0.028579364820011464 0.01741792489044173 0.011466778112639246 0.008265248019505813 0.0065035735434377465 0.005513433119338402 0.004949759150415529 0.004627545370794568 0.0044436191649339105 0.004339285830971816 0.004281477547164113 0.004252156303334 0.00424170846462082 0.004244711999078118 0.004257415146183448 0.004276505939322572 0.0042987755275737186 0.004321285961648124 0.004341702282521772
0.0016646823205746987 0.001439271759295066 0.0011184142734638211 0.0007777669367174863 0.0004874266428056496 0.00027890972188209586 0.00015187507280128946 9.065624905570119e-05 7.448928382557705e-05 9.971855167131362e-05 0.0002192300971928955 0.0006727250139676453 0.0022524662450025463 0.006901660166115851 0.01794061724805347 0.037790481212717254 0.06226908653264395 0.0792516198829184 0.07916994746702626 0.0647408651132382 0.04599868465144821 0.030328182739368967 0.01971522262299526 0.013240364935794158 0.009453732334450413 0.00725726244679635 0.005975249877087813 0.005220445112528946 0.004772995552754058 0.00450609343398264 0.0043456692517547125 0.004248953138541412 0.004192272694497549 0.004163256882455875 0.004155475907002857 0.00416485707604637 0.004187613739925486 0.004219431846552793 0.004255571404356947 0.004291475775299289 0.004323482641185064
0.0015276369680536394 0.0012962327358296798 0.0009716198567503516 0.0006376446238206369 0.0003641348412324818 0.0001781957461806208 7.734120370052805e-05 3.682325755410407e-05 2.6046500166829463e-05 3.310647757015128e-05 7.605936846562657e-05 0.00026242804844149375 0.000989259772622979 0.0031930317024608185 0.008299865363315109 0.017266697366352574 0.028407689754010174 0.036909532302534034 0.038646369251495755 0.033958920917704485 0.026417005712325446 0.019253683000849935 0.013831624962751572 0.010175590959847495 0.00784424116775885 0.006391634643606337 0.0054928941752970155 0.004936380639695954 0.004589256216885753 0.0043693615886725564 0.004227196160364329 0.004134664940267535 0.004077364820244753 0.004048741390892673 0.004045627777520892 0.004065165898289245 0.004103139445409868 0.004153602086233637 0.004209512805068759 0.0042639420288693355 0.004311332606789477
0.0014370515336085687 0.0012168423603030978 0.0008992834146008755 0.0005735014008458988 0.0003107431555421712 0.00013800153418335758 5.216861203240421e-05 2.1905720822186304e-05 1.4300674211975613e-05 1.7559987952301205e-05 4.061845066560391e-05 0.00014606630976479124 0.0005754787562100359 0.0018631703577492052 0.0046935789920963845 0.00941752611685553 0.01514763340000925 0.019685363551797713 0.021167671018082097 0.01958551602884351 0.01635694687804965 0.012941016736712704 0.010111382441035347 0.008041970303799061 0.006624866638669061 0.005686214924103829 0.005072983539447213 0.004671727981590653 0.004404491357618659 0.004220815373092273 0.004090798320367213 0.003999298702670342 0.003940699899631069 0.00391415762279877 0.00391966064413064 0.003955276489810144 0.004015794086889783 0.004092778276747202 0.004175835597779277 0.004254632202286564 0.004320973085556133
0.0013804080243748564 0.0011915564519971913 0.0008928603726029108 0.0005753237021862419 0.00031456831555178093 0.0001409467935138727 5.3641287031330036e-05 2.2568771296738217e-05 1.4664759221275928e-05 1.7737277791783008e-05 3.975866903084468e-05 0.00013532890213135187 0.0004925782063123043 0.0014613983557017415 0.0033978238938220024 0.006375761380585051 0.009770250301210244 0.012386181135037614 0.013336316366288056 0.01266720390161983 0.011081446943098568 0.009303838483772777 0.007752840862744409 0.0065605902481635555 0.00570542251463931 0.005113454866349045 0.00470766893555686 0.004424968563653601 0.004219840980368507 0.00406355192868319 0.003941662997919834 0.003850443693796315 0.0037925645414909263 0.0037727292750142204 0.003793929907885551 0.0038548104176387974 0.003948445985784228 0.004062735862113192 0.00418240625870887 0.004292187769327156 0.004380190028321976
0.0013401595460736883 0.0012067204533200639 0.0009441921779262024 0.0006394445395650798 0.00037466769265117803 0.00018772679314275575 8.300821975992247e-05 3.976043647186262e-05 2.7707560402576372e-05 3.3552324378116476e-05 6.973235274276718e-05 0.00020284681455642667 0.0006047420764191802 0.001514915856637803 0.003109189922904006 0.005293797651308297 0.007527003315939052 0.009070156796620456 0.009526416028237299 0.009051884834079375 0.008094622680068265 0.007056788751426252 0.006158677529454485 0.005467737725855342 0.004969647196637303 0.004620205543318387 0.0043718482546373436 0.004185006062946758 0.004032535349708436 0.003900720573584912 0.003787793211889414 0.003700495127316014 0.0036496010198073057 0.0036454306841237688 0.003694038038152506 0.003794415248407185 0.003937061120513182 0.004104470315033232 0.004274010299070028 0.004422909061323284 0.004533870922643824
0.0012942589435625633 0.0012427267849445026 0.0010427020589892676 0.0007662645866577277 0.0005002943431046262 0.00029558494574666587 0.00016466867352102856 9.874702708551725e-05 7.863935189772536e-05 9.600127504555838e-05 0.00017581625114832083 0.0004033486261154161 0.0009293929923341821 0.0019068812690082465 0.003372797650652773 0.005090451783249777 0.006560222725215793 0.007338512052124929 0.00734469078629694 0.006828199365060659 0.006119592973946217 0.005450399243620062 0.004922100232032965 0.004548720041125903 0.0043027586227801775 0.004143397078555768 0.0040309595607437325 0.003934703678403076 0.003837196445227648 0.003735522969853906 0.003639126273040528 0.003565148797900771 0.003532958913098406 0.0035591931108552165 0.0036536492969506075 0.003815867869686372 0.004032755205958563 0.004278567464072304 0.004518837011959791 0.0047184973495975795 0.00485175934011111
0.0012192042691864548 0.0012727918551977576 0.0011700802576046854 0.0009537488636735609 0.0007058050460268022 0.0004922964988583247 0.0003416610398841573 0.00025776096051803056 0.0002379625377605793 0.0002913666498105502 0.0004611611390925264 0.0008377035318271644 0.001535053672513356 0.0026124350245087654 0.003950169366332202 0.0051974581253242235 0.005954690409025095 0.0060625876119662515 0.005675137256426412 0.005080119339575671 0.004508046130734909 0.004071572029564601 0.003794542766612731 0.0036553678827881074 0.0036143051075110616 0.0036266579844236096 0.003650816911390617 0.0036558026956496643 0.0036275193458747937 0.00357073113165732 0.003505557522828995 0.0034604541323323503 0.00346493104653903 0.0035438201184133863 0.0037126138395401783 0.0039725898553674074 0.004305928946004004 0.0046736891411510734 0.005020879355596121 0.005290531948969348 0.0054423886590002956
0.0010973911511661487 0.0012665051726314745 0.0012967326147875823 0.0011881749862050442 0.0010008724665163794 0.0008088481292124925 0.0006628629917062285 0.0005879661778649187 0.0006013689676227389 0.000732666038983097 0.001038187307018574 0.0015946578916294168 0.002448057854409713 0.0035153117741693776 0.004521455120240632 0.00511519888519284 0.005124105320890818 0.004671356226112781 0.004034507181009856 0.003446052833479084 0.003018119615711955 0.002772367124288664 0.0026888906920400244 0.0027337569854339085 0.0028666331825784276 0.0030415072608343066 0.0032107910691702283 0.0033358163938357684 0.003398795234636244 0.0034082377821945133 0.0033944507035257535 0.0033990032412566057 0.0034645487452063996 0.0036279293443429225 0.003914655589231042 0.004331135688763565 0.004854014814832777 0.0054223205953647935 0.005943059679831475 0.00631724597735209 0.006478072221882109
0.0009271636216790552 0.001200849728777035 0.0013867083311658625 0.0014389686032618234 0.0013773275161160187 0.001266363580554371 0.0011747177390910345 0.0011548981518217049 0.0012492119717897841 0.001503673272908599 0.0019688081909068 0.0026661107802630046 0.0035141853217911 0.004274068928936782 0.004635496769780029 0.004443938209108916 0.0038302469264592806 0.0030823682723063617 0.0024328540437522314 0.0019775953661548447 0.0017186505591835933 0.00162689601485305 0.0016743939471974918 0.0018390655286674412 0.0020958186709303366 0.0024061826019086494 0.002717308904841699 0.0029761226140765816 0.003151696138467005 0.003249601918269553 0.0033086605133971565 0.003385902199294672 0.0035419614514720183 0.003832548300822804 0.004301921181802977 0.004970030425685924 0.005809494668420014 0.006722367165540009 0.007542438467279347 0.008085701425261965 0.008233565510447488
0.0007283679238822391 0.0010743231534404971 0.0014138828004688158 0.001667896523391639 0.0018052369351786778 0.0018592158565496617 0.001899952190253671 0.002001208095384358 0.0022256523138337926 0.002618226773558304 0.003182598631820501 0.003829452344110049 0.004338885446382093 0.004437049022698119 0.004002993935253615 0.003197626985555419 0.0023318949256837256 0.0016348363483443817 0.0011716887464747105 0.0009088412849541146 0.0007937000088825174 0.0007913170886892821 0.0008893759567957835 0.0010899860750519107 0.001394468518443375 0.00178414853047807 0.002208603129235629 0.0025977055334960803 0.0028968175492285393 0.003098544765944775 0.003246454169972366 0.003415505376185181 0.0036912170418859323 0.004159371301040657 0.004899375481226178 0.005963955979289256 0.007331791546021711 0.008846500346759325 0.010200900181930312 0.011035294481611422 0.011125694670587025
0.0005351952566720914 0.0009121761102302877 0.0013804640889487042 0.0018539211200055458 0.0022534257891735927 0.002561181619433688 0.002822825486835564 0.003110727943768393 0.003483295032774204 0.0039474524424271025 0.004416550742462443 0.004689132047969459 0.004525180155211283 0.0038404761006783977 0.002835029613476044 0.0018534208792775036 0.001124981714445566 0.0006793031442079315 0.0004406684613666424 0.00032849601379236613 0.0002935117625152191 0.00031683449625239795 0.00040248442616660433 0.0005713627986585221 0.0008509250505381764 0.0012524359592899345 0.0017425208377060879 0.0022397909555338454 0.0026581874409208825 0.0029656050977525284 0.0032048117807700785 0.0034710780729611188 0.003883254521932921 0.004572789936032897 0.0056810867868862394 0.007332154958009183 0.009543461814785605 0.012081293766126773 0.01438230519911553 0.01573315322499068 0.01569283213755487
