_RESULTS/REVERSE_NEW/MHZ/GZ/7comp/MHZ_GZ_z_1000_kriged_reverse_7comp_test.asc
ncols 100
nrows 74
xllcorner 5.5967023331506844
yllcorner 50.982320383150686
cellsize 0.00019249369863007826
nodata_value 1.7014100000000001E+038
[rows 40 to 59 of 74, columns 44 to 87 of 100]
4.99982260403106 5.437931315662292 5.940794703207908 6.532167870515929 7.195741171226605 7.876162500035075 8.483574885367988 8.939475492411585 9.24361598564538 9.422159603725804 9.445199770004404 9.301071473624061 9.042091900379893 8.731758893292428 8.406004009431307 8.068861645456069 7.704074398266278 7.293790099457249 6.837116129972793 6.36017923425327 5.912592203870029 5.553170686947583 5.33424029485639 5.292219837696846 5.444310503262042 5.785918979653748 6.285065815500997 6.875659870743337 7.457487974039971 7.911853002407811 8.13338170240008 8.065362508134069 7.72003321934166 7.172463033529916 6.531669778933044 5.90493760771272 5.372481494759347 4.979661128111647 4.742341857242317 4.656480466820591 4.7056318838651965 4.8648604492831335 5.102847996028891 5.384804804041838
4.884747875980329 5.2778799412891 5.754926761277566 6.334840798829861 7.00311240174607 7.691190426643282 8.27439087303921 8.690180528055235 9.048966684350152 9.386474486610652 9.534957203489181 9.412304782904119 9.100487113221302 8.705043971919054 8.290604229926325 7.8799251930151835 7.468010038285628 7.041554261952148 6.597877477908483 6.156011707159781 5.755521300944118 5.445386662259525 5.27074155179955 5.264020212203246 5.440842047301056 5.796673718479807 6.301265333444086 6.89261326913521 7.477555325205462 7.946587042359288 8.202629671453407 8.19227547408688 7.923544364617248 7.460765823623304 6.899933635302897 6.337959369513568 5.850016454094539 5.481175790877775 5.24931025388533 5.152407108309783 5.1751585952144525 5.29334152297557 5.477078211852056 5.694616094024382
4.818225045037799 5.129941735899418 5.535159077340642 6.054039281787236 6.675315665631262 7.312596701134819 7.81282580716372 8.184850860809965 8.65994180420885 9.202385363754649 9.481292652598553 9.378267640676716 9.019601436561157 8.550347108624006 8.06219131310788 7.5964062685488765 7.1586279828944095 6.7386897677508815 6.330205619397502 5.943169271052714 5.605598718551691 5.355758863604384 5.231092989806556 5.259556070767215 5.4545320490866995 5.81086220881572 6.299769479270811 6.864321962917377 7.421288634818514 7.874923164457195 8.141525424467408 8.175095660703109 7.981436018155205 7.613631081533484 7.151986666997463 6.679117359582516 6.261084750066573 5.939405122216918 5.732003384060254 5.63828211354906 5.644514446398765 5.728264650732437 5.8623267927922935 6.018970599287814
4.805722486364587 5.010667918216394 5.30894932048989 5.730866084662562 6.276163089136458 6.866158372984726 7.370854935250916 7.8425314660917875 8.463124755155354 9.08136659829831 9.356836067238694 9.219561956761572 8.810391803277152 8.283110248056609 7.745298609988298 7.252391655473381 6.817652189415639 6.43147760581132 6.0817210966643085 5.767992539495753 5.506181343454468 5.323790380702546 5.250652874374022 5.310189937790349 5.513367417160599 5.854253532211731 6.305797542873598 6.817268712991114 7.317538031235683 7.72750698387689 7.979897058119192 8.038772249815679 7.9095604526546435 7.634852568089073 7.278782218480023 6.9079787754909 6.576851982698803 6.320639263515257 6.155101580457278 6.079761192443142 6.0821395267050775 6.141962843314619 6.235344329131064 6.339073123933692
4.862128197597989 4.937978822095148 5.108365474279288 5.4157685257037995 5.878749723007219 6.45886954771793 7.078555629624776 7.735715963631462 8.431512860194786 8.97180477938272 9.147815497769733 8.948692122751854 8.49436001810815 7.929976747410411 7.371415678262923 6.8830842698067025 6.481970046635525 6.156411357725894 5.887022201218752 5.662422089029909 5.486304609160016 5.375545874216566 5.352507057362066 5.436251753886284 5.63567549608136 5.944727438993497 6.339180131131575 6.775969253067854 7.197509691357749 7.542402003794319 7.760478309629974 7.826552312465979 7.74670093534472 7.554383271236152 7.298798506520724 7.031043513970676 6.793208317546521 6.6127075438199086 6.501315779391575 6.457139888925043 6.468030603594896 6.515622501279717 6.579486561468954 6.6409644027256505
4.991103933321616 4.926714817207437 4.96410021290508 5.154987362673637 5.532492421951165 6.092259205050304 6.788223694043877 7.548869315488768 8.250816122779687 8.716640341410658 8.825893805782318 8.585616321429912 8.103649481577127 7.525795493808987 6.975121832180261 6.520762133370224 6.180034748593156 5.937453672747711 5.765812551338023 5.642662668878694 5.559426286375963 5.522133252563289 5.545530788183383 5.64462949839069 5.827228695530532 6.088796957906937 6.409934294061104 6.756944739280735 7.0864391558355795 7.354063589672791 7.525336787012224 7.584682042740168 7.5388979284917665 7.413797402017419 7.245879283250364 7.072636733630707 6.92471114430181 6.821388289048845 6.769323930192632 6.763760093413763 6.7916745403783505 6.836223915071014 6.880866088860395 6.911647384554138
5.186159121862917 4.985815915842064 4.900311835394614 4.985821790819651 5.279875594093244 5.789566039447888 6.476640428328957 7.242134181550443 7.926887622082049 8.360230681396326 8.439062207142443 8.174842535630006 7.68055859541459 7.109839193494211 6.590687033647864 6.193019015791293 5.932103013866725 5.787975103788937 5.725794410112312 5.712165975632997 5.72584933926611 5.761296295730793 5.825214859021938 5.9290905920939645 6.081324923082117 6.281447823720368 6.517457981034652 6.766579793581175 6.999378389951094 7.186515359498556 7.3063040113662 7.350456907247076 7.325893667178105 7.252115905028866 7.155451903719344 7.062379720057442 6.9938566881268285 6.961629958108281 6.966695514212892 7.000016649514906 7.046197223385564 7.090048950335791 7.121496168697618 7.1331621416872295
5.432643935168768 5.116492568516658 4.9305723442254745 4.931554893373101 5.154674645290814 5.605745247251321 6.24575755964822 6.970720629244653 7.616028413655726 8.010768576743786 8.054765269178361 7.766576507871684 7.268545408704644 6.719924731407531 6.248787225352538 5.922226720826053 5.752133082980932 5.714272288961539 5.766763002450018 5.865391314690561 5.975650979806846 6.079498375632418 6.175252687230201 6.27183751301675 6.380588751828814 6.508089662322 6.652233802785476 6.802078547035949 6.940948287791626 7.051561926847487 7.121462008584703 7.146929976833462 7.13414009922328 7.097372527521702 7.055129594378998 7.025473560056078 7.021728064425013 7.049162875970888 7.102921425858981 7.168017949738791 7.224364820730092 7.259283906645399 7.276261170349918 7.280561387711809
5.710220443413365 5.3119432731562854 5.056426019479491 4.998542598992022 5.168658208989965 5.566787352545786 6.14966406464059 6.812264114040627 7.391945521992964 7.723281876482776 7.715586493997938 7.398796981569282 6.902786476479225 6.386778487017482 5.9737086696140125 5.725178222343094 5.649263955569244 5.7180675836074215 5.883311669630141 6.090150339350786 6.290514273447756 6.453484238300709 6.569270097322614 6.645743606507909 6.6997408586208245 6.747606090197731 6.798826736744141 6.854168905981241 6.907647705634158 6.950666606623561 6.976477540561571 6.983435269072472 6.97617309015994 6.9646149299310105 6.96137287190492 6.9783388238586195 7.023156059738109 7.095911268086989 7.18615606906501 7.271529983289213 7.324465151913512 7.335544034651047 7.3314309566876705 7.338978408176544
5.99653734428287 5.5580698433371865 5.267549427835901 5.176986380051637 5.311549749402695 5.664414586747352 6.186267638726441 6.771100130514705 7.26284602622802 7.5098471385919945 7.438706437852277 7.092929466881144 6.605947434791967 6.130961681103982 5.7815972089021574 5.612466899755958 5.6279385764171685 5.796977758775237 6.06538998301013 6.368235872185594 6.644643948490317 6.851797664694165 6.9731502776339065 7.017432427626928 7.009136642498028 6.975986125829918 6.939368305059665 6.910433286923018 6.891214045581403 6.87852573298432 6.868370177679542 6.859269809219631 6.8537887614903825 6.85820332343394 6.8807299680538145 6.92886399418064 7.006271874891998 7.109381082937024 7.223531253035766 7.320073351474986 7.364181382474983 7.349115893523432 7.324548893004453 7.339026543336394
6.271133054135465 5.835038867687573 5.5426634313530565 5.442492743299973 5.554922608922462 5.866861761971047 6.323162967525739 6.817926112848186 7.206695265405664 7.358977556226655 7.223392650197351 6.855939330148145 6.388290360922995 5.962348788756035 5.679748893660079 5.58762274789096 5.686850980155595 5.943408137007534 6.297528064356922 6.675496190510008 7.006105417746884 7.237478560541032 7.348811646313122 7.3516110138215085 7.279090851125559 7.170247026271729 7.056995940301802 6.958494891729266 6.881932126598548 6.82678387638147 6.7896766510517415 6.768115189692728 6.762404638413928 6.775796670042829 6.813233976715249 6.8791435897496545 6.974627575741729 7.09415171501674 7.2215835584741015 7.32699092958219 7.37442418626546 7.357642777070199 7.330167915486845 7.344636271742674
6.518789286603623 6.120184933742843 5.852174592945156 5.7589336358980034 5.856494998759491 6.126871209071013 6.511330579449114 6.907606543208391 7.188061621952061 7.248055963199418 7.058833123532357 6.68475042851167 6.249926267887492 5.88104630310598 5.666551738769485 5.6462115348320285 5.817456576824358 6.143066980148261 6.558249370374268 6.982972547703035 7.339971106241883 7.572833038865456 7.659793789350244 7.61657740553129 7.48462740727945 7.312165702950015 7.1387483569705115 6.988529354710262 6.871224386718064 6.78698919686567 6.731838727311574 6.701759485319511 6.694930478371745 6.712168386556812 6.755989382664342 6.828714332401371 6.9299640860295595 7.053748696360655 7.185285691835662 7.298980475118626 7.365029275928836 7.3754819671671985 7.365328508224744 7.370483176226801
6.731352693494689 6.392024194137362 6.16345199880339 6.084700692610993 6.167840631740416 6.391903322946724 6.698365816971341 6.993827324832941 7.171708077771233 7.154126450467476 6.931602945844334 6.570924018192538 6.183583108164076 5.878831455718928 5.731828131692989 5.775274451895037 6.002967825131593 6.374366811330868 6.820939522049365 7.25995702783467 7.613437728999677 7.825749699053784 7.877668571901831 7.78977121509379 7.609647362728234 7.391091881953325 7.177457664422615 6.994782373832992 6.853218476453707 6.752434562155517 6.687375601362065 6.652558208683154 6.644422401294066 6.661931411882996 6.705836451716649 6.77703518871042 6.874399642910463 6.99240853996152 7.119005780329594 7.234937707253342 7.318479955775478 7.359523711019166 7.3699903499680905 7.364621736735925
6.907157355062388 6.6339470088123935 6.447668130094744 6.381977680716769 6.445769030461783 6.617538984420995 6.843357951877064 7.0435209346121725 7.1344125729383645 7.062317455046639 6.831209619645315 6.504341247148002 6.177176361629468 5.940893520123783 5.857848774758215 5.953867917940749 6.21895917126781 6.609829128920038 7.056663415123222 7.478336290898939 7.801239774611575 7.975375926303185 7.987103851992799 7.861590307679397 7.649331087879851 7.405217944798085 7.172382047784613 6.976015830005703 6.825288161591436 6.718913669815341 6.650876349365177 6.614635502226583 6.60543696716946 6.620962394313463 6.660737462031401 6.724723084387903 6.811478745472351 6.916294714489291 7.029803347409308 7.137961028493882 7.224973905550172 7.279799781109543 7.300778161164025 7.2901899901905
7.048406239988483 6.836020381021286 6.685355926142281 6.625218984120799 6.662694431442744 6.778433184202265 6.926841923124208 7.044616388230078 7.0701373581329054 6.968989286870282 6.752330211643344 6.475372347385712 6.216117681574189 6.048159014764327 6.021667483540187 6.155684559448258 6.436679504250213 6.82023685569557 7.238714852823986 7.616807164717726 7.889191546336062 8.014931699290793 7.987776599995793 7.836279672932456 7.610164125743592 7.361112271518352 7.128616134678378 6.935030172136653 6.787778346045112 6.68465064021297 6.6191029321923835 6.5841222195692035 6.574357374074462 6.586747741434075 6.620045909147085 6.6736343531507325 6.746008102342303 6.833305861376132 6.9283411064144165 7.020695516784461 7.098432825207619 7.151266384686903 7.173182251120622 7.162226788028899
7.158079002155553 6.994444040486394 6.8681921160622235 6.804520636144881 6.810406513106375 6.8709908747056945 6.951182093614597 7.0041834348470156 6.9871302611099795 6.879313701945569 6.693922974559527 6.475710596833846 6.285475263339587 6.180378344898921 6.199058888551255 6.354009574168239 6.629053519042677 6.981101213825418 7.348340129886739 7.664802953584681 7.876085205547683 7.951898699623981 7.893289295124808 7.730069354452082 7.507830669880759 7.27179612335709 7.055563951128225 6.87755171047228 6.7432220616022995 6.64974212725321 6.590574482788579 6.5588251190373175 6.549099553178733 6.558067518562852 6.584084817130095 6.626228876902661 6.683078927748411 6.751568592616438 6.826261795802827 6.899403071559545 6.9619615533277734 7.005478102951092 7.023930583602659 7.014773083021648
7.237875896509186 7.109497193909258 6.996822075604572 6.922864175331626 6.896050157791672 6.907449656462099 6.932811611452886 6.939911603076865 6.900332143777284 6.802024622651016 6.656815995861064 6.49845408375827 6.371935817494874 6.319551865970055 6.369260068779946 6.527657962698852 6.777382817608359 7.07926717871482 7.380314174978155 7.626327774135223 7.775177785965479 7.806987795026382 7.728269430350267 7.567505011553726 7.363718777713331 7.153925118007118 6.964889504368053 6.810813307997256 6.695347188604172 6.615414901541156 6.564957634188326 6.537679402341628 6.528580676668495 6.534435122043653 6.553498191534213 6.584748939740955 6.626941817583221 6.677730022215596 6.7331180743950645 6.787469889473378 6.834181269260152 6.866892561004711 6.88085228852324 6.873960680106572
7.287909544702131 7.183405396330518 7.076774271749166 6.99005251211555 6.934124901425763 6.9062912830634575 6.892000829590593 6.8706055071073635 6.823882057329078 6.744592756707937 6.641450288541602 6.537917841223832 6.465220805262965 6.4526559047136915 6.518742808892032 6.665343563689959 6.875608717989707 7.1163809962541515 7.3452445563769855 7.520774366220283 7.61300656360475 7.610857760050652 7.523756512689649 7.376653915140274 7.2008100976731715 7.024698345840336 6.868379710359794 6.742128817642641 6.648105508204408 6.5833111630742165 6.542481270646176 6.520222545682344 6.512215198004019 6.515591252408526 6.528716107855863 6.550615187546213 6.5802646779826794 6.615943984632704 6.654831915530064 6.692993944500649 6.725822358314307 6.7488484478982995 6.758693550320101 6.753850790808337
7.307924515682609 7.2191105738504975 7.114908000627426 7.017149878486811 6.939386088925288 6.884400212476967 6.845338590224714 6.8099618627918534 6.766707481690803 6.710574907771963 6.6465882812830195 6.589306617252054 6.558481426725492 6.5725565140305475 6.642287895203909 6.766322290922057 6.9298528475900625 7.106881876037605 7.265894943715459 7.377689192099061 7.4230324047648555 7.397402304438877 7.310941862607305 7.183882448067513 7.0397281053996865 6.8990952384711965 6.776115421813965 6.6777085735614525 6.604886530539508 6.554925066291848 6.523487963184794 6.506205603583748 6.499565723769186 6.501192784247575 6.509686809642642 6.524206009043302 6.543957250307039 6.567736106895817 6.593639733195479 6.619046488207797 6.640897506105572 6.65622558984606 6.662782750267176 6.65956510963576
7.2984826763184785 7.219830039003777 7.117571057642677 7.013479863658037 6.9231395635154085 6.853358110489813 6.802717347731109 6.764606073933312 6.731513359572358 6.699139821771816 6.668938337654757 6.648169268223057 6.6474434297061995 6.676668624766485 6.740836860405827 6.837012383758806 6.953449377837703 7.071314165259388 7.16894170029345 7.227588339904918 7.236606610437524 7.195939125786604 7.115110159445315 7.009521788704928 6.895809188677861 6.78797292885452 6.69526491044308 6.621896093505403 6.568017636512213 6.531248458280146 6.508158032877681 6.495367629979866 6.49016802152037 6.490706775818514 6.495868376687515 6.504980288236392 6.517461030792384 6.5325063808494885 6.548893061829555 6.564957285071939 6.578767100825219 6.588451918874913 6.592595402812601 6.590565399568731
