_RESULTS/REVERSE_NEW/MHZ/GZ/7comp/MHZ_GZ_z_0_kriged_reverse_7comp.asc
ncols 100
nrows 74
xllcorner 5.5967023331506844
yllcorner 50.982320383150686
cellsize 0.00019249369863007826
nodata_value 1.7014100000000001E+038
[rows 38 to 56 of 74, columns 44 to 87 of 100]
37.931448491499495 38.081650341920174 37.98291413834964 37.74510305958674 37.40553930941367 36.981224850272504 36.51029615624805 36.052445452581075 35.66368483594421 35.370965532460744 35.16470891692735 35.013368160266424 34.89207358457501 34.81152454699555 34.83314759250951 35.059237709248364 35.59248588314069 36.472100225119966 37.614330850844865 38.80436185166866 39.7788176980971 40.371547074161036 40.6069037617629 40.64350380898116 40.61796416925299 40.53842129035616 40.31795613626023 39.90021011206541 39.35377692707572 38.85729921935021 38.600654488662876 38.68042496358349 39.04589297256999 39.51443610789622 39.855320249785535 39.91416160934595 39.70754462250098 39.41282687593426 39.25270336849477 39.3587378004731 39.70245377868307 40.124421172573506 40.432744459413534 40.50501796061455
37.416293198552125 37.97890273322453 38.03705750068122 37.873418795719886 37.53586460813831 37.03464556955309 36.42038950534548 35.78613177641882 35.23113449003101 34.81997975690462 34.563336882567064 34.429151841231246 34.37555057943951 34.38766605296789 34.50046163417737 34.79475686766121 35.36142216819181 36.241178348560446 37.36616506246154 38.5468373402504 39.541181597084716 40.18438266018776 40.47729844657448 40.54443669225254 40.500118680227175 40.3549652696099 40.04507634560502 39.54183814489013 38.93158597617461 38.396676020845966 38.12343621753742 38.20854929276214 38.613223391755334 39.17815188288492 39.6934201114107 39.99918936200705 40.06527500710912 39.99411982972266 39.94143812145425 40.01230122904877 40.20270375372855 40.41576886290926 40.5310092831071 40.47523755984311
37.57603622797186 38.250482145287165 38.43150709988093 38.36730614246635 38.05829669037066 37.490645792837384 36.71771456032348 35.866038515540524 35.08951838578001 34.5077230873275 34.16778713959128 34.047002952571965 34.08784311984614 34.2435220448653 34.51075644887435 34.93367417514829 35.57425725794467 36.4584566403325 37.523830599610825 38.6081349983462 39.508915620738584 40.09133588367791 40.35763169526899 40.40759809477392 40.32723545005041 40.117542384304436 39.72858662584032 39.155906646846944 38.501891943586415 37.9485251253415 37.671005219521156 37.7573062878402 38.17405920553616 38.7841664535759 39.404895200665834 39.884926004606456 40.16493912163126 40.285965605356004 40.340356569787545 40.401462418343016 40.48022482968618 40.53155647239401 40.4964868147798 40.344958810044815
38.23826227885023 38.80028623775111 39.088713496901995 39.145458209873055 38.903951325619865 38.3099637537538 37.39882097991964 36.31908336164725 35.28363277223059 34.48335243222749 34.02085623348417 33.8957291218065 34.03769936988777 34.36189105170346 34.81521941088753 35.392056238049754 36.11368464879997 36.983103449546725 37.94148145916251 38.860328519076084 39.590062463295816 40.040633990902776 40.225505137462264 40.22181306897321 40.084509661191596 39.802938098496575 39.342082132384746 38.722880892545255 38.06089672588621 37.528904991774006 37.278461408099844 37.3768936846437 37.78806950593966 38.39392802674488 39.041925464121256 39.60057816806978 40.00114041756021 40.24558151459105 40.378680222816094 40.44544016238872 40.46287005160043 40.4207188719392 40.303007606974155 40.10957291073109
38.9595802503151 39.483798105523945 39.86163462246492 40.03220935752869 39.88854135241343 39.32614740210564 38.33603874099903 37.06320073341661 35.768163804263295 34.72291771640567 34.106076791950215 33.954725670200666 34.18962557422151 34.68216213762521 35.31953690243215 36.0376547908233 36.813126008802314 37.62782853706865 38.43319023299784 39.14268850305845 39.66480105283037 39.95400546658577 40.03134994372422 39.94902010285611 39.733773652524754 39.37120950257078 38.849589148381156 38.217880280715946 37.598491443549584 37.1419227548675 36.96206817153158 37.09542736862029 37.497636089165454 38.067270616642894 38.68240089212745 39.237609860492704 39.66968644511438 39.96276794218072 40.13322470932899 40.20624453291576 40.199591126910924 40.12204651376711 39.98196918483002 39.79529121118889
39.61771439191251 40.15749281355177 40.57204164263098 40.811954838094216 40.77015678822073 40.294027339140094 39.30884603366212 37.92166526589169 36.40995534811665 35.126989833537344 34.34688936582651 34.15814823344046 34.474976796146294 35.11997319325057 35.91417981131278 36.733122170364304 37.5141240862266 38.22863929168048 38.84889023770202 39.3343775595218 39.64597096073478 39.77078807964814 39.728095139292435 39.54561277553476 39.23280364736607 38.78637346403943 38.227434887813224 37.631151398903576 37.114593753297044 36.79074262986886 36.725028047732486 36.91896471571256 37.3194250495561 37.84088262543148 38.39058827494573 38.89055432027693 39.2912903206054 39.573947574616035 39.742274385038414 39.81081784970359 39.79656788031136 39.71688318008894 39.591049299721384 39.44083824131048
40.17652876601859 40.70846755673156 41.085335752665856 41.32183329104937 41.35711361843728 41.00491457930653 40.105584015064245 38.69300702843476 37.030124007258316 35.54897972889526 34.62952046011372 34.415782019582295 34.81305912118924 35.590800178618 36.50275882837807 37.370648376843306 38.10641931778708 38.686051156020916 39.11025371635514 39.3800902607192 39.494399658394755 39.457681183937744 39.28186647695572 38.97874302335334 38.557926731636186 38.04235318855106 37.48891637323664 36.98786930775139 36.63353915540909 36.48867102445795 36.56732139717063 36.83973770582708 37.24797364048101 37.722652444128364 38.19734459239908 38.61929991566686 38.9551382851079 39.1908447426847 39.32755075982758 39.37624644781283 39.354004822936126 39.28193031446537 39.18317151420425 39.079698083554575
40.57262448225764 41.08387811378637 41.37057367083343 41.53290726347289 41.59646089008427 41.37183598737668 40.60141648150285 39.21653503506665 37.46012820902786 35.843704303953324 34.8427168631652 34.6440940716294 35.13539946084314 36.029944344981985 37.01973313443779 37.88762924107766 38.53920233484021 38.968084633638114 39.20359672503487 39.276193894422086 39.20628336994574 39.005886694220074 38.683359730259816 38.25028807058997 37.73392879245662 37.19035932041625 36.70283960333908 36.356856400601686 36.20723364705139 36.262391268820295 36.49211094085762 36.84538876639467 37.265459994981356 37.69910164334773 38.10219947516394 38.442903135509155 38.70248929270662 38.87425736547759 38.96156313228876 38.9761522718855 38.936875672103646 38.86758488836001 38.79305293054276 38.733526650385656
40.77221285540978 41.283844446556586 41.483205265023955 41.54450587821508 41.58342462998592 41.43491392771676 40.762635148265105 39.40101536230763 37.591807355421196 35.91817251863162 34.91844616272076 34.795075967476855 35.404280949902244 36.40309330260851 37.43449940999782 38.26373864103095 38.809124336201556 39.08864353099162 39.152689517865625 39.04658147855879 38.80124453966617 38.43613466933078 37.96763222129239 37.423171224887305 36.8562117245465 36.3485458892377 35.98899463868279 35.837505291631174 35.90198329567235 36.144459422036725 36.50523895669592 36.9242043853183 37.35095332972901 37.747227851398286 38.08645082878607 38.35240115289107 38.537591959074916 38.64193671541017 38.67236054521724 38.64331633034453 38.576883575683965 38.50038761467767 38.44057782604632 38.4162345630062
40.79247064263489 41.337016297693786 41.49899547535843 41.486368532667974 41.466845547087125 41.30170238197354 40.626675048234546 39.239431069635614 37.407923449989525 35.761601581029254 34.8547581363896 34.87018924254987 35.61855158549325 36.705657832128715 37.74503820593848 38.50800518716451 38.94000040511444 39.08219394334636 38.99475156564588 38.7273264345942 38.31940091646153 37.80551727219434 37.22229491215582 36.62046618565963 36.07358676381316 35.6690016591279 35.47789900920353 35.52334147993028 35.77268427628337 36.15879079094806 36.60942146797486 37.06544534066333 37.48549719630197 37.84379082994141 38.12630276820392 38.32722735209013 38.446389500634474 38.48823629112939 38.462711727226456 38.38725752347542 38.287775661338706 38.195844828034346 38.14117237069469 38.14207906378611
40.68371497092722 41.27456734686164 41.45638806083368 41.41891621580194 41.324443485487905 41.0459216359372 40.25158085362113 38.7887509403141 36.973333451176195 35.441423600114234 34.711741512373536 34.91408748307861 35.805442837287124 36.95351252589932 37.96717315094507 38.6451195679743 38.96603474281717 38.98680988142326 38.76757759279865 38.359694774033265 37.81682626344832 37.19706258036465 36.56166723306037 35.978955795622156 35.52494025023849 35.26982203851636 35.25244896998069 35.461107519705806 35.83858854239942 36.307830563326405 36.79793979849503 37.2570200194217 37.653061960250675 37.96963479857989 38.20076161061883 38.34663521347485 38.410950010466564 38.40046388117451 38.32687553136728 38.20986713969171 38.07865015574972 37.96881154958026 37.91322862575163 37.93047767510117
40.4988161180942 41.11343468459137 41.339247700757134 41.30588744060498 41.12251569291204 40.66388260855558 39.68167144366943 38.14095091664705 36.40782565398164 35.07690283555067 34.58645320868952 34.99278386077479 36.00349970267083 37.17052920609218 38.12454256878618 38.705554603907736 38.922146746997456 38.836672798445534 38.50483026802705 37.98472710957494 37.35200379064251 36.69024593421722 36.0782563596152 35.58680427454343 35.275577236362324 35.18339958493168 35.314741548192174 35.63397352187801 36.07624265150996 36.5693355153145 37.052363904411855 37.48358693426997 37.839486434936696 38.11014186473826 38.294141201217045 38.394477372635144 38.416267351228505 38.36689687814111 38.2585720594613 38.11196261785428 37.95805764701189 37.8347726590323 37.776896847328075 37.80311807522496
40.271098903200595 40.85700562008335 41.104558007346604 41.06656925834517 40.78209080043509 40.136478452829834 38.9901239529134 37.435773539280795 35.869563564545324 34.806933450100665 34.579478511623385 35.16697893898659 36.24497950075526 37.37812023447763 38.24133677063923 38.71918363444848 38.839260186986365 38.660317398536954 38.235510881342655 37.63845562641514 36.97079587691964 36.33433929334642 35.810448507348625 35.456472070490875 35.30469856366453 35.36036167675803 35.60060935754778 35.9781576616206 36.43235234352714 36.90384838605519 37.34562693342332 37.72690310115462 38.03154603115041 38.25408042491461 38.3953995563297 38.45937384095133 38.451169360628604 38.37785276922165 38.251229408318025 38.09159523969003 37.92956720461127 37.80260502019443 37.74486840785809 37.77417323812837
40.01321325808993 40.511838246685535 40.73189370976472 40.65929868735635 40.27776737237902 39.50268588705391 38.297372679568134 36.8388607697124 35.51578261034411 34.74845671640014 34.76080533477648 35.46936740760409 36.543520515039184 37.58857398052049 38.33674115316936 38.710016351945 38.7414092847169 38.48130997583111 37.98620852911683 37.3516697941469 36.70204470170724 36.14425498883006 35.74723288222485 35.54502667912578 35.54092435736983 35.71276437499719 36.0205973681301 36.41491321793536 36.845109058804596 37.26714922672223 37.64832177392862 37.968248450337796 38.21710543334 38.39256040759175 38.49659846777827 38.53306820448896 38.5066426471788 38.42370715500611 38.2951094901692 38.139559102043194 37.985117832601006 37.865810770253965 37.8123289388766 37.840349242840155
39.73029153232937 40.10378719306766 40.25431624812984 40.12696764851387 39.67947522587329 38.867332022564824 37.728379056924226 36.47095211345678 35.438007776185366 34.95091564849793 35.14265169046467 35.89147204584835 36.88889668209352 37.801437381245634 38.420118870043424 38.691648790171094 38.64389788039186 38.31952321894283 37.78388892423422 37.15305561134907 36.563234952666555 36.113970977574674 35.85356477734236 35.7907987714141 35.904680510650024 36.15489327740533 36.49378052913737 36.875487626576344 37.261103292325735 37.62093662825991 37.93489340116597 38.191505174992855 38.386114300470666 38.5187015170192 38.59179953343691 38.60895851726651 38.57427506447747 38.493387609398816 38.37585742553491 38.237901218370226 38.10337252478575 38.00067250785112 37.95500872996101 37.979031385408845
39.431587606325344 39.677277577619854 39.74704356260369 39.57285591471923 39.11150843246672 38.353793163093556 37.37687330465872 36.380718606557636 35.64041530723838 35.38420470360754 35.67748383708372 36.387644285914085 37.25112427065479 38.00426243580919 38.489506452676224 38.66637124854659 38.55368923041443 38.190653657990644 37.652576372092426 37.06530658170859 36.561993423750714 36.22748947738593 36.089802458394345 36.1367955948959 36.33065870702604 36.62177106357142 36.96179612667281 37.31155846026532 37.64311574622684 37.93850063468097 38.187480841127694 38.38544901952592 38.531668902866905 38.62780018568734 38.6766825523545 38.681548293064175 38.64597777481654 38.57486470912265 38.47628818909731 38.3634744256819 38.25528287046829 38.17361128586247 38.13751760255551 38.15641357546565
39.13274972038443 39.279503995611016 39.28896118508298 39.09923699371997 38.678744187474294 38.04114608950525 37.273634368831395 36.544626201454214 36.057470608515644 35.96270353525913 36.28226739373431 36.89456816892828 37.59223786362973 38.17823674767825 38.53538116446405 38.629203798808255 38.471555342548605 38.10220716484577 37.60178720072249 37.09117744053124 36.6874010854891 36.45819761640867 36.41634647242718 36.53630805260428 36.7716164557005 37.07068035567318 37.3890971670887 37.69537951488645 37.97068904722442 38.205652388005554 38.396910109134524 38.54455245525262 38.65050137190742 38.717516577550825 38.74857724899769 38.746613565428326 38.714730637569076 38.65705976913058 38.58011736496742 38.49407386099658 38.412879265451245 38.35226021430893 38.32561501612847 38.339463658392674
38.851656338498636 38.944127070440175 38.93011883998729 38.76218578698098 38.42233671848202 37.93466705660488 37.37820356055818 36.88153199923375 36.58485611312531 36.58110873972172 36.86962614363766 37.35239969854984 37.877738879385596 38.304673132281096 38.54643914828249 38.57316461611485 38.39399997579396 38.05010669456965 37.61969521168276 37.20714183312177 36.90613335311662 36.76702295649933 36.79233536139555 36.95072711218401 37.194701702779426 37.47637212761612 37.75796466931152 38.01545523619368 38.23691525141525 38.418652657198145 38.561526338661054 38.668398387220364 38.74270179484473 38.78775308973076 38.80649329628491 38.8015274961038 38.77548022228057 38.731698757610054 38.67518232613429 38.613331791278476 38.55587647159625 38.51344285549791 38.494887127339744 38.50446018796172
38.60397456589822 38.685447231387236 38.683415921494266 38.56506524463993 38.32288268313296 37.98270624031848 37.60761227974649 37.28856953612344 37.11688224250873 37.147229504254476 37.37109336607879 37.7175536146624 38.08250487431628 38.36872026335767 38.513102687998895 38.49180433097924 38.31439726731117 38.021095475416836 37.68055940534416 37.37508340401618 37.17334444183524 37.10899794077068 37.17770094755489 37.3481453879909 37.577654325745584 37.82585175761995 38.062834353185835 38.271224323475955 38.44402007107386 38.58091143048279 38.684942368570354 38.76025283209521 38.81086250942713 38.84017757378497 38.85092282477717 38.84533076413818 38.825529734702464 38.79409925709577 38.754682491531725 38.71239945443037 38.6737021786477 38.64541675457135 38.63310870769499 38.63941492368863
