_RESULTS/REVERSE_NEW/Berg/TZ/3comp/Berg_TZ_z_1000_kriged_reverse_3comp.asc
ncols 100
nrows 90
xllcorner 5.6208707817415728
yllcorner 50.959635321741573
cellsize 0.00013419651685393446
nodata_value 1.7014100000000001E+038
[rows 0 to 18 of 90, columns 0 to 43 of 100]
41.45602193170056 41.45602184971988 41.45602172143692 41.45602153369104 41.45602127198127 41.45602091932431 41.456020452678324 41.45601983478004 41.456018998112384 41.45601781624493 41.45601605601035 41.456013302095165 41.456008844079975 41.45600151557339 41.45598947702272 41.45596993950127 41.45593883762728 41.45589047646735 41.455817199173396 41.45570914668946 41.455554203865304 41.45533824255733 41.455045777049634 41.45466113643956 41.454170226700896 41.45356288765339 41.45283571684287 41.451994990326774 41.451058935779415 41.450058176918944 41.44903293122585 41.44802597190125 41.44707189343795 41.446185682684124 41.44535569007579 41.444545710819206 41.44370682840698 41.4427936025104 41.44177530492126 41.44063467083645 41.439353410330476 41.437891004838306 41.436166142261584 41.4340468584678
41.45602201251519 41.45602188104759 41.45602166375367 41.45602133551079 41.45602086954743 41.4560202365009 41.456019399872304 41.456018304516256 41.45601685309456 41.456014863233584 41.45601199553129 41.45600763986083 41.4560007453039 41.45598957872137 41.45597140019669 41.45594205247662 41.4558954779967 41.455823201922 41.455713851548076 41.455552817387186 41.45532219317994 41.45500115476743 41.454566947928384 41.45399665345057 41.45326988315085 41.45237251695447 41.45130146564955 41.450070135359674 41.44871365894318 41.44729202467153 41.44588826135485 41.44459862585392 41.44351344349089 41.44269152453942 41.442136613775375 41.44178728514598 41.44152795979349 41.441218451402854 41.44072903099092 41.439965455246586 41.43887568701404 41.43744100930507 41.43566028067315 41.43353324997507
41.45602228781413 41.456022096514886 41.45602175028425 41.45602120161666 41.45602040111109 41.456019297596924 41.456017833098265 41.45601592745475 41.45601344488033 41.45601013156637 41.45600550974193 41.45599870983413 41.45598821951354 41.45597152818102 41.455944650331865 41.45590152410198 41.455833304576636 41.45572760569635 41.455567787154386 41.4553324271662 41.45499516005427 41.45452508350572 41.45388795705079 41.453048435209205 41.45197362388643 41.4506383126799 41.44903224762713 41.44716958306245 41.44509988135389 41.44291840720935 41.44077102852927 41.43884675730438 41.437351154621794 41.436459369250116 41.4362590611427 41.43670557786768 41.437614039670414 41.438698538939576 41.439644239985775 41.44018166631277 41.4401360838697 41.439442902600405 41.438135864339806 41.43631762811328
41.456023039872264 41.45602280428269 41.45602229660685 41.45602142798133 41.45602010744828 41.456018245013645 41.45601574758576 41.45601249989442 41.456008318794346 41.456002864856785 41.45599549003785 41.455984995091974 41.45596926661752 41.45594476349031 41.45590582922496 41.45584382412366 41.45574610151606 41.45559489546728 41.45536623758374 41.455029067595426 41.45454473494988 41.45386710361107 41.45294348652916 41.451716694068814 41.450128644691866 41.448126300210184 41.44567110435162 41.44275337836336 41.43941270994265 41.43576337881279 41.43201938131735 41.42850673860719 41.425644468662 41.4238770157816 41.42355830618306 41.424820173721606 41.427486094307966 41.431085149049146 41.4349721347796 41.438500503794614 41.44117255201299 41.44271815576994 41.443097737184246 41.4424509144954
41.456024868605695 41.456024679852064 41.4560240267788 41.4560227451661 41.45602066828381 41.456017636551024 41.45601349781844 41.456008086334805 41.4560011631584 41.45599229455148 41.4559806380264 41.45596459899758 41.45594131614356 41.455905933506244 41.455850626025956 41.455763366656996 41.45562645932648 41.45541490950437 41.45509475212525 41.45462148748954 41.453938773174606 41.45297748477275 41.45165522944408 41.44987646643445 41.44753370013685 41.44451092090134 41.44069167412522 41.435975743626955 41.43030989586784 41.42373798813806 41.416471089607185 41.40896513155079 41.4019705535652 41.39649481623745 41.39362140001695 41.394189073846846 41.39844421829643 41.40585563570613 41.41522703541038 41.425066290968275 41.43401685719603 41.44115408124109 41.44607038329674 41.44879239471334
41.456028981875775 41.45602911215035 41.456028473509605 41.456026766510064 41.456023687640744 41.456018952383694 41.45601230665755 41.456003508713415 41.45599225605747 41.455978023579625 41.45595977017121 41.45593546269322 41.4559013602206 41.455851001392645 41.455773847768306 41.45565355992479 41.45546592010808 41.45517645632154 41.454737846597496 41.45408715795508 41.45314287445407 41.45180149292714 41.44993327228648 41.44737665457078 41.44393116551335 41.439349573306444 41.43333218070543 41.42552997642008 41.41556969997219 41.40312257724968 41.388045678555685 41.370617635126756 41.35184485470225 41.333712578623896 41.31913541981281 41.31136202410822 41.31286183693009 41.32418873268611 41.34354872426013 41.36742440449226 41.391875298596844 41.41373534221478 41.43117782965105 41.44364144912634
41.456037698774985 41.45603880823441 41.456038684124444 41.45603678829886 41.4560325734542 41.45602553162535 41.45601522955388 41.45600130409877 41.455983380379344 41.45596086429951 41.45593255007179 41.45589597342204 41.455846434424686 41.45577561377862 41.45566971666158 41.455507100691975 41.455255372998444 41.45486795553477 41.454280077882544 41.45340400714009 41.452123010439465 41.45028304365875 41.447680508598886 41.44404373397758 41.43900529868485 41.43206224134778 41.422522350038825 41.40943924058756 41.39155202913453 41.36727663587176 41.334854574228785 41.29283936517361 41.24111123796751 41.18238275677755 41.12354953010127 41.07553194926103 41.05039729203489 41.05633110553445 41.09338345313415 41.153157322031326 41.222752078737706 41.29006262563296 41.34718979848711 41.39094750597961
41.45605528265827 41.45605880017855 41.45606040459129 41.45605914367838 41.456054042121075 41.456044195943534 41.45602885442406 41.45600744939819 41.45597951733221 41.45594444539707 41.455900959834864 41.455846264232974 41.45577472870017 41.4556760309993 41.45553265943412 41.455316701703815 41.45498584793699 41.45447849010607 41.45370763296242 41.45255294277737 41.450849534478195 41.44837092485144 41.44480184342148 41.43969408591164 41.432394847708984 41.42193115485867 41.40682549772125 41.38480894426749 41.35240220590279 41.304392749000776 41.233431625693164 41.13040692642793 40.986842534249035 40.80063236972962 40.58450255161124 40.37211454314255 40.213370437968855 40.15531247989087 40.21807431065849 40.3834821963782 40.6054226394886 40.83329528566294 41.03135591408849 41.1843824016108
41.456089256750076 41.45609804257961 41.4561039684614 41.45610537702831 41.45610055431309 41.45608790397849 41.45606611416849 41.45603425714576 41.45599174176374 41.45593802115795 41.4558719440056 41.455790628064236 41.45568773022018 41.4555509885124 41.45535891644404 41.4550765269602 41.454649920019534 41.453999413848294 41.45301051465862 41.45152122453739 41.44930274433654 41.44602820426833 41.441220059550446 41.43415993347656 41.42373209178072 41.40814756359919 41.38445051925691 41.347631968993554 41.289079051923444 41.19407200313747 41.038452115434346 40.78617763555095 40.39297194752724 39.824810584951194 39.09529892528102 38.30386240314675 37.632699115962126 37.27838246988161 37.35419913988162 37.831414880550504 38.55797310083405 39.339125032448386 40.02409547863331 40.545328304620405
41.45615238283865 41.45617182371324 41.456187159931666 41.45619555634978 41.45619404825029 41.45617984955396 41.456150667466964 41.45610493423662 41.45604183885768 41.45596102008441 41.4558617687 41.455741581770866 41.45559391320365 41.45540496984291 41.45514940127003 41.45478469958595 41.454244005164675 41.453426691551215 41.45218538167648 41.4503066255294 41.44747988393157 41.44324491454267 41.43689946629851 41.42733341627839 41.412722852919046 41.389947505954105 41.35344582658069 41.29292456270968 41.18883016425062 41.00392571157437 40.66983195891575 40.07263904771779 39.05761626584574 37.49420090345541 35.41987931421164 33.16170898478857 31.259765792517225 30.214585923368258 30.2845714776303 31.428836068542882 33.332211430188686 35.50392056058799 37.473726524078444 38.97835094291259
41.45626548526545 41.45630521571312 41.456339323534245 41.456363045981675 41.456371343613355 41.45635942689256 41.456323318209115 41.45626031606689 41.45616918956269 41.45604990580824 41.45590268324845 41.45572616878708 41.45551455118721 41.455253437147505 41.454914309128796 41.454447311178114 41.453771878886265 41.4527641685052 41.451239049720826 41.448922120439626 41.44540295390479 41.440052972221416 41.431876218290064 41.41922962727977 41.39927827884969 41.3668856629462 41.31225552699192 41.21579423366111 41.03700553048839 40.69194473453289 40.01460593847348 38.717066075406336 36.428484774364954 32.95628125123725 28.69200079915467 24.600707509723733 21.61115894772426 20.183230069540144 20.411773592490086 22.230283039624386 25.397271056333047 29.346874117659677 33.23907932789697 36.36604952221072
41.456461252205386 41.4565377265746 41.456606917042706 41.45666097247376 41.456691487032224 41.45669037311996 41.456650823660425 41.456568165429914 41.45644035134757 41.456267810207606 41.45605237126213 41.45579500529904 41.45549216260408 41.45513052102211 41.45467994736266 41.45408435236399 41.453249748300316 41.45202795176366 41.45019258478014 41.44740058622019 41.443126007962604 41.43654055619494 41.4262901342479 41.4100604962225 41.383691342742615 41.339268521043536 41.26081286369399 41.11427683758969 40.824629243225374 40.227535873752295 38.98947617733394 36.561056882189746 32.41922269298033 26.793944950200128 21.019955172630937 16.519019174112373 13.832556024488074 12.87473523163094 13.495888295948543 15.692760276310802 19.470785347956994 24.47047901397367 29.734664324669186 34.157279462991816
41.456789011392765 41.456929147661285 41.45706049727589 41.45717036990185 41.45724502443935 41.45727107705484 41.45723709118088 41.45713505582146 41.45696138354754 41.456717026523584 41.45640632373769 41.45603424948587 41.45560181306097 41.455099427797606 41.454498065477715 41.45373783675361 41.4527131041931 41.45125201211619 41.44908583499103 41.445798792897115 41.44073998019557 41.432861318752444 41.42040763971125 41.4002970907486 41.36681211347132 41.308664052337406 41.20207744271486 40.994134256789835 40.56374656576827 39.640914308201744 37.69463941018189 33.98210353819412 28.22231029000699 21.562125632391822 15.916081521200626 12.253901958251417 10.483109663717947 10.280947436451113 11.540046506037505 14.38070477900945 18.867812900312977 24.512475129530948 30.119742618237762 34.543586987532784
41.45732022405023 41.45756627073791 41.45780273486139 41.458009518492304 41.458164633852064 41.45824641729542 41.458236074287555 41.458120123879496 41.45789220752455 41.45755369144447 41.457112532581085 41.45657998583347 41.45596487498746 41.45526527826592 41.454457505674455 41.45348202790394 41.45222531550877 41.45049495089364 41.44798217465973 41.44419993803059 41.43837294109564 41.42923290859271 41.41462163074851 41.390683491476075 41.35012377919265 41.278218166145095 41.14324495071403 40.873299197974454 40.30302191634791 39.0725749955802 36.5345416857331 32.001014874029735 25.71398423990358 19.373477753131517 14.669281857272761 12.05657189235217 11.296764423844099 12.201569932794078 14.82185204761619 19.193670375558586 24.796893273018448 30.366616773927767 34.71115378575906 37.52498016999424
41.45815404496444 41.45856964592598 41.45897643058321 41.459343236421304 41.45963566467036 41.45981947792106 41.45986455376497 41.45974876739078 41.45946103590411 41.45900272178893 41.45838667284109 41.45763335648371 41.45676378539735 41.45578915417727 41.45469719494219 41.45343502840759 41.451887440837375 41.44984757476365 41.446973169599296 41.442714248862586 41.436184454512 41.42592074928492 41.40941588716734 41.382163932056415 41.33559621508259 41.252361253413305 41.09514489429715 40.78043828912386 40.122504310780975 38.744645033411864 36.05940449860649 31.649540622536733 26.10151881175472 21.013250263574932 17.681913466111745 16.49623410987693 17.44152774233981 20.451901133774804 25.143915886642827 30.396129288849206 34.79699284284136 37.70405771128081 39.3550377983118 40.2336845671269
41.459421762374085 41.460098867827625 41.46077064939811 41.46138983848951 41.46190388608832 41.4622600552789 41.462411385722255 41.46232263160016 41.46197509427252 41.46136924381717 41.46052415845578 41.459473086490526 41.45825479875639 41.45690075649811 41.455418317825625 41.453770012065796 41.45184797529712 41.44944042996644 41.446182753329815 41.44147769245172 41.43435449267764 41.42320758550515 41.40529268644174 41.375711402494915 41.32525841681231 41.23564814181628 41.06875913738656 40.7434296805902 40.09299162535643 38.82025803187202 36.55721199984515 33.21877035399628 29.473055791279513 26.54903305346114 25.438347019055175 26.503390542768223 29.457149207021427 33.28821588636151 36.66121161710692 38.872822361169376 40.06988494652614 40.669459110861865 40.97447571421575 41.14005449477677
41.461288313125024 41.46235407599137 41.463422071265065 41.4644222144691 41.46527622569941 41.4659050890571 41.466237785315194 41.46622003168301 41.46582155455247 41.465040423924485 41.46390318577315 41.46245991033511 41.46077377700717 41.45890534206507 41.456892005095334 41.454723116442814 41.45231023900125 41.449449727866664 41.4457702034127 41.44064930199261 41.43306953921484 41.421355767965565 41.402680551982584 41.37209983414567 41.320602886083705 41.23107469503456 41.070089545257524 40.77297883132934 40.22474189275964 39.263531938182105 37.77822676680098 35.93886653331164 34.34451075884547 33.750312876798986 34.51929103248706 36.28890319679049 38.18961312088539 39.55518375309917 40.31315958502278 40.69374116972908 40.89665796728894 41.02256314270536 41.11293329090165 41.184340772568575
41.46394849375123 41.465570594975276 41.467207665843084 41.46875821270973 41.47010870380029 41.47114425647504 41.47176102495032 41.47187853541843 41.47145003610692 41.470469019243126 41.46897037141735 41.467025070482805 41.46472795046654 41.46217875015472 41.45945727158135 41.45659365058587 41.45353397734698 41.45009919346146 41.445930617434676 41.44040759992332 41.432509792030984 41.42057407523877 41.401854508969585 41.371712043735954 41.32210715404049 41.238843061686566 41.09697921390913 40.85531122621827 40.45726403899238 39.859270110190764 39.109220037242295 38.430728632844044 38.15981640505058 38.471511592757714 39.16640715929688 39.8465494364516 40.290708896847356 40.53078674496081 40.669115223602425 40.767594670020905 40.84943821340819 40.92265750620775 40.991326554402974 41.057906464444535
41.46761516759705 41.47000318331258 41.472424148023066 41.474734601796875 41.476774528759606 41.47838236151901 41.479411960324455 41.47974917478258 41.47932560875237 41.47812753022176 41.476198284045054 41.473632985222544 41.47056479204244 41.467142818873945 41.463502666905974 41.45973119187267 41.455826796417334 41.45165450649602 41.44689077045949 41.44094579540565 41.43284058517408 41.42100015529865 41.40290079394097 41.37447531167734 41.32914933743051 41.25644742980485 41.14062766692451 40.961647184951374 40.70457509997875 40.384900023701825 40.07977630195263 39.91461671976029 39.963822459776715 40.1578217388518 40.3503524452855 40.46841327817001 40.532950447986494 40.5814742239899 40.62993802490132 40.680313355821404 40.73238791143569 40.78755652002467 40.84796453612615 40.91459932680363
