_RESULTS/REVERSE_NEW/Berg/TZ/3comp/Berg_TZ_z_180_kriged_reverse_3comp_test2.asc
ncols 100
nrows 90
xllcorner 5.6208707817415728
yllcorner 50.959635321741573
cellsize 0.00013419651685393446
nodata_value 1.7014100000000001E+038
[rows 38 to 56 of 90, columns 0 to 43 of 100]
52.69701480083202 52.206880904625145 51.62619502916219 50.937908324015794 50.14959672106547 49.31613211066818 48.54934685892127 47.995689379708736 47.78216872368112 47.95902073927116 48.47531110532706 49.20251860770181 49.98939665569909 50.713461666146856 51.303774626685005 51.735190797346895 52.01051950259609 52.14494217957939 52.157591124011745 52.06906330812669 51.9022334567504 51.684267610249236 51.44817670690789 51.232207666255704 51.0755876581907 51.010599137914156 51.053593234434366 51.19942562781643 51.422603634067485 51.68443827824098 51.94210235831909 52.15562773698126 52.291841950905706 52.32734089544849 52.254388238209884 52.09397519872358 51.91734485396903 51.86624957648427 52.141985531482796 52.922862764258625 54.21510086344965 55.76634816031197 57.22120933005698 58.40481133127351
51.89568451569083 51.33886775796851 50.70444776867375 49.9845485517366 49.19935014947999 48.41568299421006 47.74907583221043 47.33541147470707 47.278473127454035 47.60175153184497 48.234545125801866 49.04115788594564 49.87434138489213 50.62073238256044 51.217676240767986 51.64471287945005 51.90590090665498 52.01549901536985 51.990646981619705 51.849588221520094 51.613140326022666 51.30779427675222 50.96903163292021 50.64266925998682 50.38117535591877 50.23306276726365 50.22797362808392 50.36518828420422 50.613140240562814 50.92037627834355 51.2307911129265 51.49527225272185 51.67743138922221 51.75668434618704 51.73400229084222 51.64436397439225 51.574379909639845 51.670752440592224 52.10967135956681 53.00419309313945 54.289320104939144 55.71408167005597 57.019964799417956 58.123255489406326
50.8889025520368 50.24903318091526 49.55274888424333 48.80467211189684 48.03968545604052 47.33576245987911 46.807829286592195 46.57492147226786 46.711845959020124 47.21183773611318 47.98348943669657 48.88495632996431 49.77494644987099 50.55117821891654 51.16079836270116 51.58907075897808 51.84195487931269 51.93308401949942 51.87748451783884 51.69036437177975 51.3891120235217 50.997609566331406 50.55205843515548 50.10570275915096 49.72694599441374 49.48549947887867 49.42872495098229 49.56123672572358 49.842388662987894 50.20341304776067 50.571522974882164 50.88712274647246 51.11052035868931 51.22369855511163 51.23461518273579 51.18814324519322 51.180209319565265 51.358403418916744 51.88068975580262 52.82148247136228 54.08343827255955 55.432271633600436 56.67013242797917 57.754877788236826
49.650714276763495 48.911979816696196 48.150543379898856 47.38682607794384 46.67089247586371 46.088171477947824 45.74589178608127 45.73856689443844 46.10657466878662 46.810749953296984 47.73967338906952 48.74767727150328 49.70206525731333 50.513733464687704 51.14102739235374 51.57586836278799 51.82681063206505 51.907391230821034 51.830838395635205 51.60929384942261 51.256188056200536 50.79178055102061 50.25195620525368 49.697212283248824 49.212987524377084 48.89134045969665 48.796319402445846 48.934084533271815 49.25071684867455 49.65853065594093 50.06970079421674 50.41721066895518 50.66030686376346 50.78374309456268 50.80034091565489 50.760734006706755 50.76569377978151 50.96355502024679 51.505344042748824 52.45142912137083 53.694930561221796 55.01324101868348 56.23581146590683 57.335719499172896
48.17317793388852 47.3255698358743 46.50661631885961 45.75458054081544 45.13207682427819 44.72449717465171 44.62155219533004 44.88489221099653 45.516110003145734 46.44352208075682 47.53859568270762 48.65593760136493 49.67505349150204 50.52232339257905 51.16848716992851 51.61278983129842 51.86694860918213 51.94505714451792 51.85933000870434 51.61975566615607 51.23681282329261 50.72814307953243 50.1300368383542 49.50985796214696 48.96689936843055 48.60799370655243 48.50306935276404 48.65097997619792 48.9833006365831 49.40054480459539 49.81046032773786 50.147008455610745 50.37208832442668 50.472842340918554 50.463919088642285 50.39712900287999 50.37340071769448 50.540575966741685 51.05070684898367 51.96880102021873 53.19477840551464 54.51146608191896 55.750419012000684 56.88296733900228
46.484491702951125 45.53117853817164 44.679404186536445 43.984194032168986 43.513800847844564 43.342585373378725 43.531678948030105 44.10253248223476 45.015901032351955 46.17021489425375 47.42529328329464 48.641896480494516 49.716031730445295 50.59170458029902 51.25271545295623 51.70578858946674 51.966062948640776 52.04881595453157 51.9663852676752 51.728402235270266 51.3449412239475 50.83398862511711 50.234124351825024 49.61719294259074 49.08612346832913 48.744722193584785 48.650863391322915 48.7889662973978 49.08459656147234 49.444431988509535 49.78830869909937 50.059938941745095 50.2254261698437 50.27196351342037 50.21234009315667 50.09543260670484 50.017962968174054 50.123807661743705 50.56730127475421 51.42826809941797 52.62740935500057 53.95426079698733 55.226678248859386 56.39993060012637
44.66866095461605 43.63290529066456 42.79248289551867 42.21358608947725 41.959410559530426 42.08098486674777 42.60116236799811 43.49676644316161 44.68901006446392 46.05225791085685 47.44259955137829 48.7339747877403 49.84302963235821 50.73266376929546 51.39945359996517 51.8570349953161 52.12377753697811 52.216560282307746 52.14899934698952 51.93241738635012 51.57941746042124 51.11131533478509 50.56938532885501 50.02344709983978 49.56406713968283 49.271317287715874 49.17789087093746 49.25798584382704 49.44953537301104 49.68498307971424 49.9073676544489 50.072416086458105 50.14824649234947 50.11903750238803 49.993182429098326 49.81466459235137 49.673940081095765 49.70782135826796 50.0693847670426 50.85385643389998 52.011517596806264 53.347350929695025 54.660673030761295 55.87818480340769
42.87485535295198 41.8017953539924 41.031106333904496 40.6306732311964 40.64686168308214 41.09706802852681 41.95997591274684 43.167544538530315 44.60663496562629 46.13650074436131 47.61906811876384 48.94829890874641 50.064211152170714 50.948255352033755 51.608280018685036 52.063503080492566 52.33486071079943 52.44088543540638 52.39720285169503 52.218172860526415 51.920510141356715 51.52937191510175 51.08554003182163 50.6473920163092 50.279075688939976 50.02644257744636 49.899143570494005 49.875194053416166 49.91969492371596 49.99728468250907 50.073144949916895 50.112044004898415 50.08235700064885 49.96468686802352 49.76283748528396 49.515758660935056 49.30753866845087 49.26709434790968 49.54298227632299 50.24113772443746 51.34264739168485 52.67817465831065 54.0337090252101 55.298640269311726
41.30295049676609 40.25281257800898 39.611426370400565 39.437911739902454 39.75245224125035 40.53303296589454 41.71329203707471 43.18478865902709 44.809196130796785 46.442012442213596 47.9605873412584 49.28377035796378 50.37512734523395 51.23234523204262 51.87192399270859 52.316784057311224 52.589420899417625 52.709664395391655 52.695166467346446 52.563348917337926 52.33438305025787 52.03477104902488 51.699476851028926 51.368491525168615 51.07594409397145 50.838582094233985 50.65501657238482 50.51594486749368 50.41217915039831 50.33264354671948 50.258700681158516 50.16357347626407 50.01860277941385 49.80359611665609 49.518891328686124 49.19785713583565 48.91704986860895 48.796705604082504 48.97970807890823 49.579357410002046 50.60555350837759 51.92267109234313 53.31519586525587 54.63227532289374
40.16278987257544 39.19740970880961 38.73075553147356 38.80497435564032 39.409225794026284 40.48156558307933 41.91493835670869 43.5697812313773 45.29516212858842 46.95484619306021 48.448946054017476 49.72249277143702 50.75977852231346 51.57075728955544 52.17734873937715 52.60414639621015 52.874091573403305 53.00765683993447 53.023876912618896 52.94210378624587 52.78376630640824 52.57318623926371 52.335845240298205 52.093060565219396 51.855665400354624 51.6230464157043 51.39026849648687 51.156496151026865 50.92601028213709 50.701938447505526 50.47956362034296 50.24451393168414 49.97683679870697 49.65966294671074 49.29088097451691 48.896244460680904 48.54087009158673 48.332488521866054 48.40611303622368 48.88134621381907 49.79721295956748 51.06013979296073 52.47021825569295 53.84195475003087
39.62202951762444 38.79109680088258 38.519634403735 38.828396294139836 39.6753830009155 40.96326478956439 42.55383691400644 44.28999532069638 46.02236299141813 47.63294536839626 49.04765076498597 50.234919278335674 51.19460276904729 51.94422068343842 52.5079672452312 52.91034088054766 53.173745512992646 53.31854173071561 53.36416765095463 53.33032657260481 53.2374066433956 53.105249188834925 52.949718985593506 52.77818238167406 52.58739875782575 52.367105520706914 52.107923445115325 51.808028975747945 51.474439179981054 51.11899209702639 50.75175783322605 50.375485728132276 49.98431672491295 49.568340450071965 49.12356863430621 48.66539140568539 48.24206284653653 47.942198674916845 47.887253558157475 48.20013362273238 48.95007163863122 50.095620554268635 51.47565979076294 52.88910024982386
39.76392386695504 39.096362064925316 39.01227647986873 39.51031114733629 40.521482890990825 41.92248789996816 43.5580574425182 45.26932147880072 46.92094991384116 48.41850887757151 49.71183288396375 50.78699692592063 51.65338835147981 52.331748712635154 52.846061572569134 53.21947606976632 53.47314458053949 53.62663641308573 53.69882479481972 53.70838732251545 53.67319299620752 53.60809092205038 53.52140580251834 53.41181176400083 53.26802864910618 53.07258773570579 52.80861847020064 52.467298272092 52.05313184413883 51.58403864991536 51.085030012095736 50.57825986911432 50.07508555628465 49.574907871454684 49.07216652564599 48.5696184693316 48.09394992598964 47.708035208667035 47.51208545467255 47.6251259773423 48.14286861369408 49.082246367825284 50.345813218139845 51.751556802153566
40.56780386608718 40.069406140757245 40.14009244803105 40.75898696801428 41.83832663110237 43.242260082440346 44.81463324730623 46.409003036156385 47.91173880302747 49.25183299798495 50.397676513508216 51.34628608351147 52.111256105266136 52.713331824114796 53.1747117094766 53.516497440017694 53.758161144090025 53.917958429179755 54.01342879431663 54.061301166362796 54.07630917735007 54.068814921359746 54.041841887958405 53.98878882430128 53.89316012670745 53.73121004047196 53.478041033257185 53.11677496563608 52.647859207008985 52.09310603176762 51.49033074302394 50.879996441984495 50.29081590967307 49.732133182004226 49.19697033161524 48.67453169046646 48.16769390474731 47.70964483387618 47.37291816566708 47.26324825038042 47.49222348593248 48.130506896792255 49.15933360589631 50.45623246453288
41.914887878714204 41.57092938140956 41.74772914153423 42.41041416513489 43.46356360941607 44.77350628392188 46.19740732840681 47.610342046683414 48.9221799100147 50.08130920832687 51.068317957439525 51.88549323881881 52.54693955597607 53.071549256575466 53.47901799457111 53.78815273026816 54.01653704158462 54.18073990077183 54.296418584157145 54.37782315415461 54.436433848828635 54.47882189436726 54.50422361421589 54.502546814525374 54.45365545476621 54.32916580794056 54.098293451887734 53.73812184775095 53.24540894186367 52.64367636441696 51.979499930332636 51.3074439742793 50.670606976289875 50.08697221292414 49.54820526954891 49.030868458253416 48.515167649290724 48.004850781725224 47.54209497009963 47.211229424810526 47.12524652014014 47.39217387351918 48.06758687629886 49.1145723800706
43.618094201475145 43.39967679448111 43.62994364353799 44.2673238670864 45.22004175538132 46.36868536376865 47.5925380476542 48.7911442388738 49.89539418773998 50.8678065287031 51.69592403757255 52.383631893017004 52.943636043904874 53.39230565268757 53.74675968671846 54.02356136066734 54.238328626667865 54.405668273111985 54.538964462681086 54.649697712336184 54.74616809560733 54.831716713984825 54.90269724520477 54.946592939716275 54.94107472715301 54.85548422246202 54.6564759318527 54.31834064637958 53.83555150602706 53.23153963062087 52.556730601495424 51.873445018876374 51.23365901339345 50.66098066398153 50.14575091790626 49.65462935921218 49.14964771868387 48.60971933580438 48.04870247171585 47.52538077143037 47.14069448266255 47.01781355147646 47.264593988107066 47.92755575555483
45.469212323738205 45.34176380979798 45.58052466346256 46.144185412305134 46.9529054384839 47.90817584342121 48.9140359467852 49.892868700014894 50.79240650672537 51.58483596830767 52.26139388522593 52.82587225128794 53.28910081963231 53.665094110739155 53.96873351460552 54.214556035326844 54.416190951299946 54.58604480068754 54.73492003577062 54.871358896649866 55.00061639371236 55.12324702801414 55.23337112460832 55.31694674536693 55.35093290425729 55.30480490702935 55.145884330824714 54.84889596377507 54.40780073414244 53.84474101466415 53.20928910486502 52.56453343736804 51.9646001751701 51.434745692603286 50.964059844038964 50.5133284781758 50.03328322259589 49.48587952902015 48.86285891324831 48.19830377124551 47.5724902450235 47.10326364745686 46.92141441367195 47.13135702951211
47.28705397547864 47.21823879150377 47.435074495077295 47.90123384974388 48.55250424347851 49.31239299357543 50.10783502988164 50.88027619214316 51.59029337396242 52.216794151768475 52.75322210198532 53.202998773408574 53.57550966612702 53.88308610262984 54.138949573758985 54.35590970871404 54.54558361753868 54.717923758036825 54.88086238468484 55.039891797651705 55.19739577520103 55.351565847389935 55.494901223932544 55.61271239477264 55.68258695959795 55.67606300762723 55.563534728942486 55.32257443761037 54.94810865942801 54.46027835009076 53.90410503868392 53.337391227371164 52.81016390538408 52.34547559053338 51.93136271633839 51.527136787966064 51.07981485644103 50.5435356607604 49.896520360131305 49.15329916564356 48.37131120567835 47.64973019869933 47.11650093969323 46.90063697565233
48.94746887493714 48.91194365866293 49.09147256538227 49.456650827396125 49.95862874251621 50.54038956086008 51.147769882985216 51.737164115965975 52.27887327822138 52.75684816713869 53.16635130364457 53.51090295091148 53.79932237420023 54.0431856570483 54.25476995077234 54.44549930199349 54.624922579448764 54.8002244231102 54.97614946274976 55.15504923630141 55.33665142197815 55.517243544329574 55.68833801737527 55.835419476878826 55.93774632012429 55.9701533801524 55.90743998554427 55.73127090630757 55.438275380230095 55.04611304132422 54.59292477473666 54.12721449475786 53.69056403166317 53.30111208379383 52.946242567794584 52.58760505163824 52.1750352264595 51.66302407413228 51.02488892669738 50.26302477253595 49.41547923851595 48.55830826749694 47.80072045775943 47.26868240656787
50.38761794333472 50.368090671657804 50.50614946672616 50.77917064726787 51.151211224983726 51.58073055505291 52.028113784541915 52.46109045568297 52.857392342563216 53.205054481029414 53.501214846997804 53.75017808414917 53.961188022409615 54.14609278701209 54.317035262807146 54.48443790983124 54.65568451612105 54.8347901923599 55.02293093371622 55.219222678821446 55.420986791892055 55.62310282338995 55.81672992697331 55.98822947440023 56.11921934732697 56.18839264711297 56.17531076100517 56.06588154521148 55.85838010046719 55.56758671992903 55.223769251000256 54.864477647079525 54.521009050104894 54.20552833348474 53.905375214381955 53.587118040427775 53.207706119092194 52.72757961302115 52.12174600700096 51.387597755400314 50.55012352634493 49.664937157703534 48.81753589895587 48.11504692194701
