_RESULTS/REVERSE_NEW/Berg/TZ/3comp/Berg_TZ_z_180_kriged_reverse_3comp.asc
ncols 100
nrows 90
xllcorner 5.6208707817415728
yllcorner 50.959635321741573
cellsize 0.00013419651685393446
nodata_value 1.7014100000000001E+038
[rows 19 to 37 of 90, columns 43 to 85 of 100]
14.158643782368635 14.14514528193089 14.165301510636464 14.212799782447055 14.27903608565668 14.353792472142967 14.42531403584841 14.484534207579907 14.537049717773485 14.603667160180844 14.696027191458155 14.80485217726269 14.917631199776519 15.031472612061092 15.148758514469101 15.270257039493618 15.392967416663852 15.51086420243474 15.616271576457203 15.70105998588747 15.757537902567641 15.77915393890999 15.761210009458553 15.7016813853773 15.601983909404835 15.467335679836461 15.30642250075021 15.130365189513375 14.951288228491869 14.780910399595676 14.62949007534473 14.505263132411873 14.414327566012563 14.360815425450474 14.347153081550124 14.37422739594861 14.441332641666044 14.545859324277597 14.68279018693876 14.84417990769647 15.018893281117496 15.192908999860308 15.350367452113684
14.066853088536943 14.098637450074857 14.163453437984055 14.252052964462477 14.353312423437059 14.454725180911595 14.541284146623603 14.600923269363209 14.644356059998204 14.701961510556295 14.78090213726475 14.860669956979175 14.92919011031024 14.991488039724784 15.056012627895424 15.126823888910387 15.203192246341162 15.280953141581946 15.353742506798291 15.41407463868325 15.45436224172729 15.467900184429665 15.449810667677047 15.397892236691318 15.313216174031085 15.200267730142016 15.066518901929134 14.921510548497777 14.775692796720547 14.63932427360991 14.521654892657432 14.43047719064377 14.37199952742649 14.350908941106638 14.370454783308487 14.432387725195738 14.536632297671352 14.680660424124131 14.858667538411542 15.060821651690768 15.273025379023025 15.477694180653803 15.655793693001762
13.999438189006277 14.080905264821839 14.193607541465406 14.325413016102825 14.46274940171564 14.590200273578754 14.687208080282273 14.739092447534777 14.771861587149084 14.82883843475091 14.899216897935394 14.946483379745084 14.965087925387582 14.970382676805688 14.975923620274202 14.988623389546804 15.010419369466153 15.039648267886063 15.071925491334975 15.101066439462535 15.120162226569922 15.122717528457144 15.10372042013487 15.060511485262312 14.993316070168468 14.905331900269653 14.802353655612585 14.692040048145264 14.583022498247939 14.484069643573422 14.403459467668227 14.348608893353973 14.32591317406286 14.340680383395702 14.39701272053743 14.49748086834613 14.642468950286302 14.829160879492772 15.05031676706105 15.29325562102843 15.539770064928875 15.767838826177242 15.9554912818964
13.965831758921055 14.099069143439577 14.260705865993643 14.43606891112017 14.60922802629664 14.759504985102897 14.854968814680566 14.884948999537716 14.915032546130044 14.993144672722181 15.062574092156405 15.073613000631312 15.037833290089667 14.98173037463992 14.922794783603512 14.870891848961914 14.8311737907209 14.80499719721508 14.790421825916471 14.782987181835946 14.776795176268672 14.76572268487095 14.74456333238077 14.70993567245209 14.660844101627779 14.598835586799543 14.527770935112287 14.453310960682556 14.382271786476247 14.322005092056104 14.279910136031159 14.263107252341614 14.27822492631298 14.33119422409335 14.426910030863926 14.56860535003781 14.75680672097991 14.987840701501753 15.25210383235684 15.53273793302 15.8059170324047 16.04425254550755 16.223838505687233
13.97058891591507 14.155476694907248 14.365353098106748 14.583523878513846 14.79035043513879 14.95075612961177 15.012307295497006 15.0055592115562 15.071894520016214 15.208142254710308 15.2793429548157 15.248026853857121 15.154304269802937 15.033454876295893 14.905780247178022 14.784454389559917 14.67828794832415 14.591970934943538 14.52624300167153 14.478539166100953 14.44405591298303 14.417015595600855 14.39188400749952 14.364357824030089 14.332021378458732 14.294640189815247 14.254118046020858 14.214199408895508 14.180034409983854 14.157723854942592 14.153925066205181 14.175538415263933 14.229427212577727 14.322066254205442 14.458973370494332 14.643754081528595 14.876602017404581 15.152215338439778 15.457427446776666 15.769534782324238 16.057300834097923 16.28719778706135 16.435574865607734
14.01350195645672 14.24847443969568 14.505268859950379 14.764565506099222 14.993685326702419 15.116612698345424 15.079694621238904 15.06893582377476 15.267986725672763 15.491387968780845 15.549674355977238 15.467684046955704 15.313721654491308 15.126023424518234 14.927028101065593 14.73361797111432 14.55848788508724 14.409725260686768 14.29073976525019 14.200805272389228 14.136106265097807 14.091061866278528 14.059653935966804 14.036543514199884 14.017868123443607 14.00169603604316 13.988164080748133 13.97936322226301 13.979062440350551 13.992364486176308 14.025360858668117 14.084802741820427 14.177741636970223 14.311031187713352 14.490527705351022 14.719785169354749 14.998040593013071 15.317426280096308 15.659820157303066 15.994811635577705 16.281929825991856 16.481271855155452 16.573170353317064
14.090857162231401 14.37408402789597 14.67611595735886 14.966324190991228 15.161116361040975 15.11974315331241 14.965261252029944 15.133239455647548 15.571668114989166 15.848092522220144 15.860746144922903 15.72181861896526 15.506912287150945 15.25159071570728 14.980611731491905 14.714867300596604 14.470895564282108 14.259959486603343 14.087859494634172 13.955441281961903 13.859642862213834 13.794886032777546 13.754543467874411 13.732226211376375 13.722749909513904 13.722748090625297 13.73095856358628 13.74823842279335 13.777383710938576 13.822835812987996 13.890338092848278 13.986561761649948 14.11865652766301 14.293609591945586 14.517223228278656 14.79245447744017 15.11684323644609 15.478926068722865 15.854192973933742 16.202745346396252 16.473434211464095 16.620705174253576 16.634071569229775
14.19665179293094 14.525567068804074 14.861784506371075 15.1192308881477 15.09564389478402 14.782576258185411 14.788924773788231 15.402539461985453 16.023663042809865 16.246736577197353 16.18835507265754 15.992097925131205 15.716747634545875 15.394352145565115 15.052779294173165 14.71698257524777 14.4070188117308 14.136824198971215 13.914043041323659 13.74061865928439 13.61390369661882 13.528126209852479 13.475994031198745 13.450166778762487 13.444401673445919 13.454310840265979 13.477751253576029 13.51490342137571 13.568113782601317 13.641583832716927 13.740975162756403 13.872957358575583 14.044657740640066 14.262885608542517 14.532905248669095 14.856433809790504 15.228501497089056 15.633021273697631 16.03781222038421 16.392114317072718 16.63345683079892 16.712503169320456 16.633806613584827
14.320648463556518 14.679780696986198 14.974792637090244 14.96788110538621 14.531758233303968 14.320428076866708 14.989408694887683 15.991684945689219 16.536778204147545 16.63086437887913 16.503682285273698 16.253383395996025 15.918820523483479 15.531612790261807 15.123306491473015 14.722565489415338 14.352338615248478 14.028498340561042 13.759784876895843 13.548597759587325 13.392269579056734 13.284639075255278 13.217773466675203 13.183601800502483 13.175224594281731 13.18778773138781 13.218924144538605 13.268824006203179 13.340019817301815 13.436983518282442 13.565620856328561 13.732704400299909 13.945210004188645 14.209416702114353 14.52950233495171 14.905233966294157 15.328290923446247 15.777016369105331 16.210574967988332 16.566610208903455 16.7716660508714 16.77531390957438 16.60221003922066
14.428394376432887 14.720936842559002 14.702773818006365 14.19326619738592 13.81891151682734 14.45535190698066 15.759805629618029 16.67097257224729 16.972070743574665 16.95664975705812 16.77545938099822 16.474049957874726 16.082865095924223 15.635831923842161 15.167976819421764 14.710843871016996 14.28931872858287 13.920273527342081 13.612687843204501 13.368704632674344 13.185153861374408 13.055292868577691 12.970643462365953 12.922745840796376 12.904588021513577 12.911549821840499 12.9418350594761 12.996455830483436 13.078876460319202 13.19444117150871 13.349696939626984 13.551673129718116 13.807090258660166 14.12134425828351 14.49695476026818 14.930998158159033 15.41096454852598 15.90879345733259 16.374343354024077 16.73355643354753 16.90307462632965 16.83406666127807 16.57409979135335
14.363048899339326 14.29056651698463 13.750360669757464 13.325576667890585 13.923780685276842 15.402095743527108 16.629496380781244 17.152713108646395 17.273731971954096 17.19487017405413 16.9683812304426 16.618717990403905 16.1765130066359 15.678666592320148 15.162741762838511 14.66188571835396 14.201651125932402 13.79879501865768 13.461628009090393 13.19134401205829 12.98382266989864 12.831588732623143 12.725786574360598 12.658025003382356 12.621867042615923 12.613774554191515 12.633453198326466 12.683665661891402 12.769650430340212 12.898307902603781 13.077298429801761 13.314135242376032 13.615250001179877 13.984862540102757 14.423303084904976 14.924238789461636 15.470159007372382 16.02585287213325 16.53144147407135 16.9014126513748 17.04374278165975 16.91292825479578 16.57929832232149
13.764201277246645 13.23293836308464 12.862006763668681 13.454530074300223 14.986970980879985 16.416624657428645 17.13484951940153 17.396218853136357 17.43676850284542 17.315051898351467 17.046930448797664 16.654752697882202 16.171817067563893 15.637226938853294 15.089604164796198 14.562083910841652 14.079390331714356 13.656927724967499 13.301407334914112 13.01244044363753 12.78460312289272 12.609631926404868 12.478562839550499 12.383654723475052 12.319877571511242 12.285766806185407 12.283580604260228 12.318846163498359 12.399474316789375 12.534650098026301 12.73367592345777 13.004862417109036 13.354439018079093 13.78529711205401 14.29518259853107 14.873742328537515 15.497722362973374 16.1240564232524 16.682720967906548 17.076915491640985 17.206639898503024 17.029817470351365 16.636710308827478
12.731229737809462 12.471216238717926 13.070213143754728 14.553134534756365 16.0495287370379 16.90553263031049 17.292632210068113 17.452627880342522 17.449012708581403 17.28926600438903 16.98488830851006 16.561008102233814 16.0531919485996 15.501241734356045 14.943019389449546 14.40984737405833 13.92403476472455 13.498361511021459 13.137017981470603 12.837455495022072 12.592694345556952 12.393754764616137 12.231974466285052 12.10099733270821 11.998189336646933 11.925286044876799 11.888233814074123 11.896361454622058 11.961125748146765 12.094688869764042 12.308522243724914 12.612117458203667 13.011745219551294 13.509045458954223 14.099046379734768 14.767003326617733 15.483342388867893 16.196483347204726 16.825715443554273 17.26265182700458 17.39893049153632 17.194155252908818 16.753848908371367
12.215095110446814 12.790725724230542 14.130108417331247 15.565119071524036 16.48599296897681 16.968450416467157 17.2315012322036 17.34126679393248 17.298985008844728 17.105373845259262 16.774999856439404 16.33579876504232 15.824181995788067 15.278775099714878 14.734720248274996 14.219707448464927 13.752075903128258 13.340745109086813 12.986487156539168 12.684047305700247 12.424709122036901 12.198976385629907 11.999074835789708 11.820968820710199 11.66559855771093 11.539159588217816 11.452460942280078 11.419603898760306 11.456321126606896 11.578282598655665 11.799547178576303 12.131176940126778 12.579879913243758 13.146413769971732 13.82334162813827 14.591561514886234 15.414939323357787 16.23289230833379 16.953356834624543 17.45546017871223 17.620836568203245 17.4073187859835 16.929953963467177
12.63361778242068 13.752022656853901 15.023339455031163 15.934097974750161 16.470379367384222 16.806213431737508 17.007679524187402 17.07304672920088 16.994265337866327 16.77527892279141 16.43428076055765 16.00077548250156 15.510226164038746 14.99812746509306 14.49501311603671 14.023241564011665 13.595724689226055 13.216325877847229 12.88149114926383 12.582692690349088 12.309322963388672 12.0516872686126 11.803697967518003 11.564840136317546 11.341052485918272 11.14439930445361 10.991722897089462 10.902702918123358 10.897797159449608 10.99640065949696 11.215326312812678 11.567486446579544 12.060504323882764 12.694906818314317 13.46149317600808 14.337382689752415 15.280185092486558 16.220250943137366 17.053638200800183 17.64572307265119 17.86547078429113 17.664117732680833 17.1597815349085
13.45017462025774 14.49343405461329 15.329694079114581 15.87542916312317 16.246651637662836 16.506279510429223 16.653585519257426 16.67514144073255 16.566096741929336 16.334950641818903 16.002653486608327 15.598736691894105 15.155946868611089 14.70488978411856 14.26984856645683 13.866346055054397 13.500494848674494 13.169876775900423 12.865599976345319 12.575190657604358 12.285969670181702 11.988476437525025 11.679372486392685 11.36321808506259 11.052707938520246 10.767376220795006 10.531243627126235 10.37012795731228 10.309260686654289 10.371527233928646 10.576263570477492 10.938255312031476 11.46646147138603 12.161998474367818 13.014990729612757 13.999924955562603 15.069144177823333 16.144586633785398 17.110517363069675 17.817560284616487 18.119010318689522 17.953820567113805 17.435950259932824
14.033505494932877 14.750398805815509 15.267380443858928 15.638991398817828 15.920321507396764 16.115337847474326 16.209452605598198 16.192103317377505 16.063883896255014 15.837499515207066 15.53552888853905 15.186118693930432 14.817865114400117 14.45512715703903 14.114633715753383 13.803754305201668 13.520430900973649 13.254582024627751 12.990730887514168 12.711572362597096 12.402086023664205 12.053587756240676 11.666876610073674 11.253610700522433 10.83545324390849 10.441281876029528 10.103431120481735 9.854132793916314 9.72297237772714 9.735555319069968 9.913008044691406 10.271618181500422 10.821866758349126 11.566245257313001 12.49548028937631 13.582987921626321 14.777475638676318 15.993997162265384 17.106194520524745 17.950071986258486 18.3610465477593 18.26011741182343 17.74900426812385
14.25277143936507 14.714194487756572 15.061135646989108 15.33405794639676 15.543341101975496 15.67748234630588 15.723765636153306 15.677605861934255 15.545178070611849 15.34270345693112 15.093403213885734 14.823035962665093 14.555137838687573 14.306953510635731 14.086685776703693 13.892334825067367 13.712172408959535 13.526781796044185 13.312505271398697 13.04601379542316 12.709502691613011 12.295663198696559 11.811167962631531 11.277373729090465 10.727729927841844 10.202726949452916 9.744205335543285 9.39082715872981 9.17565250158579 9.125700967967452 9.262628556689199 9.603375303451388 10.15973274757125 10.936076960564732 11.924909809809012 13.10025148689926 14.409182838655237 15.762140386408324 17.024577272459858 18.0198825204961 18.565525836483488 18.560315287267613 18.08528208578973
14.256616472327815 14.566143316112424 14.812728916345067 15.01118451690947 15.156419397986001 15.236948936678779 15.245803630880502 15.184854516879767 15.065472507013233 14.906747253968108 14.731922227429429 14.563916295300203 14.420878301871715 14.312535051683431 14.237826153077378 14.184134157462152 14.128318977965176 14.039627484853778 13.884304346922253 13.631494846372046 13.259861160140785 12.763898900808057 12.158083026125011 11.476675490019835 10.768495768306641 10.088488809649089 9.489382783333847 9.016126373218539 8.704009614763386 8.579718072230168 8.663715037138 8.97226569484432 9.517762682269606 10.306488307344603 11.333484434647186 12.574800893985651 13.977882374480977 15.45114933775481 16.85527117128317 18.005047808194174 18.703065391455993 18.82487633845676 18.423487771546586
