_RESULTS/REVERSE_NEW/Berg/TZ/3comp/Berg_TZ_z_0_kriged_reverse_3comp_test.asc
ncols 100
nrows 90
xllcorner 5.6208707817415728
yllcorner 50.959635321741573
cellsize 0.00013419651685393446
nodata_value 1.7014100000000001E+038
[rows 36 to 53 of 90, columns 42 to 83 of 100]
0.04943731854995015 0.02492436625160068 0.010113147768853319 0.0033489604420008662 0.0009403727992911099 0.0002380100351728954 5.883737999731289e-05 1.5578488830167837e-05 4.852391610213873e-06 1.9328371885716055e-06 1.047191273222723e-06 7.960148770817812e-07 8.45455918783449e-07 1.2073578439064999e-06 2.168616396279549e-06 4.501146686899059e-06 9.863459982829963e-06 2.0991588687978955e-05 4.0599188992979756e-05 6.83562719803943e-05 9.844416466076561e-05 0.00012194104663399746 0.00013295548467579185 0.00013195210242535917 0.00012363105016556118 0.00011304652408749278 0.00010350270930964809 9.644463436018679e-05 9.212883944448136e-05 9.02634260573321e-05 9.04345413915514e-05 9.240043819766683e-05 9.63485549355261e-05 0.00010317676728995734 0.00011490173434395749 0.0001354802028553933 0.00017276026362702515 0.00024335858318320667 0.00038526185861789995 0.0006915490119913694 0.0014025195730167806 0.003152588808267357
0.03868709708973439 0.018247380846660385 0.007000422037091771 0.002226761309209651 0.0006122065492369995 0.00015489527203050007 3.906380891571604e-05 1.0739453231475936e-05 3.517992278684328e-06 1.483036837508498e-06 8.495129438921155e-07 6.771699356688205e-07 7.434346035606459e-07 1.0767941720457544e-06 1.9201669504814485e-06 3.872295709560286e-06 8.083474492839373e-06 1.6124498017595553e-05 2.889118696267086e-05 4.4768750800371746e-05 5.924728998330176e-05 6.764309159002359e-05 6.843965909246973e-05 6.362826653434719e-05 5.646693179757794e-05 4.947797362379447e-05 4.3907337414348704e-05 4.007272478837154e-05 3.7837966497117605e-05 3.692159429402871e-05 3.7055868109215186e-05 3.808309712035513e-05 4.004884940429857e-05 4.332167833800164e-05 4.878279580075853e-05 5.8214350208182754e-05 7.522681740090751e-05 0.00010761161024210435 0.00017356873439711143 0.00031894212410078516 0.0006665370422255757 0.001557354169653584
0.03312130474293357 0.014976803916890824 0.005569656626363865 0.0017420806065221585 0.00047858963057717925 0.0001229801842420892 3.196091895087704e-05 9.153735959913665e-06 3.141257416502186e-06 1.3861956167997843e-06 8.25131575863222e-07 6.744454684402134e-07 7.457150149453929e-07 1.0653595907340158e-06 1.8338338861177965e-06 3.4980545204953535e-06 6.7886378278567745e-06 1.2426415995976777e-05 2.0268284064665687e-05 2.8508511431072174e-05 3.431429715382343e-05 3.5851216015995035e-05 3.3507215067246635e-05 2.9112009971515718e-05 2.4455518278782032e-05 2.055239477453066e-05 1.7716932226614853e-05 1.5893952685326276e-05 1.4907789058303602e-05 1.458032008244323e-05 1.4773791206807002e-05 1.5412616837492574e-05 1.6513812163776518e-05 1.823972570304116e-05 2.0992346768155404e-05 2.5608839216876936e-05 3.38248209586249e-05 4.945606001603512e-05 8.158084593542059e-05 0.00015357353015343954 0.0003298647418980726 0.0007964289645459907
0.03134297828743512 0.013870762285989375 0.00510086753579203 0.0015967719568133203 0.000444542785746893 0.00011709162397358991 3.146692716860433e-05 9.36192770146799e-06 3.3350089604011486e-06 1.5178999340036154e-06 9.208369217025737e-07 7.545696304386378e-07 8.202919143802064e-07 1.1287194450939482e-06 1.8345213024919476e-06 3.2471880136623087e-06 5.768458807554456e-06 9.578086756542463e-06 1.411136720342908e-05 1.793647751376356e-05 1.9599227457675687e-05 1.873847831824901e-05 1.6195973070347467e-05 1.3173127527442e-05 1.0496671649113445e-05 8.480413997865132e-06 7.120747264821703e-06 6.300269372782899e-06 5.895339940858021e-06 5.811137388210892e-06 5.986125978206922e-06 6.392496816814049e-06 7.0454619117438585e-06 8.028164303514301e-06 9.542515081362725e-06 1.2016679554672392e-05 1.6357044818697615e-05 2.4589803498303494e-05 4.1604731968697544e-05 8.01835525855087e-05 0.00017622386572473968 0.00043597852812572886
0.03273727987057623 0.014421024470657129 0.005326601357266705 0.001690720124771682 0.00048147233064274624 0.0001306013536571072 3.626951546846466e-05 1.1141184426713573e-05 4.073951031758394e-06 1.8830625240212593e-06 1.142952728733768e-06 9.204485725813364e-07 9.646402250691134e-07 1.2557158777574935e-06 1.8985499507821473e-06 3.084022012894836e-06 4.980614772717889e-06 7.480625687064367e-06 9.962004676917716e-06 1.1480708921550715e-05 1.1445173373040736e-05 1.0069675232279644e-05 8.092560445609939e-06 6.19116619049334e-06 4.6974019834096e-06 3.659489911995915e-06 3.00075297179058e-06 2.625311023166969e-06 2.4584142611611675e-06 2.4523938928731845e-06 2.5822016046771142e-06 2.8420599490494842e-06 3.2484474208041423e-06 3.85324171992641e-06 4.773875713200839e-06 6.259108456547774e-06 8.842642678797183e-06 1.3732255998597138e-05 2.3868509396168204e-05 4.699275869377925e-05 0.00010500871485548994 0.00026339991739891664
0.037372833085912 0.016616377487765677 0.006242014704705 0.002029252692561776 0.000595074719997147 0.00016666600085847602 4.774285685215653e-05 1.5047787421134154e-05 5.591504840735896e-06 2.590809783255762e-06 1.5504906683852463e-06 1.2091071766566674e-06 1.205187259062052e-06 1.468017791880051e-06 2.0494040740878767e-06 3.0447992001824925e-06 4.473303246377025e-06 6.103636948233519e-06 7.399660726086986e-06 7.801040789697715e-06 7.163082325881751e-06 5.852682026068134e-06 4.4081366097400005e-06 3.1917906992771804e-06 2.3159864086911215e-06 1.7445948193577104e-06 1.3993323399695825e-06 1.2119783045900263e-06 1.1372952197065091e-06 1.1505107916445507e-06 1.242239182277084e-06 1.415631581011602e-06 1.687829334961047e-06 2.098178047100973e-06 2.7285075698108672e-06 3.748896856227143e-06 5.525065512238731e-06 8.888773368494255e-06 1.5868519838104404e-05 3.1793019351089706e-05 7.166418779159411e-05 0.00018005407747021492
0.045947966589967255 0.02086559332871476 0.008057961784673986 0.0027068153764333884 0.0008224545663209739 0.0002385588737850503 7.0464557660789e-05 2.27073313245509e-05 8.521156318393724e-06 3.926442895935851e-06 2.2969703493466123e-06 1.7205704644717572e-06 1.6208131400829902e-06 1.8406637786244845e-06 2.3718847127950502e-06 3.233415157289671e-06 4.350065145383359e-06 5.442842672011653e-06 6.0749628273185846e-06 5.9297329315265516e-06 5.074384128876599e-06 3.890978933939949e-06 2.7700213263728383e-06 1.9099165157958124e-06 1.3302775262140956e-06 9.704857259160423e-07 7.614643787877739e-07 6.523661926315799e-07 6.128464894263026e-07 6.283887735923257e-07 6.960307501845377e-07 8.225142518121898e-07 1.025690556980851e-06 1.3409750154653197e-06 1.8374297696420413e-06 2.6548311902520828e-06 4.091169884461454e-06 6.821289886470403e-06 1.2479203478941918e-05 2.530334618894146e-05 5.70097877265813e-05 0.00014161930162222137
0.05981749750325929 0.02804655843305254 0.011249492578807837 0.00394027977256005 0.001249669331091276 0.00037738494525082307 0.00011529725623258435 3.8028589096472526e-05 1.4404502658837405e-05 6.591510556060564e-06 3.7638503099300677e-06 2.706438745208985e-06 2.411919879728532e-06 2.561969430945694e-06 3.06505111908674e-06 3.86621236183554e-06 4.814039902951609e-06 5.591767435885399e-06 5.821767169936378e-06 5.330092583076139e-06 4.301916414476782e-06 3.127011617089296e-06 2.1202867230840986e-06 1.3990038617685392e-06 9.374612463380218e-07 6.62288605095543e-07 5.073573655636803e-07 4.286443899497682e-07 4.0170485480375823e-07 4.1606489246889356e-07 4.714183671163188e-07 5.765098186118385e-07 7.510515657484901e-07 1.032214826379381e-06 1.4901271096487005e-06 2.263475264081242e-06 3.6433109617020215e-06 6.279719981474983e-06 1.1719666761146304e-05 2.3879966390240146e-05 5.3245867905214855e-05 0.00012908431766417306
0.08105746835432706 0.03965338873990685 0.016694617266413414 0.006159763179446035 0.002058598409531881 0.0006527890938838029 0.00020783134525904424 7.061882125393383e-05 2.715711117208764e-05 1.2409523178691912e-05 6.956476082746741e-06 4.832966589066908e-06 4.105730835532204e-06 4.116199298317435e-06 4.620422479267242e-06 5.457285396630969e-06 6.370779962131053e-06 6.962184736898247e-06 6.85105917342954e-06 5.955937356484353e-06 4.582383748581411e-06 3.1845754570632308e-06 2.06897358103094e-06 1.3106680498400604e-06 8.454792957316326e-07 5.774046799796586e-07 4.3027621011127835e-07 3.5666332553276505e-07 3.314679147165258e-07 3.4463078796331123e-07 3.969718136210244e-07 4.994751599273012e-07 6.761627672224548e-07 9.721723867550485e-07 1.4719598306382711e-06 2.3400401332946707e-06 3.915141563688381e-06 6.936981569456354e-06 1.3116927763910669e-05 2.663338930671395e-05 5.816974279091067e-05 0.00013593778977027658
0.11246522366789141 0.058003108392584116 0.025918376327569884 0.010190292293949608 0.003630883471560043 0.001223230672481965 0.0004105751012886021 0.00014538382248278708 5.741646514120209e-05 2.650462237937788e-05 1.4760068433878755e-05 1.0029871045810624e-05 8.22660714497347e-06 7.88800009957275e-06 8.42127657010342e-06 9.442502817300651e-06 1.0475833623886604e-05 1.091207688796713e-05 1.0271935168012017e-05 8.569803799853338e-06 6.34098103820624e-06 4.24146165648711e-06 2.6518189611040015e-06 1.6159142247164598e-06 1.0029440172698574e-06 6.602758192590987e-07 4.7633280894949746e-07 3.8489845838470937e-07 3.520022826482483e-07 3.642282298426515e-07 4.226314863486846e-07 5.419853108516725e-07 7.552946542984158e-07 1.1256185533360147e-06 1.7715056304805108e-06 2.9217488893656854e-06 5.037566303984037e-06 9.095994860646445e-06 1.7270775676152655e-05 3.4616614913981715e-05 7.331139312537602e-05 0.00016333418150715702
0.15730462238643417 0.0863970055893896 0.04144002861185473 0.017576073705076085 0.006764943346114672 0.002455126103672718 0.0008814472800060556 0.0003301820539167299 0.00013599847613789042 6.442780450284878e-05 3.6215684863699746e-05 2.445832731080821e-05 1.9677789131619314e-05 1.832648546731792e-05 1.8887452370374396e-05 2.0388972007163457e-05 2.1778520070572244e-05 2.1878771564886166e-05 1.9906797772714265e-05 1.607959909666267e-05 1.1524083208023132e-05 7.4591216268661155e-06 4.503394894104722e-06 2.6435425081841744e-06 1.5777371892813889e-06 9.985979460109757e-07 6.941211472898911e-07 5.431050915593822e-07 4.846276170438145e-07 4.940637602760995e-07 5.709945695715227e-07 7.372177029376538e-07 1.0440620409420237e-06 1.5918294603691046e-06 2.570445821940312e-06 4.3432217143865485e-06 7.624717393627094e-06 1.3871783210110624e-05 2.61676328316312e-05 5.125718033065191e-05 0.00010425730032586518 0.00021940587593668583
0.21850903139519645 0.12897765435178524 0.06711845062434088 0.031079749117522513 0.013093842744691907 0.005192996335391948 0.0020251897206400777 0.0008157092519663872 0.0003564115421175314 0.0001763183582744584 0.00010180438781212791 6.951716768035329e-05 5.57785210071837e-05 5.125245669314844e-05 5.173114857277557e-05 5.4468080037766665e-05 5.66660342818593e-05 5.5459373934119216e-05 4.9200219182886505e-05 3.876299799203973e-05 2.707643257712022e-05 1.7044233368577922e-05 9.974568627975142e-06 5.65384578098283e-06 3.2471890784904283e-06 1.9736783768120934e-06 1.31752666946447e-06 9.926506326847722e-07 8.574136957903402e-07 8.524317856481225e-07 9.692079187976538e-07 1.2422890534852969e-06 1.7608494869034287e-06 2.7031029829718263e-06 4.407315042334787e-06 7.511504091840992e-06 1.323220394720315e-05 2.3935851908361424e-05 4.4335062407689654e-05 8.401433643411766e-05 0.00016272172491966515 0.00032113907701104453
0.2970786596097916 0.18980893021300424 0.10812812016545564 0.055236903980392715 0.025771336264916588 0.011314354743737641 0.004860876679258027 0.002137266163504731 0.0010064928848202983 0.0005285033256088278 0.0003186036006893231 0.00022349730118350133 0.0001815533655425947 0.00016688280927656954 0.0001670298176956353 0.00017342368091794285 0.00017741114739043735 0.0001705725498889953 0.00014863685062253476 0.00011499492463073953 7.878166304131746e-05 4.851570691181117e-05 2.7670996413734916e-05 1.5216497915360565e-05 8.439555388121811e-06 4.935052246358311e-06 3.1625682516021906e-06 2.2873608859104454e-06 1.901018455328415e-06 1.8265234940493305e-06 2.0189464706714833e-06 2.532414692757942e-06 3.534677774220469e-06 5.369206784854917e-06 8.68414958245002e-06 1.4673786249528534e-05 2.552556658633801e-05 4.525956930725202e-05 8.132771186326894e-05 0.00014766221201478578 0.0002703716245320327 0.0004979025789652543
0.38981512053153755 0.270671258380401 0.16979315166295542 0.0964060236578046 0.050244409092303925 0.024656790438776104 0.01179553240073007 0.005728039105070952 0.00294363288855034 0.001661793730347242 0.0010594418598091856 0.0007729842361467582 0.0006431074420266817 0.0005975906728157014 0.0005986363160769104 0.0006179289682174225 0.0006261007876354588 0.0005953195675281604 0.0005129016449041641 0.00039231412448344883 0.00026552982931504526 0.0001612277467095632 9.035663475513409e-05 4.85965088349618e-05 2.622099071274359e-05 1.4837878980789803e-05 9.160963535001642e-06 6.364466242143177e-06 5.07508913939647e-06 4.682105640248945e-06 4.9812167080138506e-06 6.0345374433554565e-06 8.165857612640225e-06 1.2064764761576847e-05 1.9015698630142287e-05 3.1305763055676024e-05 5.2915295966845064e-05 9.068183153544436e-05 0.00015627627765545682 0.00026954396252868205 0.00046397873623864875 0.0007950906187265694
0.4874554309928443 0.36775017486147693 0.2544071603290241 0.1610559746493856 0.0941756931435703 0.051929842810029735 0.027828090703908615 0.015024709023888807 0.008486975156281811 0.005190404825383382 0.0035262728672562165 0.002695725540917216 0.002312718990728747 0.0021857683649443094 0.002203390222317933 0.0022723275047760224 0.0022914171770871045 0.002165906621167784 0.0018561571876702075 0.001413963560807383 0.0009538452028832955 0.0005769537280334658 0.00032137101790892297 0.00017108417425304133 9.085842513585575e-05 5.027531305439785e-05 3.014923279116328e-05 2.022051604828596e-05 1.548953499240446e-05 1.3682373322657908e-05 1.3914686920857172e-05 1.6111500861061588e-05 2.0856056495809124e-05 2.9515330337184e-05 4.4603436849552036e-05 7.040658393265776e-05 0.00011393531323070925 0.00018632416922123728 0.00030488547600011234 0.000496111226250985 0.0007998794902618054 0.0012747211570083234
0.5750543105156413 0.46907704046009485 0.356456615473958 0.2510050583773298 0.16451595545147008 0.10192996898905178 0.0612180601973052 0.03678294407199845 0.022868565333032807 0.015175609474279875 0.011006233882929154 0.008831015553278372 0.007824695690720442 0.007532039487234175 0.007651142710166389 0.00789670616808431 0.007944836651864746 0.007493900507188255 0.006424501497978947 0.0049128143691942764 0.0033375191174394416 0.0020366211806637892 0.0011439513027530538 0.0006122512932852034 0.000325090766262946 0.00017849725479145593 0.00010528168358134416 6.881182587300908e-05 5.0922554727158446e-05 4.312874090126469e-05 4.1809540959284555e-05 4.596231777163532e-05 5.636073991658825e-05 7.54855903163598e-05 0.00010794030122610114 0.00016121765590545672 0.00024673475792655466 0.0003810830607543802 0.0005874972947534956 0.0008975920940899871 0.001353298333187934 0.0020084693466098807
0.6356961346356654 0.5557983495136894 0.45966602542926216 0.35697386681960797 0.2603902483863643 0.1802121245432295 0.12068713479465545 0.08032365459514103 0.05472436727045783 0.03924325704352932 0.030266826434441174 0.02539741776423972 0.023164073549349996 0.0226442751461685 0.023127150150533248 0.023859981043623645 0.02396034855135332 0.022610913225096677 0.01949301772934336 0.015087484144107963 0.010439630474322458 0.006518712505124031 0.003753818762689137 0.0020566504355681537 0.0011122833920153888 0.0006169545415758736 0.000363715337438153 0.0002347620243796928 0.00016946547878440935 0.00013839913407861915 0.00012809430281580665 0.00013340410564687013 0.0001541320128262455 0.00019386968911894918 0.00025995734364795206 0.0003639598510785451 0.0005222461461835692 0.0007563792833389706 0.0010931877337373244 0.001564548380224914 0.002206882121300066 0.0030600025447988944
0.6561573737437472 0.6083448606883308 0.5405546465531974 0.4566372710169797 0.36582163786970434 0.27944631821438387 0.20645204410075824 0.15070709498555074 0.11147387250762415 0.08562228523616876 0.06963946484051964 0.06063583934384883 0.05652342407461761 0.055766690749471846 0.0569810092354009 0.05856888807887576 0.05863669821156737 0.055443527800965266 0.04828876892832354 0.03813293394338343 0.027182032229320578 0.017621363314014513 0.010582162800414999 0.006048070339155713 0.003397842089606836 0.0019413225891291236 0.0011648439003482548 0.0007543564936731985 0.0005380382870432965 0.00042769167556832004 0.0003801203655149707 0.00037592133581394174 0.00040899113082704444 0.0004817519171568223 0.0006031531994641207 0.0007877709108329565 0.0010550063070125448 0.0014278551269589405 0.00193116783722662 0.002589678758039215 0.0034261187123119986 0.00445936037502315
