_RESULTS/REVERSE_NEW/Berg/TZ/3comp/Berg_TZ_z_355_kriged_reverse_3comp_test.asc
ncols 100
nrows 90
xllcorner 5.6208707817415728
yllcorner 50.959635321741573
cellsize 0.00013419651685393446
nodata_value 1.7014100000000001E+038
[rows 57 to 75 of 90, columns 0 to 41 of 100]
0.3994322957929471 0.40242503201520197 0.3877875366077024 0.35840401033025837 0.3193574464544799 0.2762859060758228 0.2339737346164482 0.19563603220080825 0.16288862124860035 0.13612303602553816 0.1149881327856645 0.098796600264176 0.08679769747971584 0.07833079256166957 0.07289964226170915 0.0702063707815489 0.0701749196441746 0.07298576341001155 0.07914003415495956 0.08957181127179359 0.10583028484359855 0.13035398139405835 0.16684607207109917 0.22071021396136709 0.29938473407830307 0.41219110238043066 0.5690437300474996 0.7773171361847828 1.0368475393110228 1.3347944877937987 1.644060118662475 1.9287803070442908 2.1563817361413493 2.310265855040462 2.3957831519803015 2.4368418689530795 2.466794581929524 2.5194964489947265 2.623878755653908 2.801449261076951 3.0638442658161646 3.4076764411740816
0.2697508608927508 0.2702294911968029 0.26091957445545233 0.24338197319709828 0.220270853707518 0.1945614123916672 0.16886880084551076 0.14506735009378507 0.12422652775724496 0.1067551128421644 0.09262228790424584 0.08156457913701821 0.07323980660832306 0.06732569739458959 0.06357747172066996 0.061862229866017374 0.062185904387763634 0.06472569336732928 0.06987932092335922 0.07834243047707992 0.09122573399322115 0.11022100927787297 0.13781271042500737 0.17749717223243713 0.23389720460999117 0.3125394203952907 0.41893858585588184 0.5566608037547909 0.7244710286072221 0.9136254476473025 1.1073408195254537 1.2842400156471845 1.425352258476426 1.521346751810092 1.575942793751824 1.6039902338792273 1.6262267453621935 1.6640674749830002 1.736420890666404 1.8582759809777936 2.0393881925148896 2.2812733525694893
0.19120154433970796 0.19096919769397142 0.18515457394639945 0.17457772367089236 0.16062531689544468 0.14488941705357744 0.12883383827909703 0.11358554842751209 0.0998708920126622 0.08805917678526598 0.07825812882721586 0.0704165496088693 0.06441014847707398 0.06010393181183759 0.057394560792619294 0.05623999371695307 0.05668425791831305 0.05888456462800703 0.06314735297176954 0.0699794279184762 0.08015940006774684 0.09483111646036976 0.11561070012722793 0.14467589281101365 0.18476419963784643 0.2389474962937389 0.31000707749393613 0.39928721776042403 0.5051696332363272 0.6217978519521857 0.7390965693445143 0.844897994244686 0.9288128034638574 0.9860709341325858 1.0192666026499637 1.0372687575525994 1.0523515664488634 1.0773107132900368 1.123652216806227 1.2007608485484216 1.3151647442194663 1.4688876914918103
0.14304693490402995 0.14279821556258526 0.1392679820666696 0.1328693353303046 0.12432149711896325 0.11448273344466392 0.10418636522720848 0.09412543501818407 0.08480152904090717 0.07652773228441599 0.06946411799416875 0.06366509562640801 0.05912500104225867 0.05581590217404395 0.05371700354514248 0.052837924544261235 0.053239236370231646 0.05505382660013099 0.05851245344535138 0.06397632932646903 0.07197826533695828 0.08327063793850374 0.09887115919025634 0.12008351323852798 0.14844803802021156 0.18555294593362745 0.2326294537223635 0.2899052384066017 0.35584151782864354 0.42660844523874514 0.4963019384734751 0.5582206487986544 0.6069278663134565 0.6401860971769596 0.6597759408007984 0.670875704933397 0.6805370803362546 0.6961353350662596 0.724350150379697 0.7706515338546862 0.8388560571154389 0.9302392367291811
0.1131302340331639 0.11313468761417038 0.1111613137819701 0.10739815188058563 0.10220292085119889 0.09602898360506637 0.08934715357854518 0.08258383806658927 0.07608525205395877 0.07010687795511031 0.06482115319038612 0.060335030807627865 0.056710821128433474 0.05398648859806859 0.052193989359070124 0.05137581176865787 0.05160069542371453 0.052979799767782644 0.0556845395881005 0.05996686545433791 0.06618163340724935 0.07480825415964579 0.0864641435577068 0.10189485227942367 0.12191575615184912 0.14727238483704516 0.17839235786133034 0.21503920317397096 0.2559582370310407 0.2987035249177936 0.3398723568206536 0.37584984752707773 0.4038786495211724 0.4229994009233756 0.4344089339974564 0.4411067371097593 0.4470946787896215 0.45655192749555035 0.4732592947291548 0.5002721004664576 0.5396392168100309 0.5919246858983838
0.09441337618310373 0.09479701806550084 0.09398220552609725 0.09202941782431111 0.08909114924426409 0.08538320690609963 0.08115186257555422 0.07664489253978911 0.07209107537152723 0.06768898029817612 0.06360341292508262 0.05996708240712819 0.05688543728807456 0.05444343657216384 0.05271372030968419 0.05176601373070905 0.05167769802394498 0.05254544260922007 0.05449767085616619 0.057707325648815436 0.06240366805121781 0.06888033933399806 0.07749432541008965 0.0886468012748309 0.10273313050397344 0.12004861726465357 0.1406446908918415 0.16415360493806025 0.18963884257170377 0.2155664610819618 0.23999219844011954 0.2609849683414253 0.2771732711509036 0.2881932146461547 0.29483574057112727 0.2988448655698047 0.30249602973001727 0.30815382905925087 0.31794252423413966 0.3335359867788909 0.35597772638027925 0.3854223514398063
0.08281244399842909 0.08367150999095152 0.0838376997327272 0.08329695593841208 0.0820772921750102 0.08024193383907058 0.07788144862547616 0.0751068698370917 0.07204436434080268 0.0688307547307022 0.06560880018428539 0.06252166355818585 0.059707010923171475 0.057292043365311275 0.05539096275071124 0.05410586732793813 0.053531187840235944 0.05376094060159094 0.05489753505086373 0.05706057976622764 0.06039382337806951 0.06506774970412452 0.071274270745401 0.07920863208563661 0.08903290607890722 0.10081705854562732 0.11446004448048379 0.12960652669762457 0.14559242734085964 0.1614648310931999 0.17611268757189905 0.18850365901754926 0.1979617617486436 0.20437928004537462 0.20827329356266663 0.21066991461663434 0.2128786285944991 0.21625071008413546 0.2219870310209779 0.23100315345176287 0.24381469546450305 0.26039733315127694
0.07593176170701639 0.07738008079184622 0.07850704607866298 0.0792550632873678 0.07957067824522514 0.07940660476833743 0.07872742003995177 0.07751882492134736 0.07579844048163427 0.07362457886731694 0.07109920878446974 0.06836288178762702 0.06558221234899554 0.06293329257308677 0.06058577369018743 0.05869168966791598 0.05738099411849799 0.05676340895485074 0.0569345110463865 0.057983297347999924 0.059998467466701184 0.06307085643581246 0.06728953098725297 0.07272910089769702 0.07942631061364426 0.08734587297773028 0.0963397483867226 0.10611080534022542 0.11619899464666236 0.12601077797092908 0.1349041864311568 0.14232026498988473 0.14792470718436623 0.15170844216000898 0.15400717972645303 0.1554342319128351 0.15675675970155434 0.15876024923966256 0.16213394738850176 0.167384257240502 0.17476228054409446 0.1841877600174842
0.0723437593627619 0.07453469374526085 0.07672799708181327 0.07884478409660634 0.08077576951576632 0.0823829185388167 0.08351027571343153 0.08400513610996951 0.08374715918991354 0.08267880935553823 0.08082776338317241 0.0783128730709516 0.07533045057306235 0.07212488573030475 0.06895310909134283 0.06605338309796861 0.06362544337023256 0.06182365708431449 0.06076045282429234 0.06051520848022535 0.06114381730815988 0.06268525766765073 0.06516276952029137 0.06857834687506746 0.07290037924888823 0.07804588780078216 0.08386128169725716 0.09010869865534259 0.09646750398702458 0.1025600301132544 0.10800482670031541 0.11248964451169975 0.11584449832240701 0.11808991168740143 0.1194421232469822 0.12027336955686037 0.12104191745702245 0.12221366723439019 0.12419231328948874 0.12726363647978645 0.13154985850587184 0.13696801495659527
0.0711799526055891 0.07431801689881352 0.07779686889843539 0.08153914181600853 0.08540097053840028 0.08916365767453141 0.09253998234155941 0.09520172789748442 0.09682979617545727 0.09717887566951268 0.09613874802039463 0.09377036782495941 0.09030158144097092 0.08608292963919517 0.08151987140194895 0.07700484594738655 0.07286808004863311 0.0693546809513588 0.06662470345632951 0.06476713753864753 0.06381835551771352 0.06377817697118664 0.06461995564916954 0.0662936968506355 0.06872301036246665 0.07179807137606228 0.07536806308664235 0.07923777102018209 0.08317348195529778 0.08692210919076863 0.09024379043265801 0.09295259492390184 0.09495471365168144 0.09627179806743487 0.0970408783920035 0.0974902134413678 0.09789832372908513 0.0985471553836804 0.09967856329185945 0.10145829886975154 0.10394718102467013 0.10707798054888801
0.07189338590067972 0.07623949543075517 0.08133361387404871 0.08713163677887488 0.09348313240119602 0.10010006947659492 0.10654353257526294 0.11224642205752862 0.11658537384336201 0.11899819110141342 0.11911801175225423 0.11687650961819443 0.11253213488161554 0.10660929958231666 0.09977393774447511 0.09269504608049757 0.08593792608019096 0.079910869441149 0.07486124394876834 0.070902434442156 0.06805160900580955 0.06626431860962406 0.06545938258691292 0.06553304471037878 0.0663644269698475 0.06781560343437232 0.06973003238890957 0.07193305853940621 0.0742376701548255 0.07645734748145536 0.07842550033001137 0.0800180764814333 0.08117354552356845 0.08190398361717219 0.08229307766330668 0.08248081047944418 0.08263850046032074 0.08293988500030795 0.08353342153082047 0.08451881723208826 0.08592865046786984 0.08771518472612744
0.07411348196427715 0.07998235938432022 0.08712765663002942 0.09558793121191529 0.10525315795606364 0.11579173622918346 0.1265921329571165 0.1367571754432636 0.14519123082356236 0.1507954890899814 0.15273308232123672 0.1506701633228049 0.14488558397072693 0.13619434323642354 0.12572059208407232 0.11462272245733654 0.10387485237525133 0.09415794895736075 0.08585419941760739 0.07910441537128728 0.07388550753477481 0.07007962897407803 0.06752335848468094 0.06603667007032948 0.06543661491147802 0.06554176026517972 0.06617270358462139 0.06715270326483298 0.06831107724168996 0.06949051222935494 0.0705577612891557 0.07141558404104603 0.07201267932607243 0.07234830321412884 0.07246945153620857 0.0724605178491485 0.07242734838376845 0.07247875521087285 0.07270848763502791 0.07317973877196644 0.07391320760089315 0.07487919821951718
0.07755002178850204 0.08529521792798257 0.09501651410697115 0.1069106332103079 0.12098750023371643 0.1369294460271463 0.15394646266858786 0.17069641280497883 0.1853633035258766 0.1959592244654377 0.2008143056297546 0.19908407078248813 0.19103750880555764 0.17797336732984265 0.16180787496535967 0.14454126964604946 0.12783004275539683 0.1127828222911284 0.09996469431513885 0.0895216271887645 0.08133508767176503 0.07515211910367275 0.07067258997968512 0.06759738179150791 0.06564931955889843 0.06457860281183153 0.0641615037981996 0.06419786238440943 0.06451030412462895 0.06494616954483268 0.06538170108377762 0.06572702093521603 0.06592992593183424 0.06597663995444239 0.06588838936812336 0.06571376672365034 0.06551791583012198 0.06537022107648711 0.06533225003187818 0.06544730564006895 0.06573240606342654 0.06617313487284568
0.08192428614703488 0.09190497461946844 0.10477207741555464 0.12098702981801247 0.1408034171801556 0.1640258697671328 0.18971803824678657 0.21597018219087877 0.23991161386432416 0.2581426985147734 0.2675887119836677 0.2664882362237622 0.2550348522921975 0.23531089570409058 0.21055055047298527 0.18413848166415708 0.15881196818765853 0.13630654845502313 0.11740276538322694 0.10218563723096606 0.09033814985124071 0.08137090432671201 0.07476430405388809 0.07003897739855777 0.06678044778524887 0.06464012944980622 0.06332714201501072 0.06259889100177742 0.06225392545281391 0.06212792276137059 0.062092187543768836 0.06205336151040311 0.061952886935728035 0.06176501351930245 0.06149266605636114 0.061161139526532425 0.06081017163282787 0.06048530206248583 0.06022949706719485 0.06007584819594687 0.06004187819867039 0.06012574856004672
0.08691909675714708 0.09944431251339399 0.11598905353118012 0.13741238722469096 0.16438044033003602 0.19699085181885662 0.23425521324039156 0.2735972300182876 0.31069491050175885 0.340044376091773 0.3563592734423825 0.3563599178471676 0.34004845658528793 0.310710784678841 0.27364413139982086 0.23436730505538433 0.19721684369607215 0.16477816258290082 0.138041552873135 0.11690593133595817 0.10069960815128728 0.08855791599867274 0.07963664854243473 0.07320350954910103 0.06865887688317564 0.0655241402761651 0.06342007082598704 0.06204603643315523 0.06116394913092146 0.06058727390676759 0.06017389755137249 0.05982124356122304 0.059462186324531076 0.05906074752564177 0.05860705652620369 0.0581115048920793 0.057598353641307914 0.057099229972355434 0.05664698346353458 0.056270296538348995 0.055989317433720556 0.05581246559246465
0.09214892939277379 0.1074008148270455 0.12799150150506208 0.15531556235855037 0.19064374912484622 0.2345862656149284 0.28626722937337273 0.3424096324383388 0.39685511052585914 0.44122236090449446 0.4670485266265936 0.46878049354394946 0.4460596526193731 0.40387381463070465 0.35047916750285596 0.29440715525431105 0.24216267838585837 0.19738219189508266 0.1612048057989901 0.13316499776779567 0.1120452333565201 0.09645047024335168 0.08510311770788093 0.07694807638222458 0.07115784764222297 0.06709799752128408 0.06428488903989862 0.06234909120488173 0.0610080174680142 0.060046939122900996 0.059306053177399565 0.058671252481661995 0.058066810774978786 0.05744889194129809 0.0567993776782353 0.0561198899241926 0.05542607401050029 0.05474226502582265 0.054096648344166096 0.05351699276365498 0.05302700671094017 0.052643355625961084
0.09715676637408091 0.11510503736701885 0.1397942016584507 0.17325613209812446 0.21752789054370458 0.2739451883465193 0.34194809039455176 0.4176207721139971 0.4927225190424876 0.5553617759568155 0.5930296502137776 0.5971741309762278 0.5668810993307982 0.5092774404590921 0.43638693407537144 0.3605253617630716 0.2908264403890238 0.23209373492049049 0.18550930380066838 0.15005891010139244 0.12380763422325028 0.10470489251467004 0.09096056692725397 0.08115123867014057 0.07419688169021052 0.06929415848189852 0.06584782080136564 0.06341525990813125 0.06166645384298435 0.060356555909640786 0.05930720402444095 0.058393143897077844 0.05753183266484729 0.05667473755343744 0.05579978871854028 0.054904826543550694 0.0540019838585632 0.05311290221146931 0.05226462101052781 0.051485966095954176 0.05080431043822379 0.05024266030279501
0.10144425783777176 0.1217764394116058 0.15016392822471725 0.1892896318305928 0.24201115911417562 0.31050126315033877 0.39467779585337615 0.4901414884749466 0.5866118792478462 0.6685231673115031 0.7189710699249522 0.726044685914923 0.688122674638537 0.6146110571426053 0.5216148674070666 0.4255166350067133 0.33820292898151383 0.2656167222283019 0.20888311578484195 0.16633962298198218 0.135267551924183 0.11292880866140731 0.0970118520051052 0.0857274964828968 0.07774948998889461 0.0721117615932336 0.06811212689218443 0.0652379592501045 0.0631140016962828 0.06146721638554371 0.06010290874936302 0.058887551301765685 0.05773540233097795 0.056597470445861525 0.055452308913738715 0.05429851176439488 0.05314879064195238 0.05202536316851003 0.05095626274162781 0.04997217445156812 0.04910350953766252 0.048377594997703756
0.10453453419423007 0.12663320395023472 0.1578052882323672 0.20127043253441143 0.2605865570063465 0.3386792305375141 0.4359659540633729 0.5477714124234421 0.66220840001702 0.7606373999879453 0.8223529185837642 0.8324483009838716 0.7885751873243646 0.7020297732059153 0.5924062630697265 0.47957331416586524 0.3777557898558125 0.29383596181814725 0.22885885358679986 0.18059456694832896 0.14565903329958652 0.12074092362122123 0.10309932601304571 0.09064593415524884 0.08185315645055015 0.0756208660471141 0.0711576393060745 0.06789175130602276 0.0654099530409023 0.06341668090825335 0.061706230200408635 0.06014231350169606 0.05864172536052525 0.057160710478965766 0.05568372713304295 0.0542146363103788 0.05277020058453715 0.05137547719260497 0.05006048485917877 0.04885751698078786 0.047798640797538046 0.04691316895879671
