_RESULTS/REVERSE_NEW/Berg/TZ/3comp/Berg_TZ_z_63_kriged_reverse_3comp_test.asc
ncols 100
nrows 90
xllcorner 5.6208707817415728
yllcorner 50.959635321741573
cellsize 0.00013419651685393446
nodata_value 1.7014100000000001E+038
[rows 38 to 56 of 90, columns 44 to 87 of 100]
59.05844492861794 59.72863205679726 60.353434515516824 60.910097918089356 61.370655825321464 61.71273440958514 61.92388715787296 62.00243268064802 61.95640944217702 61.80152984074425 61.55881880710654 61.252331563798066 60.906968548736195 60.54619585391979 60.18959989105137 59.85057964110172 59.53483332222098 59.24034649001513 58.9592545128642 58.681413177508276 58.39906134592646 58.11176206005475 57.830733494594455 57.581390152559294 57.4022822554806 57.33838029754932 57.42850842269149 57.691503957855105 58.1198275708508 58.68590062219694 59.35541964593064 60.09594917062904 60.87630585174688 61.662055628032775 62.41338138744017 63.08657638192401 63.6369446950957 64.02076255424849 64.19465616058913 64.10996148335504 63.69840671490723 62.85423475136637 61.458969351190454 59.53994738477184
58.67376303299028 59.3029958121362 59.89974457873083 60.44397425899156 60.912952616292515 61.28891414851619 61.56193418244384 61.73033179072899 61.7998168303996 61.78202606419813 61.69284027939093 61.55059890918179 61.374107492749886 61.180341551452344 60.98202090350482 60.7855882904159 60.59030356039725 60.388984251738705 60.170448251854324 59.92321676183877 59.63979640026803 59.32093683418379 58.97940837826739 58.64262852094109 58.35261373381455 58.160791553084366 58.116107705459584 58.24954230347416 58.56411644866245 59.03833491319024 59.63944465620422 60.333834429626606 61.087963114959386 61.864572696481034 62.62089590280172 63.310400877224474 63.88593591542786 64.30208199709743 64.51552330319069 64.48196839699834 64.1468003342752 63.430359126953526 62.233674092389116 60.53223422046923
58.218757061867564 58.82473912187365 59.40986221454916 59.95768766450804 60.44950808488626 60.870439321303024 61.21164281848276 61.470647912442935 61.65078386794301 61.76017786756023 61.81049566743787 61.8153913011603 61.78855909216411 61.74143579640153 61.68092425680548 61.60778924013797 61.516379282023934 61.39598316684564 61.233605830787674 61.01755445341368 60.74117659964921 60.406344294177536 60.0265445097598 59.62931501315436 59.2569287371698 58.96293530382831 58.80209846944988 58.815024803461945 59.015523589080786 59.39031352315146 59.910536292299945 60.54311905911528 61.25341752199724 62.00245724171115 62.74552782028674 63.43407549570448 64.01900819832615 64.45337313562099 64.6934774377301 64.69766727410122 64.42097943507655 63.80523826565556 62.77795548767116 61.302587125542274
57.732565437889704 58.32915940493887 58.915015703862665 59.47714249297823 59.99967371222803 60.46937785133181 60.87771472123568 61.22125205236968 61.501353077907126 61.72346144375713 61.89603052988154 62.02901614047222 62.1318997594288 62.21144616633158 62.26970383998359 62.30291241801408 62.30182314123935 62.25349770253482 62.14416952019981 61.96251242737063 61.702772566301746 61.36754479356019 60.97024520551299 60.53725385448878 60.10900422744959 59.73800240091257 59.48104434021136 59.38536579732361 59.47478378327301 59.74562970376529 60.175058339599595 60.73221630258752 61.38256806684757 62.08648445469691 62.79829421735516 63.468237617293724 64.04587187311067 64.48305302429107 64.73567037294839 64.7637478651077 64.52898711465666 63.989298221220366 63.09705209904982 61.8248450082656
57.245528570135505 57.8420695000489 58.4354709955348 59.016039713220295 59.56996818183596 60.08496973819416 60.55250179715298 60.96835249787483 61.33250112699831 61.64852407726434 61.922546423279 62.161684997385876 62.37205787213346 62.55669278384515 62.71390029392819 62.8366974415438 62.91359089739568 62.930574287410266 62.87382573070981 62.732518226607446 62.50137147089482 62.18288878425672 61.78941745274005 61.345078331225665 60.887065708454536 60.464740102203464 60.13399446345482 59.94567482481335 59.93192084645362 60.09906541066977 60.431932694919674 60.90352293554857 61.480612608682975 62.12392598656247 62.78778568667502 63.42208481100585 63.97573786799848 64.39994769308781 64.65047379142965 64.68868910160207 64.48106935646318 63.99698827827402 63.20830148991454 62.102866192917894
56.77793466779594 57.37901948304129 57.98079077623242 58.57724808306074 59.1564185593599 59.70670781302838 60.21957886522083 60.69036197095093 61.118216935494964 61.505551859227026 61.85691983770791 62.177406627504354 62.47068677338105 62.737157091619125 62.972695261052124 63.168496343951716 63.31210589797047 63.38936702090257 63.38677036805917 63.29375835744331 63.10479434514692 62.82126057494355 62.45333788454649 62.021881169084146 61.55987536211981 61.112251142851335 60.73197431943919 60.47084631930589 60.367060755217935 60.436247349824555 60.67179872713974 61.052014977442795 61.54619241450086 62.11638268325781 62.7178357957678 63.30101820286029 63.81505294422076 64.21122351056823 64.44570611056537 64.48133556294742 64.28834659541096 63.84423183085541 63.13459466966596 62.16068463279248
56.339435336360786 56.94596502547522 57.5517475856868 58.15576673335299 58.748333147386134 59.318691886358856 59.85850584129315 60.362995396655336 60.8309901550489 61.26432557589786 61.66667989187684 62.04194273874384 62.39236770342217 62.71694117034748 63.01044984282923 63.26355922176937 63.46387839090233 63.59767252064975 63.651784945921975 63.61547889599496 63.48216123977164 63.2511212677495 62.929409328504335 62.533795067199286 62.09239134890535 61.64495983629299 61.24025828759919 60.928927881837126 60.752756729188064 60.73505870297077 60.87776395822991 61.16551074989638 61.571280818895445 62.05942323501199 62.58703764606089 63.10613738327221 63.5670345715499 63.92199497695694 64.12834193723278 64.15074881228415 63.962754940898556 63.54775081198629 62.9004421987159 62.03114497903589
55.92900250528737 56.54083036536536 57.14318546581899 57.742493063886656 58.3326647886996 58.90437578683508 59.449847884848225 59.96455612907936 60.44744521462 60.90033191028691 61.326712664023205 61.73014613485498 62.11250847348172 62.47254322852422 62.80511045971181 63.10133297933274 63.34953069439112 63.5366108181076 63.64957913714658 63.67702390591117 63.61063586947859 63.44691753964303 63.189156829902224 62.84952997624962 62.45089749651231 62.027456851296805 61.62297450143337 61.285332424904816 61.05757104353066 60.96852119135027 61.02773497531646 61.226630510763734 61.54288099927736 61.94410299217162 62.39016158265542 62.83560636200114 63.23299011644771 63.5365649564947 63.70563028824381 63.70718840355176 63.51790702081459 63.12559972725149 62.53071077021761 61.74855466896686
55.53450031006347 56.154838870206035 56.74678111074633 57.3278473919962 57.89808219239965 58.45085283301541 58.979570247931115 59.480413135138676 59.95290921675234 60.39942466776304 60.823978254609855 61.23064083956732 61.62185191180482 61.997057793438145 62.35201400880774 62.67887447768597 62.966920783389334 63.20363648391039 63.37589308191278 63.471204732956096 63.47916344661124 63.393187607938486 63.212602837288955 62.94486783590185 62.60750194188288 62.22898311863224 61.84760726882378 61.507305268660026 61.25031492549572 61.10863342693619 61.097862327887164 61.21597495056783 61.446030844804454 61.75983009461111 62.120898312130116 62.487271326536266 62.81477235565978 63.06064529812214 63.18699286648036 63.16362863971206 62.97024955830095 62.598026606249356 62.050774776243955 61.34578618745499
55.13070269803091 55.77197453554717 56.35228476016051 56.904191786100434 57.43795704471603 57.952049900257606 58.442255174487315 58.90612818238547 59.34434320817158 59.760433295884 60.15965270710443 60.547364672078764 60.92733951636481 61.30037343844308 61.66354446502723 62.0101915407448 62.330455188629195 62.61211990884392 62.84160228848741 63.00510653946253 63.09006009935256 63.08691166240348 62.99126063210263 62.80611419483173 62.543857448221694 62.22730286155688 61.889007642158724 61.56807437109995 61.30423888181484 61.130421255388576 61.06634803783012 61.11572273359746 61.267246053042825 61.497649536705126 61.774943541503156 62.06149946502983 62.31731558224906 62.50351447884258 62.58571987996744 62.53693870521404 62.33976565887427 61.98787748695668 61.48679240373177 60.853793994466834
54.67595155422301 55.36498889675022 55.94539420635285 56.465669397291016 56.95141817330253 57.410357494357 57.842931475292445 58.24924811463238 58.631890904568216 58.99625211246256 59.34954723750562 59.69916095059653 60.05082526185056 60.407100346637975 60.766505632731985 61.12339115367201 61.46837637886547 61.789103417318536 62.07118824743827 62.29941408166767 62.45923202065897 62.53857469646361 62.52992124702538 62.432442014893205 62.253883086552364 62.01166619754866 61.73254617223669 61.45020244010615 61.2005488869759 61.01547615225592 60.91684295645988 60.91281780420943 60.99749608090362 61.15297753568281 61.352416795806185 61.56320665878137 61.75021578088864 61.87910946010044 61.91954936434067 61.847963368153714 61.649654049138626 61.32011168960979 60.86542619240205 60.301725886860524
54.11241779588103 54.888675479664464 55.50054393185072 56.00340963148648 56.44097836847377 56.835837188674276 57.19717211910312 57.52987349031701 57.83964028012479 58.13455157991131 58.42452573371402 58.719678329099544 59.02830162447318 59.35508276257855 59.70002120762585 60.0581953259172 60.420197016449684 60.77295618127796 61.100850710560586 61.38712360034964 61.615540784479016 61.772170848242645 61.84723413676272 61.83695490038388 61.74520351563248 61.584531263711106 61.37606830309665 61.14777214292258 60.93080417312501 60.75445666408055 60.64086668983422 60.60115581852447 60.634089787073854 60.72714218619193 60.858984397270646 61.002485865662 61.12782582087303 61.205603185289824 61.209793819869084 61.12031565745658 60.924964606334854 60.62053726298442 60.21302440814532 59.71688604955592
53.382956733425104 54.279066125664265 54.970748881944495 55.494459864684075 55.90419049989629 56.24084193657178 56.527920509959294 56.779042593919606 57.00519691733778 57.21832707532785 57.431831115370414 57.65921152664074 57.91191252049692 58.1972141766634 58.51684858000611 58.86660510521799 59.236745385606405 59.61295106201027 59.9777915718932 60.312683578902416 60.599925831911136 60.82441834061998 60.97510780722635 61.04633939436752 61.039086880436024 60.961794259886744 60.8304105409871 60.66718266652504 60.49797033108791 60.34830364772317 60.23900142749072 60.18255675025428 60.18130147734963 60.2276109092314 60.30565092628751 60.393925124763214 60.46809858325138 60.50383991318149 60.479505149903865 60.37845815898327 60.190804411938004 59.91435007736682 59.55469597189854 59.12453623783286
52.4783279064941 53.479708780725524 54.28981315377344 54.890328809376484 55.31902803531569 55.62726886758017 55.85570309035322 56.03160624317945 56.174834039590934 56.303151756402016 56.43438979553066 56.58594528882195 56.77282395585507 57.00539601838774 57.28777293377394 57.617145584137 57.9838648043758 58.37219268371171 58.76223442307618 59.1330324864902 59.465495916445896 59.74407667412014 59.957521791856486 60.099461591089245 60.16907222935314 60.17161773668796 60.118521732536834 60.02659542330415 59.91617273947063 59.80822225607805 59.720942415807656 59.66668014426419 59.64999376413835 59.66726199762571 59.70768884491547 59.755227613730625 59.79095011401688 59.7955354794543 59.75165132761816 59.64601514147977 59.4709223999081 59.22507212771849 58.91363126857932 58.54762503759021
51.50001932287122 52.51079258104934 53.41781784109334 54.1316921479731 54.63790563602752 54.97186158751541 55.18216105918212 55.31061081632037 55.38937298207337 55.44470939372707 55.50021887886236 55.57758827072613 55.69542777890818 55.86747201717681 56.10114948302196 56.39660820879542 56.74572265496995 57.13172325041506 57.53152887183931 57.92099531623896 58.27973349805404 58.592793944182056 58.85016530478927 59.0461458765954 59.17929058687057 59.25263855481631 59.27379348723395 59.25451289673265 59.20956364588973 59.15480622253919 59.10477570827811 59.07029646504086 59.0567327758342 59.063278656691864 59.0833448206906 59.10581782837202 59.11686251653122 59.1019652493579 59.047962730919835 58.9448219738116 58.78695864056017 58.57394472657417 58.31056694383686 58.00631110341262
50.67419544824049 51.53968831802553 52.43357085891692 53.22344979703595 53.82969667214071 54.24031289405452 54.48709314163725 54.61537764962516 54.66754642882925 54.67937001540892 54.68133533370272 54.69984189701223 54.75703645800928 54.87004894193104 55.0503593315543 55.302610136140686 55.62176551440854 55.99053900828556 56.38197745788299 56.76799810077286 57.127351611167384 57.447464884863955 57.721878033704066 57.94759783490881 58.12403503259321 58.25297629267342 58.33879599212102 58.38846038395039 58.411084777382484 58.416943077459294 58.41601953811853 58.41639495497023 58.42286499014777 58.43613428381522 58.45275304067228 58.46576616148632 58.46591213933979 58.44314981351951 58.388271232226906 58.29435897997959 58.15787776361457 57.97926445878164 57.76298130383529 57.517083827121965
50.260513777540915 50.85107007545524 51.581690084252166 52.32951921627135 52.97878326460685 53.46468940536688 53.779539948037005 53.951601023662164 54.02173180469403 54.03037097467055 54.01341852594871 54.001696246841256 54.02085743811875 54.091278158682755 54.22805998753726 54.43971694622773 54.723818998603846 55.06252349769753 55.42538117246754 55.781035354589434 56.108621892756126 56.40016487150393 56.65569869650249 56.87781073849244 57.06893238429477 57.23089002538212 57.36539358232935 57.47466796608961 57.561864372981454 57.6310661607266 57.68683500533158 57.733400896452856 57.77373328237155 57.808776421009114 57.83707688407688 57.85491370730894 57.856913788198526 57.83702932044519 57.78968313580134 57.71086103371974 57.59895484177587 57.45522813243766 57.28386094277862 57.09159991512309
50.402481440909106 50.68756212033318 51.160140381726336 51.741650331574405 52.324633116373164 52.818984054260945 53.17973100677105 53.40561822077835 53.52178049289493 53.56319440994957 53.5653323495305 53.56035394840566 53.57563139931162 53.63306469231475 53.74872529536672 53.931395525184975 54.17834559907649 54.47113787608138 54.7787920499953 55.07035579608751 55.32782117544562 55.54941874925285 55.743662861251195 55.9213715220125 56.090645682945585 56.255288324450845 56.41530718524809 56.56830335110775 56.71101941218251 56.84059122809251 56.9552317896519 57.054281564932 57.1377632443281 57.205710898030105 57.257567209183414 57.29187108910422 57.3063344851772 57.29827731205588 57.26528897095843 57.205936331987516 57.12034631872391 57.01054157817615 56.88047378540932 56.73575857099243
51.04032061279257 51.09051098362008 51.31479573020705 51.681592467599756 52.11771847852308 52.5411170900431 52.89234982046986 53.14717879456124 53.31074149888732 53.4047766915282 53.45697396883408 53.4947212608457 53.541854042684164 53.61692996238967 53.73228929404337 53.89279300716261 54.09312994355293 54.315621161275686 54.53361337012625 54.72210258407 54.86914797743333 54.979737599546816 55.07073163310816 55.1620801632451 55.2696131319982 55.401427644278456 55.55753051990525 55.73164055577758 55.9140030762865 56.0942088776274 56.26329309397833 56.41479044020829 56.54481622962205 56.65150068554492 56.73418234925008 56.79269999568457 56.8269809642891 56.83697200364497 56.822840559172086 56.785310948175926 56.72599121608523 56.64757719405299 56.553869191971714 56.449587003517756
