_RESULTS/CROSS_VALIDATION_POSTPROCESSED/Berg/IZ/3comp/1/Berg_IZ_z_90_kriged_reverse_3comp_spherical_1.asc
ncols 100
nrows 90
xllcorner  5.6208707817415728
yllcorner 50.959635321741573
cellsize 0.00013419651685393446
nodata_value 1.7014100000000001E+038
[rows 0 to 18 of 90, columns 43 to 85 of 100]
0.705932652006469 0.7211940592334442 0.7358425024881196 0.7497811231120116 0.7630457821306744 0.7757537531649394 0.7749696942568445 0.7535772571306274 0.7326494714912142 0.7124307115531939 0.6931120634023119 0.6748428951699943 0.6577408511416712 0.6418999767354544 0.6273972326736165 0.614297769453464 0.6026592986698155 0.5925358309326701 0.5839809893660649 0.5770510389401289 0.571475815549439 0.5669858470819161 0.5636286707804565 0.5614564267750599 0.5605271031336363 0.5604957663150284 0.5604957663150284 0.5604957663150284 0.5604957663150284 0.5604957663150284 0.5604957663150284 0.5604957663150284 0.5604957663150284 0.5604957663150284 0.5604957663150284 0.5604957663150284 0.5604957663150284 0.5604957663150284 0.5604957663150284 0.5604957663150284 0.5604957663150284 0.5604957663150284 0.5604957663150284
0.7118173514940663 0.7271159004214724 0.7412924939678172 0.7540878487200573 0.7651170311926186 0.7725139354532005 0.7689401574681284 0.7529417032144573 0.7333991777602664 0.7135402645397882 0.6942444874374922 0.6758708227925848 0.658615567574127 0.6426059370215755 0.6279336089260185 0.6146701733015353 0.6028758199703859 0.5926050658919493 0.5839110396166707 0.5768490253393921 0.5713019639545183 0.566859139752237 0.5635448795961184 0.561412199885295 0.560519810268029 0.5604957663150284 0.5604957663150284 0.5604957663150284 0.5604957663150284 0.5604957663150284 0.5604957663150284 0.5604957663150284 0.5604957663150284 0.5604957663150284 0.5604957663150284 0.5604957663150284 0.5604957663150284 0.5604957663150284 0.5604957663150284 0.5604957663150284 0.5604957663150284 0.5604957663150284 0.5604957663150284
0.7154672098105609 0.7303298152641231 0.7431738446132534 0.7535107272384013 0.760702258036173 0.7630688957769628 0.757997735039684 0.745453868201357 0.7286936983679182 0.7104427032321149 0.6920769620919937 0.6742645780937748 0.6573620479608122 0.6415812313500827 0.6270607129163662 0.6138993272622781 0.6021737443555804 0.5919487900240851 0.5832842161893513 0.5762396487868452 0.5707906524314089 0.5664876912690698 0.5633009748858642 0.5612860554103358 0.5605037422953494 0.5604957663150284 0.5604957663150284 0.5604957663150284 0.5604957663150284 0.5604957663150284 0.5604957663150284 0.5604957663150284 0.5604957663150284 0.5604957663150284 0.5604957663150284 0.5604957663150284 0.5604957663150284 0.5604957663150284 0.5604957663150284 0.5604957663150284 0.5604957663150284 0.5604957663150284 0.5604957663150284
0.7170294553987621 0.7313194213143641 0.7423511921640835 0.7496881115950399 0.7532446090114273 0.752386184410186 0.7462919721817175 0.7351860231193323 0.7205658886321501 0.7041364286095029 0.6871318631130295 0.6703164773647079 0.6541536506942414 0.6389337280194943 0.6248483546875289 0.6120318795473468 0.6005850517333443 0.59058936331284 0.5821064155000066 0.5750148234490148 0.5694678942998622 0.56521561108094 0.5622533137248128 0.5606319003410843 0.5603147760308722 0.560493628540958 0.5604957663150284 0.5604957663150284 0.5604957663150284 0.5604957663150284 0.5604957663150284 0.5604957663150284 0.5604957663150284 0.5604957663150284 0.5604957663150284 0.5604957663150284 0.5604957663150284 0.5604957663150284 0.5604957663150284 0.5604957663150284 0.5604957663150284 0.5604957663150284 0.5604957663150284
0.7165612762252939 0.7306835579550851 0.7395904658536668 0.7435463383143098 0.7438978076303228 0.7407632966331692 0.7339020974865135 0.7235150524644152 0.710400542393237 0.6956029966616534 0.6800546087386389 0.6644512938401951 0.6492766880417634 0.634862213324144 0.6214386750699933 0.6089454765772534 0.5966549189101878 0.5851026019121964 0.5748705967345084 0.5664198822158268 0.5600829494703699 0.5556425425128567 0.5530398232672321 0.5523216563804004 0.5534176270797658 0.5553419646115482 0.5574157670391967 0.5592472160897329 0.5603655249468713 0.5604957663150284 0.5604957663150284 0.5604957663150284 0.5604957663150284 0.5604957663150284 0.5604957663150284 0.5604957663150284 0.5604957663150284 0.5604957663150284 0.5604957663150284 0.5604957663150284 0.5604957663150284 0.5604957663150284 0.5604957663150284
0.7152976407934032 0.730699484887176 0.7361290246702633 0.7357403586672165 0.733058156978468 0.7280734968260162 0.7207050031921706 0.7108690198019462 0.6989335894866945 0.6855620484264351 0.6714301572106033 0.6571146663804992 0.6430649646322044 0.6290897066950996 0.6139098411565036 0.5983727062300219 0.5833663589952546 0.5696224867964188 0.5577273475105332 0.5481369177127904 0.5411828985567722 0.5366750297159992 0.5345271545905061 0.5347838111429079 0.5372752608304168 0.5409498701743628 0.5453235786265133 0.5499798994724779 0.5544107855882632 0.5580282602312372 0.5601819912124504 0.5604957663150284 0.5604957663150284 0.5604957663150284 0.5604957663150284 0.5604957663150284 0.5604957663150284 0.5604957663150284 0.5604957663150284 0.5604957663150284 0.5604957663150284 0.5604957663150284 0.5604957663150284
0.7119891011281541 0.7260584381426591 0.7296428638277214 0.7273353309238951 0.7228419924864187 0.7163238568648163 0.7078750445612477 0.6977925275884952 0.6865903785877899 0.6745163205695167 0.6617358675922769 0.6486165938763212 0.63318133861253 0.6155442115184259 0.5969624523690462 0.5785190397147444 0.5611168060199884 0.5454863902082465 0.5322026197124591 0.5217051441320939 0.5143099436910733 0.5098360722312517 0.5082020541724248 0.5094520490892626 0.5132184716777749 0.5185798475214601 0.5251858866677539 0.5326087797014178 0.5403188594319123 0.5476921392484759 0.5540238968620372 0.5585499174969515 0.5604765260851182 0.5604957663150284 0.5604957663150284 0.5604957663150284 0.5604957663150284 0.5604957663150284 0.5604957663150284 0.5604957663150284 0.5604957663150284 0.5604957663150284 0.5604957663150284
0.7066984322331492 0.7164551259282599 0.7201425407823848 0.7185083829839872 0.7135930574787548 0.7063232989181295 0.6971648808584795 0.6865522581528222 0.6749982151382412 0.6630833256654302 0.6506824427595737 0.6343906875252829 0.6149302407473282 0.5937464758467771 0.5721199582093222 0.5511394098050726 0.5316983756716113 0.5145075560837787 0.5001162864168109 0.48893811571805695 0.4812608874646988 0.47689756946135836 0.47579921103930045 0.4780013183120141 0.48284514837543985 0.4897732151079387 0.498468072605115 0.508503615218506 0.519344243061433 0.5303477250814546 0.5407739640691845 0.5498018100795964 0.5565556635687081 0.560142822272223 0.5604957663150284 0.5604957663150284 0.5604957663150284 0.5604957663150284 0.5604957663150284 0.5604957663150284 0.5604957663150284 0.5604957663150284 0.5604957663150284
0.7025631261790233 0.7098520996683497 0.7126230335638276 0.7110018297304131 0.7059157733846769 0.6982203153040906 0.6885551308691292 0.6774749263850539 0.665531778499487 0.6521554754549967 0.6341942126301494 0.6130472215611651 0.5899049087352572 0.5655633050404119 0.5412968130095899 0.5181755299684462 0.49706341968209844 0.47863556444990446 0.4634045564292036 0.4517504806698047 0.443919497230349 0.4397164333010401 0.439141604960167 0.4420957277866691 0.4478757390372671 0.4562090680028121 0.46679224098074046 0.47921259628913165 0.4929432188525415 0.5073407877010402 0.521648906429568 0.5350095891063648 0.5464852913986468 0.5550931411621469 0.5598518374846417 0.5604957663150284 0.5604957663150284 0.5604957663150284 0.5604957663150284 0.5604957663150284 0.5604957663150284 0.5604957663150284 0.5604957663150284
0.700904857660993 0.7064289020795372 0.7080972964099915 0.7059320061266079 0.7004393385481877 0.6922849913003649 0.6821163384856981 0.6705406861785898 0.657058743933754 0.6377359871563741 0.6138666043579677 0.5873781152484157 0.5600291930837669 0.5329310941886991 0.506449533422676 0.4815853159874525 0.45915721094955275 0.43979313696779176 0.42396125806147117 0.41200379193166836 0.40410861253697505 0.4000896900603572 0.3999952384493091 0.4034329253931521 0.4100204606221222 0.41957334745369473 0.43180889286754276 0.4463374746243434 0.46265340589711734 0.4801276952895013 0.49800557175929067 0.5154119493688413 0.531367893183579 0.5448205081859732 0.5546874805264286 0.5599158296726983 0.5604957663150284 0.5604957663150284 0.5604957663150284 0.5604957663150284 0.5604957663150284 0.5604957663150284 0.5604957663150284
0.7021244381140361 0.7062031537062053 0.706720253222244 0.7037068389166207 0.6975256252621506 0.6887280357879098 0.6779299759197753 0.6651926213947598 0.645853895079415 0.6204242637763512 0.5910258895674653 0.5596517100986315 0.5280633946359965 0.49774116642498056 0.469436001575593 0.44320504358422097 0.41978407757231684 0.3997467081656857 0.38351281926019987 0.3713855604188981 0.3634748736909178 0.35964112029727646 0.35982607426968133 0.3636065217445032 0.3708698915024794 0.3814496556467275 0.39508819249770377 0.4114256817733186 0.42998733889218277 0.45017127429976295 0.47124008294538183 0.49231981605168007 0.5124100770678667 0.5304084804648772 0.5451515529396705 0.5554723905874162 0.5602731912620239 0.5604957663150284 0.5604957663150284 0.5604957663150284 0.5604957663150284 0.5604957663150284 0.5604957663150284
0.7063904014453007 0.7091865447630475 0.7085142242356764 0.7044495348981636 0.6973265888768008 0.6876562619947966 0.6760050434863167 0.6582020231317356 0.6325582894146576 0.6013694388842752 0.5668728978863641 0.5311014998915968 0.495795195146844 0.4623674143491367 0.4319159544322353 0.4046527904070304 0.3805154455965016 0.36001889234869006 0.34353461572714034 0.33132874226309755 0.3234122968968061 0.31971071782614124 0.31994043785390713 0.32400029151471527 0.33181607194562746 0.34323926125494125 0.3580385806490226 0.3758874356846357 0.3963482277116311 0.4188556998991603 0.44270264059608583 0.4670320829799182 0.4908404324042531 0.5129955966296555 0.5322731049833826 0.5474113835196069 0.5571849605802408 0.5604957663150284 0.5604957663150284 0.5604957663150284 0.5604957663150284 0.5605252329474242 0.5608109346256255
0.7138155184028554 0.7154050542944254 0.7134807965677858 0.7081840823261578 0.6998795023435883 0.6890911036603031 0.6741401993569153 0.6498510180506896 0.618193217414608 0.5816321439980044 0.542491301030553 0.5028150823592586 0.4642964871810742 0.42826155424548873 0.39569702561973663 0.3672748355168504 0.34264107824445417 0.3218437586457318 0.3052092399479763 0.29295387349503316 0.28501951371694023 0.28121428789056807 0.2814567056544106 0.28574302040472666 0.2940062549616876 0.3061129973544168 0.32185602944008557 0.3409417106373544 0.362972308377045 0.3874252896392916 0.41363322720630286 0.44076904973118686 0.46784178731560994 0.49370770754029136 0.5171007294636573 0.5366841862534 0.5511234660098273 0.5591761000586419 0.5604957663150284 0.5605456374396858 0.5610393673369655 0.5619304853532794 0.5630635726018822
0.7245095616451166 0.7249055764353753 0.7216255899328541 0.7148978551277346 0.705159949331049 0.692708144027676 0.6715811457737445 0.6410263260834014 0.6036822189277438 0.5621559621480349 0.5188261947475684 0.4757198782360499 0.43445893124022034 0.396264046256536 0.3619993217731535 0.332241637507894 0.3071591335688948 0.28616028870312527 0.2694218823893577 0.2570800744054154 0.24893820484080037 0.24496527187516576 0.2452183339999687 0.24969375866155524 0.25832725191201483 0.27099363948888766 0.28750318595989865 0.30759099121287353 0.3308984057447495 0.3569485364863576 0.3851202424585124 0.41462621101064506 0.44450104378099853 0.47360499351059804 0.5006480482117687 0.5242373058086427 0.5429479787704165 0.5554151545097396 0.5608056906662109 0.5619083323397952 0.5634583599242371 0.5653359711083464 0.5673710449024145
0.73859928315181 0.7377573124531015 0.7329610045877752 0.724557310716834 0.7131000691043337 0.6966606131728595 0.6690701924587291 0.6325108642792916 0.589832966457235 0.5437549208990884 0.4966784144229197 0.45058467935684954 0.40700278494007924 0.36703351461566 0.33141039865675076 0.30058130605386996 0.2747973702195294 0.25363640321796976 0.23677839901593173 0.22412106344375762 0.21566756680360555 0.21154092834164193 0.21180382612440624 0.2164521997438335 0.22541574517033403 0.2385647271871571 0.2557148521143352 0.27662173613995855 0.30096221409019086 0.3283056046927901 0.3580811099089261 0.3895482798790778 0.42177726258412884 0.4536450320857184 0.48385289088456473 0.5109689332379073 0.533523393663711 0.5507043972283087 0.5613541387962209 0.5650117728501617 0.567674311654453 0.5706031736728189 0.5736100511034607
0.7562373162651735 0.7540487398769228 0.7474975619042098 0.7371008367869587 0.723543690188061 0.7011059520233149 0.6672416069223503 0.6249717823232223 0.577330587061531 0.527113063112447 0.476710888819938 0.4280329911578633 0.38249724103976357 0.3410739799134332 0.30436195151741313 0.2726804077087912 0.24616568185705706 0.22470326092992585 0.2074534149053548 0.1943472235954488 0.18557271558062263 0.1812806172214284 0.18155425701407588 0.18638809141067242 0.19568931410129262 0.2093009740322379 0.22702497820509104 0.24862573858885406 0.27381071888581665 0.3021952380623919 0.33326155996084506 0.3663210315122254 0.4004864927515105 0.4346612672420025 0.4675502766088166 0.4977499461112541 0.5244984158468616 0.5464527981116818 0.5620081157617368 0.569693602057647 0.5735378660539946 0.5775975721961347 0.5816623970232873
0.777605974076131 0.7738781965748578 0.7652225371122029 0.7524128995543292 0.7353869409454329 0.7065159291089235 0.6666053667294997 0.6189530446372657 0.5667380514715814 0.512791937802111 0.45946284043151375 0.408563726895814 0.3613874857200541 0.31876822827614715 0.2811695444825504 0.24878466616634337 0.22158339957681367 0.19941201258600183 0.18160417561673356 0.16799694448689184 0.15883044577633346 0.15432392033165382 0.15461175104841718 0.15968470313909855 0.16939441150350734 0.1835163452976924 0.20181034871133122 0.22403682201507982 0.24993100584908087 0.279155638842934 0.31124878999260225 0.34557698647843815 0.38130025085672514 0.4173546665367167 0.45248906308857206 0.48604657275157215 0.5168132485489333 0.5430998399677563 0.5631718511048629 0.5753791752524922 0.5808959427388336 0.586181053053775 0.5914074574163726
0.8029170023243472 0.7973320898652803 0.7860569812287138 0.7702738356156241 0.7483740546580173 0.7132059699932543 0.6675288987841286 0.6148702089722554 0.5585006431229687 0.5012425420744305 0.44536800417005395 0.3925751226508009 0.3440240646087799 0.3004126558013669 0.2620385918140011 0.2289015657826288 0.20092451588798765 0.17789250594832345 0.15943994468324468 0.1452006665260681 0.13548406411672725 0.13065404491512547 0.13096380340377792 0.1363952193274101 0.14667177154631456 0.16142825243054634 0.18034657652566957 0.2031767925086552 0.2296869534624474 0.25959314163256764 0.29249297637035687 0.32781016730183626 0.3647536730567616 0.4022959846367984 0.43982488628631866 0.47653202998592087 0.5108476627433579 0.5410155160934241 0.5651880729102484 0.5815581762812121 0.5895837943011368 0.5962034488883676 0.6027135283706975
0.832355179158843 0.8244350290380932 0.8097699252931972 0.7902713158425165 0.7625518386524711 0.7212914912491887 0.6702177798854184 0.6130073402181331 0.5529530832332641 0.4928192900588131 0.4347738393584499 0.38037664938523924 0.33060193795883774 0.2860098404935993 0.24681522108905446 0.2129848543889656 0.18427625212625642 0.16041274813779408 0.14115641854646505 0.1260728419069518 0.11551863062445712 0.1101437758183221 0.11049182541359266 0.1165213714684521 0.12764844405477765 0.14323876210993447 0.16287098574721046 0.18630308527345715 0.21335643917053715 0.24381220106058857 0.27733155176015994 0.31339509844156377 0.3512591691944239 0.39025303144927753 0.4300870171700223 0.46949775443870334 0.506902707895728 0.5404931874117137 0.5683258130967968 0.5884542085131639 0.5994163001458613 0.60749281039484 0.6154274742103674
