_KRIGING/CROSS_VALIDATION_CLASSIC_CLR/Berg/GZ/train_3/Berg_GZ_3_train_z_355.asc
ncols 100
nrows 90
xllcorner 5.6208707817415728
yllcorner 50.959635321741573
cellsize 0.00013419651685393446
nodata_value 1.7014100000000001E+038
[rows 57 to 75 of 90, columns 0 to 42 of 100]
1.4074593445538535 1.3449685862056635 1.2833527842694432 1.2229684490539976 1.1642487612153156 1.107744430614144 1.0541438626709267 1.0042629043060265 0.95899825585065757 0.91924407751579928 0.88577768703590309 0.85912661066631224 0.83943459604295811 0.82634757783703727 0.81894128931683974 0.81570987202108669 0.81462951469831801 0.81330334719835506 0.80918439342843507 0.79986347275861669 0.78339975163115683 0.75866433194629423 0.72566273029431927 0.68580090443039432 0.64206174900457591 0.5990644196361361 0.56298681395184169 0.54134118506843465 0.54260328080780007 0.57570579802284172 0.64941676331855014 0.77163244071705206 0.94862251796405839 1.1842727481206716 1.4793769468972566 1.8310359859086158 2.2322254150274672 2.671594298493186 3.1335540471035674 3.5987056411566769 4.0446351641186471 4.4470803563968584 4.781435642515369
1.4654456299775129 1.3999076649680868 1.3336203341661206 1.2669943969666522 1.2005991847397939 1.1352021442700571 1.0717825730450452 1.0115100412401061 0.9556822058279002 0.90562252505434082 0.86254503636940094 0.82739990400873453 0.8007188295830423 0.78248269198326548 0.7720342304591219 0.76805587033601186 0.76862702350752188 0.77136693160389513 0.77365929224065888 0.7729447002104417 0.76705760862338956 0.75457723300150215 0.73515748442476814 0.70980014257880009 0.68103814013807118 0.6530016712038782 0.63134815708872716 0.62304699375473782 0.63602051954819339 0.67865295982991669 0.75918865965380355 0.88504944520256124 1.0621084637137266 1.2939644804308565 1.5812664401411907 1.9211429382194711 2.3067944602641028 2.7273067117556455 3.1677395404649333 3.6095361909589059 4.0312805306894557 4.409804807909846 4.7216179973811387
1.5169897117215039 1.4478979764173945 1.376522120395965 1.3033564560501321 1.229133911025148 1.1548621707051974 1.0818289892832882 1.0115676227471264 0.94577793312169178 0.88620482928461919 0.83448256950637778 0.79196006407840991 0.75952762588677225 0.73746866903460906 0.72535996367216016 0.72204092529745467 0.72566621471286852 0.73384726953598922 0.74387827233004367 0.75303171091533216 0.7588993876788257 0.75974764401221528 0.75485155068221688 0.74477233732267423 0.73154540267207069 0.71875244030634478 0.71145977447524289 0.71601497812203285 0.73970427110180048 0.79028324535372207 0.87540257407628097 1.0019582859963787 1.1754029495955485 1.3990598897272413 1.6734874855817776 1.9959445680174153 2.3600104368046626 2.7554130822050467 3.1681154659078907 3.5807006924631386 3.9730813009127708 4.323535094215444 4.6100403279273081
1.560531070279602 1.4874123291497521 1.4105989235048819 1.3306978211454636 1.2486312038731351 1.1656670580887367 1.0834140701267041 1.0037724784799631 0.92883750463755121 0.86075836439499676 0.80156284203201289 0.75296398217360427 0.71617056327744444 0.69172573256268621 0.67939786186203777 0.67814409338935477 0.68616041729087685 0.70102314356458018 0.71991634442779806 0.73992950578692906 0.7584005229070494 0.77327243313009419 0.78342870916459639 0.78897193029131985 0.79141413784102554 0.79375367626754412 0.80042201452652528 0.81709395897317827 0.85036483619833825 0.90730783092750955 0.99493317397656633 1.1195780696137749 1.286262187853964 1.4980484366207591 1.7554527587639406 2.0559498413283732 2.3936234820719102 2.759010103915426 3.1391803515967061 3.5180955009080415 3.8772613840517689 4.1966820668985738 4.4560889162329342
1.594921330894046 1.517327655871487 1.4347776425558403 1.3480195896037694 1.258189005715906 1.1668314542057205 1.075885038783863 0.98761512399703855 0.9044992159445171 0.82906652504175171 0.76370374980227163 0.71044504064359004 0.67076888698910353 0.64542693198424694 0.63432887801597482 0.63650354611304949 0.65014910570394613 0.67277625074074643 0.70143775429870048 0.7330276568561731 0.76462459742229627 0.79384755541321028 0.81918926853203389 0.8402931290211948 0.85814328395982131 0.87514441704138179 0.89507642003635035 0.92291888466827587 0.96455010245986039 1.0263342737969874 1.1146184041915463 1.2351667295676716 1.3925655602064193 1.589635415594598 1.8268904757417974 2.1020877397574678 2.4099095624958284 2.7418227397298969 3.0861539940686966 3.42841438006334 3.7518927077305761 4.0385199819181423 4.2699832796429682
1.6194304554650965 1.5369299244164021 1.4483744496745603 1.3546816470848528 1.2572230273711613 1.1578368894690352 1.058796407386023 0.96272668634651049 0.87247025040587034 0.79090719083052918 0.7207431773865578 0.66428469299799198 0.6232251881468811 0.59846753852591683 0.59000673268984216 0.59689205345244134 0.61728055033951024 0.64858415418850535 0.68770248848551874 0.73132355500945878 0.77626623618905755 0.81983296089712909 0.86013855932831462 0.89638248241002239 0.92903593447369759 0.95992243856837178 0.99217903836814281 1.030094753737915 1.0788321233874536 1.1440459617746124 1.2314203930202032 1.3461506807662345 1.4924004926766852 1.6727683128272923 1.8877990243284828 2.1355783294871653 2.4114484458012853 2.7078828356871627 3.0145546978316471 3.3186275087988029 3.6052850870448339 3.8585028862808599 4.0620416326539157
1.6337432243002257 1.5459136230835926 1.4510976881410971 1.3504092548355404 1.2454771404505716 1.138445916087367 1.0319276343447898 0.92889970547014422 0.83255015065050864 0.74607835917487209 0.67246632931208716 0.61424116542497509 0.5732533721113795 0.55049648247533001 0.5459913898257851 0.55875346924731972 0.58685268196766516 0.62756724913944972 0.67762132538937814 0.73348765162833396 0.79172858279806513 0.84934406960505471 0.90409364082182386 0.95476126148690654 1.001336783821847 1.0450948680578629 1.0885608198216572 1.1353617986971403 1.1899704216295748 1.2573552565698913 1.3425587129015162 1.4502273292503676 1.5841226308327896 1.7466429092003892 1.938387785687963 2.1577984078314492 2.4009064597882985 2.6612243686471633 2.9298063848670646 3.1955046737124766 3.4454353039550178 3.6656555175907632 3.8420359572749789
1.6379514867178566 1.5443811360116302 1.4430555823993603 1.3353100918692109 1.2230504636463559 1.1087396074640774 0.99533102846607613 0.8861460509825998 0.7846979973313426 0.69447353315328031 0.61868805681582573 0.56003734209104317 0.52047073247409004 0.50101137971129206 0.50164604706788496 0.52130103609280298 0.55791246101588166 0.60858936303548306 0.66985821900309284 0.7379684841459826 0.80923200010329333 0.88036518126565277 0.94880224560035153 1.01295032589937 1.0723626278971017 1.1278131321407801 1.1812647377424723 1.2357312739541551 1.295041644126439 1.363520938932224 1.4456083826202841 1.5454354743814085 1.66638990713909 1.8106921600392045 1.9790124209792344 2.1701558944518538 2.3808445130500511 2.6056222107014713 2.8369085673822627 3.0652209786632714 3.2795777563691582 3.4680832161630613 3.6186808393908669
1.6325450552986782 1.5328439826743081 1.4247696703247252 1.3099014681000869 1.1904395761118318 1.0691755286586153 0.94940570147095138 0.83478651273887672 0.72913672509171712 0.63619932169404891 0.55938185109561034 0.50149892242878225 0.46454284278356561 0.44950767914715528 0.45628816375798231 0.48366816260166545 0.52940463161689721 0.59040315093756868 0.66297147041725091 0.74312921166430201 0.8269459436497153 0.91087693122670843 0.99206617949887588 1.0685897640754904 1.1396182794512699 1.2054847279809524 1.2676523677756395 1.3285850311805574 1.3915294737643562 1.4602249326488332 1.5385590773811659 1.6301920237112812 1.7381713605279983 1.8645616243773679 2.0101117259301944 2.1739837133388864 2.3535659221493814 2.5443926945272537 2.7401908797988006 2.933069532186356 3.11386289691296 3.2726274387938381 3.3992812515225017
1.6184009641668136 1.5122240949987396 1.3971903609803535 1.2751421627023094 1.1485882433386048 1.0206564447142841 0.89498574518955132 0.77555825976129378 0.66647897614242901 0.57171811730002298 0.49483715158250718 0.43872364447175038 0.40536159309140651 0.3956621842716237 0.40937508511835419 0.44509288459294205 0.50035202667466394 0.57182365206685248 0.65557843466979571 0.747401908140372 0.84313181290423089 0.9389871593453647 1.0318600668559024 1.1195456514857585 1.2008916118453163 1.2758568109808428 1.3454761202385959 1.4117362152795077 1.4773732341804477 1.5456078404628342 1.6198361965503649 1.7032968290392907 1.7987337286384248 1.908075725704242 2.0321516235806598 2.1704600053995815 2.3210120654099136 2.4802649940228152 2.643161870069068 2.8032910456005489 2.9531730128568459 3.0846752618123103 3.1895455596200906
1.5967678459160377 1.4838498933977713 1.3617071276113466 1.2324589387671809 1.0989321088990034 0.96459456608440086 0.83342481532790225 0.70971986784465124 0.59785194493096605 0.50199138579796831 0.42581899401808898 0.37225456339452578 0.34322884311965063 0.33952344264453971 0.36069731520609438 0.40511013238020355 0.47004307999253059 0.55190759786558119 0.64652361147126869 0.74944195887322373 0.85628177422207963 0.96305289802162641 1.0664358413464685 1.1639969286239771 1.2543231763986535 1.3370692757584612 1.4129167777865865 1.4834524193451382 1.5509778992255525 1.6182670480082424 1.6882882530066239 1.7639104764621332 1.8476106780430597 1.9411994121920702 2.0455802456054233 2.1605576962551059 2.284707668056722 2.4153236272837471 2.5484506006597245 2.6790168986055791 2.8010697009504022 2.9081148494202163 2.9935532229777211
1.5692401044999935 1.449439684158975 1.3201434400617986 1.1837552071447386 1.0434230487932938 0.90295319089747772 0.76665618008491188 0.63913031235606632 0.52499519479027179 0.42859548217434473 0.35370028724389102 0.3032265681552373 0.27901434548588555 0.2816777378259927 0.31054887331940173 0.36372254132506243 0.43819914632668699 0.53011343473650308 0.63502786337551442 0.74826340832469662 0.86523772895020046 0.98178109116478596 1.0944040368818231 1.200496793985881 1.2984479264118323 1.3876777043603445 1.4685891711571968 1.5424461330075359 1.6111918219184693 1.6772246183550499 1.7431481041417209 1.8115122155215693 1.8845608856419249 1.9639998355567132 2.0507965416644556 2.1450231530629633 2.2457523054525037 2.3510151901524683 2.4578304928800252 2.5623113951626899 2.6598551944926196 2.7454158248817633 2.8138534648074689
1.537715895471518 1.4110644037599978 1.2747262381983762 1.1313892209318512 0.98451801202251255 0.83824794563931371 0.69720783506070227 0.56627904447883659 0.45030629792482224 0.35378289166439481 0.28053807228313254 0.23345643085006018 0.21425772454900049 0.22336055291194712 0.25984529880983609 0.32152167360668771 0.40509537824210207 0.50641821701931122 0.62079777681567117 0.74333749801219562 0.86927614899670602 0.99429739744000778 1.1147848915552141 1.2280051918999499 1.332208980986531 1.4266491369911949 1.5115215277883538 1.5878400529263994 1.657261148625562 1.7218746259880808 1.7839775837383913 1.8458466875527775 1.9095219119579208 1.9766124693398146 2.0481335711494033 2.1243811639189847 2.2048509154173672 2.2882073214275813 2.3723084940310191 2.4542914898640129 2.530721433083281 2.5978047669934248 2.6516625160772751
1.504333910534559 1.3710832164999902 1.2280217764945827 1.0781117956555415 0.92512038796762064 0.77349364292104661 0.62815667689148946 0.49424918494901271 0.37681452043293739 0.2804675319459522 0.20907111872452711 0.16545284006380556 0.15119049696065034 0.16648951194485684 0.21016584530698545 0.27973725080092771 0.37161433007857192 0.48137259052803061 0.60407886262354915 0.73464092215423649 0.86814840571957519 1.0001759678815783 1.1270254735504681 1.2458918587823435 1.3549459597718558 1.4533359530026007 1.5411161053424058 1.6191166441551419 1.6887714311006941 1.7519208233615677 1.8106059937903043 1.8668686172226059 1.9225668581641087 1.9792156290230845 2.0378566140216829 2.0989618611012197 2.1623738911273058 2.2272850927105505 2.2922593078673312 2.3552984989318055 2.413956727174285 2.4655019517020769 2.5071231281386295
1.471386506134561 1.3320487782589583 1.1828338131496603 1.0269585828417755 0.8684678898997833 0.71208963625741739 0.56301346515496342 0.42660441168602881 0.30807201833055964 0.21212256577856103 0.1426264394068506 0.10233333417910395 0.092664640525599973 0.11360519848049599 0.16370649542660254 0.24020162406751155 0.33922048563582075 0.45608340086022836 0.5856438119159828 0.72264700135052018 0.86207202112788317 0.99942802565319 1.1309831374556458 1.2539126989955014 1.3663629960870234 1.467435065402473 1.5571000530524837 1.6360621656028267 1.7055873446142658 1.7673155744102387 1.823072672488163 1.8746941696411759 1.9238701785815169 1.9720166334617082 2.0201754635008466 2.0689444334791887 2.1184365954794746 2.1682693772936741 2.2175839291970174 2.2650959965730806 2.3091797897687996 2.3479856586132248 2.3795905710995315
1.4412103994697676 1.2965835899064759 1.1420657390962889 0.98109861892711003 0.81796874183821822 0.65764544954300441 0.50554025710544459 0.36720104679076493 0.24796379055808537 0.15259164450573004 0.084935275413794864 0.047648306744964453 0.04198752987876575 0.067719384365682922 0.12314315443543244 0.20522881686242322 0.30985520593250571 0.43212379363100539 0.56671626645304962 0.70826104342470608 0.85167511918800565 0.9924526967209355 1.1268800401740207 1.2521655413323727 1.3664837616099617 1.4689409135031986 1.5594759088402699 1.6387151635309147 1.7078006885921957 1.768209892807221 1.8215825532057386 1.8695663278656431 1.913687780258668 1.9552518592190256 1.9952696595611406 2.0344123683301465 2.0729886241550552 2.1109428962163541 2.1478735588187821 2.1830706222177412 2.2155740786230282 2.2442540912041546 2.2679134858975436
1.4160603171368502 1.2672339787800342 1.1085543943498808 0.94364812218814387 0.77699633736338591 0.61375796796056314 0.45951259417230994 0.31993844418487805 0.20045010676016184 0.10582768626903083 0.039872800082495496 0.0051262408514107793 0.0026770875848891595 0.032084026573974578 0.09141775322315504 0.17742015974759462 0.28576337928477202 0.41138138014404135 0.54884004558987898 0.6927093175351422 0.83790312649775367 0.97995891015167502 1.1152374400992449 1.2410340115746215 1.3556023113915325 1.4581011377718698 1.5484806231603179 1.6273281854369996 1.6956950590981565 1.7549223114145696 1.8064814117917509 1.8518395411077704 1.8923547638975473 1.9292016914610512 1.9633248866350039 1.995415295158159 2.025904464481874 2.0549720218743044 2.0825634411208007 2.1084170341633648 2.1321008377741162 2.1530611585212327 2.1706846521651619
1.3979748369642098 1.246312933101436 1.0848889095585934 0.91746505867540429 0.74866007437996296 0.58375999867797668 0.42844819208506757 0.28847113188849272 0.16926625148074259 0.075585043521531725 0.011147992304550991 -0.021633220199887893 -0.021836522176091 0.0099066664652360803 0.07147183494110565 0.15941972725777398 0.2692733900333979 0.39586434359179656 0.53371189794505747 0.67739791310501851 0.82190227280694494 0.96287132284200205 1.0968012959635358 1.2211297689538887 1.3342388916055798 1.4353831127068359 1.5245604183429509 1.6023492049608772 1.6697328569878762 1.7279313515371622 1.7782545502930971 1.8219861970990385 1.8603019545955244 1.8942198857419099 1.9245781888713458 1.9520330235797589 1.9770689333667344 2.0000154458803454 2.0210654924647358 2.0402938062373206 2.0576758780785713 2.0731098746542322 2.0864447794327052
1.3886464554510882 1.2357463815498131 1.0732319054823274 0.90494466043162114 0.73557542302476642 0.57046605686187157 0.41533060689376833 0.27591350961350281 0.15761232501973077 0.065099263522881978 0.0019788023511788655 -0.029482910178380228 -0.028527471362693069 0.0040465591504814657 0.065960547911183776 0.15365061405313463 0.26255916372308818 0.38749166983260808 0.5230011999561166 0.66376206139690752 0.80489764098093297 0.94223529217021551 1.0724716341664975 1.1932432420350401 1.3031087633168659 1.401457569654639 1.4883661466027613 1.5644260813636228 1.63056680964076 1.6878927754347315 1.7375492111656181 1.7806243830485864 1.8180898766066316 1.8507751721406331 1.8793689788309875 1.904437856383945 1.9264525506162367 1.9458139380577715 1.9628730542545745 1.9779428000558144 1.9913019860374208 2.003194853173726 2.0138306923676268
