_KRIGING/CROSS_VALIDATION_CLASSIC_CLR/Berg/GZ/train_3/Berg_GZ_3_train_z_500.asc
ncols 100
nrows 90
xllcorner 5.6208707817415728
yllcorner 50.959635321741573
cellsize 0.00013419651685393446
nodata_value 1.7014100000000001E+038
[rows 38 to 56 of 90, columns 42 to 83 of 100]
-2.0363898936579226 -1.7152199414016287 -1.3180668440436334 -0.85095605290018239 -0.3262357120583862 0.23721381290794691 0.81440063320015099 1.3753368757604951 1.8868327467324519 2.3148611433698014 2.6272955936607723 2.7967521414373646 2.8032243316838303 2.6361995337250965 2.2959882698880292 1.7940824551411267 1.1524726968850927 0.40198253825434249 -0.42020068008047606 -1.2735216594081844 -2.1172455471563842 -2.9134948156740714 -3.6298278544975342 -4.2411290074274195 -4.7306812589566594 -5.0904019214283913 -5.3203214373863874 -5.4274620431212792 -5.4243182292540082 -5.3271526447927817 -5.1543030650965829 -4.9246562545404071 -4.6563930671415275 -4.3660559166643464 -4.0679429251694046 -3.7737978226699433 -3.4927430379132969 -3.231394648079283 -2.9940992971723879 -2.7832413133434128 -2.5995795417144634 -2.4425850185804285
-1.900734584595364 -1.539395632063679 -1.1064670293890555 -0.6109973211915084 -0.068385291999849079 0.49960577121374561 1.065471558081327 1.5972783954872545 2.0606323174678551 2.4211837118747148 2.6474579115229946 2.7137322345780039 2.6026417109118714 2.3071989292916899 1.8319618293085929 1.19317304882955 0.41781434625065234 -0.45834754199215078 -1.3935216885870103 -2.343159791759009 -3.2633718592130867 -4.1141273090716188 -4.8619214867018803 -5.4816719247881514 -5.9577186302933711 -6.2839197541980392 -6.462940017410582 -6.5049096684134158 -6.4256778549114912 -6.2448941831388263 -5.9841302048911222 -5.6652074239723547 -5.3088411587016608 -4.9336510731797905 -4.5555381538941964 -4.1873899033377011 -3.8390526110961893 -3.5175008023113423 -3.2271363553296877 -2.9701593867988674 -2.7469659449627519 -2.5565407141133751
-1.7606362091685619 -1.3682133051472909 -0.91004431821604448 -0.39791803352601252 0.15009348359780295 0.70980210187751447 1.2517094325220122 1.7424883194329608 2.1470961136527404 2.4313858622745164 2.5649956088507175 2.5242287350791557 2.2946033095065821 1.8727555863615504 1.2674357308753978 0.49942849165052089 -0.39964380715128434 -1.3895416917962657 -2.4244298645510347 -3.4563774669634313 -4.438960364088592 -5.3305862293842701 -6.0972126910193456 -6.7142204774941447 -7.1673211231823419 -7.4525027608729264 -7.5751286952227312 -7.5483865879503655 -7.3913322661470833 -7.1267796742103675 -6.7792622068224846 -6.3732402265224 -5.9316668884964132 -5.4749610931650263 -5.0203817735805503 -4.5817575988343258 -4.1695025661181946 -3.7908396630502086 -3.4501584265091143 -3.149443458011433 -2.888725549267892 -2.666521665770635
-1.6193836260855885 -1.2040041497337994 -0.72978232387926101 -0.21091512725455799 0.33227193996451182 0.87365629540037715 1.3822822533199126 1.8239823169782756 2.1636003925602552 2.3676732041702797 2.4073425798052677 2.2612068911803496 1.9177883080296225 1.3773034170794254 0.65248163656746061 -0.23172554544852672 -1.2395732208380599 -2.3269786178063065 -3.4447628250718614 -4.5423387383560261 -5.5714525510795703 -6.4895879746327259 -7.2626975883187725 -7.8670240078904925 -8.2898977784469601 -8.5295284994822786 -8.5939207291210806 -8.4991309511511588 -8.2671272777200073 -7.9235181722755534 -7.4953858047495956 -7.0094041400019131 -6.4903542423016001 -5.9600818728051266 -5.4368850222393235 -4.9352775145084866 -4.4660511551505486 -4.0365515699677914 -3.6510880909210823 -3.3114110420711338 -3.0172059978093952 -2.7665704614631252
-1.4774218289506305 -1.0458502178982616 -0.56299163247329964 -0.045079514715913954 0.48575833634158955 1.0019751282169291 1.4716999205000532 1.8604656522118193 2.1335053607341683 2.2584655211883651 2.2083046245075817 1.9640838658859692 1.5173284994245724 0.87165262837530666 0.04340027262134552 -0.93884297731746791 -2.0358828530803774 -3.2005678717497301 -4.3812034205083661 -5.5253745476640059 -6.5837736087686718 -7.5136350020239489 -8.2814396979414582 -8.864656223461866 -9.2524142908376152 -9.4451410580316946 -9.4533075064330312 -9.2955175457612604 -8.9962161725915752 -8.5832942459398147 -8.0858323203674534 -7.5321657016844705 -6.9483809369561378 -6.3572832248898106 -5.7778148292817582 -5.2248625091672638 -4.7093689663715894 -4.2386574769688448 -3.8168859887146334 -3.4455618665778869 -3.1240662842116356 -2.8501542515217659
-1.3332439998320804 -0.89068893318630316 -0.40465884268547814 0.1069759932803509 0.62075493494407419 1.108223632085573 1.5371301950951342 1.8732249068593356 2.0825909733973815 2.1343506041199856 2.0035131753372366 1.6736743547511985 1.1392499575316013 0.40694536230177969 -0.50377628931608254 -1.5613607510982099 -2.7239663968972225 -3.9422661677018067 -5.162980041753066 -6.3327746065652004 -7.4021196962138864 -8.3287023266416149 -9.0800632866420887 -9.6352302795030216 -9.9852549363937815 -10.132697454478089 -10.090221071294957 -9.8785428348942208 -9.5240282766977842 -9.0562149960908354 -8.5055105728061466 -7.9012455529696251 -7.2701866326154203 -6.6355419662157349 -6.0164300702639899 -5.4277420349579151 -4.8803051449449315 -4.3812522450863103 -3.9345105782054364 -3.5413407947462359 -3.2008762324903204 -2.9106305126095231
-1.18451222892872 -0.73465956288607337 -0.2490503605772082 0.25322184675552495 0.74783677691152928 1.2059413739259892 1.5954167662701437 1.8827140224905203 2.0351808544572387 2.0237217015069562 1.8255598203944015 1.4268157017242509 0.8245940991884595 0.028291335721322419 -0.94010164482493153 -2.0468214539847214 -3.2482697804520244 -4.4939168708427184 -5.7298951780589498 -6.9029148952189328 -7.9640902919460776 -8.8722801435215075 -9.5966146733033995 -10.11799341596593 -10.429474269617522 -10.535611475301423 -10.450918149929004 -10.197711084169025 -9.8036331825924226 -9.2991420190847993 -8.7152088913899259 -8.0814040609990698 -7.4244652435447147 -6.7673716074815857 -6.128884960780125 -5.5234792635309695 -4.9615601826152131 -4.449875327687824 -3.992027892801711 -3.5890256873298561 -3.239818544636528 -2.9417958665825767
-1.0292176118778544 -0.57447351100666388 -0.091320380026519155 0.40033696014163478 0.87577982492677731 1.3062429398274309 1.6602221504600752 1.9053116363573015 2.0104895298183627 1.9486951879143906 1.6994717068256728 1.2513967144866815 0.60400537621464701 -0.23106926192953423 -1.2299491317938462 -2.3574649556210296 -3.5691898789879435 -4.8143952678696582 -6.0396483450096587 -7.1926830403391762 -8.226136933036944 -9.1007655824643603 -9.7878180733355187 -10.270371960938149 -10.54356269419468 -10.613779557048678 -10.497015987628824 -10.216640780233133 -9.8008899294070044 -9.2803671526166536 -8.6857924585358841 -8.0461657047077892 -7.3874310753713255 -6.7316528014645414 -6.0966526503225875 -5.4960212840898466 -4.9393991635876509 -4.4329249450706643 -3.9797645699583408 -3.5806560676216068 -3.2344277849379814 -2.9384672613042953
-0.8666976645630784 -0.40859894126219926 0.071117403110954713 0.55212929951514955 1.0097529596739072 1.415760738624108 1.7397016964449961 1.9507084994493873 2.019708189881348 1.9218832625560047 1.6391643505283113 1.1624891900287306 0.49354626321841388 -0.35425590571463456 -1.3557887156947648 -2.4752666585067074 -3.6683419649646112 -4.8850667575182509 -6.0734410001620498 -7.1831813479477606 -8.1693123205640354 -8.9952037172599049 -9.6347536427829024 -10.073532330663697 -10.308838632148301 -10.348756087009415 -10.210407842594622 -9.9176836588933437 -9.4987401361268624 -8.9835581824835238 -8.4017883021353885 -7.7810383128367455 -7.1456751796846136 -6.5161369425139295 -5.9086925284155587 -5.3355517815742735 -4.8052154248508296 -4.3229609751408216 -3.8913795835573985 -3.51090349634792 -3.1802883704744715 -2.8970348986034988
-0.69836163172897681 -0.2380882597086533 0.23765074745927697 0.70847639576761601 1.1501299755750829 1.5353215046613038 1.8350389706456756 2.0202976615484398 2.0642472435307675 1.9444881137615659 1.6453882593571263 1.160149318395167 0.49235706914188432 -0.34322474323991287 -1.3207950048738459 -2.4046696780408063 -3.5514080660979692 -4.7127420119673982 -5.8390273928371421 -6.8828600723882287 -7.8024701790305819 -8.5645353126914827 -9.1461313961292632 -9.5356564918854492 -9.7326983881822677 -9.746948702046156 -9.5963738866634767 -9.3049216722730392 -8.9000630657925779 -8.4104468637809902 -7.8638851055019403 -7.2858083849773205 -6.6982454158175129 -6.1193059753178822 -5.5630904764598004 -5.0399177011938141 -4.556754186470716 -4.1177397984524591 -3.7247272497230846 -3.3777813569116066 -3.0756104535860387 -2.8159233691689005
-0.5280265695094557 -0.066938041097835632 0.40408788553864944 0.86492799945974097 1.292082591869089 1.6595383672865021 1.9400472939924223 2.1067970649646939 2.135391960224255 2.0060020042939088 1.7054831094429723 1.2292326505154223 0.58253432844397957 -0.21882911848279515 -1.1488545437145459 -2.172552354429742 -3.2480832860670641 -4.3296248402827793 -5.3706893656017023 -6.3275453639604136 -7.1623713277825543 -7.8458027318015953 -8.3586135784231459 -8.6923909337578902 -8.8491945016969513 -8.8403212176272472 -8.6843967372325146 -8.4050769706889241 -8.0286571763656287 -7.5818561778461113 -7.0899791841708231 -6.5755794708049713 -6.0576531545767072 -5.5513268184927282 -5.0679447092412762 -4.6154349152955874 -4.1988311706216583 -3.8208433895144185 -3.4823981247411369 -3.1831019688755027 -2.9216099246998777 -2.6959026824459471
-0.36183075675230691 0.098054411384125031 0.5628728520224795 1.0130115978353951 1.4259976733751076 1.7773641134708271 2.0418854156123576 2.1951548098725153 2.2154236900213933 2.0855680257326839 1.7949966556452046 1.3412826236886934 0.73129121728491042 -0.018395780388801464 -0.88189893294234878 -1.8253505239283754 -2.8090306974707633 -3.7901527702663356 -4.7260228243799718 -5.5772358448462516 -6.3105550904283625 -6.9011578183411109 -7.3340142000384745 -7.6042837195359754 -7.7167447616148221 -7.6843964296394454 -7.5264669952921759 -7.2661169053863981 -6.9281305250293448 -6.5368532935584831 -6.1145607396146016 -5.6803585079670116 -5.2496249234815648 -4.833934069879354 -4.4413475212165388 -4.0769404542546459 -3.743430983195938 -3.4418040579460274 -3.1718548058612317 -2.9326123037390519 -2.7226365260693401 -2.5402042582053399
-0.20775639138676497 0.24789678671564769 0.70384521887474949 1.141176147311995 1.5386391208269954 1.8735088992372206 2.1227709989352563 2.2645988840411913 2.2800445182663904 2.1548138440896882 1.8809542394441883 1.4582520120655655 0.89513389917068986 0.20889389694152877 -0.57487285356995077 -1.4236586858481486 -2.3001782485923714 -3.1650665169701728 -3.9798676958381738 -4.7099880935771026 -5.3272778954766107 -5.8119489949561007 -6.1536232357001941 -6.3514235914127202 -6.4131500516325213 -6.3537004447246339 -6.1929847424609834 -5.9536264656767193 -5.6587421742491006 -5.3300442016302592 -4.9864347519551782 -4.6431676165428177 -4.3115642518400996 -3.9991982827648664 -3.7104160003571121 -3.4470432454047635 -3.2091385122277054 -2.9956811655848794 -2.8051231816852429 -2.6357736900514985 -2.4860204946373958 -2.3544171954996571
-0.074851059291282884 0.37236087488559322 0.8154126583596113 1.2362160416096422 1.6148659577163098 1.9304990821958405 2.1624292798887419 2.2915250855531903 2.3017515664837132 2.1817540121451477 1.926321833816893 1.5375470644831077 1.0254915945650369 0.408206678208337 -0.28899157364950934 -1.0350009827213882 -1.7950758800242232 -2.5334432642486924 -3.2161214508805798 -3.8136242134267677 -4.3032334061077808 -4.6705718643388554 -4.9102997798399226 -5.0258772022589175 -5.0284627026542115 -4.9351318581227925 -4.7666802343302423 -4.5453116937195821 -4.2925007011017549 -4.0272624625139812 -3.7649802118695583 -3.5168419652012686 -3.2898472488021779 -3.0872722719424681 -2.9094388260079698 -2.7546203809786212 -2.6199348951097301 -2.5021098405841515 -2.3980508613891276 -2.3051915197735591 -2.2216400035408608 -2.1461648048367246
0.027721021929291795 0.46113724677847495 0.88594727486454861 1.2849500266425011 1.6396396194202052 1.9310626562783866 2.1409089116293836 2.2527959201102914 2.2536692641120606 2.1352004492195431 1.895030627462055 1.5376896709520018 1.0750241660553195 0.52600000687175408 -0.084194026497340785 -0.72573130433760569 -1.3663143894020797 -1.9737245675209762 -2.5184818736505714 -2.976306830439595 -3.330083879586506 -3.571082659854937 -3.6992897081037315 -3.7228246178616962 -3.6565407444325637 -3.5200196080457453 -3.3352418779652071 -3.1242448145803197 -2.907053950557982 -2.7001124087296309 -2.5153386802084081 -2.359841013793182 -2.2362219944880506 -2.1433351539956425 -2.0773153690237272 -2.0326982939609479 -2.0034667859894904 -1.9839053673922924 -1.9691963291370482 -1.955742589977624 -1.9412446618976036 -1.9245871912964689
0.091646993288197781 0.50500435600134574 0.90518949735582765 1.2758982878369363 1.6000170707807664 1.8604849089016777 2.0413490637507663 2.1289686147057294 2.1132859870732239 1.9890509047808163 1.7568529896372624 1.4238059037827588 1.0037348063577005 0.51675442796027515 -0.011812861229315991 -0.55314676279392705 -1.0771419655979937 -1.5549131381720147 -1.9613166763901486 -2.2771864152018297 -2.4909985411848199 -2.5997451731586052 -2.6088983021432002 -2.5314699985125486 -2.3863001544124827 -2.1958079798273884 -1.9835101507933379 -1.7716263705550448 -1.5790609139013725 -1.4199745035561593 -1.3030598631565569 -1.2315255226988966 -1.2036946991999957 -1.2140542514718367 -1.2545513897482237 -1.3159343572295288 -1.3889625142336621 -1.4653613770584484 -1.5384574025657565 -1.6034844121461587 -1.6575997977275343 -1.6996789856779457
0.11030522283016446 0.49683580538059002 0.86544976873008117 1.2007092773659118 1.48683700245324 1.7085912346014132 1.8522982492317415 1.9069902446832168 1.8655650326250834 1.7258526397409173 1.4914508481418147 1.1721839296525021 0.78405292940021032 0.34858547934075573 -0.10844261394532018 -0.55885921397008309 -0.97437707822339537 -1.329079639491721 -1.6018303087730659 -1.7783061085776972 -1.8523840051023206 -1.8266810740292065 -1.7121582687711434 -1.5268251865937437 -1.2937085138751068 -1.0383482034946265 -0.78614548212735635 -0.55989580181703524 -0.37779772167856829 -0.25214467959518916 -0.18879709683902879 -0.18741720378344856 -0.242347755839778 -0.34394353194238048 -0.48012954384969009 -0.63796303778723051 -0.80501168577881876 -0.97041719144294181 -1.1255792307381207 -1.2644572469689415 -1.3835379134246362 -1.4815487706617234
0.079355408800072219 0.43230084964491156 0.76243623478397327 1.055133610854103 1.2958611857408557 1.4710792794501191 1.5692623557365648 1.581988014579375 1.5050040834434408 1.3391576928245497 1.0910520000081791 0.77329401820695742 0.40421662226180999 0.007002050137970367 -0.39179862418906203 -0.76427254768980002 -1.0835142555507065 -1.3261169137363011 -1.4744969198531881 -1.5187540699836761 -1.4578065686455512 -1.2996216255038553 -1.0604777380250228 -0.76332621311712467 -0.43544517920309223 -0.10567766152381206 0.19840075170413324 0.45303841648832061 0.64029364682949086 0.74924898105866189 0.77637018289648474 0.72504767319209695 0.6044628409909848 0.4279946805222864 0.21141525636718175 -0.02888469864528867 -0.27743953863004944 -0.52088422968229242 -0.74869571151656233 -0.95350191144875629 -1.1310144053747797 -1.2796757994270118
-0.002999763083471163 0.31016516928928151 0.59559916865240814 0.83941723548502312 1.0282222160021881 1.1500280685638653 1.1952832369262056 1.1579269952744238 1.036383710500431 0.83437599601494417 0.56142409069286392 0.23290203182789021 -0.13045358100304241 -0.50363725278321703 -0.85905518309658957 -1.1686931835008902 -1.4065871078881169 -1.5513398950157997 -1.5883876087684177 -1.5117163950430526 -1.324778495342557 -1.0404453941956446 -0.67995816856885161 -0.27097046364396848 0.15509411627926079 0.56605270094238902 0.93197594519412408 1.2278437668401578 1.4355450441911433 1.5450242506673864 1.5545032386976503 1.4698332524297166 1.3031403209361607 1.0710010159363619 0.79241713270793701 0.48684729034091634 0.17250801515927577 -0.1349112965095644 -0.42305195985666805 -0.68321284282931227 -0.91026287497873271 -1.102238978149503
