_RESULTS/CROSS_VALIDATION_POSTPROCESSED_80-20/MHZ/TZ/4comp/3/MHZ_TZ_z_710_kriged_reverse_4comp_spherical_3.asc
ncols 100
nrows 81
xllcorner 5.5967107548124995
yllcorner 50.982328804812504
cellsize 0.00017565037499993607
nodata_value 1.7014100000000001E+038
[rows 57 to 75 of 81, columns 42 to 83 of 100]
0.07584781488970939 0.07737114430232335 0.08077171120749065 0.08633335758117186 0.09426945509872173 0.10480091033502441 0.11805379912610078 0.13371234106046742 0.15137799395847407 0.17034195088790752 0.1895710415432056 0.2084368684998678 0.22561333247285809 0.23955895791121778 0.24894211851366407 0.25281160433825545 0.25066765384346684 0.24247457793953087 0.2295360465175988 0.21297840428806014 0.19460359562495522 0.17675161139744988 0.16083222061938685 0.14880372677075587 0.14113749969512968 0.13641232964524397 0.133947326441853 0.13351547313137468 0.13510238962412865 0.13785701529968405 0.14025024149916565 0.14233414559342022 0.14412595862447303 0.14562467425574666 0.14681348088228063 0.14766527536099378 0.1481504313494494 0.14824259387855826 0.14792065535093657 0.14716795969438326 0.14599332859667072 0.14478234228503367
0.07137312052383421 0.07221094253596255 0.07461283708779305 0.07888035285492086 0.08525390901242708 0.09390394082679476 0.10491967558076482 0.11799273136290618 0.13272664038496865 0.14852164688630437 0.1645567940708803 0.18039957080572172 0.19512773419199264 0.20756769712498005 0.21662804706799738 0.2214354960278414 0.2214201732093418 0.2167328144646344 0.20845894824381575 0.19720325240318612 0.18370248503152092 0.17026626154227067 0.15828129726840817 0.14878882118953896 0.1421861944771773 0.13819046670886664 0.13649712398963212 0.13694006395606 0.13944267983754133 0.14213872238153274 0.1444377081413569 0.1463487564801847 0.14789748196657343 0.149090842516126 0.14991870239030722 0.15036569401814934 0.15041501372288713 0.15005166270722037 0.14926385384244595 0.14804277421377798 0.14642605779411333 0.1448211977366391
0.06650954137354377 0.06658242120072831 0.06815236485846202 0.07130268094694456 0.07633984826363271 0.08346120457491338 0.09272754413559545 0.1038551375630737 0.11642120963511471 0.12989963979428062 0.14359723732939558 0.15718192101011255 0.16999599578963195 0.18114414002191057 0.1897334123669714 0.19499666316777906 0.19651616863598084 0.19483438868356492 0.19017089255963193 0.18284540486051423 0.17345793469329746 0.16368636725257907 0.15488209149774607 0.14773665129933958 0.14264822327741747 0.1397164413500461 0.13894684192535875 0.1404003858475286 0.14331175775197505 0.14587222273634753 0.14801113494866427 0.1497243684882957 0.15101224622120912 0.15187756169590674 0.15233193662898165 0.1523722548157598 0.15199141039008854 0.15118374686198668 0.14994569508120983 0.14827556908556833 0.1462633564238228 0.1443151864124733
0.06158806048235801 0.06082555441383806 0.0615121673031405 0.06377322128949735 0.06776115716327241 0.07370639368763429 0.08168504741915046 0.09143734991531843 0.10247090646047731 0.11429744880965277 0.126303086573913 0.13819060077329998 0.14948993269892824 0.15952682104319776 0.1675699824445834 0.17303468341977582 0.17606053183164477 0.17660524938251018 0.17467212547379735 0.1704272217610425 0.16421478423858757 0.1571433863344447 0.15097018290788553 0.14600453569766175 0.14260025517943825 0.1410184513444749 0.1414122167187521 0.1438220816713812 0.14652968597518706 0.14887041809479568 0.15078711783422333 0.15225620589081595 0.15326908333461334 0.1538244603449167 0.15392459389683869 0.15357354865322081 0.1527780020003823 0.15154673204999014 0.14988346855843176 0.14779272173183333 0.14547904213109097 0.1435133339729111
0.05696341449803624 0.05530143357511185 0.05502393361228643 0.0563515029598664 0.05955811809053061 0.06477653776741313 0.07192894960152271 0.08079637990168739 0.09081480092137914 0.10149480824667839 0.11229077945587512 0.12288045192073495 0.13296380101298766 0.14203164734110188 0.1495634594348866 0.15551084499250964 0.15965279378763877 0.16180707653407556 0.16191048753561693 0.1600244513142275 0.156329142112224 0.15142454295375557 0.14714728026515206 0.14403326734921956 0.1423427821385097 0.14215831508429624 0.14377401809428178 0.1464311677233689 0.14886114943696419 0.15093995197291732 0.15259635024325202 0.1537936213111245 0.1545156007958163 0.15475813495005541 0.15452416137457292 0.153820879338137 0.1526581081095949 0.1510472343669897 0.1490077969836838 0.14669341101747646 0.14451721828682695 0.14274157146558455
0.053014270694754645 0.050398044259185426 0.049047398771565706 0.0493206043712244 0.05175605574447615 0.05659940255231816 0.06352288291775328 0.0719807455325967 0.0813829898583244 0.09127718840241554 0.10119815603447918 0.11077774112873162 0.11985682688685413 0.1281862743433085 0.13565816753681548 0.14197673990133738 0.1468862872230251 0.15020089826368188 0.15181961046353765 0.15173409364183688 0.15002700132760394 0.14698138700615823 0.1442960965860115 0.1425814490779343 0.14208822889852632 0.14312037026041907 0.14551603622044612 0.14793282104713168 0.1500987203944751 0.1519090669217881 0.15329403781479345 0.15421261852738868 0.15464473945837942 0.15458448979591843 0.15403525005228064 0.15300673201396364 0.15155807908014718 0.149768624378091 0.1477021074583904 0.14548098916638647 0.1435308501936045 0.14197786389165387
0.05014520924291522 0.046564736642515904 0.044021633595255336 0.042975483951435876 0.0445890380310177 0.04942877835601584 0.05648840254827078 0.06487465328087219 0.07403496442854951 0.083438181394414 0.09269234312645272 0.10148856805856281 0.10994564939493029 0.11800214903256684 0.1254292197661755 0.13197630081334968 0.13741983532659657 0.14158113059453767 0.14434043476771355 0.14564561512696672 0.1454802312625727 0.14389729454324016 0.14236638074091737 0.14176930915656438 0.14239446295168073 0.14429940149692813 0.14642177687576713 0.14845742491946073 0.1502775710089482 0.1517752256341298 0.15287296802473813 0.15352366078960028 0.15370739531232888 0.1534272934128869 0.15270527000364192 0.15157796858709485 0.15009282237996932 0.1483042081031089 0.14626973175236313 0.14424801585874075 0.14255507298357897 0.1412548390851942
0.048764274916055526 0.04434459773526716 0.040668579721183186 0.03787214468750708 0.038323124221664444 0.04405218057474108 0.051422445993076535 0.059635961678394994 0.06842655777687723 0.07741256977696002 0.08633198249188045 0.09492958589370523 0.1031407591079028 0.11101711758740472 0.11840230400539714 0.12509457496615461 0.13089678385494935 0.13562973304266823 0.1391466542874835 0.14134740161337914 0.1421899214831641 0.14172136066687263 0.14127669729836667 0.14176279737766842 0.1432964246945657 0.14507705211082486 0.14686244496389622 0.14854347026519743 0.15001610139172744 0.1511924008632087 0.1520071460061211 0.15241984089002217 0.15241346317097257 0.1519915192867614 0.15117445002091978 0.14999588180458726 0.14849891734253312 0.14673255004733363 0.14479451515439468 0.1430579967558162 0.14164751353653568 0.14062504323770408
0.048849123179057485 0.044238331456511334 0.04005419255039491 0.036619352294452664 0.036419891077338805 0.04206556813652657 0.0489765719880899 0.05662563538778143 0.06485141242568523 0.07345324782987078 0.08208586778650308 0.09049634947541142 0.09849365327417053 0.10620737120485715 0.11353401496344648 0.12029389522584298 0.12630903433200016 0.13141467073649837 0.13547143245902804 0.1383767767078095 0.14007372065286647 0.14057810641038287 0.14116360032808423 0.14248463029225306 0.14394471531503805 0.14544258353405534 0.14691650244022827 0.14827704931820015 0.1494391830768786 0.15033065454898054 0.15089723794080237 0.15110491849775323 0.15093953413566225 0.15040475031445377 0.14951914884247466 0.14831294779650817 0.14682464577445076 0.14509919053109802 0.1434086167300659 0.14197700112774733 0.140868433414236 0.14014367774996792
0.050465673262609846 0.04615885189034384 0.04248290586520712 0.04002672886717016 0.04029620148089513 0.043885433989233 0.0494967788913761 0.05623664440591405 0.06372546689847124 0.07173047883045373 0.07996597676688988 0.08809600583968163 0.09588700280122467 0.10338672127550305 0.11060060703095483 0.11736557129086972 0.12351873596523019 0.12890657068427908 0.13339453797115464 0.1368759301781509 0.1392783156244698 0.14060401932182962 0.1417232313382606 0.14294236042699585 0.14421399011083655 0.1454798882396796 0.1466745678378701 0.14774415981442082 0.14862867615025732 0.14926852345068628 0.14961879227671648 0.14965119775980934 0.1493541030752576 0.14873110297424633 0.1477987027573541 0.14658352923345008 0.14511937318998294 0.14355855393284986 0.14218549803626676 0.14107161785381764 0.14027906146989538 0.1398672145820138
0.05372963767579337 0.04986210427212637 0.04687362533141938 0.04524638296851183 0.04558841177739351 0.04812333412953756 0.05253390780038182 0.05826862430319637 0.06492423274252111 0.07222013325821522 0.07992435931409676 0.0877137275827748 0.0952937853474543 0.10259174313643239 0.10965319780145236 0.11637427941399171 0.12260256897708732 0.1281917772719736 0.13300890901100065 0.13694077185699224 0.1397094690109743 0.14100680019383774 0.1419997200783054 0.1430619093138993 0.14414853139129796 0.1452079201894733 0.1461842890694183 0.14702170953793428 0.14766865133519025 0.1480862705952697 0.14824805122240375 0.1481307212726167 0.14772468117256377 0.1470332113862321 0.14607061659353202 0.14485988127769853 0.14349452871379617 0.14224560116239143 0.1411958046042931 0.14040734157912113 0.13993771397609564 0.13981973964610972
0.058373049594130894 0.05492262003569023 0.052456230776322235 0.05129574978743548 0.05174571894132311 0.0539017551909336 0.05758266959236222 0.062479064613672884 0.0683209987515873 0.07490040530606591 0.08198049756894028 0.0893361665401557 0.09667705153152031 0.10385394032100129 0.11074658055897484 0.11737965307018713 0.12362334319672537 0.1293006575879228 0.1341156725829828 0.1378173664386217 0.14016442453411893 0.14115618136204677 0.14200910519926588 0.14290958135355383 0.14381587025431838 0.14468208048581754 0.14546038439596704 0.1461039972393192 0.14657045818164954 0.146824643859843 0.14684100766050767 0.1466047374286454 0.14611177356917382 0.14536783870766543 0.14438674906900817 0.14324075722739407 0.14216118742156506 0.14122376092806901 0.14048526692998078 0.14000006045497 0.1398199105978533 0.13981973964610972
0.06413639948551439 0.06103089073709641 0.05892871603244037 0.05803937480587587 0.05853242221587247 0.060458464578617914 0.06372212714896142 0.06813151387826526 0.07346586381732488 0.07951105942127126 0.08606395678258548 0.09292380236915018 0.0999396563636551 0.10696052712804659 0.11370373776179617 0.12003291464046922 0.12590852442246664 0.13111831013150516 0.1354289031951486 0.13860207126031124 0.14040707997741325 0.14110575351655724 0.14181053155351994 0.14254799043994293 0.14327969863795462 0.1439648663324102 0.14456216664644886 0.1450320092165223 0.14533895565038082 0.1454539053972874 0.14535571779204956 0.1450320551283215 0.1444793867423235 0.14370223419887085 0.14278140640677492 0.1418951608917632 0.14110230452972822 0.14045738351982862 0.14001381270754584 0.1398233681816402 0.13981973964610972 0.13981973964610972
0.07079437732423068 0.0679686878950147 0.06612298015521087 0.06539783611798057 0.06589541536794194 0.06764253107367647 0.0705772819856341 0.07456719361163959 0.0794406328720791 0.08501016062030915 0.091081626861396 0.097454440884364 0.10401965392902253 0.11064380781404552 0.11709994811000284 0.12307785798781738 0.12840670141508498 0.13302589931111924 0.13671605804635797 0.13924864271307716 0.1404080780489207 0.14090517988447426 0.1414580668415901 0.14203392844902635 0.1425976657987567 0.14311300536045576 0.14354400321199776 0.14385680703630466 0.14402146203520086 0.14401351241542118 0.14381517428469898 0.14341592982710674 0.14281663607548212 0.14213573807632637 0.1414615632707308 0.14084281911832164 0.14032964763727604 0.13997256143510084 0.13982164961492294 0.13981973964610972 0.13981973964610972 0.13981973964610972
0.07814390400882305 0.07555465328700307 0.07389903846110579 0.07327649763699708 0.0737524948852297 0.07533951071778738 0.07798941037757987 0.08160030734884272 0.0860314888277241 0.0911172232023628 0.09667470049621225 0.10252371837578254 0.10858499290463122 0.11468185621888129 0.1206009522426303 0.1261170914444308 0.13097965762144081 0.13493001565313162 0.13789757083305848 0.13969279362351408 0.1402449730631265 0.14059825919231883 0.14099901185121322 0.14141681907969755 0.1418198331893833 0.14217578629930358 0.142453240190205 0.14262297017415326 0.14265933318536708 0.1425414507430906 0.14225425503083533 0.14184977971553858 0.1413970944474132 0.14093297616823386 0.14049846845964856 0.14013759354467809 0.13989621009891676 0.13981973964610972 0.13981973964610972 0.13981973964610972 0.13981973964610972 0.13981973964610972
0.08598643968190775 0.08361094412113496 0.08210781183800821 0.08155204686460395 0.08198804776886603 0.08341914659581291 0.08580288515613495 0.08905349047172849 0.093049104984214 0.09763969692167304 0.10265283855405404 0.10796125981925439 0.11346792470741288 0.11897526981009789 0.12427161334697956 0.12913501068500682 0.1333382879465595 0.1366562563694234 0.13887493008217644 0.13985248326904043 0.14001174507308584 0.1402213543358203 0.14047255960331487 0.1407375269448637 0.140987528457006 0.14119386126582742 0.14132889494399717 0.14136717255807804 0.14129950370598074 0.14115134776319507 0.1409378232530972 0.14068016388318316 0.14040584751957708 0.14014757208280756 0.1399421688860682 0.13982953894035424 0.13981973964610972 0.13981973964610972 0.13981973964610972 0.13981973964610972 0.13981973964610972 0.13981973964610972
0.09411488170462719 0.09194641480990723 0.0905774614446949 0.090068546901923 0.09045164817650986 0.09172417682283034 0.09384594197366192 0.09673988808874409 0.10029566159094212 0.10437416337025365 0.10882391998970886 0.11357869542678112 0.1184839781810842 0.12334492484576468 0.12795409029138666 0.1320953520267804 0.13554960074268083 0.1381022928116461 0.13955269878534074 0.13981973964610972 0.13981973964610972 0.13985611565750508 0.13994831553639286 0.14006546169284936 0.14018112316178533 0.14027420964772847 0.14032971055491456 0.14033925606482792 0.14030144303991804 0.14022189058740755 0.140113019152398 0.13999357728324688 0.13988796564571956 0.13982542367262824 0.13981973964610972 0.13981973964610972 0.13981973964610972 0.13981973964610972 0.13981973964610972 0.13981973964610972 0.13981973964610972 0.13981973964610972
0.10230612870925032 0.1003491105571351 0.0991087737125211 0.09863705394876829 0.09895852439720725 0.10006681738292866 0.10192264538723729 0.10445389715371675 0.10755746682279661 0.11110199524113334 0.11500454986072477 0.11917316362315136 0.12343365252497181 0.12759675676517543 0.13146158414575268 0.1348203127389431 0.1374644255921964 0.1391925284781164 0.139819566356741 0.13981973964610972 0.13981973964610972 0.13981973964610972 0.13981973964610972 0.13981973964610972 0.13982476091795604 0.13983961587280383 0.1398519136753313 0.13985424555609954 0.13984537086480295 0.13983026037619714 0.1398199238872818 0.13981973964610972 0.13981973964610972 0.13981973964610972 0.13981973964610972 0.13981973964610972 0.13981973964610972 0.13981973964610972 0.13981973964610972 0.13981973964610972 0.13981973964610972 0.13981973964610972
0.11031843665108612 0.10858431483029878 0.10747512196989303 0.10703760578937742 0.10729189459336712 0.10822929159034347 0.10981098318626598 0.11196796111364751 0.11460206677307214 0.11762102054266059 0.120978098525298 0.12452861775736339 0.1281050008668739 0.1315253034593739 0.13459732742345226 0.1371239104480905 0.13890956262490678 0.13976843778376813 0.13981973964610972 0.13981973964610972 0.13981973964610972 0.13981973964610972 0.13981973964610972 0.13981973964610972 0.13981973964610972 0.13981973964610972 0.13981973964610972 0.13981973964610972 0.13981973964610972 0.13981973964610972 0.13981973964610972 0.13981973964610972 0.13981973964610972 0.13981973964610972 0.13981973964610972 0.13981973964610972 0.13981973964610972 0.13981973964610972 0.13981973964610972 0.13981973964610972 0.13981973964610972 0.13981973964610972
