_RESULTS/REVERSE/TZ/9comp/TZ_z_125_kriged_reverse_9comp.asc
ncols 100
nrows 90
xllcorner 5.6208707817415728
yllcorner 50.959635321741573
cellsize 0.00013419651685393446
nodata_value 1.7014100000000001E+038
[rows 38 to 56 of 90, columns 0 to 43 of 100]
19.889008287459724 19.831991840482523 19.716583954406104 19.594841157986334 19.539981853979658 19.629408900060962 19.923378136910934 20.44613805207302 21.174668953502913 22.03942563022894 22.94052752831194 23.7766412043816 24.474016662878082 25.000911028657246 25.363129144070868 25.588803768837547 25.713193380349324 25.768903587470298 25.781404767394832 25.76752574956264 25.73464506802744 25.678634190470618 25.577956530230082 25.37844464936957 24.955815551778347 24.029478055681157 22.0106588311082 18.002173851083995 11.868724300721965 5.868653059163367 2.2845910254620825 0.7874270305385298 0.2649267004708633 0.09313585713509637 0.036261912401041874 0.016628934151039602 0.009611997430425498 0.007506756133746386 0.008444089838602706 0.014413761562410358 0.03864845329300534 0.1640743945355359 1.039174347783304 6.338900155209346
19.560064067913203 19.459343707662015 19.318761357021444 19.191935429452936 19.14823859247862 19.256836982541333 19.568084254703155 20.09775055306072 20.818298486792575 21.661173187087407 22.53292611040922 23.34189705103974 24.02371102367763 24.552856688443047 24.937425557261086 25.20468908666644 25.38705968848761 25.51310843506716 25.603460117940713 25.66944809390799 25.712392227282383 25.721549239718815 25.667982002024665 25.488554620319746 25.04680950475687 24.04558684832753 21.885289786108004 17.718233776272886 11.57173279758214 5.735091896422897 2.279976826901017 0.8175792328311973 0.29159462023915117 0.11080680403154171 0.04749977720948949 0.024365740418099302 0.01597819023527595 0.014350446422600088 0.018787183437960008 0.037581523789599586 0.11770410939264296 0.5673417319671722 3.4813216749705216 11.483558811821737
19.17400958982261 19.044934077666248 18.90083202499224 18.794208365448227 18.78726667603653 18.93779366687893 19.28372837437143 19.830638794199075 20.54572217095384 21.361922068086837 22.194035781687713 22.96269116262359 23.61539240536177 24.134496484904137 24.530963303565564 24.831040893226394 25.063854677026782 25.253574929198415 25.41586924882125 25.55679199443356 25.67221825144373 25.745984856859494 25.74404010720136 25.59903536756712 25.173172991835308 24.17769214341449 22.04872535217598 18.007678025802033 12.055619290931322 6.249330714567107 2.6357521542546145 1.0143801826387266 0.3947029946455359 0.1672577395467956 0.08172518951349447 0.04847724652309254 0.03689454009802069 0.03831319067586626 0.05757939385913765 0.1306568866954802 0.45194260929492636 2.1867463070326902 8.94608206148654 14.40328906965983
18.72982798735606 18.58723836536832 18.458798779828996 18.393239926194443 18.442927057329676 18.652123343412725 19.04486081004442 19.61566338961248 20.326373511406338 21.112188585108754 21.89756722656496 22.617021403413094 23.23123506312816 23.731223399593855 24.131137213860562 24.456230205055878 24.732277161279328 24.9790603022398 25.20750034780308 25.41888024272783 25.604577921451305 25.7446997388733 25.803215195000224 25.714819859846077 25.353556925898868 24.466037291266694 22.56672328135165 18.953651244484554 13.42880793529109 7.558102589537039 3.4807987651511203 1.4582977445949659 0.6206438489830253 0.2925854585218572 0.16317378124590465 0.11315216449829209 0.1015403238910883 0.12278972873583929 0.20914243967282545 0.5176486289618292 1.805457551229589 6.740298837434288 13.661107544589807 15.333459952483592
18.234627960752018 18.09202352255167 17.994784895502676 17.985540835056838 18.10497090105761 18.382657105001048 18.828161503226895 19.424930744280577 20.12998489117248 20.881765352722336 21.61544069571915 22.280089440142785 22.849810793246462 23.324300732335395 23.72094302760469 24.064134586648574 24.37652765812536 24.673846096026526 24.962747440072764 25.240473934767216 25.495042854348682 25.70467636914468 25.83454812481616 25.827232678730393 25.57971935563713 24.894646887501125 23.398287087683624 20.500633423589974 15.766451386953554 9.993557091804242 5.205190794421385 2.4172642957880885 1.1207734388955062 0.5739199335921169 0.3521917116065917 0.2756284241159186 0.2861013233504996 0.4008696153614374 0.7627823974311954 1.9377109775228125 5.6614058686020226 12.105472261140571 15.153155876242419 15.387015779630081
17.70598558619609 17.57476363237238 17.51973262329524 17.5756816624084 17.77063910789168 18.119248553267838 18.6168500717734 19.23649220499894 19.931437848086926 20.644518275678916 21.322300751132577 21.92835769524832 22.449621974306822 22.8939140660534 23.28165420939151 23.636550918640726 23.978528891460044 24.319771244537694 24.66328855227464 25.003030037948776 25.32460147407089 25.605601505826197 25.814140280268827 25.903054329065274 25.79533656632537 25.353188122782306 24.322764511350943 22.275595054498538 18.7074692332494 13.64657668154445 8.374052388930581 4.483829039229364 2.305456464968171 1.2685085347682752 0.8226476600377645 0.6808409759863229 0.7594728300843742 1.1594208671985482 2.325095644967481 5.364560661412355 10.630718455124327 14.257133447071901 15.042430482332492 14.94933328402624
17.172009331587006 17.060793859174016 17.05386479294471 17.177156180900706 17.44590949106297 17.860342175438074 18.402516466441682 19.036385326085654 19.712955192824513 20.380662766609106 20.997820929676962 21.54184542129541 22.01136177621688 22.42137240563517 22.794946349145707 23.155226280934006 23.519831997850005 23.897949486477057 24.28950400258776 24.6856663547197 25.070018088850755 25.419636659394236 25.705021441900367 25.88716189061676 25.90913172019643 25.67834039595581 25.03505141929296 23.710908642356106 21.327353893102355 17.599133247170098 12.864903408338538 8.298548833825732 4.969915801640528 3.023874666757749 2.063882403679057 1.729950397419256 1.9071791691371704 2.8230264868484065 5.184704796876144 9.366430489130918 13.003152924415087 14.252901412970461 14.32662937184378 14.16445701825578
16.66846280308102 16.58260872081062 16.62436331386682 16.81048812427447 17.143983846167746 17.611777961585986 18.184208380215857 18.817998341416143 19.46375633827965 20.076743202171283 20.627052094351335 21.104868381281978 21.519012014641042 21.890478734830104 22.24443484304833 22.60346558782166 22.983216828916653 23.39031339779517 23.8219767676407 24.266787605247554 24.70612746089088 25.115744262427352 25.46657834283108 25.72357263119813 25.840852033500127 25.751564297681163 25.351282607287924 24.477588140968834 22.90352366041215 20.400276590228458 16.94582272788479 12.985068142713732 9.325181310937493 6.590381262866495 4.923628442804298 4.206191781523125 4.390093549929499 5.698689418795266 8.410304709320009 11.55333296186162 13.21052750427991 13.494014883576464 13.342433007618466 13.147007029937782
16.23332511576705 16.17468138058112 16.2605898848737 16.498868007324447 16.88131234388915 17.38319776367955 17.965254271086977 18.579368884613494 19.177898718428075 19.724085897392087 20.199540391920344 20.605823630704908 20.960222473352253 21.288375623225182 21.61684692801245 21.96751970004574 22.354244474987993 22.781371210283645 23.243646478934053 23.72709314099895 24.210582287144316 24.667688653099084 25.068101173048273 25.377513300293586 25.55482566408871 25.545944260555704 25.27474862239974 24.634698806059983 23.49109720844766 21.715553589483836 19.277087242969493 16.362747152725657 13.394192971881195 10.8442677453473 9.023199958450046 8.059661202474716 8.024830631019086 8.970812908708732 10.63033330486038 12.067414795527442 12.584806978522685 12.490657210178782 12.240042048857912 12.007769684792171
15.900154029033601 15.867086141383439 15.988015809825997 16.26239801768319 16.67219799943789 17.18311298096297 17.74892666244148 18.31955748059444 18.851434467920868 19.316772889468037 19.708113181313138 20.03673184177728 20.326502082857782 20.606251077344854 20.903120982609913 21.238006415404996 21.623006183134173 22.060393042584696 22.542666270007857 23.053455344802124 23.56913072815481 24.060835635921737 24.496318563211837 24.84061475376536 25.05460823106282 25.091128223464953 24.889717413166306 24.373664868407833 23.456310062324935 22.066786093318385 20.201777646312333 17.985934519167746 15.68432426051636 13.619783388205281 12.04584620415636 11.08410126923054 10.745961855336146 10.942722602349402 11.409915971255694 11.7336509061257 11.696705202377721 11.42781089953962 11.116105998808107 10.844660538007805
15.691910423980893 15.67949385525048 15.822367043609379 16.11242858827819 16.523470346249344 17.01412709647188 17.534408012741338 18.03546532104473 18.48009273423182 18.850139610739824 19.14811266755124 19.39310893411511 19.613620493401374 19.840169729344677 20.099597663472824 20.411441515240494 20.786031254194334 21.22377482487751 21.71528822996703 22.24225467808181 22.778976921697485 23.294448264191715 23.754455024400297 24.122901690673896 24.361497743862458 24.42749624978101 24.27056698706254 23.832004490484852 23.051528194885197 21.887097015881448 20.348139805128294 18.529201655198516 16.61518619584268 14.835184556949809 13.382876302906165 12.354732486812019 11.735947069691507 11.421430159318058 11.24921878845589 11.054701266093721 10.757983460230658 10.39541105583141 10.041047825558792 9.735248557473378
15.616449914893263 15.616741145457237 15.765261518535512 16.04737827202519 16.43071043685951 16.86980378156926 17.31444590301561 17.720277474283233 18.058406791315544 18.32045119811578 18.517503859824032 18.67441570078024 18.82233423247133 18.9920353154076 19.209205967293723 19.491660642776985 19.847963427279307 20.276947371944054 20.767861655397798 21.301102226646655 21.849570373070787 22.38061479053238 22.85825965912301 23.245092578834754 23.50300499584231 23.592309467006807 23.46993212802523 23.089273474325662 22.405907176841055 21.39256732718458 20.06195462405726 18.487209407566077 16.803134890370885 15.17674723994159 13.75642863610029 12.626835216715934 11.791431647150834 11.185789233290802 10.713108177997775 10.28703355010202 9.863665855553915 9.447125046465768 9.064405287714179 8.734189496097393
15.664266786117143 15.666661138440082 15.80220800207662 16.051084471121072 16.377162660028855 16.73425793779442 17.07557553564586 17.364131166848637 17.580608067209692 17.72585737414699 17.817804816405918 17.884937338073982 17.9592230666864 18.07040825317438 18.24229167251123 18.49067836569272 18.82243391843772 19.23517250884314 19.717355331057675 20.248795496515996 20.80169391084847 21.34232249991158 21.83327710649852 22.23585591678483 22.511772342775142 22.623483942937963 22.53333197878871 22.20341562949786 21.599641477210042 20.702711001436555 19.524506233170587 18.121937173063444 16.596979205623345 15.07665403406394 13.679155363171047 12.482382489368808 11.509219400692768 10.73327217626052 10.10020053768204 9.555134808480984 9.063394528908235 8.615383129287888 8.216883683216187 7.874202534579852
15.808849792798704 15.80067360310385 15.903599377786982 16.09436784036046 16.335923272894778 16.584826677340192 16.800964791076872 16.95679093800897 17.042887592442803 17.06814489005708 17.055347192888675 17.034622589231763 17.03719024168747 17.090740190447953 17.216637568883876 17.42851172492529 17.731660917026687 18.12284580697841 18.590273357311556 19.1138029010259 19.665592635509114 20.211466474725253 20.713115200581456 21.13083710996526 21.42604973727866 21.562652502987717 21.5069542227207 21.227422040164072 20.697100378962634 19.901290300217298 18.84958994933563 17.586245576581312 16.19052187631903 14.762926324078606 13.401607016192841 12.179522533290262 11.13200169485871 10.257753704007849 9.530375260363448 8.914822545815136 8.38218322687898 7.916568553823035 7.512781550735974 7.169149491097539
16.010094323531323 15.977625255620787 16.02911046174643 16.13998245633992 16.27521418570231 16.397239409101072 16.47500709461012 16.49132770081422 16.446047522365927 16.354428154072085 16.242155806442756 16.139309867379517 16.075166035343994 16.074648988700552 16.156365101850177 16.33172703911587 16.60463446444966 16.971314853108233 17.42014703641912 17.93154720815858 18.478231874996755 19.026263017050038 19.537116660091627 19.970597951622565 20.287902082620622 20.453803914673387 20.437309624932244 20.21140122720953 19.754146348951434 19.05369745433215 18.117095595956386 16.978498593449196 15.700397938688612 14.3643889220847 13.054249348856656 11.838568938894976 10.759792925929686 9.832389814825273 9.048608131906652 8.388359588280094 7.8294715539489035 7.3546586414606985 6.953096533094085 6.617790521580896
16.22093978510072 16.150905114677606 16.135189988791414 16.150176768740128 16.16550898484229 16.151756409920672 16.088078057010485 15.967378603825702 15.79739396001253 15.597920816554536 15.395846180903785 15.219946035993322 15.096783472123454 15.048136394309667 15.089739783905712 15.230854107008817 15.474158455327016 15.815595745031654 16.244021886042212 16.74079918245486 17.27972740010784 17.827784524690273 18.3469813701841 18.797251044807563 19.139789167838074 19.339841221905683 19.368022531472306 19.200261036718818 18.818045659444756 18.21135520876645 17.384894976662828 16.364728517433758 15.200277192016959 13.958525453290251 12.711847221173553 11.524426403317356 10.44241762796551 9.49039696307262 8.673608462490442 7.983820774369832 7.4063265595431265 6.9258477962870675 6.529665543913862 6.207720428759196
16.396272190137378 16.277577772841205 16.183994939377154 16.094858334895733 15.986345535060293 15.838230507878013 15.639763081888859 15.392746795489753 15.1110576436342 14.817319143212156 14.538329515354462 14.300781634339565 14.128163741732466 14.03901799278397 14.046272846654482 14.157177152775127 14.373358307382667 14.690650392889612 15.098583427337003 15.579738125513018 16.109411096103738 16.65607691260927 17.18296811592976 17.65077559560165 18.0210274238061 18.259239057603708 18.33680705905578 18.23131789637662 17.926380080062767 17.41307363683638 16.694129811020762 15.78915601535783 14.737092441513203 13.59296984323909 12.419326427052956 11.275570801272213 10.209200745485985 9.251281711839523 8.416417066272052 7.7059412736503745 7.11260397219722 6.62517968748248 6.231816841226146 5.921532917392206
16.50164767255656 16.326843949877272 16.15095850236249 15.957675679422504 15.730540309916998 15.4584067028209 15.139506638010836 14.78282432510182 14.406602800448251 14.034900897464073 13.693585990469764 13.406914705938963 13.195273810316976 13.074110198412784 13.053741951392425 13.139594668454645 13.332395385338877 13.627983109566172 14.016669711391478 14.482414490419654 15.002284472638665 15.546668784897186 16.080558105338273 16.565953506686327 16.965102332847056 17.24379565265592 17.373698257810506 17.333101957939206 17.10669794289861 16.686081553710146 16.072340127351037 15.279991012596389 14.339524898010685 13.295948750587058 12.202954249661559 11.114716863480206 10.078236289266918 9.128402168411508 8.286474107048782 7.561389442885225 6.952719617244865 6.45408812155127 6.05614732180853 5.748563447479042
16.518882118696744 16.28489949869885 16.02838625847334 15.738016582504507 15.404564184279227 15.024948097363794 14.604720188670342 14.1582020542654 13.706440749056744 13.273909896761543 12.885089243897754 12.561769282433039 12.321448397642481 12.176777529627923 12.135746992701984 12.202172868157932 12.376012971495962 12.653175343533233 13.02478905693197 13.476249082811742 13.986520281275261 14.528138810980224 15.068198985422153 15.570429561870949 15.998174271656088 16.317663620112505 16.50062386802291 16.525461205259457 16.377202983969294 16.047492005105234 15.536016449473605 14.853317497647259 14.023133149000675 13.08208041333232 12.07587533755204 11.053157130206161 10.058997934981582 9.12998270848325 8.291779122309345 7.559090788936655 6.9372616263223925 6.4246355344616815 6.014927673125165 5.699144274316365
