_RESULTS/CROSS_VALIDATION_POSTPROCESSED_CLR/Berg/IZ/1comp/3/Berg_IZ_z_355_kriged_reverse_1comp_spherical_3.asc
ncols 100
nrows 90
xllcorner 5.6208707817415728
yllcorner 50.959635321741573
cellsize 0.00013419651685393446
nodata_value 1.7014100000000001E+038
[rows 38 to 56 of 90, columns 43 to 85 of 100]
1.0266193334806113 1.17427658601368 1.343271600272415 1.528730874077728 1.7348413384816077 1.9613170950576073 2.197506622900092 2.4304283246651046 2.6456251991157878 2.828267483999084 2.962772815672958 3.0421274175106476 3.066990373061633 3.051001131841402 3.060495707924418 3.1277574044377094 3.2258529252534354 3.3353470668809893 3.4458631312595287 3.5534074465868812 3.648662612196743 3.705491259069409 3.7056374505088288 3.655290793733613 3.5711538910836236 3.469476853395091 3.3608179428310487 3.248756508931657 3.129906361548741 2.985986143293364 2.7916574529274674 2.5383866766662164 2.2374707839398433 1.9025965864350387 1.556133226586466 1.2172204515484764 0.9041388404187827 0.637646038531404 0.44472510906513507 0.3469529001758944 0.35692016221745404 0.4471443044905721 0.5939038934338895
0.9847200092763211 1.1156286377705966 1.2706757239633002 1.438850917180139 1.625794456814338 1.828918294205598 2.038210228441655 2.2453919049385322 2.4382703646782597 2.603595993099142 2.7307876968702747 2.811874568562097 2.8365299923295706 2.8167250091740867 2.8309527008070994 2.9674147109892073 3.1136945319137403 3.260794515007328 3.411355311116627 3.562481257764566 3.702786696477423 3.7944921003536223 3.8080119393897967 3.7553303276546934 3.6703372044272866 3.577040096068429 3.4869270331793363 3.403233474029209 3.320475439396154 3.201064981706832 3.0171585659724545 2.7568970316485926 2.4282400277035983 2.0513786588936522 1.6549982648238954 1.2613753636890825 0.8913029785428945 0.5672263096541583 0.32979636395654166 0.221080387947294 0.24137324026138474 0.34720257721651915 0.5036046872692301
0.9296511299963925 1.0482972323652326 1.191456628256674 1.3445711313414355 1.5131908465098647 1.6957298567407202 1.8871999143669331 2.0778227978980315 2.256853326915542 2.413915433490618 2.540533095748647 2.6247607951948417 2.6591667516725175 2.663648984153564 2.710994621340408 2.8614258123825964 3.031947108800943 3.209143670663047 3.3932126923752017 3.5833924223535236 3.773371514266117 3.91683100791304 3.9336812530182375 3.857451233529045 3.7638645658902945 3.6778148766858445 3.6070390114169184 3.5518061927211937 3.5003249762166098 3.412016813758898 3.252142459726114 2.989138695375302 2.6283325103974997 2.204454496243889 1.7566514281340466 1.3100558458237797 0.8825807804405574 0.4902180857651267 0.18102528508634164 0.07535536818224964 0.13313518051738216 0.2591594265231477 0.42116618633822434
0.8629546217039736 0.972873592259996 1.1077425700383827 1.2503913741000208 1.4043368381557906 1.5749360129440486 1.7547644503884694 1.9345755426696223 2.1054195094729535 2.2593107996832824 2.3886215175130996 2.4790866789602424 2.5301259002687506 2.5722225003814114 2.652708078226918 2.7863693687781534 2.954825651590399 3.1424707576030153 3.3453661290414827 3.559604122760275 3.785984355059287 4.0108623198237074 4.005617392425125 3.8971184248601034 3.802640285653622 3.7285613269098796 3.6801600964408454 3.6599207602723105 3.648391714771461 3.6088177471569827 3.492626594845478 3.2336538084693096 2.829427622989063 2.350693314764384 1.854736986910051 1.3674748491698003 0.9015015861161598 0.4620945828711652 0.04931083845198203 -0.02014433770527746 0.08122842204916525 0.20913090169833326 0.36221251707699975
0.7899479961779377 0.8951258242375628 1.0240957298282898 1.1624694884231945 1.3121173563039121 1.4751022404241572 1.6457722742798402 1.8175682528855397 1.983272664470333 2.136077538859328 2.2633587902979926 2.355469206140703 2.4173667212932166 2.479935124387651 2.5740410185085976 2.70664518612572 2.8701381450757992 3.0542101874099 3.2549437774974637 3.4658575371371967 3.677255134070415 3.8449603664670198 3.8773153119816968 3.8168657380705175 3.749635638267426 3.7020529449534356 3.685168343999739 3.701671606076606 3.7320131826896867 3.759748427509651 3.7306863509546524 3.482893619789686 3.0017957691401795 2.462406974321031 1.9318622967625574 1.4273960160729426 0.9584333648950352 0.5382192184865996 0.20905187415619464 0.0836111189780373 0.12005944903345434 0.21232969816641245 0.3359467598692526
0.7190308120043717 0.8233492779238145 0.9488435163771272 1.0890343046393929 1.238244489203803 1.3966724870251825 1.5612895178997195 1.7265239066999065 1.8848683287342238 2.030282979467808 2.150370626856396 2.2413023627660325 2.307908023656453 2.380501523051083 2.4818983920190654 2.613526893869844 2.770583206835753 2.944702414452128 3.129765288345281 3.3164591057403694 3.489826541004609 3.6124550414797882 3.6565829450542573 3.6407617618440478 3.60777872208976 3.5884458818816443 3.6010239959724766 3.642778869019021 3.7029975090843914 3.7807049245169653 3.876583475291117 3.654710117798622 3.0614589427278007 2.4942479020378867 1.9623212445066947 1.4704431977406403 1.0277057993519256 0.6524341146201256 0.37518104209993275 0.23118853516051652 0.20950790146667064 0.257066777248673 0.34059559089764935
0.6581391847622875 0.7637907470931042 0.8907069878798564 1.0338045017913373 1.1826211049869253 1.3381369087247912 1.497531564246551 1.652869664332201 1.7997879862640627 1.9349207002902298 2.0465440034477895 2.1348757086623023 2.2037937992871814 2.278755007400406 2.379965437554456 2.507122102592307 2.656003665144449 2.818308347792777 2.9842931303608005 3.1388634742215773 3.2729394994666343 3.3656476034593528 3.406010335934451 3.407775327576978 3.395995119074245 3.3957534170726307 3.420563214890934 3.4638544510960383 3.524599465845335 3.5893779779441335 3.6042109105760494 3.3863215288766924 2.921957644529831 2.4154332333760706 1.927931475790004 1.4769611426346225 1.0768582075275313 0.7454880395962529 0.5003205157053224 0.3544788005793936 0.30361591430326873 0.31599656874296644 0.3671356107018473
0.6194999696902728 0.7246929361244598 0.8541814447895029 0.9991567809624171 1.1461130725781454 1.2982955173280915 1.4456032450436738 1.5885989805838803 1.725995533493489 1.8526993849975155 1.957083726236545 2.040716918738255 2.1070106046055868 2.1768483992320773 2.271470232705753 2.3897509125600545 2.5281531841877465 2.6797998248369503 2.831914532987609 2.953534398099399 3.043275047285979 3.108245131879628 3.1372403168553156 3.1400260134014784 3.132762925533684 3.133858956506846 3.1461992721892265 3.1763685492624285 3.2191586591498913 3.2464760085780595 3.199977999212802 3.004206537225696 2.65868475767593 2.2470476499648058 1.8323961259352575 1.440366704407846 1.0912161328721102 0.8024285494056653 0.5856222961685779 0.44696364037477265 0.3836310409511139 0.3729506321524516 0.39975176773144405
0.6175408555235639 0.7186922378597946 0.8474677531848915 0.9922242154046389 1.135433834682795 1.276504860011171 1.4111881950038865 1.5410056967138757 1.6674307313222008 1.783533574618409 1.879403472495206 1.9567300679196857 2.017665479503406 2.0773513235469334 2.159880385822186 2.264075594882521 2.387027916008905 2.52520736741343 2.676489935689265 2.761190614942378 2.801800999653239 2.8400282235850844 2.855024221276457 2.8491891150353448 2.8332695987977314 2.810524851203561 2.795772771378853 2.8064918058896264 2.8357236837246154 2.8464243982463824 2.7904556937114458 2.6298910710181707 2.3640931922637476 2.0363073253172628 1.6957209921629464 1.367574589052364 1.0716905470936982 0.8250271960490811 0.63689529973864 0.5113932630180994 0.4449829206032787 0.42086373977157 0.43032461670854993
0.6502700025759985 0.7470848459604114 0.8740965633288835 1.0170293456940562 1.1499325259263518 1.276395380128389 1.3970585592337947 1.5115414459628693 1.6241305206594792 1.7269193440685386 1.811587237107904 1.87964880673685 1.9325402122063815 1.979021588366826 2.0451123186938673 2.1301889222446184 2.2301381115059726 2.3397839569617345 2.4490341687870876 2.512531687723949 2.538499917698287 2.5600492613674506 2.565913737734027 2.550551447513418 2.5094776341451883 2.4480966065111947 2.390545912813928 2.3813502222377894 2.418122992829117 2.4387223495746664 2.3980628328623106 2.2747521000664293 2.0742635359784822 1.817484377710708 1.5402112277502524 1.2719115189608605 1.0269923359111643 0.8210570125759271 0.6619659788684423 0.5533998959312715 0.4887682603158775 0.4580522512859144 0.4562348129755661
0.7109925528059544 0.8058972647269951 0.9321436348946739 1.0682307546511374 1.189522916334898 1.2991425042463727 1.403053479969246 1.50027518691906 1.595955490588087 1.6829888289155401 1.754064983154899 1.8104942512026145 1.8531390194983914 1.8850424083062318 1.9310940546058906 1.993198424630934 2.0650671722877747 2.13908581247779 2.2053128030011107 2.2478964828956354 2.2681934106267523 2.280328028809253 2.2825206819676387 2.251264663636407 2.1849475414915447 2.0854410571132322 1.962292152356639 1.9307265772879854 2.0135058352515096 2.0577960806932563 2.038243708884013 1.9496488246682668 1.801323961973039 1.6061335114500692 1.3844328163821902 1.167142703776661 0.968127795963966 0.8001282465308037 0.6693981158955574 0.5784642174960196 0.5184258060073482 0.4857154133308065 0.4773048712758585
0.7955959681775131 0.8918683694332673 1.0178210704974928 1.1435661113948774 1.2535086932011106 1.345773523503572 1.4298526248674093 1.5071987991889053 1.5827702180379242 1.6518252603970947 1.7072853983522036 1.75035899587322 1.781508136935548 1.800305091678529 1.8247859285095396 1.863177435387093 1.9073348126360703 1.9498569473229646 1.984567463523012 2.0053529636746683 2.0139661899744596 2.0145486486417403 2.0031730756496615 1.9617047618110046 1.8863161356741651 1.7783055461425374 1.6465991921012728 1.60755826950295 1.6860868438414558 1.7313414094936084 1.7226474483097376 1.6615858937294417 1.5537962100313722 1.4083686942709892 1.2382414797015353 1.0648319238800632 0.905552846416528 0.7716643470044573 0.6675853986099739 0.5920278157601332 0.5383074568182186 0.5064647401833672 0.494832827371806
0.8911385946793515 1.0012785561077056 1.1261429680687 1.2427724472701316 1.3412190188189461 1.4172664341306278 1.477916267222555 1.5319337178370913 1.5842100908037027 1.6332611493329556 1.671469982792439 1.700015925314177 1.7191855516335148 1.7280273042663339 1.7325818009631586 1.7493444418833706 1.7695269199105663 1.7861246838419862 1.794383643026595 1.792556048438193 1.7787128199826232 1.7565488957207154 1.7299402436527587 1.6885808280558863 1.6212324676932415 1.535575735589549 1.4541764793872585 1.4226680340877227 1.4434366434832224 1.4637862594169193 1.455295270167867 1.4124658901977676 1.3353314527330078 1.2295282007220576 1.1041978529988972 0.9721129233105434 0.8480792927875638 0.7439770737388339 0.6632966442352715 0.5997239969985024 0.5528574722539195 0.5234884735479292 0.5109039764950066
0.9801645303143062 1.1105805348465632 1.2461931264345825 1.3636505721305545 1.4530206159867978 1.5121626877670706 1.5470544488004494 1.5734570133056973 1.5994977967454898 1.6267738550385507 1.6465297298405175 1.6597497784672464 1.666798458506273 1.6669248874590359 1.6588158592647289 1.6581302036674725 1.6605372080468004 1.654399142517255 1.6307774569208804 1.5932560392090696 1.549786304183113 1.5064559696130566 1.4667568289505843 1.429049248341354 1.3780607486713936 1.3189366316928355 1.267450135954382 1.2407218466426178 1.237834439277157 1.2391988001333685 1.2296898616977803 1.1994553776554822 1.1460379134275014 1.0722446059480981 0.9842353304365463 0.8900683745636631 0.8013675303087766 0.7239772729592632 0.6598571779560213 0.6065105716632272 0.5662437980384292 0.5400927384175965 0.5279404562856795
1.0580842003347388 1.2077143793626526 1.3551886941497027 1.4829876273921858 1.57408598759121 1.6197024749450726 1.6319757355761735 1.6289734920014118 1.6272166836615458 1.6316084683067709 1.6322646538476948 1.6295208823878793 1.6239169356647465 1.6151052471909195 1.6010435562593974 1.584813890599515 1.5714794915396828 1.5382725032494635 1.4740733396868244 1.3967119690556302 1.3237769231896304 1.2622452523314387 1.2138257319338286 1.1773416015495495 1.1439803472442522 1.1074204070269484 1.0756329648090523 1.0555409920225647 1.0465592484927981 1.043625313051796 1.0364859062591716 1.0175752159617717 0.9840624663601997 0.9371385667008522 0.880880222841135 0.8211601403580044 0.7643041402070754 0.7132045719492751 0.661492862571949 0.6165714120668353 0.582180170535998 0.5593948432916666 0.5484215466216877
1.1226673188417724 1.2841489312371233 1.4429778837224483 1.58847865416407 1.6877760070864904 1.7096683536345223 1.6966556174135161 1.671615047443663 1.6456344367291016 1.6295454903941098 1.6121829558141973 1.592059522116961 1.5700054375134487 1.54686435779977 1.5232303796864792 1.4986885315923555 1.4832895476465493 1.432940063065148 1.3139136636184723 1.1921712951351913 1.093664972175074 1.0199625240453267 0.9683094539135173 0.9350473630669084 0.9126035272317421 0.8958402914284589 0.8804425196248222 0.8698771874391336 0.8672687287637734 0.8689071467021146 0.8688246960793837 0.8622747984878582 0.8471135779005476 0.823920326470917 0.7955074342620412 0.7662420434632673 0.7380555809376483 0.7045755196976415 0.6685193080264634 0.6333246544839074 0.6038621450735242 0.58420858314394 0.5747214142246727
1.170926538956227 1.3327491436189156 1.4922820611279761 1.6511872080568675 1.7823254419405392 1.7539973676841498 1.7203260977533914 1.6815274601769628 1.6386094720140065 1.6028443617719386 1.5683643001835685 1.5303771064172311 1.4897734361349826 1.4479830007330758 1.4073495697410476 1.3731030437462446 1.3574151690905498 1.3165582471125403 1.1145414888954732 0.9615995044423029 0.8519117370042055 0.7770621411464684 0.7296392527287177 0.7035075637496259 0.6891199586108215 0.6848755550722926 0.6860553275867234 0.6911335463344951 0.7005227064555646 0.7121913241170834 0.7230800004414478 0.7305576638012123 0.7334076997320612 0.7321601327631782 0.7289562783554161 0.7267847041522009 0.7181581704602413 0.6984400384412479 0.6758639330756221 0.6532229317756862 0.632923869579905 0.6170096233901592 0.6090297159785911
1.1997208545814055 1.3512392764593648 1.495471856357242 1.6263347661717558 1.713015591886248 1.7220914656938444 1.694439989485415 1.652658345590023 1.6028641480196708 1.552838010067004 1.5027245071745257 1.446867264176868 1.3856462452545262 1.3198474188418992 1.2510034040431144 1.1833073314653624 1.1119982286314063 0.9990902397431963 0.83572363850919 0.6955218056495402 0.5982184536114297 0.5364310707998976 0.5015248732841066 0.48659382480543545 0.4814487770967828 0.4856567364152462 0.5013148652086284 0.5240505316769333 0.5482971015675057 0.5733879396653343 0.5980157154055742 0.6210154104375892 0.6420042635813571 0.6616990531083954 0.681494048903655 0.6977149432274536 0.7035050296406311 0.6952523774531378 0.68411381700795 0.6723926203644176 0.6621042558808454 0.6549388372793962 0.6522215165430439
1.2088614596692329 1.3442347885774446 1.466535061507912 1.565652188531018 1.6282631105504488 1.6457470327334809 1.628769205757874 1.5896648292713933 1.5370278833422724 1.4800946786246287 1.4194429887049944 1.3468132473958179 1.264507139893168 1.1720396156280382 1.0702831821340253 0.9577786657137876 0.8276676090689867 0.6733474163924298 0.5207059141900545 0.41221111011016076 0.3462145646450343 0.3090963366743621 0.2926827793213467 0.2921386301199975 0.3001079872344262 0.31522344125366775 0.3393997952149941 0.3730204177928482 0.4132992271860162 0.4537816640720179 0.49389062391967065 0.533462595312658 0.5727732141108817 0.6117457824012396 0.6464865995940957 0.675810638974423 0.6933648338651659 0.695064069445205 0.6936946768867958 0.6914890809311649 0.6901196532736757 0.6910430442944601 0.6954532348674067
