_RESULTS/CROSS_VALIDATION_POSTPROCESSED/MHZ/TZ/3comp/5/MHZ_TZ_z_125_kriged_reverse_3comp_spherical_5.asc
ncols 100
nrows 81
xllcorner 5.5967107548124995
yllcorner 50.982328804812504
cellsize 0.00017565037499993607
nodata_value 1.7014100000000001E+038
[rows 0 to 18 of 81, columns 0 to 43 of 100]
20.90432917574059 20.888728469711072 20.868634341523123 20.84693391586379 20.80511919213565 20.70042408256976 20.538640100255876 20.322677984240173 20.051761577730662 19.72475033659323 19.342286292926985 18.90712530931254 18.423694528953778 17.897469549768747 17.333897265329856 16.739910602655208 16.122810409819497 15.489718122485993 14.847394193111072 14.20208979237296 13.55943247182817 13.75238242188285 14.403597982262111 15.053389110951004 15.696099311329343 16.324796349352116 16.932868124232865 17.514973845109253 18.065417160867327 18.57880393458699 19.050198282990817 19.475134156203524 19.84958792754852 20.16991193917523 20.432731572869265 20.63481120880929 20.772897351100198 20.84355020421944 20.85242324246669 20.85242324246669 20.85242324246669 20.85242324246669 20.85242324246669 20.85242324246669
20.894160520078227 20.871077262095508 20.840920929164483 20.806860885551018 20.754282874519674 20.644177175893525 20.486640899061545 20.2831329661253 20.027371552118677 19.714550968239617 19.344316861479175 18.91945898263755 18.443466982557144 17.923083372342422 17.366218248497404 16.781352861825027 16.177694723455435 15.566029235552548 14.961892568334864 14.399175517916385 14.001435925018669 14.091198829722403 14.572576727873269 15.16033775220231 15.773281205886219 16.38539456815841 16.983248829353474 17.557354264850705 18.100278579069233 18.607362481676333 19.07350662580743 19.493973019715845 19.864556380574538 20.18148091067027 20.44127670977016 20.640633682576137 20.776237505968083 20.844596993231377 20.85242324246669 20.85242324246669 20.85242324246669 20.85242324246669 20.85242324246669 20.85242324246669
20.884210887782643 20.85369725959521 20.812487425810094 20.762590936291787 20.695122949806553 20.57737630274301 20.43216582567522 20.25551664971233 20.027093839056423 19.737981821861013 19.386826369741993 18.977234663749158 18.51680177333852 18.01422036116301 17.479144979796953 16.92246971172703 16.35723280135501 15.800932387801017 15.281397447573674 14.851036320793694 14.608457701335329 14.660740755409321 14.982602476052007 15.45561114598429 15.99614982959686 16.560735650844087 17.125658516729487 17.675881541941063 18.20053636331426 18.691073157011136 19.141943789249822 19.54932777856462 19.908532972110944 20.215430305899005 20.46628294022327 20.65756935932491 20.785800721876743 20.847337189886264 20.85242324246669 20.85242324246669 20.85242324246669 20.85242324246669 20.85242324246669 20.85242324246669
20.877105217773828 20.8410582598631 20.79076301073489 20.725297339289693 20.637455943914247 20.497599067593455 20.37932281265214 20.250487695307147 20.05821599347542 19.79463403736667 19.46453729020221 19.076352701625513 18.639501518757157 18.16431720221959 17.662317445330498 17.14682995299139 16.634236354690266 16.146361918932403 15.71466780198574 15.385452447290396 15.217713422771679 15.255529462442555 15.489103905903992 15.864362043759769 16.324504738679693 16.827469526184995 17.345265058767932 17.858815711389127 18.354320407430173 18.82121343428322 19.25105335285763 19.637839083609204 19.97881583718456 20.26954572300822 20.505903592898562 20.684052088466213 20.800236063438366 20.85058516191327 20.85242324246669 20.85242324246669 20.85242324246669 20.85242324246669 20.85242324246669 20.85242324246669
20.87501668577917 20.837294897937838 20.78407969332208 20.712937590606927 20.61804772963915 20.44860944403819 20.377179392124564 20.292181796563636 20.124956800273857 19.882825912733914 19.575290280494517 19.2122496896626 18.804233008054787 18.362712261238904 17.90053866887742 17.432606206058225 16.976887432857453 16.555931650641327 16.198482795095124 15.939456362722204 15.814201268713798 15.844490810405734 16.02543410875835 16.32862247319849 16.717319283301222 17.157602306042204 17.62272335118725 18.092436557416143 18.551310490576313 18.98731278939331 19.390827340022064 19.753989850760867 20.071160396637318 20.34031584982687 20.557187669602996 20.7175623657847 20.817357378135036 20.852412128360832 20.85242324246669 20.85242324246669 20.85242324246669 20.85242324246669 20.85242324246669 20.850449946309507
20.878632798116175 20.843795940537937 20.795558663092198 20.733875625958586 20.663723685454173 20.57386812512629 20.489546769632643 20.387636966597128 20.22610440396151 19.999593327880145 19.713769791584063 19.37746358074531 19.00108796316857 18.5964292900856 18.17684817509771 17.757694533136167 17.356868946941724 16.99536229679303 16.697254655642386 16.48807091254231 16.390216294086624 16.4160163089059 16.562567024889873 16.813002561000282 17.142655827837704 17.525478952405592 17.93822796087061 18.36156528636235 18.779800088706445 19.180237742776445 19.552534225491446 19.888156000699155 20.179938538679842 20.423166534714 20.616247916172895 20.7547490203061 20.834231752064746 20.85242324246669 20.85242324246669 20.85242324246669 20.85242324246669 20.851221608200973 20.834829134966185 20.803429641140838
20.886777370660763 20.85820907499988 20.82000967230194 20.77471210830843 20.73037037620268 20.688049859286696 20.6158548645452 20.506693078316513 20.34824735651579 20.13540449934154 19.87100385376236 19.562211382359127 19.218656856800546 18.851786935515467 18.474743036737678 18.102445425442145 17.751694666812597 17.4410591628279 17.190171118894426 17.017944793852994 16.939501571315926 16.962553772233584 17.08511663208488 17.29605656776797 17.57778014128048 17.910248313033467 18.273971098547122 18.651478307497623 19.027761248197006 19.390176237919146 19.72813649955393 20.032750505966252 20.296465245082285 20.512728083140345 20.678458035970294 20.79157424842552 20.84728617282319 20.85242324246669 20.85242324246669 20.85242324246669 20.844773935863955 20.81285268143187 20.761133299707183 20.695142048477134
20.897042721750438 20.876073676926826 20.848858863361027 20.81858471218872 20.791694459183013 20.773112290503963 20.720571441311026 20.621136943013394 20.47357423790728 20.277449280548947 20.03594733781335 19.75553992697577 19.44514592693211 19.115597366938072 18.77937913214538 18.45047775801482 18.14417186944997 17.876577072497287 17.66373429825192 17.520087729709978 17.45645091280864 17.478003627539383 17.5831831316329 17.76383505367482 18.006604834481916 18.295729603759455 18.614963164252032 18.948923118914184 19.283765284078484 19.607387255831732 19.909362444264985 20.18074026300142 20.41378705926032 20.60170359277741 20.73865266144256 20.82346359651999 20.85242324246669 20.85242324246669 20.85242324246669 20.83865418177592 20.79383363777081 20.723025741589318 20.631700140618072 20.52601247803207
20.906856118613536 20.89316314468411 20.87548956367351 20.856535463334033 20.84039190597181 20.826326923246157 20.79711601095708 20.717159157679635 20.58835280151099 20.413656923301687 20.197562451445073 19.946625231158876 19.669349366264818 19.37593508910625 19.07804500165848 18.78855760310258 18.521209695818204 18.290008227421676 18.108312651529637 17.9875821847486 17.935962325814028 17.95708376643846 18.049502450964564 18.206517630688765 18.41744638712114 18.66948399297303 18.948965107276827 19.242462556378072 19.537461378326626 19.822676958663035 20.088124943355226 20.325036595322526 20.525684382839323 20.683157697889207 20.791112667095472 20.845444489605672 20.85242324246669 20.85242324246669 20.837102243778503 20.784283604077856 20.698357472537218 20.584297809163665 20.448073288165443 20.29695021916211
20.914240357370424 20.90665431085641 20.896388561541595 20.88538787742276 20.874280044941703 20.859711249235488 20.84229038859024 20.78761057453276 20.683302959106058 20.53427075741721 20.346119698459823 20.125709048538603 19.88130672014278 19.622537117365933 19.360322231826085 19.107475724565585 18.875949827020712 18.67734275648161 18.52258877453225 18.42090397659787 18.378697065484108 18.398766777516794 18.47998939992127 18.61700343758845 18.80155998184969 19.021896444929745 19.266097493604345 19.52244175212491 19.779736284727715 20.027637401619337 20.256773820955377 20.458728766068962 20.62592737672957 20.75146337267131 20.828889241516897 20.852410849419815 20.850720299653972 20.83620021775577 20.779408063973747 20.68338138074331 20.552714656261188 20.392503514400808 20.20899854688178 20.00974035102842
20.91806564522348 20.915178061822033 20.910303428237096 20.904690136652583 20.89487892808446 20.879042134355522 20.858763363756065 20.827731505565723 20.751857411244583 20.63169781462384 20.473553438071516 20.284500649917188 20.074176647796733 19.853222723480986 19.630376764735434 19.415193185031843 19.21783379268815 19.048612818074822 18.917236876579338 18.83176418880599 18.79753630944938 18.81650929692529 18.887009219028876 19.003882703749145 19.160235678139856 19.347954074209785 19.55841876954527 19.780786432962234 20.002679674697234 20.214710546622598 20.408207350558975 20.575210076860667 20.70839788548458 20.79811304924369 20.834083628857442 20.82686949182625 20.808443620781446 20.749659724206566 20.6467481645862 20.503888828021104 20.3253772418912 20.116722111109645 19.88507861386134 19.639219411580008
20.918018296840327 20.91876788350932 20.91792596729411 20.91534337562755 20.90539045625169 20.88787371063145 20.86406548315137 20.83496540698229 20.788901824353207 20.699907510472144 20.574744838994686 20.42434304604485 20.255287975957163 20.074518166363347 19.889719345726302 19.709328668875457 19.542452972348915 19.398590761166023 19.286965095093485 19.215324141634945 19.188502660254592 19.207597035761218 19.269814370823703 19.369900833574064 19.501425405314322 19.657323267100665 19.83034428096957 20.01334859611226 20.199442343063215 20.377135273537306 20.535876374313624 20.66515109655061 20.74950262538073 20.785330172412873 20.776080825122545 20.75397935918619 20.69834580060682 20.59298561127402 20.442900819806322 20.251496166440614 20.02305403198004 19.763600658968453 19.48111853952003 19.185439167026416
20.919657931479133 20.924117159342888 20.92661753222239 20.92540357082098 20.91473786047047 20.89517236048974 20.867757372991306 20.833468892891933 20.79322433493983 20.739721227603688 20.656668276036484 20.54901377127248 20.421570081736746 20.280356656287 20.132010402999136 19.983842863314816 19.843980587018 19.721440313238368 19.625780282609576 19.565628016681398 19.546057297995787 19.56686978045174 19.623494274640315 19.70981819073002 19.819507169246016 19.94638752409113 20.08447427388309 20.22797230657271 20.371308957956256 20.509092058654797 20.622568231007655 20.694104499510072 20.721082842853995 20.704984430180943 20.673968488192003 20.628052729892094 20.527165091397727 20.375411819270433 20.177838983278214 19.9373891216787 19.65847394231188 19.347548769505927 19.013151758833132 18.665822938588402
20.92757562779914 20.934921904023778 20.939851250430014 20.938996402260855 20.92743688489584 20.9059237712277 20.875374186185578 20.837033526957015 20.79885573728997 20.763426988543156 20.72122774772022 20.654226135405057 20.56712592313753 20.465032621038773 20.352009228617547 20.23403207897389 20.11803794576153 20.012496061731575 19.928080000597365 19.876491151815987 19.86469308344346 19.889987068260538 19.944153491225848 20.01934588991641 20.109407676034557 20.209231945282948 20.31416844343907 20.419749032390015 20.520735594667613 20.596755441063657 20.641244224152665 20.652599925050875 20.62534340980421 20.582934694216316 20.532734351648944 20.44861181685937 20.30378633945 20.106482933253766 19.862287940398154 19.573914534956266 19.245902712264666 18.884886485933546 18.49952364792707 18.10053454229393
20.942673634167324 20.952377365620343 20.959148897958748 20.95829953980434 20.94591558184191 20.92269074959814 20.889733389243368 20.85618946528823 20.82549999160013 20.79677014938502 20.769136425947885 20.73920888267464 20.690450166815296 20.624156489851295 20.545251195099805 20.456449623107158 20.36215127394185 20.269315162835312 20.18935175376341 20.141327344212794 20.13982405748189 20.17476293754 20.22966784568909 20.29531627926385 20.366741219883963 20.440410437423576 20.51314998486625 20.580856297717794 20.621118264959364 20.62682158990021 20.599373438785882 20.548769569660095 20.493109569685252 20.427651051601764 20.351886919909173 20.224400077180444 20.03706185059296 19.796015273794985 19.507513337533734 19.17420907851073 18.800665580995226 18.393335729910543 17.96043369965681 17.51215371766112
20.965549072817833 20.977308148358976 20.98553492236164 20.984815447282568 20.971836600510947 20.947226475469133 20.91947844161823 20.894992940692774 20.872799040207756 20.85196362287017 20.83154126082574 20.810534330514127 20.787870354511323 20.75683393038216 20.70917310699577 20.648456508091396 20.576104899428035 20.494273556797204 20.41029028961147 20.35314571020322 20.372301161742875 20.42409130570843 20.480327062549488 20.535452354704418 20.587401098936216 20.634557835604934 20.675026823536744 20.687694182348494 20.660556559910777 20.597801419017298 20.516585730887634 20.42650293445531 20.334695123575237 20.24322358143178 20.133318331327715 19.96387447458803 19.735738929397193 19.45384607910341 19.12487534728086 18.751584377504834 18.33841208967342 17.891225675698603 17.41715722905484 16.925019924731306
20.996440327997192 21.010131552796153 21.019666627913285 21.019413799584832 21.006175129894082 20.985055084689886 20.967249163663276 20.952293917379908 20.939245389136126 20.927180702037727 20.915122845667756 20.901975053619967 20.88647321735374 20.8671652806743 20.842427917274833 20.80881078882885 20.760256048515686 20.695742402750597 20.615347524539377 20.531581145427328 20.587981919445067 20.647592346678938 20.69732288032864 20.737077980520645 20.766724830204943 20.785843485414155 20.781242029995685 20.732450432209166 20.651553259420176 20.54655747042167 20.424860032261737 20.29387434422073 20.161101657588222 20.034122135153968 19.88508750174381 19.675188379674733 19.408428619215336 19.08943775041692 18.725222605670155 18.318732137058085 17.87416345092887 17.39641892110444 16.890907928006264 16.367592409685916
21.035186114369576 21.05083141076447 21.061699607692873 21.06235811744687 21.05038758121117 21.0390557042739 21.031213862828007 21.025911104361334 21.02230263579161 21.019549791151952 21.016720589482617 21.01270336716014 21.00614507398983 20.995429934003806 20.978725523547435 20.954148833324815 20.92017882665342 20.876932027699752 20.827569104471593 20.79538060664456 20.81148918505066 20.84729294413453 20.87732306487965 20.895514873754067 20.901996696326457 20.8945216985227 20.846121083793136 20.757653515950654 20.636720137620777 20.490785778142612 20.32729545281321 20.153796057298372 19.978048245183743 19.808008054414923 19.615046137470525 19.366151835954867 19.063187551346267 18.71143009188674 18.318219105031712 17.886837024819158 17.42122282561789 16.925021793917633 16.40204431531967 15.886332957802447
21.081183987601005 21.098928022356613 21.111211520581698 21.113311301085854 21.108115263799828 21.10684895551213 21.10865793992492 21.112761870237552 21.11850343295616 21.1252171626157 21.13210423030939 21.138127992554494 21.14194372646274 21.14188467115498 21.136050326960277 21.122596118908245 21.100849166529066 21.072753125572856 21.044766479064812 21.02674765287983 21.02732128543753 21.038539337432375 21.047582727640936 21.047898202463653 21.038007227925203 20.998256687138788 20.910481494757647 20.782130405114657 20.62055525148695 20.433036298750853 20.226900839084575 20.00966854445697 19.789207393812912 19.57299918729328 19.331016249022237 19.04425874297571 18.707330622518004 18.327254403145346 17.911714933732082 17.464711899846826 16.990080587438968 16.490028665734 15.983249199840715 15.500003175176955
