_RESULTS/CROSS_VALIDATION_POSTPROCESSED_80-20/MHZ/IZ/1comp/1/MHZ_IZ_z_250_kriged_reverse_1comp_spherical_1.asc
ncols 100
nrows 81
xllcorner 5.5967107548124995
yllcorner 50.982328804812504
cellsize 0.00017565037499993607
nodata_value 1.7014100000000001E+038
[rows 19 to 37 of 81, columns 44 to 87 of 100]
35.45037252755204 35.25824533549397 35.05910287068808 34.858968641425896 34.66360401949818 34.47860705335733 34.3094689191303 34.16160240297932 34.04065785105666 33.95210650474053 33.90206092019213 33.89037758497539 33.90718335934627 33.936507836898286 33.9764285550107 34.02604611252498 34.08383711807939 34.15366645431182 34.24647701693011 34.357191643052936 34.47963828918926 34.60728932647754 34.73260740936832 34.84186588164785 34.92705290101225 34.982726898700946 35.006167692047896 35.00624404626914 34.988952977975764 34.959253167484135 34.92047304515828 34.87465991930501 34.82308514183858 34.767765302489046 34.71137581070202 34.65709667144855 34.6093869039653 34.57529836970373 34.5671160641358 34.60219008877937 34.68331001266748 34.792823091584516 34.897784223865116 34.98095321281418
35.57458849334315 35.3872974118989 35.192568423571316 34.99677699666418 34.805759535813856 34.62497269056219 34.45958758113995 34.31471867153403 34.19611818778689 34.109706641233515 34.05932306190525 34.03806616831256 34.03789121950944 34.049838973406125 34.07092891221431 34.10103738622242 34.14479339964339 34.21743014337408 34.315224937413554 34.432408712466696 34.562743183508296 34.69955449545766 34.835518768645024 34.957210114269195 35.05540075394694 35.124092935140666 35.168096680949176 35.18895593933289 35.19391136675558 35.18353444391383 35.155246896567725 35.110055359869754 35.05412046221345 34.99164986135991 34.927528828085705 34.867274482484405 34.817259733287855 34.78525128586361 34.780618123339146 34.811497312069996 34.87716771780101 34.965507088353206 35.06287651245169 35.13994637714164
35.67891489283312 35.49630451662743 35.306276685525866 35.115327323222644 34.92919435356749 34.753089341875246 34.59183349287098 34.45136968766176 34.337316818500554 34.25329856637746 34.19445544357916 34.15485505110221 34.135217390524886 34.13003976023042 34.13273721151737 34.146448590411296 34.19100642276627 34.267063273404055 34.369835347568575 34.49386935766575 34.63301991513946 34.780455988821316 34.92873194417265 35.065189409806216 35.1780261814847 35.265498155382225 35.3312275542275 35.373364913745796 35.40010819107414 35.408309407456976 35.39201998732208 35.35121688114103 35.28877204597828 35.21715000808335 35.14308621657039 35.07472784811579 35.01941036506233 34.98468667626195 34.977814202714725 35.00309687508311 35.05650279236423 35.131331777060815 35.21660182055907 35.294754953822846
35.75884933911649 35.58061493390511 35.39564998295758 35.21022060605649 35.02974417352159 34.85930962104359 34.70456825220183 34.57067431004721 34.46127546787131 34.370126407593474 34.297158846074225 34.23968728840574 34.20047027867062 34.17771247965836 34.162256730609734 34.17254079062544 34.219080893396814 34.29838987701187 34.406239630914165 34.53757497445609 34.686414409192636 34.84563859765729 35.003610236715694 35.149170939253345 35.27468880926186 35.38330275832761 35.47043524158745 35.53445760950115 35.576779676546174 35.59393006703783 35.58524969462179 35.55149720625205 35.49464713148336 35.41927965208366 35.341078503163494 35.2678763383074 35.20538485843584 35.163174078994565 35.14956259597543 35.16478895752949 35.20861704213532 35.276603300721526 35.35766800351837 35.43127377950952
35.80877098479823 35.63514776832882 35.45612640500602 35.27752648851003 35.10495835393889 34.943196825303495 34.79674440171097 34.670053640244326 34.556428648494645 34.45523091392862 34.36769206415524 34.29292352960833 34.23476068539857 34.19366841828253 34.166965856793624 34.177509139770784 34.225103900102646 34.30696932991288 34.419539418344 34.55829351833496 34.71311330400662 34.873907999796536 35.0347228157925 35.19141845049348 35.33924738334722 35.47179910838222 35.58143054363981 35.65940873822803 35.71210889643677 35.73738931560354 35.73463414560642 35.70527859376078 35.65241317804041 35.580147066149195 35.49603284227332 35.41842903558496 35.354787055651556 35.31008377691738 35.28478357500055 35.28691510790489 35.320621540553766 35.38304822009415 35.4672659942836 35.54619765830622
35.824909677787495 35.65530672385966 35.485182758731725 35.316781553929076 35.155098521330416 35.004287323640796 34.86796422186729 34.742195494127955 34.62109930545563 34.50961904607939 34.406667430938356 34.31522860443816 34.23875224872097 34.17935916315305 34.149173179790495 34.15832170039319 34.205421197754724 34.28849777660729 34.403898635190636 34.539213335430134 34.689407363931466 34.85042139443202 35.02057881988211 35.197422892919136 35.37041971436924 35.52763630818912 35.65293984243763 35.74485141491839 35.8088122689605 35.84151454263522 35.842353454885696 35.813762237864374 35.760435146070016 35.68819358635798 35.60293538959514 35.51674805816421 35.447645410420975 35.39882509291701 35.36896525339351 35.35760631732974 35.37157400856072 35.41973126795744 35.50323823836926 35.61904538193453
35.818906686578025 35.64778622943947 35.48868411461881 35.33806483439562 35.19346647665309 35.05776615451745 34.930811184512514 34.80171949301496 34.67391366094155 34.549309006205725 34.42826416614508 34.315730648427845 34.2168196652547 34.14111341531134 34.106848393697106 34.11236996258724 34.1567322076253 34.23677156037741 34.33997740915923 34.464541549131255 34.60998266098939 34.77879013356058 34.9674037044877 35.16553881437014 35.363444061362785 35.53974439711876 35.68433973551224 35.79357835627367 35.87033082154363 35.9096463607509 35.910913686562274 35.878215923440145 35.81874859612426 35.74076848564167 35.65198141400766 35.55898194177459 35.4800177189946 35.41977600917539 35.37689470575086 35.3533673412682 35.34964952184133 35.369258478045396 35.41899127477392 35.47509994625395
35.8041457899376 35.641203048274875 35.48943297716074 35.350980859264794 35.22508491810195 35.10643131754549 34.98353502822252 34.85311593843698 34.719175732479 34.581068794979444 34.44285300083788 34.309576405524176 34.186545889529576 34.09344090663984 34.04416879458001 34.03815387560703 34.07408642617676 34.1350058547669 34.22055578738891 34.33588300593101 34.48332151866541 34.66228098280251 34.86930240053324 35.090096595161505 35.30655253623287 35.50709612603273 35.67749669500162 35.809187003944494 35.90125268112292 35.94606522799312 35.94310386765642 35.89952740155957 35.82673778705538 35.73641417696359 35.638430471936275 35.540011823082175 35.44480623388742 35.365428647831955 35.306185047429615 35.26693032997789 35.245796321124 35.23834147879298 35.24009977864431 35.24011322936173
35.788547046379925 35.639704141265874 35.49963238237616 35.37078229100095 35.2553649125334 35.14679537599475 35.02649486361312 34.89641767758982 34.7550152421705 34.60478954861981 34.450508106785236 34.297291867397526 34.15118764005161 34.04162676543223 33.97335599132379 33.94602063819227 33.94964625222606 33.98633291138663 34.05795599203994 34.165707519503755 34.31251679661695 34.49845077670647 34.719436352767694 34.958437020599256 35.19742784969469 35.42800145646487 35.63243463353506 35.79455127883552 35.90669090810891 35.95596732387627 35.941929804007565 35.87787584534042 35.78247985601132 35.67245181962635 35.559973544348175 35.449066188111935 35.33618871281284 35.23674658795202 35.16115993037802 35.10586873274698 35.06577073068012 35.037573836162636 35.010046234695075 34.9783655294509
35.77445979397781 35.6440780184981 35.51948751521413 35.40355225132325 35.29866725945345 35.19412636474782 35.07467172775578 34.93882053584178 34.787722269071196 34.6250621927764 34.45514026569593 34.2828928008589 34.11681416880214 33.99001155763214 33.9022213644502 33.84438056894401 33.81227534551072 33.814748453269736 33.86101633060399 33.95559407874915 34.09720090154353 34.28725202589891 34.519748841045235 34.77260407461093 35.035601205402585 35.298658234215004 35.54561580983851 35.75021325748226 35.89147869068789 35.94407791594718 35.907581508778335 35.8095162892719 35.68179175787552 35.546621157192035 35.41382562130739 35.28494768112732 35.15775675393285 35.0397661401369 34.94842296814619 34.87926267533718 34.82543849897174 34.78352657745007 34.74392359863636 34.69701968680355
35.766019373702505 35.65646604897031 35.550001249765316 35.449630042531844 35.35636928366016 35.25405803252835 35.13486637902482 34.994171076167646 34.8349065811548 34.66078555367351 34.476179193753076 34.28612370450755 34.10199809499023 33.95596769368741 33.841013026641285 33.74394840737225 33.67135832151328 33.633167601911204 33.640965691238364 33.707155644865836 33.837623603691256 34.0284041009158 34.26558250723401 34.53138762879605 34.817266000985754 35.11393382921871 35.40803575275029 35.672876724056096 35.86326680224722 35.91802734036715 35.83705946910212 35.68719159605819 35.518743817577615 35.35403286547021 35.19708613829404 35.050044789977704 34.90978183577006 34.77877700538147 34.67436602709647 34.59602474787526 34.53711709247195 34.49059105334307 34.448476235517695 34.402922047407024
35.767184244365325 35.67922883945896 35.59254402931554 35.50974677602073 35.42814858609149 35.32740450213863 35.20716982206918 35.06430650568901 34.899265332975794 34.71579468508659 34.51836016730503 34.312124256208605 34.11063608278865 33.9421130504677 33.78992982115852 33.6505993653507 33.53259163595278 33.446721773391864 33.407021540945834 33.430691725398646 33.534952347216766 33.72046428304989 33.959384403449675 34.23912365013953 34.54749434755977 34.87485204059763 35.213086097276914 35.54845937723693 35.83276617065164 35.891031829394805 35.71892594615192 35.50150415229415 35.29138589114916 35.09435509848761 34.91306502031392 34.74797357654505 34.597250033470964 34.45993622628008 34.34958270163615 34.26991885385878 34.21292045413703 34.16997038745649 34.13313065230221 34.09575954754932
35.780308058258036 35.71416475567951 35.64831212058918 35.58361568727948 35.5108733424323 35.41349607297769 35.293507434266246 35.150922502167305 34.982487562478006 34.791828110900845 34.583592613092776 34.363142810839506 34.143992581981685 33.947045203683516 33.7549566529387 33.571475244363455 33.404462157574436 33.26443860530006 33.1667990135894 33.13460844663246 33.19776758815458 33.37206365857217 33.62079148911542 33.91506112021991 34.236501301616926 34.575716241555476 34.92969437582198 35.29910423536142 35.686297764393274 35.74927391140844 35.4700838867942 35.21715619614965 34.98741723826665 34.7733972040559 34.576831278786635 34.396755802492976 34.23406636507257 34.092143680001506 33.982863981288666 33.91099920450518 33.86447716666154 33.83296057641046 33.807949178002 33.783332626981775
35.80626283546498 35.7616618266533 35.7147367979947 35.66584909015369 35.6034605863874 35.51294107949444 35.39631250996336 35.25542714237027 35.08599396870647 34.89036270563764 34.67349395372464 34.441114796799496 34.20349334936696 33.97372769177285 33.7425230944016 33.51543022179432 33.29888536860391 33.10128568337609 32.93597572201576 32.8326254447243 32.84516446465627 33.006041776539675 33.27161530914427 33.57760118687067 33.89720752375425 34.2214153400659 34.54713940279418 34.86675639745221 35.13004801669564 35.18214127566251 35.0256371748085 34.81991228000462 34.60805721271646 34.39879021606277 34.19844076413647 34.0094467896489 33.8387126191488 33.69503525081075 33.589077795269645 33.5310458183889 33.50462520302136 33.49212353306665 33.48432642491539 33.475782484093905
35.841365723652196 35.81516881298813 35.78647617562874 35.75492170556055 35.705930789439314 35.62595077688734 35.51626489939769 35.37901583029281 35.21089097363747 35.012376988031626 34.78899615547278 34.5470791217211 34.28926417717265 34.02613561845797 33.75864961414405 33.49168427795813 33.23010861380446 32.9792769021071 32.75189556985579 32.56504369926539 32.48508243383189 32.65667513226677 32.9508180791823 33.259829477447866 33.55812304708276 33.841672830491106 34.10839949630534 34.344354218761026 34.51158608778538 34.5565577609555 34.4855904190026 34.35062296221477 34.1811696519241 33.99354004259267 33.79786863651425 33.602119207806155 33.422925391508876 33.281260738068845 33.19006416076115 33.15296079034395 33.14966881837694 33.162325163120364 33.175303110841 33.18431877066464
35.87856393358864 35.871187274638736 35.861947430324236 35.84949858571137 35.817731987953735 35.75235538583707 35.653438392580235 35.52238556152981 35.35765988110952 35.158002407147734 34.9299390022355 34.67829335494964 34.4000373855196 34.1065740977126 33.8074135819556 33.507275970574 33.2105652428366 32.92800061363528 32.666228074168224 32.427851523858926 32.23458015409994 32.440104464882495 32.72505073364974 33.003594331942644 33.25621847607309 33.480422845812306 33.67277739207214 33.82641191961381 33.930443774644836 33.972539267489395 33.95144828934625 33.87769191433591 33.75578506543535 33.595753509256454 33.407401968031934 33.200542770557725 33.00264653259119 32.86264392654895 32.80325914858025 32.80336340376221 32.82800777631945 32.86159737599323 32.89547223385838 32.92132892933595
35.91493945163168 35.92714655505957 35.93881477619137 35.947655354641164 35.937492665010936 35.89132377352847 35.80735088085933 35.68541147057561 35.525311725838776 35.325332588358904 35.09324874482082 34.83004255635896 34.53445916238636 34.21466599023763 33.88956623280001 33.564373511424826 33.25042393824902 32.95907849229924 32.69747479248842 32.48447497211122 32.38017578944686 32.45318053964731 32.63323250602062 32.837737244811244 33.02503097727984 33.177458710134474 33.28750882985301 33.35453417070663 33.39572276144175 33.432634441737655 33.45709161108785 33.43867259644387 33.36535507857373 33.23768322897273 33.061621233135504 32.842705076918854 32.603221611272396 32.45564992440157 32.46555429579271 32.51733243486869 32.570864601721176 32.62011631599272 32.665645067063394 32.70566046114819
35.94713146351203 35.9797347027239 36.01387672512143 36.04639781836259 36.06182604334984 36.03894731918989 35.973338886144504 35.86286318954813 35.707728333677444 35.50717896279116 35.266481989720546 34.99217246491 34.684358889946246 34.34315850007798 33.99889376145796 33.66123900158829 33.34566087569885 33.059114464288 32.81325669856085 32.63015892913844 32.54267484192412 32.556043001804184 32.64488490541166 32.76676066658995 32.883691851252216 32.95764123997315 32.97677059746966 32.94309194290672 32.899245451285566 32.93737189809402 33.0281818647912 33.07283875547519 33.04646080654764 32.953340597987406 32.799474122414445 32.588248562212584 32.31957350035534 32.143296068519945 32.25060363849989 32.339696650139075 32.409223937084306 32.46286155481462 32.508722911626315 32.55151945189237
35.97331250978251 36.0248967718555 36.081640164244234 36.13812205294037 36.18243758162731 36.1888451028084 36.147641500048955 36.051991077204214 35.9013453862343 35.69462026039929 35.44146334485082 35.1568716541589 34.841612494201584 34.48729914097241 34.12973852988517 33.79058232472036 33.479377127979305 33.20415963072552 32.97563241081665 32.80878122705746 32.71992001326328 32.69771617316049 32.7265344121839 32.77864093295226 32.82628080649116 32.83196534961026 32.777880455857314 32.65240270508384 32.46556904775162 32.53676427812502 32.723268749195064 32.82280039235684 32.83463594621796 32.77254178100703 32.65155366577095 32.484966844640155 32.29960819101362 32.18975468700294 32.21181010447797 32.278288456831916 32.34342077505462 32.39683833819174 32.43700267967728 32.471255717554826
