_RESULTS/CROSS_VALIDATION_POSTPROCESSED_CLR/MHZ/TZ/1comp/5/MHZ_TZ_z_355_kriged_reverse_1comp_spherical_5.asc
ncols 100
nrows 81
xllcorner 5.5967107548124995
yllcorner 50.982328804812504
cellsize 0.00017565037499993607
nodata_value 1.7014100000000001E+038
[rows 19 to 37 of 81, columns 43 to 85 of 100]
1.0561306118350633 1.060075895850045 1.0632040781988616 1.0654048208549758 1.066608820461887 1.0667920841469845 1.0659783159881777 1.06423930533371 1.0616918458490243 1.058488310382611 1.0549831335732955 1.0519225137095891 1.04973792123982 1.049487417256224 1.0540066180317464 1.0627778783597153 1.074585337348171 1.0881966152874414 1.1025035605143731 1.1165968757482994 1.129556521573261 1.1406575158336156 1.1493967841293224 1.155334446938961 1.1568632532661405 1.153855190053218 1.1467776756615078 1.136257028046498 1.1230523346807002 1.1101561784177962 1.1004156813113677 1.0919042436920532 1.0838076659995357 1.076142323995175 1.0689467843647982 1.0622989415576571 1.0563608835447387 1.0515000969583788 1.0486236252119951 1.0499456026883967 1.0590446406321614 1.0763109750457278 1.0976205978215776
1.054802922391914 1.0574214932633264 1.059140242509718 1.0598198048365577 1.0593816554534854 1.0578070776459656 1.055137454483219 1.0514760084678079 1.04698872840875 1.04208309120279 1.0375213153046006 1.0337003450557345 1.0335145168302222 1.0391290964509916 1.0500313771787466 1.065139817957221 1.0830417413046585 1.1023484087017426 1.1218659095872416 1.140341516697518 1.156716676799442 1.1701815073000466 1.1801926678046144 1.18640843673029 1.1873798281661934 1.182848484226754 1.1733731933315499 1.1596853138587226 1.1427363936115997 1.1252930697722325 1.110596485540108 1.1000240826277714 1.0931981360692298 1.087111681343033 1.081744315331197 1.0772844638206995 1.07404848562864 1.0725887260767852 1.0738666308847449 1.079343369570941 1.0903825357591173 1.1067501501874937 1.1260502651726771
1.0527379748958834 1.0541958309829107 1.0546168547357901 1.0538370191649622 1.0517712639176564 1.0484050743034525 1.0437928677490258 1.0380629716749685 1.0316976702920544 1.0253209133216432 1.019601125188337 1.0190548474810914 1.025298263230935 1.0376119944529187 1.0552589089652147 1.0771961016328087 1.1017683912365215 1.1274614992702308 1.1526465757779665 1.1758461785507024 1.1958538335695477 1.2117691470614933 1.2230125598397512 1.2293203596898208 1.2296115114140105 1.2233492494855251 1.2111692980197863 1.193976176771985 1.1730822593244103 1.1512286276419148 1.131237571075712 1.1152284008493947 1.1044908729476977 1.0994471353269895 1.0960471168231687 1.0938169397183155 1.09320590747789 1.0947929827113965 1.0993570085095858 1.107767571533366 1.1204657083050449 1.1367616752594716 1.155270660322182
1.0501474828542192 1.0506550566342772 1.049914949899241 1.0477565249322796 1.0440982062860473 1.0389305268825493 1.0323776288806936 1.0248921540378266 1.0168450960920763 1.0089980564900887 1.0068825165536384 1.0121433158293982 1.0246994781153673 1.0438827274302762 1.0687397850005234 1.0981352176203367 1.1302091084074422 1.1629334973926235 1.1943009655391565 1.222597227688527 1.246455542699744 1.264882988334827 1.2772657625210533 1.2832374577552712 1.2823020024461418 1.2737108500848993 1.2583107775380042 1.2371796871702578 1.2120033803232164 1.1856157575553168 1.1601424295617184 1.1385326619852523 1.1222371727941853 1.1126651047205 1.110353620416922 1.1104925178949505 1.1124134534834804 1.1165600964861386 1.1236064089610975 1.1341226679671323 1.1478023866865943 1.1645296482290275 1.1833025701922184
1.0473530360213192 1.0471183207115478 1.0453465469798635 1.0418939447649205 1.0367476993969826 1.030097368159248 1.022097792540744 1.0129737933834746 1.003175952276679 0.9984409813550263 1.0014347041111673 1.0121209777689655 1.0307006776618386 1.0568358317583342 1.0895028659919983 1.127273238076764 1.167752901911363 1.2082399304999814 1.2463530249866945 1.2801301855003184 1.3080414753895713 1.3288400086974745 1.3417844808023391 1.3467872585772587 1.34397340912954 1.3326320013659458 1.3135675052442526 1.2880641067768306 1.2581630213501762 1.2267867826263097 1.195710119061675 1.1682526957590413 1.1461937408500866 1.1310272471496203 1.1242379117997676 1.1257434680860607 1.1299104050550572 1.1363856434980715 1.1455302298990209 1.15709610391169 1.1712874891992286 1.1884248796027221 1.2080864058599914
1.0448115501904374 1.0440023558518758 1.0414221849320529 1.0370484064195016 1.0309141963298547 1.0230953660030686 1.0137130289750915 1.0029495367538421 0.9950769516381645 0.9951685975730618 1.0027983359862893 1.0182840563839592 1.0422617200848106 1.0753155630996416 1.1166183048182594 1.164022697533426 1.2139418822985841 1.2629771431837198 1.3083954235512647 1.3479826853056827 1.3797354574292326 1.4024686044516101 1.415633333109291 1.4192250226129226 1.4137374367743538 1.399086366401321 1.3757821798598668 1.3453635490099078 1.3101688214733977 1.2732598022080694 1.2363196701206487 1.2027330167483203 1.1746732522843166 1.1537004601824312 1.1413367095257567 1.1390680133203024 1.1448551765302786 1.1530557575749882 1.1634915383391142 1.1757206554870583 1.1902565849908588 1.2075060536599815 1.227465981068634
1.0438373897066786 1.0426229755947503 1.0394320167623272 1.0342940173529132 1.0272549783706042 1.0183784357077954 1.0077508512307458 0.9972135143936429 0.9942601391795187 0.9990081577856307 1.0109914229318007 1.030386147713024 1.0584554193671247 1.0980673490427884 1.149476530229674 1.2081703946198712 1.2686088969087748 1.3268657932335706 1.3799700082115705 1.42519007948083 1.4606862569376025 1.4852347541452633 1.498254821706643 1.49984897271363 1.490723584316832 1.4718045787461347 1.4434995747499886 1.4075342123035441 1.366450908159271 1.3234617626768626 1.2802874958412578 1.2402875938569495 1.2059956820133364 1.1790205368763131 1.1608998823223688 1.1530978410648156 1.1568273826824407 1.1661313134520723 1.1770770607001002 1.1897993419280561 1.2044651857115984 1.221022691486734 1.2391692030273327
1.0454832873807256 1.043619445824164 1.039738519511961 1.0338632583776 1.0260270773555078 1.0162721456212045 1.0047486028931902 0.9983153811522493 1.0004105018222231 1.0100731941074508 1.0266484630246013 1.04947577468304 1.0792693714923616 1.123817101780055 1.1886931477301337 1.2604492197630224 1.331911014818893 1.3995483965846172 1.4601151162508867 1.5110961333336306 1.5503997114246681 1.5761897808912826 1.5878674572519278 1.5858845081173247 1.5714857843084387 1.5464785353220423 1.5121444297532465 1.4699544974539347 1.4226012226275575 1.3735461402642555 1.3245273693640154 1.2786221647843674 1.238412125031105 1.2053790874205983 1.1813989192719274 1.1679709317016025 1.16640469203138 1.175570492490375 1.1869678660012604 1.1996819704575057 1.2137379025314643 1.2288252496593648 1.2440535774661743
1.0497382583042387 1.0470003082020027 1.0423730639518187 1.0358179379134411 1.0273349132875014 1.0169431669268043 1.0068720336760781 1.00558225464453 1.0130259668224937 1.0284107173921313 1.0507362880649287 1.078825430318328 1.11141035874427 1.1569325153327843 1.2394196634363084 1.3225631326377083 1.4038200980953122 1.4799663499415543 1.5479133468347182 1.6040903104393827 1.6459302055295129 1.6717558631996803 1.6809578009992814 1.6741888896948136 1.6532207545286826 1.6205373455472682 1.5787712620878014 1.5295167380882304 1.4752580954196157 1.419648393733843 1.3645532564300988 1.313011203676145 1.2676976327512213 1.2300255882560522 1.2012173150957894 1.1824039085916689 1.175770311066377 1.1819344885833787 1.1934410150573314 1.2057693259259736 1.218796644208049 1.2320257779601391 1.244402266596307
1.0561307887747502 1.0524932715741484 1.047162167112048 1.0400431601882092 1.031106180913631 1.020358258697455 1.0141239407335803 1.0180085577096105 1.03128485357556 1.0531779145663052 1.0828641382182203 1.1198423393787345 1.1651660344614596 1.2257807360793347 1.3059511897302305 1.3942417933853044 1.4826271443993102 1.5658859938898972 1.639685256983663 1.7005466608867055 1.7451314183578848 1.7708833951422167 1.776798558696933 1.7638271951110327 1.7345878990009274 1.692591639969541 1.6414519432552492 1.5841436953515193 1.5224975388689925 1.4600181281035365 1.3986675884891624 1.3415018096893885 1.2911848576183975 1.2491678193915363 1.2165977085640303 1.1946673697094434 1.1843842609977284 1.1858746371664597 1.1969207570682778 1.2087132667673623 1.2206248632849641 1.2321016552611488 1.242133820302132
1.0640219162779436 1.0596564137431426 1.0537739201880143 1.0462665700982594 1.037096643368272 1.0269997036833785 1.0253192486638925 1.0344364769058754 1.0536873674732388 1.0824053936566862 1.1201474980150516 1.167020260005302 1.2243207838117511 1.2945496752520123 1.378135171427402 1.4703562118986144 1.5634653918713128 1.652186602807073 1.7322020396858602 1.7988250909621826 1.847140277762486 1.8730104233870422 1.874637593812326 1.8534978278968337 1.8136954293187952 1.7603473369294345 1.6983262137656636 1.6315316263626554 1.562434274794521 1.4932277482736738 1.4257142912012175 1.3629809699839464 1.3078166439366181 1.2617598523812956 1.2260361617788667 1.2019811077196207 1.1896556359271764 1.1884769157051072 1.1978011422293722 1.2090952362520968 1.220028570850322 1.2300928445525976 1.2383962908619115
1.0728199949394828 1.0679957899379564 1.061783397700432 1.0540988704020813 1.044920904608444 1.036673506095747 1.0393446089669038 1.053434845727479 1.0783163900986694 1.113501746174777 1.1587507807153041 1.214226789628109 1.2805526420192712 1.3583420006184828 1.4473661918152985 1.5428932591550875 1.6400515282537147 1.7347072227757905 1.8221571015504248 1.8965355192675661 1.9506620475419323 1.9774748539589466 1.973470574835005 1.941348964548772 1.8883275549907186 1.821893451092646 1.7480937457319126 1.6712591366242506 1.5943056074504534 1.519165350204219 1.4460243089643754 1.3778276560987945 1.318239235272785 1.2686323777711264 1.2303934478112968 1.2042955250704925 1.1901472968227134 1.187527981443369 1.196201480699891 1.207406117304614 1.217613934960728 1.2266655903301904 1.2337920054159812
1.0820243622540446 1.0770261645997197 1.070724605009398 1.0630784001954054 1.0541570795954949 1.0484764364399157 1.055008976852881 1.0734385841228609 1.1032268443310123 1.1439739815418972 1.195470129920737 1.2577183214081324 1.3308203242845011 1.414704569487033 1.5075489879846526 1.60598669524309 1.7073385566706625 1.8083205882056428 1.9045880200875414 1.9896779187123592 2.0535924406979156 2.0836664951133184 2.072597984556161 2.025707948081413 1.9558255570033998 1.8740134070241776 1.7873760367925464 1.7002367246019432 1.6153240235791138 1.5345706982929717 1.4566964304004042 1.3839250034561057 1.321347626539096 1.269746080371545 1.2301746203145052 1.2029029776631144 1.1874181031458753 1.183367439135492 1.191032420230719 1.2038595007534112 1.2138139175415028 1.2222400683357186 1.22866081781451
1.0919274298199846 1.0870897403681092 1.0809330383707834 1.0735647183341297 1.0650978241239315 1.0617169761417165 1.0711809478237067 1.093013209436044 1.126706253860988 1.1717860390624262 1.227987679004605 1.2951383777344538 1.3730384937042428 1.4603629824047957 1.5551142968690925 1.655624113375989 1.7602418191692504 1.8667764564946268 1.972119961957587 2.0708727302311014 2.151996975769242 2.192307658530858 2.170153373148065 2.100268344604988 2.0090146584363384 1.9105946103557896 1.8114095277569744 1.7147097562934839 1.6223383789070478 1.5349218082876093 1.4529461436734477 1.3793664030248767 1.3161415373455452 1.2644607521928064 1.224898928597227 1.1975794337924521 1.1818242408026294 1.1773174671505502 1.1843209091732656 1.1980355119241883 1.2089041651646018 1.2170678984218282 1.223184295836856
1.1030119277924886 1.098699341779345 1.0930746310702117 1.0862248242448294 1.0782914115422582 1.0765709157990437 1.0878750462727829 1.1117108593181115 1.1476719206922081 1.1954408518416955 1.254693331500964 1.3248895148308246 1.4051470202091703 1.4931471092254458 1.5879647481807162 1.6886138874044598 1.7941132508119315 1.903271474977715 2.0146383213479497 2.1267026287029895 2.23357302114034 2.302676628569622 2.2549031879073667 2.1501215568625316 2.0369686267917206 1.9245080778841168 1.8156160941828081 1.711837854546081 1.6140627176505289 1.52264439597265 1.4390704832819925 1.3654956234309612 1.3029949776355219 1.2526756781442363 1.214519165880337 1.1883386209123983 1.173416316064182 1.169453498195067 1.176738681869758 1.1913684130623081 1.2031405712993732 1.2113205213577831 1.2174211210908639
1.1152364265023782 1.1116887118186518 1.1067441960445439 1.100521048719188 1.0931894432026152 1.0923174641095992 1.104493354990546 1.1292261872318259 1.166090803564729 1.2147203941151914 1.2747861321528062 1.3459344143813765 1.4255975616301853 1.5122216437925666 1.604895752012293 1.7029792519966658 1.8057436245103555 1.9123893861603103 2.022993271780227 2.137073931405463 2.2532065756404656 2.3598015133903045 2.2742308806392098 2.150056517086423 2.0279417134857 1.9098126135927491 1.7968658342075612 1.6900325888290366 1.590069657594567 1.4979862313199532 1.4157809127781102 1.343996711312503 1.2839224434465029 1.2359838384549022 1.199934183716355 1.1756836662905574 1.1625006599080292 1.1600013635585467 1.1684531286920397 1.1841859346115686 1.196950789730881 1.2058321421203395 1.2113648788658098
1.1282511043019703 1.1256050879738373 1.1214496445106406 1.1159259596786104 1.1092226835700885 1.108309072527398 1.1203496649459852 1.1448405679444453 1.1813119146905198 1.2293396759389674 1.2885065141947567 1.3577465253349477 1.4343915174869324 1.5176013536634234 1.6058283326623326 1.6984329843384685 1.7944939801816058 1.8936116508459782 1.9946980060731185 2.0940154538212217 2.181909597730539 2.2272180749195343 2.18590310940904 2.089761158446695 1.9784731082596467 1.8652408922245058 1.754813941105734 1.6494416816820627 1.5505613199732233 1.460910080361467 1.3826107174585862 1.3154930869565598 1.2597420483020554 1.2156599642343617 1.182865750503316 1.1613302660735323 1.1505758878064964 1.1501606256711652 1.160448405473971 1.1773585135827151 1.1910544414909883 1.200865791855849 1.2066601077503532
1.1417304022997872 1.1400059325032086 1.1367175624779495 1.1319353891684112 1.1258607712405655 1.1240681834183184 1.1349032044902099 1.1579624826081603 1.192750347060981 1.2387738374482609 1.2955174193681938 1.3608265750551385 1.4325794167912065 1.5100043844073427 1.5916886907081078 1.6763425931570537 1.7630030100949554 1.8509319145893564 1.936777198564894 2.0145629979974906 2.073020465977603 2.093822684330693 2.0634286762665255 1.9913629180291719 1.8974194106448405 1.7952893081911783 1.6921486851632848 1.5918569999887824 1.4971571777560966 1.4120283018675703 1.3402994044689613 1.2810980548239272 1.232091772410938 1.1930702817579562 1.1644268135127906 1.1463423167489986 1.1387253816569205 1.1411163242042126 1.153977554850705 1.1721641919213708 1.1868995307895749 1.1977299445959302 1.2044130271230977
1.1556388135284066 1.1545297710709983 1.1520916351586767 1.1480163716438447 1.1424484600477705 1.139172590973637 1.1477909623538798 1.1683388652426399 1.2002716884678346 1.2430238859195308 1.2959843254523544 1.3559319374560104 1.4213975495147873 1.4913631084100842 1.564325177126197 1.6393608391135388 1.7155559945289016 1.7905186438655356 1.8600740962493516 1.918090040892825 1.9558718038004352 1.9636035913985186 1.9359743879939728 1.8771562379595692 1.797419861443835 1.7070498790961617 1.6135131646401728 1.5214473686089292 1.4343889782840993 1.3541356417932642 1.2922712890462509 1.243892956253341 1.2031379991974402 1.1702576945820276 1.1462031726786284 1.131983817896721 1.1279195224769645 1.1336084377405924 1.1495254829454067 1.1685356672974083 1.1840831212734109 1.1958965135282833 1.2037172276133767
