_KRIGING/CROSS_VALIDATION_CLASSIC_CLR/MHZ/GZ/train_2/MHZ_GZ_2_train_z_710.asc
ncols 100
nrows 74
xllcorner 5.5967023332191781
yllcorner 50.982320383219182
cellsize 0.00019249356164376555
nodata_value 1.7014100000000001E+038
[rows 38 to 56 of 74, columns 0 to 41 of 100]
-1.9900222740099167 -2.3264439021786671 -2.7469528215839958 -3.2068950452774878 -3.6517912994675328 -4.0246054771564239 -4.2747473240304856 -4.3675181057011336 -4.2923800991688914 -4.068347252607202 -3.745021548762292 -3.3983571049371566 -3.1210778387202058 -3.0086887588836415 -3.1430248635951035 -3.5760562030209648 -4.3170009177795539 -5.3255412459427838 -6.5130573811468881 -7.7524038366939862 -8.8951069330807844 -9.7933087593360977 -10.322684469619775 -10.402196934153173 -10.007044588872754 -9.1724211849632002 -7.9874680709683759 -6.580668142208431 -5.099494739300507 -3.6880651000877869 -2.4666981988181291 -1.5166752197325266 -0.87234612946038048 -0.52131028328108719 -0.41202237530999497 -0.46707059253601813 -0.59966938740351949 -0.73062917560326568 -0.80316364024560905 -0.7933002768300188 -0.7143063131805274 -0.61437979878840387
-1.5888771205675241 -1.9417607942523212 -2.3814168854305322 -2.8606362008349251 -3.3233573541510211 -3.7123574644863666 -3.9783358348889841 -4.0890376133305857 -4.0368347471615866 -3.843196477371853 -3.5587808438445769 -3.258460968649171 -3.0314124413425976 -2.9673210426993926 -3.1406616421457141 -3.5956571118593015 -4.3347656015237579 -5.3132370874158603 -6.441401536579157 -7.5950111212355882 -8.632398615467471 -9.4157631830799904 -9.8328960654512994 -9.8153775135752586 -9.3498217279988989 -8.4800305367954341 -7.2996670237318622 -5.9368876242923925 -4.5338692777803313 -3.2250204909178422 -2.1177226668847737 -1.2787567623679337 -0.72834196684534014 -0.44225244937998731 -0.36109378435445905 -0.40474862327588212 -0.48936513662428816 -0.54407529424105761 -0.52483229760087902 -0.42325937655370183 -0.26912657335806855 -0.12595784872961779
-1.2834090825415103 -1.6745701968851527 -2.1560811731241714 -2.6769917552436198 -3.1782292592030288 -3.600784820270281 -3.8949750907051879 -4.0293572125103747 -3.9977425562757105 -3.8228686711871838 -3.5556616204584337 -3.2696293950068647 -3.0507087957703298 -2.98373845508846 -3.137507017054789 -3.5508634102193728 -4.2225195675172156 -5.1068188804617769 -6.1168725528999293 -7.1351876852896918 -8.0304515730868964 -8.6778042083216018 -8.979044790759767 -8.8790237454994756 -8.3750655159917802 -7.5175563224553734 -6.4015453309643586 -5.1509650753175382 -3.8984823032677181 -2.764739812574172 -1.8407078385691538 -1.1760894794823926 -0.775442116484788 -0.60219931705053753 -0.58941744147357866 -0.65506146858450087 -0.71909958893624726 -0.71959477894566248 -0.62528581006711548 -0.44273573418715273 -0.21690169852140251 -0.02488009878802
-1.1319720622765033 -1.5818037549896751 -2.1245374298843451 -2.7044244893331069 -3.2582176016309674 -3.723905042393028 -4.0502181246164639 -4.2054179660220843 -4.1838314061607758 -4.0088177569800596 -3.731293593701432 -3.4235770187661618 -3.1690630066760086 -3.0490079933613412 -3.1283615003068448 -3.4429991200132815 -3.9907585317963061 -4.7282761236841644 -5.5747643843954648 -6.4226635047394165 -7.1537548447772235 -7.6581224501051732 -7.852584241076352 -7.6951092464968802 -7.1923724356705812 -6.3988763441683236 -5.4077235069913474 -4.3347854295566677 -3.299303575620474 -2.404589653062887 -1.722347941064351 -1.2832952728665745 -1.0754384696793089 -1.0499028898379645 -1.132899915154244 -1.2415007716232616 -1.3004490928818822 -1.257275991818096 -1.0933823967273568 -0.82940410590833658 -0.52397474248843601 -0.26588315811649466
-1.1808763114602563 -1.7066042931205025 -2.3250616161577824 -2.9749133029108989 -3.5879785139266716 -4.0985329093321035 -4.4530887309183385 -4.6190911032183362 -4.5910262100916945 -4.392743654383489 -4.0753103493450205 -3.7103704197532537 -3.3797022774050589 -3.1623458559451709 -3.1212158477521843 -3.2914129737087574 -3.6723990194594567 -4.2257545993315446 -4.8794015302783063 -5.5380453129019411 -6.098370775810908 -6.4664622987235294 -6.5742823073360537 -6.3920246377426526 -5.9338274411008687 -5.2555807832806281 -4.4451385592570993 -3.6067884614699732 -2.8429898186890377 -2.2368934407942067 -1.8389115870755255 -1.659698367322445 -1.6705733904696167 -1.810993524795018 -2.0014533116558919 -2.1593858813406612 -2.2153251090859527 -2.1267367693380059 -1.887415608054317 -1.5310420227739101 -1.1282888210558664 -0.77770033639760605
-1.4577792338844127 -2.0718880704090985 -2.77456792481739 -3.4984961469569953 -4.1702989165853879 -4.7203999100656731 -5.0930525470243388 -5.254937179710387 -5.2008517865839625 -4.9554206234544171 -4.5703237432913415 -4.1172251106801774 -3.6772569665504999 -3.3285143402294199 -3.1334412029356233 -3.1281690572684635 -3.3157337778485694 -3.6646131645723923 -4.1132178594722308 -4.5799295364301553 -4.977187960089422 -5.2272115628472786 -5.2764265105650008 -5.1057462902870174 -4.7345349008263984 -4.2172949175556393 -3.6335977602653475 -3.0731826219540022 -2.6191602248813748 -2.3326298116157886 -2.2416755744293457 -2.3367550130980703 -2.5731742328412786 -2.8799799426422901 -3.1734778244876409 -3.3729067434165962 -3.415618972733526 -3.2693771771167413 -2.9399444658518838 -2.4728670203507637 -1.9491178602728194 -1.4750261128541169
-1.9668533248433278 -2.67580431642536 -3.4645172522514436 -4.2597476338292992 -4.9832099550881139 -5.5619044733825262 -5.9383327861893331 -6.0789436774012255 -5.9793826551488003 -5.6655955038177321 -5.1904690523693091 -4.6263773594002782 -4.0546403712583921 -3.5534123840442451 -3.1858332741246063 -2.9903438970046707 -2.9748508807175131 -3.1159138711691607 -3.3633528554170464 -3.6497278248497107 -3.9031845360891371 -4.0613887340370756 -4.0838867991648407 -3.9603750340926034 -3.7130627517728101 -3.39246616775816 -3.0673329652352628 -2.8106590932284892 -2.6846157490649478 -2.7274455597686398 -2.9449580811715084 -3.3082719657252859 -3.7581648572997413 -4.2151108963200805 -4.5930872788429671 -4.8146898225904557 -4.825051365131733 -4.6024235009291417 -4.1639094534760428 -3.5655660073688775 -2.8968123015787981 -2.2697424312279164
-2.6867333290127959 -3.4901043901308064 -4.359781459588099 -5.2171643578167455 -5.9798624308475468 -6.5723849060851229 -6.936427409474609 -7.0390791565169266 -6.8775846114533632 -6.4798402720445001 -5.9004828220291028 -5.2131106724309593 -4.4997737977690324 -3.8392915664875336 -3.2961672917534361 -2.9118344610057054 -2.6996821579466452 -2.6447754390785754 -2.7084524366712373 -2.837131971438529 -2.973841280790376 -3.070344555958652 -3.0974872890761578 -3.0515831945603118 -2.955373377050412 -2.8531702248775854 -2.8010369252452563 -2.8539604311445324 -3.0526776496556582 -3.4129308230153903 -3.9194259406565397 -4.5257747221405626 -5.1604657202465702 -5.7377306367195082 -6.1713067055703466 -6.3886964420376859 -6.3436076280729168 -6.0247164915799782 -5.459568796333544 -4.7131519663572075 -3.8813247992712423 -3.079839968930548
-3.5718796382980003 -4.4620501314096224 -5.4010759075210721 -6.3060490042328681 -7.0917362477768116 -7.6814777309288136 -8.0173981466372783 -8.068265629590492 -7.8337095170295594 -7.3441115279198197 -6.6561891463968816 -5.844965856210818 -4.9933649130568849 -4.1810044665490693 -3.4738818900567825 -2.9165104634756549 -2.5277249562449491 -2.3008316924953647 -2.2080928484925177 -2.208786214963677 -2.2593891785780311 -2.3239424353338656 -2.3824919312841946 -2.4357747897047233 -2.5050054034779485 -2.626620591658666 -2.8429490672915154 -3.1907203903436052 -3.6898805325223023 -4.3351838957809132 -5.0924732157757298 -5.9005746589738219 -6.6785703360287165 -7.3371462606312754 -7.7919872320110688 -7.976928717592914 -7.8547729868314544 -7.4242126135780566 -6.7220013537513221 -5.8202017791649077 -4.8189134771247275 -3.8353171582194907
-4.5574246321952785 -5.5198928562405811 -6.510960812009337 -7.4448733529067823 -8.2351601447955378 -8.8055559391273963 -9.0999703542223269 -9.0898811492516831 -8.7779569612809869 -8.197358771905277 -7.40688675154016 -6.4827938366491047 -5.5085743840505703 -4.5642972260365298 -3.7170734748205394 -3.0140473912017001 -2.4789067826781643 -2.112370274614765 -1.8964771562465881 -1.8018565210521889 -1.7965859914400824 -1.8548825475774695 -1.9638066190194792 -2.1264695306914785 -2.3608997803153624 -2.6946370560104533 -3.1560931732765276 -3.7645145716368464 -4.520792541941125 -5.4012723813666046 -6.3561177794152357 -7.3128320896553607 -8.1844596494931441 -8.8810507004383989 -9.3223851883923086 -9.4498171449952917 -9.2353960306635781 -8.6870112099587207 -7.8490069090891481 -6.7983597607699533 -5.6369987216996105 -4.4811620327352859
-5.5669122749891962 -6.5812684844269604 -7.6027104980554974 -8.5443974282141308 -9.3204265688430663 -9.8565719071470692 -10.099841093664013 -10.025293209475338 -9.6390325500898246 -8.9769595531196718 -8.0995741387686202 -7.0837493425609033 -6.0128220996796049 -4.9665343262308852 -4.0123015788671044 -3.1990227645013416 -2.5542223708780512 -2.0847906147732722 -1.7810144521837561 -1.6230409277777458 -1.5884655453134791 -1.6594829636398885 -1.8280562604502499 -2.0978965842016954 -2.4826731873800849 -3.0006908108134365 -3.6671050275457713 -4.4853939872706974 -5.4400900126017699 -6.4926011495888112 -7.5813431394448525 -8.6264972998379168 -9.5387323301849936 -10.230418212823347 -10.627404622825429 -10.679414514928686 -10.367472720905218 -9.7074080337165238 -8.7491511072043853 -7.5721370321229156 -6.277519174690827 -4.9781059301923971
-6.5217564570102802 -7.5632482282869411 -8.5907337481380655 -9.5182069571744332 -10.26218092734298 -10.752039384670132 -10.939019971393277 -10.802366564333665 -10.351685961771837 -9.6252145233766573 -8.684395176111158 -7.6057458613344728 -6.4713701922213964 -5.3595800525757316 -4.3369810141968177 -3.4530626620447684 -2.7378993352511003 -2.2030645208621067 -1.8453525340874251 -1.6524431192080282 -1.6093026764284222 -1.7039575545552825 -1.9313571802554321 -2.2943915312658927 -2.8017071099706943 -3.4626811070237622 -4.2806130736893522 -5.2457040724583965 -6.3295690057774525 -7.4827977835411623 -8.6364792206039898 -9.7077655477966562 -10.608690811478171 -11.256777683377171 -11.585633692928463 -11.553807632675662 -11.150594067599807 -10.398094414667151 -9.3494880505852205 -8.0839837631679732 -6.6992303950620773 -5.3020727874387799
-7.3508808546196214 -8.3924171225283732 -9.4008631058471597 -10.292972374575525 -10.989414262595998 -11.424547113261726 -11.554690615471108 -11.363551829477609 -10.863966262122966 -10.095772159283909 -9.1202968763661563 -8.0124648219836523 -6.8518475024051195 -5.7140368599964049 -4.6635562762038454 -3.7491870540820589 -3.0021522577824733 -2.4371310314581063 -2.0556318568975183 -1.8508827874417975 -1.8131490741849632 -1.9343107792611569 -2.2106611434884087 -2.6432292157082262 -3.2354514444378957 -3.9886283077333822 -4.8961730905661121 -5.9380466065732538 -7.0768575104164828 -8.2568438448122503 -9.4063798096807627 -10.443902243838851 -11.286408550405275 -11.85912801101909 -12.104743509234369 -11.990678791110861 -11.513403449556192 -10.699302966191921 -9.6022468042985469 -8.2984255638034963 -6.8792515062434916 -5.4431418867194576
-7.9989602858086357 -9.0133260994919713 -9.9788201918852533 -10.816734837282182 -11.453398573291155 -11.829207646545742 -11.906083826532969 -11.672147045000072 -11.142890941822563 -10.35877641095246 -9.3797721137236874 -8.2778457112025645 -7.128664452683946 -6.0037763295845696 -4.9643435424726245 -4.0571523948640262 -3.3132024818979193 -2.7487509422912577 -2.368308218272059 -2.1687915040946102 -2.143875076113904 -2.2875621736896523 -2.5961598704645326 -3.0681631041775876 -3.7020087048973931 -4.4921670777154734 -5.4244893777882304 -6.4720057956278101 -7.5923868157341765 -8.7280036959250094 -9.8090034613367774 -10.759165607804485 -11.503692664092922 -11.977660884130506 -12.13372517591935 -11.947854748812579 -11.422305049452989 -10.585575425888509 -9.4896099376126006 -8.2048511569558915 -6.8139011534010958 -5.4045045222086543
-8.4319753449588806 -9.3939898352985818 -10.295518168006231 -11.063896597180578 -11.63228195329115 -11.947816049161082 -11.97820470415032 -11.715643779937784 -11.177502671243039 -10.403759039849875 -9.4517357706038911 -8.3891067487672384 -7.2863409720418542 -6.2097297285218733 -5.2159242236373267 -4.3485675712572363 -3.6372106336314456 -3.0983218985179288 -2.7378863058613678 -2.5548692911923307 -2.5447219113228758 -2.7021349886048434 -3.0224195716271787 -3.5011856073603695 -4.132373092751207 -4.9050941222788573 -5.8000831444652849 -6.786737550011372 -7.8216972302751078 -8.8496450888505738 -9.8065579146480761 -10.625101708968463 -11.241380759876774 -11.601940330076213 -11.669866697892855 -11.429031624922894 -10.885923839919451 -10.068979930369183 -9.0257421654695715 -7.8184334235564226 -6.5186125697939943 -5.2014878545203853
-8.6393454692841889 -9.5277015339647573 -10.348494739553685 -11.036243964695993 -11.531714160770422 -11.789132964901848 -11.78186724659612 -11.505639398733424 -10.978807572212931 -10.239763044608155 -9.3419917862976174 -8.347702942702691 -7.3210833334743111 -6.3221855074800768 -5.4022349871322319 -4.6008160328419461 -3.9450372515888557 -3.4504507799126785 -3.123244680432018 -2.9630719777819525 -2.9658322512753337 -3.1257849596005691 -3.4365416752548175 -3.8907392779478496 -4.4785030563747146 -5.1851142453999888 -5.988535010098639 -6.8575516473584717 -7.7512318713233004 -8.6201519031933547 -9.4094785506875613 -10.063576093806764 -10.531452292554212 -10.772155527727564 -10.759238539009369 -10.483607619388048 -9.9544164764442957 -9.1980415587615934 -8.2554869212063497 -7.1787381004588475 -6.0265950190443718 -4.8603986189559851
-8.6325821475890034 -9.4311579975265492 -10.159522356411079 -10.760099106843819 -11.181639078255165 -11.385454121910856 -11.350205248408065 -11.074469456355695 -10.576711504718178 -9.8927544323911381 -9.0712698874433375 -8.1681065083226603 -7.2403906577230952 -6.3412652119061352 -5.5159168570539183 -4.799243373239376 -4.2151975337758874 -3.7775699316235531 -3.4917759272423652 -3.3571087741185561 -3.3689136700463269 -3.5202185149412575 -3.8025125322824938 -4.205572431714744 -4.7164668147583004 -5.3180826765260836 -5.9876676215029914 -6.695927255626188 -7.4071366905007157 -8.0805250155689254 -8.6729119178273688 -9.1422826461092175 -9.4517568410376942 -9.5733008441536374 -9.4905808959360858 -9.2005408930777595 -8.7135573721089568 -8.0522974632494275 -7.249606879492088 -6.3458365237770167 -5.3859729866550801 -4.4168080152801181
-8.4410413809892244 -9.1395606511667413 -9.7691359727771978 -10.280397603575954 -10.630084086171157 -10.786302159457472 -10.732472266404427 -10.469321424954424 -10.014638289507579 -9.4009079251114667 -8.671304314454213 -7.8747607090750424 -7.0609201264674777 -6.2756910317353327 -5.5579332719739583 -4.9375347163961454 -4.4348711017557765 -4.0614199032615854 -3.8211536486269271 -3.7122789399237117 -3.7289091483702741 -3.8623466158938644 -4.1017847416184186 -4.4343990511817335 -4.8449538577544189 -5.3151798081047588 -5.8232507313490629 -6.3436859078518211 -6.8479203744874848 -7.3056348296740374 -7.6867514135261938 -7.9638285474675214 -8.1144742630474926 -8.1233762267881353 -7.983625472882796 -7.6971673388521111 -7.2744008241536413 -6.7331104418789938 -6.0970052589422927 -5.3941357305178368 -4.6553703969165756 -3.91298115861035
-8.1058125215535703 -8.6998327977351675 -9.2293001893057305 -9.652967501898944 -9.9352440932603461 -10.050526628177549 -9.9863713134561554 -9.744995069484359 -9.3428950886398479 -8.8087140652680116 -8.1797746900963144 -7.4978987804391437 -6.8051809655017816 -6.1403075529881779 -5.5358323594121668 -5.0165948935409617 -4.5992461371415185 -4.2926755401411558 -4.0990331957931208 -4.015017529009075 -4.0331401656578407 -4.1427661165536787 -4.3308360751185919 -4.5822862242966202 -4.880269881791456 -5.2063390018963442 -5.540752132228123 -5.8630370206686351 -6.1528587921173692 -6.3911467845872885 -6.5613404553239647 -6.6505542788557914 -6.650453659235918 -6.5576849914507545 -6.3738017630710306 -6.1047475452806257 -5.7600597997026153 -5.3520120799249593 -4.8948967956964999 -4.4045681075857566 -3.8982390570100272 -3.3943989917514674
