_RESULTS/CROSS_VALIDATION_POSTPROCESSED_80-20/Berg/GZ/4comp/3/Berg_GZ_z_710_kriged_reverse_4comp_spherical_3.asc
ncols 100
nrows 90
xllcorner 5.6208707817415728
yllcorner 50.959635321741573
cellsize 0.00013419651685393446
nodata_value 1.7014100000000001E+038
[rows 18 to 35 of 90, columns 0 to 39 of 100]
0.0004064794194403894 0.00045023040165440513 0.0005167334282467924 0.000611646243696636 0.0007429544875882005 0.0009210999605002356 0.001158726872436966 0.0014695582402229454 0.00186571587529239 0.0023527666994895237 0.002922289041424207 0.003543293007580993 0.00415648496924151 0.004677761759255253 0.005016055055902836 0.005102792864841445 0.004919204372016058 0.004504447626297079 0.003938960658648354 0.003314265367588673 0.002706687275289578 0.002164980430084917 0.0017109806398381763 0.001347026572680145 0.0010636297775918236 0.0008142712232003912 0.000553667666909259 0.0003439268277619223 0.00019837167676749548 0.00010731321645507073 5.55591138336664e-05 2.995439698020841e-05 1.726079515618792e-05 1.0247220771383507e-05 6.20210312259745e-06 3.81751515151349e-06 2.389879397594537e-06 1.52826373735892e-06 1.0092712386460723e-06 7.030111007400939e-07
0.0004269943141385255 0.0004848627827747213 0.0005711729786726549 0.0006948369087981057 0.0008686276445208768 0.001109953008482237 0.0014412749552625119 0.0018893789167341328 0.0024821139939315766 0.003240666309781992 0.004165606168757386 0.005217315868912439 0.006297512404130513 0.007247157991559691 0.00787852731216535 0.00804230007303193 0.007696569823680889 0.006928272275524479 0.005909695308878441 0.004824381462031856 0.0038108523173159257 0.0029445021055762213 0.0022478724280536235 0.0017108504998950263 0.0013083833861526801 0.0009552191022263064 0.0006284803969118566 0.0003800813012303622 0.0002133648723078254 0.00011223475980239583 5.8284348474354685e-05 3.1841114598723234e-05 1.8389074273399927e-05 1.107414711170816e-05 6.765885420514144e-06 4.1768236050634e-06 2.6010837324558967e-06 1.6383027846081497e-06 1.0543109395984296e-06 7.092834572079301e-07
0.00045040482629661984 0.000523332409213926 0.0006316480126743482 0.0007884667099771347 0.001013093070226087 0.0013330139573204099 0.0017858942050068768 0.0024204962463806523 0.003294182813720087 0.004462807761426176 0.005957224825636864 0.0077424266098762825 0.009666558268282699 0.011431944337432455 0.012643490441159656 0.012962684996225765 0.012291234695376081 0.010831499989948019 0.008965383428023098 0.0070650762269684995 0.005375419534081297 0.004000149533818931 0.0029445343163048256 0.0021648159702143456 0.0016027062885460661 0.0011368249577852962 0.0007347239115787866 0.0004369685546565742 0.0002413945437873174 0.0001256032640303143 6.695165820244151e-05 3.757706626052511e-05 2.2208511582427623e-05 1.3695172756971614e-05 8.548160801227902e-06 5.361562148353189e-06 3.364811208752989e-06 2.1109741622070545e-06 1.331280167412167e-06 8.59137668976436e-07
0.0004751813774892092 0.000563641405821999 0.0006954485655832403 0.0008888509854232034 0.0011715264909542646 0.0015846032363542306 0.0021876807690703343 0.00306381769459327 0.004321331775696835 0.006085094526941098 0.008463680492637196 0.011474113694430275 0.014917854582787647 0.01825833077059842 0.020652442626273394 0.021297199777057896 0.01994771792973244 0.01710261452740556 0.013639176858317904 0.010310741139810788 0.007521897091557305 0.005376251394084998 0.0038114107631244984 0.0027067728460296084 0.001954051371055184 0.0013696562049140978 0.0008781895432198563 0.0005192636929078314 0.0002856742353235018 0.000150790912743435 8.331231116018703e-05 4.855779910837371e-05 2.9837115076419215e-05 1.9254189413537747e-05 1.2514167384000932e-05 8.104712354713834e-06 5.218810796994339e-06 3.322886291338421e-06 2.0882481037568403e-06 1.3029222871901236e-06
0.0004995755767502584 0.0006032686966772569 0.000758791301254242 0.0009902124677068909 0.0013351205941458178 0.001851605496860907 0.0026282032879886394 0.0037966600425942 0.0055447826979443515 0.008119857018637343 0.011798439066917969 0.016774283244389007 0.0229010406663221 0.029303313470456758 0.03418743775162069 0.035547299973750994 0.03272304635325713 0.027035415347354586 0.020571361935103564 0.014809563247208762 0.010314699258880207 0.007068627417458882 0.004826525253623821 0.003316136299854968 0.002371160635588738 0.001654704308216778 0.0010638444543883227 0.0006326661681099749 0.0003510028890613393 0.00019179366836831563 0.00011088319102939842 6.785227834562042e-05 4.3904100704773e-05 2.9985089075759015e-05 2.088855849261435e-05 1.4387807170542302e-05 9.740322215862954e-06 6.472263136565932e-06 4.192173217820245e-06 2.602190953821106e-06
0.0005216961771012677 0.0006392932852932221 0.0008169825003555062 0.0010848242441180256 0.0014909879648012183 0.002112470772722899 0.0030718084520525704 0.004561868076537622 0.006879199709131398 0.010459254055726182 0.01588467082481028 0.02378191468428749 0.03441380100843663 0.04670789389766117 0.05702866701483717 0.06006720187303738 0.053839994663977354 0.04220338705186727 0.030248266700967284 0.02058693118248231 0.013653717830380925 0.008975147933549218 0.005915226781250063 0.003974121356226916 0.002834108707821654 0.0019832639238713656 0.0012930890010669199 0.0007827735400073245 0.0004438897568669732 0.00025476956220231884 0.00015553792152743707 0.00010098772452280388 6.967084012444594e-05 5.098253334804407e-05 3.863367580675143e-05 2.9065178646755372e-05 2.1527116585877165e-05 1.556912139746941e-05 1.0868480880394351e-05 7.02830574911317e-06
0.000539667893605095 0.0006686751105240476 0.000864894383593528 0.0011637850773590264 0.0016233364220788074 0.0023387228490118006 0.003466628502883147 0.0052648338979464915 0.008154207862544186 0.012808230793963392 0.02025810682762151 0.03193251481517912 0.04932211627319218 0.07234678016887783 0.09495212922644192 0.10236938992261133 0.08757546794254323 0.06349080822249027 0.04226309947717549 0.02708924562191079 0.017138498151115494 0.010852529690386073 0.006939618658753109 0.004620861847785645 0.0033002586179117365 0.0023369443861966047 0.0015597605180211061 0.0009728602064786078 0.0005726222793666849 0.0003479676153254059 0.00022616919236696675 0.00015728484109984943 0.00011698939617347952 9.296167170056073e-05 7.759002356875018e-05 6.492081133846838e-05 5.392471931529412e-05 4.414481991971739e-05 3.441912495912462e-05 2.5016841208842085e-05
0.0005518503372557161 0.0006886635406442391 0.0008977251573495926 0.0012184380623144737 0.0017161174605746445 0.0024998516186805803 0.0037533194647790978 0.005787802412997672 0.009132529087203013 0.01468537580804434 0.023952476838128 0.03938490243075996 0.06466069544108846 0.10387294628023017 0.1538136954479286 0.17506691623050386 0.13562702468959434 0.08782059691989029 0.05403631187019723 0.03284517397099241 0.020017041257860715 0.012328709287497833 0.007734639362892597 0.0051559084970013505 0.003704007777599152 0.0026838775279207634 0.001845697702152847 0.0012003505340026379 0.0007425643516726604 0.0004806877442240441 0.00033484782078393674 0.0002512931833021061 0.00020330453437723947 0.00017731545544459978 0.00016470435310867202 0.00015542226745104122 0.0001474733990560253 0.0001385698448824261 0.00012312548194059016 0.00010436663244533838
0.0005570709454491676 0.000697248596736876 0.0009118852174346546 0.0012421459215480408 0.0017567114558851493 0.0025733103046481614 0.003890447827977631 0.006046184267739057 0.009623066121605956 0.01563114639870246 0.025829812594622928 0.043291814486527115 0.07338167234585896 0.12534620474821484 0.2139619657023421 0.2917987462154331 0.17629375364224115 0.1030867938151882 0.06045730567319766 0.03575444787543307 0.021405772236270833 0.013019027295538494 0.008143687608710353 0.005473653806797525 0.0039739307571081284 0.0029753587018298794 0.002124702367228351 0.0014524816622426043 0.0009534480240781638 0.0006604686921615087 0.00049535755975763 0.000403147902977891 0.00035674809232196067 0.0003438113171597726 0.0003576412476091534 0.00038359206736478734 0.00042016826203446374 0.0004519743172608011 0.0004629922306706174 0.00045683689104788
0.0005548121405104799 0.0006936164408338785 0.0009087371760725285 0.0012435571673608532 0.001768807903729499 0.0026028354636962727 0.003944791335548223 0.006131623101006046 0.009735589594890254 0.015729689531588154 0.02576280772411149 0.04259540085377141 0.07068826079566244 0.11639259489561422 0.18240548012753388 0.21659173204129928 0.1557711250791204 0.09597629440067897 0.05755503971569503 0.034458606571049474 0.020792449179753928 0.012715834357147416 0.008052872816508872 0.005500494990468266 0.004059067890556265 0.003156734512222785 0.002364728096675008 0.001703861225974985 0.0011948105699757946 0.0008880065722664766 0.0007186202805744558 0.0006353999474523581 0.0006160215834880218 0.0006571727577433324 0.00076587432983946 0.0009339617525225775 0.0011761720049887686 0.001450248840625803 0.0017200181538275774 0.0019482427828394816
0.0005483203516419219 0.0006892439014993875 0.0009079736502089283 0.0012468423128370134 0.0017754796763761941 0.002608397240915445 0.003933993858632383 0.0060615970403403415 0.009495547986831636 0.01504529629784023 0.023967954789915837 0.03807842030570114 0.05952231408138965 0.08906491695021179 0.11980941749171303 0.1292353455655261 0.10604905370727727 0.07331623681531124 0.04723141233254584 0.02958775159022492 0.018410233564357493 0.011512508618779789 0.007474352292151997 0.005225568224499647 0.0039400594205030535 0.003182232433648327 0.002523446436567998 0.001929063475554826 0.0014423431759080006 0.001150726802504483 0.00100432842464146 0.0009633394413096661 0.001020598255655954 0.0012007305304785128 0.0015621929103489137 0.002167516141044633 0.0031271642241222164 0.004450578095732381 0.00614414321641593 0.00792231452014051
0.0005483146592923762 0.0006917784639639685 0.0009128225086905784 0.0012525260368557068 0.0017770063118880451 0.0025920026342254802 0.0038652344084112657 0.005859008654215115 0.008973534417828777 0.013792873266490042 0.021098973076226324 0.03174830362185366 0.04614767325987595 0.06287503874916922 0.07660316218572534 0.07914054165876924 0.06815873384925158 0.05093026610002556 0.03500935677793125 0.023153299942217632 0.015060933275517878 0.009746221702671141 0.006540194349351154 0.004705085919363592 0.0036389628377691496 0.0030309975976995523 0.0025635936099878054 0.002093234095436597 0.0016693036993695085 0.0014183052273444396 0.0013310928198060556 0.0013786432767494104 0.0015911073376855486 0.0020733178430964575 0.003009854983874025 0.004697676211686997 0.007592826060191999 0.012310442127079805 0.019822497269560785 0.029692349035815017
0.0005554669593809378 0.0007011732096194308 0.0009236256887476745 0.0012617083652381733 0.0017761911760592606 0.0025606182478850755 0.003756112086593076 0.005569103093229007 0.008286747387014242 0.012274573818180364 0.017919624903521513 0.025447335781211843 0.03451603428666746 0.04360815456904837 0.049774340107810275 0.049982291725112586 0.043878380569108526 0.034359073336629395 0.024838251143385892 0.017142396978600115 0.011599328418533384 0.007814692801068434 0.0054390073942627145 0.004037827721222075 0.003210245328358633 0.0027407469449877045 0.0024651789842213088 0.002160790806305359 0.0018482721271313603 0.0016552270236632192 0.0016524643854719915 0.0018554977428213001 0.002348465418020735 0.003363866375140531 0.005333866604716912 0.009096297483967227 0.015927949326047484 0.02828206711605297 0.051375965286658026 0.09459680802241069
0.0005714836101365959 0.0007196209011313024 0.0009429444420320542 0.0012774304024482808 0.0017777758417306495 0.002524387248936168 0.00362936489366655 0.005243844791784923 0.007553381769926759 0.010750508829481493 0.014961116857517824 0.020099157876597197 0.025654693618791767 0.03053163071974203 0.0332298839698217 0.03261268954048896 0.028803772299717065 0.02317738054336191 0.017369157687873664 0.012423519446339175 0.008672996160523297 0.006021382339136651 0.004343206588555761 0.003328590404010317 0.002721367415438916 0.002381545813644275 0.0022340051839471074 0.0021091740408436606 0.0019440664891035217 0.001834958466282453 0.001954735387804249 0.002365478843947271 0.0032463547016366927 0.00502751480210679 0.00849134520485392 0.015293617909314291 0.027819454201509112 0.050597116867702796 0.09173082206429074 0.15770150312987127
0.000606912549144437 0.0007604065789266036 0.0009878705321225375 0.0013214517953122798 0.0018074791794872882 0.0025104136354146696 0.0035158934989123667 0.004930188704435556 0.006864263028214373 0.009384478530902437 0.012469573623074718 0.015919682717500584 0.019278812855787805 0.021848630536926577 0.02289206491350367 0.02200780962141315 0.01941658401449153 0.015859978766298844 0.012180086368411662 0.008957766117310834 0.006425558793653729 0.004570959789182247 0.0033687574629158966 0.0026597625992196257 0.002233469234004362 0.002001174279063746 0.0019184280823920786 0.0019378923771957877 0.001932043078380739 0.0019632397856060254 0.0022275046697425517 0.002863611542434288 0.004170696682989826 0.006831909914282126 0.012012073130958935 0.02217788877476912 0.04038940363461728 0.07120544886846528 0.11813104675403578 0.17055003932487878
0.0006670337384339401 0.000830095485425883 0.001067405198054588 0.0014076430758122782 0.0018895144215318915 0.0025623201546305717 0.0034840017967417976 0.004714385954996873 0.006300836294526953 0.008253990773536652 0.010498021972933825 0.012795938480269348 0.01479719968791456 0.01608316621548246 0.016308636028128824 0.015370879873363117 0.013485644971878454 0.011092697390538272 0.008655306741701209 0.006498990242852768 0.004767496761385016 0.0034668327089591735 0.0025903466629118533 0.002080122555378333 0.0017897631657673584 0.0016383745142597695 0.001600121895626777 0.0016737472657661035 0.001835577704617867 0.0020314431474586932 0.002437542240306083 0.003300574146616891 0.00503580933331425 0.008471702795190932 0.015124487262565878 0.028024552725119615 0.05008341087451803 0.08406251717014927 0.12815042975178287 0.1679818565446865
0.0007584720570129698 0.0009363342011759358 0.0011904615516011385 0.001546393509639227 0.0020358341894005016 0.002694469614162214 0.0035565915733381873 0.004645403452998671 0.0059588638098156945 0.007452989679432167 0.009027625899949035 0.010521851643511855 0.011672820274840259 0.012222414003881462 0.012029481960271322 0.011115533116798759 0.009667012134447794 0.007963111767117148 0.006272793707747234 0.004781003993554608 0.00357080147557668 0.002646734843208008 0.0019991542011071122 0.0016173263233327114 0.0014130637648530515 0.0013179411159867291 0.0013083339141225165 0.0014100939801660916 0.001662131052063586 0.0020234917866084347 0.0025612776020907304 0.0036254615192192513 0.005734124921047045 0.00973642499862322 0.01735543258872838 0.031682570822184425 0.05498561798788441 0.08811792159509187 0.12652095888173634 0.1567888763724175
0.0008919973099492196 0.0010914429007391423 0.0013713183293523519 0.0017542898968256374 0.0022654619470560246 0.0029278444664802934 0.003754638049148953 0.004738776471686539 0.005842128070463838 0.006988774341896086 0.008067470511496819 0.008946690793372883 0.009501612005684041 0.009608964111384908 0.009192137057975489 0.008323468503401434 0.007157870385830394 0.005881010017710315 0.004654873264807583 0.0035848729533940215 0.002715631225794129 0.0020461177352764557 0.0015602278432911636 0.0012669718699871914 0.0011109223334402818 0.0010510986313887075 0.0010681316906111453 0.0011891313612082469 0.0014477002559999453 0.0019100948712976404 0.0025901353162788104 0.0038090318849483963 0.0061420300322794705 0.010438538419836019 0.018450739357673714 0.03310029398715583 0.0558803706594643 0.08612721839664957 0.11829278672805177 0.1412105767127685
