_RESULTS/CROSS_VALIDATION_POSTPROCESSED_80-20/Berg/GZ/4comp/3/Berg_GZ_z_1000_kriged_reverse_4comp_spherical_3.asc
ncols 100
nrows 90
xllcorner 5.6208707817415728
yllcorner 50.959635321741573
cellsize 0.00013419651685393446
nodata_value 1.7014100000000001E+038
[rows 36 to 53 of 90, columns 41 to 81 of 100]
0.11595067022563046 0.08376962028517564 0.05400606992059335 0.030752355585676294 0.015422953420742215 0.006891280872571941 0.002693251351955533 0.0009246068494929249 0.0002871818840408698 8.399089960689233e-05 2.450291434668594e-05 7.767967150553536e-06 2.9830356568460324e-06 1.48694487853198e-06 9.384910412706116e-07 7.134710573617887e-07 6.335499617236795e-07 6.228121441126308e-07 6.564616117173973e-07 7.483925743909083e-07 9.335060361192628e-07 1.2867560078006855e-06 1.910927807807631e-06 2.9243315247688583e-06 4.585534780577135e-06 7.282840746039039e-06 1.1585617240152809e-05 1.8253661248039864e-05 2.8161819212319644e-05 4.207025666358978e-05 6.017175830938641e-05 8.230956282879479e-05 0.00011292063713426426 0.0001548692645103582 0.0002116389707175373 0.0002860745738376309 0.000385309804020358 0.0005305904256585479 0.0007533732655722916 0.0010872306343865513 0.0015729232399876066
0.074265903392757 0.054352804734349676 0.035812090211093744 0.02129917260746423 0.011281488768315577 0.005284535437942454 0.0021501774625255834 0.0007782711781814212 0.00025876769703076527 8.237022750739363e-05 2.6489921038538355e-05 9.200046816824741e-06 3.710564121999588e-06 1.8281511694121952e-06 1.1140303251059338e-06 8.219177084483523e-07 6.97895886158387e-07 6.496771171828631e-07 6.515219061766758e-07 7.093588797879533e-07 8.473703751501511e-07 1.1082739412073597e-06 1.5119315992743157e-06 2.1328627826310436e-06 3.0965460058409447e-06 4.595942381884223e-06 6.919684402930038e-06 1.045406120366404e-05 1.5550461013786376e-05 2.2521510646751287e-05 3.144647597170694e-05 4.270791243451628e-05 5.908813823589309e-05 8.268437261994573e-05 0.00011570213189246941 0.0001640208194850129 0.00023611783622576272 0.00033972430241700356 0.0005000694419023761 0.0007476296375586252 0.0011186479574212432
0.04918917592879365 0.03647724911249615 0.024660918366673255 0.015227730853432039 0.008547204374446742 0.0041668744290548265 0.0017775655718002058 0.0006811647218076166 0.00024214661445890817 8.304196153660344e-05 2.8928036478510166e-05 1.0886377755709738e-05 4.627394434946669e-06 2.3358381868368812e-06 1.4210263804008448e-06 1.0185212001014185e-06 8.274426366515362e-07 7.26196732367438e-07 6.885077022763061e-07 7.111602853597084e-07 8.063663527785233e-07 9.660330709365705e-07 1.2059581668788662e-06 1.5647311620181417e-06 2.099136656346061e-06 2.8885780868931332e-06 4.039375573704637e-06 5.690457872398071e-06 8.020046178998408e-06 1.1188034740159326e-05 1.5141388002468628e-05 2.0382701935407032e-05 2.8391599017632497e-05 4.08178138460291e-05 5.9918155528056584e-05 9.063061768904059e-05 0.0001400400057902523 0.00021522436846100322 0.0003295381853541579 0.0005112879454695182 0.0007917359375600936
0.034319438453057315 0.025624236214334527 0.017648762431481318 0.011289139963367603 0.006587187134015387 0.0033536987657989837 0.0015042044551822303 0.0006099939141086751 0.00023082592095233497 8.585105863449768e-05 3.27205111853901e-05 1.3344797677410083e-05 6.121379259912268e-06 3.2429348307411918e-06 1.9705238400084327e-06 1.3716756152589455e-06 1.0483203622209205e-06 8.613199217541495e-07 7.690855136994673e-07 7.501990871688429e-07 7.781095266979774e-07 8.468785930364939e-07 9.679255066977301e-07 1.1576187646638608e-06 1.4397891372260717e-06 1.8420656902324283e-06 2.393089901098014e-06 3.12415853259908e-06 4.070172861416826e-06 5.27350996871986e-06 6.811514395615466e-06 9.10032609074183e-06 1.2843271544819629e-05 1.9116519345540946e-05 3.0080624362136784e-05 4.920437819645427e-05 8.20642531932233e-05 0.00013592374933937205 0.00021902304846586497 0.00035299605142036195 0.0005655496058405251
0.025159118159678757 0.01896670079842023 0.013268163818688127 0.008685914672918406 0.005161240184338285 0.002732147004137307 0.0012890279325328698 0.0005541051739587276 0.00022820822734760237 9.349024709246189e-05 3.954310063368276e-05 1.7849506338108975e-05 8.864730166007459e-06 4.879887784623817e-06 2.9817439319238597e-06 2.0164857296818415e-06 1.445006427590609e-06 1.1022313837167487e-06 9.130491004231164e-07 8.085901128295749e-07 7.57005796045199e-07 7.521012887047571e-07 7.912509444809144e-07 8.762601052517126e-07 1.0168438435476808e-06 1.216407404598156e-06 1.471869408795528e-06 1.7816335596061343e-06 2.144313910918588e-06 2.5611603578897478e-06 3.0788831882108357e-06 3.980440135269972e-06 5.609560042642294e-06 8.706450686861497e-06 1.4873265421102253e-05 2.6809245559498266e-05 4.87118059082232e-05 8.713228199193624e-05 0.00014944918166146027 0.00025001305411758974 0.0004136492424443438
0.01925767882149378 0.014688180084004241 0.010445995822392102 0.0069409071505777565 0.004149041172781951 0.0022506840588610686 0.0011228561432621688 0.0005326559501799355 0.000245564548395953 0.0001129234246805019 5.322887044101185e-05 2.6423430983093317e-05 1.4105485302284435e-05 8.035801153686774e-06 4.944191277252677e-06 3.2053835013014286e-06 2.1521107402295803e-06 1.5243812407521848e-06 1.1316008587889473e-06 8.898744974198566e-07 7.506742182468337e-07 6.817717033742817e-07 6.646248894651022e-07 6.856168025593669e-07 7.533417788658377e-07 8.536257581908363e-07 9.70000979125862e-07 1.0935037794420043e-06 1.2165317056565052e-06 1.3345609572305654e-06 1.4934068740095472e-06 1.7979085910780453e-06 2.455058771984091e-06 3.990479683524604e-06 7.486793610516697e-06 1.5019664051901679e-05 3.016583796883327e-05 5.8256631467636176e-05 0.00010652203689942673 0.00018469048113097512 0.0003142591213412642
0.01585551297375989 0.012201723627279804 0.00882383901163609 0.005947729276394699 0.0036139568194931853 0.002022674534486507 0.0010939576927617334 0.0005761641441518834 0.0002975533117346789 0.00015288980904212482 7.995893440163153e-05 4.348117677120992e-05 2.463637753341254e-05 1.4476387139705491e-05 8.85722758796782e-06 5.520143684269744e-06 3.4816459388953454e-06 2.214140224452616e-06 1.4487544872210423e-06 1.0033485957948758e-06 7.571699470806706e-07 6.331252440606406e-07 5.818291406944459e-07 5.758289365287472e-07 6.01718307951775e-07 6.446459419999673e-07 6.898368882485826e-07 7.285739832415416e-07 7.547875431790954e-07 7.68291334676145e-07 8.06529336493109e-07 9.02093914463529e-07 1.1347020765705623e-06 1.8860589947965362e-06 4.056890994665926e-06 9.15764057060195e-06 2.0110256977089668e-05 4.177931741641689e-05 8.066405909632447e-05 0.00014460516252498275 0.0002513438224193074
0.014808727956066315 0.011494535573155983 0.008443245131959275 0.005763052535878334 0.003574156159621723 0.0021177035594046457 0.0012322709841646067 0.0007097645087636383 0.00040493477185282316 0.0002317719537949863 0.00013368425028013442 7.890390286569581e-05 4.720933144340607e-05 2.8491629360377248e-05 1.726164401205922e-05 1.0263669587614885e-05 5.9247364714867145e-06 3.366203712340862e-06 1.92968740683653e-06 1.162923059136382e-06 7.767803346732875e-07 6.005710143402661e-07 5.322560783171671e-07 5.15502818449661e-07 5.209222433334105e-07 5.309367778302232e-07 5.350668967949227e-07 5.291907956454328e-07 5.129300676820703e-07 5.02809757280718e-07 5.174943837393183e-07 5.570407856010987e-07 6.254048646174496e-07 1.0326005353016289e-06 2.6182604208706812e-06 6.4647758186553245e-06 1.5087750167625765e-05 3.2868934178764155e-05 6.610693830689264e-05 0.00012167772794804866 0.00021407581016336902
0.01566866224009529 0.012233109293451231 0.009106142037341634 0.006301517372798809 0.004081676553558615 0.0025816740773759767 0.0016130238805753608 0.0010083257391255804 0.0006295351328860228 0.00039191213101840756 0.00024652638424828223 0.00015768325209031535 9.874331486736691e-05 5.970178104220321e-05 3.5266135207865924e-05 1.9969575264263167e-05 1.0692914613931642e-05 5.4682007751875945e-06 2.7313553616514335e-06 1.400735326915087e-06 8.091512194183067e-07 5.825268483939139e-07 5.158698971264023e-07 5.029146563257814e-07 4.985424330042244e-07 4.851389855581674e-07 4.586452583945198e-07 4.2307891097315156e-07 3.9207484742228637e-07 3.8565284630378245e-07 4.0692845276126155e-07 4.618556882582662e-07 5.841550952196211e-07 9.877152815862708e-07 2.2460315398784747e-06 5.506550171389732e-06 1.3031919840704051e-05 2.888960291498195e-05 5.912725687565657e-05 0.00011058211349422154 0.00019584289256634042
0.0179468818437854 0.014263210483898647 0.010895107287709158 0.007790011739806916 0.005374635852807928 0.00364042212282687 0.0024466863678031486 0.0016474821851356822 0.0011111283504912433 0.0007440047914907235 0.0004987000205085506 0.00033031842264406614 0.0002087639682058902 0.00012711786468859378 7.441114359648266e-05 4.104094808947503e-05 2.0877856569669923e-05 9.817489855453224e-06 4.310175751715748e-06 1.8312598051426898e-06 8.569819884579729e-07 5.871852085761224e-07 5.575015215722997e-07 5.628510547311945e-07 5.473812272131792e-07 5.042459236048513e-07 4.4414771921847087e-07 3.835521275310631e-07 3.480610228281643e-07 3.4648554422901813e-07 3.8476106773249447e-07 4.789716747864757e-07 6.848424654157453e-07 1.1807883921254763e-06 2.4386273316738647e-06 5.5823001087080356e-06 1.2940186657080325e-05 2.842667991029556e-05 5.7972828574958204e-05 0.00010824862682175676 0.00019101715780180703
0.019857097942799055 0.016657273957785657 0.013343593649290872 0.01021347368205068 0.007597889496062047 0.005547760363907118 0.004011196107806755 0.0028736812487287866 0.0020604046514537747 0.0014702757176386846 0.0010291599942501538 0.0006966728776166162 0.0004495217639572981 0.00027725005920442786 0.00016308072715858355 8.980261002960825e-05 4.4904357903561716e-05 2.0270164511611992e-05 8.226031745688637e-06 2.9997685925315916e-06 1.0022506718307466e-06 7.017654504717925e-07 7.728567648812129e-07 7.866858710917388e-07 7.320926036437233e-07 6.276711459653344e-07 5.058843301851853e-07 4.0883917527509155e-07 3.5590882331201034e-07 3.566501263038382e-07 4.2120794696540295e-07 5.733963853925347e-07 8.864931069041802e-07 1.5580854144181242e-06 3.065352395349824e-06 6.539252005918255e-06 1.4517299994387554e-05 3.106127728965544e-05 6.206613141319386e-05 0.00011400752795688719 0.0001979126499167259
0.022168313909100408 0.019427623365168487 0.01646784935744404 0.013638825518637317 0.010979278798393121 0.008666159810440919 0.006706813673848374 0.005116418480672255 0.0038639725560310487 0.0028848803072636995 0.002100167271476597 0.0014762418521731932 0.000987054404008992 0.0006280540112760017 0.00037929266706910643 0.0002144551518383173 0.00010965976066829948 5.03124907892552e-05 2.0692492946168762e-05 7.757271731174786e-06 2.962946864392607e-06 1.8383385130492216e-06 1.6589800834509705e-06 1.4925301990134922e-06 1.2497382887857802e-06 9.624464286941953e-07 7.083217069547526e-07 5.20933622666538e-07 4.140951136564855e-07 4.1072028470315253e-07 5.259595571547014e-07 7.80934600514275e-07 1.274210989313749e-06 2.2591068226019767e-06 4.305283879974462e-06 8.646265505120243e-06 1.805370327543307e-05 3.722053818377361e-05 7.195378580053024e-05 0.00012838189765576334 0.00021744888307167936
0.024843895360521617 0.022605163572213576 0.020449283013922286 0.018361689882874354 0.016039883147110506 0.013635529270849961 0.011210965748968333 0.008974386563853675 0.007054286820747235 0.0054900651528952335 0.004189812238096674 0.0030940417533257647 0.002172147878638408 0.0014516874110289094 0.0009218346144713958 0.000551790249940342 0.0003010523382087976 0.00014837707361653547 6.667014775944861e-05 2.8459049091746842e-05 1.2906824783949407e-05 7.286764417805361e-06 5.0480662711548225e-06 3.721208070479617e-06 2.6877409391520344e-06 1.8730447642811566e-06 1.2625081085465668e-06 8.320654123355294e-07 5.579970568685739e-07 5.297980054762344e-07 7.821396557861734e-07 1.2445503074954166e-06 2.0743695636235706e-06 3.630434411518151e-06 6.653821920102447e-06 1.2642762859481687e-05 2.4616075053046046e-05 4.827234958464725e-05 8.938054074322486e-05 0.00015331521783348148 0.0002517031566176349
0.02870356558732833 0.02629982707468049 0.025176943772485604 0.024426872626611393 0.022946107860572156 0.02067241727100367 0.017905530153047567 0.01501544390044783 0.012303945184832542 0.009970426706147553 0.008033789035034943 0.006278471312015947 0.004678589350105993 0.003334453777185097 0.0022722440622063 0.0014749915107948263 0.0008879895179871877 0.0004874364711951062 0.00024604392159903747 0.00011799893540917166 5.7457611371368586e-05 3.051572101389365e-05 1.7879775407253532e-05 1.1127505447465477e-05 7.149748890570408e-06 4.588002153437757e-06 2.9043293003743567e-06 1.8233460878966873e-06 1.1758356768940495e-06 1.0819489686598382e-06 1.5561137814799606e-06 2.406729557491841e-06 3.873953518489772e-06 6.479836431633287e-06 1.1233440185331154e-05 2.0040910889189744e-05 3.6401289870161646e-05 6.688059598518543e-05 0.00011758608048418866 0.0001923886370216973 0.0003045658938131009
0.033215480530477876 0.030575507076833926 0.029931575287210303 0.030577693410750794 0.030631556522790655 0.029355113795189895 0.026855810906098124 0.02359427460151262 0.020139384515647486 0.0170078810536196 0.014470635672301734 0.0120214238801878 0.009579063010328607 0.007359496496707901 0.005462307759937128 0.003909549645121749 0.002657486987683044 0.0016611590898036315 0.0009488725358071286 0.0004992385090797047 0.0002505648356410541 0.00012638390897246523 6.7077626413344e-05 3.7708770530434913e-05 2.2197418211537735e-05 1.3434085095228416e-05 8.27907790522565e-06 5.300709094221361e-06 3.77436807676696e-06 3.423731535690012e-06 4.054763755731054e-06 5.550527089923435e-06 8.18593104154032e-06 1.2689997282201902e-05 2.044329902763711e-05 3.389722470844493e-05 5.725430664181179e-05 9.765627969351458e-05 0.00016178145959317957 0.00025120186456486924 0.00038196385812421007
0.03737544005717987 0.034715775284325685 0.034714457977143655 0.03679375881671718 0.038369276676747555 0.038677748303937005 0.03730538368832154 0.034257738352919606 0.03032724432003002 0.02667836359951471 0.023866742859525718 0.021096548159436214 0.018033615020269195 0.015013145825702836 0.012230954192098699 0.009760870195630624 0.007577020245614655 0.005498504010856361 0.0035929933514422157 0.0020585229212032228 0.0010550537997825373 0.0005159401455044498 0.0002568279616146739 0.00013451124420210808 7.46735431211798e-05 4.367850239624628e-05 2.6734135018012075e-05 1.7501671251329542e-05 1.2857954225232287e-05 1.1221973481354802e-05 1.1767377132171843e-05 1.419824192530042e-05 1.880654635637507e-05 2.6557501055045978e-05 3.9279022796748634e-05 6.0056202820357625e-05 9.383183013990937e-05 0.00014816193548082408 0.0002296567084555388 0.0003378047527335378 0.0004921024677852192
0.040564090439181896 0.038068611286222624 0.03881285061851374 0.04240798354756095 0.04632651301777518 0.04904979633223263 0.04907237254199807 0.04591637605395598 0.04135253061132518 0.037548067263599785 0.035086857295743484 0.0329106918852176 0.030148888427877687 0.02716292168314491 0.024269283151414373 0.021647538459127067 0.019295240179606224 0.016756310832479263 0.013135478577225726 0.008403450247249018 0.004301754974763183 0.001994025054478192 0.0009377037198192758 0.0004694603809963867 0.0002530296250729245 0.00014620313062471091 8.964212824865377e-05 5.91559172106918e-05 4.325389347021112e-05 3.6078175652792525e-05 3.461290765167311e-05 3.753959388240474e-05 4.480267810261914e-05 5.744360454325899e-05 7.766620775118037e-05 0.00010910986386418962 0.0001572622348532897 0.00022986978340546596 0.0003315374709141266 0.00046304429829684265 0.0006451962072446434
0.04216207467724772 0.03991023967902964 0.041289357669574395 0.04595285868421909 0.05278300614234477 0.05966243493833504 0.06281812733272073 0.058510754357083965 0.05258227664456082 0.04860531085121589 0.04688674314860521 0.04616539701757641 0.04500993599273036 0.043625687181363657 0.0425044723765434 0.04212476879384733 0.04292624682283775 0.045000936386434896 0.04523958292418046 0.033464740986492665 0.015692142510698965 0.006676357563844397 0.0030183794175683326 0.001494286603148303 0.0008088102220092671 0.00047290662999630517 0.00029306596566545956 0.0001934603422307633 0.00013875980266008758 0.00011044853003277101 9.844661820631546e-05 9.766693934668003e-05 0.00010618072856655798 0.00012424726215854505 0.00015388863476905297 0.00019879981230718584 0.00026439086136501814 0.00035772127257196573 0.00048081963672016016 0.000640360659946586 0.0008526433430115603
