_KRIGING/CROSS_VALIDATION_CLASSIC/Berg/IZ/train_3/Berg_IZ_3_train_z_0.asc
ncols 100
nrows 90
xllcorner  5.6208707817415728
yllcorner 50.959635321741573
cellsize 0.00013419651685393446
nodata_value 1.7014100000000001E+038
[rows 0 to 18 of 90, columns 0 to 43 of 100]
0.370082490296883 0.370083784094102 0.370086063079741 0.3700900553261 0.370096993130601 0.370108927885864 0.37012921365742 0.370163230304325 0.370219434332924 0.370310839517335 0.370457033364225 0.37068682054357 0.371041538368851 0.371578998190939 0.372377856162475 0.373541996985083 0.375204223775362 0.377528200469436 0.380707226936746 0.384958105344033 0.39050817196932 0.397573637075482 0.406327819992354 0.4168587935524 0.429117417118604 0.442858708036344 0.45758182324289 0.472476301819761 0.486384229292836 0.497789110272009 0.504841954136932 0.505432968933839 0.497313130175414 0.478263892969612 0.446306003756827 0.399930696312817 0.338329777887401 0.261596584361506 0.170868717334492 0.0683866563822351 -0.0425501030012796 -0.157736451097356 -0.272318067006694 -0.381130339103732
0.370083129786381 0.370084791961484 0.370087655394631 0.370092581279864 0.370101020018393 0.370115379156173 0.370139590115519 0.370179958749819 0.370246406836761 0.370354230600528 0.370526511192863 0.370797300321545 0.371215657961409 0.371850521763051 0.372796222467032 0.374178213092934 0.376158248287943 0.378937847475291 0.382758439810406 0.387896190201339 0.394649246835115 0.403315162631598 0.41415666874797 0.427354945395161 0.442951118785028 0.460778892497584 0.480393841822258 0.501007647456512 0.521437954061394 0.540086034160374 0.55495442085825 0.563714646330804 0.563830930376303 0.552739217520687 0.528072926274965 0.487918166019499 0.431073362083212 0.357282721409915 0.267411150449068 0.163531046047254 0.048899059615298 -0.0721871305102817 -0.194647276598648 -0.31297208846924
0.370084119408905 0.370086304354795 0.370089962028974 0.370096100777772 0.370106404141068 0.370123650751379 0.370152362615826 0.370199781074883 0.3702772967565 0.370402484294216 0.37060190674112 0.370914846846947 0.371398076932846 0.372131676996785 0.373225732031571 0.374827467962085 0.377128014808854 0.380367527821554 0.384836892044482 0.390873757734133 0.398850315900113 0.409150170548663 0.422132059071981 0.438079163961597 0.457134443026365 0.479224775290053 0.50397962293289 0.530653017887677 0.558060493186499 0.584544462370921 0.607981835556826 0.625845773030639 0.63532909104172 0.633530019075582 0.617692324366175 0.585482331512869 0.535276539590039 0.466427032789641 0.379469239509432 0.276238920038733 0.159872915033083 0.0346806037079628 -0.0941112919125031 -0.220721200397239
0.370085694398785 0.370088657864269 0.370093454638638 0.370101260126762 0.370114009605986 0.370134866040434 0.370168943613834 0.370224399867499 0.370314041283377 0.370457617186279 0.370684996634221 0.371040419786071 0.37158797165221 0.372418320820561 0.373656575957702 0.375470819117925 0.378080468035267 0.381763110109242 0.386857878912367 0.393762888347922 0.402923821092363 0.414810645556621 0.429879789275576 0.448520096466447 0.470982659358264 0.497297146148568 0.527180405687319 0.559946571976041 0.594431089136335 0.628943348810891 0.661263241598567 0.688695223267497 0.708189090610449 0.716529571309688 0.710587604264399 0.687615917590265 0.645561749633571 0.583362085696239 0.501183297261731 0.400568824934305 0.284466025603686 0.157116014892888 0.0238067776065647 -0.109492332562161
0.370088238344735 0.370092403899759 0.370098910588485 0.370109133264521 0.370125288492214 0.370150942919425 0.370191800426953 0.370256893034472 0.370360337181768 0.370523852478311 0.370780265501271 0.37117822304688 0.371788298484123 0.372710568108056 0.374083536260977 0.376093976044089 0.378986814772539 0.38307363849647 0.388737758017371 0.396433151290085 0.406674101666129 0.420012158241918 0.436997349247202 0.458121570820487 0.483743886927781 0.514000137063325 0.548702617379343 0.587239334882138 0.628485880434014 0.6707456036846 0.711734710146453 0.748627422651084 0.778171996600961 0.796881119932529 0.801290588230937 0.788269234445983 0.755352519325751 0.70106383541267 0.625183271096656 0.528924713180153 0.414989342342681 0.287476381634246 0.151648912109234 0.0135712966354443
0.370092362393346 0.370098424032217 0.370107578130394 0.370121454569895 0.370142604046074 0.370175036071646 0.370225052289016 0.370302509802145 0.370422690102386 0.37060898969464 0.370896679535931 0.37133798745914 0.372008720735805 0.373016539670661 0.374510789980055 0.37669347664776 0.379830500467913 0.384261687108784 0.390407456670342 0.398769292348317 0.409920602435027 0.424484309168154 0.443093748986647 0.46633443613241 0.494666077587654 0.528326973061419 0.567226459892508 0.610835026627945 0.658085554891601 0.707302107777725 0.756173929569136 0.801791087208244 0.84075395150397 0.869361404519807 0.883872761301953 0.880827018463509 0.85739183114787 0.811705526168509 0.743170409082309 0.65265612268287 0.542578579957831 0.416832696792078 0.280574348345955 0.139866279013148
0.370099018256218 0.370108094683997 0.370121412266243 0.370140951120897 0.370169691415442 0.370212166334299 0.370275317909837 0.370369796956068 0.370511892802502 0.370726323555775 0.37105015379572 0.371538119002593 0.372269603587705 0.37335741567431 0.374958297352307 0.377284776861477 0.380617492294406 0.385316499486834 0.391829357978004 0.400693051525621 0.412526178602865 0.428007527609597 0.447837347841757 0.472678556703811 0.503076952183514 0.53936228208772 0.581535640110286 0.629152776441789 0.681216958209594 0.736098228421062 0.791497428975144 0.844472366203567 0.891539443609606 0.928856839360656 0.952485321078849 0.958711157816252 0.944403956941566 0.907372609941565 0.846676865434115 0.762851949930839 0.658009935220448 0.535793961072834 0.401178583878127 0.260129070744904
0.370109654937523 0.370123515817216 0.370143402396278 0.370171804108294 0.370212296864656 0.37027009243514 0.370352886599506 0.370472149863489 0.370645051882455 0.370897259643981 0.371266890419476 0.371809918281013 0.372607306021861 0.373774035275155 0.375470005909 0.377912442730904 0.381388964663672 0.386269841572438 0.393017223412473 0.402188357569958 0.414429148247066 0.430454042323277 0.451008369988395 0.476810148334895 0.508470147170253 0.546391784581177 0.590656059235942 0.640900910488886 0.696208563396652 0.755017799270798 0.815079821439119 0.873475632703999 0.926709012477882 0.970882113363449 1.00195080451679 1.01604522770231 1.00982922736181 0.980862353751376 0.927922029724656 0.851242853721016 0.752635759178942 0.635461697477143 0.504451354566754 0.36538184611235
0.370126429546216 0.370147819153173 0.370178014333042 0.370220271384194 0.370279039706129 0.370360484942332 0.370473292165533 0.370629890817943 0.370848292723474 0.371154786768208 0.371587779336756 0.372203092997087 0.37308101545061 0.37433529866719 0.376124113212962 0.378662635536832 0.382236466750394 0.38721445141676 0.394058718768366 0.403328986690248 0.415677483598662 0.431830439037113 0.452552190353762 0.478588774170932 0.510589596728364 0.549008480246163 0.593988968645919 0.64524293333786 0.701935701693045 0.762594387303662 0.825057969501287 0.886487121984115 0.943448220869068 0.992079179462062 1.02833513563194 1.04830056402014 1.04854267519165 1.02647094155598 0.98066124496916 0.911102115557356 0.819325737726097 0.708397737558081 0.582756020202513 0.447907885989251
0.370152481426459 0.370185570204747 0.370231767850807 0.370295501498749 0.370382539264572 0.370500459955072 0.370659365952653 0.370872973734176 0.371160267959645 0.371547960564559 0.372074046482698 0.372792777291173 0.373781361434935 0.375148616989186 0.377045618869067 0.379678067240765 0.383319637418752 0.388324953848098 0.39514009462779 0.404307755458811 0.416463511511187 0.432319191324243 0.452629433044615 0.478138249744594 0.509504065110317 0.547204270703322 0.591423817016458 0.641936388590826 0.697990806638503 0.758218729787779 0.820581650023593 0.882374799284274 0.940302292443631 0.990631428166586 1.02942488691113 1.05283855057444 1.05746132094464 1.04066349996967 1.00091393762503 0.938024857976783 0.853287957284514 0.74947598060408 0.630699403640262 0.50212598773393
0.370192275161372 0.370243273681467 0.370313964802139 0.370410561542418 0.370540838653345 0.370714516294531 0.370943827545589 0.37124439134902 0.371636565946022 0.372147517090761 0.372814291158123 0.373688220593403 0.374840986342365 0.376372591363998 0.378421330036656 0.381175540715872 0.384886482695443 0.389881083832415 0.396572592053161 0.40546640627243 0.417157682705093 0.432316881910644 0.451659445208177 0.47589647663414 0.505664829601672 0.541437432428981 0.583417958193142 0.63142777795605 0.684797042482978 0.742275036588867 0.801976852784222 0.861383169731833 0.917406920444066 0.966534687023184 1.00504206463416 1.02927187308257 1.03595336172383 1.0225312056389 0.98746694506895 0.930474103063826 0.852652415648918 0.75649640867327 0.645767930757775 0.525239263442931
0.370252010641138 0.370329982071174 0.370437569824656 0.370583683742734 0.370779134030916 0.371036889427047 0.371372431759014 0.371804309640494 0.372355050399639 0.373052653826414 0.373932954921846 0.375043190446469 0.376447114052264 0.37823194968227 0.380517322034066 0.383466027208767 0.387296086457183 0.392292960531641 0.398820121023953 0.407325447925579 0.418340265541651 0.432467402575894 0.450354658963233 0.472650678539506 0.499941622778405 0.532669288340222 0.571034340590158 0.614891893703673 0.6636503031933 0.716187121052013 0.770797967725615 0.825193888871884 0.876560053668893 0.921683218038981 0.957147491884291 0.979588414422844 0.985985441823728 0.973964298619823 0.942074913630348 0.890009264888604 0.818727224441968 0.730467422315068 0.628633310364805 0.517560228570766
0.370340086167437 0.370457990820147 0.370620223610255 0.370839706109875 0.371131778328109 0.371514282715964 0.372007621501443 0.372634864853493 0.373422048610302 0.374398873076215 0.3756000895971 0.377067923859388 0.378855912056921 0.38103449045671 0.38369854977578 0.386976914569829 0.391043315434201 0.396127887936917 0.402527585484741 0.41061320029548 0.420830056702667 0.433689024094246 0.449744470574421 0.469556323054721 0.493634659788259 0.522367300611111 0.555933612552545 0.594210982018285 0.636683707794011 0.682366873082731 0.729759400994468 0.776840347105233 0.821120054952563 0.859752920240431 0.889711423398281 0.908012519376137 0.911978575367008 0.89950727094998 0.869319725917541 0.821154867536577 0.755881434559597 0.675507038696496 0.583075529910044 0.482457946002545
0.370467582525856 0.370643579232603 0.370885335876963 0.371211638143168 0.371644469048918 0.372208857655893 0.372932532352633 0.373845423992671 0.374979133794505 0.376366566938925 0.378042025748789 0.380042139874108 0.38240806170812 0.385189344308829 0.388449814861032 0.392275530453754 0.396784536130009 0.402137638323144 0.408548788713088 0.416293008835565 0.425709178400312 0.437194600095497 0.451188203629062 0.468139724189881 0.488463312941336 0.51247586139601 0.540322782627023 0.571896877391841 0.606758851793828 0.644070538791181 0.682553327030948 0.720484157181054 0.755739292503934 0.785891761810907 0.808362135565399 0.820614772152625 0.82038388293689 0.805906985197026 0.776138858384668 0.730918096307556 0.671061396252929 0.598367831334081 0.515525768714571 0.425927415517395
0.370648711671412 0.370907723466447 0.371263160912785 0.371742222862446 0.372376449567252 0.37320125808135 0.3742550543814 0.375577927456171 0.377210014026686 0.379189729355338 0.381552179386925 0.384328184011118 0.387544424624991 0.391225249594226 0.395396594792022 0.400092273123601 0.405362538376952 0.411284336657679 0.417972053366826 0.425586910047782 0.434342564575352 0.444504052436095 0.4563771263589 0.470285451521844 0.48653410349507 0.505359434260289 0.526867550954996 0.550966195451495 0.57729738839228 0.605180363801251 0.633575566282967 0.661080334610566 0.685965006625302 0.706254441507096 0.719854577730633 0.724717194188453 0.719029403485788 0.701408673439239 0.671080466747215 0.628014841126395 0.573001090782749 0.507645699697206 0.434287858121632 0.35583734428716
0.370901143678243 0.371276667639246 0.371791704067693 0.372485292959731 0.373402454811127 0.374593312300926 0.376111484318718 0.378011708475885 0.38034675318073 0.383163818558901 0.386500784878202 0.39038282617143 0.394820034966916 0.399806764536687 0.405323349374821 0.411340679621207 0.417827761607403 0.424761898047414 0.432140501306172 0.439992880042772 0.448389715868126 0.457447501892812 0.467325090567586 0.478209825065089 0.490291599090254 0.5037246279688 0.518578646486632 0.534783490164881 0.552073267040219 0.569938197160341 0.58759325695878 0.603972617925553 0.617757235914112 0.627439757552911 0.631426363298608 0.628169756863007 0.616321992348556 0.594891120599054 0.563382663744103 0.521906450846089 0.471231782457415 0.412779179425433 0.348544534401251 0.28096028467874
0.37124609186111 0.371782193855249 0.372517246760164 0.373506637102871 0.374814022782269 0.376509911739148 0.378669110067093 0.381366935723527 0.384674231022708 0.388651391089543 0.393341841594534 0.3987656206412 0.404913908916904 0.411745463995316 0.41918590272737 0.427130601208382 0.435451623478472 0.444008553390501 0.45266242850406 0.461291236831765 0.469804746785746 0.478155931074011 0.486346055818554 0.494420758751865 0.502455213082449 0.510527774776699 0.518683258509594 0.526888999290128 0.534988856897331 0.542661964840309 0.549393948552426 0.554468213523775 0.55698351956771 0.555901377919788 0.550123025174571 0.538591272249949 0.520408031503926 0.494954544667292 0.461999017326542 0.421776110300529 0.375024853258206 0.322975952719893 0.267285668206899 0.20992056344261
0.371708002261703 0.372461387166136 0.373494217693556 0.374884012330497 0.376719686563142 0.379099423210148 0.382126883888257 0.38590558454436 0.390531440917454 0.396083738358052 0.402615075659138 0.41014113996264 0.418631440900391 0.428002309339489 0.438113491197718 0.448769491926929 0.45972642709655 0.470704517101454 0.481405578002651 0.491533996227341 0.500818857913715 0.509034280582829 0.516014711664283 0.521662135325527 0.525942833870475 0.528872575630321 0.530490751570092 0.53082587053827 0.529856683264594 0.527474724840674 0.523454927724037 0.517440896286948 0.508950291492804 0.497403549745133 0.48217604051844 0.462670129035765 0.438399982370784 0.409078950449446 0.374697558073208 0.335580016867204 0.292408924981855 0.246211375756281 0.198304625432501 0.150205074873482
0.372313665827589 0.373355655035529 0.374784089910525 0.376705874851182 0.379243477320263 0.382531881195901 0.386713195953192 0.39192865519324 0.398307984400913 0.405956454675571 0.414940341636775 0.425271931320585 0.436895593897255 0.449676706201987 0.46339526990371 0.477745882423378 0.492345240912952 0.506747607023414 0.520467693694105 0.533009366642235 0.543897534142745 0.552709800510731 0.559104045900348 0.562838195212984 0.563779114884267 0.561898805682393 0.557257726134349 0.549976980833671 0.540202970592684 0.528069626350048 0.513664249473839 0.497003034523201 0.478021442421047 0.456582751015743 0.432505522741854 0.405607730113011 0.375762314394269 0.34295651417853 0.307345849051261 0.269293520380529 0.229387343598533 0.188429059434942 0.147394642426302 0.107368483470155
