_KRIGING/CROSS_VALIDATION_CLASSIC/Berg/IZ/train_3/Berg_IZ_3_train_z_710.asc
ncols 100
nrows 90
xllcorner  5.6208707817415728
yllcorner 50.959635321741573
cellsize 0.00013419651685393446
nodata_value 1.7014100000000001E+038
[rows 0 to 18 of 90, columns 0 to 43 of 100]
0.145200633589371 0.145200770635951 0.145200987216643 0.145201330163025 0.145201873631585 0.145202733880989 0.145204090637156 0.145206216813913 0.145209517947289 0.14521458143074 0.145222232969321 0.145233592935755 0.145250117786441 0.145273600749421 0.14530609134115 0.145349675309558 0.14540603686087 0.145475706576852 0.145556886191511 0.145643742164238 0.145724081944966 0.145776378411847 0.145766195967149 0.145642198803896 0.145332083434046 0.144738959562661 0.143738880524415 0.142180360928107 0.139886771886911 0.136662429685545 0.132302957184204 0.12661008354873 0.119410471632101 0.110577474471096 0.100054010576887 0.0878741285161966 0.0741804336402038 0.0592344917126782 0.0434176863635322 0.0272208094773687 0.0112218493797372 -0.00394712310422349 -0.0176415830918681 -0.0292509973013401
0.145200786329363 0.145200999700323 0.14520132856938 0.145201836760679 0.145202624100562 0.145203846017802 0.145205742375615 0.145208678539515 0.145213201670887 0.145220114374259 0.1452305655021 0.145246153344208 0.145269028699736 0.145301973594578 0.145348415125522 0.145412313252217 0.145497837682249 0.145608725381976 0.145747191898821 0.145912264038565 0.146097417763464 0.146287453390711 0.146454628855565 0.146554205383322 0.146519735385275 0.146258626237646 0.145648719804343 0.144536797790975 0.142740009884974 0.140051175544612 0.136248689520101 0.131111343885223 0.124437775191434 0.116069503652485 0.105915742604476 0.0939774453629079 0.0803675645187771 0.065324359236841 0.049214895982967 0.0325266803357725 0.015846583216592 -0.000172250635858989 -0.0148532073825708 -0.0275449561518569
0.145201043289083 0.145201380517819 0.145201887694796 0.14520265161252 0.145203805379446 0.145205553355606 0.145208208255521 0.145212244855146 0.145218375220075 0.145227650046563 0.145241588881532 0.145262337740605 0.145292844881357 0.145337033105266 0.1453999291207 0.145487687069524 0.145607415433307 0.145766687199207 0.145972587789227 0.146230141875694 0.146539969154108 0.146895061913761 0.147276664376098 0.14764937179775 0.147955755128181 0.148111042165394 0.147998622439941 0.147467350115533 0.146331745535567 0.144376186012013 0.141363980925701 0.137051815744374 0.131209427538432 0.123643586997441 0.114224600526517 0.102912741630152 0.0897814265233658 0.0750337137239649 0.0590089449479744 0.0421771033169875 0.0251197062805756 0.00849764310398906 -0.00699190227137127 -0.0206656950801263
0.145201474314776 0.145202014120649 0.145202808210356 0.145203975349119 0.145205692873653 0.145208227263255 0.145211979960628 0.14521755446393 0.145225851780451 0.145238201666448 0.145256535903656 0.145283606120416 0.14532324105355 0.145380625280281 0.145462562157841 0.145577657510082 0.145736328328609 0.145950505272288 0.146232864591548 0.146595402843993 0.147047167785168 0.14759099420208 0.148219176826134 0.148908152696121 0.149612463531552 0.15025851398846 0.150738908191113 0.150908392793931 0.150582604842425 0.149540855321268 0.14753401778641 0.144298198167435 0.139574232621519 0.133132236346341 0.124799498523011 0.114489122578299 0.10222610993258 0.0881672430891589 0.0726112713156841 0.0559966045384608 0.0388849531674733 0.0219309881647692 0.00583992195490619 -0.00868334693200151
0.145202191995196 0.145203063511298 0.145204322012445 0.145206132195511 0.145208732067487 0.145212469139008 0.145217854878182 0.145225645115589 0.145236955833538 0.145253424881971 0.145277429786532 0.145312368747764 0.145363004654849 0.145435858768747 0.145539620134898 0.145685507890671 0.145887486919484 0.146162195422571 0.146528401527854 0.147005774070832 0.147612742538878 0.148363247540869 0.149262260796117 0.150300093892822 0.151445721512442 0.152639608564179 0.153786826603731 0.154751530178436 0.155354079969081 0.155372179703778 0.154547273568351 0.152597083921601 0.149234543200379 0.144192523890585 0.137252784954324 0.128276570408095 0.117233487491892 0.104224835410926 0.0894975990016263 0.0734459478993394 0.0565982808274496 0.0395895107446805 0.0231201863636459 0.0079059076240538
0.145203374265756 0.145204786569884 0.145206796326675 0.145209636090216 0.145213629898443 0.145219234644315 0.145227102335495 0.145238172596705 0.145253807259625 0.145275980876014 0.145307541547203 0.145352554237252 0.145416731981169 0.145507947118913 0.145636792964555 0.145817134866462 0.146066548524761 0.146406495102609 0.146862032697942 0.147460821571067 0.148231159449153 0.149198799447091 0.150382373499428 0.151787382562403 0.153398927375889 0.155173633567012 0.157031548375919 0.158849109967211 0.16045455315516 0.161627245346792 0.162102372235515 0.161582059439502 0.159753402907389 0.156313015343482 0.150996662938572 0.143611505553452 0.134067542360831 0.122404293076061 0.108808676311556 0.0936205819962826 0.0773237805227497 0.0605214634075139 0.0438976600319713 0.0281677371328637
0.145205296664211 0.145207583101493 0.145210801060754 0.145215285416341 0.145221485750363 0.145230011882403 0.145241702108542 0.145257725047748 0.145279729302559 0.145310058115737 0.145352047830826 0.145410427740124 0.145491832847677 0.145605427873188 0.145763618168346 0.145982789393128 0.146283972506626 0.146693275990576 0.147241868818224 0.147965245296126 0.14890147068854 0.150088112098089 0.151557621246487 0.153331070851384 0.155410362928062 0.157769321088428 0.160344427184011 0.163026322040499 0.165653497513032 0.168009786307715 0.169827229207566 0.170795603751731 0.17057930468136 0.168841395030863 0.165273577674167 0.159629709053669 0.15175947239954 0.141638146007213 0.129388221195757 0.115289061692896 0.0997718740271714 0.0833988862758435 0.066827608715542 0.0507630887411125
0.14520837703364 0.145212060200968 0.145217202530994 0.145224294960366 0.145233974034438 0.145247069825184 0.145264677000181 0.145288261230937 0.145319817330798 0.145362099585332 0.145418947580204 0.145495730780058 0.145599929941154 0.145741860508644 0.1459355197581 0.146199503456656 0.146557888565394 0.147040917857127 0.147685255841461 0.148533523194456 0.149632773910559 0.151031574533531 0.152775398687956 0.154900181161558 0.157424094977136 0.160337919838525 0.163594739820802 0.167100098950601 0.170704090834123 0.174197082947745 0.17731079449632 0.179726189257259 0.181089074689335 0.181033429267705 0.179211386539664 0.175327623655032 0.169174819330127 0.160666067582906 0.149859848642895 0.136973498699849 0.122382123203833 0.106601486615664 0.0902553921274092 0.0740301546352018
0.145213235538747 0.145219120306287 0.145227289996037 0.145238474300156 0.145253591200045 0.145273794522698 0.145300542947651 0.145335703534993 0.14538170804187 0.145441785617822 0.145520299718433 0.14562321840957 0.145758743160076 0.145938108755597 0.146176543020563 0.146494337081304 0.146917923933484 0.147480796780573 0.148224024593452 0.149196051091647 0.150451410538707 0.152047979435146 0.154042429516287 0.156483674647304 0.159404325108124 0.162810476618783 0.16667054814349 0.170904298940923 0.17537353585382 0.179876284102237 0.184146251710578 0.18785919428563 0.190647240367692 0.192121375713477 0.191901178100289 0.189649677124359 0.185110072031298 0.178140185520167 0.168740160177323 0.157069158962863 0.143447761696251 0.12834428973636 0.112345257413022 0.0961122626819215
0.145220772440002 0.145230075849283 0.145242940913133 0.145260461226353 0.145283979305604 0.14531512975174 0.145355899001761 0.145408715041575 0.145476586804704 0.145563319790129 0.145673840373972 0.145814664307462 0.145994542192042 0.146225302943721 0.146522891912148 0.146908560509883 0.147410107666418 0.148063001762687 0.148911130706719 0.150006848438355 0.15140992485213 0.153184984010313 0.155397055961317 0.158104992026814 0.161352716158759 0.16515860610143 0.169503698006699 0.174319843640257 0.179479353860224 0.184787951582342 0.189982942277525 0.194738312067631 0.198677936213218 0.201397228218206 0.202492449129127 0.201595660264057 0.198412126071235 0.192756069340448 0.184580249980914 0.173995029434491 0.161273453043382 0.146840374833505 0.131245587539276 0.115123032655588
0.14523226486272 0.145246792893776 0.145266828889246 0.145294016282943 0.145330334990222 0.145378134450709 0.145440173880266 0.145519682627982 0.145620461315631 0.145747053111738 0.145905022579676 0.146101384706403 0.146345225792508 0.146648547067079 0.147027337254441 0.147502838618592 0.148102910805167 0.14886331978596 0.149828691551632 0.151052783530943 0.152597658402009 0.15453131713664 0.156923385148828 0.15983856963363 0.16332783211523 0.167417548109319 0.172097335637927 0.177307682175943 0.18292891798348 0.188773387597717 0.194582769850148 0.200032311135141 0.204743219459442 0.208303621156429 0.210297374235991 0.210338793329496 0.208110155296342 0.203397932962822 0.196123248149477 0.186362193219068 0.174352502618903 0.160484508698111 0.145276219070194 0.129334439275558
0.145249481458956 0.145271863109167 0.145302674298319 0.145344379218554 0.145399905672017 0.145472660019569 0.145566533627547 0.145685912236059 0.145835709326968 0.146021455726666 0.146249488635033 0.146527291320723 0.146864036189904 0.1472713744616 0.147764490817029 0.148363397526277 0.149094378173401 0.149991408185999 0.1510972847759 0.15246410526741 0.154152658686163 0.156230264181452 0.158766626546815 0.161827406382291 0.165465434400603 0.169709835125429 0.174553743132929 0.179941749358389 0.185758636941343 0.191821269901922 0.197875593425299 0.203600514268656 0.208619908889995 0.212523161063416 0.214893528201319 0.215342408151921 0.213546408794177 0.209283219178798 0.202461839432865 0.193142890995115 0.181545554401447 0.16803911312315 0.153118949660829 0.137368882167849
0.145274810031621 0.145308798383814 0.145355530835516 0.145418679208401 0.145502562908107 0.145612134812368 0.145752934213238 0.145931015510961 0.146152873590485 0.146425401413467 0.146755930310212 0.147152415522305 0.147623834357017 0.148180856744308 0.148836822901234 0.149609016173273 0.150520149418275 0.151599893053133 0.152886170038685 0.154425841812514 0.156274329737272 0.158493683762113 0.161148649719911 0.164300421431148 0.167998006292113 0.172267479927934 0.177099831978677 0.182438562267612 0.188168603230811 0.19410843418892 0.20000732722976 0.205549449743697 0.210366006003004 0.214055741993613 0.216213038061216 0.216461608013249 0.214490693609453 0.21008979289075 0.203177576849892 0.193820864001576 0.182240380323913 0.168801468061077 0.153989747541219 0.138373721440097
0.145311387573607 0.145362234946456 0.14543209136356 0.145526377456333 0.145651425184563 0.145814419733955 0.146023272136879 0.146286427028323 0.146612625832413 0.147010665172245 0.14748921093712 0.148056746236694 0.1487217410587 0.14949312661691 0.15038113203506 0.15139849054986 0.152561945360495 0.15389388496343 0.15542382386363 0.157189333364485 0.15923594140524 0.161615486984206 0.164382460718374 0.167588010565232 0.171271551180656 0.175450279513829 0.180107338187128 0.185179827956477 0.190548275969841 0.196029429953184 0.201374283520194 0.206272977231523 0.210367634150938 0.213273300841812 0.21460605940213 0.21401619546765 0.21122323506742 0.206048897387656 0.198443726045926 0.188503473750464 0.176472249190055 0.162730909205457 0.147771009591152 0.132156552344239
0.145363214630862 0.145438123870518 0.145540983077267 0.145679702975197 0.145863478664694 0.146102667404924 0.146408544820997 0.146792937729345 0.147267752869519 0.147844447329223 0.14853351523985 0.149344091336759 0.150283788440559 0.151358885058641 0.152574953651139 0.153937964193829 0.155455810068899 0.157140088544513 0.15900783805147 0.16108280875885 0.16339574784572 0.16598314632642 0.168883949229126 0.172133897015544 0.175757450926368 0.179757645698827 0.18410467277018 0.18872446407969 0.193488939702779 0.198209811398903 0.202637814546398 0.20646891320254 0.20935836996656 0.210942632688666 0.210867863464191 0.208822775486604 0.204572438603395 0.197989057657234 0.189075579764828 0.177978440974576 0.164986818446171 0.150517305506465 0.13508477171906 0.119262039614638
0.145435226577918 0.145543872521214 0.145693005623762 0.145894020486742 0.146160115340816 0.146506078891724 0.146947882147076 0.147502064806189 0.148184934294302 0.149011631972412 0.149995161442765 0.151145511615124 0.152469033507809 0.15396823464291 0.155642128872039 0.15748721580048 0.159499061177729 0.161674313731768 0.164012839988495 0.166519510750161 0.169205062447938 0.17208541811559 0.175178918089943 0.178501101490935 0.182057000200904 0.185831337745747 0.189777519510619 0.193806786011932 0.19777928724543 0.201499028019241 0.204714548589775 0.207126790480776 0.208404851901404 0.208209318976795 0.206221688039079 0.202177240878995 0.195897796111092 0.187320225822168 0.176516643410094 0.163702803924911 0.149232479824575 0.133577245196962 0.117292993081009 0.100976341813699
0.145533283879783 0.145688387690855 0.145901247519052 0.146188045075727 0.146567475795658 0.147060409470826 0.147689254863663 0.148477006311475 0.14944598921626 0.150616371715549 0.152004566498325 0.153621700977851 0.155472374260545 0.15755393243995 0.159856467343288 0.162363669322228 0.16505454027281 0.167905806738712 0.170894683939042 0.174001460094711 0.177211234951791 0.180514098197629 0.183903109019364 0.18736966017653 0.190896179186094 0.194446607443194 0.197955646397457 0.201318282164871 0.204381493098903 0.206940205091983 0.20873940261716 0.209483786320234 0.208855504893451 0.206539361543988 0.202253649148209 0.195783595988926 0.187013516648644 0.175953351338932 0.162755473943069 0.147718495177695 0.131276214020624 0.113971702128823 0.0964184829407619 0.0792525882895734
0.145664032850037 0.145881957423845 0.146180998149375 0.146583794415393 0.147116452365212 0.147808033644461 0.148689611846306 0.149792859454583 0.151148181270074 0.152782479917552 0.154716718139221 0.156963519629985 0.159525109716387 0.162391921787857 0.16554216868489 0.168942588823212 0.172550422374455 0.176316463600086 0.180188796138325 0.184116587050358 0.188053140879949 0.191957347594396 0.195792741585775 0.199523648311602 0.203108327807359 0.206489592364529 0.20958400508429 0.212271352587187 0.214386508309698 0.21571594595427 0.216000937243045 0.214948837092083 0.212252854678707 0.207619438475113 0.200801043300237 0.191630819314257 0.18005489769038 0.166157642900994 0.150175618922383 0.132497090390271 0.113645542804139 0.0942477394115944 0.0749889380349781 0.0565597411281582
0.145834579589836 0.146135897263958 0.146549358083679 0.147106150431347 0.147842183784148 0.148797347483561 0.150014156644644 0.151535728353234 0.153403103793863 0.155652027489385 0.15830940425 0.16138976234259 0.164892137197545 0.168797830400933 0.173069471915648 0.177651704131957 0.182473611112562 0.18745274830888 0.192500318721255 0.197526739969796 0.202446614075126 0.207182011560853 0.211663067493255 0.215825189401245 0.219602690103774 0.222919333519137 0.225677026274671 0.227744575435852 0.228948919305242 0.229071388999346 0.227851275770783 0.224998229255947 0.220213844043372 0.213221342621005 0.203800743339722 0.191825569247957 0.177296266048809 0.160365265613019 0.141349171992854 0.120724850011051 0.0991081164488882 0.0772160054369673 0.0558158599529976 0.0356664291904975
