_RESULTS/POSTPROCESSED/MHZ/GZ/6comp/MHZ_GZ_z_500_kriged_reverse_6comp_spherical.asc
ncols 100
nrows 74
xllcorner 5.5967023332191781
yllcorner 50.982320383219182
cellsize 0.00019249356164376555
nodata_value 1.7014100000000001E+038
[rows 0 to 18 of 74, columns 43 to 85 of 100]
0.17105705807622884 0.12025166388519565 0.08658576805182373 0.06515909191798644 0.05222071032792779 0.045292167341752676 0.04301618746067859 0.04501171534046456 0.05184567411695629 0.06513553429001269 0.08806202166562023 0.12582535714332457 0.1858890537415867 0.27682399157842447 0.40343357391509044 0.5581575834376228 0.7192150295162458 0.8561681483788725 0.9333023295186174 0.9210786794746043 0.8697767132303075 0.8217004474632704 0.7776427362298981 0.7380767892345987 0.7032986211592773 0.673505871763983 0.6488479840617636 0.6294628989728366 0.6155073198894985 0.6071841326069485 0.604734823234946 0.604734823234946 0.604734823234946 0.604734823234946 0.604734823234946 0.604734823234946 0.604734823234946 0.604734823234946 0.604734823234946 0.604734823234946 0.604734823234946 0.604734823234946 0.604734823234946
0.10038948421293578 0.06457847526379472 0.04278382206053915 0.029891129204782305 0.022532188279065234 0.01870034139723003 0.017351988122232966 0.01815121084982238 0.021403923127680427 0.028196015220374432 0.040746018616320975 0.06312657643882116 0.10218318536291428 0.16807148670684416 0.27149984086868056 0.41027420369802553 0.5691943195790168 0.7313757306904433 0.8624031173131269 0.9204116091670184 0.8850498236363482 0.8335884991799414 0.7869491110068787 0.7453557517670735 0.7089465739903625 0.6778139743148814 0.6520338376549695 0.6317192340859095 0.6173538082547548 0.608969311113276 0.6065561156713086 0.607046968003029 0.6072204332011529 0.6070361581773278 0.606537050199251 0.6058471070078586 0.6051654308384716 0.6047574843336403 0.604734823234946 0.604734823234946 0.604734823234946 0.604734823234946 0.604734823234946
0.05590548157374931 0.03268124272036024 0.019747049049032767 0.012679890361776771 0.008898709470539843 0.007005404210487486 0.006332759267643813 0.006668062142821642 0.008156272413046462 0.011415927502977456 0.017831472555458503 0.030206989750294063 0.05384067945008253 0.09803439341708911 0.17737152696392203 0.29220579118810736 0.4305658748240326 0.592746835374382 0.7511637664384266 0.8646340121838924 0.8888766869259793 0.8383979330268629 0.7906905636374811 0.7482708096498244 0.7112036580866018 0.6797106083023098 0.6546653148548796 0.6358060523610469 0.6228052104705885 0.6154791991334291 0.6138029944780913 0.6149148793525205 0.6152951799290188 0.6148909559126445 0.6137527760031721 0.6120261307595991 0.609942616740797 0.607807154463141 0.6059834589457679 0.6048800250430266 0.604734823234946 0.604734823234946 0.604734823234946
0.030199964697831917 0.015935495092000238 0.008696667905773402 0.0050703517296112185 0.003276604706101455 0.0024468117665757795 0.0021672319517009975 0.002307541067986517 0.002945270347997972 0.004418676994283136 0.007534411565128636 0.0140635873944469 0.02766833279337842 0.055334911093838875 0.10821773820215168 0.19478769943829247 0.3162878255270383 0.47139343011618623 0.6407232441812231 0.7855366187609014 0.8594450368288736 0.8355902145122149 0.7885080184255554 0.7465793769570199 0.7110755016491623 0.6824072669924457 0.6600190079253602 0.6434651983662195 0.6324228178811929 0.6267052669085371 0.6262793419030556 0.628089898072913 0.6287000809634843 0.6280514105248456 0.6262050130158093 0.6233358788190072 0.6197198732491892 0.6157151335416862 0.6117412778249108 0.6082597466561616 0.6057578203170579 0.6047377955428177 0.604734823234946
0.01622417921393503 0.007684616923365587 0.003750424075997504 0.0019708102076665427 0.0011717273578601573 0.0008218558039918845 0.000706032563062562 0.0007594430405283767 0.001020087032272256 0.0016633529927523023 0.0031414081557248246 0.00653210436557078 0.014257197754398132 0.03127831449864325 0.06618312019785914 0.1299594653607097 0.23201688205398713 0.37505444388281334 0.5461944807427951 0.7109775199416745 0.8201455222322079 0.8312402645112436 0.7807795974059626 0.742784438486452 0.7116584642001662 0.6868516042186248 0.6678744487634314 0.6543197185918246 0.6458814956055084 0.6423749904564962 0.6437432226751588 0.6463389537079849 0.6472096144525283 0.6462839775456541 0.6436377623745209 0.6394864938492291 0.6341661853231878 0.6281061653454649 0.6217994688620081 0.6157757059628084 0.6105797923134592 0.60675814837791 0.6048525059782014
0.0089212811216934 0.0037808003536865566 0.001652680291255922 0.0007811772867736595 0.00041870711532497205 0.0002695815943851511 0.00022104360163983396 0.0002399636578856888 0.0003441712075250534 0.000623671512186768 0.0013323418532682609 0.0031326690208696687 0.007649783451012562 0.018505924506897857 0.04266940574436309 0.09097725883850907 0.17595061430007575 0.30557943879448 0.47335468017777743 0.6496784741038142 0.7846570066194859 0.8283217012672227 0.7798999620392374 0.7388706429787875 0.7129003132158197 0.6927482474603307 0.6779334823721695 0.668097994331815 0.6629548410683321 0.6623157867817104 0.6659592995258877 0.6694563267040037 0.6706274867130361 0.669382347456027 0.6658170340487576 0.6602032764532221 0.652959168972183 0.6446090607797207 0.6357413936842345 0.626971786264466 0.6189156616629845 0.6121717583705426 0.6073158019761784
0.005185627464835281 0.0019899497958268558 0.0007837148196320822 0.00032855742150148746 0.0001546606591674587 8.83105418862376e-05 6.723536639326294e-05 7.35620421240346e-05 0.00011565375649845077 0.00024129766880728586 0.000599726957874716 0.0016206265752684653 0.004457554288945579 0.011905925829321321 0.02984035979658981 0.06846516822030771 0.141429614670287 0.26030545753171874 0.42385371829694024 0.6069937903621646 0.7603344994258164 0.8310759383539994 0.7939430744324945 0.743275616142514 0.7147154918386794 0.6999250256132826 0.6899939529807936 0.6846094607988803 0.6834930158103442 0.6864350726702501 0.6926921094376641 0.697242489494271 0.6987664747929683 0.6971462257322201 0.6925069836320257 0.68519974058183 0.6757558027910706 0.6648266024466419 0.6531235200668813 0.6413684871054042 0.6302602622622466 0.6204564816229637 0.6125689534015047
0.0033191807205324806 0.0011776720168713453 0.0004198126399673182 0.00015505400649999172 6.244624292964376e-05 3.006067423943964e-05 2.0158338149985937e-05 2.2158452898557087e-05 4.020630253088987e-05 0.00010202396288285106 0.00030430999859329877 0.0009546767537189233 0.0029516098313819594 0.008634568254725316 0.023255808432697273 0.056587479021569284 0.12280423950990016 0.2356444157988953 0.39736853206931494 0.5859700769995405 0.7540760169086796 0.8452665502769013 0.8210117126863536 0.760086427036759 0.7227643874379072 0.7082874560635077 0.7039127896472291 0.7037123519275671 0.7073943147692181 0.7146962888720376 0.7236805401282085 0.7294833912788832 0.7314294279138269 0.7292813661050687 0.7231159393006763 0.7135665827518034 0.7014445436767442 0.6876283721718908 0.6729720764487451 0.6582378833001609 0.6440591944624372 0.6310627989994769 0.6200658248241825
0.00243681694893341 0.0008168386362674107 0.00026906634524112685 8.878949378424932e-05 3.0358524629004156e-05 1.1613300558178034e-05 6.130109916760283e-06 6.702159683560042e-06 1.5735981847052928e-05 5.211472507887851e-05 0.0001892929253907781 0.0006822063403410278 0.0023266145340660135 0.007301185537851968 0.0206940958596947 0.052303802867050594 0.11685129993898537 0.22934830843292225 0.39370993627555056 0.5894017913838869 0.7700681197186778 0.8747332926670639 0.8593073439159169 0.7873149023347336 0.7410669723527072 0.7196066757584638 0.719561147316429 0.7252721583349705 0.734567357700515 0.7470549090299947 0.7585146049465112 0.7651013211530532 0.7663829314130135 0.7624349369188974 0.7537413039768422 0.741145256179069 0.725717099543351 0.7085937046525332 0.6908414457213155 0.6733688344090457 0.6568899657385997 0.641926332737185 0.6288314635551694
0.0021009043805313866 0.000688645949966094 0.0002183640734507762 6.765017058953716e-05 2.069076867242378e-05 6.369436266585609e-06 2.1667162006054505e-06 2.2504095519718895e-06 8.721754624930804e-06 3.7858673111137794e-05 0.0001595792864481115 0.0006295753898210149 0.0022732909452861418 0.007385518210930384 0.02134641142428732 0.054482614110348 0.12220042204867182 0.2400381094049301 0.41173793062654157 0.61727532556582 0.808235560185177 0.9201676331031728 0.9058731784878864 0.8229713391428759 0.7675404424993775 0.7389444397921167 0.7367738583613528 0.7491091144647082 0.7648371544218711 0.7816399671178219 0.794101179400271 0.8007836443403996 0.801132163284523 0.7951259253234899 0.7833839668525876 0.7670712386721391 0.7476565648386921 0.7266434719075636 0.7053692520247629 0.6849018934892098 0.6660184914678562 0.649234326173157 0.6348553090391983
0.002154720979884111 0.0007205188421277272 0.00023258590755764286 7.341681704050475e-05 2.2914763638026387e-05 7.22174770445207e-06 2.53993218038761e-06 2.6999507020379417e-06 1.0498696698822621e-05 4.614741786288461e-05 0.0001966563798554711 0.0007791166143587158 0.0028020579131052643 0.009001598999434857 0.02557327638762735 0.06391340352634604 0.14017493941568593 0.2693676018391949 0.4531520982252504 0.6692899966963216 0.8655375233520817 0.9756287648968613 0.9530494640680596 0.8608832822769955 0.7989196096633702 0.7646719719884589 0.7575141040313267 0.7745765445428392 0.795778467207983 0.8153333095803252 0.8298969644957559 0.8376754973574924 0.8373624135196397 0.8286657831715859 0.8125453172786696 0.7910039674142463 0.7665393457574916 0.7409431617557184 0.7157172827501843 0.6920762081400542 0.670811804652788 0.6523734392666655 0.6371487761409748
0.0026300550389716966 0.000933141044403238 0.0003239893839614309 0.00011294325872429673 4.095478716926275e-05 1.6703886380062297e-05 9.435886320445162e-06 1.0957507784828585e-05 2.703154817733002e-05 9.349064648923087e-05 0.00035070702642413774 0.0012828812168206407 0.004339667845578799 0.013184035184282288 0.035464256637542255 0.08406496237998601 0.17547756248036897 0.3224574534366026 0.5224214457777513 0.7477010006573731 0.9416068612888918 1.0380178766638077 0.9952933106211407 0.8942437743917928 0.8276482301597095 0.7912456867411142 0.7826124966632443 0.8014015119954901 0.8304314269946325 0.8561952826511932 0.8758659941349387 0.8866013889144481 0.8861048255722015 0.8736716215843914 0.8507533395957332 0.8204733841653756 0.786553421658966 0.7524427175149703 0.7209216312338409 0.6937838377921877 0.6709033400557322 0.6528415467756056 0.6390919880415026
0.003751979507318263 0.001457199234266334 0.0005665307876827345 0.0002281592638798458 0.00010083652918705086 5.356598849673133e-05 3.973330079762809e-05 4.8190779444938454e-05 9.569180186394841e-05 0.00026239244161479824 0.0008305491373343318 0.0026863604082773855 0.0082212174188107 0.022770628290665264 0.05603205712152938 0.12216491109842936 0.23649166954487882 0.4068996510796198 0.6241750866811592 0.8528815366198863 1.0326968727818315 1.1010478492815292 1.026688512466072 0.9195816004754276 0.8505691681238275 0.81621923003647 0.8116757642935155 0.8362277478317806 0.8745783593027961 0.9084327280940021 0.9353218132726758 0.950802656555039 0.9506348054386888 0.9331633179866856 0.9008669069557558 0.85901979293708 0.8132354320409886 0.7680953584295042 0.7270520259800411 0.6937664953881284 0.6692411208079011 0.6528142414382976 0.6413095100882676
0.006070426251700028 0.0026281986290123288 0.001164456941041831 0.0005491112299581166 0.0002918033714858531 0.00018956963400241014 0.00016491665016884333 0.00020571638271010045 0.0003667573173762081 0.0008576773478592868 0.0023415862635330483 0.006687033589248107 0.018245200911967553 0.04488891173482157 0.09799937022861051 0.19116995638548256 0.33567666539798086 0.531519010921656 0.7609259430573756 0.9807877427002768 1.1299380921233706 1.1542111394106422 1.0433054288356427 0.935369225586498 0.8718340966573668 0.8427251650640714 0.8444603456618816 0.8743290639397207 0.9252275314527115 0.9708098666716397 1.0078518394904423 1.0312161008394474 1.0325878940992586 1.007755964046487 0.9617942466467388 0.904403665754375 0.8439435495218578 0.7867352118768709 0.7382531849905899 0.6996481410731071 0.6710462389581358 0.6522259062687258 0.6427205788101706
0.010745724614163331 0.00521888462266662 0.002636921947911343 0.0014416183928291177 0.0008963830381156939 0.0006732151387512991 0.0006469391151978417 0.0008229022248603603 0.0013805035714556245 0.002907942249491626 0.007118172672528168 0.018426083501324745 0.045208322290049 0.0968120354542959 0.18195464889649066 0.31040146426010645 0.4868555498109885 0.7017264899325676 0.9285871008752982 1.1194004320353614 1.2174687733014984 1.1826067027521627 1.044420442391277 0.9456537147089473 0.8896856388218016 0.8680137325636275 0.8757469831343709 0.9127114323973085 0.9765646854785811 1.03915474664818 1.0909047843145525 1.1277051944333079 1.1339846726115412 1.0968149552121804 1.0299688894418333 0.9522637721635191 0.8754633678729997 0.8081814089045054 0.7525403693342013 0.7088989567118599 0.676843976858506 0.6556375796434016 0.6445320441605741
0.01996039552940475 0.010858263192865942 0.006210777099714581 0.003869615452324879 0.0027346914742750043 0.0022848683116684404 0.0023399985538201406 0.0030073999891951464 0.004832060618420803 0.009430960371762902 0.02129539052127783 0.05196226131580072 0.11950861589045227 0.21524661078042256 0.3373965641890393 0.4984037110716249 0.6961306528896705 0.9111007194319256 1.1106662926248254 1.246966099573773 1.2742359667520786 1.1749185748630895 1.0339512925938104 0.9477329461406867 0.9012977470374226 0.8868175749478461 0.9021281350777007 0.9481895581730123 1.0251552149777599 1.1048597156055888 1.1761145113652212 1.2335824847522296 1.2570189108507166 1.1926838375751707 1.0957827898956263 0.9956942024592529 0.90517483155599 0.8283187800537152 0.7662351598686741 0.7186411706387722 0.6844684849998999 0.6622796833016341 0.6507555868296897
0.0369150748626372 0.02234126734732327 0.014300732753398 0.009982853581784407 0.00784454816774379 0.007119196362797469 0.007645180911352159 0.009835984328162881 0.015152436618886421 0.02750038367972963 0.057026645559557984 0.13020703859253663 0.31359986257625755 0.4306088524733678 0.5741447033160888 0.7513839413117425 0.9473694162727442 1.13359042742596 1.276176279444177 1.3342611441250036 1.2811666661178651 1.1315911621450223 1.0103726290381545 0.9377617107650442 0.9013580558290109 0.8963814219402672 0.92142905341084 0.978114121467725 1.0676463663630942 1.1611116267063972 1.245829539450452 1.314893573179189 1.3500594961629866 1.2601416625251671 1.1423668726694756 1.0279909653466808 0.9266596416422438 0.8422992145247403 0.7760975893554946 0.7270072125971457 0.6929562565784477 0.6717307507459127 0.6614524787860492
0.06590849575323378 0.04395805473794964 0.031058912650783883 0.023854192606973607 0.02035725930809449 0.019657965540836226 0.021824233436399526 0.028059759549415936 0.04154943320730345 0.0695587183446965 0.12860137839032715 0.250153203350671 0.454777846040746 0.660904615074537 0.8445764665878354 1.0270089176273967 1.1962981499313696 1.3243532765062267 1.3849447597716436 1.352281220762674 1.2262500486459735 1.0676448847447884 0.9685120330025967 0.9116382204193504 0.8885119001216321 0.8955516234351469 0.9322468063093966 1.000835152479036 1.1020097298034714 1.2042956437543033 1.2917875859590509 1.3492299330731987 1.349730473071695 1.27737520345047 1.1624944102539903 1.0428395428209745 0.9350970204101898 0.8468966450799061 0.7799943540128506 0.7325520659005829 0.7013917523584612 0.6834508558246053 0.676339085248032
0.11077987917410312 0.08062195470264824 0.062075697615333866 0.05162577746338731 0.04699917533098381 0.047478012465086254 0.05376075014900145 0.06844100868399171 0.09728161449616762 0.15095145917913005 0.2474530785360272 0.40989583930751244 0.6383323226802107 0.881751318278484 1.0949472208268456 1.2666443832035148 1.385488833953643 1.4329219540946119 1.3986325869487248 1.2817272360012881 1.108524264275385 0.9826983001978586 0.9086496590166967 0.8706797016510589 0.8632227674731697 0.8842328075230462 0.9342729997142677 1.0162285493614491 1.1285441179655904 1.23661831753536 1.3226194041948773 1.3682422790728053 1.3532284078427292 1.277077380838974 1.1644070780505753 1.0409422466972726 0.9288413335472279 0.8399502702355628 0.7763439167156805 0.7344843144351063 0.7095135322734253 0.6974478069432948 0.6955516154329678
