_RESULTS/CROSS_VALIDATION_POSTPROCESSED_80-20/MHZ/GZ/9comp/1/MHZ_GZ_z_710_kriged_reverse_9comp_spherical_1.asc
ncols 100
nrows 74
xllcorner 5.5967023332191781
yllcorner 50.982320383219182
cellsize 0.00019249356164376555
nodata_value 1.7014100000000001E+038
[rows 0 to 17 of 74, columns 0 to 40 of 100]
0.03496140429419685 0.04248902787624835 0.046286806658687424 0.044684051503917334 0.03948982255322733 0.0325652343764502 0.025134560812559686 0.018726108428381513 0.014072812174112482 0.010514570843019941 0.00787830510145214 0.006153610127970657 0.005177497010066969 0.004844416122043747 0.005107917459604173 0.006099209169015785 0.008247887391242303 0.012604134730211453 0.021727354005995486 0.020550699119112906 0.011758302133003617 0.0075071155661665225 0.005258624005347378 0.004079449230598704 0.0035051059514581862 0.00323179483014327 0.00310196000161435 0.0030705515606191855 0.0032929934197258896 0.0037774661250841246 0.004556058410044571 0.005686943986437908 0.007238044559121236 0.009261502434983332 0.011755528558957442 0.01399715256087508 0.01476852830501289 0.014644146617192873 0.013750881549808549 0.011824626950928572 0.009445620576294772
0.04174136179901274 0.05013416010818182 0.054256327334548514 0.052114010106308985 0.04509848458481596 0.03497240377553701 0.024138494015047956 0.015660288710082525 0.01006352414641711 0.006294320120959297 0.004012114612936276 0.0027599860744395533 0.0021149894505692233 0.0018378992091195741 0.0018255493096111523 0.002068778592567942 0.002639552038165783 0.003672394821233813 0.004995187845525999 0.004784516035033306 0.003340692373365819 0.002333266840044003 0.001755985608909044 0.0014886411465498508 0.0014227389503746316 0.0014993088670387773 0.0016750132241323745 0.0018908122836218044 0.002234536469612064 0.002819133721284454 0.003728908172080592 0.005087665547176208 0.007051658099812129 0.009781501164537689 0.013377884943070786 0.01697797222987654 0.018835630487090735 0.018517148535131107 0.016396654099712346 0.013169852142228485 0.009775561817840893
0.046986989668630894 0.055762828610670265 0.06024472758958879 0.0586234370729635 0.05118348311017048 0.037675984929552604 0.02236107550347325 0.012172497250237582 0.006448180940574675 0.003399374682151912 0.001888661626026113 0.0011479697307607635 0.0007889299307507413 0.0006274347344693227 0.0005802337150198415 0.0006128117390873712 0.0007140962619175908 0.0008645707705815292 0.0009819887545431218 0.0009333609846517246 0.0007604971933281847 0.000606364912009693 0.000512435476196772 0.0004912055768812579 0.0005346871267163906 0.0006437384535649699 0.0008280005612739368 0.0010974818094562566 0.0014569953291071929 0.0020416253099539137 0.002982938244168745 0.0044743477792434675 0.006789548481212541 0.010266123100416193 0.015208149107853234 0.02056353052297773 0.024005263359561792 0.02304088047931998 0.019171561312050268 0.01433177168522652 0.009848369382428574
0.04947615795502633 0.05751385744593748 0.06139570223094917 0.06038778210608674 0.05556231673923763 0.041033297948452 0.019043367693269957 0.008499892009832385 0.003815991589627177 0.0017476824158157258 0.0008461919545193696 0.00045103581666280896 0.0002758290553525682 0.00019955319955998203 0.00017169078405643176 0.00017066401518875613 0.00018461631048647626 0.00020248891095616357 0.00020915674476779504 0.00019451106970205223 0.0001678603403992627 0.00014635240954132345 0.00013871887933270325 0.0001529656269941164 0.00019460255143992122 0.0002740227882519126 0.000407900319551219 0.000618207478927126 0.000933209979937038 0.0014601034375886321 0.0023632959427736587 0.003904832047382508 0.006501853632293549 0.010756042035612869 0.017318465902463775 0.024975509238064523 0.030218754334901822 0.028328413139430852 0.022067474354525787 0.015278008541616405 0.009684073818558481
0.048597998208143964 0.054447618094465355 0.0557685134601516 0.05237939597641696 0.04527398456788401 0.030992518161562434 0.012953459740377071 0.005309741845975188 0.0021496271762652666 0.0008738262256334846 0.00037033319531819443 0.00017194400644245903 9.28508055179181e-05 6.140290365392916e-05 5.023132098835926e-05 4.852799772202964e-05 5.0974385987542035e-05 5.331504306823194e-05 5.2201615614332674e-05 4.6846427961961616e-05 4.009683638497373e-05 3.580947565481766e-05 3.698233933875543e-05 4.7395615741726686e-05 7.236371543499491e-05 0.00012164640974001128 0.0002114521847689426 0.0003653782292000554 0.0006126775291039868 0.0010525539580385147 0.0018814255808566325 0.003412544697018929 0.006219722661793337 0.011259394947037982 0.019703709120555888 0.030434742030740303 0.03764985531073856 0.034555177927490896 0.025007825532169563 0.015928599784526144 0.009293037009319029
0.044842110466422815 0.047697661520763275 0.045565492452578196 0.03859280761145165 0.02777071185580202 0.01599274233798651 0.007387466690799421 0.0030993177642877965 0.0011959399632458195 0.000444167054948929 0.00016611478611164516 6.646067093684808e-05 3.114163623728638e-05 1.893831533407913e-05 1.542577540594937e-05 1.54209321479103e-05 1.663319703159964e-05 1.742319614658124e-05 1.6623973500487003e-05 1.4232323077772668e-05 1.1395592788024627e-05 9.543612615343877e-06 1.0202521012498684e-05 1.5605875385395912e-05 2.968316851713805e-05 6.0323762515691625e-05 0.00012175032406485747 0.0002365308534563276 0.0004357210635328666 0.0007904784025482538 0.0015274933278323864 0.0030108688545868066 0.0059523119048490595 0.011714830561438455 0.022100208470126163 0.0366734969916406 0.04687688130222066 0.04170934130324067 0.02761707708448525 0.016089599778704323 0.008668796698406455
0.03951648788761957 0.039701287242984225 0.0351476277487784 0.026885184657053286 0.017114867766413026 0.009088299477073876 0.004319857895916312 0.0018585018199341172 0.0007053362391556948 0.0002464945171241156 8.262268139486181e-05 2.811087047481694e-05 1.0923764809201627e-05 6.051841517305974e-06 5.341555945184057e-06 6.07690203827605e-06 7.1544660570434e-06 7.808753674825454e-06 7.457907044674805e-06 6.128733522096496e-06 4.429805937000105e-06 3.0591279791471216e-06 3.037656606704557e-06 6.1581866722174305e-06 1.5151849421945187e-05 3.648232141193983e-05 8.264324020355293e-05 0.00017458559041148727 0.0003429724723551556 0.0006459639379708712 0.0012870574413231378 0.0027018768323291663 0.005696647097981632 0.011966386008592081 0.023699101673067692 0.04181674204974884 0.05834659637001954 0.048543309444400405 0.028683530682844578 0.015445117639230883 0.007811259829328138
0.0339561976453991 0.03241552819916377 0.026923319497979617 0.01911407329674593 0.011393533755260903 0.0059190914849118195 0.0028377299840415247 0.001246363355964417 0.0004761301648219018 0.00016267339774043754 5.097648293707544e-05 1.5049282576397488e-05 4.495362934653514e-06 2.067173225104102e-06 2.409482565984985e-06 3.442558480954363e-06 4.562148869788352e-06 5.273384175129299e-06 5.1755942174218475e-06 4.253048002600488e-06 2.952317791862884e-06 1.7188291745195934e-06 1.2812350275795135e-06 4.000136155315046e-06 1.1366150841588836e-05 2.93810917098594e-05 6.956750623744333e-05 0.00015160021179469918 0.00030484830152125933 0.0005807145917993158 0.0011624103263339419 0.0024854996532958744 0.005461562846732781 0.011767463360040715 0.023417588996751212 0.040943315668299694 0.056234827129773 0.045843745316666414 0.02642382294106686 0.013835236102205004 0.006782819099437318
0.029001756214742436 0.02665600380884876 0.0211890114530575 0.014371043521002198 0.008457445399545382 0.0044664832461121995 0.0021666973596906423 0.0009818433104352843 0.0003890715645005763 0.00013715743203698578 4.37815002534321e-05 1.2815227462718469e-05 3.490509312395609e-06 1.2905955213712773e-06 2.099777766911836e-06 3.377102786123958e-06 4.7560832295228244e-06 5.727677946922759e-06 5.849193174130835e-06 5.071859190572838e-06 3.867951160252011e-06 2.8211561313740434e-06 2.917919890377115e-06 5.682700212309142e-06 1.3673665208250164e-05 3.2722098634119036e-05 7.411659527962078e-05 0.00015683558972502543 0.0003085947423445464 0.0005767337295431636 0.0011336671140799155 0.0023811708400734836 0.005282252144978897 0.011138515727081898 0.021362940721369662 0.03463069300599484 0.042082827790377524 0.03532006183884088 0.02173188785389975 0.011651850382802104 0.005729053513232869
0.02497099116391878 0.02246349528669632 0.017458348891736423 0.011649327895306963 0.007010275599655084 0.003853613742589075 0.0019430894746975647 0.000924385654552289 0.0003930454560873788 0.00015145082480332747 5.4328995872161705e-05 1.8944100515430652e-05 7.182023629472223e-06 4.095328387625672e-06 4.426888980064617e-06 6.158312386861027e-06 8.373933212552962e-06 1.015505065646897e-05 1.0719266857734026e-05 9.971269585211119e-06 8.565399733490132e-06 7.480533586837749e-06 8.202809083804545e-06 1.254524153632506e-05 2.376028241329171e-05 4.833012688977046e-05 9.797961041068123e-05 0.0001913531694104238 0.00035396238299117066 0.0006313067913082349 0.0011953310958867666 0.0024351399331804767 0.0052090869340417605 0.010550788500544857 0.01921041552527571 0.02897205756377634 0.032986626232085495 0.027492296205709338 0.017568221000159905 0.009721024256733666 0.004855008577260689
0.021852900209422602 0.019612252241032826 0.015248805431301943 0.01034798914647081 0.006471353502532056 0.0037432475836709457 0.002021413551516253 0.001031372501373966 0.0004836538581844731 0.00021232993561750888 9.105900994670166e-05 4.057250800653471e-05 2.0937441292361688e-05 1.457488907001951e-05 1.4490101143706981e-05 1.7915963241872408e-05 2.30803043659404e-05 2.7732604889705604e-05 2.9766730174075228e-05 2.8930885493511824e-05 2.62476902831336e-05 2.4174149634022278e-05 2.5556214992866064e-05 3.324549293873374e-05 5.125482300000198e-05 8.708340137968342e-05 0.0001533059329891388 0.0002677684681643119 0.00045285964110351154 0.0007629101864892122 0.001390423870786644 0.002709579895773073 0.005376597979616034 0.01032605265917402 0.01775465536133196 0.02526821195029979 0.027519839457265233 0.022585939356595974 0.014791605955596136 0.008441209627614209 0.00432087164705309
0.02032907546925732 0.018739225712123993 0.014963378946908988 0.010606509016802008 0.00696112840743057 0.004243094539197344 0.0024436567710704417 0.0013601221127435043 0.0007075751764663682 0.00035873048246496997 0.00018626008293600534 0.00010418429715983086 6.770703562809621e-05 5.501294263248699e-05 5.6728678840608356e-05 6.90859237534234e-05 8.83452294004458e-05 0.00010653322571884858 0.0001143808788303491 0.00011018076858159208 9.799834337326384e-05 8.755092436964894e-05 8.536205389045888e-05 9.64175021842403e-05 0.00012491773065832524 0.00017847821988414624 0.00026941447842609344 0.0004167188134408219 0.0006439586176109401 0.0010259883366531975 0.0017777580440366343 0.003198318495085036 0.005847955516581092 0.010524388782416115 0.017069467728693177 0.023159196964206645 0.024342355437909663 0.019665104674593484 0.013190972489934909 0.0077606614572426225 0.004095490451958548
0.020654845047893465 0.019869601141743073 0.01662574322631088 0.012547201852234296 0.008693314528805104 0.005575243505957554 0.0034156887363367867 0.0020745308509185927 0.0012401089261166935 0.0007167027278502521 0.00043211460510857446 0.0002886844429193775 0.0002254645020212946 0.00021131183377211683 0.0002384126820767704 0.0003091468708767053 0.00041955706032279156 0.0005263916348164991 0.000556535483349192 0.0004965956688592717 0.00040610742090391253 0.000333758171193833 0.0002934588901159119 0.0002897261536262283 0.00032207483698966133 0.00039333053655990117 0.0005159656912180867 0.0007105875118679517 0.0009994305810231989 0.0015005774459025457 0.0023902548293453616 0.003951903699662887 0.006661397077988922 0.011173142376564964 0.017085605509325225 0.02222232569682904 0.022654573155280376 0.01817867425422922 0.012512614265965703 0.007602070228326397 0.004155201721699543
0.022576675001819903 0.02292462491863036 0.020488925482939756 0.016791103287430827 0.012268944115569565 0.008172460662505475 0.005301307706395411 0.0034664322676072196 0.002332086447397504 0.00155853491906079 0.0010756263575344928 0.0008204451795289518 0.0007305508572849409 0.0007823374096222804 0.0009901331944260417 0.0014313890557290396 0.002214427776512268 0.003101862912408025 0.003107662818280664 0.0023738073012039393 0.0016978470113049216 0.0012516288625108647 0.0009907717940313596 0.0008633528249911084 0.00083837847974714 0.0008988879945078634 0.0010487624284384106 0.0012933634927650363 0.0016429712758763999 0.0022565359573921877 0.0033033707143043834 0.0050392673582787635 0.00786300806983264 0.012292629395733006 0.017716917804512407 0.022121052378910797 0.02194992239170135 0.01778002468089884 0.012600971208964475 0.007927244954960092 0.004510156255661095
0.02606944956702919 0.02799665411226656 0.02676131502588662 0.024338790528684668 0.018114194935725386 0.011972121721048803 0.007927414905340073 0.0054088918103840375 0.00392298406866066 0.0029741642356964546 0.0023602673295928757 0.0020523368215553234 0.002039860876227621 0.002415380125683607 0.003455766678385405 0.005790277375552947 0.010846685644256634 0.019984071402500244 0.017015500666204216 0.010240176299872535 0.006423643038276774 0.004319761102770135 0.0031425346064822683 0.002478610402676023 0.002160792979048982 0.0020933256868392288 0.0021919751485642786 0.0023791703437394543 0.002714790843938812 0.0034068532635891644 0.0046089419181188284 0.006533427347448171 0.00950061806131844 0.013898018375700188 0.01888054263140006 0.02256413334345126 0.021983531990683647 0.018296718721145813 0.013399277899324533 0.008751333139299312 0.005237737750324894
0.03130914230571616 0.0353584542024565 0.034501448976663705 0.029932047431553525 0.02251363982919328 0.015455728155473906 0.010545634901978936 0.0074626836391102035 0.005670279513334131 0.004733215354560294 0.004216413943720417 0.00412344500222176 0.004579626883542551 0.005921507659898572 0.00903199055454981 0.016262793305987906 0.03265923662089586 0.06163990433424785 0.054597601757368705 0.03281317017183791 0.02013760410845789 0.01307527573099519 0.009055387293842655 0.006703707108654745 0.005390407483177531 0.004711305683098679 0.004365204944401402 0.004201157068458087 0.004431307535104406 0.005137303026365344 0.00643480187850845 0.008516610046459613 0.011606080621454783 0.01598136448831322 0.020479214116762522 0.023245962813563316 0.022876996722157733 0.01967022250520656 0.014928788602784545 0.010175257355033112 0.006445762908465625
0.03866614614246898 0.04363260436424142 0.04079168079538992 0.03359531165753093 0.0251631610869162 0.017758586741407248 0.012418192238952783 0.009006361270004683 0.0070421910549288095 0.006144601014318222 0.006000519463204203 0.006436348355083622 0.007783295228624046 0.010788050194134558 0.01718369853852977 0.03062358300217982 0.056628453798550055 0.08929593005532434 0.09611916351731667 0.07510123508771616 0.05061971180597384 0.03339832391124044 0.022570819129204795 0.015986144879253216 0.011996166966352207 0.009529753508047354 0.00793335868412355 0.007070515828463897 0.007005801680068605 0.0076057147915352865 0.008910494239790862 0.011085889115125749 0.014256443365119475 0.018516303526273495 0.02237095309292543 0.024310452350126327 0.02456869984866427 0.021592658493388615 0.016574181479340238 0.011577780289520457 0.007607002380704978
0.04598638009222095 0.050193356191116145 0.04533001914656805 0.03584630868980609 0.026380884070045754 0.0185829356148781 0.013031588424994849 0.009495471775967724 0.007482855755903541 0.006605526096695754 0.006720573814101502 0.007748172998928592 0.010002908197917952 0.014561534708967382 0.023417007671975625 0.04025804989647531 0.06937682207890009 0.10685596406763628 0.12920255194242086 0.12296388185108369 0.09762165261383307 0.06824458481173974 0.04602875213352993 0.03194558378924149 0.022945302565604533 0.016936362466244064 0.013071459432338457 0.011180951940993696 0.01055770882386231 0.010875620150085629 0.012064060511568244 0.014213391325017796 0.017424309281764562 0.021483642529994337 0.02452717677318426 0.02604969862117258 0.025556304660416165 0.0222836522586518 0.017247174797329054 0.012307550596536767 0.00834010455578
