_KRIGING/CROSS_VALIDATION_CLASSIC_CLR/Berg/IZ/train_1/Berg_IZ_1_train_z_710.asc
ncols 100
nrows 90
xllcorner 5.6208707817415728
yllcorner 50.959635321741573
cellsize 0.00013419651685393446
nodata_value 1.7014100000000001E+038
[rows 57 to 75 of 90, columns 42 to 83 of 100]
1.3831854871798581 1.7175187044899249 1.912050854558726 1.9494315622520388 1.821024128223204 1.5282411401227134 1.0830925933847273 0.50781902677459545 -0.16642072213065084 -0.90172652294424926 -1.6563087828334009 -2.3877345417381557 -3.0562306873981515 -3.6276952122018646 -4.0761036462342952 -4.3850774050425532 -4.548491309174798 -4.5701209512934398 -4.4624468069746506 -4.2448228132894199 -3.9412698904552688 -3.5781647418902844 -3.1820648339804016 -2.777852346725219 -2.3873078053093297 -2.0281531645901274 -1.7135463988034108 -1.451971848977724 -1.2474533363827134 -1.1000159225341486 -1.0063299032294162 -0.96047974706832262 -0.9548060116642807 -0.98076809308685098 -1.02977180691938 -1.0939024424161183 -1.1665057740259455 -1.2425699121258531 -1.3188805465245133 -1.3939488077674396 -1.4677399881250235 -1.5412570141461872
1.481449479155502 1.8754857437228762 2.1556314821776232 2.3077788546676565 2.3254195547382142 2.2105590174547829 1.9738803527846818 1.6340772309662213 1.2163734552495966 0.75035367306913581 0.26732822970048886 -0.20247139938919911 -0.63253615179228762 -1.0022453889063794 -1.2983012235626989 -1.5152794105854563 -1.6552712686505813 -1.7267199001819291 -1.7426631405622839 -1.7186665322746704 -1.6707509568772427 -1.6135899214430607 -1.5591793974235899 -1.5160849500244935 -1.4892671432297635 -1.4803967626581938 -1.488511315445574 -1.5108408410501619 -1.5436429853883231 -1.5829258944184095 -1.6249896809975537 -1.6667691572042682 -1.7060009965299447 -1.7412612256928552 -1.7719233134331445 -1.7980772691773779 -1.820433027975954 -1.8402143133374764 -1.8590377659726776 -1.8787690660857743 -1.9013525430151117 -1.9286203887642204
1.4998266057040843 1.9465083096324247 2.3061999926035939 2.5681375766745251 2.7279905061563476 2.7883636057034362 2.7585938493732565 2.6538061662048698 2.4932908643385203 2.2983664835125723 2.0899790442584507 1.8863450828345436 1.7009584208280701 1.5412428634840587 1.4080472869494316 1.2960574741493931 1.1950600104970248 1.0918614602239611 0.97256471955042167 0.82485269203756517 0.6399369688471932 0.41389436860882989 0.14822414468073886 -0.15040799285274886 -0.47114153091201727 -0.80040550463618265 -1.1236504931250013 -1.4270522644181933 -1.6989482584130386 -1.9308411595963522 -2.1178947397235386 -2.2589366282125631 -2.3560543688580924 -2.413914811575244 -2.4389497228046744 -2.4385364310948781 -2.4202700328555196 -2.3913837479002251 -2.3583361659895536 -2.3265552302130335 -2.3003119496220275 -2.2826915352381443
1.4405162626432961 1.9300163200245803 2.3590839579926168 2.7202456532500601 3.0112957584954074 3.2354130770352336 3.4006237489125777 3.5186157934926676 3.6030075749230583 3.6672672029349611 3.7225554520776885 3.7758050357864446 3.8283421572791774 3.8752976913891555 3.9059499528438946 3.9050031003571331 3.8546567823773241 3.7371895339280496 3.5376855189827574 3.2465000938280442 2.861092546304473 2.3869498657095098 1.8374670414754155 1.2328117419607518 0.59795505363343193 -0.039831759059805627 -0.6536511276662762 -1.2194598514680974 -1.718050728554978 -2.1363306732937382 -2.4678136504042238 -2.7123673279013305 -2.8753502527933459 -2.9663381106392643 -2.9976585072243132 -2.9829373552139344 -2.9358162780734949 -2.868942522613708 -2.7932736648053464 -2.7176891622888566 -2.6488656311060872 -2.5913542625946779
1.3093959834977824 1.8297998056139975 2.3147720773100837 2.7599348033778002 3.1650597683371076 3.5338420307301508 3.8730754787516952 4.1912718270845275 4.4968583893378469 4.7961774557465713 5.091574298221655 5.3798863154180543 5.6516220890645901 5.8910434602427966 6.0772430544607197 6.1861604118648756 6.1933258031153429 6.0769890603767607 5.8212065921305722 5.4184412805414013 4.8712839221779838 4.1930246213572175 3.4069687974631546 2.5445768082622524 1.6426766339765377 0.7401264538303578 -0.12563226668095107 -0.92169844548635771 -1.6221531419740987 -2.2095837423006057 -2.6756020842296628 -3.0204125309026661 -3.2516043495834994 -3.382419023499216 -3.429771074217808 -3.4122838689329975 -3.348550414937097 -3.2557580941083417 -3.1487409804465232 -3.0394566308234929 -2.9368344557187216 -2.8469133789925647
1.1154968299899903 1.6536375121159383 2.1787809625533083 2.689330662794184 3.1868086557146529 3.6753394941400841 4.1605944731709013 4.6482673078278305 5.1422420940478819 5.6426941076476691 6.1444173681729524 6.6356854529566327 7.0979145849155838 7.5063094187806696 7.8315407394312562 8.0423483326436198 8.1088064369606592 8.0058610606383738 7.7166731615977877 7.2352965363623571 6.5682896208472314 5.7349978642376147 4.766426672898942 3.702823832545588 2.5902712073965164 1.476718080626283 0.40795164615202406 -0.57601407130497106 -1.443734936572735 -2.1740610075229059 -2.7566942115471678 -3.191646173389362 -3.4877956802254384 -3.6608321294412502 -3.7309049612777079 -3.7202823900352406 -3.6512667297179737 -3.5445340619722328 -3.4179797329084511 -3.2860727383371238 -3.1596615460700255 -3.0461360705800367
0.8702789425930566 1.4126364856997169 1.9611176190136514 2.5165043501614286 3.0817825159206036 3.6613967271000325 4.2600244969491934 4.8809636505912009 5.5243113821951111 6.1851849809710338 6.8522776353602142 7.50704445636819 8.1237660177481885 8.6706394894481971 9.1119105049416618 9.4109009066262121 9.533633605110948 9.4526333747741731 9.1504159045147961 8.6221830715903742 7.8773243449202983 6.9394728058333213 5.84505719259898 4.6404975102660169 3.3783769951874039 2.1130570767805108 0.89626340582279918 -0.22684765706863264 -1.2207247460645303 -2.0612882535392503 -2.7365300814343629 -3.2459185283892942 -3.5988215010123814 -3.8122546686073271 -3.9082989458874029 -3.9115162261585343 -3.8466345660266925 -3.736690195171847 -3.6017213211504258 -3.458023223726916 -3.3179067035577803 -3.189858263182225
0.58677498061485323 1.1203490223733903 1.675398825469621 2.2546271075747186 2.8621612246052974 3.5026422495195968 4.1798911776370868 4.8952623247345226 5.6458719460822451 6.4229536481339551 7.2106266040931022 7.9853557163965565 8.7163279949376502 9.3668677759451473 9.8968753209996301 10.266117619204302 10.438051627115792 10.383745262872095 10.085403466460919 9.5390205416088047 8.7557688579962143 7.7618874384677135 6.5970294028152399 5.311233735509429 3.9608707825288771 2.6040424032521603 1.2959763864721066 0.08493333728835406 -0.99095033358538887 -1.9056082677912674 -2.6456792472636481 -3.2099046347210938 -3.6075050303539928 -3.8558491648178905 -3.9777682441648698 -3.9988552317866652 -3.9450314972550418 -3.8405788238409029 -3.706740496419286 -3.5609068606038221 -3.4163299302984638 -3.2822645727653059
0.27867903255023285 0.79175447207593597 1.3377249638834052 1.9207356738753858 2.5457214135868531 3.217391485710591 3.9388472318502084 4.7099516544481359 5.5256414985394358 6.3744277774682816 7.2373573714311812 8.0876950665795473 8.891526663254643 9.6093815689331663 10.198838158189524 10.617925534568215 10.828994932588369 10.802627981468529 10.521099100380944 9.9809290170503502 9.1941579281486359 8.1881195113348362 7.0036887133452694 5.6921770505579978 4.3112268220383587 2.9201816635215643 1.5754659134175055 0.32648261388727828 -0.78755352396593947 -1.7395776410011896 -2.5153320422484833 -3.1127900083500015 -3.540558288714986 -3.8155658779028285 -3.9603876811676071 -4.0005399271467343 -3.9620296686823502 -3.8693586928599633 -3.7440896330990463 -3.6039944940934707 -3.4627347071546088 -3.3299736871207264
-0.040540434443851581 0.44220334318829835 0.96542830688813064 1.534254990873938 2.1541020352768179 2.8296234619091063 3.5633307163467296 4.3540221435445394 5.1952062593259978 6.0737531841028893 6.9690286524542477 7.8527474242735575 8.6897231432904416 9.4395922345583507 10.059460699486872 10.507282186464499 10.745645766648121 10.745555713974573 10.489743114414248 9.9750724570354183 9.2136968651997986 8.2327628135179687 7.0726479400263198 5.783905703801552 4.4232579639297231 3.0490945244350405 1.7169893772112459 0.47572069984619469 -0.63580780264647618 -1.590485386312912 -2.3736571822072592 -2.9825973903692198 -3.4249937027208994 -3.7167356597422767 -3.8793400027002463 -3.9373363710242963 -3.9158860943564497 -3.8388295755863355 -3.727269841160342 -3.5987159212832771 -3.4667409195171546 -3.3410623194867637
-0.35843263245597035 0.086419088754278395 0.57582188575891924 1.1154421091321676 1.7108875974123299 2.366646468497009 3.0847583736960829 3.8633390707485828 4.6951354419831492 5.5663289930294386 6.4558204925262119 7.3352083322686399 8.1696147385101305 8.9194199543662194 9.5428448643141657 9.9991935357272528 10.25244923883554 10.274831814229723 10.049888593452632 9.5747161022876295 8.8609962701567575 7.9346688101195628 6.834231214799118 5.6078334851533072 4.3094886411934912 2.9948280702518821 1.7168765998478845 0.5223004274958476 -0.55150216665217666 -1.4782259617145863 -2.243309745758034 -2.8434724901956567 -3.285319720519861 -3.5832908513262844 -3.7572567471136908 -3.8300690035302409 -3.8253166765148503 -3.7654753742554798 -3.6705524222896311 -3.5572537647315152 -3.4386337353077621 -3.3241438979461893
-0.66420529729180799 -0.26236010096961371 0.18506512798137198 0.68391000521258993 1.239719602579902 1.8567246125586294 2.5365967384895964 3.2770943011963594 4.0707620313500339 4.9038834411694152 5.7558944728081904 6.5994460879666255 7.4012482044539123 8.1237408053276621 8.7275293602187904 9.1744057024013692 9.430670542876527 9.4703986881230691 9.2782584517589353 8.8515219126777822 8.2009829067270168 7.3506256468512809 6.3360408586188299 5.2017449429465721 3.9976961903859518 2.7753988924794726 1.5840268942508156 0.46697798208670549 -0.54080491124435115 -1.4145259080767794 -2.1401587411412968 -2.7140517880874531 -3.1416815395957935 -3.4357986558551517 -3.614246463050637 -3.6977257352571211 -3.7077391762071281 -3.6648856878012279 -3.5876014036860187 -3.4913737775023992 -3.3883961546553767 -3.2875888333217262
-0.94917755879515386 -0.59303861979057659 -0.19276075830525263 0.25736532027621872 0.76262087268285539 1.3269105849909599 1.9516268063973812 2.6344327172871078 3.3681126268654822 4.1396662152575603 4.9298305068816051 5.7131925975750084 6.4590054206074061 7.1327409811629146 7.6983188623454968 8.120845560860662 8.3696084913402728 8.4210037328589085 8.2610523565682232 7.8871842811778006 7.3090410654197466 6.5481614566571746 5.6365500878637871 4.6142698777876809 3.5263207318917393 2.4191521974040313 1.3371932291299684 0.31976412080605665 -0.60133108166349558 -1.403336013090537 -2.07312234675608 -2.6068636489648109 -3.0089481416688035 -3.2903453912107485 -3.4666742021743153 -3.5562145121030353 -3.5780711430147876 -3.5506419117052475 -3.4904783145059954 -3.4115645173314029 -3.3249880328867065 -3.2389382899736332
-1.2070294237192374 -0.89708522453857231 -0.54630663486178577 -0.14934460079667833 0.29867115635005614 0.80127506053856323 1.359653644919872 1.9715740041099172 2.6303837574380844 3.3242370746483729 4.0357058109296222 4.7419152011800696 5.4152981779345666 6.0249938994941683 6.538831895887121 6.9257548182171504 7.1584540499839431 7.2159374893095318 7.0857291805411418 6.765422686851756 6.2633739495025491 5.598417452068567 4.7986080850159922 3.899112424232055 2.939478524046466 1.9605866033535104 1.0016134392595872 0.097327461991703501 -0.72402620874855161 -1.4420802603592824 -2.0448730568487732 -2.5285870891681128 -2.8966226171970417 -3.1581917051290076 -3.3266463175842871 -3.4177509263919044 -3.4480805060991684 -3.4336774427348655 -3.3890455872186842 -3.326505691433951 -3.2558909868544319 -3.1845291113901433
-1.4338529005394256 -1.1687117084249286 -0.86731288101251458 -0.52482547560589454 -0.13688511540955828 0.29965158234688793 0.78582480370175567 1.3196453307726492 1.8952378439281872 2.5021863992417632 3.1252174781760633 3.7443381764707659 4.3355074513992964 4.8718593467729647 5.3254251737587062 5.6692265357855636 5.8795446625772643 5.9381256192826859 5.8340652250492671 5.5651373122905223 5.1383839505310451 4.5698700369966367 3.8836055411323609 3.1097416399868343 2.2822362395382396 1.4362463315905543 0.60553028719519397 -0.17987029086528761 -0.89544845764654646 -1.523403957281575 -2.05311215718101 -2.4809202369931191 -2.8093751805498801 -3.0460397558910217 -3.202077226126125 -3.2907833298896394 -3.3262195368118443 -3.3220618974814826 -3.2907332372299338 -3.2428407782375968 -3.1869026280070978 -3.1293187143908399
-1.6280270218103809 -1.404825330812447 -1.1506784693827035 -0.86136595801551286 -0.53307724277900492 -0.16305992430831351 0.2496266611915714 0.70332444623998036 1.1930527515036538 1.7099595120714364 2.2410611397744211 2.7693688264298237 3.2744652003220347 3.7335453838549189 4.122876119254979 4.419563953084011 4.603468340649826 4.6590577620521465 4.5769944545173278 4.3552504950526316 3.999604314754662 3.5234368682123995 2.9468308610745262 2.2950621543603433 1.5966466632069558 0.8811575051212579 0.17704841783291503 -0.49029174061874858 -1.1000691993011098 -1.6370782921745946 -2.0921087294549157 -2.4617913267650562 -2.7479681351936343 -2.9567160377112813 -3.0971736166028196 -3.1803196745880036 -3.2178318294759305 -3.2211209937505787 -3.2005991092363066 -3.1651996705864707 -3.1221384131774736 -3.0768782153036294
-1.7899514902133742 -1.6047909756373353 -1.3942775344546896 -1.1548378164371487 -0.88322363975060592 -0.57705655716658555 -0.23545965406510661 0.14028398496777861 0.54612685175267228 0.97479975267658525 1.4155956133202781 1.8544747601351803 2.2745436874248757 2.6569179207087719 2.9819297586702587 3.2305902036355629 3.3861693379125875 3.4357287595952686 3.3714298584407096 3.1914561379560871 2.9004260556814518 2.509230459092807 2.0342976352289965 1.4963590630466781 0.91884953792001922 0.32611730122391158 -0.25836284088706618 -0.81358952704398968 -1.3222971289714156 -1.7717801808413522 -2.1542395249974891 -2.4666690411197156 -2.7103522169737757 -2.8900731345016886 -3.0131636072102612 -3.0885073640099043 -3.1256062355051779 -3.1337870152189642 -3.1215965490089688 -3.0964018699943225 -3.0641859716554345 -3.0295106828247076
-1.9216807360479917 -1.7700513265036038 -1.598578688266473 -1.4043291249400767 -1.1845948407943601 -0.93734182480073391 -0.66173061410625911 -0.35865985278160872 -0.031266166294891207 0.31469605925230404 0.67067175788156796 1.0253845896952816 1.3652207633631286 1.674925557015265 1.9385803338718235 2.1407862074919821 2.2679442187501171 2.3094973451696772 2.2589919650288155 2.114828242618255 1.8805998799440897 1.5649701250057033 1.1810863841657886 0.7455920683673356 0.27734291576215431 -0.20403130335975339 -0.67956484755270985 -1.1322461992507584 -1.5480391195944061 -1.9165537878460461 -2.2313349674612923 -2.4897815637927119 -2.6927523055666849 -2.8439406644429166 -2.9491160559816323 -3.0153279393304331 -3.0501569416275021 -3.0610763415217774 -3.0549625274204861 -3.0377685527507863 -3.0143539377893527 -2.9884484911421212
-2.0265019994289859 -1.903658581823604 -1.7661323370974396 -1.6115894696934649 -1.4378190424460096 -1.2430940453429189 -1.0265941875256122 -0.78884964351662612 -0.5321516915761797 -0.26086822686375033 0.018398018858497345 0.29686146284068649 0.56384984891684709 0.80735139343553941 1.0147872383237586 1.1739503137442624 1.274022851570074 1.3065653611745014 1.2663638699517881 1.1520317217185723 0.96628683879377819 0.71586214585091446 0.41105070700122615 0.064931580064378824 -0.30763923829743378 -0.69116182723613218 -1.0706273141812921 -1.4325383948705275 -1.7657196243661319 -2.0618534545853326 -2.3157154367238024 -2.5251192548096077 -2.6906140123222428 -2.8149985918581355 -2.902729004768184 -2.9592945044010319 -2.9906286268816968 -3.0026051766348911 -3.0006498999181757 -2.9894794330006191 -2.9729626541782599 -2.9540874458583413
