_RESULTS/CROSS_VALIDATION_POSTPROCESSED_80-20/Berg/IZ/9comp/5/Berg_IZ_z_710_kriged_reverse_9comp_spherical_5.asc
ncols 100
nrows 90
xllcorner 5.6208707817415728
yllcorner 50.959635321741573
cellsize 0.00013419651685393446
nodata_value 1.7014100000000001E+038
[rows 0 to 17 of 90, columns 0 to 40 of 100]
0.007967438344865385 0.007967438344865385 0.007967438344865385 0.007967438344865385 0.007967438344865385 0.007967438344865385 0.007967438344865385 0.007967438344865385 0.007967438344865385 0.007967438344865385 0.007967438344865385 0.007967438344865385 0.007967438344865385 0.007967438344865385 0.007967438344865385 0.007967438344865385 0.007967438344865385 0.007967438344865385 0.007967438344865385 0.007967438344865385 0.007967438344865385 0.007967438344865385 0.007967438344865385 0.007967438344865385 0.007967438344865385 0.007967438344865385 0.007967438344865385 0.008021801623406708 0.00814867347357127 0.008314825663137444 0.008504134248262183 0.00873018044646733 0.009005561166705063 0.009325470505371058 0.009708645377181559 0.010144359558235434 0.010604423229354489 0.011054060592934404 0.011453844502157905 0.011764731656826805 0.011956142694549591
0.007967438344865385 0.007967438344865385 0.007967438344865385 0.007967438344865385 0.007967438344865385 0.007967438344865385 0.007967438344865385 0.007967438344865385 0.007967438344865385 0.007967438344865385 0.007967438344865385 0.007967438344865385 0.007967438344865385 0.007967438344865385 0.007967438344865385 0.007967438344865385 0.007967438344865385 0.007967438344865385 0.007967438344865385 0.007967438344865385 0.007967438344865385 0.007967438344865385 0.007967438344865385 0.007967438344865385 0.007967438344865385 0.007967438344865385 0.007984216486705373 0.008107861847916604 0.008265151104426135 0.008454956787265624 0.008677302480781168 0.00894666837495866 0.009296587271456158 0.009756231937388069 0.010311901178623965 0.010941288055432636 0.01161133563183616 0.01227617382687494 0.012878156807328033 0.01335430404747801 0.013649664589901722
0.007967438344865385 0.007967438344865385 0.007967438344865385 0.007967438344865385 0.007967438344865385 0.007967438344865385 0.007967438344865385 0.007967438344865385 0.007967438344865385 0.007967438344865385 0.007967438344865385 0.007967438344865385 0.007967438344865385 0.007967438344865385 0.007967438344865385 0.007967438344865385 0.007967438344865385 0.007967438344865385 0.007967438344865385 0.007967438344865385 0.007967438344865385 0.007967438344865385 0.007967438344865385 0.007967438344865385 0.007967438344865385 0.007964826315275706 0.008002729307679644 0.008133444932619784 0.008302325080440858 0.008512136620928838 0.008764877839741647 0.009111126267906628 0.009600769290732237 0.010229498676274427 0.010987807036094793 0.011855946329906443 0.012797790363450893 0.013755062358083492 0.014644824940068137 0.015365105120837542 0.01581426555731436
0.007967438344865385 0.007967438344865385 0.007967438344865385 0.007967438344865385 0.007967438344865385 0.007967438344865385 0.007967438344865385 0.007967438344865385 0.007967438344865385 0.007967438344865385 0.007967438344865385 0.007967438344865385 0.007967438344865385 0.007967438344865385 0.007967438344865385 0.007967438344865385 0.007967438344865385 0.007967438344865385 0.007967438344865385 0.007967438344865385 0.007967438344865385 0.007967438344865385 0.007967438344865385 0.007967438344865385 0.007958681199665968 0.007902743121259562 0.007951350876124981 0.00808141491968853 0.008256074864839843 0.008480253402784282 0.008803259845482109 0.009269372567962626 0.009906629753420616 0.01072144740255552 0.011714498586904739 0.012874498776932801 0.014168105560501952 0.015527660832212275 0.01684011484280652 0.017945213715524273 0.018656541165120145
0.007967438344865385 0.007967438344865385 0.007967438344865385 0.007967438344865385 0.007967438344865385 0.007967438344865385 0.007967438344865385 0.007967438344865385 0.007967438344865385 0.007967438344865385 0.007967438344865385 0.007967438344865385 0.007967438344865385 0.007967438344865385 0.007967438344865385 0.007967438344865385 0.007967438344865385 0.007967438344865385 0.007967438344865385 0.007967438344865385 0.007967438344865385 0.007967438344865385 0.007967438344865385 0.007956167851317744 0.007880141339614294 0.007780957601177239 0.0078290181629559 0.00795185122634667 0.008124791221024377 0.008396206844822075 0.00881610275835652 0.009398882945800956 0.010185210419775374 0.011198010355823766 0.012455016918422247 0.013963292536890506 0.015704846204570633 0.01761530206216089 0.019557094703314015 0.021296439278348282 0.022508316586230155
0.007967438344865385 0.007967438344865385 0.007967438344865385 0.007967438344865385 0.007967438344865385 0.007967438344865385 0.007967438344865385 0.007967438344865385 0.007967438344865385 0.007967438344865385 0.007967438344865385 0.007967438344865385 0.007967438344865385 0.007967438344865385 0.007967438344865385 0.007967438344865385 0.007967438344865385 0.007967438344865385 0.007967438344865385 0.007967438344865385 0.007967438344865385 0.007967438344865385 0.007959566579149068 0.007881589461773968 0.007731641715188324 0.007603809449773724 0.007639551368284296 0.007747737648385777 0.007937195968920183 0.008277412600342808 0.00878274357005333 0.009473451548066222 0.01040161758605874 0.01161377147673392 0.013153091878328872 0.015058911351985399 0.017349914281739775 0.019990699788010432 0.022844426519468188 0.02561903509614924 0.027809617426687826
0.007967438344865385 0.007967438344865385 0.007967438344865385 0.007967438344865385 0.007967438344865385 0.007967438344865385 0.007967438344865385 0.007967438344865385 0.007967438344865385 0.007967438344865385 0.007967438344865385 0.007967438344865385 0.007967438344865385 0.007967438344865385 0.007967438344865385 0.007967438344865385 0.007967438344865385 0.007967438344865385 0.007967438344865385 0.007967438344865385 0.007967438344865385 0.007965720481100527 0.007899862514317705 0.007748820035832648 0.0075286571981589365 0.007376602846222066 0.007389485893702889 0.007485010265560043 0.007716905572341964 0.00811002609188537 0.008683554503942844 0.009466443325719604 0.010517256072060482 0.01191351982514239 0.0137319299133027 0.016051395509899823 0.01894900260611712 0.02247120397864069 0.02656545951630906 0.030967475844387488 0.03503444006191752
0.007967438344865385 0.007967438344865385 0.007967438344865385 0.007967438344865385 0.007967438344865385 0.007967438344865385 0.007967438344865385 0.007967438344865385 0.007967438344865385 0.007967438344865385 0.007967438344865385 0.007967438344865385 0.007967438344865385 0.007967438344865385 0.007967438344865385 0.007967438344865385 0.007967438344865385 0.007967438344865385 0.007967438344865385 0.007967438344865385 0.007967438344865385 0.007928780893901982 0.0077922374580165175 0.007572283846387994 0.00729044581091822 0.0071076955872917975 0.007088099838537707 0.007196693350191814 0.007457054694778674 0.007883753856068904 0.008502420978347108 0.009351884871497473 0.010494470983053979 0.01203264219139533 0.01407231881647071 0.016757580576298236 0.020260173638229094 0.024759826458110118 0.030389749356930833 0.037107352811169864 0.044408607796128444
0.007967438344865385 0.007967438344865385 0.007967438344865385 0.007967438344865385 0.007967438344865385 0.007967438344865385 0.007967438344865385 0.007967438344865385 0.007967438344865385 0.007967438344865385 0.007967438344865385 0.007967617149856051 0.007974912163163001 0.007986437174118236 0.007995390020232888 0.007997812884961524 0.007992740186947499 0.007982238477130388 0.007971322873437351 0.007967438344865385 0.00795670577078682 0.007852548905198549 0.007649905169968606 0.007366509515880509 0.007030120157122422 0.006808070242692828 0.0067617719663338426 0.006883638061790939 0.007155033776250225 0.0075935657072220145 0.00822959965791551 0.009109555043717887 0.010291357363199955 0.011891173276838283 0.014067306149007273 0.017023636642590816 0.021032688050217994 0.02644193765600942 0.03366079732821834 0.04309713750516249 0.054944958511418555
0.007967438344865385 0.007967438344865385 0.007967438344865385 0.007967438344865385 0.007967438344865385 0.007967438344865385 0.007967438344865385 0.007967438344865385 0.007970015525015625 0.008003912332373483 0.008064121829091123 0.008135487917546978 0.008204744728239156 0.008260904448816131 0.008295786385754199 0.00830452709147677 0.008285928638146116 0.008242549412222352 0.00818051259176873 0.008109084729865046 0.007987055015514635 0.007768540760431463 0.007485887144468214 0.00714543570381427 0.006758790297337844 0.006490638214262382 0.006426677492819384 0.006547967927095779 0.00681315154721501 0.007241057863740498 0.007863339453783823 0.00871863659960531 0.009878651353975974 0.011461988345672651 0.01366263048311415 0.0167342954544411 0.02103658602430859 0.02706947944517889 0.03550587941993341 0.047219176119034416 0.06332165381779647
0.007967438344865385 0.007967438344865385 0.007967438344865385 0.007967438344865385 0.007967438344865385 0.007967438344865385 0.007972808836074083 0.008034460083403718 0.008149097910842566 0.00829763092770822 0.008461651859134023 0.008623481653157967 0.008766726659697162 0.008877203308845994 0.008944022891744629 0.008960587679459104 0.008925258916761231 0.008841529978523104 0.008717660688716277 0.008556987042205472 0.008278501421720881 0.007891120576822097 0.007436575953705144 0.006954478008114738 0.006488484387981179 0.006175932090877401 0.00608824179709484 0.006195382707973488 0.006438728169293397 0.006834159921156715 0.0074013352704441655 0.008186654483237828 0.009266687360539906 0.010757403773672741 0.012855287736779217 0.0158510279755791 0.020156320959959177 0.026360953571174697 0.035290075546174575 0.04802654189746175 0.06575185737447987
0.007967438344865385 0.007967438344865385 0.007967438344865385 0.007967438344865385 0.007967438344865385 0.008013404142845723 0.008149566185102257 0.008355658151765933 0.008611592941664786 0.008896563518602808 0.009188696728559256 0.009465474506293887 0.009704881906662036 0.009887120381687018 0.009996577882083689 0.010023636962602576 0.009965891421336687 0.009828462382055033 0.009623331129534316 0.009327227791977552 0.008863806368293993 0.008280474409991485 0.007631646137100658 0.0069660573590398615 0.006328490640639141 0.005893512818859684 0.005757758461034525 0.00583457358388166 0.006043244542375059 0.006379447249521043 0.006865704588404025 0.007547408106403941 0.008495649611268682 0.009821811977171432 0.01170260147289586 0.014436077167545856 0.01845540134710855 0.02440715910367199 0.03313580193325589 0.04558681508561993 0.06234266609667649
0.007967438344865385 0.007967438344865385 0.007967438344865385 0.007970959195782026 0.00806512988327121 0.008272185436132217 0.008573159835688291 0.008949019675466236 0.009378710729247168 0.009837948319892157 0.010298916484387428 0.010731058108946659 0.011103026121987016 0.011385625765485099 0.011555268826961486 0.011597202920770655 0.01150771240714658 0.011294693595017948 0.010976422203201889 0.010484777481886054 0.00978833173042827 0.008962377517728107 0.008078834747618134 0.007198505804972647 0.006368365623422945 0.005765664963880946 0.005479763300993309 0.005476226152806032 0.005635389120459621 0.005899446097206159 0.006290834001028018 0.006846431170168363 0.0076261091983364495 0.008727615998838069 0.010310891779553069 0.012647994391291936 0.016197922393250148 0.021591602577811533 0.029641053121997215 0.04112694877240661 0.056210963641865265
0.007967438344865385 0.007967438344865385 0.007975371745503626 0.008101525357376417 0.008366929360929668 0.008755823259027894 0.009252883373297466 0.009840249209645288 0.010495043046324327 0.01118762585792933 0.011881021981679979 0.01253199926354445 0.013094122299964678 0.013522659690736169 0.013780599447608713 0.013844444107718299 0.013708235817535771 0.013384617186185053 0.012895146522144102 0.012132689524264405 0.01112828795914081 0.009987654642261966 0.008806745257010742 0.007661919696978524 0.006607030747585625 0.005808158986056697 0.005351330117588219 0.005176751179845095 0.0052316646404354525 0.005421349563045522 0.005713566925509101 0.0061345750417929395 0.006729012955864457 0.007575723123706004 0.00884911004003206 0.010821863332044957 0.013918884252336772 0.0187871518927181 0.02621764706372346 0.03693624705621066 0.051024596794820326
0.007967438344865385 0.00797301686513097 0.008107462071235598 0.008409247556488848 0.008866932483653096 0.009471398194170045 0.010212003268252718 0.011072787785231996 0.012028832581338115 0.013043261902444498 0.014065745033769122 0.015033555567915946 0.015876065474825427 0.01652280717589115 0.0169139885347887 0.017011036136110526 0.016804098991462513 0.016314047546214155 0.015561431133422884 0.014422711140793323 0.0129974731392092 0.011435430107076133 0.009865451751635886 0.008383494378764159 0.007053928309746528 0.00601871155295332 0.005366363456957428 0.005008424604840046 0.004894260787783211 0.0049700678463290675 0.00516836126716444 0.005465385182010483 0.005926647927687654 0.00661819779648931 0.007664886487778983 0.009301187424485532 0.01197503310536789 0.01638325777800127 0.023369423348434008 0.033694349355035645 0.04761514387517966
0.007967706823138458 0.008080630250556803 0.00838861283187906 0.008884354223308629 0.0095662505743582 0.010434142260053191 0.011484711117003778 0.012706232243229362 0.014072823106874148 0.01553894926028125 0.01703568824865358 0.01847086473237078 0.01973516655673071 0.020715197997509545 0.021311986942894632 0.021460512501243086 0.021144032697032127 0.020397952535703805 0.01924614056241884 0.01757064341842146 0.015556673798439674 0.013417956148834117 0.011328177440069078 0.009407161412036024 0.007729100682200546 0.006408993511322442 0.005520140244610581 0.004964639478857837 0.004672692805646531 0.004593814332960965 0.004715678895708501 0.004986900237196209 0.005391244851685651 0.00597047095734985 0.00679723772231403 0.00806677119614574 0.010296617275531786 0.014379414069841164 0.02115612882262743 0.03136502151791932 0.04555485258033821
0.00803179589482424 0.0083101317565173 0.008804617990458875 0.009520447750201177 0.010468980182222814 0.011663247968189143 0.013112261815716302 0.014813557633325798 0.01674395871321658 0.018849491793737645 0.021036838400204663 0.02317027831250852 0.025078845085779 0.026576957687693702 0.02749718484005834 0.027727138958349426 0.027237598049604572 0.026090224724191462 0.024332107285247272 0.021875837298334016 0.0190246862844657 0.016085714084047673 0.013292801327732879 0.010793141231606454 0.008665384890211406 0.007004108076279675 0.005820277633878986 0.0050438819569085394 0.00457483497656757 0.004401843578209707 0.00446874304332963 0.004735598363223577 0.005126946726791856 0.0056424165094613385 0.006298786690319533 0.007176440153079633 0.008844570785645272 0.012894012932399508 0.019770232520333414 0.029940854058480508 0.04408989715035549
0.008193745655490477 0.008643603674055053 0.009342224561076265 0.010310470744686268 0.01157755452348125 0.013176434092576093 0.015136892517737156 0.017475136266935514 0.02017925307616058 0.02319122707224188 0.026388788609082774 0.02957397753542336 0.032478371521899314 0.03479418199977383 0.036232316697607014 0.036593542935359706 0.0358254314457762 0.03403831854934334 0.0313512647567147 0.027742725965008097 0.023688159558456965 0.01963013116564722 0.015881055654718 0.012615818599197295 0.009905327108785618 0.007824799960692025 0.006285004222379983 0.005262996832979088 0.004682403024314276 0.004433360452533753 0.004453122127936263 0.004705017579335729 0.005136761054905878 0.005676849071001788 0.006316994247379823 0.0070435104652451265 0.008115275976038464 0.012638816735135122 0.019628392519161583 0.02956711374768751 0.04286307718149102
