CROSS_VALIDATION_INTERPOLATED_TRAIN_FILES_80-20/CROSS_VALIDATION_CLASSIC_80-20/MHZ/IZ/MHZ_IZ_5_train_z_180.asc
ncols 100
nrows 81
xllcorner 5.5967107548124995
yllcorner 50.982328804812504
cellsize 0.00017565037499993607
nodata_value 1.7014100000000001E+038
[rows 0 to 18 of 81, columns 0 to 42 of 100]
41.583005959061403 40.93497563775599 40.381788391279265 39.949420033151434 39.654651754698854 39.502359585881983 39.484065475298429 39.578113341953618 39.751615707671611 39.964049504301506 40.172107271601568 40.335181127954506 40.420716081186661 40.40864736578262 40.294244022269261 40.088904813336931 39.81875768960429 39.521249191847296 39.240217571893787 39.020169608590088 38.900587514976912 38.91106282106977 39.067897912744307 39.372565306250443 39.812117924768465 40.361354365758991 40.986309669304525 41.648498020038041 42.309292805656852 42.933884824088757 43.494388196928369 43.971833499201082 44.356965274403869 44.64991850135393 44.858967423183699 44.998612869707529 45.087302341275311 45.145068142626883 45.191332702004303 45.243076617553569 45.313502064092027 45.411258305939008 45.540232310906561
41.03627493491387 40.348567138679137 39.769270381278211 39.327265466671285 39.041321158480791 38.917098895713401 38.945526971046128 39.102940466813415 39.353147472354557 39.651293269938641 39.949099808009002 40.200810651751461 40.36901951225159 40.429536421227262 40.374560543768162 40.213668107631129 39.972450036055754 39.688991684117802 39.408714884908015 39.178343632083504 39.039868547363973 39.02535513059248 39.153276868078983 39.426790970028257 39.834062676539567 40.350440109567764 40.942035938973611 41.570119568994308 42.195678215730609 42.783560135650447 43.305744645903722 43.743458347307218 44.088040827593822 44.340627479427567 44.510843126202275 44.614779881950668 44.672567095095765 44.705837178718866 44.735357883909472 44.779048296256455 44.850530381858185 44.958296792552737 45.105504654841305
40.573955309507831 39.857695326450418 39.262795597183334 38.820638984307031 38.551651088767549 38.462059737977789 38.542120197887961 38.766230001078817 39.095105727571401 39.479886410457233 39.86771512516821 40.208087817035612 40.459097109095445 40.592673422898976 40.598047394025166 40.482910614378746 40.272095746051711 40.003973892553496 39.725111808099946 39.483984738652701 39.324660244291074 39.281337321826435 39.374454694254673 39.608808478606029 39.973795644223848 40.445584192739865 40.990755763188211 41.570807137110513 42.146848151730644 42.683887530567773 43.15423086357751 43.539692800608016 43.832513779766288 44.035041410354076 44.15836890646893 44.220209294655149 44.242324897998166 44.247832856624925 44.258677572304826 44.293508397643087 44.366133121136727 44.484641517459472 44.651214976553007
40.20988251029528 39.476997170797723 38.877273837649476 38.444060672891872 38.198999202683247 38.148591191905247 38.282313800084573 38.572727687676739 38.977758017074471 39.445005340836254 39.91761539356613 40.340962467532101 40.669233080115553 40.870970970663258 40.932772286325481 40.860584302439285 40.67841959819291 40.424689495781713 40.146718207555132 39.894261180210613 39.712974352806746 39.638748557778619 39.693647231922803 39.883903764243534 40.200101988740535 40.619339493914687 41.108911491417807 41.630889122499269 42.14691449028259 42.622587792497725 43.03095512809238 43.354785066594687 43.587513193265551 43.732907722448218 43.803646765225828 43.819090172203573 43.802575770207127 43.778576354697059 43.770027359921031 43.796083311504518 43.870491077242953 44.000686473813182 44.187635316613488
39.950842151366807 39.2131420247701 38.618774083467819 38.202412288203739 37.986389284532983 37.977133746263597 38.163223546416127 38.515512220128322 38.989511113413165 39.529875262806833 40.076502532171624 40.571473368513573 40.965886889935852 41.225624522655117 41.335206043393889 41.299176735648864 41.140834099460641 40.898505340623707 40.619953253795693 40.355755433189749 40.152626249972663 40.04761616090736 40.063941806478802 40.208912167296724 40.474076890273174 40.837393701315882 41.266945980209861 41.725575239414226 42.175740332815863 42.58396778424602 42.924390921982848 43.181055807673687 43.348864809404056 43.433205512915698 43.448454426164979 43.415642540534023 43.359622277317271 43.30608673639761 43.27876876882636 43.297095979361309 43.374505091060975 43.517532368140955 43.725704250963659
39.796233633380034 39.064513339946139 38.484262120855725 38.09077870507307 37.906513779207366 37.937447736328458 38.171136285632691 38.576885458126348 39.108234998335384 39.707587415927001 40.31247544567325 40.862674941648599 41.307198172011347 41.610180863834294 41.7548156776325 41.744766110792291 41.602872410059867 41.367370633802487 41.086216896181021 40.810377714232452 40.587070530303428 40.453899970409203 40.434649432579356 40.537194490333086 40.753661405275814 41.062622201253383 41.432850651302338 41.827996936105407 42.211486028912518 42.550997695241072 42.822019511470934 43.01014501356169 43.111982996369086 43.134722965262249 43.094546910224679 43.014179602435767 42.919926800848984 42.838566144573704 42.794434334618195 42.807002468534819 42.889155614410562 43.046300507625148 43.276325864917894
39.738696389173548 39.021968791965826 38.462523765712554 38.095569304582419 37.943094172873749 38.010258584783777 38.283489447641649 38.730736796520212 39.304060808883584 39.944373676800247 40.587814611759804 41.17295130196279 41.64783205652892 41.975896012689454 42.139893889396753 42.143258887663301 42.008749679867641 41.774599816234122 41.488779125735768 41.202239447483372 40.962136082526122 40.805972723651585 40.757426640284187 40.824313893689968 40.998809026835822 41.259701548518628 41.576205602629408 41.912674531929326 42.233521242537194 42.507699494450463 42.712235539198282 42.834480728370544 42.872950402504387 42.836794946685941 42.744096722620824 42.619292105776033 42.490078679784084 42.384185841658272 42.326366934088931 42.335917915347942 42.424947974043214 42.597529574076781 42.849749484810417
39.76559508624721 39.070556304361922 38.536129014189122 38.196748417207679 38.073397354889615 38.170080531283453 38.472025323872067 38.946052189605048 39.543268332297636 40.20389354464492 40.863683981759358 41.46113960938505 41.944518279459238 42.27766920447646 42.443849713858732 42.446980642231843 42.310179984455296 42.071825991801909 41.77976858258554 41.484569024970263 41.232760102332826 41.061068642993767 40.99234592752638 41.03365129925087 41.176588360085667 41.399662740117726 41.672167840169081 41.958944217794645 42.225311108939181 42.441525490282366 42.586260030037103 42.648773419112914 42.629642094993663 42.540104239960158 42.400216765246157 42.23613402795781 42.07688023971712 41.951007118510923 41.883507796395001 41.893302278077776 41.991525473666265 42.18074492089211 42.455123226378504
39.861103451649733 39.191889117003207 38.684102227921279 38.370800432949146 38.271492527039463 38.388760609363921 38.706617033280672 39.191017583952906 39.792663236920227 40.451881880515451 41.105045032048089 41.691703341483908 42.161471249641686 42.479689456431139 42.631051214064321 42.620672979694682 42.472473628571088 42.225133769850196 41.926267280440761 41.625689331075243 41.368768135055653 41.190789140741963 41.113058217856356 41.141167559025682 41.265502735634975 41.463742403607817 41.70484479462354 41.953860186058044 42.176866613161451 42.345387017797812 42.439784601249478 42.451316857151653 42.38272536079198 42.247421398689774 42.067478790473444 41.87075483571887 41.687524609174659 41.547033294019919 41.474348774139187 41.487837074447086 41.597493452734099 41.804251835184317 42.100277519446429
40.008517786373439 39.366763213455222 38.884834371910124 38.593919541695875 38.511694357946915 38.639146364973065 38.959129534104001 39.437041859474938 40.023732459232285 40.660410466634438 41.285001929909448 41.839141827720717 42.274846883475469 42.559923104479132 42.681325673831886 42.645985121021958 42.478994365077575 42.219451321208048 41.914602019672166 41.613169578635969 41.358845918372616 41.184855230027857 41.110290007175159 41.138615568781226 41.258395566217963 41.44596899678465 41.669558742551544 41.89414405472116 42.086394099806554 42.219025773914666 42.274091070391073 42.244885141889263 42.13636413095761 41.964145868291411 41.752318715704241 41.530394026427068 41.329801800185152 41.180346994090613 41.107018110322528 41.127474946817514 41.250446383473815 41.47515267152464 41.791743812755861
40.192396110205515 39.577563199103757 39.118735754375017 38.844878449428073 38.771607215971976 38.898257913934252 39.206667597919484 39.662027962411919 40.215888227818589 40.811060085261921 41.387864498937951 41.89091592681023 42.275512157345382 42.512717154184593 42.592394107748383 42.523742554409459 42.333268773642196 42.060508729816782 41.752159979621872 41.455505256362308 41.212089004871892 41.052530230538856 40.99314097449723 41.034713661431944 41.163500263539497 41.354090675962944 41.573655453585921 41.786879028552136 41.960881842784218 42.069501837027047 42.096451859258273 42.037057874376039 41.898482194331422 41.698520775324205 41.463216179637982 41.223637752978831 41.012243372406658 40.859252181403477 40.789427341377369 40.819597088693122 40.957139697360674 41.199535365506385 41.53496072922426
40.400166565369211 39.810058177131317 39.370192160105638 39.107105336665093 39.03427249184471 39.149446417404995 39.433680702830493 39.852357869782217 40.358269385625839 40.896481295301903 41.410422071947885 41.848402016502668 42.169661595354277 42.349076604254741 42.379823212835085 42.27360124228634 42.058381662665091 41.774021679296958 41.466412428446141 41.181034718764316 40.956862937160459 40.821469320434524 40.787961720026281 40.854082091424523 41.003457341541441 41.208686539273863 41.435715729066615 41.648821978242516 41.815508714854552 41.910692537535219 41.919711834440328 41.839878174704253 41.680491892722479 41.46142848767154 41.21055479081388 40.960342804911306 40.744109748391566 40.592324189780484 40.529382471414237 40.571182410968291 40.723711846140709 40.982741222256415 41.334578474533465
40.62296958091499 40.054326205592353 39.628540990815175 39.369669223975883 39.289109622175367 39.383227970557392 39.632620766651122 40.003302869616583 40.449835263942553 40.920110203120835 41.361231487481483 41.725718753665525 41.977168732374629 42.094547831739469 42.074469530753539 41.931101814021083 41.693707190926112 41.402179995157887 41.101249763362922 40.834212860010304 40.637105186337699 40.534131754544028 40.534946437402404 40.634071492300357 40.81241756798881 41.040566845103235 41.283259762735618 41.504406058561322 41.671929299168482 41.761837835517639 41.761068603237113 41.668842338280115 41.496469581057688 41.265731685555899 41.006112468032391 40.75126343422459 40.535143405461959 40.388280575575209 40.334563833502123 40.388886591438542 40.555850618851458 40.829603955230368 41.194753320216591
40.855665664589331 40.304734467747799 39.887993589752149 39.627104018480132 39.531591413622429 39.596751018732455 39.803136158797223 40.117875911415474 40.497809839249804 40.894144723249418 41.258077876252393 41.546641918539002 41.727945817449331 41.785038079934445 41.717798940234282 41.542553832681783 41.289444521480327 40.997938628818112 40.711143131153712 40.469763137308938 40.306584594485265 40.242255146218092 40.282914011915544 40.41992299682996 40.631631075866146 40.886818375054624 41.149254728183976 41.382698218618351 41.555654888138065 41.645308958628256 41.640188246908266 41.541321637061905 41.361845286716694 41.125197637131897 40.862192990225417 40.607368546431289 40.395054699240269 40.255621526806912 40.212308105061801 40.278951981538583 40.458815031758313 40.744564502149359 41.11933273437235
41.096117061672196 40.559100357128635 40.146648983453197 39.878240371436455 39.761851378989995 39.792129019497374 39.950073692650555 40.204443925171567 40.514846293133736 40.836208996849443 41.124097521972978 41.340160504605599 41.45692876106316 41.461249200682936 41.355815237660643 41.158531132862301 40.899775303363178 40.617951637821143 40.353981968053382 40.14555096021251 40.021940138940145 40.000178635268462 40.083017403536495 40.258943355846178 40.504142459485287 40.786047755285182 41.067910063607385 41.313729038398748 41.492884031324436 41.583894842101977 41.576897371739328 41.474609216848194 41.29175716557171 41.053119046804689 40.79047941581068 40.538901109181559 40.332766730992624 40.202043792282488 40.169176784761291 40.246915792942985 40.437266203594163 40.731604070696726 41.111865889288822
41.343997645978583 40.817322411569641 40.404924605327274 40.12440986896808 39.982629280727117 39.974089386194542 40.08078805545923 40.273651823841355 40.515519744904047 40.765373129631449 40.983291712465338 41.135465551304442 41.198540158516629 41.162636054827551 41.032559221842853 40.82698124651116 40.575675535586207 40.315197000437642 40.083634831691974 39.915208978534231 39.835496673811271 39.85796497770837 39.982271137115312 40.19451488387778 40.469335130783158 40.773486246539512 41.070344171746022 41.324701566158815 41.507217195200127 41.597975236742165 41.588761826335194 41.483851208242442 41.299285502806768 41.060807924540107 40.80075261443303 40.554293924116187 40.355507560395715 40.233693215901297 40.210355278369455 40.297141978791743 40.494916263791175 40.793990787519142 41.175424353801766
41.599469643190552 41.079864142150377 40.663832507247825 40.367496333299307 40.197076727231057 40.14750857433004 40.202377748037073 40.335327901188059 40.512870021898287 40.698303574204083 40.856261051678523 40.957254904720635 40.981565228523003 40.92187192027351 40.784201598431657 40.587004138295761 40.358457497890605 40.13237497898097 39.94330847975953 39.821566137133793 39.788871489920275 39.855283746314477 40.017795961647046 40.260767491057756 40.558074914782203 40.876626531015987 41.180714573684405 41.436596371156924 41.616703677257071 41.702966669386221 41.688884041818355 41.580147442542874 41.393812124238835 41.156174853120426 40.899658645330113 40.659100507658543 40.467886139740123 40.354371735667421 40.338979354889425 40.432255795676681 40.634058036524401 40.933888427531301 41.312269757479889
41.862071401657225 41.346479684402304 40.923534831929821 40.608312462524289 40.406944799106704 40.315398231781252 40.319454675175358 40.396019443325777 40.515684586717903 40.646275218565798 40.756931621564455 40.82216437886121 40.825287934912176 40.760701242858651 40.634637637003145 40.464228425348331 40.274980980158425 40.097019587068395 39.96063328092891 39.89178491768849 39.908240604746204 40.016878324336339 40.212548229694214 40.478618681402303 40.78909324674725 41.111965273840134 41.41332026176827 41.661620318610922 41.83161253702395 41.907383830990142 41.884219346199927 41.769086667095493 41.579740736681217 41.342604854555553 41.089715740589945 40.855114094133434 40.671108914922812 40.564840644885884 40.55551611406478 40.652593938306183 40.855074785088114 41.151914038577225 41.523444591884136
42.130089042435849 41.615489716154904 41.182522126476037 40.845679395663076 40.611563694745691 40.477782939699743 40.432916534206221 40.457654519745397 40.527042806800189 40.613590178692895 40.690840470765373 40.736913803416932 40.737494910812281 40.687803921237482 40.593220856960208 40.468430883610857 40.335182492664991 40.218968126034916 40.145108943812907 40.134822254300182 40.201854480077749 40.350174046245648 40.57305365230274 40.853659685265434 41.167044652016394 41.483242501181259 41.771025238002878 42.001809053210565 42.153202679689862 42.211761473859703 42.174631261774913 42.049915936384686 41.855761692249132 41.618300493716319 41.368721060190779 41.139825917075434 40.962479897461648 40.862354637440227 40.857325448114629 40.955787390955983 41.156038249126084 41.446744167614092 41.808378347733708
