CROSS_VALIDATION_INTERPOLATED_TRAIN_FILES_80-20/CROSS_VALIDATION_CLASSIC_80-20/MHZ/IZ/MHZ_IZ_3_train_z_180.asc
ncols 100
nrows 81
xllcorner 5.5967107548124995
yllcorner 50.982328804812504
cellsize 0.00017565037499993607
nodata_value 1.7014100000000001E+038
[rows 38 to 56 of 81, columns 43 to 85 of 100]
44.07047110244531 44.470196275964305 45.006082336926305 45.651226446690821 46.373495694290924 47.138663229956862 47.913384875405107 48.667600411736593 49.376091875520473 50.019123368059553 50.582278281190909 51.055757491236974 51.433475020911992 51.712273724029465 51.89149115818666 51.972961088855619 51.9613761111884 51.864801196177964 51.695049940151861 51.4676351945755 51.201086467714475 50.915572546502844 50.630947875173284 50.364514033047293 50.128910265331591 49.93058453638524 49.769230966543233 49.638415532580453 49.527378147095206 49.423743410127081 49.316651412392787 49.199687156946084 49.072978918616961 48.943962379480084 48.826549078385398 48.738748723998384 48.699112783200036 48.722625894495067 48.816817397888961 48.978865248884617 49.194315188211363 49.437764919430784 49.675515905960417
42.660552789314764 43.056498936846161 43.615194483705778 44.308246318432438 45.100606184017714 45.954017159575734 46.830359819570006 47.694426525691043 48.515812540972135 49.269824149819442 49.93751624387032 50.505136347414862 50.963333862638002 51.306478750658194 51.532332608550462 51.642156626300974 51.64116671167551 51.539099887899134 51.350574281218073 51.094929101071699 50.795323181870451 50.477033197453643 50.165091090405873 49.881589821780594 49.643121236002074 49.458852478293323 49.329678829621372 49.248715918186477 49.203142987474031 49.177131391790425 49.155348818941341 49.126376405711724 49.085352354227965 49.035274239454317 48.986634356108574 48.955382096734077 48.959540689696645 49.015084951001242 49.13185480738958 49.310301275342155 49.539731352066632 49.798459520501964 50.055934393969501
41.357037411644249 41.758596623914912 42.345118396877581 43.086270042653013 43.944047970693745 44.876565448979377 45.841746634651862 46.800400257360359 47.718326653720112 48.567349248223287 49.325398738078789 49.975960419014086 50.507283375667861 50.911730158798406 51.185529047309167 51.329012074808873 51.347227665537872 51.250655672931721 51.055664574289928 50.784358192117224 50.463563814689579 50.122894636797788 49.792038989282965 49.4976383747276 49.260266561695744 49.092073286582973 48.995587948906248 48.963995788342544 48.982932383414443 49.033544121257435 49.096295468155887 49.154828153980638 49.199135351731847 49.227420513735943 49.246248747471611 49.268922795759408 49.312361275928147 49.393054408965668 49.522862489583574 49.705467266082515 49.934177683472761 50.191550405077372 50.450958295359733
40.284330157257841 40.701695695445743 41.319070610204903 42.103793322948334 43.015105663458321 44.008299250995009 45.038705877952388 46.064954107090635 47.051124100206103 47.967703324689921 48.791511863764384 49.504966087729279 50.09514074513659 50.553057613405578 50.873489202165679 51.055358569699358 51.102594733078973 51.025121917541298 50.839563463806115 50.569251399379795 50.24325044714714 49.894307202568207 49.555879319796666 49.258633183876107 49.026968757507127 48.876194688713312 48.810913141736094 48.82498636562859 48.903177365883899 49.024239140102068 49.164936348374482 49.304283001937463 49.427215758427316 49.527012678112989 49.605997051163484 49.67439050242622 49.747534229139241 49.842011136245723 49.97141306252103 50.142566046139052 50.352941380970734 50.589759779961994 50.830984133316178
39.562700327197646 40.005958786161642 40.654468048162663 41.472965019984052 42.418414754596114 43.444513970679878 44.505894289576844 45.561403784846682 46.576095013731319 47.521859089605563 48.376943995728254 49.124812597346207 49.752885611144535 50.251663655637913 50.614550818063577 50.838457201498088 50.925001173777332 50.881924648305187 50.724224295670901 50.474513112613813 50.162258725145108 49.821770346131906 49.489078968713933 49.198117961232555 48.97680670460494 48.843722679876436 48.805993112390716 48.858849115927583 48.986995103200584 49.167609430253094 49.374476950262995 49.582526754593999 49.771958647722244 49.931211401400212 50.058242618668189 50.159911081900802 50.249613185553663 50.343653550620218 50.45706229010726 50.599664685124672 50.773148996310049 50.96968064879939 51.172317415148854
39.295644765496242 39.773786391549997 40.450443482132385 41.287647742379022 42.240852994243845 43.263771601095137 44.312676251586886 45.349513374360384 46.343474158666481 47.271028369838163 48.114760175736087 48.861578113861498 49.500954250994148 50.02376916183848 50.422126234415252 50.690206956506977 50.825938762994589 50.833007251011836 50.722617252021294 50.514418654286793 50.236159799365083 49.921883153450636 49.608783464643857 49.333145525579141 49.126005327952875 49.009285433411009 48.993115686793786 49.074865619143054 49.240116659679593 49.465447188083651 49.722562202169911 49.98304200352392 50.222864857971864 50.425902846059124 50.58578960066405 50.705872462900899 50.797325764655639 50.875843571665882 50.957583194251484 51.055149186507776 51.174373969151091 51.312478444569997 51.457922672270826
39.557357363606656 40.077294511516378 40.775643076847288 41.611835613370339 42.540847512763321 43.51831744426304 44.504807526145711 45.46853185815467 46.386241395928892 47.242366050106718 48.026885898609855 48.732649431260242 49.352926878402279 49.879872829512649 50.304308718067269 50.616888148792597 50.810356903619009 50.882341326666847 50.837950697977554 50.691488822407308 50.466732490824157 50.195515218240537 49.914697276322464 49.661939802247637 49.470964859737371 49.36712089375046 49.364053487860211 49.462104160972686 49.648756068851185 49.901072485236341 50.189705176450545 50.48375934763456 50.755648625258608 50.985088208034085 51.161552472325496 51.284826712083103 51.363648135691875 51.412784884461672 51.44917522518756 51.487893106115344 51.538700071561493 51.603796689908734 51.677135049349843
40.382079416470873 40.947768054742674 41.658044472249223 42.470080834713713 43.339620626531882 44.226310196857909 45.097760000633933 45.931663801653798 46.715730785775939 47.445656063349396 48.12176304686912 48.745206909929813 49.314679704121552 49.824401007572973 50.263855960165174 50.619331697516721 50.876894457718741 51.026127944358471 51.063781065257984 50.996479164190973 50.841830854292148 50.627574159697829 50.388789158266619 50.163586158363088 49.987986063709698 49.890883913727293 49.889992795529466 49.989499945473575 50.179859643789108 50.439756841791265 50.73987751774937 51.047795131942003 51.333091637814135 51.571812529126419 51.749508641714485 51.862407652583691 51.916623206609771 51.925674482572425 51.906882758987486 51.877381596267625 51.85049905499374 51.833150131403677 51.824648418270172
41.757103384778148 42.368856913257162 43.078510875976924 43.841548920067019 44.615858955003148 45.367182261723997 46.072813146443409 46.722895741957451 47.31916346045211 47.871496151430932 48.39311325523888 48.895482530566952 49.384051061140184 49.855699745155853 50.298436303545216 50.693362525537871 51.018480562224894 51.253533982556704 51.384879451694239 51.409385315974468 51.336546344820611 51.188347384223512 50.996835836686373 50.799794164524464 50.635260202632438 50.535859943588171 50.523954672540334 50.608454730044841 50.783843803857181 51.031549513747116 51.32336733838023 51.626279225492411 51.907776065279968 52.140737037726588 52.307044144937386 52.399385102771745 52.421061008088223 52.383990795809829 52.30541860273086 52.20402646295711 52.096204819736613 51.99313989189347 51.899170344535626
43.620862303555157 44.274930497636902 44.969443970399205 45.658978388905439 46.30496524719203 46.881150314701387 47.37677748957401 47.79688165387212 48.159646562323587 48.491370746225279 48.820059239781031 49.168921260166464 49.551052436098793 49.966322189184979 50.401033740685527 50.830374248674026 51.223137567681661 51.547783606741433 51.778668869629925 51.901275596294475 51.91547347965674 51.836223133713091 51.691602669869106 51.518522413192841 51.356902562167029 51.243352830607719 51.205465925061461 51.25770649217467 51.399569702132851 51.616258374838424 51.881666864965268 52.163052818038878 52.426501659464272 52.642192516067468 52.788569298930888 52.854778534079983 52.84109607544697 52.757450740940214 52.620487264435084 52.449833481703493 52.26431486191251 52.078792587937464 51.90211707701571
45.866874188777587 46.555334191952085 47.219234201828613 47.813182703740196 48.303457971025246 48.673360919832454 48.925751559147798 49.082206685872222 49.178879663784429 49.259782637327987 49.368712521154123 49.541300861975877 49.798634624426704 50.143583638839949 50.560451104910584 51.017944391719325 51.474865458858439 51.8874524997088 52.217044451279641 52.436723273908257 52.535806776950722 52.521469928497545 52.417289265157763 52.259042099210539 52.088557608597938 51.9467318401176 51.866930622338771 51.869896578932504 51.960971857577476 52.1300065155434 52.353829354629831 52.600708149302811 52.835904092890914 53.02728733432054 53.150043716345294 53.189742566129055 53.143392513158304 53.018508048768943 52.830563754774118 52.599461429574241 52.345741101682101 52.087225880454675 51.836627892533969
48.353421174543001 49.06439517328711 49.682327784763359 50.162893105823528 50.478306563572332 50.622459654788429 50.612712789368359 50.487851930568688 50.302421643729993 50.118331253831215 49.995151005108681 49.980765972027015 50.103990023807597 50.370379888079476 50.761908442968668 51.240473416013842 51.754561446955123 52.247873211459193 52.668425067303595 52.976614528092725 53.150962909092215 53.19068020792087 53.114755772784754 52.957867459899227 52.763923160373992 52.578415661600218 52.440925083108475 52.379020018377858 52.4045087495997 52.512535085395157 52.683488340084871 52.887204381216698 53.08856631678853 53.253433107450803 53.353855240380781 53.371757613094928 53.300622825007395 53.145112903730912 52.918940693629338 52.641575206427305 52.334497477585337 52.017707227383646 51.707038602558157
50.917889174517299 51.636069150404623 52.193796420028157 52.548854366949151 52.680172433234198 52.592641845162667 52.318113787372823 51.912163499261283 51.446963396223573 51.001326219274091 50.649510497711439 50.450619816785164 50.440330770437825 50.626276922593959 50.987782095819107 51.479898799187154 52.041001038362367 52.602625125037861 53.099933299519677 53.481133862404235 53.714421800229488 53.791457111878707 53.726993382030045 53.554906423779322 53.321447356358306 53.076962860158496 52.867520407073428 52.727819232863325 52.676474730030897 52.714293989467521 52.8256052258089 52.982170171025039 53.148795274262277 53.289535843136008 53.373386135757109 53.378550545665512 53.294739286612462 53.123344704097825 52.875744979659231 52.570278124010095 52.228586199346694 51.872036788415976 51.518806258460394
53.393870205137461 54.101299104460153 54.586499255108187 54.810332951009649 54.758834980352894 54.447628277324782 53.922126899712154 53.253192327487163 52.528707047274942 51.842268194121914 51.280737607128579 50.912609279063609 50.779030722668324 50.88887053716762 51.218549266640416 51.71657123370521 52.311949095742378 52.925123381670005 53.479635049460875 53.912753928979129 54.183495985099498 54.276930546299802 54.204303680598066 53.999182721248509 53.710449680316643 53.393437625018947 53.100739524994061 52.874188486043558 52.73922368543731 52.702376101971282 52.75202664265165 52.862018153503101 52.99724792323083 53.120106677682699 53.196598413570541 53.201158931834506 53.119533523030796 52.949493063106111 52.699573487928149 52.386340270997536 52.030859038974135 51.655081987214821 51.278755578528802
55.62861607200891 56.305651673602014 56.708441772912238 56.801744187045735 56.578670347473043 56.064645915349089 55.316868909430859 54.41901338732098 53.471746295668652 52.580370610139553 51.841434856182161 51.330357151261317 51.091964729702205 51.135379980985896 51.433982198648458 51.930368223169374 52.545463241540602 53.190319120884247 53.778772527623296 54.239065351308511 54.522755081712376 54.609718348371004 54.508696516859985 54.253543569658653 53.895999583425677 53.496321586179398 53.113376054120408 52.795792445146191 52.575502796125633 52.464505662892634 52.455089767210389 52.523149719327812 52.633734906896166 52.747677244502718 52.82808377918856 52.845645641732794 52.782050602316957 52.631208883876376 52.398419409059912 52.097937443429601 51.749603572580533 51.375241673218461 50.995446286443354
57.498347918160547 58.124724004393741 58.437876401573078 58.407058201662274 58.032015554965305 57.346468002929015 56.416918251832882 55.336616103144337 54.215324542980625 53.166273649317986 52.292199810436145 51.672558199674356 51.35383300743586 51.344386831800726 51.614578307662171 52.102061345828226 52.721396394481523 53.376476748086013 53.973892558644231 54.435271127614136 54.706847609328335 54.764994866907635 54.617097086733459 54.297884539087541 53.862040104034698 53.374430668436013 52.899620854363739 52.492345652524797 52.190356041951517 52.01056297165232 51.948787343521182 51.982796230215975 52.077784983522321 52.193140333784214 52.289235230739557 52.333154529166386 52.302578114173606 52.187470846329376 51.989653912943275 51.720678867956217 51.398640458118962 51.044628650381227 50.679448517874448
58.919297076070691 59.475197323080764 59.69407562324588 59.550021621169904 59.048607448705077 58.229892896736793 57.166720369894861 55.958191544297513 54.719026895550257 53.566225156556911 52.604928823559831 51.915574545837046 51.544234719570184 51.497573405939363 51.743133469164128 52.2148637877917 52.82301693133541 53.466918467628361 54.048719980275564 54.486150436547653 54.722482312056087 54.732394102064809 54.523065618474341 54.13058420905999 53.612451386848754 53.037545853315407 52.475228397517597 51.985314552546754 51.610391794342476 51.371472644122768 51.26735036736082 51.277381222329829 51.366876011794886 51.493936865767324 51.616470331370593 51.698240123652631 51.713140352798654 51.647289397197653 51.498972600502597 51.276816657684947 50.996805071764101 50.678822102986999 50.343354896334347
59.853103376670859 60.320175150838224 60.442461745310069 60.198956887848354 59.599962352427305 58.689651203325674 57.544006249558244 56.264080403623169 54.965304478972499 53.76424969150289 52.764712040190773 52.045141321244174 51.649263230403847 51.581272318712955 51.806289272174666 52.255992244242044 52.838573128718849 53.451550309420597 53.99557864631447 54.387288391269763 54.56936921834361 54.516563353431522 54.2368740626559 53.768033272512156 53.169988413229156 52.514747773321496 51.875270397499584 51.315144807833924 50.880566483122124 50.595647566181597 50.461469467592003 50.458641187953972 50.552574173371383 50.700323202231559 50.85772210965213 50.985660525119258 51.054653231637353 51.047265388540559 50.958382250909317 50.793669294597358 50.56680239492843 50.29613643303442 50.001435512390174
60.30616926944802 60.668423428041521 60.693739593446765 60.365820990014328 59.698416502766619 58.73749858619022 57.559014485005768 56.262198165721244 54.959164858203003 53.762147503213093 52.770160322408671 52.057014300867998 51.662440058729445 51.587626662399309 51.795836583780485 52.218012424051359 52.762565571924476 53.327938553050146 53.81614746836874 54.145392617461795 54.259990068508706 54.136300158487259 53.783947851500443 53.242350103546606 52.573273196290245 51.850722996315028 51.14982653673664 50.536435482682712 50.058963610171929 49.743508744432276 49.59269789326224 49.588052157309377 49.695115562458774 49.870224362443921 50.067661714115403 50.246046265682637 50.373094447976484 50.428295639837557 50.403456478851261 50.301424852841436 50.133540474853639 49.916455290543773 49.668932880530143
