CROSS_VALIDATION_INTERPOLATED_TRAIN_FILES_80-20/CROSS_VALIDATION_CLASSIC_80-20/MHZ/IZ/MHZ_IZ_4_train_z_1000.asc
ncols 100
nrows 81
xllcorner 5.5967107548124995
yllcorner 50.982328804812504
cellsize 0.00017565037499993607
nodata_value 1.7014100000000001E+038
[rows 18 to 35 of 81, columns 0 to 39 of 100]
0.0413747237749299 0.042385397789068524 0.042765629249903181 0.042411470403711488 0.041251857115914392 0.039256697173715799 0.036442319707126941 0.032873885371909023 0.028664641971226396 0.023972125817606882 0.018991531021941899 0.013946511192063138 0.0090776878595592858 0.0046291800391631555 0.00083359378432720788 -0.0021038582272803752 -0.0040211229719510078 -0.0048136481720927882 -0.0044457482626598099 -0.0029573992164753093 -0.00046509024793039977 0.0028441221167383457 0.0067254456717844024 0.010895251442236575 0.01505432813540597 0.018913065710858212 0.022215747217761622 0.02476114064042681 0.026417015268597549 0.027126997235481842 0.026909201217393902 0.025847168226916517 0.024074636054419424 0.021756426555113506 0.01906815592351635 0.016177520023700348 0.013229591620567943 0.010337949554719783 0.0075826301734766566 0.0050149502655094103
0.040248919514689591 0.041166766845655178 0.041460404790525346 0.041023555194062283 0.039781249405393959 0.037698489718804296 0.034786666224125407 0.031107264748601593 0.026772610197248192 0.021943535495954264 0.016823939596062154 0.011652226542788885 0.0066896588977298499 0.0022057795638355249 -0.0015386941531116416 -0.0043107134287370674 -0.0059242094956694635 -0.0062581365444899228 -0.0052711783764003428 -0.0030109891756759377 0.00038386454736891173 0.0046904174120894482 0.0096164385855674051 0.014823185759350294 0.019953641676301176 0.024663192387262528 0.028649217555456963 0.031676094947745287 0.033592685507431053 0.034340376204220951 0.033951049888191587 0.032535713992738663 0.030265738592666541 0.02734954975190737 0.024008080926470471 0.020452265146912424 0.016865389552888382 0.013392325241521286 0.010136617371093393 0.0071653112097547489
0.038630682002237904 0.03941448012503912 0.039588322845300949 0.039045405545252154 0.037708197916750674 0.035537611056909835 0.032540388314247715 0.028774192692826106 0.024349982494274475 0.019431330704260924 0.014230359221985484 0.0089999699469437699 0.0040221298146582984 -0.00040782304914305234 -0.0040004957067386604 -0.0064944624555127173 -0.0076794159754975388 -0.0074182425280536757 -0.0056653821247543701 -0.0024787514163868707 0.0019771194661350744 0.0074382355350988971 0.013558829950030049 0.019938409940380791 0.026155549817886398 0.031804707746611566 0.036531742350941088 0.040063852372342251 0.042230369521147976 0.04297209121916501 0.042338436386731348 0.040473377764856128 0.037592579107400437 0.0339552226781491 0.029834513746357177 0.025490757056197966 0.021150274580436473 0.016992406935739751 0.01314558629636603 0.0096921672019412708
0.036656844154646179 0.037278042313174831 0.037310095617411249 0.036647236231669766 0.035210640729515574 0.032958044932616393 0.029892099004416722 0.026066873647140248 0.021591948432942404 0.016633486836883121 0.011411654476647354 0.0061937277692522275 0.0012823505887139819 -0.0030012983998525256 -0.006339127077866713 -0.0084414930838672686 -0.0090744068017654667 -0.0080858715090754152 -0.0054281103306925149 -0.0011723204563131584 0.0044869527091645212 0.011239696627214607 0.01868093655723832 0.026342472712623632 0.033732741968996671 0.040380340514700019 0.04587601493363283 0.049907986411228511 0.052286330742029541 0.052953660648762557 0.051981289163137628 0.049552066395628536 0.045932845970251324 0.041440780179179348 0.036408199317752521 0.031150663272858869 0.025941966337333644 0.020998605550804905 0.016474713785718048 0.012466940406122784
0.034470921404196331 0.034914469049506958 0.034794739854015738 0.034008290460467244 0.032476156840457793 0.030153866180486599 0.02704072708562813 0.02318774808152757 0.018703451622222478 0.013756730209309592 0.0085757767324204093 0.0034420903908539413 -0.0013212942402807126 -0.0053678049570527464 -0.0083513155350141699 -0.0099549367790263132 -0.0099223788709109084 -0.0080886690328345612 -0.0044063404768214243 0.0010369310409739929 0.008012736416165428 0.016160661852240549 0.025011827457422614 0.034025640116453315 0.042636127891016284 0.050302609623799038 0.056558581378828188 0.061052762180600351 0.063577255193945637 0.06407958778300793 0.062657687478109625 0.059539238157650054 0.055048943290442631 0.049568674180286099 0.043496104059097901 0.037207183950495826 0.031026813602045344 0.02521052365369722 0.019938195428865768 0.015319085248153175
0.0322115986080595 0.032475727512716268 0.032206083266827557 0.031302535757735589 0.029686970834862852 0.027313652756403101 0.024179399440085653 0.020332861218197135 0.015882008397055752 0.010998718649166878 0.0059191747519558302 0.00093873106316130772 -0.0035999113250724246 -0.007325882022718222 -0.009866490202317002 -0.010879436104415829 -0.010088316513779838 -0.0073176951708699978 -0.0025232179772282093 0.0041879209439193155 0.012550251151174668 0.022149718715233774 0.032450420668267116 0.042836582915340676 0.052665614545908235 0.061326187382978903 0.068294262522720861 0.073180042672267631 0.075759998524525474 0.075990217150753325 0.073999992557126359 0.07006736214506698 0.064580717495794415 0.057992296838233981 0.050770067239275074 0.043354182735061642 0.036122996517086114 0.029371783535805995 0.023305237105349152 0.018042780726427454
0.03000318939089236 0.030098311764823943 0.029691536845687649 0.028686720986962927 0.027007376776867931 0.024607340854040372 0.021481763668030451 0.017677654923260566 0.013302934954457363 0.008532638804486764 0.003610676650164818 -0.0011545179216251311 -0.0054019048184880125 -0.0087381818813520029 -0.010766432138961335 -0.011121639523153287 -0.0095101842329703978 -0.0057490933312834835 0.00020009042821106382 0.0082081690657011264 0.017970552764308451 0.029018015441163114 0.040746697429756007 0.052465362644946889 0.063455216458617902 0.073035431046891475 0.080626335071080135 0.085802269802272568 0.08832743374037022 0.088170429995449218 0.085496287816084482 0.080637921513927985 0.074051771899090679 0.066264296676749934 0.057816765107799872 0.049215417012502427 0.040892628121797669 0.033182605797185238 0.026312727128044777 0.020409328734982635
0.027948775586176006 0.027895732970906473 0.027373985425617642 0.026291720738725655 0.024574586190340503 0.022176615656904236 0.0190919454750621 0.01536649900103923 0.011108446328379651 0.0064958608652457561 0.0017796947951571884 -0.0027198941795381626 -0.0066255852599508835 -0.0095243514566289433 -0.010998256583969024 -0.010663041057319023 -0.0082113110481457086 -0.0034556465973725192 0.0036340835735418631 0.012905161194877696 0.024013438056908948 0.036435214036229069 0.049500462078923751 0.062445228332093261 0.074478013634195817 0.08485251238122854 0.092937729522231394 0.098276521607206735 0.10062506718486397 0.099968446142375988 0.0965109429608903 0.090643287737137174 0.082892191997497533 0.073859707871466451 0.064160824925693444 0.05436725696343131 0.044963745305979991 0.03632078774674824 0.028684963166437483 0.022185427771496458
0.026126266236776413 0.02595419467824403 0.025347102764215645 0.024217517457023496 0.022493405945016781 0.02012931405823018 0.017118706580424636 0.013506639549337479 0.0094014420534049015 0.0049836296686917858 0.000509923713309407 -0.0036898530026312493 -0.0072249572104873261 -0.0096661866357501403 -0.010578589594002097 -0.0095627670877415083 -0.006301319541498096 -0.00060534631187081356 0.0075452261109021646 0.017973996953877969 0.030298851246599395 0.043944961272285199 0.058181046185275032 0.072176561850340437 0.085074174227365962 0.096069183829036842 0.10448605166342806 0.10984217404554542 0.11189063527408605 0.11063660168743039 0.10632581284946135 0.099407615027985619 0.090478477878154884 0.080214356563240496 0.069301250474537612 0.058372790927917251 0.047961866792505359 0.038470587441563037 0.03015981832902534 0.02315663637538784
0.024587173217448716 0.024331237777148712 0.023673871683658365 0.022531608926826235 0.020834554563997104 0.018537684924712888 0.01563370367634645 0.012166538562516843 0.0082440446753224428 0.0040479668189359608 -0.00016117277839344801 -0.0040467079819865859 -0.0072081282277830505 -0.0092043763395397993 -0.0095881449676630259 -0.007949427932367914 -0.0039646600748354799 0.0025539856470861155 0.011615796213023805 0.023022184604836904 0.036356976283519138 0.051000459676840915 0.066168335925238631 0.080973114697064308 0.094501924309051188 0.10590178897142505 0.11446175704328532 0.11968122532551712 0.12131548496877748 0.11939267557851435 0.11420044619817415 0.10624496894921132 0.096188776616790983 0.084776556927475766 0.072759131801992949 0.060825287753827284 0.049549121207998842 0.039357579275383636 0.030519501619786782 0.023154293853673347
0.023357558451957527 0.023056760455050784 0.022387673373440165 0.021270174527244445 0.019635931540447821 0.017439814911365953 0.014673161250018579 0.011377931561495275 0.0076602373487571207 0.0037011499146497873 -0.00023770528118355339 -0.0038163842093809075 -0.0066289802355511962 -0.0082275288037195193 -0.0081574834402233232 -0.0060029507734935539 -0.0014378515603296615 0.005722681845962696 0.01547765167162124 0.027609615505312296 0.041674669149519394 0.057017385263572085 0.072811947822241874 0.088126942356251736 0.10200747253419457 0.11356516506834408 0.1220648206992323 0.12699638741131608 0.12812268246782477 0.12549663203495104 0.1194461766944242 0.11052964662849585 0.099468528395166289 0.087067427638609252 0.074132234514750428 0.061396910109946967 0.049467158301466196 0.038786021218217837 0.029622777383347371 0.022083076951519093
0.022440415993523088 0.022135601799915 0.021495065869942598 0.020441058399564727 0.018905842295159847 0.016843171409447411 0.014241859799683426 0.011140450667024876 0.0076413832190304898 0.0039224684882138983 0.00024305612790742614 -0.0030578407444038502 -0.0055738511247530598 -0.0068554721459898049 -0.0064462501610800804 -0.0039290579361083711 0.0010214738539233714 0.0085862278820672266 0.01875576830186948 0.031298974991631312 0.045752861228809449 0.061438149220224836 0.077501931713858163 0.092984837917694574 0.10690618121058076 0.11835731013679845 0.12659146709327496 0.13109832868315113 0.13165318793397496 0.12833420617264341 0.12150574269817765 0.11177066967698468 0.099898939838962642 0.086742749728219715 0.073149947874288357 0.059886742630560375 0.047578495338056387 0.036673957592288947 0.027434407230776725 0.019945451782003742
0.02181872925528644 0.021550846175790783 0.020979327682849352 0.020027565603580461 0.01862709393482051 0.016729091894615633 0.014318172162170101 0.011427431363035839 0.0081531038790232657 0.0046665570606997941 0.0012209332845642129 -0.0018503624086723125 -0.004145768327877275 -0.0052197833669339055 -0.004619332212701055 -0.0019303963725376683 0.0031690784039032915 0.010855926302603486 0.021115443666831352 0.033709687423400247 0.048167222397584114 0.06379899649427534 0.079741741927788212 0.095026329515012387 0.10866447848276933 0.1197438738776071 0.12751974097186963 0.13149074150749518 0.13144884055587536 0.12749632148262857 0.12002782928972822 0.10968038821938125 0.097258879597491799 0.083647697813439614 0.069720707825013162 0.056261050123537271 0.043899998687437214 0.033080503168569281 0.024046947788736311 0.016858770402275181
0.021458575225183629 0.021267146022600408 0.020803987970575116 0.01999221212379132 0.018761014031453721 0.017057169667888561 0.014858975037302519 0.012191577988367092 0.0091420013184993765 0.0058715506543900731 0.0026228758756316195 -0.00028113705524285271 -0.0024490890648835584 -0.0034449183269826822 -0.0028239078361990688 -0.00017896870051048452 0.0048067761206551651 0.012307008658110047 0.022306087940873243 0.03456743145005986 0.048623235832163741 0.06379024146623008 0.079212990509712478 0.093932068451956119 0.1069707831458438 0.11743034825429272 0.12458158022730942 0.1279408746543565 0.12731996882293761 0.12284251698277099 0.11492524330571896 0.10422658267057572 0.091570368895833365 0.077855476903630205 0.063963822504190249 0.050678588960755833 0.038622187990087598 0.028219803071042077 0.019690129362944175 0.01306087852545143
0.021311891765524615 0.021233629331544379 0.020915854684548596 0.020279877055050161 0.019250764684072302 0.017768813037094072 0.015803590934311246 0.013369486292227756 0.010541020735476053 0.0074656060820780246 0.0043710097236923373 0.0015647253713488574 -0.00057716146807978985 -0.0016330912146080845 -0.001171146085284569 0.0012056935989997741 0.0058080542658285605 0.01280821443491767 0.02219479250516343 0.033741577560455149 0.046997214099392282 0.061300393418085963 0.07582203535234211 0.089632069213861854 0.10178444865984748 0.11141067076264849 0.11780998844952395 0.12052419940462428 0.11938655097702255 0.11453773849391435 0.10640665775258784 0.0956587054398855 0.083119104937997401 0.069682151700820594 0.056218853146859926 0.043494973881385901 0.032109168890658846 0.022457209888005508 0.014724007836312225 0.0089009834657053921
0.021318820697173335 0.021386289109138923 0.021247416719367501 0.02082020214264671 0.020023751761846342 0.01878971226636067 0.01707640226636517 0.014884537890579946 0.012272800519174093 0.0093709182146633763 0.0063875549368784534 0.0036102587372212613 0.0013951277988594468 0.00014477684118291423 0.00027461050988192293 0.0021692163785886065 0.0061326509206145186 0.012338188930092198 0.020784374068564232 0.031264596921575905 0.043356684617962937 0.056437031024128892 0.069720770373644103 0.082325776902801073 0.093354431623659584 0.10198381290585995 0.10755289438338739 0.10963496108372139 0.10808498594429061 0.10305499315432953 0.094974972836197102 0.084501940784520557 0.072444379352972821 0.059672736629006573 0.047028317114872237 0.035242531578403125 0.024876235011138476 0.016285256800385117 0.0096139255755517128 0.0048141892328904534
0.021409820589482376 0.021650070554799838 0.021718853031031105 0.021529480892182373 0.020993368685065517 0.020031433980928437 0.018588315766369767 0.016648276377380478 0.014251019120924385 0.011505105320700676 0.0085963139841264968 0.005788277873710862 0.0034131526829127845 0.001850983457972244 0.0014978017673628607 0.0027242026769233318 0.0058279994582042527 0.010986241984243889 0.018213074890175346 0.027330282327577504 0.037956682035647171 0.04952071155797963 0.061297717110622318 0.072469952890596656 0.082203653989960768 0.089734394090813852 0.09444990256853919 0.095959073006940676 0.094137263427964024 0.089141052169518065 0.081389921422682199 0.071517179421827171 0.060296961726355375 0.04855757420304796 0.037093164191714767 0.026585467029341503 0.017545280759532017 0.010279818685533598 0.0048878563796415642 0.0012803909326730978
0.021507945836798492 0.021941106043488146 0.022240150913949736 0.022312587610254786 0.022060666576018545 0.02139276679451621 0.020237720724988834 0.018560913902149978 0.016380377016368769 0.013780574650676808 0.010921298122221118 0.0080390990110129901 0.0054391390897647052 0.0034762184951203645 0.0025250464044118404 0.0029414248080024685 0.0050177299549735432 0.0089376318850133141 0.014736087760942151 0.022270990792104206 0.031212239539889108 0.041052334168390187 0.051140010274304648 0.060735188769876602 0.069080126790210361 0.075478679728397668 0.079373609038076887 0.08041135465427357 0.078484863174732356 0.073747847084095319 0.066597853699358833 0.057630094696090789 0.047568339960098932 0.037182544419693153 0.027204661934485397 0.018254013007313441 0.010781673904808969 0.0050400371837907854 0.0010795924042555638 -0.0012291697134911295
