_RESULTS/CROSS_VALIDATION_POSTPROCESSED_80-20/Berg/TZ/7comp/2/Berg_TZ_z_125_kriged_reverse_7comp_spherical_2.asc
ncols 100
nrows 90
xllcorner 5.6208707817415728
yllcorner 50.959635321741573
cellsize 0.00013419651685393446
nodata_value 1.7014100000000001E+038
[rows 57 to 75 of 90, columns 0 to 42 of 100]
16.871335208498746 16.750684606183324 16.615773679635318 16.465061671282296 16.296104997529778 16.106891274987355 15.896924799890161 15.667905395859394 15.424067238944314 15.172343635389282 14.922509282377916 14.687338191271113 14.48255475477495 14.328219940129047 14.24934028884742 14.25656941933468 14.349811633587887 14.519174572742898 14.74794830102838 15.019079227119917 15.318031457751715 15.632521751654577 15.95173845891342 16.26309300375095 16.557827962017857 16.829050126258547 17.070952412354675 17.278765940005528 17.44870499984526 17.56966913090891 17.590446109909852 17.50481374684344 17.316460854550403 17.036922635311132 16.704312688433795 16.330246857818647 15.922512461476385 15.488928444648334 15.037246742821667 14.575099952180542 14.110038767413545 13.649693522943501 13.162788506970966
16.923145040059506 16.78456320368715 16.625016698579266 16.444074387536386 16.240906222694754 16.015113946357058 15.767448821751726 15.500323598412976 15.218157798056017 14.92768934285291 14.638435238990288 14.363473978417455 14.120511593385624 13.932339939874907 13.826683169799834 13.827933208694121 13.93565590699342 14.131778742485276 14.390854450073723 14.691468485340875 15.017171631850657 15.354995044354993 15.691761331564516 16.018300552301497 16.3273035126731 16.61252947169125 16.86868584860168 17.091368665211284 17.27701150234661 17.41980805025194 17.47193728770316 17.419488485697386 17.26593804542827 17.018117835508363 16.713348373711725 16.368859175841546 15.992398436584768 15.591882992081446 15.17534878468059 14.750961846329325 14.3271369646835 13.908807592988248 13.490708172117369
16.95021147435388 16.795679103178493 16.615729229375834 16.410639932124795 16.18057000853445 15.926087038080489 15.648631887525372 15.350869574440043 15.036959950491646 14.712868318870012 14.386942344064465 14.071150931217758 13.78359190861928 13.55244204247227 13.417111797920505 13.414352552263905 13.548804025529906 13.783929712560406 14.081275947371024 14.414660918855763 14.76653991957854 15.122795303735643 15.474180260792314 15.813268099738206 16.133722511825574 16.430050885295884 16.697511469855915 16.932079051893872 17.13041764917733 17.28974320603452 17.37342820074816 17.35454332696415 17.236387593316227 17.023737878202656 16.749974886851536 16.438412581239877 16.096767136288392 15.73303170574506 15.355459815848645 14.97260712108838 14.589400489194231 14.210330877079977 13.844736203196867
16.96544295462103 16.797704503120663 16.60169676932969 16.378191969370476 16.12799015758111 15.852254228091404 15.552795205835862 15.232277094208834 14.894361152037922 14.543872887040004 14.18718177992824 13.833248695803672 13.496585306798824 13.205573550350305 13.020385841637475 13.023106714705099 13.209156371667369 13.500173370974247 13.841162016393566 14.20460208446783 14.575819707756246 14.945782118862732 15.307502132968834 15.655016170924114 15.983016662222443 16.286740879525535 16.56194964355372 16.804957024347715 17.012657856411618 17.1824593105217 17.2954260749823 17.310020752862073 17.227363047840573 17.051571208171744 16.811487751601078 16.53558607021466 16.231528293559325 15.907324544037404 15.571224672918666 15.226829549210077 14.880003125527713 14.54021860598641 14.21829369094991
16.978884217476082 16.801259766028675 16.59367814823397 16.3573280781934 16.09347687626642 15.803710753338477 15.490099119096792 15.155288429241134 14.802527149528496 14.435651263138464 14.059100061286511 13.678139644831521 13.299919711643426 12.938607519637376 12.650121725692404 12.665321403094687 12.960731269838824 13.318654764075847 13.693534310335508 14.075300812070907 14.457005454114668 14.83318088034922 15.198781280344157 15.548979129817573 15.879311712213134 16.185632580564004 16.464172336315073 16.711581759404158 16.924945531427664 17.101764722668904 17.23587467481261 17.28388434181971 17.236873008545636 17.09861135691708 16.89462405794477 16.65653555952626 16.392138445740382 16.108089920356036 15.807620780225202 15.49806539821423 15.187835167374471 14.886160928343045 14.603189652262047
16.99424584307544 16.812810325653594 16.599409362878635 16.355915835423858 16.084661697617904 15.78788306849132 15.467946574305378 15.127656996026603 14.7702375478856 14.399259271016499 14.018536849149527 13.632016748842316 13.243715205731727 12.858003006786175 12.484780314846693 12.514610671328535 12.889837563408888 13.273800624872486 13.65855676794866 14.040735846629342 14.419108788488069 14.79093012164797 15.151938663766884 15.497900716043498 15.824725437721698 16.128564110169684 16.405884293389022 16.65351313962971 16.868648100515536 17.048837681168045 17.191938830808315 17.272342077060394 17.260397279588673 17.159493958116208 16.994240872240447 16.796005720721833 16.568441498053534 16.31771360231004 16.051361771587032 15.777009295165662 15.502816633774286 15.237523165730558 14.990634686209347
17.013138265008678 16.832175586561473 16.61891503839508 16.375557343903537 16.104471394496688 15.80830259448758 15.490047516965822 15.153093291894487 14.801238663763588 14.438742162027248 14.070505196668723 13.702687625823259 13.34477870161535 13.017270528184469 12.784080146003433 12.796540836177003 13.042613708776651 13.373886736076246 13.731725997476369 14.097287042818332 14.46205933352101 14.820578430639152 15.168659547738736 15.503365303270893 15.820735234860303 16.11689492435206 16.38834634344965 16.631965042005493 16.844980120636883 17.0249352408865 17.1696356364635 17.272523422187337 17.29458952286317 17.228581671487525 17.098862067884138 16.93444838987324 16.741288674031 16.52568638760005 16.294603391192 16.057735644429883 15.822590073575268 15.59619313710367 15.386053012129777
17.037888016223317 16.86118189137921 16.652385192104223 16.41402693391137 16.14885491149391 15.859934645988144 15.550736211260926 15.225221259061955 14.887968075625333 14.544419900488014 14.201445867881219 13.86865877480496 13.56118089283162 13.306360545239585 13.154589132023082 13.161795249608918 13.324660747548482 13.585244335441946 13.894956757445195 14.227196971770184 14.567517107334934 14.907027253522601 15.23944972057157 15.559858712420743 15.864120240362444 16.14862371566469 16.4101339364477 16.645689444628577 16.85251651489272 17.027949160870044 17.169356023250298 17.274079345410243 17.323129636947016 17.285926322308896 17.190096113952144 17.060383111304727 16.903472238442298 16.729034430736352 16.542430606867743 16.34882302067703 16.15419644144512 15.965751974264593 15.790120080848471
17.069523671639818 16.900632735628303 16.700270808937045 16.471284454620278 16.216793461804745 15.940292260379435 15.64575694658426 15.337778552846174 15.021768474964304 14.704324231185751 14.393895097856804 14.101444539668698 13.843326691088903 13.64394959928918 13.534401643434421 13.539391117808917 13.657300504342848 13.86191724799271 14.122359520682643 14.41481884238199 14.723154809009753 15.036384419777594 15.346621738523531 15.647848690019478 15.935233437314272 16.204743740814358 16.452905317264324 16.67662678088215 16.873055534996904 17.039453602879114 17.173095030973688 17.271190685044992 17.330386681243716 17.32196764113598 17.26154515944942 17.172844287425406 17.062543343868125 16.934596454991915 16.79332751413015 16.643420341069298 16.48987212934923 16.338234775827477 16.195359154041594
17.107893643362424 16.950059894808632 16.761661298451745 16.54583672057483 16.30604541223926 16.046171299239372 15.770641986351588 15.484582591216348 15.194040468332895 14.906041338003401 14.629303501550433 14.375340318494 14.159164242621527 13.99927887553881 13.914814766149162 13.91818303119066 14.008594241533626 14.172304166094962 14.38985577425079 14.642812536216319 14.916332407324862 15.199098823791621 15.482495553166586 15.759833278956089 16.02579076752024 16.2760283539014 16.50690377564396 16.71524109712294 16.89813037150717 17.05275640245536 17.17626558993186 17.26568037671983 17.31786463117537 17.33200357934427 17.317645994227277 17.277855168836613 17.215831123746263 17.135087265569823 17.039461072067887 16.93309425236453 16.8203797619368 16.7058710345912 16.594554693119136
17.151783842877702 17.007865397083613 16.83445520736246 16.63494189246662 16.4130651079826 16.17301653447058 15.919521154087082 15.65786012473111 15.394211776183505 15.135901657137774 14.89174900137673 14.672404369378073 14.490397992258988 14.359330421011588 14.291148614481969 14.293055067509783 14.364615935009834 14.497620716289052 14.67924846204585 14.89569189858072 15.134394481955507 15.38482520372658 15.63845177551112 15.888440111568261 16.12931895534603 16.35667251874765 16.566857329759994 16.756731301630328 16.92339775920192 17.06398362040723 17.175476901899582 17.25464073293857 17.300316077392537 17.32686350508185 17.357682439695523 17.36810677044026 17.355410212316823 17.32261892587403 17.273041728574988 17.210240909787803 17.13797718741392 17.06012806389926 16.98057641326019
17.19902527520734 17.071449046906956 16.91550359065472 16.73474923496967 16.533084731365598 16.314828898725413 16.084816437138365 15.848515173763467 15.612169305050669 15.382961004055694 15.169151408737722 14.980099297338795 14.825962549920787 14.716520902622342 14.659646443839883 14.660071437209691 14.717390117828225 14.826160648475224 14.97743681789071 15.160784806201544 15.365890238956807 15.583460910492064 15.80557160651314 16.02569218749229 16.23856229296973 16.43998410710055 16.626554825359456 16.79535360720785 16.94361608515962 17.068449317003083 17.166640865922925 17.236863115943187 17.285295608377567 17.327328980790877 17.37924591327311 17.435600110561182 17.473325978934884 17.489302753570023 17.486295263575556 17.46727167666656 17.435347079976236 17.393715560993513 17.34556925576262
17.24676403817893 17.137392818602915 17.000713028633317 16.84038808308612 16.660412026109817 16.465181813242907 16.259574184926255 16.049026938105417 15.839618885678181 15.638129738108894 15.452037186338638 15.28937405664204 15.158220690998803 15.065405726365924 15.016802708497131 15.015551799535643 15.061205814286568 15.149816720991089 15.274765579444196 15.427955690298024 15.60093273366563 15.785695690243044 15.975176490549384 16.163462267288875 16.345829963063295 16.51862533068538 16.678996557571597 16.82450747865705 16.95269900389292 17.060706955036256 17.146240237557098 17.216807014582496 17.271773702342124 17.333086190964302 17.40414805119514 17.481488960507114 17.56158578776606 17.627228291337985 17.67143049031433 17.69657572938268 17.705131464834935 17.699597688816812 17.68246361330259
17.291828829378453 17.20210097484774 17.0860247278777 16.947322860722245 16.79002371974409 16.618519721330298 16.437621947315904 16.252606096967387 16.069239726965343 15.893770961121875 15.73284491392745 15.593300196123439 15.481111074836171 15.40159348112442 15.359163677771717 15.355942041240581 15.391397242497645 15.462418389938382 15.563814670720062 15.68907554322766 15.831174205964677 15.98326045773178 16.139182347965495 16.293829919471683 16.443295886155397 16.58482460638025 16.716514661692845 16.836788196867268 16.94374234988687 17.034675624173353 17.116187068223073 17.189240592194093 17.258562000421783 17.341176440317618 17.433285539368423 17.531004071725754 17.63083558764332 17.72958878921382 17.820595325217297 17.890469949152195 17.939887236855636 17.97063529303261 17.984463089213563
17.330878722517934 17.26190805620426 17.167408385364062 17.05111976243236 16.917050452015918 16.76952031436073 16.613194272076104 16.453099126868246 16.29461321272798 16.143412648110562 16.00535172936165 15.886061171836962 15.789826478405555 15.721170048954994 15.683369386812384 15.677838326020844 15.703928052820245 15.758989927669184 15.83870585574024 15.93761202383322 16.04970883065708 16.16906753818261 16.290517144373826 16.41122549648198 16.527656405556673 16.63727144067565 16.738909989762618 16.83202828860046 16.91566543008454 16.992642435604395 17.07213317690479 17.149860528856497 17.242233609760113 17.348661131657025 17.464033830751095 17.58405076893144 17.705015470898758 17.823637056440003 17.936833117388666 18.041585845162924 18.132019362658156 18.199537127864577 18.2446203479978
17.360491268461054 17.31310834525106 17.240848863911804 17.14743335388025 17.03680614303865 16.913164364011436 16.78097375566762 16.644964221715053 16.51009607746956 16.381485410238522 16.264275435981926 16.162691370254365 16.08020351448993 16.02056474598296 15.986219554019526 15.978051465905544 15.995264988447456 16.035438475156422 16.09475788256821 16.16847089690755 16.254924148629172 16.349359395636647 16.445070376925905 16.536800058626884 16.62131012361093 16.697658122542375 16.766856667738335 16.83066757274058 16.890445168730842 16.958581676827865 17.034167702767718 17.12217567148428 17.23134075727074 17.356487905963817 17.493989467251204 17.63827711504387 17.782045857444302 17.922057096570626 18.055269347322543 18.17858251969921 18.288723283318703 18.382267019517606 18.455810488707687
17.377213822362393 17.352011450431302 17.30240408917616 17.232062754401166 17.14483547371591 17.04476367399145 16.936084416831758 16.82321200347954 16.710691858222436 16.60311919453535 16.504960416927318 16.419022682783748 16.348542296354125 16.296510750075925 16.264733998420333 16.253670622020493 16.26235411449561 16.28845319651607 16.333870013040887 16.396522193921978 16.46879844726092 16.54320609479946 16.613081129903545 16.673465890283833 16.7220726487292 16.760025440730093 16.79171536563258 16.822950808477106 16.86324383462995 16.92585794855948 17.00802456444654 17.117784236112637 17.247186597872936 17.38925495466855 17.539769198842947 17.69673353387711 17.859594577848483 18.02228757332065 18.17688031412485 18.320318965876453 18.44910245606174 18.55927248578975 18.646618381805485
17.379671043643306 17.37497835838982 17.348238799600736 17.300979322733085 17.23692979002081 17.159957433932956 17.074059260808472 16.983335462444536 16.891938561443745 16.80399378753981 16.723174264848883 16.651360711455858 16.59152123952786 16.54603152701373 16.51619084415937 16.50210297383506 16.50486190430796 16.53128778937013 16.576310795112523 16.63256955744604 16.692154221284536 16.74712723237959 16.79030651665582 16.816413594070507 16.82364023226766 16.81538878783994 16.801109300329273 16.79412210669226 16.818328083048748 16.882960881845797 16.991696211933256 17.13089542236134 17.286315108616318 17.448929318848016 17.614403048429956 17.78153951488099 17.950844829403433 18.123485777768146 18.298602554109134 18.463565662433744 18.612870141143635 18.741945722196192 18.845486822332674
17.379671043643306 17.379671043643306 17.374638744464608 17.350332404178566 17.309120404902778 17.254688295554082 17.190794396956978 17.121239054499238 17.04981377762739 16.980227715842467 16.91530097642978 16.85639165072141 16.80613842348084 16.76642131333854 16.738130955986545 16.726726892185724 16.740510171415302 16.774172231753838 16.82094033421889 16.87303298207499 16.921902799268604 16.958675567652733 16.974917152451948 16.96396308220184 16.9231662874389 16.85734919839862 16.782620692013666 16.72817821855092 16.737297032942056 16.8278375340967 16.978292555916234 17.158288279590195 17.346716922068723 17.533246279781746 17.714761719501652 17.891970284024588 18.067199952056992 18.243115294582108 18.42195871000256 18.604400632043784 18.776025580178 18.92662493176486 19.049481592219248
