_RESULTS/CROSS_VALIDATION_POSTPROCESSED_80-20/Berg/TZ/7comp/2/Berg_TZ_z_250_kriged_reverse_7comp_spherical_2.asc
ncols 100
nrows 90
xllcorner 5.6208707817415728
yllcorner 50.959635321741573
cellsize 0.00013419651685393446
nodata_value 1.7014100000000001E+038
[rows 38 to 56 of 90, columns 43 to 85 of 100]
23.302166870653913 23.049841802955836 22.71445156199242 22.39544633268513 22.125402070492076 21.89229652091635 21.685257547242628 21.48986842131338 21.28677902588649 21.054290798474494 20.781178521445874 20.476986271116207 20.163128525754065 19.918428223136612 20.000208196420484 20.539608117423423 21.26925845992657 21.9966218457343 22.652674342830494 23.20690714802465 23.640304421401037 23.934776795467215 24.08494379466177 24.102731793656446 24.010884610736788 23.83618223735107 23.60387194015834 23.339257940288814 23.07178563840398 22.82301175976492 22.58635891019232 22.3606142813492 22.226781153430945 22.24853737611791 22.490919326295337 22.952455314882776 23.57386550156999 24.266636231476053 24.991577604675626 25.663546027911536 26.07913376977503 26.23527799886488 26.21065369208476
23.599772530184364 23.36766268955044 23.09141223727042 22.87227783018249 22.698730616537375 22.558107600736445 22.43705471001846 22.310898783223312 22.1600624420859 21.971047671495693 21.73457007365188 21.4327379466828 21.03808450244987 20.568157834165177 20.429971635189595 21.33922884589798 22.276698230057814 23.106165409470545 23.805988054657846 24.364567004529377 24.773152638616832 25.011186142872248 25.07038834048393 24.96625822246232 24.735801292822156 24.41857019036369 24.04719976983089 23.64869415392561 23.24787367239967 22.879541036487606 22.557157431254836 22.26555491707797 22.08814905613149 22.076232146839388 22.28560154781508 22.71351792368698 23.337080510271925 24.046744840205996 24.791172411266444 25.5098228540793 26.026731307164 26.24598931405909 26.243421204594426
23.907946473176928 23.706375294861573 23.513816389437007 23.392636861680806 23.318932448899346 23.273000897314226 23.23148157518553 23.18565006061914 23.126719949478716 23.037996541198723 22.89742253037412 22.669227585642822 22.333034642259427 21.931572221241215 21.875067370804192 22.688508651199047 23.611891581751426 24.460648333821215 25.178263972945082 25.73462868045622 26.110229241718834 26.282874193378003 26.22774691609421 25.965632286019115 25.567572073578255 25.087210127262416 24.560196004772653 24.013689694732992 23.472438551940748 22.963187132445608 22.517960798475887 22.150770231163808 21.930351899000094 21.89287864975413 22.075577238905677 22.471219192454367 23.0697317714608 23.78311548544921 24.526621014763826 25.269493664539606 25.899384533852636 26.21541027928419 26.25646937527119
24.212553045598494 24.0642694356739 23.959988851945383 23.924432071454017 23.945247654792222 23.988982979391345 24.0452738980042 24.10930744865347 24.173259034103943 24.22319609400632 24.233127790530265 24.15689408929759 23.996923691486582 23.851802218800536 23.97138111585885 24.518682970341438 25.2933077952708 26.08594240000408 26.778127149867714 27.292043655294197 27.599767228141047 27.69313480147066 27.490204914668116 27.038762234808033 26.461632029469907 25.811727321278934 25.123759262608225 24.424405274108313 23.735610223666807 23.084439867495394 22.51750764011501 22.070154821357235 21.78960133758534 21.711533588810465 21.868363501160914 22.233306219714002 22.792868545145435 23.497992887454565 24.217188311477525 24.987515904278727 25.703578494885136 26.150735261786 26.269586346955304
24.519281124702506 24.443513608916415 24.430199513084474 24.481469727004423 24.575955730005443 24.706333739914843 24.863247949346068 25.04140468481964 25.240863762561766 25.45582538778272 25.653310670555662 25.773409780737772 25.786533513013705 25.796407503480566 26.009268758871652 26.502371189583712 27.188332758304863 27.915446897426865 28.54818086953344 28.983170363560358 29.16429322914401 29.082359984876494 28.707160579941498 28.09282174619344 27.352807661685556 26.548904758338654 25.714972171834834 24.872287750430395 24.039246488932445 23.245054675420977 22.538687839483458 22.02392870543289 21.723566005643864 21.60704318579167 21.7011937000826 22.010540622841877 22.52966074859361 23.218290130959065 23.96169017608384 24.73318937519237 25.46656508511257 26.028142053094612 26.26482377494943
24.85665618110038 24.860486895460276 24.93127254860582 25.049492940184454 25.207492188984048 25.4048664278741 25.643313496667393 25.925304873373694 26.247392350388587 26.618400284093507 27.027153751753584 27.39584116273106 27.52695018380573 27.62524223553865 27.9131604732516 28.433015379964594 29.120159096661457 29.840745075398083 30.43071374919154 30.754752198856444 30.75107879533982 30.437861996745795 29.861840143513053 29.090389868612128 28.205020761350784 27.26497761751434 26.3056182519801 25.349426913039448 24.415167698054375 23.50943367916828 22.63653220986306 22.05924017523144 21.79090947872928 21.619432422474162 21.634905918387975 21.852263645008758 22.289589706145655 22.94581122749042 23.685337895165958 24.44981625137302 25.18743693529056 25.80652917179457 26.191364586580157
25.21673798686218 25.298700783307133 25.435720051426316 25.608622509153832 25.81847781267113 26.06830485677454 26.36204741259558 26.701990580738443 27.1030042321225 27.582237662272117 28.145772593341654 28.838785865634808 28.99464937325184 29.15888221907786 29.54585668669496 30.154252979036954 30.92793196212374 31.737183190536005 32.359926525335446 32.56049275130921 32.31055893018939 31.732837004951563 30.941549207781826 30.009316894502287 28.993190329828767 27.939400332623425 26.88716195406328 25.861109031410408 24.875264648936344 23.941805450029918 23.100898168673588 22.480029831452256 22.055042860787978 21.764938019323843 21.673464672879607 21.786621763420687 22.119207520123094 22.687324634440888 23.39770089386953 24.138368958990576 24.86553033280626 25.510002058090166 25.992877271015875
25.590362054953196 25.739673438487166 25.92712493831372 26.144226507610647 26.391684926602526 26.674064643978635 26.98979302476967 27.35073650121565 27.77355252711243 28.26523141351918 28.82290229662967 29.41551467351965 29.84939698056487 30.246005231045338 30.785754616956673 31.520844262779697 32.43517986431989 33.439968668241285 34.25924902852257 34.333729022262716 33.72241938877714 32.85830632903702 31.872182598575762 30.8073105169052 29.69503016450111 28.56684423689976 27.45574027029364 26.390607849888347 25.390589846319706 24.472143577703203 23.668583595388814 22.997171534533813 22.44169645830626 22.023900261066448 21.80741457234714 21.807121464482584 22.03060696093264 22.490941441660695 23.118079631682917 23.81942350874074 24.518874998785193 25.16160551150523 25.68970864227466
25.965629048066035 26.166314566832217 26.395234958449194 26.645673336829446 26.915065758615725 27.202012153652554 27.514351587443148 27.864258998363432 28.25945201442506 28.70274967851912 29.22190845781083 29.779629219136933 30.327744363893512 30.901083861853756 31.575787611934548 32.41334434142401 33.43321792478922 34.62270308739973 35.914478271830575 35.78526632378113 34.720817936634816 33.66054376165258 32.57904572322657 31.4586168555613 30.303242749066428 29.133209423423573 27.985502969122035 26.90406413340484 25.913039854778848 25.01561187344577 24.218654103973055 23.502208496348903 22.870846519816922 22.361087659184594 22.02266623243722 21.9060163763439 22.01888288769821 22.369965545736513 22.891333454123924 23.510464613914163 24.16750857019988 24.785993164068213 25.323056620629757
26.32788558885225 26.570138088039126 26.83272284360367 27.10638269476884 27.377376247632927 27.650953576928906 27.93581271461599 28.24059176438683 28.574489364831923 28.97428458761635 29.45186386575805 29.986360266918645 30.567620415235524 31.212310745576648 31.944222441911286 32.80249148785613 33.79886237236881 34.8943798205971 35.864744928401606 35.84887609333771 35.02185095498878 34.048037028213855 33.025721644498454 31.94376283835036 30.80534428532513 29.62637086704068 28.451859828582975 27.36868787448084 26.412150545147657 25.542695328444044 24.743101673895023 23.985709408959675 23.31594534858363 22.750833232376294 22.309414896520348 22.07772992121981 22.080933165531842 22.324234061152627 22.734665450656983 23.242379682348773 23.829398976746432 24.406847231256695 24.92571597072663
26.665041412704802 26.94375790318041 27.234258628989572 27.517878688372715 27.777532145090067 28.01766636190766 28.2516561634848 28.490017523772533 28.75948227570556 29.112159552340227 29.53865261894092 30.03238081962718 30.593503298232605 31.232502524236022 31.94631271070835 32.745894283667596 33.616818610524476 34.47540961372489 35.10248393282973 35.198038280905585 34.772237175625406 34.06883203466279 33.22809641845391 32.27301321388843 31.214963040548817 30.065876766553412 28.852093684618545 27.769802533470234 26.900087622260916 26.06152399658678 25.24908937502726 24.46339278076096 23.76697657813488 23.165138275671655 22.66139005574358 22.319883363882536 22.215857934765847 22.35381511029066 22.64956808992559 23.042266518556797 23.521989450226645 24.044993697627568 24.526824479941055
26.966146551839564 27.276069939636642 27.586010302928855 27.86697540128126 28.106203331411606 28.30205797555876 28.470812436614484 28.628179409027098 28.840210576229815 29.132261455421098 29.49460333646164 29.926075843185835 30.428252581229238 31.00720136909278 31.650337420459508 32.34620482610083 33.071481995316724 33.75246002115581 34.25473540529935 34.44186001609884 34.28683139603082 33.865106043701395 33.257108733087364 32.4877311565678 31.567883554426814 30.514662769310817 29.35799955569142 28.305460590136555 27.446123684407116 26.595859738829137 25.747298572277018 24.9448283493394 24.223540101976702 23.59118126708141 23.053370437277138 22.63234341194703 22.42445371433218 22.458819328836864 22.637257324143263 22.912528789213248 23.27696150609189 23.718174909468093 24.150642428837408
27.20569348705681 27.54327301728834 27.865749900147858 28.145403486082753 28.362527319451186 28.509263140245782 28.60120785579006 28.678439335848637 28.82482738354148 29.04572935360384 29.33282197348797 29.685650535780507 30.10376192117455 30.58806256732775 31.130295106434314 31.706357885451688 32.30295953388252 32.879246340466295 33.3585478345828 33.654777665657555 33.71994861274337 33.55683322692111 33.19216897660513 32.63693533259026 31.893593708938724 30.991034306272475 29.987828730206594 28.99031568965099 28.052190847238595 27.14291687321324 26.255048813455907 25.430434230279968 24.682787503958707 24.022603350217135 23.45867495012363 23.00273749294201 22.708377207769704 22.638928155372554 22.6982604549304 22.85520737934052 23.104846325289355 23.441885096213856 23.81673925656705
27.360839909691126 27.725194398899205 28.05898094497833 28.342758888982654 28.540742952407104 28.63511627880554 28.642745128190988 28.64368831583756 28.715843259640966 28.86047792545999 29.06755454847495 29.3344739304445 29.65715509493175 30.03170960967518 30.45436120508338 30.905068286200216 31.387721570141284 31.906374699038935 32.42354246739229 32.85846396094787 33.136226733178205 33.218434017542776 33.09567435346643 32.76137810648031 32.204453375998575 31.454105050689073 30.564840436970087 29.60741457594858 28.634771869833877 27.67529606713437 26.761716230525366 25.910764782047597 25.136719811760504 24.451639580574234 23.86596379070303 23.38925670987056 23.0591619132855 22.89298589304718 22.831904318822676 22.871714123878355 23.008600885903213 23.23838396281 23.54066167298075
27.411655653910817 27.798808388903755 28.139193726233348 28.43247123504281 28.618437260289873 28.65612950174587 28.579729128014463 28.508684383012827 28.507311143345376 28.579163187206667 28.710713270444156 28.895492822800882 29.125293714907773 29.391097571834596 29.686066878877877 30.00495006564094 30.366733661374408 30.849518486651384 31.460254308815706 32.074255432596615 32.57323412254618 32.895231144938705 33.009675580273324 32.89244867659066 32.51209644212278 31.89013520498363 31.077902680254425 30.142826911576215 29.153421818965448 28.180124966644104 27.24448133239607 26.369651728735345 25.572959467523038 24.868117034573437 24.26656632913395 23.778153443098983 23.427940490462223 23.20495424268461 23.037542483418907 22.96283130381522 22.990375512199936 23.116562370579075 23.33470474879898
27.37019606620227 27.743708977684033 28.067404967991955 28.359535673883457 28.540417502425786 28.513780380209685 28.367571652906502 28.24357239227746 28.18423722868346 28.197520060853037 28.267985399621104 28.385224872443455 28.53802270459212 28.712924226702896 28.89568021780956 29.07755958416958 29.27595567144155 29.70752717596851 30.505181682485443 31.341224586469878 32.061608719910716 32.614057861066776 32.960041829881376 33.05329834554192 32.83298939894441 32.30476483497434 31.529184455506893 30.595444923216004 29.616676577605467 28.632604546521566 27.680614025494727 26.788829251743845 25.97715844359944 25.260643144947554 24.65129248292816 24.158893908015795 23.79537598806209 23.513509407129124 23.28966502648067 23.128683205250624 23.05171661826419 23.07929933324203 23.20861785518838
27.250817181631152 27.574645535143333 27.81952337382866 28.044262271729625 28.192831441370718 28.114418259545417 27.95261980337284 27.81698755485238 27.73240855193086 27.708799058610662 27.73881844350068 27.810116532136576 27.911264467049307 28.02815340393108 28.14375610548257 28.23778841443555 28.282963130785955 28.55658935877611 29.69603837598048 30.716793100873964 31.617514008382702 32.37730207485906 32.95137251868132 33.25842772939887 33.1818191735401 32.70055893776915 31.9167299734908 30.991062279085487 30.004849691599873 29.010052061825625 28.049153192346598 27.150778499568982 26.33532873207448 25.618203206382674 25.011459702897188 24.52448974289959 24.13668114711784 23.80040294604957 23.52692349545208 23.32037592760024 23.1855971023465 23.128839085037864 23.171950375963057
27.067632228501225 27.329076039819526 27.47862334871532 27.547134792942153 27.56390178276678 27.495928405177033 27.35844503576086 27.238285957400365 27.15548703445444 27.117402774837718 27.124981325434444 27.171141335345478 27.24703195073862 27.34309294685148 27.451164026330378 27.57229106173898 27.75487900058002 28.243862399482307 29.17240770824621 30.20567552821497 31.211050136169604 32.14302434701937 32.94728955744094 33.50233105342249 33.5671769621586 33.07337224510933 32.25071999820233 31.293848529062164 30.287744860280686 29.288239681672707 28.33076189323264 27.440272914734365 26.635639657901187 25.931663451137148 25.339954536803948 24.865676170168303 24.43702893868685 24.05369802234609 23.737186147499877 23.49120702652427 23.32010094104522 23.228761716857058 23.222345338125947
26.844434126061063 27.045349259649992 27.12813852003673 27.08014993973389 26.977847818987144 26.840139990074974 26.688460843602414 26.569750199948423 26.48791318943418 26.446259546955957 26.44406462253161 26.477494528960026 26.54630863753437 26.64791230091642 26.786456498538975 26.98472471519913 27.307919746464815 27.86694963315081 28.696208190802725 29.693151122420524 30.75228808869021 31.81068621864026 32.82701059335049 33.71711920278746 34.02484289531661 33.37207048525651 32.43838580799178 31.4367418388124 30.426979850990783 29.443014431857495 28.509350392023226 27.646061555235825 26.86998022818742 26.194929290960665 25.631387223857026 25.14997705473574 24.68386404968983 24.263261232223368 23.911878541838437 23.633831638083436 23.43310604674996 23.314168106577473 23.281657927305318
