_RESULTS/CROSS_VALIDATION_POSTPROCESSED_80-20/Berg/TZ/7comp/2/Berg_TZ_z_500_kriged_reverse_7comp_spherical_2.asc
ncols 100
nrows 90
xllcorner 5.6208707817415728
yllcorner 50.959635321741573
cellsize 0.00013419651685393446
nodata_value 1.7014100000000001E+038
[rows 57 to 75 of 90, columns 0 to 41 of 100]
0.7367321453035532 0.7195655421899535 0.6800857756918837 0.6232173720842379 0.5555153873437803 0.4836032945646167 0.41302663572213044 0.3477254143674472 0.2900219277128732 0.24090666104196998 0.2004290404384356 0.1680711167021078 0.1430455245104783 0.12466857754898591 0.11261052323975794 0.10599707814841046 0.10420141195751713 0.106921883105121 0.11261273863525899 0.12019698796770638 0.12957479326855312 0.14070068312160022 0.1534518902179863 0.16681362559764515 0.18014870849470746 0.19291609188315234 0.20455092404302655 0.21450878214072108 0.2223137881371622 0.22782360322777978 0.2321728400119143 0.23544388011332162 0.23752450588276985 0.23870921243226104 0.24077113037478817 0.2440814637170222 0.24881827116780597 0.2551833586778673 0.26340375630634355 0.27373150097293986 0.28643789141409964 0.3017944342198062
0.574457565054456 0.5571897525267994 0.525142734557824 0.4816063418109596 0.4308431730946502 0.3772015353142951 0.324420071181403 0.27525961432641693 0.23144146965818016 0.19379043111285424 0.16247289223834296 0.13724975148998284 0.11769769125281869 0.10337053029339104 0.09402415976337734 0.08959470744751925 0.08964490500133127 0.093529058939848 0.099568902677086 0.10742004703266651 0.11698560232940672 0.12815676001576715 0.14021354778624442 0.15271251268510877 0.165249036210427 0.177370946752255 0.1886014169819932 0.19847151476274028 0.2065568971193267 0.21258854650405457 0.21751383425796222 0.22157623136388757 0.224640324372585 0.22671421203935088 0.22940490406973355 0.23334043493141374 0.238673925282072 0.24558262271160608 0.25426685658788833 0.26494633096654274 0.2778501004274825 0.2924097722806199
0.45766629123324576 0.44103741675061764 0.414488755385732 0.38029076418685775 0.3412909535882866 0.3003940347011187 0.2601384784170118 0.2224519078345589 0.18858797479926226 0.15919762871038923 0.1344752080302329 0.11433266834778315 0.09857751561027867 0.08708156512504303 0.07987968900604953 0.07711871073121478 0.07878966047098312 0.08337515938049364 0.08990402414748865 0.09812804489542015 0.10783762055650616 0.1185141933298918 0.12988919700189616 0.14167516003889036 0.1535356580966729 0.1650914649166398 0.17593749805565856 0.18566761622346256 0.19390334071578444 0.20032410736587516 0.2055349241584943 0.2100568781762792 0.2137433669191121 0.21648365779555928 0.2195874926007565 0.22393917763572865 0.22966978797395607 0.23693394364800907 0.24590733229912223 0.2567813804976323 0.2690776667877347 0.28183576761791895
0.3739109937675591 0.35822127507424295 0.3357948859998149 0.30823862785200573 0.2775015650203102 0.24556094955533797 0.2141608583955455 0.18465211293219042 0.15794051186455257 0.1345211773015401 0.11456668717695886 0.09804340218705046 0.08485200533169812 0.07503196519914618 0.06909135044363647 0.06793400072717991 0.07093693633272068 0.07635852442226228 0.0835107522836243 0.09193175121592845 0.10132360229013485 0.11151573796430078 0.122316363341319 0.13349241166333775 0.14476472515202418 0.1558135270201818 0.16630667670636462 0.1758922000885694 0.1841876775534551 0.19088650102961272 0.19618638757087364 0.200912553926787 0.2049393926235937 0.20812099164607784 0.21148011070083028 0.21609753673932094 0.2220862632470957 0.2295824067219 0.23872789999558694 0.24894355598784473 0.259696538709088 0.27069944271242086
0.3142978860574264 0.29959479652121024 0.2802613652184489 0.2574755604893386 0.2326014216131462 0.2070113053466347 0.18192162930081232 0.15828803217408913 0.13676603567158585 0.11772608067876272 0.10130410313247311 0.08747044116281896 0.07611145681344089 0.06716401056709563 0.06118529372302174 0.06122158543476376 0.06614526341936797 0.07261609695560614 0.08000559518447076 0.08827767897471012 0.09733970566391498 0.10708411138158698 0.11749597586522591 0.12855835347603647 0.1399419239156669 0.15124765121059508 0.16203452683611083 0.17185571336655472 0.18030164428446474 0.18704280141466578 0.19195776165565723 0.1959490659972732 0.19928038299962977 0.2020087781246646 0.20523091972182617 0.21001366952741454 0.21617415303159332 0.22367633322683406 0.2319725814324724 0.24086038986868222 0.2501289143973279 0.25950145363963356
0.2707663166562426 0.25814232812187304 0.24165730732234217 0.22241886846906164 0.20173257047304316 0.18068189859791112 0.16013052801812194 0.14076527351309112 0.12306770686594264 0.10732058972300644 0.0936379508721319 0.08200699202765002 0.07233284701539487 0.06448447726656996 0.058272513732824834 0.058742505951632475 0.06492094921406336 0.07177809674607949 0.07922923903646209 0.08724944508274592 0.09622174231428435 0.10632832045426807 0.1173914816238749 0.12914560430741806 0.14123450726974582 0.15322309203737117 0.1646247833688292 0.1749429696731571 0.18372086684941494 0.19059129519132761 0.1953170017606832 0.19838011104892617 0.20053303036012826 0.20185380869102154 0.2034206279675042 0.2066635307517311 0.21159801964142846 0.21807383875147943 0.22521835700108564 0.23283584126554288 0.24072128909206317 0.24861952205206891
0.23843042987400226 0.2276720785026486 0.2139483767956391 0.19809211010139885 0.18099854656779282 0.16352587351191522 0.14641770401432033 0.13025734671669995 0.11545453717501179 0.10225890735618137 0.09079231369577796 0.08109532684143674 0.07319688920270873 0.06713503879883795 0.06312872697188168 0.0633377856043091 0.0675825775176611 0.07365890747004347 0.08092259412364433 0.08957448643573349 0.09951543250397929 0.11061746728774612 0.12269912924150468 0.13554841678398005 0.1487730816951157 0.16186869320333921 0.17426816208956356 0.18539150648433464 0.19470665639624746 0.2017903161220368 0.20637674226000152 0.2084992946176457 0.20918965825267705 0.20863081492649765 0.20788040109291453 0.20825515227697058 0.2099902002152201 0.213362225970894 0.218659484915689 0.22479597206064658 0.23092003682546294 0.2369203967351836
0.21494852626207575 0.20571505351815916 0.1941697992431054 0.1809535332150829 0.16675298542001693 0.15223223863123048 0.1379785475667956 0.12446938857215116 0.11206231192964222 0.10100553177756341 0.09146666882322446 0.08358135118391562 0.07728641907279132 0.07238561883573275 0.06958905064868783 0.06971981423125231 0.07273688930806564 0.07829768535261308 0.08602829640177531 0.09559416675665953 0.106803366631632 0.11947016549642767 0.13334122957513644 0.1480557643983199 0.16313024944332502 0.17796755692428914 0.1918913508241461 0.20420318459460404 0.21425420268911052 0.22151844684027377 0.2256529381477982 0.2265322375023894 0.224690181390912 0.2211325456246543 0.21733678451311644 0.21451242255645558 0.2128020477596237 0.21208082558876745 0.21273008925204476 0.21520777822095122 0.21930590203157307 0.2234641337498087
0.19866617433229145 0.19068966575487786 0.18088910511299033 0.1697684665906854 0.15786730627234924 0.14571293032351904 0.1337824306356156 0.12247953494603056 0.1121281960289487 0.10298283530665853 0.09523651799867942 0.08857827089502261 0.08302566792391726 0.07893528099115836 0.07675900901628349 0.07689667744554102 0.08003133823618791 0.08605397987510799 0.09459458621052415 0.10539527887236916 0.11825846532028592 0.13296149414620237 0.14918472984732878 0.16646250585503394 0.18416163912518463 0.20149345776797187 0.21756313303724312 0.23145318345931076 0.24232837240194438 0.2495409187658575 0.252712309705634 0.25177319105876705 0.24696781472627075 0.2395944303851033 0.23210072606245283 0.2249726771098482 0.21839500843782922 0.21285566085115773 0.2087899274349411 0.20660000617738838 0.20668493991240758 0.20895318089849804
0.18848085280475524 0.18155452259307636 0.17317855754918546 0.16375915141093936 0.1537318069941045 0.14352779360851553 0.13354769871318334 0.12414578449833408 0.11562601345496396 0.10790121477487553 0.1008936339886122 0.09480210561245324 0.08986088683159434 0.08634505004422194 0.08457488531456978 0.08559604149694666 0.0897075612528842 0.09677873371187905 0.10666990096790493 0.11925266815377893 0.13437971769390053 0.1518208811726799 0.17119234496393426 0.1918988492026153 0.2131058597295943 0.23375736613722298 0.2526491172538378 0.26855424035679776 0.280380877153394 0.28732680849062237 0.2889921457425197 0.2854218015342753 0.27707072688972245 0.26484644998516094 0.2515248820491319 0.2384469653155798 0.2262727924287061 0.2155304587627626 0.20663421179694103 0.19991727945752194 0.19567308462291452 0.19420153092587247
0.18375405418708973 0.17772452006285655 0.17054391562379823 0.1625490044069381 0.15410247850065437 0.14556953049234242 0.1372188882388562 0.12905990227500755 0.12126829540393103 0.11402988486034947 0.10752953784758641 0.1019591959512236 0.09752269285792604 0.09443518637919866 0.0937948291175167 0.09626272944728752 0.1018458917824058 0.11058032154848974 0.12250197943110487 0.13762051036409223 0.15587077812021943 0.177039289509661 0.2006784644357272 0.22603013339543665 0.25198543725187844 0.2771098104111548 0.29975318154753755 0.3182433931923736 0.33112951933274426 0.337414945138533 0.33671417975939305 0.32928952793584626 0.31560794184867835 0.29637579239563283 0.27545262111881186 0.25517570625419744 0.23652086788006793 0.22003536272968177 0.20607623257179078 0.1948684157414595 0.18656554598263972 0.18130854974524732
0.1841422956738924 0.17887762705064134 0.17263350810886377 0.16564890368259785 0.15816250516959895 0.15040661293058816 0.14260307690297677 0.1349614564902477 0.1276794064272891 0.1209450279291873 0.1149404013908077 0.10984454719344613 0.10583263134737257 0.10372106363062922 0.1047809502738963 0.10904238969598383 0.11662081781573029 0.12769641173587237 0.14246618642592557 0.16108905023537123 0.1836092842751777 0.20985315641791807 0.23930748461786677 0.27100503086167077 0.30345736567431236 0.3346844603515876 0.3623802898402339 0.3842165889824629 0.3982289864492677 0.40317839172739456 0.39877109700987384 0.3852425303128606 0.3623000072207037 0.3340009288012707 0.30441582963380603 0.2755118718683234 0.2492388960002517 0.2263079464660857 0.2069453211098285 0.19119676455287465 0.17901726712373445 0.1703462119506719
0.18614960550585202 0.18158099111719872 0.17601970772562966 0.16969861675111741 0.16285249250962905 0.15571176579030319 0.1484980830662605 0.14142175008759386 0.13468093146507182 0.1284621911945469 0.12294153240783165 0.11828452613712055 0.11488810466770216 0.1145556570412465 0.11757298269123834 0.12403923451453647 0.13419660016924345 0.14838185477812466 0.16697086142999287 0.19030326851369023 0.21857402513179017 0.2516843881904208 0.28905984093399917 0.32946647403162777 0.3708876017835209 0.4105458810814243 0.4451489281168365 0.4713749828596005 0.4865046056041879 0.48899996549433633 0.4785381011697463 0.4539746605110988 0.4183604360355305 0.37839624431074315 0.33798628784745516 0.2995053220436865 0.26452125484135797 0.23427907533780531 0.20907685519827665 0.18867138458478383 0.1727332601778298 0.1609400721295581
0.18806348418745775 0.1842710029418131 0.17947188740459927 0.1738908534999484 0.16775665664930786 0.16129564850525036 0.1547269050235178 0.14825894438614778 0.14208785827103124 0.13639643743389732 0.13135358575829265 0.12711305607447937 0.12518177264664146 0.1268484401713134 0.13213373047783167 0.14126667337769838 0.15464703247876674 0.17280425810654593 0.19633959445620533 0.22583453813912338 0.26170693510900106 0.30400033385539366 0.35210897803428837 0.40447628736458424 0.4583592677208873 0.5098073338411842 0.5540146762038711 0.586108675732034 0.6022193754277834 0.6004232108735056 0.5783022025006276 0.5375458692923014 0.48544460279125706 0.4302306533106913 0.37617030289908077 0.3261475476427465 0.28180743479216785 0.24382366105364225 0.21230366399173586 0.18708095566724398 0.1674606782324629 0.1527821886221339
0.1897370193802681 0.1867906934705444 0.18282414774922637 0.17805186344963822 0.17269443718127123 0.1669719549122718 0.16109871316398336 0.1552792931911867 0.14970582213577388 0.1445560698314366 0.13999185335168263 0.13652240354938955 0.13654758538780953 0.14042401108080121 0.14830874012366407 0.16059183429697887 0.17787247217432217 0.20092834613152666 0.2306607085896895 0.2679913509624847 0.3136818851301947 0.36804559745272486 0.43052701214243044 0.49909021261040304 0.5700455450915747 0.6378288761391113 0.6953978848838509 0.7354810736991627 0.752411379810196 0.7419926659146784 0.7016285468528194 0.6384356187681202 0.564947386369078 0.48991214207105654 0.41880663339094226 0.3549444080791436 0.29984213200113646 0.2537527437487394 0.21617048849589235 0.1862217492986155 0.1629850757597026 0.14562212528267643
0.19101555386189564 0.18897369648779702 0.1858997665312736 0.18199595245846 0.17747259219548706 0.17254140652715222 0.16740988158597114 0.16227681858987153 0.15732892479321262 0.1527381819222175 0.14865962037329708 0.14661440374672874 0.1487058615054911 0.15499153991431555 0.1657871061117305 0.18167793581670316 0.20351217004202332 0.23238638191154729 0.269602214413645 0.3165575955530281 0.3742756005302782 0.4433693232060971 0.5235608766549541 0.6127815623856032 0.7063503315760487 0.7964637537537024 0.8726357730288539 0.9236720388444619 0.940654248054089 0.9143836483397684 0.848139071014649 0.7568354141594124 0.6563633066486028 0.5569226407416936 0.4652617394459545 0.3851493284649311 0.31794523946982023 0.2631197660659881 0.21936963296871745 0.18512544406849657 0.1588522574096862 0.13920594335742278
0.1917411869220365 0.19064859658666425 0.18851530907513467 0.18552925393716138 0.1818885002394275 0.17779441523410972 0.17344579675561553 0.1690340232073253 0.1647391447778043 0.16072673478406158 0.15724348825206927 0.15704762305674264 0.1612813071528438 0.17012425134860612 0.18407097247886653 0.20393493342724536 0.23086359858742977 0.2663479567851158 0.3118777010887659 0.3691592667891376 0.44012402086436586 0.5262907797653132 0.6280400161612975 0.7434878742798957 0.8670259387759427 0.9880042180070048 1.0907326176602972 1.1573999526310992 1.170970667958808 1.1202194530696163 1.0184312031929483 0.8904726991156506 0.7554353243215639 0.6268566165819006 0.5124249300656885 0.41519495717698585 0.3352366440945954 0.2713279117406949 0.22143512117154202 0.1830960410967877 0.15410927533678218 0.13265155974490112
0.19184803361166333 0.1916440322751257 0.19048555453742677 0.1884543762455001 0.18573441168290508 0.1825148058614449 0.1789839116127117 0.17532415586855454 0.17170776770487775 0.16829325656127347 0.1657647723659942 0.16741519230641821 0.17380058406882004 0.18525471298431812 0.2024641642204961 0.2264941907726018 0.25872030731647117 0.300513652286678 0.35405712048010707 0.42198022520624257 0.5071357763222994 0.6121915288405524 0.7387911342363611 0.8860416082210368 1.0481450775639327 1.2114809751327993 1.3528881799578387 1.4429792467621732 1.4482916665494816 1.3617565976858832 1.2130591051049284 1.0359796964053178 0.8578085872190144 0.6953125529581494 0.556015220495619 0.44138793210434973 0.3496537102377728 0.2776620364970812 0.22204708530900474 0.1799950814693895 0.14865814832040924 0.12571041582628156
0.19184803361166333 0.19184803361166333 0.19162927656266876 0.19057601707375163 0.18880279746597795 0.18648480056281178 0.18379827953575026 0.18091524461482178 0.17799893716919124 0.1752000357177802 0.17385409074901195 0.17725541718408802 0.1857065735869355 0.19969212821096546 0.22009094206519725 0.24795935610761544 0.2844981150467563 0.33187850369775257 0.39286650195540934 0.47084642208119226 0.569753292445534 0.69376782719356 0.8465278158435976 1.029425624756495 1.2383404634670616 1.4582309555336623 1.6567970259776057 1.7827456071613095 1.7766214586423146 1.641686181642358 1.4260781732347965 1.184874962767203 0.9556811514274723 0.7564511251662847 0.59219176078521 0.4612079411879619 0.3590270433730316 0.28049964939412714 0.2207935243502723 0.1758049423899801 0.14256450829347528 0.11846520309454125
