_RESULTS/CROSS_VALIDATION_POSTPROCESSED_80-20/Berg/GZ/7comp/3/Berg_GZ_z_0_kriged_reverse_7comp_spherical_3.asc
ncols 100
nrows 90
xllcorner 5.6208707817415728
yllcorner 50.959635321741573
cellsize 0.00013419651685393446
nodata_value 1.7014100000000001E+038
[rows 0 to 17 of 90, columns 40 to 79 of 100]
0.0023468328064767926 0.0015781666211002274 0.0009474561772926507 0.0004979881432339894 0.0002255513421388216 8.752759064943078e-05 2.9346494414593386e-05 8.680875601851856e-06 2.3290186977761177e-06 1.240969154683773e-06 2.079086869354573e-06 3.3571832513461376e-06 5.2630985879622156e-06 8.126508299444747e-06 1.2483046132646579e-05 1.9153574883887975e-05 2.9440681337834397e-05 4.542592107981733e-05 7.045898558264006e-05 0.00010996711721955971 0.0001728011225331733 0.0002734836237009324 0.00043597708535186944 0.0006706645772485167 0.0009515000017887324 0.0012380558861851809 0.001469145800179494 0.0015810521150083218 0.0015849738561632242 0.0015849738561632242 0.0015849738561632242 0.0015849738561632242 0.0015849738561632242 0.0015849738561632242 0.0015849738561632242 0.0015849738561632242 0.0015849738561632242 0.0015849738561632242 0.0015849738561632242 0.0015849738561632242
0.0036960229563416385 0.0026727126649703048 0.0017280986959847377 0.0009706523215250285 0.0004614862749570021 0.00018407423627120128 6.292016435463036e-05 1.9599712094931276e-05 6.5286469336803025e-06 3.734943239523964e-06 4.2027862789616935e-06 5.800643521342108e-06 8.34070317546956e-06 1.204760892302301e-05 1.736075192578943e-05 2.5219698192916226e-05 3.6961840603104106e-05 5.466477943526388e-05 8.160221314207248e-05 0.00012296796435357036 0.00018705874450597562 0.0002872144108668891 0.00044501289073617725 0.0006797760060430764 0.0009609751673899831 0.0012462412982873574 0.0014742834789393732 0.00158196391685189 0.0015849738561632242 0.0015849738561632242 0.0015849738561632242 0.0015849738561632242 0.0015849738561632242 0.0015849738561632242 0.0015849738561632242 0.0015849738561632242 0.0015849738561632242 0.0015849738561632242 0.0015849738561632242 0.0015849738561632242
0.005830526086465699 0.004657720966153605 0.003367453338996819 0.002115512049335547 0.0011052107211768929 0.00047226376622207044 0.00017242410337591112 6.0068773089532876e-05 2.390018733854588e-05 1.3510390190002497e-05 1.1461920929838591e-05 1.255892059119715e-05 1.5534729034078366e-05 2.029687996005728e-05 2.7149320376980957e-05 3.665391536421016e-05 5.0400700960493004e-05 7.058112838656536e-05 0.00010044618571429166 0.0001450522755773769 0.00021231036951635854 0.00031467716704536384 0.00047188919307901336 0.0007073132525520915 0.0009893113614318802 0.0012703840225207392 0.0014890382943356394 0.0015839747361272366 0.0015849738561632242 0.0015849738561632242 0.0015849738561632242 0.0015849738561632242 0.0015849738561632242 0.0015849738561632242 0.0015849738561632242 0.0015849738561632242 0.0015849738561632242 0.0015849738561632242 0.0015849738561632242 0.0015849738561632242
0.008894379250922246 0.008015765853534172 0.00672020777076812 0.0049685502777089725 0.002983195388030487 0.0013801802636877528 0.000527146223486379 0.0001946253657366537 8.183660754415287e-05 4.440451591502055e-05 3.218262926564669e-05 2.944756767396232e-05 3.139034516320951e-05 3.6665023133117264e-05 4.513104347001507e-05 5.7123730294954686e-05 7.331307718363678e-05 9.642017089383093e-05 0.00012994153758564845 0.00017882781223621186 0.0002506895805539941 0.00035725850826452487 0.0005162793167086948 0.0007519673676368047 0.0010327122953706755 0.0013049064708158182 0.001507951263833388 0.0015835694282421505 0.001584957263036939 0.0015849738561632242 0.0015849738561632242 0.0015849738561632242 0.0015849738561632242 0.0015849738561632242 0.0015849738561632242 0.0015849738561632242 0.0015849738561632242 0.0015849738561632242 0.0015849738561632242 0.0015849738561632242
0.012522504515392524 0.012797580638307769 0.012739032035482309 0.011755956242946257 0.00867101208250378 0.004231495211322284 0.0015678621658472577 0.0005742783898865625 0.00024168273913076973 0.0001260867124050366 8.311839835265436e-05 6.733554111357145e-05 6.381653355233906e-05 6.746180382065851e-05 7.663184579509498e-05 9.103212337448376e-05 0.00011088635796704264 0.00013703537827728415 0.00017412356979524195 0.00022629427855302262 0.00030018359770858167 0.0004061508994154384 0.000560217998453956 0.0007853874294510193 0.0010504966452992634 0.0012985854155624088 0.0014743139367312127 0.0015306438046621801 0.0015452941483635404 0.0015611828981988353 0.0015753017642610482 0.0015839631432282056 0.0015849738561632242 0.0015849738561632242 0.0015849738561632242 0.0015849738561632242 0.0015849738561632242 0.0015849738561632242 0.0015849738561632242 0.0015849738561632242
0.014782311616422173 0.016551904643682114 0.019080998407451265 0.022578466663724768 0.02432376951195601 0.011262872271352488 0.003723168614176588 0.0013535174143475908 0.0005784072966178343 0.00029826898982923103 0.00018746373576712072 0.00014130881938064616 0.0001236209521776454 0.00012109634260673802 0.00012864777423752394 0.0001444164429698365 0.0001674560422044633 0.0001960020122501077 0.00023131922897333998 0.00028084417417160724 0.00035054599794229397 0.00044923493793371357 0.0005905091033936015 0.0007942722188875649 0.0010286637690097755 0.0012372912820260873 0.0013731706881602464 0.0014112490181480437 0.001437881844582711 0.001469999357881598 0.001504694356444614 0.001538193713956787 0.0015658955959017252 0.0015825395683470443 0.0015849738561632242 0.0015849738561632242 0.0015849738561632242 0.0015849738561632242 0.0015849738561632242 0.0015849738561632242
0.013296131446520669 0.015463956209682458 0.018869693114755573 0.024148362490878903 0.028980567888612405 0.014683507593905354 0.005363777344537695 0.0021606072682662696 0.0010086558803623147 0.0005537002107022051 0.0003561783223328524 0.0002635094638963952 0.00022059640638439265 0.00020566078247463536 0.0002080108950199904 0.00022078662796235087 0.0002408436141858942 0.000266729324004349 0.00029705137007010867 0.0003372154609672664 0.0003961020270464207 0.00048064749238368575 0.0006017738413369525 0.0007753589247465481 0.0009672623875958068 0.0011265687572818623 0.001216706073760203 0.0012446806604659898 0.0012806454365101457 0.0013258666385120633 0.0013778863051925896 0.0014332856706166545 0.001487582951649894 0.0015352497805696344 0.0015699165750011725 0.0015848245200017494 0.0015849738561632242 0.0015849738561632242 0.0015849738561632242 0.0015849738561632242
0.009053049217683854 0.010332035510113554 0.012132730225363195 0.013992871129006362 0.013585174928529745 0.008997946249664227 0.00459718935525897 0.002298018457699141 0.0012490072381310942 0.0007648942322773171 0.0005309672117882086 0.0004134107894265588 0.0003536428100695522 0.0003234224900055156 0.000311503050272608 0.00031294046047505874 0.0003237094184901233 0.0003410853570174896 0.000362879404082325 0.0003886083451419722 0.00043020069156579974 0.000494677213289094 0.0005901266105178837 0.0007277642688797292 0.0008705696801087916 0.0009776539038407973 0.0010244379826917017 0.0010531145154768114 0.0010950147474641074 0.0011490900499019916 0.0012135932213033567 0.0012858266604070963 0.0013619047630010171 0.0014365996253309528 0.0015033578166222434 0.0015545804128345045 0.0015822358619181774 0.0015849738561632242 0.0015849738561632242 0.0015849738561632242
0.004772305512766783 0.005166185686650189 0.005656736220663149 0.005965147304252186 0.0055593287265524784 0.004269127046927518 0.002811322956667647 0.001765955345461155 0.0011489992662182817 0.0008079360950691396 0.0006236257231137804 0.0005264267562270956 0.0004765876253309153 0.0004463314717701767 0.000423764347442499 0.00040826304994609166 0.00040422887982764294 0.00040781776764881153 0.0004161537072050517 0.00042687219823768117 0.00044648431333022356 0.00048727756556450743 0.000554472779670202 0.0006538764784079314 0.0007471241042264064 0.0008060438359415369 0.0008273268355022444 0.0008572537063522019 0.0009016039098946894 0.0009600050294966557 0.0010315615642352534 0.0011145366131384308 0.0012060034015484542 0.0013015293863096967 0.001394986788598991 0.0014786068474852377 0.001543394760949548 0.0015799808092089322 0.0015849738561632242 0.0015849738561632242
0.0020280598622241463 0.0020868458630362735 0.0021864495935126067 0.002246439534559187 0.0021556208075696618 0.0018721209732222067 0.001492000079199926 0.0011445349255141204 0.0008876006671145317 0.0007192635055387668 0.0006189437750448638 0.0005649348179257778 0.000533469688454603 0.0005164621208121358 0.0005055070265001625 0.0004890064964062435 0.00046803570473577814 0.000454732056573239 0.0004466383295907591 0.0004415544452677491 0.00044014492686463865 0.0004570679288516707 0.0004971462604140968 0.0005596587069200805 0.0006087937048075817 0.0006292958188197388 0.0006441855317656966 0.0006733418395205757 0.000717096646992172 0.0007757321389535387 0.000849222744031848 0.0009368866293024787 0.0010369642559332013 0.001146171556004208 0.0012593154563537063 0.001369100691080156 0.0014662819575963295 0.0015403013774130624 0.0015804765539459036 0.0015849738561632242
0.0007650426349165183 0.0007607876169021945 0.0007798201360671574 0.0008058279983092861 0.0008161967342162541 0.0007941091414145655 0.0007419738172363637 0.0006778342529566038 0.0006202751574651546 0.0005800713463236338 0.000559728733621334 0.0005469563561256251 0.0005386496045370682 0.0005330060410388245 0.0005262944141266242 0.0005158732805029562 0.0004960812134340621 0.00046546636401494134 0.0004407234656398287 0.00042047730264990865 0.00040334845971279657 0.0003998977872697477 0.0004175042104118022 0.0004487823960734372 0.0004657730172531486 0.0004701743931005033 0.0004849047124575137 0.0005118781860723865 0.0005527491184234594 0.0006084248525552803 0.0006796681423558001 0.000766816059758276 0.0008693281602520075 0.0009852524464162877 0.0011106800582630302 0.0012393146981023967 0.0013623326304567625 0.0014687275074929498 0.0015462903511898568 0.0015832468564738957
0.00026905200586612463 0.00025908344673555313 0.0002629032779827473 0.00027851709878578255 0.0003023236481019698 0.00032951341889005543 0.0003562367999785147 0.0003816419963661759 0.00040787013849250003 0.00043851251815447707 0.00046780415654816755 0.0004900805180831729 0.0005039030288682031 0.0005091437833326514 0.0005053148190544717 0.0004918184915243907 0.0004684108231009017 0.0004354329686612653 0.000398490707424141 0.0003674310218097009 0.0003410727547792423 0.0003238094361115883 0.0003250668583100974 0.00033148587735418004 0.00032937600570978273 0.0003338523495206629 0.00034926220333842924 0.0003758992370211622 0.00041418747842333323 0.0004649600703246086 0.0005310122951537435 0.0006137413278363699 0.0007137484343360265 0.0008304373497482721 0.0009613557764059498 0.001101562359072651 0.0012431997771795082 0.0013755061340585642 0.0014854916770529374 0.0015594093740870065
9.042237409728524e-05 8.405262427069483e-05 8.479094997780175e-05 9.326151819290833e-05 0.00011005200018760156 0.0001353280480477436 0.0001688878658909037 0.00021055141164996779 0.0002606895822215773 0.0003173969792940529 0.00036910557573523027 0.0004109210446909885 0.00044014030803281735 0.0004550987319485252 0.0004551661888025648 0.00044080098289338017 0.00041356728883159324 0.00037601776898252954 0.00033200898454220727 0.00029585232520703647 0.0002657991795836209 0.00024278973067626045 0.00023364529573218542 0.00022493751293376984 0.00022067696638707914 0.000225493441623801 0.00023961328430591544 0.00026374511148024053 0.00029894097553918045 0.0003463523834214828 0.0004068346470956096 0.0004826609162054481 0.0005767242319765397 0.0006896828429899415 0.0008205533520046337 0.0009659248571842005 0.0011192776524664098 0.0012706577180089337 0.0014069948223965514 0.0015132948706884535
3.077810640910345e-05 2.7272792316206692e-05 2.7133141845231066e-05 3.1094787553165786e-05 4.029560314074729e-05 5.6249130582906145e-05 8.09790396748566e-05 0.00011701172225544644 0.00016621057431760413 0.00022293207156268835 0.00027959208289505145 0.0003295633871527476 0.00036699988660251527 0.0003879025363325561 0.00039068202888511576 0.0003761949140692455 0.00034732976106686774 0.0003082861746318249 0.000263730107156271 0.0002210812635130315 0.00019169004942626942 0.00016886263445961702 0.0001540498687752884 0.00014396904289247595 0.0001412000540835281 0.00014553206524068937 0.00015734884914487141 0.0001775955842573557 0.00020771163699424245 0.00024947981702727807 0.0003047254478298931 0.00037479760087899474 0.00046110595155444495 0.0005673991627601216 0.0006942180966312153 0.0008396982413958337 0.0009988475014978543 0.0011629102894610468 0.001319311268056024 0.0014524980901332435
1.106336103818187e-05 9.13939059040981e-06 8.794551207933405e-06 1.0653377448758381e-05 1.5642272207598483e-05 2.5165073655446207e-05 4.153301908661839e-05 6.796327331139909e-05 0.00010678671738303773 0.0001556779337154465 0.0002090047039449364 0.0002591911249167166 0.0002985290540045387 0.0003211816162300952 0.0003245977525304511 0.0003097878266957064 0.00028057997505960574 0.00024230902876118044 0.00020045275504478337 0.00015959967420737094 0.00012882136610377313 0.00010913796170985345 9.574424798752889e-05 8.849199211462344e-05 8.667231989286682e-05 9.016370991852155e-05 9.941654491889935e-05 0.00011545870687139915 0.00013989652250971435 0.00017486169077093105 0.00022282904084914903 0.0002862116489253767 0.0003666491479810913 0.00046511085715713273 0.0005853986707410789 0.0007274416899716919 0.0008878057042757508 0.0010591443232167222 0.0012297854783235114 0.001384393142533137
4.4163119030914415e-06 3.309771696579603e-06 2.897335383917722e-06 3.8412781983622665e-06 6.768947384006534e-06 1.272384132787023e-05 2.387775535882018e-05 4.325536987012663e-05 7.292817612795683e-05 0.00011218887722274531 0.00015817907476105397 0.00020438924454868441 0.00024130193361413882 0.0002623201358473027 0.0002645570123211464 0.00024919089605384787 0.0002204815549619449 0.00018438312200432316 0.0001467751076014535 0.00011194425774360892 8.373034112557887e-05 6.726083612682345e-05 5.764459615146607e-05 5.250881926921237e-05 5.12735734681657e-05 5.387862908047378e-05 6.077689001148998e-05 7.297034528319205e-05 9.206687916683682e-05 0.00012031434093187901 0.0001605375204181352 0.0002158715855973697 0.00028917006580435594 0.00038199996838324723 0.0004949161004033164 0.0006314100117342894 0.0007898263038715051 0.0009642782958872797 0.001144574344714048 0.0013213926893492062
2.1108195445903395e-06 1.4902356418049002e-06 1.0805288285535623e-06 1.7163858883375408e-06 3.6211154190468702e-06 7.663848901446009e-06 1.5771612388100985e-05 3.080214409026649e-05 5.429751369074366e-05 8.570779306682221e-05 0.00012191902323805671 0.00015787812821701672 0.00018771242365720893 0.0002039483270913411 0.00020395374258393064 0.00018927764016613837 0.00016418808223639552 0.00013394307568103864 0.0001033079674394213 7.652580014404658e-05 5.576441602051666e-05 4.142493819384619e-05 3.387435434563853e-05 3.0254915359941055e-05 2.9372651829756924e-05 3.120826278774205e-05 3.6181028340104573e-05 4.52050880564974e-05 5.978733413016157e-05 8.213112814425491e-05 0.00011517810646844945 0.00016248006200697486 0.00022775615942149734 0.0003139917265436707 0.0004220249252361952 0.0005521579793199717 0.0007067775904533947 0.0008816360163476606 0.0010725730032980503 0.0012695805285759655
1.2756913075200893e-06 9.617767510822944e-07 8.893050427860553e-07 1.2896194604446772e-06 2.5827907283459553e-06 5.598310050134722e-06 1.193165053025077e-05 2.3885922801618772e-05 4.266209391633355e-05 6.755097224176689e-05 9.528310666593176e-05 0.00012099608859148409 0.00014022660990207643 0.00015009355163164687 0.00014746337677896197 0.00013381818767316137 0.00011310406525736 9.018237541891474e-05 6.934813298972056e-05 5.204003894797591e-05 3.723099930686335e-05 2.590847427568196e-05 1.970988727663286e-05 1.7048361108176252e-05 1.6376210772837684e-05 1.7615975012314176e-05 2.1139942103406428e-05 2.7748967995102703e-05 3.879988441389303e-05 5.6361415818153325e-05 8.333921954102098e-05 0.00012347002093006962 0.00018103122035246976 0.00026008140610816696 0.0003630979761699491 0.0004891557398085121 0.00063923660089345 0.0008158859934003592 0.0010164693762935474 0.0012306535730402534
