_RESULTS/CROSS_VALIDATION_POSTPROCESSED_80-20/Berg/GZ/7comp/3/Berg_GZ_z_125_kriged_reverse_7comp_spherical_3.asc
ncols 100
nrows 90
xllcorner 5.6208707817415728
yllcorner 50.959635321741573
cellsize 0.00013419651685393446
nodata_value 1.7014100000000001E+038
[rows 38 to 56 of 90, columns 0 to 42 of 100]
16.884972741657887 16.724560150873906 16.54834758328505 16.363126709650793 16.175140781064872 15.992587122584032 15.824799127905745 15.681076158966906 15.569209968118717 15.494111814818801 15.457226072334096 15.457117094290298 15.490874521104757 15.555597237041837 15.649469697846058 15.772112349852263 15.8924310694882 15.986002157055687 16.051120472260386 16.087744663828865 16.097199812355374 16.081845915318194 16.044812711980825 16.00011585498986 16.010870729225704 16.07775695160282 16.195471205351154 16.37747939874735 16.62671038980194 16.940640321833474 17.304851503089182 17.687697969404287 18.073601148710804 18.399497155184953 18.63891860292085 18.778488200587717 18.80408748945693 18.7133125588694 18.517313703900445 18.207694210264265 17.744044012480376 17.150662867453345 16.457279499146097
17.3332518470636 17.141826641922037 16.902926891563848 16.64496210629441 16.3779376641133 16.113139776573977 15.86361146629996 15.642687515209147 15.461695009916717 15.327395608853674 15.240831128321922 15.198647849919825 15.195837729846879 15.228055155580503 15.292785735217137 15.389669380985445 15.515762393722548 15.62900693663021 15.717415438823688 15.780595893084465 15.819379709407913 15.836562010645833 15.83905655020333 15.829136102971193 15.839073403242935 15.900049551326688 16.00751553249564 16.16956419282833 16.39454023012955 16.672512846251557 16.974912671002766 17.289834491990298 17.605563735639223 17.90362366065688 18.116637528900277 18.230513708585264 18.239627047391803 18.13951006578785 17.946631728378858 17.65505654489901 17.22913994442954 16.692506432612596 16.070605273819858
17.847865175907607 17.628919621939797 17.341896737528806 17.005259123462366 16.650745710752354 16.294629274962737 15.954593631985068 15.649675807404753 15.396821925852999 15.205545992195288 15.075071508997675 14.997641109892015 14.964415524840463 14.969007311716128 15.008242968419871 15.0817637343966 15.191479469376388 15.321157538331923 15.430250246569585 15.516954694875551 15.58388433440489 15.63736269164558 15.678365085976692 15.707946544480242 15.725884258848794 15.777828459104898 15.873863459976883 16.016201392853844 16.211240074684362 16.435066628589546 16.67728918537828 16.927824451943525 17.175592688898238 17.40858714955219 17.6099657064693 17.721771022960777 17.721273210947086 17.616183932790932 17.428589010917285 17.154587642612654 16.762414329334366 16.275682872162847 15.71746895843347
18.431575880082242 18.18352278316652 17.850714870553666 17.448551635498134 16.999753266775166 16.541319685073656 16.098891461901292 15.699302119946232 15.369636043901835 15.124974495758345 14.959305685958396 14.855231079672873 14.797881397084833 14.778968766277705 14.795378114949292 14.84733253693732 14.937270868401592 15.066884541488456 15.193981341005452 15.303612818675926 15.402036675308112 15.48943218824593 15.566081106331007 15.632284058770757 15.679609004775807 15.722537312909319 15.80527041304373 15.920651092553834 16.06667822178447 16.236877514185984 16.422036031120502 16.612324352300583 16.79730643953768 16.966085800742558 17.106366931222798 17.19945229152605 17.207534876026575 17.118068179789287 16.944622599813197 16.68985184015084 16.327511610501382 15.885027198369873 15.38577966847632
19.087358427054436 18.809197566908946 18.425990647117718 17.956640915409046 17.425688507437815 16.861109916970772 16.301715270832744 15.790279494313781 15.373747013379269 15.083431821082904 14.897438507921349 14.776988414262648 14.700554854231527 14.660327779466387 14.65490280360386 14.685874272713074 14.756535554202141 14.871416826359477 15.014322929153018 15.149886971325364 15.27708669583393 15.39552566199736 15.505204290608651 15.605250192777767 15.685745115858762 15.744624272335894 15.798491272577916 15.86970794834232 15.967269915144708 16.086452895027982 16.218048424035754 16.352499066253127 16.479974111990117 16.589561716366674 16.662146809081467 16.68989609621231 16.67042669837961 16.5927983085004 16.436066401687953 16.205693107997902 15.877918234918326 15.482436432567095 15.045028503560687
19.817918124945027 19.509204975654594 19.070828171972 18.527490655435635 17.909686358730646 17.24890523261161 16.57648590921918 15.931480264617154 15.40100751376442 15.087159641128691 14.90534471800542 14.77551564357389 14.679961491184573 14.61685672630804 14.58820185999592 14.597332032717272 14.64838408623228 14.746846429313468 14.899446585057463 15.058244903728237 15.211326517232074 15.358148376069385 15.498479588841438 15.630158880412893 15.73548889946745 15.806781197554255 15.841667047417848 15.869427953912638 15.920567962195891 15.991582836002612 16.073270828826224 16.156323490624985 16.231260741419078 16.27930588513643 16.28907624112493 16.25702673107095 16.18150825670631 16.06320404512308 15.903090369703335 15.688915849949458 15.385988522832566 15.031822558076552 14.662013566011838
20.62502857667717 20.285276485920132 19.78561784027213 19.161412829097795 18.453438997444223 17.699180318906876 16.929148661806124 16.16688426660404 15.442825815901404 15.19506296123245 15.02527535513474 14.881421765048556 14.766034809775377 14.681336923764254 14.629853723376707 14.61489269915816 14.640890423402741 14.719461840247982 14.863179762887318 15.033978454708949 15.206866960618138 15.378366875980431 15.53967048547013 15.684670860913242 15.799360092208941 15.879675967589971 15.92267915792989 15.926851511135478 15.933737797665366 15.959509766423183 15.994931147242134 16.030882533177696 16.052456613797943 16.04196322002149 15.995114818100934 15.90933060273835 15.783573776279722 15.61847363826517 15.416431319334192 15.176828266187162 14.871675668485926 14.539347770636018 14.25281024243957
21.508794699269824 21.13575715438092 20.564207493866775 19.84972307796878 19.050511141680488 18.214789613690684 17.38034147715743 16.587756461150487 15.935615901350712 15.567023719914422 15.344356430180486 15.170007286657821 15.028618277088771 14.918581622605423 14.841347474365103 14.79974681378778 14.799680298271447 14.855806751056901 14.97487364109332 15.1345143186076 15.290362024336002 15.443782573841123 15.597506090212338 15.749101116946724 15.87273566968409 15.961984239283506 16.0136527026872 16.025752333263775 16.013612844651817 15.997107717785685 15.989778057132428 15.980896686674209 15.94857796268649 15.88496312820562 15.786973996052241 15.653026279077393 15.482985236575816 15.278123070632576 15.041126513575314 14.775265886219128 14.456818412440661 14.084358499082747 13.882383597991707
22.467025263488914 22.052616670003694 21.387678111214914 20.567135211301466 19.67447782207711 18.771431389362025 17.922208090687885 17.167717478359528 16.55801856905899 16.125580148846456 15.827011022008076 15.604319502148517 15.429148857839998 15.290965854140145 15.186657817446903 15.116654525044082 15.09104619901275 15.120135630710516 15.208795713405715 15.34589587119257 15.47815677150738 15.603618713529558 15.72548828022736 15.844883102033332 15.955067378658228 16.05172169420847 16.112335978890094 16.133786893993292 16.131487295868965 16.107711746900595 16.064304819726686 16.008889231437355 15.927068897600751 15.814912070556522 15.670280653699404 15.492774403183732 15.283623328795873 15.045668692050123 14.783661573927864 14.505516634098859 14.217112208661694 13.921542613316726 13.668232809326087
23.494885186445167 23.014213633214386 22.212408778296957 21.263455298392078 20.290971157805185 19.374594475977865 18.54217474270637 17.817296345961218 17.22205665565018 16.762442248129876 16.416550630844544 16.151332625913845 15.941841224791025 15.774035133906963 15.641338714930859 15.54333832117378 15.492374581027066 15.49329450146382 15.550588762808227 15.659539794815814 15.763752790700686 15.856939468883535 15.94293854894803 16.024212438477207 16.094476278064672 16.157157488580435 16.216029138970477 16.24837201951083 16.258377342481623 16.24589436360021 16.206341670931458 16.12188594945306 15.995064379819848 15.837945109015655 15.649874873978062 15.431894656697937 15.186984813668694 14.919990961780014 14.638082371923963 14.352241671668716 14.079598756039763 13.81339962247798 13.55576059575283
24.58488555781004 23.955670326761258 22.943972444365173 21.886273667529732 20.892276377521192 19.986661917548798 19.181722888422218 18.48704515584692 17.908753873413023 17.443592018240555 17.076064613943316 16.784395115353107 16.548878957146044 16.355664339958707 16.196697735241884 16.073704441480107 15.997081780521919 15.969003248115104 15.99380145596649 16.070154074842165 16.14101322620214 16.19670128182277 16.241902294742346 16.28082244911416 16.308205791433508 16.32698590146723 16.342752811222788 16.36646185128927 16.39140136509486 16.393280291757776 16.36157125079791 16.278155933054403 16.142652414968637 15.957910356666478 15.730231382945927 15.472970372683717 15.193367845481095 14.898192454826553 14.596118249314994 14.29846545767697 14.01976563393588 13.764798418584464 13.513556012741134
25.72713909287606 24.61651262280616 23.44360786910809 22.374642457589104 21.410576455558726 20.550966354402536 19.796095292824663 19.146363121097558 18.599960778747445 18.149937364742275 17.783302745034902 17.483589567644376 17.234876116893517 17.024588943402726 16.844543499827754 16.70066098942655 16.59908019678636 16.541505134485355 16.5325075461212 16.5723046484164 16.603554766995497 16.615525930737615 16.61402218844948 16.605083509343384 16.58579352336225 16.557783356867155 16.52736858792511 16.510801249844363 16.526614536501846 16.546243758329336 16.52435091311676 16.44647462668754 16.310955304049337 16.11988500782576 15.880041396203094 15.601682462528174 15.296502164639737 14.976366535466044 14.653102386110955 14.338753125820652 14.045472517323843 13.783872895165263 13.534795841271679
25.173583255499093 24.52686151649742 23.577118946873203 22.6468311028473 21.792671895321487 21.027521507161534 20.35457278196649 19.773304811570956 19.279988260683844 18.86703143200764 18.52305911719365 18.234439234592752 17.98763481976439 17.77128911897929 17.578373172614725 17.41784110255881 17.29280903910995 17.205425433974934 17.16103649713875 17.160021954086606 17.144324947231205 17.10527276006248 17.0501225900102 16.986431642383632 16.915746536619015 16.837258757524882 16.758836905748133 16.703043967021348 16.68231690794593 16.698580821921045 16.691659805173032 16.625052500930863 16.493024572647375 16.29587004037501 16.042658869038874 15.747769785979798 15.42597782019421 15.090436262410305 14.752775228993778 14.423608771404966 14.112636921488914 13.828181376360495 13.564364465186921
24.34282628557124 24.010827521786396 23.399500263065818 22.70566984748035 22.026222278173655 21.399676673168724 20.840814022364604 20.353858154766904 19.936935479800898 19.583631409933812 19.284028494074118 19.026135309710885 18.797717411264017 18.58812313846189 18.391979371975527 18.21974468523945 18.07323522211567 17.955628001968517 17.873705791597917 17.82637847243099 17.755163370333936 17.65661659303396 17.53982958300991 17.41394579310946 17.28526034383866 17.151782400317586 17.024834816365438 16.92902659582016 16.872668398887388 16.85681442801262 16.85791650037993 16.810767048994464 16.68699118207122 16.48207678663716 16.21103445251488 15.896471503424495 15.556947648122335 15.20602567855538 14.854245942122052 14.51042968652287 14.182142680025114 13.875711296973684 13.579484548295017
23.573125149825923 23.421402897984038 23.06893141878499 22.613734982175345 22.133036483361725 21.671379725248617 21.251068376151693 20.881256494712414 20.562888300214073 20.291220266217334 20.05745160508867 19.85029693824247 19.6577715280798 19.469096658377815 19.28008611879564 19.1017497565096 18.93578158447717 18.7870170613124 18.664500951229428 18.563004831841713 18.426323551209236 18.25862070402241 18.07123066572617 17.87510835366215 17.68010313939277 17.486398181054398 17.31092073756034 17.172912547609496 17.08009026407899 17.032976763298542 17.015306416289356 16.997193850025376 16.890518356412244 16.671089863937606 16.373784579247467 16.037042831204413 15.681004562654572 15.317259488810144 14.954156768754762 14.598484910272974 14.255917420750311 13.93109807371234 13.602165243499329
22.85760968577817 22.838403122446437 22.680341054893876 22.43259273717049 22.145760836894826 21.857122959577396 21.589377070806563 21.353727365171682 21.152878683193094 20.98314861113195 20.836068330159556 20.6999619894894 20.561813274076435 20.409473221179862 20.23856546656187 20.060018389067174 19.876158786866124 19.694230823875387 19.526637136067485 19.359500290452484 19.145922609844625 18.898287044021206 18.630569564477383 18.35567394299379 18.085092298126813 17.828214920600598 17.601972932547625 17.41803603524025 17.285103089056175 17.20411946744988 17.163693182120543 17.164000084879806 17.10063442835868 16.841075574352697 16.50955359486036 16.15498657444619 15.78896778766922 15.418598728230851 15.04973846328902 14.687453400352716 14.336019677105035 13.998856157757137 13.64658464532636
22.1887710599537 22.277402968153606 22.27304567525379 22.200711091816807 22.091432766253476 21.972243301059436 21.862081281221965 21.771394269146583 21.70302042865046 21.653245275775014 21.612862986742698 21.568480369103526 21.504397604662376 21.405268758776646 21.264199216495776 21.091315746928316 20.890068657163546 20.67115084713194 20.451849328058675 20.202672655383022 19.899275384949973 19.560061485254696 19.20196440619147 18.839815381868142 18.48636562126312 18.164437412120442 17.883236548240017 17.64871832835501 17.469522008123946 17.346103346147558 17.268037854807574 17.240944618680846 17.205127855200192 16.923908005757706 16.589027036789734 16.236319695248934 15.873341783881465 15.50587708919087 15.138999531745917 14.77713676479254 14.424008976417815 14.082562651665134 13.720553011315396
21.559205538106845 21.739023169985643 21.860928474753784 21.937434253686533 21.986966383229696 22.027727833196696 22.07381018821945 22.133436777730406 22.208410225828626 22.294058061958573 22.379450007856253 22.44808184062692 22.479522646997697 22.452581424975357 22.354362970822333 22.19274015989729 21.972708654315014 21.71009213740761 21.424413326283528 21.07551273480129 20.66806554689098 20.225281999636316 19.767146118045538 19.310135194653355 18.87364834652691 18.481653654718894 18.14136358438376 17.852297988825423 17.620955286119948 17.445970458695538 17.311459140725063 17.209741815611483 17.10301179441153 16.894436727969296 16.60418283861747 16.277075029322503 15.931648881818198 15.577455634565354 15.220979839002661 14.867242713512752 14.520306285653314 14.1834873486164 13.82712125917854
20.962014197526738 21.21957733947437 21.44712259586235 21.650539226120717 21.840535372698625 22.028909764902533 22.225503104972894 22.43613386717197 22.661248694853178 22.894920037838343 23.12403064590912 23.3278799884386 23.479013458333604 23.54661794441337 23.5066117769732 23.361334162844106 23.1179174592491 22.800410796206073 22.42254673594147 21.95577767886814 21.42932844416704 20.871602065771643 20.305257067985952 19.750642624655978 19.2349021647237 18.77035691134544 18.364930486658526 18.019845543362823 17.73408736478238 17.50516692656942 17.313100903369932 17.149445127062314 17.00052290311608 16.824609961983448 16.577730649804483 16.28551994026455 15.967026313268896 15.634333069580029 15.295670035165237 14.957190809401865 14.62384624506354 14.299897629189262 13.962986576914233
