_RESULTS/CROSS_VALIDATION_POSTPROCESSED_80-20/Berg/GZ/7comp/3/Berg_GZ_z_63_kriged_reverse_7comp_spherical_3.asc
ncols 100
nrows 90
xllcorner 5.6208707817415728
yllcorner 50.959635321741573
cellsize 0.00013419651685393446
nodata_value 1.7014100000000001E+038
[rows 72 to 89 of 90, columns 41 to 81 of 100]
0.03363289424814136 0.03554913960916575 0.0368468102675889 0.037328683973491934 0.03702462059600311 0.036033524977207666 0.034501085979025625 0.03258894996617358 0.030391594338627207 0.027899167905068804 0.025265486291971936 0.022620580774977004 0.020164953429969996 0.01799531468641456 0.0161414083681859 0.01464172791275853 0.013486864829421845 0.012639921701996924 0.012062031255328095 0.011732838211495948 0.011649396545367379 0.011717270560784523 0.011830635365117519 0.012001799751193573 0.012244666125481548 0.01252235256356844 0.012810064455993773 0.01309170410591312 0.013350043722514991 0.013567279255537345 0.013725674894723719 0.01380828083186889 0.013799703028247963 0.013728033267355048 0.013663514296003203 0.013613915697710928 0.013585980578785272 0.013582278230639254 0.013582278230639254 0.013582278230639254 0.013582278230639254
0.03939805785673747 0.04206337408392923 0.044008674040850626 0.044984914084346864 0.04485447161628166 0.04363623995594913 0.04149918527647337 0.038708312837819364 0.03555356349509509 0.03227120907799745 0.028940038768268766 0.02574656432529362 0.02283080986607507 0.020266409325686678 0.018079872845254176 0.016268120730858253 0.014812317010710467 0.013689386871958736 0.012889791181732464 0.012393006773426876 0.012185605406518868 0.012235791960907863 0.012361323741653312 0.012525527475124523 0.012718270825404682 0.012927541862284668 0.013139668633926693 0.013339646400007142 0.013511572085236708 0.013639178677807857 0.013706456549495018 0.013698528743355087 0.01365498749866806 0.01361728766253716 0.013591077967049038 0.013582278230639254 0.013582278230639254 0.013582278230639254 0.013582278230639254 0.013582278230639254 0.013582278230639254
0.046342909988276546 0.050076590769479956 0.05286010288432884 0.054276700703770754 0.05408663330905272 0.052323201964500785 0.049278724025095026 0.04539098672061965 0.04110754344143019 0.03679454021167796 0.03270495055273172 0.028921800768445263 0.025498629884647607 0.022508486424442625 0.019969814457709557 0.017868671630865474 0.016175057103820223 0.01485404386964583 0.013873004728310077 0.013206833318814528 0.012847600318761409 0.012789079950080245 0.01287052953107402 0.012981767892093052 0.013113105867496177 0.013253198991238842 0.013389283276603768 0.013507506425685316 0.013593355477066351 0.013632175028393569 0.013619540257955927 0.013600699169916481 0.01358677451890779 0.013582278230639254 0.013582278230639254 0.013582278230639254 0.013582278230639254 0.013582278230639254 0.013582278230639254 0.013582278230639254 0.013582278230639254
0.05455861828143754 0.05982600290529618 0.063870320063123 0.06597075094539802 0.06568719832318896 0.06308187656665112 0.058685836874853854 0.05324226359724859 0.04744106009485298 0.0417846203556537 0.03657482042799016 0.031956677848301224 0.027970806673987728 0.024555915835180284 0.021672833117441594 0.01929249006593887 0.017371335762871993 0.015862900552676595 0.014724874155595327 0.013923340669518794 0.013435437445434 0.013251401205912502 0.013284025240006296 0.013341825001421054 0.01341153900048676 0.013482586684047362 0.013543199716453758 0.013580759994518061 0.013585605306985308 0.01358291989725862 0.013582278230639254 0.013582278230639254 0.013582278230639254 0.013582278230639254 0.013582278230639254 0.013582278230639254 0.013582278230639254 0.013582278230639254 0.013582278230639254 0.013582278230639254 0.013582278230639254
0.06400164452199864 0.07147150023452699 0.07745554102866208 0.08066204688637199 0.0802249098915593 0.07627009312671511 0.06982550183239075 0.06218519354735766 0.054389555601187245 0.047078951399276134 0.040564599846075015 0.034945751041765664 0.0302040545974786 0.026264900360685493 0.023033268100977493 0.020409924472979377 0.018295645563488172 0.016627925558738176 0.015355402568722356 0.014436739670612151 0.01384264599385126 0.013557330021218245 0.013537995340956725 0.01355738058624982 0.013574797223973194 0.013582278230639254 0.013582278230639254 0.013582278230639254 0.013582278230639254 0.013582278230639254 0.013582278230639254 0.013582278230639254 0.013582278230639254 0.013582278230639254 0.013582278230639254 0.013582278230639254 0.013582278230639254 0.013582278230639254 0.013582278230639254 0.013582278230639254 0.013582278230639254
0.07433821717885286 0.08492292642026926 0.09395865221567166 0.09906053181491588 0.09835269852429983 0.09212197106131549 0.08253123119398137 0.07185920744724104 0.061565542373333663 0.05234173624667281 0.04441056649862228 0.03775719286197202 0.03226312587130532 0.027775919158901312 0.024143008881844043 0.021226754203360333 0.018909984128845286 0.017096989302730865 0.01571256405694617 0.014700480762107723 0.014022153953989086 0.013655960188479255 0.013582278230639254 0.013582278230639254 0.013582278230639254 0.013582278230639254 0.013582278230639254 0.013582278230639254 0.013582278230639254 0.013582278230639254 0.013582278230639254 0.013582278230639254 0.013582278230639254 0.013582278230639254 0.013582278230639254 0.013582278230639254 0.013582278230639254 0.013582278230639254 0.013582278230639254 0.013582278230639254 0.013582278230639254
0.08489326795398826 0.09944531509481494 0.11332295821406659 0.12196158296546061 0.12071778951010773 0.1103749478527034 0.0959948560012605 0.08140779622190307 0.06827354174673397 0.05706548081431719 0.047758995307055865 0.04014885855818046 0.03398378427937472 0.029021290545002618 0.025048036493648063 0.021885151632482825 0.019387245169853528 0.01743907565670065 0.015951734544857328 0.01485921219550475 0.0141157663977194 0.013694337903570884 0.013582278230639254 0.013582278230639254 0.013582278230639254 0.013582278230639254 0.013582278230639254 0.013582278230639254 0.013582278230639254 0.013582278230639254 0.013582278230639254 0.013582278230639254 0.013582278230639254 0.013582278230639254 0.013582278230639254 0.013582278230639254 0.013582278230639254 0.013582278230639254 0.013582278230639254 0.013582278230639254 0.013582278230639254
0.09476668681660555 0.11290908960881313 0.13394328889456472 0.15002335784719373 0.14746073156041956 0.12911893157573148 0.10812486799005343 0.0892957020001145 0.07351146744685338 0.060617247503227965 0.050211022746127404 0.04186700783054921 0.03520233875348689 0.02989373772894734 0.025676862092232477 0.02233985410255942 0.019715528036720394 0.017673961560343558 0.01611616872446408 0.014969077534800415 0.014181864972154023 0.013723677011655885 0.013582278230639254 0.013582278230639254 0.013582278230639254 0.013582278230639254 0.013582278230639254 0.013582278230639254 0.013582278230639254 0.013582278230639254 0.013582278230639254 0.013582278230639254 0.013582278230639254 0.013582278230639254 0.013582278230639254 0.013582278230639254 0.013582278230639254 0.013582278230639254 0.013582278230639254 0.013582278230639254 0.013582278230639254
0.10163885586915378 0.12170487834248869 0.14892394757480562 0.18085405607902214 0.1736580880702926 0.14193451722254086 0.115164709529342 0.09352358480213163 0.07619882331713121 0.06239151675635533 0.05141453440504166 0.04269999127712103 0.03578783442521215 0.030310134050928653 0.02597547451919502 0.02255497976804217 0.019870453442161345 0.017784674587923904 0.016193710895943767 0.015021060890616836 0.014213458052755612 0.013738240697573435 0.013582278230639254 0.013582278230639254 0.013582278230639254 0.013582278230639254 0.013582278230639254 0.013582278230639254 0.013582278230639254 0.013582278230639254 0.013582278230639254 0.013582278230639254 0.013582278230639254 0.013582278230639254 0.013582278230639254 0.013582278230639254 0.013582278230639254 0.013582278230639254 0.013582278230639254 0.013582278230639254 0.013582278230639254
0.10335663374487047 0.12160035202263568 0.1456301778291198 0.17135191101077388 0.16636467638122882 0.13908680406652907 0.11369992388167072 0.0926664059561526 0.07566097003207957 0.06203905636953753 0.05117659756561048 0.04253584889411222 0.035672732933847304 0.03022841888777351 0.025916950640724575 0.022512858884829103 0.019840139528283472 0.017763018839829718 0.016178542113071095 0.015010883831436034 0.014207257918380262 0.013735357258527842 0.013582278230639254 0.013582278230639254 0.013582278230639254 0.013582278230639254 0.013582278230639254 0.013582278230639254 0.013582278230639254 0.013582278230639254 0.013582278230639254 0.013582278230639254 0.013582278230639254 0.013582278230639254 0.013582278230639254 0.013582278230639254 0.013582278230639254 0.013582278230639254 0.013582278230639254 0.013582278230639254 0.013582278230639254
0.09966004979854085 0.11303370632333148 0.1282030966324096 0.14033083442828417 0.13835658572142256 0.12323481349435174 0.10453176045986559 0.08703572098328148 0.07204002748983893 0.059631862869204154 0.0495364464091969 0.041397138972858495 0.034870552770281 0.02965696971202742 0.025506632377577 0.022216986501432796 0.01962693034411608 0.017610607431313645 0.016071805148553255 0.014939384754577878 0.014163907357714691 0.013715547777784285 0.013582278230639254 0.013582278230639254 0.013582278230639254 0.013582278230639254 0.013582278230639254 0.013582278230639254 0.013582278230639254 0.013582278230639254 0.013582278230639254 0.013582278230639254 0.013582278230639254 0.013582278230639254 0.013582278230639254 0.013582278230639254 0.013582278230639254 0.013582278230639254 0.013582278230639254 0.013582278230639254 0.013582278230639254
0.09215738771552529 0.10035901415505347 0.1084873587323933 0.11398914877048746 0.1129555217903209 0.10424263607666726 0.09163129405259061 0.07839894457186689 0.06620185314921369 0.055627282692252374 0.04675001315876423 0.03943368616535383 0.033472242397931284 0.02865269304328459 0.02478107958027607 0.021691428486991116 0.019247049619193473 0.017338656359553617 0.015881480024540335 0.01481244344028497 0.014087934606387334 0.013682500664289431 0.013582278230639254 0.013582278230639254 0.013582278230639254 0.013582278230639254 0.013582278230639254 0.013582278230639254 0.013582278230639254 0.013582278230639254 0.013582278230639254 0.013582278230639254 0.013582278230639254 0.013582278230639254 0.013582278230639254 0.013582278230639254 0.013582278230639254 0.013582278230639254 0.013582278230639254 0.013582278230639254 0.013582278230639254
0.08282221850262654 0.08698646550281479 0.09071210176974152 0.09283270209957219 0.09202757506547599 0.08667852381673011 0.07826210397792993 0.06867582723916972 0.05924488572565867 0.050663065634800435 0.04319693561837107 0.03687743881120931 0.031623035930151075 0.027308617356257656 0.023801169716513575 0.02097686522809421 0.018728275253559575 0.01696659096511543 0.015621538539243616 0.014640467117697332 0.0139874463663054 0.013642899191269073 0.013582278230639254 0.013582278230639254 0.013582278230639254 0.013582278230639254 0.013582278230639254 0.013582278230639254 0.013582278230639254 0.013582278230639254 0.013582278230639254 0.013582278230639254 0.013582278230639254 0.013582278230639254 0.013582278230639254 0.013582278230639254 0.013582278230639254 0.013582278230639254 0.013582278230639254 0.013582278230639254 0.013582278230639254
0.07307000283049257 0.07448573337630206 0.07562423910155368 0.07597688175261064 0.0751409485277574 0.0716997052837357 0.06601808959090237 0.05917426143634787 0.052082769085598786 0.0453426008437087 0.03926935271024816 0.03398345796070854 0.029490229977034963 0.02573579980285379 0.02264167611895743 0.02012445237349745 0.018106253800044023 0.01651980131439435 0.015310566384018336 0.014437547356878326 0.013873624788785484 0.013606143892864644 0.013582278230639254 0.013582278230639254 0.013582278230639254 0.013582278230639254 0.013582278230639254 0.013582278230639254 0.013582278230639254 0.013582278230639254 0.013582278230639254 0.013582278230639254 0.013582278230639254 0.013582278230639254 0.013582278230639254 0.013582278230639254 0.013582278230639254 0.013582278230639254 0.013582278230639254 0.013582278230639254 0.013582278230639254
0.06369974265980471 0.06339641183006756 0.06307804169315152 0.06252020943048707 0.061625681719293376 0.05933658160150856 0.05544135741268172 0.050563922955201214 0.04530432503023242 0.04011839811422642 0.03529438531397025 0.030981780677672207 0.02723391291910033 0.024045563161168085 0.02138042409540835 0.019189142268047982 0.017420351200232102 0.01602704860856722 0.014970141998426792 0.014220459507533404 0.01376013447035783 0.013584039067096248 0.013582278230639254 0.013582278230639254 0.013582278230639254 0.013582278230639254 0.013582278230639254 0.013582278230639254 0.013582278230639254 0.013582278230639254 0.013582278230639254 0.013582278230639254 0.013582278230639254 0.013582278230639254 0.013582278230639254 0.013582278230639254 0.013582278230639254 0.013582278230639254 0.013582278230639254 0.013582278230639254 0.013582278230639254
0.055100841304263286 0.05381361864576291 0.05273376162046566 0.05175182829606333 0.05085224299501972 0.049291579257207375 0.04658152145661967 0.04309288422252733 0.03921417937401198 0.03527301634822804 0.03150405176618482 0.02805149747930012 0.024987932467462278 0.02233640449742489 0.020089551124638914 0.01822393197617703 0.016709896762637944 0.015518030509786295 0.014623278992479971 0.014007695085494829 0.01366256239826626 0.013582278230639254 0.013582278230639254 0.013582278230639254 0.013582278230639254 0.013582278230639254 0.013582278230639254 0.013582278230639254 0.013582278230639254 0.013582278230639254 0.013582278230639254 0.013582278230639254 0.013582278230639254 0.013582278230639254 0.013582278230639254 0.013582278230639254 0.013582278230639254 0.013582278230639254 0.013582278230639254 0.013582278230639254 0.013582278230639254
0.047431703997672776 0.04565865149516146 0.04424351183797069 0.04311998352321637 0.042284802058534555 0.041199228740017066 0.039289410444617485 0.03678034890076024 0.03392419031276522 0.03095047494036965 0.02803936239652355 0.02531509266085167 0.0228522005970536 0.020687084229931676 0.018830102014162384 0.017275909559838674 0.01601140445096902 0.015021488980615104 0.014293184239312211 0.013818695911626183 0.013598008507940297 0.013582278230639254 0.013582278230639254 0.013582278230639254 0.013582278230639254 0.013582278230639254 0.013582278230639254 0.013582278230639254 0.013582278230639254 0.013582278230639254 0.013582278230639254 0.013582278230639254 0.013582278230639254 0.013582278230639254 0.013582278230639254 0.013582278230639254 0.013582278230639254 0.013582278230639254 0.013582278230639254 0.013582278230639254 0.013582278230639254
0.04072806348052125 0.03879287935004379 0.03729934661971282 0.03619658819863032 0.03548034707585434 0.03471320487331716 0.03335282627236305 0.03153798787707719 0.02943385928661127 0.02719980675374751 0.02497000345438547 0.022845270954337145 0.02089353333692369 0.019155137808680937 0.017649947934593898 0.016384307240100086 0.015357006006305008 0.014564061726541329 0.014002490125937656 0.013673413029546756 0.013582278230639254 0.013582278230639254 0.013582278230639254 0.013582278230639254 0.013582278230639254 0.013582278230639254 0.013582278230639254 0.013582278230639254 0.013582278230639254 0.013582278230639254 0.013582278230639254 0.013582278230639254 0.013582278230639254 0.013582278230639254 0.013582278230639254 0.013582278230639254 0.013582278230639254 0.013582278230639254 0.013582278230639254 0.013582278230639254 0.013582278230639254
