_RESULTS/CROSS_VALIDATION_POSTPROCESSED_80-20/MHZ/TZ/7comp/2/MHZ_TZ_z_63_kriged_reverse_7comp_spherical_2.asc
ncols 100
nrows 81
xllcorner 5.5967107548124995
yllcorner 50.982328804812504
cellsize 0.00017565037499993607
nodata_value 1.7014100000000001E+038
[rows 19 to 37 of 81, columns 0 to 43 of 100]
1.636158500634571 1.620865669231875 1.607516036343716 1.5988856209431863 1.5974120443744695 1.6036273153833491 1.615742363076457 1.630972118371725 1.6468671520407514 1.6617395345682988 1.674579244462705 1.6848696260959397 1.692432704061941 1.6973165551187415 1.6998031849673876 1.700423156332683 1.7040534951246762 1.7131438066881 1.726652943265876 1.744045406291463 1.765412136387642 1.7869301416165588 1.798591320179642 1.7987123215001128 1.7855914161466733 1.750458370202983 1.69320328102657 1.6168918409880888 1.5249081887106055 1.4165690505646302 1.2972639885295612 1.1739819285078588 1.0529148654081686 0.9390373951071694 0.8322098031299128 0.736519270307654 0.656503898538825 0.5948348959594936 0.5513940388206172 0.5222431601921296 0.501287815934043 0.4837744262448848 0.47073040239763037 0.46087124070167534
1.6335901281360383 1.6217975931681405 1.6120771466830146 1.6062007666488538 1.605500576485044 1.6102330730491998 1.619435916888911 1.6314280986593674 1.644466659295616 1.6571365233601376 1.6684551873139237 1.6778338530178318 1.6850932519185629 1.6902807426866395 1.693551363119202 1.6999037049184387 1.7129355077701616 1.731627383108705 1.754903521067519 1.7816352682541055 1.8118766191201472 1.8429106859399726 1.8640750935428954 1.872671545192866 1.8635736275140313 1.8282553536891306 1.7684102173308274 1.6872772299294343 1.5891155783304103 1.4785874622717992 1.356972679786108 1.2300303947819924 1.1046489811460187 0.9864494258038943 0.8755356731807152 0.7760546893245007 0.6921295791447808 0.6252418054914002 0.5746169739587264 0.5377012458642856 0.5112696046924415 0.4928722030428311 0.48107564792102075 0.4732579485649637
1.6271695110303317 1.6172927117516753 1.6095820129217773 1.6052307886321164 1.605039673423148 1.6091092229701731 1.6167894571576222 1.6269284436207343 1.6382388808907002 1.6495820501159286 1.6601026597812152 1.669250119394398 1.6767418007987658 1.6825062978108998 1.6901087610910168 1.7056125130709698 1.7281884592126977 1.7568333514725063 1.790447788804106 1.8277599689956725 1.8679451025242286 1.9093064824494927 1.9418795909743092 1.9608342800970897 1.9563186622607511 1.9225471303179524 1.861330270167511 1.7760106874739403 1.6712411929614004 1.5525875014521093 1.4250253057230247 1.292146438699523 1.159904179598148 1.0352515519112957 0.9188525003261481 0.8142820983474672 0.7253326355492387 0.6529958462165184 0.5964778742033698 0.553882342600913 0.5229536642042062 0.505234676503496 0.4966402916721431 0.49298745793528687
1.6176611471943385 1.6085512199437018 1.6016404595432268 1.5979087502310168 1.5979672472793132 1.6018627125582279 1.6090328869416124 1.6185113542819454 1.6292072411268268 1.6401291619924157 1.6505045076351204 1.6598113055413877 1.6677589034111233 1.6757141547907246 1.6917861356711896 1.7164197257029903 1.7487016250971017 1.7876741207870102 1.8322397516346072 1.88106585238806 1.9324662398044854 1.9847211466259853 2.0308823389407253 2.0617642725851004 2.064122552304232 2.0340766011658564 1.973046027409767 1.8837174890048713 1.7673387043519644 1.6320430649106925 1.4871915019446451 1.3412543474608967 1.2009071737805224 1.0697809637553977 0.9484627137711326 0.8390507444100489 0.745238574923247 0.6681105009631639 0.60748635275576 0.5625903946043731 0.5328388464340249 0.5189881044783333 0.5163963334980863 0.519344991954768
1.6051900095296656 1.5959047330863803 1.5889380367594297 1.5853200054789023 1.5856830566347804 1.5899843185355311 1.5975274379420674 1.6072643871567946 1.618165795835971 1.6293229799798847 1.6400382510531764 1.6498439707798653 1.6585311881069753 1.6730139163533126 1.6975242838672369 1.7312328052742316 1.7733404215287751 1.8229750052225708 1.8790817291153399 1.9403042273229594 2.004019343275841 2.068210262185772 2.12944702817524 2.1744692334809543 2.1869039418065355 2.163192143244657 2.0974492703975365 1.9924075242648782 1.8575508032383594 1.7036233520289898 1.541290835688999 1.379966487870842 1.227068748287305 1.087794879752977 0.9625310785300375 0.8493469997578144 0.7513580258914505 0.6697730611899554 0.6051817583405183 0.5587028049437037 0.5329963179046453 0.5274769423499414 0.5356671697888534 0.5508894137890689
1.5906610100573277 1.5803290586699639 1.5724352644883903 1.5683440914674762 1.5689840879838723 1.57424213458385 1.5830406624236677 1.5939909985500829 1.605882129567882 1.6178232708868918 1.629266395255006 1.6398416220447194 1.6516071129390835 1.6736706444862086 1.7063471392462548 1.7489783981179907 1.8009200339081703 1.8614331806296445 1.9295608684845766 2.0037777473179417 2.08076114422056 2.158413713906535 2.2351971752708812 2.297491830516397 2.3216021716978434 2.293144137797394 2.2143394147921382 2.0928954229434056 1.9395552487141094 1.7667160188306208 1.586665380778087 1.4099893854762515 1.2446173432675338 1.0956177241065246 0.9642366435804524 0.8471336006431013 0.7458223136945366 0.6605048413125649 0.5913540593742282 0.5418221131080528 0.5222512362109656 0.5294792403458293 0.5510751590221977 0.5811545761066892
1.5754042697973414 1.5632426748921815 1.5534445359941134 1.548109563921245 1.5490615487260697 1.5560432582433803 1.566987225477668 1.5798495086028197 1.5932777334533603 1.606459337041971 1.6189167010805412 1.63041479839697 1.6477483530576602 1.6769131632851098 1.717346593501987 1.7685887658330401 1.8301870926079287 1.9015861773720801 1.9819829826330289 2.0691369285556216 2.160241248691339 2.2529263512653777 2.345733119021561 2.4236514210565288 2.446836620561404 2.411672108255208 2.321643357080977 2.1846983005030283 2.0128555045090155 1.8206089981729079 1.622444200839088 1.4305204309891242 1.253408628665616 1.0959998198189855 0.9598790648809246 0.840583546441749 0.737389996346947 0.6496563140559205 0.5758235375756952 0.516866073361239 0.5051204603886478 0.5314974315016316 0.5677078978826939 0.6123689320773467
1.5610646188976123 1.546549803475056 1.5337051800442851 1.525707639868433 1.5271465370645632 1.537293037557248 1.5513675775620457 1.5665626501038772 1.5816958740461982 1.5961937772534474 1.609728147706989 1.6231330865919207 1.6464428767843697 1.682069467624265 1.7296697223154867 1.7889960443840254 1.8598148480775487 1.9417989109052718 2.0338421370300375 2.133758732574002 2.239462573325459 2.348428864492273 2.454454970899333 2.5315029581581907 2.555244644637033 2.5169328557806 2.4185723047165673 2.267495089558148 2.0769286082853555 1.8642738389466975 1.6472441715355395 1.4401828467320688 1.2524046297123936 1.0884716620992523 0.9493933871548652 0.8315492991301413 0.7307243185415665 0.6460349848561471 0.5758365150272363 0.5215749412648485 0.5147486816555007 0.5474244397260799 0.5924810709245963 0.6485868968859205
1.5495289304302802 1.532953603763197 1.5165333178104006 1.5027397421429314 1.5059084374356795 1.523008821383476 1.5418589235674987 1.5603171489159022 1.577655229883168 1.593487338378642 1.6076420809269045 1.6231150109251309 1.6503518574291418 1.6902273308598343 1.7430042561176922 1.809138218681847 1.8884183926127944 1.9799615325135387 2.0823788480041303 2.194525835280699 2.314667517309445 2.4377744900715967 2.542575660483868 2.6174797342632528 2.6427872840811406 2.60644245731734 2.5042693137837966 2.3411361648759024 2.1310834646445795 1.8960152220711222 1.6587785647143896 1.4367040642617706 1.2397060023918596 1.0715918431264555 0.9322082682077839 0.8187633439895479 0.7248338090068241 0.6488053160759246 0.5905478792558555 0.5537957704090491 0.5501744480651908 0.5774645692022429 0.6252093719246501 0.6894392679784079
1.5424364904552252 1.5254908445258528 1.5097032409611504 1.4963084868031464 1.503087019386495 1.5246715862249156 1.5464078094958764 1.5669881541241821 1.5858282640962922 1.6025741544616308 1.6170681924430317 1.6347997703822386 1.6648896372893376 1.7075635224249583 1.763189702477226 1.832423374823969 1.9158232473069274 2.0134542220873017 2.1248610009675306 2.2479361539623266 2.3810711362236305 2.5037736132104973 2.6047322860914055 2.678540871590455 2.7054047841823143 2.6760726485036206 2.577405790027485 2.4056887662149573 2.174130858904271 1.9127862389681358 1.653341075301594 1.4167353358878034 1.2125942639117668 1.043088683562442 0.90640386819528 0.7990543112764488 0.715469572492528 0.6510478928741262 0.6057091694768881 0.5809821054393092 0.5826946441330152 0.6105817474234259 0.6609695142546087 0.7318195172400374
1.5413994292380229 1.529226159028225 1.5202612173385814 1.5171695190299106 1.5255852073285143 1.543928958748889 1.5653996310867682 1.5866232668543196 1.6061805706566172 1.6233728602276276 1.6378844818747937 1.6574584860885029 1.6893851945714005 1.7338242203902152 1.791222373803085 1.8619652325536344 1.9463880562481222 2.0453247114695516 2.159709076899675 2.2903724036369195 2.4257872897438264 2.5412092252692813 2.6361062320790065 2.707934401538428 2.7391958813773267 2.719287137062043 2.634766705186511 2.461525278210583 2.203233232008711 1.9085958616872882 1.6251803744926678 1.3760293694089443 1.168052060517961 1.0005298660288242 0.8695272621233495 0.7701695526160642 0.6977856296189476 0.6461965275242929 0.6132651115597332 0.5989521931625231 0.6073242733361568 0.6394256981153335 0.6942508378941236 0.7716314985893795
1.5502772648816734 1.544384532799168 1.5426521512524676 1.5467001880761195 1.5581656733108098 1.576060103798577 1.5971353234800485 1.6185129532254792 1.6383858645236202 1.6557158256346245 1.6700676073414626 1.6905412314327246 1.7231884250822287 1.768149305022166 1.8254132040267708 1.8954053703128688 1.9789573099005395 2.0770604115741107 2.190827702345045 2.3203333349980992 2.443005038389851 2.547416434327481 2.6322319833073773 2.697431696964821 2.731617610634179 2.724993141461735 2.6670985969586805 2.5094488753283817 2.2085417313791234 1.8710329302184459 1.5664139300348374 1.3104622822449992 1.1038630383244576 0.9423485087308701 0.8199616142148496 0.7306114436049491 0.6689699623967508 0.6304930137461906 0.6100374364673639 0.6063076178766886 0.6223327831078612 0.6605499052081693 0.7211972294115543 0.8052893610991331
1.5678200706392964 1.568271228139735 1.5731505144002855 1.5830798235139019 1.5983046459790773 1.6178722649610426 1.6397416799574918 1.6617020357831838 1.6819873519960917 1.6993989376623628 1.7134156599719932 1.733656441091776 1.765465432223554 1.8087534826811598 1.8638251601471034 1.9312314247451465 2.0117662393244466 2.1065270681697696 2.216686635955412 2.3350424775439085 2.43691084848701 2.5219048031472133 2.5909990525768065 2.641026814482981 2.6680798800953682 2.662786686423033 2.6293351821535356 2.5549364095663276 2.1467848364121975 1.7792601782077335 1.470064253708319 1.2184272153644218 1.0201010156962393 0.8688572060401613 0.7577473785989524 0.6800576496333353 0.6299603397436442 0.6029192626979244 0.5951928477829008 0.602811035638974 0.6272696871225767 0.672587178457307 0.7397473174380907 0.8304488574905455
1.5923147126624575 1.599022202194865 1.6102085807961808 1.6258448530735246 1.6455195988771285 1.6681585470072782 1.6920947270984872 1.7154668549643561 1.7366088801399016 1.7541525804579146 1.767290307548378 1.785410333408121 1.8144312292800149 1.8543191425751462 1.9053695523997378 1.9681294090428645 2.0433323250510194 2.132022885877337 2.2352869046207804 2.3340566470246236 2.4120356508061787 2.471357610982136 2.5150476921885985 2.5413219209745495 2.5451706358801833 2.5139944496862907 2.43803882012713 2.269975941008014 1.9565984944281463 1.6243010355868615 1.336579148160399 1.1022772736715305 0.9189412537351968 0.7816136520171879 0.6839789444655744 0.6194573137168847 0.5819654106109827 0.5665388279011466 0.5697107158851591 0.5891896203603291 0.6237796085839242 0.6780306904204425 0.7535578642796239 0.8521448693391446
1.6219322899522128 1.635160135614919 1.6528463411627399 1.6745261704228311 1.6993735900782108 1.726138669091248 1.7531991473921613 1.7786720493067762 1.800829194986174 1.818273177790156 1.8300715841048205 1.84465928238878 1.8693362070040802 1.904022518561333 1.9480572108471268 2.0020710313854906 2.067386461967656 2.1454004716881045 2.2353492503641297 2.3109608277783633 2.3643264394999632 2.3978889669173475 2.4129107290614993 2.409364639822489 2.379535885222037 2.3103028499993528 2.1846985271079404 1.9865608047106105 1.7219788090991335 1.4407034970019588 1.1856044314377299 0.9735910360108698 0.807700580107942 0.6853874761906518 0.6017740737263774 0.550938277672436 0.5267347510973375 0.5241988668085529 0.5403874230048432 0.5728072080206491 0.6202539663500732 0.685206969053265 0.7704843775514786 0.8783599130599171
1.6553766847446572 1.6753296234775554 1.6999489847652822 1.7283144487379987 1.7591346381186117 1.790824447378247 1.8215972980186912 1.84961441106025 1.8731856710726964 1.8908098371552224 1.9013070066802904 1.9104717939222033 1.9259065824603165 1.9483608564746184 1.9790972693771633 2.019494571157202 2.070926847383288 2.1346945754916735 2.205988825583473 2.2573822079358044 2.2861625588987335 2.2946393452240565 2.2826246093429656 2.2485990207966955 2.1897536637132795 2.094095340140003 1.946064895950066 1.7452099937542498 1.5084786734163957 1.2644325874876592 1.0397448395812783 0.8494952045921789 0.6991511848119222 0.5891191551829249 0.5173373822435512 0.47963592734892757 0.47091615493245487 0.4843903971321779 0.5152476828180419 0.5611147084637116 0.6211785651939443 0.6975258398461611 0.7946349550622135 0.9139446763729197
1.6910891249032753 1.718054877788335 1.7502901460154023 1.7862913799330093 1.8242035611314613 1.8620205972170345 1.8976462565637768 1.9289820666469084 1.9541076849158536 1.9713371087454652 1.9764234674959014 1.9726998712974182 1.973247971606799 1.9801571231118344 1.9949281008246316 2.0191007214104655 2.054107792150476 2.1011651112905154 2.1512793350932933 2.17911992098915 2.1852950054042126 2.1701947140622266 2.1332254175983136 2.074143205238008 1.9918358493152883 1.8807818006461956 1.7317621874792046 1.543395301623984 1.3297659702814815 1.1131863925530907 0.9130477325370325 0.7409774655639998 0.6026282413824019 0.5006258480208521 0.4378755670419786 0.41508766303600664 0.42367824538895266 0.45372490428327333 0.4997614952854595 0.5598671839512807 0.6337575216862934 0.722025908238687 0.830064095822216 0.9612573373493799
1.7272721131374786 1.7617299773406807 1.802647613222776 1.8475276074586524 1.8938067750462066 1.9390434347627987 1.9807782733537873 2.0165217438966057 2.0426322912358112 2.052659450670355 2.046591209453077 2.027744528841562 2.010722546175632 1.9995087015854278 1.9959167755097436 2.0017190488228143 2.018425021657976 2.0471777698520217 2.0759703015628475 2.0828300725665883 2.0684472025635783 2.0329375923640614 1.976914493156468 1.9005866244814194 1.8038586035949014 1.68603610670864 1.542231367414876 1.372203800642832 1.1841751621303278 0.992855028625936 0.8129830870402257 0.6558950342222027 0.5260724107826967 0.4274783321805851 0.3686934235908566 0.3606935898927915 0.3892996905329113 0.4367591141348107 0.4981413723791188 0.5729304721882891 0.661662319332805 0.7649472306028372 0.8849434694563757 1.0272609930262422
1.761929790725665 1.8048241439303097 1.8560935144041901 1.9112611625938494 1.9671507066098592 2.021085911850991 2.070270921894226 2.10935750026659 2.1298042445290224 2.130417316503334 2.111952126118904 2.077019307611413 2.0387697485022045 2.0067956004922327 1.9827702912539615 1.968602990823395 1.965878604426518 1.9756519537070634 1.9848383369062261 1.973434275474591 1.9418821942337547 1.8913815759212884 1.8228337660052787 1.7369311571476234 1.6343942992252964 1.516396609193196 1.3812955288691624 1.2299034019215354 1.0665976961166814 0.9005313165640463 0.7419552269894462 0.5991528752856402 0.4791674601033529 0.38387790287802703 0.3127513969402679 0.3259656884958756 0.37714632715619223 0.439999198258721 0.5153916854660473 0.6047160381310438 0.7091702179912918 0.8294780515457826 0.9656616841138085 1.1299223634692643
