_RESULTS/CROSS_VALIDATION_POSTPROCESSED_80-20/MHZ/TZ/7comp/2/MHZ_TZ_z_1000_kriged_reverse_7comp_spherical_2.asc
ncols 100
nrows 81
xllcorner 5.5967107548124995
yllcorner 50.982328804812504
cellsize 0.00017565037499993607
nodata_value 1.7014100000000001E+038
[rows 0 to 18 of 81, columns 0 to 42 of 100]
0.9568815690280117 1.0805865900927856 1.2083207059641783 1.327423239581036 1.4170336837902113 1.4517307149022713 1.419517362509595 1.328040417892299 1.199499094776762 1.0573549421041144 0.9184075210477163 0.7920405555285807 0.681094324128484 0.5850599754707658 0.5034823861930019 0.4351358209028558 0.3784997640970784 0.33202682866313554 0.2942830013110517 0.26401454459285756 0.24017456616198676 0.23731590041207906 0.24741986184568326 0.2597980030697759 0.2722603223502444 0.2851942034801434 0.30067489635366895 0.31899353200305536 0.34019969795868155 0.36429759392322847 0.391207451442233 0.4207159241905436 0.45241440303230385 0.4856750525700169 0.5197479319749341 0.5530703733377158 0.5835726302625208 0.6088559295840342 0.6268362744243842 0.6378126040114926 0.6410396350337826 0.6363085755388763 0.6243985667493985
1.070975602407826 1.2330700237954757 1.4079305024639928 1.5806093878301002 1.720200074481884 1.779845975719736 1.730342848787311 1.588158616790147 1.399364475788174 1.203110357180074 1.0209880485611862 0.8619615877349237 0.7281219422594231 0.6182345850118522 0.5277783182571057 0.45307395728395516 0.39192740786124236 0.34235216687470754 0.30271553130695117 0.27202003995196145 0.2512170719123581 0.24507340716368245 0.25095936738431357 0.2620878237866729 0.2739506970570735 0.287577737252182 0.30432764708939775 0.32427361020307205 0.34751067852381956 0.37411018976529326 0.40407933225476056 0.4378661426305662 0.47539664236804413 0.5158282069797815 0.5578356807072398 0.5994987530770558 0.6382407122274775 0.6708919186874844 0.694475177658312 0.7085795635220876 0.7117556346367164 0.7036246276841006 0.6854370053412369
1.1963430528435826 1.4026112942762268 1.6357029900645987 1.8833196603207893 2.108210738329082 2.2230331954840317 2.141953188559307 1.9092296827925157 1.6310422823331037 1.3656115948527463 1.1333175776346454 0.9385195960259483 0.7793140731052126 0.6515229389874058 0.5504391811656507 0.47073749928724695 0.4064310097944614 0.35502383858248604 0.31479796212280464 0.2848624082670901 0.2654908268346298 0.25739567275644215 0.2594140826221589 0.26821122973196376 0.2788979674438521 0.29279014809844506 0.31031181522239515 0.33148884222904723 0.3564320253370486 0.3858670330555588 0.4206253295483597 0.4605948277472078 0.5053907777144133 0.5542112351947772 0.6056632373746867 0.6575735282873004 0.7068193910523338 0.7492709924564414 0.7807954740222064 0.7996696449661783 0.8030374646154831 0.7901517957242171 0.7631407164662058
1.324021248980243 1.5745098490668377 1.8679689591373279 2.202135273347814 2.5568515622395775 2.8141941143372486 2.656900791090427 2.2585951747117106 1.8668248932503764 1.527327290313375 1.2449637959389313 1.0154662441728295 0.8319580029515663 0.6871218764015148 0.5741379943611543 0.4871065241306981 0.4206510517533841 0.3684807308141165 0.3282574841246696 0.29882118203893565 0.27962860341275614 0.2702824323638472 0.26998765792176127 0.27677249088409134 0.2864048044163892 0.3002041897449959 0.31813104316852575 0.3402891946477535 0.36806373625562405 0.4020244767142491 0.4423531609407409 0.4890938857220285 0.5420111144974694 0.6004125644981546 0.6629277919793852 0.72723523499859 0.7897421633503101 0.8452769013828089 0.8883695671066604 0.9148136185008648 0.9189472061532743 0.8991224753755144 0.8592501347069946
1.4432190926270931 1.7293093048825265 2.0672743747767295 2.460038701682777 2.907803650983696 3.3881292098529414 3.0787283141554664 2.527996472349887 2.0566875995203135 1.66396308408029 1.343253542819154 1.0857134650817355 0.8817874885083146 0.7222465558687383 0.5988144536658002 0.5044770855627605 0.43357909452595206 0.38116098605063276 0.3413567326840515 0.3123196117033075 0.2931036202025035 0.2829911475548639 0.28134530785284667 0.2866801985593675 0.29554531829917147 0.30910160857625507 0.32744599616083736 0.3521379419013142 0.3836627606860064 0.42237828571486224 0.46864664818620216 0.522707738920786 0.5845239021068287 0.6535843081072942 0.7286552881465364 0.8074519041684843 0.8861815113214657 0.9588881210193639 1.0191247084490695 1.0582037224312606 1.0645690890848507 1.0340259841069475 0.9746346344185938
1.5448833592240907 1.851325738556007 2.2040580820944853 2.5930265919600135 2.981450063581997 3.224781373781354 3.0558194885329115 2.6187471101321673 2.161692662067884 1.7567733534192265 1.418032931447744 1.1432817852006398 0.9250084502137601 0.7542876523737345 0.622498893295749 0.5220943582519318 0.4468822219419709 0.39206395751576145 0.35301442725918913 0.3246065143712826 0.3055878001380187 0.2951871080460626 0.292885057123409 0.2972518882969997 0.30556220095823117 0.31907880236966923 0.3394439147200722 0.36713025732834176 0.40254277071649175 0.4462221023419813 0.49873387181129947 0.5605358142476293 0.6318126594344241 0.7122721790368645 0.8008958220120269 0.8956230493741094 0.9928934581734544 1.0869872569400283 1.1720125244948172 1.2333262942293315 1.2460948926281865 1.194588165943982 1.0704851308727137
1.6249028434035344 1.936471958871684 2.278340374328822 2.6237849549586785 2.9147568908670216 3.045010655140085 2.9178867480729664 2.589066060475278 2.1895703696712316 1.8035969126297118 1.4657173858764094 1.1849683293368454 0.9590519767635058 0.7812078266939542 0.643533942463824 0.5385580784669494 0.45990664943147197 0.4025133913390479 0.36261361146797677 0.3352779147968113 0.3168673582910439 0.3066773212940954 0.3043101358069613 0.3080769686971015 0.3160131547870473 0.33103332721004414 0.3537593231515385 0.38453276809373205 0.42394054602332637 0.47272052417012056 0.5316485747429935 0.6013949902909883 0.6823435024684423 0.7743750763350421 0.8766292589438365 0.9872590546868306 1.1031647736820436 1.220580010979231 1.3368803815490171 1.4372208798739643 1.449629331976638 1.284789862354033 1.0492365239316843
1.6844334309736042 1.991327348253482 2.310927440368555 2.607963368730073 2.8270756936324632 2.9023237507481996 2.789749751256992 2.520288769412 2.1723132270496692 1.8150967850245157 1.4889314200094743 1.2105542781216678 0.9828102033444699 0.801722034685657 0.6606982717190352 0.5527811837958823 0.4717193543040895 0.41239049701755687 0.37089993094701157 0.3441581340644259 0.3268467675301525 0.3173774829699042 0.31549105536980127 0.3188183581876526 0.3276483532427653 0.34454246512759296 0.36967957973028565 0.40357584836034016 0.44700322400708103 0.5008956061064255 0.5662257557058703 0.6438387354042913 0.7342350989777177 0.8373124200915042 0.9520977187300097 1.0765306747315035 1.2073742436433468 1.3434791899573242 1.4846502535977608 1.5863284352637814 1.5652947624326914 1.2225845725074154 0.9083708439258762
1.727650514038797 2.0264281531721924 2.3236105883861877 2.5815069910480304 2.752586349180739 2.7936203783929097 2.6853745893425267 2.44738204501972 2.1350357088068597 1.8040285795463489 1.4929757762595248 1.221675930066356 0.9963091744741825 0.815232232925831 0.6732139998770081 0.5639978736398099 0.48164844533210727 0.42115302457693715 0.3786227802152535 0.35131549825405184 0.3355545935606624 0.32730899241687883 0.3263866971640691 0.3299226630251085 0.3402364884571999 0.3589825701704475 0.3864920715980381 0.42344417395414086 0.47078627564105696 0.529633775674949 0.601126972867443 0.6862241364477782 0.7854176792301875 0.898379979924306 1.0235791834676857 1.1579434744650663 1.2973479797171181 1.4402265012504123 1.535477348786009 1.4995066993471813 1.312742347844507 0.9916957665906599 0.6918188275379826
1.759086105946856 2.0510184485712744 2.331281507706372 2.5616064334361806 2.70030878900417 2.716394784789874 2.603910384511109 2.3810357950737697 2.090485397839342 1.7793267975516527 1.4826665120636848 1.2204075325921437 1.0001274526399575 0.8216063643663976 0.6806667029716221 0.5717275786522812 0.48925071362026185 0.4284408897526938 0.3855190793978639 0.35779146355148717 0.3431408446592492 0.3365973432494861 0.33678868978200516 0.34160322129184184 0.3532792602591461 0.37374977547128513 0.4034751633558838 0.4432786094429693 0.4942646317988601 0.5577078351606122 0.6348815952941834 0.7267944573079371 0.8338073550286308 0.9551262524372759 1.088209539092368 1.2282037508766948 1.3711360984149585 1.4780793432923676 1.444101293139067 1.2750394830854306 1.0104108707154549 0.7190514891377734 0.47352917024540986
1.7818378200701999 2.071057613066075 2.3423677630992508 2.55605944682788 2.6725775735303765 2.667448799598177 2.5422491241708705 2.3223341908650093 2.04292746929086 1.745277121091973 1.4609410876445537 1.2083240507150552 0.9948978717801886 0.8209412121066267 0.6828968879058652 0.5757210467434226 0.4942774808835205 0.43405005690484877 0.39144569504314775 0.3638926829156319 0.349865879735168 0.34546689325864527 0.3471092156741939 0.35347357255629974 0.36630443838798776 0.3882550212737254 0.41990294044928106 0.4621906598555824 0.5163558291424836 0.5838080648306755 0.665927132593708 0.7637355140433227 0.877397760697585 1.006219831956212 1.1477244279096237 1.2958571184036547 1.431446385452521 1.4338418679231895 1.2852024745598327 1.0341037013823218 0.7493428033543397 0.4940767975841149 0.30321066128321233
1.7966357086751201 2.0893425343237992 2.361922315434376 2.570283268681871 2.671800402630818 2.644739572849414 2.4988523534066767 2.2679212336109713 1.9914082731701417 1.702437924173947 1.4287352907862019 1.1861758008341396 0.9810535293451944 0.8134091097202854 0.6799155999369245 0.5759133856692747 0.4966462596988086 0.4379147785272876 0.3963703093259996 0.369625051757981 0.3563018281981206 0.3541525877856209 0.3571595977976075 0.3650554917799579 0.37886924317292997 0.40193359361398834 0.43506345861100615 0.4792901119330742 0.5359554313570734 0.6065805400795848 0.6926404245818686 0.7957804340833685 0.9181722598582928 1.0582309387291695 1.2113050246336363 1.3710729992691406 1.4428505104889084 1.342342923413923 1.1088693115823494 0.8177482732419803 0.5429995632487609 0.3293853423100108 0.18651111477157978
1.8085562329109441 2.114449222363766 2.4025510506450862 2.620127208593304 2.7130272945390064 2.6583901330012782 2.479228959451462 2.22305327944716 1.9359136797089769 1.6501507059638167 1.3855260125726 1.154013801981375 0.9588233669208669 0.7992227146365404 0.6718709940362272 0.5723989308084176 0.49642338975350536 0.4400969712189369 0.40036706343955614 0.3750851600260144 0.36307085287212876 0.36220889464421213 0.36653963007285406 0.3758616843317657 0.3905740726955058 0.4142659253267355 0.44828926369950456 0.4937265114726781 0.5519877012495572 0.6246912222137494 0.715330859498103 0.8268073583665165 0.9596251355749865 1.1121236755614181 1.2810010529140792 1.4318479230796055 1.4186113590981204 1.2331329037275833 0.9436229987377673 0.6401228045574255 0.38965087324174086 0.2165794852978669 0.11239051248628842
1.8159040189901419 2.141909887860806 2.4613142263686782 2.7087236969868944 2.8002866515487073 2.7047552179550864 2.4754230667484154 2.183984218549626 1.8801071240956682 1.5924454241115975 1.335052969328807 1.113116016413902 0.928467119960525 0.7787019616039255 0.6590652882695498 0.5654298509604309 0.4938181780672807 0.4407816898677218 0.4036156249466676 0.38046347647229417 0.370219347908628 0.3693798056113558 0.37485140730010374 0.3854099806700882 0.40108246809496606 0.4248062125198607 0.45899800336039653 0.504744570422435 0.5635964655670724 0.6397865497725659 0.7365615303507757 0.8560042949751558 0.9993591985471869 1.1672783366746873 1.3555423373090243 1.4641844177922696 1.3776753365234424 1.1277022150680105 0.8036699233571613 0.5027759282582455 0.28059140198053995 0.14260561186026638 0.06754967267974074
1.8071525864979312 2.1532964642180192 2.517678343562157 2.830747592031646 2.9349062116686664 2.7641816298261683 2.4629637215642752 2.1331397105355676 1.8156387546973658 1.5282098010413632 1.2783557468550861 1.067626096909148 0.8934679154888295 0.7529125636919334 0.6420012275034164 0.5554294196511261 0.48918432489295277 0.44027647757130406 0.40640264115635977 0.3860494949933914 0.3762996073663494 0.3753520769193218 0.3817182178931794 0.3932401457150102 0.40996089025474675 0.43321463472708427 0.46673910710076544 0.511868778646885 0.5727309693788475 0.6526977337677331 0.7544608144264452 0.8810979361059934 1.0359211304049423 1.2199732422125147 1.4189395166815666 1.4765462638731404 1.3346809252522613 1.0398370761777065 0.6939649336578901 0.40088426245608166 0.20521725539987928 0.09539835609150474 0.04122165038766817
1.7689673762602338 2.1193955164442446 2.5160179752411325 2.9360094722980477 3.1032896884135077 2.7700012127773728 2.4000531520129718 2.0502370353982826 1.733251813012026 1.454861008346821 1.2168603422651707 1.0181604431264055 0.8557432291638343 0.7252940711898479 0.6223080181299969 0.5430048504539673 0.483021649269482 0.43901153444821883 0.40912458614519 0.3909372722800994 0.3807069986658093 0.37984820422652243 0.38675271853436605 0.3986841281186243 0.4157847082889959 0.4384374386598915 0.4701425985320362 0.5155660689015932 0.578236949869405 0.6607976501978119 0.7669980817085466 0.900728125848458 1.0655665640793222 1.2638873868339986 1.4542127152797601 1.4712168788209514 1.296129395413069 0.9775940728939552 0.6136196731109439 0.32674232220578253 0.15380878130528408 0.06571254485674294 0.026012984450495213
1.6943365993194157 2.0176341666727375 2.3795713569698784 2.748782946492927 2.8793331359135474 2.591975105214431 2.2497894162391816 1.924132438383245 1.6296106627093476 1.3716287583016367 1.151466177377357 0.9677853602065141 0.8176215072241928 0.6971914441612777 0.6025272590997622 0.5298708121143897 0.4759715208937267 0.43753813713710504 0.4113067630458506 0.3934111163066862 0.38303523012261675 0.3819245464112247 0.38841461646873815 0.39993762887808393 0.4166524124390291 0.43883432641391074 0.46924995700416605 0.514838238174486 0.5782452480133549 0.6625489356414729 0.7715456455190266 0.9095349438346185 1.0808858002260786 1.2893072136930115 1.457136481113992 1.4400574186248685 1.2490384473322824 0.9430450056854774 0.5532987965454965 0.27105414329047933 0.11869435764876157 0.047199415994449885 0.017306062684224712
1.5903191905626926 1.8615672911901608 2.13929770350952 2.365674577858523 2.4263036044721202 2.280419294501719 2.0331444104437644 1.7653544630538465 1.5105044592772554 1.2818972376833964 1.084264971650938 0.9180512863152834 0.781420867132586 0.6714384945579218 0.5848310981045282 0.5184815884723818 0.46973944508749393 0.43541840598087017 0.4102841763230238 0.3925316025129736 0.3819593240365901 0.3804511570357641 0.38608113266650146 0.39668933633187303 0.41246465790618037 0.4341544171250487 0.4656366236671085 0.5108739211599241 0.5740331199375546 0.6582344730252796 0.7673551019461566 0.9057934994944083 1.078016066511643 1.2874835271483818 1.4228098866667065 1.3710288875502585 1.1545952723969486 0.8375047367378575 0.47724685263807975 0.22589563803928117 0.09477029900040745 0.03584064893368223 0.012398424801405065
1.4743635913394049 1.6896492046174298 1.8909291126565007 2.0342747539356827 2.0685565857796147 1.9798183626762753 1.8068888428382266 1.5987024285148335 1.3879181053954768 1.1919395992827473 1.0187756478728038 0.8710723563762633 0.7485085172989614 0.6492546458611806 0.5708879011564013 0.5109440490215621 0.465354064395662 0.43085315509462513 0.40590281997615857 0.3884939542971872 0.3781685445205885 0.3762556886145069 0.3807259872139633 0.3901431881794792 0.404668984301539 0.4267400400077247 0.45951513516167874 0.5043829904885673 0.565892853170226 0.6481134241068203 0.7547589232557451 0.8899389292003667 1.0575524144594082 1.257617669917019 1.3608314079857622 1.2764820816416742 1.0337239315539954 0.7096552487726636 0.4026574004724978 0.19172545448878825 0.07939469851902548 0.029257464962791312 0.009910933287178366
