_RESULTS/CROSS_VALIDATION_POSTPROCESSED_80-20/MHZ/TZ/5comp/3/MHZ_TZ_z_1000_kriged_reverse_5comp_spherical_3.asc
ncols 100
nrows 81
xllcorner 5.5967107548124995
yllcorner 50.982328804812504
cellsize 0.00017565037499993607
nodata_value 1.7014100000000001E+038
[rows 19 to 37 of 81, columns 43 to 85 of 100]
0.002951654857251465 0.000932934129704535 0.0002900587971667347 8.971617943831851e-05 2.784616749401114e-05 8.769400489190957e-06 2.888942369362019e-06 1.5569082571571016e-06 5.205554070677227e-06 2.3388201255184007e-05 0.00010765585719289006 0.0004857254543163277 0.0020876590761993424 0.008253309365646652 0.028557934822720923 0.08585464503007578 0.22411318300704589 0.503562809398964 0.9511541039426842 1.5088753798473 2.0831431692266524 2.5574715782278763 2.807745344475827 2.75676587000757 2.450015492100558 2.094606501664499 1.8756547162063435 1.7675758376975708 1.7519729354456546 1.7579341721370199 1.7202563305713503 1.683166112417862 1.667008131024431 1.6755062546776458 1.7120798337958174 1.7793260000242173 1.8626173826575811 1.9500547262467127 2.0228693931559127 2.031274071351085 1.8830278489527956 1.5756791707510174 1.2462369156097752
0.0032170501133906913 0.0010550756242587828 0.00034083216196301294 0.00011000197126073143 3.5886238180101376e-05 1.2058803926590871e-05 4.443470754104516e-06 2.9353778947570488e-06 8.537099316159148e-06 3.777255601863778e-05 0.00017582986984352846 0.0008048782966333398 0.003392108900492515 0.012531145518972638 0.040050924368147174 0.11047325718290611 0.2634641748721092 0.542770269218967 0.9635279900134408 1.4833652582433283 2.013715702065934 2.443607618382154 2.662929814384245 2.6017108186743387 2.3019346278383748 1.9730596130780111 1.7850091511888193 1.707977227164267 1.727408352003936 1.8047752147208245 1.8534427111719982 1.8452152792099525 1.794138524041168 1.765721672410643 1.7630793370325544 1.783510509202138 1.8056046648732578 1.8138919671724467 1.789037820302557 1.704594861320833 1.5409250089580055 1.298227155860544 1.0425337315238776
0.004109823182234413 0.0014447606567728163 0.0005067713677086493 0.00018193601765093708 6.88609303220834e-05 2.9123463206054753e-05 1.585023790285355e-05 1.506458226222505e-05 3.092441511748223e-05 0.0001039611715120289 0.00042155003741006493 0.0017048139635965106 0.006292085115572733 0.020534683058898516 0.05820833561195644 0.142346902933066 0.30216131605429103 0.5610569879962564 0.9185839994114968 1.3391278265737696 1.7568613865325111 2.088438426199226 2.2489512943566785 2.179855945973277 1.9095085063394635 1.6482457869518825 1.5112261198883141 1.4745609923838825 1.5273334552238211 1.650364713437184 1.7842935616325688 1.8734422783346898 1.8905982423180319 1.8310028463234767 1.7842390576943252 1.7585087522653482 1.7259073310663415 1.6726529829182522 1.5853426327778344 1.4536715717946085 1.2806856042872068 1.0738270478298653 0.8627251132378141
0.006034760968420467 0.002330246384357113 0.0009149376778088189 0.0003792996138518728 0.0001733626428434914 9.38329438278596e-05 6.760901093808527e-05 7.495841102811847e-05 0.00013837328832446718 0.0003813946417107439 0.0012454549848093053 0.004151563758123708 0.012941467387410964 0.03601813938631163 0.08744522470132375 0.18358005519901427 0.3374397303739289 0.5520503454008783 0.8162148665838503 1.1044064520373322 1.3792318630149993 1.592811236614523 1.689949565673134 1.631483163350212 1.4269220006019667 1.2547362895767855 1.1734321451375238 1.1731934218199742 1.2500535093900491 1.395380019570857 1.5910916676218745 1.7655055599981138 1.8820840015057116 1.903992409357234 1.8218891638798005 1.7353514048894816 1.6459851923647555 1.5471169037185917 1.4243600436399273 1.2698526014379814 1.0940968504541027 0.9067551481992324 0.7196551317611001
0.009878384469618851 0.004247340657177142 0.0018944123100232647 0.0009155738480616347 0.0005023255615870936 0.0003327031221629206 0.00028784275905327234 0.0003511301882608324 0.0006283114039764126 0.0014674535130970836 0.003928908968662881 0.010874292548461839 0.02843935956969086 0.06628991493988572 0.13397363472528184 0.23398355720665245 0.36170242528987645 0.508484104215615 0.6644057721873929 0.8192935185430855 0.961287809759586 1.0781878093407011 1.1449677803563432 1.1168163167001655 0.984184005845804 0.8804304462735968 0.8388079770018452 0.8612076765099819 0.9490586634346311 1.1020167909938494 1.325953544997852 1.5618199504905408 1.7655922799358106 1.8904580834911173 1.891432102468352 1.760829673691699 1.6159807403393205 1.4670872424332042 1.310043445683215 1.1460102436552002 0.9717265739561056 0.7940563222159183 0.6181455066774106
0.01737269102994497 0.008354820725058144 0.004238671327475569 0.0023634439567586734 0.0015148255364750324 0.0011722220238201391 0.0011534441339840764 0.0015104485105791787 0.002584004499462044 0.005279998179788551 0.012132981749380094 0.0287450607309213 0.06419529182170995 0.12494229021881348 0.20492861187397501 0.28788009097077594 0.36302547095367727 0.4277573500438896 0.4837857964186366 0.534861793011035 0.5897736878154177 0.648428960915664 0.697129180496114 0.6979655278600276 0.6267579916462166 0.5654885513657111 0.5477149349703719 0.5807737609961134 0.6684720870587751 0.8161643644303493 1.0412822200323026 1.3095253084308007 1.5773396424615191 1.794671516513361 1.900627963492744 1.8317895961483008 1.6414433392178205 1.4535524652985439 1.267752881639487 1.083949403303828 0.9053817190530993 0.7330989952805985 0.562414438032265
0.03134781274020025 0.0168379684179267 0.009658749902659481 0.006117146999763941 0.004463939458102633 0.00389654859495278 0.004212839072931936 0.005707401170614724 0.009116145202153272 0.016786452034588135 0.03419898320320766 0.07213250510443006 0.14333407178054525 0.2358056256736957 0.30350713616311764 0.3292818379030443 0.3292155271157252 0.31859078699589216 0.3072864075713577 0.3045874324933329 0.3133007508967553 0.33449646511683223 0.3665658988434453 0.3932048462226276 0.364066632559157 0.324302629105431 0.32168028526949255 0.35797097639011133 0.4376567646883005 0.5702459478022377 0.7785399286649682 1.052311422215592 1.357169982111214 1.6469105246934463 1.8476457629851692 1.8804428177393517 1.7159571278032693 1.4970531516843935 1.2938370410604225 1.0966420498675689 0.9018211945412731 0.7195150200554541 0.552130186130716
0.055706026331502824 0.033398411430126076 0.021483758196906583 0.015241813468207823 0.012364055577264187 0.011839107820895013 0.013691112188261263 0.0181186425828615 0.026988462972014036 0.045077011021376547 0.08227756576705941 0.15853055481094866 0.2999900406091711 0.43685809952325555 0.4090128444081273 0.32900429119745656 0.257667842425803 0.20379801572493755 0.1686427581995838 0.148262085377058 0.13968358039538822 0.14140280052219095 0.15277571613382357 0.17275900977330455 0.16886225835093283 0.1570895049647739 0.16716450826651416 0.20169730785803533 0.26834522543095035 0.3799540924597228 0.5617638009005804 0.821387740686454 1.1388934973757596 1.47576593590384 1.7526430527743597 1.8841216828125216 1.813640268377702 1.586717405404869 1.3774924375447528 1.1795519607949803 0.9661573113647818 0.7536261687072139 0.5745951892885689
0.09511355270820246 0.06345032574779598 0.045306455663707945 0.035530761267579335 0.03140376065939464 0.032225135844198206 0.038131509735670054 0.048107021109566384 0.06615989473749807 0.09878397048244547 0.15843753166928293 0.26917703013082184 0.47644810190363596 0.6811961264963808 0.4222995417602837 0.26314895774500974 0.16672868539876282 0.11076032438569738 0.07869284964552142 0.0606865267310813 0.05142409193569786 0.04801116605672705 0.0485088715714848 0.05156988204530498 0.05646611838234737 0.06339029805648687 0.07758506979851912 0.10551699476414603 0.1567897476399628 0.24573178284793418 0.39823935015239 0.6330279702827606 0.9456151146494418 1.3039312453771252 1.6361623924797701 1.8519630655398935 1.8770719799116666 1.6994606265619654 1.489070722482145 1.3195088001099384 1.0944733174605852 0.8171160600769481 0.61433907772412
0.1539319257010832 0.11339680908474556 0.08884607560466444 0.0758681143539608 0.07204774704131979 0.07769160948003156 0.09025612640330592 0.10727056586424435 0.1338956615689041 0.1753325290907109 0.2384041729600486 0.3285073442980475 0.42913766990952873 0.42992606580251047 0.2869900111288403 0.16164606565547893 0.08909260734523419 0.0509860893397196 0.03116660834404824 0.02089148017592294 0.015704430830458523 0.01336090570655859 0.012699841263402617 0.01390486767300075 0.01714613476174521 0.02305259394395755 0.03364380095642465 0.05305823956598142 0.08984671675404879 0.1581928176986234 0.2836403170650963 0.4911143151512384 0.7874602675988533 1.1499803915757147 1.5164371438955841 1.7947491082598732 1.8983551840380308 1.7921713381851383 1.5636852120379712 1.383701422597152 1.1507284257181367 0.858161629935413 0.6505896613176387
0.23425468820332832 0.1884900262428925 0.1600410787125707 0.14669283922593734 0.14756728537413308 0.16383151507879326 0.18322772285848557 0.20271938365569575 0.22716839954766466 0.2579354695738245 0.29205753972252196 0.31860698386663594 0.3129364927248255 0.2505656580775263 0.15659323490758542 0.0823197618049441 0.04086208937684916 0.02038305187456994 0.010688183396457548 0.006150773897609809 0.0040493333634988235 0.00313651615563319 0.0029772623162892266 0.0035454013788046384 0.00504868478942386 0.008149445527087493 0.014351065630655396 0.02684899301011676 0.0524083795594884 0.10455506574318049 0.20823136768722228 0.39108411105581825 0.6671949848323885 1.02483480449927 1.4091820116907545 1.7282500626990276 1.8857769995712246 1.8279004469053677 1.5792929918025382 1.3323841758595805 1.090016030717728 0.8580837415606274 0.6720922695259433
0.3331558338202034 0.2892422392903426 0.2628847077362276 0.2552953191655937 0.26843415600587206 0.3005205978864002 0.3219858470602939 0.33026502365581384 0.3319527371509023 0.32744403163810765 0.3112772472263172 0.27608169299287016 0.21787409379273653 0.14567992929040682 0.08063050261636634 0.03870125133630044 0.017195874867722588 0.00744711009830026 0.003308324496857612 0.0015992479804068122 0.0009021231295250911 0.0006469050521369778 0.0006487198930072333 0.0008806040756767115 0.001501810645687383 0.0029636877465528616 0.006357262185740312 0.014234288955225263 0.03239510868862868 0.07334574444808026 0.161403069847626 0.32468236740917755 0.5840973531579872 0.9348444404113572 1.3279615854801026 1.6707252234039116 1.8607932699339005 1.8309209954412642 1.5784757578641073 1.2938503151505176 1.0542520894611298 0.8493871748691068 0.6840237062260385
0.44038616888006366 0.4076937469135092 0.39214909570137596 0.39893050656204254 0.4330682093059414 0.4800419048250314 0.49390825467266525 0.47394909858734235 0.42998932787987626 0.3727868941777534 0.303787979445727 0.2268340715584573 0.15040161632458843 0.08608745754935347 0.041978865048852156 0.018108744646681784 0.007132992860610692 0.0026615431077043313 0.0009851388459496387 0.0003868277680977693 0.00018101041930380346 0.00012350563222282242 0.00013522900662445964 0.0002224256650966526 0.00047667440507714935 0.0011776122110215856 0.003098332161054685 0.008293569819663683 0.021966105753519986 0.05634817197899473 0.13497014065522805 0.28704801411260994 0.5373979478341719 0.8848746404818003 1.282775646184754 1.6373871341342963 1.844175777554201 1.8302068291706945 1.5873325104332605 1.2805111352708205 1.0414579625447107 0.8466959550010987 0.6938421552230913
0.534705546213533 0.5218959294533181 0.5257202034217271 0.5535552490850194 0.6132450898850464 0.6709270755717053 0.6669082170653252 0.6056270729162064 0.5050031538297084 0.39187262378089377 0.28074984193743413 0.18235510099893176 0.10513694128913761 0.05269698907577427 0.022968796250628903 0.008918988900592105 0.0031258186382237653 0.00100937683351608 0.0003096404679913766 9.635597568703153e-05 3.649478622838893e-05 2.230149139921034e-05 2.8203415028740088e-05 6.209658004692333e-05 0.000176222115808488 0.0005514993102244476 0.0017675490602075748 0.005581836845141999 0.016893465227511003 0.04812654034085193 0.12416467403783991 0.2754716013271448 0.5273232881444041 0.8790435761330451 1.2821655034256454 1.6413366405568417 1.8523804807821262 1.843031650322274 1.6073131627306307 1.288367713206096 1.0449448096945213 0.852014505941366 0.7053567024632734
0.588317050383375 0.5980136789686034 0.6228438933689088 0.6722739498791459 0.7551666432908132 0.8171064758569232 0.7916896805521224 0.6905040896189216 0.5425305722291314 0.3872238802112296 0.2509020600987507 0.14607831360963272 0.07548388524393453 0.03398073055705814 0.01353855312186543 0.004818843265555884 0.0015371944866389932 0.0004426275367866567 0.00011815653741078652 3.12207949670873e-05 8.828978373238664e-06 3.903982596771462e-06 6.753291168451012e-06 2.2854296099350685e-05 8.640734297713614e-05 0.00033198722178556756 0.00125022495737039 0.004500435871765619 0.015164177741271002 0.046893924239056715 0.1264298993833614 0.28771037568261504 0.5555457981794917 0.9224766158589242 1.332972325181319 1.6910310513629943 1.89520881238566 1.878639877141207 1.6401217808035256 1.3124524381242362 1.0592786855102285 0.8643404031928493 0.719901958207557
0.5792184475053243 0.6077589961815072 0.6502185971547834 0.7148748580623722 0.8097165115549355 0.8715935551333913 0.830648199497604 0.704510291060378 0.5324393120107966 0.3586565200862356 0.21718050993851512 0.1172832930086073 0.055907781210090296 0.023308786730674075 0.008712462393688048 0.002927476218514325 0.0008846925266335536 0.00024836952724491984 6.641465095106888e-05 1.717379074143274e-05 4.380401653529267e-06 1.2648465503513686e-06 3.4399164804968597e-06 1.49103893816419e-05 6.443580890336656e-05 0.0002741089810528772 0.0011322254928623366 0.004451448455844102 0.01624156571888539 0.052853663796491215 0.1440380644403045 0.3261090342575176 0.6193354419076296 1.008942221320577 1.43225490911495 1.7875248103131656 1.9760494940570683 1.9399861126053974 1.6868424807896938 1.3449496381546369 1.0800753222711799 0.8816614784841529 0.7378211978175928
0.5074461248424972 0.5465172526919952 0.5971914976132703 0.6654725000502179 0.7574892879512378 0.8173925061612081 0.7739518187769574 0.6467671642299752 0.478600685234539 0.31289377223107606 0.1814630097337306 0.09368389180440158 0.04243111912030473 0.016886563715943843 0.00609965597323786 0.0020398243076546014 0.0006441122618486845 0.00019504064756911314 5.804976135548526e-05 1.7782094122229833e-05 6.292305020776197e-06 3.706468762289495e-06 6.0825494290690995e-06 1.933451022886154e-05 7.55322505265445e-05 0.0003133761195164225 0.0013161741965100192 0.005401277719135986 0.020827651542491464 0.06928309426162027 0.18512200456055844 0.3991001463307636 0.722457025099298 1.1301910004520173 1.5555992783377193 1.8980103070284613 2.0633067893806776 2.002945678244188 1.7295253680653693 1.3683954539339878 1.0956333421270301 0.894828098936375 0.7504449509858674
0.4197490413181795 0.4436690416866682 0.48388070608845324 0.5421861607825925 0.6189563459585425 0.6771631238106686 0.6483825812700756 0.5451919072152818 0.4034116520816544 0.2624817965998655 0.14971972247622498 0.07525899510024389 0.033426905863185453 0.013352597113709138 0.004979771931309861 0.0017660528716541373 0.0006061776802550805 0.00020647063082004463 7.276768600733078e-05 2.84604077368098e-05 1.4105108865542897e-05 1.1009504930735728e-05 1.5934464960181017e-05 3.858932808673008e-05 0.00012536523052599681 0.00046962324419145467 0.0018874288825992916 0.0077688929425807724 0.03088077158744258 0.1049921131674242 0.2658784573548316 0.5158984488698565 0.8589044787391963 1.2719231880717974 1.6845549725544633 1.9993280336601063 2.1282127597535423 2.0342059746634 1.7247319051607368 1.3547622371939423 1.0833822303926155 0.8865165152921906 0.745600875020932
0.3508956963701762 0.3594732590486384 0.3807752046992162 0.41706997938181845 0.4702240649898307 0.5209840935481809 0.5083270635099679 0.43529668651388936 0.3279571120223392 0.21775538833009317 0.12702575129495788 0.06510735821568171 0.029820832716795673 0.012479694017671293 0.004955452210871059 0.0018985765835881194 0.0007211087009141141 0.00028050277141835527 0.00011734035358300125 5.6843737209856974e-05 3.5450726569974996e-05 3.194890401966035e-05 4.4491858483714934e-05 9.212744927242324e-05 0.00025453805111884896 0.0008437101692217146 0.0031187233203292734 0.01228839440223517 0.04813779275546262 0.17646877045082665 0.3993629741887767 0.6591669590434296 1.0010717841887486 1.4012903148322586 1.790057332013573 2.067671583933007 2.153100442898287 2.0126362029264246 1.6595621581110862 1.3016645568973113 1.0427902378190224 0.8563452243245491 0.7234972867520111
