_RESULTS/CROSS_VALIDATION_POSTPROCESSED_80-20/MHZ/TZ/5comp/3/MHZ_TZ_z_355_kriged_reverse_5comp_spherical_3.asc
ncols 100
nrows 81
xllcorner 5.5967107548124995
yllcorner 50.982328804812504
cellsize 0.00017565037499993607
nodata_value 1.7014100000000001E+038
[rows 40 to 59 of 81, columns 44 to 87 of 100]
7.807900759192974 7.601883165194284 7.481209246154276 7.436736276052379 7.459883742117148 7.565296322892399 7.7830624813111315 8.111614214787707 8.526490504950525 8.97467888091477 9.443220579259117 9.919808759770826 10.377214848336841 10.75011441763124 11.01529900185525 11.141558840773095 11.126203933342959 11.015115312027635 10.817615916462357 10.542353066404116 10.185352262307413 9.768339772685069 9.334486385335664 8.927096921194156 8.526542734245224 8.14213212778492 7.788827632708594 7.488026259291761 7.27587072580535 7.188404491576531 7.230826029332266 7.346980864276342 7.505024430436494 7.701375629018509 7.9378422981593255 8.209647377439786 8.504645080868178 8.777285069299449 8.937617059880019 8.964592434467278 8.866935529891208 8.668713584236063 8.394926381409821 8.065945714154104
7.36933100073832 7.237964258621996 7.200377088554425 7.247159373880222 7.3607594386062845 7.53227813859431 7.7990232476332855 8.167356838812212 8.59731662485337 9.0437627442074 9.49462871395212 9.941581416261522 10.37061452326667 10.7256041223732 10.984397253302888 11.120748687423447 11.106246742440531 10.975315017625178 10.761687630278265 10.456207161219687 10.071314312717101 9.635551910794552 9.199491056524932 8.807014865910338 8.461624997163616 8.13977806130045 7.855435509649333 7.625188533344332 7.465273166561983 7.388862678525385 7.406103272471236 7.491546947546479 7.637983378050012 7.844954389260322 8.112626690025508 8.435415206107068 8.788826521871872 9.079808605244171 9.24669026733677 9.254159890573648 9.121983980096834 8.892544012377462 8.598506630254413 8.263851468818329
6.970330068193994 6.9127543592242 6.9544919634764835 7.085302665409514 7.291382207523332 7.554916923701263 7.884146063835069 8.301743308999306 8.75003854071717 9.192380755539071 9.614714570663036 10.011844315554361 10.384472807535095 10.706663403798675 10.94558536410953 11.072512721215068 11.05971783119839 10.912339594214496 10.672437532201206 10.332662634566056 9.921584714366489 9.470432095070823 9.034097719051037 8.650369482440642 8.337397374901308 8.079314263755236 7.857937185759184 7.685278419747226 7.56860876876893 7.513389232373766 7.530725950046026 7.614326706811826 7.761941496329223 7.983571555313597 8.285435275909142 8.665534102293336 9.078713239584852 9.425903726724167 9.617363562130665 9.573017945341808 9.36824999780819 9.089054377348194 8.772243486195492 8.436193426286536
6.593803770416677 6.60298850862392 6.725291996418295 6.949318943025026 7.258449693953999 7.632931705102984 8.053870655095222 8.53098467985166 9.007075454396249 9.446907339180424 9.82612050279127 10.142149704494727 10.423901765745292 10.696302490507378 10.913607715446913 11.035006119410136 11.018311303417667 10.844263728773996 10.549413713084142 10.168857139309466 9.73151308627369 9.267255495937942 8.830644665173622 8.455363011807508 8.158169505716947 7.949741858138573 7.790086469943899 7.674916366188652 7.605860407474291 7.578460229085439 7.601652083486431 7.689976748629168 7.845729150009648 8.08611466265734 8.421396640124195 8.846924500525656 9.303536363117585 9.753658399530002 10.050823581170462 9.878688875938614 9.581191265990238 9.262422591908624 8.934405051574942 8.603868700818476
6.227109224952551 6.3036576780411 6.5143057144554515 6.84443362312168 7.272725486592527 7.77530047986242 8.325990860369018 8.875424216780656 9.393973520224932 9.836094241675491 10.15939720717508 10.360106873887885 10.50306511553993 10.69679679709411 10.902438863653249 11.025332637660469 10.999372964194086 10.791133399640746 10.439025839012048 10.01199113058015 9.541663553263216 9.058579556291168 8.615725890212275 8.244489702249638 7.9594832933658894 7.774281111184698 7.673384519059476 7.6156614641411995 7.596965282315566 7.591447907093136 7.606153382114867 7.693184000112022 7.861064595100667 8.12308188934559 8.485886825415974 8.914287639939323 9.373180850427811 9.841777463342433 10.175020217210426 9.980536510051035 9.681495585411657 9.371524480849052 9.05821189301839 8.745799153699812
5.872513873149399 6.016105460631406 6.325567734050273 6.7766656377221155 7.33991934743363 7.9879652681749365 8.686734845548793 9.355498936525729 9.94093644387944 10.406329106157662 10.68301858565826 10.733512126770812 10.65457719075507 10.732514149138876 10.9596953485363 11.094374491765684 11.047794711627503 10.78616111905637 10.36532486718677 9.881739257871054 9.37080524430445 8.86246777569531 8.405597799714503 8.030526395097054 7.748986585704992 7.5720113240595435 7.50456816475413 7.496379092978535 7.540294361409687 7.5533449750606305 7.528977844445326 7.605473387637636 7.785810512929114 8.070055230081902 8.43567948654395 8.842441720230747 9.2655093123704 9.648751511949426 9.875028455681464 9.843971879373006 9.650958050344425 9.400468418709043 9.126571221347369 8.842319603038424
5.531419659611535 5.742832498451857 6.169561956556556 6.758259646869598 7.467703147998385 8.271214302130797 9.117009044398113 9.933486552678284 10.645628612625039 11.18194558288237 11.469200232598988 11.395911898706117 10.953767952027293 10.883984025138437 11.209527984729641 11.327239360410934 11.205735241738223 10.853640833690463 10.344304946730553 9.78897930509961 9.226564330092874 8.684633352985156 8.204382887148597 7.816364201178139 7.528337320505029 7.347432660085726 7.281115514686644 7.293018720140794 7.345271427256825 7.360915274431615 7.339816457869166 7.41925965063608 7.618795423353629 7.9105363246362 8.261212709500015 8.646132116546923 9.031846166621955 9.365208501366586 9.575536888999517 9.623939468500522 9.533239256280872 9.354331631976393 9.131365484989077 8.883124812750193
5.20671883508116 5.497052493240853 6.0776793201230195 6.814009725945523 7.666731715548895 8.611469724925554 9.593112046891848 10.557381206448897 11.432011151689773 12.119465430682256 12.50824468499834 12.492738370561081 11.977008454312605 11.726175054653453 11.845834316969762 11.779714293010173 11.491590745804823 11.001321633498822 10.379414212992579 9.737229761803228 9.112839767892398 8.529643323660931 8.01778476316453 7.608640641536021 7.305516457862138 7.1103167429844865 7.024316472705347 7.024525334195945 7.038277739840379 7.043641720875092 7.059107628088336 7.154924766107627 7.357472119711474 7.642337583839624 7.988577904065311 8.365834806486825 8.73402665580674 9.051881508255514 9.274481016953038 9.375371802021485 9.362384147899451 9.258226572652456 9.08765534843103 8.882229361679803
4.953792340406558 5.3794188056772825 6.124094184117304 6.977641669467621 7.941968659874879 8.986730628290132 10.079607015888008 11.173386604506447 12.199987518715012 13.059194425307702 13.624124011332755 13.777193952826309 13.527111898468819 13.126747375102376 12.761367627806097 12.370299085703273 11.859908165918302 11.204417830555526 10.457132831245305 9.72086080804739 9.028949547342258 8.399824959976307 7.852433847134642 7.416924802394087 7.093833565713292 6.879677320220967 6.770046671726463 6.749442532914649 6.741225855567685 6.73393846572887 6.749532026394467 6.826886889803651 7.004661946628351 7.293067116448168 7.651997935605055 8.039068788333653 8.411163040195776 8.73242555873201 8.974562274592106 9.117503809080631 9.16043250698189 9.117362239289992 9.004799228716028 8.863120005386396
5.250037274343752 5.645704875201129 6.361304228197145 7.247943258502172 8.25437282983332 9.356328523550753 10.525351095499133 11.719103387240054 12.869484497427289 13.864820577951278 14.556696585576942 14.82251917613627 14.650721746190982 14.176669404049925 13.577639901532438 12.930923099425426 12.218136964577711 11.413965494085748 10.55141118184036 9.72728111064811 8.970464697975716 8.296136005220553 7.714901622457927 7.25175034469072 6.908382296916865 6.676685974328256 6.54803204190868 6.510251499766756 6.48977832856595 6.457617934532712 6.427228709683468 6.4510123667566015 6.596036564563171 6.896050502795018 7.290142871744012 7.702532079002647 8.090256138627295 8.422917110093072 8.68348748011201 8.85824018947227 8.942368989768038 8.944813470120062 8.895850028746876 8.820633320346664
5.638611991543807 6.054920106220552 6.7207559234211764 7.573974259447593 8.569597571564715 9.681132585474494 10.878701253111338 12.126465116347983 13.364945728084718 14.476904507724681 15.239294427232583 15.485046259098162 15.298149466616294 14.809721839356078 14.135638335434447 13.359310250301723 12.49991879510392 11.581573614096936 10.634586645573433 9.741747103365539 8.931004123539447 8.217940794980834 7.610562020181347 7.12248005664235 6.762482938632251 6.518988846815403 6.379395092848164 6.324843426188112 6.2814258782596815 6.2120643665187005 6.129032481808385 6.07053651101539 6.158103557916346 6.508784296111806 6.9512071597136265 7.391972269180684 7.793652021858405 8.13594884040544 8.408358495407283 8.603508812042369 8.716791276274947 8.76731012357766 8.777447368883998 8.758526636583019
5.983434582285149 6.438547894983102 7.0828938135454225 7.893138702262531 8.84954545772087 9.930481983444094 11.107931756881339 12.352076160473707 13.621508755491018 14.844769886933982 15.699267795266824 15.772063709805357 15.517249749687387 15.028525407700421 14.366155701779078 13.579207441971233 12.673362381333833 11.683745349117904 10.6827238112586 9.750119722232434 8.902986390422637 8.162100746818624 7.5369864477122235 7.030421734858712 6.653461929164438 6.394257289389163 6.236974998481887 6.16632673691356 6.1114397303060946 6.02659955564503 5.923041772304842 5.811151982621358 5.801745941080911 6.246089212849059 6.698037927598895 7.136658551409858 7.5370793846156845 7.878756272595827 8.152910025171966 8.35820679155113 8.505355865146818 8.601597849508181 8.65856117814925 8.685896549557636
6.268982030139661 6.741289085475779 7.371954729124609 8.152131081645575 9.062062196781891 10.0817393076827 11.194213955699476 12.369060242317854 13.565383033777511 14.719748580164097 15.529270312259571 15.579055993881658 15.35382055105297 14.918587847788139 14.30441593685819 13.552853807153586 12.660295595786227 11.658434249701651 10.638415996235025 9.681628895710908 8.820052883044122 8.066504678420616 7.432598041799377 6.919118985717482 6.529522651858898 6.2629194676565625 6.103332322728492 6.03519097213859 5.986835411005971 5.914666814330656 5.842801111297731 5.8027560169614665 5.892034902010014 6.18444972591942 6.5631803273917075 6.952588225542318 7.323114768289453 7.650492034264659 7.921244086901338 8.14473051252369 8.321028141450844 8.451948958083737 8.544947550633747 8.609279507846654
6.470839730127759 6.950848767423825 7.567009289093058 8.314288141663713 9.177454748480935 10.127841575759927 11.142681115553804 12.197817202721502 13.236785045981902 14.161166107258463 14.790119427843823 15.00374612953363 14.899908300741197 14.561530962070318 14.027160942283606 13.333888380180195 12.485180210805485 11.507406466458214 10.503251859232417 9.538815236521735 8.657975498200512 7.897057885285297 7.270837045696984 6.769219876179785 6.384934600495687 6.124128812572332 5.977418693178885 5.928382829172106 5.899825801228934 5.860087690573431 5.839141782806835 5.86474293806952 5.981203088393006 6.20811696039311 6.508435855785062 6.834304853307106 7.156178635473815 7.459904115228558 7.733174675176764 7.968319967207956 8.163635839962986 8.31947313259484 8.439690294562793 8.532883919255562
6.58716292109548 7.067093515880043 7.664866125948008 8.375650989375018 9.185143930016938 10.0648531055225 10.979420048107505 11.898402599951735 12.774443567159235 13.526637055059334 14.058038605042725 14.308928113818178 14.292465415003583 14.045836183155554 13.597364751832853 12.97779886028492 12.18822651884895 11.263145985923202 10.29953516124781 9.347470703535075 8.457791719609247 7.690714481754239 7.073026165485681 6.58614401762008 6.219983832858179 5.975645751979299 5.854965775966148 5.837564437451103 5.835469977951098 5.836886796686834 5.861237675643723 5.925901642805529 6.05117540242492 6.244735048232128 6.493222432963116 6.771810388062789 7.057966613973711 7.334866781689983 7.5908388171642045 7.824191843129999 8.030575404671612 8.203349408207906 8.343719212649576 8.458922377672952
6.620745427081082 7.094368966772711 7.670162424186788 8.342289498416907 9.096087478791219 9.903080714242098 10.728356030835343 11.526907975854819 12.265475118055026 12.89339127062959 13.350881793507336 13.597908017449958 13.626211201071456 13.446755037048192 13.074482459366402 12.526397451397422 11.80835883325851 10.959986991786472 10.057043383379362 9.137089719643013 8.241869018672617 7.47497373185701 6.895193551290527 6.421214883378541 6.06079858327522 5.834717174234002 5.745798910563654 5.764753407793049 5.794572177482994 5.836356288583476 5.89745031513404 5.9893073795166565 6.12328101727147 6.303308882122827 6.522567420182865 6.767008354237143 7.021108921571531 7.271221682418146 7.506697721598749 7.725781224296445 7.925805962041772 8.103226422214687 8.256301183152507 8.387711020503627
6.576470938449605 7.039517198932536 7.591334028533855 8.224929014415704 8.925223797603335 9.664137043873469 10.408554338488827 11.11635085009384 11.745685227664199 12.27784859314752 12.67341949324165 12.901836968007224 12.949025228449512 12.813785594681132 12.501292334799718 12.01912376040315 11.38317197368204 10.628916585150217 9.80545255273414 8.949167443894101 8.097437808262576 7.355698862871722 6.789502622189049 6.30898185590507 5.931779230432903 5.719697901134695 5.688865275295866 5.747519966373843 5.814199297728865 5.888544169019057 5.976148528044556 6.085478361723045 6.223780331109727 6.3936256411540064 6.591445959876966 6.808847808618913 7.035313626882578 7.260441867983443 7.475342523825256 7.679001229142048 7.868937613179153 8.041441013375552 8.194195491251158 8.325595819845251
6.460320405957443 6.91034880828343 7.438019052973872 8.03546757836709 8.68754103839603 9.366878855887444 10.042576036617877 10.677459739489857 11.22985491830516 11.685338990125324 12.027724091850631 12.232318067104634 12.284003902150678 12.176271010122711 11.908434329592424 11.483545422719484 10.940672816099186 10.292447612049918 9.562121903320374 8.79732294757563 8.042416318968112 7.358910614027983 6.778618668043987 6.2835649916878396 5.865319903896808 5.636681148935344 5.710068719246296 5.815265856473963 5.907830394790489 6.001280425484486 6.103135969117461 6.220189684670638 6.357570405471588 6.517171222656453 6.6969898736343065 6.891715555237658 7.094099850965019 7.296345521685857 7.49143721495232 7.679573993116237 7.858311272721405 8.024016764962418 8.17128609862534 8.295649783396172
6.278593633854983 6.714473984868764 7.219334157419449 7.78485863930808 8.396033970202527 9.02628079753922 9.646383691756169 10.223471179003072 10.72192311899927 11.117801540938478 11.414466688169421 11.594171429811825 11.642491391749639 11.550914248095713 11.315699079406699 10.951591583532133 10.499819562556866 9.960591449697773 9.33133978594267 8.664862568245468 8.002993368875815 7.385861839393772 6.839651331408769 6.3723310314004165 5.997678946819653 5.811768368689817 5.870776248412757 5.978326906522213 6.081074579720033 6.1789317259330145 6.282062056208243 6.3975226991670935 6.52846653552902 6.676005802347537 6.8387547095072065 7.013063228256566 7.193730898234953 7.37484524907146 7.551202514805189 7.724260837595686 7.891404140129056 8.046823676651082 8.181978964140194 8.297478575781101
6.039104218157236 6.458514353483855 6.942796341582051 7.482000652841471 8.060975705978244 8.653691333379886 9.231276248549456 9.76409134798663 10.221176648708523 10.57570563267049 10.833383289801079 10.989099305814847 11.029850387990123 10.946804804988194 10.741241686276155 10.447347135723856 10.076574782543055 9.636593303831585 9.114520280506767 8.544034329931323 7.972776236285113 7.4325251604350635 6.949666288693411 6.545848326955593 6.250461778823996 6.1175715391412515 6.14526992564874 6.2226054556101245 6.3151880564343745 6.412365991037232 6.513048524802483 6.6198082186838505 6.738975778045744 6.871880884876437 7.017144169386934 7.171922680000474 7.332238676586436 7.493459365619986 7.6522513556980725 7.810885424143112 7.963440332357556 8.102511624201195 8.224271205762475 8.32964207128774
