_RESULTS/CROSS_VALIDATION_POSTPROCESSED_CLR/MHZ/GZ/4comp/1/MHZ_GZ_z_355_kriged_reverse_4comp_spherical_1.asc
ncols 100
nrows 74
xllcorner 5.5967023332191781
yllcorner 50.982320383219182
cellsize 0.00019249356164376555
nodata_value 1.7014100000000001E+038
[rows 0 to 18 of 74, columns 0 to 43 of 100]
1.9419132113358146 1.8865087906418005 1.8605060605480066 1.8674280336273206 1.9131419515702703 2.0019519884219186 2.1314320423659514 2.2914491989881034 2.4683226718154634 2.670470297358653 2.8967751226872593 3.1341174781343555 3.3711313002517715 3.5959786738288546 3.801985303231988 3.984521442024793 4.140018801387503 4.265225381580694 4.356531458936388 4.395226875887138 4.378601031973715 4.3239323600599695 4.236177105143308 4.114378030068437 3.961521948834172 3.7894531386052286 3.6100129347331844 3.429683316862863 3.239402365702804 3.04634023739303 2.8585948683168714 2.683688088588722 2.528679449095386 2.400267777662827 2.3048230852927696 2.2474475925405035 2.2311706398301605 2.2331197943985632 2.246145645253957 2.275026090810668 2.3170609992358435 2.3689961153416474 2.42749681314407 2.496089476828345
1.885911658604795 1.8321503818476261 1.8066534093525604 1.8139144551372568 1.8638765134027149 1.9683271436089866 2.127503633847197 2.3247182031224054 2.5456858545115657 2.801171124921959 3.0766012767650714 3.352922523526347 3.618403562394728 3.8658417146262574 4.0900840228249855 4.287382810102179 4.4553529195550725 4.591408365140517 4.690265641402854 4.7403909773329875 4.735879417461806 4.6826435455169495 4.587917571419399 4.4481373917677525 4.268010985137865 4.05803342982348 3.8337401002624034 3.6131376658105934 3.391376613598657 3.1674067653066786 2.949730579216436 2.746048688508262 2.563533723032263 2.409056726836473 2.28930153027263 2.2097729262410724 2.175355490134866 2.178371690126185 2.2011874695056712 2.241798264868039 2.296618133378545 2.361825507345204 2.4336608647266704 2.517092181240881
1.8419498447755123 1.7898539100334285 1.7635042666963938 1.7661544800429287 1.8104805701123388 1.9262161551401717 2.1239812459653113 2.366495832207083 2.640794885822043 2.9440061048408874 3.2572876190260818 3.5674552237037673 3.862208932494191 4.1313519669961485 4.369428786086922 4.576387669896821 4.7521200539812005 4.895859696283463 5.003606352369143 5.067361408351901 5.078134423863969 5.032003596053585 4.93226329218416 4.774357855228222 4.5666741174998915 4.323774090728539 4.061698500154386 3.796022600408307 3.5402799230877253 3.285329998667202 3.038310161392193 2.80678672127147 2.597787889490723 2.418186990543211 2.2749548304730465 2.174124464446676 2.12162830569373 2.125095116046113 2.158521315040547 2.2117631323997573 2.2802447653974465 2.359427134649681 2.44516347730556 2.5428503042993307
1.812663993522813 1.7646095775461084 1.7402392273983844 1.7389646905424048 1.7645422023753978 1.8746377085082884 2.1354171121862104 2.4279534083312204 2.745338100540205 3.0841872975154256 3.4318295224487447 3.774032798565287 4.095928700175549 4.38482826379859 4.633669262629745 4.843174787733648 5.0204040858287025 5.168754529066442 5.287025175698416 5.368130513685289 5.399241280193918 5.3671361972221305 5.2654134001586534 5.087887924680349 4.84804739230648 4.567925863528361 4.269119877779392 3.9689415296938524 3.678909249245265 3.3941084709790377 3.1195221757701157 2.8621699818604243 2.6285954474887285 2.425394326788522 2.2596559077286393 2.138198370444294 2.070965573494836 2.0729020831819485 2.1179829386697477 2.185142894595256 2.2682222935548446 2.3618872325947287 2.4617200771076226 2.5727001174154007
1.799276982276961 1.7596801682758811 1.7453763078230895 1.7559047305597455 1.7942966472055355 1.919077524312629 2.202242485466934 2.5116729730113065 2.8521199281630953 3.2179103066560106 3.5956371299638485 3.9684137469934146 4.316185918303853 4.62038479249148 4.872336729204725 5.076669412364637 5.246201470225596 5.393878030170267 5.5224358348721445 5.625778759843053 5.68719073677041 5.681529657359201 5.583583407262722 5.381734754155386 5.100991463244127 4.777859622128451 4.440994684488644 4.109140044952615 3.794556143694616 3.4874429760073555 3.188718073519728 2.9090116295657293 2.6540349747949192 2.429703327510073 2.2426894348963957 2.1007046732028822 2.0217006219443037 2.0215797971196623 2.0803102626686045 2.163161842664725 2.2615364820827657 2.3696299814698603 2.4832045564505063 2.606030345602932
1.8003162803002803 1.773246836169105 1.7767911149691886 1.8149228648203497 1.9004222664027326 2.0652726126374414 2.312382987151982 2.6073842848299393 2.953478902497356 3.335903925521131 3.7389222471335106 4.142508411971651 4.51829866060562 4.834127864229208 5.075781017296431 5.259306499360502 5.410408007323909 5.549196963246962 5.68511940591294 5.8144696634263315 5.9202028810929965 5.964710197240188 5.882771887707619 5.642996271511485 5.305930819863102 4.9348183707399365 4.562379919465793 4.204732223978273 3.8711923878122336 3.5558753533344505 3.2417056057139693 2.944878235722216 2.6733643602898747 2.4320235487568045 2.2260469018005438 2.063646429186653 1.9713383632015355 1.9727244101158496 2.04862341763802 2.1488538502779724 2.262072619126605 2.3833507694852485 2.509330751204685 2.642106330877689
1.811696075405483 1.7984434795623225 1.8215130515862112 1.8868226059907625 2.0049579031087292 2.1831978938997794 2.4127128406613716 2.691606083387225 3.0330060116901723 3.4221596167665895 3.8442485488827396 4.2800805232832335 4.69398078655057 5.0224693812818355 5.230707489598041 5.368471225132578 5.486989297297835 5.608587939184213 5.744929888486499 5.896674855901553 6.054686283565913 6.190006067477407 6.157719029557794 5.836480226908044 5.426113864275805 5.01273856152217 4.616396477960764 4.2449816409752845 3.90347876406474 3.58743956425298 3.2741088360719206 2.968125447845435 2.6868425599657497 2.4351233631677394 2.216019325687734 2.036386762530503 1.91970707254712 1.9325980162499006 2.0318616803846155 2.147511826656733 2.272255480136283 2.4036296501931234 2.539412941447189 2.67984604537074
1.8282003103169413 1.826924176524153 1.8659990528675072 1.9509446368410632 2.086882732590673 2.2641293027803937 2.48100577248258 2.7440450744354052 3.0731598568021727 3.457336234561907 3.8857009398019025 4.3468525909608235 4.817442474995843 5.181978078494966 5.303815743019981 5.369358715086303 5.446724604208469 5.546849622958067 5.673480230739916 5.829917382900408 6.0127139055191385 6.224644374246546 6.315007804149392 5.851851672869426 5.406539215163581 4.984818218290606 4.589218609590708 4.222441876843993 3.8874392028033533 3.5806513921750764 3.277859247750011 2.9777160347853386 2.6948632013478537 2.4415531558606443 2.2206597307854343 2.0414486848872357 1.9261836193773543 1.9414276204120067 2.0442363994965413 2.1641141564607667 2.29353401139589 2.4301905944706896 2.5720563372614396 2.715379209901759
1.845138565883691 1.851920526909884 1.9012938044941219 1.9978760258920971 2.1367653312510737 2.3076608872052753 2.510969817359488 2.7545979123765845 3.062387928883591 3.426140587708831 3.8368660819745646 4.28687340864411 4.767884972077068 5.175772654273338 5.19557217495038 5.216576259754767 5.2663681739119355 5.346907172922274 5.456560992221904 5.594293034246093 5.747541958516354 5.884133846801332 5.86431136882758 5.5893024532278 5.220116191134284 4.841963631747843 4.4777346997963985 4.1364030957935345 3.823437782253343 3.5368833956635095 3.2531358806833826 2.971104186622752 2.696942313328468 2.4508315498592492 2.239691127505347 2.0782182924329935 1.991049837150967 1.9987847521164375 2.0849399856111823 2.197544581101238 2.324511240674746 2.461275752764762 2.6044190069775786 2.7441203991502956
1.8593299408740918 1.8692350599844514 1.9226692118303097 2.0225697075889237 2.1547592939966576 2.3153204591719305 2.5029120839712777 2.7221603262346443 2.998889859398472 3.3260868639454197 3.692253265700378 4.081468502655312 4.4594264909607855 4.736581381821321 4.848010115697683 4.892077836264228 4.937583879545042 5.004892362366535 5.096268443158824 5.205419428730192 5.315575853254183 5.389662356531264 5.355241875403838 5.179186832131094 4.909583874222017 4.603672486220603 4.293141430974052 3.9943011597393543 3.716845260598354 3.460265317201356 3.20304816658351 2.9460731045162563 2.6921840404053086 2.4605246327662984 2.2656670398746837 2.1236870795246303 2.0533322023232445 2.063392714842989 2.139187818384479 2.2416045303011267 2.3615984525292526 2.4940076417291834 2.6309986533144074 2.763484857292974
1.8694533184759587 1.876609421027152 1.9271378956104677 2.0206523795814424 2.1420593451823096 2.290221260663559 2.4612591942453874 2.6529285544723487 2.890793243034523 3.169597316842886 3.4727273251483664 3.7799147707386576 4.058805447200402 4.265578113785846 4.381686757818727 4.440319394664829 4.484997647556563 4.541606252209702 4.617468340284378 4.704391991944098 4.790624210985333 4.845270933109134 4.827602377437083 4.717897168441482 4.533327629514542 4.3040248453651895 4.0562354710051665 3.809817479113686 3.577227799437753 3.3577945944573426 3.1332588800262027 2.9063932911851134 2.680142426662766 2.4678209966472413 2.292028682477701 2.16815780269876 2.1116558789791404 2.127766201678708 2.196817102424672 2.2898633628864133 2.401232615328048 2.525618384886409 2.650667365311574 2.7718415488704196
1.8638777467531336 1.8593530668651534 1.8986296696750733 1.9775430019198836 2.0859319945988783 2.222706371162185 2.380387943571692 2.5500878889593124 2.7480605573077197 2.972365364450652 3.2073551652138104 3.4362841915628684 3.635767066044335 3.7830882480373704 3.8711208920438187 3.9159981070198464 3.9462528250481794 3.987841383431739 4.0525262514642435 4.1332856737425985 4.219292366174755 4.282002722094127 4.294400429130877 4.24044599701268 4.126641429268464 3.9700501698353854 3.7890218073004585 3.5995414189924264 3.4174653505113346 3.2384872721649796 3.0497032264540604 2.8552532651891434 2.659396697774724 2.4710872626089664 2.3160414617329623 2.2097305856265392 2.1667818663665472 2.1904243911491745 2.2531067573527346 2.3375140665863303 2.4396074339127956 2.5522703720849216 2.6632308211882876 2.7701024050670324
1.8366196521255802 1.8153083770351972 1.836111397002484 1.8934876941516356 1.9878879218217536 2.1160036872408856 2.2628221014532794 2.412399112410562 2.5683801810680316 2.742612795574537 2.9203561143500942 3.0838067904438056 3.215540876564977 3.30583325290845 3.350894324273274 3.3603938199739356 3.357297312723507 3.3736245231505912 3.432267214047682 3.527777046223287 3.63410231498902 3.7218916840536753 3.770803943404766 3.7680637065231557 3.7154890252586394 3.623955486223439 3.507366335935914 3.3790542986904413 3.249758750200837 3.1106029273132627 2.9578793131048475 2.796849222366986 2.6322713537444846 2.4707383411437056 2.3378259951975027 2.249359555144308 2.220438871054528 2.249641652426484 2.3060540492504553 2.381988256809275 2.474337570172678 2.57300849489462 2.6677579048502182 2.7534242714430555
1.794518809757386 1.7534414566449161 1.7486596452652785 1.774857717039326 1.8570381597227155 1.984366837447595 2.1217817924132385 2.253953883644761 2.375887090777791 2.5052138432517697 2.632022879593162 2.741443425112673 2.8191783801491135 2.854348201132347 2.8493026534586168 2.8106423537818537 2.7538072989823092 2.7246243636352414 2.7892423966145756 2.924044621471118 3.0667405184737024 3.1877862071431693 3.273594098080976 3.3176390771082853 3.318791375986528 3.2854621763370275 3.228541427112492 3.1587176404954906 3.081743787914113 2.9814054737113374 2.863848336935011 2.7358683384139226 2.6023196794787653 2.468627722905419 2.359052717613926 2.2893308598847573 2.2750862828704763 2.3050910657143757 2.3548843481444854 2.422138534441681 2.5039244782221473 2.5857598234288157 2.657755865259974 2.7192289278189437
1.7454439377407867 1.6866087333507331 1.6583115580220347 1.6412097353746127 1.725779675115799 1.8672069679726921 2.002812135362209 2.1248914652008652 2.225210215095947 2.3144111359338915 2.396469011495656 2.458327620342633 2.4881549153290488 2.476873839288129 2.4190347503749083 2.320861036361091 2.1927730304610695 2.069444357963943 2.1732358283452733 2.373343920555673 2.5536866787484156 2.7051585558804203 2.8233465579924313 2.907177613338454 2.9552900653423384 2.973563633348612 2.970054729924435 2.9533183065634168 2.9197925423082403 2.8578694116062553 2.773528503769126 2.6770726479825373 2.5734749080589157 2.4674838305661027 2.3822387988686438 2.3327253412547773 2.3315496505326543 2.356829267566818 2.3994748465478613 2.457678100653647 2.5254479658498803 2.585361313383058 2.63411356121483 2.671238511351106
1.695159904024377 1.6246552702959978 1.5960003938011709 1.6075333501592262 1.6860145358503384 1.8082060979997552 1.932311629254245 2.0425104793443323 2.12851677033441 2.185242713356886 2.22777540915871 2.2489827245490552 2.2389866357540886 2.1903791566716784 2.0988580088852316 1.963855789209362 1.8010695317646306 1.6585377117477271 1.7436920807878384 1.9422543504584406 2.1304444266091322 2.2967358291537936 2.4369501627709904 2.55039757394643 2.6381260014864907 2.7006517960654537 2.744027761356574 2.7734455599185495 2.7747386113043415 2.7471912230257804 2.69529988767743 2.626379701141 2.5498334070361177 2.4705123173441406 2.4103634837537498 2.383143093700706 2.385680186426938 2.405147739828202 2.4400867348013455 2.48702125683056 2.5366605187830458 2.57621859042459 2.6030399650001392 2.616561526441267
1.6457780905482213 1.5821565190407993 1.5760091485702652 1.614627223662147 1.6933554648442146 1.798714723988461 1.9096708726384788 2.0089836031493187 2.0840362400972263 2.124708203145861 2.1331645937362635 2.1196749009037243 2.0766284805255006 1.999059798039673 1.8859462162816802 1.744509344338859 1.5975486819150273 1.503457337407632 1.5263826658121062 1.6447724133101713 1.8061536870963506 1.9705897955566924 2.1218115743605916 2.2561726441556496 2.37387949251767 2.4740133008234926 2.558607224532616 2.621466604591341 2.652345428292161 2.6549277301831706 2.633020424186336 2.590748326208869 2.5380457629041393 2.482018206499215 2.4466395753128896 2.4383568314954234 2.4376035180297935 2.4525493189968044 2.482404940366036 2.5171614857152944 2.551397628583886 2.5728956956235276 2.579384926129625 2.5705105142271796
1.6147485275098141 1.5683280972176663 1.5808390461401798 1.6382341010197985 1.7221184821519144 1.8235964955412094 1.9286799889778983 2.0224016196782233 2.0916933130946647 2.1258717758926546 2.116820900954681 2.0735008193267452 2.0022167092293213 1.9008487992085956 1.7751787584350396 1.6374071116844244 1.5072266520576003 1.4169905389709936 1.402830623376368 1.461186563093314 1.5742968346600166 1.7234633193044595 1.8793153874250472 2.0286400940428635 2.1687259624018123 2.2995220572761106 2.4156706993079267 2.5012296896600694 2.5568017419990254 2.5852210850925457 2.5896007877890685 2.5731053229645093 2.5421059541750672 2.50812277495236 2.4943938879388994 2.491622785745151 2.4955271149909435 2.5098432701781173 2.5320013626647606 2.5543609628992505 2.5739475397650344 2.5786879811172945 2.566205136605693 2.5363755157359913
1.5961633415187972 1.5749522789207688 1.601624907477179 1.6744710719508569 1.7683128157465458 1.8753671778046395 1.9836816416344558 2.0794885253988373 2.149661829040403 2.183156708662959 2.171836842302747 2.1115266863470605 2.0168690888265774 1.8960648866632674 1.7571920088332793 1.613890037597914 1.4833216110115357 1.3842862825023368 1.340477570880165 1.35951031656835 1.4356553245496715 1.555722930476827 1.7088300440641058 1.869790166554056 2.0281524548893177 2.18075738233713 2.311930304534561 2.4153250152658505 2.491041825325577 2.541145416482682 2.5681196121213135 2.574610098350454 2.564229910804119 2.5513340172442542 2.5483560273175745 2.552512456489721 2.5627636265143825 2.576405014073235 2.589107022166737 2.5995102901607945 2.605328187861476 2.594864791523069 2.565025168302297 2.5158922855437797
