_RESULTS/CROSS_VALIDATION_POSTPROCESSED_CLR/MHZ/GZ/4comp/1/MHZ_GZ_z_1000_kriged_reverse_4comp_spherical_1.asc
ncols 100
nrows 74
xllcorner 5.5967023332191781
yllcorner 50.982320383219182
cellsize 0.00019249356164376555
nodata_value 1.7014100000000001E+038
[rows 19 to 37 of 74, columns 0 to 42 of 100]
-2.5596720158408757 -2.5588116391148006 -2.6617593977727285 -2.875181677825415 -3.1588395081555345 -3.485148372337604 -3.822574593348522 -4.134532219725784 -4.385961642602305 -4.547332291631748 -4.594171100918766 -4.503918109565003 -4.281769529897794 -3.949749447515984 -3.533843450720841 -3.07033725404983 -2.6026948252827733 -2.173962681180879 -1.825941601170785 -1.6163753065146005 -1.5567393805311522 -1.6358030682724003 -1.8095791974920195 -2.043463869460604 -2.2708884584818527 -2.454624952986964 -2.587320378559899 -2.6673607545751206 -2.6861105625275883 -2.641892710055789 -2.542762990968253 -2.3981731839046194 -2.2207090833644947 -2.0689513119498444 -2.005891448155107 -2.040691298154663 -2.1772731904848106 -2.391435225480322 -2.657941134232226 -2.9729002841364998 -3.3020480158523893 -3.5951567055101923 -3.820793992801801
-2.5255563215952743 -2.566425511770306 -2.719001028585219 -2.9828627986493275 -3.3109525203773678 -3.6899942212216867 -4.0851857451010805 -4.455617662519251 -4.761328581626567 -4.951158284697258 -5.0012382083924845 -4.909675166674641 -4.681586389088992 -4.320027304697162 -3.862170304968585 -3.36157215910843 -2.8577590751971145 -2.386001328659336 -1.9746304286635943 -1.6879709853739482 -1.5520950391075292 -1.5612443960307583 -1.6719525559544621 -1.870686134382749 -2.0834535217980554 -2.239843225381332 -2.326219701876422 -2.3624856097732705 -2.352749815658405 -2.2972874838726804 -2.192951073974171 -2.040717141603052 -1.8745504890811548 -1.7644152103064008 -1.7452934406655003 -1.8364865216675046 -2.053385494052923 -2.357397480949953 -2.697941764935786 -3.0602089914511366 -3.4230576020379115 -3.7380502271636455 -3.9661280288931713
-2.494595803404532 -2.5668115542657985 -2.7619985514232446 -3.0893325192960837 -3.517184048379439 -3.9803118608664003 -4.459074902576638 -4.90515921216254 -5.247675302332773 -5.453803902182968 -5.508468463538679 -5.410690487721548 -5.155227536973322 -4.761958474370434 -4.269240154004968 -3.7194811200728495 -3.159280626841803 -2.630470768477243 -2.1617223173413667 -1.8053498615703023 -1.603960198228925 -1.5522966647073861 -1.5967249272560333 -1.7109506901924543 -1.871064752836626 -1.9991266353770767 -2.068482076486153 -2.0707500172482796 -2.0272239619259076 -1.9456870004541233 -1.8125017589711407 -1.6564273660003024 -1.5163798697280373 -1.4427174271045473 -1.4526343002330782 -1.5801198208234162 -1.87050540789365 -2.295845206984928 -2.7762514718826448 -3.2358575534528597 -3.646201486923302 -3.9886804237978235 -4.223194065339181
-2.459094838565125 -2.548109501570951 -2.7711867605731393 -3.153047199208277 -3.6930895331678677 -4.308547893906164 -4.9202706654634465 -5.43850481993273 -5.8278322107209 -6.059274445043253 -6.118457885140227 -5.998770751969858 -5.698601802124273 -5.253648964670769 -4.708525021547118 -4.109014588853781 -3.4976097632461682 -2.911246097430162 -2.3891099734587526 -1.9712099740857227 -1.706132378780386 -1.5726151270887376 -1.5204239438081624 -1.5329362436410165 -1.6129548742057733 -1.7164673443028988 -1.7782649202767136 -1.7817621514893074 -1.7102484450756688 -1.5820408543390796 -1.4208601367126872 -1.274255892615801 -1.1736343437890748 -1.135892922939295 -1.1619622425951146 -1.2862372207353658 -1.6289315695520017 -2.225868246906453 -2.8850343796916595 -3.480493494727465 -3.9816321770962686 -4.367168454629442 -4.6184055582560095
-2.427753848802664 -2.516162956750566 -2.7420260408668433 -3.1627825753737513 -3.8117891633304755 -4.605861123117943 -5.3653382667243745 -6.010857607447837 -6.492610235350691 -6.773684147453022 -6.835692840234961 -6.673751345060761 -6.307582459800571 -5.786722047156411 -5.166019510398884 -4.497064391015959 -3.824076015829019 -3.1863398226117443 -2.6243050902872564 -2.1605477644175384 -1.8391481204860898 -1.6342057232509606 -1.4903894046803798 -1.411562047391325 -1.4035865232044835 -1.4529722328223649 -1.4744188172610246 -1.4472557350978668 -1.3597524045549951 -1.2038048304230355 -1.0509863063150147 -0.9393242012528402 -0.8966165544668456 -0.9119216020348051 -0.9713266756877803 -1.0632256769044939 -1.3652145897817238 -2.2607400642898785 -3.1030552100488507 -3.8312784061972147 -4.428330091309851 -4.8870338037554495 -5.175650959230591
-2.420800858114564 -2.4967671426729945 -2.687463249461224 -3.1025936216665464 -3.8880210496968304 -4.85252959443413 -5.777909101267107 -6.566414176657338 -7.166324646616991 -7.528437940892288 -7.615009605077896 -7.404152046750239 -6.948929119964268 -6.324401754949673 -5.601068119341659 -4.836935034934688 -4.09743122588589 -3.4335619316944035 -2.8563496194343783 -2.3705861262860006 -2.0043538638579936 -1.7288779927707152 -1.5075832027847098 -1.347251101704868 -1.2587627153283618 -1.2469142275117573 -1.231729667700756 -1.1706268833681697 -1.0489696171804401 -0.8735048297589043 -0.7167961070640914 -0.6663539492329695 -0.7044665371069874 -0.8121127906549868 -0.9818459571547704 -1.2294658166670587 -1.7198890531204167 -2.5922573878477175 -3.501438669490416 -4.316714750145365 -4.993173621138805 -5.519477723444719 -5.866010906945379
-2.466686301633628 -2.548166270100654 -2.698934909126595 -2.9611509964899 -3.9888542130101112 -5.113521036897491 -6.17402910104309 -7.101444841265211 -7.830027838713718 -8.285732270238352 -8.387628344849329 -8.105755630443008 -7.523380864268903 -6.7609738469229885 -5.918141709017693 -5.095953848175674 -4.339853876570476 -3.6680149973842098 -3.085748854922267 -2.584702610442285 -2.172692199182721 -1.8440171362258364 -1.5594099158230108 -1.3272832255032947 -1.166855441919553 -1.0961924685096882 -1.0540692088166281 -0.969066742717251 -0.8210140244895356 -0.648587233640586 -0.5239380057821759 -0.4890252667878512 -0.5910622261860663 -0.8202113906830526 -1.1503946296231584 -1.6167196127621537 -2.278336515411868 -3.128608233774277 -4.0478604720577165 -4.918017147636117 -5.66436027536671 -6.256114558202864 -6.654061459637036
-2.580927421698708 -2.722903107209703 -2.969238671955213 -3.434236983334104 -4.354714896960233 -5.459431394468767 -6.554894515924413 -7.5815412143978165 -8.450976258510714 -9.036359308030327 -9.151235651214616 -8.738141794338098 -7.978265446736792 -7.064069083756597 -6.151809053252506 -5.298870870219807 -4.532359086731671 -3.8643690379167586 -3.292213384644273 -2.778248656851788 -2.343622479503783 -1.983003743870849 -1.6509983087190978 -1.3535964180634066 -1.1236931024213823 -1.0017510227774253 -0.9458723919800569 -0.8486971704135184 -0.6859243901916425 -0.5482230957948566 -0.4698542568909554 -0.46147479119210555 -0.5915893461185684 -0.891572313255002 -1.3710067736759308 -2.0041687901187966 -2.7925694740349196 -3.6976255715619875 -4.656401863396592 -5.586168995743911 -6.409459752068471 -7.077453767109579 -7.5356679889473215
-2.744209936256617 -2.9814182363147705 -3.3743189492426855 -3.979460283353946 -4.818305020065253 -5.822753672433963 -6.883948195484501 -7.936535931191937 -8.928621874411146 -9.730985403500863 -9.892332153531582 -9.213042804028255 -8.237630214284984 -7.2345896019691 -6.27653291871756 -5.406280012125548 -4.6441367119513455 -3.9986163751314345 -3.4475857551260765 -2.948068304103212 -2.523047653996838 -2.158450024562636 -1.8013994206293833 -1.4435654363249317 -1.1309358082149537 -0.9678472335577522 -0.9234041700258815 -0.8284763149566698 -0.6846478440003274 -0.5784294895464992 -0.531221956992705 -0.5555870620937888 -0.7040876052263769 -1.04058829753163 -1.5862163063137187 -2.343920828366188 -3.2430365344399963 -4.2278175719933495 -5.253954699941231 -6.261219526089885 -7.180134117889201 -7.950171058389999 -8.493844747684767
-2.912657717080517 -3.2352919060195795 -3.72684290351632 -4.372744268179938 -5.1681402279003 -6.086405413233349 -7.072432922210421 -8.079257906230033 -9.075983559785147 -10.042922616023443 -10.357153923320887 -9.28578795544162 -8.22546529268331 -7.204632992463353 -6.244097865454242 -5.382241121691548 -4.647031442596246 -4.0479831037240235 -3.540191974174607 -3.0954749567072666 -2.7223918254014383 -2.3912357028632516 -2.0476311863190437 -1.6532237706612802 -1.220703529397504 -1.0257059701225164 -1.0501263750123657 -0.9776600296724447 -0.8393678551015782 -0.7354615014455037 -0.6931215711992698 -0.7333995477980713 -0.8895658065583629 -1.243387212273301 -1.816588379673286 -2.6194315566534554 -3.613524362570428 -4.681849271713621 -5.785402375349609 -6.880108953675647 -7.9108094913693705 -8.819369952675752 -9.50042670684996
-3.0454188810318614 -3.4268709072359638 -3.9655776841588715 -4.612186703497052 -5.359999501030423 -6.190509804145176 -7.066505144608473 -7.943590892563144 -8.765650365219285 -9.406293445410633 -9.446520625077351 -8.773056344536098 -7.873476063865699 -6.938048425686633 -6.031400990090571 -5.206116988298791 -4.519502924237798 -3.9878883977523527 -3.564978179668568 -3.226460394483568 -2.9559481823556686 -2.705377237197458 -2.428887634012487 -2.0761072803818146 -1.6787566144458013 -1.4733848243416818 -1.442301932237707 -1.3176163436775807 -1.1328090456860753 -0.9894098616519647 -0.9198624085720075 -0.9518110893806497 -1.1087486734252838 -1.4657918023671686 -2.0482918723762893 -2.8588704452374065 -3.8909281718924174 -5.0333240349332184 -6.205769066815698 -7.377115439428708 -8.511301029723333 -9.578810954862796 -10.491705990799762
-3.121997253286251 -3.533698260319631 -4.083400928665212 -4.708307830583755 -5.398666874066886 -6.134083243584014 -6.8793604352949345 -7.5844266209495395 -8.173432443353583 -8.51617711553892 -8.457792116584361 -8.00285855677014 -7.296769925565731 -6.482047529028394 -5.646930553558733 -4.864586831707032 -4.2294114397993585 -3.7860249818230742 -3.5042289445916324 -3.342739715185159 -3.2372851355853145 -3.124828310443899 -2.9632966687545537 -2.723016913782413 -2.4439418884631614 -2.2265120767127544 -2.0535911577220443 -1.8098527882409243 -1.524803392794516 -1.2948072941930953 -1.1576500670648793 -1.1501150519521581 -1.2957825278556991 -1.651783152441924 -2.245910104451308 -3.0617258054478205 -4.082827570405685 -5.265955324364136 -6.4825464958840735 -7.69453048819415 -8.877671439235066 -10.03026221774209 -11.150348686888819
-3.1449811169672364 -3.564573190369333 -4.1038290084009175 -4.695111115760532 -5.322932162411178 -5.962452961060676 -6.577076030198621 -7.115786163722412 -7.507999631036622 -7.669043264685001 -7.587749024129927 -7.229000658384043 -6.647656932697837 -5.929415527071409 -5.1501252331347604 -4.385238230024056 -3.7632586279072457 -3.419547406386286 -3.361306319322109 -3.460784058214701 -3.585225852565056 -3.654629757075041 -3.639349193411366 -3.527451638314054 -3.3216091666918564 -3.086442290982532 -2.799217156598733 -2.418951175720488 -1.9954982432332562 -1.6344546181781148 -1.3852780839985024 -1.3032559996334712 -1.4224338139328014 -1.7736286419578127 -2.3743563038583986 -3.1914217907361353 -4.200442333982885 -5.376046165222442 -6.604404960169975 -7.8073406589292045 -8.957562499975888 -10.038374195232365 -10.993359077041267
-3.113501770162855 -3.526323713780995 -4.047444206983951 -4.603104622041168 -5.170335919968744 -5.720924602875973 -6.218975761577768 -6.61876301373626 -6.863806242082404 -6.915255808724838 -6.80344207718494 -6.489270209624147 -5.994941444618348 -5.366311145260635 -4.650525433767624 -3.894660203873612 -3.201177943182567 -2.948374433072475 -3.25786147017469 -3.666534646301808 -4.021827967917901 -4.278912918200653 -4.413033084524011 -4.416517635974833 -4.284219936713974 -4.035138921660723 -3.636321087899943 -3.1131335289909283 -2.5274808483802773 -1.9970699419381646 -1.5859450275306024 -1.3882444352565084 -1.475203696045996 -1.8350684382600337 -2.4435899368718568 -3.2512374959838977 -4.230783396811751 -5.362441116600662 -6.579963160753904 -7.736287762191463 -8.801739039902351 -9.795268034334306 -10.617550368367207
-3.0315553923667466 -3.4303533176742205 -3.937091338127227 -4.46250327591869 -4.976313543632981 -5.449994922177025 -5.85148784242413 -6.1393298271596235 -6.249129820107983 -6.22339846561781 -6.090924384618017 -5.8136913029695 -5.396782115704877 -4.867072567570484 -4.254571406556013 -3.5851550756796184 -2.8819736277856007 -2.7072710251064427 -3.389675090006912 -4.026729528764784 -4.580160407438656 -5.0147844013869145 -5.292290702161469 -5.386213927366132 -5.298068793887824 -5.0243852031974745 -4.533752681225027 -3.869719563072866 -3.114430708961314 -2.3936801282519586 -1.7676141825281304 -1.382471178623641 -1.4680182398950072 -1.8700179284630072 -2.4826540127088554 -3.2635112623100926 -4.193130894807343 -5.254231953365115 -6.41672189685422 -7.523137006579773 -8.542799128465509 -9.48327282446747 -10.259218665876485
-2.9064299687344937 -3.2966716591040255 -3.8036112338062615 -4.30659824707071 -4.774438061452147 -5.183318770501773 -5.501334092549398 -5.67107761433908 -5.673712703897037 -5.595309131152441 -5.448877271933961 -5.2100567308653325 -4.87241826054647 -4.45912496259582 -4.003021792630639 -3.5540016421140628 -3.226177957184655 -3.304713381852594 -3.854798580196947 -4.559545623237656 -5.2554699182943505 -5.856312315986142 -6.280033669225899 -6.455782828593214 -6.367291869743193 -6.020037956034042 -5.423894984537683 -4.649854561796864 -3.753367152058448 -2.867297460483176 -2.046232757221282 -1.2978481376197273 -1.5377721208283281 -1.9572215635308767 -2.532133498540887 -3.253805550756729 -4.10946173598978 -5.082193324793328 -6.149725133051069 -7.227474657270875 -8.248150800647004 -9.166123275561546 -9.934404382604788
-2.747128815251425 -3.1754620335737904 -3.691557765138831 -4.169754798113728 -4.593238956394957 -4.941201254312914 -5.159945302913861 -5.227004342503141 -5.1498520335190365 -5.02958235148507 -4.871492144967611 -4.668874923621178 -4.410183973231937 -4.118942900583222 -3.835864809988328 -3.6251220494247387 -3.5943454749936565 -3.846516270173675 -4.403366405813668 -5.154687565389389 -5.976334986211466 -6.757564787309757 -7.361245349201009 -7.626368393751134 -7.485101978300629 -6.981177875821175 -6.250370559884342 -5.374619804053645 -4.40640225951754 -3.4313316838538395 -2.577876616771668 -1.9941312868474852 -1.9024495610946066 -2.1512452129263293 -2.6131391566400834 -3.2367525582861933 -3.9957693928033593 -4.867138126285447 -5.835284911642234 -6.896482157277909 -7.924627496105552 -8.850147317218944 -9.62942000838703
-2.8319795044603353 -3.1828908782354777 -3.646474197686186 -4.077994026157078 -4.450726251944535 -4.714521503116441 -4.841103425491441 -4.821026044630257 -4.6793877737401255 -4.521009059992862 -4.349882368731163 -4.170443937830178 -3.9810739325869076 -3.797895347981483 -3.6638221164797127 -3.6446891318502797 -3.812832299256871 -4.204913900332132 -4.834613197603548 -5.661861957673713 -6.617142965148 -7.612864203698624 -8.486838625211854 -8.889736874846388 -8.577153211444916 -7.835193793826004 -6.931776258968083 -5.966859638062078 -4.971522513218639 -3.989845034617487 -3.1476008541016522 -2.5703968178190593 -2.3176997217511612 -2.384675288776242 -2.7032531357788003 -3.207698297854228 -3.857506786236963 -4.6218525870399 -5.520677376847317 -6.55291619432808 -7.574736675936921 -8.519034364847915 -9.329191142138466
-3.05157894780086 -3.299004317273713 -3.668233365895694 -4.036191297636142 -4.334972979875973 -4.510910587408475 -4.5549817860614565 -4.460231195302743 -4.261173119258943 -4.062624368362565 -3.871040424688868 -3.6962869387435946 -3.553419042099031 -3.4503626507876928 -3.4306389388279084 -3.5542862624222544 -3.852464897115419 -4.352193056882691 -5.057080141920172 -5.956235782497079 -7.019168391788547 -8.208143743354341 -9.459320218866964 -10.194402080929821 -9.418972376021012 -8.407509276748332 -7.374993557206622 -6.351704663882405 -5.355904963899667 -4.408507634093878 -3.5837917097113188 -2.9726140781166244 -2.62286897252822 -2.566415243488586 -2.760399996505517 -3.1498308828467283 -3.6917775675506492 -4.359026306536308 -5.206179141280393 -6.208988508099799 -7.2127281844061075 -8.1624224541032 -9.011666314291634
