_RESULTS/CROSS_VALIDATION_POSTPROCESSED_80-20/MHZ/TZ/3comp/4/MHZ_TZ_z_250_kriged_reverse_3comp_spherical_4.asc
ncols 100
nrows 81
xllcorner 5.5967107548124995
yllcorner 50.982328804812504
cellsize 0.00017565037499993607
nodata_value 1.7014100000000001E+038
[rows 19 to 37 of 81, columns 43 to 85 of 100]
31.343721155049682 31.26222229216281 31.104579716591896 30.88803409763478 30.629256473827333 30.344807239262124 30.050626358967886 29.75607332429378 29.425487511122515 29.042959445332063 28.606325344039973 28.107300394635693 27.544259858499725 26.90879803782582 26.252046509392947 25.596961721157474 24.947772258148994 24.297627404551466 23.64102398331036 22.99453733691397 22.40649288594515 21.937057311062205 21.65213389698325 21.604136422899785 21.833657801059395 22.211626538610233 22.581599936797954 22.944011641618182 23.300606031686648 23.7080368886115 24.214882150723913 24.758971632283654 25.30650406748266 25.842274965355173 26.350539684020486 26.814874389359893 27.22286529900872 27.559499774708314 27.806956398667133 27.946243272528047 27.983789149504307 27.957465719194545 27.873238688978404
30.962504229909456 30.891503908825513 30.747699409513917 30.548282513982645 30.309435007659335 30.047033681684894 29.775393023139458 29.493969496365295 29.151994835264123 28.73288495369335 28.230995446965718 27.657393324508543 27.03439764607293 26.392228113157064 25.757361444981342 25.144470869639868 24.553679536328648 23.969060440070308 23.367455866844228 22.769853666936523 22.219845680444006 21.775765593547693 21.501330643889276 21.44783668427273 21.65723123716217 22.00383095659798 22.336047612760503 22.656402106550193 22.964937270366054 23.27724226480021 23.679239795298894 24.187835463362877 24.772843284886132 25.34784376069817 25.89392450670412 26.39485422179711 26.83857028830041 27.209700961006035 27.491469249837913 27.66778749552965 27.7326076809926 27.730835253801235 27.676045082747997
30.516987304015565 30.45827063789141 30.32932508665061 30.146821331775925 29.92539813309798 29.67795505920268 29.411595311345508 29.116672565411783 28.747090911318125 28.272557394388386 27.70023578522654 27.089139746362246 26.462197873373594 25.84341142336705 25.260901694241237 24.7259915168588 24.229911189028755 23.734167981613837 23.22875555293433 22.725252733304796 22.25414282571269 21.86337224151518 21.61175665756857 21.551959507651574 21.728150531934638 22.01356819509648 22.283390099869578 22.539022029028164 22.780097978316814 23.006992544614345 23.29120205508508 23.68205532066431 24.1863568466048 24.788529462440934 25.373474812078467 25.907789931752472 26.38378246741785 26.786548438836288 27.100888778724315 27.313331027366182 27.414247785343136 27.440369123336588 27.417995597012514
30.02498909417492 29.976975102267602 29.860303701509842 29.690333187486196 29.478933318410988 29.23462364714186 28.9565308348201 28.622469582075738 28.19388515214709 27.652748318939913 27.052756760653786 26.440283227326816 25.82916767936184 25.26095654082245 24.766447208939464 24.351601320361997 23.97962167612048 23.61591491466096 23.24711074153603 22.871620403509755 22.50381613452274 22.177477620876328 21.945785062336633 21.858454082753788 21.961511094149184 22.14597316439891 22.32911448320367 22.502643017451106 22.662292321180207 22.807302523854442 22.974332015673017 23.245086398533136 23.631103730789853 24.13965293237469 24.754747563581788 25.34336827143811 25.86638430203076 26.30382006488 26.648325359787677 26.89509934485399 27.036197350956765 27.094100124108056 27.107362399841893
29.511636399434522 29.463533826006472 29.354402245754745 29.190314652820426 28.97832639083212 28.716159168247874 28.39800275831304 28.006913640171476 27.50636072252128 26.93320316247483 26.330801875624115 25.722051953086684 25.14141300746131 24.650148395659645 24.284795694295884 24.03200103072058 23.831035693940763 23.645132553669608 23.446620237857456 23.219299193086513 22.961709975619645 22.680981201973125 22.417258234312342 22.257080013298303 22.265976138025724 22.34919717456493 22.443946315592356 22.527261222616218 22.593805960757933 22.646444491176158 22.703656580215522 22.855029007741784 23.122977308267327 23.516139011094754 24.04078696130226 24.668392589871047 25.24842630418467 25.745696888210475 26.142887188582854 26.426688072387485 26.606842209011184 26.700809593816548 26.7456978333597
29.050617309349118 28.95605097125565 28.82304454250995 28.647687599609718 28.41256066599682 28.11685904034325 27.752589093690556 27.298522182988716 26.757395591971477 26.17773291492534 25.57419544242958 24.96227670948501 24.41280881671944 24.019751586180146 23.834261796139288 23.797379282576227 23.824794841303017 23.856029889821766 23.84861876255468 23.773264057913444 23.595162446899163 23.318745461773403 22.989174223513942 22.718424970328645 22.626242022730548 22.625420426870594 22.632531244870112 22.611988374009986 22.567525760086866 22.511520040655075 22.458285334269664 22.492055440244716 22.64676896507041 22.92975850434238 23.347802899243593 23.90960960120314 24.54193220614397 25.096652283168382 25.555112030892722 25.904428179906482 26.127080503536387 26.241017068845434 26.308782669108243
28.644211527242852 28.486231259548113 28.291654541919016 28.073929100935114 27.823216735882227 27.501324816178368 27.09572870842179 26.601255084793713 26.06628677069585 25.49508889787429 24.882694999045622 24.24626300809835 23.68623638536051 23.3867328507813 23.4446321304248 23.70488300963287 24.010958284148806 24.279319730920392 24.459982567633 24.500248595632076 24.385090871001953 24.114322518704107 23.70616356160783 23.249977326678934 23.059888695435625 23.01988016295699 22.921707725528766 22.76663074434967 22.5827482094632 22.395666645483615 22.22295382832874 22.13994407793474 22.188391578527185 22.371353539934418 22.69320788084933 23.16146578976841 23.776225376170487 24.38530350581935 24.89298596574112 25.28100832282024 25.553645947458076 25.714185291292484 25.808332124157868
28.29039840651663 28.08473776286443 27.839786227883103 27.564699248940443 27.26557882568964 26.920276104163175 26.48086798222845 26.005301001812935 25.505645070851358 24.967336676176004 24.362589372175737 23.70014384611244 23.053287915969978 22.798926874473725 23.24162267859124 23.86123029949277 24.44277014485181 24.92634138943273 25.24691916603834 25.386281250573127 25.337045212040533 25.09636413048963 24.67155211658807 24.0930490105946 23.78309331138114 23.619159204919193 23.336190927579015 22.993297748215436 22.63173103265879 22.287029842939145 21.9825233877625 21.785700155613068 21.73871769392094 21.835800164249797 22.07626992891107 22.46320442296704 23.00162186188044 23.631703409250107 24.159016247846623 24.569068418714977 24.884484620691286 25.11211367293579 25.264891972087838
28.030878308712392 27.783060723673497 27.48777678510773 27.157606940383616 26.79626433378659 26.405947870375222 25.972074721544146 25.555618546686198 25.126946789483828 24.653112021483775 24.11834843002847 23.516540806009193 22.841135368860147 22.49545595314354 23.516352738227692 24.41349815353831 25.17635403035074 25.77011217068272 26.185051026599616 26.406376980333135 26.421624724770453 26.23391528073074 25.867539470061345 25.384650992899616 24.89412114492454 24.416243194728217 23.871516614997564 23.287767678187176 22.7081709335832 22.175636684603976 21.72274893931567 21.41446001085718 21.285405070244227 21.318503743069698 21.499583701322248 21.822678320111976 22.27824828569166 22.85611779951176 23.397972852299915 23.80878462931079 24.15145623585285 24.461207068649642 24.683930931905152
27.8735653773456 27.586026355623932 27.243737302416392 26.864126256970533 26.450004249364156 26.00285797402752 25.60661931420121 25.278414317670777 24.94416799481737 24.585723872565016 24.20728547800457 23.833058580829963 23.558273020275287 23.720031029206083 24.474336788605452 25.367789615263835 26.16336014642074 26.79210509429887 27.243247465503956 27.5115419473021 27.583404566500587 27.444616522153243 27.11586260029575 26.61110305292742 25.981877210764942 25.2675608188143 24.474907791147178 23.628742665811888 22.799246214958675 22.050250320705263 21.43713303266514 21.02847240670528 20.835016039448696 20.82203930948074 20.965481566792604 21.239694744479078 21.622280920164705 22.124489090158054 22.683871596159353 23.11833781833183 23.48784825029154 23.838213994650673 24.102519324157935
27.817632160399853 27.493183763062362 27.10963200142548 26.688801632095267 26.23309857158403 25.754365712994204 25.395398125389956 25.16168472504382 24.94817557672353 24.748951275638486 24.584462836205763 24.503420386914417 24.60499191051827 25.018122056461173 25.721068834581807 26.53883052959669 27.29122536291666 27.912527541941866 28.374813631685768 28.660382566352897 28.756080394305023 28.646093058425425 28.304288582784054 27.737659668128106 26.985792866768954 26.0891032402827 25.080573313597686 23.995314897774893 22.89550092804045 21.89728055134456 21.119792099460344 20.644418839918757 20.42043732945256 20.38202666702401 20.4925924780348 20.71214467334758 21.042028518880233 21.493058129474218 22.053376469821135 22.54166299243292 22.942397346045603 23.27800471987497 23.552021087418023
27.857063443334802 27.498098246472285 27.08017242085129 26.62695735786563 26.140328060404595 25.657695280374142 25.33112972808666 25.178187941807987 25.109190824007367 25.091783228584763 25.149376940853497 25.321122145287006 25.668907337626013 26.230438817738094 26.952286586665853 27.718789159731354 28.433124453169594 29.040256397003596 29.502212396991556 29.79599689639507 29.896368880203557 29.776689788692856 29.398049222521205 28.760909755614023 27.90164268627341 26.86085349676742 25.675909990272004 24.383002802823274 23.029360066375936 21.725773906818993 20.794354818239075 20.334539297656445 20.111982369857827 20.052758093322637 20.10894318753091 20.269186033902667 20.546065832927393 20.95609280669287 21.505013645686503 22.023741918848557 22.43446839713218 22.769463461473403 23.04337843486539
27.98180798892556 27.590086739291436 27.143801885868342 26.665526725951306 26.151762313003047 25.66741702005335 25.378569407868202 25.295434474813582 25.356793034859344 25.484969781758814 25.704577116968053 26.047760073764252 26.544204706417666 27.19579323044144 27.9362184114055 28.681512857435344 29.383614675811483 30.000906489939066 30.496335957472905 30.83195999317294 30.958435286164498 30.81442993696271 30.390049229658388 29.682984670708546 28.72853693135872 27.572188910531075 26.251906874352542 24.802823185564552 23.264599393538425 21.68424566093891 20.618323245912684 20.213763373015166 19.965877592933435 19.856821681649755 19.850244517604164 19.951044398431108 20.17197214512633 20.529591567229986 21.038880552448205 21.574169332460432 21.983860746692983 22.318374573610566 22.586702728998688
28.146852199440826 27.71894851288794 27.246738215854283 26.74348629762947 26.203603113729045 25.73125313789116 25.45885027181215 25.397882072826217 25.543173788549485 25.794653462637225 26.143062502153608 26.603917810468225 27.190198331517557 27.89334716611977 28.63847478991125 29.371701853204073 30.06649720156754 30.692622873312185 31.219908912333356 31.61259933148184 31.81393819392101 31.733019200277806 31.277421776429687 30.485399688740415 29.44220134635322 28.1972439043557 26.78547054475463 25.24914631104564 23.656954338253964 22.138531704125246 21.007278480117552 20.365884561175047 20.001160126580164 19.8008372152375 19.72330670402679 19.764586301993074 19.932138437895308 20.239214989274227 20.697961045195896 21.213825052773192 21.615160249408067 21.941827502232332 22.196650218144278
28.309475106412663 27.837796844693464 27.33162018770785 26.803169828258692 26.219984659248606 25.70351432091857 25.429892210267035 25.412379686850024 25.641819681723454 26.00763061322907 26.44734045917925 26.977692800804213 27.607475728132584 28.330053724431487 29.066000268945658 29.78460713186943 30.468528849192 31.095627724207688 31.64055069092263 32.080917991575014 32.39231877818563 32.45446140157123 31.962122860562765 31.10250226584962 30.005011366177786 28.702893654204782 27.238141899944562 25.662517190373013 24.0617900724935 22.573821467132426 21.403391234554128 20.625976112008402 20.155164004544623 19.868733082167108 19.72359876032242 19.7101442473928 19.829076644831304 20.089222017878747 20.499346806325754 20.979253747116918 21.360146464636347 21.660042684462507 21.89068831328359
28.46104147186985 27.947778126164053 27.415491289601224 26.828444485369264 26.16341863103779 25.59818672210029 25.320527576654346 25.336443560543458 25.620146225901312 26.080977840339603 26.599116615100808 27.16653078870173 27.799968224208815 28.51244868287317 29.227152742177815 29.923283712692527 30.587701041380438 31.195264643586373 31.733352866097377 32.192609872193394 32.56354750715522 32.803450324124256 32.24234475355414 31.38380218376228 30.33952163659217 29.05647132918361 27.57146480681165 25.970717492825045 24.3466876874929 22.847888412120156 21.661301350117963 20.84423235935036 20.326211809911783 20.002659323930498 19.82739249298735 19.781405796286986 19.86403273722587 20.08397112530711 20.449857667617792 20.89233453557591 21.245483535314026 21.50653028629453 21.688173006752
28.61114807439421 28.06857224739943 27.475976281012453 26.81501514637118 26.09113182041152 25.477031447258252 25.18238975356776 25.208472303899804 25.52089665138087 26.02855076256636 26.593218543843445 27.18226929482832 27.804496021363757 28.46884965330259 29.136451791127545 29.787705731859226 30.410695593327148 30.988961085853457 31.50821704176453 31.94556846049522 32.26043100945617 32.33621156207616 31.995090968435214 31.30769843582552 30.379799021782116 29.203149573907826 27.766736093640095 26.13995332962446 24.46041818812555 22.9260145151643 21.74219204645419 20.957871375553232 20.458582565728822 20.142448918955086 19.966063423131104 19.914021801909236 19.986964232533776 20.191445038653207 20.53289963286665 20.951693757120697 21.26760446723007 21.479619662117614 21.595861901933453
28.692270924418978 28.1376918176172 27.500975431926182 26.796759819306164 26.044466086391594 25.41542671958971 25.14053457932825 25.20560396568523 25.54655096140468 26.065262310386718 26.630723305667587 27.19953804071259 27.78077883420751 28.372890410494207 28.933046038872 29.471531818634695 29.99629877762689 30.508088240230148 30.993285366252778 31.404667827338823 31.676756250256123 31.73160524731481 31.496141348779496 30.966007923955463 30.174336070056285 29.126225865610007 27.7881881379671 26.169179414411957 24.406348321277637 22.780558490197514 21.63269261639345 20.976932808970723 20.56385519283788 20.29087121364713 20.132773457903664 20.086788765533537 20.1591953244356 20.35762040697083 20.703074785298078 21.105348443283688 21.388485103736524 21.551022710664487 21.597802973865807
28.59009703140169 28.0136257750368 27.372685811553183 26.72306914237364 26.08494756333802 25.53621197198261 25.309677156959822 25.39871947091626 25.732418211646866 26.20930823793835 26.701669009967237 27.19011468906254 27.68379096876633 28.183258035721177 28.654574121178218 29.08222299007933 29.50584806291386 29.920650022622358 30.309397703676787 30.648809269305698 30.905443017094132 30.992651781610718 30.845381621606755 30.442100915056013 29.780453875056452 28.857543904932292 27.63071415411317 26.09441330174256 24.304474514331336 22.453459229951285 21.435734862712085 21.021971968795125 20.710412174984274 20.482223070339156 20.344900989379884 20.3093827538737 20.3870596917653 20.596398127471023 20.966868989318908 21.340921774321878 21.587199145320028 21.706095246290953 21.69781813236415
