_RESULTS/CROSS_VALIDATION_POSTPROCESSED_80-20/MHZ/GZ/9comp/5/MHZ_GZ_z_125_kriged_reverse_9comp_spherical_5.asc
ncols 100
nrows 74
xllcorner 5.5967023332191781
yllcorner 50.982320383219182
cellsize 0.00019249356164376555
nodata_value 1.7014100000000001E+038
[rows 19 to 37 of 74, columns 0 to 42 of 100]
21.033610289877274 20.81624853485085 20.516572339431924 20.157495688664255 19.719208637430484 19.226614066235957 18.715646804375268 18.22171356083081 17.776725024777054 17.405321621779127 17.127544493160404 16.9658330201859 16.914152467558846 16.974144870261267 17.147771954474496 17.41591323475363 17.760136823187377 18.16317971249093 18.607663683497726 19.064946181766928 19.49578463956465 19.868809426441185 20.173866624238155 20.40780298999301 20.63854010972683 20.856349791910255 21.049084536891137 21.21512606425957 21.345924958612876 21.441100517765772 21.50971552767733 21.559333610726732 21.598054072446914 21.65844553918198 21.761651448992712 21.891619282420237 22.032101160871665 22.1858224771358 22.34055929648439 22.462731264249506 22.539820869381742 22.47904847225422 22.245266502424084
20.60813553782795 20.28630095856235 19.88782748804592 19.458461695679937 18.9782444065478 18.457752461966685 17.933704063864518 17.443743276552247 17.02277656121504 16.72171186709607 16.560524312943084 16.537775427910983 16.651518236706945 16.913008171311912 17.301397697294902 17.78737503215017 18.334725967458915 18.903193837964213 19.459034425805324 19.96760936212357 20.41060420233695 20.774306576911286 21.062245186886177 21.247099415322396 21.364234274884204 21.482066923479643 21.593807140573617 21.677588683658673 21.735839601099862 21.77452178375379 21.794543429687952 21.8051177681255 21.863254396312783 22.00200960762395 22.188861449490087 22.40236128698592 22.618998301166187 22.838682936295573 23.054696502381038 23.238219571428466 23.371124902013772 23.384812050634725 23.21344294543571
20.257958002560265 19.833434631729457 19.328410062892846 18.793688217272972 18.235783119437805 17.65598455808475 17.09835731052489 16.60709128530338 16.243311398203627 16.032199471443306 15.984234073714124 16.10048290205666 16.39768044361754 16.868232728838986 17.483855773325708 18.206595853226926 18.9812219186241 19.732321243282296 20.395605548579432 20.948397573236637 21.39929262609195 21.751640778973886 22.015572293210305 22.162168160226976 22.163834460715705 22.126089355078747 22.08930819570238 22.06770537107819 22.040104024544032 22.001667082850382 21.960582853631504 21.96514612646264 22.065039300647733 22.28221172366706 22.558890213865165 22.86665866770067 23.173730585305066 23.473065051626 23.758752714326793 24.017590657122245 24.211907501963317 24.30519341570357 24.207435742421772
20.042202581430978 19.519595011793356 18.90977155234189 18.26323822640094 17.603745422651762 16.931307961742338 16.29742619403509 15.795684310871373 15.468812260981993 15.332909253420091 15.388938578041966 15.65015768490922 16.134486115454514 16.819225447898145 17.671639586691594 18.65041449671971 19.691628111710287 20.657017217686192 21.39712331656694 21.9701065398241 22.42071332747176 22.75899697331768 22.98356065723721 23.054786309208474 22.95842545497902 22.760517390171707 22.563490365571464 22.387050835968168 22.249871723934657 22.128885233358638 22.034688353219316 22.041373903733458 22.18737990874376 22.477961315674676 22.847751064330357 23.26369331671831 23.67624481728649 24.05343312965101 24.4082670299843 24.744742146762164 25.026661270391948 25.215547533504857 25.214311490615277
19.971890920981693 19.355808889248376 18.64224807652262 17.880755464721844 17.09685335805417 16.325325077189245 15.639953451218075 15.096850790532649 14.742657004878449 14.622283386228697 14.7653752928538 15.175026513573586 15.847083872413412 16.748125623576776 17.83664351580326 19.068352194150954 20.396494849062112 21.668273894903884 22.37186146415457 22.947650507001523 23.39558614220823 23.699565797435245 23.852851440298533 23.84266156071031 23.658168769401417 23.322321485288565 22.972906104327777 22.646958436269387 22.365712579076785 22.14657305808542 22.028249978290802 22.046272030107108 22.238095292423854 22.592509985340445 23.046099677418837 23.574193813245724 24.118508404544492 24.55317137865018 24.989552733891575 25.418461080373728 25.80233600599824 26.091687082713268 26.218872746459
20.057891314948993 19.353584281155253 18.53816429039835 17.660989537405076 16.74188127908741 15.879802806668952 15.127977210079502 14.517970649890803 14.106475796262414 13.95618462853113 14.125944020315421 14.669148126997591 15.532786659782769 16.651707505480545 17.964623160853353 19.40814645754825 20.88908449984746 22.19499708282092 23.09936046153321 23.754403426750596 24.215252422421592 24.477912334628137 24.56945002074049 24.482873938407376 24.21064535656758 23.75733914284845 23.258522172307323 22.78769474265448 22.37139312789296 22.054260639423813 21.923711549926413 21.971753326518613 22.20760599197407 22.61903756095336 23.14101710670795 23.74205916245127 24.361920932082235 24.92873070249203 25.485446024306103 26.03209953635734 26.535785183722897 26.932788462678403 27.178925998910035
20.309858487019117 19.523023917297195 18.608052753714794 17.626389900398294 16.591379143882364 15.62928533548408 14.786428684575043 14.083665680705396 13.57693472902122 13.35878627737919 13.535337316581005 14.173632331163134 15.227034781374543 16.564185916941014 18.081261030570037 19.672365766539933 21.21472676870968 22.56265896050947 23.608838408348475 24.362323461604806 24.836698814833824 25.073819825549165 25.11562854470751 24.9627787259976 24.608637641685117 24.051695166046077 23.406510019445363 22.791842696938406 22.24240934489054 21.84638901285647 21.70394260715697 21.798444270822564 22.08605846448515 22.54721914755847 23.12353807887375 23.778093049369286 24.471201467444534 25.17422739313059 25.876581352567896 26.56637398125007 27.21074942101915 27.735951776662297 28.082654830003168
20.735181935897636 19.876275334839082 18.870180680331377 17.774254879589897 16.666543086571313 15.611120960814834 14.65146778953037 13.823699545039844 13.172983202440411 12.821101891055553 12.982942902578165 13.757625990432782 15.003353760460833 16.555117261342208 18.230218796739 19.915967036783695 21.508296413290477 22.90049055723046 24.012173308610482 24.797653861482107 25.272716476282397 25.483087010457567 25.480622988747005 25.27358674605866 24.849701617381008 24.196091933643498 23.40671097398714 22.648439186341147 21.977242953595162 21.536860626380317 21.37849448895925 21.502400709319772 21.848760942548203 22.36804531946373 22.99359598151183 23.705817919457687 24.48048696399623 25.304247221165653 26.1533157230934 27.001783940193384 27.80867166424504 28.48784297606875 28.950113566962493
21.356471975120694 20.443004085165573 19.348524596183946 18.162719282337942 16.98687369359473 15.850050332267074 14.783314302667833 13.812465535046027 12.972596594749298 12.366527666676697 12.455588672556344 13.49905205900423 14.982570013693705 16.679182978897554 18.47449205210149 20.22859121911434 21.845961828891188 23.24169132059824 24.345565578077064 25.106948345381277 25.545998048426167 25.708781919674884 25.653877046992434 25.402274802097306 24.932828255060695 24.184786643405182 23.243787690022387 22.34564366181736 21.596196482355477 21.122615614866543 20.948139134210635 21.079627818745035 21.479712573901253 22.05403512403299 22.744285009684052 23.51747498306191 24.372519272792097 25.307609261225437 26.29760203190993 27.311180001152884 28.3009854481448 29.167442923851265 29.777614601545956
22.193224235191753 21.236916687746 20.070174895375732 18.821503423896335 17.581941732621363 16.377963829857578 15.235478527661012 14.173273893660534 13.202163705677552 12.326846835884393 12.206494233133666 13.671955970114574 15.289817217231205 17.036470161256823 18.8714464669057 20.65490739390645 22.26720807337927 23.625174842802497 24.64565682080423 25.32120820527523 25.675294136924197 25.75361456473081 25.617611245402188 25.31021015765705 24.83716370669354 23.99687648653157 22.888820613903633 21.895778132603265 21.093947489926858 20.591386390608527 20.40167893072318 20.533091957174232 20.97164296927094 21.5943753840453 22.350891084781995 23.20296419460642 24.13253865211891 25.165427366668414 26.28196640223707 27.453531604263308 28.636677332851296 29.729513594467647 30.54941628271478
23.25053921863092 22.2677391169845 21.05438587125114 19.754982508400495 18.460167582130175 17.2093313367743 16.0350041651948 14.968129310467202 14.051791545875162 13.410067596619927 13.502631824717259 14.534334274014649 15.99971567125937 17.666088475896135 19.442308311213118 21.209551604822884 22.78494727163072 24.057533395981267 24.94383307799348 25.46382706504232 25.671026150272606 25.61832382293887 25.355359236053047 24.930840613826202 24.34413832020501 23.43155728836938 22.286357609074564 21.24922277709212 20.417380938531313 19.895824870780217 19.699693976276407 19.84172177106943 20.31221868618763 20.98963335218288 21.811518664013775 22.744347616379223 23.754142597717575 24.86335042242727 26.078043709429878 27.37635434713177 28.72936063042625 30.06188254802316 31.20497834343721
24.50915567131638 23.520546987359996 22.28241956317 20.94743336209465 19.605908086583582 18.32426538112339 17.150137756311043 16.132567452600597 15.343426528784937 14.91704896698327 15.053198353891272 15.806877287853697 17.01635317460567 18.50947584450033 20.16791298062745 21.873698398915618 23.39699529262624 24.546428328125327 25.24271502117908 25.54262612827482 25.53865313985914 25.31003902287666 24.879977154270005 24.27872725773938 23.503739337146527 22.509056400235302 21.39318145470805 20.362682375992563 19.525075332906514 18.99252491265847 18.79074364347838 18.944656414882186 19.442029301410642 20.193051009992196 21.110179085940047 22.14150916637007 23.238871103297015 24.401342402267122 25.671164738678993 27.035901427729463 28.47480120025126 29.934018720634015 31.355094920195675
25.850855813836365 24.875419108619834 23.62538988419268 22.270689862201472 20.902162792642574 19.61896426646332 18.475943310837447 17.5240443876574 16.83299018927721 16.503717067299277 16.610168704773034 17.19288995808783 18.186925017547058 19.49168955065445 21.010539098571613 22.6371035420154 24.12568224943256 25.131090591850285 25.56197697575643 25.57795675604135 25.319422634746314 24.8480300346919 24.21046789252544 23.420251343944905 22.491969260826785 21.416323459418503 20.310362884482434 19.299605313194004 18.46640750110795 17.92282952760197 17.70701307955629 17.85777567186103 18.382099853897945 19.21317596236705 20.228893163417567 21.364965086152232 22.568407806986475 23.798386497658125 25.07646485039145 26.434066856201614 27.84131772602343 29.20119005451758 30.265789551492862
27.238981063832334 26.28533303585462 25.01025420337414 23.62334568040415 22.23865814546652 20.9559478192193 19.852590823616254 18.972958483854633 18.36570156165652 18.07211163626576 18.119884090782932 18.561715184174084 19.369175567428034 20.486747474970706 21.853558349978123 23.402004170200613 24.943853332199538 25.826236447532136 25.847775320652133 25.5072932357118 24.943805192361175 24.21827442854903 23.371438500631967 22.41304807850514 21.353630592589397 20.21260657240102 19.12048097001337 18.137044726057383 17.313380697036322 16.752669382366783 16.49938970245289 16.61914933194507 17.185052672646385 18.114234788421644 19.232563075140618 20.460875146015447 21.7460195121999 23.042748005725976 24.333760154212232 25.635932538936533 26.927242593600642 28.001089339230074 28.67565055259608
28.647555205974474 27.701938006074855 26.35495609946743 24.90858592150671 23.510613832453373 22.242705048275184 21.17646017944147 20.355038668939283 19.809349385417566 19.536026824853852 19.536921754776273 19.84309446019101 20.468053169792487 21.383732225985586 22.551789306054477 23.93380499234305 25.449132340291808 26.234754579913833 25.81639591131818 25.174855857405554 24.360277584744587 23.413376867330175 22.3767154548839 21.280550298093537 20.12386791455307 18.953135474063735 17.890958243604878 16.952204092923484 16.154184155598557 15.579359401786938 15.246462915171561 15.280160562082706 15.93434683557065 16.996879844886976 18.210809020591807 19.50713412777625 20.84329710152069 22.17770393419886 23.468129878633466 24.726957791996306 25.80943412713183 26.58630106567117 26.982964032183876
30.042746620288884 29.027595723979626 27.52296875113921 26.005528846098713 24.61257579870336 23.39376294762318 22.376460023838643 21.60622422265882 21.101622340848884 20.8311279877636 20.78835273856275 20.988992713935268 21.432617610729405 22.122988455243505 23.030814466822516 24.094544135109345 25.14106803602292 25.60104989343424 25.28303496437993 24.541353684490293 23.56400435966685 22.440737813255517 21.244240041183172 20.03627510147145 18.82965427097585 17.68817685926085 16.687410834454013 15.817883847315455 15.079600195635622 14.522008411039494 14.144901633850171 13.931877740800788 14.842329471506211 16.006018462815277 17.262945880329234 18.58367259902925 19.93463503417682 21.275921482774514 22.558920371306336 23.712210144878842 24.59505348518844 25.1446183047285 25.400422751799205
31.459883343183183 30.09335128219832 28.424866387418042 26.913350946088404 25.58896787258616 24.45912649471213 23.5318076063929 22.809331359054863 22.3040764570293 21.985171824892497 21.860397042174938 21.946307965389003 22.239890072388675 22.702498173528298 23.327768798350302 24.049458631903626 24.700315104993614 24.884234169378473 24.5120411988659 23.706725342704793 22.611330226132548 21.339380089588083 20.000299272375283 18.703899213654786 17.506584205536463 16.466130870006758 15.564076021808926 14.793175135247152 14.146265552892153 13.667483487413731 13.421361588777089 13.524966006035982 14.214960085867176 15.279258974343223 16.4866324346853 17.77072325770535 19.089856709043097 20.40594454103664 21.654026445677914 22.658902003941947 23.41265128929089 23.89615066113256 24.072921525515717
31.188386521772653 30.246449923991875 28.841880188045565 27.52941721619161 26.377756276559687 25.403882579701758 24.60764105543455 23.979160048058517 23.494078191394692 23.11809591805064 22.877658344934908 22.792051957407693 22.883285348244474 23.14699810485062 23.514721445439783 23.944361667735997 24.270586449055685 24.21420963064542 23.70944595243284 22.80772098257642 21.599358393216438 20.184931677409846 18.691835310364883 17.315327239657076 16.220724176676097 15.33152152796534 14.565277283568728 13.921249827383539 13.417167499490459 13.085726290316375 13.01548584516065 13.276862002505741 13.936250683600376 14.892339065044863 16.013569457638948 17.224541931446062 18.471271725842993 19.708879005555353 20.817493954365275 21.719156844171156 22.425857607703016 22.872881616176958 23.01566766616063
29.980066202803673 29.628615562487308 28.770072474225383 27.81848284967951 26.93899504616149 26.18424027093958 25.563109144964663 25.06343283581437 24.639432777469967 24.231473105058438 23.872625795542138 23.619146840920386 23.495448632431103 23.51138438164735 23.638981786486617 23.811483127912027 23.87306777362764 23.604279371996686 22.9369147812858 21.90502776203831 20.575050338637787 19.026833329769076 17.353996117561994 15.86662342106528 15.028663634235889 14.34253823076811 13.761539850895224 13.291639038155015 12.94805046928288 12.765775530724518 12.828493259888171 13.194056031059024 13.873779071998332 14.776280471737879 15.827302529245985 16.964521325658144 18.133287347610143 19.275728969004643 20.27953918716976 21.08667109802549 21.700284492369835 22.091504276451303 22.227276503451062
