_RESULTS/CROSS_VALIDATION_POSTPROCESSED_80-20/MHZ/GZ/9comp/5/MHZ_GZ_z_63_kriged_reverse_9comp_spherical_5.asc
ncols 100
nrows 74
xllcorner 5.5967023332191781
yllcorner 50.982320383219182
cellsize 0.00019249356164376555
nodata_value 1.7014100000000001E+038
[rows 0 to 18 of 74, columns 42 to 83 of 100]
0.07537745324906588 0.08660542513764607 0.09941311445606862 0.11329038955988142 0.12742665777020495 0.14071452608659174 0.15184108856315168 0.1594757283288143 0.1625228134393852 0.16099260487660966 0.15745189339705506 0.15251802102226603 0.14663030527503176 0.14025341770899008 0.13382347209789539 0.12771768620497465 0.12224698155416376 0.11766559468943555 0.11419015133324732 0.11202142486592738 0.1113560700934516 0.1113560700934516 0.1113560700934516 0.1113560700934516 0.1113560700934516 0.1113560700934516 0.1113560700934516 0.1113560700934516 0.1113560700934516 0.1113560700934516 0.1113560700934516 0.1113560700934516 0.1113560700934516 0.1113560700934516 0.1113560700934516 0.1113560700934516 0.1113560700934516 0.1113560700934516 0.1113560700934516 0.1113560700934516 0.1113560700934516 0.1113560700934516
0.07218539437884734 0.08519461605763211 0.10032991306822714 0.11710851078262162 0.1346413348338641 0.15160209203212124 0.16631871273585846 0.17701746221482553 0.1821848438056034 0.18099373611783554 0.17595680709972938 0.16900419542570372 0.16086285740798376 0.1522241552753874 0.1436673967843681 0.1356313701876205 0.12842223865259464 0.12224175685536891 0.11724729934588807 0.11367387565430598 0.11169800122696749 0.1113560700934516 0.1113560700934516 0.1113560700934516 0.1113560700934516 0.1113560700934516 0.1113560700934516 0.1113560700934516 0.1113560700934516 0.1113560700934516 0.1113560700934516 0.1113560700934516 0.1113560700934516 0.1113560700934516 0.1113560700934516 0.1113560700934516 0.1113560700934516 0.1113560700934516 0.1113560700934516 0.1113560700934516 0.1113560700934516 0.1113560700934516
0.06976014815265402 0.0846412641312927 0.10231889536721395 0.12237817500803914 0.14386787706454893 0.16520600094899499 0.1842517525891279 0.1984344890522219 0.20544864669417348 0.20426058569216624 0.19675772073725387 0.18690030520727266 0.17579405467600934 0.16437156982951637 0.15335333592561265 0.14323240635131457 0.13430871380203285 0.1267431644399349 0.12061256656788613 0.11595571242370344 0.11280637067354254 0.11139802040441239 0.1113560700934516 0.1113560700934516 0.1113560700934516 0.1113560700934516 0.1113560700934516 0.1113560700934516 0.1113560700934516 0.1113560700934516 0.1113560700934516 0.1113560700934516 0.1113560700934516 0.1113560700934516 0.1113560700934516 0.1113560700934516 0.1113560700934516 0.1113560700934516 0.1113560700934516 0.1113560700934516 0.1113560700934516 0.1113560700934516
0.06819771225585441 0.08506929753709717 0.10554804279036918 0.12935117998219575 0.15550631733625303 0.18201296269217687 0.20554657173220073 0.22287385594536058 0.23134240431260883 0.2296636967909695 0.2192053671227736 0.20557249359047358 0.1907712463001682 0.17603804202916432 0.1622314178055395 0.14986165986249134 0.13917692184244054 0.13025672420605536 0.12309119637353061 0.1176404331239586 0.1138740509338216 0.11179233207410783 0.1113560700934516 0.1113560700934516 0.1113560700934516 0.1113560700934516 0.1113560700934516 0.1113560700934516 0.1113560700934516 0.1113560700934516 0.1113560700934516 0.1113560700934516 0.1113560700934516 0.1113560700934516 0.1113560700934516 0.1113560700934516 0.1113560700934516 0.1113560700934516 0.1113560700934516 0.1113560700934516 0.1113560700934516 0.1113560700934516
0.06763885489572057 0.0866277087821356 0.11018833480692843 0.13826694480635857 0.16956275141409366 0.20124573270403728 0.22966130721586703 0.25053670435819897 0.2602494559637127 0.25721749084364937 0.24289795245473306 0.22437643986453804 0.20504678137980747 0.18649159608067192 0.16965612862624727 0.15498738331997242 0.142608219019456 0.13246247399478506 0.12441823049053413 0.11833570166054903 0.11410849215679865 0.11168379557258852 0.11106593487165865 0.11135597171492587 0.1113560700934516 0.1113560700934516 0.1113560700934516 0.1113560700934516 0.1113560700934516 0.1113560700934516 0.1113560700934516 0.1113560700934516 0.1113560700934516 0.1113560700934516 0.1113560700934516 0.1113560700934516 0.1113560700934516 0.1113560700934516 0.1113560700934516 0.1113560700934516 0.1113560700934516 0.1113560700934516
0.06825661437976038 0.08946457687547342 0.11636437397543116 0.1487547014958932 0.1851433666382372 0.22278534593681734 0.2570615492308586 0.28207070065910445 0.2926334081206325 0.2868324286516411 0.2670558111320882 0.24225798264456755 0.21753533334154374 0.19477213950240607 0.17485360961337285 0.1580222488946256 0.14417452755418536 0.1330569826742425 0.12438273596380534 0.11789712488193746 0.11341258068492352 0.11082272843761853 0.11010044553000936 0.11091071568090655 0.11135198623079201 0.1113560700934516 0.1113560700934516 0.1113560700934516 0.1113560700934516 0.1113560700934516 0.1113560700934516 0.1113560700934516 0.1113560700934516 0.1113560700934516 0.1113560700934516 0.1113560700934516 0.1113560700934516 0.1113560700934516 0.1113560700934516 0.1113560700934516 0.1113560700934516 0.1113560700934516
0.07021987691414887 0.09367621633810654 0.12365119334752604 0.16000743639225246 0.20186321737159044 0.24639966307437278 0.28795879715133105 0.31814846947257697 0.32894396573843704 0.31802014421676966 0.2902433394644871 0.25756511974173973 0.22675466826006224 0.1997182752523263 0.17698426493427658 0.158390411086298 0.14349605693057893 0.13179815833275044 0.12283570871730266 0.11623694686923158 0.11173837848815682 0.10918752655274903 0.10853300015471619 0.10970485221636606 0.11091426153867567 0.11135604980463842 0.1113560700934516 0.1113560700934516 0.1113560700934516 0.1113560700934516 0.1113560700934516 0.1113560700934516 0.1113560700934516 0.1113560700934516 0.1113560700934516 0.1113560700934516 0.1113560700934516 0.1113560700934516 0.1113560700934516 0.1113560700934516 0.1113560700934516 0.1113560700934516
0.07362774132259443 0.09901930770398486 0.13140178160448682 0.1713747877559276 0.21861690662308458 0.27078946751760086 0.3216878017349389 0.3593143746017631 0.36950572216052463 0.3493070757874156 0.3098277410127885 0.26783406230144086 0.2308566757158034 0.20009202046488012 0.1752738654495492 0.155633681923528 0.14031823469831053 0.1285578293277308 0.11972483439499433 0.11334667967679059 0.10910173232641146 0.1068073239497001 0.10640048658427535 0.1079038313277774 0.10986161351118992 0.11105841841153412 0.1113560700934516 0.1113560700934516 0.1113560700934516 0.1113560700934516 0.1113560700934516 0.1113560700934516 0.1113560700934516 0.1113560700934516 0.11143411470848287 0.11167907588219315 0.11192360743488965 0.11204905796804894 0.11200368008305989 0.11180567802936121 0.11154210218861896 0.11136406476831807
0.07838975622998644 0.10497379445105465 0.1390472661505563 0.18162552308201724 0.2331139292685056 0.2924428115121889 0.354819581796549 0.4053007268106335 0.41406284555824213 0.37644295658535787 0.32107389351536486 0.26977643540589585 0.2279124777411658 0.19486190494999714 0.16921924260249938 0.1495447704319744 0.13459358529943294 0.12337060031523152 0.11512299148001748 0.10931340901660207 0.10559153364490975 0.10376740753204551 0.10378328374962467 0.10568356589339696 0.10835312169231756 0.11027222165091481 0.11125878353762934 0.1113560700934516 0.1113560700934516 0.1113560700934516 0.1113560700934516 0.11145132228712124 0.11219855747083443 0.11340678010243162 0.11476521870357155 0.1160026870658202 0.11690084147949029 0.1173104448040275 0.11716518042732357 0.1164884619903377 0.11539098297307918 0.114059819398374
0.08404394538186379 0.11112764466197791 0.14576749729284572 0.18910872723642433 0.24199804662476307 0.30466049218281777 0.3759945394200206 0.4492265272282954 0.4574529709985012 0.3870965699630828 0.31681149226176636 0.2601515299949163 0.21664127070431197 0.18363955643075383 0.15882333388567663 0.14028824802657966 0.12654223507502657 0.11646294647597573 0.10924112256193003 0.10432444732420537 0.10137048768346353 0.10020847626469656 0.10080424577930727 0.10322633069742258 0.10655068827067762 0.1091446402108459 0.1108031156060094 0.1113560700934516 0.1113560700934516 0.11139860835198057 0.11241281879706246 0.11447598240679953 0.11719915895082843 0.12019963359588397 0.12310287933020997 0.12556014892762507 0.12727717559549706 0.12804654355419645 0.12777455534611729 0.1264943957126416 0.12436139835608036 0.12163193618958386
0.08939701430230756 0.1166656573683146 0.1507335162010878 0.1923886739439813 0.24231658388144234 0.3002035900872436 0.3645216003781457 0.42811835520351466 0.4293466746921439 0.35899752280789954 0.2909684696954915 0.23755362102594993 0.19713277781655958 0.16699381498342622 0.14474109020295134 0.1284481067543845 0.11666097029692586 0.10824805605638761 0.10241853578867137 0.0986570823722161 0.09666598515121916 0.09631925821233857 0.09762314744059691 0.10068067687480126 0.10461279444788633 0.1078209851171304 0.11009199237063966 0.1112440234663947 0.1117201779663302 0.11375159234756406 0.11715238430889033 0.12144692988478814 0.1263507192588268 0.13150938647152968 0.1364837562180031 0.1407654600341007 0.14381625234802597 0.1451462057197056 0.14470086171189583 0.14259983220929756 0.13907650449174236 0.13450807801852646
0.09327460996099333 0.11976000451758566 0.1522523534140993 0.19033158158866154 0.2328566195005626 0.2785482663015496 0.32245809275301573 0.3516816204777307 0.34384297472420927 0.30013744665302006 0.24847743582507714 0.20490355311483344 0.17109874901830646 0.14596175588499966 0.12776845793955194 0.11481253006683018 0.10565912665553322 0.09928234207280379 0.09509020770160055 0.09265412061049473 0.091752063997044 0.09232345419874978 0.09442741718693475 0.09820832210568459 0.10268905213590664 0.10643908708035835 0.10925056413665095 0.11143116710069431 0.11394616799759105 0.11754623386401285 0.12252815946899237 0.12871205200643077 0.1358293404126455 0.1434906365049801 0.15116833083407422 0.15820683893364093 0.16387075452386118 0.16743133585300748 0.1682766476069153 0.16601727249511483 0.16069432225081087 0.1534007472118173
0.09523178883735212 0.11967816339550819 0.14876811838300366 0.1816093370942928 0.21600241002223244 0.24804932352277348 0.2732012988933484 0.2833445807333766 0.2711489136693858 0.23936096500732895 0.20223510353501545 0.16907470859157447 0.14262110944189912 0.12304646774087412 0.10935351438953027 0.10012786687150703 0.0940451410326633 0.09012377468860855 0.08773865121703538 0.08669014798865719 0.08692578864663333 0.08846329843107943 0.09142073855337651 0.09597634171090344 0.10091543473708675 0.10502868877195644 0.10783634977461957 0.1111781302632537 0.11507639355237372 0.11994765735536482 0.12655064567032934 0.13477182320455267 0.14437869791800848 0.15496908080800353 0.1659286855346545 0.1764253828216124 0.18546290713261313 0.192002510924041 0.19513332427264066 0.19417243961484884 0.1883145646402938 0.17796025007223903
0.0947796106326022 0.11636316433482614 0.14118838127279537 0.1679571237820063 0.194168799507229 0.2158659322922953 0.22814513987575194 0.2280124060341737 0.21365564806361365 0.18842795443857438 0.16088040839423817 0.1357102393122967 0.11537578680538733 0.10072283404118115 0.0912879009021541 0.08572156273979653 0.08264241085529235 0.08113492015205433 0.08070834233346903 0.08113551441168505 0.08248258083604103 0.0850081428198224 0.08896823386415409 0.09439828433822364 0.09927109341290427 0.10211726112413133 0.10531611734352896 0.10947989792579713 0.11456606212462483 0.12067784416438579 0.1288691068034896 0.13919867350607146 0.1515187872971202 0.16545745189734687 0.18033215301970174 0.19510740757251255 0.2084431415871446 0.21886294711143695 0.2247569383621256 0.2242687466901327 0.2173660207789651 0.20489727680119652
0.09204176483243386 0.1104612529410617 0.13085927322165916 0.15177279018400003 0.1708135543525321 0.1847253921240088 0.18991952782202692 0.18428971001978972 0.16923032115261227 0.14890362244133162 0.1275605023856359 0.10781654892453499 0.09167840352395269 0.08064808225255 0.07493508007175304 0.0727680366252003 0.07239599088760122 0.07299964390307957 0.07438473331106814 0.07686594333575708 0.08031976833614096 0.08479986095411005 0.09051737797086688 0.0964468800422198 0.09978193371536516 0.10222807897659131 0.10534009627790779 0.10920675490881954 0.11398025235679568 0.1200900034300218 0.1291509592185676 0.1415367785153715 0.15670048582994947 0.17436505456548307 0.19382947551461138 0.21384030295526524 0.23260622681794707 0.2476634266543111 0.2556843351902111 0.25547491457726285 0.24719178371796383 0.23207543069292635
0.08806349321628974 0.10352172040435288 0.11980509483821876 0.13545282323963134 0.1484873733882997 0.1566549669073819 0.15771915512248907 0.1501307986702014 0.13596203373935747 0.11952589059474192 0.1025532645481306 0.0865410508810853 0.07280689537554125 0.06359435620696555 0.06135266813375676 0.062284674601171715 0.06416239308918445 0.06724337409899007 0.0714558989793139 0.07666700000385406 0.08278200434679403 0.08971599907267916 0.09684797872971405 0.10193625564201662 0.10425364006946702 0.10663009898686508 0.1093978892081144 0.1126996610878839 0.11675973803019042 0.12202249713066428 0.13018861210104782 0.14229419703466942 0.15931437932849474 0.1809861750977955 0.2057286071343783 0.23208974903918111 0.25744637544932975 0.27698728426873703 0.2874936972597 0.2874733529845095 0.2771974689026671 0.2584415561710479
0.08543981983474384 0.0986365102712933 0.11168997963666438 0.12315887791848193 0.1313683691508735 0.1347216535535928 0.1321298893814948 0.12359494570368017 0.11159954248136623 0.09834868134753136 0.08489479482328013 0.07205810685752137 0.06039779316982947 0.050276896500643035 0.05238252539759438 0.055612408227005965 0.06008790325406844 0.06580692611777648 0.07275329096314583 0.08089288413067126 0.0901546694250521 0.09987483027427936 0.10759739865948885 0.11150610681040068 0.11351743006485066 0.11547861524706471 0.11748398437420605 0.11975816107740703 0.12263706620872375 0.12668112519037106 0.13375222539628476 0.14503774576926518 0.16163707843958514 0.18481567527045814 0.21515364699953501 0.2491187523477561 0.2814789715418308 0.30659822178549656 0.31978175367066985 0.3187773747094985 0.3046906632926136 0.28080262362086716
0.08441781329337092 0.09596472253581952 0.10658184825434254 0.11489984068977611 0.11955547177893903 0.11950517687218838 0.11438264363932565 0.10567716946855363 0.09476806041874651 0.08340754615538153 0.07294642745932088 0.06326841338504648 0.05498480584757215 0.04970406737160203 0.049998964431758754 0.05413136975431088 0.060415829833978085 0.06853654199165164 0.0784589239287951 0.09016315791058314 0.10341929746176595 0.11549823621178126 0.12383686627126873 0.12677697657895043 0.12837554808785923 0.12936871300541636 0.129925783372821 0.13040697962057485 0.1313242579687757 0.13346786639031782 0.1389551989871257 0.14912870568863443 0.16531192436083875 0.18903963860220013 0.22183039627439813 0.2632228019358391 0.30393820266227173 0.3351488986624862 0.3503731620935509 0.3471362014612319 0.3277610780400498 0.29747638018473815
0.08510454296290607 0.09551002033672626 0.10427296123568519 0.11011424159915523 0.11197247493009552 0.10931821909997202 0.10315920286022541 0.09457214052499796 0.08449152695430813 0.07410700160855226 0.06509625413209164 0.057916848994015155 0.05242731142979034 0.04988288014661137 0.05144738127744173 0.05658302349225563 0.06468866720571456 0.0755681094856074 0.08924838381627113 0.10575744099890864 0.12349913651659615 0.13857859579699336 0.14728382777919252 0.1496767405767442 0.15024605499630841 0.14937556396993984 0.14737708420798698 0.1448469686820465 0.1425785537989015 0.14174799635629048 0.1447873320953945 0.15318600722634765 0.1685941526110906 0.19302832032776904 0.2284704991176607 0.2733228749263386 0.32258288565098114 0.3616544526835392 0.37924065772562116 0.37213202574830584 0.3452924008002402 0.30714759164018807
