_RESULTS/CROSS_VALIDATION_POSTPROCESSED_80-20/Berg/TZ/9comp/5/Berg_TZ_z_180_kriged_reverse_9comp_spherical_5.asc
ncols 100
nrows 90
xllcorner 5.6208707817415728
yllcorner 50.959635321741573
cellsize 0.00013419651685393446
nodata_value 1.7014100000000001E+038
[rows 38 to 56 of 90, columns 44 to 87 of 100]
55.23588773480742 55.593635346300374 55.89483730854501 56.15277999503985 56.3780814630952 56.5788838709228 56.75492415461652 56.901615820187914 57.01341357622799 57.07492665927876 57.06087735575351 56.94535966364233 56.70796720228852 56.45981367594229 56.26619514113804 56.14883420763207 56.10402065998827 56.13909260572368 56.26785926268588 56.48922039337626 56.7937262565248 57.16895618308987 57.60238168336589 58.08427707594114 58.60447613603515 59.147400959743024 59.68606645892166 60.18112278327023 60.58676474185864 60.85453777395845 60.97152106147162 60.935218665894716 60.76119460161533 60.480206292018615 60.122013798421314 59.711937805371306 59.26828410311569 58.80223412041035 58.31907382408581 57.82013849201834 57.304922404310474 56.77550146997 56.25088686242153 55.749968221215994
55.933056870168464 56.24311494704731 56.491749113145886 56.69282166572911 56.85677220676075 56.99192198240605 57.10960536672476 57.20690349930238 57.26734989645288 57.26763659165811 57.19250781271727 56.999469817878094 56.70105633167151 56.43185071532426 56.24889279121563 56.15760657906348 56.133900360272605 56.191627850711455 56.340468483451254 56.57981825345818 56.90758335464212 57.314877214464424 57.781035334242794 58.29377563068253 58.84808013991778 59.43287479847227 60.02620920617976 60.59559388397333 61.07248367099827 61.39690656054532 61.533726411951825 61.476448042620305 61.25340745553937 60.912826040016036 60.49696354281243 60.03600811764651 59.54964269624238 59.048941951573966 58.53849491074734 58.01864450169896 57.48731087659036 56.945421391976204 56.3979885041128 55.87274181102371
56.690289345047375 56.95267952535465 57.14676875706358 57.29106474692004 57.39820354689117 57.488647763521584 57.55745892087831 57.59232421991754 57.58276845229746 57.518518257595616 57.367656694605465 57.09521002696828 56.743276973186916 56.44189352944492 56.21972193227419 56.10089779939192 56.09249990902545 56.17338215103969 56.339648947202 56.58628697122885 56.92335840608271 57.37255327886116 57.87899677819769 58.42073707265777 59.00834414168986 59.641532669702734 60.30469409329549 60.96079646652751 61.53453508073826 61.93741464261918 62.092198332501084 61.99367991013889 61.701415897156565 61.28765871952682 60.80859614148623 60.29682805469005 59.77057244078794 59.23911365527332 58.70560946939719 58.16925081790202 57.62671735399514 57.07791489261741 56.52466490202362 55.983174090779144
57.51399356254922 57.71221190341579 57.84710793302315 57.93605783808775 57.99619551912642 58.02949817149104 58.03210834966447 57.99803557403843 57.920195240555785 57.78639029444381 57.552407712656084 57.19758313951816 56.793813059677035 56.44197737232081 56.169487581317426 56.019890491336035 56.00637313604865 56.10348812495815 56.28157086601069 56.52861482521103 56.83371288542449 57.34895852004088 57.902716850977896 58.47141955952292 59.090734482606145 59.771972303744484 60.50978789783229 61.26456126125627 61.96068358224921 62.47541133699392 62.64926947288213 62.46663586712883 62.069226237397665 61.57294879428336 61.03250970304147 60.47651438868837 59.91826313443238 59.3636421247914 58.81388811280688 58.26708393079356 57.71911706249008 57.16922250235916 56.61886166512311 56.0738908099484
58.35169937712471 58.479557782732115 58.53549344033936 58.57711230756378 58.58580869672325 58.558664301812236 58.49482192394111 58.39097587434697 58.24243680834277 58.02491724703699 57.702566551414044 57.27184034039121 56.810504416886474 56.409045300709934 56.108670523216155 55.93665251258063 55.90526734117249 55.99766097508814 56.1957668663177 56.471029668665764 56.83320140243193 57.31110758997476 57.8421608252199 58.41440488753975 59.054518248923536 59.776314483457405 60.576985355522595 61.42604020332109 62.27919335179434 62.995446354197234 63.18922005012416 62.834186781913594 62.30219871256374 61.72520227588292 61.13896399774629 60.55560669598995 59.979676827809804 59.41372168586464 58.85734410670291 58.307974258768965 57.76134745905139 57.21656695691233 56.674822446326054 56.1389209223105
59.12352533434208 59.189738340205245 59.188158306649974 59.17199472307138 59.13154767659916 59.04547339999557 58.91285256095157 58.734101691861405 58.50772534747421 58.201609038480285 57.80025031319158 57.303796437596525 56.79729122142142 56.36664803524355 56.04065925339593 55.84543346662 55.79502296139533 55.871453232561365 56.071775564634564 56.3697507125224 56.744995500229464 57.18663702486735 57.679511427651796 58.23233858353388 58.867645917074455 59.60219071501511 60.42967581301316 61.33123101690771 62.29138849558363 63.288599590629424 63.52842316639739 62.9109493424697 62.303107363153956 61.699594117741306 61.10270004679329 60.516725955836236 59.94406731860019 59.38248113870498 58.83160438409163 58.2891557753439 57.75162768624204 57.218564247560586 56.69106907838039 56.17180931471292
59.78504794189136 59.81132062639494 59.7637245279085 59.69011423734688 59.59144778735334 59.448159724236206 59.24847150822373 58.99627605319072 58.69099111583548 58.310147957411615 57.85635111414682 57.32148140839893 56.7794612572035 56.31725598699258 55.962997630428724 55.74175953657645 55.66768892222617 55.721625871645195 55.89742569960696 56.18586119250539 56.544332234336395 56.95218817732405 57.40690501228344 57.92385083494186 58.527036812544175 59.230863504132905 60.026650209261575 60.89914057231059 61.80224302993087 62.59543409737995 62.83718264104837 62.4928036100256 61.99845691031756 61.46145493453218 60.908988874500736 60.35400824240876 59.80550970302612 59.267202860176425 58.7353321933758 58.21021092343058 57.69016517395345 57.17563105614399 56.66791960929978 56.16975938086974
60.27619404893717 60.28709628881417 60.20626574869304 60.08371001125299 59.9231019015042 59.72459516994305 59.47158071087172 59.16998883238258 58.820961089884605 58.401787717224316 57.907989117233114 57.339490205165255 56.75947624445078 56.26288506308239 55.876869672432264 55.62504449328745 55.520257990241305 55.5416689485145 55.68025951055866 55.927264877180946 56.25598468392072 56.62714040394864 57.03788880088376 57.50088361799763 58.03955334271659 58.6659994347479 59.388369167408015 60.18007252459729 60.95932562678351 61.575299798685364 61.841159117801816 61.74071542962135 61.43326957138496 61.02664426211567 60.563411366607966 60.07186040697904 59.56940462472904 59.067865418992305 58.57069640572355 58.07392402881343 57.57965880144722 57.09026118445287 56.60758785531538 56.13469640235989
60.6066080419379 60.61204355117768 60.51002539281587 60.351537689847945 60.14650034945363 59.907063530999416 59.62471702625835 59.29884424978127 58.92393564679727 58.47290403006401 57.94968503360779 57.35677903190136 56.741291520147975 56.20887348416335 55.78778572774389 55.50045190250549 55.357813333385266 55.33753843355538 55.42973462144282 55.62398096475538 55.90565123201128 56.232735726698024 56.58953214798203 56.982421637358996 57.42096019401802 57.93821044828364 58.56893007747554 59.285690415588164 59.98434140453687 60.53627684468115 60.84126918335065 60.88150049874983 60.72596165637917 60.453672011033646 60.097651154829066 59.68813193911847 59.24846633922829 58.79538907869038 58.34009383327362 57.883181734239066 57.424377318487295 56.96695161676133 56.51410625961262 56.070230955810786
60.807704322200564 60.808339062733744 60.693279968189415 60.51145124206151 60.27997955571765 60.01421856935656 59.720336675979894 59.383463566767325 58.98563145280025 58.50925289195986 57.963127727079645 57.35325234471059 56.70937695511032 56.14250028876686 55.685742035005504 55.360212633148265 55.174338877317886 55.10546895829778 55.14523087442231 55.28334535659112 55.50728039639367 55.78903890960726 56.091674545548685 56.39866345997344 56.71422242252947 57.087044323561145 57.625145168755154 58.31754878334987 58.99607761949064 59.538145645452545 59.882023261395915 60.01664402742145 59.97247539923922 59.80809924012518 59.55519818297408 59.231367763900714 58.86156348709428 58.46495833401676 58.055780642904665 57.64330373257239 57.22629810333852 56.80720064970032 56.390101271711046 55.979824924508605
60.907815972943105 60.888360732283964 60.760872065360616 60.5687403766903 60.32704831116692 60.050700261264666 59.75048626294027 59.4079698330807 58.99427247712985 58.50271080252707 57.94259359803525 57.32256984244009 56.65884786196077 56.05676514120774 55.562283813630955 55.19626405580406 54.96433090287979 54.84559428416824 54.8340324022594 54.91978329890211 55.090344134139734 55.32687509267563 55.57288892703601 55.803142360486255 56.00208349734652 56.17573252543798 56.61964272513824 57.38975613955554 58.080362081336524 58.623555994208054 58.994001676728956 59.18921347255351 59.22765709876082 59.14363344919437 58.97685341815551 58.73227852884402 58.43122246320359 58.093053292389264 57.733445765434176 57.36553306359483 56.99357807579606 56.615895678774095 56.237368605164825 55.86373257969951
60.952312892304136 60.89370502578782 60.752398134533024 60.551860448268656 60.299262408294105 60.01450707901553 59.70916819157086 59.360114788096205 58.940543003179634 58.44630554786031 57.884184025162675 57.26313566134724 56.593232600556846 55.956109500997584 55.422357475475756 55.01459368495595 54.7355933160953 54.56983312496638 54.512567092971494 54.553524530268675 54.6767604352513 54.86086146771125 55.06466563250941 55.256082420752165 55.41582585996208 55.545660561290035 55.94246451135562 56.66143650874136 57.30587897915677 57.8233483852463 58.197096045817695 58.424839820213556 58.517736369517834 58.49642857669484 58.394123641909125 58.21764541005474 57.97914561432237 57.696777082253604 57.387031821572265 57.06401616212945 56.736049841836774 56.40129483286401 56.06302902704973 55.72797699136586
61.01555241745701 60.90036074881018 60.72357233038266 60.49970994283258 60.22832183212802 59.92633184415072 59.606833786030286 59.247182954365044 58.82692582408984 58.34089705219233 57.78966562420172 57.17869655483649 56.51790586586959 55.850500005328584 55.27556960594813 54.824287343388534 54.49853634007442 54.29309673284484 54.1992550096179 54.196089564200086 54.2687524539384 54.407506978814645 54.58715032492084 54.77671740065677 54.97449585636166 55.21806631437062 55.608646523752505 56.14113661634129 56.67886615055365 57.141237216872476 57.49631551253075 57.73432458543123 57.859158757476614 57.88382383546163 57.82891122188622 57.707888474386316 57.523485694835585 57.29177029810807 57.02982790754668 56.75057698164149 56.46376804300045 56.172034861694584 55.87483960250257 55.57984499771583
61.047447460498816 60.92422286155388 60.72977479969383 60.47402723580152 60.17291149992202 59.841375501692085 59.49075771766654 59.10962699717357 58.683800539007116 58.20852989152082 57.6762517072229 57.0850866546045 56.44038510274275 55.75991397704117 55.139135921169945 54.63647893165652 54.264238675371836 54.025081173120306 53.89722900150174 53.8543831857925 53.88332213400576 53.98197049731629 54.142328154893505 54.34015527022969 54.57862279072634 54.87601739196114 55.254979607760355 55.69927023900494 56.15095440041207 56.55622800915825 56.88314075438608 57.11773719657227 57.25880000065992 57.31388899960306 57.29607562705192 57.217336939300345 57.07787818670121 56.89151099280462 56.67335799887745 56.43529873709473 56.18754221318682 55.93679723898401 55.68096734305442 55.427318073659585
61.028562692511535 60.90446460075493 60.713772165746704 60.46495340206126 60.16629158366412 59.8242921109096 59.43553331123762 59.022201780534154 58.57747677613335 58.10325784355207 57.587302941847796 57.01903798517224 56.394047476258045 55.71719959332898 55.036944895644545 54.4517193309638 54.02182009705133 53.77131737416517 53.63444736127789 53.56105866878333 53.54431557610049 53.59669354386849 53.727869623331806 53.922799805163045 54.1815014456358 54.50195311360177 54.87561406857897 55.280050777055536 55.68059459920559 56.04322186203711 56.34373353767715 56.5693759913631 56.71721089412871 56.791777736332726 56.80272737717057 56.756337005354055 56.652724240996 56.50592059727161 56.326973143771106 56.12694720387967 55.91633289652942 55.70425516807859 55.49002207264099 55.27911986669483
60.96951126218815 60.8498969073259 60.660501451443174 60.41643465687506 60.13664774470391 59.80629750403238 59.410044615583324 58.97802019100915 58.518323951461305 58.03993303307807 57.53370342265713 56.98558245059729 56.38336272640313 55.71922233347336 54.995087289954 54.28234105680123 53.779129377162164 53.58829293925489 53.47136575540533 53.36184313235799 53.28199066750437 53.267233988765774 53.34688038380382 53.519028896320044 53.78131691131149 54.114536247760014 54.490108206926 54.87840144089229 55.251677215603145 55.5866125032924 55.86658664499568 56.082453422677666 56.23201178980064 56.318796411989105 56.35057802023017 56.3305537382507 56.25717468035097 56.14285561638832 55.99813960385708 55.83320364817565 55.65813402267972 55.483311461541874 55.31124885701876 55.14478938018884
60.87521858386163 60.76938790759622 60.590572724727686 60.34147726930311 60.09370428194999 59.77309015966045 59.38225558346559 58.94700436536079 58.476669180816764 57.99364179723738 57.49828986445736 56.978188127412075 56.41819755291145 55.802153447882354 55.10410136981646 54.29199194174322 53.636444618718016 53.623110652916814 53.490539302882226 53.30529019296571 53.12811986522475 53.01249216159689 53.006967652402295 53.13302869081672 53.391568984262136 53.739216322317695 54.12362908335439 54.50717398883958 54.865303685172215 55.18157878238949 55.44551291910973 55.65188884046447 55.800286979420264 55.89441517891305 55.941350216382176 55.94481103721722 55.89635148873834 55.809693984127115 55.6946721767758 55.56160738229005 55.4211543506992 55.28373984729905 55.154718592074104 55.034608466793834
60.73382987646887 60.65061119646853 60.50448236618824 60.29618229478609 60.03599946728336 59.720113756964025 59.342010591960346 58.924288777806765 58.462850342805886 57.979223364084945 57.49585167734009 57.00825149479817 56.50656552456454 55.97784750686521 55.3983523951998 54.77758580018709 54.277341237009615 54.00345670963943 53.72515594090193 53.41097300594904 53.104763054058324 52.853807222302066 52.71728647836261 52.7696337091224 53.03492639199994 53.40983883702539 53.80690169370378 54.18679448653582 54.53134459197347 54.83062760291924 55.079208161331316 55.275209498936306 55.41999655979563 55.51800488100047 55.578489637466774 55.60223018515117 55.57466413803939 55.51229357593815 55.424681643270986 55.32211594327829 55.21553493720081 55.1162252727038 55.03125094996876 54.95917876529893
60.525660345054945 60.462428428827266 60.34195915876246 60.15957738937827 59.91952401090581 59.62452032134687 59.27326295653661 58.8854715217201 58.45582625837334 57.994607979752 57.52709512215496 57.07125717543305 56.62814380199418 56.18785402159363 55.74555791387562 55.31476493080439 54.91044110623463 54.509879518358375 54.0850796799186 53.64313808058074 53.21550069399971 52.82554710869435 52.50461473189786 52.43209331046229 52.7630820801239 53.17699631123132 53.575462237757165 53.93968611743875 54.262432842093325 54.5396965452975 54.76961377163955 54.95248500943131 55.091326801417026 55.193426887315475 55.266093508628 55.306610611064535 55.29768014013835 55.2577191652824 55.196669765474546 55.124905145944645 55.05352463876918 54.99386535108035 54.95335226714649 54.93274589700909
