_RESULTS/CROSS_VALIDATION_POSTPROCESSED_80-20/Berg/TZ/9comp/5/Berg_TZ_z_63_kriged_reverse_9comp_spherical_5.asc
ncols 100
nrows 90
xllcorner 5.6208707817415728
yllcorner 50.959635321741573
cellsize 0.00013419651685393446
nodata_value 1.7014100000000001E+038
[rows 57 to 75 of 90, columns 0 to 41 of 100]
0.505090644586081 0.5058012635367493 0.5010467112595081 0.49097569408228764 0.4761094205446661 0.45724769014678557 0.4353611717316643 0.4114947181529859 0.3866924699923042 0.3619463429727073 0.3381658052491124 0.31616506717436976 0.2966599233312539 0.2806172274307227 0.2694660685457257 0.2613687829702253 0.2558662129639836 0.25283288595394926 0.25062345608738557 0.24806826835264006 0.24494654034651714 0.24112211453745655 0.23642670879284894 0.23003972250834648 0.2218682258207422 0.21211471919994435 0.2011149385996837 0.18932673110093523 0.17697038455170205 0.16440512155617126 0.15114408072301252 0.1385041188406693 0.12772245005925933 0.11920920936552466 0.1126769230020692 0.10731656044274716 0.10251581267621125 0.09797012487172947 0.09358589636528539 0.08938511895454797 0.08544756477483938 0.08188476722751838
0.4601584757223601 0.4589411274894293 0.4533816007130536 0.4435861839984629 0.4299439562834146 0.41306963449133804 0.3937292478867177 0.3727661357996869 0.35104144688954564 0.3293902765885395 0.3085843881981149 0.2893526309296639 0.27239939071318764 0.25841853083499505 0.24839986588763713 0.24210322315668517 0.2387302116648594 0.23759859825735866 0.2367467288890795 0.23563717040821047 0.234021962427923 0.23167092774961479 0.22782764830452162 0.2223551319743058 0.21535478822093027 0.2070447203845533 0.1977554563299584 0.18792341976915736 0.1780707705280774 0.1683881223253412 0.1580067840107905 0.14758812099819285 0.13806066781807377 0.12982034172526669 0.12299753372194268 0.11725863954766748 0.11220785704773738 0.10759468066840634 0.10331244092258961 0.09935942624041401 0.09580420787894978 0.092533332400959
0.4226092028661218 0.4198386353464025 0.4136330589413802 0.4040760540188625 0.3914655252137781 0.37632278880809295 0.35924096718298376 0.3408496539799795 0.32181543107666705 0.30280465957756464 0.2844648072618865 0.26743284791156846 0.25238191659874365 0.2401067649101612 0.23155670473697043 0.22694052429643358 0.22577575136459305 0.22620774576733454 0.22689396454008476 0.22732743726843513 0.22708165207952982 0.22547416339212473 0.22238731339736642 0.2178474397060534 0.2119834934606928 0.20502195322705374 0.19728085101179715 0.18916110506961126 0.18113398332534303 0.1737139134155983 0.1659663573399815 0.15760735715636978 0.14941281226566783 0.1417999336815377 0.13510740495959134 0.12933111417683696 0.1242574891409995 0.11972593824384975 0.11566120843422142 0.11207005312673464 0.10877257991679606 0.10555903000072314
0.3920398643824081 0.3880305193794728 0.3813310858423083 0.3721084210496997 0.36057713095649796 0.3470414779855786 0.33192141561836885 0.3157132639746066 0.29895005707346983 0.28216876616070374 0.26589161924617555 0.2506322935379402 0.23695283636524606 0.22564232378519375 0.2181028353268473 0.21584694418762063 0.2169035710227722 0.2190890662045266 0.2213648275344989 0.22290955205681323 0.22327896936258415 0.22230825997087808 0.21996251309616596 0.21630888453431424 0.21149722418948794 0.20575566655001287 0.1993923843118477 0.19276888087615812 0.18627374738236943 0.18034333810092223 0.17479934063321917 0.16850936873977576 0.16181511301382423 0.15515139359815835 0.14896703370440817 0.1435027712797912 0.13869059082587062 0.1344662444798432 0.1308021003437931 0.12737886670858026 0.12405001897881861 0.1209089593696408
0.36800705280309515 0.3630992504761675 0.35626731385979954 0.34750248799515937 0.3369123339425944 0.3247246197880711 0.3112643682304094 0.2969233309146449 0.2821273002449732 0.26730643330445525 0.25287314714668113 0.23921285284543206 0.22670099949616204 0.21581473544273577 0.20788140980724612 0.20761834635642323 0.2124055770279595 0.21676897633183095 0.21990593411755238 0.22189979519595918 0.22265737383547415 0.22217511156875022 0.22059823610116724 0.21806308210553113 0.21459555895068025 0.21030908480266564 0.20540500252444557 0.20016473501013515 0.19493308428444783 0.19009259960155517 0.18586974128818864 0.18101621999312562 0.17562070755304796 0.16995321887303752 0.164547163915854 0.15976341335059138 0.15554395692944892 0.15181644939080782 0.14823166337544644 0.14475889605538717 0.14144612233486206 0.13839158468762416
0.34885634515016073 0.34438015227928337 0.33794099065935207 0.32966502035800505 0.319877470779868 0.3088447618884839 0.2968211414430523 0.28412043553144756 0.2710899508860296 0.25808556758389434 0.24545108114792605 0.2335038886359728 0.22252872599506146 0.21278552100537532 0.20442677578483273 0.20488614437733718 0.2123013348010917 0.21815776566834622 0.22222492792202986 0.22454652411550155 0.22582867788052374 0.22639403157474663 0.22614912276985386 0.22504963866942096 0.22301602274819027 0.22011400736910072 0.21651498621776383 0.2124668187756457 0.20827730083764995 0.2042894619202301 0.20085115541821358 0.19728483447452363 0.1927470286154112 0.18770313720527587 0.182759187486384 0.17834941014517863 0.1743704638063736 0.17075753165425173 0.16723280965775794 0.16381873176505737 0.1605829717634265 0.15762932090240186
0.3335579042690993 0.32966318898260255 0.3241021095834092 0.3169657371548623 0.30842325648451496 0.29871227712276216 0.28812258322575923 0.27697640686632596 0.26560885093399633 0.2543521376683526 0.24352774748863992 0.2334536436154711 0.22448890879413333 0.21703529765709811 0.21172777488901862 0.21174673148088335 0.21677046291844276 0.22246928940807312 0.22725348686913036 0.23129884625845465 0.2344164416220446 0.23650957296291975 0.2375753351626817 0.2377625727242307 0.23710662908163513 0.235548749673743 0.23317989631986016 0.23021062607230908 0.2269148283216277 0.22360622437533925 0.22061007577326536 0.21802314617419033 0.21442015721441365 0.20974610721942147 0.20460443637277784 0.19959655564405887 0.19491941426277645 0.19073462420908044 0.18716683190718642 0.1839396172469434 0.18085331862770332 0.1780174211035707
0.32186351156805837 0.3185518397546964 0.31383297094318113 0.307774298731901 0.3005109207153825 0.2922398968458244 0.28320935111135664 0.2737048846929522 0.26403659442165567 0.2545307991243482 0.24553234990674008 0.2374285686019674 0.23042585586495082 0.2245486946643271 0.22090483180470707 0.22072312768028957 0.2239138319326731 0.22962965357954285 0.23587421491084995 0.2417813976214479 0.2469575546475689 0.2511713868560991 0.2542983723759132 0.25630020702973505 0.25721736132682144 0.2571476259340224 0.25607656328085193 0.2541538221551889 0.25162509060527466 0.2487643014638727 0.24584767829089366 0.24312745881584905 0.23998300167525533 0.23519573269338492 0.22956620214726128 0.22377538911421405 0.21812793590683302 0.21288263452303105 0.2082723179377599 0.20452215385426997 0.2015733226817208 0.19885685453643448
0.31358707314611795 0.3108707530874752 0.3069791551001491 0.3019623684791922 0.2959302632046039 0.28904986253173476 0.2815388339405015 0.27365713741517966 0.2656997471345436 0.25799430012875024 0.25088974525596025 0.24424873023274565 0.23825209652136733 0.23348122494428641 0.230652790633332 0.23037236625059204 0.23353491971535656 0.2397631989945776 0.24767978308859664 0.25558372359236636 0.2629681606836602 0.2694880753339708 0.27490669704276083 0.27908210600076505 0.28196291378524824 0.2835864644415123 0.28402653849879583 0.283217208429154 0.2813353871024318 0.27863894740113687 0.27540787488783197 0.2719149823005833 0.2683740849564927 0.2635043489782897 0.25738999650610644 0.2507604058966036 0.24403685312326373 0.23758118583005625 0.2317090983578754 0.2267054493333102 0.22283923295995955 0.22012631847306
0.30861063449586074 0.3065118137971575 0.30345050839036414 0.2994641608185302 0.29464378927181345 0.28913377109946115 0.2831287935088235 0.2768696125925028 0.2706389695036333 0.2644265986737045 0.25823695739208596 0.25236799049425024 0.24720113580726363 0.24319243587780826 0.24085163948212437 0.24159224307818347 0.24569295300158894 0.25268076957601643 0.2619714697481743 0.2722137515919419 0.2821216345792156 0.29126993649650035 0.29931345552755206 0.30599207173825654 0.3111379814566756 0.3146830658355961 0.3166624232738255 0.31706754254257646 0.31582129128084596 0.31315771772468803 0.309370242635919 0.3047713008808994 0.2996590622872932 0.2942059893175528 0.2875933685985825 0.2800464591253484 0.27211533270895366 0.2642754326668406 0.25693367550787316 0.2504406930834413 0.2451055199007517 0.24121054381315626
0.3068887331460049 0.3054396268024858 0.3032286407810989 0.30028406041208416 0.29668266286795797 0.292551266167829 0.28800095284956184 0.28298026637228163 0.27760621254837714 0.27205560950925267 0.26655676534448614 0.2613923430064634 0.25689309272832106 0.25341813485190795 0.2524119997517468 0.2546965924032271 0.2600834520368959 0.2682444008288185 0.2787457130852122 0.2910957021802806 0.3039679633755754 0.3161918565204336 0.3273168497229551 0.33694961023192155 0.3447774308201995 0.3505911700595515 0.35430386667082536 0.3559486811662709 0.35534562245959744 0.35256444367293294 0.3479253744848497 0.34180729182249914 0.33460142310131036 0.32687674859208454 0.31935912852031706 0.3107973107962529 0.3015108353178677 0.29210058975807235 0.28307350276561927 0.27485198837593655 0.26778897355197034 0.26218483909238777
0.30837561097932487 0.30759897916964546 0.30620058007243534 0.30416107899240385 0.3014798738329153 0.2981808280470394 0.29431749602400736 0.28997803071267 0.2852898068378118 0.28042324430583176 0.2755932290652316 0.2710549274061975 0.2670891449202558 0.26474008634055335 0.26557185577478826 0.2695377032355049 0.2764883802073436 0.2861803758092672 0.2982738458386351 0.31234431325714246 0.3278920896358802 0.3437359021031913 0.35851411008562034 0.37167785220031885 0.3827335409306587 0.39128352239178477 0.39706869858533317 0.40000117742093455 0.40003579232895076 0.3969586598646048 0.39110373814444865 0.3829557001888337 0.3730485860490832 0.3623767349701533 0.3518849469946613 0.34178584381084015 0.3309956657403117 0.31983871898158217 0.30892921115190525 0.2987656169632995 0.28974710967116446 0.28219351224620676
0.3109075387027886 0.3107803642898214 0.31005528022635337 0.3087114715874365 0.3067455822571804 0.3041770701329605 0.3010529621962477 0.29745218783183264 0.2934894803950002 0.28931816514916464 0.2851299078858379 0.28114813691259627 0.27788268520801496 0.2774314545125683 0.280131790554551 0.28591321548004445 0.2946657827636619 0.3062072185713891 0.3202640295182201 0.3364612080684343 0.35431419183925544 0.37322155149026803 0.39222376374486523 0.40961759134164855 0.4245865357905879 0.4364806055767268 0.4447965516142955 0.4492506441068357 0.4498104894737483 0.4462200439465389 0.43869697921341055 0.42789081621071323 0.4146231659143118 0.40037956090652854 0.38601664837049077 0.37207610300335037 0.3589480161038759 0.3459098571782494 0.3329759013045428 0.32072100910941737 0.3095898623070103 0.299921082040514
0.3133773436389331 0.313933153867873 0.31392186462023197 0.31332114852090465 0.3121240054019323 0.3103433496821238 0.30801579289199243 0.3052049121708723 0.30200433200931553 0.29854048307472336 0.2949735377931445 0.2914930408865667 0.2897588430309395 0.29121943658550037 0.29582464087334087 0.3035371826970065 0.31429205105229796 0.32796240800524074 0.34433164497369784 0.3630687775519511 0.3837046551902412 0.40560962758339725 0.42797816855180904 0.44983095875956447 0.4695424411458852 0.4855494237602486 0.4970011737161422 0.5033196508929118 0.5043125512071837 0.49992097381326134 0.490164848920836 0.47593336860921986 0.45865827529090974 0.4400694521803612 0.42111108466586517 0.4025264747574924 0.3848657158601929 0.368506347076546 0.3534188502853848 0.33903372580390306 0.32574822800514697 0.3139232703088438
0.31565082824419133 0.31690987147713773 0.3176387756407753 0.31781421945501087 0.31742557230144725 0.31647839601491423 0.31499670609971125 0.3130243543490838 0.3106264518728604 0.3078922068676593 0.30493975588385647 0.30228842988959226 0.30243595093453335 0.3057733538147875 0.3122958223856045 0.3220159113596023 0.33492328477301264 0.35095026605641755 0.3699393259325136 0.3916087094890861 0.41551425309587453 0.4410086397955879 0.46720434398773036 0.49295360453926895 0.5168670870071934 0.5373984195718037 0.5527660466220681 0.5614206727731149 0.5628803060122147 0.5572308568071859 0.5445299137279324 0.5260133015035483 0.5040049520596771 0.4802168872444933 0.45591656240386413 0.43208163976190667 0.40940555033140485 0.38833948937085744 0.36914645450609074 0.3519724541940811 0.3370478013916693 0.324255857491236
0.31758962518447215 0.31955677578130914 0.3210355112115387 0.3220026027627196 0.3224448808377694 0.32236156516238523 0.32176461480381474 0.32067712270101334 0.3191308326971103 0.31716628532106217 0.3148420684563455 0.3136038356466579 0.3155472676911897 0.32068675319265544 0.3290872072637683 0.34082973666551747 0.3559700178848185 0.3745073034652324 0.39635227285236396 0.4212869406250322 0.4489137915035809 0.47859427632678964 0.5093814832985002 0.5399608974030526 0.5686287860783232 0.5933579041692586 0.6120098344118945 0.6227173897124284 0.6243504700254732 0.6168151510857164 0.6002606771914735 0.5767144517457687 0.5489744909260275 0.519102509588825 0.4887670729703129 0.45918960568879297 0.43124590285327563 0.4056013589487077 0.3826227509574167 0.3625117199719062 0.3453662335510574 0.3312274661456103
0.3190554961132951 0.3217186202722181 0.3239375851992081 0.325690638801617 0.3269639737218932 0.32775322619339115 0.3280621760987863 0.32789764002848487 0.32725993592944014 0.3261319070827059 0.3245742950993801 0.325065898996811 0.3286676922031882 0.3354630578669203 0.34562601215222344 0.3593253022737907 0.3766894250789665 0.3977902459716343 0.4226178849909501 0.45103922510993266 0.48273740859967856 0.5171300041102408 0.553265395452812 0.5897051070203101 0.6244216364135566 0.6547856237275237 0.6777748499771221 0.6905397757519307 0.6912640007770916 0.6798764524682303 0.6576646365043596 0.627596076790352 0.5928325523922633 0.5560898432900151 0.519446748455699 0.4843498826599184 0.451726644508566 0.42211969803827204 0.3958063306718266 0.37289284583121435 0.3533852744594063 0.33724115836306445
0.3199623041051958 0.3232447346581764 0.32617348509081073 0.3286825793400045 0.3307594453512172 0.33239951166484943 0.3336045821850711 0.3343760322113779 0.33469841902501163 0.33450616455914506 0.3341321881486925 0.33626984977427293 0.3412976538515486 0.34949836647531685 0.3612211756039153 0.37672561606651256 0.39620330882925664 0.4197960680301099 0.4475820857929105 0.4795360676566722 0.5154640248500753 0.5549070267279543 0.5970040550203839 0.6403047086643873 0.6825392051203261 0.7204161189298708 0.7496723651387994 0.7657938989197539 0.7656312449493868 0.7491746831903225 0.7197067347669519 0.6810709792954223 0.6377102667465786 0.5931008340716872 0.5496217254128604 0.5087547925833662 0.47133810658440045 0.43777993035942875 0.4082172665332777 0.38262717084030823 0.3609031791923386 0.3429075634946963
0.32053443959914324 0.3240248085594473 0.3275835283555883 0.3307934270280875 0.3336151386874641 0.33604565318752727 0.3380893993488958 0.3397539613061745 0.3410364839684346 0.3418810645024191 0.34309256502091745 0.3467779277059063 0.35280776213798404 0.3620508567086088 0.3750756620775628 0.392168601640676 0.41355025521120126 0.4394216453929252 0.469952631843538 0.505243875144503 0.5452639580558173 0.5897518380851846 0.6380645398735237 0.6889363418857817 0.7401032211244415 0.7877735053672594 0.8261447267688413 0.8478658680157866 0.8470416789530761 0.8241166704652199 0.7845761054458154 0.7349809825792009 0.6815010966508812 0.628251524793569 0.5776647018975017 0.5310499065821735 0.48901630758231457 0.4517533547608446 0.4192101413940157 0.391209473064968 0.36752071965643784 0.3479068539161383
