_RESULTS/CROSS_VALIDATION_POSTPROCESSED/Berg/TZ/8comp/3/Berg_TZ_z_250_kriged_reverse_8comp_spherical_3.asc
ncols 100
nrows 90
xllcorner  5.6208707817415728
yllcorner 50.959635321741573
cellsize 0.00013419651685393446
nodata_value 1.7014100000000001E+038
[rows 0 to 18 of 90, columns 44 to 87 of 100]
23.55802611933437 23.593258504341925 23.641306166036753 23.69913008965944 23.76319800622931 23.829698465951896 23.894705760824287 23.954291494268595 24.004745078840532 24.048886849424512 24.088266330807805 24.12171530622466 24.148165115288222 24.166617839118643 24.176117432438826 24.17722164721436 24.17722164721436 24.17722164721436 24.17722164721436 24.17722164721436 24.17722164721436 24.17722164721436 24.17722164721436 24.17722164721436 24.17722164721436 24.17722164721436 24.17722164721436 24.17722164721436 24.17722164721436 24.17722164721436 24.17722164721436 24.17722164721436 24.17722164721436 24.17722164721436 24.17722164721436 24.17722164721436 24.17722164721436 24.17722164721436 24.17722164721436 24.17722164721436 24.17722164721436 24.17722164721436 24.17722164721436 24.17722164721436
23.391432992637302 23.407164341878246 23.4613800242912 23.536169145735272 23.61952424651363 23.707004436721167 23.794164119944266 23.87666950618144 23.950354334175003 24.011233603769846 24.05849786745383 24.098845468835467 24.131829967385464 24.15649165817019 24.171919790878334 24.17722164721436 24.17722164721436 24.17722164721436 24.17722164721436 24.17722164721436 24.17722164721436 24.17722164721436 24.17722164721436 24.17722164721436 24.17722164721436 24.17722164721436 24.17722164721436 24.17722164721436 24.17722164721436 24.17722164721436 24.17722164721436 24.17722164721436 24.17722164721436 24.17722164721436 24.17722164721436 24.17722164721436 24.17722164721436 24.17722164721436 24.17722164721436 24.17722164721436 24.17722164721436 24.17722164721436 24.17722164721436 24.17722164721436
23.262838417745755 23.24754873453954 23.273274091618735 23.34277156603945 23.44651719587739 23.556732522230348 23.667504792369414 23.77407251269739 23.87197088728846 23.9570196435587 24.025287309816097 24.07459752357366 24.113871182899 24.144439660996962 24.16544848818071 24.176061829846965 24.17722164721436 24.17722164721436 24.17722164721436 24.17722164721436 24.17722164721436 24.17722164721436 24.17722164721436 24.17722164721436 24.17722164721436 24.17722164721436 24.17722164721436 24.17722164721436 24.17722164721436 24.17722164721436 24.17722164721436 24.17722164721436 24.17722164721436 24.17722164721436 24.17722164721436 24.17722164721436 24.17722164721436 24.17722164721436 24.17722164721436 24.17722164721436 24.17722164721436 24.17722164721436 24.17722164721436 24.17722164721436
23.166666796830864 23.12126528197608 23.119018309663357 23.16202259289556 23.252001510703863 23.38290471641327 23.518821532797247 23.65059244489801 23.77348203756701 23.883148249405487 23.97557856829937 24.047020972968763 24.09535564986492 24.131431023779427 24.15759038215346 24.173061186073383 24.17722164721436 24.177289247810393 24.178729519131515 24.180717672262077 24.181981366493314 24.18189517694834 24.180499031848235 24.178497025556357 24.17723670914959 24.17722164721436 24.17722164721436 24.17722164721436 24.17722164721436 24.17722164721436 24.17722164721436 24.17722164721436 24.17722164721436 24.17722164721436 24.17722164721436 24.17722164721436 24.17722164721436 24.17722164721436 24.17722164721436 24.17722164721436 24.17722164721436 24.17722164721436 24.17722164721436 24.17722164721436
23.095601247551954 23.022561534281415 22.994943384516795 23.013773633714116 23.080096058772813 23.195248012893448 23.352600981348612 23.510615766714235 23.65913622605807 23.793713460021948 23.910300798347656 24.005164668743735 24.074799571514845 24.11839676290242 24.15065723800767 24.179136794945578 24.20054807392177 24.215429795319956 24.228848905843318 24.2388639566233 24.24405335051371 24.24371692842303 24.23789941705781 24.227388915628133 24.213690576161213 24.19897810474405 24.1860276154326 24.17813937595922 24.17722164721436 24.17722164721436 24.17722164721436 24.17722164721436 24.17722164721436 24.17722164721436 24.17722164721436 24.17722164721436 24.17722164721436 24.17722164721436 24.17722164721436 24.17722164721436 24.17722164721436 24.17722164721436 24.17722164721436 24.17722164721436
22.979178558596313 22.89555069716042 22.86340775975315 22.87856328493565 22.93654337542204 23.033395681844244 23.17702087539652 23.35885128669204 23.533400334718987 23.692941846175376 23.833452068713157 23.951260836764632 24.04626836041225 24.125273475611355 24.187594095069993 24.243224774767185 24.288324687056896 24.320766613859217 24.346863820215237 24.36539377686221 24.37475339987194 24.37415104178866 24.36363731583296 24.344103100387724 24.3172449683708 24.285502178842723 24.25197226623974 24.22031356403715 24.194642629113783 24.179432961057962 24.17722164721436 24.17722164721436 24.17722164721436 24.17722164721436 24.17722164721436 24.17722164721436 24.17722164721436 24.17722164721436 24.17722164721436 24.17722164721436 24.17722164721436 24.17722164721436 24.17722164721436 24.17722164721436
22.765057945999718 22.675232737717334 22.645663035818405 22.67007505868453 22.743067896962632 22.85946400519746 23.013885742067096 23.20061970521883 23.40093493746935 23.58516862872364 23.74967682097803 23.905707618465875 24.052413178250458 24.181482173765147 24.28483815327683 24.368174204427532 24.437477832204124 24.48894984201123 24.528560234629293 24.55619396844259 24.57002067510908 24.56913328239809 24.553589846864465 24.524410837300376 24.48353225711453 24.433721153116153 24.37846455476602 24.321844723424416 24.26841261764484 24.223068375970776 24.19095364239198 24.177357208420325 24.17722164721436 24.17722164721436 24.17722164721436 24.17722164721436 24.17722164721436 24.17722164721436 24.17722164721436 24.17722164721436 24.17722164721436 24.17722164721436 24.17722164721436 24.17722164721436
22.464040292071285 22.37281474036583 22.348784028868764 22.38442203823748 22.474185823114965 22.612662846884888 22.79400187577157 23.011869041643827 23.257522894059395 23.47889601438116 23.693565839961177 23.905049140447826 24.104603559127302 24.28368695412024 24.43391733975876 24.549702547200088 24.643896483262264 24.715647522769 24.769800995915148 24.807271261162583 24.82593633424118 24.82473998290801 24.8037499034443 24.764153931479164 24.708194902520166 24.639054503487884 24.560703381515264 24.47773732419408 24.395217401953385 24.318526723421062 24.253249735673222 24.205073814063418 24.179709083470193 24.17722164721436 24.17722164721436 24.17722164721436 24.17722164721436 24.17722164721436 24.17722164721436 24.17722164721436 24.17722164721436 24.17722164721436 24.17722164721436 24.17722164721436
22.092108570237485 22.006388357701823 21.98995682157791 22.03661049022132 22.141837463012262 22.301246128016707 22.510446682730425 22.761709647752376 23.05316431913282 23.383474092247436 23.682127526975847 23.948676895272555 24.20072437252561 24.429638297574684 24.626710003477925 24.783289927274453 24.903376017592237 24.996608051795956 25.066592599061792 25.114822764535848 25.138796149448527 25.137260517105283 25.11029625925015 25.059311007470487 24.986947377534662 24.89692034274421 24.793811308505532 24.682849133898657 24.569704470218205 24.460315212849697 24.360750535364158 24.277111466717166 24.21545930446321 24.181760953617356 24.17722164721436 24.17722164721436 24.17722164721436 24.17722164721436 24.17722164721436 24.17722164721436 24.17722164721436 24.17722164721436 24.17722164721436 24.17722164721436
21.743237602123163 21.665149375014266 21.65538718965471 21.710882693395746 21.826898667617854 21.998019683578633 22.218864119596596 22.490924835989127 22.83792161454339 23.254094658664364 23.67140452986157 24.03287234324594 24.338218584372903 24.61667032405472 24.86056803194943 25.060714868616046 25.211581301717363 25.3276303376223 25.41505771228898 25.475212652902414 25.505090128099017 25.50317671457546 25.469569766146826 25.405969595806987 25.315546304077895 25.202708269705475 25.072815490011337 24.93188399627763 24.786319299306115 24.642702412554602 24.507636631370442 24.387650213250232 24.289140964636307 24.218344487021156 24.181309629134322 24.17722164721436 24.17722164721436 24.17722164721436 24.17722164721436 24.17722164721436 24.17722164721436 24.17722164721436 24.17722164721436 24.17722164721436
21.475810787086406 21.38150640623036 21.370227183757322 21.43266229934698 21.56015989279993 21.744591285868534 21.981935720087392 22.297617104573177 22.690710498375942 23.152202749231936 23.64987342207444 24.111238354891704 24.51258041110876 24.841578586855057 25.13234083952696 25.376384038450617 25.563914263524133 25.70444280239559 25.81132396519315 25.88487274611796 25.921410666016158 25.919070492963552 25.87797263688581 25.800213516344517 25.689668717183345 25.551656992130205 25.392536102411604 25.21930194055564 25.039244278817947 24.85968737129808 24.68782089873694 24.530610405309364 24.394766353072367 24.28674610905062 24.212763757891313 24.17879011402221 24.17722164721436 24.17722164721436 24.17722164721436 24.17722164721436 24.17722164721436 24.17722164721436 24.17722164721436 24.177499731391798
21.266421208699228 21.145425841701147 21.12996392481745 21.20047010999898 21.341923350836716 21.542458520444804 21.820163178089597 22.1840859294918 22.62367720605505 23.129667268520468 23.687242160827214 24.219081029416134 24.694461412548996 25.100363349455108 25.438157943044715 25.72662438320254 25.954754915107287 26.122517947266438 26.251362994549755 26.340167293781132 26.384333206232597 26.381503434303905 26.33183047125165 26.237958704673115 26.104724308203085 25.9386554040618 25.747393790175742 25.539150380233323 25.322266868050942 25.104911494590215 24.89490366866006 24.699644039472975 24.526119117520523 24.38094736318942 24.270434659664836 24.200613005407334 24.17722164721436 24.17722164721436 24.17722164721436 24.17722164721436 24.17842652806406 24.190098813631266 24.20984467184307 24.232802054328538
21.069616465031864 20.936199466873582 20.925701356090638 21.011262902419094 21.172114750935627 21.405302049967595 21.73376191381076 22.146589525782428 22.63282609726228 23.18314949331482 23.789002100057594 24.387496645371147 24.925891757341454 25.391564888745798 25.773848857216393 26.106782391501692 26.376877255668635 26.57684356894963 26.730805708603693 26.83725437288577 26.890306299008493 26.88690488438305 26.827248692891125 26.714762719818225 26.555622363680616 26.357986560172286 26.131156337461363 25.88483692649102 25.628595220553407 25.371525715122196 25.12209285171854 24.888102973506193 24.676760586641183 24.494769019673903 24.34843966139454 24.24377853145388 24.18652974721576 24.17722164721436 24.17926074855996 24.1994183622386 24.235662664056214 24.281489977469604 24.330900515110777 24.378571161909594
20.85931456921225 20.738797096233156 20.751109762252128 20.86365548504069 21.053416317236167 21.339092335100553 21.719889956305398 22.182007006492196 22.714458525864455 23.30820387270906 23.955380827862317 24.614038209449927 25.210923177898557 25.732335412329103 26.165257717867053 26.512910633449714 26.824513812471416 27.061644789749767 27.244732531900667 27.371952903626255 27.435568225768016 27.43148514296296 27.359971114683134 27.22560573363551 27.036487591698766 26.803013571218777 26.53663371562201 26.24886332252657 25.950647376027074 25.652040078524596 25.362111764618188 25.088998601471452 24.84003212368152 24.62190466984569 24.440836439923093 24.302713313527534 24.21317045723819 24.19254983208051 24.23476379698014 24.297388274397587 24.372507040075707 24.452986493776343 24.532298482542508 24.6047088897618
20.628120481066222 20.551642876981248 20.607641517609 20.760644746599525 20.998898976892203 21.342726418992495 21.776988425447755 22.28797337914495 22.86516099916446 23.500233534872418 24.18616853427412 24.89485993856243 25.544249547549903 26.116525529387957 26.59875599594429 26.97654712300427 27.291876180857027 27.570013308905956 27.78740090430739 27.939597503677494 28.016089826295875 28.011172084313564 27.925220199369328 27.764603624322692 27.54028179607431 27.265777667313618 26.95531341074007 26.62253289549414 26.279840369878997 25.938188275450713 25.607126594802565 25.294979317400028 25.009071237033353 24.75596533683642 24.54168608347871 24.373055416946087 24.282725629977158 24.28129854886508 24.359595409420844 24.464894350060483 24.57873311334124 24.693349336626998 24.80173287072536 24.897843575399612
20.393792903503506 20.390000422651195 20.505896104146572 20.710435334470084 21.013201133586243 21.417296978591033 21.90489670879606 22.462872249398835 23.081705883870804 23.754330573471158 24.475048690055758 25.22435797846904 25.918497130256373 26.535275355961037 27.06215150236968 27.484432113260816 27.802119846255778 28.093376370821627 28.351821134034484 28.534831243526448 28.62753259470002 28.621557264346098 28.517463435230813 28.3245616870481 28.058241306682895 27.73645094826144 27.3769188385363 26.995645319036658 26.606410181024742 26.22084396379804 25.848729221426293 25.498356376996924 25.176864733512062 24.890550022406483 24.64754522018538 24.48729605925192 24.419312969361236 24.439557945159986 24.54360806765682 24.690625233128912 24.84166818562198 24.988338548657058 25.123235167393844 25.240223273310704
20.21448670723125 20.281880021496992 20.461609200253292 20.728681904148345 21.1012126023267 21.56584162275323 22.104695932259645 22.70565884858994 23.360844173164068 24.06506092268497 24.81448339433826 25.594870481254368 26.323926606849255 26.976997637181547 27.542347792244104 28.005451502221785 28.35027843666068 28.641549457684985 28.92899611134318 29.15122447742326 29.265202725166827 29.257824674304842 29.129981727637634 28.8961819269051 28.578974246142312 28.20256944788347 27.788888859135863 27.356216345848626 26.919312091483828 26.49003547802208 26.07801386385417 25.6912080785343 25.33636115638159 25.02093280528424 24.788045854073914 24.65223648872607 24.608824495084043 24.65251870123791 24.777725919348203 24.96104294200335 25.14573399734088 25.319928294380063 25.475994709778206 25.608093474615174
20.133667409658052 20.24437082874187 20.48694347226256 20.82598162336699 21.269486234643267 21.79292438541063 22.37838248428988 23.01552190157278 23.69897732638842 24.42619092738899 25.19578210840145 25.996493898980937 26.748306428681307 27.427219395136486 28.0227793691581 28.521295024644377 28.90883216459802 29.2114691559599 29.511666242473332 29.780439859197145 29.923960556993435 29.91460045645627 29.753932621247593 29.466531016055853 29.086973695655153 28.647996923833247 28.17584378648584 27.690320057981477 27.206287337516827 26.73512073526615 26.285787795936074 25.86558745138796 25.480692475570134 25.170177532763017 24.962804527830414 24.85357119281638 24.836348543661384 24.90434837851552 25.050427119263535 25.260134157912756 25.47191780522915 25.66538431194906 25.832919852307295 25.969642953977008
20.09686690511929 20.266860687858752 20.58715740446283 21.01035275714967 21.526296440924057 22.1044583646546 22.7284449462956 23.391360124036602 24.091677886052963 24.830348719463274 25.608949113496752 26.41708144072229 27.177066610123696 27.868789136742052 28.48348207131416 29.009630824847026 29.439575392957163 29.772228211822537 30.09987457819699 30.410128347003212 30.59796020986888 30.58552836765803 30.376035518760947 30.015934658849595 29.56026167502197 29.05173400623512 28.5192705418374 27.98225371577215 27.454226827714614 26.945194839969922 26.462951010867663 26.0138476284408 25.62194718489028 25.337254423862205 25.1576971212985 25.076716199932243 25.08651046702242 25.178417406988363 25.343220380236946 25.5693036660296 25.797400929250113 25.996466278946293 26.159223842838646 26.25259438310649
