_RESULTS/CROSS_VALIDATION_POSTPROCESSED/MHZ/GZ/9comp/2/MHZ_GZ_z_180_kriged_reverse_9comp_spherical_2.asc
ncols 100
nrows 74
xllcorner 5.5967023332191781
yllcorner 50.982320383219182
cellsize 0.00019249356164376555
nodata_value 1.7014100000000001E+038
[rows 19 to 37 of 74, columns 44 to 87 of 100]
46.21701853516874 46.26455831959183 46.29340229194152 46.29712694423579 46.28779247697521 46.27209841212723 46.2218394762111 46.12051814096012 45.96752096543566 45.763285717542445 45.50982689557592 45.22931371197787 44.94073286945711 44.65833084862506 44.40060045382342 44.1904462405612 44.05248109694792 44.000589735619386 44.03987389135551 44.1323779758199 44.23987161539457 44.3436705654429 44.42812626784144 44.481189032373116 44.49441729263455 44.463078961388405 44.3866567118911 44.27005871234044 44.125940678099454 43.978173563004816 43.86372679958011 43.823413185091795 43.86962190865047 43.96634625584288 44.079520972807046 44.18075412265087 44.252868410197124 44.28776037354801 44.28315011943899 44.2405462882615 44.16437429495643 44.061876895908426 43.943414821620415 43.822700698133
45.85563286410046 45.86602458705827 45.873445421952376 45.87358329209337 45.877118080819535 45.881003776706834 45.84449470615667 45.75810012485327 45.6204327929548 45.43128655975419 45.19161820675157 44.905264606391 44.60201215755188 44.304624679190994 44.03488688888621 43.82274134510452 43.70291706188895 43.69785747299484 43.78433334320992 43.915991510925416 44.06598109027156 44.212309644401685 44.33891881622144 44.43471779798998 44.49277858676135 44.51010328169615 44.487925880426985 44.432486884756216 44.35611686371844 44.27789266263668 44.2217848910699 44.20622320746499 44.213609073582546 44.24033655531657 44.27507646020592 44.30151703316573 44.30634365382348 44.28154211877393 44.223765625599135 44.1330834989558 44.01218350409592 43.8661666538451 43.703047117003216 43.53754830104036
45.41530880267325 45.39918853865906 45.39886699615288 45.41231936538607 45.445154705401706 45.473658260715915 45.45720870928652 45.39145457145477 45.274178929633564 45.10456096954328 44.883103220267046 44.61184668658108 44.30066913907258 43.98936780013688 43.7047810714713 43.48338159553728 43.37663057419586 43.40644212114409 43.534604608166255 43.716399329481874 43.91423446383018 44.104443273404165 44.27249084642441 44.409355145586886 44.50997871824948 44.57284927909173 44.60012294782476 44.59796204344511 44.57673824644785 44.55047120332903 44.53340839607321 44.5305888230429 44.5124861857197 44.4903550665577 44.46421064937961 44.42544061074505 44.366060990516374 44.28067856830331 44.16674581644136 44.024119031098564 43.85467910695043 43.6624928634845 43.454850406268626 43.24436264415162
44.90084813666739 44.87345845063106 44.88539555911434 44.93255045122569 45.010090720415604 45.065132698930675 45.07593483849233 45.03758509699484 44.94720385934005 44.803649814138915 44.60730249399699 44.36005737999767 44.06565547659644 43.747955470583896 43.44921229407046 43.20370618892039 43.065807178212204 43.11745248748862 43.31263906541052 43.555118415630936 43.8007559290276 44.03070751544195 44.23489419694384 44.4072987262569 44.544777373443516 44.64689534581088 44.716050988986936 44.757572727349384 44.77951107184569 44.79168937427455 44.80161278588752 44.804157271333025 44.764259114521685 44.702059554989994 44.625217821702634 44.53022036285237 44.41337039423384 44.27203224593219 44.10488079373208 43.91166313159205 43.69302630198523 43.45089776618201 43.18995783971376 42.92109658043742
44.32746498411623 44.3101024928133 44.35888356409726 44.462814933154796 44.58623962301503 44.67572453933843 44.72171513541524 44.718394178223605 44.66264499286534 44.553543585210974 44.39192462491594 44.18005388062164 43.92133614483799 43.62273160297941 43.319270261685034 43.015620342940196 42.75873089166241 42.87508401826739 43.16882124835842 43.464485546392574 43.74461764460995 44.002148730262086 44.23211415985589 44.43100536990029 44.596934359684184 44.72989701245044 44.83195876247608 44.907246369292274 44.96160933870644 45.000299727574074 45.02074141422837 45.01679954574434 44.954724670789815 44.85750524208866 44.737420235393536 44.59472558978742 44.42929225571585 44.241035803965225 44.02976903009665 43.79483235680598 43.53492213127968 43.248479323099716 42.93503008772949 42.59849686259054
43.718612807872674 43.73907700526317 43.853871969137955 44.030342650304036 44.19698296216728 44.33030836052035 44.41986890895308 44.45950410763487 44.446502246411725 44.380797514821616 44.26430079694802 44.100324368416906 43.88934597056597 43.624247265956896 43.32330155162643 43.02269026850104 42.77601281284653 42.885619529941756 43.175614131770196 43.47409830782926 43.759948626522 44.02612474811632 44.26791884202927 44.48199230812528 44.666405630211784 44.82076909368429 44.94631226947134 45.04577309812629 45.11886041370367 45.15954505366481 45.17511058071054 45.15601244000557 45.06813362172167 44.93714327245518 44.778209652014255 44.59504521870316 44.39088353267767 44.16808380903106 43.92738737524435 43.66723408360182 43.383562014903156 43.07033548390519 42.72072618044915 42.34034254762172
43.0744650527904 43.183650027708524 43.403280612756106 43.64507103342415 43.867585995156226 44.05462876969495 44.19579210987562 44.28547390149329 44.321572720961974 44.30343276611543 44.23163234373134 44.10730719558342 43.93201785644932 43.708368448551724 43.44983555170421 43.21812190067621 43.08448799114322 43.13445301225788 43.33009017924113 43.58277679456902 43.84629536406218 44.102337870465234 44.34192291219997 44.55968787916963 44.752452473138234 44.91875660833658 45.05863445705358 45.16821268268899 45.23075518726935 45.25736502312047 45.25369087030751 45.208462773892904 45.0875210052883 44.92017036736758 44.723347268256276 44.504762134346784 44.27150651868998 44.02871478303119 43.77799576666811 43.516273444942335 43.23569715165093 42.9250657564572 42.57555415711344 42.22249050203699
42.3955844209984 42.63472919300635 42.95878577749648 43.28536868819415 43.58454628823894 43.83823784219717 44.03693596786054 44.176675767746715 44.25688527793354 44.27900163763674 44.24565341954578 44.160311499793245 44.02747924280826 43.853759958648304 43.65188927731027 43.4806553948907 43.39497499687358 43.42560693209288 43.5604447623495 43.75958614809037 43.988436210015706 44.22250824317289 44.44924019002035 44.6609604372609 44.85305027255782 45.02270349780435 45.16587002567307 45.254015214188975 45.290435929203944 45.28701539956698 45.247238559205734 45.16170586214276 44.996946124984326 44.786232754404395 44.548043263301025 44.295436225328736 44.04074490712839 43.79299238429036 43.555044606191906 43.3215701322109 43.07901606590559 42.80884947478039 42.52104146933844 42.255280179485666
41.72593244226287 42.0864592936667 42.522945469771706 42.949976359862426 43.333588245884336 43.65733956747139 43.914717483036206 44.10475070846121 44.22926794199695 44.292147544007314 44.298212877915994 44.25305858704206 44.16343134978597 44.03798803064501 43.888580124446314 43.75888908578799 43.69786201684262 43.720203835477136 43.82149654269711 43.98086967017828 44.17531006899406 44.38534560291201 44.594299454158296 44.79298883070267 44.97542065972209 45.13795067182656 45.252397580579434 45.30050736785311 45.29601632867766 45.24540203914139 45.15059581874009 45.00680984952166 44.78430413398768 44.5180269575384 44.229037734546 43.93786341039482 43.66458209988301 43.424497154260976 43.223173252158794 43.05256302368131 42.890233027376034 42.708231443707376 42.535150809998804 42.402263601509986
41.05842474595266 41.565975415498755 42.138422023860834 42.678911128146666 43.1532085116841 43.548597186508644 43.86247950474096 44.09765055692028 44.259787279981104 44.35599654921655 44.394024455761205 44.381992171095355 44.32859713664837 44.243629266290036 44.13628654827903 44.03804259250996 43.9974542942964 44.02108718853317 44.1051171194843 44.237373422445536 44.402372935256324 44.58556138316337 44.77447423261393 44.956845454340154 45.12554912198725 45.26517130035812 45.331063740619335 45.323014798311036 45.2554874026511 45.135566886072176 44.96501711018653 44.74126312322528 44.444812318860464 44.105045187182576 43.748193705814494 43.40493471468886 43.10686132615448 42.879833819518815 42.73558031247418 42.6643571992496 42.63190421378906 42.60527491966067 42.59218656762611 42.604421191333316
40.460116748168154 41.182660002267546 41.90681086361756 42.55502568250285 43.104239041926704 43.55322411309503 43.90668461555069 44.172560921797256 44.36036726350494 44.4800756051951 44.54144599741525 44.55376940152651 44.52595713581514 44.46761784037912 44.39241572461617 44.32275886129912 44.30030464250505 44.32750112060383 44.4015886668945 44.51467595354238 44.655966867186095 44.81416140259636 44.978973914320605 45.14173086789713 45.29368187657447 45.38908963136398 45.39891602975828 45.32443130365704 45.180578443967775 44.972739845631274 44.702122168295126 44.372845311835505 43.98503175147836 43.54857076365773 43.09812587008787 42.67716911369942 42.333672260304475 42.110748792443566 42.03280016963575 42.09188192998716 42.24220398147771 42.456504929864174 42.661443607891876 42.812768407759535
40.24413563453885 41.113643830643504 41.91074580782111 42.6128781444372 43.197679765793495 43.67039706670965 44.040221501023424 44.318565792864085 44.51768385397365 44.64955591219318 44.725156060406675 44.75412545963215 44.747128596761556 44.71776036269553 44.66943944448344 44.61725019177772 44.60367042283189 44.634422206821114 44.702470891624095 44.80138965418875 44.92336187825456 45.05961476813545 45.2015052971152 45.341180438253794 45.463515462355424 45.50498852133066 45.45268714593829 45.303494508201005 45.07263915656522 44.76450464985858 44.3789650420548 43.92610028815852 43.426697072774964 42.86759312295915 42.29005459550555 41.751893755442325 41.32260364798262 41.072159267605336 41.047255991465825 41.246769596985715 41.617383127880416 42.129306797597025 42.6525125100867 42.94965064952163
40.665837541537215 41.419449713971034 42.16523185514497 42.84444457424107 43.417782607157754 43.88047522957028 44.241469851691555 44.513196589071605 44.709174934075094 44.84232845021023 44.92393315738978 44.966279564690915 44.985517975236256 44.98373458181795 44.958989156205156 44.922854283218626 44.91381764038322 44.93856273116334 44.999755553021444 45.0873799755348 45.19298583304032 45.30975237521257 45.43051392686169 45.548106629734285 45.629129103862624 45.612099680621306 45.493024662392514 45.26466365193612 44.94026734510409 44.52426117724326 44.01477698721815 43.43471433262225 42.804124463055174 42.10395458469828 41.3631921414862 40.65511515839043 40.07275294245375 39.72464219550223 39.70356532781773 40.03183033045561 40.636922190732925 41.43853739555234 42.223518418767505 42.847590759294434
41.42631138789506 41.992014509141704 42.61100288324527 43.20586420079935 43.73239328935213 44.15941155391119 44.48956829395902 44.73398767722811 44.908492662445745 45.031211752910586 45.1154412301024 45.179202585273295 45.22606253789859 45.25216683252849 45.25036389448543 45.23127553391195 45.22744247535509 45.24482463227499 45.28892705430691 45.36275409263175 45.446245388612546 45.53029039514887 45.61429346557425 45.69638675380014 45.72333731698426 45.64781180219456 45.46679154923625 45.17003389435921 44.76650043902925 44.25727497653693 43.64154845897557 42.93772006858263 42.15951441038685 41.30548378371565 40.37396026831669 39.43189814993916 38.60230208828222 38.04851422340174 37.952344398161976 38.39628952501825 39.27152617462295 40.40693613740757 41.53681779571021 42.52005730183333
42.24009254342672 42.67154629955405 43.17427287345989 43.68130558271071 44.14969376304923 44.54137474345801 44.83724383373477 45.044592285532026 45.17801547914276 45.25642912765033 45.31536767617882 45.378942958032034 45.452629248255 45.50978886257278 45.53268685384425 45.534089150821494 45.5371018372716 45.54727851873072 45.55839544171153 45.57591564228799 45.610087107007416 45.649942043203126 45.693504291652424 45.73821862088388 45.71250736411797 45.58296244583329 45.34592091149131 44.989124632935045 44.51454582376647 43.92895368962399 43.241291301881425 42.4476362955105 41.543275218969164 40.52937358390968 39.40001204852989 38.18968752653082 37.01617887865547 36.101147127716374 35.796072081180604 36.37063264841101 37.62261474051915 39.18325898028346 40.71419942575123 42.06340549135798
43.023075546644435 43.384514629795405 43.811276884638204 44.25171344570795 44.66490994342872 45.01858844899001 45.28104047095828 45.446867746518166 45.53244146107453 45.57080434510257 45.60156177531599 45.6398452156598 45.68934771873367 45.74628180065128 45.79635349274976 45.82276962253926 45.828103930945424 45.79684416236081 45.74699512537457 45.699066951313036 45.670614587769606 45.6651650029155 45.66811515002749 45.67424136036995 45.60166930795729 45.42534539071175 45.14207184846849 44.73925224917219 44.20942853902389 43.57934561278592 42.84229433332409 41.98426012217911 40.992487936102364 39.857731812946014 38.57048785159449 37.11691518435394 35.56041692848048 34.09610951164602 33.29596655292812 34.1135959951528 35.960859140921826 38.00734406629984 39.92115828441462 41.59081695139464
43.77825896635887 44.113032046215196 44.496396996641764 44.87515536538365 45.21471792881124 45.491388150709675 45.69239642539233 45.806336791922384 45.83977599356344 45.839235780399626 45.84431689394308 45.86979138508611 45.91782934312346 45.97799087449009 46.034042138446296 46.07320413855928 46.04250918304067 45.9601744748807 45.84960933798973 45.73494932081198 45.638475581605405 45.57705406081538 45.53859208279306 45.50707621915427 45.395115643438416 45.18164714051232 44.865164704222664 44.43477615216929 43.888783346926935 43.24401690049268 42.489289019593976 41.605985679083304 40.575746914844004 39.38198372982514 38.01113089856412 36.443090339238395 34.65320225447323 32.69509309334006 30.715050187382108 32.30115752587166 34.83259279136849 37.206084055526716 39.35243546735566 41.22396854298786
44.51504779594201 44.82680901056352 45.150504465928826 45.45716887692407 45.718535920608325 45.91363650881343 46.03281820917372 46.07824212405194 46.06409247294857 46.02779525373906 46.00361070710473 46.01921294605913 46.07177878333265 46.14423094025326 46.20495911769124 46.21669178993885 46.17381897119593 46.04677133476001 45.871181206794674 45.685375612053534 45.51739887510643 45.38906352464289 45.30563242111209 45.23838669809883 45.095827339645275 44.85655988128852 44.524071937761114 44.10220195901957 43.576673774633775 42.94800437256933 42.21378526727321 41.353132794615874 40.34619596789634 39.17643168777354 37.83326152688986 36.31648037615015 34.639378680103796 32.89927379904508 31.719550455920775 32.67469323801765 34.79420039646766 37.03060965237536 39.150827400559386 41.05527090580788
45.1854413339562 45.46188795396884 45.733585843249095 45.97526094851659 46.16104059936065 46.271933065282035 46.30187661952443 46.25933902045471 46.187992368748745 46.13388038427865 46.104446073826225 46.12093088261646 46.18292976505611 46.256338651350205 46.2856353023216 46.26489118621437 46.18992326036144 46.055024094495764 45.833748824251664 45.5685766703279 45.31788533101644 45.111676321611405 44.9703519847026 44.86857811192561 44.705013537180896 44.45827445661247 44.14198414672118 43.753905113099485 43.27988219389286 42.703040674268614 42.02891420576823 41.23982216677385 40.318001816310286 39.25300909471468 38.04763337290086 36.729295777717155 35.37728272888286 34.191040815813004 33.64466404495421 34.219823475256185 35.65382505734453 37.45367981083289 39.33348790152678 41.11485756251696
