_RESULTS/CROSS_VALIDATION_POSTPROCESSED/MHZ/GZ/9comp/2/MHZ_GZ_z_0_kriged_reverse_9comp_spherical_2.asc
ncols 100
nrows 74
xllcorner 5.5967023332191781
yllcorner 50.982320383219182
cellsize 0.00019249356164376555
nodata_value 1.7014100000000001E+038
[rows 54 to 71 of 74, columns 0 to 40 of 100]
0.00010860648240063374 5.221766069618153e-05 2.4476516467577317e-05 1.1780686598525373e-05 6.151018193917742e-06 3.5227082847915694e-06 2.1904904832314428e-06 1.4784263407830133e-06 1.0719530862639636e-06 8.296916281461885e-07 6.90342822845327e-07 6.337746789272282e-07 6.727324440059593e-07 8.720890763552111e-07 1.4043053637742374e-06 2.5972547380063346e-06 5.269621800342292e-06 1.1205807979418848e-05 2.3927682301663434e-05 5.183621646686555e-05 0.00011609806332219037 0.00028148331218116223 0.0007176745437007891 0.0018647686530733083 0.004782977751389288 0.0117241773593302 0.026576459232004 0.05388392600069056 0.09410770837720817 0.1309040275854398 0.14780524081852056 0.13932010436710812 0.10835583514660815 0.06926381108416638 0.037064870809491474 0.01735450238922667 0.007887187992374898 0.003780121056475688 0.0019763111116187166 0.0011170802807691027 0.0007007093748417761
0.0001296007642345796 6.694919325259952e-05 3.3841904623553126e-05 1.7407246162311178e-05 9.459222277352393e-06 5.579359198005363e-06 3.4978199344816457e-06 2.310246253778778e-06 1.6081247815772673e-06 1.1798944600081541e-06 9.199170451399267e-07 7.825356102868999e-07 7.723011105714612e-07 9.769496205960538e-07 1.6104487827652195e-06 3.171239457461595e-06 6.863734241971031e-06 1.5213431991520805e-05 3.299043392227162e-05 7.00959181160562e-05 0.00015755824842621265 0.00037874401891118667 0.0009469608960248033 0.002391628277674937 0.005916267473016822 0.013877657908638267 0.02983736696418791 0.056773548175159734 0.09227392672043877 0.1246779222853422 0.14115963661090247 0.13365130436506048 0.1058012252413055 0.0706197015698541 0.04062166781288657 0.020870778841297087 0.010134256759998078 0.005130791554088032 0.0028246857483418624 0.001677491150468273 0.0010832811684002989
0.00016551425760241286 9.133500844360347e-05 4.92958280406742e-05 2.6823217320349e-05 1.5130887294609864e-05 9.039685580607077e-06 5.776749553959134e-06 3.839513891856185e-06 2.633217959711921e-06 1.8669612039865823e-06 1.374362379785774e-06 1.0664359473533645e-06 9.204858282552829e-07 1.0423577351446837e-06 1.8391385663689678e-06 4.0303258814097754e-06 9.2821112163282e-06 2.1100842236792046e-05 4.5797327641733936e-05 9.569821792291995e-05 0.00021370183227503527 0.0005042491557553894 0.0012261143793895078 0.0029894581307158123 0.007094098737073832 0.01586250022650407 0.032269441712679515 0.0575495011462354 0.08723058483513278 0.11431287584123748 0.13105749429624722 0.1257577989916878 0.10188928627293814 0.07084842180232703 0.04331741262095595 0.024042109338958235 0.012572094286217866 0.006619433188521354 0.0037629046798207406 0.0023326271917496672 0.0015508569832792271
0.00022291243119815598 0.00013091866016214817 7.504768633505906e-05 4.302086638963156e-05 2.5208338531490644e-05 1.5358653582274572e-05 9.833133373101673e-06 6.636788128239917e-06 4.610414869295255e-06 3.2618787642105335e-06 2.3545276266300453e-06 1.7356694204528287e-06 1.2756326736104466e-06 1.0379163673428927e-06 2.410423412781257e-06 5.759235963732487e-06 1.3465367853334848e-05 3.0199207988336555e-05 6.376325811154354e-05 0.00013289459034969184 0.00028995859686692626 0.0006628653912304822 0.001551483069203938 0.003623433804426865 0.008204971730278064 0.01744349398721706 0.03357865592716754 0.05668964867236297 0.08326203358361277 0.10474114052349164 0.11764908656314121 0.11472870375266629 0.0951424360532687 0.06864586826323558 0.04423545547820797 0.02621977268162078 0.014758815929071311 0.00815802893292461 0.00473722878238087 0.0030127496220600566 0.002062915037271236
0.0003128871758959604 0.00019523667098828102 0.00011861958365168984 7.160537031464696e-05 4.373369530382344e-05 2.7422999185510453e-05 1.7832720587366836e-05 1.2091306202075422e-05 8.561577842953411e-06 6.275622994327771e-06 4.680634540282215e-06 3.507623370631636e-06 2.729128479719174e-06 2.718975224762217e-06 4.638587435435151e-06 9.798766383827009e-06 2.116283517210544e-05 4.433948129029387e-05 9.028992061297722e-05 0.00018680163444474704 0.00039225783236180515 0.0008558266738560911 0.0019055153480647888 0.004224869214989217 0.0090756703015806 0.01830598863224445 0.03395703521341463 0.05659638870001423 0.08137580183900894 0.09850985841013185 0.1048788835762279 0.09990224979926471 0.08448912230558156 0.0629775769580879 0.04251593229347302 0.026709266491488987 0.016051008167389032 0.009487117895409791 0.005674716037585182 0.0036386463840274606 0.0025549800613701703
0.0004530479992343022 0.00030024986109557347 0.00019333123746655446 0.0001230844961397566 7.871931662861779e-05 5.125489951942246e-05 3.432837510214706e-05 2.3827158335121524e-05 1.7228858655786144e-05 1.2869282926857677e-05 9.904976195096511e-06 7.931121983779513e-06 6.936731186696482e-06 7.4250640675076375e-06 1.0555581991484885e-05 1.8406984683015616e-05 3.4551743732708986e-05 6.558995306287519e-05 0.0001289438986248128 0.0002592837360353166 0.0005245857262021504 0.0010755923104847724 0.0022491967840528324 0.004685596940126425 0.009540761088808133 0.01874554472316132 0.03456813873761403 0.05754764760887191 0.0818799226824205 0.0955752130752581 0.09562961082181254 0.0852100643998622 0.06994272855758472 0.05354706739915108 0.03776756842736446 0.025053233142174804 0.0160015477311583 0.010073858000283641 0.00639609316126878 0.004187139513129057 0.0029526048653635015
0.0006702303795462701 0.0004720263177397598 0.00032242767173881114 0.00021699750342493354 0.00014599590759370194 9.946271671817774e-05 6.924645913745782e-05 4.9291503589846994e-05 3.59820256795347e-05 2.7066993872795303e-05 2.119620786703754e-05 1.7660637579538783e-05 1.628599398516089e-05 1.7434281333199564e-05 2.2385486005099795e-05 3.355199946251384e-05 5.479733335413174e-05 9.687750265318641e-05 0.0001808099907777426 0.0003474693057437231 0.0006743093896798446 0.0013021186432326506 0.002548843782774363 0.005048827711529527 0.009941305793730325 0.01908488061561793 0.0348983792286303 0.05871711279944945 0.08482098126192905 0.09570788460879419 0.08781186099878255 0.07231261823540497 0.0562082031530904 0.04199761470643812 0.030454181396859546 0.021339732988829654 0.014471303357887735 0.009686948668904734 0.0065271639678799774 0.0045106375245795045 0.0032522611583754397
0.000999151158587108 0.0007488070013189588 0.0005425799525738894 0.0003853719865371858 0.00027149946020003907 0.00019159805789188437 0.00013651496725077726 9.88541552472643e-05 7.321768287795129e-05 5.5916461487932685e-05 4.457070279715752e-05 3.777684251824932e-05 3.488279071101879e-05 3.5829565368173405e-05 4.193959624177051e-05 5.5742548732887324e-05 8.406406201310498e-05 0.00013928630626692062 0.0002455776120637702 0.0004496496805406969 0.0008391943406511087 0.001572859501013026 0.002927728047452083 0.005486251908517976 0.010284442805042855 0.018962377484004814 0.03379586840118983 0.057096851062699114 0.08805255176290233 0.09639427370789233 0.07718199745619397 0.05908562597526138 0.04414616331922143 0.03232789615096015 0.023292872523195545 0.016599819348287664 0.011780649249047806 0.008378407363704914 0.005991688329102316 0.004374020493453784 0.0033098467702003522
0.0013921653511738187 0.001112359444232361 0.0008536784613793105 0.0006375103042994669 0.00046862515012322756 0.0003424913606032988 0.00025102942423182496 0.0001859772628923997 0.00014036977972538243 0.00010891263486923947 8.785187081674374e-05 7.468370735203802e-05 6.784842564384793e-05 6.642436929447177e-05 7.253176161074519e-05 9.142935364372157e-05 0.00012999923080307552 0.00020273164985309356 0.00033774376843152506 0.0005877274407109722 0.0010485744567322072 0.001888445616905991 0.0033877034744466015 0.005984928715647615 0.010489256295235411 0.01813350411575441 0.03037826678979372 0.04829894519087925 0.0698620967807969 0.0745470181233279 0.05942798295457847 0.045079308536412135 0.03350361563680207 0.024548999884651153 0.017812493192387174 0.01286455306403288 0.009306351353291253 0.006793754915750698 0.0050469668331066045 0.003850291050098092 0.003045472974935801
0.0017484926814414078 0.0014906747170905013 0.0012131054929708591 0.0009541574352208814 0.0007335499113654849 0.0005567910269921899 0.0004210496352469419 0.0003198866107405366 0.0002461862154775081 0.00019359381227946194 0.00015700598342727296 0.0001325607108364497 0.00011779788121133042 0.00011339586839236783 0.00012169522461408187 0.0001478540105027268 0.00020001972379676347 0.00029510650345419153 0.0004648126627453268 0.0007661880106861618 0.001298544644351826 0.002227645465325907 0.0038142607209473364 0.006434369463677849 0.010558798023323308 0.016744434196055757 0.02549615581998224 0.036027135157910804 0.04487406345005461 0.046780237998518374 0.04077414281475723 0.03242136231455061 0.024748187050546332 0.018508525870442428 0.013703117312976366 0.010120650767441643 0.007510893029677778 0.005643860904912087 0.004329181117608927 0.003419355868136583 0.0028062594999617267
0.001949007374143815 0.0017740237064364246 0.001532067927060828 0.0012704988860889025 0.0010228287065511394 0.0008073856216216674 0.0006305834767076358 0.0004913953879209057 0.00038512977046250934 0.00030592697735242337 0.0002495566024708965 0.00021326345615257737 0.00019332930776069977 0.00018752168504798742 0.0001981612223075913 0.00023315427483967165 0.0003018311013097338 0.000423061381457656 0.0006308841659676209 0.0009836451281893088 0.0015772527982008957 0.0025612209537315216 0.004151140492740214 0.006620870108332703 0.010240772652866737 0.015108181201112568 0.020811903020707366 0.026148208614395735 0.029866539565148877 0.03045430725172581 0.027604932137486167 0.022997120478614463 0.018233585729503374 0.014075718420269046 0.010731128686218014 0.008162475744672902 0.006248125727885706 0.004852898897947318 0.0038563879817535055 0.003162247537132832 0.0026927227711522326
0.0019987225107894937 0.0018956201817171136 0.0017149962472298053 0.0014906533019459587 0.001254293033158393 0.0010301722407123873 0.0008333234392660125 0.0006704694289607213 0.0005423033314859547 0.00044600298041327956 0.0003773176811111957 0.0003320059049387869 0.0003066813806204622 0.0002992384968247061 0.0003117133959810343 0.0003559933907485483 0.0004425372643547344 0.0005910551366508129 0.0008357495117589292 0.0012320435407472813 0.0018648337904521104 0.0028551234396369143 0.004357014633090451 0.006529291293695676 0.009457854817350543 0.01300785518923371 0.01662483392238387 0.019464714919009113 0.021207190429673065 0.021207482991022385 0.019515573278557158 0.016789536453526425 0.013790944721392258 0.011018446945228012 0.008686349555569142 0.006833126428466202 0.005415055422142221 0.004360316296449528 0.0035806588109410266 0.003008185510195824 0.002595731457504581
0.0020121228996411223 0.0019759970047541005 0.0018543746330468521 0.0016739249855722406 0.0014644635459976653 0.001251744639229925 0.00105432571177347 0.0008831244358557368 0.0007427208103850336 0.0006333709911183779 0.0005529821939170771 0.0004986701675227595 0.0004678123628312749 0.0004586688773635456 0.00047202075502810896 0.0005237537782856796 0.0006264869574234172 0.0007990005988254242 0.0010727748592982715 0.001495709532852469 0.0021351048797079277 0.00307606286119413 0.004408106793849028 0.006189522749026259 0.008380250666344975 0.010749833463853574 0.012835807394107192 0.014510010312147981 0.015500184035009525 0.015496803090384752 0.014501013832929796 0.01282377236866511 0.010876367181587682 0.008979910095087099 0.0073097816334865015 0.0059265808080533645 0.004824889320386768 0.003970171485844039 0.003320214168211277 0.0028355554015560692 0.0024836298362078935
0.0020121228996411223 0.00201166085296896 0.001960021975844084 0.0018382724200608483 0.0016718733681825157 0.0014859272566856818 0.0013010807612294293 0.0011318015680784421 0.0009865563036546483 0.000869083008558509 0.0007800199355257203 0.0007184066229501447 0.0006828353377817736 0.0006722119282717071 0.0006861814166981557 0.000739940755806317 0.0008526787810597329 0.0010400211654782055 0.0013276610831645856 0.0017520579391892782 0.002359033265472968 0.0031969035820963014 0.004299476795571298 0.005654793639861683 0.0071615073957843785 0.008590507516359674 0.009840403949661193 0.010864138019547902 0.011447966854814015 0.011446000361106795 0.010858760419628216 0.009832875860528908 0.00858221061567578 0.007300155222545714 0.00611573410836632 0.005092842367586839 0.004248938840671746 0.003575263695022161 0.0030516748488864736 0.0026555999764663364 0.002366724734051963
0.0020121228996411223 0.0020121228996411223 0.002010413904045393 0.001959136190508172 0.0018513884725300813 0.001709151006268504 0.001553087843058568 0.0013998466143999664 0.0012611353764997528 0.0011440976817568334 0.0010523722732285823 0.0009873279259237505 0.0009491545445287146 0.0009376628234767935 0.0009527522145365792 0.0010012317416303574 0.0011123776467773265 0.0012991088130572834 0.0015787836011819985 0.0019741717152811002 0.0025093264252207285 0.003200910266159871 0.004043120643964826 0.004986774996691303 0.0059190946952554745 0.006778942653600099 0.007583902223929451 0.008220450735404148 0.008574605129246229 0.008573422859708558 0.008217159060048586 0.007579146617753419 0.006773494080754669 0.005914247863456267 0.005088506598283859 0.004348966117074229 0.00371918708342262 0.003203197241623816 0.002794375888313931 0.00248188899744577 0.0022547530509179118
0.0020121228996411223 0.0020121228996411223 0.0020121228996411223 0.0020114784767131274 0.001973760748701789 0.0018904248102263306 0.0017797782913052988 0.001658676095209234 0.0015407261351448017 0.0014357633082743325 0.0013501956867738995 0.001287780178384303 0.0012504750839279855 0.0012391462810987146 0.0012540123545427924 0.0012950085682037816 0.0013878483905388574 0.001553476696486218 0.001799508095064105 0.0021349651547766463 0.0025652327634154786 0.0030843295626505145 0.0036646602752029057 0.0042468469250196315 0.004816898346779116 0.005391197038106547 0.005913006346876179 0.00631505322316377 0.006534826375740624 0.006534097280051459 0.006312997581409565 0.005909968040460329 0.0053876125569240225 0.0048131771315780975 0.004243302539747181 0.0037172209995485644 0.003257067107029262 0.002871876174594258 0.002562412419307002 0.0023253349714069177 0.002156290654244466
0.0020121228996411223 0.0020121228996411223 0.0020121228996411223 0.0020121228996411223 0.0020121228996411223 0.0019964016380813795 0.0019443579351246896 0.0018701609112589197 0.0017874499713361966 0.0017074061608764802 0.0016383791121020593 0.0015860895344062813 0.001554094962275445 0.0015442716398439986 0.0015571519985254382 0.0015920337872312156 0.0016530911443285693 0.0017750842111524106 0.001962342338667341 0.002212141693574614 0.00251653781010168 0.0028569985495146906 0.0032029022113038968 0.0035723221098604013 0.0039628953636477535 0.004346699594598388 0.004687324705497647 0.004944708769704016 0.005083594764867166 0.0050831360935060035 0.0049434037268064725 0.00468536307615342 0.00434433344078602 0.00396037717214618 0.003569860974677559 0.0032006457713455168 0.002871005553441087 0.0025910224552494277 0.0023650395794011293 0.0021942072013880756 0.0020786986124191
0.0020121228996411223 0.0020121228996411223 0.0020121228996411223 0.0020121228996411223 0.0020121228996411223 0.0020121228996411223 0.0020117455978723815 0.0019937939636602863 0.0019573613805999386 0.0019132345273122874 0.0018703723377901538 0.0018355493155531955 0.0018133690188747334 0.0018064350936611052 0.001815515230608977 0.0018395998116947907 0.0018758257888700635 0.0019352028968867313 0.002044160489204861 0.0021928011368563143 0.0023658182681449936 0.0025626950435149363 0.0027935326972958327 0.0030488467613722908 0.003314316489758491 0.003570471218004313 0.003793888960142816 0.003960301411312402 0.004049251863654145 0.0040489590718585785 0.003959462790800908 0.003792612762254297 0.00356890641059468 0.0033126203051216624 0.0030471589273217497 0.0027919617972786514 0.002561316383705257 0.0023646867503163862 0.0022079165769465572 0.0020947704555777354 0.0020285206840831662
