_RESULTS/REVERSE_NEW/MHZ/TZ/9comp/MHZ_TZ_z_125_kriged_reverse_9comp_test3.asc
ncols 100
nrows 81
xllcorner 5.5967107548124995
yllcorner 50.982328804812504
cellsize 0.00017565037499993607
nodata_value 1.7014100000000001E+038
[rows 60 to 79 of 81, columns 43 to 85 of 100]
25.384122996329616 25.606934487863363 25.54475780023141 25.13636853861997 24.36852309646886 23.297119576373863 22.05259902434654 20.81577713969179 19.77019211257303 19.05547300474603 18.74138821319477 18.823192451946202 19.229484119269983 19.839193064897565 20.510625833311856 21.120664539100144 21.600662766709153 21.952481043343667 22.23844245363561 22.55159691431356 22.977972504992454 23.56241018609858 24.288976160895402 25.085382059312835 25.85242893641641 26.502164926044674 26.977888202810835 27.24547048991163 27.275516821717016 27.042694882398237 26.545276995033372 25.824125118194026 24.96068455672078 24.053572160937446 23.190169917703614 22.428946881158616 21.796606678438902 21.29503506829657 20.911222693435015 20.625777271267147 20.418500896652134 20.271249515711183 20.16893644451119
26.35621684697445 26.75811185101866 26.89755173947313 26.70827751104682 26.163794863984783 25.29467684336645 24.19781496619431 23.02376427359344 21.93996857498802 21.08618298631146 20.543073251578512 20.32260828755232 20.376251561635776 20.614669459130425 20.93507903707636 21.251280250446573 21.517745720421313 21.7392201584327 21.962796788925445 22.25594290080118 22.6778397312052 23.252942574290756 23.956015123632508 24.716129170592154 25.43987027037065 26.04131503159107 26.45968336332472 26.65726020822615 26.61030574506419 26.3099487666612 25.774156967015553 25.05628071504487 24.2376000999062 23.406166889170624 22.634860371238627 21.969322794762654 21.42754827596489 21.00670059219291 20.6918616242619 20.46338697816674 20.30171597871847 20.1898188251329 20.113988698456094
27.129665752543925 27.661482036191387 27.945322966564756 27.911614224426547 27.525576571833778 26.800566077775912 25.808358747672465 24.674025249640607 23.548704987501985 22.56985114389324 21.82817873885674 21.354003462036165 21.12283842684888 21.07351871952344 21.13212452877573 21.235849705779597 21.350854024088303 21.47915492332345 21.65281703260771 21.91763791587948 22.31156205153794 22.844703939484383 23.488152753847032 24.176951975733445 24.82714044369715 25.358399838415423 25.70987100083622 25.843742566430407 25.743057742252194 25.412851639508233 24.88479939089466 24.217255838564032 23.48491656694328 22.761524293820496 22.104438401659117 21.54731125002915 21.10118048892522 20.760525880412594 20.51049203379986 20.332894234790675 20.210153822149003 20.127290854461645 20.072522766207506
27.662274674183333 28.27503013901065 28.650177153531736 28.71608302478153 28.433156699990608 27.80381158218381 26.88238666048234 25.774516662511765 24.61719312487095 23.544248704366655 22.65371612328499 21.99126893586389 21.55245860112528 21.29789124409975 21.173790599823924 21.13181413318102 21.143412029404047 21.205505061851593 21.33650675139191 21.56439022378714 21.910751070015383 22.376085009312146 22.931551682133875 23.520910417367013 24.072467732312166 24.515755441700986 24.79526994435455 24.87716740690124 24.7509930117699 24.430298583080326 23.952159637412333 23.372280156132334 22.75431651263081 22.15676568282213 21.622797135409243 21.17622633958072 20.82324503537853 20.557418998687467 20.3653604565954 20.231419894826825 20.140771906116946 20.080972454009345 20.0423959729055
27.955053307967248 28.603777625340122 29.02400891259455 29.142999355817086 28.91888274986178 28.348080317998196 27.47408420888072 26.388893280056546 25.217893844862566 24.089952105249512 23.106411550043866 22.323107932418353 21.749817586634318 21.362502405953197 21.120938361192795 20.985633867746117 20.929977023885257 20.945325753029817 21.038585951155557 21.223737451124006 21.510350590483373 21.89297742140297 22.345178313333506 22.820656927042553 23.261414858525523 23.609778795565514 23.819640893126316 23.863733626529495 23.736709879816782 23.455109769214666 23.054354018406038 22.58219897506239 22.089388837025897 21.620214093479078 21.206036557276033 20.8632375443393 20.594998903287824 20.395197374146846 20.2526829616162 20.154809243202862 20.089763212457576 20.047737197628983 20.021238278208816
28.023978775401797 28.66886223859612 29.094889652446426 29.22906495240067 29.029306932150366 28.49010049517432 27.64957629358429 26.590975760688085 25.430069532655537 24.288979326334303 23.267736380455766 22.426487757925056 21.783300410928526 21.32398610599391 21.017172457186955 20.828883094676947 20.7330492088734 20.71624572120017 20.776523779074445 20.917615759172165 21.14086095344188 21.437704388922437 21.785412942768488 22.147668453675454 22.4800203253154 22.738335190278853 22.88736561507758 22.907023690042358 22.795306211190372 22.56783387158671 22.254266808031694 21.892170773547672 21.519681288588036 21.168945838964436 20.86204602117769 20.610001188002876 20.414297045190136 20.26977701873103 20.167752756994485 20.09856720712018 20.053289603531866 20.024564827160713 20.00682574526959
27.874224752597254 28.481131890240334 28.880830703256365 29.001201377673357 28.801782570289696 28.278289172449146 27.467522273981405 26.447289722156402 25.324614448950577 24.212613148403555 23.205404223759864 22.361980013535284 21.703545673630373 21.221503535280878 20.890227846529534 20.679544635892967 20.56382817835067 20.526402774684637 20.559297333899544 20.659446118606887 20.82313878643101 21.04079526500855 21.29391060185966 21.555288563530535 21.792583144530926 21.97402340921841 22.07450058334945 22.080264014359226 21.991128476192298 21.819863207274086 21.589050888369016 21.326232275449485 21.058589313655485 20.808525638274585 20.591104085540948 20.4135724144731 20.27653925773634 20.176027224648696 20.1056522161897 20.058416859198516 20.027897180269154 20.008834648457853 19.997277159446845
27.49597781075885 28.03769838767451 28.38749778270515 28.47574409936964 28.265180142927505 27.754672915421967 26.98169324650972 26.01983021083577 24.966875655813556 23.92448179100813 22.97699863503608 22.178024556136634 21.548127849877705 21.08143351800843 20.756276336033118 20.54568215106873 20.425112673669055 20.37645454072143 20.388371431252807 20.453924659273078 20.56683359468016 20.71787444682472 20.8926977218843 21.071819132817367 21.232813571647466 21.354017429566873 21.418575207695024 21.41762288402987 21.35174855739506 21.230417766881278 21.069607384192818 20.88834212901613 20.705073465663194 20.534791599125725 20.3874257876464 20.267618601710545 20.175562926024856 20.108397761095674 20.06167693414195 20.030575933588306 20.010689949032102 19.99843012974663 19.991113919878437
26.8835148012527 27.341633586538666 27.628045223579722 27.677645081098667 27.457517375971367 26.970062888437653 26.253167554157198 25.37533870372208 24.423641382025195 23.48616999519365 22.63502196991451 21.915889085303185 21.34653250648595 20.92223101627099 20.62446233993424 20.42947882465738 20.314734554060117 20.26237150942079 20.259892816487373 20.298745452103837 20.371841845533815 20.47109394132239 20.585842991372086 20.70269271086765 20.806774561817836 20.884012968830767 20.92365308055487 20.920260804564407 20.874606060546608 20.793205471170197 20.686700651852398 20.567562279025427 20.447749692065294 20.336886845713707 20.24128054878944 20.163812723373475 20.104500581558185 20.0614052069752 20.031581798142597 20.011859141210124 19.99935434534357 19.991727184106566 19.987235830489396
26.061280105413903 26.42758454072162 26.647325071324207 26.662020830501582 26.443642780261673 25.99715817750885 25.358937156456108 24.590302264947265 23.76590332570194 22.959109244050907 22.22888480086053 21.612199749042222 21.1232328991549 20.757813238081454 20.500305570403306 20.330426917766214 20.228424478080438 20.178003874597884 20.167116235053758 20.187160546778372 20.231362357547418 20.293091407803992 20.364723730742245 20.437388004913732 20.50162126265879 20.548668214311267 20.57196739260104 20.56832959795608 20.53843485962381 20.48650459532335 20.41926298038784 20.344499944529694 20.269627959053928 20.200572088348622 20.141183590842772 20.093189070862056 20.05654603216087 20.030009065336476 20.011719252799946 19.999686757320116 19.99210894305355 19.98752681107807 19.98485805881932
25.095261908989038 25.371604776794992 25.52970875937054 25.519361358295615 25.31742569177694 24.929831050239077 24.389018003683606 23.74702885082483 23.065067040947948 22.40178447766557 21.803504135326836 21.29889572537519 20.898688323273152 20.599189857730156 20.387593239706327 20.247236855096375 20.1616487304147 20.116909840972347 20.102418209902602 20.11046936796613 20.135206420994464 20.171475957233078 20.21400194835197 20.25710388443884 20.29498044019961 20.32239919087881 20.335517248243086 20.332535018499655 20.313957501410552 20.2823760945677 20.241838604908523 20.196993105236043 20.152236533530104 20.111065437635006 20.075737484398584 20.047248267686655 20.025546290548036 20.009870693330104 19.999101470449745 19.992045673495255 19.987625710024975 19.984971511693587 19.98343936771455
24.080099286486416 24.276386705279467 24.383005896367493 24.358820275512837 24.185245167584075 23.867742281630672 23.433059479016514 22.92284939918481 22.384953105040033 21.86437133606897 21.39616072836265 21.001770378373223 20.68902352760866 20.454807879465577 20.28904360032222 20.17862294461344 20.110469150650808 20.073369265588973 20.05863852947596 20.059918209563662 20.072501511580715 20.092559815398598 20.116547202050164 20.140932950559122 20.162279650756865 20.177574011140813 20.184649363159547 20.182526325452624 20.17154031793113 20.153204514395064 20.129845453668736 20.104115545660566 20.078511961051174 20.055012050871046 20.03488527775491 20.018683252068477 20.00636383724691 19.99748398322874 19.991399004137705 19.987425123116974 19.984946202515726 19.983465757066167 19.982617252838757
23.111456567539616 23.242376024653066 23.309517087060495 23.280699013702417 23.14139037564091 22.89578733440655 22.564351355785053 22.178535235314914 21.77398205349456 21.383830613879095 21.033661857892614 20.738996801849044 20.505377319145808 20.330342331498873 20.206302289979984 20.123397849864723 20.07173667329305 20.042758706066987 20.02976928294559 20.027853547744385 20.033447556841942 20.043820189743176 20.056651006147177 20.069802171302914 20.08129853604947 20.089463342748672 20.093117853518887 20.09174659444542 20.085553903301072 20.07538189463144 20.062508750720713 20.04838291398246 20.034362528801815 20.021519043620884 20.01053683565763 20.001709298067887 19.995007317692654 19.99018467297602 19.986886611926806 19.98473825230096 19.983402514022146 19.982608234964815 19.98215557550306
22.261476161532162 22.343085404525315 22.38219101571669 22.3547045023201 22.249591160667272 22.069618022726324 21.829407775873726 21.551437568264152 21.261041715660685 20.981637118055744 20.731208928915297 20.520613358422697 20.353668603968565 20.228547562893016 20.139790077104607 20.080307814982735 20.04296205084526 20.021539632702243 20.011153461410835 20.008214189553524 20.010160408064394 20.015117153506257 20.02160398413296 20.02835608731696 20.034269137141216 20.03843903864583 20.040245567542073 20.039425554599166 20.03609451771492 20.030699554443903 20.02391225274269 20.016489766825178 20.00913953661969 20.00241782310743 19.996678293559594 19.992070683886666 19.988576933300408 19.986066335599435 19.984352189037406 19.9832378365537 19.982546781216655 19.98213724512503 19.98190489063932
21.56811151481989 21.615225396815976 21.635847006125033 21.61268530042196 21.537628111421377 21.412240608159102 21.246351898439606 21.05521766287305 20.85603805076604 20.664684030526516 20.493320086211234 20.349269488584067 20.235083080301603 20.149480367347632 20.08870726057653 20.047891481100454 20.02211369126659 20.007076375418713 19.999387703486143 19.99655804903897 19.996832794572327 19.998972029079397 20.002054841352535 20.00534849945724 20.008250255497163 20.010286316490074 20.011140217791233 20.010681171701748 20.008970099120013 20.00623354951257 20.002809083140402 19.99907562593017 19.995386121111125 19.992017261422106 19.989144222289706 19.986840310901325 19.985095207295274 19.983842595228626 19.982988467019865 19.982434088340785 19.9820909927773 19.981888204338254 19.981773552006167
21.037784316761044 21.062521618830164 21.071884516157784 21.05395099160931 21.002963582386606 20.91964831433782 20.81025119624776 20.684634482435722 20.553963577276864 20.428550588640572 20.316298159583102 20.22195894385964 20.147178557453323 20.091105157366737 20.051270523014054 20.02447134300726 20.00746779622809 19.997422724969667 19.992092369019204 19.98983145413018 19.989491594772026 19.990282918738156 19.99164742054998 19.993169024510873 19.99452565537024 19.995475221962323 19.995860673163328 19.9956184795207 19.994778648653803 19.99345074731826 19.991797098686018 19.989999272046962 19.988225925386132 19.986608922922475 19.985231423255982 19.98412784903446 19.983292697779515 19.982693797094683 19.98228584906923 19.982021401729817 19.981858000494636 19.981761621083706 19.9817072787393
20.655030680065416 20.666384085301008 20.669509528620754 20.656503709093624 20.623429610795288 20.570512313992598 20.50151499934656 20.422521295776264 20.340465373335004 20.261767827394046 20.191353802171754 20.132184963978105 20.085282886466597 20.050107471147633 20.025105960312388 20.008263135459867 19.997538449174066 19.991142149522112 19.987657137468513 19.986045438995088 19.985587940520915 19.985800124905115 19.986353187027767 19.987015586760613 19.98761848137874 19.988040883051237 19.988206740308616 19.988085758750167 19.987691712519606 19.987075166285567 19.986310797107773 19.98548190778555 19.984665695878874 19.98392237097988 19.983289767107372 19.982783385767814 19.982400468654063 19.982126086897946 19.981939348694773 19.98181842010162 19.981743792441804 19.981699845733683 19.98167511954828
20.39318730325173 20.397265951617392 20.39736236333265 20.388437328477636 20.367900531382563 20.33572584618336 20.294064948372622 20.24650179449142 20.197157293296765 20.149860890462918 20.107554826588917 20.07200904607948 20.043832370783548 20.02269759423681 20.007669622363426 19.997534946386494 19.99106387696156 19.98717676191683 19.98501816674371 19.983962162115084 19.98357757380715 19.98357840026095 19.983776605991917 19.98404608185762 19.984299897732193 19.984478754038484 19.984546597741275 19.984489188247146 19.984312378809783 19.984038424625645 19.98370019022514 19.98333426882596 19.982974505552523 19.982647240185337 19.98236896907797 19.982146386467274 19.98197818621245 19.98185774067428 19.981775825807517 19.98172282212511 19.9816901448555 19.981670926209297 19.981660130901194
20.22287015784685 20.223471006208836 20.2224027778862 20.21657500882123 20.2043494217973 20.18560499005992 20.161508475104842 20.134076608758416 20.10565286064359 20.07842452640691 20.05407556042229 20.033619615272965 20.017404549127665 20.00524068019393 19.99658879032359 19.99074925085521 19.987012773397623 19.98475620588886 19.983485624045088 19.982839945550616 19.982571519748568 19.982518005880856 19.982575263119244 19.98267620876482 19.982776894096155 19.98284876121664 19.982875029994528 19.982849080453274 19.98277318328751 19.9826566716311 19.98251337835331 19.98235869361722 19.9822068301909 19.982068827892995 19.981951579797904 19.981857857927793 19.98178707616775 19.98173641895525 19.98170198717851 19.981679722456196 19.98166600686668 19.981657948249413 19.981653427468927
20.117309468259 20.116568359271632 20.11529318204157 20.111661168562748 20.104676932318856 20.09420762952458 20.08085209585746 20.065694010918218 20.05000839405164 20.0349914024393 20.021566117941152 20.01028863529177 20.001349364825778 19.99464301039614 19.989871780982444 19.986649421683037 19.984584242427236 19.983331980119896 19.982619711190985 19.98224806710103 19.982080761511387 19.98202924387624 19.982037769309887 19.982071577358116 19.98210887979483 19.982136153341262 19.982145714526478 19.982134515330312 19.982103336066764 19.982055900655755 19.981997775781217 19.981935157926827 19.981873763681683 19.981818026139674 19.98177070553498 19.981732902479216 19.981704367171265 19.9816839548499 19.981670087360275 19.981661124995576 19.98165560744887 19.981652368136647 19.98165055274803
