_RESULTS/REVERSE_NEW/MHZ/TZ/9comp/MHZ_TZ_z_90_kriged_reverse_9comp_test3.asc
ncols 100
nrows 81
xllcorner 5.5967107548124995
yllcorner 50.982328804812504
cellsize 0.00017565037499993607
nodata_value 1.7014100000000001E+038
[rows 0 to 18 of 81, columns 44 to 87 of 100]
8.240054265730738 8.369175534352578 8.497172236637313 8.61480106658028 8.715940896080955 8.79778653396211 8.860388204314594 8.905804100494544 8.937160518618448 8.957846047683148 8.970956317778144 8.979003864874732 8.983841818008182 8.986724870726768 8.98843579259895 8.989425363734245 8.989935604290194 8.990093639141005 8.98997461085078 8.989637768987176 8.989142130002218 8.988548487468863 8.987913946832347 8.987283970492149 8.986685402805529 8.98612239419934 8.985575882696804 8.985006542860836 8.98436087589679 8.983580148425675 8.982611820171314 8.9814226303323 8.980011599301225 8.978420160423727 8.976736050012207 8.975088051442356 8.973630485548858 8.97251916093849 8.971883456307001 8.971801135921673 8.972282465786106 8.973267975151323 8.974640455279673 8.97624781444958
7.998055402656812 8.168429260356538 8.337639267905256 8.493421214853468 8.627578686772832 8.736299381935432 8.819580856248885 8.880116689083414 8.92204296029056 8.949856220192721 8.9676645301331 8.978793981971574 8.985683415111295 8.989965594512247 8.992639059904226 8.994260478677816 8.995115996244754 8.995352879738132 8.995067498830778 8.994353880278243 8.993321102160854 8.992089393104187 8.990774766721279 8.98947065523815 8.988232655437299 8.987069784296303 8.985943310342844 8.984772822278014 8.983448777770965 8.981850880598845 8.979871519264469 8.977442552550311 8.974561870271794 8.971314037545328 8.96787814785922 8.96451698681487 8.961545294585397 8.959280672713069 8.957986686983771 8.957821604510507 8.958806098060744 8.960818721165351 8.96362034760597 8.966900716692482
7.731864569897103 7.947223915706093 8.161576564646413 8.359326981910035 8.529943048598208 8.668449622406877 8.77475202497973 8.8522322920443 8.906142398887269 8.94220695788349 8.965651226544965 8.980687323263291 8.990374313979387 8.99672279926221 9.000921513260069 9.00359508098511 9.005037334791492 9.005392702411088 9.004776961776566 9.003340260322537 9.00128246111214 8.998835094410621 8.996225687210709 8.993638917426916 8.991185359173263 8.988883808519628 8.986658901414538 8.984353135387584 8.981751671649969 8.978618552879086 8.974742777684012 8.969990831014808 8.964358640349536 8.958011796548904 8.951300613745419 8.944738593997437 8.9389401422061 8.934524628693426 8.93200551930899 8.931690703973906 8.933619818509749 8.937555533073894 8.943031093257229 8.949440873414806
7.458624797736389 7.719811454691692 7.980350624180923 8.221228524948334 8.429467975358174 8.598853620414879 8.729175221119768 8.824526926686312 8.891325357840016 8.936572990692925 8.966643807881184 8.986637080727702 9.000198450951178 9.009651275940643 9.016288470695457 9.02071163980817 9.023144709920485 9.023681611411144 9.02245036096525 9.019692258853434 9.015767584128733 9.0111085395012 9.006144981982889 9.001227615923847 8.996567461673031 8.992202018900471 8.987990815193472 8.983638328920803 8.978741019946918 8.972855769621525 8.965586701762396 8.956683892211593 8.946140648438556 8.934268333845354 8.921723628722782 8.909467124760669 8.898646025987757 8.890414779204892 8.885728813591092 8.885159819100494 8.888779934159365 8.896145823379076 8.906386780413845 8.918372656537834
7.19885493380749 7.503517100252735 7.807976958735995 8.08999992400011 8.334274186489687 8.533402050568611 8.68708615551097 8.800141205243095 8.8801378674117 8.935323787620023 8.973161970128212 8.999547152454852 9.018585700149522 9.032757800853048 9.043287373622375 9.05058386928727 9.05466223852376 9.055481178908526 9.05316597803944 9.04810541608114 9.040934364445569 9.032432615253743 9.023381577091703 9.014420760059902 9.005936413261216 8.998000017599551 8.990360677904183 8.982487230363928 8.973653846544021 8.963064084676763 8.950007761025654 8.934038677986353 8.915148860375027 8.893901192928217 8.871475508070667 8.849591200419093 8.83029506907219 8.815640761937077 8.807323234770454 8.806353480229154 8.812855591496431 8.82603926339202 8.844354735131423 8.86578865240151
6.972955942901446 7.315897075590064 7.658902134837736 7.9770185019337845 8.252978154590192 8.47844625305447 8.653160344917717 8.782676261444431 8.875663116650912 8.941502796252166 8.988592654044425 9.023427501264909 9.050338556534426 9.071691975287033 9.088353973929037 9.100265611839975 9.107007719303436 9.108266613335138 9.104139290170256 9.095249795108213 9.082686764953621 9.067807884527733 9.051979363093528 9.036320865252678 9.021510332196069 9.007677771560417 8.994393589491665 8.980743222645636 8.965476812920091 8.947224988073538 8.924770737435301 8.897356035907581 8.864980124407246 8.828622871550802 8.790316221948256 8.75300288034742 8.720167421091315 8.695289434155178 8.681228359795337 8.679681836556153 8.690850385851812 8.71339281391476 8.744683302901263 8.781304223726014
6.797478871209413 7.171563139984162 7.5454214216877356 7.892161166774438 8.1932103851206 8.439755012787668 8.631815364391642 8.775753043283213 8.881263132801456 8.958694717788708 9.017143999425146 9.063411030618191 9.101699074688835 9.133856416322661 9.159960448838904 9.179069645903432 9.189991535306232 9.191932480188552 9.184921853408637 9.169950736299176 9.148830464560012 9.123840915803898 9.097279854158993 9.07102986494416 9.046231944918274 9.02311145142025 9.000962844320581 8.978277586838052 8.952995767894926 8.922866514014046 8.885900133195463 8.840874983504971 8.787824993764007 8.728395494400255 8.665941303438528 8.605273553235117 8.552042512356445 8.511848691486684 8.489264057011525 8.486984613246026 8.50531215300597 8.542086850370739 8.593086312759374 8.652796339794552
6.682132517608726 7.079486728834149 7.475377660168446 7.841947395668214 8.16019627413778 8.421481931830382 8.626487267422938 8.78251306842557 8.900225861370608 8.990755646127315 9.063613174070165 9.125531318214428 9.180123632555334 9.228176351021812 9.268383364445336 9.298338820140247 9.315594226065839 9.318577981637864 9.307195010607984 9.2829931696713 9.248892478514653 9.208585889666617 9.16579271683775 9.123554070953452 9.08371153819747 9.046637097362145 9.01121867719827 8.975072537156976 8.934950385119913 8.88731775784224 8.829075820324535 8.758364094346138 8.67532012913919 8.582612716310962 8.485551702385319 8.391642545905018 8.309592272579676 8.2479361414885 8.21357369087755 8.210534239303621 8.239235974634342 8.296391722732663 8.375581120620225 8.468371790235985
6.628190273795083 7.041413796224506 7.4507040412638155 7.828294879290292 8.15575799659599 8.425398565487468 8.639046416918074 8.805152100753583 8.935349849392002 9.041389861297331 9.132910454798218 9.216166385011507 9.293636529542468 9.364368898180004 9.424906073568996 9.470605516487025 9.497109131638732 9.501658621761605 9.483955562220645 9.446365466856687 9.393445795750635 9.330969003811223 9.264732849654928 9.19945952831854 9.13800016021313 9.080939214557235 9.026593694536942 8.97135532364548 8.91032499762731 8.83820492751079 8.75040492738425 8.644259994777006 8.520156939716584 8.382280276728924 8.23868448889952 8.100527000659485 7.9805277069295855 7.890958555975482 7.841600341638672 7.838088432388384 7.880948150328343 7.965473297160627 8.082469345151148 8.219750342657592
6.628538001674021 7.051701904369541 7.46714189425816 7.84819362064564 8.177989837143972 8.45058247550803 8.669481817023748 8.84456520763042 8.988504530695984 9.11357848533212 9.229315978926579 9.34109687025141 9.449681745487574 9.551601730484698 9.640317573984648 9.70797974557193 9.747478676716268 9.754333642657219 9.72793616017902 9.671808862479542 9.592833797980983 9.499719885930375 9.401174591371511 9.304249484424467 9.213180143064045 9.128841439573064 9.048787828025892 8.967788272881695 8.878778834126914 8.774185418318375 8.64755142947565 8.495305613538122 8.31834923578891 8.123020012359612 7.921019870004972 7.728132575633409 7.561931658068674 7.439002732957747 7.37230721961106 7.369177835442526 7.430200776589596 7.549069250264299 7.713428617744333 7.906675359067479
6.669292506951646 7.098582718666824 7.515183991494744 7.89437006147371 8.221680558690108 8.493626294108164 8.71591084252225 8.9001536383577 9.060213850453682 9.208907080680047 9.355514221819279 9.504216464409968 9.65349570903869 9.796541275720347 9.922681270076476 10.019715165068645 10.076759292382127 10.086944768906507 10.049211672552286 9.968650017450095 9.855301485359384 9.72184221648167 9.580871273584869 9.442517472481368 9.312821973551094 9.19303597038423 9.079750537609895 8.965706333792516 8.841170831003232 8.695822460266232 8.521047875967533 8.312396862737318 8.071702137611235 7.808213051568358 7.538194625889794 7.282868503142685 7.065151655460728 6.9060512003952 6.82155719911723 6.820503270291131 6.903456286557572 7.06254141202962 7.282222103918941 7.541183686994366
6.73266406920342 7.1665659862991875 7.582008288841006 7.956760191187774 8.279357185604074 8.549295630739257 8.774892347624164 8.969818677950594 9.149333146500735 9.326903803228673 9.511553822101101 9.706068446142108 9.906187489963312 10.100974525517652 10.274543643111567 10.409104807733776 10.488853668330053 10.50376375231693 10.452140509298607 10.341084294740496 10.184717561712137 10.000813591638224 9.80692121394195 9.617033488072105 9.439429849769967 9.27583083450557 9.121689247734192 8.967372003348734 8.800074605614572 8.606396387750863 8.375447114845517 8.102103651638828 7.789689307483366 7.45115869116343 7.108107046411299 6.787631444771199 6.5179179122440685 6.32386849539641 6.223809289334511 6.227573752223185 6.335628857195474 6.538842915525074 6.818926364932995 7.1500331663363195
6.800411707353532 7.239398609289878 7.6538998804543015 8.024391429949967 8.34266038629333 8.611454807104614 8.841963699774482 9.050156651507308 9.252921307739268 9.46457432394883 9.693999471087315 9.942548913975752 10.202929373097778 10.45945370998407 10.690060526774433 10.87019685730531 10.978002231878673 10.999495461047188 10.932117026728312 10.785367272050896 10.578314161441673 10.33489578641648 10.078601567359998 9.828014801448333 9.594052549370707 9.379015221466156 9.177126460537579 8.976186830329109 8.76012622966389 8.512374979882875 8.219882032136386 7.877236974608371 7.489871993682816 7.075114160880804 6.660306023344215 6.278308765680269 5.96185749591492 5.738628076195443 5.628176111983839 5.640663304652828 5.776441542354465 6.025681552502395 6.368121088552157 6.773925326244408
6.856940034533329 7.3027655712050334 7.718495872026552 8.087160786823516 8.403687812611384 8.674034543484481 8.912300329042235 9.136867842639953 9.36643123750808 9.616370020191383 9.895634240351937 10.204266447604331 10.531884125734594 10.85772236963947 11.152914031785606 11.385285963802295 11.5260278256825 11.556518813087758 11.473056891054853 11.287735775278492 11.025137956873076 10.716109206190136 10.390784410386814 10.072866314621564 9.776229943399295 9.5039139348986 9.248989108838295 8.996761157119646 8.72802322232701 8.423272008460202 8.06766863534248 7.656011135709524 7.196355471570682 6.710726060678561 6.232094130130847 5.79836830589453 5.445600496268551 5.202823682522592 5.08965775432474 5.11601883271114 5.282267937437163 5.578538323306135 5.983414379303522 6.463609481626534
6.891117864879829 7.345975602333408 7.766258123283834 8.137064970945232 8.455994730124074 8.731846617816403 8.9814039933917 9.22537943933054 9.484315705968676 9.774798754047582 10.106061016569374 10.477081222939278 10.874600553314709 11.272883384666944 11.636201694668074 11.924536004672836 12.101778739162825 12.144291002355361 12.046913366401625 11.824147547545225 11.506052563729764 11.130462630996742 10.734306950628259 10.346586681739382 9.98434033636916 9.651603152576326 9.34063812224256 9.034706541214723 8.712012753514163 8.35072739195092 7.934820850616381 7.459777665088081 6.936487456560493 6.391451783309565 5.862522721922852 5.391445881703936 5.016179161924601 4.765869574952468 4.659429956494889 4.706344771414936 4.907286200922362 5.252880045455273 5.720966590639646 6.27478802057575
6.896432967461176 7.362310502353671 7.790920939502986 8.168689437578793 8.495106760939507 8.781137438653175 9.04574227771429 9.311635574089378 9.601041767208681 9.931734324927778 10.313360600476509 10.744135240060825 11.208400649098389 11.676088500556487 12.105342275285905 12.448997620207267 12.664149097755464 12.722269355729821 12.61641431245659 12.362763921552935 11.995911284996158 11.55977086699789 11.097399615128783 10.642786286129374 10.21620297725886 9.823102065719931 9.455651164775759 9.095992067256606 8.720768805051513 8.306809442610641 7.837646200034904 7.309774891076095 6.736663723967623 6.1484250456137355 5.586466428566943 5.094916539806891 4.712453228025206 4.467704605101824 4.378842335272704 4.455290875303395 4.698475359387548 5.099654454533282 5.635457273251841 6.2644927437972715
6.86990280708437 7.348347695546714 7.7891294400045465 8.17908913438474 8.518602631514538 8.819870035324753 9.103265579412495 9.392922153859146 9.712329815116066 10.080202751770194 10.506572092488712 10.98916604923087 11.510626351501246 12.037738375344889 12.524131170337807 12.917281540017198 13.169007307955932 13.246664311197254 13.141228015479223 12.86921767830804 12.467760911265712 11.984768078750596 11.467783011976081 10.954893952319052 10.469532228319757 10.019195831743602 9.597100603549261 9.185716100106953 8.761645315091128 8.301698293949855 7.789805960600697 7.223568427570291 6.618275768225192 6.006199406083162 5.430587126659421 4.93653733436854 4.562780764272381 4.337616980388131 4.279268746412021 4.3980007054942964 4.696431361864177 5.165925908373971 5.780131344415705 6.490218773344863
6.810746990424127 7.303025456392572 7.759822768580286 8.167425002939572 8.52596471600999 8.84778431498012 9.153713511971308 9.468501040535521 9.816246184515519 10.216114204344082 10.678288386666647 11.200209291721288 11.76366214989575 12.333932402883649 12.862535155551358 13.294370822751075 13.57846519924591 13.679467879843147 13.586071240528758 13.313291826990184 12.897842217374212 12.388438414828675 11.834520612753657 11.276808883167561 10.741669609044303 10.23948295089821 9.766083660677122 9.306213772269368 8.838392018528193 8.34100746740987 7.799262486527094 7.211741287049452 6.594418652634333 5.979908412599853 5.4114545924017285 4.93395966523351 4.586132829012074 4.396884076003401 4.385929000650961 4.5655732504276365 4.939791981206628 5.498506843512433 6.208887475542782 7.0098906229620965
6.719828957398493 7.227232725066542 7.703931257178849 8.13473370503226 8.518404057481872 8.866285645076207 9.198607279497303 9.53978551009218 9.913688681463642 10.339241235930634 10.826365641163939 11.372314378139668 11.958916582287282 12.551874087001186 13.103478380064216 13.559473641986198 13.869220787663192 13.996548427028536 13.927824856432006 13.674503076659898 13.269374976696428 12.758032408609493 12.188515284783806 11.602230197511282 11.02810233387511 10.48037969040301 9.959424350391913 9.454580133329703 8.948549186450283 8.423061890586458 7.865469885508903 7.275109246798247 6.667366152420724 6.0733368989792496 5.534558837219866 5.094913185312295 4.793477881705533 4.661166431770529 4.720905782657362 4.988135429700644 5.467610349893524 6.144723705175766 6.9745469826337265 7.877099334543675
