_RESULTS/REVERSE_NEW/MHZ/TZ/9comp/MHZ_TZ_z_710_kriged_reverse_9comp_test.asc
ncols 100
nrows 81
xllcorner 5.5967107547500001
yllcorner 50.982328804750004
cellsize 0.00017565049999994641
nodata_value 1.7014100000000001E+038
[rows 0 to 18 of 81, columns 0 to 42 of 100]
1.7983258440918706 1.8138428144288323 1.8278243696775462 1.8381937784842297 1.8425233797902194 1.838001611513168 1.8213339976382141 1.7886714001788662 1.7357375018082073 1.6583609353271542 1.553557895959251 1.421087900520915 1.2649946827073886 1.094235651859259 0.9215508317556538 0.760566651542973 0.6223682087555362 0.5133037636425578 0.4349737806686304 0.38593748184172383 0.36390530532061693 0.36742107853758416 0.39663443872290916 0.4531015921000911 0.5385990503359249 0.6530587191691322 0.7922320945620269 0.9463368929914913 1.100937636213158 1.2401588320925356 1.3507742673548435 1.4251875271293681 1.4622383431147916 1.4661377501944657 1.4445414525667604 1.4066389166561328 1.3616666529521524 1.3179017216505533 1.2820605017946791 1.259012118621476 1.2517140160421238 1.2612731223217606 1.287059303520505
1.8047173010370323 1.821802091001443 1.8373122022270725 1.8490699838311198 1.8545704992766678 1.8509493775652432 1.8348795852791058 1.802507193496214 1.7496032410885716 1.6721170518535378 1.5672426674601485 1.4349046588583756 1.27920343442162 1.1089895928351043 0.9367746074581528 0.775961847883222 0.637546061640743 0.5279567946665696 0.4489869006197308 0.39940155448469994 0.37705949912253317 0.38056515875478514 0.41003057154897105 0.46686344538062924 0.5525661785769903 0.6666756065620091 0.8044717421791319 0.9556989605306108 1.1055101690094695 1.237706176351799 1.3388417087526572 1.401265881521134 1.4240389145234205 1.4119649751168852 1.3736644179578568 1.319523657990776 1.259974011031769 1.2042584331312696 1.1597103242411728 1.1314880571208434 1.1226265110503633 1.1342180425448571 1.1655695978647582
1.8047012194299852 1.8221511807129331 1.838163569620114 1.8506168495930397 1.8570866989399928 1.854798841760612 1.8405124516338693 1.8104609821177227 1.7605241936030172 1.6867823398411623 1.5865201997279632 1.4595810030921188 1.3096787304274138 1.14496172967512 0.9771197303379828 0.818955257726426 0.6813591691256655 0.5711778333052563 0.49091843213580655 0.4400624848822955 0.4169821340977888 0.42051068619949444 0.45068582306305865 0.5085259584829404 0.5948331717404591 0.7082172887913946 0.8430174353887583 0.9883046137252808 1.1290108982249656 1.2491364644634462 1.3356702360762471 1.381481799070708 1.3862423466889733 1.3555538157957923 1.2990557256771378 1.2282534701724148 1.1545618046169557 1.0878601020868388 1.0357071399050826 1.0031832038726884 0.9931422685496226 1.0065674390656816 1.0427838860376506
1.7952196278325054 1.8113057306477192 1.8263539446021442 1.8384999782069515 1.8455821856294543 1.845058004963971 1.8338660322316878 1.808375180597802 1.764581177492579 1.6986547060602601 1.6078580560402047 1.4917297765601099 1.35323704432373 1.199347627451007 1.0404244514369092 0.8882845936761166 0.7535843440962355 0.6437477961383732 0.5623648393729591 0.5100563850206388 0.4860448921561352 0.48955878232019995 0.5205257539940615 0.5793452482906885 0.6657471876360088 0.7770136746692713 0.9062773026703698 1.0419521854751495 1.1690873992768767 1.2724394013114484 1.340026391602608 1.3657173634322668 1.3500895844335874 1.2996567231660388 1.225031862853349 1.138645667746444 1.0525686949185882 0.9768990843817713 0.9189903801307499 0.8834846655902026 0.8728247592681436 0.8878095451139097 0.9278620797554139
1.7731729269834677 1.7856829491680104 1.7979087452969469 1.8084758639719398 1.8156763363675679 1.8173242697397796 1.8105914980650863 1.7919750597941153 1.7575328153258691 1.7034361101407027 1.6268013451897034 1.526697905806212 1.4051247651083565 1.2675762134472883 1.1227325394950274 0.9810616840703804 0.8527118187719921 0.745593322643583 0.6644900980419831 0.6114034587731098 0.5866517993159064 0.5899970076195367 0.6212324828564979 0.6799675621681089 0.7646278351127156 0.8710083745001741 0.9910753305616326 1.112873384450747 1.2220408728207448 1.3046141435307743 1.350087578285239 1.353627501700056 1.3168491477620332 1.2471521083918748 1.1559496736011359 1.0562914082337123 0.9605027553360502 0.8784751278172517 0.816986359222903 0.7799789407828405 0.7693444956833659 0.7856637865569205 0.8285137657262283
1.7358698914224682 1.742253444779949 1.7495422175936508 1.757090555968065 1.7638229793996036 1.7680065940548546 1.767058620978688 1.7575455338444532 1.7354786613592381 1.6968967950606453 1.6386412399032206 1.5592101889594967 1.4595594531767562 1.3436239974284825 1.218240696120168 1.092250735773718 0.9749335720113956 0.8743514017082568 0.7962847433920428 0.7440845664733368 0.7192349967004785 0.72209959095214 0.7523418608286847 0.8087414523463671 0.8884289935769021 0.9858795996710841 1.0922622231264218 1.1957592786330857 1.2831077865022573 1.342017063937178 1.3636888744271467 1.3446684321510443 1.2875630168294352 1.2004908732409465 1.0953786820842077 0.9855148507086523 0.8830713692494419 0.7973803893748173 0.7344085224213686 0.6972884938301201 0.6873375554922625 0.7049314839369589 0.7498221419345935
1.6816206935588829 1.6792601367598463 1.6794846478238354 1.682582828493186 1.6882487472647942 1.6952598556026772 1.701259176402313 1.7027963231981573 1.6956997539574623 1.6757185873975424 1.6392861895714521 1.5842692117223163 1.5106130175795351 1.4207791174742093 1.3197962679168038 1.2147467876578486 1.1136970790481233 1.0243803774926492 0.9531082240008268 0.9042542849021293 0.8803091406473171 0.8822041731142458 0.9095247426801101 0.9603722425839625 1.0308888230142639 1.1147202512894048 1.2028506361648954 1.2841864507168133 1.346977643258883 1.3807940496368833 1.3785494441193393 1.3380622427041389 1.2627511292030789 1.1611906155837988 1.045472370429209 0.928730059525081 0.8226280726013662 0.7357074101081311 0.673044181348244 0.6369983494583518 0.6283912222926603 0.6474433469052079 0.694068325233923
1.6103740875338697 1.596964953647337 1.5883195068197262 1.5857833035915612 1.5898805223036254 1.5999077792053222 1.613700728866329 1.627717608668808 1.6374873644535013 1.638326903664918 1.626137851586802 1.5981116509884055 1.553261616306146 1.4927550004900374 1.4199888066654254 1.3403099686320612 1.2603332375876246 1.186974267743462 1.126472103786413 1.0836802465173223 1.0617378138930318 1.062017321068688 1.0841341599668206 1.1258521829977264 1.182880808170514 1.2487317183065587 1.314888248798875 1.3714821445223444 1.408498246715751 1.4173389428816998 1.3924617512092192 1.3327445446587323 1.2421816089105717 1.129519782360733 1.0066740422404419 0.8862742454897299 0.779212170178112 0.6931271444100845 0.6322499417825057 0.5983038285987456 0.5917515657124429 0.61272421602425 0.6612564319376976
1.524209101377373 1.4981706245012703 1.479516775250715 1.4706473655472019 1.4728737553272249 1.4859674374765497 1.5079296489139626 1.5351051026683817 1.5626783961931001 1.5854547740369211 1.598716210489772 1.5989416735040298 1.584283162571808 1.5548002668119818 1.5124874625172897 1.4610885939851512 1.405665333469527 1.3519338594700936 1.3054823073898165 1.2710436304431936 1.251962667369787 1.2498875531490352 1.264619449544405 1.294037615771307 1.3340780547868998 1.3788282341891724 1.4208460117632464 1.4517913266447782 1.463393496585898 1.4486992035597113 1.4034586192105571 1.3273787917299669 1.2248191232518146 1.1044640285994183 0.9777773442190137 0.8566203437516033 0.7509412708288916 0.6674547049229608 0.6096553234217216 0.578800049605863 0.5751398702304219 0.5987743945680304 0.6497962153096737
1.4274649778350166 1.3882543754937935 1.3593591785673562 1.344090560837702 1.3443984663733188 1.360438761652919 1.3903713261216377 1.4304799812318567 1.4756638144815322 1.5202369914346103 1.5588406580514906 1.587220730899786 1.6027090411793339 1.6043947908124814 1.5930727760639993 1.5710526243731722 1.5418529562812313 1.5097655835558452 1.479298175324986 1.4545635287157963 1.4387209745930187 1.4335567836499699 1.4392343101681038 1.4541970766092371 1.4751984558654703 1.4974548794669378 1.5149519898086004 1.5209559792844103 1.5087855381666624 1.4728667345730353 1.4099916096711886 1.3205154991067247 1.2090287660371852 1.0840118351682464 0.9563070711919305 0.8368455065870193 0.7345438759629219 0.6552150511144006 0.6017330985546248 0.5750371759140812 0.5752811409589577 0.6025618837952197 0.65694499953552
1.3263756608357065 1.2745896707360376 1.2361582433904528 1.2150477250759457 1.213623590826553 1.2323094885884944 1.2694395874295725 1.321355070175861 1.3828243827291133 1.4477956112618013 1.5103320607318127 1.565464447413033 1.6097281215737451 1.6413195442435364 1.659972483965734 1.6667117339489315 1.6635855621919822 1.6533841437038714 1.6393016902931532 1.624522434977454 1.61177012304506 1.6028994810412238 1.5985970279822488 1.5982150967141568 1.5997268576762966 1.599788288468915 1.5939250018794044 1.57690668992389 1.5433970029788713 1.4889309763674774 1.4111390877051515 1.3109162319715484 1.193035707064483 1.0657333970326655 0.9391722337619821 0.8232967970212784 0.7259762257077392 0.6521657158737639 0.6042080538827812 0.5828203591774948 0.5881177776010532 0.620179837177072 0.6789379188512453
1.2282489470026978 1.1654701056057652 1.1189542316581678 1.0930175766587835 1.0901999491352274 1.1110769775609395 1.1541848163556232 1.216066736140276 1.2915639724307506 1.3744535523879653 1.458359532900496 1.5376707434521486 1.6081635236857086 1.667188049089235 1.7135012098576805 1.7469561095762878 1.7682292619909639 1.7786422517623617 1.7800221211224494 1.7745149759321615 1.7643156798108395 1.7513430765213347 1.7369190070207854 1.7214940105793817 1.7044385596773057 1.6839211175006414 1.6569281200905266 1.6195221486218898 1.5674441953801326 1.4971012442129237 1.4068142273815536 1.2979669648396772 1.1755301556813735 1.0475326107829985 0.9234949663451154 0.8124136300777192 0.7211599125774025 0.653893735313572 0.6124891028448035 0.5974836830333954 0.6089555460875486 0.646909758163929 0.7110207323990285
1.1404146364824452 1.0688625877224935 1.0161216389704624 0.9865823647535963 0.9827594376903608 1.005288498553861 1.0529286299157825 1.122544024822741 1.2092332214284554 1.306807232306644 1.408631221899009 1.5085811718226414 1.6017553025283138 1.6847173135588933 1.7553174951371862 1.812333925111223 1.8551860527763666 1.8838344703250682 1.8988162509741398 1.901281707347531 1.8929213594477505 1.8757483289903245 1.8517623942570838 1.8225449591070666 1.7888443643498029 1.7502348286261584 1.704966357314368 1.6501416173670413 1.5823282511764982 1.4986108324832634 1.3978922064853379 1.2820211343757277 1.156204579679251 1.0283414193591043 0.9074089958010685 0.8015657013943353 0.7167931368352463 0.656544924155247 0.6222813395532071 0.6143736482906363 0.6328305555575285 0.6775044797270006 0.7476962715403062
1.0692567617391406 0.991381376893875 0.934327730216374 0.9023783973407468 0.8979063679600728 0.9215508403802022 0.9722902111857895 1.0473597647004964 1.1422223353904402 1.2508779483576906 1.3666100986906329 1.4829493948871795 1.594453741335403 1.6970107250347972 1.7876665277671708 1.864241005396137 1.9250382253729457 1.9688173390691222 1.9949822635364576 2.0038174197169556 1.9965935608931111 1.9754476207973815 1.9430270727524555 1.9019500889003478 1.8541831612512982 1.800488731274965 1.7401277357452942 1.6709895712330836 1.5902496876371808 1.495510557149397 1.3861652604077974 1.26450031643744 1.1359888368030886 1.0084811042247872 0.8905369178211595 0.7896296287849303 0.7110019134948534 0.6575186910914971 0.630292413745849 0.6295405108588636 0.6551706241045557 0.7068200669997349 0.7833417176460276
1.0195796871899812 0.9377432336505376 0.8780955264195345 0.844748822182835 0.8399117064737998 0.8642054274115349 0.9167912890847684 0.9952407911267203 1.0953839066318054 1.2114795882300942 1.3368682650631074 1.4649163922115227 1.5898308739206053 1.7069994856278379 1.8128284198371762 1.9043461556206527 1.978924229276079 2.0343182730052938 2.068993512600556 2.0825290303338213 2.0758706075376927 2.0512850253233985 2.01197693042788 1.9614232500049524 1.9025668866300514 1.8370862380114503 1.764985192007474 1.6847040852916877 1.5938378010150196 1.4903682859605478 1.3740863879037375 1.247668467445788 1.116857227778927 0.989519833109134 0.8739267378509894 0.7770359588299618 0.7035229816910379 0.6557990814891891 0.6347079949023771 0.6403408770698183 0.6724998893317754 0.7305954254062379 0.8130372112759203
0.9943680951350056 0.9107065201529572 0.8499128561206502 0.8159716170525666 0.8109804513785938 0.8355472649349781 0.8889518243007063 0.9689959709018061 1.0717886960995961 1.1918356334397702 1.322623973256477 1.4575325778847272 1.5906405292722474 1.7170687176249846 1.8328099746799755 1.9343241430928497 2.018274960197417 2.0816369044320475 2.1221379274506806 2.138804331481049 2.132331754966349 2.1050924687245653 2.060718539259132 2.003325134683704 1.9365547679096828 1.862712935023734 1.7822843257708127 1.6940459986827079 1.595847010532482 1.485920853778206 1.3643549248661315 1.234143765492797 1.1012763134273829 0.9736836161879906 0.8594684127792817 0.7652438852587278 0.6952915570499796 0.6517036591243229 0.6351353571034916 0.6455902742039681 0.682793678261467 0.7459822704225766 0.8332251958679063
0.9948039790562289 0.911265588124246 0.8505805289082532 0.8167061249079988 0.8117226701293697 0.8362433215953942 0.8895894001183586 0.9696534587419947 1.072689835599511 1.1933940462543318 1.3254590356233378 1.4624433345487025 1.5985338643155662 1.7288458535111617 1.8492206800484356 1.9558052942585429 2.044802547320911 2.1126332709008757 2.15647651545754 2.1749324162631076 2.168491438212081 2.139580661351572 2.0921101967470666 2.0306007857380535 1.9591144345169893 1.8803021812406506 1.7948844983375536 1.7017826078206697 1.5989523721466694 1.484757811127818 1.3594755387765998 1.2263319932836687 1.0915239632585267 0.9630837564198717 0.8490632402125714 0.7558960303299432 0.6876327480870502 0.6461664687328176 0.6320303943700328 0.6451767344553013 0.6853026668822123 0.7515773844382029 0.8419176539573898
1.020325484969671 0.9388029176563858 0.8794402468620871 0.8462654885627162 0.8414329251389865 0.865581666659522 0.9180062566078534 0.9965641225776725 1.097536002828104 1.215761023350417 1.3451999869436164 1.4797542342426961 1.613945689682884 1.7431355441913519 1.863266580895337 1.970419397193497 2.060571067781068 2.1297993061613387 2.1748997427182357 2.194146524786297 2.1878448675365645 2.1584076382647854 2.1098655585482895 2.0469155940487793 1.9737727355726469 1.893173069089542 1.8058522307753602 1.7107062744297554 1.6056688916791504 1.4891255031946022 1.3614408940331593 1.2259906540977656 1.0891445924962446 0.9590773050224513 0.8439071348049251 0.7500466908707487 0.6814634889130553 0.6399502436610572 0.6259635230029293 0.6394259456362369 0.6800560791485664 0.7470844236713107 0.8385095521091922
1.0686003661378034 0.9910322246726601 0.9342888962656278 0.9025100546905745 0.8979758082699275 0.9213645324406127 0.9719043079868885 1.04734883131918 1.1439551412388749 1.2567189518463642 1.379963417327731 1.5080948624068267 1.6361679613698665 1.759994624705539 1.8758184937153917 1.9798484449561342 2.068025929347346 2.136261281107916 2.1811076910545477 2.2005961792882047 2.194852783937823 2.166196241465551 2.1186161686757177 2.0567631684251535 1.9847571949782488 1.9051849067536926 1.8186040231117961 1.7237413845196077 1.6184027210390064 1.5009094804420344 1.3716401181676279 1.2340652694132936 1.094719432032956 0.9619787837313509 0.8441507108100815 0.7477767505308635 0.6768702591985754 0.633199091828933 0.6171656005509616 0.6286643815936079 0.6674677657556611 0.7329831751019553 0.8235182363779845
