_RESULTS/REVERSE_NEW/MHZ/TZ/9comp/MHZ_TZ_z_1000_kriged_reverse_9comp_test.asc
ncols 100
nrows 81
xllcorner 5.5967107547500001
yllcorner 50.982328804750004
cellsize 0.00017565049999994641
nodata_value 1.7014100000000001E+038
[rows 60 to 79 of 81, columns 0 to 43 of 100]
8.578754967954312 8.492477622961554 8.352615504426426 8.139143524767398 7.83247922560277 7.4189970939042045 6.8979165991847005 6.287125016235243 5.624546990333942 4.9627449155581935 4.357918304137901 3.8582803824161895 3.4974984519434775 3.295442108972239 3.263767511722404 3.411384606502146 3.745390714934723 4.265601850129755 4.954626261482093 5.7691387461564085 6.638911711610981 7.477003113616101 8.198738127705598 8.741415498004942 9.075395739517015 9.203082042283013 9.15030964585301 8.956834416206279 8.668666224864058 8.331591292671023 7.985685670289391 7.66190106485129 7.381004602412816 7.153536130254833 6.9795122711430295 6.848270985511891 6.7400033967167925 6.6300841370297485 6.495916819966902 6.324539157290595 6.11831639708397 5.896333604804268 5.690790569105351 5.539944986637001
8.559269712526367 8.464638137437873 8.311988679906088 8.079669950628048 7.746766173313975 7.299290521822523 6.737785460181526 6.08345985292257 5.378989011309646 4.681557152081601 4.049955207826925 3.531833663874026 3.1574849536856284 2.9420740318418055 2.8929755128289734 3.016706625732181 3.320939271027701 3.8094520363999194 4.471176002611791 5.268611631595278 6.133465527332758 6.975124187001098 7.700608524125073 8.237302505809835 8.547923476253173 8.632855974553214 8.522737593816187 8.267178006830719 7.923448154557823 7.5466359835930295 7.1823794440741215 6.863114409323397 6.607488430932157 6.421320008309656 6.2986458280516615 6.222733386183527 6.168127865027808 6.104985197271677 6.006021774718091 5.854717793522899 5.651821935044531 5.417053257616373 5.1848716286217265 4.9962137945249605
8.546212448859844 8.44642521639357 8.286118897266215 8.042789029026489 7.6948683264473345 7.228300238830092 6.644517182272557 5.966700806102325 5.240183298360121 4.5245470995659485 3.879652856066835 3.352341709140868 2.970507876768008 2.746179795484334 2.6837545795213296 2.7876546130312327 3.0649979740342395 3.521104764712621 4.148405351183878 4.913359496486137 5.749678173623553 6.565127227889311 7.261827742971532 7.761193526225297 8.021955260205324 8.045058099471737 7.866920544295798 7.546372173327056 7.150137089573116 6.740205004957127 6.365318123550445 6.057387558446247 5.831829917599037 5.689702337556598 5.6198434431914785 5.600556849946693 5.601749052028211 5.58906371070833 5.530915204193182 5.4073737364348915 5.217609124442122 4.982003769181437 4.737314525226344 4.527134019476266
8.538736438988844 8.437209449507252 8.274870463683575 8.029227877380944 7.678782363308089 7.2096088246418875 6.623315676304274 5.943248381785091 5.214803255851595 4.497439750173199 3.8506606917167314 3.320719860699662 2.934719864091956 2.703690488546447 2.630793743882572 2.7190165159796926 2.9740924503167387 3.400525600171563 3.9909936742902072 4.713160159618067 5.501970721321022 6.265390590158354 6.904488662098468 7.339370672409676 7.5289672773745275 7.477453100403836 7.227632118160833 6.846195747069935 6.406619477609443 5.974569207139741 5.598937814574068 5.309102380122972 5.116590727266143 5.018352263076315 4.999513039214024 5.035095565105171 5.091776779291219 5.1316163751062795 5.119144862806959 5.030985156888072 4.864349496775377 4.639733906093884 4.395662098663911 4.1780111897635654
8.534823033526713 8.434454263311435 8.275151622729302 8.035352884543338 7.694413376992728 7.238809016373682 6.669655795661672 6.008653782127164 5.298616793779797 4.596267610163226 3.9592227609763997 3.433288524311945 3.0463342778675813 2.810526815258594 2.7296063466580067 2.8059752012483554 3.043498453009291 3.443945170226103 3.997312005569405 4.669723275513203 5.396378162683555 6.087138281132341 6.6459605640376616 6.996386518681849 7.101502679697058 6.9707558023838505 6.653068201889196 6.22075914160337 5.750714487229044 5.3088499725584475 4.9415696840899574 4.674393246841547 4.515049438222297 4.457575089298733 4.485137916741918 4.571251902874686 4.6807985407665305 4.773194896960882 4.809492389078744 4.762729819399602 4.62754282120559 4.4236361248330995 4.190435108302086 3.9755810984667206
8.530982854355159 8.43327450959352 8.280293696859792 8.052336807406899 7.730508811394525 7.302204293240315 6.76778189862098 6.145985953466104 5.474829234428278 4.805816660339188 4.192847234645282 3.68075921452364 3.29899066469992 3.0623907799044296 2.976792206836827 3.044870243755362 3.2684579435105983 3.645328014140301 4.160783637072275 4.777567723654173 5.430706258613908 6.033722336179884 6.497043513210834 6.751685167704692 6.767840002843563 6.561093734415972 6.185133478411309 5.714985085916846 5.227547798130067 4.786169274039193 4.433165996290372 4.189929096935333 4.061157057950057 4.039335609722886 4.107213251072877 4.2382207484620125 4.3965989211745145 4.539937877117577 4.626227701424869 4.624852631803405 4.527264467438096 4.351375736644191 4.136496328837818 3.9314155858202895
8.521992525198318 8.426105657837313 8.279658893326214 8.065710481631408 7.768135934188411 7.376133323192613 6.889701985008212 6.324214606205704 5.711536408322666 5.095927591596297 4.525461806152129 4.042505077193279 3.6775557135567634 3.448524666671478 3.3641158041869033 3.427898882165939 3.6397783256042704 3.993075340769238 4.467696024743667 5.022652910539688 5.593461119124908 6.0992603783412225 6.45976911629034 6.616132175644491 6.547026979279467 6.273657393039766 5.852231926582591 5.357400608960665 4.863291312873927 4.42902398407314 4.092493127262042 3.871617300024969 3.7691850323155807 3.7773022244557266 3.8793254761920783 4.049460869287879 4.252049199351774 4.443514400993965 4.579308495550128 4.625359755656803 4.569600871567583 4.427280892096606 4.236516934633727 4.046443350082172
8.500748094431367 8.402589789494982 8.258615984790728 8.055487706906911 7.780975194819005 7.4273396708810475 6.995350603691734 6.497656860990579 5.9597969539177065 5.417600126282577 4.911280445565886 4.478383707546997 4.148482369389539 3.941358930277785 3.868183755593873 3.933492822360549 4.135525613906703 4.46356569769605 4.89286438100593 5.379967472190181 5.862661685092531 6.267736760045311 6.526012384355652 6.589780273325771 6.445938138336417 6.119628018982935 5.66692515243981 5.159395409324146 4.666575180565635 4.242874100692524 3.922412840615764 3.720821112685481 3.640125157687645 3.67286323251978 3.8034667890159266 4.0072108156830275 4.248883655037633 4.484303676299788 4.66712714968796 4.760471588148586 4.748900582584226 4.644439727150671 4.482936364415752 4.312763888560562
8.458366731310898 8.349855452631056 8.19912148830527 7.997190321441567 7.736904252000623 7.415119622254919 7.0350916305366304 6.6083349363852575 6.155073879445508 5.702648600726192 5.281997945982829 4.923265914207647 4.652035027849724 4.4872401967578925 4.4406940936300066 4.517116689801029 4.713277774793327 5.015530566297343 5.39640657734471 5.8124573163458395 6.206189018693514 6.5138468339253786 6.678122413148009 6.662080233551765 6.459388902332569 6.096858972977824 5.627888464074347 5.118905053124579 4.633915415455295 4.222918236810367 3.917383122907587 3.7319568926379416 3.668885514830881 3.721596700673959 3.875619239541967 4.107169965462221 4.381565336969947 4.654576944867941 4.879106414226168 5.016632801656707 5.049090285591272 4.985160160374791 4.857444457407166 4.71214848279249
8.38472414402656 8.253450010509248 8.081256296628046 7.864244210264556 7.601513794763365 7.296147713233453 6.955868711433727 6.593186869045724 6.2249038822103815 5.870943745399298 5.552636607914761 5.290752227095248 5.103655203835411 5.005829880227153 5.006709395169647 5.109425100189155 5.30904270854514 5.590256710121385 5.9253037953037895 6.273617012173517 6.584854142406342 6.806002020720999 6.891560116598006 6.814186645782577 6.5724278976246415 6.192570463874315 5.723304867908686 5.224544970836223 4.7543769481413065 4.358943044602837 4.0681610731671665 3.8968077373093353 3.8480701169636014 3.9164488500619004 4.088335612712523 4.340565514230091 4.638993444539338 4.940014304984431 5.197116899180906 5.371762127612395 5.444511615902713 5.4210450696829575 5.329986193808448 5.213851787087507
8.269628748734274 8.099198235762566 7.886074667448143 7.632191258447399 7.344086725897518 7.032595323256221 6.71171647194219 6.397005918340453 6.10398915723979 5.847015849561791 5.638703087915474 5.489811618401771 5.40920837614024 5.4035433214477075 5.476373194910276 5.626645412355335 5.846698801881335 6.120256305261243 6.421224138813226 6.714286801250107 6.958067416719989 7.110943787522306 7.138681199978934 7.02219833894029 6.763280136632928 6.386106930372698 5.933382178656931 5.457719837774103 5.011103610965254 4.63619051279344 4.3620370990084565 4.204231987340439 4.167299181598236 4.246812276137336 4.429742204063367 4.693287238701487 5.004011167669517 5.319807189806805 5.596295117914176 5.796737699773056 5.901834493724557 5.914947134367042 5.86033797362838 5.775510750655788
8.104734913121945 7.8760961623917405 7.59984828821108 7.284710664070867 6.945843333036315 6.6030152498384 6.2776181177917545 5.989471982727034 5.754401725940673 5.5831331652415015 5.481460928792839 5.451205493526733 5.491331489152347 5.598681192182366 5.767984626307966 5.991088480048305 6.255666047849248 6.543957066100357 6.832232459606838 7.0916033454001175 7.290502006095374 7.39874959370116 7.392695025648928 7.260493783270845 7.0062060559977475 6.6512017717440015 6.231748008091551 5.792880746573004 5.38032288952751 5.033205841139151 4.779790191860068 4.636573255346456 4.609435803494046 4.694917522761252 4.8804264941370255 5.143578748663059 5.452160418704646 5.7666582242674425 6.04637445042535 6.258048109563477 6.383917537120315 6.425818439178483 6.403628342440569 6.348985732809664
7.886035983089165 7.579923742712717 7.219110166654246 6.820394313694826 6.408697259875987 6.013263260047295 5.662746489038948 5.380888010746003 5.184014486224886 5.080540952192538 5.071808054028725 5.153382180970793 5.316260510801914 5.547828518900436 5.8326166355838645 6.152891496118993 6.489074858445718 6.820043619864979 7.12349503540102 7.376644727821577 7.557502837762066 7.646870384300797 7.631028490906769 7.5048104624493215 7.274335802262391 6.958318838740507 6.586908465229152 6.197749703616385 5.830173898522946 5.5193604418524425 5.2922225332561 5.165665850364718 5.146576961098514 5.232309516748258 5.410824003385048 5.660630852425192 5.951619668975653 6.248068185501438 6.514271341769249 6.721658092319473 6.8549915962930905 6.915256626023863 6.918204018570871 6.889348686329861
7.616389116074199 7.216644909559811 6.754960639537256 6.257839752096799 5.760857219428983 5.302261381521976 4.916168764162228 4.627946814968094 4.452873145294248 4.397248404950352 4.460199238527049 4.634782345881741 4.908088292313355 5.261038500799528 5.6689159883938345 6.103221437608203 6.534552406983682 6.935536789271747 7.282873477390049 7.558131910483022 7.74765394080663 7.842281323135001 7.837582518903438 7.734855702503378 7.5426050023793545 7.2776622262090305 6.964959063151905 6.635359521435569 6.321825436023031 6.055005369262146 5.859539573333626 5.751825651899152 5.739140032000221 5.819497872079251 5.9817686284766785 6.206158090801576 6.465721170312366 6.729586902799298 6.967885152105397 7.157315536846208 7.285609034059575 7.353341315884121 7.372572408997864 7.362981069856031
7.307184737707803 6.804184021572339 6.234474032359157 5.635913810586604 5.054966550361629 4.537085261933513 4.118384618021958 3.8219819259033776 3.6592721064841744 3.633665141989849 3.7437166255745975 3.9837873164284776 4.342191695809674 4.798424770286077 5.321911081790798 5.874165617383485 6.414280699316111 6.905532570413785 7.320291979769462 7.641672601165434 7.862270879042592 7.981570628989099 8.003655184346874 7.936164358459254 7.790519204359401 7.582715693726039 7.333689142188993 7.068466394701607 6.813943700194495 6.595815607156509 6.435528624729211 6.347968390716891 6.340114459279224 6.410514323204657 6.549398878422058 6.739518898947624 6.958014665645374 7.179529048020315 7.380279252577729 7.542193192260299 7.6559282839143314 7.721870751619757 7.748920607740726 7.751600777441127
6.978262939137919 6.371318397855131 5.69757935633154 5.007334223578442 4.357046619960397 3.7962727334632573 3.358722149240874 3.061068593588991 2.908011058944345 2.899082895397074 3.033152269390837 3.308648907752875 3.71962397057319 4.249655823948208 4.867297760524232 5.526914419806727 6.176060728190436 6.766336219519681 7.262441586867584 7.645794416570066 7.91266944981899 8.069408164220981 8.127589640919018 8.100916224680397 8.004150879048048 7.853446915755585 7.667010212361173 7.465162511084207 7.269359399097776 7.100299012686135 6.975657273763581 6.908047673139513 6.903597900261942 6.9612849952552205 7.073058284530298 7.224807402509187 7.398247998203487 7.573647079102024 7.732994756675791 7.862931052054519 7.9566809118002135 8.014519866310021 8.042757650817514 8.05165310533761
6.6556869125266624 5.9534744145502625 5.1897816181397545 4.427187276670541 3.73001083548573 3.148164711146125 2.7089762003418563 2.419784241392742 2.2771687841972765 2.276417722903068 2.4169787883580804 2.7024002623123167 3.1348847204334356 3.7061460077789854 4.388780265142708 5.134095631035658 5.879920388532096 6.5654649210740335 7.145401512004597 7.5965940144551505 7.916416777123225 8.116097447631567 8.213430464013502 8.227605470934316 8.176841484520645 8.078160807529484 7.948132938800645 7.80352414026966 7.661221096164759 7.537314660833426 7.445632999747621 7.3961875162487365 7.393952087763074 7.438248756370553 7.5228765599283625 7.6370278078017435 7.766939710832513 7.89807820495944 8.017469238087319 8.115680238851704 8.188005850531393 8.234631842637747 8.2598429479059 8.270576474531193
6.367856678764995 5.5867230594734245 4.75348801098906 3.9414214237109912 3.219801046243561 2.6357024463204715 2.2079004781277782 1.9338158143489923 1.8023759832955704 1.8051390849240279 1.9420631925477858 2.2213147165985823 2.6531827944247395 3.2389024402062456 3.958219865460144 4.76324923776619 5.585119232230101 6.351824836521323 7.007401628943019 7.522487614751043 7.893555210903805 8.134868141614067 8.268998465293922 8.319737922360734 8.308492986838155 8.253480456388344 8.17042111277804 8.073542235234362 7.976133357180401 7.8903884718661335 7.826657370531864 7.792443483361414 7.791524541009866 7.82349292122947 7.883886088417828 7.964946055102853 8.05691667480691 8.149660462164272 8.234279476575198 8.304403655466814 8.356891804238465 8.391852119913505 8.412065973817384 8.422024865639344
6.141163179945649 5.302186963106472 4.421573532665675 3.5805593418310604 2.8506970413512343 2.2747261282342635 1.8631496180647171 1.6050807837148522 1.4836337096447356 1.4877086792911323 1.6176042805585003 1.884790249895697 2.3058373413613285 2.890301987950736 3.625502776315058 4.466569262440956 5.341010367128616 6.168250317201897 6.883070229119172 7.449908731226889 7.8633842321156955 8.139379354067342 8.303814494929448 8.383965536321993 8.40380687654727 8.382688558431822 8.335922188226906 8.275980481798388 8.21347279773001 8.15754082273912 8.115690801277314 8.093297148732066 8.093082965867705 8.11484297198188 8.155571890250515 8.210036567403467 8.271709381278686 8.333884092156326 8.390744983145034 8.438173299415173 8.47415006965542 8.498724415271665 8.513620738138151 8.521623953363237
5.996431936979678 5.122616867376649 4.215247168592042 3.360324369549043 2.630006691286132 2.0633151652272623 1.6649135321155764 1.418580162112405 1.3039695979316872 1.308490255270331 1.4326295078035025 1.689728806026341 2.1001540831049104 2.678926010895274 3.418915112208147 4.278235590272765 5.182936230581504 6.047217729250635 6.799663721813285 7.400266050708669 7.84205236762085 8.141713414370441 8.327237401525709 8.428144523720643 8.470097292259341 8.473198160095828 8.452467230035078 8.419138146346937 8.381890784746975 8.347619151423274 8.321687155062296 8.307831243816784 8.307945690696089 8.32196729318863 8.34799924408157 8.382713652774372 8.421976879216452 8.4615733002664 8.497876333146618 8.528334950750365 8.551699715469198 8.567982575119355 8.578204713087532 8.584020500037912
