_RESULTS/REVERSE_NEW/MHZ/TZ/9comp/MHZ_TZ_z_90_kriged_reverse_9comp.asc
ncols 100
nrows 81
xllcorner 5.5967107547500001
yllcorner 50.982328804750004
cellsize 0.00017565049999994641
nodata_value 1.7014100000000001E+038
[rows 19 to 37 of 81, columns 43 to 85 of 100]
0.49157221955839087 0.5678655124258192 0.6506834643096231 0.7351977058052364 0.8172473894081079 0.8944096154505751 0.9664368065405434 1.0349562874871858 1.1026681360631345 1.1723771930530342 1.2460940121123998 1.3243022174996233 1.4054365093474155 1.4856599877071706 1.5590998148515067 1.618687578098391 1.6575775693740282 1.670819656537089 1.656721639811605 1.6173575287179907 1.5580108862318212 1.4857979434707733 1.4080139589030607 1.3307411542846377 1.2580184328739812 1.1915921935429974 1.1310986809961505 1.0745112564193724 1.01876415448961 0.9605435325014327 0.897233243651276 0.82788286110707 0.7538918651441975 0.6790480979932082 0.608784235949918 0.5489607509902628 0.5048072629552655 0.4805473063628488 0.4797660609978609 0.5061064308663272 0.5636151953080297 0.6559845559391176 0.7841092581767919
0.47849423273313674 0.5543442560692646 0.6383102515097425 0.7258331632331747 0.8127774514632826 0.8965143184412417 0.9764266244756221 1.053668844265729 1.1303802891442452 1.2086945076969406 1.2898197145005166 1.3733387381049516 1.4568132204150188 1.5357862459127987 1.6042878410170547 1.6558712899440609 1.6850168315843554 1.6885145965162378 1.6663419590167399 1.6216972420190028 1.5601896997747433 1.4885159038314892 1.4130892585904027 1.338996647823584 1.2694408339569998 1.2056306660696914 1.1469873946167248 1.0915483677819442 1.036519171923219 0.9789824726296186 0.9167537480171564 0.8492567271518169 0.7781348893533303 0.7072750882671099 0.6421362932340028 0.5886825050114057 0.5525015487342704 0.5385773395495601 0.5517373240497064 0.5973141736362607 0.6812161541193071 0.8084145945813833 0.9790938336383894
0.46349755328012826 0.5387682581194612 0.6239293017532603 0.7147704728696873 0.8072371227115873 0.8985066918402608 0.9875525176909131 1.0749605772429605 1.162152534374104 1.2503673198751393 1.3397304051131946 1.4286287917914398 1.5135241701663236 1.589284015055006 1.650031502525098 1.6903698675278411 1.706663516278493 1.6979655868404024 1.666267399007092 1.6159987429658036 1.5529942445884881 1.4832999349613387 1.4121637266324705 1.3433971737376438 1.2791262099648792 1.2198431760760797 1.1646495822639196 1.1116174048282763 1.0582581108425628 1.0021273899642806 0.9415650256327748 0.8764568708962143 0.8087656716406266 0.7425478456396692 0.6833745465373906 0.6374386023377628 0.6108730615323866 0.6096900898508835 0.6403179763385164 0.7102001938604166 0.8274568633620755 0.9982943691788494 1.221241562067569
0.44882477559971773 0.5234960447688503 0.6098148018808339 0.7039858035712596 0.8021223156215486 0.9012878169510371 1.000089725866996 1.098528946139465 1.197214443132924 1.296308145925662 1.3945964822111472 1.488992440983893 1.574650278971151 1.6457279112514684 1.6966360637880415 1.7234089282489138 1.724731970002006 1.702265065834762 1.660179556822048 1.6041359043509846 1.5400956310985099 1.4733241090802005 1.4077705222507857 1.3458330526058662 1.2884127241648449 1.2351366261990813 1.184659896668986 1.1350070098444625 1.0839667580161507 1.029585855913639 0.9707774487361785 0.9079565350972898 0.8434853480971019 0.7816844755137745 0.7283468198954135 0.6900156399744696 0.6735005482304107 0.6859858749124554 0.7356576815271273 0.8322084632115299 0.9859737214780078 1.2040211884441474 1.482175060627796
0.43701432038942445 0.511127420586594 0.5984257490634114 0.6955592894574083 0.7988996303774538 0.9055193512631624 1.0137744006449736 1.1231470351264947 1.233423366487205 1.3435894083761022 1.450918799372294 1.5506534582710385 1.6365051190660922 1.701932272955977 1.741812648172484 1.753891593666049 1.7394274108231487 1.7028043589091084 1.6503427974023828 1.588825591639195 1.5242465678132195 1.4610547368483757 1.401906562154388 1.3477847341846916 1.2983150467692839 1.252155331948376 1.2073832997931808 1.1618554767242082 1.1135545863837544 1.0609784949646248 1.003610772085117 0.94242219818909 0.8802275178939339 0.8216857175824557 0.772890188304136 0.7407879709908394 0.7328583406666654 0.7573591454887783 0.8240140183461441 0.9443863853975939 1.1304550893262513 1.3894049448800339 1.7136507765354339
0.43050629644633837 0.5041126201099758 0.5920366333891569 0.691347828061347 0.7987380558036928 0.9114200545576348 1.0276553586405832 1.1465455215111795 1.2671417546910357 1.3872813470516623 1.5027035856369488 1.6069455386060159 1.6922818862249347 1.7515519950952267 1.7802374175777138 1.7779091943304193 1.7483996538893136 1.6986741507722427 1.6369745287592534 1.5710060117035918 1.5067099639974317 1.447763674546079 1.3956499828625433 1.3500476925243983 1.3093481758541932 1.2711908733477768 1.2329604210157237 1.192207076024837 1.1469841996616599 1.0961504287888029 1.039704583485141 0.9791513804258707 0.917767301801802 0.8605790518895886 0.8139987254683885 0.785330408547866 0.7825434378275627 0.814585358474171 0.8920637907981714 1.0274582894660444 1.2332280879795783 1.5156972922886787 1.8639244836293867
0.4312533056273108 0.5043592891378351 0.5923477364204068 0.6926209343914216 0.8022049250207303 0.9185607381509704 1.0400216978570436 1.1654938900452745 1.2934765696495334 1.42083834105657 1.5419716579024285 1.6489111988112002 1.732701615700847 1.7857337654494285 1.8041574882808793 1.7892599242075953 1.747148521838794 1.6869509571325718 1.6184240087168476 1.5499289960740825 1.487290069730838 1.433525190499008 1.3891492930773561 1.3527378401929908 1.3215683981502888 1.292272207656666 1.2614545402605466 1.226217621070593 1.1845318609390612 1.1354811228410993 1.0794768149737495 1.0184941348453376 0.9562462517724043 0.8981246729601547 0.8508373436689242 0.8219332261501782 0.8195824130661641 0.8528619389893629 0.9323519925502767 1.070176548211827 1.2778530722923758 1.5599378296263495 1.9029734635937816
0.4404049339065897 0.5129032673878602 0.600140695516726 0.6997233624043658 0.808983621304586 0.925705874798927 1.0484478450660337 1.176126377857783 1.3069472072284118 1.437138345793365 1.560153652415606 1.6669846866221079 1.7478690262031626 1.7950051373506557 1.8051809019588465 1.7810443580710007 1.7303795436297338 1.6638101987296403 1.5920637819504115 1.5238582940365932 1.464867299649558 1.4176196342272522 1.3819334255536244 1.355549798164531 1.3348210490353845 1.3154368466767727 1.2931663445704678 1.264515191270914 1.2271791862063723 1.1802805363512403 1.1244967272602375 1.0621865558269168 0.9974731997205274 0.9361233346852735 0.8851373362320792 0.8522175157547364 0.8454692139542435 0.8735761582328465 0.94625268804237 1.0741409469875765 1.2666562835763648 1.5260676865157619 1.8376482609641964
0.45804031186920235 0.5296368060500832 0.6150009705656712 0.7118134961872331 0.8176779691740611 0.9307625917899213 1.0499884475283132 1.1744942540318513 1.3024964827407888 1.4300157665228648 1.5501398383071923 1.6534664720996108 1.7299989866512167 1.7720385364619389 1.7768791636640655 1.747970872727412 1.6939560461052752 1.6261314354932468 1.5555860995043234 1.4911020050915524 1.4382085953572539 1.3991622945098825 1.3734026407286923 1.3581573275857102 1.349097679849947 1.341083867037582 1.3290054982545525 1.308591244113795 1.2770030502926402 1.2331409383467142 1.177754788977946 1.1134976751640033 1.0449175015282097 0.9782386883429544 0.92084089629868 0.8805960969681057 0.8654233184612161 0.8833077300741784 0.9425996622206985 1.0518334248420445 1.2177851495631349 1.4404398612366038 1.7049764602582358
0.4829182764415694 0.5530877615552624 0.6351344200038207 0.7267377807593225 0.8257822330057986 0.9309048537899421 1.041536041037144 1.1572495895029988 1.276589043566369 1.3958315547018678 1.5083164248111367 1.6049375182242445 1.6760445427705237 1.7142919120663365 1.7172582951499074 1.688537805837346 1.6367476413714495 1.573024292728254 1.5082435952586828 1.4510091085628298 1.4067558313247548 1.3777153107923747 1.3632946451790564 1.3605651309072753 1.3648044282610476 1.3701856224953224 1.3706642841564072 1.360943182462582 1.337280425152319 1.2979835395193582 1.2436188084803101 1.1770545614072365 1.1033574467009626 1.0294171524238087 0.9632247849359766 0.9129959679995713 0.8865321972557213 0.8910829732696894 0.9335352188732907 1.0202426506656748 1.1554332912714296 1.3372209153064032 1.5515001928677223
0.5123292977503205 0.5803373841691977 0.6573737679363331 0.741142570404286 0.8299111980549205 0.9229347475987967 1.0203298624826762 1.122320672956763 1.2280691846675609 1.3345155466361935 1.4357702909678993 1.5235757446313847 1.589053322710417 1.6253302224384127 1.6299872374092288 1.606137659131256 1.5616028224846255 1.5066741538320312 1.451574037138202 1.4045753181758396 1.371110604929362 1.353646474131669 1.3519109456410503 1.3631959284939381 1.3827051431245458 1.404089007753293 1.420290503854854 1.4246440637237126 1.4119850427850145 1.3795063107576726 1.3272417899371154 1.2581995188822361 1.1781566672589814 1.0950340207012048 1.0178413609080106 0.9554781618657837 0.9158638698189472 0.9056799085462401 0.9305339480722324 0.9948964976256083 1.1009169919510424 1.2454115752378259 1.4153698768149576
0.5422792309763175 0.6072747998645154 0.6775377349753006 0.7509466275871405 0.8263688397561166 0.903906599023302 0.9845753889729495 1.0694533387616645 1.158545751453591 1.2497269673094036 1.3381873636641402 1.4168034391294548 1.4776302538782868 1.5142103340458393 1.5238199786390692 1.5086042033649287 1.4750602658447374 1.432208657944545 1.389380432590718 1.3544811197721645 1.3330725912927117 1.3281121497263741 1.3399893914030776 1.3665982002223054 1.4034160215932685 1.443767594922377 1.4795012044590354 1.502161436257472 1.5044848987761332 1.481843168780956 1.4332539238961177 1.3617593822205563 1.2741225042002158 1.1798205054843798 1.0894645026031033 1.013124356594222 0.9591849316454302 0.9340304406424998 0.9422950244377386 0.9870016299735048 1.0687918717446006 1.1837069330796606 1.319862011580546
0.5682398935449399 0.6293717113291559 0.6912625876798215 0.7522262815075186 0.8120448658662339 0.8719546723052881 0.9340900907615768 1.0005404453584752 1.0722717881492225 1.1481852628541047 1.224609684702802 1.2955486799347053 1.3538830849898142 1.393350714551704 1.410622191462859 1.406559308390587 1.386081118710541 1.3567936646573269 1.3271154147171382 1.3046693453622624 1.2953149414422391 1.302740039623108 1.3283053459090508 1.370875089124072 1.4265745687305764 1.4886624868037184 1.5478707453209257 1.5935296413280724 1.6154966988636892 1.6064381854614496 1.5637023635671279 1.4901734899577914 1.3938984267401089 1.286542325126734 1.1810301793937803 1.0891896653784094 1.0202750046564029 0.9806701222372798 0.9743516924400893 1.0033200446853632 1.0672211077897478 1.1617086476825869 1.2758498554381392
0.5864374329885103 0.6429262125542573 0.6952119638610801 0.7423709622827002 0.7854591690701793 0.8271340308240174 0.8708203518675697 0.9196837778109009 0.97563726044019 1.038531967323958 1.105691365710246 1.1720239078747534 1.230940440490938 1.2760445154389233 1.3031073682374943 1.311519688279065 1.3045757246762373 1.288548694598943 1.2711082905905122 1.259792362337408 1.2609628551693737 1.2792554207114375 1.3172600144432067 1.3751385040331334 1.4500497160620538 1.5355373600543512 1.6213492085746877 1.6943192468741657 1.7406879538345417 1.749447506998826 1.7154674058954826 1.641133132386283 1.535979420900738 1.4144585322514664 1.2925284885595374 1.184376832606638 1.100537497113384 1.047686570881962 1.0294397360051677 1.0471527631235802 1.099904056260269 1.1832443081603676 1.286966630765183
0.5952267579699765 0.646367031312282 0.6882764593303551 0.7211324193780099 0.7475966909553671 0.7719613617141549 0.7990046861610641 0.8329112367020528 0.8764089506412818 0.9301180340983857 0.9921226329204083 1.0579323275670363 1.1211155719437027 1.1747456173610842 1.2133631847092385 1.2347160868158853 1.240508349685246 1.23589293425157 1.2280968232238503 1.224880343537527 1.2333607750758946 1.2593168792425442 1.3067499565549752 1.3773571283749655 1.46967666437515 1.5779688654359025 1.691364112442776 1.7942523636068657 1.8688160444391362 1.899537898243054 1.8779450018289952 1.805395212008417 1.6928561863937726 1.5578982645967152 1.4200155704439026 1.2962284519200276 1.1987140050565324 1.1347364665279354 1.1078618936619928 1.1191763435409157 1.1675927114951243 1.2488293215684942 1.3532574558766532
0.5958881596753236 0.6410256377610329 0.672235580492809 0.6911017557177412 0.7021336795001845 0.7113408047006158 0.7247792079842341 0.7474845618740616 0.7828104938439286 0.8319666615829588 0.893607652495774 0.9635878868206774 1.0352615836328702 1.1006954028462945 1.1527228660268003 1.1871345388790477 1.2040180436352552 1.2076734210509243 1.2053289687431517 1.2054240707589319 1.2161755050422711 1.2446967134492564 1.2964841685205792 1.374852329972244 1.4799287559152745 1.6071179525361985 1.7455373147603643 1.87768263343445 1.9818471389537555 2.0376376467949906 2.0325268571487456 1.9661386706216195 1.850390658620019 1.7057514639371636 1.5552536858431363 1.4189066603135554 1.3107808524176134 1.2390457902401957 1.2075985148776902 1.217691867274307 1.268520628154478 1.3563104919786904 1.4720311944090756
0.5924650310511442 0.631011439812733 0.6515603794547618 0.6573524121601987 0.6548683013062095 0.6517766230354983 0.6552225116763936 0.6708797745156324 0.7025790126820671 0.752058674567126 0.8185150804752142 0.8980246236383623 0.9833656356926944 1.0649410578726446 1.1330596270679023 1.1808846172253105 1.206665166837847 1.2141619729476245 1.2112803660231766 1.2078739352126622 1.2138001062114667 1.2377477919500963 1.2866894986649928 1.3654222943200627 1.4756195423057987 1.6140976313786934 1.7706728884651963 1.9270009690417513 2.058481317333587 2.1402951010506746 2.1555822669497937 2.1014368312727827 1.9897231625851737 1.842837606344068 1.686630046341236 1.543771745065799 1.4302832612281433 1.355562070637956 1.3242993059962236 1.3384316007929673 1.397944615272929 1.4999935293925573 1.6363490566779948
0.5908602329342619 0.6223464286881766 0.6325000050366364 0.6264165306767168 0.6125735112897007 0.6001502393155514 0.5971610165603719 0.6097619386878165 0.6422616842752183 0.6970936940679329 0.774225177924639 0.8700175420862594 0.9762679894632503 1.0806640928080264 1.1694897213964217 1.231931351237578 1.263845789213186 1.268926825026212 1.2569389771109423 1.2404531394481337 1.2319073646272805 1.2419498185085975 1.27892118078081 1.3487115858332837 1.4541504440719815 1.5934008682453153 1.757543245850962 1.9286966313135108 2.0810886181018295 2.1868825867991015 2.2253080138331143 2.1902489247261525 2.092089826291795 1.9534696092619308 1.8016021810637721 1.660956213672303 1.549285175228667 1.4774584561412423 1.4514272253847 1.4743302621229106 1.547427050724005 1.6692053772423812 1.832519751385474
0.5978162444188251 0.6219184394998136 0.6219787620369192 0.6051201101548137 0.5818123951039031 0.5626061274787413 0.5562442573358123 0.5693718944978314 0.607025903132765 0.6728342326374839 0.7681397631865677 0.88991668916118 1.0284450324776024 1.1668716923667837 1.2846517437159635 1.3644006636229704 1.3985329136719116 1.3916333885910839 1.3576092743917592 1.3141662446104432 1.2779811420156102 1.2622894031225267 1.2765890203848511 1.327176994944051 1.4172512206370158 1.545805977669219 1.7053304544259074 1.8795009350209766 2.0433138694173527 2.1679910636515287 2.2300481196539206 2.2199070039313575 2.14499285713402 2.0261418916064367 1.8900163024784133 1.7615882161519607 1.6598013637459386 1.5970192641860244 1.5807505143021257 1.615681658988509 1.7046222614415116 1.8475786874997204 2.0386473112746564
