_RESULTS/REVERSE_NEW/MHZ/TZ/9comp/MHZ_TZ_z_250_kriged_reverse_9comp_test3.asc
ncols 100
nrows 81
xllcorner 5.5967107548124995
yllcorner 50.982328804812504
cellsize 0.00017565037499993607
nodata_value 1.7014100000000001E+038
[rows 57 to 75 of 81, columns 44 to 87 of 100]
23.731780239959946 24.750353886061628 26.151760207794517 27.823076045218748 29.584590444287922 31.2326269498342 32.58629271499199 33.51323530863067 33.93123501997178 33.800092836205884 33.1185661611148 31.932357914949883 30.348756585444125 28.54196650769244 26.72766700750181 25.102300292102527 23.775495828279773 22.735749374631254 21.867322563621563 21.007112440161503 20.01501355933338 18.830718123158853 17.498243042536686 16.15069499521782 14.961300898339353 14.08372771938565 13.611647861222606 13.570461720783337 13.9300740049492 14.622565795315264 15.558960010715243 16.645869382000793 17.800373351211878 18.958599535620046 20.076085557888284 21.12277029602344 22.077303843606256 22.92374159535275 23.651062748541293 24.254253019349168 24.73533485732549 25.103280712263608 25.372586750936353 25.560945150519576
22.38482355025266 23.123336851017545 24.240913788583544 25.663247685318822 27.246791653181905 28.8061124931561 30.155520682059795 31.143807182563897 31.669964338737657 31.68472311297588 31.18984426571339 30.241896388146642 28.956568026645 27.500235850707206 26.056469763166263 24.772491050406185 23.71114600547946 22.834847534278342 22.029278407784894 21.155355491389994 20.108447742282127 18.863782852127446 17.492811237643018 16.14373520188688 14.992481900596314 14.187216161244423 13.81368920509138 13.890098082946764 14.379092732909257 15.203188382649968 16.26072266499474 17.444243360355017 18.65869794181624 19.833061038777153 20.922204546251834 21.901640633841335 22.760254276018955 23.49469596598894 24.106477934728712 24.6010518115199 24.98762631004808 25.278776804363094 25.489476166401957 25.635671717173253
20.793174353131572 21.269738064952328 22.122245628377808 23.307421595818766 24.714970091819104 26.18240017980237 27.528442624354504 28.590951039919677 29.25374591084563 29.458102100958115 29.204940894023178 28.553780074877512 27.61700378370573 26.54183233749623 25.475580017243928 24.522699286911973 23.712910519575704 22.996650993355942 22.270489720319254 21.42228987690275 20.379587209251508 19.144893504745763 17.805722588541727 16.51367141653859 15.438855970936718 14.720723704934679 14.438168765786031 14.604835685442922 15.178797187779205 16.07618021076669 17.187478020898155 18.397804024349533 19.60706916459517 20.742863605000434 21.762695164047756 22.648320285335558 23.397410748719423 24.01643719045457 24.516155358051048 24.90935768459465 25.209930696933764 25.43235516285534 25.591166758980183 25.70027069759975
19.096799240162593 19.34857748842554 19.97448104844199 20.954477897024606 22.206509172303342 23.592532238372318 24.943051897863892 26.093311693463505 26.9165682964986 27.343823577504928 27.369353527359706 27.046213917122973 26.47339215187005 25.773006742490267 25.058427609721917 24.401645052938022 23.813000829147654 23.242831415831034 22.605253679030255 21.81559297951625 20.82867522425502 19.665541844766214 18.419043466286094 17.23397510461871 16.267514778357185 15.647298901362339 15.445176929155588 15.671363130638847 16.28144110931499 17.189053379626596 18.28317732352262 19.449449180106754 20.590383913411355 21.63765614224343 22.553865573477786 23.32666115437656 23.96013653291755 24.46715324821357 24.864067898847615 25.167789913305356 25.394445349919597 25.55887803515602 25.67445185155947 25.752900918375886
17.46266918090738 17.53967050647104 17.989953640246387 18.80986278503088 19.939730667174903 21.264454324084923 22.630106376372762 23.875559305258633 24.86775821487741 25.527010389895832 25.836015088912706 25.83430564531622 25.602028592029402 25.236059560269293 24.822327981589368 24.411345020025145 24.005402020871 23.562822689108316 23.018350943998946 22.31286749014816 21.422773373809196 20.37968179615888 19.27318315945983 18.233631033232932 17.39972995034325 16.884030811203584 16.7498611594922 17.00419121317525 17.602457838177596 18.460763867797276 19.473639035910427 20.53489272356845 21.5560435214642 22.476782292737067 23.265988515034053 23.916087111527844 24.43494937083556 24.838482137509633 25.145304288275593 25.37361437732543 25.53972917094798 25.657636566760093 25.739028823379172 25.79349075870897
16.05534342129325 16.010099184625442 16.336921980207585 17.04316205857377 18.08595842249069 19.369736331165253 20.75656222005312 22.092298293643083 23.240895012429718 24.112701283031864 24.676769748220337 24.95626527595817 25.011827084475634 24.91868180673421 24.74296476650239 24.522984320675118 24.260792403728885 23.926864435833767 23.4764576496901 22.872339718319573 22.106708015753593 21.21535510533287 20.27877271610601 19.408202743852943 18.72031006144159 18.309770383215064 18.229588073053236 18.483567560145726 19.02971357120351 19.791702395477152 20.67583225079979 21.589782668157927 22.458113617622548 23.23051647380541 23.8822309904143 24.409060849951178 24.820321496053456 25.132254058012858 25.363141868721424 25.530341139376155 25.648875444486052 25.73105825226482 25.786654190901675 25.82323971635891
15.007613738793458 14.885592562504671 15.132598558408933 15.763128913950354 16.746257571622998 18.001655918453004 19.40555663323032 20.81192909757871 22.084366776186247 23.12546492944685 23.8917071410586 24.390839245657727 24.6664966912261 24.777225109544247 24.776105944337907 24.69580670064953 24.542457388581397 24.299600448694378 23.940627628623307 23.445622548873914 22.81731851259384 22.091079526121682 21.33512276665628 20.639766112034692 20.09839776992215 19.786521164693077 19.745847748960358 19.9774726830526 20.44444316714912 21.081883184602663 21.81178859457299 22.558611303191377 23.261486461074153 23.880438036418617 24.396478137470137 24.807529288136713 25.122668212486097 25.356644829330094 25.525716082801125 25.645053676864094 25.727504877810187 25.783287425418138 25.8201999289921 25.84403410560141
14.40480082936617 14.239625463585007 14.437605530629108 15.017689283976251 15.956729008209456 17.185164616630935 18.590489681270807 20.03473706479613 21.383623088284715 22.53553165720867 23.43784580015363 24.086267652099348 24.511344701674194 24.759680197591887 24.87622150241052 24.891785283786938 24.818025769373268 24.650208292291246 24.37623874915598 23.988816711289118 23.49682231233713 22.932246074489868 22.3500305979987 21.820124616632324 21.413689677779573 21.187744008251023 21.173112057142347 21.368997653843085 21.745024988923987 22.249507103769638 22.821304906695584 23.40190048590304 23.944567536542667 24.418905564063717 24.81083585711229 25.11947628576615 25.35269290594759 25.52278579194053 25.64314466251268 25.726132818682707 25.782068328046304 25.818987500358503 25.842853324646086 25.857943304690057
14.284629978484864 14.098523380781511 14.265959653939762 14.808373881739994 15.706915906009627 16.89870196748833 18.27957497460926 19.719452010451676 21.08889751966487 22.2865293917958 23.25538441213578 23.98350392472167 24.49236524292506 24.82031526148716 25.007119570001556 25.08323262717007 25.065277355378146 24.95763683498528 24.7587421251613 24.469644026338592 24.10201174457684 23.682915455705324 23.254596522692815 22.86884675026108 22.577380377822937 22.4210760941571 22.421418408058592 22.576615620028154 22.86322291581177 23.24241285927521 23.66880879699918 24.099299809727345 24.499630710449864 24.847636064167446 25.133232438584933 25.35615007634555 25.52265697349704 25.642329630232574 25.72551150025331 25.78168551763607 25.818686682085918 25.84252670245683 25.857573405735696 25.866875611200918
14.643400702752796 14.450587202685236 14.596561145999571 15.103706072459739 15.954824613645876 17.090682537743376 18.413537631049444 19.801666565283462 21.133565075862155 22.312755360381406 23.282801257877303 24.028286140689268 24.56491945746732 24.925179404968937 25.14495365577311 25.25424068150061 25.272961178343017 25.2115831632079 25.075326859673357 24.870090938290993 24.608008395425696 24.310762242499948 24.00945234648621 23.740820264939224 23.540805732663483 23.43735116484098 23.444671728978626 23.560701605169953 23.768340486095436 24.0399155942001 24.343374040178055 24.64840024784576 24.930967009348134 25.175577408619898 25.375275128245946 25.530072149197647 25.64464131682101 25.726011264289312 25.781731900863193 25.81868997569198 25.842534378544286 25.857552225956145 25.866809413298565 25.872400700137714
15.43885567789301 15.249346496406263 15.376867885560488 15.843510876785983 16.63221534119158 17.686058548623176 18.913431073824956 20.202441487343897 21.442698382306364 22.546716276836143 23.46256790788727 24.174589876751856 24.694954661912217 25.051513289393736 25.27648060809944 25.398473369099683 25.438672022866825 25.410764127352685 25.323640256583897 25.18541956017955 25.007282328790797 24.805800976501853 24.602963998393903 24.423797950532286 24.292255512788675 24.226623684517545 24.235885888163793 24.318151693675418 24.461568863357176 24.64733375734431 24.853817958272476 25.060626786294588 25.2516206108431 25.41641500597281 25.550400746882097 25.65369738218558 25.7295959298384 25.78298756923069 25.819103401155985 25.842696437869638 25.857644261997127 25.866865726451383 25.872423333187545 25.875702962571467
16.588945888058653 16.411088658208758 16.5201053582214 16.936829636489094 17.644101833860905 18.587842776629422 19.683964611692144 20.832603924687124 21.937208686512523 22.922108542344223 23.742383573720996 24.384030436907064 24.856893605881375 25.184668275190862 25.395582220496387 25.515738014056605 25.56570287308963 25.56003999434367 25.508958631212302 25.42100658671086 25.30570477380383 25.175215811472327 25.04451229069665 24.929996449613956 24.847013765326757 24.807060551744783 24.815585014811212 24.87107618196962 24.96569883151098 25.08723372411851 25.22170879092468 25.355981450656596 25.479665413583806 25.586094350316774 25.672340789357335 25.738545667922413 25.786910586752416 25.820674130068454 25.843286743073442 25.85787347038528 25.866973071929717 25.872484768238508 25.87573835297743 25.877615853468004
17.974467020125616 17.81568066584372 17.905530843924737 18.262897503355113 18.871310555835233 19.681404745806404 20.618927905714564 21.598200038199977 22.538202805272704 23.37633918902969 24.07566767837721 24.624604612996272 25.03116804514321 25.315023175579 25.500041994154966 25.608893981358662 25.660128483115795 25.667510970125374 25.640980428896704 25.58842610047124 25.51749492447649 25.436803642161255 25.356201068472924 25.286052081559763 25.235824916681253 25.21247755590957 25.2191913554845 25.254871048015694 25.314566433025558 25.39067213198004 25.47453811589101 25.558047615544492 25.63479661234081 25.70068635910027 25.75393630932354 25.794670384747047 25.824291696386375 25.84484485750935 25.858500504931754 25.867219138515985 25.87258811740829 25.87578925548859 25.877644246933674 25.87869264854316
19.45392374549174 19.319963854174613 19.39096123438122 19.683385221476748 20.182637862579522 20.84620700053025 21.61176546476782 22.40909870494581 23.173077814867433 23.854018873207604 24.42277613864897 24.870212710564154 25.202693451820867 25.435966687824767 25.58940580765726 25.681747369021036 25.72869207468218 25.742200968599384 25.731016287019543 25.701819914743012 25.66046970032148 25.612884543898563 25.565342727511375 25.52417299147489 25.495010429933963 25.481915431581875 25.486680737635908 25.508573078681863 25.544601230926535 25.59022913819368 25.640323350547924 25.690079176203213 25.73571331625687 25.77481221304656 25.80633901398067 25.83038786114042 25.84781198660139 25.859843742333133 25.86778703313806 25.872816657332244 25.875881217103508 25.87768432559377 25.878712552545846 25.879282917082698
20.889705593925438 20.783499261590375 20.837413630214378 21.065263087091942 21.45522943053663 21.973035137594238 22.56921260073344 23.188953604828786 23.782107701791887 24.3107457338726 24.75268267514639 25.100933177557046 25.36033159843441 25.542981838780342 25.663937649047735 25.737951199982945 25.777579362016954 25.792537306175245 25.789959501317593 25.775146507744562 25.75240528710068 25.725691212994718 25.698895351780614 25.675760379804473 25.659526340135674 25.652480606786387 25.655599995971745 25.668426705920815 25.689231871075037 25.71542321596257 25.744080736720363 25.772478708747204 25.79847571983232 25.820710506364296 25.838604875205974 25.852223453676725 25.862061716156948 25.86882935472468 25.873274874400938 25.876071194520055 25.87776044206486 25.878743547757555 25.8792966074603 25.87959842540312
22.174437951833486 22.095564806533872 22.135201014674774 22.304466349736092 22.59461083398266 22.979751598732932 23.42277230071521 23.882923961625746 24.32320216029512 24.71573168304048 25.04419488834324 25.303393711047228 25.496821872743205 25.633392643594917 25.724301059719735 25.780627091623074 25.811902532122616 25.825572198309782 25.827110440573758 25.820496892144597 25.808781184355507 25.794540502307733 25.780126647190205 25.76768892498256 25.759030347665558 25.755396477267535 25.757303040416286 25.764482106979543 25.775978122154598 25.790372026279023 25.80607223265252 25.821597035124572 25.8357851801721 25.84790120467418 25.857636237862703 25.86503116199479 25.87036086864091 25.874016058748545 25.876407571249675 25.877904035722 25.87880187136901 25.879319781034738 25.879607881108267 25.87976293586464
23.245568023728346 23.190787646303797 23.21923272243399 23.33948150711406 23.545572895831633 23.819121965952824 24.13372800572176 24.4604931177631 24.77324288714562 25.05226551989677 25.28598062092194 25.470638239947295 25.608645494917763 25.70629267697399 25.771550712748336 25.812368403931956 25.83563424097909 25.846760405641096 25.849725522404444 25.847373662774164 25.841787465094146 25.834605802846568 25.82721856386535 25.82082775025181 25.81640655929848 25.814611728134444 25.815707798036986 25.819547402031546 25.825625665278274 25.833198715716836 25.841435474364065 25.84956425246362 25.85698173841212 25.863307244788608 25.86838265374311 25.872232051999532 25.875001198051468 25.8768957863168 25.878131516507434 25.878901589311788 25.879361112046652 25.87962430985388 25.879769386495234 25.879846569349052
24.08462889963674 24.049093599621838 24.069133394927768 24.151089740779184 24.291202307733187 24.477116946640002 24.690966042323822 24.913166244463355 25.12596648075865 25.315971602502984 25.475273909026647 25.601268411051464 25.69554386682392 25.762358095904325 25.807147673682433 25.835365064900213 25.851759534923136 25.860076434558355 25.863066449011146 25.862670475538458 25.860260675435455 25.8568540292144 25.85325521113006 25.850120763243922 25.847961541339696 25.84711357539527 25.847709143460403 25.849672023727482 25.852747307002684 25.856561694352443 25.86069952797791 25.864775794256197 25.868490203610456 25.871653953154212 25.874189453523993 25.876110012417445 25.877489515921987 25.878431557510833 25.879044495006255 25.879425232427465 25.87965146209094 25.879780311534656 25.87985081458876 25.87988797080764
24.70610523670704 24.684632560931487 24.69850751711999 24.75222534696044 24.84358277855524 24.964688218677423 25.10399931459365 25.248815334831054 25.387594156826783 25.511599951930382 25.615650569872646 25.698013190504387 25.75969686749004 25.803467754201986 25.832879265942022 25.851510123447653 25.862488441412975 25.868286865544754 25.87071923423326 25.87105263668537 25.870158947369287 25.86865328146895 25.866992401721145 25.86552747192568 25.864520045064555 25.86413742466323 25.86444434177902 25.865403768030333 25.866892766065302 25.86873203494872 25.870722482939932 25.872680102876494 25.874461701535868 25.87597755444474 25.87719115970788 25.87810944496598 25.87876822505925 25.879217420576424 25.87950912784258 25.87968987165427 25.879796910008263 25.87985760487917 25.879890622456138 25.879907891527893
