_RESULTS/REVERSE_NEW/MHZ/TZ/9comp/MHZ_TZ_z_1000_kriged_reverse_9comp_test3.asc
ncols 100
nrows 81
xllcorner 5.5967107548124995
yllcorner 50.982328804812504
cellsize 0.00017565037499993607
nodata_value 1.7014100000000001E+038
[rows 38 to 56 of 81, columns 43 to 85 of 100]
0.7008561180743829 0.7110901314095184 0.7289535518450774 0.751873338813242 0.775809099511088 0.7958898836351344 0.8072980221686624 0.8062556972819755 0.7908928365739497 0.761756115309128 0.7217957752891971 0.6758110597937436 0.6294719785270011 0.5881436544426057 0.5558301852719814 0.5345368369889666 0.5241373218855235 0.5225891126505907 0.5263044048827548 0.5306375526381253 0.530583131902296 0.5217510124329462 0.5014876793962342 0.4697541027107832 0.42927487288326627 0.3847430578817515 0.34140084405136384 0.30369130684215373 0.27455688609039924 0.2554776294614077 0.24692299346951654 0.24879965004014395 0.26065082018624464 0.2815875000068354 0.3100752818408951 0.34376877397746797 0.3795952201444461 0.4141828694940429 0.44451311168718427 0.4685150827962482 0.4853718068124171 0.4955089767314222 0.5003956172098329
0.6708993642178821 0.683200889893868 0.7038655187988064 0.7299830421896593 0.7569733997034401 0.7792684657059882 0.7913199869794872 0.7887726014134616 0.7695234704226614 0.7343531877743747 0.6869192873726921 0.6330950245236493 0.5797837505985795 0.5334591724832268 0.4988587872639145 0.478285992597788 0.4716127687147338 0.4766511428697119 0.48955871411220947 0.505252529944096 0.518019049756703 0.5224649548758661 0.5147253900417268 0.49355661154480407 0.4607792681633514 0.4207283421533702 0.378890399670357 0.3403834255703991 0.30895239074141084 0.28673081378883475 0.27454597521277524 0.2723576453791594 0.27953866173880876 0.2949384126458324 0.31683801500646186 0.3429618970070536 0.37067566810853353 0.3973807272747978 0.42096385454196034 0.44010341837672945 0.4543365191105887 0.4639545840611191 0.4698698039966422
0.6305810765067875 0.6436094225512319 0.6656377511285387 0.693562751178263 0.7224162568935469 0.7460565297491788 0.7582718673945406 0.7541311426519273 0.7312467011343255 0.6905517866121023 0.6363349614803793 0.5755082245186388 0.5162104788698955 0.46598557362646986 0.43015344020663526 0.411114656136173 0.40864036890622507 0.4204729798258442 0.44270444192054714 0.4700059309541909 0.4960846092935585 0.5146047877910612 0.5204934932850619 0.5112434144464961 0.4876432696907189 0.4534914413550212 0.41434089948364244 0.3758657745633609 0.3425856811982436 0.31734180794504546 0.3014233462069429 0.29497002985079407 0.29732541234521764 0.3072305213890578 0.3229277944428619 0.342302653264891 0.3631406567000772 0.3834667577656636 0.4018344422862292 0.41743737462560215 0.4300322675902118 0.4397848836579161 0.4471766230117407
0.5807198219428061 0.5933293481857758 0.6155201045838596 0.6441535075152546 0.6740526123028812 0.6986624863520191 0.7112074594495251 0.7061903066328635 0.6808529245532043 0.6361232605465705 0.5767460620235275 0.5105508394204263 0.4468518198610054 0.39415094821190044 0.3580994499220807 0.34092678379105795 0.34222883249940766 0.35986130983363374 0.3901754540741022 0.4278972000762704 0.4663432117916348 0.49833256525448283 0.5176415930812558 0.5205260055069068 0.5067070146678452 0.47932828841529024 0.4438340585303715 0.4062835137154645 0.3718616727047786 0.3440936688942903 0.32478081516551277 0.3143405337763045 0.3122093454269054 0.317147581429884 0.32746484325393155 0.3412522218104616 0.35666442141732835 0.37220248584959564 0.3868876591138858 0.40025228045624184 0.4121831875035384 0.42274301520828594 0.43209461580456787
0.524472516707707 0.5359447835140535 0.5575751819809287 0.5863426476857886 0.6170490944606324 0.6429095774771667 0.6567118305846992 0.6524140846865994 0.626774201979867 0.580476599120982 0.5184240895710166 0.44911213279139756 0.38287839533465273 0.3290366633105263 0.29333807268891926 0.277633248760251 0.2813286531495565 0.3026119587946789 0.3384535038432915 0.3839808526647009 0.43234623370524694 0.47565095082271686 0.5066366380767799 0.5204534032659068 0.5158455098844381 0.49528499957445543 0.46397304001196793 0.4281557235535905 0.39349829747524423 0.36409296557413423 0.34222014173240234 0.3286106038039006 0.3228702254992933 0.3238650185622753 0.33003509875704534 0.3396846584317522 0.3512693490748549 0.36363201767196796 0.3761022890544037 0.3884212710934331 0.40054782567081026 0.4124686813473219 0.4241240759593693
0.4666872323592351 0.47685563898479344 0.4978022324840928 0.5267553313729391 0.5586714517352366 0.5867230539202329 0.6034080138985655 0.6021796623488195 0.5791860905856291 0.5345543495747636 0.4728834533470062 0.40286232288801865 0.3355653826390124 0.28108158249821014 0.24534143283616083 0.22988690747450757 0.23397997277064786 0.2562131314700693 0.2943426059325946 0.3441402691281559 0.3988196165393584 0.449950358282478 0.4894548429248344 0.5116439321267012 0.514518497429488 0.4999717122279049 0.472874483093255 0.4394420293797846 0.405566026203488 0.375699368861913 0.3524835205754268 0.33693124843144523 0.32884543158813656 0.32724706614247906 0.3307405291470808 0.33783170313165284 0.3472082255551785 0.3579405858340008 0.36954092262920907 0.3818606252245682 0.39488719144915335 0.4085515022461349 0.42264520920859616
0.4127201956481255 0.42193263287789734 0.4426219957106867 0.4723680599966927 0.5064278079452763 0.5381017053447826 0.5597520940435265 0.5643944036055402 0.5474617847597453 0.5081737553183066 0.4501988521569354 0.38164008782658404 0.3137995657844893 0.2577209165902335 0.22017787970863176 0.20294179832229683 0.20524428718751495 0.2258947089561981 0.2632197621779817 0.31359163709140686 0.37043169937181725 0.4250530091917891 0.4689345197569349 0.49597735075744603 0.5037996360016722 0.4938800022926639 0.4706858703925075 0.44015258944526847 0.4080880224284264 0.37903748310083973 0.35583187742609085 0.33969500843228273 0.3306276350951109 0.32783718337537965 0.33011517245515387 0.33615573899478013 0.3448190652542241 0.35530884048197436 0.3672163997919407 0.38041996280700024 0.39489210709489136 0.4105117844427457 0.42697099989021675
0.3672008377455052 0.3761522977858265 0.39738120383248426 0.4288871441128349 0.466328841106796 0.5032705101493522 0.5320937502951075 0.5454897525182445 0.5381520630049184 0.5081183710480381 0.45747610410283707 0.3926894809008966 0.3243228858973808 0.26444976163523626 0.2218865139836098 0.19981702899865308 0.1978109581471291 0.2145704994784344 0.24842568560167777 0.2959432287101079 0.35072872410762085 0.4041793465303677 0.4478795358431393 0.4758912218835819 0.4858686201449183 0.4790322401253772 0.45933479877661504 0.43214253553132703 0.402840461245464 0.3757831409792074 0.3538145297466011 0.33829842867368903 0.32943510174468144 0.32665048065807945 0.3289484774058232 0.3352051477714865 0.34440679066106455 0.3558119057995406 0.3690005614000922 0.3837978016651137 0.40010900684493744 0.41774620802693346 0.4363276149704103
0.33324920887403553 0.34277476144340063 0.3654926300629778 0.39985354268314566 0.44196592922566247 0.4857542106678111 0.5237843097563353 0.5486136597887579 0.5543130674113729 0.5376693212273598 0.4987717583876187 0.44140752662581917 0.3737969442450628 0.3081066584378153 0.25621555716005096 0.22470278551437517 0.21460968923403945 0.22446509999891007 0.251927602881185 0.2931081143024661 0.3416003108212515 0.38922394385650483 0.4282932182084756 0.4536181932036947 0.4632383006196293 0.45817393033967924 0.44168241655643525 0.4182505155477515 0.3925179590807863 0.3683994064495945 0.3486097722477502 0.33460698743945 0.3268065041316862 0.324891241927517 0.3281075119344117 0.3355152115673779 0.3461934461593115 0.35939174656069106 0.3745986345514455 0.39150723790771197 0.4098953295819117 0.42947859604292543 0.44981117297188244
0.31234413345479467 0.32325191294745287 0.348377566294227 0.3866145823755223 0.4345218374556456 0.48646486755087087 0.5354060275412604 0.5740689142958451 0.5961713455860709 0.5973836798963308 0.5757076813846971 0.5316357928873297 0.4692778391776799 0.3983592064470779 0.3330870729893838 0.28562973348610327 0.26106627771726065 0.25870343040511284 0.27520162049643004 0.30559027914806847 0.3431851344670684 0.38047558247711477 0.4109934073571106 0.4306791366405491 0.43808570849985584 0.43393765262305406 0.42056630548465856 0.40130024810121656 0.379778639876337 0.3592926000251482 0.34233238887484785 0.3304289287152364 0.32423627908573255 0.32373147295901916 0.32843127737047867 0.3375853568601146 0.3503443760066371 0.3659020519098448 0.3835906524983484 0.4029018218738665 0.4234270080905244 0.444752466420817 0.4663716128080634
0.30463545817933196 0.31759636721414897 0.3458753078686415 0.3887676719505651 0.44327097836991386 0.5043153557554483 0.5655734981144059 0.6203692457507998 0.6624625495951576 0.6866169451333757 0.6887239051983854 0.6656701801088413 0.6162688887232426 0.5447914643440877 0.4644842871401287 0.39353132732221446 0.3447421168578864 0.3211077895888379 0.31909523403273515 0.33243374831503647 0.3539193526556801 0.37671988204195067 0.3956647577196388 0.40777599954217375 0.4119326710183586 0.40833216193144783 0.3981688103609252 0.38343354350913056 0.3666155893899074 0.35027202670726076 0.336606586847114 0.3272065843607724 0.3229767373205137 0.3242091677641046 0.33070680854945594 0.34191261691602837 0.35703772915765714 0.3751938420546055 0.39551753049702904 0.41725287346825135 0.4397639691285083 0.46248521816312027 0.4848561003011922
0.30928651204284446 0.3247421721470155 0.3566090889824709 0.40454075146776824 0.46601004543959457 0.5367360773568469 0.6115364296542266 0.6848911811423026 0.7511096183609092 0.804283960184554 0.8379790486999719 0.8448240987627957 0.8172918242517039 0.7520645277611547 0.6576667192408794 0.5561619394663254 0.4709326408090043 0.4133205024598269 0.38221834820164863 0.37063825561595887 0.37064174913364184 0.37565259822591185 0.381272034477149 0.38504200914494274 0.38570539761315487 0.3826605904747269 0.37586096097092364 0.3659332412789701 0.3541917540558869 0.34241367679886553 0.3324644090165357 0.32594857385983333 0.3240000582584487 0.3272162053556397 0.33568070576306863 0.3490256829823335 0.36651952204230015 0.38718863457645286 0.4099684088557539 0.4338471241396513 0.4579545116016627 0.48157479428771327 0.5041108537874198
0.3245272643253408 0.34257346867745564 0.37799831457513483 0.4308116378562459 0.4990917094800113 0.5796606535910404 0.6689600244617678 0.7632225102346408 0.8579118006810866 0.9467934536726172 1.020784311526363 1.0670148409660514 1.0697610178774715 1.0162552643743503 0.9082212183217104 0.7696330683892755 0.6356130971019549 0.5303054154026331 0.4587845308678698 0.4146654941033704 0.38900942171551267 0.37458011489071363 0.36668428264494773 0.36248292254944614 0.3600323559813091 0.3577490946783665 0.3544101440225393 0.349422511969733 0.34302303100707393 0.33621514518816814 0.3304642728084623 0.32730886148959126 0.3280394107009039 0.33350762080971913 0.3440471165829618 0.3594656288316893 0.3790923312558524 0.4018885269644262 0.4266210451342106 0.45206019698129163 0.47713802632866176 0.5010215768044743 0.5231071930243931
0.3473731326048878 0.36761326886197904 0.4059443545859363 0.46279741175154193 0.537055632242968 0.62694396765567 0.7308975077056509 0.8473852126857282 0.9736237108049901 1.1035290063022527 1.2251941888244606 1.3188705900002011 1.3581814108370402 1.3187144083381854 1.1948141605713503 1.012816765125173 0.8206008074138124 0.657633870951169 0.5379735579921494 0.45703625069862625 0.4044898788809716 0.3713029308158498 0.3512968207117506 0.3403964321940972 0.33557802150718863 0.33427907929107703 0.3343377543343821 0.3342311504995673 0.33331788790203265 0.33187607142373493 0.3308933219733175 0.3317066218836955 0.3356324430890896 0.34368130615298065 0.3563807329674791 0.3736932160246185 0.3950207372973868 0.4193032698843129 0.4452087358130386 0.4713717230316759 0.49660485162535456 0.5200193011151182 0.5410437638010432
0.3732516303380872 0.3946596848386141 0.4345027295190267 0.49373718297895125 0.5722320016480466 0.6697666352563401 0.7868701918632145 0.9244157683378851 1.081716740731176 1.253262688907312 1.4244258166722428 1.5678346843035966 1.6448565024617459 1.6181623020942355 1.475381526116912 1.247198056444783 0.9951133355798327 0.7737459929849504 0.6063461229196058 0.49037015311991133 0.41374535128901513 0.3648895265624602 0.33541590293114654 0.3195944287851991 0.3132523981868869 0.313051076614147 0.31624474052899343 0.32075288129679624 0.3253193287811791 0.3295801590023567 0.3339617119942745 0.3394252731217925 0.3471324868257288 0.3581166756342929 0.37302212916056254 0.3919432758412475 0.41437987507143254 0.43931811781619823 0.4654273017205578 0.4913206885107139 0.5157965109400205 0.537986393424505 0.5573902657957744
0.39597672134915574 0.4168494327619735 0.4560545405744368 0.5151497315420019 0.5950575868967001 0.6970323494440207 0.8234361516559265 0.9772277565294276 1.159627306067625 1.365774216028537 1.5786905210013775 1.7640103067594202 1.8718399018128555 1.8536479882621453 1.6926789601538323 1.4252419994103747 1.1246948402015493 0.8571405820769004 0.6525692312137301 0.5099623163078386 0.4157399817317857 0.3559897763886941 0.3202663194262419 0.3013700896718281 0.29424229046381734 0.29510331414843544 0.3010069262175621 0.3096887528842072 0.3195547982398331 0.32970786818877246 0.3399459527417542 0.350673121682866 0.36269002608863926 0.37689122626105914 0.39394916665313146 0.4140730493803429 0.4369027166029069 0.4615589541150612 0.48683040550824097 0.5114344071203707 0.5342631806812197 0.5545411582640783 0.5718682940304175
0.40852705309079185 0.4266360183592951 0.4625066188605457 0.5182778618003304 0.5958311928793112 0.6975929418734613 0.8271772445979406 0.988836594047632 1.1849173261923895 1.410833509573739 1.6478803458092057 1.8570138112257588 1.981419968270646 1.9667754993743347 1.7955932840738382 1.508577682002906 1.184835946011854 0.894944121568113 0.6717365735919061 0.5153560294109077 0.4119394508559331 0.3465578707446823 0.307676821023977 0.28728898053060364 0.27991470117182754 0.2816981686068908 0.2898198801546553 0.30213320570394997 0.31694415851232854 0.33294035402237016 0.34926151796881943 0.3656059365126176 0.3822215485710973 0.39970637887878435 0.41867901138089225 0.4394604093834424 0.46188909654132715 0.4853182530580923 0.5087707275649826 0.531178457342906 0.5516149432589718 0.5694487573261974 0.5843916859302438
0.40478839276356676 0.41782129272048846 0.44763441780076746 0.49679828456273295 0.5679028860472646 0.6641128641600486 0.7895856875060472 0.9488777712454719 1.144402732595817 1.3712810768559682 1.6099945707321146 1.8203885706299674 1.945253308335108 1.9317691314727885 1.765084037170885 1.4863903894877395 1.171622466330434 0.88770866489809 0.6666497123460721 0.5100140010813449 0.4055498304295509 0.3391895976395868 0.2996486310285099 0.2789477789495329 0.2716840559020833 0.2742330688045481 0.28412182375849176 0.29950628248387146 0.3187508587629417 0.34023259710114784 0.36244727525032094 0.3843073432761137 0.4053793563953842 0.42585372815910794 0.44624511495712954 0.46700239891450346 0.48822578744184447 0.5095855853094072 0.5304244569608573 0.5499608594379143 0.5674985602020625 0.582571692007154 0.594997877729024
0.3817819229988534 0.38802220319581804 0.4097817457032928 0.44979583712723215 0.5110082507008629 0.5968804302347235 0.7115267669750626 0.8590261100586576 1.0410351830557345 1.25205555012534 1.4729147331180903 1.6660444989839496 1.7799961868170244 1.7694463997801506 1.6236653152439038 1.37947436237054 1.1016982998171558 0.8474585107866642 0.6455535274610575 0.4994950000626926 0.4003110660285875 0.33643153102666173 0.29800184856860285 0.2777986360303649 0.270900589157718 0.2741223543166425 0.28543837826616036 0.30336701083938916 0.32639238623969097 0.3526503814745659 0.3800451106613824 0.4067156005956087 0.4315277855626374 0.45424441768174195 0.47527973854111055 0.4952404304254993 0.5145323404319921 0.5331863145035298 0.5508981938846724 0.5671926848267476 0.5816097382214485 0.5938418997296034 0.6037936049698486
