_DATA/Debug_test/Berg_GZ/Berg_test_PC02_90x100.asc
ncols 100
nrows 90
xllcorner 5.6208706962070707
yllcorner 50.959635321741573
cellsize 0.00013436758585859339
nodata_value 1.7014100000000001E+038
[rows 19 to 37 of 90, columns 42 to 83 of 100]
-4.1494122546246803 -4.393954251404236 -4.4659394718802687 -4.439419293006571 -4.3841654232782208 -4.3436617369394952 -4.3381802470158277 -4.3724052220647289 -4.4416646868177496 -4.536360677129271 -4.6448912184109705 -4.7553880555765691 -4.8566257591194724 -4.9384400880875088 -4.9919255047134961 -5.0095976032765401 -4.9856156399580343 -4.916058163814613 -4.7991564026023257 -4.635431800354131 -4.4281991430674346 -4.1867101103259072 -3.9353827210976804 -3.7129746051821559 -3.5335935860127483 -3.3791434619600045 -3.2333238002169495 -3.0898853099958146 -2.9477095081147673 -2.8074692435990811 -2.6702713882348199 -2.537162375519777 -2.4089651397366283 -2.2862448368142188 -2.1693260837649166 -2.0583306728542947 -1.9532224080125387 -1.8538528481745447 -1.7600047787937763 -1.67143159243092 -1.58789139089767 -1.5091748979402098
-3.4703167704332785 -3.6958812065012689 -3.8055786172197781 -3.8445371115427971 -3.8621977955363009 -3.8947403816924666 -3.9606465528827384 -4.0634725972003842 -4.1970016134412056 -4.3500639466256006 -4.5098599152892147 -4.6637467359716158 -4.7999612501741646 -4.907781021409491 -4.9774928882942957 -5.0004120470259776 -4.9690852705173176 -4.8776668945271489 -4.7222927466377245 -4.5013383180619915 -4.2164041827082457 -3.8786457692531568 -3.5367576401007761 -3.305592690931721 -3.185370337297583 -3.0844140156558502 -2.9740258193286726 -2.852941070938801 -2.7250044496942283 -2.5941832738516974 -2.4636360378069488 -2.3356663415533272 -2.2118548433771346 -2.0932073338310953 -1.9802854954311777 -1.8733172486999843 -1.7722896698607744 -1.6770276985541515 -1.5872609572319734 -1.5026801370335252 -1.4229837741689642 -1.3479157908324526
-2.8362905694429559 -3.0276343482827786 -3.139626281897272 -3.211198206638608 -3.282630379290238 -3.3832493987463055 -3.5258859425399462 -3.7082269589479742 -3.9186927514147722 -4.1423070628455783 -4.3641895542889424 -4.5708581282220635 -4.7503221479616737 -4.8917096312827173 -4.9848443474671988 -5.0200449090732233 -4.9883696574708543 -4.8823789003028457 -4.697104022137049 -4.4305653231681621 -4.0835196111400238 -3.6594715996053875 -3.1731031416341695 -2.9381867325686075 -2.9061105637658282 -2.8404871583628291 -2.7467997781713702 -2.6346682768307379 -2.5119890779526979 -2.3846617174716469 -2.2569042503737426 -2.1316225245930296 -2.0107234523716437 -1.895361428011392 -1.7861302509465542 -1.6832147443088028 -1.5865130388123372 -1.4957369772380482 -1.4104953990986684 -1.3303632493880635 -1.2549383268240104 -1.1838868038579218
-2.245955891406318 -2.3909237030146011 -2.4769806909220238 -2.5545176628861261 -2.6618340897319075 -2.8255277156361576 -3.0507982975322321 -3.3239392837931616 -3.6233254764684619 -3.9279882602694052 -4.2205983554115329 -4.4872829200114186 -4.7165186950505786 -4.897980183913214 -5.0215801095139403 -5.0769040042196076 -5.0534597115295714 -4.9422070885122533 -4.7381197885467712 -4.4422859151165035 -4.0623728556931455 -3.6143746724005643 -3.1485388211698102 -2.8732269687132117 -2.771545034921671 -2.6759245994064664 -2.5652277669117516 -2.4424056450281002 -2.3128556677940715 -2.1813421897055423 -2.0514963149238929 -1.9258645976661728 -1.8060834636350369 -1.6930662528051421 -1.5871725687202587 -1.4883545281231467 -1.3962815489854392 -1.3104465766484954 -1.2302562179170808 -1.1551065607740019 -1.0844459696558335 -1.0178259404949701
-1.6830598649186941 -1.7737405622263196 -1.8208276916019521 -1.8821550485560277 -2.0079959645563621 -2.2331487011177606 -2.5525385460221539 -2.9310653225886263 -3.3310647331936463 -3.7246858260807323 -4.0932443407024435 -4.4237939323039832 -4.7064176549380772 -4.9323314525140418 -5.0923646303868404 -5.1757396643841016 -5.1698593576697176 -5.0627110831362216 -4.8486843530992205 -4.5344724690715559 -4.1405907242755529 -3.7027203785466418 -3.2831568676837297 -2.9629592052421621 -2.7476541143225157 -2.5791687790688864 -2.4243103838625841 -2.2735824425262274 -2.1260427790649872 -1.9831290055315551 -1.8465755790333942 -1.7177446936165772 -1.5974591191882759 -1.4860194867937899 -1.3832876963165708 -1.288790169474809 -1.2018223413489597 -1.121546702903528 -1.0470810342034345 -0.97757525584216287 -0.91227628100347458 -0.85058108145349465
-1.1566931441585153 -1.1901099354407032 -1.1890487670645982 -1.2061704128741466 -1.3253682723759028 -1.6169983824054077 -2.0547723411450161 -2.5578490725250886 -3.0675115715951606 -3.5527619614311212 -3.9970641743309239 -4.3904291363596553 -4.725794828788624 -4.9970266484739296 -5.1970910156327053 -5.3157783615616223 -5.3375638188434316 -5.2433754763799678 -5.0223931351958209 -4.687493711957222 -4.2744311955468115 -3.8299325885560926 -3.4050114593218592 -3.0420093494360962 -2.7505789983134492 -2.5116488991517616 -2.3044300023206312 -2.1171478049959092 -1.9447820692199733 -1.7855985792917806 -1.6391186287712913 -1.5051521772455203 -1.383388339387589 -1.273256380530394 -1.173915205918644 -1.0843024653565954 -1.0032093257361521 -0.92936345680262811 -0.86151061067520462 -0.79848910562584718 -0.73929389652512945 -0.68312889458586734
-0.70969245837738903 -0.6911881244697694 -0.62902560596051649 -0.56166131926197338 -0.61753544681931116 -0.99940057959147655 -1.6039110996600323 -2.2472277272618513 -2.8645201233873197 -3.4341854986154079 -3.9463849260541863 -4.3953526370290561 -4.7773263560676442 -5.089538873006977 -5.3286840747021849 -5.4876529034167749 -5.5491492212297215 -5.4794063743008197 -5.2472606579566108 -4.8736617851557478 -4.4207511469183274 -3.9457602285733726 -3.4911551284350404 -3.0846820986681736 -2.7358594664680318 -2.4389587963573129 -2.1829152440099815 -1.9583802890471094 -1.7593041222522283 -1.5820896730784137 -1.4244873682792316 -1.2848304149017864 -1.1616080342983262 -1.0532650415876743 -0.95813594362459575 -0.87445484583958799 -0.80040599664461076 -0.73419368918536043 -0.67411793264327247 -0.61864669940509021 -0.56647856139851838 -0.5165922941511446
-0.36394015419987236 -0.31844083796302491 -0.21923764669694001 -0.067428807957626957 0.090629323894038882 -0.49176497033489552 -1.2988044854657084 -2.0568185402833272 -2.7550396008949316 -3.3884053288837581 -3.9524750015722812 -4.4437049163448377 -4.8602321974080018 -5.2022398609668015 -5.4712946691078521 -5.6676662276564453 -5.7814931413921151 -5.7621675140070323 -5.5052470448561541 -5.0547093662347393 -4.5384242803513528 -4.0181765033731338 -3.5249630136526098 -3.0769305906005417 -2.6817069740184705 -2.3382431032955555 -2.0408639480457698 -1.7830402062039892 -1.5592091186296093 -1.3650636201103379 -1.1972285572381083 -1.0528613760461325 -0.92935806457173109 -0.82418449973204211 -0.73480673735105229 -0.65868936379029475 -0.59333699776774074 -0.53636015853982877 -0.48555100583811306 -0.43895741911396852 -0.39494647960454438 -0.35225139856788845
-0.12987961600867737 -0.097569552725583319 -0.029386425943659256 0.058765054896716906 0.048397255260485106 -0.47105981414340126 -1.2514271505115189 -2.0286122085739802 -2.7582822809425447 -3.4254997425822822 -4.0206486182710259 -4.5369500947779926 -4.9712184422055499 -5.3246389660036559 -5.6025550158259039 -5.8133295314669997 -5.9662810800179953 -6.0566035078101752 -5.733962599488267 -5.1610598977281121 -4.581629819748219 -4.0195784623265025 -3.4909032720963098 -3.0072267263534176 -2.5748068935291917 -2.1946848301228021 -1.8642651165864355 -1.5792555922456384 -1.335025837007016 -1.1272104537456875 -0.9518230392640773 -0.80516846437648082 -0.68372126071040018 -0.58403869779965878 -0.50272559612461198 -0.43644712727691914 -0.38197890165121223 -0.33628156873799486 -0.2965865643335579 -0.26047986530304529 -0.2259719701596945 -0.19154516317491399
0.00071367992633042387 -0.014637899673244692 -0.029936148388476802 -0.087370584566281662 -0.29015284809566677 -0.7531028192472049 -1.4161593484485042 -2.145237445368541 -2.8657608820385954 -3.5410748521399076 -4.1486495135453056 -4.6732230222869431 -5.1066623146314631 -5.4485626126203179 -5.7048429159032041 -5.884315532012784 -5.9920137233999817 -5.9924505786142817 -5.6667610614694297 -5.1073450654154726 -4.5140820662477594 -3.9311086038631351 -3.3779847214881791 -2.867262177499577 -2.4064180917835993 -1.9985064805407156 -1.64316884163262 -1.3378614381790239 -1.0788982882486415 -0.86212115926826294 -0.68323513675779202 -0.53793468270685907 -0.42193255359287762 -0.33096342752745234 -0.26079977918029307 -0.20729546016300848 -0.16645910815043102 -0.13455104833659493 -0.10819173273348687 -0.084466566389266085 -0.061011609810661172 -0.036067487453852909
0.051000707046706006 -0.025796764316055931 -0.12995647379023756 -0.30109789023762612 -0.59703639362491878 -1.0586549105447287 -1.6632653762907819 -2.3457135035126209 -3.0454279143337906 -3.7175810840313197 -4.3275480055464257 -4.8485452409487895 -5.2645521157540935 -5.5723967163904353 -5.7776412212327264 -5.8858316515763489 -5.8903546557385598 -5.7526254596004929 -5.4151185676698823 -4.9119336611581588 -4.3371378467172192 -3.7503657008663174 -3.1829389000354551 -2.6530393568780966 -2.1713839194690037 -1.743426564091793 -1.370729816231123 -1.0521327797136162 -0.78473038100545378 -0.5645958467929898 -0.38724483892809564 -0.24789862361275244 -0.14162137814473352 -0.063397370073889181 -0.008195037474313327 0.02895382487903575 0.052847732470035547 0.067983304193607874 0.078409026174706686 0.087584066210088019 0.098263766258390339 0.11243008494216949
0.047221072102551664 -0.086674653809529656 -0.26232904726506523 -0.50931550238058965 -0.85987198061844838 -1.331945525385648 -1.9140700311611485 -2.5704407682170434 -3.2570344972422829 -3.9297003520228717 -4.5440546829769994 -5.058076711406696 -5.4442903871447115 -5.6990140112816121 -5.8325526462954373 -5.8525603663119741 -5.7548263668878903 -5.5228683184713265 -5.145716968192966 -4.6471888795343048 -4.078551892558429 -3.4878620603861772 -2.9090641725379127 -2.3643022082833376 -1.867307434712322 -1.4256679937494883 -1.0424291562448582 -0.71737744496930356 -0.44808951972828709 -0.23073256414520527 -0.060616749478596799 0.067461178335389338 0.15902010414044543 0.21977612412149211 0.25554786355506198 0.2721471082396249 0.27523499187897127 0.27014179506221347 0.26166437011965216 0.2538677816907518 0.24992378923727665 0.25201465209929119
0.012013987011816663 -0.16499982935527868 -0.3908156884151186 -0.68614704747254895 -1.0703294668413905 -1.5530254152492522 -2.1280313290494099 -2.774153134082646 -3.4602090207771132 -4.1467329360331435 -4.7811842472342363 -5.296626432231692 -5.6435917738132897 -5.8275540236944678 -5.8767788068227809 -5.8059487749802017 -5.6157688534938464 -5.3029512913953134 -4.8723350437059993 -4.3462569194715357 -3.7612150428646887 -3.1557015028575548 -2.5616995618071039 -2.0024799792350647 -1.4933423131632741 -1.0430729640789425 -0.65544040835478601 -0.33056117421646031 -0.066053902240227225 0.14207481270530065 0.29882251088019141 0.40982101022408618 0.48113340751601236 0.51913896955369376 0.53043716377013794 0.52172184883934747 0.49959932183578243 0.4703464693637609 0.43962744279866023 0.4122079591215394 0.39171963088829292 0.38052307281593228
-0.034090713062079558 -0.23867455741264831 -0.49534792051948806 -0.81840251748207737 -1.2204990628188641 -1.708177710417814 -2.2787980728362225 -2.920348437958983 -3.6128004738451267 -4.3268604672559654 -5.0116175658596624 -5.5582308445468502 -5.849806496222155 -5.9413094839757852 -5.9026795754825248 -5.7476942605545176 -5.474543929627063 -5.084758298944382 -4.5904648378034665 -4.0161063595065523 -3.3946548716262437 -2.7606321851506124 -2.1442365168118971 -1.5685162247136781 -1.0489571436103742 -0.59434765314465676 -0.20816673064447216 0.10994274436732454 0.36288325995104259 0.55513466012736712 0.69213471065795862 0.77995036794964501 0.82513962646322825 0.83469782210109944 0.81599989664472261 0.77667827603459583 0.72440481203466356 0.66657155891760045 0.60989315253970511 0.55998716661358849 0.52101923506571612 0.49550293097867909
-0.073456271186185695 -0.29246641444093158 -0.56382947121080584 -0.89782437572155471 -1.3035651642084614 -1.7864485065053946 -2.3464383052274385 -2.9777083369953554 -3.669211659543997 -4.4048894273955597 -5.1602675851619839 -5.8344593258524879 -6.0005738619321578 -5.9924790873757114 -5.8882492913948017 -5.6696728293079701 -5.3256205107513095 -4.8601827168164631 -4.2926862929439915 -3.6536246385502102 -2.9787067957233981 -2.3029724218716749 -1.6564028465139979 -1.0615725076532785 -0.53313380500239749 -0.078628245057904889 0.29994905804606109 0.60439186157891633 0.83876989156893844 1.0083832768582648 1.119200205476488 1.1776655949313661 1.1907219662699611 1.1658913312757981 1.1113033871663154 1.0356006089928593 0.94768818502513885 0.85632119437255694 0.76954832643916871 0.69408382666611002 0.63475115745404365 0.59417462912791263
-0.094378536548820113 -0.31682049320001771 -0.58928964732261324 -0.9196787771701378 -1.3151290389001402 -1.7805584200411593 -2.31752798949007 -2.9235845147027808 -3.5916831509212184 -4.3084652501785419 -5.0460254268433253 -5.6835571846239059 -5.9018168716901096 -5.9187185134247668 -5.8140265559162616 -5.5669422678153619 -5.165993222271438 -4.6232548789201173 -3.9708470420978115 -3.2509817956124625 -2.5069776522104674 -1.7776358777504893 -1.094172513780137 -0.47872559066498344 0.05578977851500333 0.50446777489490258 0.86822421415555973 1.151413428342174 1.3599456181179779 1.5001912509732154 1.5785979068660372 1.6017821240946075 1.5768379063184073 1.5116457027600807 1.4150364476714652 1.2967431831693605 1.1671246095713828 1.0366515844753899 0.91514489795099441 0.81082115878143557 0.72937364197502941 0.67345325892819041
-0.090981960516909655 -0.30721832799370008 -0.56907677034133797 -0.88285152277346213 -1.2544142039954336 -1.6883434536956503 -2.1870183756284587 -2.7494921909383443 -3.3693201807722817 -4.0290167235683088 -4.6848175528506308 -5.2382044329624478 -5.5825147711597261 -5.7261700779769988 -5.6879933461121439 -5.4484599764524075 -4.9995566542119105 -4.3699719325581103 -3.6151422138254143 -2.796381651899603 -1.9683291650908443 -1.175258481382478 -0.45040614502415521 0.1845829741675159 0.71960217363477741 1.1541915881919775 1.4940343012511947 1.7473645528712181 1.9225403538714378 2.0270275408252383 2.0674258515092623 2.0500623574840517 1.981759283529434 1.8704780561161942 1.7256568366786142 1.5582023919842969 1.3801886432520278 1.2042721030208092 1.0427147813510831 0.90593416292896001 0.80088524267226724 0.73007552377611118
-0.061840828112419421 -0.26341922818677055 -0.50451588416527593 -0.79007279034286937 -1.1249157829588983 -1.5132812723788764 -1.9581310007634363 -2.4599481339855571 -3.0142415522661481 -3.6064155112014369 -4.2034077585588223 -4.7496512173542662 -5.1860785962048261 -5.4684140670631853 -5.5414430309915748 -5.3374452441418594 -4.8352312245281484 -4.093657151334952 -3.2101204055884196 -2.2726612560620225 -1.3474472258043262 -0.4833850990737053 0.28404587846149121 0.93348150711105327 1.4589745527429527 1.8672709372448557 2.1714869667001682 2.3852531618455486 2.5197089567077464 2.582991940346421 2.5810783647401148 2.5191698841838823 2.4031381558551663 2.2406336548688741 2.0415957241949636 1.8181954525665716 1.5844730424456224 1.3558034858350463 1.1478717566261234 0.97456041992236409 0.84489790439519274 0.76090472445910884
-0.0088961173647950087 -0.1887486333085292 -0.4005856012863197 -0.64792890306614448 -0.93449307186308572 -1.2640791291993834 -1.640288468786391 -2.0658411981145401 -2.5410879620099363 -3.0613066805691829 -3.6132803005027494 -4.1735407636300215 -4.7077389521646289 -5.1567548866065369 -5.4004129834268042 -5.2634861479537296 -4.6759387740570606 -3.7719494285311517 -2.7270380880927663 -1.6556368978358056 -0.62645720265444227 0.31126823567987083 1.118538149282285 1.7719094778941653 2.2712331565389521 2.6354806655640459 2.8893230195297113 3.0532175087764215 3.1406601202685378 3.1592748486159614 3.1130224667820205 3.0046509681801155 2.8380840244041936 2.6202024359257012 2.3614557935220395 2.0754402375414491 1.7782743369597425 1.4883836782388442 1.2261316544398719 1.011268439582633 0.85682146737645204 0.76358537153364314
