_RESULTS/CROSS_VALIDATION_POSTPROCESSED_80-20/Berg/GZ/3comp/1/Berg_GZ_z_180_kriged_reverse_3comp_spherical_1.asc
ncols 100
nrows 90
xllcorner 5.6208707817415728
yllcorner 50.959635321741573
cellsize 0.00013419651685393446
nodata_value 1.7014100000000001E+038
[rows 19 to 37 of 90, columns 44 to 87 of 100]
58.019022548144484 57.90255226488916 57.71332551761989 57.526985114130156 57.385364157737285 57.29348557194004 57.24466052863103 57.225601426064934 57.21974562320632 57.209278180479195 57.17626302394254 57.116986464815234 57.07719648621081 57.0529194273649 57.04636836604763 57.06790579681439 57.117928409629016 57.19063094000357 57.187303661112146 57.08260849726421 56.89378158784132 56.6749459762506 56.42944792140021 56.16082333757465 55.880800113721165 55.59846173511763 55.32134462463668 55.056018150521716 54.80838431159773 54.58386054414612 54.38750790476322 54.22362694065177 54.090556229728605 53.97226414920654 53.85303690028314 53.737739667505004 53.631275498684204 53.538434325767916 53.46371004209224 53.410975590131684 53.36828633890958 53.32678437291758 53.286173875178534 53.24576246764781
57.03370270634831 57.04901067787437 56.99970384559395 56.95175984819391 56.941145367643344 56.97249501286799 57.03860386467979 57.12557528789798 57.216466567068636 57.29338332011178 57.33846030860782 57.3525004863699 57.37633692440216 57.41838187179774 57.48026721939199 57.55735758164795 57.64877783241496 57.736016871920015 57.72098023702067 57.59249466745254 57.35591341656633 57.06149050379329 56.75517200722351 56.44532991373964 56.12684907980254 55.808746082594695 55.49838019522034 55.20214309253774 54.925762469285566 54.67448757663751 54.45322142306702 54.26314140197995 54.103280830502364 53.97304277017667 53.84615714817781 53.722766626508765 53.60781361123673 53.50614712608015 53.422348736452754 53.360525292997316 53.3110317550183 53.261372206038224 53.21000067600191 53.15883006868303
56.039101435064396 56.14536753157247 56.210997866733656 56.290887418858716 56.41228092188564 56.57396599500343 56.76405430134931 56.9656678918037 57.16057098956816 57.33075867161615 57.45882119507883 57.55873758909789 57.672231872003486 57.80064874332924 57.9373339881539 58.07549505317438 58.21254319649475 58.30721679465606 58.27738171283394 58.12431481500728 57.854528270659365 57.47938112483041 57.08207492858644 56.710439518253075 56.35394098180012 56.001281549283874 55.65934623812973 55.33418961672054 55.03125967994236 54.75556429600641 54.511321685679384 54.295988120561965 54.1121513433918 53.96448646311012 53.831400948973474 53.70143447868278 53.57952533831819 53.47052988246283 53.37905664844788 53.309269788602876 53.25200249842455 53.18998421082954 53.12469202491946 53.059438217340414
55.053717066004936 55.21756593720764 55.37323451804086 55.56834855278814 55.820739317889604 56.11751305904189 56.43725486142959 56.757800577557425 57.059163255955966 57.32369679583219 57.543820535397394 57.75570656201258 57.97367361205082 58.19209045055145 58.40728574160951 58.60929456157522 58.79148248307781 58.87841512737041 58.82463695457696 58.63533555439866 58.31578037109908 57.874305406703876 57.402643950316744 56.95508745092487 56.550159726170435 56.16646776234484 55.79631921279148 55.445523133213605 55.11926448145793 54.82230761982082 54.55664754255343 54.31939975032277 54.11494536298094 53.94817116692858 53.80956676580663 53.67464204693526 53.54742500817873 53.432724947904 53.33511075742167 53.257702091842255 53.186949573714095 53.10953939929636 53.028739840876874 52.94820956813497
54.08873011615556 54.27937844194116 54.5005788363212 54.80083338353096 55.18693401101372 55.6245469400538 56.076956994717584 56.516180812953486 56.92725689102204 57.29813284103413 57.625651966991065 57.94987946411876 58.27183767528526 58.58254700198186 58.87762244378274 59.143964246301 59.35567714114283 59.4218903433197 59.330356645806795 59.08982750895678 58.71043972411519 58.214899894236105 57.68713438830859 57.177060552888825 56.71004344752962 56.29500215520152 55.901758231682564 55.52995293537681 55.18464216004867 54.870422499219785 54.58613937547512 54.33103407009935 54.10985311852878 53.927343396371505 53.7817033003395 53.643556893359346 53.51281648906089 53.39408589563466 53.289593041388 53.20168997742164 53.11578657481576 53.02256775415102 52.92541311170792 52.82827656824766
53.158236697620296 53.34149989572807 53.59875139664594 54.00133253458645 54.53658301201925 55.127816849837664 55.72061371915274 56.28613751067999 56.80848592792026 57.277436917663614 57.709094794929214 58.13679175409394 58.55617689868653 58.95824128358246 59.332978617275465 59.66293898971517 59.877516782570375 59.908330755740266 59.76459798914268 59.465012940810766 59.02960934127716 58.485558456706954 57.909161763908756 57.34926366556825 56.831728697832574 56.37422177771829 55.96685983431116 55.58175837697572 55.22312007358229 54.89599522924317 54.59746990825721 54.32911878029722 54.0955829703552 53.901509795560756 53.74908295014751 53.60958431326224 53.47694469552711 53.35284105093198 53.241372382053385 53.142761593548556 53.04192192013954 52.93275967465587 52.81859646595255 52.70351193811571
52.312846646929344 52.44943445334951 52.691292451270854 53.2209905851124 53.949712516160695 54.705999595229336 55.43094053460727 56.104812924298976 56.71821215399818 57.26832069174149 57.794276129917776 58.30935124831122 58.8129126451116 59.29937982981156 59.75446051878271 60.14097186418229 60.33737995111148 60.31607364890017 60.10783273322294 59.74687483526338 59.26004026064477 58.67413693470526 58.0577089179958 57.458934268987875 56.90238160793433 56.406257350925806 55.9808398569946 55.591558603371695 55.229720558159144 54.897880985964996 54.59135404236234 54.31453671504685 54.07274805032143 53.87083044975335 53.713173818399106 53.574004372236196 53.43819377147654 53.30972893095257 53.19252275383557 53.084115511687735 52.96901331256544 52.844279182716136 52.71295564770092 52.578909744611316
51.65408570826545 51.74175287080618 51.823901248309134 52.58619377982063 53.532647688347154 54.41874046748043 55.23929008316932 55.991474092221885 56.67025844755236 57.29145284121311 57.8898321239855 58.46988803551517 59.035200835855015 59.58740165148513 60.11910460567347 60.54711430150574 60.71682663107697 60.618110785777816 60.337434417953084 59.91992128414333 59.39051046293506 58.772091347629754 58.12661348976735 57.50109292818212 56.919031294590674 56.3980075167744 55.95162690470148 55.566288785281145 55.20892085249665 54.88046906505155 54.57598916574532 54.298600904994075 54.053410842570706 53.84716704921598 53.68468513224314 53.540695479666844 53.39958136657843 53.267529451015704 53.14604106492443 53.028937024761866 52.90083141888697 52.761662093695215 52.613982719077235 52.460996645347656
51.25535068452085 51.43575662534783 51.71194879154524 52.44465893995531 53.39046463423295 54.31673519095774 55.18634696586538 55.98514369937922 56.70825429083892 57.38921005637773 58.0370311311536 58.65544017567241 59.251339924485144 59.833325634799436 60.38797747486689 60.86508486208514 60.97231891671417 60.7663071732886 60.4268206122164 59.97111092393188 59.414243985274084 58.777070283959844 58.11933647378884 57.482706363886614 56.8883940853663 56.35407296152388 55.893877240514925 55.51157261452712 55.165183385530256 54.84641883200306 54.55044869876831 54.2805576869612 54.04082111696405 53.83610458738798 53.67122018140722 53.523516905175974 53.377062712839994 53.23797675380424 53.107803511046946 52.98018462601812 52.84098510176184 52.68946820449049 52.52765663723204 52.35783679136077
51.09396336846612 51.445988475082515 51.935504912286724 52.64347042330558 53.50412205482647 54.40726622452872 55.28423336025141 56.10087522412921 56.86643728837835 57.588195644144434 58.26228369572258 58.89189532200487 59.48557761846993 60.04390546496236 60.51775048454029 60.8777777053664 60.94819485020441 60.73683960285516 60.37662855054066 59.903285649628856 59.34013675862529 58.702403571689956 58.04643234201349 57.40982570720634 56.81371011709804 56.27608863962362 55.81165852046771 55.43142575482667 55.10180072794394 54.79860740434208 54.51706039699899 54.260401981215225 54.032521292492405 53.83662530305325 53.673234459175475 53.52441891918556 53.37524747168027 53.23144966603442 53.092961941083495 52.94805234221529 52.7934237621117 52.63164641160364 52.4594392533307 52.27765229209898
51.094578860739794 51.58956614302054 52.19377144498121 52.92674549373654 53.75622745724574 54.63831691643751 55.513887244478035 56.355827719657725 57.16037750972232 57.90766551473714 58.58774769559007 59.20535129897947 59.769179895408 60.239451569655614 60.595680477943034 60.80717988118598 60.818063290062916 60.61631818040881 60.25447033426046 59.779403751749626 59.21306430986451 58.575580438051986 57.92430474220593 57.29131944720466 56.69898275127817 56.16627668470867 55.706151434043115 55.33037033871966 55.021932070847335 54.73964511345283 54.477924818726265 54.23981363649638 54.02897233242647 53.84534809863981 53.691108905477904 53.544075972972514 53.39464835029493 53.24853289333446 53.10155440190057 52.94167420264566 52.771027040479225 52.59345135726393 52.412801562957554 52.225657596728055
51.216902123683774 51.80627908381188 52.4809894948403 53.24657213285404 54.08103695099069 54.95611740676267 55.852350990581215 56.74669279667286 57.5946886291991 58.363412690332936 59.044587985930164 59.63493027121647 60.10926274284098 60.46655408023965 60.698684789076474 60.78872940365344 60.71895870316719 60.48545206684338 60.11612768009136 59.634589271679964 59.06150001650783 58.42265254743945 57.776959978264976 57.150221521560375 56.56245957487829 56.03328757801271 55.57947127464866 55.21428955517007 54.92835530661314 54.67168810931176 54.43469732314982 54.22001738615738 54.02987042827417 53.86304589206375 53.722664142523236 53.58222539080223 53.43493962737716 53.28876213581811 53.131854924896075 52.95983918658542 52.77635349712154 52.585518506679854 52.392110532674074 52.2016252640566
51.42948116116949 52.073252504992354 52.79186955415577 53.5861472376362 54.4400923902105 55.33935372551143 56.28749244372454 57.24590020573619 58.16814837035395 58.98683904911201 59.64522396420134 60.132676123192375 60.482072377838335 60.711174440127444 60.818016335174086 60.79575679587741 60.64371880012678 60.36738142446965 59.972761648216974 59.47411601618254 58.88852472785045 58.248903418603916 57.60921793818957 56.9904705457296 56.41079807386738 55.88920897191765 55.4430326357802 55.08632594961035 54.82127709651894 54.59506172731058 54.38799858837594 54.201673390846906 54.035591120644064 53.89040149576576 53.76708525934296 53.636070738814304 53.49495321460418 53.34705358550661 53.18147536006096 53.0001743036565 52.80693865934521 52.606195146029854 52.40327208973061 52.20484432967902
51.70721113058392 52.37525976168859 53.11681143960879 53.93016983595796 54.82104926013628 55.77731099747386 56.784041360287866 57.83545105870188 58.8697272142103 59.73988079335742 60.30516354086048 60.637171847167735 60.836593532274186 60.92989420167652 60.914926117591165 60.79027095015164 60.56687853069204 60.23942897468516 59.810523436572815 59.288840640002284 58.68626704940155 58.047315558713905 57.413432541655126 56.803977904274106 56.236326042298366 55.7264968413561 55.293381448613154 54.95143693398597 54.7056511982842 54.50639808682445 54.334151999534306 54.18176441220678 54.04551288780197 53.92751126580938 53.82300715285802 53.70346052055073 53.57083443929277 53.419072305489735 53.24738838350489 53.059500335322326 52.85930295115261 52.65143057754093 52.44154135607106 52.236738715516715
52.02675875158652 52.69706302298351 53.44931247040463 54.29344419946979 55.22252664640766 56.228738577167405 57.30481405040253 58.42228865611785 59.54654782187732 60.549009805505264 60.90494529411029 61.04364473600745 61.09464000618397 61.06352775348459 60.94096382526965 60.7346078474714 60.446392860267885 60.069899192583044 59.60336297060509 59.052077905587666 58.431066831794475 57.79371297870549 57.167712914155125 56.571577198421366 56.02173524993431 55.53239892733739 55.11852171059544 54.798825640895885 54.57918159660413 54.409087128866695 54.26884015706312 54.154589708187686 54.05515202796817 53.971496642081696 53.88746838261036 53.78189624389638 53.65371208130607 53.501540701794866 53.326207187301165 53.13421752640224 52.92951836321231 52.716796326365035 52.50175727148025 52.291461724860845
52.37275534783756 53.04831229451196 53.818868826807574 54.680571482147045 55.62571471893636 56.64758455048534 57.72092105462079 58.81476364122021 59.89661014891582 60.81174841797353 61.138994708113096 61.20613881628555 61.17235816610662 61.052959421509414 60.85288401565975 60.5842766200158 60.240836275211684 59.81548008567764 59.307670514006695 58.722923100954624 58.09004439250343 57.45734417110575 56.844423739748606 56.26869614098191 55.745234956051014 55.28678742548063 54.904157719456734 54.614985027244835 54.42962417821312 54.29476532445725 54.192369206216696 54.11484171166418 54.05842655890808 54.01488060290915 53.953365559097435 53.86189720007337 53.73957188780457 53.590143516430835 53.4144263161963 53.22062539388275 53.01364385292647 52.798075578919345 52.57944235490528 52.36443579031948
52.76468894544563 53.43387325774399 54.19026025558098 55.02694745500387 55.946564429556524 56.928649494096895 57.94340977698853 58.94938998992929 59.8749016772003 60.58911109569789 60.96482508006081 61.071053775826265 61.01913611832571 60.85663874657378 60.61191418153822 60.295122064543214 59.90182176460676 59.4293093897167 58.87984609447059 58.263726653638635 57.629902004054365 57.00790616417451 56.41627044339707 55.87098663528255 55.385215612340744 54.96973904261828 54.63357707223027 54.38672575718133 54.24426768760491 54.15165467448464 54.09440326591949 54.061420611092906 54.04914762736023 54.04567827401765 54.00858721718006 53.933550558012676 53.8229368869751 53.680843904483964 53.50862538222964 53.315126585311454 53.10796057754534 52.891503562053124 52.67095789300894 52.4524680384822
53.11090066784989 53.75627111634166 54.47789846571743 55.27989236695766 56.14940475047202 57.06008567313342 57.97901876312703 58.86063839397009 59.63814216008494 60.22560199566062 60.567804470980036 60.68517717485508 60.63222609896564 60.4534063911855 60.17908799815268 59.82299211887755 59.38633974847713 58.87095360811271 58.282387795729015 57.65134227341581 57.02383198665826 56.42107907396409 55.86168689800346 55.35957266309839 54.925031534808475 54.566254821704376 54.29031023219153 54.1035120574045 54.01189720876036 53.968646857631306 53.96344729622593 53.98520174402399 54.024861090002275 54.05165511442559 54.042337591906175 53.9904404531675 53.897691259072424 53.768210537449356 53.60488217360082 53.414365567381815 53.20902903667118 52.99374472591858 52.77332301819983 52.55333769657678
53.40354539468019 54.01419757467581 54.694426158329755 55.44486273559862 56.240992709057416 57.055473125027724 57.855364115538876 58.598985616653735 59.23498100180432 59.70930375698895 59.98851091078022 60.079819676084675 60.013229315572126 59.82001410046004 59.52465546265151 59.13887667041746 58.667341137649295 58.11497479975787 57.49812687156732 56.86814609603669 56.25467610294416 55.6824807598241 55.16952769926008 54.725956407276996 54.35766873362532 54.06971823766553 53.867396645978495 53.756122018665955 53.72455868719314 53.73724086850036 53.79150032300631 53.87723364955216 53.967344310068974 54.026125500641854 54.049682640884015 54.02761474365537 53.958831900162494 53.847242899870274 53.697632208163995 53.51498898981524 53.31365916008238 53.10171561007485 52.883845960822406 52.66517132445262
