_RESULTS/CROSS_VALIDATION_POSTPROCESSED_CLR/MHZ/TZ/8comp/1/MHZ_TZ_z_125_kriged_reverse_8comp_spherical_1.asc
ncols 100
nrows 81
xllcorner 5.5967107548124995
yllcorner 50.982328804812504
cellsize 0.00017565037499993607
nodata_value 1.7014100000000001E+038
[rows 38 to 56 of 81, columns 43 to 85 of 100]
1.9867977230841862 1.9811216921291175 1.9680029873190088 1.9480161469225092 1.9217416108399152 1.8938001197845122 1.8856954158182466 1.9015087751910211 1.9417898946268084 2.0057243030404277 2.0909942217390562 2.1892647560478364 2.2982550615700563 2.411159029933135 2.521498609475624 2.6344152822311315 2.7521558721519863 2.866368506601484 2.968855902182046 3.0488504093891193 3.093561494043988 3.0910844894843397 3.036138977943235 2.933971021825307 2.7956798247981873 2.635843340111318 2.4684456147993634 2.3019467499244435 2.1395388078231217 1.9905723153978852 1.907446532225534 1.869304544695203 1.8365700413249755 1.804965289390503 1.775727385519054 1.7513599657619863 1.7359349529527874 1.7364163295929742 1.755602618462242 1.7770017172339851 1.7942807072940934 1.8079157396307157 1.8180211329136633
2.0198764347511475 2.01100268015916 1.9937236615647838 1.9687646002690993 1.9367522472964982 1.8993361649329008 1.8753846584768288 1.8732480893340044 1.8946808981493923 1.940678369496614 2.006757806332648 2.08465742442619 2.1734001883282614 2.269690844156361 2.3641404683103033 2.460441292178088 2.5615697854171255 2.6592920940843126 2.744501042621841 2.8083108238030747 2.8410712643579226 2.834772934895346 2.785822304501189 2.6961258534788373 2.5732750497991104 2.4317852373129867 2.2879847991755238 2.1536370682904167 2.0326609946821144 1.9303471284213884 1.8604942569383485 1.8180756809879464 1.78641709415216 1.7582314567125126 1.7328287492736894 1.7134844391901662 1.7061612253996385 1.7147362130242756 1.7388399098489922 1.7611001987800945 1.779914829076608 1.7956367122445176 1.8081405962170845
2.0578080630763766 2.0460551536824143 2.0248205884169557 1.9947832926090203 1.9569188391818104 1.9113971640821765 1.8669803460749708 1.8411880669031666 1.8404466884401427 1.8681412809380158 1.9134613576053872 1.9694489638741666 2.0359987590450386 2.1111688199691234 2.1895352111765254 2.2721443292813883 2.358002315023382 2.443577920768698 2.5179014186252853 2.5726190884730853 2.600098826774691 2.594494352917059 2.552690202260986 2.4748689285194905 2.3653526460283487 2.236144646928727 2.111462386423243 2.0126785232364828 1.9367137526530291 1.8744004742527627 1.824388197987849 1.7866848237864645 1.7557032742427077 1.7280610232789055 1.70582303025333 1.692470093261679 1.6914299079804829 1.706526953946252 1.7309875598764064 1.7523478042456346 1.7716037925744546 1.7887749463945233 1.8032234931240014
2.1005208247781755 2.0863790693925077 2.061529473589317 2.0266374609441984 1.9814298723396722 1.925348891893119 1.862628106416677 1.813131740165563 1.7885067143249778 1.7946685173453902 1.8162908578712884 1.8483852808952428 1.8914851966860091 1.9450031391077929 2.007182910893309 2.078149012104635 2.15344860107999 2.2297904443983816 2.2979791928174955 2.348886722381695 2.376337331074367 2.3753237811225087 2.3426120335038507 2.2769090275517385 2.1798187869630463 2.0585464956424167 1.9410062853158385 1.8862722613996175 1.8600314637572042 1.8328302844593574 1.8020056467960635 1.7715541397942753 1.7426320798073125 1.7175799486950298 1.6988655640744568 1.689562399005546 1.6930885520138916 1.7117993887216336 1.731786577333316 1.7504972094532798 1.7694218574169502 1.7877667603064524 1.8038645562079658
2.1477752846340477 2.131914896043953 2.1038583871921377 2.0623916915809186 2.0070801077206424 1.9405709767846486 1.865553745876598 1.7952893887409593 1.747532386076784 1.7248897252867401 1.7194957567620963 1.7257062633685099 1.7449530918144172 1.7791922993556408 1.8282329624647777 1.8887793139751523 1.9558877845676488 2.024234177145419 2.089517357906316 2.140850177611593 2.171634696024704 2.1778230003331944 2.1569552918546333 2.1071596109847306 2.0286517128591175 1.923769804725143 1.8015538501918043 1.80557816764895 1.8184881904343966 1.8169496022575136 1.8012627797087284 1.7768736461115016 1.7511281921564477 1.728362114570007 1.7116091756189726 1.705100812986344 1.7121801090937316 1.7279037469483183 1.740783545777803 1.7548827133371292 1.7735068470223811 1.793345891624629 1.8108278596561962
2.1990353000751 2.182268950616191 2.149708013985323 2.0993137350127795 2.033776401136341 1.9566297320455608 1.871198821702557 1.7826426333858723 1.7096645524297596 1.6592134983472786 1.6260324747285166 1.6065798164028968 1.6034295456613434 1.6185738986718703 1.6558020193597698 1.708910148574991 1.771962947986934 1.8377913976189566 1.8997742678648608 1.951455232716223 1.9870297997322628 2.0029321629108483 1.997169672088575 1.96844374016506 1.9186873944006122 1.855882722864973 1.8056636310615335 1.8035398328489987 1.8240813352438636 1.8375521820062404 1.83197567996355 1.8085301403451057 1.7801331826777276 1.7562243602061083 1.742013099068617 1.7388686809560072 1.747630494369029 1.7551081588856614 1.7588275778599394 1.764547351672606 1.7854871471512876 1.8071520352140282 1.824829878802945
2.253410222482333 2.2359902373833265 2.1968884277372815 2.137297059783061 2.060988789623043 1.9725628911861397 1.8760168555761672 1.7751143985919975 1.6776771257169552 1.599837289614297 1.5409390733034904 1.4972361427363619 1.47062842055549 1.466048676235046 1.4922159791394214 1.5417300531153393 1.6040308927478404 1.6702125988592105 1.7343696037965248 1.7893435497976102 1.8313903398114044 1.858259034653024 1.8689134880241078 1.8632436147595417 1.8449100606330249 1.8233600869951039 1.814860152149702 1.8313683422516798 1.865104620376572 1.8940851817418833 1.8940631722823453 1.862832447957012 1.826635778619002 1.7990913450555486 1.7856250371965097 1.787987735660105 1.7933413298988448 1.7944210065125945 1.792591665598384 1.7932689445150976 1.8119430002562629 1.8310005399655411 1.8433528863624737
2.309634515827468 2.290816278153285 2.245427289012898 2.1757260344359475 2.0875906254022856 1.987197489943403 1.8792049899047503 1.7670669477680498 1.6548476526831897 1.5521578944396417 1.4702225972883778 1.4025976372876854 1.3510495419134525 1.3241061988288276 1.3396412161120277 1.389838684637277 1.4546838728998792 1.5241471693289625 1.5931939129981518 1.6561880976435228 1.7067363128863804 1.7451642104514085 1.7720677835863725 1.7880253743400674 1.7967445054925886 1.805970683579083 1.8256306790589307 1.8620695204407465 1.9142855052774008 1.9728062290344266 1.9796457404992849 1.9263559002182773 1.881557107835234 1.8528038662847852 1.8419213746123813 1.8427016668797855 1.8442171619763719 1.8434978336194874 1.8414085296191973 1.8432783970322417 1.851857531937569 1.8605310094113825 1.8643856032608566
2.3641125228484428 2.346658861934843 2.2949196267512977 2.212821631515985 2.111365975689573 1.9987997303925602 1.8798706647499068 1.7578084987146474 1.6365602990308359 1.5216728458095767 1.4189773539959538 1.329991684637904 1.253930827058453 1.1970598095091578 1.2024799464504294 1.260725399769003 1.3303535896369987 1.4037713798046472 1.4781590568351226 1.5495367020180226 1.611425948906435 1.6626368246204088 1.7039941935077814 1.7378969124562131 1.7672640455764028 1.7979601337008901 1.8360971916370077 1.8854055616106982 1.9457266631280268 2.0097411398618332 2.0216063633192696 1.9741927555543717 1.9351021598086253 1.9128558154762794 1.9033965755904223 1.898066004795278 1.8963971208543609 1.8955874412782796 1.894399249203777 1.8926862944443403 1.8920297774480326 1.8906153845658913 1.885428264864264
2.41183833779065 2.403055323257333 2.3432022810909174 2.24372134938131 2.128220306176531 2.0048051404367877 1.8770152421556308 1.7473964382565248 1.6213957558126761 1.502309731882799 1.3915137324126015 1.2875624804283703 1.1967634208703237 1.122543131243652 1.1167013175240896 1.1695496687480669 1.2376610869029268 1.3124138361395117 1.3910222686635798 1.469782302781911 1.5418725463975471 1.6057221597075269 1.6616090992700991 1.7106131966895262 1.7548156357723113 1.7994647186626547 1.8482368182981501 1.9024334490709411 1.9591185350740916 2.006634015878614 2.0226011426805663 2.006017808996514 1.9867821300391657 1.9724279634567061 1.9606204945562156 1.9522342182178674 1.9474954516313772 1.9452439914168682 1.9416358057901493 1.9358608726908042 1.9276223555824135 1.9175213061027976 1.9037805011314566
2.4385733585564564 2.4511244931249614 2.3748385453697916 2.2570534058345744 2.1323196166025227 2.002467872125114 1.8697180562243862 1.7368200086593246 1.6092294414888808 1.4889195121856211 1.3780235707003943 1.2760657513443547 1.1828079527492248 1.1138709327927343 1.0937143772816218 1.1211523586998264 1.177924667438735 1.2509334081032875 1.3324050310049498 1.417387833129201 1.4981508765828928 1.5723960135828419 1.639822293716834 1.7011473217120658 1.7575579480623806 1.812193446390404 1.8671673389240666 1.9226720110344098 1.9754767643321542 2.0179341613552118 2.041028654447206 2.0436909680445257 2.035774798309937 2.024005096513272 2.0117358916409946 2.0006762395693958 1.99176891343417 1.9854897234376672 1.9793255870345094 1.970003575224043 1.9565324996109343 1.938802880390524 1.9172049785868965
2.425997163915825 2.4153351774113925 2.3491256528261486 2.24164902817534 2.1193260375659744 1.9900174349900759 1.8569884051213992 1.7255438723071528 1.599377080782232 1.480566274501282 1.3718003680184285 1.2761099287863766 1.1910299365735217 1.124438536013641 1.0928087120948644 1.1033443305606423 1.1480337764074058 1.217696772740842 1.30194355942166 1.3925681010802853 1.480687199516297 1.5631908116443027 1.6390742216267515 1.7087504226117414 1.7731984955740028 1.834180156051553 1.8931434018311435 1.9499964125643567 2.00243258768155 2.046183332278588 2.073275208502699 2.0795547888426538 2.0743667058666375 2.0642146477774577 2.0512711193436104 2.0379094290956767 2.0257361871409745 2.0154711079742724 2.006482890922215 1.9940318838267599 1.9765087451278605 1.9527686350531983 1.924465851531964
2.3904742194600166 2.3629130585872264 2.299870168583996 2.2058010071869156 2.09264250911136 1.9689211602926884 1.8401390305548546 1.7131224181762605 1.5907384297662817 1.4754348760686975 1.370230946958376 1.2780062225312032 1.1988054992309256 1.1367509328979444 1.1037742625093976 1.1076186592373758 1.1454314394083176 1.2120131154385607 1.2991714201464162 1.3956827881835536 1.4903203261360853 1.5792742556380504 1.6608468336211173 1.735468251157684 1.8042706627853837 1.8683150854948591 1.9291566819980803 1.9867431912306135 2.0369263285783803 2.075433028218713 2.098438888090917 2.105309319071134 2.101818885383369 2.092969654162688 2.07871694731515 2.063234188607525 2.048421527774016 2.0348349651755027 2.0225111957316666 2.007331928874839 1.986231764048915 1.9580998631535689 1.928197704427316
2.349881125525131 2.3136742444683 2.250437779409654 2.1632682916675567 2.058883078894697 1.9427454786772016 1.8211228535790613 1.7005252263198374 1.5836372617636396 1.473054703105825 1.3716242710119146 1.2804462272140031 1.2033776107167364 1.1426646890875487 1.1082900809872278 1.1134985119051501 1.157299573204425 1.2307531418232274 1.3238292970732406 1.426634693968599 1.5279571336180937 1.622070919346057 1.7069105958058968 1.7827936411708913 1.8510663381807873 1.912619513089621 1.9685951258896563 2.01880857052801 2.061479043816498 2.0937974715800602 2.112852966493186 2.119385523634306 2.1167095284848396 2.109348629626833 2.0928573690454777 2.075886043129414 2.059137623319266 2.0428825234258223 2.0271462079631863 2.009475164425384 1.985363794850011 1.9568014009882992 1.9299561347433254
2.3095307774149694 2.2686302323435656 2.2056499413830855 2.1227736595146225 2.0242770278568725 1.9151110825711124 1.8020174287928614 1.689104549370791 1.5790051341228093 1.47420505238513 1.3765354913085788 1.286045486646232 1.2066816283768507 1.1435353939456026 1.1046296372640136 1.1123566175517272 1.168582902440359 1.2553384376626138 1.3592215695519847 1.4692196836120686 1.57639487866734 1.6751991762139553 1.7607500907403355 1.8325048454657524 1.8934324677692982 1.9467663942749656 1.9943857173136128 2.0368643892066993 2.0728446679030927 2.099803352158509 2.1152085851545763 2.120637847412761 2.1164876262680856 2.106977939009228 2.0924791580182167 2.0754921296220714 2.057562286814518 2.0392020855574313 2.0205092701621075 2.001073794017665 1.977335534990097 1.952702918196017 1.9301621865692922
2.2715187489579916 2.228407882150524 2.1661689360457763 2.086777692496394 1.9934250363735357 1.8901405788150705 1.784600911169082 1.6801939044022443 1.5779817390855337 1.4802029570630972 1.3872658054509575 1.2989363934508216 1.2177776363952304 1.1471779316579882 1.0947939869500476 1.1058409224888046 1.185973897497492 1.288451822149914 1.4021656025663625 1.5181144064083538 1.629652955058054 1.7302125134806534 1.812697809423788 1.8757401794832207 1.9246611072658588 1.9664986143206165 2.0045627645923543 2.039540345898437 2.069792240951111 2.0923147433471585 2.105121878172876 2.109382795476108 2.1039266965049657 2.0934968649541337 2.0794361279039912 2.062550082286514 2.043778447317759 2.024156610618522 2.0050831323297964 1.986486642683603 1.9661601893291114 1.9468915203990624 1.92917047059593
2.236711355936557 2.192796573806976 2.1318860273398283 2.0558927966750016 1.9674809673276275 1.8701334066124302 1.771292192198285 1.6747653569048602 1.581462585944524 1.492133984962094 1.4059843384262762 1.323305139054267 1.2460061881948885 1.1758741509299422 1.1160246523289254 1.1319144376701784 1.2280365269065379 1.3364616649776861 1.453236436269912 1.5715970271802133 1.6872963439961546 1.7914413214345726 1.8677424591461256 1.9125934812439307 1.9423151942309254 1.968694939839488 1.9965013072267337 2.0250663729105485 2.0512450614973132 2.070719784108587 2.0826443682419526 2.0862169256488183 2.0800125601160353 2.06905861267541 2.0550555559228947 2.0387772236231445 2.021101743069454 2.002844706061026 1.9846550519163804 1.968674779589294 1.9542346041836751 1.9403666304664937 1.9275724490610389
2.2050097491837413 2.161336386996301 2.102360997970012 2.0300013992204864 1.9466406527742444 1.855253133792229 1.7632637947516137 1.6740033310007845 1.5897282943132909 1.5101467742532018 1.433263853916706 1.360251432529513 1.2939724772223196 1.239232458506028 1.2085038923413927 1.2290131865851777 1.3011728546792556 1.3994488468385307 1.5095396571621942 1.6245357165915215 1.7412681735364623 1.8543386565455955 1.9264903221101248 1.9402413956384634 1.9461492822715252 1.9544346640739985 1.9705346747879002 1.9943347351316056 2.018622212030964 2.0374278020351673 2.049757156404634 2.053393686623404 2.0474319529844838 2.0374054572699354 2.0248626614392955 2.0102036029346766 1.9940363129617962 1.976997079614078 1.9617294053478567 1.951484536147075 1.9427294204309642 1.9341340626481953 1.926233630870571
2.176001232810612 2.133377366644012 2.076907086859576 2.008549008996412 1.9303744812561208 1.8450829811850356 1.7600771049407296 1.67846615830396 1.6025326148243293 1.5334761907591137 1.4676402391625154 1.4067761261810863 1.3546855955440686 1.317352345067945 1.304511307349093 1.326746430161844 1.3842524512625118 1.4680263589137543 1.5651694743953368 1.6692349256880328 1.7762053404506002 1.8807264025281556 1.9429715274609836 1.9418689054507166 1.93238448535665 1.924010661422015 1.9298513089071057 1.9539253533451382 1.9798990184456917 2.0006036293090927 2.013712862202689 2.017500749420974 2.011942879612215 2.0028981599743787 1.9915005094459857 1.9780739464935193 1.963233952943607 1.9500991114177166 1.9407124420882127 1.936111680623176 1.932724978539435 1.9291916536790514 1.9260505537629466
