_RESULTS/CROSS_VALIDATION_POSTPROCESSED/Berg/GZ/3comp/3/Berg_GZ_z_250_kriged_reverse_3comp_spherical_3.asc
ncols 100
nrows 90
xllcorner  5.6208707817415728
yllcorner 50.959635321741573
cellsize 0.00013419651685393446
nodata_value 1.7014100000000001E+038
[rows 38 to 56 of 90, columns 0 to 43 of 100]
28.33472187166307 28.254972903407065 28.17036232359687 28.08263505487188 27.994646466345923 27.910938996319466 27.838167848844936 27.78472521739316 27.75882669151341 27.765309755820567 27.802072497831166 27.857552782488426 27.92423179012995 27.99598145084864 28.068143821099067 28.13759663175699 28.202398648484063 28.26139550136509 28.313923116876836 28.35961876709853 28.398311746132144 28.429963931056463 28.454636306783392 28.472460877298193 28.48189998682597 28.459566304404415 28.400276418224763 28.313546913243915 28.207062784956978 28.083787575282155 27.946285605577227 27.797145597793342 27.639206200585054 27.492380532842546 27.37536324183797 27.28388060271967 27.214801837390855 27.16636906611741 27.14411325613308 27.164080657406686 27.22158080753467 27.30991257063754 27.421097958406392 27.54576235217761
28.31433347232175 28.23160863078212 28.143764021515526 28.052558829326436 27.960938527823142 27.873687566507904 27.797937635912827 27.74276643483787 27.716984890538654 27.725463817399344 27.7632065404442 27.819426085306713 27.88705018461888 27.959709426325052 28.032644820161746 28.102683982062093 28.16784843134365 28.226950369332837 28.27929638934702 28.324501733663283 28.36238732966818 28.392931990070515 28.416257648786182 28.43262584903683 28.434271417299286 28.39744977444743 28.322903458504957 28.219923337699175 28.097882100527237 27.9592802076985 27.806225940527966 27.64077929222588 27.46530279736705 27.28274264822627 27.097932085786187 26.932846187936725 26.793993365813336 26.70352834638138 26.669172066953113 26.68676661689618 26.752771358991843 26.862456576998124 27.008114156061758 27.178589019034625
28.2981528316616 28.212852087416163 28.12190674139563 28.026875023599533 27.93049349204762 27.837500034168027 27.755538389428036 27.69522436048197 27.66763661782659 27.6786738301812 27.71984532589777 27.780616290827627 27.85228179657166 27.927856706661014 28.00260569643403 28.07357462187097 28.138987469022137 28.19778846229261 28.249351015957618 28.293311630160122 28.329488252187566 28.35785688761931 28.378571135701513 28.39200997203856 28.381264624094932 28.32967267287472 28.24058193918554 28.122867152528624 27.986889883322487 27.835021856284182 27.668569289105697 27.488729481627338 27.297134346999453 27.09616885075373 26.889189830195516 26.684759987139117 26.520733997725436 26.413264456128054 26.366584229007668 26.379722982546088 26.4533114676684 26.586213330131237 26.771409443214438 26.994628739876415
28.28706074726451 28.199841439563123 28.106279480291636 28.007518522898323 27.90571186573587 27.80500767622324 27.713154150025822 27.643064808783986 27.610924976721872 27.625470188509656 27.6747491606888 27.744531714356086 27.8231687893942 27.903178825369785 27.98030997057247 28.052206204683998 28.117536809986703 28.17551590815443 28.225650811693225 28.267617028450076 28.301208438685045 28.3263424088998 28.343119084363682 28.351005323318173 28.325584627851253 28.25846356873434 28.155288661271083 28.024373302346493 27.876777382909097 27.714762754733997 27.53815373237329 27.34680985863948 27.141401523705476 26.92360315673407 26.702124800289994 26.51938005094778 26.381303609303615 26.28783013598855 26.242327597080656 26.252708964999737 26.330662981528956 26.486688549375042 26.717462917577116 27.002820812643485
28.281907266973956 28.193782892496444 28.09863753395017 27.99706829207872 27.890296189714327 27.78105839175477 27.675735857998944 27.588855176017713 27.54682940763834 27.56819090888778 27.63328488685779 27.71696008410231 27.804449995720145 27.8891998874549 27.968357727396985 28.04058352228128 28.105162119875203 28.161640616616996 28.2096739375216 28.248959842329235 28.27922130433414 28.30022875962016 28.31187938433145 28.311161962721155 28.270377640211876 28.18663929795958 28.06899666570546 27.92608381744861 27.770431110656258 27.603085371366397 27.420952158623752 27.222037377406384 27.006067195223583 26.778446677293942 26.58562514265942 26.435947156835265 26.325661903447244 26.25317306912057 26.221081491151537 26.239608537166692 26.32987748608272 26.517893500181966 26.808753927143098 27.170294139820257
28.283364698558234 28.195722815230045 28.100662895539465 27.998302323095594 27.888895325053202 27.773229144383464 27.653972395475552 27.541215090493665 27.47520691082021 27.51419566306424 27.607127210475035 27.70695493629578 27.802002856925185 27.889629543748057 27.969169221055555 28.040406765921073 28.103195185687134 28.15735032565722 28.202620868957045 28.23867991634852 28.265125490054476 28.28149435131271 28.287312187037788 28.27656716378566 28.220016003724 28.118977665372185 27.983711810619276 27.829295113047976 27.67190451620618 27.506656349297977 27.324845260638327 27.122870962572865 26.901085726309702 26.7042880083771 26.553054160903788 26.441253741035975 26.363225767628812 26.31461548253757 26.29441413375313 26.310220692507674 26.39101962688774 26.599300546825415 26.96931583784054 27.430933882827517
28.29176006477451 28.20625902180247 28.113455821097734 28.01330016495133 27.905618547173805 27.79009551225592 27.6662858304411 27.5337820181125 27.399187899432135 27.49893912798862 27.617443883860016 27.722422323307295 27.816380010114518 27.90103348181595 27.97738697043939 28.045900285442226 28.106604468504244 28.15917407427562 28.202968475792538 28.237049708344582 28.260183518351944 28.271966824560597 28.27212440933369 28.252112277881963 28.18258475233438 28.063837134452797 27.903383676861793 27.735495023920436 27.59021658813896 27.436614623730748 27.260102753859062 27.058709485692052 26.860361352759483 26.71171060334166 26.607098499756294 26.53945307939586 26.501500270008282 26.486020683683503 26.486569135030308 26.50014370168542 26.540880093013193 26.72395327937126 27.224136296119234 27.816605955230735
28.306942080791142 28.225293900946834 28.1370456677572 28.04239278853899 27.9415760587112 27.835090142953756 27.724485862062497 27.61565875793733 27.54262206586318 27.580000216075 27.665405457238933 27.75269461543855 27.834768137313304 27.910789902122605 27.98080718709482 28.044822593795704 28.10259757842935 28.153611840270266 28.197056835969335 28.23182999237544 28.256515678351434 28.26934086239857 28.268087338227936 28.243289149118052 28.168257892495337 28.039083520149273 27.851818711334325 27.66018917423817 27.551124915255347 27.40948085776666 27.23753911864573 27.04552852995395 26.896509258814188 26.79862914799886 26.745004705227682 26.728301152720434 26.740773136625467 26.774236120247046 26.819986125419636 26.868744746076633 26.911131401487857 26.990077929806937 27.697550732691084 28.384462784634266
28.328238080011932 28.25195206244041 28.17021676501715 28.083738677167446 27.993644102600328 27.901639747492002 27.808620710737316 27.725862683789632 27.6782907511188 27.68516978612642 27.730043467731242 27.790315354662454 27.85445168191929 27.918038935758595 27.979294014250804 28.037261848072063 28.091156326288157 28.14010842085815 28.18306300290668 28.218730144983006 28.245551553552062 28.26166156989634 28.265452176982176 28.24955442199829 28.182397754359336 28.061097363929193 27.895165432825035 27.72463229631976 27.585592364974552 27.43627363698982 27.262576747249728 27.102827254488243 27.003042037184837 26.9567297249031 26.957084542800473 26.99721818498233 27.070285173752946 27.16976747300294 27.29039629199851 27.43163321488632 27.612980703312324 27.93185220280102 28.495532732952057 29.15431657844244
28.354521358551814 28.28471174373659 28.210784807838202 28.13396203541636 28.053741608047726 27.969514090931426 27.887790107241084 27.819131653330103 27.777379016735697 27.769615173324546 27.78871594775222 27.82512497422343 27.870675761937473 27.920448484529707 27.971681505440326 28.022658043173347 28.07206281377249 28.11865639811947 28.161117248774953 28.197967267200823 28.22753859747632 28.248720855447385 28.261237856390192 28.258696904836928 28.210790952873143 28.11473330154348 27.977912808845034 27.822668768266634 27.668955768168228 27.508227573649492 27.33734353032936 27.220115991054595 27.167388550589262 27.172124427121165 27.227837532817805 27.328593963274955 27.469257723182427 27.646156343211587 27.858809138624064 28.114290009562215 28.43628960302546 28.868805188900577 29.429908911261993 30.058839240176816
28.38435843257513 28.32167778003149 28.256129549144454 28.184991301380553 28.10752318430047 28.02816171180827 27.953010192301704 27.88999751212902 27.84754046522213 27.82957444024447 27.831584534752075 27.849467616718776 27.878537897175114 27.91497816526783 27.95605743184198 27.999777260401753 28.044500570536695 28.08869987525618 28.13081546716078 28.169223249132912 28.203321320820603 28.232171915828673 28.254472738979185 28.266707595571127 28.240490413935554 28.170579916950807 28.061995165368565 27.92343631096226 27.7710776432253 27.60804614713082 27.457775704820108 27.38113162375178 27.373440379749887 27.427923999396292 27.53877282327293 27.70124094757663 27.911948538050986 28.169557147331997 28.476110706718494 28.83916214450529 29.273045985027508 29.792555950464177 30.393238932363953 31.023586741277185
28.4161783114946 28.360847948036994 28.29856682931327 28.227712372102864 28.151682814698187 28.074725222117085 28.002086743554326 27.93978657898734 27.89364171924088 27.86687012952873 27.85609070102277 27.8593990106085 27.874469523328777 27.898838590045543 27.93032555609813 27.967042905834518 28.0072623672488 28.04928355137248 28.091858936852788 28.13405688791164 28.17435611948503 28.211285390556974 28.24355078924284 28.269719470611882 28.265532356807643 28.219732894483634 28.13543027795603 28.02007465596178 27.880933410262294 27.723471079779404 27.606712772270836 27.569364557459597 27.604750200896692 27.706949121966172 27.871104073115934 28.09364250681825 28.372545114967018 28.70775418402048 29.101696583722642 29.559465805287864 30.08720355246504 30.68643077838641 31.344330114499485 32.00212936149537
28.450026316939592 28.39634283458117 28.332528699762804 28.26115608771356 28.185131896901343 28.10831398252729 28.035183672264385 27.970548138195 27.918924029010782 27.883497639653616 27.86201490031254 27.853171225649103 27.856189023114762 27.86978771971838 27.89249609436728 27.922773100827396 27.959452911439282 28.001180331836377 28.04632683093921 28.093179048046707 28.14000599252694 28.185151809572638 28.227145865245518 28.2648186567637 28.282446409944477 28.25958607945581 28.198340175997778 28.10701898983358 27.989674039005223 27.851388766683886 27.770367464227547 27.770533550504332 27.84648326792946 27.993369960066676 28.207343248814055 28.4858167908748 28.827647073417705 29.23324572562331 29.70449236781481 30.244022979759787 30.853141766962132 31.527787891901728 32.24957306116952 32.95752408410574
28.483021773897576 28.426413348752945 28.359923377918022 28.28616049252501 28.208117273406568 28.1292089531656 28.053223873588255 27.98412533059262 27.925675903317178 27.881001946858387 27.849701693806228 27.830020327661654 27.822373947145785 27.826609032390813 27.842152358046718 27.868074828364463 27.903111236957717 27.945685401623372 27.99396887892371 28.04597495973874 28.099673235746163 28.153106044347968 28.204490423825018 28.25228894198509 28.289144877239934 28.2888558266005 28.25139423977215 28.18477371970835 28.09097165911632 27.983379376354634 27.938132943086767 27.972968924583153 28.085982002925082 28.273313449080195 28.531978453368424 28.860103965879276 29.257012171427093 29.72313780362532 30.259662934607682 30.86761366888252 31.546098908068647 32.289568601639346 33.0761976967969 33.84893114298013
28.51094610969423 28.451428422419266 28.38204130118231 28.305273054255416 28.2239132236694 28.141068344912213 28.06011882593724 27.984590863257797 27.917938312385576 27.863271107198717 27.822178935327223 27.792677668833004 27.77564671356086 27.771810633330883 27.781305284828665 27.803651494883617 27.83775106922814 27.881943288223038 27.934131568754122 27.991957403382045 28.05298268802986 28.11484559519148 28.175368730968597 28.232609163441364 28.284122183164506 28.306512570672687 28.294450021783895 28.253184325562337 28.184045380725543 28.108697853993466 28.10112762633122 28.167215642874666 28.312696083201715 28.534999288298856 28.83175908559647 29.20152009708304 29.64374941933196 30.15866922380475 30.74684493843366 31.40841369398817 32.14184692564156 32.94224248572916 33.786844364949296 34.62738309239198
28.534015955416926 28.47162771179061 28.399162500371872 28.31895590809481 28.23358347544318 28.14587427697485 28.058890637334745 27.97586317813538 27.900078415751768 27.83472882441001 27.782676912888288 27.743270581560154 27.71689994144139 27.70517584556556 27.708997008407355 27.728382840253573 27.762395388827223 27.809209782264144 27.866328573225708 27.93087354701282 27.999869709847424 28.070460566740863 28.14003235197126 28.206252261632137 28.267036183903983 28.31259000738179 28.327018863491567 28.311634043356133 28.267843787100023 28.22318819663907 28.249089995252554 28.345651406359856 28.51803256300035 28.768785048492614 29.095883069875033 29.49800227213975 29.974485135430466 30.525155661174452 31.14996173119086 31.84841605917661 32.61883528804286 33.457440887936286 34.34220112360133 35.23525255971165
28.552566850467837 28.487407237915075 28.411786004312667 28.327866911091 28.238007065465666 28.144777118152604 28.050967209985345 27.959576046931318 27.873781241499625 27.796887183539372 27.732238889956683 27.682039241343965 27.6458295788991 27.625948281797335 27.624205039441506 27.641211535560036 27.67616120606621 27.726907681557506 27.790324741829238 27.862793864067374 27.94064370766403 28.02044213913098 28.099130331591493 28.17403645792552 28.242868343887462 28.307093937193994 28.34837547848829 28.359199383665384 28.341085418633543 28.323706932935274 28.377304667861715 28.501363692315856 28.695283222521688 28.96721608966474 29.3161374784058 29.740590810987676 30.239547242836633 30.8122217301024 31.457774432302273 32.174905836475894 32.96138022639008 33.81355631353172 34.70988821145071 35.62064612147645
28.567003404458774 28.499274378240713 28.42056461990235 28.332853709036836 28.238274901388255 28.139143513899928 28.037986180027545 27.93757481621023 27.840967622108742 27.751551321531537 27.673059324022255 27.60949557870912 27.56232569434892 27.533446392284034 27.52589131959711 27.54106520880108 27.57824756592859 27.634685067867657 27.706237171141172 27.78821603976631 27.87606053284709 27.965702821398963 28.053673241713827 28.137049613869262 28.215418050946028 28.29121431749819 28.35763203860403 28.394755281931815 28.402326821017336 28.408000497580925 28.483115451105583 28.628075896628435 28.839594696862054 29.125046700080087 29.48695313338188 29.923497353913813 30.43305642849988 31.01400857354181 31.66445214469834 32.38184413850204 33.16257053997069 34.001454784263544 34.87611096805495 35.758186418562566
28.577763064903227 28.507798473035184 28.426242446559556 28.33488265716644 28.235621393636478 28.13050910894188 28.02178973728482 27.911968089331435 27.80391034542889 27.700982121706787 27.607205409804227 27.527362254517218 27.46652752823959 27.42701364162147 27.4128803461409 27.42675543343213 27.467937422119793 27.532527342138724 27.61470144159962 27.708219673111767 27.807425226912375 27.90761639196614 28.00502041016091 28.097556073950177 28.18736529469909 28.273294315539626 28.3538352173539 28.417036840206883 28.450011499184306 28.47472336343806 28.564957140968538 28.7238738887183 28.94776804666742 29.239187432552082 29.605335805706503 30.044009107637702 30.552814249928318 31.129102099286094 31.769661558782293 32.4703138424655 33.22537233582441 34.02687216153928 34.85124469173232 35.66711008980027
