_RESULTS/CROSS_VALIDATION_POSTPROCESSED_80-20/Berg/IZ/7comp/2/Berg_IZ_z_0_kriged_reverse_7comp_spherical_2.asc
ncols 100
nrows 90
xllcorner 5.6208707817415728
yllcorner 50.959635321741573
cellsize 0.00013419651685393446
nodata_value 1.7014100000000001E+038
[rows 0 to 17 of 90, columns 0 to 40 of 100]
0.0038038394489849515 0.0038038394489849515 0.0038038394489849515 0.0038038394489849515 0.0038038394489849515 0.0038038394489849515 0.0038038394489849515 0.0038038394489849515 0.0038038394489849515 0.0038038394489849515 0.0038038394489849515 0.0038038394489849515 0.0038038394489849515 0.0038038394489849515 0.0038038394489849515 0.0038038394489849515 0.0038038394489849515 0.0038038394489849515 0.0038038394489849515 0.0038038394489849515 0.0038038394489849515 0.0038038394489849515 0.0038038394489849515 0.0038038394489849515 0.0038038394489849515 0.0038038394489849515 0.0038038394489849515 0.003846867539488399 0.003944228596612552 0.0040750618255904186 0.004230092992345494 0.004450399314616045 0.004783438867380664 0.0052362601818512185 0.005834013317582032 0.006589525403202284 0.007504374330025462 0.008569881586885007 0.009763402346350463 0.011049054355770459 0.012386427130707202
0.0038038394489849515 0.0038038394489849515 0.0038038394489849515 0.0038038394489849515 0.0038038394489849515 0.0038038394489849515 0.0038038394489849515 0.0038038394489849515 0.0038038394489849515 0.0038038394489849515 0.0038038394489849515 0.0038038394489849515 0.0038038394489849515 0.0038038394489849515 0.0038038394489849515 0.0038038394489849515 0.0038038394489849515 0.0038038394489849515 0.0038038394489849515 0.0038038394489849515 0.0038038394489849515 0.0038038394489849515 0.0038038394489849515 0.0038038394489849515 0.0038038394489849515 0.0038038394489849515 0.00381735289556869 0.003921421422352001 0.004062650752239861 0.004238414638399739 0.004447076526163543 0.004731259194718783 0.005157585543342325 0.00576036990909033 0.006557720479435548 0.007565618149336291 0.008790511170587606 0.010219094910327606 0.011808509605266419 0.013483196967395177 0.015147628808055248
0.0038038394489849515 0.0038038394489849515 0.0038038394489849515 0.0038038394489849515 0.0038038394489849515 0.0038038394489849515 0.0038038394489849515 0.0038038394489849515 0.0038038394489849515 0.0038038394489849515 0.0038038394489849515 0.0038038394489849515 0.0038038394489849515 0.0038038394489849515 0.0038038394489849515 0.0038038394489849515 0.0038038394489849515 0.0038038394489849515 0.0038038394489849515 0.0038038394489849515 0.0038038394489849515 0.0038038394489849515 0.0038038394489849515 0.0038038394489849515 0.0038038394489849515 0.003802757366827473 0.0038495179726827696 0.003986405002041419 0.004165418279549271 0.004387738105156998 0.004654080588808643 0.005024672323763734 0.0055908830536298484 0.006380798789581101 0.007428228716214094 0.008765789433512177 0.010411891404566238 0.012351113192831222 0.014510735125278012 0.016744482442626205 0.0188451654290699
0.0038038394489849515 0.0038038394489849515 0.0038038394489849515 0.0038038394489849515 0.0038038394489849515 0.0038038394489849515 0.0038038394489849515 0.0038038394489849515 0.0038038394489849515 0.0038038394489849515 0.0038038394489849515 0.0038038394489849515 0.0038038394489849515 0.0038038394489849515 0.0038038394489849515 0.0038038394489849515 0.0038038394489849515 0.0038038394489849515 0.0038038394489849515 0.0038038394489849515 0.0038038394489849515 0.0038038394489849515 0.0038038394489849515 0.0038038394489849515 0.003800211523826061 0.0037796751711261993 0.0038637107193673346 0.004029272390802356 0.004244327983125224 0.004512822884115708 0.004864101688296184 0.005353249993873108 0.006078101034180235 0.007089399965747525 0.008446763340185572 0.010212918566819896 0.012434572169092528 0.015107905855001446 0.018128121375770297 0.021237965380991937 0.02401969548680082
0.0038038394489849515 0.0038038394489849515 0.0038038394489849515 0.0038038394489849515 0.0038038394489849515 0.0038038394489849515 0.0038038394489849515 0.0038038394489849515 0.0038038394489849515 0.0038038394489849515 0.0038038394489849515 0.0038038394489849515 0.0038038394489849515 0.0038038394489849515 0.0038038394489849515 0.0038038394489849515 0.0038038394489849515 0.0038038394489849515 0.0038038394489849515 0.0038038394489849515 0.0038038394489849515 0.0038038394489849515 0.0038038394489849515 0.0037991702296005974 0.0037676592943255687 0.0037409825765734655 0.0038535517063573027 0.004043738563706892 0.00429083432594369 0.004625208903334996 0.005083490349438 0.005700869862329577 0.006599546144541443 0.00786512200287575 0.009596586705172157 0.011908874541425455 0.01490943028831253 0.018645396927429222 0.023008330774847652 0.02760356971841209 0.03165526895578777
0.0038038394489849515 0.0038038394489849515 0.0038038394489849515 0.0038038394489849515 0.0038038394489849515 0.0038038394489849515 0.0038038394489849515 0.0038038394489849515 0.0038038394489849515 0.0038038394489849515 0.0038038394489849515 0.0038038394489849515 0.0038038394489849515 0.0038038394489849515 0.0038038394489849515 0.0038038394489849515 0.0038038394489849515 0.0038038394489849515 0.0038038394489849515 0.0038038394489849515 0.0038038394489849515 0.0038038394489849515 0.003800578335106414 0.003768259733492857 0.0037060378111450376 0.0036840500457296995 0.0038152736525697384 0.004024270309882375 0.004311938310116289 0.004726307332165499 0.0052916481933388115 0.0060448854783094015 0.007124759485948432 0.008668406122004441 0.010831028995592386 0.013811305942692377 0.01783246796752177 0.02308646353662466 0.029587226065870102 0.036871944594833624 0.04366484706595803
0.0038038394489849515 0.0038038394489849515 0.0038038394489849515 0.0038038394489849515 0.0038038394489849515 0.0038038394489849515 0.0038038394489849515 0.0038038394489849515 0.0038038394489849515 0.0038038394489849515 0.0038038394489849515 0.0038038394489849515 0.0038038394489849515 0.0038038394489849515 0.0038038394489849515 0.0038038394489849515 0.0038038394489849515 0.0038038394489849515 0.0038038394489849515 0.0038038394489849515 0.0038038394489849515 0.0038031277950070614 0.0037758355667189183 0.003713171118209672 0.0036216921036634833 0.003606437278639607 0.0037464511498277427 0.003972113488831078 0.004312846446558396 0.0047990084907218915 0.005464556485870117 0.0063571447128096025 0.007611934015273689 0.00943761043358479 0.012062427715238792 0.01582387807125385 0.02116204343660021 0.028567859027538035 0.03841911473303881 0.05053543334282305 0.06332050193423518
0.0038038394489849515 0.0038038394489849515 0.0038038394489849515 0.0038038394489849515 0.0038038394489849515 0.0038038394489849515 0.0038038394489849515 0.0038038394489849515 0.0038038394489849515 0.0038038394489849515 0.0038038394489849515 0.0038038394489849515 0.0038038394489849515 0.0038038394489849515 0.0038038394489849515 0.0038038394489849515 0.0038038394489849515 0.0038038394489849515 0.0038038394489849515 0.0038038394489849515 0.0038038394489849515 0.003787821921934454 0.0037311943745696637 0.0036398006486729148 0.003523825404321135 0.003507936302405075 0.0036465139925145294 0.003898835440331516 0.00428228821566509 0.004826696584600042 0.005576920064083412 0.006597962423541702 0.008010714838798338 0.010100818468749868 0.013216348218454629 0.017853276020533757 0.024739169812418957 0.034877096625938464 0.04948064299354811 0.06955576090493144 0.09454537662923138
0.0038038394489849515 0.0038038394489849515 0.0038038394489849515 0.0038038394489849515 0.0038038394489849515 0.0038038394489849515 0.0038038394489849515 0.0038038394489849515 0.0038038394489849515 0.0038038394489849515 0.0038038394489849515 0.0038038394489849515 0.0038038394489849515 0.0038038394489849515 0.0038038394489849515 0.0038038394489849515 0.0038038394489849515 0.0038038394489849515 0.0038038394489849515 0.0038038394489849515 0.0037993930948850324 0.0037562168284756866 0.0036720784707978157 0.003554094793523657 0.0034168344675036323 0.003390639902454566 0.0035248818136007602 0.0037998907709407568 0.00421156943526859 0.004795479018272858 0.005605766096301747 0.006723570280334629 0.008290938870833018 0.010625109101091773 0.014185792880922494 0.019651573921874225 0.02810414296812945 0.041231417650157066 0.06156549730228732 0.09261254471977325 0.13825095798429357
0.0038038394489849515 0.0038038394489849515 0.0038038394489849515 0.0038038394489849515 0.0038038394489849515 0.0038038394489849515 0.0038038394489849515 0.0038038394489849515 0.0038038394489849515 0.0038038394489849515 0.0038038394489849515 0.0038038394489849515 0.0038038394489849515 0.0038038394489849515 0.0038038394489849515 0.0038038394489849515 0.0038038394489849515 0.0038038394489849515 0.0038038394489849515 0.0038038394489849515 0.0037820368283611196 0.003713185788547214 0.003603840676030913 0.003461784918425344 0.0033038994423987304 0.0032587645133425186 0.0033870689615759786 0.0036724013204283306 0.00409590372262681 0.004696659595920093 0.005536359195044583 0.0067290366781649945 0.008435305837853192 0.010937446231034664 0.01481308638569557 0.020908268898676245 0.030633188082996927 0.04634889920695935 0.07197447978632202 0.11394329779893889 0.18272612254187642
0.0038038394489849515 0.0038038394489849515 0.0038038394489849515 0.0038038394489849515 0.0038038394489849515 0.0038038394489849515 0.0038038394489849515 0.0038038394489849515 0.0038038394489849515 0.0038038394489849515 0.0038038394489849515 0.0038038394489849515 0.0038038394489849515 0.0038038394489849515 0.0038038394489849515 0.0038038394489849515 0.0038038394489849515 0.0038038394489849515 0.0038038394489849515 0.0038004129932618703 0.0037555301519863102 0.0036634463264983057 0.0035315479721605442 0.0033681870645951516 0.003189560890754718 0.0031216239154437824 0.0032345991323514374 0.0035168449585598702 0.003935366025355189 0.004530001888231548 0.005383247233373836 0.00660936203874163 0.008381469187411169 0.010977404476354199 0.014972245062093272 0.021356482272090777 0.03174728662203366 0.04892494907798691 0.07759391018377201 0.12546389686599405 0.20429973597135676
0.0038038394489849515 0.0038038394489849515 0.0038038394489849515 0.0038038394489849515 0.0038038394489849515 0.0038038394489849515 0.0038038394489849515 0.0038038394489849515 0.0038038394489849515 0.0038038394489849515 0.0038038394489849515 0.0038038394489849515 0.0038038394489849515 0.0038038394489849515 0.0038038394489849515 0.0038038394489849515 0.0038038394489849515 0.0038038394489849515 0.0038038394489849515 0.0037894699116457053 0.0037239284790891642 0.0036113849564059744 0.00345982261514769 0.0032780648794534083 0.0030793608988426754 0.0029875160952148407 0.0030746993087167047 0.0033370016893359473 0.003735422641474403 0.004315775731759282 0.005154264400992767 0.006360800037244233 0.008112205506390004 0.010697249857933825 0.014610933828092707 0.02087273683225869 0.031165158951622546 0.048325771494119193 0.07699457477508254 0.12399923482223725 0.1967812902370325
0.0038038394489849515 0.0038038394489849515 0.0038038394489849515 0.0038038394489849515 0.0038038394489849515 0.0038038394489849515 0.0038038394489849515 0.0038038394489849515 0.0038038394489849515 0.0038038394489849515 0.0038038394489849515 0.0038038394489849515 0.0038038394489849515 0.0038038394489849515 0.0038038394489849515 0.0038038394489849515 0.0038038394489849515 0.0038038394489849515 0.0038038333755266783 0.003774251162523658 0.003690926935317586 0.0035609286214275055 0.003392734874815545 0.0031955478101766423 0.0029794806587488875 0.002860921954907641 0.002914404144489735 0.0031393827626639433 0.0035141622554486288 0.004066408830437842 0.004860359428586994 0.0059984953786557035 0.007646469922101594 0.010078190923200265 0.013757144004613003 0.019522042851206987 0.029014197130050802 0.04488644998092516 0.07125515319802754 0.11336281793507072 0.1747378872358816
0.0038038394489849515 0.0038038394489849515 0.0038038394489849515 0.0038038394489849515 0.0038038394489849515 0.0038038394489849515 0.0038038394489849515 0.0038038394489849515 0.0038038394489849515 0.0038038394489849515 0.0038038394489849515 0.0038038394489849515 0.0038038394489849515 0.0038038394489849515 0.0038038394489849515 0.0038038394489849515 0.0038038394489849515 0.0038038394489849515 0.0038019120195206674 0.003757753775503758 0.0036597536925383435 0.0035154574402606518 0.0033337389773972865 0.0031240929909071573 0.0028963001878735003 0.002747205386260906 0.0027614099780214067 0.002936603973504928 0.0032840923973317193 0.003794123385689882 0.004521354153616594 0.005554131273018419 0.007034320283508932 0.00919943653612845 0.012496270947683604 0.017689468106172022 0.026170731482852514 0.04046137716112322 0.06417182011921777 0.1014561393185735 0.15414433307993217
0.0038038394489849515 0.0038038394489849515 0.0038038394489849515 0.0038038394489849515 0.0038038394489849515 0.0038038394489849515 0.0038038773083661015 0.0038056148124036475 0.003807546053383972 0.003807717022516913 0.003805982234087384 0.0038040097220514986 0.0038038394489849515 0.0038038394489849515 0.0038038394489849515 0.0038038394489849515 0.0038038394489849515 0.0038038394489849515 0.0037980654402361143 0.0037425052540064735 0.0036330961348323915 0.0034777508709759536 0.0032856417837230523 0.0030664778008087056 0.0028313765058062324 0.002652209389305741 0.0026235578467161983 0.002751519356116853 0.0030538763791806297 0.0035136541778765687 0.004162033621160675 0.005073442657768794 0.006397363977183618 0.008345140458617688 0.011276139921568111 0.015868346157613518 0.02341792893014184 0.036196739554443635 0.05764755546056522 0.09144211303340861 0.1392563467662597
0.0038038394489849515 0.0038038394489849515 0.0038038394489849515 0.003814699879448289 0.003841375406143829 0.003875001398388275 0.003907952615238445 0.003934049591421911 0.003948860869640208 0.003949991061873372 0.003937260266896665 0.0039127181995175595 0.0038804886111118765 0.0038464929857508208 0.0038181432750741557 0.0038041140716864345 0.0038038394489849515 0.0038038394489849515 0.003794129609542436 0.0037304998483545376 0.003613053133045001 0.003449958468530171 0.0032505934226241444 0.0030248105389210933 0.002784944366505074 0.0025820376416880717 0.0025112782168668886 0.002593064783369804 0.002833320260964743 0.0032394853300851158 0.003831365234738571 0.004692100572633345 0.005923654263813792 0.007684079960594304 0.010240637818629965 0.014138730773775981 0.020678544295901616 0.03236167046403132 0.05228159939709422 0.08380593172995146 0.1291143575180101
0.0038046511523281597 0.003832659565634488 0.0038917958027519213 0.003970714096484269 0.004058562278761577 0.004144958391963479 0.004220331721171301 0.004276517391013041 0.004307451517416979 0.0043097882852632975 0.0042832745557425285 0.0042307791575509875 0.00415796872275571 0.004072719356028096 0.0039844217712185085 0.0039033593600232815 0.003840318124368778 0.0038065459987987387 0.0037914209603330767 0.003723156172338503 0.003601106513383192 0.003433586768424498 0.0032300901278958798 0.003000548540004286 0.0027577584628641688 0.002543099958887168 0.00243131435346957 0.00246696848475886 0.0026479035217479682 0.0030240042193648226 0.003612408487607481 0.00445384977660684 0.005634376282418429 0.007271443109891055 0.009528379402811215 0.012700300081921951 0.0180029708003303 0.0291261092897606 0.04855428031750757 0.07864509343075624 0.1214875233802938
0.0038998445539776914 0.004015313311123686 0.004160112397162299 0.004321903746873526 0.004487561381386888 0.004643434653005888 0.004776137220396749 0.004873737067661407 0.004927109078784496 0.00493113177606817 0.004885415306476266 0.004794358439447929 0.004666518396433022 0.004513469625175507 0.004348453661944211 0.004185144365598765 0.004036783559962897 0.003915829854568561 0.0038209221800207705 0.0037212921772350983 0.0035981055773610196 0.00342949512509443 0.003224981425768693 0.002994515698484662 0.002750418416766826 0.002534734725347567 0.002388405278466464 0.002382837212656417 0.0025478042739460506 0.00290531919920739 0.00349852995641751 0.004353163936313007 0.005542701860045706 0.0071714904728702586 0.0093600002520076 0.012232397407110834 0.016359948548152408 0.027923229908023532 0.0469988818072993 0.07572470540585512 0.11513717949602738
