_RESULTS/CROSS_VALIDATION_POSTPROCESSED/MHZ/GZ/7comp/2/MHZ_GZ_z_1000_kriged_reverse_7comp_spherical_2.asc
ncols 100
nrows 74
xllcorner 5.5967023332191781
yllcorner 50.982320383219182
cellsize 0.00019249356164376555
nodata_value 1.7014100000000001E+038
[rows 18 to 35 of 74, columns 40 to 79 of 100]
0.002492413540129574 0.001391717332560704 0.0007902461924207382 0.00046514082528844794 0.00028875724687858463 0.00019203219156607498 0.00013892162431735822 0.00011296532076842301 0.0001046896551272755 0.00011092791964493962 0.00013014620305917541 0.00016133970851983816 0.00020832954663964565 0.00027560823205830795 0.00037523668296745173 0.0005216415697039867 0.0007278869128772219 0.0010011617412524242 0.0013322261216294796 0.0016840201235480386 0.00200195058438251 0.0023424084922663655 0.002707408482479707 0.003085037299968482 0.0036048801262771207 0.004372538741172231 0.0055163851853553235 0.007241972368781188 0.009881159515002437 0.01396865577210744 0.02034594277271376 0.0302460553212554 0.045130834474906595 0.06550638294849279 0.08721369158980531 0.09761977015926192 0.08588589205582468 0.06500673176899219 0.047276204725344564 0.03464863550288698
0.0017791729266830188 0.0010538170988010744 0.0006361139131003525 0.000399261052589087 0.00026514142530048465 0.00018906441819042973 0.00014752461516608426 0.00012996264391991298 0.00013005374704161415 0.00014783147271584532 0.0001821834013379356 0.00023557128454998753 0.00031521903609324194 0.0004292950629304512 0.0005843231008754689 0.0008006727792060423 0.0011002979438559347 0.001489614041318052 0.0019476476310000652 0.0024077797451013835 0.0027635660152876182 0.0030543568787581034 0.003299789138474978 0.0035834836688356467 0.004008796863078243 0.004644564660960947 0.005588979936951982 0.006986345928737526 0.009050745435094858 0.01209231694848937 0.01652860989093583 0.022825029057746325 0.031226123929697296 0.04106218260969453 0.049751658025033174 0.05313227607444994 0.05019953034570466 0.04410030345906136 0.0373451141597902 0.031454527194851686
0.0011366991193767812 0.0007145191346987211 0.00045914606033460055 0.00030793291037855777 0.00021929562012089544 0.00016814451168281413 0.00014219848535347967 0.0001359394822608915 0.00014720817369297078 0.00017906457812232792 0.0002317578995529015 0.00031286796517895416 0.000434589119911964 0.0006114559156282517 0.000856203784899296 0.001172771632663669 0.0015936129603690509 0.0021353393835327294 0.002763056031385018 0.0033659500710853866 0.003756791903473833 0.003896046781565555 0.003965329797968164 0.004092775676368283 0.004338513536179543 0.004761884718381766 0.005428864155583759 0.006424422657548635 0.007862238860591887 0.009886148571382503 0.012650161890737319 0.016249178613615037 0.020561707130027574 0.025007893996641387 0.0284165230093362 0.03007393982357773 0.030808122405564575 0.030491733209220072 0.029487140026954364 0.028334778074046982
0.0006573426712669944 0.0004374490089928729 0.00029899513942165345 0.00021439047993789483 0.00016403400719104712 0.00013565844732845675 0.0001247606710691195 0.00012970282947031122 0.00015236762437947294 0.00019708619197233 0.0002677921759180255 0.00037741430900186285 0.0005442939723875113 0.0007913162098407594 0.0011410477670472834 0.0016034344189606012 0.0021706818764154643 0.0028910879345190174 0.0037328202328318575 0.004534912970397927 0.0049743380092342575 0.004911427501032334 0.004720613366452294 0.004567831519254062 0.004547542908016108 0.004703146694075555 0.005063055942080853 0.00566011797616899 0.006536534944162472 0.007737996753884522 0.009293803453441132 0.01117601234051426 0.013236691157674799 0.015150975011025872 0.0166470804169897 0.01808266175658344 0.019882897894014127 0.02149964300699833 0.022837759428772326 0.02416730444887775
0.0003482730760863067 0.00024394649872028787 0.00017688234617607474 0.00013552870956804104 0.000111574087078996 9.989676983530341e-05 0.00010013306758160427 0.00011350272603368783 0.0001446170028689674 0.00019735023002169158 0.00028129579215736356 0.0004134590063216645 0.0006182260639803969 0.0009270176296095212 0.0013731581066554108 0.0019778180216670103 0.002724072789362545 0.0036073831737564034 0.004672786471981439 0.005760659113520348 0.006472786489069813 0.006206085861854402 0.005492908820446858 0.004919173747203282 0.004581403078038383 0.00446347345043681 0.004542116561429472 0.004805209074925974 0.0052495613866359 0.005872450641565547 0.006658094642244615 0.007558946516087962 0.008476316766264029 0.009276308327636856 0.010232441003284012 0.011296034918464856 0.012739812844208486 0.014443319933512909 0.016414491422952635 0.018861030029525844
0.00017688969413190775 0.00012589320975738756 9.57589216330007e-05 7.829755234916392e-05 6.946335399133788e-05 6.758034425785656e-05 7.405029255607753e-05 9.181778531119303e-05 0.00012538831064666867 0.00018033001817115526 0.0002693069926903638 0.0004119944960246562 0.0006368947566351813 0.0009812301898886717 0.0014855583099155473 0.002178690875079635 0.0030502872660174572 0.004031843067580288 0.005222877998215561 0.006752545234910763 0.008377968697274581 0.007599650973063348 0.006025093982259882 0.0050074606278215856 0.004396564073540894 0.004063458749421076 0.003931773876747201 0.003956910385147155 0.0041109372859744935 0.004371538346842591 0.004712584332994756 0.005095816500273063 0.005465771737124638 0.005854782547497979 0.006309629884738221 0.006866782204443511 0.007829997536198813 0.009185618815465302 0.011013256178089077 0.013571193013704174
8.890770395993363e-05 6.339826564742378e-05 4.898237470693446e-05 4.1819400878406236e-05 3.9876669132761836e-05 4.23522805742e-05 5.0950479062535604e-05 6.893518684184641e-05 9.977286152445722e-05 0.00015115170695565748 0.00023607882140836223 0.00037476226690330973 0.0005964394096578678 0.000938961398123281 0.0014426429630217826 0.0021339939690826677 0.003007731243095327 0.004024474029274275 0.005205025193209091 0.006712438198495247 0.008257675929418519 0.007532735183143071 0.005902904396804468 0.004734617375489168 0.004003093922031755 0.003556602579667754 0.0033030154579576617 0.003186271471566274 0.00317001742038404 0.003227247268443772 0.003333448443615375 0.003462237551362558 0.003554541920394593 0.0036416291657446693 0.003787283765634207 0.0040527289607757595 0.004633110166846565 0.005553259261278963 0.006929325801445184 0.009041286183718649
4.507067644970049e-05 3.187514217251016e-05 2.4828545653661913e-05 2.1848752157690937e-05 2.1977741369348832e-05 2.5195563597210597e-05 3.3125748762263786e-05 4.7878714400897046e-05 7.345164741972586e-05 0.00011711248276191341 0.00019077672989569752 0.00031293916000925593 0.0005102544702009226 0.0008178795791099383 0.001275375784773016 0.0019153867891316362 0.0027420153873949906 0.0036986957697784876 0.004673781338682281 0.005690755084747341 0.006371546966975842 0.006108243091326325 0.005175094956507263 0.004193306531042466 0.003487888726186058 0.0030200827697489585 0.0027189970411412205 0.0025347015272347726 0.0024328543433811446 0.002388510878592126 0.0023816321291527543 0.002370437149020065 0.0022731391339132654 0.0022225366742552803 0.002230637418625353 0.0023354179891626908 0.0026515926393922513 0.0032043724970791513 0.004102344269865766 0.0055901770732829014
2.35648569214568e-05 1.6297053909647932e-05 1.2653179343159354e-05 1.1446281736637099e-05 1.223869108386558e-05 1.5252298704748604e-05 2.1393404848721872e-05 3.265398678062609e-05 5.266265815176218e-05 8.774000100660125e-05 0.00014840179049930218 0.0002512339973103684 0.00042057957538364847 0.0006886264534776652 0.0010912848081859959 0.0016562043704553098 0.0023796520407705795 0.003192598306749417 0.003932719065830748 0.00455257660998145 0.004897317130614296 0.004771256223583471 0.004252781076220599 0.0035856831792117115 0.002968760070186299 0.0025271316622335884 0.0022228147852709533 0.0020166466692910882 0.001880027939556789 0.001791986554939413 0.0017286724096432415 0.0015960691861846398 0.0014419637303431127 0.0013460682614266292 0.0013016185862243991 0.001324685137667603 0.0014771438880414852 0.0017738527614088576 0.002293565496497953 0.0032131186318263226
1.3084156851342155e-05 8.676506779746214e-06 6.584400860879538e-06 6.0920249944205604e-06 7.0119447023824975e-06 9.462749211436036e-06 1.419233633925237e-05 2.2987824994530646e-05 3.8935681559128565e-05 6.746878597657538e-05 0.00011770557917182465 0.00020406125725911167 0.00034790115521866026 0.000576963656717827 0.000921002695746453 0.00140009608931513 0.0020025323676636027 0.002656228114929033 0.003209018214909111 0.0035878307533518993 0.0037807663667886915 0.0037131066642769983 0.003414350673582769 0.002988009058701551 0.00253468401672814 0.0021331767834852633 0.001841685268222858 0.0016339368714298923 0.0014863123222591513 0.001381569966143031 0.0012541260920368163 0.0010743234853286502 0.0009203407236197792 0.0008196003701105106 0.0007613570947616196 0.0007478335403940893 0.0008081469214590626 0.0009489815549824605 0.0012172431644273116 0.001720756506843451
8.048843083122747e-06 4.994927417827324e-06 3.5709238554878522e-06 3.3227193134059376e-06 4.128806562701288e-06 6.158482339148144e-06 9.992758618054468e-06 1.6924103939429894e-05 2.9284361202540245e-05 5.121625464875407e-05 8.984941303928821e-05 0.00015695092896053588 0.0002706893267557045 0.0004561850729838336 0.0007417665589690086 0.0011460137829876896 0.0016518289265871015 0.0021743077822144103 0.002586211278112186 0.002827849484842244 0.002949509989456287 0.0029177071964491858 0.0027419346767130603 0.0024698370420126224 0.002157952769112836 0.0018497265640433187 0.0015763332579259574 0.0013719371579557986 0.0012225221657339604 0.0010960153225063201 0.0009273893853769234 0.0007422037876003298 0.0006018121836864945 0.0005095412892739466 0.0004528581962658214 0.00042641288359823417 0.00043964665662095425 0.0004959982673275365 0.0006183917074440216 0.0008626343557615391
5.83967537290092e-06 3.346348742689242e-06 2.0760075775481523e-06 1.8179779009320046e-06 2.6134069311371987e-06 4.3197450342200244e-06 7.235172131125436e-06 1.2251161621684017e-05 2.0991102066643406e-05 3.627861970179138e-05 6.303604601249535e-05 0.00010958081209233841 0.00018922667076418562 0.0003214128309687509 0.0005302129194090081 0.0008362259058720145 0.0012376083655295973 0.0016829132398597504 0.002057273378190919 0.0022540653944883794 0.002338711779412476 0.002327172107989739 0.0022223770108321435 0.0020474869821681748 0.0018342541276843416 0.0016114958963059675 0.0013995185834451123 0.0012098832960919432 0.0010586874352992706 0.0008985907067649601 0.0007136063599388581 0.0005369869289934948 0.00041196153403939785 0.000330559356905412 0.0002791375449630802 0.0002500957302150044 0.00024189695556333052 0.00025733161644772535 0.0003048461082470045 0.00040871656906276457
5.293194625378758e-06 2.884379900810031e-06 1.5556639891841053e-06 1.133234363900025e-06 1.9739215614856485e-06 3.330783263393284e-06 5.474434101784887e-06 8.91572437606822e-06 1.4691967870486892e-05 2.4533350735271606e-05 4.1478925480821826e-05 7.07621122532788e-05 0.00012102568952934733 0.00020551374490966064 0.0003420007410725851 0.0005487565461261524 0.0008335546245291732 0.0011757531052066974 0.001503943325217764 0.0017374749888202558 0.0018776582707321053 0.0018884955234633885 0.0018266472751695105 0.0017139327618192778 0.0015683938524304302 0.00140862370400899 0.0012497646614754471 0.0011021142009262522 0.0009615606832914563 0.0007763833947166535 0.0005826439586274362 0.00041435361788973754 0.0003007542541808636 0.00022838281722600373 0.00018258496291278394 0.00015411499114573803 0.0001376933195191303 0.00013555306113899099 0.0001489647441523105 0.00018633255057417413
5.903942786034735e-06 3.4096432503876615e-06 2.0581914897591185e-06 1.6596172551033475e-06 2.0692622564015844e-06 2.99583797653445e-06 4.457478790570149e-06 6.6770585513272004e-06 1.0230009006821876e-05 1.6099881348830675e-05 2.599177116401792e-05 4.289506982304832e-05 7.189280202634342e-05 0.00012113382332865153 0.00020237347357959323 0.00032983595848294026 0.000515471228269531 0.0007550939292687024 0.0010119536016918729 0.00123817449209039 0.001430632157681456 0.0015395833507857427 0.0015274034428227749 0.0014553818528062717 0.001356425290688082 0.0012424256271667304 0.001124270142435703 0.0010106070475834322 0.0008801325709978171 0.0006976503654901704 0.0005082970621116481 0.00034653715612808264 0.0002388487669573825 0.00017161479170009597 0.00012961440901026677 0.00010196717448098659 8.367316662237509e-05 7.477918190873757e-05 7.44679505564118e-05 8.397255471842681e-05
7.320748197732354e-06 4.448381032280395e-06 2.9141749760314468e-06 2.3326230693301303e-06 2.3937067942660394e-06 2.8971286031757884e-06 3.8010688064314803e-06 5.171208579259113e-06 7.204677135665459e-06 1.0456727163254274e-05 1.581095110851948e-05 2.4815308042147748e-05 4.020369753222065e-05 6.666759760928846e-05 0.00011148374201842537 0.0001848324492552099 0.00029728258733470057 0.0004526701442792861 0.0006362334001308777 0.0008280332772949081 0.001026441732738923 0.0011926298351774846 0.0012798402538243914 0.0012579638766125572 0.0011992672059927324 0.0011327188381171083 0.0010594128540179996 0.0009818978512315833 0.0008556300213320404 0.0006707415911994042 0.00047882136536738244 0.00031598470413829867 0.00020729253436447854 0.00014077734699470966 9.942010574721172e-05 7.255061256366261e-05 5.472900041510293e-05 4.359545534319271e-05 3.805134167491173e-05 3.702224477814122e-05
8.926829847834774e-06 5.525330891102906e-06 3.683485411665924e-06 2.8434695822013774e-06 2.6177743736070667e-06 2.7864592741563583e-06 3.267817235511673e-06 4.0701160882546276e-06 5.268037106667796e-06 7.079761851524136e-06 9.896081311779968e-06 1.4538576359294245e-05 2.2382058679010148e-05 3.577880982282279e-05 5.8839875408764525e-05 9.805095463483051e-05 0.00016211983168338374 0.0002569768324622726 0.0003792037918247082 0.0005278235123666096 0.0007041612985967273 0.0008846675342860451 0.0010429555133863568 0.001141067068494723 0.0011498879485228107 0.0011312138896437892 0.0010971178230195443 0.0010465472910559368 0.0009156207153769694 0.0007144802848164314 0.0005031284417855775 0.0003239528627096075 0.00020234987215214437 0.00012912158703077325 8.358440826890014e-05 5.5200646223271895e-05 3.7577801169334525e-05 2.6701036987908003e-05 2.024118059924714e-05 1.6652689598070778e-05
1.0152972643718776e-05 6.290457929620099e-06 4.216511748775715e-06 3.17302565642681e-06 2.719763144627954e-06 2.626093031832424e-06 2.787317769952077e-06 3.1759996220293296e-06 3.820039037572502e-06 4.816530094470599e-06 6.401062143794746e-06 8.888819580851753e-06 1.2960412523297753e-05 1.9905706647543557e-05 3.186982722412321e-05 5.22824878044382e-05 8.628284817252704e-05 0.0001402802688420344 0.00021784432135758624 0.0003260272594157003 0.0004720314755823302 0.0006614292052497341 0.0008777653270148711 0.0010791521274355759 0.0012048156480101103 0.0012382781570356109 0.0012456941126970896 0.0012216768985077679 0.001080512417221357 0.0008451854485486637 0.0005914019745924825 0.00037505115167076785 0.00022408270069136234 0.00013332982357571816 7.939570134924038e-05 4.769225025874055e-05 2.9143563897114792e-05 1.827988825435207e-05 1.1947719156171882e-05 8.332963740924368e-06
1.0789329357551589e-05 6.760391789561401e-06 4.522075253196273e-06 3.308939864096929e-06 2.6783662837741706e-06 2.3908686816031366e-06 2.33543215194051e-06 2.4972638587880216e-06 2.874570676107988e-06 3.513233551867355e-06 4.514944056785382e-06 6.1024549095201445e-06 8.59006959639177e-06 1.266105822352277e-05 1.9627038641827456e-05 3.134298192820682e-05 5.045443998222604e-05 8.02062309841836e-05 0.0001250080644702364 0.00020104063787251567 0.0003275414759393143 0.00051763214916194 0.0007736459911361692 0.0010683089189765015 0.0013340851931812896 0.0014801573091719053 0.001545762274019994 0.0015611532428565463 0.0014060819031888206 0.0011106298761347194 0.0007781289920170886 0.0004897107528353355 0.00027994656989491966 0.0001556583328460767 8.588897076455545e-05 4.73998758670351e-05 2.6368335200217916e-05 1.489507712517736e-05 8.599248829397201e-06 5.138605386038685e-06
