_RESULTS/CROSS_VALIDATION_POSTPROCESSED/MHZ/GZ/7comp/2/MHZ_GZ_z_63_kriged_reverse_7comp_spherical_2.asc
ncols 100
nrows 74
xllcorner 5.5967023332191781
yllcorner 50.982320383219182
cellsize 0.00019249356164376555
nodata_value 1.7014100000000001E+038
[rows 0 to 18 of 74, columns 0 to 41 of 100]
0.06759441603602744 0.06773258654133829 0.06783536488464181 0.06788629237069391 0.06787755998135572 0.06781049256222432 0.06769546516270877 0.06755126927516708 0.06734260276701172 0.06296692668928464 0.05356733076297273 0.04193675148159121 0.030565870293187834 0.021020844574261517 0.013843654660193012 0.008875583615874469 0.005643373172605072 0.0036334568113261887 0.002424048896707001 0.001717267432493085 0.0013234162228485463 0.0011327563432847784 0.0010916321309147041 0.0011884682176814872 0.0014505274098424155 0.0019514183228950225 0.0028292564595627963 0.004313378176036861 0.006750530488961453 0.010607013607033101 0.016386502052266265 0.02434141762041269 0.034358874208735686 0.04561645722007188 0.056357769882557605 0.06405221475985165 0.06638294545729626 0.06693086182733983 0.06755120287902627 0.06883369514047877 0.07097997069386161 0.07387365688430639
0.06847018775515464 0.06873216504937074 0.06891811539876569 0.06900816533110456 0.068992811062846 0.06887366833186595 0.06866334261300229 0.06838444899471104 0.06677736918124941 0.0590701834929885 0.04738604207304022 0.03488394078353883 0.023866041877918534 0.015356405505090195 0.00942132511026876 0.005603197867827366 0.0032929799198817148 0.0019557954483222237 0.00120509244576168 0.0007935802961586743 0.0005763589566642494 0.00047521364524160466 0.00045379736210747484 0.0005044617599057641 0.0006453346164057359 0.0009271583400473376 0.0014509248521548993 0.0023972602908729286 0.004012735575768842 0.006617984068693353 0.010623370998041557 0.016426329151208147 0.024234906694677733 0.033796877273029484 0.044106468322101654 0.053273715962440696 0.058818267855524894 0.06100008405949738 0.06433967926383138 0.06869046805109383 0.07344210676574597 0.07783340284688936
0.06984478749864204 0.07024712706083686 0.07052818183289492 0.0706631938662558 0.07064021905714414 0.07046129276194389 0.07014222744704562 0.06971109271130708 0.06560090280270696 0.05519354370814239 0.04196607442301344 0.02916626489964406 0.018754165473490656 0.011304957298149261 0.006474948760476448 0.003573022264307026 0.0019359498734787676 0.001054133936784071 0.0005936853280246667 0.00035832151530884983 0.00024153010443687758 0.00018959858002893344 0.0001788476080621576 0.0002044263303368459 0.0002779112171332381 0.0004329741309996537 0.0007316344910788855 0.0012648771544706277 0.0021881405440750197 0.00372897893795164 0.006188915729822387 0.009913870608936202 0.015206120858956559 0.022153566731022763 0.030382637208565138 0.03881808204402521 0.045645313585355625 0.04984203914029339 0.05506058164052493 0.06204370624516421 0.0704790976307011 0.07967808977099791
0.07170177374175182 0.07226703664477901 0.07265955405367533 0.07284756603668104 0.07281559455565531 0.07256628429859699 0.0721200817438591 0.0712383836593975 0.06437496434679042 0.051847251548968444 0.03760710281608031 0.02483405223068634 0.015101236441925889 0.008560454489521967 0.004585598046872638 0.0023549131104841003 0.0011768191982207475 0.0005851335489962452 0.0002981869791477071 0.00016213404322360425 9.921285547735929e-05 7.274223653191858e-05 6.741392242369723e-05 8.018216837157902e-05 0.00011830398007737456 0.00019747227920240078 0.0003478838519917189 0.0006243296279719226 0.001115329012608313 0.001955024830999867 0.003332047561920644 0.0054865516397380335 0.008679504391543144 0.013111378615588622 0.018770321404809286 0.025221815950348222 0.03154054042549018 0.03677178177380563 0.04263556687316007 0.050830677902408694 0.06150599476642146 0.07447764288634323
0.07402843999808681 0.0747867816482745 0.07531289364891651 0.07556486337929916 0.07552201529488427 0.07518789368454706 0.07458973959055817 0.07272515366265422 0.06355523476601971 0.04936756263647094 0.03442781916854612 0.021777672297915395 0.012629025097928199 0.006789922050218423 0.0034259422800601807 0.0016445442743646336 0.0007620121244719465 0.0003464276566772111 0.00015874721885546401 7.63689347998968e-05 4.1116793253243234e-05 2.7225491664621845e-05 2.452477632307567e-05 3.0997434976311604e-05 4.91275911747e-05 8.719153171872901e-05 0.00016172964407865746 0.00030130046985456536 0.0005522559009589673 0.0009858737093045734 0.0017059546311513404 0.002854098775674118 0.004605763591721098 0.00714335878858842 0.010585791618580745 0.014857711072338565 0.019729105695040553 0.024656518186429086 0.030093431327428335 0.0380674316455306 0.049205582552444095 0.0639908658934406
0.0768124694352029 0.07780393746573774 0.07849359184344373 0.07882451914499855 0.07876821299682184 0.07832958021002828 0.07754605581967358 0.07452719244135289 0.06348787836083446 0.04796537788455183 0.032452732382337625 0.01985731346711093 0.011098519566421433 0.0057245025122390205 0.002754229846043888 0.0012504598594050226 0.0005427393291546274 0.00022806552338080154 9.4428465658748e-05 3.9795094856850755e-05 1.8152692375721763e-05 1.0190689627068058e-05 8.68990600627798e-06 1.1742668271039645e-05 2.068391462863178e-05 3.9975429056899434e-05 7.811234251188782e-05 0.00014943013063081355 0.0002766794643124317 0.0004945318061789167 0.0008542205787363309 0.0014290694818650336 0.0023189189056598844 0.0036473791610292334 0.005539041844472004 0.008067866259430154 0.011318199974144667 0.015100853963392365 0.019517599194886853 0.02628290595856222 0.036404694712407704 0.050982982995379206
0.08003765317822928 0.08131550538870905 0.08220961977362763 0.08264034413856691 0.08256697715358668 0.08199656299864347 0.08098231944772828 0.07692856392607006 0.06442528482222401 0.04777821436979221 0.03167981604229622 0.018961095272565332 0.010342184339265833 0.00519019188010623 0.002419790275899623 0.0010585046206064287 0.00043894420626630246 0.00017442225887565052 6.694587781339573e-05 2.5204947312440773e-05 9.611561708992668e-06 4.109581238999346e-06 2.9423713690551814e-06 4.800062896826971e-06 1.0004947023815392e-05 2.0927336599776343e-05 4.198759700409915e-05 8.016368564901173e-05 0.00014592807710086836 0.00025471655915507325 0.0004293405028355094 0.0007037695681079902 0.0011281647046434355 0.001773245854292315 0.0027280386190217196 0.004095909337372931 0.006027337300682218 0.00854004251274513 0.01173780344934687 0.016892200253814906 0.025156201333589413 0.038034256818940224
0.08367783323877305 0.08531331843751117 0.08646879208416869 0.08702900029847678 0.08693340623931706 0.08619256674200537 0.08488515928138447 0.08011573713808551 0.06654160212783339 0.04890938781244326 0.03212442250340357 0.019035995253555017 0.01027339576934613 0.005097033627603392 0.002346585827882565 0.0010118610137274534 0.0004125091021828604 0.0001604943693907628 6.00268678819029e-05 2.1675990905319924e-05 7.624742707679518e-06 2.5990916932619107e-06 1.2459062006121304e-06 2.984746388952751e-06 6.670322391124071e-06 1.3826777614254861e-05 2.673974681859974e-05 4.860757867847999e-05 8.379671118836144e-05 0.00013840740285860127 0.00022148049202323284 0.0003472314331484588 0.0005385959889814154 0.0008318196242092771 0.0012800847261732473 0.00196509393524742 0.0030131176253713142 0.004513691945462751 0.006616071964896884 0.010222180866401013 0.016424794252202803 0.02686713123681077
0.08768764536519992 0.08977677875289572 0.09127473039108461 0.09200828253786474 0.09188275328650698 0.09091483896442878 0.08922651489007309 0.08415457681683045 0.06993288201280681 0.05144544217030248 0.033840713512207056 0.02010174880963454 0.010888112623555933 0.005430144666892614 0.0025183524256826954 0.0010971769670064494 0.0004537496453631977 0.00018020192519610842 6.966548781814545e-05 2.6597276034344433e-05 1.0394323222377878e-05 4.3810339725156415e-06 2.863217319584089e-06 3.874556730055702e-06 6.796435975950733e-06 1.2133567581591322e-05 2.0869969931224218e-05 3.421443370833403e-05 5.3603478325043936e-05 8.095824479493325e-05 0.00011934212011039165 0.00017420395292616956 0.0002554304368239242 0.00038040566269567487 0.000577789560904652 0.0008991874430610093 0.001429070702646904 0.002257115359823717 0.003541037364837861 0.005905547832780333 0.010274216572017122 0.018209241363059014
0.09198758060209075 0.0946601492287713 0.09661992466103182 0.09759499320128082 0.09742736265434593 0.09614538358135721 0.09394982790955642 0.0889490793339188 0.07459022005295625 0.05544520618048066 0.036920875623787486 0.02225862352613776 0.012282267418897458 0.006266270578251158 0.002987290395102732 0.001346109243024453 0.0005809541235969369 0.000244074151970192 0.00010207144286028239 4.3853522220375926e-05 2.017304563910923e-05 1.0372612493097614e-05 7.188624616323293e-06 7.329459123504617e-06 9.582505963156776e-06 1.3722123021964594e-05 1.9854237221558315e-05 2.811112740942938e-05 3.8613176264932904e-05 5.164749242647226e-05 6.80625122957508e-05 8.991091746303204e-05 0.00012146212696791337 0.00017084863056078826 0.00025262186508767843 0.0003955241727562583 0.0006499281342364647 0.0010824033829328757 0.001829425461479798 0.0033136841566385375 0.006262329450433562 0.01202926522261735
0.09643924120572328 0.09986822178835182 0.10247170110174911 0.10380193470101895 0.10357139442956473 0.10183321367860206 0.09894454330149233 0.09417567650258604 0.08033830533643199 0.06090752351638751 0.041547091294851526 0.02577186487729919 0.014690697005061279 0.007780416370912806 0.003874444796115121 0.001838808502368564 0.000845293457726348 0.0003842268449044014 0.00017766463197734666 8.69908213356533e-05 4.531757813190347e-05 2.5816982004370766e-05 1.7800631728467842e-05 1.5470006617933648e-05 1.6145223812307424e-05 1.8640106887801437e-05 2.232080954634353e-05 2.6692258477112758e-05 3.138157891671344e-05 3.623952029538522e-05 4.154126928729412e-05 4.824001124816711e-05 5.8352928474149384e-05 7.571542815007426e-05 0.00010746564299631147 0.000168450279612664 0.0002868724466830746 0.000506017948837957 0.0009320102828038809 0.0018454780287193832 0.0037968546197904743 0.00789275760018845
0.10080543886172241 0.10520626360111078 0.10873832373303895 0.11063253044398941 0.11029899789347317 0.10785280943688086 0.10399693339263265 0.09919898035569416 0.08682628293560893 0.06789613690381022 0.04795578412756642 0.03092619346473793 0.018413346420264157 0.010242960778761075 0.005394285690262535 0.002730667919525655 0.0013533077281109578 0.0006719753171979013 0.0003445722918190036 0.00018918160471278914 0.00010703637950937966 6.424254274489511e-05 4.340449264131432e-05 3.384809234673169e-05 2.9916449174749796e-05 2.871187222124756e-05 2.8663584596596625e-05 2.885541802002129e-05 2.874023009364225e-05 2.819423657541163e-05 2.748859707656127e-05 2.7260441023916395e-05 2.8570552873673237e-05 3.321576837321191e-05 4.457832712952905e-05 7.001664575144918e-05 0.00012491127237066537 0.00023636040817623093 0.0004816868497063758 0.001048335817734062 0.002347336097065273 0.005257172817868141
0.10469572105112492 0.11027523483767919 0.11516952220686882 0.11806628004909371 0.11753659185347275 0.11389214200309752 0.10869821719777784 0.10322926514242858 0.09355744206547212 0.07610267263167303 0.05614153637866092 0.037978680487252836 0.02383470501177634 0.014052758213944751 0.007894237164329701 0.0042944777778951134 0.002306470547957374 0.0012520972850777942 0.0007072466077055514 0.00042450826305430076 0.00025506426649002557 0.00015764996561726106 0.00010423009036007013 7.507355034694879e-05 5.855711814112777e-05 4.8347119896521845e-05 4.10964275840027e-05 3.511585070478142e-05 2.968623257446025e-05 2.4619201593667367e-05 2.01274099669421e-05 1.6597686897410205e-05 1.4487437873742741e-05 1.448177947647061e-05 1.8040396222386677e-05 2.8759295272003276e-05 5.510609046062515e-05 0.00011500465729534783 0.00026231119114499533 0.0006281621784036724 0.00152272732526546 0.0036418323791386786
0.10753491970316871 0.11428931920159262 0.12100997234188772 0.12598179896579215 0.1249569195083308 0.1191307782767103 0.11253315839571008 0.10649671448319875 0.0996152166930263 0.08502801692202812 0.06603827406279972 0.04719362634519347 0.031411851756447055 0.019735852467727456 0.01188325209980859 0.006971579289458634 0.0040600236548777955 0.0024004406029549674 0.0014790617121610446 0.0009532854716310682 0.0006006900460390545 0.0003789773158985829 0.0002462787634838419 0.00016730847749154605 0.00011877671370782232 8.705294320750256e-05 6.469741813697969e-05 4.7882945271354606e-05 3.478221454705979e-05 2.4582542829727395e-05 1.685556986228532e-05 1.1371633892895524e-05 7.908441304511137e-06 6.35122556288692e-06 7.12074545725429e-06 1.2012817063385906e-05 2.591623006187816e-05 6.181094986215737e-05 0.00015809203296945792 0.0004128145311995935 0.0010688937264662609 0.0026896972178840173
0.1086826848881054 0.1160306182829856 0.12402257121712405 0.13262206712370606 0.13037574889304865 0.12256351650979516 0.11584066248661294 0.1099937684449275 0.10481837231056734 0.09467429483101167 0.07796349276144665 0.05920351769816552 0.04197378535099465 0.02816546614293244 0.018162724746684462 0.011450187524259648 0.007194817300586866 0.0046041482242102595 0.0030646676159159078 0.002099365657803508 0.0013795905500531992 0.0008872238833228791 0.0005709588548249814 0.00037243125921795624 0.00024687591466781547 0.00016529778911282517 0.00011051330875319351 7.278369037974211e-05 4.6610784764450556e-05 2.8717879377464486e-05 1.689717037418598e-05 9.461491873587269e-06 5.132554629595516e-06 2.9622519169768243e-06 2.74985356247411e-06 5.585591010034155e-06 1.4469276001920503e-05 3.984245199752316e-05 0.00011163781587276243 0.0003096904145600856 0.000836018854312705 0.002166185955750772
0.10780571218757219 0.11469261783282247 0.12194038501472629 0.12816512793249932 0.1281767791498629 0.12357252534950927 0.11846131252222772 0.11364488964972608 0.1091884016643219 0.10379780921858454 0.09118306371819168 0.07394468833927062 0.05605644119338478 0.04027363070236157 0.027837102318679998 0.01882038927574695 0.01267501948944582 0.008673853651966205 0.0061605137016778585 0.00446349430807514 0.0030557167058820737 0.002008710945354211 0.0012918229349925137 0.0008224458398293226 0.000520673472782282 0.0003270946280503647 0.0002025222350107439 0.0001224204585924646 7.150339585932283e-05 3.995234426421052e-05 2.1163085424746104e-05 1.0523321112738849e-05 4.862235486967776e-06 2.075147683398946e-06 1.259418546198599e-06 3.9222671950652235e-06 1.1505079051016065e-05 3.366043616281831e-05 9.71870790824793e-05 0.000274008959479986 0.0007468884798243164 0.0019442523431458594
0.1051922969240845 0.11151104383902571 0.11786917139497086 0.12270509512676746 0.12436066275574034 0.12315885195759971 0.12053385522906603 0.11740677730617437 0.11411720513877337 0.11076332443330085 0.10418939253165106 0.0905750076391422 0.07361303899959057 0.05669759780685743 0.04199406100084271 0.030385078720345054 0.021843245959712546 0.01588360040058634 0.011902712563036672 0.009048234817616144 0.006455023187402086 0.00435910984698938 0.0028291592611371114 0.0017850689639455793 0.0011014980076084608 0.000665383046754002 0.00039235816836174874 0.00022467330158603958 0.000124174287451758 6.58764722470302e-05 3.344204441271513e-05 1.628872946373094e-05 7.742898398934132e-06 3.952448913288401e-06 3.2483285685988965e-06 5.83512538984692e-06 1.4435969861194758e-05 3.9046953354331695e-05 0.00010799214925593365 0.0002960880730394343 0.0007888722766274182 0.0020102429229526897
0.10215187911065773 0.1082067479525272 0.11407769711845835 0.11877334732842165 0.121794950445234 0.12297140178298543 0.12271188622394547 0.12151993634477933 0.11970949900910624 0.117434884407067 0.11475710539515663 0.10723064750812872 0.09358133070855444 0.07730248628037582 0.06129705207044364 0.04735255690899714 0.03619295904170508 0.027814845126159518 0.021850670005882023 0.017381303926212635 0.0128774992056057 0.008966813529297922 0.005930825466413442 0.0037608490305711486 0.0023033630500872617 0.0013674847122666259 0.0007875955919357202 0.00043969538151793653 0.00023774626123158242 0.00012466749774617264 6.383683582348601e-05 3.255691620224374e-05 1.733945099517151e-05 1.0764121254978064e-05 9.414827635203587e-06 1.3275997387833562e-05 2.6204828677508668e-05 6.104389915186962e-05 0.0001529308096516203 0.00039054306772216477 0.0009842277867504621 0.002392635868205303
0.0993674384213716 0.1053275889920864 0.11113588761053614 0.11628622107412506 0.1205714206785798 0.12364779536116874 0.12550027633900876 0.12627753859478405 0.12612879184424897 0.12515733530715015 0.12343895598419796 0.12097508375915765 0.11345295680391257 0.10049651271541132 0.08521833425628149 0.07012938497539556 0.05679453080772467 0.04591618618709863 0.03760683494574499 0.031199390650376187 0.02407848754537319 0.01728738028825056 0.011735108114249401 0.007572375954645093 0.004675748592761567 0.0027793012554897067 0.0015967370602707595 0.0008895714621960532 0.0004826497855628789 0.00025698504297176253 0.0001362841179658025 7.404957665139907e-05 4.334775073722528e-05 2.9523734583706528e-05 2.6969365201972605e-05 3.470557868803126e-05 5.874086554809262e-05 0.00011810524046704098 0.00026251838718890794 0.0006097292413559852 0.0014217307255865329 0.0032338150829625857
