_KRIGING/CROSS_VALIDATION_CLASSIC/Berg/TZ/train_2/Berg_TZ_2_train_z_355.asc
ncols 100
nrows 90
xllcorner  5.6208707817415728
yllcorner 50.959635321741573
cellsize 0.00013419651685393446
nodata_value 1.7014100000000001E+038
[rows 40 to 59 of 90, columns 0 to 45 of 100]
4.37539907785317 4.56485766908582 4.74914455377721 4.92159161114296 5.07548372354754 5.20450506894641 5.30318739224882 5.36731502584407 5.39424337837484 5.38309547667641 5.33481411555468 5.2520635517685 5.13899215894765 5.0008834923531 4.84373545845311 4.67381402426937 4.4972283250037 4.31956835204996 4.14563579182698 3.97928489991615 3.82337572420739 3.67982864923774 3.54975880494415 3.43366237944124 3.33162455704752 3.24352025263216 3.16918314165497 3.10852460236613 3.06159107442307 3.0285552540726 3.00964311171835 3.00500487696359 3.01454399880433 3.03772370967701 3.07337598670869 3.11954179113944 3.1733734544666 3.2311287125786 3.28828000196894 3.33975155984883 3.38028084563558 3.40488122554459 3.4093623374617 3.39084661871104 3.34820904578889 3.2823657022978
4.46686207365215 4.66850518997614 4.86474686744618 5.04848797861959 5.21256495758177 5.35022226517904 5.45558833465 5.52410735940074 5.55288121714415 5.54088397145168 5.48902490627135 5.40005316283559 5.27831534216971 5.12939424601141 4.95966980895323 4.77585042591012 4.58452345308902 4.39176788123473 4.20286126032337 4.02209883471807 3.85272780976644 3.69698592018517 3.55622276515713 3.43107577465863 3.32167044938023 3.22781623366431 3.14917409185192 3.0853783896547 3.03610291104378 3.00106791145891 2.97999153421723 2.97249456095397 2.9779724042632 2.99545257073914 3.02345942775093 3.05991057942689 3.10206974587094 3.14657879650084 3.18958563627526 3.22697452272756 3.25469139793363 3.26914023109088 3.26760946890615 3.24867353786036 3.21250626731356 3.16104403231282
4.53663974786783 4.74756885002547 4.95290960518251 5.14522783347155 5.31700994172115 5.46115539160431 5.57147398130016 5.64313850239575 5.67304523550063 5.66004308257649 5.60500603077481 5.51074127848263 5.38174423365639 5.22382896951646 5.04367607162725 4.84834727865126 4.64481703194578 4.43956523616396 4.23826444154906 4.04558028240211 3.86508869077739 3.69929941517216 3.54976451616711 3.41724387249828 3.30189759009705 3.20347710517671 3.12149172357382 3.05533410763071 3.00435561117425 2.96788943501454 2.94522576802945 2.93554819861864 2.93784478569004 2.9508103937095 2.9727592289136 3.00156771742936 3.03466741654334 3.06910484965871 3.10167935429455 3.1291609236553 3.14857792861253 3.15755067453012 3.15463296443057 3.13961283157547 3.11371820395984 3.07967591890517
4.58168312357385 4.79861390410916 5.009827484997 5.20766586782231 5.38437944631402 5.53263234286145 5.64601369106614 5.71950432567908 5.74985019675186 5.73580224135156 5.67819654058507 5.57986650851057 5.44539806503469 5.28075644340819 5.09282691172749 4.88891936309726 4.67628756302493 4.46170806836842 4.2511527148762 4.04957413043071 3.86080834352355 3.68758451312826 3.53162093147948 3.39377984215765 3.27425154808507 3.1727402853157 3.08862939617908 3.02111017817906 2.96926616977704 2.93211157297789 2.90858839618239 2.89753150185991 2.89761411416623 2.90728864422143 2.9247390196251 2.94786095485937 2.9742854288222 3.00145754476215 3.02677746209429 3.04780200921911 3.06249523306138 3.06950452463941 3.06842779677496 3.06002872689106 3.04635372280541 3.03070807810198
4.60001598825 4.81941929451248 5.03304677442768 5.23313824200146 5.41183270243906 5.56167877323707 5.67615195822351 5.7501278951981 5.78026249108747 5.76523824365484 5.70585014211767 5.6049224832903 5.46706719193254 5.29831199501121 5.10564050340168 4.89649401615121 4.67828579462005 4.45797289091268 4.24171962217591 4.0346724775208 3.84085099702682 3.663145256246 3.50339983975288 3.36255768081811 3.24083514826681 3.13790179570746 3.05304323103658 2.98529233230127 2.9335212697098 2.89649348386384 2.87288028595402 2.86125084456064 2.86004706072101 2.86755640321087 2.88189634491255 2.90102361490768 2.92277986008247 2.94498214626471 2.96556167736523 2.98274704200569 2.9952795095023 3.00263826528405 3.00524446937446 3.0046065579393 3.00336733668013 3.00521787411155
4.59088343011864 4.80914418375597 5.02164878293157 5.22066121708813 5.3983385657531 5.54723843678827 5.6608339222452 5.73398563568341 5.76332211038259 5.74748807598239 5.68723402003076 5.58533814686114 5.44637085819811 5.27632943551176 5.08218417208758 4.87138492520303 4.65137806285689 4.42917829781144 4.21102918138606 4.00217205656832 3.80672837358423 3.6276866923874 3.46697521298175 3.32559434619984 3.20378191768335 3.10118560496858 3.0170221284442 2.9502092804859 2.89946383378251 2.86336471601465 2.84038594264541 2.82890742044424 2.82721393473813 2.83349363545061 2.84584736022203 2.86231926715113 2.88095740199807 2.89990975881437 2.91755685545543 2.93267574687758 2.94462300023387 2.95351619906721 2.96038627684057 2.96726803474954 2.97719532430087 2.99407205588072
4.55480601372946 4.76838798438256 4.97631508472429 5.17100057570759 5.34474780655508 5.49024670582101 5.60107820470878 5.67217737017541 5.70020764918859 5.68380660443524 5.62367700833342 5.52251437247939 5.38478048160608 5.21634958929651 5.02406715784676 4.81526858358784 4.59730639627543 4.37712918490242 4.16094519389494 3.95399007894565 3.76040396568958 3.58320988339247 3.42437556360507 3.28493451746665 3.16514047028235 3.06463116302628 2.98258223893476 2.91783818275338 2.86901385587063 2.83456609695576 2.81283952244405 2.80209383345661 2.80052168986961 2.80626679070836 2.81745146014034 2.83222192892967 2.84881760516807 2.86566778826663 2.88151530394476 2.8955613532678 2.9076196880027 2.91826166408529 2.92892783327068 2.94197789507461 2.96065054417513 2.9889092953373
4.49353272435761 4.69913617774428 4.89926597742183 5.08660263970631 5.25371676825875 5.39354711302576 5.49988672694084 5.56782993217999 5.59413432816629 5.57745969014838 5.51845850807991 5.41970939144859 5.28550227753138 5.12150075736453 4.93431952279702 4.73106221607288 4.51886602458676 4.3044944284705 4.09400973691465 3.89254428009152 3.70417550761819 3.53189784373902 3.37767459081754 3.24254741672863 3.12677922277749 3.03000800521449 2.95139374653063 2.88974622021634 2.84362770594935 2.81143006306082 2.7914298194708 2.78182768982526 2.78078032642725 2.7864323851491 2.79695643611285 2.81060705216764 2.82579360038696 2.84117373842701 2.85576622318643 2.8690773025145 2.88122983978524 2.8930789135463 2.90629281042222 2.92337525931209 2.94760472380496 2.98287069992953
4.40989677735781 4.6045965743515 4.79407738588491 4.97139263722418 5.12948866253218 5.26165766182561 5.36199868039011 5.42584189509132 5.45009290052605 5.43346085308736 5.37654648621102 5.28178154235659 5.15322787038778 4.99625988751111 4.81716608680012 4.6227121633886 4.41970937875871 4.21462719399824 4.01328007262647 3.82060641210041 3.64054482987579 3.47600143760044 3.3288928063094 3.20024394888116 3.09031901526115 2.99876406965107 2.92474540131909 2.86707220070792 2.82429802486267 2.7948004152313 2.77684178163169 2.76861704224951 2.76829460783123 2.7740573798501 2.78414978752746 2.7969357239926 2.81097062102451 2.82508875245234 2.83850404274571 2.85091909785893 2.86263297147307 2.87463371832723 2.88865777802536 2.90719566010708 2.93342336872251 2.97104250575692
4.30758883894904 4.48894244920751 4.66539448400536 4.83046041827259 4.97755404788904 5.10040975893542 5.19351251711484 5.25249396487016 5.27445430586885 5.2581762988679 5.20420896230819 5.11481300832314 4.99377553128509 4.84611582264292 4.67771531610236 4.49491108422002 4.30409331186352 4.11134296264408 3.92213744669328 3.74114109524088 3.57208551670395 3.41773423377013 3.27991778023285 3.159620486271 3.05709866963129 2.972011462447 2.90354920738341 2.85054922560993 2.81159379415802 2.78508957957528 2.7693310750525 2.76255262067825 2.76297445670372 2.76884822751239 2.77850670841662 2.79042148133603 2.80327091691924 2.81601907476189 2.82800388221842 2.83903009708886 2.84945914575386 2.8602842413236 2.87317579378069 2.89047984298894 2.91515202398856 2.95061229801617
4.19087070514798 4.35698857047635 4.51857093767559 4.66966511277666 4.80422447343641 4.9164957325396 5.0014134092897 5.05496340352858 5.07447874498497 5.05883665809454 5.00853639084361 4.9256504308545 4.8136559004624 4.67716603075182 4.52159178801346 4.35276959782319 4.17659204961631 3.99867465380883 3.82408409319313 3.65714342296201 3.5013190290753 3.35918447240744 3.23244889274115 3.12203315640762 3.02817554875447 2.95055015323185 2.88838436290612 2.84056630479722 2.80573741982226 2.78236932026857 2.76882691504889 2.76342152015062 2.76445836888081 2.77028285600649 2.77932927054659 2.79017490192749 2.80160132479541 2.81266333101562 2.82276425588116 2.83173422065562 2.83990507812773 2.84817279484891 2.85803507299836 2.87158987645647 2.89147999041083 2.92077060605496
4.06425793971709 4.21383229316156 4.35926949952893 4.49519777355768 4.61616125781494 4.71696931864581 4.79305234264807 4.84078970932397 4.85777668066317 4.84300241548851 4.79692059369321 4.7214059864148 4.61960304700708 4.49568437832093 4.35454607218346 4.20147219301228 4.04180152635617 3.88062630636251 3.72254581112599 3.57148878491443 3.43060913408466 3.30225069631514 3.18797022844849 3.08860374617406 3.00436010058131 2.93492684240797 2.87957632225687 2.83726377132665 2.80671300065986 2.78648872105609 2.77505695024002 2.77083643546072 2.77224459176265 2.77774137779777 2.78587406373685 2.79532518498765 2.80496519781653 2.81391041124591 2.82158553315529 2.82778849925171 2.83275309686237 2.83720236228335 2.84238314672696 2.85007015070799 2.86252680798139 2.88241137111685
3.93220179639379 4.06449395304244 4.19306198024088 4.31314355271697 4.41990406130722 4.50874632717863 4.57562592745512 4.61734172722803 4.63177217806887 4.61803280222099 4.5765385060096 4.50896485771772 4.41811373123609 4.30769912534056 4.1820770356124 4.04594790527697 3.90406092167094 3.76094641427827 3.62069659210708 3.4868069934601 3.36208265167803 3.2486053777593 3.1477527120973 3.06025556725635 2.98628047169209 2.92552331774536 2.87730401421183 2.84065471417571 2.81439763390133 2.79721135690293 2.78768661456588 2.78437377231528 2.78582473981974 2.79063198598027 2.79746701300765 2.80512020574417 2.81254348981742 2.81889665518614 2.82359739568187 2.82637392564333 2.82731736657012 2.82692898966681 2.82615508001547 2.82640007690208 2.82950731959851 2.83769682722597
3.79879894563892 3.9135887699722 4.02506438207235 4.12908252310535 4.22144129665062 4.29814993897738 4.3557031341213 4.39133340477618 4.40321599197461 4.3906049027491 4.3538859883134 4.29454205518252 4.21503480700586 4.11861744779517 4.00909876227847 3.89058349790721 3.76721448741866 3.6429393154639 3.52131909893189 3.40539012778282 3.29758186372262 3.19968821539806 3.11288394934753 3.03777503686336 2.9744707583295 2.92266621406052 2.88172600349834 2.85076260525342 2.82870582200562 2.81436208803074 2.80646421178876 2.80371318380082 2.80481412628187 2.80850849384749 2.81360446518157 2.81900724856122 2.82375081460429 2.82703231387395 2.82824999840117 2.82704467857104 2.82334348306714 2.81740292994096 2.80984620049152 2.80168735279035 2.79433349465272 2.78955522454304
3.66755263485515 3.76505696550949 3.8596368857251 3.94776161593893 4.02585730378592 4.09053757131584 4.1388373570633 4.16842743047994 4.17778777796654 4.1663217677147 4.13439918524255 4.08332406425953 4.0152316031573 3.93292614623475 3.83967812917871 3.73900125735425 3.63443165724184 3.52932844939531 3.4267106980881 3.32913986171135 3.23865068747412 3.15672789309111 3.08432167137873 3.02189244268801 2.9694744273655 2.92674828054391 2.89311478408177 2.86776389807593 2.84973583851515 2.83797288824644 2.83136215247142 2.82877039556028 2.82907253746059 2.8311755164184 2.83403922008994 2.83669617913933 2.83827174762832 2.8380065064596 2.8352824844962 2.82965432555197 2.82088558894588 2.80898888993914 2.79426663036238 2.77734686660318 2.7592067966088 2.74117491950046
3.54120188042129 3.6219708840199 3.70016961265976 3.77286058832258 3.83708096532423 3.89003543748278 3.92929098808674 3.95295453222363 3.9598152918759 3.94943694536493 3.92218984636836 3.87922020839869 3.82236015873007 3.75398896956446 3.6768606677581 3.59391596496411 3.50809676275061 3.4221794971175 3.3386397735371 3.25955583249378 3.18655320025967 3.12078818960922 3.06296430806163 3.01337343425574 2.97195288357895 2.93835000588419 2.91198737876617 2.89212354857491 2.87790622295516 2.86841652605746 2.86270422000889 2.85981464193028 2.85880858285712 2.85877658268884 2.85884927907816 2.85820563064679 2.85608106389703 2.85177781153088 2.84467978840995 2.83427412182908 2.82018075457328 2.80219027179989 2.78030827368961 2.75480237474673 2.72624555971972 2.69554759900839
3.42162726864099 3.4864288716389 3.54896507309111 3.60686401918903 3.65774873250661 3.69939457407524 3.7298868610859 3.74776312649217 3.75212530269222 3.7427098712071 3.71990843006005 3.68473659669339 3.63875490930968 3.58395058661363 3.52259292387762 3.45707723295957 3.3897723699463 3.32288515637622 3.25835179294672 3.19776228580259 3.14231962525546 3.09283159524278 3.04973011863757 3.01311121730274 2.98278802165081 2.95834964514952 2.93921985807178 2.9247110129904 2.91407027452499 2.9065166468966 2.9012684398118 2.89756163765457 2.89466019461364 2.89185967164477 2.88848596693316 2.88389124338811 2.87744953905502 2.86855490427431 2.85662512589139 2.84111401757262 2.82153471640911 2.79749530914617 2.76874638008189 2.7352378119329 2.69717960909566 2.65509901884997
3.30983406236507 3.35953678624539 3.40721836236332 3.45104059018862 3.4891835042742 3.5199699418844 3.54198829665549 3.55420110949429 3.55602799154137 3.54739376855287 3.52873640278341 3.50097369216731 3.46543233666258 3.4237470410971 3.37774032436028 3.32929524362487 3.28023318196034 3.23220730710333 3.18661962609496 3.14456621626323 3.10681173686844 3.07379120014016 3.04563456628466 3.02220822075011 3.00316681961927 2.98800923244047 2.97613315779874 2.96688418435417 2.95959638321745 2.95362276517185 2.94835501134746 2.94323275587401 2.93774338985294 2.93141392699788 2.9237969863005 2.91445344826608 2.90293482997843 2.88876885141975 2.87145193303994 2.85045233841059 2.82522720955153 2.79525571074974 2.76008883386732 2.71941415771989 2.67313115940864 2.62142985270641
3.2060064953917 3.24147032227009 3.27508763219764 3.30552158516052 3.33148078553489 3.3518136203869 3.36559847169443 3.37222033331224 3.37142530421262 3.36334654296233 3.34849830087265 3.32773819176089 3.30220140473202 3.27321362041786 3.24219153303756 3.21054084723818 3.17956133935506 3.15036717002414 3.12382838923552 3.10053686263183 3.08079706968744 3.064639736621 3.05185433084109 3.04203520008251 3.03463560869372 3.02902402796172 3.02453763553095 3.0205289040665 3.0164022522507 3.01163886359483 3.00580886352168 2.99857103727115 2.98966115821866 2.97887078661421 2.96601910740547 2.95092101029183 2.93335516402533 2.91303626096451 2.88959583572517 2.86257599258928 2.8314398910736 2.7956018224411 2.75447808250479 2.70755760277333 2.65448854966879 2.59517408510306
3.10962198106977 3.13160550115297 3.15184087012241 3.16946343046764 3.18368588877006 3.1938649955747 3.19956137485868 3.20058563443361 3.19702498228561 3.18924649541929 3.17787569782193 3.16375186122792 3.14786406089264 3.13127413587239 3.11503404120956 3.10010548819428 3.08728924462397 3.07717014090723 3.07008193159317 3.06609397865095 3.06501953594629 3.06644346437804 3.06976566447757 3.07425546924942 3.0791117138547 3.08352315486714 3.0867242809438 3.08804225444671 3.08693166337574 3.08299486314974 3.07598687332905 3.06580499725114 3.05246449198233 3.03606267992297 3.0167348201815 2.99460581618997 2.96974240160916 2.94211079427378 2.91154490188204 2.87772994791285 2.84020578473179 2.79839308356371 2.75164395964087 2.69931637440339 2.64086891357853 2.57596945534454
