_KRIGING/CROSS_VALIDATION_CLASSIC/Berg/TZ/train_2/Berg_TZ_2_train_z_500.asc
ncols 100
nrows 90
xllcorner 5.6208707817415728
yllcorner 50.959635321741573
cellsize 0.00013419651685393446
nodata_value 1.7014100000000001E+038
[rows 40 to 59 of 90, columns 45 to 89 of 100]
0.526566094213991 0.43968799350976 0.34605134153904 0.249504988934052 0.15465227786823 0.0665307469754042 -0.00978845954424034 -0.0696443304596988 -0.109227817050013 -0.125973998784399 -0.118859866807051 -0.0885715333720603 -0.0375177265876783 0.0303175296015429 0.109673007643345 0.194432846042195 0.278133798001501 0.354508124093232 0.418009148635007 0.464268276209097 0.490439561980161 0.495399932818683 0.4797885178853 0.445885524359452 0.397347739336084 0.338832130665561 0.275549503437964 0.212795580605871 0.155506706363138 0.107881840293696 0.0731025375468253 0.0531696705896617 0.0488615451122356 0.0598046520656696 0.0846372112779442 0.121238080058539 0.166990111498397 0.219047614676452 0.274581599841072 0.33098299023473 0.386011750866476 0.437887730892767 0.485325931095956 0.527524185759672 0.564114539384574
0.491815376936073 0.407866718808415 0.318824700601189 0.228249804228638 0.140339280313789 0.0596384978999189 -0.00931793638607115 -0.0624028542340061 -0.0962914525946081 -0.10881222445182 -0.099213868462483 -0.0683151916324138 -0.0185161609324295 0.0463377137606985 0.121230135043066 0.20036543306933 0.277641299482032 0.347158194372704 0.40371613367849 0.44325018423492 0.463161915571376 0.462514715422935 0.442075135731745 0.404198699327622 0.352574975336661 0.291861273678024 0.227245264260358 0.163982891501027 0.106958471157254 0.0603089152230901 0.0271444605124878 0.00938551311803995 0.00772107759324203 0.0216806209088483 0.0497998305540039 0.0898528213081733 0.139119582002141 0.194657840673804 0.253552490782228 0.313122261715506 0.371071211456807 0.425580640057097 0.475344122401694 0.519553799448286 0.557849476364239
0.471562009826344 0.391581312459599 0.307805112702087 0.223451481754146 0.142276865214346 0.0683217282281199 0.00559457105159633 -0.0422779470234374 -0.0724006096054897 -0.0829220211512123 -0.0732741900526606 -0.0443093079581824 0.00168701820727135 0.0611147766301166 0.129305924406452 0.200879607246159 0.270175520465687 0.331725385720768 0.380717223541983 0.413406598452691 0.427433554139101 0.422013210300149 0.397981037923088 0.357689222063335 0.304766450105849 0.243767978451655 0.179754112015315 0.117841861865739 0.0627757355778811 0.0185593275007779 -0.0118196577660384 -0.026550719616978 -0.0250419627246575 -0.00784896323147369 0.0234899925129071 0.0666852733917318 0.118962861010922 0.17733607958754 0.238855108225416 0.300813762079271 0.360900924563738 0.417292083008575 0.468683595952721 0.514277841660128 0.553730874729381
0.464041838583218 0.388667265183472 0.31045417335783 0.232246227393227 0.157345060039821 0.0892913679479459 0.0315916619250685 -0.0125861452080924 -0.0407192856552106 -0.0512068844545093 -0.0435855240097303 -0.0186563839310545 0.0214958168104077 0.0736017027530121 0.133421728842915 0.196061715440662 0.256363402015711 0.309334726242175 0.350578680325347 0.376678045082464 0.385496499443846 0.376364435070929 0.350129554729817 0.30906671625744 0.256656788537457 0.197258589125668 0.135709419039547 0.0768967967786722 0.0253458171202988 -0.0151370322434833 -0.0417311458845258 -0.0527595912848851 -0.0477304514672589 -0.027268194334989 0.00704695907977138 0.0529054897434269 0.107530525093194 0.167944930503164 0.231216837964737 0.294663211335447 0.355998819284109 0.413425979861812 0.465667580263472 0.511951391976423 0.551957193991649
0.467017573506105 0.396553354273396 0.32390909333578 0.251541938163579 0.182302559484002 0.119251518451551 0.0654274336858174 0.0235858242313425 -0.00406715720364836 -0.0161188458271821 -0.0121445587065647 0.00717220027549681 0.0400126960645835 0.0834995985265443 0.13387762366809 0.186787454619497 0.237611496580452 0.281860900633025 0.315566989270509 0.335637727015986 0.340141809802235 0.328489376922974 0.301488754293568 0.261271898760767 0.211095732074068 0.155040462435985 0.0976374314670237 0.0434664390240395 -0.00323510524795471 -0.0389117358894962 -0.060946363105737 -0.0678129456025365 -0.059117828832076 -0.035535227632383 0.00134637270557739 0.049241951923555 0.105422622927321 0.166973821619026 0.231032988895072 0.294986761042454 0.356615213403865 0.414178494379309 0.466448180159212 0.512691107521731 0.552616896389885
0.478067435044218 0.412560748100928 0.345286300720758 0.278319581580739 0.214078679480686 0.155174612736111 0.104218651732663 0.0636015357378066 0.0352643748991674 0.0204841893372589 0.0196979619610365 0.0323874530947419 0.0570427650410111 0.0912159505934632 0.131667323448882 0.174597331367924 0.215946921756174 0.251740449607679 0.278438559787287 0.293265184682754 0.29447357149451 0.28152133770859 0.255133600939015 0.217245284569613 0.17082729365839 0.119614599700824 0.067765536292107 0.019489212361234 -0.0213191610457703 -0.05139741209099 -0.068359230564122 -0.070840267530564 -0.0585394501424502 -0.0321599438553385 0.00673487436203352 0.0559270540410216 0.112783649750827 0.174502173797023 0.238336943496358 0.301787041377886 0.362733783824173 0.419523071317433 0.470994737196108 0.516466268453181 0.555681636964341
0.494822638814502 0.434141500976279 0.371915256025001 0.309856198947378 0.249979229733947 0.194483930091999 0.14559805719437 0.105393772635188 0.0755924085143269 0.0573768217611417 0.051231908408093 0.0568332626409398 0.0730010643721845 0.0977310855972309 0.128307516689363 0.161493724060118 0.193787937469515 0.221722320505247 0.242177084329455 0.252677367142278 0.25164035365748 0.238543934818049 0.213995918948201 0.179693603979691 0.138276074778418 0.0930842161680357 0.0478543568781767 0.00637911298022073 -0.0278277126285167 -0.0518268228021649 -0.0634803446175032 -0.0615900853357969 -0.0459387231513976 -0.0172373093740318 0.0230071191273673 0.0726822756181845 0.129293907734333 0.190195263714805 0.252799134977668 0.314754149958182 0.374073726932038 0.429213156779335 0.479096688839211 0.523101506517536 0.561008707429931
0.515140074558717 0.459044456982793 0.401492626606758 0.343862244405048 0.287801976671557 0.235142432149025 0.187772336051813 0.147488106253616 0.115829104973989 0.0939141320753269 0.0822967287465393 0.0808571514105806 0.088747149227779 0.104399814612045 0.12561090754731 0.149690613043952 0.173676413820389 0.194589639713326 0.209711427586166 0.21684940500244 0.214565295015686 0.202336320465612 0.180629712666013 0.1508791536869 0.115363416037466 0.076999245582685 0.0390709726578011 0.00492690075609509 -0.0223238940641812 -0.0400816020838659 -0.0464649373469151 -0.0404405022554545 -0.0218636727193221 0.00856664383208372 0.0494272360440153 0.0987442910901836 0.154197904313688 0.213333013544016 0.273754792329462 0.333291347354597 0.390112779791098 0.4428022372074 0.490380566315428 0.532290885186495 0.568352443823338
0.537207748465699 0.485408383848098 0.432159210110669 0.378538490298881 0.325869984464321 0.275659416513397 0.229499534723618 0.188949225685923 0.155395895781481 0.129913619620628 0.11313192100317 0.105131053005785 0.10537890249957 0.112721931469043 0.125437882603707 0.141351611724482 0.158007972643726 0.172888061169363 0.183648397069353 0.188357883795708 0.185705565518556 0.175153870088004 0.157017248522109 0.132454387481336 0.103372438811955 0.0722525508252432 0.0419158146701443 0.0152560870702736 -0.00503007594395177 -0.0166864660030557 -0.0180876362071252 -0.00835857656116981 0.0125849597970434 0.0440740846303926 0.084791903505253 0.132928782221288 0.186366391994757 0.242868339828406 0.300257257801493 0.356562532925745 0.410128502490338 0.459678948959293 0.504339234158332 0.543621766571965 0.577383334442952
0.559589376719572 0.511791180489966 0.462511072473047 0.412566696079233 0.362999811880562 0.315034732320735 0.270008356510732 0.229275005787771 0.194092678139279 0.165500565217343 0.14420028866512 0.130454858880025 0.124019416015534 0.124116071527061 0.129461524718486 0.138350757634567 0.148793504618032 0.158693137330608 0.166051098775057 0.169175119451022 0.16686708951631 0.15856726333564 0.14443559288338 0.125358039940497 0.102874804506348 0.0790372417124272 0.0562093589245849 0.0368368038961656 0.0232101136169727 0.0172491446415535 0.0203321063991352 0.0331861084220543 0.0558477019118879 0.0876928816738772 0.127527756109177 0.1737247088051 0.224385093606955 0.277508581040708 0.331150998610641 0.3835562973646 0.433253318186991 0.479113443093272 0.520370204012285 0.556605886466445 0.58771276811603
0.581220204185661 0.537149546451171 0.491561629505957 0.445053076441041 0.398425813819848 0.352663870627679 0.308884517341198 0.268265116657857 0.231950152190897 0.200946018192391 0.176013904161582 0.157573044983379 0.145627283428354 0.139726946915341 0.138975293429973 0.1420843128144 0.14747886740132 0.153441707112341 0.158285710169505 0.16053478228212 0.159092108897708 0.153374541901892 0.143395039619865 0.129780992317264 0.113724191647662 0.0968670003378773 0.081137618159047 0.0685539376874721 0.0610193301359516 0.0601342447832183 0.0670447402465662 0.0823435225168387 0.106031697403725 0.137541446257415 0.17581241576248 0.219408800195415 0.2666605689957 0.315811311006903 0.365156566152355 0.413159789784284 0.458537524074612 0.500310147354486 0.537819019709601 0.570714398590881 0.59892084850565
0.601368616820423 0.560785591710825 0.518672969774085 0.475444536273511 0.431701982603109 0.388226585267951 0.345947755717472 0.305888404408525 0.269089848347007 0.236521956301299 0.208987017115639 0.187028003316899 0.170853033382954 0.160287522570328 0.154763520556084 0.15335207084113 0.154839390570442 0.157841851202735 0.160948961260279 0.162878741235689 0.162626911971396 0.159590838464029 0.153651455380833 0.145201266834746 0.135113325229616 0.124653854805158 0.115348704249702 0.10881991717253 0.106612457200561 0.110031972244516 0.120012375371484 0.137027388180953 0.161053857409994 0.191587664885874 0.227706485242255 0.268168430397187 0.311532381694339 0.356284802670212 0.400958925538123 0.444234981756499 0.485013973993875 0.522461670348581 0.556023406081255 0.585413417842628 0.610584526346421
0.619577888900513 0.582276077849552 0.543473280855405 0.503435474822605 0.462599797721914 0.42157787327775 0.381138361589598 0.342167613585775 0.305609798804689 0.272390654481932 0.243331752732524 0.219064496957238 0.199954498112176 0.186047148238795 0.177043837538145 0.172315303798383 0.170954282185851 0.171864440925145 0.173877272905176 0.175884012539205 0.176966580167634 0.176510653058174 0.17428552650834 0.1704793554287 0.165684135596183 0.160831535494898 0.157087373700489 0.155718099409767 0.157946209592492 0.164812603161532 0.17706233843087 0.195066465790274 0.218787247773576 0.247788061160215 0.281283549041973 0.318220977985998 0.357380824755284 0.397483611472228 0.43729084116391 0.475690196710389 0.511758417458694 0.544798858375247 0.574354111062015 0.600196796466043 0.622303471860056
0.635600246099983 0.601397216603758 0.565773814611084 0.528878826713285 0.491015674499513 0.452654500008285 0.414425671053282 0.377092837006433 0.34150587918754 0.308536666756065 0.279003168511562 0.253589810534821 0.232773591235932 0.216765978067542 0.20547973471819 0.198527477197083 0.195255092535029 0.194808594984675 0.196228179408979 0.198558921305815 0.200964520115664 0.202829285443652 0.203834541424862 0.203998727987729 0.203675291091293 0.203508247924263 0.204351173671823 0.207160350640206 0.212876166287578 0.222308053319576 0.236037214518238 0.254348330049977 0.277196984331088 0.304214447380386 0.334746522783434 0.367919152312478 0.402720852984023 0.438091084488442 0.473004246920403 0.506540894274272 0.537940464509292 0.566632859302709 0.592249077763967 0.614613447066925 0.633721575771712
0.649332228556657 0.618054201154539 0.585494496139748 0.55171008148 0.516896078314713 0.481404141715558 0.445744293990469 0.410567864086675 0.376631140356426 0.344741683298983 0.315691724578626 0.290185361673976 0.268767956781734 0.251766891827963 0.239252339384261 0.231024870980767 0.226633650448444 0.225424997927729 0.226616810929565 0.229390365695199 0.232988074462631 0.236804397655435 0.240457620416898 0.24383260144147 0.247088559174899 0.250630865822414 0.255050889248095 0.261042342264667 0.269305672387189 0.280453300859808 0.2949278641815 0.312943220780381 0.334454334133209 0.359157882312406 0.386521272723771 0.415834282822499 0.446275248649102 0.476982793967884 0.507124501229331 0.535955432556096 0.562861637794683 0.587386306297914 0.609238624133295 0.628287371310703 0.644542640644807
0.660756927245889 0.63222080046148 0.602603001509624 0.571888321018313 0.540183269537537 0.507738751366714 0.474958051788886 0.442387535836715 0.410689170633114 0.380596088858055 0.35285469603305 0.328158989592287 0.307084451959896 0.29002975800763 0.277174330663057 0.268458363605272 0.263589378795035 0.262075982939411 0.263285700767934 0.266520181353521 0.271098300059631 0.276436218495614 0.282113622305357 0.287917165480313 0.293855355535843 0.30014321240289 0.307159361740783 0.315382079514489 0.325313579631984 0.337403121621156 0.351979170555995 0.369199008293989 0.38902125590066 0.411203261051836 0.435321819841109 0.460812770451076 0.487023002726742 0.513267563694192 0.53888479088011 0.563283583869296 0.585978722162667 0.606612197193488 0.624960509730897 0.640929523262716 0.654539593714972
0.66989567241177 0.643891073129491 0.617068596176478 0.589354553491238 0.560780697673537 0.531509671133208 0.501847440455797 0.4722400328727 0.443253387577765 0.415537008227246 0.389774173410365 0.366623467169728 0.346658019211875 0.330309781604976 0.317826164932963 0.309245285193047 0.304393975958552 0.302909828006939 0.304285226903466 0.307928173148844 0.313232117260655 0.319645575033325 0.326732190646514 0.334213242465039 0.341987145462541 0.350123884584938 0.358835960705228 0.368430749800653 0.379251640354733 0.391616560880921 0.40576239915279 0.421802444891997 0.439701661608949 0.459271751278988 0.480185105628567 0.502004285639792 0.524221966159549 0.546305494942505 0.567740345318583 0.588067642360004 0.606912366539365 0.624000495430872 0.639164954352167 0.652341588745265 0.663557305057317
0.676769557476736 0.653042940718942 0.628829621612321 0.604005174030154 0.578534623754018 0.552499642892538 0.526114191344268 0.499725970638665 0.47380235633701 0.448901126056204 0.425628148713993 0.404586020933428 0.386319155114028 0.371261762685678 0.359695307709828 0.351721206728863 0.347252842448617 0.346028525361642 0.347644209346445 0.351601974051962 0.357367983742809 0.364432215743511 0.37236198108013 0.380842202796358 0.389697430686762 0.398893324374805 0.408518372327574 0.418749433539055 0.429806843146436 0.441905996230692 0.455212381673502 0.469806043771394 0.485659640069565 0.502631994081956 0.520476710390161 0.538863396202239 0.557407595354448 0.575704836301814 0.593364234737039 0.610037762763456 0.62544240431399 0.639373727038243 0.651710688176882 0.662412574082859 0.67150973418415
0.681369924057765 0.6596121160259 0.63777232733234 0.615677295631654 0.593227622388066 0.570426159569355 0.547396073012433 0.524386085397548 0.501761531659839 0.479981303109366 0.459562386965903 0.441035333453038 0.424895367124973 0.411554760039789 0.401302299016917 0.394275091851199 0.390446575595944 0.389632560215345 0.391514736460466 0.395678658873602 0.401661171098909 0.409000914152514 0.417285180482749 0.426187020019787 0.435488065099199 0.44508475621978 0.454978146924477 0.465249830484772 0.47602838703176 0.487451824792788 0.499631659070704 0.512623575482022 0.526408241544388 0.540884044536001 0.555871665803534 0.571128754087609 0.58637176342009 0.601301402281718 0.615628115943876 0.629094510538011 0.641492473045972 0.652673761155171 0.662553850124053 0.671109683628695 0.678372587141642
0.683636549632945 0.663474605082734 0.643718618780742 0.62414276613007 0.604579940112658 0.584951233523893 0.565286073686816 0.545730703388338 0.526543685461951 0.508078364623564 0.490753645442121 0.47501587857648 0.461295887712905 0.449966007863171 0.441302264474559 0.435456397054566 0.432441319243135 0.432131925548069 0.434281127995278 0.438548934784232 0.444540594374862 0.451848615049168 0.460093034677379 0.468954730491944 0.478197750289161 0.487678407559809 0.497340912397795 0.507201269354795 0.51732275024463 0.527787213305645 0.538666778085523 0.549999897298618 0.561774830083721 0.573922136223941 0.586316334652578 0.598785545397576 0.61112695082705 0.623125377625603 0.634572234589223 0.645282383064501 0.655107149978885 0.663942473741271 0.671731958486566 0.67846528534 0.684172913964632
