_RESULTS/CROSS_VALIDATION_POSTPROCESSED_80-20/MHZ/GZ/8comp/4/MHZ_GZ_z_1000_kriged_reverse_8comp_spherical_4.asc
ncols 100
nrows 74
xllcorner 5.5967023332191781
yllcorner 50.982320383219182
cellsize 0.00019249356164376555
nodata_value 1.7014100000000001E+038
[rows 36 to 53 of 74, columns 40 to 79 of 100]
0.0008741549160594216 0.0007989586819321186 0.001071580408367382 0.002017590016904402 0.004968041325067112 0.014220886222213487 0.028036027124695884 0.0214495644154596 0.010356731934844534 0.004717961350046519 0.002257620223240683 0.0011800399121104498 0.000689760573580946 0.00044983237868745075 0.0003283432578707036 0.0002728789730215291 0.00025380932695635405 0.0002574970803990715 0.00029845523550347164 0.0004275789485887906 0.000775663545136803 0.0018464823211791163 0.005229393413908985 0.014068790230112118 0.03342038028190944 0.06716260857915485 0.11176344806359138 0.16858694264445692 0.21361237820920137 0.22552482187025044 0.2006158071694174 0.1499939996377693 0.09293711622821724 0.049209215318495765 0.02243357496617209 0.008593234163405515 0.0028015227854802146 0.000813383652686448 0.00022200010061380074 5.9675307688881074e-05
0.0010182023595343018 0.0009773987008405503 0.0013086553934352227 0.002614491479885492 0.007401286027650094 0.02816160237865938 0.10716513097555329 0.032821986772075484 0.01017714358669623 0.003554643386367776 0.001418027788955693 0.0006576629078264613 0.0003608228712216956 0.00022733292868226194 0.00016054432325521962 0.00012752665224219188 0.00011479539269633831 0.00011456192376611807 0.00013805288935043528 0.00020502559304031354 0.000391333377781478 0.0009863644828058853 0.003028169197835088 0.009136605247393452 0.02431684344481818 0.05391061714330861 0.09568201268611533 0.1516395133857578 0.20728878586532412 0.2379708456947879 0.23256546532245914 0.193908490893635 0.13604829154173992 0.07864876264026396 0.037661266909273745 0.014225555578878871 0.004335561110312827 0.0011637117147812546 0.0002970348093758868 7.638541069493154e-05
0.000835956868509666 0.0008397081078169873 0.0011586474815024202 0.002275349576444162 0.005916058124774388 0.01731807616053297 0.032552082822736576 0.017589935532194463 0.005881842052061032 0.0019435392907831957 0.0007151524304829181 0.0003058304395705199 0.00016030831425978842 0.00010176429618013276 7.391258558924046e-05 5.88557587797792e-05 5.2388469599981494e-05 5.390464221519953e-05 6.78052315857481e-05 0.00010389772460598841 0.00020152546978968887 0.0005088941614731029 0.0016014926198384856 0.0051240526304604265 0.015236082412439084 0.03822757272026475 0.07698346207447827 0.13090686783375427 0.19307420177253992 0.2399900598368215 0.25825395570216914 0.2429877883718313 0.19883264065098682 0.1362256516287618 0.07313219862191417 0.027489673875482717 0.0076208502536627126 0.0018465264347001563 0.00044021151206296785 0.00011088470375563072
0.00048581719145086497 0.0004947128167658278 0.0007085720771722405 0.0013593478238149975 0.003019536931889082 0.006110338706796056 0.008242970860535314 0.005643051517755918 0.0023661643579659243 0.0008229080055072115 0.0002850983444445849 0.00011520705203601678 6.0720365908188346e-05 4.1332810672718804e-05 3.2997991302669314e-05 2.7858368798224195e-05 2.5281292634330048e-05 2.7453255257919707e-05 3.537433984133996e-05 5.401867870236569e-05 0.00010426928114053788 0.0002619620567067401 0.0008202752806035414 0.002669771214909741 0.008392348638607465 0.02361588798225619 0.0538999616827736 0.10020506151819923 0.16498165216672311 0.22564680533582862 0.26620755084145753 0.27994754252308623 0.26676456428533274 0.22935265476566546 0.160641604329073 0.05846613074822286 0.013290273384645567 0.0028813123248986406 0.0006558443467386929 0.00016478339516756523
0.00020173694616186776 0.0002156822008544009 0.00032096652357309943 0.0006100689721587813 0.0012720820854589718 0.0022065754507532087 0.0026769972372114367 0.0019611314008223545 0.0009121153076630847 0.00031144578539177276 9.794805480908994e-05 3.696060375207154e-05 2.055663195207828e-05 1.629974868164121e-05 1.5065212129348982e-05 1.4027588169710063e-05 1.3617493272837122e-05 1.5127474574262596e-05 1.9451253559081603e-05 2.9285310462849973e-05 5.557873209364899e-05 0.00013757954123879362 0.0004187717445462785 0.0013501386284791883 0.004310743589911655 0.013004026030820015 0.033039556572996176 0.06641629205954082 0.120610819149676 0.18621205051438097 0.24347206548511832 0.28006758317440533 0.2948343958037259 0.28922760979252155 0.2614243580159879 0.0905059065457534 0.01866900162773212 0.003970901436515546 0.000908741063367623 0.00023433015246692663
6.528465847780509e-05 7.448398377804026e-05 0.0001200793791129344 0.00024155345821208496 0.0005186400327953144 0.0009230456063367624 0.0011151309588205553 0.000855259008245399 0.00040405790069169016 0.0001283225300484953 3.3102279703598955e-05 1.0408927712846344e-05 6.528255652662257e-06 6.713222670549933e-06 7.439940339925215e-06 7.999034045516812e-06 8.358791972668732e-06 9.325787901246718e-06 1.1716719273609488e-05 1.7079639719334648e-05 3.127753696309239e-05 7.517728331280768e-05 0.00021650170136854003 0.0006689977533810406 0.002129383704570397 0.0065696452402694274 0.018170532555061812 0.0381422679146787 0.0738797361753971 0.12728506781868124 0.1867764533262292 0.23289105789072484 0.25499197023819925 0.24329172282128103 0.1764448561565212 0.07314605908810196 0.019376945311534007 0.0046097904547861696 0.0011311514872560594 0.0003067894755341105
1.727916512313398e-05 2.1849133746402866e-05 4.133307891859825e-05 9.605428491994124e-05 0.0002328270940821944 0.0004662763726961575 0.00062229070792615 0.000501151183241983 0.0002449208134319351 7.375285231811425e-05 1.455928933725383e-05 2.6395303032930143e-06 2.3482709676707746e-06 3.6465959647444273e-06 4.944475824088009e-06 5.8116460074682094e-06 6.175516729006485e-06 6.683915065407951e-06 7.994243226378601e-06 1.1000918724256305e-05 1.897496432062242e-05 4.318755010756104e-05 0.0001141685171887278 0.00032924894753229896 0.0010075233906438438 0.003046014339781539 0.008455219852360321 0.018759040435100505 0.03823510370509064 0.07289441768573059 0.11820363381485441 0.16051119063307115 0.17950596434465083 0.16577322154603003 0.11215636717723054 0.051227299558603605 0.016834739306181717 0.00463665301873775 0.001254546109124177 0.0003637197194265666
3.913613557124277e-06 5.979867747920276e-06 1.485793335030594e-05 4.286369654411479e-05 0.00012519139368226398 0.0002949993236831097 0.0004597792817490313 0.0004227153412099966 0.0002353713594828436 7.965749210734351e-05 1.693098589874357e-05 3.042376343646454e-06 2.6962281911524913e-06 4.163740990406617e-06 5.397604008645219e-06 5.905033238122625e-06 5.751644409216318e-06 5.646364805839101e-06 6.1734612023699306e-06 7.8848145992622e-06 1.2584032574674942e-05 2.608528170533469e-05 6.185228358811086e-05 0.0001628750146226363 0.0004632754268862614 0.001318630703074527 0.003489477725926101 0.008148642545598503 0.0175696140598856 0.03610884175449849 0.06443443406921262 0.09498157306696486 0.11231157706937313 0.10216135524848441 0.06931129804544904 0.0344488894902427 0.013206257219848883 0.004288860664101873 0.0012964703671192925 0.0004011770860651979
9.814771009343235e-07 2.0578077143814954e-06 6.6165466957817925e-06 2.3573838438945804e-05 8.277166839511433e-05 0.00023416958776297094 0.0004402945706311342 0.0005094462869878759 0.00036133951904316806 0.0001651083786362782 5.370934942769402e-05 1.8452094407012246e-05 1.1362612144453214e-05 1.0518821370251265e-05 9.895829372771977e-06 8.505572173734008e-06 6.78967652258315e-06 5.624837498854981e-06 5.351563006785442e-06 6.153328612143044e-06 8.973555553094734e-06 1.632712221803215e-05 3.44202901580228e-05 8.198710760815635e-05 0.0002137736781930423 0.0005707425376889883 0.0014425471710005793 0.003357687526676532 0.007573417642074195 0.016177288770891 0.03137033052381536 0.05002273324649269 0.06329720724524468 0.059021830269584755 0.041558429107371134 0.02256873783418705 0.009770043816122368 0.0036412731455963084 0.0012554455076975537 0.00042270009469408116
6.769074370654911e-07 1.2360740369632227e-06 4.014352825382672e-06 1.6336066621547435e-05 6.670883553070785e-05 0.00022247641249408136 0.0005155048892517327 0.0007914998798696259 0.0007859339083666622 0.0005297687134136047 0.00025963876118300695 0.0001193408333823129 6.49041429134076e-05 4.1064329249362886e-05 2.6405229355354704e-05 1.620124853597005e-05 9.744953718930375e-06 6.4201915228075116e-06 5.104246715719878e-06 5.157405450416167e-06 6.633807679210186e-06 1.0342173804180499e-05 1.9274211335771842e-05 4.1494973357142004e-05 9.930377591340043e-05 0.0002485730687107645 0.0005972528939714011 0.001351993838824574 0.0031419738834558637 0.006894481958166335 0.01387522117464821 0.024086904146408565 0.03279618643911554 0.032651373988952584 0.02430184372293982 0.014394799862483182 0.006972441813972489 0.0029138481423981065 0.0011139030768494691 0.0004093853264531058
5.231987244771733e-07 8.944759427606038e-07 3.130902064332503e-06 1.3921486520764273e-05 6.38800961630419e-05 0.0002436606209479516 0.0006990016690652007 0.0014794825541791321 0.0022459744918430797 0.002266021999850124 0.0014367751596478743 0.0007700425284707519 0.00039632159265118 0.00019193395984408264 8.571625438364175e-05 3.65090981376157e-05 1.5826857313944005e-05 7.987415016604433e-06 5.1739543651761976e-06 4.518841911663013e-06 4.930686129574149e-06 6.5857994159281285e-06 1.0883193240896108e-05 2.126267362839673e-05 4.689830534504166e-05 0.00010994503472469602 0.0002500311684535404 0.0005513132766548139 0.0013020149094800702 0.002923658425167412 0.005995747736325606 0.010926382446212007 0.01607081318764385 0.0173631980239136 0.01393022907017935 0.008994423016975315 0.004833194758155771 0.002219946043568538 0.0009251950785411521 0.00036721335335335636
5.691124626149727e-07 1.1330564546992325e-06 3.630967621142593e-06 1.583509328390273e-05 7.66497278969937e-05 0.0003191980908934696 0.0010751981602829075 0.0029157349068120804 0.006447546880165488 0.010223218900646196 0.007034021836617359 0.004515498019202042 0.0024207070359976487 0.0009502759740142019 0.00029428679128630004 8.573179534554625e-05 2.6704695528094693e-05 1.0229464911065734e-05 5.350608350863323e-06 3.832928561276127e-06 3.571535459084471e-06 4.202761359869523e-06 6.246628961425044e-06 1.1195310992515987e-05 2.2933304619266588e-05 5.0421756631920736e-05 0.00010820968203546869 0.0002353792071479556 0.0005611943317267961 0.0012847361207232932 0.0026807188579143987 0.004967914654062805 0.0076071544420912756 0.00897183687631235 0.007867192922813484 0.0055257276191862095 0.0032382986783339334 0.001624408857708207 0.0007320902046047757 0.000311788351764057
8.047975043473811e-07 1.791362020049508e-06 5.583117654346411e-06 2.3000074788051203e-05 0.00010855704329858366 0.00046488592722663353 0.0016873415560696697 0.005095798855405271 0.012301142733657242 0.0205701434237446 0.02276771050404868 0.021076697835406798 0.014453876876718461 0.0045333343982695284 0.0009241041561718605 0.00018660586057895449 4.298994753021392e-05 1.2749801400023272e-05 5.200993078571965e-06 2.9964629972007603e-06 2.4713698128594004e-06 2.7104627039424568e-06 3.710951780690071e-06 6.185720563704928e-06 1.1870561712052468e-05 2.4528577377238728e-05 4.98327616616767e-05 0.00010876540375612042 0.0002611425869987681 0.000606422364348655 0.0012826519447203266 0.0024080285244966375 0.003720409072532555 0.00457248915684264 0.004367027764753391 0.0033040816209903 0.002101847674257606 0.0011494402951360342 0.0005592427447176071 0.00025518029417137485
1.3523644385489306e-06 3.2076858998282026e-06 9.964079242154691e-06 3.954663730426091e-05 0.00017326230523285636 0.0007094604616751258 0.002576417892386895 0.007820332860207653 0.018644805376320746 0.033082034435205965 0.04711285643383622 0.05994540228920019 0.07525467870569875 0.014903871685629136 0.002140537189882591 0.0003403547533301752 6.376478194296676e-05 1.4550237237221624e-05 4.369275767450362e-06 2.0868047322898444e-06 1.6508643198581248e-06 1.7965713309075067e-06 2.362907931906537e-06 3.6947345174801784e-06 6.682891550889828e-06 1.298283557642755e-05 2.5591839539248826e-05 5.627044080555276e-05 0.0001357801939733003 0.00031743595652486656 0.0006761961793829432 0.0012781812041173627 0.0019831298204779184 0.0024537187163655516 0.0023987241219818583 0.0019212818135686252 0.001326387619328617 0.0007898087802050684 0.0004161854059907292 0.0002040788111831231
2.6567289995283463e-06 6.489395166907952e-06 1.9957993958706976e-05 7.552536495965944e-05 0.0003005183502382629 0.0011224992579881119 0.003815338889438803 0.011053290548588517 0.025158779910493825 0.044097907769423336 0.06402910913147225 0.07633037758272666 0.06011082339068278 0.01816250524974317 0.0031748895438653293 0.0005122854828374133 8.584495445891623e-05 1.5436640737161597e-05 3.2637777771941198e-06 1.2855950403616657e-06 1.149251131828933e-06 1.2951524291266632e-06 1.6658828924345914e-06 2.4618621535821453e-06 4.213985421101863e-06 7.693117546666407e-06 1.5217101220537238e-05 3.363434019437117e-05 8.103943855044533e-05 0.00018807797809790183 0.0003973824556775825 0.0007459888829981924 0.0011546031987657677 0.001435145858186407 0.0014216217406902599 0.0011571906580692154 0.0008300263677923992 0.000529417323155592 0.0003030811295056087 0.00016071056592026478
6.081317363720796e-06 1.4821793971320973e-05 4.437491407357457e-05 0.0001545373367043803 0.0005507199036672615 0.0018373822899442965 0.005576950162358585 0.01482545782085596 0.0311205432848002 0.05054585217209586 0.06649268559629234 0.06623380879939554 0.04282114157434689 0.015521149632489748 0.0034966257920571345 0.0006240830142117238 0.00010445089100082999 1.7687038753040106e-05 3.2118856077426286e-06 1.1042011701372754e-06 1.0325179600128658e-06 1.08629527206385e-06 1.2766827200844619e-06 1.8254532486202375e-06 3.023335994608526e-06 5.357015530860367e-06 1.0657672920481837e-05 2.3458692622536047e-05 5.575291685198078e-05 0.00012642132646814867 0.0002615705526703586 0.00048365549166157624 0.0007441114255666441 0.0009265980274753322 0.00092779925906694 0.0007700224719302273 0.0005685971080245316 0.00037692490413490827 0.00022652882852508977 0.0001274628940507996
1.5946394474760978e-05 3.8092205148460435e-05 0.00010760465771984968 0.0003329872885744663 0.0010506285043406025 0.003090983833204669 0.008249392821331782 0.01936981961395279 0.03674642532663729 0.05418341631103652 0.06392789005700404 0.055968261973979944 0.03285026734221441 0.012307320015500901 0.0031355926015136735 0.0006437348441648465 0.00012105486508245288 2.349525293826027e-05 5.468310574954822e-06 2.039407583551617e-06 1.3174646391952367e-06 1.1066145511369261e-06 1.0416496489397335e-06 1.4555615304392383e-06 2.5004354769916598e-06 4.562291301763031e-06 9.0336415122321e-06 1.9484964481473062e-05 4.4888097473776136e-05 9.781855327632375e-05 0.00019551579507873465 0.0003523129459108428 0.0005361464231013665 0.0006662275650695454 0.000672086567021289 0.000570154407630295 0.00043503570353109727 0.0003009708792837334 0.0001902788111407227 0.00011309199755298288
4.161630046716952e-05 9.842754194466368e-05 0.00025946423305183846 0.0007229899416483138 0.0020325080917425182 0.005275706708513978 0.012330691536654715 0.025230616867739464 0.04239751279141973 0.056258541126072155 0.057833443016698974 0.04387758634187082 0.023569109018882088 0.008863438332225936 0.0025215784101632684 0.0005998159239589757 0.00013289537503741595 3.112610929659356e-05 8.780232399240579e-06 3.4187490210892076e-06 1.8994715321098064e-06 1.373956164398903e-06 1.2170774850164252e-06 1.5081943365086954e-06 2.4907402282751764e-06 4.601552265144085e-06 9.155724290095949e-06 1.9498144386621053e-05 4.2721456840330796e-05 8.793453884667655e-05 0.00016740074129925495 0.00029015650924522674 0.00043428105921643824 0.0005360238490477046 0.0005426434927180012 0.000471900031617581 0.0003731980771230811 0.00026999467128922095 0.00017957717328544555 0.00011350279281955099
