_RESULTS/CROSS_VALIDATION_POSTPROCESSED_80-20/MHZ/GZ/8comp/4/MHZ_GZ_z_500_kriged_reverse_8comp_spherical_4.asc
ncols 100
nrows 74
xllcorner 5.5967023332191781
yllcorner 50.982320383219182
cellsize 0.00019249356164376555
nodata_value 1.7014100000000001E+038
[rows 19 to 37 of 74, columns 43 to 85 of 100]
0.15894473999686712 0.1160829345941612 0.08692073959172766 0.06788824463735592 0.056150404712273845 0.049768247347583575 0.0476166816781044 0.0492312083638076 0.054802502647802114 0.0649382609222846 0.08078245571441492 0.10379323248416493 0.13636013662052876 0.18098365948923284 0.23867156340110918 0.30758866773680554 0.3811972904958717 0.4473907247523615 0.492723727025978 0.5084344071849719 0.518414702638331 0.5418996442691105 0.580114229372175 0.633530580138702 0.7012685925668872 0.7841332291006204 0.8820156465010384 0.9930712069998614 1.112649152892916 1.2323159024263748 1.3392548287444477 1.4171642280643948 1.4504986168528646 1.434540094842708 1.37699837031512 1.2905363228943862 1.1890931525708572 1.084996226532585 0.9853065927821175 0.8940630092610353 0.8132811209977959 0.7437070109819033 0.6853809063334049
0.22469057331693434 0.1775372119195079 0.1434934503613167 0.12034156800399486 0.10596045050827302 0.09875741137892853 0.09778576534106792 0.10267533676862525 0.11382735715909453 0.13195692500661788 0.1579358829945414 0.19228123251278972 0.23494286234743153 0.2871510647934717 0.3474050194956175 0.40996787957854103 0.4650058197485019 0.4997067005850303 0.5050787574460447 0.5010114194865323 0.5101304505171557 0.5329280920406445 0.5708717540371145 0.6257678032715317 0.6969009028385973 0.7851875953618539 0.8909021871920629 1.0122851264308097 1.144324971389827 1.2775127224205642 1.3972189173379268 1.4850684877971823 1.5265141404513458 1.5166827362341375 1.460625794483258 1.3712588075216017 1.2633451968847778 1.1505924200686921 1.042391435490698 0.9432580031520591 0.8553919805490973 0.7795657150523889 0.7157789298708876
0.2851938843724249 0.24290582799289326 0.21110601130218107 0.18943821268683453 0.17709411624372157 0.17335589586805075 0.1777041622528662 0.18990422460449116 0.21029449556238455 0.23927425761080898 0.2762175624786411 0.32016253357822494 0.3687714976642978 0.41780738513028093 0.46561126545951925 0.504727935899597 0.5251595631282476 0.5173493248055603 0.49790558421455966 0.49195615346266763 0.49907937879697906 0.5198968694467202 0.5561900119386186 0.6106249116590013 0.6835374237829767 0.7759347528288006 0.8887713988490805 1.0208437526468088 1.1673510960203837 1.318211341334758 1.456858751971655 1.5626557012885463 1.618541065892691 1.613513103647345 1.55450773906782 1.4581537340729847 1.3419503931668242 1.2197383054882531 1.102537886819649 0.9955020900951245 0.9007153933773014 0.8187771279503576 0.7495244730128094
0.32037023597671016 0.29347963319107295 0.27365366800258817 0.26216060364645 0.2596785811599375 0.266689030025027 0.2831705158438301 0.3088729154429709 0.342594197753576 0.3829064794751575 0.4269310813271771 0.4727174402324924 0.5157702907977295 0.5484196591674074 0.56560647640988 0.5653583688662923 0.5413168458164203 0.5107279013095618 0.48953956009462807 0.48062425016217386 0.48433052535771726 0.5015783264164421 0.5345463799425723 0.5865166145950678 0.6592448788326503 0.7540092939315516 0.8726819949723374 1.0151002853515987 1.1775614633938902 1.3506337849247996 1.516630592876651 1.652507083228257 1.7290824154415574 1.728798278958919 1.6611381769969613 1.5515001735210854 1.4228826090590605 1.2903066084811892 1.1638127112130774 1.0493645004804542 0.9484139594452717 0.8611064478651816 0.7869856988825067
0.31851055228465835 0.3138214873155661 0.3136424545391868 0.32025913468294864 0.3354950954354527 0.36068020386569527 0.39647908054039943 0.4416975888238403 0.4897628941879574 0.53471392143019 0.5758261093356994 0.6109092130501038 0.6340226534213458 0.6373174632766779 0.6136966537577557 0.5735520029362753 0.5358628073711431 0.5027896189458858 0.4797388665819905 0.4664960958117694 0.46513020170413794 0.47704850622455364 0.504857850153871 0.5524084840590108 0.6228088887690401 0.7178592700211438 0.8403315903057959 0.9913354470127484 1.1690986244976231 1.3667629424476972 1.5706918166964674 1.7545109285750315 1.8645112397619155 1.861844474498147 1.7722134598349655 1.6413386121712035 1.4978190904074287 1.3556105107237253 1.2217093481453445 1.1017141873450118 0.9963972032166816 0.9052358884814508 0.8273925633846972
0.2814079217803337 0.2947217190495167 0.3152473323165273 0.3425648136969128 0.37867723331123204 0.4250046058236283 0.4835108718500683 0.5543870846898171 0.6161283408064896 0.64886735146748 0.6711792114586195 0.6823855617320392 0.6769460926808436 0.6508180249913708 0.6123667126346871 0.5686984340615437 0.5285547206923586 0.4932287546362492 0.4671106469516625 0.4489859339446336 0.441101788055887 0.4460339845503371 0.4668862321013546 0.5082689473495529 0.5744031000486345 0.6676945569701137 0.7913342312294227 0.9473365071551656 1.13596776388978 1.3547717373581942 1.6019161366784966 1.8560136169447838 2.0262485449115926 1.9979415346806806 1.864506616191109 1.708926831527405 1.5539041672539542 1.4067925139228494 1.270398082773469 1.1486222133513193 1.0420920444058925 0.9495883081459459 0.8698755282187977
0.24232665587736849 0.25702753347076934 0.28305939607340375 0.3207682909149893 0.3700174523341699 0.43077734700709125 0.5027918447740692 0.5845239003302636 0.6488441669572391 0.6707273929502519 0.6780041504876368 0.6742207110530098 0.6607713290089787 0.638541846383039 0.6047716046174192 0.5610869963265274 0.5187990358100167 0.480509271858832 0.4506005311173517 0.4279322287144909 0.4129881373985292 0.4095106726124554 0.4216843996327862 0.4554458403445062 0.5161782656905314 0.606390777792901 0.7285675058465463 0.8849305606515293 1.077583978261192 1.307871028213976 1.5825745820132773 1.9026457961987833 2.2281892370679994 2.075362957970582 1.8988467617505576 1.7317081325751993 1.5769366782013583 1.434808129374084 1.303720237009534 1.1858402555744132 1.0826510468820745 0.9924298401444533 0.9135499057532729
0.2090332965885749 0.22475855110457027 0.2529509981945674 0.29279993982021263 0.3438212467458717 0.40534324281991374 0.47550972270649455 0.5484838760217082 0.609223878957373 0.644330521390033 0.6586112266745199 0.6581664664802391 0.6458653583407187 0.6235540605090266 0.5926773121831279 0.5510639822412297 0.507068571364387 0.46588380249649547 0.4320853291587138 0.40465580949402863 0.3833402684047272 0.370329636856658 0.3718604813020664 0.3967886550819144 0.45255587803910097 0.5410189146411879 0.6632882694476568 0.8200440816695234 1.0108524959815735 1.2380971587726501 1.5041662713464385 1.793069697708352 2.009313060090172 1.986914832012382 1.8591068640411588 1.7145905141651097 1.572933814066602 1.4398818546337684 1.3176876576690826 1.2094390405799433 1.1151624692168278 1.0319219769533392 0.957581525398669
0.18101599100015714 0.19822235559646914 0.22875155838717925 0.2713055812615767 0.32444748626058784 0.38656988423203975 0.45469160980901957 0.5231247938766169 0.5825570104111478 0.6226163160425001 0.6425584399039749 0.6456132657921807 0.6347328955556907 0.6122626353784532 0.5801183100797951 0.5397520153898431 0.4949167683160404 0.4515639855600478 0.41438411296169364 0.3826109478216642 0.3554040776733556 0.333471523049905 0.32153575962300285 0.3361476357905508 0.3933094155808568 0.4857418296401358 0.6093637113241948 0.7631871917602446 0.9457560088566161 1.1579185081291261 1.3932102407886868 1.6231034009340728 1.7852924040796962 1.8246818360128862 1.7679434204592128 1.6669334833426623 1.551183674796562 1.4345401233829285 1.3230055696915715 1.2217875245585674 1.136963831900357 1.0659205057051733 1.0016370665216188
0.15769789172006435 0.17742132187537318 0.21192455491488438 0.25849722114076146 0.31467789811848823 0.3781394125612959 0.44550749306861753 0.5118701500178995 0.5701654664684708 0.6113928876902432 0.6338399147117287 0.638833543419248 0.6286699005326498 0.6056834964450903 0.5719900814845899 0.5295247108879327 0.4840058117209482 0.439591869349514 0.39998049187350976 0.36522342238762523 0.33410967208778647 0.30607378037103816 0.28207648200743296 0.2814994491552093 0.3529460526851422 0.449894085269055 0.5726767466691273 0.7206310685978916 0.8919563363283473 1.0854186977983682 1.2902657317709154 1.480816788273898 1.6203233216009982 1.681339685041236 1.6682810975181157 1.606043047831638 1.5181518332798687 1.420475091208469 1.322167921182864 1.2303975985691697 1.1538092465077714 1.0924910163494548 1.0449279996003733
0.13871594739562407 0.16463101708909994 0.20579574905052692 0.2575845576431567 0.31756479429365486 0.38297595946791513 0.45033501013595584 0.5153242108614814 0.5717855341062433 0.6119183566060477 0.6340968728579623 0.6389216699617838 0.6281842114131682 0.6040476209941866 0.5686480336369035 0.523945880160784 0.4756278068691668 0.43146431743593655 0.39076168444614523 0.35504332451608706 0.32340958736501285 0.29721239503160907 0.28003378606556095 0.2893138954383053 0.3489417559515377 0.44073857266368704 0.5578947019089993 0.6978637698211587 0.8571987800145869 1.0331032949500596 1.2141522239464348 1.3797114922042033 1.5054221293283347 1.5736232576284648 1.5834821126439864 1.5473978156051154 1.481710218997717 1.4006537796067786 1.3145833838308272 1.2324159652511366 1.1650216151327153 1.1127160836774421 1.0788975767083915
0.13298339591110878 0.1718264947420537 0.2189483099921125 0.2742963047034726 0.3369274663175276 0.4041590873189619 0.4713253886724329 0.5343942395106624 0.5874927595766407 0.6244224442756846 0.643893520668847 0.6464449517199731 0.633643250131606 0.607459538229408 0.569885919135113 0.5229827606718328 0.47233463742790843 0.4280229041850336 0.3875755351517987 0.3526253712064284 0.32430518942951403 0.3058858960220672 0.30120328255992135 0.3201625782968385 0.37215105880880167 0.4561708432777154 0.565913672312734 0.6975230408164819 0.8459685113246839 1.007334117729104 1.170637365002567 1.318927742987746 1.4340411387915208 1.5026477848558721 1.5223837660785922 1.5004461194061227 1.4484110758328794 1.3783180240503354 1.3004075120881353 1.2245162730750434 1.1612708990072813 1.112839116678078 1.088177174445738
0.18345154263421673 0.2149112033747413 0.26302934794329436 0.3201717206686703 0.38269371517713147 0.44687674192437227 0.5107275520000487 0.5697263603096321 0.6171397045356676 0.6484005299909175 0.662727496733405 0.6609488482803619 0.644580882348535 0.6153803938522047 0.5752461460560222 0.526188731047909 0.47419399214961117 0.42935383430653107 0.3903747694320946 0.3576858883787079 0.33541280885962066 0.32471624459273846 0.3291316486465985 0.3542850072961735 0.4063189603038836 0.48690754361963834 0.5925149430594628 0.7190146034179479 0.8599578257660121 1.0107270246095363 1.1612180956167504 1.2968876410246248 1.4023636736643867 1.4671442591048116 1.4884321952761135 1.4706366528148624 1.4227000322594643 1.35461195028548 1.2758708615661383 1.199081059213501 1.1353179268649771 1.0858785224926153 1.056586007971162
0.2642524678027659 0.295641792683771 0.3449181161031633 0.40397304359613234 0.4657547482147491 0.5236381428101049 0.5759777705031903 0.6219148253913033 0.6599219404470014 0.6825132986822382 0.6891308303844168 0.6810216912348361 0.6596689473893005 0.6266621311010466 0.5836680110592591 0.5325235925479367 0.4801955951579475 0.43580729989216394 0.39890675368691286 0.3705891242605169 0.3540753767278519 0.3499853377223695 0.3609863603600882 0.39148719159581474 0.4468452428291546 0.5279609583899104 0.6325487850274153 0.756971606722757 0.8944070319467683 1.03944054006745 1.182400993572273 1.3090471552590794 1.4054773699936074 1.4627522551207872 1.4780554694285055 1.4545353832570218 1.3998456124968839 1.3240303335036419 1.2370970883876597 1.155731415460738 1.0893069342611932 1.0377005961961185 1.0041866877859291
0.3792975179836553 0.41700840361755126 0.4707402850561041 0.5317794309663789 0.5907988891678431 0.6399141806788071 0.675662560340328 0.6984014706980757 0.7145300617924187 0.7244248166920155 0.7206653088829194 0.7043290292039842 0.6768780864794411 0.639520209718745 0.593524486874348 0.5404373631472872 0.4890348250723321 0.44611934853793267 0.4130159171036824 0.39040000543545417 0.37905421461677513 0.380615817361993 0.39631353357577626 0.4318344988047793 0.4928343160971223 0.5775959931452427 0.6842512801373369 0.8096567394098528 0.9469863414105217 1.0894630382444006 1.227900906745082 1.3472622560042318 1.434471930319877 1.48102407889478 1.4845600322497947 1.448438066508546 1.379859643390292 1.2887670184668287 1.1874365507115936 1.0976758886547118 1.0289880012360257 0.9784814885802127 0.9460730677655725
0.5371484960329985 0.588649271176838 0.6533193903658817 0.7175217123726847 0.7675488062399738 0.7959235031768155 0.8049880079494316 0.8005167025793344 0.7871655618346627 0.7722741520576687 0.7553238569325887 0.7288254514252465 0.6938691759661688 0.6515704762818346 0.602757530943855 0.5484647821999733 0.4992822118893788 0.45885998806947415 0.4313141947119287 0.41619829705024497 0.4101187087225623 0.41650394344127345 0.43631773258075046 0.476449044386203 0.5451243462053998 0.6351230617083503 0.7460919641600215 0.8754618092811848 1.0165569074893654 1.1603834595917468 1.2972874405964392 1.4116163227717706 1.4893709361917307 1.522119331246243 1.5087211490605175 1.4540108486692394 1.3659997609960992 1.253900108294502 1.1329628978527715 1.0289793802344875 0.9614831863019969 0.9178345909886454 0.8899770735095699
0.7441662518223474 0.8208336903462954 0.9094907774209255 0.9813624596661149 1.0090646606572342 0.9958880851286394 0.9621897302442567 0.9205095337406738 0.8765980951507004 0.8332974451478952 0.7942980851515646 0.7563233923071915 0.7125724859340026 0.6637704519039442 0.6105474768318101 0.5557222273215586 0.5095578748938041 0.4733825136730695 0.45236821696894647 0.4454335926697668 0.44629874581653517 0.4577302607283445 0.48444512420783814 0.5316905570677046 0.6039691190574001 0.6988966190972269 0.8155522581119894 0.9515774905316486 1.1004262327708507 1.2503368942030195 1.3904112813234097 1.5028608792936609 1.570885378193626 1.5860790369469295 1.5502307956064034 1.4717722702055065 1.3609762663218181 1.227380760971909 1.0881660864212408 0.957120587220411 0.9027819897966841 0.8694096356074423 0.8451923446272694
0.9961991836241219 1.11112199737498 1.253025251321716 1.3545177036793423 1.323478892861681 1.2313774357815979 1.1356113595278354 1.047650989343023 0.9689534888022597 0.8994128686847553 0.8371958459875474 0.7842440340168508 0.7317142114984684 0.676379596305997 0.6184895626881672 0.5642706021124784 0.5205082105121849 0.48860980599801185 0.4742527563789467 0.4752608627708858 0.4842309067357319 0.5021817113758751 0.5350437784356463 0.5883361612148312 0.6650026675418279 0.7650191686219155 0.8882959881525673 1.0330953134574645 1.1931781521148146 1.3562056935547235 1.5065143833678742 1.6220125640723286 1.6796769356657055 1.6715022968164093 1.6061136407077858 1.4990419456677955 1.3646616065321209 1.2184315503922671 1.0776043089694416 0.9584615904320181 0.8892596700056368 0.8470968441376875 0.8194147810368899
1.2700415120830766 1.4229258397739408 1.634394777971773 1.8695804039143677 1.6496377169247722 1.4556422835056457 1.2966962700510425 1.164367764029269 1.052834632117456 0.958810628909962 0.8789729064482924 0.8094925112363845 0.7487992401120095 0.6873467107397344 0.6259701597165 0.5741783689021966 0.5330789703127401 0.5059742769226261 0.4960417092924658 0.5025974676744897 0.5192623575979968 0.5456375403228307 0.5847425229459375 0.6425968681699834 0.7235386635929246 0.828497919326298 0.9581900659336869 1.1121869616351059 1.286708900343545 1.4709122079913772 1.6427999750761 1.770258825221913 1.8158664661438266 1.7736066687380994 1.668584829985132 1.5298631746934042 1.3771227053326385 1.2277113511669082 1.0919459758791845 0.9809776293765133 0.9020054855439439 0.8472176975127363 0.8117056742069975
