_RESULTS/CROSS_VALIDATION_POSTPROCESSED_80-20/MHZ/GZ/8comp/4/MHZ_GZ_z_90_kriged_reverse_8comp_spherical_4.asc
ncols 100
nrows 74
xllcorner 5.5967023332191781
yllcorner 50.982320383219182
cellsize 0.00019249356164376555
nodata_value 1.7014100000000001E+038
[rows 38 to 56 of 74, columns 44 to 87 of 100]
3.5249631295371224 3.8259762149764986 3.9176188887959076 3.6298075708581927 3.2197015180622777 2.824180962816731 2.4816148037037427 2.2095310917612925 2.0236023187968013 1.9130300490522087 1.8630036895126723 1.8825372025533222 1.9796876735163238 2.1535181308898736 2.404504634083671 2.7384823501942894 3.1633498369430453 3.6888111831372883 4.305638968130024 4.908548506194798 5.425415635720028 5.790049129661336 5.935726128769921 5.869747688496841 5.714557139235247 5.539736741184358 5.369498706248588 5.2268430738175375 5.130913665473832 5.096817745542692 5.124342780808095 5.211291822953046 5.368587639193702 5.612069259838507 5.950097552231589 6.325858820400568 6.669555145393133 6.917034179223008 6.952038803244929 6.720508499854678 6.278609641595512 5.720787197087269 5.110338702553707 4.506612584067247
3.2175900427523505 3.4168970379603576 3.4309311856101683 3.2328274161960664 2.9093871651429635 2.5590137303386435 2.2441004445455333 1.9961921789826094 1.8352524704101474 1.752638218383823 1.7275242157864326 1.7470398400493532 1.8297703236904168 1.9786989925661942 2.1930987616209023 2.4759371861823167 2.83375404404893 3.2738503512848633 3.7923178346000253 4.319577840553712 4.768004773059468 5.082572544075849 5.217209002204711 5.159815322610588 5.012759730199783 4.862048839786354 4.7296877723382185 4.632419166480387 4.5811112226488575 4.58835715866328 4.664294493123346 4.796078787252205 4.988260411995589 5.257632127602721 5.574114286202192 5.883417661029142 6.1529208657736785 6.332047922872686 6.344716763225279 6.168500921665427 5.835653635452734 5.403864273019125 4.907314918953835 4.391761950921684
2.947166383220088 3.091485820587667 3.0870271500516044 2.927052723107608 2.6521683802453397 2.3317418794595715 2.0298759499025114 1.7974690321129263 1.6617842727519736 1.6122153610715715 1.6191460050505018 1.662074084926576 1.7347474061678827 1.8596547193685573 2.040539886822497 2.2796472372432643 2.582321326049193 2.9547345616562226 3.3898113602014295 3.8483770248157794 4.254276531872036 4.543109203453819 4.668770680992293 4.610897658595977 4.4579897365567716 4.3087430610259805 4.189402263970714 4.111851899862879 4.085405394567103 4.117062147065622 4.214197807769341 4.380021622426003 4.602783865662037 4.865155071146176 5.134050607897096 5.391252062469989 5.612192292060654 5.750489794517163 5.760397685976236 5.629796180286359 5.378456490534289 5.043748626491002 4.652326486972171 4.226129147161684
2.7571181609292577 2.869073075090883 2.8702225878753937 2.737433792020028 2.490509103765217 2.1767419940504995 1.8595638554286464 1.617530669869708 1.5110190722099044 1.5065952007034193 1.5481677404219745 1.6113550880732144 1.6915196776885646 1.8017453446985587 1.954514903766856 2.158154411051776 2.4170112277245237 2.736595480087895 3.103997410993287 3.493795188624644 3.8649463786513856 4.144249819864494 4.271900027872833 4.1945349053840415 4.033868742228294 3.8778571212125357 3.7597521929665643 3.6895219191847177 3.6721918134990963 3.7143692963028068 3.82319434124875 4.000180097875849 4.214622316960706 4.442331526281134 4.673193713486599 4.893231399458541 5.081840764075526 5.195038112740603 5.210470239890939 5.118328133296698 4.930876018405458 4.672275950124518 4.368628905083672 4.027250786399819
2.655548914556893 2.7614984997034426 2.775231826159859 2.6746738984610605 2.450029653545282 2.1319506059497098 1.772808899560686 1.4600029685112177 1.4096370159551035 1.462658466160401 1.5280928621444443 1.6015572168581418 1.684967882417084 1.7949630490419415 1.935457836613393 2.1108493458009763 2.3343117956142265 2.6110834831436205 2.921540475306451 3.2501657478819146 3.5777944920168907 3.831527178078283 3.9473698840635603 3.8697505608133826 3.7206367100359863 3.560348698011559 3.4411724009429565 3.3716732935341387 3.3586613075892653 3.40432773730316 3.5084303302089728 3.654165191397089 3.829474243192598 4.025611047312944 4.226606487600353 4.420575073300246 4.581310126091208 4.679696158513234 4.703444146966485 4.643447023592031 4.507131007358583 4.310383630554038 4.073088355537482 3.8086104213975847
2.6441840595879955 2.7653099660616776 2.8054005010342538 2.7457622856178117 2.555863801879073 2.247448893256452 1.8730599830344485 1.5356198908365455 1.4764401730733119 1.520481745492111 1.5749913209444928 1.6404912549325696 1.71761836638682 1.8225023365587154 1.9586494472861125 2.127558846219937 2.33273112648139 2.5741336357200417 2.8357725598061467 3.1105441925138733 3.3867955186691536 3.59965328293093 3.687655968632006 3.6293637315558716 3.502440417910102 3.352338306034266 3.230638356571927 3.1597567210635433 3.1377713041214657 3.1625735338546264 3.2309077192416455 3.340315925014486 3.4804138973924967 3.6414611377661035 3.8159214872512544 3.9867972247786154 4.123274441229722 4.212481766671618 4.244648363336422 4.211040661525947 4.1159152444646825 3.9695816620560374 3.785929913381699 3.5801348721098583
2.7254392908370404 2.8704778202368018 2.954160027894713 2.9521700742898522 2.8239323916803767 2.5487368357863986 2.1918710906884793 1.8829227058206568 1.7256055420055438 1.6823716467848013 1.6894787218762877 1.7279556661223925 1.789327189846444 1.8849565988471324 2.015353082739856 2.1792635893447754 2.378150179545346 2.600528250426955 2.8324546299235887 3.0675743845430072 3.2978906265801413 3.4783527971366928 3.546957303449879 3.4919403691830357 3.3773940877166515 3.2415569860278013 3.1054111606327535 3.0097116183821613 2.9588282449373784 2.9556620438082875 2.9940803171865435 3.0700809998713554 3.180275221896853 3.3125839085672073 3.4586733342061047 3.5971247313243535 3.7138030483725206 3.7969228543409046 3.836345378400649 3.82405343330006 3.7621610739216127 3.6569920266188105 3.5179926634545695 3.3565057499536746
2.8855329532329352 3.05581751694793 3.1969570637535187 3.282314283193348 3.2551946604209405 3.028659553906844 2.648508421326326 2.2776438459793593 2.0265550378087474 1.8969556281704651 1.8501192782103937 1.8543722391606545 1.8957617729218026 1.9812960610706105 2.1064410333398 2.266615695889602 2.456582037328533 2.6581169558036364 2.8640997586239476 3.0678616159726655 3.262175606859594 3.4156102598387914 3.4641667863575707 3.4026129825296576 3.287573750429619 3.155116304443041 3.016421791635422 2.894819102295539 2.8181579143571476 2.78886857081481 2.8021912578245067 2.8511038188203592 2.9338800227313055 3.0433725774359437 3.1582224577861027 3.2670871228972262 3.3619964943482565 3.4358234134307573 3.4786607032779457 3.4830243315903813 3.4480481048098284 3.376655716732336 3.2747741880815773 3.1506449674630934
3.087513358377455 3.2775113409715306 3.4765736575803565 3.6718467839439115 3.8135137902870224 3.677322751281726 3.173174491822712 2.6669673912496488 2.311796451171527 2.109943721364659 2.021144415143681 2.003807391625673 2.030683363009798 2.1099464036964948 2.233023031389965 2.3916652404063212 2.567236925300106 2.7478669835011678 2.9279301815848933 3.100879818440482 3.2607139866982173 3.38408377691945 3.4078405233358504 3.335216506592151 3.217184820958377 3.085026775670194 2.950130368488814 2.82052720181926 2.7197055340562533 2.666683492596022 2.6577591881414215 2.6846162920540286 2.744043168945288 2.8252258325407857 2.9124911276568075 2.997934391652099 3.0757075174580795 3.1402871917588766 3.1819164455138487 3.195489105593104 3.1796434599413637 3.134771489553968 3.0632938731439836 2.9705004262024843
3.2759978229274083 3.471093488115997 3.700728179730878 3.9694195357304727 4.289476436005712 4.402678151812269 3.585179455756239 2.9481104524217554 2.5135063903385 2.2736262346218195 2.1737424232651037 2.1551646146847947 2.1864666364157666 2.2705202867830865 2.3973477498396423 2.5500967556694123 2.7105718794882936 2.8705725929995145 3.02456278890312 3.1666433942136876 3.2921374115550828 3.3818107226418945 3.3750579494580024 3.289795392872045 3.1665721012594634 3.0324222266321708 2.899595506694074 2.774862720503764 2.667068451035132 2.592030011423858 2.5627766518157626 2.5693643089792473 2.601124719192557 2.654440055551692 2.71950981972303 2.786311746061159 2.8505489532398944 2.9070736359203044 2.9473400540840577 2.9681976904957694 2.9679082502759693 2.9451780756721773 2.899189089507847 2.832081220672322
3.4140948881366513 3.592054741014563 3.802082343316262 4.033808421609191 4.239177584152376 4.168729694016771 3.6348618628175857 3.0347843678781996 2.5770268339233064 2.360019677643509 2.2973298052962954 2.301044396778204 2.352032403459269 2.457312990806515 2.5948408899810453 2.740541059635709 2.886361830530073 3.02605029445398 3.1536708653543015 3.2641121658867838 3.3539462915694753 3.4051121146364807 3.3631272144909454 3.2652835060216683 3.134787328431879 2.997257442743788 2.865396773064146 2.7448438584215618 2.6437827026636103 2.5662682188266004 2.5143780489637955 2.494862556448052 2.5013791940924412 2.530738567179597 2.5771671533057847 2.628914655517672 2.6822882591367083 2.7310844155840246 2.769737146080741 2.7962875526920947 2.8093376838281277 2.8069556926927133 2.7843734888808185 2.7376749821292488
3.4887159424427794 3.6318899555692177 3.7863088839262913 3.925717957217254 3.9905685265754407 3.867493580837745 3.495265732029435 3.0036721845272214 2.517930953068127 2.414558218701322 2.414920928691651 2.4468467555631945 2.5259679504712063 2.6535547838824836 2.803976629802386 2.954099149050643 3.08956034486335 3.2107389837913303 3.3133703170341122 3.391107255218124 3.442305194194632 3.4480709999391115 3.372499182830472 3.2596215560098694 3.120254318344554 2.9789417854408864 2.8477160595883255 2.730025613303329 2.631086746355363 2.5531346408268574 2.497147501221072 2.460796634384411 2.4450872236852628 2.454106073931614 2.4840621514916053 2.5233451478313165 2.5669378037789334 2.608307644346634 2.6448255402228686 2.675215294671644 2.6989482769409796 2.7156769190291667 2.7196304807478864 2.686110842363907
3.5066037545162847 3.608488868647279 3.7039930130337155 3.7658666324239025 3.7614183940733374 3.6401393792948835 3.3694127801862477 3.015588210038282 2.7008437633532467 2.569045213087565 2.5593341284849678 2.6010216981162957 2.694931162012657 2.835314076718434 3.006781155327747 3.1667834013537224 3.2873467881226053 3.3994387527379337 3.4901580768046543 3.5388754908506437 3.5478159911597285 3.4999698326316158 3.3973279854512186 3.2674397001718334 3.1173426934224175 2.970184874734826 2.835286374643574 2.7151138394369685 2.6151206413618837 2.5369793256125335 2.481287360916891 2.4460577603879226 2.42681829143263 2.4243636734609044 2.4401380440905838 2.468685780726485 2.502128267682264 2.5364790183901675 2.5701020091006868 2.6020256883878687 2.6319668430851864 2.660136939186012 2.6834172943702415 2.6635917999660212
3.482974971974087 3.547244072590181 3.598061785878892 3.6128830220838704 3.5825671297150725 3.4832015212487333 3.2942021279830334 3.06074100247917 2.8572608274504234 2.742454255510438 2.7082828283942235 2.7366106482846595 2.8260633578596277 2.964699317158801 3.1424396103583003 3.3091230222100907 3.423748556477751 3.5461328675530703 3.6484788924161538 3.6731958964727127 3.631750403826771 3.5349769428065487 3.409171169177512 3.2633701950071314 3.1035228818687766 2.95197371858874 2.815167358488992 2.6946164498979144 2.5950705651776143 2.517982100074965 2.4636480567945074 2.43001766908649 2.412563568876643 2.411996910831476 2.429231889752365 2.455474078846999 2.483593531749176 2.5132229031032396 2.5439437657611434 2.5751141514356797 2.605536269270844 2.632333246407804 2.647329680077282 2.6395826080805707
3.4327114840935113 3.468833608548237 3.4910766006358958 3.484364473326688 3.4506045739984517 3.377688887007783 3.250755417700793 3.0971724648436227 2.954803008322801 2.854692470361161 2.80671337699335 2.823441663705488 2.8994834112409804 3.018833919711616 3.166738897424877 3.31623855957391 3.4545886803919386 3.599487258108516 3.7519798645281557 3.742852436162331 3.6478189770693255 3.5312442373039037 3.393166479003873 3.237697415280062 3.0736690998743073 2.922304279249158 2.787031754889592 2.6686948217719126 2.5713514224240863 2.4966999309501436 2.4448582186890238 2.413381555393538 2.3980819816762535 2.3996903493280697 2.4182722675718176 2.4438826361448283 2.4711001632821756 2.4994523352156595 2.5282787794404915 2.556554658693567 2.5825300630495227 2.602794839004225 2.6123480461052786 2.607600584883645
3.363929344521124 3.383942049591431 3.391898070327877 3.3790879580788276 3.3518521826644077 3.297775208899735 3.203731225919733 3.088340344365298 2.975632474395247 2.884835302236471 2.8415131809413547 2.852926212309832 2.911133843483835 3.0048860096577967 3.1229756508686144 3.251628767065616 3.3831189755380993 3.516932258896577 3.633292143704088 3.639356988087679 3.5725189528598578 3.467804316405084 3.3379258843307493 3.18744801632873 3.0276705242039137 2.8815405145348167 2.7514879062966036 2.638217270643051 2.5449144043550165 2.474126453681421 2.425931278670375 2.397130597393265 2.3844027270659085 2.3877993192129354 2.4056286240795184 2.4299690788963724 2.4556511152558955 2.482061910856811 2.508368408413901 2.5333228913183374 2.554814509221892 2.5703364082194615 2.577197541084247 2.57383023885416
3.2541819040958804 3.2696326807120792 3.274576437907787 3.264326952641599 3.2441681304360017 3.19493891373868 3.1166177094404914 3.0216103789128677 2.924360221746666 2.848898249432554 2.8147373258524304 2.8230649034798336 2.8651862383630715 2.9343311954557283 3.0246880054775627 3.127543796844088 3.2346561057034546 3.3360570384685437 3.41123360472802 3.4518134159482585 3.4275767026354216 3.3516690856991467 3.2421195026205267 3.1073835723830827 2.9661641294870957 2.831638195307091 2.710172579976897 2.6046511566834996 2.5172695992352634 2.4517014242856288 2.408169948892288 2.382521648714337 2.3718364655698707 2.375049232858486 2.3921961577859685 2.414828783898794 2.438562655428527 2.46267654549864 2.4860134823285884 2.507270876913929 2.5249038384520173 2.5371516134153014 2.542403907508192 2.5398397988055246
3.1044714178063164 3.1222891679033586 3.1313900789495968 3.1280070101052404 3.108477357265398 3.0593317941834104 2.987643146382036 2.9016693265439666 2.8195488212709 2.76201474614885 2.735428570262984 2.738481384895757 2.7667598411188155 2.8167567792378865 2.8831319057222613 2.960157976321174 3.041068450588024 3.1184036465034453 3.1978837931197477 3.2550060634756086 3.2536099243438645 3.2037354088748415 3.116998028409892 3.0039275420072586 2.887237512904333 2.77362299702349 2.6655196175239873 2.5699355864731315 2.490429717794518 2.4312725111565388 2.392875561072001 2.3692043138064856 2.3589543405334594 2.362377552142948 2.3789715205394995 2.39947462983945 2.4206992667164 2.4418352811281983 2.46192946052757 2.4798683706678846 2.494403525090136 2.5042698458426056 2.508433626583342 2.5064063035302357
2.9231061874707196 2.9478844160800435 2.9645474283029922 2.9662337594748194 2.9429564442500324 2.8909975782960355 2.819935171136774 2.7451487976550357 2.6816862058161623 2.6366595098607006 2.613271491616161 2.6097944698616713 2.626030169157861 2.659968316855569 2.708012239690704 2.765278115317112 2.833432839247144 2.9167858746691055 3.00727568130698 3.0625762696266436 3.0731090634986367 3.0420788130904817 2.975430005336904 2.8879337815040653 2.7969854333237243 2.7062064810763142 2.618076034307746 2.5354206077980996 2.465906950967246 2.413220846379193 2.3778770128515205 2.355541183115909 2.3462196632417625 2.35018571336379 2.365711279385422 2.3835573319495555 2.4019650201915526 2.4201565317155733 2.4372587520145292 2.4523139531876383 2.4643270038680987 2.472368248675881 2.4757309291984573 2.4740960632020697
