_RESULTS/CROSS_VALIDATION_POSTPROCESSED_80-20/MHZ/GZ/8comp/4/MHZ_GZ_z_250_kriged_reverse_8comp_spherical_4.asc
ncols 100
nrows 74
xllcorner 5.5967023332191781
yllcorner 50.982320383219182
cellsize 0.00019249356164376555
nodata_value 1.7014100000000001E+038
[rows 0 to 19 of 74, columns 0 to 42 of 100]
27.575724156600923 27.574690301543413 27.572619121243434 27.569622002945888 27.618769688122608 27.754332019358785 27.969517020825897 28.256981550007183 28.610189340162385 29.102913983424365 29.76995820599321 30.59211096026806 31.548331707766597 32.61492054386843 33.764835470923025 34.967251219485824 36.18727532827168 37.38568836341176 38.518583383626925 38.93743796992785 38.658744524865476 38.20061000829136 37.57441317831295 36.80030744362419 35.906470757884215 34.92662227321435 33.896928542569995 32.85390658527186 31.833356569482635 30.866640440016756 29.984395014595034 29.222585737697905 28.597067567059486 28.122609113727155 27.817135489246876 27.655456546754653 27.60397964748249 27.585872062648022 27.600145936953673 27.695094796616477 27.84729351759933 28.040396391134593 28.25915964111903
27.575246186571956 27.573527791996177 27.570480889118894 27.565891570202787 27.61015164991525 27.740440535485554 27.950089993276812 28.23186195531725 28.602371309990072 29.15607240759408 29.887689623684118 30.778205488254706 31.806824453346966 32.949803044296 34.17925066963755 35.46167722153114 36.75486559460536 37.996537927204024 39.04674430600566 39.55225432283191 39.47591047284196 39.085697804269415 38.47226459115764 37.676239228711125 36.73634044364788 35.69476339329855 34.59449682222403 33.47652612312352 32.40714601254372 31.42753314119453 30.548274247891438 29.779234076789912 29.131160870418853 28.617191785951547 28.25397745554474 28.0127358808328 27.868330807077278 27.80530747376061 27.809731142448378 27.8908903585343 28.04933807554406 28.285974361781268 28.55784034247976
27.574543793681467 27.572075178826427 27.567922870696606 27.56162059109698 27.59455507020187 27.712510711802764 27.909009075741242 28.17686154676609 28.57577768077219 29.172410969117134 29.948431263318454 30.884574484848574 31.959760725283274 33.14935761510623 34.4230192429676 35.7416052508153 37.05104204025728 38.26778664415974 39.25304651439058 39.83417980399923 39.9591739220926 39.709627915499915 39.16521046244453 38.384157623383636 37.42231225345524 36.33681487580381 35.20734592009287 34.12188027514828 33.10124057056511 32.160480215384155 31.30837360927542 30.552378730041468 29.900866513895437 29.36488466929449 28.95891931595045 28.64557556748685 28.40923479111719 28.315814585019027 28.304811417589864 28.35170925516921 28.458594297343804 28.632710119436172 28.885654053156895
27.573698184514 27.570441581120324 27.565110483326734 27.5571063066752 27.574255387866515 27.673103923016512 27.849127178509892 28.099947441757635 28.52238660789182 29.142881303567016 29.94206443696848 30.900072260509475 31.995398776105127 33.20260336473817 34.48922241141917 35.81199050668118 37.111644249632356 38.30568621973078 39.28590216666761 39.94314154776378 40.218453303423324 40.114213679415464 39.66297337005179 38.91661113133308 37.94750102778159 36.89691900835798 35.85352871770107 34.84807614713319 33.899534944950474 33.02174735845558 32.2211955079149 31.50189717407537 30.869008757365567 30.330881420152018 29.897136484463825 29.520507156279024 29.216821467404873 29.087000354506227 29.051443705329934 29.054617778006854 29.10146377260146 29.20289334515421 29.373937944591283
27.572805708507037 27.568775910445886 27.562279579710236 27.552584782372573 27.55295876777817 27.626461928981747 27.77525270041652 28.009978004368847 28.438473555339776 29.06360521278121 29.864733754928245 30.82113830958198 31.911227646309783 33.10994459762432 34.38460477644165 35.69096313692147 36.97103972219096 38.15249642659115 39.15230780888605 39.8896732250977 40.301395524337416 40.343313931869176 39.99254948340039 39.283215596036 38.39360538762295 37.44899608329511 36.508568958857055 35.60537531977703 34.75546715166557 33.9682200442239 33.24696338626301 32.59107697659168 32.00151507184073 31.4831707997176 31.03506897888267 30.604954102292464 30.2629740680382 30.085898686948287 30.014768549523225 29.963906328278977 29.94179109197601 29.963587613806563 30.047949407892876
27.57197451676477 27.567254197535583 27.559712795226787 27.54849403124221 27.5356512745647 27.578359107801592 27.694012164836025 27.907559307126927 28.32483064287734 28.93606386432883 29.718927791096068 30.65146618601164 31.712587157324812 32.88004896801773 34.12374340362667 35.39993535597032 36.65378444402013 37.824111794098805 38.847653280275516 39.66420359538753 40.2157241626061 40.42555556674633 40.18627409220254 39.57320929167303 38.78158500446816 37.943588218331925 37.124041730630786 36.349378063705515 35.6281682972846 34.96239900603154 34.351012717867015 33.78773055027137 33.26826013163849 32.79312196812614 32.340838912965545 31.874746899083732 31.507407887560536 31.28071556468173 31.158337678161235 31.041706849030664 30.940440038050625 30.874475197585703 30.866377282150005
27.571312346735887 27.566055281523393 27.557699223358632 27.545286833544242 27.527802629402203 27.535832693608807 27.613587184652133 27.79696192724625 28.186759365477155 28.767099116548728 29.513558217675662 30.40198945754306 31.41150568168903 32.52731387364777 33.72704975563538 34.96343844767147 36.18207332245454 37.33160770246845 38.36481490151287 39.241129665110854 39.925010893293276 40.35355360517698 40.335785432508565 39.768053102770125 39.041961266634395 38.32553263506365 37.65629185624066 37.04312177897293 36.48421685026504 35.97357175409497 35.50463782160675 35.06485949447748 34.64360253675849 34.23443771339749 33.784612261536864 33.3029663719364 32.910766971103875 32.63172729529901 32.44341761867694 32.24721619477099 32.054620132074405 31.89083906173849 31.78271530493505
27.57090970947253 27.56533064632947 27.556484956262057 27.54335256430221 27.524832870271425 27.5067666753767 27.54325705397185 27.68596877579343 28.033702792395943 28.568565658006246 29.264088684862145 30.09261529851534 31.028745220487586 32.07031129744714 33.22428540013163 34.41291437159214 35.582251730777635 36.69116031064397 37.70328967118826 38.589767583484615 39.332372896254306 39.95334726483385 40.319191444402634 39.67697135175004 39.081221523165084 38.545625822073696 38.07285759705625 37.66009113081324 37.299078519773474 36.978014149871804 36.68494422694101 36.40049327262898 36.10634842075178 35.7734036354929 35.338929173517585 34.85437248922388 34.43470714675977 34.09742012044111 33.82842783462534 33.53625142695507 33.237789067517895 32.96391382104314 32.74597696215621
27.570823559813494 27.565175969525274 27.556225988773043 27.542939973588314 27.524198605830364 27.498813138852 27.492704434903324 27.5851139949085 27.878242713386726 28.355925795813008 28.99089963379957 29.753575154361716 30.61373155839671 31.566259501263932 32.667849125979664 33.788959304307795 34.889190000002095 35.93298144926321 36.88674117186641 37.719813207068164 38.400412247317405 38.97737650049616 39.28049252058264 39.143080655488845 38.861101829821884 38.58820785868242 38.3612587725723 38.186277732049895 38.05642653444961 37.957661214809704 37.87331234258427 37.77638118140612 37.63753039456946 37.3830692191578 36.97374982117591 36.48661840547445 36.031154977007304 35.6277855465033 35.26537689506144 34.861090932761925 34.4400480317415 34.0419634277185 33.70246318857026
27.57106626539725 27.56561205595468 27.5569562999262 27.544103445786327 27.525986447112373 27.501494680524214 27.47118716199786 27.506565971848378 27.734485462204788 28.145488783493168 28.713370336998356 29.41120965426942 30.217669722449557 31.1241193249773 32.118439022108205 33.1468905144613 34.16042960379194 35.11986032709131 35.98862745479953 36.729124243128425 37.329015669856815 37.86862796211168 38.24467000500131 38.411046865818435 38.45883868685471 38.481947235591534 38.529483587509084 38.6180306330424 38.745161032270644 38.896895233995984 39.04828674892183 39.146930630445176 39.13545370881103 38.940675168431554 38.54726668234477 38.042428427896546 37.534138609458346 37.052461865185165 36.58825417730714 36.07939603581365 35.55759292664799 35.05500642354102 34.598272462886364
27.5715767632349 27.566103699877655 27.557555569056426 27.545419572131024 27.528877464759873 27.50686117590657 27.47811918651915 27.463069552045198 27.61661761202706 27.95294767321737 28.45191633313986 29.08756215907943 29.83504767601048 30.673157175347036 31.576427181495113 32.50764601525027 33.42562738828722 34.29081929505173 35.06460370465203 35.70674463485508 36.273165209098416 36.82630899070012 37.298857207550476 37.669574428561226 37.97492817213112 38.27058338840071 38.59393051509009 38.95523958471709 39.3499498413851 39.732797301521984 40.084945908424395 40.36395429449662 40.47668918533482 40.36763759922374 40.00350880229991 39.46778641452327 38.88135961252352 38.29363751224052 37.69502975853438 37.0572742565164 36.42252184787248 35.825742868293766 35.293717450993064
27.56200207246212 27.553811272258354 27.54420623313729 27.532823536467987 27.51897257134473 27.50171416248957 27.479965736856975 27.45595802734645 27.538765211969352 27.802498923119963 28.22855831709652 28.792686127493795 29.468324320224298 30.228390379752305 31.043583400356056 31.88047647939794 32.70266716335271 33.47275217046136 34.15305866949734 34.712361898296656 35.277057454331896 35.86440587211255 36.43102924994169 36.96267794103275 37.4756711725457 38.00143242325272 38.568854506593134 39.17020835963625 39.762515573525846 40.34905519804618 40.91218673892112 41.370529147771805 41.64962416337513 41.6643044784316 41.34463782710795 40.75371310631189 40.0478755837127 39.31218557882418 38.54087248289737 37.75159812764393 36.9909533487385 36.29301641050448 35.68137838015207
27.534631337404996 27.523627845227445 27.513062419204626 27.50275711175792 27.492164269052623 27.480462360497054 27.46668770593732 27.45435546217549 27.50525106548478 27.70005176758185 28.050596069205714 28.536761581544184 29.13081067984425 29.806356382298727 30.53284599101001 31.2778235217597 32.007280307700114 32.6862839043444 33.27984221647122 33.78206948003442 34.34932163505618 34.9737006660485 35.62316095888165 36.28573344970001 36.96875172083406 37.69093486763701 38.431181340358634 39.17131959106881 39.93402383305102 40.713010209992454 41.45966086192057 42.12724623931718 42.629743242494186 42.8284730164162 42.5748196706972 41.88540878313895 40.992975959411 40.04678899154812 39.06949033427424 38.11481413585621 37.225980751115834 36.43031727208159 35.73990738564209
27.490346901673384 27.476195424715804 27.46451732825153 27.45535250585324 27.448293892488895 27.442592909401014 27.44367703356229 27.458924186573054 27.500390525466052 27.66262500448961 27.94486823021381 28.345026874354257 28.848661045125407 29.427946084169854 30.059783944779618 30.71413372330402 31.354323432858806 31.94763100018627 32.46214825864446 32.92098141447304 33.48751419504972 34.142329269956434 34.85908326425702 35.6255394728904 36.44480619018126 37.28490266584697 38.11370013439607 38.96133641856428 39.83823957087198 40.74338356390204 41.660702832306015 42.55749280783328 43.35106561272454 43.84185013481715 43.69729476274191 42.82031543614064 41.63435673218222 40.40755409669595 39.2089663763582 38.095541334010754 37.09441049550865 36.20902908690635 35.42793239285604
27.42993717756752 27.412032617075628 27.398826390015802 27.39124471075375 27.403479409913693 27.4367607933463 27.48886171783125 27.55067876816192 27.614150172764163 27.743824105156406 27.983398318183045 28.314290525023257 28.718437282661085 29.187142485687612 29.697801127866764 30.22979993347898 30.762410168572885 31.270811058202447 31.713010564230625 32.1293766850457 32.67521786804508 33.33142184853336 34.0796471440579 34.91232461831381 35.7992980606828 36.67427549355048 37.55602621965373 38.45355994631232 39.387639087657185 40.377475011779325 41.42889910831354 42.524508425504564 43.6379475176264 44.60605185268612 44.70500607436845 43.40527984435379 41.79321936239423 40.26386158213512 38.87630257592515 37.6453566021835 36.55928646540406 35.59431814144895 34.75139635058167
27.354168287428003 27.331594422168415 27.33288299078235 27.371918236910865 27.438153262767766 27.52879460360958 27.63455162593188 27.74466253631233 27.84961102140776 27.95659736967392 28.146194957769964 28.415817767471236 28.746601790225522 29.119439100358548 29.515294896010925 29.917487478820604 30.317287491200695 30.69641585391706 31.02279786326627 31.357726538816888 31.85026632706561 32.48282300064961 33.23916618597011 34.099805707022625 34.96192594965305 35.814867806173 36.67711320476192 37.56853413877213 38.512462778234905 39.52849596443793 40.63295516772968 41.83086037751749 43.11875817041677 44.50595119296671 45.249965767344676 43.102315333848296 41.16798221152543 39.473687947801864 38.00232294312986 36.72308312663438 35.58647079448764 34.58615303280557 33.71939919242573
27.265944743160738 27.276154021899085 27.335531305704837 27.432261005362502 27.559261806790914 27.710324729612175 27.87246218663808 28.033331442492017 28.181795147377258 28.308439550444508 28.444387078562762 28.646179434797492 28.897152593470366 29.179424062305543 29.475543116796338 29.76883176107714 30.029969713878156 30.24293256568871 30.40800043214318 30.599292000800236 31.007557954802905 31.589603188389358 32.31703714778506 33.10882948032523 33.89314229547022 34.68196005964641 35.489675022623224 36.333423328591756 37.230985321303024 38.19588949327165 39.236822568932524 40.349867899079364 41.48247062443722 42.457908506180175 42.56386074733252 41.29904715037612 39.58810602582279 37.96945614123103 36.53467735673428 35.2584869610819 34.13049823455725 33.146388954847765 32.30110694561392
27.218124562482316 27.28699037904347 27.40634066150598 27.564533684909055 27.757249383389464 27.972047428783476 28.194103299054273 28.40904662870573 28.60369575882547 28.766758970846297 28.889563400782624 29.019196971071636 29.184525198739586 29.36929576451877 29.557781150785868 29.710793960459075 29.80704065048246 29.84861766178965 29.848541611343897 29.868219073613854 30.117310618214127 30.60463275650903 31.258392141800247 31.936543628978733 32.620796960806864 33.31903047603813 34.0408300287 34.79763192890547 35.59727577107353 36.442366246546825 37.32522408816787 38.215605799431565 39.022847294806226 39.53904240816467 39.44790897085 38.57540242858823 37.217794790148666 35.79543820485667 34.4810368394358 33.29462170660272 32.24820250056624 31.340192190094207 30.56587154092159
27.226235536473148 27.354464080943803 27.53531514679998 27.759761882490707 28.021383504775343 28.303990922122104 28.590425007475105 28.863703234976423 29.10805211326921 29.309885208868526 29.45856776344373 29.547662661142947 29.623145156200465 29.694851063903016 29.72349620556819 29.6928461288684 29.60826931748682 29.475268735193843 29.31124092720622 29.16120505822673 29.2388435832794 29.57303511290489 30.08841440555279 30.635332476237753 31.199518446509565 31.78456245718324 32.39517985550287 33.033799944398524 33.69835708324786 34.37946877426047 35.05518293709436 35.68158412575924 36.176633592777684 36.39929695330195 36.158152707230265 35.42416396126984 34.34742239041274 33.14016208346373 31.991044326528893 30.957793273173923 30.051743708215945 29.27050216925228 28.6096419267487
27.280218482314687 27.467835662537983 27.711420265276853 28.005681018660656 28.339802306234564 28.695117214667988 29.051424080233552 29.388330222317194 29.68674084555003 29.930227661200625 30.09980110451751 30.16454968077939 30.13049674252465 30.02040356577845 29.844355132772122 29.613159430306435 29.337249271534127 29.02698883460851 28.697872098456067 28.385000015370622 28.285900039263772 28.47192803157676 28.821304036662156 29.254227038139835 29.693923208501666 30.149446172074917 30.63110894385565 31.133416443763473 31.647353726971716 32.152838702111744 32.61750292722112 32.996081980630784 33.22449679578467 33.157316736758915 32.7463950098489 32.044861188813314 31.166887333955206 30.199718974803375 29.242855271110884 28.403720014184692 27.67895432419925 27.05983065879025 26.541829003919954
