_RESULTS/POSTPROCESSED/Berg/IZ/8comp/Berg_IZ_z_1000_kriged_reverse_8comp_spherical.asc
ncols 100
nrows 90
xllcorner 5.6208707817415728
yllcorner 50.959635321741573
cellsize 0.00013419651685393446
nodata_value 1.7014100000000001E+038
[rows 72 to 89 of 90, columns 0 to 40 of 100]
0.030237273619099784 0.03519738804323407 0.041163152091948305 0.048269756902420115 0.056615925907241696 0.06620747352237916 0.07685993835775926 0.08804795197136461 0.09871925928641838 0.10719241403812875 0.11143167960998224 0.11068626318983867 0.10597742343773928 0.09847518929702569 0.08982738896996921 0.08136014431033112 0.07382454218855472 0.06751375028593593 0.06245331170301624 0.05854243033621902 0.055667681774791616 0.05366865526466441 0.052361882963920824 0.05156638285431466 0.05109702776088378 0.05076404879244223 0.05038678628339858 0.04982542693067521 0.04905384805674956 0.04874643952491674 0.04831387663398573 0.047555915607150535 0.04677338567307002 0.04607554803740267 0.04556479056366937 0.04530473822836358 0.04530027007532704 0.04551161537631902 0.04590114754939368 0.04640879308892177 0.046952981901985553
0.03218429029084485 0.03808777308482632 0.04535163753031602 0.05424384147435306 0.0650379650833277 0.07795752878347796 0.09305512331747216 0.10997051812882473 0.12749921638939798 0.1430139590996656 0.15240143701825612 0.15350789206709461 0.1463740698724014 0.1338740710258643 0.11974767627009979 0.10644860400186021 0.09503604624666266 0.08574809171085392 0.07852932893417976 0.07314114094370339 0.06926585204351912 0.06661462549871545 0.06492231830971035 0.0639288344997549 0.06335743191017401 0.0629022428694569 0.06224403019947613 0.06111253475796107 0.05970854020728644 0.05891331995825582 0.058115370705708956 0.056994556924063994 0.05582133354540204 0.054801093142406776 0.05407693746886117 0.05373512739979446 0.05381753369935004 0.05427526715135717 0.05500938037555253 0.0559312194616374 0.05691370133299188
0.033704997814940955 0.04044274198815345 0.048914188739503504 0.059524966311460766 0.07277252632310394 0.0892011791586068 0.10930899500156888 0.13329441453469698 0.16041955236848662 0.1875645369408651 0.2074848734663157 0.21225714458035327 0.19936640055891572 0.17726984863286857 0.15436601393055238 0.13432575205989677 0.11804991237975786 0.10547871748348646 0.09603538267205496 0.0891382727931799 0.08429641163824783 0.08110458628351079 0.07921240157337894 0.07828082427634332 0.0779311543281177 0.07769816840503659 0.07702523808627867 0.07538174368283186 0.07344353863025807 0.07186368832642719 0.070549184770259 0.0687319371995648 0.06685471701165766 0.06525092239084927 0.06412122740276531 0.06357092145832667 0.06364357091293726 0.06434030942266919 0.06560383133410869 0.067210444479337 0.06895647804231855
0.03475631443669644 0.042002911213319415 0.051427817610797864 0.06345349096308159 0.07878792503073169 0.09832574084430484 0.12312928553327596 0.15432511299133728 0.19266764401404687 0.2368598620337867 0.27843460903179307 0.2912097136322172 0.262846042012507 0.22359172213904963 0.18887505118958328 0.16131041046542707 0.1403827542091574 0.12476728548526819 0.11331603869157537 0.10514109787597109 0.09957624591029927 0.09611676961977578 0.09435547246473629 0.09391102312375511 0.09433631874775592 0.09499857110385962 0.09497111992503708 0.09333836354970969 0.09088763498410508 0.08830745291183721 0.08579965021183003 0.08264277608320143 0.07957777681634105 0.07707455090551246 0.07536073241371012 0.07453168893735232 0.07461598169865975 0.07560423797004662 0.077452509077834 0.08005758251785182 0.08305070037121069
0.035259072685100444 0.042730758751920804 0.05255644824416659 0.06543808595782348 0.0820932728201926 0.10363898953481387 0.13155435427865647 0.16774243360881166 0.21459667096286328 0.2748964715861886 0.3524250607231644 0.3890876114591297 0.3182557506075803 0.2591305570437323 0.2148761571522027 0.18228828038672662 0.1583139862585543 0.14076373718091179 0.12809589718059125 0.11922844226646093 0.11340150436672382 0.11007655721947657 0.10885496047434248 0.10939505813661289 0.11129492213886821 0.11388112215397644 0.11583151027391989 0.1156013496914515 0.11312355900806546 0.10857021327171351 0.10356335330344765 0.09810462569824682 0.0932760739732495 0.08956308296204946 0.08712004131984492 0.08597652382518418 0.08612337181169491 0.0875409570405272 0.09019546572478017 0.09400876446863876 0.09878943139824507
0.03516346366960706 0.042592134512280826 0.05235320583595305 0.0651874562937295 0.08206137744124677 0.10400338760700717 0.13243597814636798 0.16920898193917236 0.21646473642208086 0.2759612015684674 0.3469067336450905 0.37645068068032134 0.32230065229783456 0.26707595676219315 0.22423420507029818 0.19208580619148546 0.1682098568035698 0.1506713991184276 0.13805199147092578 0.1293426006941803 0.1238405559807645 0.12106902466880187 0.12071390798122338 0.12256448775257021 0.12642796045794807 0.13193150899733525 0.138088487579886 0.14302966711316942 0.14107289025558145 0.13183484849087282 0.122234018766593 0.11350235268955824 0.10654144228299724 0.1015037234229275 0.09832255020938827 0.09690795544937192 0.09720174567401448 0.09918694673579034 0.1028745532915182 0.10826504098514847 0.11526475285301471
0.03447908711320076 0.041602731648159336 0.050908107600927927 0.0630490100703765 0.07885967855233894 0.09936932639707585 0.12568047681845107 0.15866611241558107 0.19866254279262258 0.24328223877227448 0.28445419167760894 0.3001914413166337 0.28028926053851544 0.24686558577178994 0.21500468064619846 0.18872470803003966 0.16822283309890165 0.1527680095849173 0.14154342451929042 0.13386780020183928 0.12923543190035738 0.12730638900167413 0.12788739469885227 0.1309151316410183 0.13646609952050956 0.1450279901964803 0.15699491731647575 0.17361220033201272 0.17371198172785562 0.15321402081647081 0.13786598223839708 0.12607670393272558 0.11736692321007605 0.11131769993881384 0.10761982888101676 0.10608257802657943 0.10662349637097612 0.10925717963276567 0.11408163804850642 0.12125100978478684 0.13090541492741414
0.033272910946281875 0.03987117669025664 0.04840205158282155 0.05938474581552367 0.0734377144665603 0.09123857941225208 0.11339583387996023 0.1401200380098846 0.17040556759083336 0.20047434459921892 0.22469727111376217 0.23520711586173312 0.2289572573149509 0.21221125125511375 0.19256809917643958 0.17430572096934993 0.1590167931457549 0.14701852747165603 0.1381530736169926 0.13214100546773253 0.12872244473088576 0.12770844048945515 0.1290139429741765 0.1328312808847785 0.13940429785541758 0.14906045159493111 0.1621651665402703 0.18017250930212247 0.18122423075274907 0.16100224735239013 0.14518071300411536 0.13288247402837292 0.12378543724122935 0.11749305781724732 0.11371195797661353 0.11227346482271336 0.11313252582641736 0.11636805114461785 0.12218819189934625 0.13093701240138872 0.1430871670863737
0.03165557058914448 0.03757350120047042 0.04512113558988353 0.05467008287208287 0.06661820447880078 0.0813188440901389 0.09892581436974977 0.11909171895046239 0.14046184911929868 0.16006509642617822 0.17489974696579916 0.18260805595548302 0.181949213862687 0.1746917610805573 0.16416090300913358 0.15310425694115287 0.1431137716035345 0.13491392817869766 0.12874729527701656 0.12464477795088055 0.12261821395231172 0.12265179339214062 0.12475027802101013 0.12894173186003113 0.1352244681833223 0.14337495371080963 0.15237237974719545 0.16077827499475755 0.16128089246316227 0.1531031032240323 0.1426190236879894 0.13272569367894996 0.12480402403240952 0.11914059731849427 0.11574660523997009 0.11460797961021531 0.11577370325594472 0.1193985600884907 0.12577735214135752 0.13538557192169173 0.14893498078461687
0.02976087561080273 0.03491629963985261 0.04138876206079497 0.04941700620098893 0.0592174798789992 0.07091037676134657 0.08438841765050945 0.0991132489154121 0.1138660728334296 0.12660117313280733 0.1357659951615844 0.14137366170926396 0.14270564270884112 0.14024485256801741 0.13536804344712522 0.1295481096444035 0.12390124763523233 0.1191234482809645 0.1155963290932955 0.11351023414359213 0.11295302672879654 0.11395900209387609 0.11652139050702504 0.12056398705667627 0.12584679885549024 0.13174250739747317 0.13687318658506137 0.1408266590043724 0.14168773183841438 0.13913152582060045 0.13346387826330414 0.12678054489948162 0.120802528547545 0.11629449701324453 0.11358008798028761 0.11282600451688841 0.11418151269802247 0.11785308316993277 0.12415471849722506 0.13355319277152294 0.1467156610178133
0.027724923241217243 0.03210138334085687 0.037505525249602295 0.0440722139564533 0.051890828904366824 0.06094437379293377 0.0710186725596983 0.08158909460799325 0.09172526524438 0.10010814716267274 0.10596539466075426 0.11002885522702764 0.11190341039810459 0.11169221650498123 0.10996393965676331 0.10745979527167843 0.10485528030414586 0.10265938692961882 0.10121336286029231 0.10072801815749655 0.10132086689770878 0.10303580640151852 0.10583728233092995 0.1095710776225623 0.11388086630638146 0.11807697093284004 0.12104854279360396 0.12320275930561865 0.12445803243124685 0.12427156517585985 0.12140716037954359 0.11723229291717618 0.11307815620174316 0.1097662486644965 0.10775836480512846 0.10732878206988189 0.10868357937106841 0.11203411634688422 0.11764088151968818 0.1258341452761174 0.13699816307176288
0.0256698869043234 0.029300878832899377 0.03371225913042697 0.03896627487287301 0.045074735050654166 0.051955668840285164 0.05937839248818915 0.06690938185357996 0.07388882585545095 0.0794896522483464 0.0833685290134436 0.08626498710957814 0.08809068480733762 0.0888359335801467 0.08873098631760341 0.0881374734952282 0.08743655650932071 0.08695872154594438 0.08695780042642716 0.08761072452041589 0.08902358847513475 0.091230400368198 0.09417585034375067 0.09767732400743769 0.10136923864537128 0.10465440467513341 0.10673260751659364 0.10817844186406102 0.10971744772363735 0.11021555743647683 0.10866693687831401 0.10600236855586956 0.10313360567836048 0.10074017676990454 0.09926931065284678 0.09901040606403828 0.10016950163241564 0.10292111097994101 0.10743356451869138 0.11386201553813691 0.12228683808682618
0.023694738958940777 0.026645456668815685 0.030177681887280774 0.034307625486294985 0.03900609905940224 0.04417058803649311 0.049595264360503905 0.05494918548943603 0.059780192500355565 0.06360638242021133 0.06626898166225521 0.0682774065850189 0.06982459232465776 0.07087341363870067 0.07151292802796032 0.07191709593457794 0.07229419231684842 0.07284653169260139 0.07374681494916649 0.07512683308250008 0.07707021046992484 0.07960102455727744 0.08266205550477337 0.08608053853053625 0.08952967250843653 0.0925160231915755 0.09444927514508426 0.09566542393208087 0.09721335720639743 0.09749058457792383 0.09634927112948692 0.09439194875379486 0.09224066306252204 0.09040047506207635 0.08923168746139416 0.08897783444746844 0.08980521621638604 0.09183200473884813 0.09513725273828826 0.09974122363409169 0.10554196865970793
0.021872572917275516 0.024223551549955365 0.02700363496196398 0.030202551961694073 0.033773549009389316 0.03761666938286841 0.04156386000309095 0.04537268263960304 0.04873772267483362 0.051410891272813744 0.05333886205096799 0.054678963948562004 0.05588435022759919 0.05692383589188761 0.057827811930607424 0.05867956729877805 0.05959237147802269 0.060688002573253325 0.06208058848961524 0.06386515742910123 0.06610742612127402 0.06883018242641896 0.07199169117478528 0.07545358222396231 0.07894331293279684 0.0820370708175814 0.08422327578152854 0.08549059235700969 0.086493896694059 0.08621152145537174 0.08495187394664665 0.08317235886144343 0.0813107860340871 0.07971974559662302 0.07865490309235869 0.07828968660035712 0.07873565650598478 0.08005630140816564 0.08226728922765753 0.08531777769070187 0.08904767551714607
0.02025273371500494 0.022087450291000784 0.02423915699173642 0.026684017697352954 0.029371004043522737 0.03221244182597987 0.03507739962429971 0.037791907501076846 0.04015035114971046 0.042053965972013066 0.04349161641449939 0.044413337859657565 0.04528668897051635 0.04618136569248674 0.04710325751196665 0.0480920940792879 0.04921070279054759 0.050533861532502576 0.05213854256416376 0.05409559397803949 0.056461331884588226 0.05926633910046864 0.06249774133116567 0.06607013160349579 0.06978041420185883 0.0732532465282911 0.07594334039327108 0.07733449715933348 0.07734610911691944 0.07630631230652897 0.07464343747262525 0.0727476979557954 0.07092297596376457 0.06939312360201617 0.06831509680589058 0.06779195025506093 0.06788339456476859 0.06861101684649615 0.06995549058964602 0.07184395917103073 0.07412792808124
0.018865662666790555 0.02026235955263376 0.02189669575743504 0.023739021933809227 0.02574059483370757 0.027828465235183668 0.02990303414107787 0.03184044946902139 0.033501878988791506 0.03487667412565239 0.035964716431189744 0.03668307260108774 0.03726165406964776 0.037965505995924236 0.03878979439799055 0.03975289619735277 0.040891006366352164 0.04225235241147971 0.04389177441802279 0.045865764388289036 0.048227336701937296 0.05101934942396157 0.05426376521722445 0.057941535656114165 0.06194945076174426 0.06599978297432656 0.06944092770973487 0.07062221799351226 0.06950975542583361 0.06758048734557433 0.06540574714740194 0.06328907267325168 0.06140300569404535 0.059858698450318645 0.05872976796383035 0.05806099543081594 0.057871970660521674 0.05815743535003777 0.05888393774839279 0.05998270704367424 0.06134044997969472
0.017728770987640932 0.018755790534275923 0.01996671782310322 0.021330255065978465 0.02280248548040327 0.024324174069678715 0.025820212485177744 0.02720231499235504 0.028376994143092346 0.029376406893544454 0.03020852013182345 0.030818803526666792 0.031218374676044554 0.031727486647778524 0.032408853566504026 0.03326962357200717 0.03433142894435559 0.035627269520459005 0.03719869229865073 0.03909334692685858 0.041362777364698365 0.04406007966254836 0.04723668773767017 0.05093626793212688 0.05517762892426394 0.05988426682896615 0.06412755403242763 0.06497792425843595 0.06255948612283906 0.0597351178129238 0.057127051732534816 0.05483933285509586 0.052908070202983416 0.05135431934605009 0.05019118738742119 0.04942306171260703 0.04904369380901157 0.04903384405106306 0.049358184375086996 0.049961612635174506 0.05076630922478099
0.01685230605286313 0.0175658987326037 0.018429322750679916 0.019411488391772338 0.02047365138240306 0.02156794345161016 0.022637523205045043 0.023618865701951975 0.024448120997726926 0.025174278820776528 0.025814413714940657 0.026331722969008348 0.026704180485747162 0.027039023966765618 0.02756729855330686 0.02829674591368516 0.029240265890554566 0.03042145458219665 0.03187313576355619 0.03363635484965302 0.035759867487967376 0.03830018956999001 0.04132239762794142 0.04490211128527194 0.04912945180162708 0.05392973771739193 0.05864796893698834 0.05915115996946379 0.05573661123072722 0.05246108317202835 0.04970433614200168 0.04739735614491254 0.04549785396375337 0.043979221458064176 0.04282243672056265 0.04201043404626731 0.041524187977849965 0.0413397787621534 0.041426000514917204 0.041742590385540186 0.042239830452338624
