_RESULTS/CROSS_VALIDATION_POSTPROCESSED/MHZ/TZ/6comp/3/MHZ_TZ_z_710_kriged_reverse_6comp_spherical_3.asc
ncols 100
nrows 81
xllcorner 5.5967107548124995
yllcorner 50.982328804812504
cellsize 0.00017565037499993607
nodata_value 1.7014100000000001E+038
[rows 19 to 37 of 81, columns 42 to 83 of 100]
0.3252940500514478 0.29391428500357186 0.2649425991381964 0.23864982265621076 0.21528315009821253 0.19494820347868244 0.17761471197848577 0.16317631288880466 0.15149583039968045 0.14278239810262516 0.1406085217835709 0.14544708312520924 0.15702436241756745 0.17558139150875968 0.2000301183355882 0.22592303775875694 0.25302600528359226 0.28252909938955545 0.316140624783806 0.3569770369364712 0.4083312870971097 0.469341165526553 0.5370749156883697 0.6062942671187589 0.6692947212593259 0.7171618242714038 0.7420458175420025 0.7392269796541443 0.7079439935699653 0.6509955626502388 0.5738070001235431 0.48435175355685206 0.4020357908525825 0.3331334727351605 0.277312302169958 0.23327606656480138 0.1994006304263903 0.17425698133300888 0.1565238210569882 0.14519786632302387 0.13973424972004705 0.13818288881565688
0.29473356252151683 0.2692676764794421 0.24524657744742742 0.22311710151741654 0.2032226007605399 0.18577631695034102 0.17084585358456764 0.15841437317643076 0.14842674089842564 0.14239535453915447 0.14360750823172932 0.15164301947792846 0.16722566836652333 0.18634488981504374 0.20422739651453828 0.2218912440477336 0.2407747562005111 0.2626789101784033 0.2901940869412061 0.32733880624696815 0.37664523961853363 0.4391838853917734 0.5137270488256966 0.595593827144372 0.6761081133836977 0.7441122715988859 0.789399272572733 0.8057598645920525 0.7916613841439321 0.749062442363683 0.6820631358354153 0.5962399256475722 0.4984362127993516 0.4028252917309698 0.3267847856821223 0.26806340021672437 0.22360716221123433 0.19084482739555375 0.1675295453473855 0.15197680312885908 0.143121568974429 0.13995196553895153
0.2665170465632713 0.24627469127781162 0.22677970268799885 0.2085610248921012 0.191982619570316 0.17733438429204346 0.16476471525084407 0.1543363687978852 0.14608522247879552 0.14299800262529866 0.14694971412631602 0.15791542752462742 0.169915799885983 0.17961471032065884 0.1875611862792275 0.19526147842142086 0.20444448495570336 0.21717828000484404 0.23691616714142655 0.266602008980418 0.3091856493021423 0.3672673314922899 0.4416972133029116 0.5292892283190853 0.6209750844295748 0.7033291015685591 0.7641186392042438 0.7970341833582011 0.8014142300610322 0.7791747074352482 0.732746948073831 0.6649192903547574 0.579617064443378 0.4825616728410401 0.3846529448583895 0.30807328868321066 0.25115254791788627 0.2096883588347228 0.180203720263714 0.16015798645102275 0.14786998953017688 0.1423920506628631
0.2416730339605161 0.22579035997756428 0.2102176853406853 0.1955094641926194 0.18198186357494325 0.16996199718029298 0.15965521951283038 0.151111846492108 0.1444000501283515 0.1437355635115938 0.1498217397312152 0.15515996668449686 0.15771238516187427 0.1575097596630396 0.155972341000942 0.15475278865711695 0.15544857028811113 0.16040904871120892 0.1719487055381062 0.19240744605028204 0.2249081296188094 0.27319047948834824 0.3403811564467595 0.4257640292020862 0.5204716285615739 0.6081049635854807 0.6744944554661377 0.7156019937112058 0.7341165475859508 0.7329203294514706 0.7126837224600671 0.6727394741028491 0.6129446467699642 0.5353056672858488 0.44477005733695285 0.3520619221689483 0.2810821665850284 0.23005063070950685 0.19396532137552902 0.16926070992806458 0.1535497639671063 0.14545238117700432
0.22064251484761252 0.2082865152578103 0.1960109421091272 0.18434537481862728 0.1735544960568947 0.16388770229136637 0.15535606195643045 0.14805456281377014 0.14289383543348355 0.14421312363565225 0.14469972887345328 0.14125152152028678 0.13495713639420515 0.1267408259234073 0.11833069852576772 0.11114418383873434 0.10651200371911396 0.10603716280400788 0.11082500122187547 0.12254968505667793 0.14393126088961702 0.17909581939859043 0.23317650587147137 0.309075550688476 0.39930885018396217 0.48244482781948383 0.5419202634383787 0.580136414856341 0.6054947299048682 0.6217437388736886 0.6275735327828699 0.6190447798868987 0.5920212717320285 0.5442558134000521 0.4768930621760665 0.3949898300264612 0.31192827003657153 0.250906815309854 0.20808099574953567 0.17873688928024203 0.15972167032731124 0.14917698154377756
0.20351708555681283 0.19396303086341002 0.18434691009039855 0.17506612762255677 0.16631182815962134 0.15827726577896334 0.1511548705138186 0.14508131446617967 0.1414840624201864 0.13897468988942285 0.13125784039438712 0.12039875908419799 0.10757384956226873 0.0945067586934429 0.08265237255325975 0.07292204055336701 0.06620508111986419 0.06291600499378061 0.06340744160755399 0.06855924286885666 0.0802124883941387 0.1018480273087328 0.1393503843124986 0.19991855313618656 0.28092635236552393 0.35135974008561094 0.39153981955983896 0.4184403805980301 0.4449648572991306 0.47326599724953294 0.5000702575437833 0.5194943700796462 0.5248286521948596 0.510362007422845 0.47323318817352994 0.41484170285818267 0.3412595483629005 0.2709653149722472 0.2216800962877295 0.18797803636658394 0.1659352461338188 0.15323577707695699
0.1893245485954583 0.1817493326303026 0.17404634872059566 0.1665451542151637 0.15948328731553965 0.1529766056211236 0.14721741632329471 0.1423603691097662 0.13769403638691968 0.12747635150919384 0.11321737575561072 0.09709624178634876 0.08082076260934018 0.06607652812646353 0.053759911738351485 0.044225385259942115 0.03763728375755562 0.0337003077098431 0.03227160774493054 0.033580277991397164 0.03850352609518695 0.0491376156831211 0.07000684677822433 0.11017109964591737 0.17977882614010932 0.23091572375917285 0.24427977325790906 0.2612204243905339 0.2875078119447055 0.3218989355920139 0.3610486084391562 0.3994842412938652 0.4298901293969255 0.444767497658718 0.43811302687517445 0.4075309184879199 0.3553432643739836 0.28875967044409384 0.23381069799723728 0.1963475707250843 0.1717447283841946 0.15728109612387836
0.1768337148694586 0.17088063259117975 0.16479845070618335 0.1588482574769981 0.15327314789312446 0.1481831368198206 0.14372027512417543 0.13990619217325628 0.12917240246770215 0.11272586741659424 0.09396125959790332 0.07504814778304462 0.058012782301429026 0.04392832749509091 0.03302625146039739 0.025134378378805014 0.0198089177523511 0.016463107410870016 0.014713284622784576 0.014428323109689896 0.015825652866919688 0.019729348997659414 0.028338596077297027 0.04680928162898534 0.08642625062915765 0.11574940783442506 0.12454823988126935 0.14167769075843903 0.1678521021284303 0.20262571042663258 0.2441858008111404 0.2887911459004451 0.3309006573876639 0.3640799463355563 0.382000504641613 0.37788603327365167 0.3495975685690693 0.3003283659170514 0.24353313657180767 0.20323528485695386 0.17674074752035976 0.16100929952496038
0.16607847806214376 0.16146542601452846 0.15675094276531973 0.1521466983440635 0.14786047607097194 0.14405941926642324 0.14081865796974047 0.1351872430589403 0.1182439031459196 0.09735168541845185 0.07587147832616918 0.056393046571847225 0.04040015643087215 0.028228965494730286 0.019501079267374297 0.013618985369119138 0.009819351648278268 0.007455125890783568 0.006095194528265871 0.005503444580080852 0.005670215809781037 0.006792201937351259 0.009500253878305097 0.015194833134416153 0.025584332359989657 0.03844060659666299 0.05134680829230476 0.06781489578532438 0.0908055652717871 0.12190718167357122 0.1610797319411924 0.20595859982906833 0.251833575515095 0.2925537397415283 0.3219148373862774 0.33481259559277227 0.32799869817996974 0.2983315651958565 0.25003773789289996 0.20812591882553128 0.1805827480454484 0.16418292357758968
0.1570509021774022 0.15355153468500296 0.1499960437794192 0.14656072244986823 0.14341907688518 0.14074314364975948 0.13865167517525762 0.12859641100703184 0.106956155073069 0.08289395988795566 0.060440926499872975 0.04183623535455946 0.027766251556657892 0.01786854888506424 0.011302506453846808 0.007190560898013108 0.004691182526434202 0.0032040294360956545 0.0023665972760546932 0.0019599931010112516 0.0018679648117630628 0.0020941953360338597 0.002781676616132471 0.00427752042568385 0.007134303820583355 0.01187775848466618 0.01910538137141012 0.030135729749123173 0.047002836488588634 0.0718567811453913 0.10583572234875535 0.14763532311836394 0.19323146773643182 0.237066121453401 0.273069002329159 0.29539617702197074 0.299838665380589 0.2851469689813856 0.25175368017367017 0.21066974192475058 0.18304620709526248 0.1666550881363968
0.1497223283771905 0.1471585036310074 0.1445949127248087 0.1421821898349664 0.14006590890204865 0.13840419208767993 0.13632896851370813 0.12171043177377705 0.09638559085517921 0.07041656378078233 0.04818642629594375 0.031142882918706545 0.019183209491495143 0.011376892384235742 0.006582371334166285 0.003798125207277846 0.002225173341226512 0.001371004449114809 0.0009153054874595546 0.0006810036012405256 0.0005844665147652007 0.0005994255349964197 0.0007511051050919736 0.0011382599907672037 0.001983929792760595 0.0037096442782347814 0.007052291381656346 0.013257453586207623 0.024281859241903344 0.04273290510056808 0.07085190156225256 0.10818056404361853 0.15115189039659713 0.19530984194735898 0.23508590644472052 0.26401219419417427 0.2766369930946387 0.27046474976633783 0.2464489034210789 0.21074106834793505 0.18405967797481174 0.16839086972409364
0.14406429205191437 0.14229887111127792 0.1405978021172089 0.1390920012037938 0.13790692856039188 0.1371898899985294 0.13372503470273883 0.11515783281590808 0.08730467922511578 0.06042364667031163 0.03899817625055547 0.023646976179326103 0.013579539126316788 0.007450832975377604 0.003953320051591619 0.0020709863309091962 0.001107694323474374 0.0006186120575340909 0.0003680619773386934 0.00024054427446513563 0.000180587116232677 0.0001650659524146337 0.00019398072046047026 0.0002972001804734806 0.0005639512342473853 0.0012096831044749769 0.002707379312084991 0.006004340704299078 0.012827679599367186 0.02595687619433867 0.04878039975213806 0.08125918454190022 0.11955234110543429 0.16173324268380784 0.2032312847599569 0.237444415906627 0.25770431704400415 0.2594048140282917 0.24170129349072242 0.2091195437295695 0.18372126180044177 0.1694810991348213
0.14006399132876146 0.13899479073309165 0.1380601824247771 0.13737576709833327 0.13705415073168825 0.1370454926227041 0.13107905621737775 0.10948195466555465 0.08028201052592278 0.05298683975610565 0.0324744492316186 0.01860857601625613 0.010038828525402305 0.0051360427400268215 0.0025183650299462138 0.0012281591423778737 0.000607784230115465 0.00030802128183050637 0.00016235980749430175 9.152647538510978e-05 5.8085999401218524e-05 4.5357318510915504e-05 4.8964086972119855e-05 7.753153495482864e-05 0.00016736762052585506 0.00042532596503799634 0.0011299350051878804 0.0029318260148446947 0.007187156602029467 0.01640094353864564 0.03462403450266327 0.06232619717483954 0.09533610324608618 0.13485600869227163 0.17652872512169995 0.21388668520867984 0.23980566931501765 0.24859884588524622 0.2379703360374682 0.20994961019044486 0.182683318550793 0.16983549705568612
0.13773694572984801 0.13729211095608254 0.13705795933416307 0.1370454926227041 0.1370454926227041 0.1370454926227041 0.12879675370620391 0.1052369292886304 0.07536185364653702 0.04797253003998463 0.028162303673125937 0.015397884102004449 0.007886767202297973 0.0038068308480423297 0.001771591171582597 0.0008222556885599424 0.00038186587319083334 0.00017809126639412395 8.402272951600658e-05 4.0778984141661714e-05 2.1217173437048445e-05 1.3103816859305701e-05 1.2105740222926476e-05 2.0739939591700843e-05 5.557975715732899e-05 0.00017444011881426218 0.0005501927380011502 0.0016356470994023467 0.00446231600524071 0.011035914854557764 0.02439556247110158 0.04654857088258697 0.07685497618866041 0.11431138050993364 0.155534395557851 0.19457418620646103 0.22426326525648482 0.23828680389979615 0.23330420512467687 0.2102223020514981 0.1833001911276459 0.16929462311423496
0.13711332105050283 0.13706343007165459 0.137045506663342 0.1370454926227041 0.1370454926227041 0.13702355640970973 0.1272860640576588 0.10267673516922075 0.07253126671897343 0.045252548260524064 0.025693559867552833 0.01355492900995668 0.006678371009654363 0.0031067547720730728 0.0014132074509991517 0.0006366286617879648 0.0002842051490624621 0.00012560056510606558 5.490709815622294e-05 2.3769662431759493e-05 1.0212910067096748e-05 4.571829979886163e-06 2.9742083924169606e-06 6.4428911216360456e-06 2.4281900212987934e-05 9.414511859091189e-05 0.0003397554213971573 0.001108092199924195 0.0032267227237757746 0.008330072012353957 0.018907231433472442 0.03739950795049114 0.0648190959591396 0.1002934953555623 0.1406549092237991 0.1803056757111761 0.21218597683439286 0.2296807938864164 0.22877280182298224 0.20952279472177524 0.183930153408174 0.16826360974402788
0.1371033168245634 0.13705862233996072 0.1370454926227041 0.13704479867433625 0.13700505963486648 0.13690464237460176 0.1267676870630358 0.10192057800867424 0.07175679627127692 0.04461185376414301 0.02484556849817742 0.012805464280965354 0.006157985114632183 0.0028486788107210895 0.001291910507410234 0.0005787179207950216 0.0002562701979890381 0.00011193277705999561 4.8071386243771864e-05 2.004649760337804e-05 8.056288284530922e-06 3.1264506742622635e-06 1.3090253035720938e-06 4.088019388799453e-06 1.835645863488256e-05 7.630113736445934e-05 0.0002864332246458587 0.0009579296428888888 0.0028298891059754263 0.007349255894978847 0.01673022967456545 0.033394756588439725 0.05885076996183575 0.09268555775042314 0.13201129437249584 0.17149108694457035 0.20424012815519402 0.2235916250535057 0.2251771970543725 0.20850525349723195 0.1835463113950903 0.16635675142790385
0.13711951897148072 0.1370531216369783 0.13704458461195618 0.13699636845847632 0.13687559183616418 0.1366782316929059 0.1272618473045641 0.1029438807476454 0.07297964014891849 0.04574469909493946 0.02556709572085008 0.013046168714352983 0.006265281896436347 0.0029415480585813516 0.001357017027042565 0.0006196758796299752 0.00028134193159348335 0.00012709115857819972 5.681976246025301e-05 2.5168109728199458e-05 1.135795043755525e-05 5.719864964699674e-06 4.429154691275311e-06 8.339570694442037e-06 2.695124694045186e-05 9.721067673819451e-05 0.00033828197760208447 0.0010771719225482717 0.0030635168795675213 0.007699317128048647 0.01705427035328685 0.033388996079541 0.05819716883668816 0.09118493890020206 0.12963776257669773 0.16844389095777224 0.20095514625418712 0.2206458843203731 0.22311557069505183 0.20750294818138054 0.18145956330114674 0.16336242892821434
0.1373781309500954 0.13709062888117649 0.1370018240375546 0.13687199949734544 0.13664617992351621 0.13631917813144684 0.12870171414126455 0.10587261408192149 0.07645804072740083 0.04889517785580871 0.0279340237957026 0.01440262600232647 0.007063290444680669 0.0034153032605549597 0.0016323684106670472 0.0007765572808772946 0.00037158142639443615 0.00017918881046900028 8.706123516214441e-05 4.37069790201043e-05 2.390161934455228e-05 1.588418890908318e-05 1.5432848393120473e-05 2.507357764529503e-05 6.098681689725819e-05 0.00017842336574411675 0.0005392917220390622 0.001551382154760131 0.0040707430554134776 0.009554188138051183 0.019962471482454933 0.03726959901459786 0.06264320546253013 0.09558717584577744 0.13338407399278074 0.171115069263222 0.20244852244542186 0.22117428426188068 0.22308497335565405 0.20490362226033773 0.17773521530577982 0.15925832634060258
0.13788927510086746 0.13732686515517703 0.1369309416495683 0.13667257484411738 0.13648084217851095 0.1363411121726825 0.13138125022036795 0.11098502955950194 0.0824400236834692 0.05433800774661949 0.03207986509885299 0.017176355031696556 0.008759048112536012 0.004416128551995364 0.0022197988633700654 0.0011198401046601369 0.0005750534768122318 0.0003002359348567693 0.00016200993367736254 9.353151940518174e-05 6.10642289689584e-05 4.8982027931924846e-05 5.308700453160709e-05 8.152400957425906e-05 0.0001681914661150789 0.00041395758303088985 0.0010812383365220895 0.002751393539478797 0.006477633662517742 0.013784509256345272 0.0264070729101824 0.04582099317769827 0.07263803679494224 0.10598579272061205 0.14306871891468703 0.17917579155442417 0.20837403523473524 0.2249091813652004 0.22337956953132582 0.19959397677074597 0.17250508942407525 0.15427515472436734
