_RESULTS/CROSS_VALIDATION_POSTPROCESSED_80-20/MHZ/GZ/4comp/2/MHZ_GZ_z_250_kriged_reverse_4comp_spherical_2.asc
ncols 100
nrows 74
xllcorner 5.5967023332191781
yllcorner 50.982320383219182
cellsize 0.00019249356164376555
nodata_value 1.7014100000000001E+038
[rows 38 to 56 of 74, columns 0 to 42 of 100]
23.237190804013206 23.236764970525744 23.37324518541547 23.564286323988966 23.73244471690469 23.855171983739318 23.925336002940792 23.947649242352508 23.980275731382324 24.13840590061383 24.38227938859959 24.663187282030037 24.96873656149169 25.29342504194228 25.625914058224193 25.970694051596748 26.367117373335308 26.893241156821723 27.583987917348896 28.426323276535665 29.397350439397297 30.466506945199008 31.578382421965266 32.3859544707587 32.40399292230013 32.28738279977606 32.16410793877364 32.01168918964167 31.802285208326197 31.50995069744059 31.10909317744786 30.58416160157692 29.924316252866724 29.20086975613861 28.459028631866257 27.736473917735587 27.06143931019448 26.464491537454993 26.032122232074244 25.756763070059723 25.55548097449335 25.42174751056082 25.358419047278712
23.437638106533942 23.40172215737773 23.48252050830057 23.625991470739752 23.749455725464305 23.832781713702573 23.86453310976337 23.8380506348038 23.78425600146483 23.986221696141136 24.259335112838354 24.552711488700947 24.871186511734972 25.221786403924018 25.607097982962202 26.002450340403488 26.44226409918886 26.98522705691931 27.671199476572784 28.486165422765673 29.398115272871188 30.353138665522817 31.23700812089323 31.842531193687 32.04680577000852 32.02010690137814 31.895843799177857 31.69227344388772 31.413928876940982 31.053343256789663 30.596401410139546 30.033757817441543 29.380718275729716 28.675031324810806 27.94412874746208 27.21832173316602 26.51831689956625 25.901757156247708 25.463960266251366 25.19207693431977 25.014772309187006 24.93587439448593 24.95673327495429
23.639479217306246 23.577805268773837 23.62166316130082 23.72496267620012 23.82276373107483 23.88499433449736 23.902577195479786 23.874475801234748 23.84705159816152 23.987255169813732 24.224111779701037 24.497238784496254 24.801582413890742 25.153408209751927 25.550155645783818 25.968569699024073 26.43228642309866 26.979143290113445 27.642173234533594 28.411853678287397 29.244239486928734 30.066712919273535 30.786450525051208 31.293813747984935 31.53507952794862 31.56794247631242 31.455490095725935 31.22508882138298 30.904001216689466 30.504393393510643 30.024257275968402 29.459042874767484 28.825645569145976 28.149225761818197 27.43928931435617 26.71925358849502 25.99602092659332 25.370403072973 24.9234127100465 24.64475312400376 24.48582634075405 24.46146375731046 24.571011052405574
23.835626859947407 23.763469862670743 23.7814518281626 23.852310654203627 23.93988372355033 23.99900138809846 24.02303423100958 24.01904392326953 24.016240522995428 24.10235119454662 24.274507916677702 24.50033790898237 24.78029654488889 25.11090507844497 25.477958447624253 25.877092482055016 26.34602742666615 26.893252115296708 27.52800707880343 28.248933753839424 28.999242282075905 29.71563176303775 30.32614161539756 30.76221017591197 30.99047415718158 31.03580589410707 30.916154128904168 30.65771747498064 30.30225700056398 29.884179841515085 29.40934313869229 28.888434842492654 28.300391069836433 27.658642946555133 26.984706350985032 26.287789907345655 25.55907779023322 24.92356488991135 24.455426854114567 24.141124745720944 23.97845845564732 24.001052483323885 24.19885358114767
24.02262078855627 23.952124342372226 23.967407512397276 24.022573225221443 24.098230409097884 24.1659861452372 24.203702750534703 24.218062262207834 24.221162559069583 24.2665117531456 24.382390302132166 24.567513633657427 24.810064924484614 25.098967427600428 25.41301400274611 25.765426452611496 26.1975187699139 26.732776785334533 27.351442099994376 28.028694755877304 28.7167346187576 29.356400662958375 29.888336210416483 30.264352527247134 30.460660263762325 30.48883172529259 30.341339104492654 30.038295245938684 29.63648149719275 29.215829583567466 28.79342998884949 28.342928879964596 27.825713484596537 27.23600891066872 26.612733592319664 25.949023802337358 25.231669367883736 24.59017793914509 24.086535603280332 23.699887910987968 23.4964193294207 23.56128962805733 23.85330729329751
24.199864968963013 24.129638368778906 24.157880605089268 24.222761390884763 24.29663335639221 24.369458165520268 24.420923328210712 24.447139070303116 24.45436153840508 24.46472745627052 24.543406329254132 24.69136407525137 24.890892039143797 25.127490941747055 25.37742945406135 25.663620535125926 26.022306747462792 26.51262036434245 27.13137836242262 27.78959088377932 28.439118123967045 29.02245743829744 29.49304525532277 29.815402425060444 29.97387249311413 29.97279978278757 29.789260964816066 29.427368373558032 28.932811712112272 28.542950619313462 28.23485585229865 27.865568384351096 27.426155516842226 26.911835552761655 26.34957050549233 25.720184210821408 25.033265049541818 24.40087635760396 23.857878491020205 23.36722002073267 23.04475667154438 23.17507308631891 23.58217263421359
24.370249942101562 24.290155152148717 24.35417467453017 24.440081363585723 24.517756568917573 24.586596907030234 24.64823958784458 24.68769765818253 24.700542131235153 24.697211864884565 24.74952076647511 24.863101869876893 25.02016146555979 25.202633085076663 25.395276793847906 25.596293777762792 25.827157990948198 26.261154997385038 26.93390168971201 27.60589371578055 28.21428193947825 28.74250354311728 29.155910804340262 29.426847934460298 29.548048786330995 29.51904452872335 29.313230837677303 28.929962307299707 28.395598932169747 28.068472159855123 27.8348755276174 27.52053976459851 27.13579705532465 26.688178394533796 26.189077951044805 25.610964018346184 24.974720616841964 24.379419930898965 23.825341869663 23.283203203540516 22.77406622631038 23.020515097695117 23.478981754373716
24.583326688667643 24.451216174598816 24.591206069943443 24.687257241938866 24.759164160206815 24.818245022388126 24.86957088566825 24.913027579560854 24.934436372215412 24.946152212610716 24.977047364370467 25.060594938460852 25.181394749783635 25.330781929932765 25.495378692825227 25.646512629168626 25.756689152365443 26.109151193392176 26.861149440864352 27.535697283284698 28.110037890787744 28.575359117706718 28.925119796253906 29.140317671526567 29.222101828328157 29.17043093126755 28.96558433851588 28.628098894798963 28.240316849218537 27.913225669318642 27.633189420158626 27.32444171408637 26.965989135888186 26.569838577292643 26.130052810939308 25.61332000887618 25.045410914954797 24.509199214892856 23.99548733887056 23.53207070514215 23.231275360546462 23.284635419345502 23.59253842675676
24.95928180841086 24.865199651183463 24.911632928560817 24.96945421883815 25.016472777222887 25.058167219812727 25.097167828298016 25.129287355673625 25.153546162449146 25.188089606475085 25.21898389218874 25.277566024981013 25.376597176696492 25.522966867379793 25.69308173460602 25.867260376927693 26.06692537830004 26.427362173091073 26.995544656711473 27.59259869251831 28.120053699924185 28.53331789004815 28.81776794276273 28.978456767002115 29.019253332485466 28.944634747984882 28.755749715982994 28.480999852503945 28.16843773394363 27.862878682336255 27.56753806529295 27.25671476714101 26.913844600637155 26.551458132295245 26.170073962655387 25.721319199583547 25.23199249878216 24.7401743475146 24.288249206254488 23.913785584834933 23.68742530316375 23.672357633566634 23.83821769788709
25.35764074045298 25.273545517203793 25.26005765289785 25.26504047396669 25.274758748271626 25.29521120146158 25.32485739139029 25.349982878716347 25.375218906042196 25.415439390910237 25.460940690718992 25.51089420700817 25.611812229317366 25.765916576113895 25.958998878180417 26.176956266526574 26.439012391497567 26.78894158835945 27.243654903144993 27.745240067392814 28.212113369603497 28.58214150223865 28.822011568782667 28.930463416524088 28.926261920938828 28.834889785663403 28.660758933601073 28.418619816649215 28.14255324742934 27.85780493623355 27.570625249873572 27.272313164203066 26.95296858557075 26.62752325786152 26.30033029551197 25.92589468401269 25.500922887552285 25.044454524942772 24.6431248396445 24.322264997158456 24.121206007178216 24.055340753954646 24.112800102364435
25.711383613902854 25.627787528781415 25.585292063432462 25.547632196782743 25.51420379508107 25.5165847232555 25.54809599536114 25.57260835331577 25.603135287923912 25.646016690988933 25.701093517571334 25.77515433422685 25.876154228420184 26.0363141312222 26.24939601835313 26.49639496443813 26.78100081630987 27.11666215445534 27.509246145463234 27.93878669472817 28.35162939080118 28.68377230180217 28.891741859361296 28.968822978107646 28.93105389867437 28.811190148904675 28.634459255944428 28.40492944239935 28.147645354697616 27.880136824612695 27.608810502402203 27.330787003814137 27.040779634051905 26.76050902097622 26.49402950121632 26.1943993818302 25.825737485818657 25.40870188786812 25.042648918399752 24.744944152493296 24.532310452190785 24.41679420547733 24.393537982858952
26.016274654305548 25.93433812033427 25.87806165657004 25.814259504761335 25.729939002745013 25.726741658092312 25.77292831156251 25.79723577872776 25.830202437180567 25.886094249709483 25.96462853485656 26.06466300875452 26.18605151621597 26.337854046250982 26.548655565918537 26.80117628337191 27.084587995963393 27.403774091872464 27.758421026272416 28.14439649735629 28.523241491313655 28.83019067137892 29.016297082266814 29.06051300578465 28.98773051918016 28.842310592223985 28.656172036241358 28.429222276449778 28.181943622714083 27.929471116905702 27.67749277092143 27.42488950702982 27.169361986336472 26.938464749473468 26.73240029341936 26.475126436589598 26.169641680901385 25.815636792309466 25.46008023386388 25.156549787858218 24.922272193163128 24.76377205149997 24.677753124396595
26.270696754720596 26.195295715028934 26.13793676573201 26.077774295963057 26.011096711954888 25.991404986119615 26.009609333400146 26.028303528103763 26.0723962423838 26.14368022319284 26.239929052224536 26.360092813140735 26.504169480937485 26.673192254496747 26.871505570658844 27.11280125226511 27.381877438934225 27.681949960029574 28.009289987069973 28.356417774020326 28.703513321709856 29.009844843609713 29.189208920729836 29.181557014458736 29.049441712586095 28.86668734160293 28.66898663414702 28.454612676357975 28.22625300828377 27.99609745504943 27.770498160838585 27.54971108341869 27.335870257757684 27.14047178224586 26.971675387886474 26.753340600976795 26.48683016309378 26.184980256995498 25.85986270606696 25.554923467036307 25.296646497035297 25.100323821331806 24.96380989968966
26.470340117317466 26.406410562828487 26.356177075272424 26.317050265229362 26.279211429678256 26.261767840658056 26.264868636271622 26.27884199593482 26.326747358425216 26.406058231655066 26.513075944225168 26.645907966129624 26.803786173990463 26.986630463128343 27.194382705369318 27.42404707849194 27.670059666606818 27.94476284527917 28.229733811574313 28.528679874017353 28.85195219868485 29.17676450046955 29.399293930418924 29.282990784148694 29.071389325848095 28.851816425552702 28.64050742672048 28.439932280602477 28.235752354665845 28.035699762959794 27.84527050711355 27.662492823465684 27.482200146425654 27.314697340976153 27.167477763460507 26.98948755099664 26.766675945293844 26.510120872186704 26.226686054233443 25.925991434200608 25.656352663773923 25.426156387998162 25.24735386471949
26.636438670578432 26.5880918084342 26.552389311445946 26.53482565452893 26.52290270646705 26.516975204202218 26.518751763938774 26.529737228413282 26.57730265759966 26.658941630182873 26.770093847989052 26.907874689560934 27.070376371564357 27.256053733952644 27.46295081683684 27.688489204973987 27.934538370991834 28.175588138506573 28.40292859642301 28.648150866287146 28.919237573723045 29.19800634573575 29.39349027858773 29.23628745195433 29.005121638214636 28.7776691329397 28.56684549257464 28.380646822710975 28.208283930375966 28.043081652744917 27.877485996181505 27.710371948560265 27.557892917650527 27.42176519844221 27.30337060384041 27.17344040369603 27.00033871592926 26.79397702080929 26.56005179506656 26.276118139840094 25.99290878417414 25.73776554562966 25.524535984453788
26.787194928160257 26.753359343089205 26.731839883858754 26.7264030868356 26.735806430586212 26.74401509704732 26.751651892959742 26.762927216729647 26.80851269200366 26.888427614732276 26.997996203584783 27.133591263317737 27.292178159976427 27.47073569019057 27.665512204790193 27.877721035256698 28.109398654822034 28.325783303210695 28.520233210552583 28.712724942139317 28.90752096857997 29.071800714627283 29.136121759747947 29.042806155831506 28.8579189499646 28.651536563835517 28.45261590060973 28.273526483944433 28.116955946829503 27.96487840810824 27.813609937028282 27.675922662436843 27.55862371335253 27.458806676278563 27.37471934363771 27.29609547102003 27.17956496252059 27.02873857678417 26.847458772042497 26.6119200723334 26.328560244163956 26.05137438726769 25.80883346305049
26.927870554138796 26.90163205143868 26.88814632035614 26.890257795810772 26.909635106377245 26.933523160981483 26.950799278285437 26.964897813161354 27.00730926974324 27.082361429220974 27.18556016976297 27.31279190320875 27.460072639358696 27.623081227963176 27.799341650561548 27.997379695905313 28.194471945515915 28.377590417271914 28.534610359864153 28.677038321630267 28.80394141542294 28.88538202885072 28.888338029614136 28.796789846775216 28.63495413376105 28.441817716701756 28.246335931177573 28.066037399561967 27.910252685580854 27.776915425824516 27.655669855849624 27.559369111735293 27.48517306693087 27.4279658639491 27.38383178478378 27.351487730921846 27.297636266253466 27.207231519827946 27.08083179836791 26.895729152411285 26.65670114776426 26.382161776254225 26.127573185654988
27.056519607387376 27.03694107628606 27.027931192851362 27.031478518025082 27.048867088689356 27.079511779629012 27.107206553406265 27.12597779486421 27.163644919488128 27.231205494289657 27.324445682563773 27.43924102988379 27.57141130211927 27.716749082548457 27.88032997972762 28.054961786089034 28.211850349123235 28.349113700412005 28.46526935641687 28.55837187692313 28.623700352041144 28.64249476022914 28.599470913527696 28.490344072021788 28.328438132079697 28.137670824374588 27.941950845488527 27.760199616271024 27.60487157577634 27.484399335237537 27.408317163038248 27.36234255089342 27.33972140673555 27.33210713903639 27.333045223746698 27.340800223759715 27.348888545537015 27.32275373309096 27.251706330862994 27.11753516385429 26.933767910432554 26.71653096205091 26.474293866632053
27.16984569738029 27.155954475829226 27.150399752639487 27.154539253454185 27.169068867955655 27.193688420703115 27.226078269989923 27.251162132487384 27.281984838961982 27.339977252041624 27.421171824573815 27.521199948403112 27.635422282914945 27.766502320806886 27.91588830813931 28.057975218361904 28.17529948132938 28.26808032918013 28.335726776198378 28.37972906493552 28.39250648339839 28.36059382020385 28.276934621778704 28.14161169688123 27.964476852860017 27.763049306577102 27.557993619432747 27.369110909192273 27.21406669085922 27.114777801521477 27.075693455594507 27.087139081615607 27.125083118042802 27.174539844984196 27.225156922598558 27.274889616704574 27.32786984979811 27.36829261465582 27.351261489216977 27.27597733581562 27.155490045982607 26.998137979981884 26.811530674747765
