_RESULTS/POSTPROCESSED/MHZ/GZ/9comp/MHZ_GZ_z_63_kriged_reverse_9comp_spherical.asc
ncols 100
nrows 74
xllcorner 5.5967023332191781
yllcorner 50.982320383219182
cellsize 0.00019249356164376555
nodata_value 1.7014100000000001E+038
[rows 38 to 56 of 74, columns 0 to 41 of 100]
0.1634696050025158 0.17519347959740803 0.18536794234005186 0.19348954235252402 0.19908589308880884 0.20200882977247256 0.2018522378148145 0.1978728346337612 0.1888552978003225 0.17448520013667115 0.15789735263972124 0.14210722762685615 0.12816447258839597 0.11703498939186627 0.10967787361567884 0.10544598788143451 0.10351868288313598 0.10122964277063985 0.09702331068309882 0.09146141191521862 0.08498802163157734 0.07796820348842619 0.07047372567228836 0.059945362762965575 0.04594187321079951 0.03457710098691069 0.02611168496420494 0.020017961005984394 0.015760804033893724 0.01287292186675184 0.01110680160834611 0.010476290986062897 0.010750637439827158 0.011896467146148323 0.013915286178580084 0.01685323729567318 0.020781661444015945 0.026001744839635885 0.03318081729993307 0.04253808389046797 0.05375878192385549 0.06635178287914428
0.164874668730359 0.17678883485814528 0.18753763541016488 0.19653313035912345 0.20258201086480765 0.2054327686793507 0.2049790583888909 0.2012322033577319 0.1941585827588149 0.1751501227842374 0.15565634408851298 0.13867754482127598 0.1247232186033111 0.11385844221921515 0.10580196393799815 0.10023045002377934 0.09700950850401593 0.09483284309614046 0.09090373266532588 0.0855429782269342 0.0791924648457236 0.07207067520324993 0.0635562399796886 0.05384644326368296 0.04363488639407881 0.03457695746844083 0.027427142200915702 0.022155177270748068 0.01843208773230417 0.01590605548481321 0.014366528838250927 0.013762920411785545 0.014021759556506265 0.015121393699964975 0.017039094688021224 0.019779695889364634 0.02339669815017727 0.02831521180132823 0.03504186071417443 0.043740551507007286 0.054077848704788024 0.06549476896444367
0.16781646275455286 0.17983885170947198 0.19080210500614264 0.20007453696402594 0.20626693899701257 0.20857970258365086 0.20688566493581192 0.20110389206383852 0.1901152508989161 0.17199871803642255 0.1528875996657725 0.13627917061344322 0.12259408438939326 0.1112754487304061 0.10221379166872135 0.09524677906599703 0.09038512073219139 0.08736616292181058 0.0837604504529081 0.07869446628887912 0.07253300923272282 0.0650734978512891 0.05726479722143185 0.049343451107347364 0.0416244688051225 0.03463666039135655 0.028895667794053677 0.02457945856156709 0.021527848519382817 0.01957910284391271 0.01857817842128151 0.018357588208352527 0.01886360691308836 0.020066550422375002 0.02202454530776375 0.02471101829812765 0.02819411951632791 0.032981796927351134 0.039513429511815884 0.04786218832176438 0.05763769275119251 0.06803994303574637
0.17162960778732642 0.1847495607332801 0.1957802873933631 0.20478958396615254 0.21072812699189755 0.2120656905692117 0.20849196812490176 0.19990038264656426 0.18605638831192908 0.1688524704327909 0.15115552159537016 0.13508926699238857 0.12076050264111096 0.10872532132603127 0.09884767850932591 0.09081825859524174 0.08440498622242654 0.07986564331967816 0.07636919863512019 0.07157516535284741 0.0652554463802913 0.05855513447064817 0.05215289952194735 0.04600395757140736 0.04023838003435826 0.03497796330839135 0.03057049279003752 0.027234777033618898 0.025000074671750992 0.0239390716108504 0.023915555806005035 0.02472961932058466 0.02598325464117205 0.027658918725903606 0.0297618239677325 0.03235671610895583 0.0357002250898487 0.040403241872340095 0.04685648982455489 0.05497849544955359 0.06404061157969126 0.0734968514350393
0.1762137803091673 0.19162540616129417 0.20453883835182593 0.21372832316093945 0.21885310922379564 0.21913025728515148 0.21366349371566945 0.20273387367893123 0.18707154696752587 0.16920179987161735 0.15165900401754698 0.1347936858475628 0.1195611697157984 0.10671555789451069 0.09595817864211263 0.08689648215620803 0.07937699445682406 0.07345465504862726 0.06886828859230719 0.06395623416451933 0.058184741581953095 0.05284816473952927 0.04796768424412775 0.04350551592960909 0.03945291456030909 0.035739823453310574 0.03259117770099681 0.030172305404880695 0.02879975135416206 0.029060904488491458 0.030810187324545806 0.033488208237047984 0.0365461282835393 0.039287697249770354 0.04168185239836441 0.044066880276136304 0.04708075841878299 0.051524191118770934 0.05776794663218142 0.06533251337814731 0.07335057224258026 0.08153461081326738
0.18166828528205553 0.19973274124223342 0.21540882796280075 0.22682213637481957 0.23254208273667565 0.23188878001758 0.22437674186329043 0.21105572217288937 0.1937721691271631 0.17473165014776704 0.15568497979583693 0.13726616396664704 0.12074467614872687 0.10677144744614112 0.09486172758435273 0.08434327260043106 0.0752444071762482 0.0675914142120168 0.06137716310116681 0.056315679771476654 0.05174843948057338 0.047805405991493556 0.044439017403111514 0.041607417892683185 0.039201180514053635 0.03705756731453756 0.03527099087173991 0.033770617806775406 0.032923237013260005 0.03525397871266173 0.04022650900480386 0.04593363059139962 0.05175272172784392 0.05661848949160958 0.0598937864136395 0.06204024751175724 0.06412356908077492 0.06770960582086144 0.07313125168921125 0.07932413517348325 0.08570709964342216 0.09174907212385502
0.18775386563561042 0.20895241795383385 0.22803115527152718 0.24218206665706457 0.2492985022603672 0.24841731748046683 0.24044754928308418 0.22615140787494822 0.20741844439112517 0.18614630229887602 0.1639845500108975 0.14305078796766865 0.1244249037349477 0.10858276271479175 0.09459737345964206 0.08213923365197848 0.07137041858507646 0.06227433456728451 0.05482486091135438 0.04934941201129084 0.04588083471397037 0.04319162529040646 0.04130288836477142 0.04008527700874878 0.03937278175208774 0.03903088371968611 0.03908283588511643 0.039283065874495565 0.03970252391002415 0.04500305390091036 0.05399518866827484 0.06364202004180852 0.07317307623491792 0.08115904004788921 0.08625013916959202 0.08888918969790731 0.08938113328760244 0.09080575327160147 0.09382965132750487 0.0973299677855101 0.10128493840955088 0.10361766374214526
0.19419651888839068 0.21897756199244192 0.24230977746025661 0.2600696547245168 0.2696607477064153 0.2698848129422697 0.26086267994913076 0.24479281224352994 0.2241666996998868 0.1996267863370927 0.17371954051881572 0.14970438346138026 0.12855192442857974 0.11040590555894257 0.09427122192149602 0.08003663461534279 0.06781385023065317 0.05752384673330771 0.04919250287792081 0.04347560952864377 0.04041526189985268 0.03874659341516801 0.03802895398460203 0.03835243174118482 0.03944591392040111 0.04123507953644188 0.04383272809835605 0.047211932745402654 0.05207978923074285 0.06052095406895709 0.07276196596704475 0.08687985757446079 0.10093559788867387 0.11280039267054622 0.12004939353020593 0.12312170846824302 0.12287514406687 0.12229380059844003 0.12229426784454926 0.12156336841459513 0.11982052091565568 0.11745070253532817
0.200564890636619 0.22932370871758373 0.25743682008877394 0.28115685526777195 0.29601562811672116 0.29766982832786054 0.2863730733590727 0.26643036646277274 0.24191422899085815 0.21353276106284608 0.1840412770850675 0.1567565892966486 0.1328703337380297 0.11213290535758844 0.09399123598432504 0.07814230677128771 0.06465596676235472 0.05344159379029514 0.044550983989178776 0.03872934458644644 0.035626963404571825 0.034370051901313405 0.03459550217572121 0.036046559185545744 0.038811461006355255 0.04289484363987108 0.04828454003610054 0.05521452970017772 0.0645901044960749 0.07767597502612462 0.09489021200734271 0.11494077380945558 0.13491491626779883 0.1510317189512703 0.1612328284986388 0.1654908135645166 0.16449861460639184 0.1604415319607052 0.15604578588531628 0.15040311492178743 0.14277189821895533 0.13272822099963633
0.20514045715422274 0.23763290482844818 0.27233491348616634 0.30580970439824146 0.3291110498596076 0.3322455063640431 0.31603320192331275 0.29005435697567716 0.25970318004369475 0.22675767213136597 0.1942523824449625 0.16392456309091524 0.13702221117175584 0.11383755942019864 0.09389957066944024 0.07662743313810298 0.06206434467024613 0.050111898974899746 0.04087351827113209 0.03491354586141403 0.031685186114127975 0.03042077440060708 0.03091242949683184 0.033197761403520355 0.03729083065689812 0.04327843027592654 0.05145596029822475 0.062210134647203014 0.07646350342655517 0.09538746982433167 0.11955993711617446 0.14769334813306662 0.1756270011965918 0.19806222689726316 0.2109954759917105 0.21526055807094022 0.21155387140357984 0.20218584039883597 0.19167599160274448 0.18043465230514114 0.16816566742840464 0.15786215034644469
0.20640361751214234 0.24205057331574162 0.2841859909168869 0.33026218427950726 0.3689426656008524 0.37282170023751643 0.345741620636869 0.31172489989405594 0.2755642719278426 0.23890574736813336 0.2035865617430273 0.1705865145411336 0.14097839803983936 0.11564831513559025 0.09416246929932484 0.0756893075978957 0.06020612613511115 0.04761215229930052 0.03807488938714487 0.03190200217905157 0.028442811203840967 0.027057747951624227 0.027676122621859613 0.030409959587772706 0.03532662398103831 0.04284049452850111 0.05352916891817941 0.06789213868730622 0.08699468154196571 0.11235329940301503 0.14521921168299123 0.18546600333733929 0.22926232775692446 0.261470957914237 0.2715436447011278 0.2679216041529262 0.25683870248859253 0.24141482941105927 0.22430246380922103 0.20893548607925763 0.19583319739706284 0.1858634218796061
0.20339294184506762 0.24071143388275737 0.28682057622340645 0.3423118695669185 0.40656023437223704 0.40679901224605414 0.36381380497794646 0.3249927797932244 0.28646967587710725 0.24810012314278634 0.21116299546989725 0.17672054031822754 0.14553999090665656 0.11822542497514268 0.09520374762273243 0.07564269982300881 0.059309022858004434 0.04609588741505053 0.036203158676499314 0.02971695642755659 0.02603153120008888 0.024649699826397458 0.025330489442360726 0.02820641237202999 0.033613523480869434 0.041991109892107296 0.054219572406961056 0.07140639952434735 0.09448375364956497 0.12534801858372557 0.16678319281952753 0.22396792665842288 0.29566288554914155 0.34519163980952217 0.33851565660009303 0.31600589659982636 0.2932331621877142 0.27144696099008037 0.25115965434807047 0.23557433544466683 0.2227754155939946 0.2124866334250812
0.1965177096068882 0.23237405236527456 0.27620088023854034 0.3269067908810291 0.37510950760746836 0.38351655253924727 0.3570115933570209 0.3248091755034676 0.2893166845753285 0.2526231690210384 0.21648680611589288 0.1821517450004689 0.15052902739808388 0.12226095720572089 0.09777176114426672 0.07712137428426924 0.05986894064253159 0.04593762666451021 0.035525562021277594 0.0288251498882904 0.0249809555896891 0.023165962704254736 0.02338754426342635 0.026564319113852958 0.03272968710636494 0.041978339768938375 0.05512368742720983 0.07357344943268515 0.09849312232984044 0.13182042721655707 0.17895703046239006 0.24724978256768457 0.34655856860031337 0.42639726144135737 0.38197282000428995 0.34654705647700057 0.31840046944072425 0.295067792267581 0.27291740399185505 0.2572673388547559 0.24615531544004882 0.2361972142484037
0.18670353422614677 0.21866887865724546 0.25611628546412085 0.2957345651340919 0.3283671693320895 0.34065574744689364 0.3319814895932238 0.3120692704579865 0.28430714369976984 0.2526238549493814 0.21962504656225496 0.18700202957809223 0.15596843194402224 0.12745242613917404 0.1021503837492834 0.08044348709781633 0.062156611361180426 0.04737138215151695 0.03663620863702132 0.029801919643189626 0.025579871034722288 0.022704907419320422 0.021711668105363086 0.025958114464486086 0.033277541066412605 0.043413282786129825 0.05726478111059182 0.07617088350246316 0.10143262553389971 0.13524343710416054 0.1824805687765131 0.2471102218616448 0.3258572811888521 0.3799718346055322 0.37522735268615925 0.3523828198028476 0.32992579298226926 0.3101034150953747 0.2901309224300521 0.2742377273823449 0.26419745241904374 0.2559986846158108
0.1746112917037608 0.20170209066029715 0.23213891334542255 0.2627030899791972 0.28772576188667753 0.3012840177869865 0.3020877619170218 0.2928192847460433 0.27402611371222446 0.249182595673937 0.22106669006506635 0.19158734516286133 0.16216355409991742 0.1339941803584039 0.10815746698097813 0.08551356409090734 0.0663704757833976 0.05109144067638612 0.040105118185469496 0.03303240726739881 0.028530534802817347 0.025147347932017453 0.023715626388420983 0.028490349754515816 0.03639087871582034 0.047065300930711707 0.06125804309946862 0.0799855980293101 0.10446572439171901 0.13718418221968678 0.17991227178622227 0.23249014829670928 0.2880507486952543 0.32882959266177714 0.34213713439653615 0.3373750389416654 0.327195309945676 0.3159615885064565 0.30251592038721026 0.28931218621351507 0.27900857284503655 0.27164205694425414
0.16116910053724562 0.18362541377285096 0.20815862367341262 0.23246069231122515 0.2531479541512289 0.26710149394478866 0.27311653497763444 0.271599445792103 0.2610515006981949 0.24356294431621994 0.22140927245761985 0.19627888820870865 0.16947185688137745 0.1422488167438112 0.11606841320899652 0.09238435121023643 0.07251284003392973 0.05731371356840267 0.04611365421686565 0.03899944622676196 0.03447874990726723 0.031651434407220534 0.03150916789310385 0.035381535379481625 0.04290826970184818 0.05364262326266349 0.06776189848737424 0.0856532513818556 0.10871323682679951 0.13843380715230785 0.17436962277099866 0.2148114543468432 0.25482503262094713 0.28670892511140267 0.3052577104625306 0.31221968448118137 0.31402729143344743 0.31334219670966384 0.30960632165535196 0.30397329341389395 0.29606104302473135 0.28751550080309546
0.14727535307245243 0.16597174303622841 0.1861033919398555 0.206058542856688 0.22384172539664585 0.2376882762027938 0.2466530613360084 0.25055242308401393 0.24698225981494262 0.23661839888414168 0.22100771168376246 0.2012979894949201 0.17822535958668326 0.15261167585756016 0.12611512698852645 0.10110801188584302 0.08087055566243692 0.06572777136578131 0.05457852506278461 0.047595996833151875 0.04326048929014605 0.041026135290754585 0.04152779392698094 0.04538655807180105 0.05269286423474377 0.06324719551587377 0.07685733393036492 0.09334387825351072 0.11443792604175461 0.1402475667728519 0.16886883160940735 0.19848552169062708 0.22662611983486103 0.2507778977331822 0.26959941831838274 0.28331126092481507 0.29441576098895517 0.3040964239297195 0.3117503568935134 0.3167144540230612 0.316550329657444 0.31027830618654423
0.13379229096752354 0.14929613854053836 0.1660307125038044 0.18293003575271158 0.1987232830215883 0.21225661161447196 0.22286246591101477 0.23037176110732258 0.23245546412743032 0.2285553423599934 0.21963121098486607 0.20629613688103965 0.18836696742533576 0.16512864341000272 0.1378846992706533 0.11168690669653633 0.09119790608973816 0.07608212158123007 0.06542797671129798 0.05868087818782415 0.05453985685155319 0.0528009656493569 0.05384348248587753 0.058018753143955104 0.06543073457691467 0.07587753362478201 0.08883953323977832 0.1039076310790721 0.12254421356496407 0.14393591797139846 0.1649708436191878 0.18438011495695106 0.2019035968909351 0.2184108438784028 0.23520462053488225 0.25282574412592707 0.27092907079802453 0.28982995212957624 0.3093642152240951 0.3275677631164252 0.3397566803181508 0.3422838190032669
0.121277408248989 0.1340992034386759 0.14806365775970437 0.1624743101415198 0.17652615929740853 0.18947478517990665 0.20081761714555807 0.21041243179319782 0.2168130197650745 0.2183142269319949 0.21557305708510738 0.20913473119137682 0.1985143964375184 0.17959850913761988 0.15042910450346084 0.12310918061284744 0.10258018816263939 0.0879797690932611 0.07827262720623869 0.07183204042131293 0.06798606695778397 0.06679819418359433 0.06849450445973854 0.07328207919968108 0.08117890328841508 0.09183533718896232 0.10434176933293741 0.11825472989024334 0.13428013691782043 0.15055207206211216 0.16360239600070528 0.1724966841992514 0.1792500748461421 0.18765682604866962 0.20132121040552417 0.22112402953501095 0.2452054171471391 0.27172873822559074 0.30255954759107284 0.33693971342041606 0.3671627512313875 0.3835767186662803
