_RESULTS/CROSS_VALIDATION_POSTPROCESSED/Berg/IZ/6comp/3/Berg_IZ_z_90_kriged_reverse_6comp_spherical_3.asc
ncols 100
nrows 90
xllcorner  5.6208707817415728
yllcorner 50.959635321741573
cellsize 0.00013419651685393446
nodata_value 1.7014100000000001E+038
[rows 57 to 75 of 90, columns 43 to 85 of 100]
0.3893441620339643 0.4009135137190441 0.4092227606153457 0.4140817425667699 0.4153621737981746 0.4130072712415172 0.40703780942382584 0.39755287907541637 0.38550162075930033 0.37292578296554363 0.3599788459648885 0.34668035113679024 0.3330069051048732 0.3192747613409431 0.3063626973548576 0.2944567703952002 0.2839563533262453 0.2763047661288904 0.27648378167231 0.28686687474078576 0.30099002980865847 0.3158445970112357 0.3304698503594411 0.34440638172742405 0.35731317018662934 0.36909462250619696 0.3807758242192272 0.3925646052742198 0.404461940448944 0.41641086175303943 0.42827985320962914 0.4398483583695028 0.45113806156485387 0.4621587028252833 0.472587111473097 0.4820092233028722 0.48993127610225984 0.4964374573571818 0.5029598660122602 0.5092290715079011 0.5148203142578899 0.5192893180468947 0.5221847084541774
0.411538701309485 0.42374303753913406 0.43233298098462153 0.4370951933617154 0.43789301087636556 0.43467323806182384 0.42747021683495845 0.41640589912276876 0.40297851021224584 0.3888116459623544 0.3740153603940703 0.3586624733671234 0.34325311211625065 0.32866822359847503 0.3148794927534426 0.30167104544621226 0.2890063944942739 0.27688446239176956 0.27264473801536837 0.2891945148775031 0.30654182109303246 0.32340550395007617 0.3394261180871932 0.3543272517912325 0.36804312710556514 0.38141851611791266 0.39460040188357903 0.40759659377650836 0.42036764730646514 0.4328136636610079 0.4449377435075545 0.4568259097521096 0.4683121640968611 0.4791478566828684 0.48900125704774206 0.49746243576987054 0.5040554914388284 0.5088520838071527 0.5133971196363751 0.5174809457169847 0.5207096340988893 0.5226740283582786 0.5230775753060819
0.43180146861421353 0.44452041618233396 0.4533260282775937 0.4579403625101065 0.458218101563284 0.4541117104444735 0.4456743723059888 0.43314071906410834 0.4186549615824929 0.40321256762208807 0.3869560012579487 0.37050126233387154 0.3546850286268188 0.3395933585886146 0.3252744448109818 0.31179138830770214 0.29937644263990787 0.28921986008157036 0.287584763752414 0.2987028835747738 0.3141333016076213 0.3306612609659586 0.3468244254271634 0.3621394285539755 0.3770993775611156 0.39170027442926747 0.4059175360165147 0.41973310927289653 0.43322453491642793 0.44637356296099545 0.4591066258175583 0.471292390319333 0.4827331017179353 0.493159775670012 0.502232463566979 0.5095466542833237 0.5146465490442542 0.517685666696218 0.5202583511809294 0.5221683664912145 0.52305519907285 0.5230775753060819 0.5230775753060819
0.4505795574076252 0.46238322272138194 0.47102753983409235 0.47545749289250766 0.47520566426352334 0.47023375564418335 0.46061914765030393 0.44701316304363053 0.43177355073265655 0.41539431945181676 0.398772298055264 0.38250493320166035 0.36678914147927716 0.351797309772952 0.3377244146130262 0.3248924968932739 0.31401005819092564 0.30675778854538766 0.3060201199813934 0.31277921683863535 0.32430128419784954 0.33795527526744396 0.3528731067878301 0.36857727763242304 0.38431499983510536 0.39976334628811716 0.41486046839041696 0.4295573561000952 0.4437959267368915 0.4574925267735701 0.4705246115451586 0.4827202250441166 0.4938507463173077 0.5036277454574287 0.5117048898580719 0.5176857287473647 0.521137891172205 0.5224035556808275 0.5230387690994116 0.5230775753060819 0.5230775753060819 0.5230775753060819 0.5230775753060819
0.4678345701403758 0.478292564838112 0.48535164957546695 0.488593873209464 0.487644989483295 0.4818733673537694 0.4711959556905556 0.4571462538059524 0.44172523213470555 0.42586804663924266 0.40994872365762836 0.39426327119865207 0.37907858437448666 0.3646633683824009 0.3513433878935325 0.33959947700438015 0.3302215484297979 0.324424663193868 0.3234923160141777 0.3276994365769279 0.336216787509018 0.3476937216978695 0.36104018146361266 0.375554823086056 0.3907716615758414 0.4063440755909216 0.4219442337241316 0.4371360179422674 0.4517514322629095 0.46564905111359384 0.47865727975725664 0.49056454456548176 0.5011133128927256 0.5099984686687355 0.5168707120277177 0.521345568109062 0.5230578429528475 0.5230775753060819 0.5230775753060819 0.5230775753060819 0.5230775753060819 0.5230775753060819 0.5230775753060819
0.48278220570926655 0.4918516369042486 0.4972655268427819 0.4986483420890074 0.4957185096814555 0.48830870330150217 0.47674968652042127 0.4636081562931294 0.4495179893380396 0.43483739847723685 0.41993977694450657 0.40516630068173204 0.39084259053090775 0.3773070180833617 0.3649537436989046 0.3542890009819792 0.3459803626971453 0.3409415212631738 0.33993101256140223 0.3431158656872185 0.3499981749736802 0.3597394579296667 0.3715257457227706 0.38470860777926064 0.3987935914116592 0.41338951621782677 0.42816485620705097 0.44281888149406795 0.45706461469021764 0.4706197877750189 0.48320307730906187 0.4945339181588006 0.5043348558911225 0.5123357721509428 0.5182795102616078 0.5219285141116978 0.5230775753060819 0.5230775753060819 0.5230775753060819 0.5230775753060819 0.5230775753060819 0.5230775753060819 0.5230775753060819
0.49546280561814976 0.5031854679219019 0.5069585748903749 0.5065209089171833 0.5018851602358685 0.4931110333223323 0.48161121667331713 0.46908408584339045 0.4558754886775873 0.4422730044362748 0.42847891584776 0.4148012907370914 0.4015739246702814 0.3891694013380994 0.3780194070923812 0.36863146995475043 0.36158046849906045 0.3574378654875744 0.35661880482951286 0.35921394836727255 0.3649461859616695 0.3732955364585217 0.38367468714470204 0.39554011861383026 0.4084252922667053 0.4219320986203534 0.4357106176677604 0.44944057586301994 0.46281810214926977 0.4755476937768065 0.4873383976933005 0.49790323059895364 0.5069610741526097 0.5142404703652 0.5194848626884899 0.5224588888040764 0.5230775753060819 0.5230775753060819 0.5230775753060819 0.5230775753060819 0.5230775753060819 0.5230775753060819 0.5230775753060819
0.5060892939514753 0.5128362756617811 0.5156043103287913 0.5141997529423928 0.5085720296096754 0.49924102818724864 0.4882977319860932 0.4763017714764452 0.46361773987412563 0.4506155529541877 0.43766883594671774 0.4250902224866645 0.41303606484403904 0.4018570022734258 0.39195266469962703 0.38375567884574513 0.37770901633403087 0.37420969154413253 0.3735230410708494 0.37570471036574116 0.3805820892878693 0.3878093888780258 0.39695624883773334 0.40758043310027725 0.41926546143947396 0.4316303497652424 0.44432523886959163 0.45702280494959185 0.46941034260801207 0.48118428293873206 0.4920474536851022 0.5017088484617888 0.5098855266093414 0.5163062555172582 0.5207165261170883 0.5228845833268915 0.5230775753060819 0.5230775753060819 0.5230775753060819 0.5230775753060819 0.5230775753060819 0.5230775753060819 0.5230775753060819
0.5168900198471246 0.522672847652995 0.5245992662133879 0.5222715373102976 0.5157795658383469 0.506930870949792 0.4966175920296241 0.48521047561799885 0.4730925475848129 0.46065247726231406 0.44828097326714306 0.43637045329116325 0.4253170418449618 0.4153013883384414 0.40651879241622785 0.39933405955954887 0.39409422123489424 0.39108903890241753 0.3905019121552881 0.39237032633701013 0.39657691473340234 0.40287646704705443 0.41094338924502344 0.4204174481321761 0.4309346735353211 0.44214225610334223 0.45370243819360995 0.46529097081157306 0.47659401327951784 0.48730557458235657 0.4971264064029911 0.5057646097643546 0.5129379045497174 0.5183773695984414 0.5218323943068459 0.5230765431935432 0.5230775753060819 0.5230775753060819 0.5230775753060819 0.5230775753060819 0.5230775753060819 0.5230775753060819 0.5230775753060819
0.52779932594033 0.53226053175958 0.5334053240633359 0.5302105906733985 0.5240230084975506 0.5159351875065057 0.5063089857016216 0.4955308257186879 0.4840007113757632 0.4721235045293656 0.46030302606947376 0.44893901667626596 0.4384263567084542 0.4291551771119882 0.4213725908442956 0.4150677193300316 0.41050253474781545 0.4078986434474775 0.4073912365266533 0.4090074776752328 0.4126617909113518 0.4181702824575498 0.42527767414560846 0.4336862584985086 0.44307899091779307 0.45313405044152716 0.46353208619417646 0.47395881545128854 0.48410546091048956 0.49366876150351463 0.5023515595308541 0.5098644425989018 0.51592859121623 0.5202797891234361 0.5226734369624162 0.5230775753060819 0.5230775753060819 0.5230775753060819 0.5230775753060819 0.5230775753060819 0.5230775753060819 0.5230775753060819 0.5230775753060819
0.5384093824715178 0.5411775240012747 0.5414431283853732 0.5385163599985542 0.5332539079314138 0.5259873893684941 0.5170907846993442 0.5069658981287185 0.49602894739652736 0.48469944104878027 0.4733919381822994 0.4625106600042439 0.4524463076577561 0.4435738860326734 0.43624992799264817 0.4306877285286315 0.42670743253959886 0.4244446290951228 0.424004368222728 0.4254075120932063 0.4285880595854009 0.4334014101801803 0.43964049265047755 0.4470545224462583 0.45536579520325793 0.4642821801196255 0.4735051588387156 0.4827344939828077 0.4916709355840698 0.5000181780226622 0.5074849151944039 0.5137874947747657 0.5186534046765879 0.5218256350338045 0.5230678269380324 0.5230775753060819 0.5230775753060819 0.5230775753060819 0.5230775753060819 0.5230775753060819 0.5230775753060819 0.5230775753060819 0.5230775753060819
0.5482934195324682 0.5493499561900854 0.5492733767498396 0.5474674731808871 0.5431964722528506 0.5367982209313835 0.5286592670916924 0.5191974002433996 0.5088452999485604 0.49803675800786085 0.4871961785915859 0.4767313099422089 0.4670285507981358 0.45844976607925714 0.45132938788194293 0.44597074638702716 0.44247674818768 0.4405147866152509 0.44013338278341513 0.4413493185911623 0.44410934618128955 0.4482952204036348 0.4537338540494213 0.460209852032314 0.46747774500011074 0.47527222019922216 0.48331582067594403 0.49132443785156776 0.49901131848115543 0.5060903510627349 0.5122792557779884 0.5173031026980082 0.5208983920827517 0.5228177717304269 0.5230775753060819 0.5230775753060819 0.5230775753060819 0.5230775753060819 0.5230775753060819 0.5230775753060819 0.5230775753060819 0.5230775753060819 0.5230775753060819
0.557180416674854 0.5578839822113992 0.5577911040142636 0.5567771168269594 0.5535505123474601 0.5480526620757916 0.5406843299441715 0.5318811719233493 0.5220937932791723 0.5117710523190425 0.5013474449034679 0.4912344546388415 0.48181511029752333 0.47344067941324464 0.46642841220026904 0.4610594990106247 0.457576879607223 0.4558793899890303 0.4555512165292102 0.456597580111788 0.45897396526982626 0.4625805777413383 0.4672690525809537 0.4728511320092678 0.47910772841637234 0.4857972105218129 0.49266237213305014 0.4994360836533375 0.5058459545702024 0.511618452630029 0.516482897976669 0.5201756491077463 0.5224446722659578 0.5230775753060819 0.5230775753060819 0.5230775753060819 0.5230775753060819 0.5230775753060819 0.5230775753060819 0.5230775753060819 0.5230775753060819 0.5230775753060819 0.5230775753060819
0.5666175185938929 0.5674766938638648 0.5673632344923242 0.566283538208723 0.5639889661812639 0.5594066018076469 0.5528053915034417 0.5446424252451915 0.5353890365732858 0.5255109007895221 0.5154535316246923 0.5056328111927729 0.4964295025169909 0.48818648811932974 0.4812075980271258 0.47575720667179106 0.4720601956270842 0.4702935851884693 0.4700147154714519 0.4709038473453348 0.47292272738956465 0.47598502839175644 0.47996099402391773 0.4846836826773053 0.4899558568523422 0.49555674445620745 0.5012482262818195 0.5067803327343354 0.5118961696451017 0.5163365118248023 0.519844322423262 0.5221694106753598 0.5230733619888419 0.5230775753060819 0.5230775753060819 0.5230775753060819 0.5230775753060819 0.5230775753060819 0.5230775753060819 0.5230775753060819 0.5230775753060819 0.5230775753060819 0.5230775753060819
0.5770330532489321 0.578075540697721 0.5779377894922841 0.5766282064214567 0.5742252578967901 0.570483211446886 0.5646270698343838 0.5570710430312608 0.5483113600612611 0.538832891228813 0.5290931984749316 0.5195129908987404 0.5104713544096958 0.5023041295658633 0.49530413313674404 0.48972234291548106 0.48576958110552093 0.48361857734400254 0.48326861221796735 0.4840094419149704 0.4856899454664967 0.4882340449787941 0.4915265118132796 0.4954176455897104 0.49972867696092976 0.5042573828415511 0.5087835755668242 0.5130743229684387 0.516888915551861 0.5199836925756545 0.5221168705896013 0.523053500222993 0.5230775753060819 0.5230775753060819 0.5230775753060819 0.5230775753060819 0.5230775753060819 0.5230775753060819 0.5230775753060819 0.5230775753060819 0.5230775753060819 0.5230775753060819 0.5230775753060819
0.5883583268245463 0.5896206189843671 0.5894536653109462 0.5878688516238664 0.5849716517533818 0.5809433466013604 0.5757145519755374 0.5687171649163361 0.56040300070741 0.5512785250042832 0.5418137286132758 0.532433624993566 0.5235151272643928 0.5153871678993672 0.5083325672656951 0.5025907371601646 0.49836074973259775 0.4958046071873649 0.4950507225031312 0.4956497551849088 0.4970065876340308 0.4990530008402761 0.5016855513402534 0.5047689469207254 0.5081404288896355 0.5116145426587221 0.5149880483947598 0.5180448377448743 0.5205608247512667 0.5223088475958566 0.5230636465918426 0.5230775753060819 0.5230775753060819 0.5230775753060819 0.5230775753060819 0.5230775753060819 0.5230775753060819 0.5230775753060819 0.5230775753060819 0.5230775753060819 0.5230775753060819 0.5230775753060819 0.5230775753060819
0.6005084930410304 0.6020398497990174 0.6018370221667632 0.5999160046023461 0.5964234195388989 0.5916048580595364 0.5857600906739817 0.5790872932010384 0.5711659591156738 0.5623537975772669 0.5531319495448533 0.5439275040665184 0.5351131627425785 0.5270096983162698 0.5198896465447119 0.5139814107315314 0.509473411517475 0.5065181699350716 0.5052363344143634 0.5055597079170413 0.5066050149284788 0.5081711059273217 0.5101644773574359 0.5124622935048737 0.5149160627547745 0.5173557894806572 0.5195944213907816 0.5214324773978536 0.5226628037739856 0.5230775753060819 0.5230775753060819 0.5230775753060819 0.5230775753060819 0.5230775753060819 0.5230775753060819 0.5230775753060819 0.5230775753060819 0.5230775753060819 0.5230775753060819 0.5230775753060819 0.5230775753060819 0.5230775753060819 0.5230775753060819
0.6133728803427317 0.6152419240394326 0.6149938413357057 0.6126521509834102 0.6084291941744695 0.6026677956582617 0.5957654844229441 0.5881135273556124 0.5800625528136064 0.5715326088792182 0.5625397363961567 0.5535084597706976 0.544803438984804 0.5367346974980914 0.529563135791231 0.5235058011962599 0.5187407793739719 0.5154117317313712 0.5136321518110891 0.5134801916205711 0.5142249460304833 0.5153268079615531 0.516700978261785 0.5182357507818689 0.5197956941620538 0.5212253484199814 0.5223533045487662 0.5229965710122448 0.5230775753060819 0.5230775753060819 0.5230775753060819 0.5230775753060819 0.5230775753060819 0.5230775753060819 0.5230775753060819 0.5230775753060819 0.5230775753060819 0.5230775753060819 0.5230775753060819 0.5230775753060819 0.5230775753060819 0.5230775753060819 0.5230775753060819
0.6267991444232828 0.6291055168993686 0.6287983613261776 0.6259143803928806 0.6207772849499531 0.6138817045240261 0.6057606333370307 0.5968993507717609 0.587702155311066 0.5784915034551108 0.5695153427671044 0.560683851497901 0.552122463723936 0.544126922796895 0.5369445446097267 0.5307802352271469 0.5258017137912733 0.5221441462173643 0.5199143478455424 0.5191946540565168 0.5196203614441747 0.5202742813135526 0.5210501516587315 0.5218465092018459 0.5225401694180758 0.5229895826338662 0.5230775753060819 0.5230775753060819 0.5230775753060819 0.5230775753060819 0.5230775753060819 0.5230775753060819 0.5230775753060819 0.5230775753060819 0.5230775753060819 0.5230775753060819 0.5230775753060819 0.5230775753060819 0.5230775753060819 0.5230775753060819 0.5230775753060819 0.5230775753060819 0.5230775753060819
