_RESULTS/REVERSE_NEW/MHZ/IZ/4comp/MHZ_IZ_z_355_kriged_reverse_4comp_test.asc
ncols 100
nrows 81
xllcorner 5.5967107547500001
yllcorner 50.982328804750004
cellsize 0.00017565049999994641
nodata_value 1.7014100000000001E+038
[rows 54 to 71 of 81, columns 0 to 39 of 100]
0.021112314084664085 0.052925512503413125 0.11728496524504418 0.2133463805866694 0.30093123606517874 0.3196274962065201 0.25649804032486856 0.16110184268071762 0.08413481641312165 0.039347026192685416 0.01774370364597572 0.008207506733666508 0.004061683963099066 0.002195018470528542 0.0012977607611635276 0.0008301903651159577 0.0005646906108753678 0.0004008500850228465 0.0002919565648948142 0.00021505486811566077 0.0001582677741035843 0.0001152205390396886 8.244529220559255e-05 5.798917724891723e-05 4.0532108830553406e-05 2.8881973085076767e-05 2.1875866818975766e-05 1.8609017541849196e-05 1.8878319168667903e-05 2.4054702091540915e-05 3.9607437830225216e-05 8.359073516800014e-05 0.00021486236910772994 0.000614615623141489 0.0017445548582988683 0.004374091429759393 0.008830330981383755 0.013675291905761326 0.016333713496791316 0.015891706190045683
0.014262681897558914 0.03465075923820742 0.07551769671510225 0.137533195667505 0.19814664731901108 0.21952136096710442 0.18764065817413095 0.12801459266190857 0.07381572123463775 0.03853644028662523 0.019472996120141372 0.010046257668576532 0.00547124859608582 0.0031856310352231993 0.0019755081454486205 0.0012873760124584247 0.0008675929458392309 0.0005965530410721138 0.0004148987503355955 0.0002906954429999676 0.00020498118747058517 0.00014557519980857748 0.00010438434409711564 7.60358366366027e-05 5.700108585219489e-05 4.5002385958653594e-05 3.8722548559085254e-05 3.7910679005466255e-05 4.4165144162474664e-05 6.34444466311465e-05 0.0001139743746365815 0.00025152780230788623 0.0006461349439240051 0.0017739329112038532 0.004695112044891152 0.010834103153237714 0.020198403864136762 0.02938139789994558 0.033773954447447845 0.032391550682270585
0.008359346347723645 0.01913329242338311 0.04003580029136595 0.07181756128179978 0.1050916614488439 0.12229907411398687 0.11359997455637329 0.08689544211316896 0.057618901683830555 0.03515696690537044 0.020863406247703668 0.012543960607570293 0.0078058785037080185 0.005040797782796077 0.0033430618065153437 0.0022416910528906394 0.0014994945556179961 0.0009940008625378468 0.0006539861221096662 0.00043048944472044747 0.000286734510853652 0.00019553513426518276 0.00013802397319545465 0.00010196766508350262 7.99204622749792e-05 6.772682121899998e-05 6.365822915073496e-05 6.841273502124077e-05 8.66084082083865e-05 0.00013186495938805593 0.00024195985625018944 0.0005222804952128277 0.001258006934351492 0.003132333233854552 0.007384186990117827 0.015183845180593179 0.025689909126375084 0.034990339963707415 0.03906947599998661 0.03764720981246942
0.004455291391510349 0.009392666559465765 0.018494015396694163 0.03219557775813126 0.04752108658348787 0.05825603142110639 0.05958429122784166 0.05227558576542182 0.04108219856128742 0.03033424935498807 0.021918225695111766 0.01589254576772572 0.01163959516101809 0.008531027192376466 0.006145869601093415 0.004275132000264815 0.0028424154397732318 0.0018090947835866348 0.001116774603290788 0.0006830100452191091 0.00042406466032304574 0.000273499215383902 0.00018674720953578214 0.00013703864633973396 0.00010948368839779918 9.652684008876645e-05 9.54072805724545e-05 0.00010756288626984809 0.0001404444817691248 0.00021390197776618994 0.00037711641150432095 0.0007488269470381883 0.0015962127562335173 0.0034272260696578704 0.006917582765075201 0.012352394892964285 0.018763906699775592 0.02403201829159455 0.026535461404838492 0.02645171660812369
0.00227617862885218 0.004356706252548756 0.007962213081334615 0.01330279167683132 0.019671609553588983 0.02537704320837555 0.02873217036823426 0.029240961939712304 0.02767861730339638 0.02521306457434937 0.0226391698191015 0.02018835730388387 0.017703245887045808 0.01492765462371221 0.01179204566413942 0.008553432126983401 0.005660184674712773 0.0034523778135785864 0.001990727199418568 0.0011238768864786216 0.0006450651246739103 0.00038945542003528913 0.0002539896956411532 0.00018220946306116815 0.0001454285286906796 0.00013007125877528947 0.0001310614486710636 0.00014937075151589402 0.00019275648652721414 0.0002801649033991934 0.000451624612995711 0.0007850798277157936 0.001413840989403644 0.0025150083060354158 0.0042153542120732445 0.006414821154606684 0.008700898767387267 0.010565937533965092 0.011786356884016566 0.012559600486919311
0.001172505461547633 0.0020265000471201555 0.003415818442606499 0.005441244869852774 0.008013161886225953 0.01082678071593552 0.013528090405230049 0.015949307267005754 0.018187159514917315 0.020463562366569904 0.02287552294306444 0.025138932082175457 0.026447082620728465 0.025705206140495054 0.022307007466182176 0.01690425497085824 0.011155252022043193 0.006532938383554725 0.0035245869022395636 0.0018386755675320506 0.0009754822457857234 0.0005502859723855499 0.00034129340322022273 0.000237575718710388 0.00018731029218884288 0.00016733046725663658 0.0001684631870883177 0.00018938244771018095 0.0002347390022928743 0.0003154709731936463 0.000449763950974241 0.0006621889259468181 0.000976943150721318 0.0014024323192332563 0.0019139649976231473 0.0024545827082193615 0.0029684296034299196 0.003448359929393986 0.003961292030114782 0.004642799306047008
0.0006349146686355152 0.0009935788291148718 0.001545258383355136 0.002341578272700013 0.0034163109904499778 0.00479483460325865 0.006538627653442938 0.008808812418479492 0.011911680483940743 0.016276534396051735 0.022268094801585876 0.02967896643015141 0.03695285374892469 0.04098417550936144 0.03884741361093934 0.03072138526319534 0.020283370665733057 0.011483970406766816 0.005850956391155339 0.0028496554793693805 0.0014114412417847487 0.0007502179165090988 0.000445087268685306 0.000301435344367369 0.0002345689040706893 0.00020838733718285825 0.00020802449947700995 0.00022826342193618275 0.0002683289528611709 0.00032875575163357295 0.00040849394772975276 0.0005021641196457636 0.0005991461483327546 0.0006867948144175473 0.0007575963113303665 0.0008160443895829689 0.0008810494871686341 0.0009854715309950944 0.0011797907575838921 0.0015475313625359758
0.00037193742327571415 0.000531694612385364 0.0007672296325626425 0.0011069804910827379 0.001592330874587893 0.0022953107029994226 0.003354863002762465 0.005040104442240059 0.007847003102984935 0.012601196819018223 0.02039971574816388 0.03193947726932582 0.04579252695513173 0.056771773501112635 0.05805954857300478 0.04775581169669239 0.03170764397620583 0.01756774856207685 0.008598419971769232 0.003987671234302123 0.0018813309090876446 0.0009598620472556958 0.0005534012761618524 0.00036918272169818615 0.00028610442463315483 0.0002542807824954696 0.0002526476393979515 0.000271277243565407 0.0003030802586195774 0.000339381870960315 0.00036877205905049985 0.00038017966830403404 0.00036874955293887955 0.00033939197572485923 0.00030418594975000906 0.00027640851277473046 0.0002672917314767733 0.00028849433384214466 0.0003605256514695189 0.0005302338268244461
0.00023915920630761077 0.0003162567772241697 0.0004271044614655909 0.0005884139291366464 0.0008305070480867174 0.0012128530252674564 0.0018567214030121995 0.003012652577713796 0.0051916561413907596 0.009373512524001532 0.017152126839168797 0.03020394951445939 0.048031258643840516 0.06470855557540243 0.07020532564863238 0.05978176208654716 0.04019345618519653 0.02215850328980067 0.010667493877277653 0.00484175936040791 0.002238121914541272 0.0011256804430079634 0.0006456875396351911 0.00043275311222122154 0.0003394340425835333 0.0003059177756305792 0.00030623162380948206 0.000325722503468676 0.0003506165429754634 0.0003645965911013165 0.0003529254541065444 0.00031148664359922863 0.0002509330218856463 0.00018926740919128935 0.00014022238398040144 0.00010878005157072685 9.470192783428553e-05 9.840546132121669e-05 0.00012718119714472993 0.0002066423215950753
0.00016912301698076052 0.00020978394706936462 0.00026780052060116456 0.00035357363849142345 0.00048736555399002656 0.0007105644651941046 0.0011108183026693555 0.001878541813867313 0.0034281987294774146 0.006619788779847781 0.01299918584156566 0.024502909379578528 0.041412968373158776 0.05870808962570146 0.06628917803435139 0.05813281310025274 0.03989995828505525 0.02231363154571758 0.01085878982020052 0.004979091406876206 0.00233010110248838 0.0011915920226102312 0.0006988908236065945 0.0004816511473613813 0.00038988451982393917 0.0003624142933821691 0.00037146997538004255 0.0003982605985537259 0.0004215252304460206 0.0004171549223710529 0.00037030830432128987 0.00028908497545510737 0.00020016909729019645 0.0001278538916555922 8.050300453203959e-05 5.4345829724898436e-05 4.2920868400242634e-05 4.270777545095012e-05 5.6053129299117135e-05 9.771467540530881e-05
0.00013057301960265304 0.00015401286076717255 0.00018769226626953034 0.00023841904706454196 0.0003196019150642171 0.000458749831254732 0.000714579410599946 0.0012163691949149025 0.0022504184196937382 0.00442286049083108 0.008850740134449173 0.01699657445221319 0.029251989965022134 0.04224663084287943 0.048694122401305676 0.04374505459717718 0.03089944762885669 0.017871343837983274 0.009035459566203852 0.004320485436243907 0.0021146819278723894 0.001133671432402401 0.0006983184471383046 0.0005060160621153662 0.00043055705214134563 0.00041938853911700487 0.0004470288502887644 0.0004916010937721015 0.0005228260004849998 0.0005061583922475416 0.00042629108698929107 0.00030621214879225894 0.00019014826633200656 0.00010721998402388488 5.947950898381647e-05 3.584646299201676e-05 2.596833948889146e-05 2.459735195330696e-05 3.2030897553884796e-05 5.7635233999542446e-05
0.0001087068679283014 0.0001234464817461594 0.0001449694515525435 0.000177927706829886 0.0002313081977120616 0.00032316640034804817 0.0004912377894046149 0.0008167197791183035 0.001474646364470314 0.0028238395445661355 0.0055006544446590646 0.010297091395864395 0.01736554465469627 0.024812121232727698 0.028677744606819183 0.026250647116107324 0.01920751448422625 0.011680453375045355 0.006281731452657963 0.0032190746187041224 0.0016942901692274335 0.000976853410565267 0.0006458145891610108 0.0005006069475819115 0.0004537421530229695 0.00046821061766928984 0.0005245764917157263 0.0005995407936965732 0.0006524131251278888 0.0006337207972799319 0.0005236731146906969 0.00036061393256496993 0.00021020490250388336 0.0001095775075001176 5.581124752944214e-05 3.096414688831057e-05 2.0890028762923536e-05 1.8766873734619625e-05 2.3684877253381966e-05 4.219788905362584e-05
9.62640463287649e-05 0.00010641199890904484 0.00012149392880470982 0.00014481064873441367 0.0001825041260277227 0.0002464217895310766 0.0003602092292651774 0.0005720547148109706 0.0009793040262112778 0.0017666098607413067 0.003231588365175525 0.005694075797879414 0.009122686684927057 0.012587635255579408 0.014366208339062632 0.013322250712471277 0.010132576436018295 0.006551453692334972 0.003810390772357868 0.002133236803823987 0.001230834037215669 0.0007763446892547494 0.0005583197166634832 0.0004672882539116128 0.000453710791165935 0.0004976324278751875 0.0005879395733153086 0.0007023675135034728 0.0007906102216093449 0.0007851379087578948 0.0006551262009060905 0.0004492288672351268 0.00025690102476212407 0.00012965724011421856 6.329551097606944e-05 3.3440271592183745e-05 2.1419133165242375e-05 1.8265330060060817e-05 2.1918797638658596e-05 3.723227876770509e-05
8.957740460234016e-05 9.736367503291803e-05 0.00010904977428350163 0.00012706847776151585 0.00015572682060377422 0.00020287691908630752 0.00028317591308719877 0.00042417484005201296 0.0006763430868152111 0.0011246284660513456 0.0018860497265691127 0.0030532685132169577 0.004545333719533899 0.0059474981856541004 0.006617509781687429 0.006175197230511385 0.004877992777661303 0.003367161683580211 0.002133800249841381 0.001316903134290219 0.0008402060585866813 0.0005836833407101532 0.00045829774414229014 0.0004142208457729683 0.00042954621132818325 0.000498298395651788 0.0006177536442827713 0.0007693888789963377 0.0008978995102336145 0.000920706240125992 0.0007917557245015965 0.0005577327676358411 0.0003252335191385037 0.00016576173174685875 8.081010668326843e-05 4.207966445946227e-05 2.6170090991141706e-05 2.132101468623327e-05 2.4052106553326234e-05 3.785309128817922e-05
8.680970390366963e-05 9.368971509151267e-05 0.00010395365881454499 0.00011948335864479905 0.00014341562113863552 0.00018108028365784842 0.00024160677532453505 0.0003404260544105386 0.0005023038185909598 0.0007623676462793688 0.0011578164879533297 0.0016987584227615043 0.0023176974025230566 0.0028395215454848134 0.0030470818714966267 0.002837587355663626 0.0023146236544989885 0.0016996168205260188 0.001171075316944477 0.0007954947450691919 0.0005600799686469877 0.00042702265771117376 0.00036397643633185776 0.00035231526787862387 0.0003860607348816609 0.0004679601763872009 0.0006014969477531944 0.0007736020374928917 0.0009316353113727581 0.0009883496098945055 0.0008850366806106559 0.0006536945879775524 0.0004003035170600236 0.00021330245466595204 0.00010762567091816518 5.704178368738613e-05 3.527513218055524e-05 2.778106179702591e-05 2.9392391735529176e-05 4.216238294238942e-05
8.714966882760966e-05 9.435596291203703e-05 0.00010489110325731808 0.00012032802474517835 0.00014309404200582172 0.00017695363923990172 0.00022766415560419086 0.00030364545164122747 0.0004160381016764959 0.0005766145317209334 0.0007910978325753754 0.001046685551200856 0.001299439713093006 0.0014776154600436816 0.0015142950123594695 0.0013926748929743245 0.0011605731148792606 0.0008968488040091163 0.00066470238166693 0.0004916049701187483 0.0003776854851253601 0.000312269150631168 0.00028515546472128645 0.00029131274725680874 0.0003319388625090071 0.00041336544457581254 0.0005418340440921572 0.0007095254907325227 0.000873691828600512 0.0009559524070037994 0.0008930407289083778 0.0006973543027203988 0.000456308034858714 0.00026053274461774534 0.00013989723619893665 7.754718694579723e-05 4.87868887487896e-05 3.771866233849531e-05 3.765639818389305e-05 4.905868370313647e-05
9.043616583727421e-05 9.933590794260956e-05 0.00011209929543918207 0.0001302455869207974 0.00015587039251689272 0.00019178628966962222 0.0002415424910199022 0.0003090810927129483 0.00039761657774536007 0.0005072789972592753 0.000631555940482375 0.0007540721421645848 0.0008492614129314669 0.0008903415423520605 0.0008627246267402555 0.0007736035997418476 0.0006487981243674111 0.0005189772826425813 0.0004066038681240023 0.0003216590188952118 0.0002649167757443599 0.0002333667908298584 0.0002243016771241473 0.0002375313910582229 0.0002763168908071904 0.0003469873867302373 0.0004554533381347182 0.0005973312320491765 0.0007425281844254685 0.0008314376071917348 0.0008074030859063588 0.0006666780661803462 0.00046921448418969504 0.00029102071957084764 0.00016938307283997987 0.00010020227802868955 6.539593526324855e-05 5.046877157850666e-05 4.813551759689377e-05 5.737455579556661e-05
9.697744275460012e-05 0.00010940866466262558 0.0001272156145803329 0.00015229493363208622 0.00018690701439120862 0.00023338123026377095 0.000293413396784433 0.0003668589722211886 0.00045020033858470475 0.0005353473628172683 0.0006098560434180977 0.0006594866499863771 0.0006728637642939327 0.0006462601131059154 0.000585641609711214 0.0005044002296653663 0.00041806062127865286 0.00033917862232766963 0.00027494001657059927 0.0002276651230447492 0.00019681118960172107 0.00018103548886515972 0.00017967813824759575 0.0001936677650157553 0.00022596443348276639 0.0002812208797878599 0.0003634380944353436 0.00046974742816459104 0.0005809110187923268 0.0006578294508565571 0.0006589224645462796 0.0005730785024350675 0.00043371644063783113 0.00029348196590065834 0.00018678426337769704 0.00011936524501177971 8.198147672557507e-05 6.413588540997335e-05 5.9353247742420477e-05 6.569469171681391e-05
