_RESULTS/REVERSE_NEW/MHZ/IZ/4comp/MHZ_IZ_z_180_kriged_reverse_4comp.asc
ncols 100
nrows 81
xllcorner 5.5967107547500001
yllcorner 50.982328804750004
cellsize 0.00017565049999994641
nodata_value 1.7014100000000001E+038
[rows 0 to 19 of 81, columns 44 to 87 of 100]
5.95149019849761 6.03535673541592 6.12536014372466 6.217328855730884 6.307739494507455 6.393489053003668 6.4714958522314685 6.538370164749371 6.59037101730118 6.623753314758857 6.635449771413696 6.62388514742266 6.589645528775743 6.5357575633518055 6.467460778862308 6.391523226835575 6.315281493243971 6.2456306461276245 6.188152276407008 6.146499502201781 6.122106209561554 6.114254138618155 6.120476687481434 6.1371955679802355 6.160428281549639 6.186413859776735 6.2120615432911315 6.235187876703432 6.254553304255609 6.269741827769367 6.280947169263454 6.288732275845481 6.29381578273894 6.29691587900595 6.29865842282213 6.299539287526157 6.299923257634643 6.300061887887162 6.300117290602588 6.300184545310507 6.300310115392731 6.3005064064968 6.300763536144194 6.30105916899983
5.844499561758895 5.958463809263715 6.082258144803978 6.210624480383396 6.338943243539023 6.46287607699202 6.577807790953916 6.678428325671088 6.758764932114422 6.8128094404943464 6.83563970766566 6.8247020226896575 6.780806273744681 6.708453472825876 6.6153466521512145 6.5112234481087174 6.406353374216814 6.31008186768383 6.229698105400621 6.169753348345881 6.131852963524233 6.114896989674934 6.1156935637949745 6.129794586028932 6.15235823619119 6.178873256312914 6.205655533514536 6.230095858907892 6.25068269710504 6.266853870904378 6.278749272549697 6.28693843174292 6.292181109376009 6.295253030114855 6.296842802836249 6.297507822805598 6.29766910460447 6.297625799589904 6.297575789475647 6.2976354269044315 6.2978566535783616 6.298242362047302 6.298761244131505 6.299362449218389
5.73082624321449 5.879770729263657 6.0437042734200785 6.216390669675449 6.3920811662925585 6.564956249208039 6.728346278150699 6.8742045469646555 6.993274352857758 7.076155916625095 7.115105643288322 7.106033780039245 7.049986066096711 6.953520896059626 6.827793903990881 6.686642363738134 6.544277285489662 6.413208002505423 6.302799611293011 6.218579604928733 6.162222734187745 6.13207528935653 6.124052147597663 6.132702449450446 6.152229581112789 6.177304920289222 6.203601107003431 6.228040403633099 6.248796373377822 6.265114411061186 6.27703212427007 6.285079211935446 6.290017562246309 6.292653370329713 6.293725136673502 6.293852549035771 6.2935239731038495 6.293102412017842 6.292836947704417 6.29287447283465 6.2932719907280426 6.2940118043258 6.295021057342868 6.296194792533127
5.6193214610682025 5.8068679554616445 6.0161743094716575 6.24033362568752 6.472594633084933 6.705497201130263 6.92977704403175 7.133689648525748 7.303380588938749 7.424601507016875 7.485510275207026 7.479721885401136 7.408495702880477 7.281163006326259 7.113561092323565 6.925015113720555 6.734884676453127 6.55965913082145 6.411163656151905 6.295944758218211 6.215594872188439 6.167692644990363 6.147063183119265 6.147101362726605 6.160947160669294 6.182377170416714 6.206362074331151 6.22930454763335 6.24901176501718 6.264481414413366 6.275591602469661 6.2827787956654255 6.286764603785598 6.288360317265268 6.288348930435554 6.287425887267826 6.2861741152050605 6.285053348405404 6.2843931642199715 6.284388422191626 6.285101376972715 6.286475443866861 6.288362402233718 6.29056003006117
5.519870244374984 5.747856514331928 6.005914431308947 6.286979459400429 6.583621124671795 6.886729958017081 7.183970826176204 7.458886707143048 7.691541222989113 7.861138354256614 7.950223642201258 7.949199887329135 7.859478117702573 7.6939508967203905 7.4745091610742165 7.227505518395129 6.978762099509401 6.749606283233163 6.554698343764883 6.401614507989241 6.291678717186118 6.221457975590037 6.184465566252897 6.172770025793298 6.178324629841439 6.193924385392623 6.213773038794812 6.233697195438449 6.2510803677861855 6.264611237079872 6.27394615291695 6.279372774687291 6.281532780032373 6.281226499048027 6.279292514636261 6.276538230606313 6.2736947214685035 6.271377369974605 6.27004671774866 6.269975318414335 6.271231839900104 6.273691919848414 6.277078064594142 6.281021866478002
5.441625043431763 5.7097642152139265 6.017454333471249 6.358138826001614 6.724216304678913 7.105109559003643 7.48509526425873 7.842085268556664 8.148607717380704 8.375618145702534 8.498538714075092 8.503647925924968 8.392417414636375 8.182008218248951 7.901626632132544 7.586087670820585 7.268906972211574 6.977047136115306 6.728338956508567 6.531379494099432 6.387031617343611 6.290604019412902 6.234072749089921 6.208005787707878 6.203048148894456 6.2109313435596585 6.225032221757189 6.240547527615989 6.254379764630065 6.264845805730578 6.271317403106728 6.273880903541321 6.273067748903151 6.269668824165317 6.2646157451445905 6.258897790625727 6.253485277344304 6.249244216740021 6.246845338805228 6.246684978738477 6.248840320755885 6.2530757079768104 6.258903093124102 6.265683980959917
5.3911945741629825 5.696936707279673 6.052159330368321 6.45151321060206 6.887839906350663 7.3494547842084925 7.81717006744931 8.262638693108638 8.649744068575945 8.93990265361004 9.100336884484921 9.112597939342097 8.978129041589106 8.718722579252967 8.371624988484314 7.981031142885859 7.589009687399345 7.228747644202704 6.921499058949156 6.676868456167602 6.49510044749514 6.370048408764874 6.291976559612955 6.249825356603029 6.232851659410596 6.231675453297201 6.238811014949887 6.248786178647016 6.257972485151014 6.264255784643731 6.266664183678216 6.265038120244387 6.25978391272566 6.251709722753319 6.241913060066021 6.231678554944168 6.222353956381902 6.21519507616727 6.211196448702068 6.210943111271374 6.214522880665009 6.221526519731986 6.231140016125903 6.2423075291268795
5.371215994029632 5.70980108860402 6.107218373359347 6.559896229491488 7.061700549252457 7.6003119620762405 8.153299760851358 8.685937937406935 9.153080380689815 9.506223591856086 9.704263154427782 9.724089541687462 9.56707442427346 9.25936596381746 8.845958005379504 8.380353877905534 7.913318188977697 7.484447834098554 7.1185156880008895 6.82612318110938 6.606830723944849 6.452968579591264 6.353049160624133 6.2943792697112295 6.26484525606714 6.253979091777204 6.253444305663244 6.257089038783628 6.260719091690854 6.261738518743474 6.258780335329541 6.251406371062954 6.23990318352914 6.225153933879684 6.208536604265878 6.1917941351193 6.176841547524145 6.165510339265707 6.159267260438573 6.158968501002576 6.164712183223058 6.175831171760347 6.191031971257155 6.208646200590157
5.37965562312946 5.744355598209546 6.17544874345828 6.671425228953377 7.227572900620266 7.8314332470062045 8.457892684065989 9.06644646785134 9.603610247227273 10.01187305293991 10.242933107472146 10.269938873779754 10.094233282862143 9.745292211994295 9.274300680318976 8.742691355861036 8.20903590240313 7.718884265855156 7.3003440990488775 6.964991624923798 6.71178500635082 6.531679970382615 6.411619727966213 6.3374648065515 6.295898522661507 6.275493680700431 6.267142476288323 6.26404215948932 6.261419562080634 6.256158592172214 6.246456489465172 6.231578825739458 6.211721303469974 6.187933716548453 6.16203228261886 6.136429528424471 6.113844770973675 6.096910472509466 6.0877402914853 6.087554109657263 6.096453026615524 6.113404507805272 6.136445385098122 6.163054186818312
5.410053132484337 5.792622837900716 6.246173853270891 6.771165394806375 7.364420571097482 8.013794649403676 8.692420521426412 9.355490592581479 9.943148461995285 10.39113512920129 10.646144095938945 10.679107390977677 10.49148232660368 10.114576394720798 9.603215093889157 9.024110372567142 8.441549219481377 7.905714516812407 7.447439069540515 7.079197538303172 6.799602225133945 6.598651647833191 6.4621757746200315 6.375008331490402 6.322972430335752 6.293931123394787 6.278160687963153 6.268280421987324 6.258949341243081 6.246507703171044 6.228689624182973 6.204464392810248 6.173990984329192 6.13861058909835 6.1007734909660964 6.063810513793355 6.031512843047093 6.007558328859192 5.9948886668273405 5.9951751485816 6.0085007388311995 6.033338716653209 6.066837923812543 6.105349774619418
5.452748329653457 5.844100333107974 6.307162841585738 6.843909669527138 7.452522296349871 8.121556772949665 8.823666374945475 9.51207106338595 10.123700990773731 10.590852002473428 10.857859983748472 10.894954158685694 10.70387077812235 10.316361532316652 9.788079181154155 9.18752545933506 8.581508523308061 8.02260545709722 7.543263127529361 7.156672090575525 6.86149757817274 6.647442572666434 6.499930476387289 6.403398728905545 6.343310406144546 6.307174740427582 6.284873532497636 6.268559051458462 6.2523552894467 6.232050250164361 6.204902757405714 6.169605426084714 6.126359728456849 6.076951094297849 6.0246851899764575 5.974075864345304 5.9302552164779625 5.898177457036775 5.881769996234614 5.883217460041256 5.902541565029285 5.937576032252209 5.984349774583329 6.037799300060305
5.496880294904785 5.887942762380475 6.3472337354221695 6.877542387598316 7.478025744003873 8.138256387907719 8.831868910503864 9.512961153126106 10.119142796843668 10.583126961264279 10.849514486585377 10.888861487096916 10.7031259429746 10.323515256184264 9.804134822413305 9.211644876917083 8.611561910065609 8.055971743880775 7.577424172851136 7.1895152280119 6.891414658689874 6.673325209510583 6.521117519714902 6.419589708133171 6.3544387482813045 6.313237546645914 6.285730967932642 6.263734888277933 6.240883259864699 6.212414956901556 6.175116916961344 6.12744510178551 6.069745258330846 6.004418393318627 5.9358529964140905 5.8699971170794845 5.813557323580463 5.772943160590328 5.753168906837184 5.7569468882150305 5.784164674200079 5.831859763364364 5.8947105548315815 5.965957706625359
5.53266207830237 5.915295880984783 6.358768906433235 6.865912765175289 7.43640086524155 8.061054212965404 8.715854071461553 9.358534403553012 9.931230429886265 10.37094751347767 10.625124190631773 10.665368863331981 10.493390014534816 10.138865230748516 9.652519205283502 9.096108009012918 8.530273202576623 8.003691538691038 7.5473935468611435 7.1749731898241365 6.8864960161472615 6.673432422516673 6.522947347546501 6.4209576599668265 6.3539879600958065 6.310087101642845 6.2791115111497415 6.252662555143991 6.223925364481523 6.187597313001049 6.140010049467852 6.07944146703804 6.0065001306694015 5.92437892300714 5.83875962639819 5.757230770765104 5.688236384648412 5.639735710121968 5.6178497318017735 5.6257707659674 5.663144519366118 5.726046136443059 5.807580576815401 5.899028596097041
5.553258068273684 5.9210563460325245 6.339309050844085 6.81020297757156 7.333512545602199 7.901444343587332 8.493330011368357 9.072608731285472 9.58893093125301 9.986855205985558 10.219174938480617 10.25949232957497 10.108637842094216 9.79332684355635 9.35918040113406 8.860903878182109 8.351766735226434 7.874824542129634 7.458228124746806 7.115139187286686 6.846761241955774 6.646424581510606 6.503279826797607 6.404996102868194 6.339421572654377 6.295416004955769 6.263135940599268 6.234047377606238 6.200903076596104 6.157859221398667 6.100815288298035 6.027942404904463 5.940238146737458 5.841853466663588 5.739936011645871 5.643852719197431 5.563856774196792 5.509453271973795 5.487802947043012 5.502467882357779 5.55270854385609 5.633456336171791 5.736016347324513 5.849450401489107
5.555695537965552 5.904514368762275 6.2917177910384705 6.718340641046592 7.183955316696097 7.682201461594497 8.196290755258099 8.696464976766222 9.141554015284479 9.485739813166292 9.689194577514712 9.728716860697117 9.60398797796455 9.337251351303378 8.96728346538023 8.54038609090592 8.101341165400603 7.68654636337015 7.320492920614488 7.015567800057232 6.774183359469614 6.591867029324572 6.460198145013235 6.369020131862688 6.307828560774005 6.266492041456892 6.235550213166845 6.206336777915427 6.171140375609444 6.123552849188405 6.0590595125170115 5.975798788950611 5.8752805258001795 5.762758105425442 5.646968990999485 5.539122653237561 5.451265476414998 5.394359309030262 5.376468482749364 5.4013663703182475 5.46775178068561 5.5692012273473726 5.694959125887317 5.831576469891047
5.540651949106548 5.868816594216 6.223021420990206 6.602832281795094 7.007428018731154 7.4318462768308 7.863273469976141 8.278945182493977 8.647209458618455 8.932507457710603 9.103366915356217 9.140731146179583 9.043360270062104 8.828241114489446 8.526131787921411 8.174238248711745 7.808766509077645 7.459509567294975 7.147222300414012 6.883387612676993 6.671587932674354 6.509645526000451 6.391751929612576 6.310107882342986 6.255973406569345 6.220252477261372 6.193814845632406 6.1677630334635465 6.13381963716095 6.084946947825564 6.016213592064879 5.925789963742428 5.815810359504589 5.692750850045006 5.567020826830195 5.4516814292184215 5.36049942593175 5.305756432521312 5.2962490880480155 5.335776270620272 5.422267850132116 5.547685644127612 5.698878197017672 5.859506997042198
5.511479839546799 5.81971720293676 6.142594722727292 6.4780247904626584 6.824656222813755 7.17879804276908 7.531372954942439 7.866142617454772 8.16031022014591 8.387978372933405 8.52582893822313 8.559221101624603 8.486424539197982 8.319369517606383 8.08075996896201 7.798822252091201 7.501701484916371 7.21326946963337 6.951010425171999 6.725637572967563 6.541865328196164 6.399767205395042 6.296131947052566 6.225488094935469 6.1807766166712925 6.153788988721674 6.1355283326539 6.11665335824744 6.088133099716699 6.042175635157085 5.973393626088532 5.880033649149195 5.764953707997854 5.635959777494446 5.505199799106872 5.387582138044105 5.298516240887292 5.251471291354067 5.255809334403693 5.3151567852440476 5.426428398804718 5.579644239496796 5.758823618544598 5.944236170148338
5.473164887997252 5.764368998822391 6.060578311652513 6.35791316763844 6.654337319443949 6.94719764335241 7.230688175307377 7.49424819453905 7.722706597498011 7.898477071066251 8.005358443287301 8.032750797299656 7.978767721972353 7.85109279441551 7.665356557378751 7.441794180340409 7.201485218798405 6.963328300857742 6.7422278707551495 6.548443280406488 6.387874086197397 6.262782059679495 6.172425354650446 6.113471339285065 6.08029478022983 6.065280126602212 6.059241828514484 6.052075780984818 6.033720585011872 5.995434364046348 5.931284503264587 5.839610113668268 5.724084504095419 5.593959786122172 5.463212685682692 5.348633197372863 5.26725010774272 5.233650337662317 5.25764179962044 5.342478225059526 5.483743992072801 5.669086477795955 5.8791735201952635 6.090302782182664
5.431875021638724 5.710804646276523 5.9872020168830575 6.255223917260776 6.511922788090914 6.755347991719808 6.982379798542629 7.187153721395088 7.360730002676129 7.49224350247568 7.571242986433384 7.590455592946189 7.548000063180821 7.4482699393712934 7.301264138640888 7.120778750130791 6.922210320899547 6.720551741850657 6.528837057955815 6.357276970767234 6.213129916578362 6.1008179196389305 6.021875842077191 5.974811512442528 5.955076877621301 5.955260270446716 5.965582689212296 5.9747792767772046 5.971402803838813 5.945492498148064 5.890423888825543 5.80461410261144 5.692644563073491 5.565362772043777 5.438724964580677 5.331519702456513 5.2624714644375485 5.2473250554706725 5.29631529164942 5.4121639036441245 5.588722288938897 5.810633408231062 6.0545603587359365 6.292333234654604
5.395387662596569 5.668357707110749 5.933214950625796 6.181894838119675 6.410224314286474 6.616555679492453 6.799862277010335 6.958065419779244 7.087201095958349 7.181683933606512 7.235525161954456 7.244034780005797 7.2053911485808575 7.121557746974026 6.998340695499865 6.8447505749657385 6.67198690192908 6.492221116543405 6.317333089227906 6.157963379885432 6.022967207652486 5.918885645925165 5.849273809899138 5.814114904759771 5.8095340240231685 5.827904911407266 5.858424839734278 5.888233304747623 5.904087447778417 5.894474628168907 5.851875933125701 5.774742651296056 5.668666078622754 5.546286454185405 5.425769014325423 5.328115172155431 5.273929173208136 5.280273848545001 5.357934462416656 5.509093377745542 5.725516279792322 5.987971972505998 6.268058116990202 6.5326916671975335
