_RESULTS/REVERSE_NEW/MHZ/IZ/6comp/MHZ_IZ_z_180_kriged_reverse_6comp_test3.asc
ncols 100
nrows 81
xllcorner 5.5967107548124995
yllcorner 50.982328804812504
cellsize 0.00017565037499993607
nodata_value 1.7014100000000001E+038
[rows 19 to 37 of 81, columns 0 to 43 of 100]
50.031544181547105 50.110474761388616 50.17397147709545 50.21761899409335 50.239439042601376 50.240275140382415 50.22389616558407 50.19673330308838 50.16710002025169 50.14385839566895 50.13474504318695 50.14477844449258 50.175198261171 50.22323236498806 50.28273375486948 50.345470322295895 50.4026632883701 50.44633053329232 50.47014572645191 50.469815780698035 50.44323201851232 50.39068581576941 50.31522733064453 50.22294761676256 50.122819343255166 50.025870184410316 49.94379389522386 49.88737765388142 49.865142030114136 49.88237646975103 49.94051872320789 50.03675947097 50.16386986821224 50.31042178254994 50.461639455279105 50.601002606832125 50.7124529713018 50.782772245085695 50.80355408177471 50.77227931578913 50.6922914800863 50.571808856112376 50.42232723511467 50.256796861815126
50.01526947415247 50.08845190801164 50.14707184619781 50.187544022370126 50.208030315000016 50.208540843191564 50.191152769393696 50.16022217730877 50.12220125481508 50.08476877532668 50.05537000408782 50.039622714539455 50.040134811656245 50.05609556843276 50.083698635391784 50.11717687299885 50.15005926927597 50.17624687430029 50.19066623450746 50.18953210463006 50.17047760108312 50.13283005716931 50.07809884230552 50.010447498866995 49.936771871499666 49.86612618900181 49.808552401715104 49.7736451277076 49.76923215145565 49.8003730139885 49.86865884081572 49.971719752511206 50.10294939159306 50.25162871216651 50.40371081198697 50.54340836377397 50.655423395632305 50.72732245691882 50.751395787334594 50.725489380320795 50.652714575224664 50.540368211908905 50.39855810035906 50.23886444068365
50.0055490222389 50.07329705983494 50.12817904514784 50.16793007570257 50.19094479985969 50.195958353167555 50.18252336032498 50.15203905045785 50.10849122892267 50.058181973735024 50.008409920933225 49.965697704117936 49.93433034203212 49.91569897086098 49.908520131387036 49.90966254120876 49.91515744429507 49.92100304123693 49.923570192601574 49.9196935475476 49.90674046236702 49.88294724860119 49.84808046672331 49.8041687884246 49.75588191451806 49.710240228227306 49.67565481996009 49.66059850454786 49.67229242395053 49.71564300759753 49.79244742584443 49.9007939934235 50.03467814085442 50.18403645742533 50.33549516402943 50.47399790517901 50.585119109822095 50.65745543079767 50.68430329821511 50.66408862583287 50.59963432038539 50.496916631375186 50.364024813313094 50.210561170696735
50.00082585748912 50.06299938007429 50.115181873593514 50.157059105162205 50.187274947620494 50.20254336088693 50.198668656551895 50.172941655937976 50.126261211112066 50.06358960576732 49.99258519779512 49.92133263799489 49.856336390962916 49.801493978041435 49.75812400904655 49.72567206861213 49.70256950327183 49.686826130613305 49.67620224552726 49.66811157929712 49.65960795054906 49.64777828557116 49.63059802047333 49.60795696370007 49.58236573608709 49.55894960697724 49.54466955255823 49.547051995066994 49.57283668986832 49.62682479898035 49.71098374330371 49.82375047318289 49.9595595095135 50.108819044714316 50.25867094463542 50.394721984858705 50.50349907500935 50.574867753218975 50.60344730881655 50.588466700500476 50.532409365250764 50.439546760041495 50.31537333830578 50.167027429489195
49.998133631783766 50.05433386981759 50.104947599370384 50.1522653921457 50.195013331874705 50.22679496033413 50.238124534036366 50.22092757078425 50.17255742961879 50.097014522152186 50.003198179464924 49.90170082560289 49.80192657210601 49.71055773606003 49.63142718893304 49.566235950397385 49.51541129376725 49.4786037044682 49.45468708150188 49.441489481151905 49.435689092580844 49.433251935882204 49.430475524056796 49.425305969312724 49.41836107490107 49.413179339524326 49.41557440175212 49.43236864645123 49.46995801087261 49.53305141376105 49.623683654519944 49.74045244540042 49.878001162891 50.02698293672514 50.1748773626224 50.30786577389685 50.413452405243994 50.48289375634254 50.512272518989874 50.50165060879617 50.45298389112995 50.36844882932687 50.250534302200165 50.10374773216869
49.99529366868698 50.045567920350464 50.09624510904003 50.152629816908615 50.21306591647041 50.266753497499074 50.2974172743465 50.29067219628642 50.24031621368417 50.15017262030476 50.03151506525651 49.89846339412776 49.76392687929861 49.63747271867378 49.52512149243766 49.430247766462166 49.35462359578724 49.298966949244935 49.26285614566685 49.24431684714497 49.23961705564231 49.24372214413487 49.251496379643534 49.25928018825644 49.2661932184222 49.27459191396854 49.289502945501255 49.31730834611346 49.364191058987316 49.43475747882222 49.530981589477626 49.65142346206636 49.790723816693514 49.93960443006315 50.08576567382561 50.215897467181634 50.3184267353761 50.385897413693435 50.415642923543516 50.40820913634533 50.36458738682238 50.2844839214231 50.16728564087196 50.01523110499072
49.993157202282546 50.03900972109775 50.09225715838964 50.16102600626462 50.24250524463568 50.32040970622893 50.37087318825848 50.37313415946372 50.31811952567785 50.21057232567937 50.065224467438355 49.90047002677285 49.73297666014439 49.57496167552139 49.43403618638675 49.31447384042445 49.21862375283251 49.14764986106122 49.10143493571306 49.07803672365278 49.07335062222414 49.08153298419462 49.09631428294701 49.11279785798839 49.12900523579265 49.1464997424778 49.16985338442971 49.2052432511513 49.25875352842013 49.33488204165574 49.43544526462897 49.55883075314762 49.699561736458584 49.84837208894813 49.99317662440868 50.12115002505596 50.22148868283587 50.28763685752152 50.31753436039948 50.3114244636661 50.26865470233065 50.186189950750304 50.06067192243403 49.89308184580333
49.99594948000856 50.04097943966583 50.10002589271806 50.18301299585032 50.28510995492515 50.38429960538933 50.44971906156155 50.455453700006956 50.390933078813305 50.26292145281926 50.09022943707904 49.8956358682641 49.69923802635371 49.51525767582319 49.3520856903542 49.21407761132559 49.103472608357976 49.021412748896545 48.96786470011906 48.94091321706652 48.936219332494026 48.947336679147504 48.967090307271576 48.989582853771154 49.01197881266899 49.035283311921795 49.06382227274227 49.10372900197578 49.16108963202062 49.24033542063454 49.34312922871847 49.46768899082692 49.608461941026064 49.756289281566815 49.89940799916429 50.02548370934271 50.12422653282817 50.18934133137113 50.218382868920216 50.21020574146707 50.16175691500513 50.06723218800144 49.92139092471605 49.72554467381053
50.00856001106858 50.05793984319489 50.125728356184794 50.221934409830524 50.33917466269673 50.450792335950275 50.521200102813125 50.52176597569017 50.44214489327747 50.2918114102017 50.09346137411067 49.87351846514264 49.65453590317704 49.45175220473287 49.273476033178746 49.12349733956293 49.00356176359924 48.9146757099926 48.85700037473008 48.82888389894514 48.82598527142052 48.84138021282812 48.86698192181296 48.89580524623586 48.924060849750624 48.95213672549845 48.98410967164471 49.02612334834658 49.084371383953304 49.163366727301934 49.26480203313504 49.386941359996655 49.52440160936273 49.66838624534971 49.80765175510692 49.930366021826316 50.02641942918271 50.0890064425562 50.114189194116385 50.098343701297395 50.03544388073553 49.917247759278986 49.73790161278835 49.50090809775115
50.031858885733094 50.09048403273493 50.16812149563108 50.27301867651004 50.39542296554645 50.506440611338896 50.56926487630583 50.55557336142945 50.456787422771086 50.28505295083924 50.06583880798519 49.827676215001176 49.594111750483314 49.38028360284192 49.19373571262171 49.037432159931164 48.91272747446222 48.82086823285932 48.76273382667568 48.73743294305703 48.74089442472134 48.765631878242026 48.802231553251005 48.84203194219962 48.87970704403459 48.91457195348877 48.950184269783755 48.99263472850007 49.0483648449444 49.122285728422696 49.21656188949427 49.33000768231233 49.4579104380071 49.59226572927449 49.72262567660341 49.83767565816541 49.92713663231285 49.9829598982701 49.998768314118806 49.96767785638744 49.880519279304195 49.72730396238721 49.50298122007929 49.214920930980334
50.059191490530864 50.12936206167975 50.214959644279745 50.32116517814905 50.43679472806537 50.53375447951357 50.57773527374264 50.543472860481906 50.425063199210584 50.23650891628797 50.004229610616136 49.75684630893325 49.517273188604534 49.29958424432995 49.11027338057624 48.95175163993501 48.825647004889845 48.73432929963638 48.68030719044562 48.66414539783689 48.68225005065272 48.726139975535965 48.784109140702505 48.844624741586365 48.899700808698604 48.94671130103639 48.98816276725833 49.029927961628786 49.07889644443735 49.14090014548403 49.219328683729806 49.31440063959233 49.422888192374366 49.53823023549408 49.65116661724724 49.75096701547898 49.826905961548604 49.869148709019825 49.86829171541426 49.81389385656771 49.693926048236264 49.497554297875396 49.221748425350015 48.878773169748285
50.076959119427315 50.15697742331733 50.2457351201531 50.344967029144335 50.44338122432293 50.51637762898763 50.53500527130663 50.47883340443479 50.344735729038504 50.147218753190934 49.911560429988924 49.66443450462221 49.426706633708676 49.21082013800707 49.022448583077995 48.864266318666175 48.739329009191515 48.65239576351531 48.608759969514225 48.611193091746664 48.656580728388874 48.73454417069391 48.82951322309862 48.92532274164355 49.00977544719415 49.07714902526376 49.12819413050563 49.168330571400624 49.20514000989906 49.2460687226241 49.29677294770702 49.36008923417318 49.43544891856319 49.51867958649881 49.60230337613337 49.67638375959089 49.72963492279449 49.750163840048145 49.72536087612649 49.64139063622589 49.48396722422247 49.24227869843211 48.91602433593324 48.52240751855556
50.069404619001844 50.15392402695538 50.23950344365308 50.32489305504343 50.39986835022978 50.44492102753898 50.43784290884962 50.36358252711859 50.22122249168945 50.0242853825909 49.79504398018169 49.5566089936767 49.32688317790216 49.11662997894328 48.93141481674792 48.77538693479932 48.65444934854292 48.57714114774562 48.55269344463719 48.586695513306736 48.67617813870542 48.80743112651928 48.958911356297904 49.10773878951124 49.23587070968281 49.33335680386436 49.39849323725354 49.435962631952876 49.454218353209626 49.46301433006764 49.47144416137369 49.48644368369583 49.51163139552164 49.546529318419516 49.58634411651525 49.62238958289154 49.64293494145529 49.63402577990328 49.57998642960869 49.46403594553178 49.27032365400157 48.98866651302373 48.621533226467186 48.1900430573664
50.024778553372016 50.10659584338677 50.18300634332774 50.25067815847408 50.30109965357027 50.32013352837738 50.29221121959138 50.20715617615477 50.06534346741213 49.878091859185055 49.663425998110434 49.43999066872609 49.22244814325792 49.020317387399324 48.84007397717027 48.688668570653604 48.576186951894776 48.51607076809377 48.52229238267946 48.603612642526215 48.75662871409988 48.96237558972826 49.19077510929456 49.41023165881935 49.595755977267366 49.732586577145284 49.81613487281665 49.84998933656746 49.84334617925336 49.80860881377621 49.759271515577524 49.70788494060337 49.664038699886525 49.63263304909272 49.61285029085868 49.59804173414602 49.576408913627 49.53214859215261 49.44683137837856 49.301252481316396 49.07856857244807 48.76945978741751 48.378611393968974 47.929391437312056
49.939455274836966 50.01167601667472 50.074721531235724 50.12409395566535 50.1530265822685 50.15197377563106 50.11084752178312 50.02322320921622 49.889860156944174 49.71919386424752 49.52456687777946 49.32005582411815 49.11740904902552 48.92566357942849 48.75326379357002 48.61104471034815 48.514032348388206 48.480735324868334 48.52982142382697 48.673908901486854 48.90949717440539 49.209911147827874 49.53283288902905 49.83626459913722 50.0886417830855 50.271162005853206 50.37654445892754 50.40678822487599 50.37103328742523 50.28382020163623 50.16331016398865 50.02885164372386 49.89784133747496 49.782555273168505 49.68784864061147 49.61026350112975 49.53857564955634 49.45550118057287 49.34021540806292 49.17152724380539 48.9319407543359 48.61289148263444 48.22043062394428 47.778714131122165
49.818335474332024 49.87591479855851 49.923690055272324 49.95666940727733 49.96941262058388 49.95562652163931 49.909077651767774 49.825816548098686 49.70634776264778 49.55616981378043 49.3842887363192 49.20080868252028 49.015331909476444 48.83728196035556 48.67788690433187 48.55228367506642 48.47976921177627 48.48165257097593 48.579874308884534 48.7950776108442 49.128714576343945 49.5420909276357 49.97248683711669 50.36570911115068 50.68689514275092 50.916515221674494 51.04589742682669 51.07479003855355 51.01046604461206 50.86774184492104 50.668507082628 50.43933990612517 50.207045173828014 49.993419230003475 49.81100844017054 49.661022413479834 49.53368820289474 49.41072539647814 49.26925832495835 49.086401257020725 48.84410503454581 48.53421957504572 48.163259078744474 47.75505795087936
49.672104583782115 49.712365458271925 49.74488467379209 49.764551330573795 49.76664969234411 49.7467329290261 49.700840001897824 49.626409990031036 49.5234304786101 49.39494545292548 49.246549477733346 49.085432677106226 48.92002994962877 48.760907225735686 48.62239485487967 48.52317431938531 48.48345121136058 48.5208204614584 48.658499364715205 48.938605922801656 49.38120123268797 49.925929082726725 50.47272541399956 50.95287532737458 51.33571894763027 51.6078303268536 51.76197097381089 51.79491467023617 51.709175114340866 51.51644220514382 51.23991577721206 50.91277267543896 50.57228488548162 50.251784598609774 49.97362199439291 49.745313771934676 49.55956220927883 49.39766010165813 49.235011538387326 49.04720445748347 48.81555735387067 48.53186904691422 48.202194209767136 47.848656471903716
49.51305228070696 49.53536766837935 49.55377270940442 49.56319529215936 49.559098795667914 49.53774870874138 49.49623023031006 49.43263666297957 49.34651429217441 49.23926575467982 49.11429022805563 48.97709810936067 48.83591575382127 48.70293010482937 48.59524430684266 48.53295853920155 48.53143638466852 48.59640183342025 48.75329284267411 49.08357967623878 49.63824860117611 50.323048269004445 50.98407974731256 51.53727543374299 51.96536494891644 52.26938870841069 52.447243964403675 52.492056991200705 52.39802578401981 52.16919818058366 51.82643450615673 51.40781019034421 50.96134923241564 50.53344017743754 50.15805525503916 49.85050569373261 49.60695114279962 49.40884560071851 49.230206564454484 49.04520777172599 48.83437873947713 48.588992546972 48.313797648375605 48.02775406800927
49.35107620106381 49.35617381749684 49.36201280358987 49.36361578273058 49.35627151366917 49.33623123766501 49.30084883727493 49.248482893392556 49.178515723889674 49.09160972547299 48.99018830112108 48.879231057719466 48.76751395349685 48.66897888338552 48.602699412201474 48.58796646333493 48.63218768201327 48.72911562654403 48.90996562467606 49.29001877072079 49.938778515677136 50.73126342164534 51.471586611309746 52.06608823622834 52.51397693553794 52.83426225856456 53.0320241897566 53.09592705367591 53.00851944019037 52.76175123506237 52.37020227047594 51.87452614851572 51.332958546083354 50.80558015834599 50.33899777983635 49.957197228738885 49.660427934543975 49.4307611413012 49.24114050567997 49.06444493827023 48.88029295513936 48.679083081333175 48.46371297439537 48.24917849401528
