_RESULTS/REVERSE_NEW/MHZ/IZ/6comp/MHZ_IZ_z_90_kriged_reverse_6comp_test.asc
ncols 100
nrows 81
xllcorner 5.5967107547500001
yllcorner 50.982328804750004
cellsize 0.00017565049999994641
nodata_value 1.7014100000000001E+038
[rows 57 to 75 of 81, columns 43 to 85 of 100]
0.5590523624193483 0.6200316720376597 0.6555066825609132 0.66080517013975 0.6388173993406401 0.5987180828092912 0.5536446320248783 0.5162031211695847 0.49580645214900726 0.4991947808785802 0.5322570176754923 0.6015051222330489 0.7140860474669866 0.8752969857100459 1.082957886682429 1.3198092670616886 1.5477378534870698 1.7079339631438428 1.7452823822204675 1.6815435943386703 1.565725966643693 1.3777251115064377 1.1499798167962987 0.9388452442111963 0.7702626251491522 0.6504927439667986 0.5766263246205976 0.5429262633994145 0.5440920597155962 0.5758343901809706 0.6336297789642983 0.7106847450549042 0.7964750903946806 0.8773757730956705 0.9399117618911386 0.9751158689049685 0.981242517454215 0.963214706579826 0.9296071823496805 0.8892755166821734 0.8491629830261261 0.8135804426094552 0.7844885995218552
0.48871477845687594 0.5437517683472882 0.5819465761268147 0.5987538264664181 0.5953844874571728 0.5781073805410635 0.5561299780629443 0.5390229397059048 0.5350651857395274 0.5510917131921147 0.5931773224727022 0.6671339919448049 0.7778930582863307 0.9270536345206092 1.1085525593102405 1.3039778602343077 1.4808260141669203 1.5977745681866533 1.6237558142280273 1.5619002729654556 1.4284630724236231 1.240895508532448 1.037544741108285 0.8532087542600064 0.705868360214915 0.6005148493269304 0.5348805601292347 0.5042200177283954 0.5039397543089531 0.5301204046770206 0.5786052902771326 0.6435130113841959 0.7162415547107424 0.7860289414588979 0.8423515365518988 0.8780414169178538 0.8912372306189662 0.8850761239275615 0.8656331071760541 0.8395025372489295 0.8121100893597815 0.7870429171789521 0.7661325065727839
0.42859998885027856 0.47754160816070096 0.516175798024354 0.5409153046257273 0.5519844200747794 0.5531924326758311 0.5506940799754635 0.5514705644944612 0.5622136771887937 0.5889030157686184 0.6367985018775071 0.7102702524070102 0.811886185123953 0.9404230008451778 1.088093378473762 1.2383218515051186 1.366304649316541 1.4445094637723035 1.453418827724644 1.3902509502207503 1.2663930668091496 1.1046875959287017 0.9344691578434554 0.7800236695887864 0.6553196719943971 0.5650314514133411 0.5080580468518632 0.48098991101714 0.4801615440736657 0.5021498352375925 0.5431789277080634 0.5981131369022407 0.6598565928289183 0.7198858974294365 0.7700247056681695 0.8046365165956461 0.8219742495999127 0.8239859842675776 0.8149097411778741 0.7995684849511547 0.7821095733257742 0.7654298727683547 0.7511487376924204
0.3791779328201187 0.42276038678477135 0.4606977413310052 0.4903261632164312 0.5114658225727322 0.5263351723822601 0.5388851240530209 0.5539301242218823 0.5763999648871917 0.6108630805204859 0.6611984149904692 0.7301259252369823 0.8183255864717137 0.9230831373588002 1.0368175913257334 1.1463764473004325 1.2342787016581287 1.2826581455796147 1.2791244948147849 1.2214647553751805 1.1185718107858802 0.9881240436207486 0.8510737386191184 0.7252800697570063 0.6220237731000954 0.5459846868108431 0.49729259165019934 0.47388114487989197 0.4730267100936151 0.4918185878532454 0.526833428340148 0.5735291350773353 0.6259681967250482 0.6773452657939514 0.7213154683217341 0.7535164187667882 0.7724586034668064 0.7793638207330822 0.7771891026156021 0.7694313791091171 0.7592083902893056 0.7487976613315547 0.73956457212172
0.34042948103823534 0.37954345585718907 0.41621170724385914 0.4484865354718643 0.47608967105800953 0.500298331328494 0.523553358305315 0.5489598560710707 0.5797888222101151 0.6190614451737361 0.6691672247926683 0.731385889464095 0.8052270060875543 0.8876432232973096 0.9723855748734753 1.0499767954400911 1.1088194775019313 1.1376438961803996 1.1287774182518382 1.0809398889981698 1.0002403758981975 0.8987740999627221 0.791165061734732 0.6906291336349859 0.6063774405781122 0.5430839270342809 0.501891440156166 0.4818786865452388 0.4811532297062 0.4972757673384258 0.5271469549025971 0.5667222270295303 0.6109861701998835 0.6544748430302747 0.692277067750294 0.7210726238767661 0.7396838575863138 0.7489120142181863 0.7508407059988482 0.7479974562324981 0.7426961282917195 0.7366865059661292 0.7310753567256487
0.31230378672874654 0.34778341107725425 0.38294672712988787 0.41634430100451897 0.44772423306102327 0.4778237758148572 0.508075272891118 0.5403065657851396 0.5764069901971609 0.6180175671928018 0.666243096362169 0.7213220069341669 0.7822314622363901 0.8462926763731055 0.9089327781302426 0.9638252189715982 1.0036211632135226 1.0213408889816427 1.0121981503004525 0.9752855480305223 0.9143870023481323 0.8373882911295667 0.7543518427328716 0.6750456927288774 0.6069989142899875 0.5547347407901758 0.5200827010272165 0.502984588674114 0.5022178458672212 0.5157596830104103 0.5408297084029716 0.5738471778881096 0.6105831415949189 0.646660687740882 0.6783056803375325 0.7030364111664831 0.7199759548871341 0.7296819175171481 0.7336382859415695 0.7336668350759176 0.7314641746442919 0.728346406148314 0.7251806926255165
0.2948002190103663 0.3273492544101342 0.36097131247878494 0.39452557834909213 0.4278095031157985 0.46124744182384275 0.49560643590389425 0.5318042398338092 0.5706867355061906 0.6128287870394806 0.6583903037639233 0.7069741920710353 0.7574541914786089 0.8078006014895589 0.854980549655402 0.8950394860439717 0.9234738628730702 0.9359584712912974 0.9293686330885269 0.9028467545291798 0.8584952622295666 0.8012892636959019 0.7380944761719238 0.6761342434839656 0.6215459618469891 0.5785526091861927 0.5493557111052201 0.5344823986374356 0.5332220735458234 0.5439268630413799 0.5641583376743917 0.5908110827483456 0.6203715149900554 0.6493733423445832 0.6749504218055017 0.6952789721253065 0.7097315979200566 0.7187105813694645 0.7232741376045116 0.72472448664267 0.7242867311653671 0.7229288076925052 0.7213086318039383
0.2879774445020703 0.31813223174247923 0.35026496533149987 0.3833880586703119 0.4173128120323906 0.45226780038616154 0.4885901298363928 0.5265822985041412 0.5663687283988503 0.6077969320308297 0.650429617014807 0.693562357711875 0.7362008647369765 0.7769852011348283 0.8140972671382353 0.8452234066148698 0.8676636823149539 0.8786699983737678 0.8760328975537364 0.8588103729898029 0.8279438011439514 0.7864446423493562 0.7389654303818345 0.690863741536629 0.6471335879071817 0.6116086261300187 0.5866274116651187 0.5730845703292481 0.5706611744900681 0.5780663911954537 0.5932428322852193 0.6135864759632772 0.6362500143227857 0.6585358102406075 0.6782939006136245 0.6941955892865007 0.7057928664250374 0.7133684943117976 0.7176631919120063 0.7195896284905295 0.7200126375038668 0.7196251552333013 0.7189097329551192
0.29194922331891204 0.32004205722991275 0.3507151427206402 0.3830127307954652 0.41669732446212177 0.45185174430352165 0.48854637028882525 0.5266978842532468 0.5659797230092989 0.6058101734896644 0.6454489594166436 0.6841204794795537 0.7210701686037353 0.7555153553037411 0.7865134431931646 0.8128177016356793 0.8328174992653173 0.8446584620410097 0.8465952129670665 0.8375342328958351 0.817597994671989 0.7884569833701629 0.7532231670316144 0.7158916936156288 0.6805431375924174 0.650614104613241 0.628452085260238 0.6151875997744889 0.6108246036676639 0.614430375659737 0.6243619692628046 0.6385254839989222 0.6546787961226977 0.6707564100051789 0.6851525513382705 0.6968879690166933 0.7056216733162307 0.7115274690289543 0.7150985863619311 0.7169511561602349 0.7176751150541816 0.7177495347507918 0.7175149299221135
0.3068162573529012 0.33293516946296436 0.36204847032583803 0.39314456182913077 0.42588124976742175 0.460211982921897 0.49604603309058365 0.5330835221092481 0.5707587689243112 0.6082974983838317 0.6448807008441403 0.6798195389068113 0.7126369686853219 0.743008778423019 0.7705867330095308 0.7947798432968601 0.814595843767566 0.8286426165347952 0.8353542539691813 0.8334304047073807 0.822369221121992 0.8028831593055494 0.7769887695450995 0.7476912075972059 0.7183764841103234 0.6921501860355266 0.6713419303082171 0.657270178313151 0.6502377681422059 0.6496751054092289 0.6543608046694778 0.6626824209393988 0.672914722988577 0.6834838752345184 0.6931726497038794 0.7012266948938756 0.7073495508785187 0.7116092168445425 0.714301474274522 0.7158158191483325 0.7165341821813412 0.7167725113212678 0.7167600658020379
0.332462206867503 0.3564301071332514 0.38368263924703283 0.413097471971958 0.4442004932886075 0.47682429472015386 0.5107768602680949 0.5456568719073943 0.5808169937554102 0.6154657595142189 0.6488624975837216 0.6805015125712249 0.7101842671437534 0.7379358931030985 0.7637928431043696 0.7875403075988483 0.8085006132887061 0.8254705868082163 0.8368774832629808 0.8411611857178034 0.8372947727183869 0.8252607197233355 0.806273247199246 0.7826261488569214 0.7572153816187084 0.7329288150933326 0.7121214237905271 0.6963081255120583 0.6860894269861086 0.6812511308003633 0.6809647547475788 0.6840321388964764 0.6891344585789436 0.6950516648449195 0.7008211088427498 0.7058148224464247 0.7097351588420009 0.7125495429990023 0.7143966270837346 0.7154944591659343 0.7160703298723807 0.7163188857702184 0.7163853054971341
0.3682003726473808 0.389609238675116 0.4145028991422264 0.4416256072041695 0.4703717800563678 0.5004662126181444 0.5316501129086161 0.5634955936292463 0.5953831535896599 0.6266225579502515 0.6566480291601657 0.6851833903395961 0.7122867932805642 0.7382406263189785 0.7633168042776555 0.7874932608016425 0.8102165796207885 0.8303043611862259 0.8460606786876764 0.8556278266533662 0.8575098749081547 0.8511032317738692 0.8370205322634694 0.8170552290153458 0.7937915970710064 0.7700226557412868 0.7481962858867216 0.7300492038545259 0.7164750734054532 0.7075845954497094 0.70288265096122 0.7014947006978675 0.7023933367034269 0.7045907136814901 0.7072736702012686 0.7098708997961473 0.7120566080736799 0.7137083172658891 0.7148427080554023 0.7155511984495568 0.715949178619294 0.716143918885129 0.7162194948592793
0.41237609935429465 0.43070147080635235 0.452632950153346 0.4767919761363338 0.5024607344966849 0.5292765746779481 0.556941122040348 0.5850494833038176 0.6130782366683638 0.64050491900678 0.6669818893034072 0.692467191731143 0.7172362986483869 0.7417502583804361 0.7664110555174831 0.7912728682452839 0.8157948919336636 0.8387243963351627 0.8581875707203227 0.8720255408615275 0.8783297709376198 0.8760235598125723 0.8652685153953239 0.8475158123246553 0.8251734322627527 0.8010329385013584 0.7776818983476539 0.7570847079022018 0.7404015671266967 0.7280150297806701 0.7196877733210167 0.7147760974586241 0.7124438904941837 0.711842184346768 0.7122351226880622 0.713066396016973 0.7139722420073791 0.7147561855608839 0.7153443561936293 0.7157380954910179 0.7159747490836857 0.7161010448920204 0.7161585395661125
0.4621508873325259 0.47693626715546966 0.49535884629256344 0.515961758841701 0.5379494587737805 0.5608994810414374 0.5845002323466613 0.6084020060788351 0.6322112162716121 0.6555955138366194 0.6784249167037866 0.7008637636197442 0.7233521187345813 0.7464602007261726 0.7706444133615417 0.795964261006297 0.8218357443299182 0.8469051476013616 0.8691246329741944 0.8860790057742903 0.8955326439481591 0.8960514346502376 0.8874716179339561 0.8710135247731489 0.8489865057567365 0.8242159787802974 0.7994249293346464 0.7767709299715965 0.7576260122272628 0.742577153085393 0.7315699155650403 0.7241142853095948 0.71949292672509 0.7169359029674156 0.7157443892650497 0.7153595888035733 0.7153834965765149 0.7155650660969521 0.715767728590478 0.7159322446645219 0.7160442083666789 0.7161103993093295 0.7161442373882231
0.5137061268468406 0.524757039006284 0.5393592395492096 0.5560505085436199 0.5740055981696383 0.5927756822027475 0.6120604735045325 0.6315828707635875 0.6510854075585584 0.6704146637734407 0.6896267520312125 0.7090430823573507 0.7292084338409177 0.7507404088194657 0.7740948212062528 0.7992965996739321 0.8257022939234079 0.851873270155795 0.8756427526981185 0.8944337721255959 0.9058074264501229 0.9081036874935153 0.9009451639869697 0.8853901304288151 0.8636652217900829 0.8385983479550361 0.8129851149937486 0.7890996758875708 0.7684486062341145 0.7517521686783385 0.739076275772175 0.730031677723319 0.7239780028207689 0.720195751792125 0.718009345775549 0.7168583187438048 0.7163233718085111 0.7161197902002572 0.7160724756165695 0.7160850119009623 0.7161112062460524 0.7161332175931588 0.7161470076646094
0.5629219296936828 0.5704212845697743 0.5812460613091825 0.5940148703336698 0.6079279207803207 0.6225453946602267 0.6375983509801485 0.6528868328785689 0.6682761079073926 0.6837592262025297 0.6995297089949332 0.7160078495984398 0.7337838317076808 0.7534701054558357 0.7754830473132287 0.7997948272431844 0.825713187911521 0.8517626878773882 0.8757485687456591 0.8950620153817935 0.9072118803987996 0.9104538301237511 0.9042954876671293 0.8896661852888819 0.8686754999677255 0.8440697438051715 0.8186104181717377 0.7945834129427519 0.7735417975714574 0.7562727797486046 0.7429165415436115 0.7331551252869697 0.7264090034783603 0.7220041826805272 0.719292992708044 0.717725755397862 0.7168797410439482 0.7164570364899941 0.7162643937351317 0.716186422318034 0.7161599580898452 0.7161536177026824 0.7161535384938457
0.6062890329736536 0.6107752878094372 0.6182231377612455 0.6274099904659706 0.6376127148243861 0.6484319771396979 0.6596437039590192 0.6711196856487849 0.6828230608133941 0.6948513831722561 0.7074824408443785 0.7211791324101747 0.7365254754631868 0.7540882069820806 0.7742199458402769 0.7968377991840535 0.8212278012206112 0.8459419542453742 0.8688626702343536 0.8874888798147389 0.8994303390664841 0.9029924128230452 0.8976490919176534 0.8842097197211182 0.8646063246547814 0.8413966572966423 0.8171857471196744 0.7941597689712634 0.7738324318914586 0.7570009454016208 0.7438479618226481 0.7341139119327427 0.7272802822708339 0.7227274479804858 0.71985009826344 0.7181270198234749 0.7171509522139004 0.7166291714900938 0.7163667914456954 0.7162432195193349 0.716189026324919 0.7161670552791843 0.7161588815717818
0.6416361470352686 0.6438607421622804 0.6485803777192596 0.6547824119274842 0.6618567367006742 0.6694665904549574 0.6774388045985349 0.685705117436002 0.6942975358048992 0.7033760410448645 0.7132544254632621 0.7243913656476304 0.7373257195625815 0.7525518736576806 0.7703479486117474 0.7905852318335339 0.8125626024057326 0.8349245592902144 0.8557275665224134 0.8726997557226032 0.8836793308718474 0.8871281009687034 0.8825461082441283 0.8706209092894589 0.85304768510407 0.8320987613394355 0.8101146226311519 0.7890848801983912 0.7704110040067993 0.7548542835148111 0.7426174423762193 0.7334943994380103 0.7270342702642294 0.7226851405239529 0.7199006803905991 0.7182056609097274 0.7172250819292709 0.7166864016825174 0.716405679330728 0.7162670787399289 0.7162023430764366 0.716173783864788 0.716161894848525
0.6683647986625881 0.6691065523184008 0.6718324691254003 0.6757562810475154 0.6803967303417252 0.6854894939930848 0.6909112060703082 0.6966387176041381 0.7027452284682294 0.7094170654838444 0.716965968714847 0.7258126972356472 0.7364263236523362 0.7492161540856856 0.7643867714713741 0.7817801361933487 0.8007421912179569 0.8200633988987299 0.8380457062211009 0.8527295619884921 0.8622644591103681 0.8653356455051282 0.8615059023258693 0.8513394788343686 0.8362569451141388 0.8181822296255612 0.7991187218117087 0.7807919603259679 0.7644383647134222 0.7507488371984187 0.7399289594045746 0.7318225155645022 0.726051869743746 0.7221437810966366 0.7196242039628065 0.7180774545334756 0.7171733002645274 0.7166701160613895 0.716403583571046 0.7162692637230234 0.7162048932343227 0.7161755726734836 0.7161628829515301
