_RESULTS/CROSS_VALIDATION_POSTPROCESSED_80-20/MHZ/GZ/6comp/2/MHZ_GZ_z_710_kriged_reverse_6comp_spherical_2.asc
ncols 100
nrows 74
xllcorner 5.5967023332191781
yllcorner 50.982320383219182
cellsize 0.00019249356164376555
nodata_value 1.7014100000000001E+038
[rows 54 to 71 of 74, columns 41 to 81 of 100]
0.002998504045188881 0.005583481248109212 0.009268275978993191 0.013708729348574462 0.018536381318814483 0.02289714131925194 0.025717279961049777 0.026040911608466707 0.02480371353568651 0.022824391255679564 0.02071339486147563 0.018938158763588783 0.017698636731025424 0.017050708967819645 0.017022804561183904 0.01753610539262545 0.018351358434724806 0.01900628488401956 0.01894618109311445 0.017920981508252328 0.016133919986718672 0.013985413485965019 0.012528687109599482 0.011386585765241477 0.010320590051633926 0.009301368682056143 0.008296074013958127 0.0072819337673466645 0.006263876511184914 0.00544921419195472 0.004871129110262796 0.004488071810859989 0.0042746611232204875 0.0042186434036793 0.0042186434036793 0.0042186434036793 0.0042186434036793 0.0042186434036793 0.0042186434036793 0.0042186434036793 0.0042186434036793
0.003968189179531768 0.00673779200952146 0.010644716529491465 0.01505277010523571 0.019449796924557658 0.02305432058189093 0.024661964039319625 0.02345906817076866 0.02191858713121397 0.01979055195681933 0.017553389345214734 0.015522437957048458 0.013839491352548536 0.012583166138882749 0.011734338005909234 0.011207330217359429 0.010863031185083104 0.010524825414912313 0.010028712178501062 0.009293453197215971 0.008415395288480386 0.007921648702302279 0.007738386482896933 0.007553058909514049 0.007351198925765414 0.007108599271037018 0.006795244833142338 0.006384146160886666 0.005859023376200281 0.005234926616919272 0.004735687363380166 0.004411598328069137 0.004245167737955778 0.0042186434036793 0.0042186434036793 0.0042186434036793 0.0042186434036793 0.0042186434036793 0.0042186434036793 0.0042186434036793 0.0042186434036793
0.005402272574899118 0.00781618745539203 0.011087755077217439 0.01491698806268953 0.018323776673977544 0.02059272049776321 0.02011628457204793 0.01818365813308304 0.016496138080925645 0.014493514386810537 0.012401258834307172 0.010466373819199147 0.008836603262056666 0.007549348328380745 0.006574957156065004 0.005851045777678481 0.0053032864350330035 0.004858024690430979 0.004452894222732861 0.004163296864115716 0.004096333644585317 0.004248257545649434 0.004455733307172417 0.004681601997778437 0.00490932381694009 0.005112088378021067 0.005255041736888545 0.005299700576429048 0.005210619599586435 0.004963594343830959 0.00459245160109756 0.00433513537265535 0.004223726643211212 0.0042186434036793 0.0042186434036793 0.0042186434036793 0.0042186434036793 0.0042186434036793 0.0042186434036793 0.0042186434036793 0.0042186434036793
0.007428930883441622 0.00920470121547622 0.011306028279872597 0.013463761772049013 0.015201102713048899 0.01558604707841932 0.01397306585841693 0.012168846200529949 0.010653173764809447 0.009008075549497995 0.007354365870330915 0.0058822946537887555 0.004674441760315948 0.0037371612105331154 0.003036251593855785 0.0025231838202672318 0.002149762464842905 0.0019085042127665497 0.0017981293361414672 0.0018087392090040955 0.001948017244043104 0.0021666104837772164 0.002439945542251742 0.0027648985826654988 0.0031314077673790875 0.0035198093579934375 0.0038992514871381803 0.004228331806470023 0.004459064034825682 0.004544609232210185 0.004449849072126153 0.004269924626825103 0.0042186434036793 0.0042186434036793 0.0042186434036793 0.0042186434036793 0.0042186434036793 0.0042186434036793 0.0042186434036793 0.0042186434036793 0.0042186434036793
0.010109082957058443 0.0108324441367892 0.011611799732251403 0.012198829693551964 0.011991861310972548 0.010450497579817641 0.008581652497494083 0.007085833948609755 0.005912465425847813 0.004777847884582567 0.0037030366424185552 0.002791462015168836 0.002076767302004772 0.0015505449601515983 0.0011848294189713594 0.0009445772260127347 0.0007996823438082807 0.0007293877637060225 0.0007237775055623354 0.0007846201337565334 0.0009010584285851264 0.0010688192537409338 0.0012952308527415918 0.0015863573078076763 0.0019440619567145795 0.0023622362537919447 0.0028228242780606078 0.0032929086597368994 0.0037246380587792607 0.004059745250273658 0.004239409388151521 0.004227796394259105 0.0042186434036793 0.0042186434036793 0.0042186434036793 0.0042186434036793 0.0042186434036793 0.0042186434036793 0.0042186434036793 0.0042186434036793 0.0042186434036793
0.013386501596509656 0.01256635917632965 0.011877422760215429 0.01107243688077242 0.009396113645888889 0.00714580316342053 0.0053920116305613405 0.004106591858378444 0.0031775447326637986 0.002397601751278658 0.0017437699055968222 0.001238024875026051 0.0008718777699005414 0.000620981222917599 0.0004573937899543701 0.0003569057552094573 0.0003020411427081637 0.00028264358351342373 0.0002955770765646227 0.0003367195432399111 0.00040854494036418864 0.0005192626312648576 0.0006796590811647013 0.0009019981451295725 0.0011977832426401994 0.001574061539600895 0.002028354428589621 0.002543054344162505 0.003081107945279649 0.0035855868544817076 0.003985650498905868 0.004207266499909542 0.0042186434036793 0.0042186434036793 0.0042186434036793 0.0042186434036793 0.0042186434036793 0.0042186434036793 0.0042186434036793 0.0042186434036793 0.0042186434036793
0.017009213301819336 0.014179810879797713 0.011936280876294269 0.009808768586182515 0.007275871005383906 0.005156671218144547 0.0036098470893207715 0.0025576384508749434 0.0018459380155188738 0.0013012141402386635 0.0008866691322703354 0.0005914020636486099 0.0003925083455642282 0.0002647200409985586 0.00018620454060197617 0.00014081436324344244 0.00011818199085100316 0.00011251312708902837 0.00012027667911378264 0.00014286009983878922 0.00018470784017164508 0.00025341744078048685 0.0003600688738348978 0.0005191376767446508 0.000747427518126864 0.0010613618190688132 0.0014721359827293181 0.001978849997725336 0.0025608978655969907 0.003172341198022733 0.0037420183083342476 0.0041384537515305655 0.0042186434036793 0.0042186434036793 0.0042186434036793 0.0042186434036793 0.0042186434036793 0.0042186434036793 0.0042186434036793 0.0042186434036793 0.0042186434036793
0.020205502659967543 0.015293741618875633 0.011594802240019965 0.008437912459371527 0.0058617175217525385 0.0039620447718243116 0.0026293279623778795 0.0017503474707117632 0.0011868618844196406 0.0007839019479546072 0.0005012007959696747 0.00031387256107545767 0.00019563917258068997 0.00012404408172141384 8.238025860062307e-05 5.9460157828136794e-05 4.8003625985446436e-05 4.466568475027837e-05 4.858405349262807e-05 6.090877711048071e-05 8.503743852855346e-05 0.00012720229068652423 0.00019727488051184635 0.00030949500339236285 0.00048258096028549894 0.0007383997924746902 0.0010982445596609595 0.0015760649251607482 0.0021690199979381964 0.002847517175507245 0.003528660192449221 0.004034379593560648 0.0042186434036793 0.0042186434036793 0.0042186434036793 0.0042186434036793 0.0042186434036793 0.0042186434036793 0.0042186434036793 0.0042186434036793 0.0042186434036793
0.021166366919061687 0.015157784224009534 0.010775223446689405 0.0074986134053430025 0.0050290019626760985 0.0032835923370093533 0.002108828251510135 0.0013462227146716383 0.0008643799962095208 0.0005379022988994814 0.0003241637885496025 0.00019113957170091437 0.00011187125689455397 6.611917541784728e-05 4.034689377516104e-05 2.64364101892534e-05 1.9673042462058683e-05 1.767487192302605e-05 1.9749661368361806e-05 2.668957756933149e-05 4.101643558086209e-05 6.765264315835247e-05 0.00011496429113502544 0.00019602137419960752 0.0003296528959266421 0.000540476549554093 0.0008566881020655646 0.0013043036433075966 0.0018972072757513277 0.002612740054649842 0.0033381287080336166 0.003922550667213221 0.004208051629036407 0.0042186434036793 0.0042186434036793 0.0042186434036793 0.0042186434036793 0.0042186434036793 0.0042186434036793 0.0042186434036793 0.0042186434036793
0.019265420446473794 0.013398909590338723 0.009642850361239103 0.006744059157006383 0.004521666423854497 0.0029295935565192242 0.0018580850078019782 0.0011685385675279268 0.0007237070705997691 0.0004272408385288935 0.00024353878858252167 0.00013492289550021336 7.328285926850492e-05 3.953609721684327e-05 2.1656591998854253e-05 1.2543138087261865e-05 8.293571729764165e-06 7.0376211981529015e-06 8.245689813962306e-06 1.24693542097635e-05 2.1609753224094397e-05 3.961697933152151e-05 7.361921402073598e-05 0.0001354969589159017 0.00024363083045402374 0.00042409789514601364 0.0007100054390574723 0.0011371812723370005 0.0017251279914562519 0.002438396956285398 0.0031870166016588646 0.0038242267955177697 0.004183268319613859 0.0042186434036793 0.0042186434036793 0.0042186434036793 0.0042186434036793 0.0042186434036793 0.0042186434036793 0.0042186434036793 0.0042186434036793
0.01588430341522286 0.011443593961408049 0.008467284763662595 0.006022739053047244 0.004087452367132739 0.002672127262056458 0.0017045881596235728 0.0010744758898857554 0.0006529051992940228 0.00037392975322592966 0.0002035550109405496 0.00010686860119972657 5.451821967358634e-05 2.7236779945464965e-05 1.3498394714197864e-05 6.816389664687702e-06 3.774018005323334e-06 2.846247369863825e-06 3.7002720073623067e-06 6.6644706687243625e-06 1.3233864734178542e-05 2.677764678251944e-05 5.364702919365838e-05 0.00010495952922793118 0.00019887415269736583 0.0003627615701269762 0.0006336970502589403 0.001046546849694013 0.0016180213935628172 0.002325491047085763 0.0030856711092747116 0.0037541788299550335 0.00415959428956888 0.0042186434036793 0.0042186434036793 0.0042186434036793 0.0042186434036793 0.0042186434036793 0.0042186434036793 0.0042186434036793 0.0042186434036793
0.012847584996616656 0.00963100402764543 0.0073724480007697326 0.005391090171379515 0.0037451688316758663 0.0024999435277696944 0.0016244574221087938 0.0010348439122686642 0.0006226907268215628 0.0003525324555366895 0.00018904761995434914 9.667622160425546e-05 4.750389342914237e-05 2.266165265529959e-05 1.0555040094829464e-05 4.830485846811372e-06 2.2013468784577087e-06 1.1809803268480394e-06 2.115837167342241e-06 4.655021450128731e-06 1.0199162470583458e-05 2.192269119680314e-05 4.590441477340046e-05 9.314070919304306e-05 0.00018226423166239157 0.0003408536330884772 0.0006040101936465341 0.001007427072776024 0.00157096826122621 0.002275104132686016 0.003039569848507298 0.0037213078747455725 0.004147090823541015 0.0042186434036793 0.0042186434036793 0.0042186434036793 0.0042186434036793 0.0042186434036793 0.0042186434036793 0.0042186434036793 0.0042186434036793
0.010322014103405112 0.008067287468604915 0.006427628707999143 0.004877869299950511 0.0035053251833826226 0.0024166024406694947 0.0016196110019685414 0.0010444213266117659 0.0006299664377320844 0.0003576654124596117 0.00019246434701917172 9.885535233582818e-05 4.882250815896083e-05 2.337162845902012e-05 1.0950049101952092e-05 5.0979169031644234e-06 2.458986852293226e-06 1.5770523005420792e-06 2.370060560559212e-06 4.889126815099262e-06 1.0490355066416044e-05 2.240588371331276e-05 4.687501211326344e-05 9.509996575974232e-05 0.00018559886252329555 0.00034587739836797486 0.0006111573827725461 0.0010168788558533742 0.0015823764673260409 0.0022873654603891838 0.003050837782220739 0.0037293984016039993 0.0041502440374979474 0.0042186434036793 0.0042186434036793 0.0042186434036793 0.0042186434036793 0.0042186434036793 0.0042186434036793 0.0042186434036793 0.0042186434036793
0.008328783332670703 0.006792573696662657 0.0056597377525489274 0.004493042941513612 0.0033724898115498627 0.0024270968878437023 0.0016895621688039007 0.0011038609071038162 0.0006754880649456546 0.0003900597170583689 0.0002142353546068099 0.0001128933727862666 5.765839489871286e-05 2.8917405353770384e-05 1.4526405033015568e-05 7.583137062691284e-06 4.469154225282708e-06 3.5439048605364077e-06 4.3673649208297515e-06 7.328748197825726e-06 1.3983587712946248e-05 2.7810688478332148e-05 5.548098279448171e-05 0.00010878336771672292 0.000206859005507686 0.00037759880724142256 0.000655895852541265 0.0010755649816538003 0.0016526495381122195 0.002362263522880603 0.0031189762248376753 0.0037775406679043714 0.0041679629941826024 0.0042186434036793 0.0042186434036793 0.0042186434036793 0.0042186434036793 0.0042186434036793 0.0042186434036793 0.0042186434036793 0.0042186434036793
0.006819834835558891 0.005804464849712815 0.005065752885184868 0.004236742955500758 0.0033507829008284527 0.002541647439942274 0.0018217116601034178 0.0012170145998844234 0.0007638410917272462 0.00045423682963962355 0.00025834732623426684 0.00014206564082821515 7.655899191457067e-05 4.1177807346572715e-05 2.271766760067239e-05 1.343874246962906e-05 9.157524294435279e-06 7.881585788007888e-06 9.016842638601854e-06 1.3091724878027434e-05 2.2003866857242925e-05 3.978290474713732e-05 7.392198795742975e-05 0.0001372620834225706 0.00024999368054358714 0.0004405186256255802 0.000742825789882056 0.001187404497712169 0.0017840259880367872 0.00249944904402631 0.003240682754858258 0.0038600231060400662 0.004193575263897014 0.0042186434036793 0.0042186434036793 0.0042186434036793 0.0042186434036793 0.0042186434036793 0.0042186434036793 0.0042186434036793 0.0042186434036793
0.00572192754576247 0.005080387220140242 0.004628555378641413 0.004106263911119745 0.003448261603401299 0.002738463652585444 0.002018044125262755 0.0013902696462578421 0.000903222156751376 0.0005586754834517541 0.00033257338238268255 0.00019298960638583777 0.00011092494352007863 6.449223032821836e-05 3.904294328629369e-05 2.5617129395684043e-05 1.917097630483883e-05 1.7206610645325064e-05 1.8955469212295896e-05 2.5101924243941653e-05 3.803004966610384e-05 6.260903179679745e-05 0.00010753353155103996 0.00018708394489049739 0.00032271847752579646 0.0005430966582586939 0.0008801958706388791 0.001358933630225491 0.001979550018027256 0.0026970252552105988 0.0034087896168076373 0.00396574257029786 0.004214867860354924 0.0042186434036793 0.0042186434036793 0.0042186434036793 0.0042186434036793 0.0042186434036793 0.0042186434036793 0.0042186434036793 0.0042186434036793
0.004963703950824007 0.004589510341134378 0.004340412555893982 0.004100878882661524 0.0036433781767582175 0.0029890751804638356 0.0022799470891045337 0.0016310259860976986 0.001104691884058044 0.00071580740565498 0.0004490399506388208 0.00027655367406394157 0.0001700859252249357 0.00010670450667640472 7.013360159648607e-05 4.988628660440812e-05 3.977850564191228e-05 3.6628636434813103e-05 3.9434734221575874e-05 4.908960217216045e-05 6.863532882698091e-05 0.00010405627658044299 0.00016555709905254868 0.00026905346044934765 0.00043710829747460324 0.000697784938548491 0.0010792005670465761 0.0015978239322400902 0.0022409996076308268 0.0029493360660749826 0.0036105151098385444 0.004077433044553734 0.0042186434036793 0.0042186434036793 0.0042186434036793 0.0042186434036793 0.0042186434036793 0.0042186434036793 0.0042186434036793 0.0042186434036793 0.0042186434036793
0.00448905610272257 0.004304170098622969 0.004221136618800044 0.004181186082189017 0.0038524737447803593 0.003280502692201429 0.0026040983384617287 0.0019448710785077827 0.0013803034689474632 0.0009412349495714408 0.0006244103142739645 0.0004088190511831085 0.00026866052375506584 0.00018077059533450987 0.0001274464712201978 9.656412388125381e-05 8.05991331255301e-05 7.552579190416092e-05 8.004794432433192e-05 9.532128867394937e-05 0.00012520172223326714 0.00017698933996291072 0.00026251894127895484 0.0003991660701540283 0.0006098284405340752 0.0009203047646346588 0.0013521694070843834 0.0019101013560688614 0.002565595243031834 0.0032439218031339104 0.0038254875014851358 0.004171284301616525 0.0042186434036793 0.0042186434036793 0.0042186434036793 0.0042186434036793 0.0042186434036793 0.0042186434036793 0.0042186434036793 0.0042186434036793 0.0042186434036793
