_RESULTS/CROSS_VALIDATION_POSTPROCESSED_80-20/MHZ/TZ/4comp/1/MHZ_TZ_z_63_kriged_reverse_4comp_spherical_1.asc
ncols 100
nrows 81
xllcorner 5.5967107548124995
yllcorner 50.982328804812504
cellsize 0.00017565037499993607
nodata_value 1.7014100000000001E+038
[rows 0 to 18 of 81, columns 43 to 85 of 100]
1.5614808811404388 1.5614808811404388 1.5614808811404388 1.5614808811404388 1.5614808811404388 1.5614808811404388 1.5614808811404388 1.5614808811404388 1.5614808811404388 1.5614808811404388 1.5614808811404388 1.5614808811404388 1.5614808811404388 1.5614808811404388 1.5614808811404388 1.5614808811404388 1.5614808811404388 1.5614808811404388 1.5614808811404388 1.5614808811404388 1.5614808811404388 1.5614808811404388 1.5614808811404388 1.5614808811404388 1.5614808811404388 1.5614808811404388 1.5614808811404388 1.5614808811404388 1.5614808811404388 1.5614808811404388 1.5614808811404388 1.5614808811404388 1.5614808811404388 1.5614808811404388 1.5614808811404388 1.5614808811404388 1.5614808811404388 1.5614808811404388 1.5614808811404388 1.5614808811404388 1.5614808811404388 1.5614808811404388 1.5614808811404388
1.559078411212891 1.561077147933548 1.5614808811404388 1.5614808811404388 1.5614808811404388 1.5614808811404388 1.5614808811404388 1.5614808811404388 1.5614808811404388 1.5614808811404388 1.5614808811404388 1.5614808811404388 1.5614808811404388 1.5614808811404388 1.5614808811404388 1.5614808811404388 1.5614808811404388 1.5614808811404388 1.5614808811404388 1.5614808811404388 1.5614808811404388 1.5614808811404388 1.5614808811404388 1.5614808811404388 1.5614808811404388 1.5614808811404388 1.5614808811404388 1.5614808811404388 1.5614808811404388 1.5614808811404388 1.5614808811404388 1.5614808811404388 1.5614808811404388 1.5614808811404388 1.5614808811404388 1.5610054384393957 1.559728232602753 1.5582069792305435 1.556889256669387 1.5560897941321257 1.5559801076369235 1.5565828373355441 1.5577709989953306
1.5470060037411015 1.5533124555736564 1.5583238028456683 1.5611583901156858 1.5614808811404388 1.5614808811404388 1.5614808811404388 1.5614808811404388 1.5614808811404388 1.5614808811404388 1.5614808811404388 1.5614808811404388 1.5614808811404388 1.5614808811404388 1.5614808811404388 1.5614808811404388 1.5614808811404388 1.5614808811404388 1.5614808811404388 1.5614808811404388 1.5614808811404388 1.5614808811404388 1.5614808811404388 1.5614808811404388 1.5614808811404388 1.5614808811404388 1.5614808811404388 1.5614808811404388 1.5614808811404388 1.5614808811404388 1.5614808811404388 1.5614808811404388 1.561400720464798 1.5595956115794274 1.556076391043239 1.5516715976855358 1.54712154042687 1.5430549100918607 1.5399688030750955 1.5382127152812488 1.53797711704166 1.5392871516346656 1.5420017990460075
1.5257184709416007 1.5364602425261786 1.5463855414233005 1.5545272183552294 1.5598805115824632 1.5614808811404388 1.5614808811404388 1.5614808811404388 1.5614808811404388 1.5614808811404388 1.5614808811404388 1.5614808811404388 1.5614808811404388 1.5614808811404388 1.5614808811404388 1.5614808811404388 1.5614808811404388 1.5614808811404388 1.5614808811404388 1.5614808811404388 1.5614808811404388 1.5614808811404388 1.5614808811404388 1.5614808811404388 1.5614808811404388 1.5614808811404388 1.5614808811404388 1.5614808811404388 1.5614808811404388 1.5614808811404388 1.5614808811404388 1.5598149285144458 1.5549620024670852 1.547937429652191 1.539725728408161 1.5312409847259298 1.52329937598539 1.5165942665789622 1.5116744055016091 1.508926026249043 1.5085598039773076 1.510603559855672 1.514901287258446
1.4964145067463748 1.5116846103636812 1.526615865593307 1.5401561953896445 1.5512133388439935 1.5586832883075818 1.561479854217198 1.5614808811404388 1.5614808811404388 1.5614808811404388 1.5614808811404388 1.5614808811404388 1.5614808811404388 1.5614808811404388 1.5614808811404388 1.5614808811404388 1.5614808811404388 1.5614808811404388 1.5614808811404388 1.5614808811404388 1.5614808811404388 1.5614808811404388 1.5614808811404388 1.5614808811404388 1.5614808811404388 1.5614808811404388 1.5614808811404388 1.5614808811404388 1.5614808811404388 1.5612825845357214 1.557474767824147 1.549679035385741 1.539033487005717 1.5266617062116359 1.513640608998784 1.5009700884818649 1.489544307178977 1.480124796352274 1.4733160174840114 1.4695445756573233 1.469043627580555 1.471843989245928 1.4777729395719663
1.4604002051527116 1.4802653805691963 1.5002549960651879 1.5192324210269275 1.5360212441898533 1.5494328402188258 1.558294776534452 1.5614808811404388 1.5614808811404388 1.5614808811404388 1.5614808811404388 1.5614808811404388 1.5614808811404388 1.5614808811404388 1.5614808811404388 1.5614808811404388 1.5614808811404388 1.5614808811404388 1.5614808811404388 1.5614808811404388 1.5614808811404388 1.5614808811404388 1.5614808811404388 1.5614808811404388 1.5614808811404388 1.5614808811404388 1.5614808811404388 1.5614808811404388 1.561007125664285 1.5556921609574328 1.5454189051115939 1.5314087177806457 1.5148980813154194 1.4971050481700294 1.4791974991768064 1.4622625361387804 1.4472764332381347 1.435075068403181 1.426325613906145 1.421501268558163 1.420861565628892 1.4244408582748451 1.4320467547421274
1.419054055491973 1.4435634560945507 1.468631114097942 1.4930363763478596 1.5155230423434296 1.5348249297441434 1.5496920703844668 1.5589189019428022 1.5614808811404388 1.5614808811404388 1.5614808811404388 1.5614808811404388 1.5614808811404388 1.5614808811404388 1.5614808811404388 1.5614808811404388 1.5614808811404388 1.5614808811404388 1.5614808811404388 1.5614808811404388 1.5614808811404388 1.5614808811404388 1.5614808811404388 1.5614808811404388 1.5614808811404388 1.5614808811404388 1.5614808811404388 1.561088423197029 1.5552379505529663 1.543311749758121 1.526578647821383 1.5063542369292915 1.4839663001466212 1.4607227861852141 1.4378813498626823 1.4166190979090771 1.398001234669698 1.3829479958394475 1.372200656942345 1.3662892388365753 1.3655061062470255 1.3698900514884993 1.3792241050414318
1.3737995437296506 1.4029927354873053 1.4331308643372118 1.4629107986355103 1.4910027555036152 1.516072149102868 1.5368022009455113 1.5519192720478252 1.5602218289567835 1.5614808811404388 1.5614808811404388 1.5614808811404388 1.5614808811404388 1.5614808811404388 1.5614808811404388 1.5614808811404388 1.5614808811404388 1.5614808811404388 1.5614808811404388 1.5614808811404388 1.5614808811404388 1.5614808811404388 1.5614808811404388 1.5614808811404388 1.5614808811404388 1.5614808811404388 1.5614129462146975 1.5562911432448392 1.5438722734618617 1.5254328097996572 1.5023287147502693 1.475959324244191 1.4477350176061354 1.4190479434847858 1.3912441808587357 1.3655949980755107 1.3432646715130552 1.3252731041886965 1.312453612272169 1.3054095427187142 1.3044766818842444 1.3096997512703994 1.3208291273551092
1.3260874960688944 1.360000076876876 1.3951761391448243 1.4302342765324227 1.463780504486483 1.4944239352414286 1.5207941438390917 1.5415626406655099 1.555469392531752 1.5613542595411762 1.5614808811404388 1.5614808811404388 1.5614808811404388 1.5614808811404388 1.5614808811404388 1.5614808811404388 1.5614808811404388 1.5614808811404388 1.5614808811404388 1.5614808811404388 1.5614808811404388 1.5614808811404388 1.5614808811404388 1.5614808811404388 1.5614808811404388 1.5614808811404388 1.5584270925830197 1.5469659170067245 1.5281759056855784 1.5034123821857437 1.4741051976037467 1.4417247440111212 1.4077529784463119 1.3736584747803882 1.3408732183340124 1.3107675196054243 1.2846185200490832 1.2635681923808417 1.2485696118629601 1.240326017464916 1.2392341203424342 1.2453470603238925 1.2583691456806017
1.2771254744288765 1.316054173948347 1.3562072732299897 1.3963993593787722 1.4351866231343968 1.4711378686289527 1.5028449331343463 1.528939536312303 1.5481171010417718 1.559166986305273 1.5614808811404388 1.5614808811404388 1.5614808811404388 1.5614808811404388 1.5614808811404388 1.5614808811404388 1.5614808811404388 1.5614808811404388 1.5614808811404388 1.5614808811404388 1.5614829102522572 1.5616934663302473 1.5620215759827667 1.5622306338722676 1.562206480814429 1.5611258291395673 1.5519698639728954 1.5343140462583296 1.5094473461727729 1.478637159005983 1.4433719569713277 1.4051778785523221 1.365594185964667 1.3261545005296023 1.288371076870344 1.253717070204595 1.2235993519271162 1.1993133514621332 1.1819742782723737 1.172428461478507 1.1711631332916435 1.1782441273199762 1.1933068364401784
1.2223739538506202 1.2682000891118284 1.3155536684629912 1.3623655374728616 1.4065378468954173 1.4474525837450876 1.4841106765176606 1.5151204845337451 1.539147487674292 1.5549436714151867 1.5613831461777876 1.5614808811404388 1.5614808811404388 1.5614808811404388 1.5614808811404388 1.5614808811404388 1.5614808811404388 1.5615581465806452 1.5627582995365024 1.5648946402463282 1.5673631332166729 1.5696549532698083 1.5713735757154412 1.5722499558466083 1.5721537663001686 1.566653818158752 1.5503563309651442 1.524793217685801 1.4917990305823585 1.4533740778047923 1.4115997512491996 1.3678480149325136 1.3228392060699132 1.2781464296017884 1.2353502150829816 1.1960254156323409 1.1617257626557844 1.1339415503339334 1.1140142601971657 1.103004964626629 1.1015433871731048 1.1097157356622178 1.127047944145443
1.1620749828260675 1.2144015362591583 1.2689025949635386 1.3235107460492739 1.3760267575691703 1.4241204316710385 1.465698252686025 1.50112724685663 1.529497711628372 1.5495368977681876 1.560085863904404 1.5614808811404388 1.5614808811404388 1.5614808811404388 1.5614808811404388 1.5616055254779362 1.563725898271855 1.567819940764755 1.5730748932337426 1.5787346320691735 1.584119778449267 1.5886508271271902 1.5918717084516545 1.593470803682505 1.5926381211750404 1.5812395361730496 1.5579885612112436 1.5246381848703312 1.4832162844391463 1.4359134664371678 1.3849806938430764 1.3326481885334742 1.2810738510358104 1.2312533597885185 1.1834431766417843 1.1392956063410762 1.1005210034989883 1.068853209613782 1.0459550241203384 1.03322425752702 1.0315293821818754 1.040991690016718 1.0609513914459932
1.099388945406695 1.1576655130158051 1.2186242026724357 1.280262399331299 1.340415998833804 1.3967454320485873 1.446764014414916 1.487904786257268 1.5200323244921914 1.543733081216043 1.5578254625171297 1.5614808811404388 1.5614808811404388 1.5614808811404388 1.5627713609882545 1.567462287444579 1.5746968248295758 1.5835505735030497 1.593126310958035 1.6025741377755527 1.6111184139280077 1.6180890152498444 1.622953351085164 1.625345013561366 1.6221539698464027 1.6050841404547656 1.5750475715324772 1.5340027502839246 1.4842034255127587 1.428061109090362 1.3680204609919566 1.3064618824921215 1.2456414936102713 1.1876746250041654 1.1343278885915244 1.0851984695832935 1.0415726999327457 1.0054696791713997 0.9790062109078497 0.964129941233156 0.9621393913892804 0.9732216985049568 0.996376170729266
1.0373568278326042 1.1008437393428276 1.1673958774269853 1.2351390100421755 1.3019865845878944 1.3656206932317916 1.4235199749798093 1.473027293332777 1.5114520914079408 1.5382281765400194 1.5552301673160078 1.5614679925751087 1.5614840585538552 1.564151964442712 1.5711313611256557 1.5814296923026179 1.594042848061281 1.6079600964400347 1.6221795219676007 1.6357342702347029 1.6477281582824628 1.6573773367331763 1.6640531199610686 1.6673203162577925 1.660773828400899 1.6383197099700146 1.6016677849424268 1.553016162764425 1.494882382893941 1.4299344203942193 1.3608385317821479 1.290141361110346 1.220198062606782 1.153153587942607 1.090982309717892 1.035547498944821 0.9866473906560356 0.9453573025256542 0.9144014228671237 0.8966524371635074 0.8942547236655121 0.9075338027244257 0.934797816439348
0.9787634395875751 1.0464885318828114 1.1175998029865066 1.190394643690269 1.2628857228316728 1.3327909164230096 1.3975675454310248 1.4544844518301776 1.5007281802274053 1.5335391940735421 1.552826655332326 1.5612032420711441 1.564869458654921 1.5735236156208758 1.5864469345637087 1.6025972132246837 1.62089327049337 1.6402202571424034 1.6594488959564928 1.6774693211689138 1.6932377307461655 1.7058312796222916 1.7145043670025673 1.718474457893246 1.7084424401766722 1.6809306303282776 1.6378655841347296 1.5817236564523809 1.515380969321983 1.4417990914906638 1.3637431548701742 1.283959295171297 1.2050508166342393 1.1291701266540075 1.0581672067754953 0.9937987958260652 0.9378778456102099 0.8904881140139776 0.8536102277092391 0.8316601430288266 0.8286353643633853 0.8452019708864099 0.8780712702752294
0.9259490401644902 0.9966969107493026 1.0711985056391804 1.1479168960162074 1.2249521042914593 1.3000497571088434 1.3706448432274414 1.4339386768035132 1.487008200531897 1.5269454367922108 1.5510228780358541 1.5638764301339345 1.5739465357008229 1.5886873829631387 1.6077375633481588 1.6299980517108075 1.6542974105242094 1.6793971204359734 1.7040153757693233 1.7268707364864615 1.7467432775086458 1.7625464457629427 1.7733994636886297 1.7777665404025245 1.7652830110162645 1.7352084142340045 1.6887940667233041 1.6279486442520543 1.555225432910713 1.473603709380296 1.3862528447324267 1.296312390224753 1.2067152225539124 1.120073294356926 1.0386409166382429 0.9643751608587985 0.899070533572368 0.8437489120204781 0.7989288641148281 0.7701471927625727 0.7659832053472938 0.7881590024683853 0.8290055884046715
0.8805612071666656 0.9529574273232354 1.0296376801041764 1.1091595810940944 1.1896625145392667 1.2688911114513721 1.3442449437619288 1.4128573807197375 1.4717054808032684 1.5177504299324438 1.5499659951175286 1.5713631466699425 1.5876974854368957 1.6086082004133015 1.6339507165024525 1.6625616649798534 1.6931647231820632 1.7243754107422489 1.7547307980629299 1.782746878432457 1.8070001447039272 1.8262221267164158 1.8407971568309849 1.8505530404292332 1.8423955473825613 1.8138713953466108 1.7660559026411333 1.701037871843658 1.6217215513748724 1.5315555777965095 1.434233112610928 1.3334064992272134 1.2324508614810203 1.1342986386896041 1.0413558512208427 0.9555061498611326 0.8782217437067816 0.8108749779538356 0.7552090802998244 0.7141999930543986 0.7072922196332652 0.7408081352623888 0.7924286933390211
0.8433273884333615 0.9160526105501663 0.9938064225149377 1.0751261019712428 1.1581212106978152 1.2404960704751162 1.3195965699999135 1.392485423558862 1.4560489306995317 1.5076089814365454 1.5501595456041164 1.5822873715265047 1.6050659734670216 1.6321818918166655 1.6639288441364881 1.699070215061592 1.7362068392405685 1.7737804364003602 1.8101116030364917 1.84311298363903 1.8718335782707467 1.899788653923438 1.9258580396019602 1.9455569800809691 1.9441173365665643 1.918582387567714 1.8703176440839062 1.8015860675122124 1.7156657286791677 1.6165538336872638 1.5085897191572475 1.396087094128848 1.283023783071227 1.1728179645102248 1.0682005930421794 0.9711781409381667 0.883069420886313 0.8045966601830477 0.7360250753074103 0.6762769224541625 0.6601033031317813 0.715620242863761 0.7757398290025477
0.8140190236466613 0.8860905315045577 0.964086163424915 1.0464157828119673 1.131095532653778 1.215755004611458 1.2976724067251866 1.373840664288379 1.4410674301804585 1.499603371530091 1.5515667390332297 1.5935587342975626 1.6249460583680115 1.6582194743691385 1.6963872102096977 1.7377685249221735 1.7782963477444669 1.81718368348378 1.8541024804652892 1.8902762653999021 1.9300948170237728 1.9713579891867623 2.011153951131174 2.0445407516179195 2.0555239261712166 2.039983581521223 1.997659800581101 1.9295957273787987 1.8382125502372368 1.7299832354988605 1.610789283053204 1.4857903773940206 1.3597720813447831 1.236853769499238 1.1203280328019392 1.0126293312207202 0.9154280299844044 0.8298895560074135 0.7574109069749986 0.7030570910025701 0.6905368517757356 0.7293023481562854 0.7845621584055236
