_RESULTS/CROSS_VALIDATION_POSTPROCESSED_80-20/MHZ/TZ/4comp/1/MHZ_TZ_z_90_kriged_reverse_4comp_spherical_1.asc
ncols 100
nrows 81
xllcorner 5.5967107548124995
yllcorner 50.982328804812504
cellsize 0.00017565037499993607
nodata_value 1.7014100000000001E+038
[rows 57 to 75 of 81, columns 44 to 87 of 100]
13.75889252546774 12.919745370664012 12.011894548012819 11.025933882588234 9.993711709783021 8.990142748484834 8.047387116332493 7.183716868691202 6.421021187446753 5.798117978646143 5.306362074928979 4.956658956436059 4.780912836070328 4.840885879473776 5.211801300500152 5.955963255767857 7.093535492187754 8.633285615938604 10.571865035025613 12.873316133800122 15.43973078649395 18.008437764456232 20.410737175818497 22.77062766376843 25.15115133427835 26.330084768400248 24.972204234779237 23.476010870956983 21.853003729787297 20.139342930425144 18.35733337708919 16.58750075148547 15.026930281582434 13.680903341027875 12.530987715663617 11.557964822778724 10.75112402895332 10.100659883712323 9.59604635310803 9.194722582687703 8.880490233115896 8.651834935449676 8.516982529785341 8.428425447648292
14.295610223938478 13.356057466933416 12.339295013882017 11.252590623697444 10.13607754019883 9.063384263053269 8.071193982537801 7.178572656018818 6.4076854750689805 5.815183011306444 5.374301948286657 5.090733761178388 4.987852123045455 5.1040471364369875 5.488378929614405 6.183722702514808 7.211924926430459 8.61248042352019 10.407103186561915 12.531978796943552 14.899292694206109 17.376827626438264 19.857737220993613 22.30959679997294 24.599414239099314 25.694954377986505 24.89085459969016 23.491110426248195 21.878258742387924 20.138380487726828 18.3187590444792 16.55530726113609 15.002925630419261 13.652232854786659 12.492097706165653 11.510847336987725 10.697108804195253 10.040418474413796 9.527731653283093 9.114868368697662 8.78951432550738 8.558256855029148 8.438855690599208 8.364574302249352
15.062783338211416 14.044856559106075 12.903413074219358 11.699206762161591 10.476390233356918 9.311545312099675 8.25292649202616 7.320213970615893 6.5312014755615895 5.947392153046153 5.541111566073173 5.3005658750975595 5.240340068212262 5.386377778466471 5.770808788218027 6.412446998070444 7.344232267336076 8.600325731204682 10.220340932642975 12.165725475596606 14.340958187705368 16.650394302286468 18.98525061142691 21.21278515646405 23.06875024270097 24.022651446879912 23.78251943699485 22.77191547438714 21.360304895374334 19.721931617225863 17.949693458329214 16.26103697772328 14.759528131230375 13.44576102979719 12.313567990030316 11.354011349201357 10.5572274177546 9.913644284720121 9.406587178516313 8.993188439690755 8.676821083291326 8.46957248180889 8.371200910706184 8.311152975908529
15.944609817631864 14.947847891310603 13.716332884192697 12.380930380842676 11.034273777217196 9.754834815672101 8.609980184990617 7.619949496625392 6.795917531896426 6.193618690528018 5.799914410684214 5.579698047129633 5.540282153769319 5.697050701081199 6.0573165568526575 6.644226708697516 7.486655234567204 8.612641007625943 10.048115630807526 11.791701609914625 13.76023336717463 15.857443811418081 17.969108231730104 19.943153221890448 21.49930080518683 22.305318305982926 22.272807284673025 21.555028206963797 20.371154744308953 18.88730370639974 17.249816069956864 15.706792512523512 14.312667403548062 13.07915481130525 12.008443409357026 11.097373875463152 10.339145018612243 9.726264883465916 9.237353616912579 8.85037480800902 8.56766594322381 8.391082769827014 8.316854549729886 8.270797467566956
16.870183584322326 15.935979445122575 14.72414216961138 13.304764996641502 11.809659825635865 10.390017157709897 9.135473220808695 8.069437312829947 7.195612648209597 6.553509767520076 6.15019717767523 5.932324617933994 5.895485565481128 6.033840078400975 6.359001657722079 6.889933273624893 7.648522231007454 8.656591701906427 9.931317181007259 11.47606208407895 13.219085005902379 15.085711489668164 16.96738417645534 18.638756225110896 19.89045615844718 20.5620521959506 20.594920633891654 20.050839881685476 19.054806673343663 17.733810094541795 16.300215002459343 14.940000702829634 13.690746488671563 12.572234487171826 11.592862960298524 10.754060571657005 10.053841719470348 9.496508900306726 9.054871753225967 8.711325184280195 8.467412945577156 8.325964709208842 8.274502075560362 8.23959021172568
17.77511225861853 16.958740927826526 15.797556996209197 14.348950574329697 12.76809261190519 11.211104926308026 9.823803354725166 8.665205111070032 7.730467228256138 7.033061723889 6.601044728295019 6.365865051773217 6.301101217082963 6.4070483615511975 6.69099518071609 7.16535788051154 7.845768842061235 8.74839358234078 9.886115343428827 11.258892954429077 12.80154542464966 14.408542917984523 15.95067769657125 17.289860212642367 18.285351717927657 18.824211096495493 18.85547964837796 18.40430941517087 17.54466325918543 16.393461461361152 15.191629409547582 14.02718677024356 12.940132711751543 11.954734249379932 11.087417224677983 10.347711879412106 9.738995860247208 9.257119680096697 8.870180444035311 8.574866645473744 8.37410373347324 8.272058300742973 8.23952650848498 8.215600111016483
18.563252037976277 17.95689741737337 16.893038330311928 15.383287707832372 13.712942188706927 12.093058540518749 10.634793291898035 9.403070280249704 8.403865907541782 7.645032325155364 7.1569171889569185 6.87400660749328 6.767887570406315 6.833257219497145 7.071656779813976 7.489938628774144 8.098440502745262 8.90862307927188 9.923707386226077 11.123391567047321 12.419943817391179 13.727824497468069 14.956735926599501 16.000389855726475 16.756118444420597 17.144849724475 17.12821295743395 16.71368879413904 15.94652824118589 14.999860371547888 14.016005058495512 13.047685681870332 12.133734670232748 11.300829794285134 10.566180457714395 9.940279992223559 9.429382786210745 9.019211388133582 8.690523015429141 8.447205428485143 8.293615558972348 8.234168833608164 8.213833237711928 8.200782498080441
19.06780226437367 18.80526634831184 17.947508269185523 16.25473809973346 14.497841938300022 12.8583631032476 11.39252647003796 10.1513520050837 9.137986707425565 8.341180643506565 7.792829354414755 7.459296723423655 7.305855470342336 7.323828674503416 7.509638864796334 7.863179765694913 8.38563635743698 9.076647208116613 9.930817653034035 10.932819894557582 12.00142304818807 13.048589245790652 14.006256096859593 14.797529751844596 15.34623334562006 15.594298095073587 15.511864403515002 15.100839986260347 14.441289836758992 13.689122297325538 12.89794463622911 12.110683183453459 11.361189220713813 10.674486707996506 10.068192196976767 9.554383787877413 9.13726004745945 8.79433482786209 8.52583064135271 8.33707796124677 8.23384249572781 8.209155533825669 8.19934564878465 8.196798010994263
19.079550505291948 18.96607625085504 18.28810788362829 16.639351078302393 14.968590381360983 13.4079000490726 12.0000260115165 10.775623906185412 9.767355904852058 8.969822901867635 8.384966236509403 8.008172007574665 7.808280054041121 7.773261652651222 7.89548784492993 8.170233117132984 8.593792886376624 9.161200594730621 9.863619184558761 10.684713937657857 11.547766036367586 12.374877946349844 13.105443666099067 13.68053817756264 14.049862287575973 14.170400982832348 14.019407814124557 13.622129402157121 13.103456099050842 12.51137520474566 11.883696024556812 11.254578668591652 10.65254375775675 10.100062372199272 9.614189424866675 9.207624638139889 8.869716863795132 8.593547454731382 8.385923550733628 8.253406764614038 8.203095976493827 8.197450769740458 8.196798010994263 8.196798010994263
18.59947829727812 18.264609559155094 17.578339953106596 16.39634198131463 15.012825075700418 13.63731024292305 12.35864123505247 11.21903673797013 10.252842210106037 9.481695939483249 8.896601784574724 8.477837339148918 8.230446838820832 8.140221204963803 8.196647660463348 8.391661589300435 8.718108029869862 9.167964336905325 9.73042891991735 10.388445857689502 11.067214250135377 11.701306408774483 12.242402214323619 12.6424569526067 12.859501368549312 12.866794450525312 12.667668294285416 12.349868548892893 11.946533275440602 11.48510154515237 10.994141750412183 10.50058291605922 10.028044751532514 9.596231194184023 9.221142558548024 8.905354056192138 8.638128547046248 8.427264415515207 8.280429767424481 8.205282842711124 8.196798010994263 8.196798010994263 8.196798010994263 8.196798010994263
17.782649568801933 17.33070028986824 16.65862576027316 15.75890549935646 14.682499310853899 13.548143781305487 12.451748444825713 11.449236776202184 10.572348563350475 9.853705733904972 9.301299585764811 8.859593021341212 8.566062922756021 8.421120383135966 8.412436879143979 8.529739763504878 8.763625327906242 9.10421969521627 9.539803356141531 10.051842235630602 10.566256340366255 11.031408911484734 11.408797456299622 11.66120601445642 11.756831510879557 11.693911250533972 11.530469161562262 11.283674956052167 10.972549304269647 10.617417525854005 10.239997043527152 9.861525111267403 9.501476631990595 9.17698257141717 8.896953219049657 8.652923477413541 8.452809240730517 8.305336018890538 8.218491661264741 8.196798010994263 8.196798010994263 8.196798010994263 8.196798010994263 8.196798010994263
16.797716164337373 16.318732987620656 15.690056626965704 14.92187186290318 14.0715156134535 13.183315045763749 12.291864643256934 11.45382220113809 10.706468773477502 10.073362602720136 9.568426095661174 9.14552232663654 8.813670218200574 8.616464918255058 8.545543117193361 8.589341596019885 8.73714945530509 8.978131621764716 9.300354758287508 9.681551601056116 10.050034540374439 10.367770488513074 10.604119952988938 10.730417884283401 10.758739657480433 10.710940851021864 10.59078572671878 10.407411949508774 10.17428732836688 9.907732661439356 9.625349594373061 9.344664932992647 9.082191816886146 8.8481819874231 8.637520788089613 8.458468844372062 8.319877996014023 8.229977700234791 8.19682940794495 8.196798010994263 8.196798010994263 8.196798010994263 8.196798010994263 8.196798010994263
15.738124289717542 15.279310639074042 14.712590464980572 14.052058487748775 13.334073312266408 12.604540662786087 11.904355862464119 11.24231082828289 10.640306470233561 10.125092438690752 9.68896915948345 9.299948562738932 8.974155092805564 8.730240661095086 8.601404261751265 8.577343786423835 8.646731648789602 8.798393876945989 9.020629395362132 9.283358749746123 9.522881178324916 9.712518631201641 9.840696807963061 9.918951798453344 9.942667572773058 9.910501633439347 9.825343609620576 9.694070876194088 9.526873974477207 9.336299223648897 9.136211527176284 8.940873843562182 8.757953928666359 8.586348010026935 8.43552787639711 8.314687028834667 8.232513270142663 8.197464450753031 8.196798010994263 8.196798010994263 8.196798010994263 8.196798010994263 8.196798010994263 8.196798010994263
14.663357635209861 14.248345146025503 13.752039137446094 13.189365455729208 12.586650509798364 11.976135313325157 11.389085313343953 10.85148577741381 10.383008254671603 9.993735430967206 9.641901194729417 9.310561338645117 9.013374195625245 8.767130314217924 8.587503992450936 8.502024846165927 8.501200326350812 8.573924082067245 8.708954867743424 8.862942780441983 9.00396232415123 9.125648307983667 9.219313406766972 9.278328787134308 9.298710130413928 9.279526032447377 9.22303991606813 9.134548592707095 9.021947272781109 8.895111283135192 8.764842612597523 8.632612879389438 8.503555449584018 8.386711079174962 8.290945402014383 8.224909744787439 8.19714880167674 8.196798010994263 8.196798010994263 8.196798010994263 8.196798010994263 8.196798010994263 8.196798010994263 8.196798010994263
13.61596840563639 13.255060431160798 12.831288133069583 12.359079237365647 11.85905321518018 11.355376301302197 10.872203738469159 10.43101137680216 10.049525798509329 9.73410300287078 9.43959815347862 9.163562093350553 8.912857697087642 8.69300559979073 8.510293918922365 8.37743252294436 8.32022180313058 8.336331998961862 8.415534628199635 8.511213186099804 8.604782050737402 8.687993873926143 8.753923922600784 8.797396185732413 8.815363820199835 8.807171399441426 8.774644887924767 8.721988663796532 8.655491453725682 8.577647225252761 8.491310060749953 8.403642166220738 8.322336737414593 8.255368011101371 8.210853681562778 8.196798010994263 8.196798010994263 8.196798010994263 8.196798010994263 8.196798010994263 8.196798010994263 8.196798010994263 8.196798010994263 8.196798010994263
12.626910266098768 12.322649178181205 11.969385518688197 11.580400724743166 11.172549794160373 10.764856069710518 10.376592689903925 10.0256947084427 9.727971941560208 9.468939510460848 9.217018617784502 8.980123479400874 8.765160770789423 8.577895590612323 8.42324712284236 8.305574725023977 8.22894615280726 8.210409026331615 8.244550149434883 8.29216342692241 8.344660569215922 8.395065989160004 8.437668875187333 8.468290751850486 8.484526250345162 8.485909678832835 8.472804980230556 8.444784234388738 8.404553333081882 8.356245874849746 8.305100679084154 8.257213000707967 8.219311892025365 8.19859792653965 8.196798010994263 8.196798010994263 8.196798010994263 8.196798010994263 8.196798010994263 8.196798010994263 8.196798010994263 8.196798010994263 8.196798010994263 8.196798010994263
11.717878498464028 11.468412719001146 11.18112030725154 10.867861413387086 10.542730147517783 10.221240432749363 9.919249696395282 9.652031512178976 9.428414880747754 9.212110686511632 9.000683195711035 8.801914705074722 8.622520757437531 8.46831229774747 8.344405432085875 8.255449073400326 8.205855507437203 8.196798010994263 8.196798010994263 8.20348133017613 8.22044372789831 8.242042522228486 8.263419264535608 8.280661080191845 8.290957080640329 8.292729073469324 8.285711672081932 8.270966241007903 8.250825942780688 8.228782617592397 8.209337234295653 8.197841997481916 8.196798010994263 8.196798010994263 8.196798010994263 8.196798010994263 8.196798010994263 8.196798010994263 8.196798010994263 8.196798010994263 8.196798010994263 8.196798010994263 8.196798010994263 8.196798010994263
10.903106982916452 10.704328663696078 10.47720229586015 10.232125967036595 9.981047331728538 9.736959304484358 9.513279347565595 9.3233195802461 9.149472853100502 8.971872585665245 8.798380284933094 8.636128802300593 8.491503187356313 8.370221314064944 8.277475413130828 8.218107720012076 8.196803881290434 8.196798010994263 8.196798010994263 8.196798010994263 8.196798010994263 8.196798010994263 8.19772026283243 8.200449219964192 8.202709047407954 8.203137615712807 8.201506677640943 8.1987304529576 8.196831848682438 8.196798010994263 8.196798010994263 8.196798010994263 8.196798010994263 8.196798010994263 8.196798010994263 8.196798010994263 8.196798010994263 8.196798010994263 8.196798010994263 8.196798010994263 8.196798010994263 8.196798010994263 8.196798010994263 8.196798010994263
10.191115440418008 10.03801821966931 9.86489196991306 9.680775877049959 9.495916157997682 9.321443390254261 9.169014396784739 9.037061370662682 8.89741824122217 8.755029939011022 8.616788481724715 8.489165015720571 8.37815101158117 8.289288486910635 8.227762702589649 8.198536312356707 8.196798010994263 8.196798010994263 8.196798010994263 8.196798010994263 8.196798010994263 8.196798010994263 8.196798010994263 8.196798010994263 8.196798010994263 8.196798010994263 8.196798010994263 8.196798010994263 8.196798010994263 8.196798010994263 8.196798010994263 8.196798010994263 8.196798010994263 8.196798010994263 8.196798010994263 8.196798010994263 8.196798010994263 8.196798010994263 8.196798010994263 8.196798010994263 8.196798010994263 8.196798010994263 8.196798010994263 8.196798010994263
