_RESULTS/CROSS_VALIDATION_POSTPROCESSED_80-20/MHZ/TZ/4comp/1/MHZ_TZ_z_355_kriged_reverse_4comp_spherical_1.asc
ncols 100
nrows 81
xllcorner 5.5967107548124995
yllcorner 50.982328804812504
cellsize 0.00017565037499993607
nodata_value 1.7014100000000001E+038
[rows 60 to 79 of 81, columns 0 to 43 of 100]
9.162820345471307 9.162617768451817 9.163061953378856 9.164116102062984 9.165695803147576 9.167682031118739 9.163023406032538 9.145103937535637 9.127136955520752 9.164396715816075 9.260611421974179 9.41078631811225 9.609483404523576 9.850779459487505 10.128080775014539 10.434148670681783 10.761461246223744 11.100529788863911 11.439896623070386 11.765946330416508 12.07029835844813 12.3474041391602 12.582627684168097 12.774288375338921 12.919663503591813 13.004583544822584 13.000835874478359 12.881648910734834 12.636864670436927 12.273534704764149 11.796488174454 11.201685164561969 10.51776383105822 9.783604416468217 9.03096050614718 8.298632370046127 7.62331275700375 7.034083323995432 6.548236664183031 6.17187775065886 5.9049357520995365 5.74675208814449 5.665545026845118 5.649573855144477
9.169010399026659 9.168861134234906 9.169188512196788 9.169966723447438 9.171135972759838 9.172610424782999 9.174248674708 9.16868306326125 9.155358400134588 9.186527873289773 9.276118007176477 9.41927824637379 9.610462257049544 9.843466507615208 10.111467624175358 10.407467548563508 10.723206109877498 11.049162458413893 11.374399853368615 11.686581418401198 11.9723935510099 12.21468376254959 12.413179284859002 12.563653750881171 12.658624022273074 12.684556719681467 12.622907826174057 12.457494730953224 12.181827784669643 11.800767704328639 11.305331639101535 10.696992000061439 10.012969229767544 9.28798855051515 8.55230978332458 7.838929039714159 7.18886063709393 6.634978612213552 6.1930135360703815 5.862200487549581 5.635362055387856 5.50566869149747 5.425543867006343 5.392526306005289
9.173950705666607 9.17384255592273 9.17407976932082 9.174643776314362 9.175491182844297 9.17655871149447 9.17776967925864 9.179035773074688 9.174675051925917 9.195358351759944 9.273582062004044 9.404559257011533 9.582692287832364 9.801715530858583 10.055070588359705 10.335218866968287 10.633738492163122 10.941243344702512 11.247315900607315 11.540634059872533 11.808516826327327 12.027741613506493 12.18895980607018 12.296034183824544 12.34311440741765 12.318859492775376 12.210560340138047 12.008077117106152 11.707685128150548 11.31233800373386 10.805049705223444 10.20024619684394 9.523988965319633 8.804963886955987 8.077216417687518 7.379285453301578 6.751797655710003 6.237764091090159 5.851843903357773 5.5792238524852475 5.401219622719726 5.298381715949517 5.217459464653489 5.159324364388985
9.17777348570392 9.177697687054504 9.177863898316936 9.178258378117892 9.178848758298335 9.179587141842259 9.180414225741655 9.181239547279189 9.181647269327467 9.192618787925515 9.255525602408825 9.369641227993231 9.529884287843835 9.73027089907415 9.963892048917563 10.223113317809625 10.499549612450554 10.784032428775577 11.066638249015986 11.33685799785996 11.581927049426099 11.777602438628245 11.914630548563744 11.987217345794363 11.991285282474962 11.924720635556268 11.779066615372916 11.54791818995637 11.229495217655824 10.827059151005647 10.326516603490782 9.735167647859454 9.073475177862363 8.366389810562904 7.643886096261792 6.944319627512731 6.324127323104238 5.852782708362539 5.543791193666487 5.346097128022246 5.224923657666545 5.141029162596757 5.056459668523629 4.975684779972454
9.180579023617955 9.180529319158627 9.180638217309896 9.178356666637947 9.163901170838894 9.142757761268888 9.12131206774603 9.104495692554652 9.095632368108609 9.097238316526425 9.14793077646168 9.258623386393557 9.418980914042551 9.61807114390426 9.84219794955868 10.078190962966065 10.328521535051086 10.586267651174502 10.841994500085459 11.085895993159248 11.305127233414074 11.474924931165525 11.586740177190533 11.634803207581491 11.61350053430574 11.517680053619461 11.343639254871231 11.091721821917043 10.76779551189342 10.375556914777372 9.89135406957248 9.321585679237007 8.684008260155055 7.999717863040498 7.292686262184356 6.59080700511369 5.939893082101936 5.498011255863136 5.305450742226882 5.192654039888641 5.123383572432052 5.051290828386296 4.965752330384455 4.869330461943793
9.182434232548587 9.173456906983208 9.138447424411662 9.086633017090787 9.02763585276043 8.969914870403416 8.920501910449387 8.884800298002602 8.866441261979045 8.867294809044255 8.898689607894324 8.997216428753074 9.15724669464659 9.365083972259711 9.606260196480745 9.864783640511037 10.121664395916072 10.35766279331808 10.584005547471662 10.799376283324214 10.991366391673974 11.134906293840038 11.221836458589593 11.246880196127446 11.205197276250495 11.092916077273468 10.910976530127703 10.661664792554125 10.348695323658163 9.974345934031048 9.514793810403395 8.976073796523629 8.37459521549579 7.7293094474006026 7.0610580718761256 6.391978416713219 5.748566105868616 5.33214976080976 5.222174721631048 5.157732426817756 5.108956620174632 5.0435346903050995 4.962496378640572 4.8674803501166615
9.14148478338008 9.068836682244015 8.974438252697063 8.869853049258781 8.765615954830212 8.670912328855396 8.59335789444597 8.538813922711514 8.511209402412717 8.512483339847948 8.542551419500064 8.62429070333935 8.77407304409375 8.980921752923607 9.231408777228186 9.509317315358695 9.795341364679135 10.06735375549624 10.301609052992502 10.489235660838993 10.653723505825505 10.771991870497253 10.836088291590718 10.84274907409825 10.789227797539397 10.673883082644997 10.496578427103142 10.259068089704883 9.965285702979482 9.61831117127812 9.194505242835046 8.698347058798841 8.146174259252007 7.557375026564886 6.954993342391935 6.36915657989162 5.852412202793885 5.502317867215578 5.337765180469416 5.2648510325667734 5.2029329542478004 5.135275340102304 5.060673551802731 4.983198624537908
8.994683946285285 8.856480359606989 8.702513737139297 8.545337756048687 8.396291353967769 8.265192566517099 8.160107911349353 8.087187667818677 8.050555580321742 8.052242343100287 8.09215502775274 8.169835236078201 8.309879112919843 8.51310163495921 8.76692324299364 9.056124507467604 9.362588165501364 9.665319451028349 9.940844672148954 10.164046184259737 10.314541681442263 10.412721444426825 10.461452937597087 10.45771197475356 10.399380340584855 10.285500142600625 10.116566041352714 9.894809591324154 9.624418213225464 9.310128000247325 8.930323743364436 8.48631461724914 7.994806928684564 7.476086038439729 6.955155619787716 6.464528779998166 6.047849547418855 5.750352234170096 5.580800118057786 5.476752173537709 5.39578344029994 5.324016432105981 5.258547961910975 5.204759542739658
8.757449061828119 8.554489623561437 8.342067644587747 8.133584630626208 7.941035495033416 7.77472581481766 7.643069161924901 7.552449527793717 7.507133148972475 7.50921688631771 7.558604839626784 7.653009390045964 7.791385921416176 7.992289592820007 8.24953113338016 8.548821757963102 8.873091823121005 9.202395231896391 9.514170151370408 9.783924242635312 9.985767985225298 10.084127339882137 10.119975249575916 10.10856823597601 10.048414255449007 9.939169982978244 9.781877616869782 9.579190569817264 9.335558072462028 9.057180505234983 8.727750070057459 8.342584467024276 7.918480112311241 7.47568872816501 7.038499899705712 6.635696522906227 6.29885297153237 6.054106791438978 5.883814943911168 5.759108933920583 5.664510994389984 5.5901140254344615 5.5335537321929875 5.499828716048214
8.447909158834296 8.18232068268053 7.913694507929378 7.65613369425638 7.422150729274518 7.2224181004364425 7.065600888029608 6.9582491801441115 6.904730461114397 6.907189041824331 6.9655268806621224 7.077404454861918 7.23826171793926 7.44418256770865 7.706556629865993 8.016325681044774 8.35739900262429 8.710888490760729 9.055241146970511 9.366778508948768 9.620666228196162 9.780370237454807 9.821155977058002 9.80478308840908 9.74559624174011 9.643792058726788 9.500880009379658 9.319868422737521 9.10542385611805 8.86399707877357 8.588843523013333 8.266401158905161 7.912550690234192 7.546480467082882 7.190155562495017 6.86757454289226 6.602226394632795 6.389401996899559 6.218861758148158 6.086878545043515 5.986402890363507 5.912125913377015 5.863043782350077 5.84312224937039
8.085237901887126 7.760286170145814 7.438674487189766 7.135052407162286 6.862311739631355 6.631382373308717 6.451106748905181 6.328160788727544 6.2669976142289405 6.269805554619257 6.336484515147725 6.464647115733145 6.649644229270779 6.884608259359568 7.161286333100467 7.483349399503431 7.8416447655376755 8.21828336876779 8.592741705661588 8.942262845560554 9.242677595488447 9.463847697279602 9.566342131103863 9.55399257618253 9.498253300641865 9.406253591335735 9.279883492614783 9.122420811704636 8.93866390533251 8.735038434172825 8.513556187292872 8.255562276720772 7.972370891170817 7.681567238553809 7.402460891957731 7.1538425545980315 6.9308439419239605 6.735452531573628 6.572491481836007 6.442132216527085 6.3421191513150355 6.270493820619805 6.227448618525335 6.2159790222508295
7.688928013249985 7.308792189404388 6.938141626818899 6.592013041306107 6.283547293120474 6.023845796676023 5.821893962008313 5.684503563334049 5.616245614889188 5.61937802487994 5.693797317948916 5.837041067289917 6.044339599464668 6.308688843301673 6.620916303516338 6.969738795408668 7.347210180165116 7.747260916559909 8.150615860474044 8.535473394803793 8.878445158661478 9.154342390304878 9.32375697737265 9.362301951338296 9.312152538137337 9.231851648532125 9.123610615959906 8.990881636069338 8.838493197441057 8.672727273820303 8.500719487390922 8.307489793662215 8.094095132869873 7.876406709667001 7.664904777726882 7.456446847843823 7.260270407770755 7.084383290791429 6.9338209922679805 6.8107582504156365 6.715613041538409 6.648516786307786 6.6104550501929555 6.603708985516303
7.278024123534174 6.847544751756884 6.432265969831265 6.047449842951249 5.7063672921338755 5.42023817440656 5.198216424761878 5.04734225792936 4.972420962805481 4.975858760548365 5.057544835375494 5.214857385097414 5.442789502325102 5.734112622989058 6.079491410884292 6.467526222849555 6.884768582984716 7.315788900170814 7.748055640584632 8.166810672668989 8.549496284568832 8.872784694709424 9.105077634389486 9.21329271696852 9.191818945755763 9.12465019307556 9.035595391458697 8.928188475191202 8.807191750090096 8.67864117243741 8.549853839813077 8.419600989516885 8.271898172827985 8.105896663690976 7.929704529877157 7.752586344143246 7.583066863747027 7.428187925559286 7.293041384677854 7.180824698449354 7.09340551348353 7.0321102877309976 6.998373924803324 6.993994805061756
6.870482027238293 6.394914812054353 5.939630887496119 5.519948422815713 5.149153280449513 4.838561869251496 4.597599787745429 4.433756949100851 4.352337270435075 4.356074333500614 4.444840946509693 4.615664257724831 4.863034801676766 5.179286664035152 5.554829990278821 5.978180261954947 6.43587538054972 6.912420490375237 7.39037605014804 7.850653775667252 8.273107500196991 8.63945971221775 8.927413472628405 9.101193950091655 9.140262707040463 9.0877596295466 9.01848606476157 8.936501678247915 8.84642300260403 8.753580833867519 8.659352711821944 8.565736722609978 8.454931935497818 8.324064420677296 8.181330927441417 8.034790267744818 7.8918836768881215 7.758978353072232 7.641088353447574 7.5418828358259224 7.463967368250056 7.409295805106722 7.379518769322399 7.3761139783418805
6.482689349191024 5.967502678214431 5.4768546254690476 5.025929053254855 4.627889876659591 4.294132546862211 4.03453577004294 3.8574517061648725 3.7692155306578363 3.7732694585077975 3.869450317728767 4.054027475281677 4.3204576179354905 4.66024334559592 5.063378830472433 5.518325844462367 6.0117524507439555 6.528291435173796 7.0504867455169045 7.559003789887825 8.033112704276245 8.451408504866501 8.792701753430816 9.031272481789268 9.137523974690566 9.11563087081548 9.063521229362681 9.000592214890627 8.929503655016369 8.853140682837498 8.774631891498606 8.69733822106744 8.619226464574123 8.522724024193808 8.412610855104443 8.29602693045317 8.179607057029594 8.069181764823394 7.969589162849323 7.8846494899597355 7.817291044790359 7.769752161364192 7.743754186394301 7.740556808684504
6.129156430892787 5.579908569402599 5.058466522967471 4.579649617898813 4.156292104236804 3.7997783266964436 3.5206422819450154 3.328765583654146 3.2325526424408073 3.2369834047169177 3.3418145611188663 3.5416791217435066 3.8279779343724396 4.1907580229352135 4.619429143389957 5.102505690423299 5.626998230598311 6.17789717261576 6.73794769040255 7.2877712326267705 7.80631834649628 8.271599432335556 8.66161496066777 8.955334661462823 9.12422312790944 9.148549115082552 9.110577944390897 9.062134479914413 9.005794552442278 8.944290780913446 8.880512763009566 8.817479937155602 8.758277027858677 8.69518998931094 8.616912782875916 8.52967442200287 8.439468803365417 8.351662618380919 8.270854800995458 8.200830080302692 8.144598848384925 8.104482508413497 8.082187183033545 8.07881646862475
5.8223540713004445 5.244673281696914 4.696994710641634 4.193496801169007 3.746345461982651 3.3665981470701025 3.065451471273243 2.8551972226272464 2.7483134446791975 2.753261767918949 2.8696087449535868 3.0883147438327803 3.396797777357588 3.782866853123558 4.235387703526163 4.743253025768342 5.294150488824817 5.873698634896744 6.465058361999352 7.04899085503139 7.604300356032115 8.10858663893866 8.53921817382299 8.874425201887961 9.09388163816263 9.170722995566278 9.147869609460798 9.11364375787069 9.071562295503472 9.024194029788116 8.974193593833988 8.924267726482087 8.877112489166567 8.83528209588096 8.788061142839076 8.729515635122935 8.665104681468454 8.59977697586521 8.537857651290995 8.48299067047637 8.438131892492269 8.405570597266063 8.386948542271865 8.383249696186617
5.572645642393292 4.9723084827895345 4.403152444517625 3.878435378370075 3.4091774852320755 3.005379156060201 2.6781818178934196 2.4427975290953943 2.319458835245907 2.3252425811610014 2.459201736526079 2.703356809539281 3.0377713231698893 3.4476947391520762 3.9221973961201586 4.451260870414441 5.023706290198215 5.626047455617669 6.242030544253819 6.852691475635248 7.4368233835710935 7.97176608048115 8.434425218709713 8.802417924132522 9.055241145523304 9.174769839840847 9.172912993703981 9.152583840879934 9.124247746002816 9.090311292390298 9.053210140977326 9.015374458622802 8.979172449808278 8.946831517030237 8.920277384293286 8.889721707064146 8.85056486542584 8.807372523608228 8.76418256789005 8.72444308277177 8.690981185980966 8.665990745812946 8.651022435864189 8.646961822016493
5.388246434312985 4.771306312826918 4.18593981549958 3.6443310393224335 3.1559178010845264 2.7285617430232842 2.371203046831655 2.0997819864086478 1.9470624998399406 1.9544886309540206 2.1193789853639933 2.3993031106556715 2.763247922596385 3.1962490793641822 3.6896316633203483 4.235472386582713 4.824126260145032 5.443141623237619 6.076904076419256 6.706773451885792 7.311609326887406 7.868607751646752 8.354364558381059 8.746065401800367 9.022697215938006 9.166199964438537 9.18333197346918 9.17656809012049 9.16148153375474 9.14032632640943 9.115341171151911 9.088717176293008 9.062549357578007 9.038772784748215 9.019086981136223 9.004875362792614 8.990285666987322 8.968747605644435 8.943952719072474 8.91912880816085 8.896937444089287 8.879444825273817 8.868097355603908 8.863694527630264
5.275155290822471 4.648031898163278 4.052464120855119 3.499721759106131 2.9977031086702586 2.551582994769554 2.165439308662254 1.847464707340779 1.6345560036768791 1.6463907965484847 1.8720113241040035 2.1966362134430777 2.5882162914629916 3.0393781691235406 3.5460651158165373 4.10290819539323 4.701732001896004 5.330958842920193 5.975484592194944 6.616930982988461 7.234234866586895 7.804526578784045 8.304226298085519 8.710264350000253 9.001321011330054 9.159001588472297 9.183492050031544 9.183492050031544 9.181027278952953 9.172075756437577 9.15852701564536 9.14236890588127 9.12547072157657 9.109532263879647 9.09602565258465 9.086135150101173 9.080701802008903 9.078582353855381 9.071736403304955 9.061497825192854 9.050347814255556 9.040210885243072 9.032423994290225 9.027707724735173
