_RESULTS/CROSS_VALIDATION_POSTPROCESSED_80-20/Berg/IZ/8comp/2/Berg_IZ_z_90_kriged_reverse_8comp_spherical_2.asc
ncols 100
nrows 90
xllcorner 5.6208707817415728
yllcorner 50.959635321741573
cellsize 0.00013419651685393446
nodata_value 1.7014100000000001E+038
[rows 38 to 56 of 90, columns 0 to 42 of 100]
1.7780974369970477 2.1306604713116095 2.5486411425270634 3.0268938082396923 3.5476518141827658 4.077609792538698 4.666312063978742 5.333818487266771 6.035532869978718 6.724527897170353 7.358261669541931 7.870880432598608 8.277826146607344 8.61981578162002 8.941424503162901 9.285774918783053 9.692046462460011 10.198687041315564 10.84711623610892 11.683425984809217 12.760417591223003 14.137397449917627 15.873100946450446 17.986229687257467 16.374354388086942 11.98645541413047 8.77970431522461 6.554290859480137 4.973665613894222 3.8536057441036893 3.055902747257233 2.4813125753726935 2.0616038608598397 1.7519216084590445 1.5217561238804698 1.3489319668016009 1.2183249827217313 1.1193546657411835 1.0425109818791622 0.9793928634481577 0.9258935070691279 0.8825161272561074 0.8504490014984942
1.7009320477575518 2.0210727112206053 2.3958391982412506 2.8185651570184684 3.2715879491313973 3.7240397726514356 4.219599641713957 4.7839333593428 5.383595638340688 5.985310980598905 6.537167310571037 6.992082579752239 7.365843763955813 7.685666541302824 7.983338648107642 8.291889092197481 8.643931781400905 9.068717410208748 9.597023136514341 10.259861482265329 11.08335400778472 12.06977463075733 13.118835421706473 13.675928250502292 12.281294906068526 9.50800742470825 7.110830041213591 5.354986877992498 4.089990816098522 3.1929076150228193 2.554171135705333 2.0934057698222515 1.755659346738958 1.5042572214321197 1.314817518220838 1.1717749134935644 1.0636206603714453 0.9781301023767209 0.9085580230124126 0.851905788877146 0.8050199460110528 0.7683798634768155 0.7429422915508843
1.617172288963373 1.904997317763908 2.2387260437897116 2.6117164565491677 3.0081857036226336 3.400745905829864 3.820479850720113 4.3001755901975 4.809334968275681 5.318058987534299 5.766241024621518 6.134432237402594 6.436112663099906 6.690720183290624 6.920551487477625 7.1489464435423935 7.3986794041101325 7.688728146483104 8.031389110116002 8.43331011719487 8.882267381562393 9.32041650989159 9.583798921748585 9.329013197770797 8.24400728955667 6.6607597579633815 5.182977043644047 4.007771202428886 3.1303956145503844 2.495609573367267 2.0367042791557743 1.7006934639551674 1.4506431340661021 1.2618445866905585 1.1178226407067293 1.0068130491649916 0.9166137771186548 0.8426447165338642 0.7825435687523616 0.7341214966666996 0.6948306708762211 0.6652131311926948 0.6461433334855153
1.5306627403657198 1.7871370367763644 2.082529383704086 2.41123397676004 2.760487261404326 3.1080266282173112 3.467535035454259 3.8795713842245267 4.310086737902473 4.721264864175276 5.0588297836374725 5.323883544095972 5.531798950871176 5.6982851180006024 5.839083309754539 5.969475493400287 6.102846234374813 6.248460795189911 6.405112019014133 6.562093018423046 6.690852540803164 6.73110830213038 6.580741062175358 6.1223994128452865 5.334690079034974 4.39306300983437 3.517599285753307 2.8031146021582782 2.2601636695464595 1.859971154058974 1.564126811971127 1.3417555007555442 1.1717725173584383 1.040296655596183 0.9371818341845356 0.8510427769184201 0.7788587799873663 0.718592833839069 0.6691961777017305 0.6296068845586628 0.5979671717791447 0.5750481737335552 0.5614260376397084
1.4444266237957148 1.6707844069262394 1.930216686937573 2.2186191955009447 2.526827973073118 2.8386453864075043 3.1534070194988084 3.5156205384506944 3.882735834797365 4.195503992307247 4.417240574921142 4.572639110648313 4.681942314589921 4.758217499758753 4.811924078882595 4.851886456940591 4.884360384846439 4.9114153610205475 4.927147464838436 4.915025070355125 4.850161719100166 4.695580923206131 4.409626283938133 3.9706315580967337 3.412461213153469 2.824852952547887 2.28940759894395 1.8727183313579994 1.5666885287905163 1.3424409228649483 1.1727805997330027 1.0401735426951368 0.934573026063336 0.8494060184479824 0.775398048248724 0.7106169781378326 0.6550325743294139 0.6078255412381159 0.5689203281724982 0.5380974175230117 0.5139747121656496 0.49736616393047045 0.4878991552332926
1.3608950081774212 1.55835264638024 1.7835457008692994 2.0337735084222803 2.303245386480599 2.5819927516913492 2.8628233405568335 3.1931123770655976 3.5236745243489063 3.7307761606041407 3.829065328010643 3.8807995401175326 3.9039215736192525 3.9056032328472927 3.890981217635576 3.86390347870763 3.8261026768671034 3.776131665908063 3.7079255507274667 3.6076197901845095 3.4594503267484735 3.2467352195548256 2.958374499781993 2.600257956348127 2.2040218070687323 1.8054764450942382 1.4603509238616474 1.2178791042398975 1.0635826087053024 0.9571738697684681 0.8737633228280589 0.8039452210331973 0.7445883693132539 0.6897925632866844 0.6380221186936742 0.5907777967253053 0.5490752096126593 0.5129764184987788 0.4830284204322229 0.459662904570448 0.4419649559700552 0.4307087606980783 0.42361266935488917
1.2821702609928713 1.4519055995591144 1.6440759301845287 1.856851614032544 2.0866454903328058 2.327695378471922 2.572496624505962 2.8642786481854956 3.224095044660238 3.274355916834039 3.2639058581023264 3.2389207280421295 3.20060677250026 3.151077087987183 3.0925361525630897 3.026259183921792 2.9517857009599284 2.8663799721035175 2.764773527544459 2.6373078775199006 2.4743163623311406 2.270969107673599 2.0282602889580073 1.7555606547639644 1.464918164309702 1.1753779696615778 0.9301784803644519 0.7836078389826492 0.7264384098856544 0.6922839788112591 0.6606231815689041 0.6295478598988437 0.5976625903744524 0.5626103252008189 0.5270070863233485 0.492979120708096 0.46203872087648673 0.43474669332180377 0.4119698959946775 0.3945342571506513 0.3820477923783918 0.3751059794027658 0.3683822379541361
1.2102267614774873 1.3535082224607704 1.5138158924225997 1.689620154456028 1.8780759452500821 2.074278134502268 2.27005448154816 2.468393542821882 2.6628153863318933 2.721074231026756 2.6893341838600375 2.6328896948796494 2.5655709403762077 2.4919618515333872 2.4141890900269183 2.332836363482133 2.2470187094691405 2.154408572914488 2.0514213884033983 1.9326568380567046 1.7924681969188858 1.6290164190948875 1.4442667203697452 1.2414961327610448 1.0249207562041251 0.8132261859078175 0.6231123432044294 0.5174964495382152 0.5263365200880424 0.5253525947559368 0.5180315508141291 0.5065248640355918 0.4884481798702085 0.46569084317677634 0.44088247963105104 0.4161394182005325 0.3930532980630212 0.3723743419756504 0.3550606760479629 0.3420688437781967 0.3336410114753055 0.3293168403852309 0.3216404021508737
1.1470035451651657 1.265289446455171 1.3952244546697012 1.5354601336689937 1.6831627743825177 1.832263610177495 1.9679072454219155 2.071989405514595 2.1542133951957316 2.184757438577965 2.155421532422601 2.0958085776185102 2.0232115383846243 1.9454282468236592 1.8658126414135205 1.7853807850248975 1.703652400992562 1.6190961333107607 1.529512976091852 1.4320265609581615 1.3232711318251147 1.2029250382467427 1.0700930377945923 0.921624990370162 0.7676478499788539 0.6217586661856257 0.5014044733519604 0.43766943196043384 0.4283438420737462 0.4288341605600457 0.4276714382364005 0.4222027950637535 0.4104986834380781 0.3945864364349465 0.37646389526244595 0.35788052120577046 0.3402589652693175 0.3243476194652669 0.31104396727992467 0.301300600300827 0.2958356571391723 0.29151406525323076 0.2826096692658053
1.0944111090849886 1.1892181361270893 1.2905947925230876 1.398007171215154 1.5064306211440166 1.605994303057175 1.6873208601998824 1.7366966896399378 1.752852778987634 1.7496682455327903 1.7128983427619582 1.6544779309244397 1.5855724689279502 1.5130467840293151 1.4403701477009596 1.3688391738837369 1.298396303864818 1.2281603016944267 1.1568343299147206 1.0828616890228502 1.004112568707542 0.9174546994456106 0.8191696442238615 0.7141556331178854 0.6096683657312546 0.5146638106528658 0.4398139175916553 0.39573657288973 0.3779367780689851 0.37296253167357796 0.37153127482458614 0.36647618495267714 0.35694313065653116 0.3444111234512969 0.33016654163033443 0.3154898860510679 0.30153373167259856 0.28896729332465665 0.27853689594076125 0.27114011633430385 0.26724507357175414 0.2608194630711689 0.2504644699940875
1.0543245246268569 1.126494663151124 1.2011408574713842 1.2760322061245117 1.345292011846471 1.4039900288820637 1.4454023570134316 1.4616161551248033 1.4463698792450843 1.4164539292656741 1.3701694027053881 1.312093123249538 1.2484470186791128 1.1838155852587542 1.1208354862081673 1.0606163140607872 1.0032425722707468 0.948187571983655 0.8946483314595943 0.8415780667844803 0.783216195159973 0.7177434564032115 0.6470350864088833 0.5744582973845211 0.5046415415855241 0.4430351811275936 0.39509968882482943 0.3634839447289971 0.3459508094260349 0.3385761788318018 0.33522198591752655 0.3297643699919731 0.3214975016012797 0.31087295542845284 0.29882128927868234 0.2865439071644224 0.274983097127545 0.264738700407669 0.2563546334390544 0.25065101759211267 0.2452724424671825 0.23645131933594504 0.2244453050653949
1.0286233046516498 1.0752592314593494 1.1224792055327777 1.1665434863457322 1.2043367439579695 1.232063434647826 1.2454647425096348 1.2404941969302459 1.2146677161791208 1.1692973125837824 1.1150041182969568 1.0566998967517955 0.9976618622243271 0.9405203774485362 0.8868785014224709 0.8374064341603076 0.7921006603726518 0.7505543132214391 0.7104805768317284 0.668648216419723 0.6237073465224114 0.5757840889948149 0.5261031073687226 0.47676021250255785 0.43054664188847436 0.3905869064461729 0.35972033035510653 0.3382036289150784 0.32414311195138945 0.31677520107906965 0.3119482241658298 0.30595905952653735 0.29832082350572436 0.2891858709723984 0.2791034395493873 0.26880809525242577 0.25908226560428504 0.25057810326057534 0.24373233574015102 0.23804082349251657 0.22931146791332355 0.21778297079069164 0.20388252780338986
0.9839807376298301 1.0238885724135716 1.0520934959063994 1.0724775318326738 1.0861511693344328 1.0911012050810556 1.085055335877476 1.0663038014863577 1.034389603551417 0.990071175983393 0.9307567062242369 0.8718993330904719 0.8163088589363878 0.7652180617460513 0.7193382039273073 0.678808367321894 0.6419677354578948 0.6073675408283641 0.574073330170253 0.5412372800992192 0.507755694516134 0.4736060806841697 0.439483242993497 0.40661293233517093 0.3766281214126887 0.3513284647841927 0.33223720509109606 0.3184066679372321 0.3091870585788112 0.3035797430392523 0.2982271352795989 0.292100993247105 0.2849426028626741 0.2768475477756562 0.26818924823388174 0.2595071886622728 0.2514155437347118 0.24451822146538596 0.23864103880518317 0.22990110630571944 0.2178710234802875 0.20335152270466525 0.18713160630113454
0.9326675436320863 0.962545874035689 0.980841837351637 0.9893343963615449 0.9886782465415871 0.9788807551863763 0.9598866023544153 0.931982791409339 0.8961352479855236 0.8540253397497344 0.8021005850824288 0.7425481062300116 0.6885876548562885 0.6406767918037668 0.5984708126583604 0.5613643713542124 0.5285631551033156 0.499189463415743 0.4723975307762979 0.4473931006613587 0.4231590656559496 0.3995415358357776 0.3768635176247526 0.35580299478968624 0.33731406754377435 0.3224832439708486 0.31184397607011743 0.3041904650234508 0.2995796594969915 0.2970849973976528 0.2924701533656568 0.28667576512625265 0.2801365569174075 0.2729903663579339 0.26554713572144023 0.25824190523968055 0.25158335802510207 0.24581632070352055 0.2373342043701441 0.2251683199882792 0.20996211260962272 0.19256730528858088 0.1737573141966502
0.8792266010298573 0.8984074627279478 0.9071352120266352 0.9062042546034434 0.896424995594268 0.8784504383475419 0.852971750456513 0.82093571054955 0.7836842832991862 0.7429705599049019 0.698899570246826 0.646753912755213 0.5925362824710169 0.5454537528543069 0.5053669881331627 0.4714104917767095 0.4426524999195175 0.41815883311873303 0.3970681714179796 0.37854121412421354 0.36160605721753014 0.34601913780768756 0.33186727139657735 0.31950640290559584 0.30951352204379484 0.3026019844839377 0.29819939118785754 0.2957353913128885 0.2954684151564387 0.2962895623793017 0.294119264919058 0.28921530783927557 0.2835720874199571 0.27750653603923975 0.2713267781061771 0.2654267838879666 0.25986029377752556 0.25141606621068313 0.23939161362835196 0.22393213861746863 0.2057113016976017 0.18561309493772363 0.16430005806180245
0.8262354006147203 0.835629543262791 0.8356504036052438 0.8268305726200149 0.8100073754121581 0.786138631281492 0.7563088083736518 0.7217922555330449 0.6840851332104604 0.6448677489754633 0.6057725751660202 0.5632589101049117 0.5176841592426084 0.47274747811673024 0.4346335909341177 0.4035681732701477 0.3784375120318432 0.3581951821466116 0.3419130307179679 0.3286500973572913 0.31749093166988956 0.30813377624498817 0.30052912749627103 0.2948590256675765 0.29150697366658274 0.29068340349433397 0.2912639819986851 0.2934031685994402 0.29734338850769376 0.30176827391923194 0.30276435482063296 0.3000973582805344 0.2957436001504054 0.2910792867036824 0.2864466941962981 0.2812655991319969 0.2726585912043433 0.2604457886211524 0.2448967266078738 0.22631030472154548 0.20527834468925224 0.18271090188736194 0.15918039456406397
0.7757073430287322 0.7766143100795684 0.7691507138057525 0.7538606092240406 0.7316268796335872 0.7035434016188226 0.6708608284014155 0.6349689044618635 0.5973711025030726 0.5596283747838119 0.523271397274384 0.48822386887552566 0.4516152460243849 0.4156218148075202 0.3821139476482213 0.35347773545822436 0.331418383107101 0.3147795348831511 0.3025327099673728 0.29358616017430333 0.28712016502378174 0.2827869491546791 0.28047067295176836 0.28027668444841236 0.28249543540363603 0.28633372185238165 0.29135722388750923 0.2978606545482938 0.3060800856228203 0.3146006067923115 0.3194343093325515 0.32032164935147406 0.3180281792316833 0.3152286869364093 0.31005755103571986 0.30130011982241733 0.2888879700614035 0.2729822386424911 0.2539699734914098 0.23240083803550945 0.208798890361153 0.18405194045231105 0.15869911237326942
0.7291237416439136 0.7228831754815063 0.709216722868281 0.6887529499458912 0.6624229013637842 0.6313689772999413 0.5968774499056233 0.5603291537319718 0.5231521151291986 0.4867658739834185 0.45251738502164013 0.421600039309351 0.3921727970546518 0.3638631678408552 0.3382714376644605 0.31630331385146476 0.2982726224711476 0.28472131787385063 0.275927241579819 0.2706748442473865 0.26822857090882907 0.26821189212240387 0.2704938735838866 0.27517218936343807 0.28196768429918245 0.28993855381669925 0.29927661708550274 0.31024218655662167 0.32308650601479394 0.33648031286120206 0.3461005189066855 0.35149349268452373 0.3509462365733067 0.34585571457326164 0.33712759475271165 0.32465218645146476 0.30851895894615144 0.28903316854820665 0.26670616869210295 0.24222210402573088 0.21630258925432205 0.1896845640701336 0.16293915513313517
0.6875191711061659 0.6753718094511312 0.6566862289713511 0.6321752050426992 0.6028000647985008 0.5696989730945146 0.5341209316960829 0.49736941505322557 0.4607528223640118 0.4255395653152654 0.3929185082227026 0.3639655114309766 0.3392865136432736 0.316999464619763 0.29778893837415865 0.2824699818364122 0.27123162853139404 0.2638390996448954 0.2597947742488799 0.2584465880675155 0.2597374688635029 0.26376872972323584 0.27044648928596615 0.2796556686554819 0.2903711236666211 0.30257699759086965 0.3164908174526795 0.3323844476542482 0.350530995594948 0.3691578401538762 0.3824397132292457 0.38881794216562315 0.3873815925328345 0.3792699034641468 0.3671329505619947 0.35108116118847804 0.33137242398975536 0.3084638556486385 0.28299615355806457 0.2557565344787516 0.22762643023579843 0.19941136941241275 0.17168461186862913
