_RESULTS/REVERSE_NEW/Berg/IZ/8comp/Berg_IZ_z_355_kriged_reverse_8comp.asc
ncols 100
nrows 90
xllcorner 5.6208707817415728
yllcorner 50.959635321741573
cellsize 0.00013419651685393446
nodata_value 1.7014100000000001E+038
[rows 72 to 89 of 90, columns 41 to 81 of 100]
0.04857537399713732 0.05017486103709449 0.051375459417231796 0.05208934487644838 0.0522870619157588 0.05200745655327749 0.0513531147236816 0.05047288210472003 0.04953728756542036 0.048713990748596794 0.04814852067127369 0.04795210662374496 0.04819531330650905 0.048904725324999135 0.05006027269577061 0.051592448205284476 0.05338086945950701 0.0552574913272299 0.057018290359434336 0.058445605959317484 0.059339503428594405 0.05955181522349817 0.059013334649036034 0.05774529105186057 0.05585120451757089 0.05349226860020268 0.05085480803654098 0.048119520747077225 0.04543937313896922 0.04292850026607194 0.04066069138932826 0.038674180056113214 0.036979354972502126 0.03556688256154993 0.03441482904371477 0.03349425227053421 0.03277327179762002 0.032219867770090234 0.031803711376645484 0.031497289446687816 0.031276518974287876
0.05347549262580378 0.05565615366703135 0.057272430019589766 0.05817736879537236 0.05830546163671554 0.057689851901226705 0.056456811613797044 0.054799533681987776 0.0529406768849094 0.05109552772797171 0.04944465558051061 0.04811922506489527 0.04719710415757456 0.046705512927387116 0.046626199416726806 0.04690090577910569 0.047436973454509083 0.04811443731111503 0.04879635015250941 0.049343186835587007 0.049630282653782234 0.04956517634405062 0.04910057229375557 0.04823924521335291 0.047029528098604736 0.04555300068258084 0.04390819831005882 0.042194679624194674 0.040500715187242235 0.03889602022939801 0.03742927786169362 0.036129211131420605 0.03500770639564114 0.03406372122027927 0.033287130772449026 0.03266206819922408 0.032169603050944906 0.03178976730651836 0.03150301084574627 0.03129118540825496 0.03113814877108082
0.05913906440568376 0.06201515175730727 0.06413322227982216 0.06527117502130717 0.06531932119701239 0.06430831861552555 0.062402578581335987 0.05986178927828929 0.05698536800081169 0.05405868824868389 0.05131499947182478 0.0489176496732791 0.046959252472878625 0.045470844624321854 0.044434544279063015 0.043795746848404885 0.04347358506253592 0.04337018112795012 0.04337983935113747 0.043398924024325464 0.043336151073523205 0.04312195882765499 0.04271508261753123 0.04210477214740096 0.041308161628073714 0.04036363530058091 0.03932201743554728 0.038237682167786044 0.03716124906083842 0.03613472845609136 0.0351891889209416 0.034344485318754656 0.0336103690399641 0.0329883281811899 0.032473657454537085 0.032057437071085305 0.03172825075495365 0.03147357694914177 0.031280848269165225 0.031138205094100875 0.031034982572727243
0.06539999877550082 0.06907827386087215 0.07178057458355701 0.07319317923254581 0.07315369010735721 0.07169341126255306 0.06902937404226789 0.06550942150928257 0.061532634491211644 0.05747356063683793 0.05363082535443092 0.050206181882280605 0.04730803801730867 0.0449685269000819 0.04316435425536444 0.041835581986138896 0.040900330874055896 0.040265795651701575 0.039836863558489775 0.03952345132530489 0.039246976195805354 0.03894564656774353 0.03857785567599257 0.038123043465344016 0.03757987648629209 0.03696222314901711 0.036293877477354325 0.03560312940940948 0.03491809422411429 0.034263334305844086 0.03365790532026495 0.03311465915641882 0.032640481347940925 0.03223711171999792 0.03190224611111998 0.03163069744013306 0.031415474369048006 0.03124870016175922 0.031122339746793334 0.03102873224172483 0.030960943826684666
0.07193693660553721 0.07648768016226173 0.07983067864368366 0.08154740044590547 0.0814158386139542 0.07947058476641958 0.07599310251197784 0.0714365449933551 0.06631684677178402 0.0611106517760201 0.056188787764986065 0.05179265340601302 0.04804378261785019 0.044970464019756115 0.04253771800301124 0.040672871533430216 0.03928430541517469 0.03827409562716854 0.03754638392766912 0.037013162403797414 0.03659847988685144 0.03624138532598525 0.03589749439549319 0.03553898434856468 0.03515301549542145 0.03473888089505067 0.03430442853562439 0.03386238005488035 0.03342707929622812 0.03301200587022176 0.03262816851156907 0.03228331594699647 0.03198179797777584 0.03172487331718653 0.03151127312348321 0.03133786681883944 0.031200321469143286 0.031093686913949425 0.031012871421437722 0.03095299626342907 0.030909633459785726
0.07826519766195203 0.0836877355489154 0.08767503135351341 0.08969895858361386 0.08947549493049814 0.08704419237015784 0.08275646896727114 0.07717807962030067 0.07094806913854945 0.06464834789065155 0.05872157587171392 0.05344578803953968 0.04895136123351537 0.04525821921007081 0.04231534428088537 0.04003303534264259 0.038305385235174835 0.03702433149389703 0.036087865354373555 0.03540471960786249 0.03489705133053031 0.03450185412115943 0.03417132419712095 0.0338722077886204 0.03358419543159557 0.033297572515615645 0.033010464415889965 0.032726058161315026 0.032450130342029634 0.03218909530205088 0.0319486554818764 0.0317330249510134 0.03154462632122539 0.0313841312389836 0.03125071590660492 0.03114242286909187 0.031056547601409273 0.03098999576413032 0.03093958036399002 0.03090224600368978 0.030875219982079205
0.08377609412910968 0.08996883508565812 0.09452742943413299 0.09682272999504767 0.09651359872666311 0.0936448250738038 0.08863354256242802 0.08215041808928447 0.0749480350540657 0.06770375752207712 0.06092343631018507 0.05491519316242091 0.049814049190618756 0.04562936438217525 0.04229317109660212 0.039698338825397105 0.037724167698102384 0.036251516761482985 0.035170829770983035 0.03438597379617016 0.033815818658645413 0.03339457760351169 0.03307133095160389 0.03280887596474036 0.032581997074359256 0.03237531170553574 0.032180917733308854 0.031996092166879146 0.03182125527905427 0.03165833883115556 0.031509610375957536 0.03137693188748444 0.03126138251041458 0.03116315337623815 0.0310816217212272 0.03101552410466575 0.030963167131635976 0.03092263347946205 0.03089195811119648 0.03086926296898003 0.03085284796352891
0.08783307664891866 0.09458179264483928 0.09955242499574674 0.10203917373811153 0.10165739016236647 0.09845580731359221 0.09290161809711169 0.0857452941559006 0.07782533617917298 0.06989054019815145 0.06249300520189515 0.055961680799221064 0.0504332655680492 0.04590768385379835 0.04230314802756484 0.039498685538930586 0.03736193387852896 0.03576495954556252 0.034592089802017445 0.033743125001830306 0.03313415072113777 0.032697153330347464 0.03237897518915345 0.032139813962599996 0.03195137176892193 0.03179477636133741 0.031658436198736664 0.031536003402704973 0.03142459111544749 0.031323336898590994 0.031232341833804068 0.03115196267358195 0.031082400279977888 0.031023512529406952 0.030974779960450404 0.030935362120561062 0.030904196641197812 0.030880107712299088 0.030861903531448954 0.030848452430702097 0.03083873456481736
0.08990851017539399 0.09690367136045536 0.10205385119316955 0.10461475094380285 0.10417942567950886 0.1007979133780295 0.09496187659247862 0.08746132161843018 0.07917743236186216 0.07089437043832683 0.06318685622410077 0.05639365577585154 0.05065173758797084 0.045955873088068575 0.04221711303361547 0.039307496244024555 0.037088917059985634 0.03542924886419184 0.03421003352486752 0.03332933407854775 0.032702118020284894 0.03225947018347433 0.03194723324219351 0.0317243150658583 0.03156077650036772 0.031435804566121814 0.03133569750826828 0.031251992794676685 0.031179845042501275 0.031116716915641322 0.031061397861492975 0.031013325837076968 0.030972162077359967 0.03093755872282336 0.030909060454765 0.03088608973529338 0.030867976780209434 0.03085400708903552 0.030843469505996788 0.030835695661216602 0.030830087179883302
0.08971753063074782 0.0966010366506045 0.10166106201214496 0.1041601707499153 0.10369430708616156 0.10031143550554517 0.09449681556887679 0.08703165351944933 0.07878830243731369 0.07054391448592592 0.06286882942108508 0.056099901779218725 0.05037398250902546 0.045686781980512535 0.04195079448114298 0.039039686847371594 0.0368170158764107 0.03515228565607601 0.03392858762688604 0.03304538605034559 0.032418811845866105 0.03198078059681565 0.031677558812127235 0.03146804093481447 0.03132186229018941 0.031217449638027143 0.031140119924567042 0.031080336099752665 0.031032205170124526 0.030992265194584378 0.030958567481080692 0.030930027949420257 0.030906002069781818 0.030886030670140542 0.030869706156128676 0.030856616458450226 0.030846333965383377 0.030838426476732062 0.03083247552989845 0.03082809380583979 0.03082493775229542
0.0872959553113321 0.09372448648170376 0.09843640040053916 0.10074454709863687 0.10027185452656139 0.09706088726725871 0.0915607453827965 0.08449727724425192 0.07668437041557674 0.06885129745105807 0.06153792239520174 0.05506780706828698 0.04957726763360715 0.045068842061679 0.04146484947728616 0.03864904468497696 0.03649399783627451 0.03487671342299873 0.033686289108461255 0.03282688749992679 0.03221823502173246 0.031794910456315086 0.031505045673075924 0.03130871880730514 0.031176182448821765 0.031086036564371717 0.03102345458230994 0.030978562732517388 0.030945047343391596 0.030919028565613356 0.03089820276063998 0.030881227870336134 0.030867309874921853 0.030855943199267873 0.03084676065410061 0.030839455718873143 0.03083374877513841 0.030829377333690223 0.030826097339697264 0.030823687952932062 0.030821955874814025
0.08298862579134572 0.08869279699662928 0.09285597345965337 0.09487428528532892 0.09441592460418553 0.09151550689474283 0.08656329179605948 0.08019415377271744 0.07312521373580336 0.06600577529558224 0.05932404400269455 0.053380277414934445 0.04830886913357187 0.044123030399696665 0.040761073036700395 0.038123389109715085 0.03609746433876936 0.034572671392473574 0.033447926976267875 0.032634997696258876 0.03205940172330546 0.031660055699801556 0.03138826322611401 0.03120633712062372 0.031086018615745375 0.031006818446221003 0.030954394504334123 0.030919065486166856 0.03089453159139437 0.03087683753518592 0.030863579186112867 0.030853329868303223 0.03084524819272264 0.030838825081921553 0.030833730482876916 0.030829726906001567 0.030826624787146414 0.030824262063264045 0.030822496441508144 0.030821203391486383 0.03082027602213097
0.07735384004060203 0.08217430156186784 0.08567289593917429 0.08734668581998342 0.08691884150523806 0.0844147059304586 0.08015361902845436 0.0746601822614664 0.06853333087766833 0.06232345912648527 0.05645342135149657 0.05119241494156051 0.04667024411713698 0.042911659707133565 0.039873794401299414 0.037477256444920344 0.03562801561849189 0.034230986371419525 0.033197551273444856 0.03244920989941782 0.03191895498391875 0.031551366243441605 0.03130196902004734 0.03113615270894155 0.03102783097886743 0.03095798579299024 0.03091321945831819 0.030884417118718862 0.03086559046880046 0.030852937403180347 0.030844119802448767 0.030837738182877765 0.030832969098839993 0.030829327547852836 0.030826519304566 0.030824354113802094 0.030822697662779397 0.030821446755740667 0.030820517422554504 0.030819839634217885 0.030819355003780892
0.07102508248761132 0.07491748971249225 0.07772347037554268 0.07904324021271521 0.07865605997615865 0.07657797295642517 0.07305610249093701 0.06850205298890505 0.06339240185053469 0.05817336991068326 0.053196906479898276 0.048696268976082493 0.04479316894024845 0.041521987279932095 0.03885815984345193 0.03674297630003569 0.03510191678923877 0.03385669448694471 0.03293243125031995 0.032261533312144215 0.031785492884295566 0.03145541950738454 0.031231779601890736 0.03108362983955945 0.03098753840756475 0.030926349895474513 0.03088792639762956 0.030863970306969246 0.030848999998947014 0.03083951346965183 0.03083334380006675 0.030829188381589403 0.03082628203948025 0.03082418086953807 0.030822625974780665 0.030821461599034847 0.030820588298870605 0.03081993747759796 0.030819458219284605 0.030819110773775565 0.030818863383644896
0.06458256911136943 0.06759645137935355 0.06975236173779305 0.07074425432545531 0.07040216935392869 0.06873385649469684 0.06592112420368575 0.06227253582579531 0.05815158053922441 0.05390610803009629 0.04981870179786475 0.04608489001205031 0.04281483533539295 0.04004889538598746 0.03777782523531774 0.03596157344153914 0.03454400169539846 0.033463169349137706 0.03265792676179822 0.03207182588726654 0.03165521223522929 0.03136610891549328 0.03117028967146582 0.03104080465217253 0.030957155117529004 0.030904279525501174 0.030871487531395108 0.03085144798887864 0.030839301469981935 0.03083193239735455 0.03082740636689448 0.030824557924242334 0.0308227032496816 0.03082144911556407 0.030820571479517094 0.030819941666346343 0.030819483402651705 0.0308191488671752 0.030818905887086218 0.030818731338767277 0.03081860781830734
0.05847142305302913 0.06071609497072318 0.06230813888417972 0.06301958047881995 0.0627225670680296 0.06141815905466225 0.0592341906912782 0.05639316449233571 0.053162557298525405 0.04980458944160806 0.04653905374706074 0.043524785309336164 0.04085783141192803 0.0385804044661679 0.03669438190813035 0.03517487694917111 0.03398157933028614 0.03306721312002192 0.032383355885892244 0.031884177351893174 0.03152864861965357 0.03128165264470515 0.031114307344247086 0.031003733193645345 0.030932453159914768 0.030887585585301906 0.030859964463082822 0.030843290059982115 0.030833377657852577 0.030827538538227 0.030824100064520774 0.030822053269454284 0.03082080660745518 0.030820021674667776 0.030819508317643567 0.03081916042622626 0.030818918206108332 0.030818746875483017 0.03081862508576857 0.03081853884071873 0.03081847838358906
0.05297525308121194 0.05458606656544787 0.05571805787879802 0.056204190449808025 0.05594936330664392 0.05494972668929368 0.053291541045464005 0.051130128739238 0.04865659636532291 0.04606316038440577 0.04351613206348525 0.04114084660819532 0.03901801766935647 0.03718813812808473 0.03565993596454825 0.034419734142186374 0.03343986073311812 0.03268535741745625 0.03211891452186338 0.03170426550620271 0.031408346692461765 0.031202500540006593 0.031062953121301324 0.03097076011816811 0.030911392124875207 0.030874109968336543 0.030851256367678364 0.030837559845600132 0.030829513658479336 0.03082486169022987 0.030822198802011955 0.03082067681078795 0.030819798684945075 0.030819280961912342 0.030818965659287576 0.030818766144965027 0.030818635162170226 0.03081854664718066 0.03081848576017997 0.030818443600692635 0.030818414484417207
0.048231716305825637 0.04934471713530967 0.0501190474558099 0.05043309162758956 0.05021614010073647 0.049461087634200304 0.04822388542019719 0.046610061014593654 0.044752931654732826 0.04279019529389802 0.04084475914046589 0.039012947419429386 0.03736027741857784 0.03592302917413588 0.03471318285461522 0.03372460528965376 0.03293907646308862 0.032331436813011045 0.03187361830914529 0.03153758376188943 0.03129730643763137 0.03112995078414804 0.03101641554865467 0.030941395118927895 0.03089310714250853 0.03086282107572478 0.03084430101929091 0.03083324851253491 0.030826801161519195 0.030823115800339793 0.03082104366642053 0.03081989105861834 0.030819251597514943 0.030818893941891058 0.03081868977849867 0.030818569473674215 0.0308184957977317 0.03081844892527539 0.030818418172243706 0.030818397594318092 0.030818383711589473
