_RESULTS/REVERSE_NEW/Berg/IZ/8comp/Berg_IZ_z_250_kriged_reverse_8comp_test.asc
ncols 100
nrows 90
xllcorner 5.6208707817415728
yllcorner 50.959635321741573
cellsize 0.00013419651685393446
nodata_value 1.7014100000000001E+038
[rows 57 to 75 of 90, columns 0 to 42 of 100]
18.97620196919756 18.94035418568389 18.86589660740461 18.759622061721142 18.63077477568219 18.489878702945077 18.34746815299442 18.212935957306986 18.093666937798993 17.994545748940418 17.917842472473637 17.863408325586523 17.829071237144845 17.81111119176786 17.804714091531228 17.804340397869016 17.803988717178743 17.797374653192577 17.778076034515028 17.739714223459043 17.67624393391767 17.582405298948125 17.45434844282226 17.290377411456568 17.09169333195911 16.862970600866127 16.61259766606171 16.3524649336142 16.09727539537466 15.86346030048562 15.667865078245097 15.526389314017273 15.452697304125179 15.457017157493905 15.545049410322978 15.717145501004797 15.967992780416946 16.286878752750013 16.658368065073027 17.063221483594106 17.479667868534186 17.88548567744758 18.2614168566859
18.68883093564021 18.66630193140279 18.613878308962807 18.5369580237171 18.44282214219442 18.339692630643455 18.235713712581575 18.138030386489636 18.052101782157497 17.981323853760966 17.926964225496285 17.888350546947855 17.86321636717124 17.848101480723376 17.838724152607362 17.830279780447842 17.8176599624212 17.795616386393846 17.75891190603521 17.70250862006833 17.621840790416172 17.513205755771402 17.374274509534334 17.204677154786722 17.006568628284256 16.785045866058983 16.548287429140633 16.3073286623579 16.075460647996643 15.86732287242836 15.697810518619523 15.580908756582494 15.528513434121749 15.549279008973036 15.647616764380137 15.823069176467708 16.070232631008977 16.37917881079356 16.73615699506167 17.124423742805707 17.5252831520587 17.919650223441476 18.290495980443993
18.426912121919294 18.41479220560402 18.38043617665809 18.32810120808191 18.263434173714764 18.192717561006255 18.1220595808634 18.056668549377196 18.000324308167933 17.95510800936632 17.921390616684317 17.89802649374615 17.88266560727513 17.872093937747636 17.86253482103869 17.84988220374618 17.829873166576814 17.798228972797407 17.750800008420473 17.68374737545259 17.593788305993964 17.478522368455316 17.336835166504518 17.169344553375666 16.978818668950403 16.770469603179304 16.55202579556992 16.33351721180893 16.1267626637886 15.944606458577953 15.799984322888447 15.704894386167087 15.669334659642157 15.700295226000135 15.800964013700113 15.970329031046434 16.203253821242384 16.490929969968747 16.821528743571648 17.180950076361444 17.55372411909461 17.924245047895113 18.278526055525347
18.196838728315708 18.192384613258366 18.172151380340885 18.13949541616276 18.098754945064975 18.054645225903005 18.011615343982427 17.973280730460683 17.942024933434194 17.918821645340568 17.903274858770807 17.893826184465787 17.88804848702542 17.88294354944241 17.87518757920808 17.861308782867855 17.837816035197605 17.801312664199916 17.748625413974768 17.67696776667245 17.584148837851878 17.46883330292718 17.330847099243314 17.171503846973675 16.99390204257157 16.803123553812192 16.606261153309138 16.412222623483792 16.231296857474632 16.074508622987427 15.952816592791269 15.876220353399425 15.852853842431294 15.888173357871041 15.984378683748762 16.140182263562437 16.35094546614512 16.609095610430018 16.904705457493773 17.226172967582627 17.561028611340763 17.896957557496524 18.223113809570282
18.00097533294055 18.001624097533337 17.991702878765626 17.97388465151557 17.951506247436797 17.928078433747025 17.906769630872667 17.88995803387257 17.878932146870206 17.873784393212638 17.87349494199518 17.87615683234822 17.879264436841066 17.87998686853259 17.875376456898636 17.862505376004588 17.83855793473163 17.800916107873167 17.747264513786515 17.675724543949457 17.585018488674063 17.474662614291926 17.345184476142382 17.19834833231163 17.03735520931737 16.86696864415732 16.693512193338663 16.524695737521828 16.369252858125304 16.236402855414287 16.135178728214715 16.07368363746247 16.05835789551861 16.09335707550966 16.18014330660071 16.317355463127463 16.500956404050605 16.72459691043542 16.98012329063065 17.258188073117452 17.54896993459348 17.843036580378243 18.132369923724124
17.838445143014084 17.84179854574865 17.83856678024711 17.830928357610347 17.82149753133438 17.812920805508575 17.80745211707421 17.806587238941283 17.810829193776616 17.81962772364746 17.831492610062174 17.844235287614417 17.855262528500273 17.861844282785952 17.86130714920751 17.851149872789577 17.829111965852498 17.793233929117548 17.74193239838839 17.674095077470213 17.589192334525784 17.487403273754815 17.369754260060425 17.2382610074844 17.096052608385577 16.94744314944363 16.797910516924823 16.653947232848545 16.522765147531317 16.411860521068075 16.328472364498896 16.27899030267857 16.268386097118785 16.299750792694415 16.37400899147599 16.48984905289748 16.643863938403182 16.830864005110517 17.044315820652724 17.276877304999154 17.52102317690267 17.769767547905012 18.017478314131413
17.706057493967602 17.709845446218043 17.709871387650274 17.707975287815877 17.70629231670027 17.706914729246364 17.711529215855222 17.72109925924188 17.735660305600778 17.75427417759944 17.775150143134418 17.795894129687387 17.81381282025268 17.826193364202958 17.83050677977029 17.824527954642345 17.806399884351958 17.774676939762514 17.72836777052826 17.66698277098832 17.5905860572141 17.499854307562384 17.396145210748948 17.28157205465277 17.159070151541165 17.03243012863609 16.906267287619457 16.785898638817272 16.67711102264329 16.585823160980947 16.5176672668302 16.477536780132453 16.46916084086955 16.494768510034937 16.554893314329956 16.64834330945766 16.772332550371996 16.922748663523006 17.09452530663246 17.2820958709834 17.47991730575294 17.683059631586094 17.887847879968007
17.5992244700787 17.60125637548688 17.601260978341955 17.600857860138007 17.601906084700836 17.606219545771246 17.61524547082066 17.629765183273026 17.649683256539305 17.673959524743708 17.700705572200615 17.7274211367296 17.751305066989936 17.769561195852482 17.77963978608842 17.779395527259762 17.76717618123451 17.741865592867285 17.70289768801505 17.65025126276112 17.584436081266 17.50648328963115 17.417950075592994 17.32093916534583 17.218122332792717 17.112747831854765 17.008607109533234 16.90993788011873 16.821249418454578 16.747070948418628 16.691642287119475 16.65858284275109 16.650585687637896 16.66918390596456 16.71462566052171 16.785875401981283 16.88073796440832 16.996087233991123 17.128175802532425 17.27300571210765 17.426748091098915 17.586204051658584 17.74929359905564
17.512767702205394 17.510881598448538 17.507675376455968 17.50462290134299 17.503464697481892 17.5059762073346 17.513677364716994 17.527529105823408 17.547680417108555 17.5733318332872 17.60275952164474 17.633500791562277 17.662654397683852 17.687221361552886 17.704416971143427 17.711912152118572 17.707989968482533 17.691618081118857 17.66244608691009 17.620746742533697 17.567330218039764 17.503462070072587 17.430805523002245 17.351392496217695 17.267613309674562 17.182206183080112 17.098224856712072 17.018965172528457 16.947838869092255 16.88819453508403 16.843099694516 16.815110928592198 16.806066817333466 16.81693838988899 16.847763235920976 16.89767499986099 16.965024438961777 17.04757659631183 17.142763990221212 17.2479779577732 17.36088627702595 17.479769796616207 17.60386850648438
17.441566162350604 17.433588783304195 17.424005807832327 17.414169867894326 17.405809610020277 17.400864289114665 17.401228546866243 17.408431674034908 17.423306697440555 17.445727446628396 17.4744902564548 17.507384429114005 17.541443411068013 17.57332112950822 17.599713996451722 17.617749338739237 17.62527543026409 17.621012281505685 17.60455684830171 17.576274536723524 17.53713408147912 17.488543167599964 17.432221593740795 17.370121924707373 17.304387036228796 17.237324021377866 17.171372718911858 17.109051307587716 17.05286887087845 17.005204538165263 16.968163511386926 16.943429795223455 16.93214102015641 16.934810268535845 16.951312951295076 16.980945408530456 17.022549520455062 17.074688013285144 17.135850959070652 17.204675684648553 17.28016803912294 17.36191896900611 17.450312098343048
17.381035573711422 17.364770924634442 17.34562986867599 17.3248114645665 17.304081999965685 17.28570583304959 17.272247434255615 17.266233720186953 17.269711017380722 17.283783146585442 17.308251076801255 17.341468098975685 17.380474176532026 17.421397475435178 17.46003680887221 17.492487685376442 17.51566297837798 17.527596629461467 17.527495960182684 17.515590786179658 17.49287634907265 17.460846697861165 17.42128034604166 17.376097752879573 17.327279685602488 17.276822031104796 17.2267021221488 17.178837941565366 17.13503033015759 17.096887523383067 17.065739979977913 17.042560368795236 17.0279071721246 17.021909309928418 17.024303254987895 17.034524587834408 17.051845382391136 17.07554020130948 17.105059243851155 17.140188415687867 17.18118211213827 17.228862914222628 17.284689492444176
17.32745560504392 17.300723264383137 17.268851767143712 17.23279331556626 17.194338299217602 17.15619018058241 17.121868115765842 17.095370454115812 17.080590318672805 17.080566529902075 17.096745330755166 17.128474072790432 17.172913636204644 17.22544206923585 17.280464213303887 17.332402124234665 17.37658349820052 17.409803089426408 17.43047584605309 17.438450897568806 17.43464021014604 17.420615761972115 17.39827508948221 17.369610947129875 17.33657502281494 17.301005192002417 17.264584585899943 17.228809377079752 17.194953480757995 17.164028662304908 17.136746544498205 17.113494256947334 17.09433745392926 17.079062619349727 17.06726494158354 17.058479440007734 17.05234322885291 17.048768122813325 17.048097552807018 17.051221807164225 17.059631788188504 17.07540308207824 17.101116462127813
17.278170600947217 17.238914273084294 17.191273137071075 17.13580062830978 17.074231825701908 17.009766757484645 16.947139543958812 16.89232335347805 16.851785880337054 16.831352469768095 16.834915678363952 16.863368997147077 16.91414930271013 16.98160663538367 17.058129519705233 17.13566972545917 17.207179558487717 17.267565039677482 17.314003333592996 17.345722956974143 17.36348144955869 17.36897604836373 17.36434235081419 17.35180122673972 17.333446161408542 17.311131606363382 17.286419412515468 17.260551671004944 17.234433476503135 17.20862221332818 17.183328837767824 17.158441242205274 17.13358061954344 17.10819915391947 17.081721627075595 17.053725173191847 17.024141449107884 16.993455519713148 16.96286804546661 16.93438473954164 16.910802485268732 16.895576809128116 16.892579443026783
17.231684549802058 17.178162487166208 17.11209439263507 17.033438060603917 16.943732945092023 16.84666695215235 16.74839758424175 16.657363150102704 16.583377838831556 16.536003945274025 16.522503982466162 16.545966544666328 16.604288865151723 16.69046620584896 16.794146006873582 16.903899737406025 17.00942802048964 17.10305852059443 17.180290388612672 17.239529151975187 17.281360283120247 17.307708891511574 17.321115047309068 17.324217737135243 17.31944209882115 17.308837582370366 17.294007656447192 17.276086237716562 17.255736692723268 17.233166886671615 17.20816494318828 17.18016531422589 17.148354930757023 17.111825967023098 17.06977580726294 17.021746329796617 16.967883719323744 16.909187372863595 16.847704172584884 16.786616616436756 16.730175993920803 16.683450733132506 16.651896884658132
17.187656523519426 17.118705778559757 17.032304707168347 16.92760297099553 16.805761744259108 16.670877853295167 16.530651487758984 16.3963895438352 16.28196628945219 16.20161757533696 16.16692208823022 16.18384222490656 16.25092820370305 16.35947467938987 16.495636345498767 16.643687150640115 16.78922787475504 16.92137823861135 17.03359494455917 17.12333172859696 17.191043227389528 17.239024017560002 17.270404492779186 17.288434789914433 17.296051884482498 17.2956593730189 17.289038598813498 17.27732887415962 17.26104244243512 17.240103582869303 17.213915932972462 17.181468076992694 17.141487372325532 17.092648396341236 17.033836491981173 16.964458358948338 16.884779305537602 16.79624995531168 16.701765558317845 16.605784380444955 16.514228162080556 16.434109131811308 16.372881151694642
17.146787963079817 17.062125425421844 16.954678548659217 16.822606669357096 16.666504186084552 16.490737189928154 16.304541824025513 16.122313172924223 15.962486427825636 15.844706789168459 15.785661346921426 15.794775546053552 15.87142461045015 16.004905665559782 16.177245997575536 16.36767845912315 16.55705894352839 16.730865533146616 16.880304773100736 17.001851052551388 17.09591572304596 17.165307366511744 17.21390730474475 17.245729950627744 17.26435918840367 17.27266677607985 17.272704994812514 17.26569103881858 17.25203731386099 17.2314128166755 17.202839511002978 17.164834875808076 17.115611685950796 17.053342566353383 16.97649166230487 16.884207795744288 16.776759680122414 16.65597133693112 16.525585509759907 16.391452251610826 16.261424912012487 16.14486708418817 16.05174660402202
17.110588679790997 17.011081039011057 16.883484591132383 16.724872857813985 16.535131926727193 16.318726343569068 16.086274899182072 15.855200115260423 15.648604208311312 15.491832538752426 15.407072779083531 15.407543340811152 15.493561108825535 15.652287008959428 15.861313984053066 16.094507167910443 16.327748347267384 16.54278071203824 16.728578034449693 16.880714736505322 16.999658506264538 17.088827231711676 17.152934601332223 17.196826286313676 17.22478837262424 17.240206805228325 17.245441917889448 17.241815142341483 17.22965137992549 17.20835899652186 17.176551915629766 17.13222638559386 17.073004716971703 16.996455355302345 16.900495302602543 16.783874787216472 16.64672943018786 16.491156017711454 16.32172332275981 16.14577871915193 15.973377709586693 15.81667965310603 15.68874670759271
17.08102233644332 16.968837942942386 16.823853157147138 16.6420987134842 16.42271463851685 16.17010839735773 15.895990913784495 15.620409727556202 15.370689194735487 15.177480150311423 15.068199917463707 15.059740469796058 15.153383512772661 15.33430045613631 15.575905020858732 15.847036490928282 16.118985035099943 16.370115768731864 16.5874426401789 16.765803588509687 16.905785750488636 17.011408649986222 17.08817370385862 17.141703623517408 17.176939548148688 17.197747536362463 17.206772868622007 17.20542236267719 17.19391088586446 17.17135322367279 17.135907291327456 17.084982266922964 17.015524187065203 16.92438977513803 16.808819410976334 16.667017966354646 16.49883815564392 16.306524767071142 16.095415828740236 15.87441946668664 15.656024269248379 15.455604269968045 15.289893271454453
17.060064344009113 16.938627251898307 16.780846949250776 16.58191885961273 16.34034091994214 16.060368896938048 15.754416647711528 15.444416823987423 15.160859962530676 14.938489523123938 14.808848862839497 14.791800440925988 14.889487814323903 15.085609905426928 15.35037559544259 15.648763775913924 15.94856497172816 16.225601553397617 16.465435528239684 16.662374540765768 16.81711037186823 16.934122269556955 17.019510071107106 17.07949077969357 17.119511984281047 17.14381179692627 17.15524555937076 17.155250140386897 17.143880902912027 17.119905564089866 17.080963492928262 17.023803604123806 16.94461100466606 16.839432509185144 16.704716920637104 16.537990582288945 16.33867754467412 16.10903079223641 15.855058698943845 15.587221260238405 15.320573513543176 15.07401390105402 14.868422842433082
