_RESULTS/REVERSE_NEW/Berg/IZ/8comp/Berg_IZ_z_250_kriged_reverse_8comp_test2.asc
ncols 100
nrows 90
xllcorner 5.6208707817415728
yllcorner 50.959635321741573
cellsize 0.00013419651685393446
nodata_value 1.7014100000000001E+038
[rows 0 to 18 of 90, columns 43 to 85 of 100]
21.213722387549105 20.351956591525344 19.20547759752091 17.86529813317521 16.44258364275443 15.050257250818056 13.787026297176252 12.727364584888088 11.918167085753613 11.380539968427483 11.114216584125598 11.10225949122296 11.314699189516213 11.711116938252273 12.243192120503608 12.85830683411294 13.504452444098359 14.135584646860606 14.716013627270774 15.22269683043009 15.64511529943885 15.983213365148341 16.244302345051533 16.4398274234059 16.582631654922167 16.685015309132677 16.757612815695204 16.808943075453556 16.84542503702053 16.871657277806833 16.890803415497242 16.904978376962546 16.915578398351354 16.92353342153857 16.92948329381931 16.933890882067214 16.9371090055259 16.939417076184093 16.941040023969645 16.942158209293616 16.94291358789555 16.943414819780873 16.943742353549574
22.39864574820645 21.719545336814498 20.702553666143118 19.429512998801087 18.01096528376687 16.566955082506524 15.208487481196793 14.024285429508494 13.074645158728815 12.391422427912465 11.981761245441545 11.833090233539531 11.917693088682794 12.196369502296807 12.621763544163823 13.142250893601204 13.706714056640083 14.269602410455013 14.79510115682324 15.259387044595302 15.65063222228705 15.967152557838915 16.214520272917735 16.402493427356845 16.542383583380293 16.6451675909805 16.720380570932626 16.775660002970444 16.816743343924287 16.84772453229089 16.871414710372395 16.889703700288347 16.903865679494054 16.91478811594583 16.923125945894153 16.92939486998081 16.934021435074136 16.93736633228083 16.939733667923505 16.941374706166016 16.94249083932999 16.94323779516192 16.94373139238628
23.338777853860858 22.896360014490263 22.072707011848657 20.933951768193026 19.583365304162342 18.142721874774402 16.732059306811795 15.453306887398185 14.380865685852159 13.55912314698465 13.004862886179092 12.712046634894621 12.65700240902484 12.803091419264506 13.104941075384142 13.512806653924317 13.977347341813903 14.45440546152787 14.908873643781762 15.316804204376583 15.665461892136465 15.951659481442428 16.179111220090466 16.3555903517327 16.49047718256145 16.592993511389878 16.671164610140956 16.731389536304537 16.77843519588866 16.815671392691193 16.84540102566429 16.86918741688816 16.888125161238865 16.903035225805347 16.914587541539063 16.923366131869237 16.929895453745107 16.934645029372376 16.93802527423513 16.940382665027254 16.941998259021375 16.943090616945543 16.943822449243676
23.932760951286937 23.76503541996822 23.18807913084389 22.246747554377695 21.03030720350526 19.655707108748334 18.246946623504556 16.916262378778306 15.751363118129783 14.80994142863591 14.120127235477515 13.684487321245332 13.485398519806036 13.490474371123032 13.657655599961155 13.940136883349801 14.291268471876165 14.669130007814942 15.040095266395317 15.38074097605844 15.677881737643562 15.927048189826642 16.130077525333306 16.292538848949174 16.42153222509829 16.52412419971194 16.60644305501012 16.673314395068665 16.728267056619465 16.773746748749435 16.811408590530384 16.842400903833425 16.86759159275662 16.887720056911338 16.903479354922187 16.91554511566912 16.924571219167877 16.931170238727013 16.93589180561102 16.939206620503924 16.94149918278918 16.943069064667142 16.94413877542036
24.12281076699141 24.245297191472577 23.949507475914373 23.255189676747424 22.231963978700378 20.985409269982952 19.637359654286076 18.30579632141317 17.089229119238205 16.058035744399266 15.252442389310062 14.685163366600518 14.34645417648034 14.209927198943687 14.238304057282397 14.38888156539884 14.618641286807499 14.888724999795693 15.16776335229463 15.433579904203452 15.673138389623237 15.881064826219662 16.057406666503045 16.205337563876864 16.329301171347016 16.433774457168138 16.522595965021214 16.598711854725195 16.664194815834115 16.720418652537735 16.768295048681562 16.808501331656178 16.841654321317417 16.86841270750995 16.889512547686294 16.90575358393894 16.917958200368304 16.926922487163612 16.93337319706306 16.93793800814403 16.94113112398522 16.943352591574484 16.944897841729908
23.906894530032645 24.309575588606684 24.305338533918764 23.886781973646517 23.099991488688882 22.033759143697566 20.801713564594387 19.522115467157793 18.300316465148818 17.217248227728525 16.324719197387523 15.646222204905074 15.181151089994641 14.910560630415418 14.803276941407828 14.821776360600145 14.927541286918073 15.085578176987443 15.267658356107322 15.453864171730128 15.63231710762493 15.797467126941422 15.947771766667534 16.083655240641086 16.206226347179513 16.31668538085495 16.4160909559692 16.50525038308068 16.584681528715628 16.654665117920185 16.71537435220392 16.767027916568814 16.81000971012463 16.844924225651614 16.872586115567735 16.893961883214235 16.910088398940985 16.921990531661404 16.93061324923423 16.93677574313628 16.94114865735188 16.94425123669121 16.946463150634628
23.34058460352655 23.98785670133936 24.25994341966132 24.12153521353637 23.592944407220788 22.74239921451335 21.670330292866645 20.48991691539454 19.3086412507811 18.214636065815508 17.26948324449939 16.506956617552998 15.93596761756409 15.54580702387523 15.312239827218086 15.203597970372194 15.186412436708732 15.230228952515592 15.311120463007343 15.413253724589527 15.528066958814984 15.65147762896291 15.780664389193571 15.91219647615121 16.04207064624516 16.16670167127721 16.28360355984972 16.391337649790053 16.489089098249927 16.576326936759834 16.652705615544598 16.71812749098406 16.77283307322312 16.817436327209084 16.85288506732599 16.88036487108609 16.901177872644084 16.91662498182151 16.927910605471656 16.93607863849882 16.94198024872478 16.946268753551546 16.949414491593842
22.53052094015087 23.362814554040025 23.871279468428334 23.99281960694101 23.720839799407994 23.100658050921357 22.215897306332018 21.17013391584346 20.068319364595858 19.00180459257341 18.039131951106764 17.22276671510127 16.570497143240637 16.07972940688331 15.733142142127063 15.504727875931135 15.365781037968807 15.290597468841446 15.261234198553492 15.269729184822983 15.315915317338929 15.401090727480021 15.521489129652895 15.666439281012575 15.822053035493402 15.976462262093346 16.1224281712904 16.25671961165342 16.37822671193821 16.486539543642138 16.58141397485257 16.66278862474801 16.73094960846296 16.78662762797857 16.83097586981836 16.865457220390194 16.891690286282763 16.91129682406499 16.92577762052056 16.936428766927015 16.94429907336861 16.950182650443608 16.954637741354777
21.6215195484403 22.558053422726033 23.24018349445767 23.578400911261976 23.53888229605322 23.14258441145796 22.453799189155532 21.562973326492234 20.568418918795846 19.5606862248082 18.611936918894024 17.7709217526831 17.062724407131974 16.491729836542486 16.04634214246527 15.704596560048097 15.440673279100029 15.232760612287072 15.071428227889564 14.964191572649643 14.93005928258807 14.983758833751057 15.120381022501467 15.313685268560247 15.529239572387269 15.740006577916674 15.932593508505771 16.103929345700312 16.255253927146846 16.38827641737693 16.504020922241295 16.603050513863536 16.68597370131641 16.753772236578065 16.80788120496734 16.850095162966987 16.882393331177457 16.90675440506287 16.925002543932692 16.938702395333298 16.94910515207051 16.957138780066387 16.963431843381294
20.775854898170167 21.71937375682582 22.49287072323402 22.98407915183108 23.132814987721066 22.93480546816042 22.433031440924402 21.701949190328293 20.82973009503835 19.902418366957974 18.99238082992001 18.151845604773595 17.41098354302708 16.77921274554519 16.24840394170219 15.797539552587217 15.400040662480322 15.036051086986124 14.708604818838433 14.452946750851838 14.32344454778462 14.35864683722349 14.550110794835364 14.84234105344369 15.164305020477679 15.464548979102144 15.723125646510102 15.941315380798901 16.12704750697177 16.286944889170393 16.424705726777546 16.542124392109137 16.640372473034013 16.72078007424088 16.78511256657096 16.83552929799119 16.87439664085192 16.904070028512425 16.926707620217204 16.94414173768368 16.957812091075812 16.968753354393463 16.97762509742897
20.1406329332032 20.985650520684604 21.75511938562423 22.320592647476957 22.59820114576445 22.558264656923946 22.220688796811395 21.64133568622689 20.89514095295722 20.0603473139086 19.206369247217996 18.386165873209297 17.632724579235827 16.95848940127766 16.356605058935777 15.804224962990517 15.271149187771647 14.739056226717917 14.22899970781982 13.814834427456061 13.595248667670322 13.633608075584949 13.91191188701951 14.335905462908178 14.789121944432715 15.192282262779774 15.521396278249055 15.786489566241405 16.005264196065518 16.19061296659797 16.34928334889492 16.484318578149946 16.59739549746666 16.690145174566165 16.76463899567353 16.823392987249612 16.869158953380502 16.90466539555593 16.932392661868313 16.954416584466486 16.972326384588236 16.987208815051293 16.99968537966247
19.801690098235206 20.44846901802883 21.118227649364442 21.675150941387013 22.016294327862145 22.08743465300647 21.88401391357966 21.440888508614105 20.816964262134483 20.07982723426566 19.293279551270004 18.50879130438809 17.76058355399105 17.063332888695506 16.41164425445582 15.782350076874604 15.144868672793896 14.486905404069027 13.84970950919355 13.339022954065422 13.080417445305248 13.143620282818036 13.494482668452292 14.00892647712906 14.542642755388007 15.004045267033458 15.371949118809642 15.664299843221254 15.904751338121455 16.10897845445222 16.284566922150823 16.43463932559258 16.56081710427151 16.664775840828906 16.748776168614615 16.815634260705988 16.868453287591976 16.910304027072147 16.943950689967295 16.971660217989033 16.995101045192598 17.015322385671883 17.032800050577347
19.73496073456619 20.110809450540394 20.605355031299105 21.08447583798356 21.432165698853005 21.572016191745 21.4746451336034 21.152114307499236 20.645005447009524 20.007963388239737 19.29722028746746 18.561416659710485 17.835668919503362 17.138184973751596 16.46898357855782 15.812201634338408 15.147165736375555 14.473776814001893 13.84322548210175 13.360955191748936 13.13871642375592 13.225420510490585 13.571131039692725 14.05180769593802 14.539556779376925 14.96222633687139 15.308008185007404 15.59370351631641 15.837668372278667 16.05066550247939 16.23702810256531 16.398056748523395 16.53449364662487 16.647708493306627 16.739994640982246 16.81438661457504 16.874281951763322 16.92303874368899 16.9636397571767 16.9984595550783 17.02913917879089 17.056558560846216 17.080892570072084
19.78457486660747 19.868019090267712 20.155457898411786 20.521488424058433 20.843567785775907 21.027266632568715 21.019815597461807 20.809981039085002 20.41863197960326 19.88597757112378 19.259551966856975 18.584738718351108 17.898224687354876 17.224178543207465 16.573101283729017 15.944434634726354 15.335616246111409 14.758814136962114 14.256996435243705 13.89980052627825 13.749579709951881 13.81950287212484 14.059808171314078 14.385778280690554 14.723771327053333 15.03689130949307 15.318599282631917 15.574006654121506 15.807672676274297 16.020568930020175 16.211425305730256 16.378701205888817 16.521845240347425 16.641752372609833 16.740667018330115 16.821784195785504 16.888737623383015 16.945103190362854 16.99399354530615 17.037776137839046 17.07791844834227 17.11495113026191 17.148536547622946
19.697644129358924 19.532781857424542 19.63995273300048 19.90589233925485 20.207425539826097 20.437657284175113 20.523820675980733 20.432541828719042 20.164815919619404 19.74588692535186 19.214277233847458 18.61227646059093 17.97886260755869 17.345382133788213 16.734123178982962 16.16000495670876 15.63547036322315 15.17713913615568 14.809489597155457 14.559526827454516 14.442787167982729 14.45154813356749 14.556930406746469 14.723548191431371 14.923572095718749 15.140594079438838 15.365512785946677 15.591534834350718 15.811919625369194 16.02006903997154 16.210454617152376 16.379405611675242 16.525437294975976 16.64914406053371 16.752790201671313 16.839735456076493 16.913810978986383 16.97873801284337 17.03765333216945 17.092773652925285 17.145206003767928 17.194898978986714 17.240727012786863
19.216580659176223 18.90511041706705 18.913559795991038 19.140178844282893 19.465119130135673 19.7745066954411 19.979987618638443 20.028516870500162 19.90224561733372 19.611887229476146 19.18733795311792 18.668235636767317 18.09605030456162 17.50855884552006 16.937006074243165 16.405732909390476 15.933477425696175 15.534984168726297 15.221418141280676 14.999054987922229 14.867577923155828 14.820130708150483 14.845649915017232 14.931727441004078 15.06613902162993 15.236921540739107 15.432073672464991 15.639705927297609 15.848716390136783 16.04965644596308 16.235438996869362 16.401695964217488 16.546750347314887 16.67127109793958 16.77771723584001 16.86967155703562 16.951147779929705 17.025944455446336 17.097106148850923 17.16653045119273 17.23473730837294 17.30080527368988 17.362475997652176
18.19101539971285 17.862215489851515 17.883447396091494 18.161075763123865 18.57985251147903 19.02262419178268 19.38927654098568 19.60985852711262 19.649379689483396 19.505165954838816 19.199451520309765 18.770017154074853 18.26110116544226 17.716090166794082 17.172753297904286 16.661033608084942 16.202797832225635 15.812674605931159 15.499243797098327 15.26619269820537 15.11332288438822 15.037341740478752 15.032367927297019 15.09019727395658 15.200535543799488 15.351430232071598 15.530006983269127 15.723450783869328 15.920060717320183 16.110175127642695 16.286800434090722 16.445857695282992 16.58605480911512 16.70846443149975 16.815914142112483 16.912280889848386 17.001758719694035 17.0881612242565 17.17431923043521 17.261623266430835 17.34974289169867 17.436543558102628 17.518217161047335
16.650910930323843 16.4240544170673 16.56459065415857 16.983706115859235 17.570144994381263 18.204724258693044 18.77755057274114 19.20364320954206 19.43242455397188 19.449241665935755 19.270096018816346 18.93231740504714 18.484075395581144 17.97506172516621 17.449806604739543 16.944095747696828 16.484074794116673 16.08712177768304 15.763499997462208 15.518032954760647 15.351385946966122 15.260862328051228 15.240846465509684 15.283120126061059 15.377263537534947 15.511271047862 15.672405055169703 15.848210552399285 16.027540613060488 16.201419534056523 16.36360101487708 16.510750697582594 16.64226771510347 16.759826106369122 16.866739705985992 16.967234712194394 17.065685721202904 17.16586553147699 17.270270029370298 17.379581702108457 17.492325014353405 17.604757260840092 17.71103260082876
14.797087294442699 14.753646987790066 15.086737286228203 15.71155729476788 16.519991700155416 17.39025011193282 18.20254193802664 18.857211037353906 19.288946048439538 19.472490682197186 19.41941422562752 19.168595572934123 18.774069516108455 18.29349266664601 17.77945122790384 17.274522913769985 16.809775798316753 16.405624278774546 16.07380303688978 15.81948942559962 15.64303221018748 15.541133056123503 15.507584993015843 15.533786376282732 15.609248915941395 15.722246047780027 15.860642972940727 16.012846583403036 16.168741199404685 16.320453831417712 16.462823345220766 16.593515569061687 16.712803202547637 16.82308651597755 16.92824761640115 17.032908320007543 17.141631807650036 17.258107693968803 17.384384636644228 17.520231940709298 17.662710818277525 17.80602990933076 17.94175250675722
