_RESULTS/POSTPROCESSED/Berg/TZ/5comp/Berg_TZ_z_500_kriged_reverse_5comp_spherical.asc
ncols 100
nrows 90
xllcorner 5.6208707817415728
yllcorner 50.959635321741573
cellsize 0.00013419651685393446
nodata_value 1.7014100000000001E+038
[rows 19 to 37 of 90, columns 43 to 85 of 100]
0.20380856120934487 0.20731901391911958 0.21859458101663917 0.2335772508363857 0.25083268300224165 0.2688941832694155 0.2864463073368523 0.303205420005179 0.31973517574820626 0.33721078689828243 0.3572407280215354 0.38180668095046205 0.4119505201104844 0.44281480654253974 0.4741550101644961 0.5043836908139718 0.5323160693344797 0.5602818789796091 0.587063198416786 0.6222447992576431 0.6659223121598337 0.7048742428276931 0.7137355098753173 0.6931631308689329 0.6556311750238156 0.6114038244993051 0.5659945081556094 0.5220029402664884 0.4805891326267347 0.4422196257288815 0.4070207437661174 0.3749488047720781 0.3465665077145752 0.3296950826586826 0.32556253526382334 0.3338951710393724 0.3545962040484075 0.3886612482159988 0.43807541761702423 0.5057648255902256 0.5942146767783579 0.7002055515814868 0.8203347603685679
0.1853915893705382 0.19850059315620117 0.22084973150545562 0.24617264003826983 0.27164552431187416 0.2951584914842212 0.31528701196429637 0.33217210092537647 0.3470580531272758 0.36178347493679125 0.37845797153015265 0.39937454995446975 0.42460430091245266 0.4493035034793865 0.472191188142151 0.492228217175387 0.5127309529625214 0.5337265291769131 0.553815870387634 0.5812197558045202 0.619991321532108 0.6621144856755753 0.6759873460765271 0.656463217168939 0.6221716396453575 0.5828691312706078 0.5426133951218646 0.5033502500537212 0.4660461226149235 0.4311617791502404 0.398883615715771 0.3692450700411042 0.34697843035461706 0.33840096759870086 0.3419655228650985 0.3588664248027597 0.3902250958333876 0.4382019169263147 0.5062851005426722 0.5993589134552422 0.7213180890857803 0.8708492564837911 1.021993773719575
0.16666568185858252 0.19362047239665295 0.2318099065780739 0.27146488390047957 0.3073547227730345 0.33661213995796774 0.35796238660852164 0.37266976966509185 0.38333466309178876 0.3928700352457829 0.40403931514806735 0.41943541510013677 0.43722184824391985 0.45108954101525284 0.46162583910549887 0.4722694250741143 0.4843932424872712 0.4976873239241787 0.5111340480690206 0.5316404980514823 0.5667282545205916 0.6163115789639215 0.6320900573529565 0.6079337524565669 0.5779471941110638 0.5451907026731693 0.5115899628064265 0.4783368888543917 0.44621418103332133 0.415705224364435 0.38708664648313246 0.3611825236975025 0.3475066247481315 0.34729876015117 0.3594970108212079 0.3859684821568863 0.42969127011120467 0.49437402687000886 0.5856181639805065 0.7111348010081022 0.8767682636094192 1.0750806169259743 1.2212188055854785
0.1517692194943874 0.20127925784434716 0.26121363055607427 0.3199548909087419 0.368127325878924 0.4015701001322428 0.42019801737411344 0.4280617834350233 0.4299943993830528 0.43011605211065085 0.43207368673285235 0.43748823804156506 0.44128643415664554 0.4410647730174513 0.4401841911628115 0.4413607126628766 0.44515055379962626 0.45139477113383103 0.4590235972188268 0.47296419455933586 0.4996604172892515 0.5352522421207884 0.5538876146515838 0.5436375793871968 0.5243524141627046 0.5008163756929345 0.47519159610561 0.44881633976167556 0.42254161445311544 0.3969617257610289 0.3724780092658941 0.352840326414796 0.3474601991041785 0.35554061686581545 0.3769683488006625 0.4138914214470213 0.47150720634868154 0.5555760203692353 0.6745613021940148 0.8397014505817443 1.0632143210804352 1.287770834686086 1.4273206540862153
0.1721395125221343 0.24106557648736507 0.32641615470037894 0.4098621506218458 0.4708813978835141 0.5020500678702123 0.5078668370477889 0.4985187432151693 0.48335430885841574 0.46759940791654453 0.4543986014760394 0.44459238002726903 0.43241339259876665 0.4196314848071638 0.4083531433935841 0.4002211217010515 0.39608933405218033 0.3959043706249118 0.3990434120867638 0.40865097267769945 0.42824334352213933 0.45278545328517605 0.4733216542033773 0.4769479810929843 0.4686392052729576 0.4539817360993113 0.4362482873066728 0.4169318189317524 0.39666344834060274 0.37618280190098563 0.35601883251845984 0.34399747066559266 0.3462947341112144 0.36233563330048896 0.3931278873555529 0.44198623227333445 0.5159072485447612 0.6231538280524962 0.7757988771564448 0.9949560912240394 1.277402257393624 1.5120915792147183 1.6393652291645917
0.24732069782144547 0.33130902353596436 0.4511113445733483 0.5717072468182401 0.6418243567556106 0.6483220857991053 0.6184908741187684 0.5762230209757278 0.5337491791691945 0.4962070820104431 0.4654813815316168 0.4388586613547329 0.4132315067813476 0.38973186334758375 0.3691301510909604 0.35444408699479635 0.34714329220066614 0.3464757678577704 0.35009751147904533 0.35983304255744386 0.37745823544606527 0.39943482486753407 0.4220955448108299 0.4340936490080654 0.43324337133497537 0.4228232401603584 0.40719269800583974 0.38917659857877296 0.3711125072770665 0.3546147405595482 0.3392104912735233 0.3345932809873959 0.3452484519258764 0.3716219702387047 0.4154493816341187 0.4804247966297085 0.5755231055288488 0.7132229688895054 0.9178544212876206 1.214778222670076 1.5397003756492844 1.783362635101559 1.8919167026046215
0.34830488481246297 0.46804601268253265 0.6518748592143327 0.8458630576940505 0.8987714667008607 0.8272700431830664 0.7312695662324681 0.6432836061073629 0.5695664662417181 0.5099856269920432 0.46318977933652833 0.42281175644510205 0.3865781557228378 0.3570362270330551 0.3345869694471979 0.3185178587053002 0.31007055280441453 0.3100584043196401 0.3158883511429395 0.3283216354572198 0.347344506843178 0.3704110898500737 0.39571939484442864 0.41331155825984117 0.4185661311182735 0.4127061468810851 0.3981287256762878 0.377945435459424 0.35541820960031517 0.3341086425831267 0.31971740857230063 0.3240503423661806 0.34623521403969154 0.38640823385149975 0.4473654977567827 0.5330760648443844 0.6546877099321251 0.838635178541579 1.1141608135743541 1.497054455520592 1.8623389975534879 2.1157333788833013 2.2032283029728763
0.45086484445409547 0.6131703164366255 0.8782955069970726 1.2533311027096166 1.1867486604361086 0.9769613193483833 0.8090303023151686 0.6802553660396277 0.5818111398523891 0.5076150060941228 0.4493801349475521 0.4005350512172342 0.3634597600124177 0.3347821714972748 0.31184480895205974 0.2935257086439272 0.28235719419915806 0.28409176204024555 0.2950805511577589 0.3126398266482832 0.3353656149304599 0.3616530906006018 0.39061605846683517 0.4128918597080001 0.4192195526723206 0.4074160925755387 0.3829922135984142 0.35187225017463974 0.3217830542865182 0.29850373907495525 0.28496859806513913 0.29065119758855035 0.31782425600252556 0.36987967570112484 0.449308312516106 0.5646044006464987 0.7379380936505437 0.9988036877688979 1.3746121848128612 1.8428482614031172 2.2527478760407473 2.5134753749478214 2.5732886298594564
0.5247470603111392 0.6992935836362048 0.9544232145409696 1.2287836318759287 1.196061541045908 0.9976377235102881 0.8183744857445666 0.6787977391245266 0.5733082469663925 0.49325210756399107 0.43097139390124967 0.38563243421711974 0.3516375948900633 0.3249813216084085 0.30270491365826724 0.2826264335474674 0.26452216210657875 0.2702237253285852 0.2896821922667267 0.3133672254752222 0.34114179158154845 0.37224754567506346 0.40126096498507074 0.41179969123358373 0.40143325110406486 0.37557248615857347 0.34089437354388713 0.30563487842082376 0.2751744106558557 0.2520730268517299 0.23954418936328087 0.244990662376252 0.2702293384035458 0.3208239784390895 0.40726989927082097 0.5432174010883286 0.760317055650448 1.1018876195567116 1.6221457806025834 2.2307898652528957 2.7164669390685434 2.976835707698375 2.994828265504346
0.5483045097305342 0.6968340585050226 0.8735656482801205 1.0142304880995718 1.0183795559308424 0.9078411285887336 0.7706715049630908 0.6471278444388149 0.5479092119533683 0.47219811220808716 0.41804094396421093 0.378766316766633 0.349578141126731 0.3269384841488487 0.30820321050722854 0.291623413968349 0.2788459884149804 0.2844710832693364 0.3047437624088999 0.3324489720448397 0.36424452671888274 0.38725609361619007 0.3980518582964639 0.3891693585990327 0.36222523696210096 0.3244329094340666 0.28553625249899395 0.25141158304167616 0.22325285022508026 0.20165496881059758 0.19013586113228914 0.1943523553799618 0.21572609495859912 0.25942056298165067 0.33762700419995284 0.4778747882932633 0.7148232938679033 1.1066943358238013 1.731723296824345 2.475299202425568 3.1253358318505167 3.487065103878583 3.455844890232207
0.5314591597639939 0.6444633673895056 0.7606428727981921 0.842207737610759 0.8503366770396243 0.7882107190375262 0.6942863285727493 0.5978130286367105 0.5149099304306541 0.45384562203385526 0.40985481784645117 0.37838681329352186 0.35526173314670045 0.33680687579256735 0.321967234099087 0.3107690260406546 0.3059021726440956 0.31171907922746456 0.3311509954439501 0.3578154404764887 0.37408644818938563 0.3780592831161281 0.370726995938095 0.34647856979446306 0.30860238321184985 0.2667816709698356 0.22854638346970652 0.19661184930038558 0.17153029580598933 0.15302047836786595 0.1426505056660937 0.1452368786053436 0.16184972590422994 0.1969088957774151 0.26354637137463116 0.38714169306866375 0.6149018810063469 1.0166285062231928 1.6854532096925376 2.5136139115547143 3.2987622235968526 3.8178522444324123 3.8955116866895594
0.4952299674778686 0.5793821555333777 0.6574582931731907 0.7086286792731938 0.7153844656548454 0.6778063716250585 0.6135284022500451 0.5429491996620001 0.4842203841283612 0.43864479866103107 0.404405290342175 0.37778178372013715 0.357628032841894 0.3429126117546185 0.33300182224812847 0.32800161871885364 0.329192589061207 0.3389354845063472 0.35668970110837445 0.3649696533580386 0.36137343198112015 0.34689663801398657 0.32296680890228363 0.28654719688911573 0.24503826027949305 0.20673992784764195 0.17367825880503954 0.14646105353617694 0.12506945134143738 0.10988354132891844 0.10123899715660684 0.10231461562624031 0.11423276023780371 0.14101497836260038 0.19413764319473767 0.2943773372819069 0.487137267946766 0.8590647441129491 1.5102623872633454 2.36001968240139 3.230721931719237 3.883303061603526 4.096808374103283
0.4542367488699791 0.5170052377634813 0.5713861033828405 0.6055558253306134 0.6107237097361146 0.5866564603275625 0.540065041063343 0.4938140344607554 0.4551395945513694 0.420693898589219 0.3912403433333862 0.3684456745970767 0.35250186468575084 0.3426067787312348 0.33833461775368534 0.3396581283505501 0.3470028406650359 0.359426487411635 0.3617027105847205 0.35204125114984613 0.3314180526826015 0.30300657251304214 0.26838482160961574 0.2270164479283529 0.18810302063471454 0.1546122892554339 0.12693483713471723 0.10505168960248863 0.08846912094250967 0.07643379438313369 0.0690235524769828 0.0685613365739058 0.07610162816055155 0.09533709333974946 0.13460629980328456 0.21087322174408543 0.362621908032667 0.6724401855155689 1.2567440340054141 2.070036360860038 2.970115934572751 3.7186329145766757 4.060728445757646
0.4153440088651727 0.46286909242890234 0.5022896140425014 0.526545302411575 0.5306618831242724 0.5113163591845781 0.48020132378132385 0.4506317178050232 0.4203652929418245 0.39205530057752497 0.36844924029997234 0.35119752864715603 0.33991323267351126 0.33494548237394783 0.3363003379629164 0.344018379274062 0.3566701228457449 0.3587727710864613 0.3473810396145219 0.3258242163229858 0.2969136675487929 0.26279468853831206 0.22246197544915908 0.18106989495810183 0.1447686622019555 0.11481967661996799 0.09137063664948514 0.07364878999800495 0.060816889593081916 0.0519795136786552 0.04647585208674216 0.045249041165913655 0.049462333672063596 0.06195069246646813 0.08853354476047444 0.14268063973929115 0.25562870531120946 0.495005283193708 0.9802550940922573 1.7142139821829574 2.5930439886054555 3.3969392003351513 3.8537417994208454
0.38124929833522375 0.4182108006764881 0.44815711158027827 0.4656678016728095 0.465467975413423 0.44894252335782125 0.4297383637081241 0.40587463619367 0.38057473462469094 0.356824614503012 0.33702902506074106 0.3261347677199667 0.3204044803231747 0.3198403055439714 0.3261951302325544 0.3400220203739654 0.34751322901941006 0.34151321762612746 0.3259978476908851 0.3013598548815745 0.2688973533470051 0.23069494681273867 0.18708175453723316 0.14660358817303376 0.11236305303916887 0.0852712687341609 0.06503723305732804 0.050597314758615106 0.0406414938475367 0.03414308295487837 0.030282195810292182 0.029226759606339827 0.03154675661994002 0.03951499791069833 0.05704834128539311 0.0937128332674885 0.1725483760009635 0.3474867708586666 0.7242392771954755 1.354824467124987 2.1745318853479274 2.9967989998080156 3.550469874964515
0.35274069850522555 0.3821368823374976 0.4037624014218002 0.41386793776832415 0.41009762970093444 0.3974716253351801 0.3807099010440488 0.36083661751394663 0.339718286442512 0.3199415917104836 0.3041932538209944 0.29596297739154226 0.2934399446198789 0.29679831176412375 0.30763697381597904 0.32199610279814916 0.3262584384390788 0.32165270429365866 0.30720263690729493 0.28248294536027624 0.2486666152627259 0.2066977619860846 0.16155099585523047 0.12132473510693524 0.08847743768101174 0.06364207629932199 0.04601639947563836 0.0341223637970882 0.026373486892526807 0.021555449719566265 0.018871657253896373 0.01805784858943766 0.019610679214396343 0.024668983028767664 0.03613389373219112 0.06085880229022771 0.11514024695201941 0.237894366924043 0.5160095799317225 1.0334604667014409 1.7710514915429871 2.5811195959822744 3.2102208561969303
0.3269938262472542 0.3487937065915534 0.3635456388232443 0.3687382577821936 0.36241989620206344 0.34959483425987664 0.33417678349704055 0.3170687906264583 0.2995316097654441 0.2831061855566158 0.2701172193301115 0.26236939757022365 0.26051741583664695 0.26565444496747814 0.28024952204650555 0.2945918970876532 0.3026825703734519 0.30285760501516884 0.2927607390029741 0.27075597101473026 0.23692899293425584 0.19122011011969903 0.14443713916130468 0.10338984585354533 0.07107630495870564 0.04787541713462601 0.03236177168566317 0.022516759191385863 0.016520607666834063 0.01301297313129317 0.011185676787513964 0.010628872519555334 0.011668908825052811 0.015020184821627088 0.022511492411937846 0.03912878251341389 0.07654768301881906 0.16327587349029665 0.36627084072602833 0.7711294212639069 1.415659558403926 2.1901320824353565 2.8701432784870677
0.3007663798491074 0.31715941067719977 0.32736754122315664 0.3294405969317527 0.3190985112947876 0.3058240846118898 0.29125881556892497 0.27593315151349584 0.2606806815780467 0.24656361745332916 0.23473207122984988 0.22663735630379456 0.22389234298015043 0.22957197409508534 0.24779640734293096 0.2642471418636203 0.27773571120487195 0.2851754169438107 0.2825078450957894 0.26619689414751 0.2324559139911431 0.18393246867194402 0.13420322557827824 0.0909518967490566 0.05828515391249216 0.03626701837487643 0.022590607370536316 0.014540508205163255 0.009977209213449538 0.00749070573526524 0.006278361212034021 0.005951523250329718 0.006617441708132442 0.008804887636012868 0.013784947416169315 0.024963218616553148 0.05104962249067955 0.11339791697067474 0.2634644815415587 0.5813833268119795 1.1235151396688987 1.8436256484394304 2.5480903222409506
0.27580123500845943 0.2884109758684398 0.295880518893206 0.29365565203288996 0.28086330166497897 0.26738569416189856 0.253406442282907 0.2391767646278721 0.22516963282661454 0.2120196324744087 0.20055634293962288 0.19179833948770705 0.1880118473009851 0.19715363837940264 0.21471357307825306 0.2340967337828064 0.25424014296772207 0.27077594877532785 0.27828679890095026 0.2699979552526119 0.23728705087626337 0.1861170495035577 0.13101883726284055 0.08328207439095289 0.049079347277571156 0.027802203670709506 0.015716468881719847 0.009210241272510014 0.005813834719950147 0.0041000557919573626 0.0033206517229684585 0.003146549381211209 0.0035695815348107465 0.004952523578021626 0.008258564585069935 0.015888241398506114 0.03444813510229927 0.08062492105575005 0.1944415509432323 0.45044913256375874 0.9074718435606098 1.5474240454539785 2.248236431803848
