_RESULTS/CROSS_VALIDATION_POSTPROCESSED_80-20/MHZ/IZ/8comp/3/MHZ_IZ_z_250_kriged_reverse_8comp_spherical_3.asc
ncols 100
nrows 81
xllcorner 5.5967107548124995
yllcorner 50.982328804812504
cellsize 0.00017565037499993607
nodata_value 1.7014100000000001E+038
[rows 38 to 56 of 81, columns 0 to 43 of 100]
34.71211294610044 34.62179900560578 34.48218821039807 34.29810120351456 34.07606274924918 33.82462651542327 33.54970214924558 33.250044749857196 32.94274470414067 32.64678572874329 32.379745569240534 32.15549967188767 31.983217661612567 31.867147049479822 31.809903326006218 31.798781297391436 31.830095632198148 31.902677544771702 32.03041550059691 32.237655593381994 32.51567201566667 32.855750678192024 33.249722066235606 33.68988395664005 34.168901115656084 34.67958678677511 35.214717690170176 35.77853602180075 36.38267501020026 37.026537858649974 37.700091781484836 38.38729757368706 39.03420803084083 39.60742279816214 39.98309781908031 39.71374257919552 39.01043067286243 38.16441248852468 37.227727886037165 36.218671813470934 35.15202257148739 34.047248534150256 32.922947950231475 31.75829257705066
34.675131481436786 34.57227628551036 34.426347477079666 34.24329512133049 34.03057549493367 33.79440872617085 33.52755551128833 33.242044067388 32.95464383725223 32.68190304786063 32.43834604667502 32.23486815814968 32.07781935692405 31.959800671418503 31.88259186758746 31.861123563701675 31.884086722602728 31.942613627119858 32.041610182757175 32.225227278832726 32.48613577088202 32.81530606962875 33.20363220026435 33.64198070172218 34.121202793059695 34.632032962049294 35.166997707664244 35.73912182591003 36.34427646039114 36.97039183898363 37.60763002712664 38.250668342392785 38.843253528605295 39.29412957067363 39.485298207776715 39.28514706562141 38.74714355081083 38.01080828817142 37.156574933423556 36.22376418760323 35.237359262332504 34.21895525217639 33.15934210005572 32.06970668492634
34.60317150417646 34.48718196513244 34.33347711208441 34.149062025924046 33.9418991343554 33.703769697039675 33.43822340620643 33.16046717390703 32.88628807272216 32.63095188107888 32.406960746496786 32.222492089568085 32.08221075319882 31.985564825885792 31.923158949867908 31.895026920551935 31.905395810463226 31.937997077483505 32.00818107380336 32.16576289728557 32.406747331168795 32.72659010870639 33.11304135867348 33.55111510135204 34.027012727933474 34.52823154155851 35.057205252877324 35.62000952689689 36.205553176404095 36.79488716481793 37.37849803657757 37.95087042508258 38.47493042821042 38.82046596636906 38.919690505817556 38.7395643623085 38.30213560782737 37.674326819836146 36.918502671738764 36.07849096590356 35.185755171777984 34.26054380899522 33.29485471734704 32.34886469864871
34.499359176306314 34.36905596956102 34.205506531388814 34.01684337781559 33.803469009517414 33.555792185865826 33.287121904174896 33.01206174441121 32.74569142217532 32.50349854612665 32.29734751877012 32.131659938734444 32.00830084793061 31.929276445103426 31.889901998052228 31.87669376421514 31.876482279832054 31.884791933894917 31.938759590709893 32.096662538755595 32.352025313564916 32.68716343848151 33.08421725443925 33.5258701492134 33.99594613312651 34.48595119372658 35.001975790255045 35.523066827785726 36.03648603855023 36.538424705480104 37.040257486506356 37.53272127438637 37.972462787961824 38.24796119922957 38.29623894727769 38.12485379911936 37.74985638732835 37.20935708844368 36.54745385047436 35.80304770964341 35.00821545598656 34.185042894893925 33.35990739838902 32.5597884467683
34.36727497752035 34.221004056606255 34.04495230922549 33.84745905684343 33.61607817152775 33.35570723731014 33.08089898183094 32.805375911372856 32.542426322215285 32.30929602080187 32.122523650976554 31.97689238309352 31.87089010311892 31.80635164014548 31.77410617210359 31.762109946677203 31.78016050960793 31.838618604393176 31.924645339440726 32.101876722293696 32.37574441389872 32.726658652291285 33.134078331906956 33.57778235604484 34.04201524194551 34.52618533396282 35.00155891945968 35.45755129102507 35.89043006825242 36.30326713753191 36.708548333058324 37.08868047351814 37.39025391832429 37.588325565562556 37.61593467626789 37.45179127822444 37.1203733928594 36.6492178775316 36.07079527372335 35.41756066526181 34.7267909052826 34.03977966501128 33.36046270982184 32.70667477266512
34.21100434119334 34.046679917965825 33.854741181091654 33.63789949809531 33.38433319183207 33.10874281867389 32.82651951843915 32.550811801790644 32.291935047260985 32.05930511983121 31.900802854785514 31.77459243159861 31.679134995421883 31.611195481203858 31.572888957398803 31.599343013769378 31.687385374908423 31.82319599500529 31.976221158074384 32.17428309756136 32.46904595535 32.838579597501685 33.25854702928395 33.70736695692795 34.17628108909637 34.62830791609203 35.04954754948464 35.43521414213374 35.78231049949815 36.10528739160915 36.410939494849096 36.66322203801425 36.827850409181785 36.901438837563596 36.87006194807107 36.70697729983527 36.41591387590763 36.00576030472084 35.50295466015264 34.93531161452928 34.37728041773755 33.83185569336079 33.29617334701251 32.784315793984504
34.035174341785336 33.85028300574089 33.63797483860112 33.39158446491051 33.11204751153004 32.81891104191824 32.52924856929052 32.256602508144354 32.011590279498044 31.805412285010547 31.64452338135351 31.518183312665183 31.41941277723315 31.353078858028375 31.364691402423684 31.45317906943707 31.608686196136855 31.81727073699668 32.05606430254962 32.3044723893647 32.62491675713326 33.01879739596827 33.45949560551518 33.92989578348846 34.38255694777518 34.79473682537218 35.158378798566844 35.46924907328085 35.72779329609187 35.95668676210256 36.15309533327829 36.26964063788581 36.299275596275955 36.24572225785519 36.11524394655493 35.901024480431055 35.61823878536306 35.26252180909836 34.82896108482942 34.3613201064848 33.94674554859656 33.54078055162002 33.14686061377118 32.775809573239016
33.84990603458657 33.63276220130323 33.392829677601554 33.109871841653174 32.799162694756426 32.484802532265704 32.18558235611298 31.91412591944819 31.677955283838116 31.48120658405496 31.323595585254687 31.199119777093355 31.109076148049354 31.104137508758473 31.18212613820417 31.331405311074324 31.54453726846333 31.81807253583907 32.140069911951244 32.47611195928535 32.83846290772074 33.27306936254297 33.75713184020132 34.23569837487799 34.66721394149004 35.03827518712492 35.34096875237964 35.57246282268343 35.73889269244139 35.8672177400021 35.938993306891106 35.91751301312764 35.81025538969057 35.62697628308232 35.37946862813124 35.082470678288864 34.75692591618407 34.4186884693506 34.0533260058137 33.710304533333264 33.432593426952465 33.16502572788301 32.91343477173398 32.685052211663304
33.64111724467627 33.38427758253315 33.091859633967246 32.75775067722774 32.40813840292371 32.067422755800855 31.756530076924005 31.486934189325254 31.262493486380738 31.081711672630284 30.9392318203897 30.831298105770227 30.81133994194389 30.8833913935735 31.030392918171383 31.239690672263105 31.50537681012028 31.830678634303112 32.222972387126475 32.66264151183866 33.12323601875562 33.6243217989674 34.15094009837665 34.63263547327741 35.04441627179676 35.372562365815426 35.6102396608602 35.75686937553643 35.825113596131914 35.84395666819204 35.778101727997246 35.613565316665564 35.364282953988194 35.04559393666098 34.67445505779507 34.26944210557801 33.867017102409605 33.506090291732306 33.196372492096174 32.979215151170926 32.83367395794131 32.7032618532952 32.59488392385589 32.51344293805723
33.41152765216409 33.112496543261834 32.75011722727081 32.33738732258341 31.92466997982856 31.548750021756554 31.229213894906195 30.970025738937114 30.768392504937736 30.616987579152433 30.504660727201284 30.4711657170029 30.544203089797943 30.70133716682569 30.922926194940825 31.19363571010571 31.506292445780478 31.872630544874447 32.32749442809716 32.88302967700693 33.490097189119815 34.08493842540533 34.64871688077608 35.1377983637632 35.52953842654745 35.81136153801533 35.978468827173856 36.03320755867364 35.99446831708474 35.8894965864733 35.677684360468646 35.362586237637885 34.963439398915376 34.50111050604326 33.9987982006314 33.48247433875497 32.98697178726061 32.566035967911375 32.27199291710018 32.16329997450367 32.146323943099055 32.14966201504445 32.18177046075221 32.2526483840135
33.164493766212246 32.82637980709262 32.36610355768621 31.851189049910772 31.363648905674108 30.945586861293002 30.615316841549483 30.374096802931906 30.2095836769939 30.10359265824419 30.060131237297945 30.13735858656445 30.31545097784439 30.570128914466547 30.879962049215642 31.226617148715324 31.596951096852226 31.993052275452 32.47528303245671 33.16470613383567 33.96238822081946 34.681357446164384 35.27817260406675 35.770572948773605 36.13774346785109 36.36731573867996 36.456306130349745 36.41021701271257 36.25310304690175 36.009884130922565 35.64311775831586 35.16878162390476 34.612036334742555 34.000278373512884 33.36401997038411 32.73349133448964 32.14305473477219 31.64828296227067 31.330883351369092 31.261545191167333 31.36741253013068 31.49694032542686 31.653322383226268 31.857444388736955
32.877047530616785 32.53453489136307 31.906906667437813 31.27161614971563 30.709764386519538 30.260336021267115 29.9394615085285 29.73809030346744 29.631032628974697 29.590599751667373 29.665907535381493 29.866074942936805 30.162144230572412 30.529069266962093 30.944563101673033 31.388022827640754 31.83964260302634 32.28009375287323 32.69994774767639 33.58965938832958 34.607872209683435 35.449256809333285 36.08156017859487 36.56415424865075 36.89382410562485 37.05958114230995 37.05925874673328 36.9008825822522 36.61237056838908 36.21887275932839 35.68993601054273 35.055785934195306 34.34733101765851 33.59318556312981 32.82577355366512 32.079718573352544 31.394552483899744 30.830250777324725 30.487260403348294 30.408270502106244 30.56191661104584 30.775211746855753 31.009387795329346 31.259848327284274
32.40908495740691 31.978686186372045 31.280985404187046 30.568287648004333 29.949963996282325 29.487056265247396 29.202712100243485 29.074600755695933 29.056188502917134 29.127386616629643 29.342895256600947 29.676304160358036 30.099393687116727 30.588960640840774 31.125101093362044 31.690282710322865 32.26988028610189 32.85889439972799 33.51292698129834 34.443926539691006 35.49289818137559 36.388538255796135 37.06007105943729 37.53300568793992 37.816353159931786 37.9068447697929 37.80486694253774 37.52118498124935 37.08645320565091 36.54140320897815 35.866736766052085 35.08564603744437 34.22607428065831 33.320758413445375 32.40915398693348 31.536249618809048 30.752797465755254 30.127096484999054 29.765197117069093 29.68531293375309 29.85656706347028 30.129626136599324 30.390969752366093 30.616152968329878
31.801738738639735 31.230103220313293 30.52145725062518 29.761021667574028 29.086915205637798 28.62075512091623 28.411645583819624 28.405275286764407 28.513678478674592 28.73961380049108 29.10461903694935 29.575859606359067 30.12935429658206 30.74643958963283 31.412257317968116 32.11588538400656 32.85320760969372 33.636391681109465 34.511588481358025 35.51262940878259 36.5542431001645 37.47040512819304 38.17133398177278 38.65453210622164 38.903727297765826 38.911181101368484 38.69262059508988 38.27089344887013 37.69491417433256 37.00252466221489 36.17436951731952 35.23737396235312 34.22084077543376 33.15889220154917 32.09603671618966 31.08963725092669 30.209504098067164 29.534634484645473 29.170880753675004 29.109810453468082 29.30539902196826 29.642385051498444 29.956104762048717 30.207659079060285
31.234800532176116 30.56058389083414 29.78025740060284 28.927899599554834 28.14238516569072 27.655925633874734 27.588500896959754 27.77629496064083 28.056997578672522 28.45562888164399 28.9683379095488 29.57211659598783 30.25051581057073 30.990976771756074 31.784318919089245 32.62555562105652 33.51621934953846 34.467739914061305 35.49870510145755 36.59305213042811 37.6751121192184 38.62939810415895 39.37264955424019 39.878444327429214 40.11833865274688 40.04872057510071 39.68777464991773 39.11041030558226 38.36919301467802 37.512382783877385 36.52566427183208 35.43395504089258 34.263014722390345 33.04312146325043 31.820008025731767 30.668522108045003 29.702470126693225 29.026032175715983 28.715184641360075 28.712226372246924 28.951536996108928 29.362313633280813 29.767998746805073 30.124364647289976
30.77627975695046 30.03066232396181 29.176781418443266 28.202245422892698 27.18682202474325 26.573343205608978 26.81847522913748 27.285830753466993 27.757484636485184 28.311490101884225 28.952027584838756 29.670166081974187 30.45757530499742 31.3072494565378 32.214385341739124 33.177372505111734 34.19871472108201 35.28457861578896 36.43700274448362 37.62414315971018 38.77297567655552 39.79400796764383 40.609212256017386 41.15644471530527 41.36842582890532 41.210572694917204 40.72576611802223 39.98411009275634 39.06370408501786 38.0387472784071 36.90193711353786 35.67059435395164 34.36266075238464 32.99726626095477 31.60823827931962 30.27679371719546 29.20136179984264 28.57141146000905 28.3866031274931 28.50549265201619 28.834011412934608 29.3218021643286 29.830074811551594 30.290981920761222
30.46453061777827 29.694162037214355 28.820509922949 27.80882793932355 26.63686619397246 25.684513127526888 26.44293993472428 27.095501462764755 27.6852000011171 28.33871062119507 29.067456291757885 29.86966602059329 30.741057965198255 31.677392642527884 32.67583514392445 33.7356852994534 34.85836207874754 36.04586011200351 37.290117040193024 38.557081268469354 39.7802190257227 40.88649131235303 41.77761198078247 42.383574910934804 42.61139623773816 42.37735212911398 41.72498370247874 40.79731665117598 39.71113857757304 38.53799885869309 37.27980262423839 35.94161528748929 34.535639279460014 33.067700796513215 31.544877730778797 30.003038705223346 28.715260877492792 28.267336829395624 28.286382140971288 28.52559512747125 28.928616359224012 29.477085503695218 30.07334291679985 30.61069540435214
30.315695846584102 29.57321909324187 28.7603646579441 27.881971992707875 27.012376271310064 26.5396809249881 26.785391024999623 27.29525233981278 27.867820699094743 28.54456244139378 29.312072332279865 30.161748105229474 31.086873557312483 32.0822505203611 33.144416369772195 34.271676641919605 35.46356046363982 36.719289257776836 38.02146299306875 39.343149850145146 40.62231557456511 41.76989062869835 42.73949786296414 43.488902457728514 43.84908697486533 43.50245698379385 42.59370479622366 41.44390358305441 40.19753437444751 38.909370904846455 37.57932503279008 36.19603470647069 34.76225543394772 33.277072205640586 31.736613162928766 30.145514646340065 28.656955525776084 28.44252373319187 28.531935388593965 28.790059680906626 29.202055047432317 29.762427886582664 30.42534634906534 31.03449726637479
30.31980208009879 29.645130700014466 28.944813357404136 28.25997451354749 27.674131395174317 27.37061273908789 27.447837505555857 27.776487937541933 28.260165364468126 28.903020174549393 29.666102516091623 30.52837140067745 31.476715880506706 32.50223119776293 33.59883184454406 34.76248538035826 35.99032343760423 37.27757394384489 38.5989652738668 39.93267267074041 41.1889465641159 42.326838371295295 43.34103573439117 44.29174934133198 45.03777029551162 44.41911637825036 43.1399001477096 41.7945397393814 40.439019543833275 39.089039494066476 37.738098149987984 36.36519074414317 34.97036825759092 33.5573973608031 32.13927036235999 30.78873239542026 29.729946686127157 29.227652504480183 29.124825454328374 29.288434685231447 29.64689083699026 30.176243596445506 30.83836829466266 31.49399854251272
