_RESULTS/CROSS_VALIDATION_POSTPROCESSED_80-20/MHZ/IZ/8comp/3/MHZ_IZ_z_500_kriged_reverse_8comp_spherical_3.asc
ncols 100
nrows 81
xllcorner 5.5967107548124995
yllcorner 50.982328804812504
cellsize 0.00017565037499993607
nodata_value 1.7014100000000001E+038
[rows 0 to 18 of 81, columns 42 to 83 of 100]
0.4266004759261633 0.4125034107637545 0.3937090168376891 0.37196447734849 0.34888376411537936 0.3263053919235879 0.3069272450995293 0.29120884190090734 0.27932334626742616 0.27142808525521533 0.2677115150745851 0.2684319804663349 0.2739504928426699 0.2847594148251501 0.3012548320425524 0.32211326071668295 0.3470684111701606 0.37596455274887464 0.4081924947181353 0.4422698537795534 0.47503540450412873 0.5007917128528007 0.5132769597098771 0.5115307494607789 0.49954383275594766 0.48109138346397096 0.458377473300407 0.43381543951802154 0.4107434080620538 0.38957684494021255 0.37046543988120156 0.353472190933477 0.3386142938396742 0.32588751223278767 0.31528212081654255 0.3067943900592367 0.3004357395533821 0.29624083816275587 0.2942755383092813 0.29413257102172263 0.29413257102172263 0.29413257102172263
0.45337604514986235 0.43278279278237963 0.4075735276714113 0.3800606985500008 0.35184081851645604 0.32498938116847503 0.30207396817320836 0.2833616516876487 0.268928329678613 0.2588428274096565 0.2532209210590579 0.25226720817424225 0.25630957850883607 0.26583064662964434 0.2814989364809927 0.3027972487347136 0.328956553053116 0.36009836837105624 0.3960662998212162 0.4360999113809318 0.47780155287211035 0.5136272373512816 0.5289718972017284 0.5239060508302273 0.5092958711263647 0.48986017614282884 0.46719237496571225 0.44201536734027896 0.4171378878083156 0.394606083913395 0.37443566463674266 0.3566030487108738 0.34106717479961524 0.32778311157323314 0.3167117151008182 0.30782729725322355 0.3011243695292674 0.2966241596944362 0.2943814599429916 0.29413257102172263 0.29413257102172263 0.29413257102172263
0.4838432903649856 0.4553607802365539 0.42220627031691776 0.38736093381398184 0.35314024556206647 0.3218255945139636 0.29530205225486006 0.27358766729996886 0.25662173249041237 0.24435795947339092 0.23682144754171797 0.23414919256882155 0.23664127711876667 0.24483081245324487 0.25935297246546346 0.28048489170653934 0.30707397760891186 0.3393065982450218 0.37737536941305544 0.4212816546427675 0.4706420377352957 0.5227771170367767 0.5378625742469546 0.5250990249901643 0.5087575033237676 0.4898751349195567 0.46869462535516354 0.44527775439820294 0.4202014096455182 0.39699667429811186 0.3763129979393958 0.3580784179789288 0.3422207440022853 0.3286739902075983 0.31738415587702656 0.3083146698374592 0.3014517893932392 0.2968102629598781 0.2944396090614291 0.29413257102172263 0.29413257102172263 0.29413257102172263
0.51813835739094 0.48013911809262977 0.4378295613463739 0.3948958649741068 0.35398430030286526 0.3174172003659619 0.2872352531910194 0.2627191305235127 0.24332122094280081 0.22887155174853135 0.2193383336933974 0.21495043251842133 0.21597071427223105 0.22283737591916172 0.23608383625227605 0.2562982296521647 0.28246069073306507 0.314460491355866 0.35244671057922516 0.3962825035881369 0.4450571215753383 0.49339583906235485 0.5133352844054372 0.5080451834917941 0.49642135789081354 0.48123946026708414 0.46313470966667997 0.4424715219290683 0.419582576072612 0.3965263214539622 0.3759441444092555 0.357788804984577 0.34199442159037013 0.3284992406057582 0.317252229415855 0.3082189807438773 0.3013873868202554 0.2967734753470025 0.29442780321111645 0.29413257102172263 0.29413257102172263 0.29413257102172263
0.5559637483785496 0.506503464904624 0.45448778701016584 0.4038208052983096 0.35671835884664016 0.3149691338931046 0.28045937663461906 0.25274133676148325 0.23091451075895722 0.21433349346755465 0.2029871115167385 0.19686187743567282 0.19614647754836778 0.2012263761427021 0.21268557611472771 0.23130440363130755 0.25641670140140055 0.2872089941843519 0.32345873182980384 0.36431381629634596 0.40729173007279257 0.44589408205894254 0.4697879236005932 0.4772133870332338 0.4744149054488924 0.46541572821098326 0.4519659427718783 0.43496731236653297 0.41503794046180015 0.393247555704602 0.3733596338558313 0.3557559239376702 0.34040413617766463 0.32727087175141656 0.3163252249156016 0.3075475997899011 0.30093716381197516 0.2965188227874901 0.2943503789744036 0.29413257102172263 0.29413257102172263 0.29413257102172263
0.5971821951040773 0.5356504493308363 0.47372285452052965 0.41513170350261597 0.36171209255725084 0.3146928741123046 0.275764746823067 0.24430991808247776 0.21976462653441795 0.20125625793396426 0.1880580172539305 0.18015149210920434 0.17773699624054917 0.18118056862759244 0.19096230721466692 0.20767648546128814 0.23086527665974488 0.2596841670290743 0.2936259670168844 0.3310094807178434 0.36914664080572857 0.4034717529102883 0.4288512324658056 0.44316320623759653 0.4478575650435531 0.44519848010181823 0.4368754021202291 0.4240239627639449 0.4074709313785742 0.3879201385730212 0.3688029342360701 0.35212917466047877 0.33756017621678386 0.3250724526742413 0.31466805544884313 0.3063522134174069 0.3001433497655904 0.2960817718116611 0.2942380227003288 0.29413257102172263 0.29413257102172263 0.29413257102172263
0.6406840864166011 0.5657140728521133 0.49393705323437526 0.4278208144869845 0.36845177590640316 0.3164045860094636 0.27310940790002686 0.23815432481661017 0.21066053259538503 0.18980733078083203 0.1746232212386928 0.16481878706735187 0.16069515964498743 0.16268748823780982 0.17119505481635552 0.18653888048390396 0.2081655303708874 0.23478368269035854 0.2658416266775272 0.300233370069645 0.33513632702811125 0.3672005064448194 0.3931837220659278 0.41115167227604293 0.42095027660210715 0.4234643161222987 0.419804777631704 0.4109748820034299 0.3978281161069539 0.38110629021403924 0.36305004082633957 0.3471996642472914 0.3336528606598512 0.3220499796658574 0.31239529716324427 0.304724869307566 0.29908175444328383 0.29552646153652407 0.2941466105149949 0.29413257102172263 0.29413257102172263 0.29413257102172263
0.6773090472689066 0.5921577045155213 0.512992412083494 0.4409389249779974 0.3765954848998084 0.3201583277193522 0.27289052918465995 0.23467708805323956 0.20419153702247844 0.180487653327231 0.1629635195623637 0.15100380295524898 0.14503116595406804 0.14575909652585406 0.1535533373538454 0.16830276066071972 0.18905683864385497 0.21417976349824178 0.24288495314118413 0.2741509861558097 0.3065207052488466 0.3370756015440515 0.363141985543463 0.38303001560031874 0.39604564701756345 0.4023188380549768 0.40242333457372786 0.39708839285863395 0.387060668836801 0.37305816562089444 0.35655542573917604 0.34163671349487273 0.32894289025739953 0.31839720610533173 0.30966144446546906 0.30279142643044943 0.29785734652038626 0.2949427377752148 0.29413257102172263 0.29413257102172263 0.2941360512361119 0.29426119923352306
0.697543992209372 0.6114083565934465 0.5294321847084769 0.4539698395930946 0.3861076369437022 0.3263672236237272 0.2757173771861267 0.23434852663096858 0.20086551916745155 0.1741940231499152 0.15369849669215438 0.13909120063505542 0.13081606708289056 0.1304147016847119 0.13834101039974397 0.1535190317129754 0.17419091028267292 0.19847924063856648 0.22551841160916491 0.2543761702995821 0.28393607373784197 0.31287866524463914 0.3386337870513527 0.3593779369633449 0.3742618994629502 0.38304518041222246 0.3859327865800947 0.3833890153806231 0.3760026657249617 0.3644100245352071 0.3496423344020475 0.3357876933245663 0.32396417363884944 0.31433868956731015 0.3066493360928807 0.30070362077735124 0.29659882910673724 0.29444249557233737 0.29413257102172263 0.29413868147790617 0.2942997773817576 0.2947360212503317
0.704724401438836 0.6240693554544474 0.5433716816199841 0.4670923972673254 0.3973377390555673 0.33559762318097575 0.2822469143248553 0.23791278018231143 0.20152340585885722 0.1718917983407311 0.14817718772358854 0.13008704596521317 0.11832374019514406 0.11672783914142969 0.12636249290862578 0.14319999430286937 0.16438687933193394 0.18821135355834862 0.21395068604721543 0.24084200922578355 0.26801340391067713 0.29454826699479625 0.319404746044121 0.34027023343766744 0.3560445475098062 0.3663244997086999 0.37109279935252654 0.37060909842689344 0.36530703558469757 0.355718241684322 0.3426210009476308 0.32989482857454033 0.31902991628926536 0.310222059404154 0.30355877219755417 0.29863106091735964 0.2954530849916274 0.29415592372409366 0.2941773447483373 0.2946251822383914 0.2954855707992064 0.296621742491576
0.7107253453185699 0.6359835715949183 0.5577612173402607 0.48168559922016163 0.4112149675106267 0.34842665286039826 0.29332028327451337 0.24630897669083912 0.20725880767062504 0.17495133727304887 0.1483579106965385 0.12666845811568772 0.10941883642924337 0.10560216969485405 0.120221807013503 0.1391499162960385 0.16066035921829683 0.18386190442517453 0.20827694255053053 0.2332992071920757 0.2582358013708604 0.2823926528842931 0.3051806283253693 0.3255503109734523 0.34147721551487903 0.35244628085221535 0.358319390797898 0.3592146221327878 0.3554355229764423 0.347408998501305 0.3357678611011747 0.32418616303132197 0.3143275568333246 0.30640428958479615 0.3005991970325703 0.29675428181069063 0.2945914820360387 0.2944731313282716 0.29527594056168044 0.29658659868648507 0.29825443055960066 0.3001315056580456
0.7210931891095922 0.6511683345042566 0.5757881325455824 0.5006266199529266 0.4300562082600286 0.3661667098203154 0.3096076370668084 0.26053400082666983 0.21919542505679201 0.184717083818433 0.15623297640198966 0.13312338790583794 0.1156609821241969 0.11178879940117652 0.12482823235424335 0.1430002971017013 0.16351306190859086 0.1854701740984939 0.20831310311573387 0.23141023032044652 0.25409024231181093 0.2758024526684899 0.296175977924822 0.31494083125308875 0.3304402013171345 0.34145215357712283 0.347782283260567 0.3494569488839878 0.346678399910592 0.33977943758298307 0.32931796008012065 0.3188671695047566 0.31003507213606235 0.30304159346232945 0.29808264517200733 0.2953606677454131 0.29488128151255505 0.2959605015572329 0.29752750553289264 0.2995412860160857 0.3019263338546405 0.3045712904800811
0.7371891196159471 0.6710226287705888 0.5984544298168676 0.5249277317565413 0.4549713875972263 0.39057859313945054 0.3326697663307253 0.28153307450625603 0.23776820175606858 0.20158416920646235 0.17222182790327145 0.1497174686175699 0.13543759162855765 0.13209459019584618 0.13984624760458791 0.15459850290237312 0.17264023932746675 0.19250106622131535 0.2132885602377111 0.23423591194017054 0.25466406286877663 0.2740245221181402 0.2919277452182195 0.30826144748799467 0.32269123828425456 0.33322501836760265 0.3394802722741919 0.34142543215485877 0.33918551956329135 0.33301255407887576 0.3234666554479507 0.3141193711345015 0.3063184845827243 0.30028520583643575 0.29633803439838624 0.2947929942181126 0.2951879482507484 0.2962999770012695 0.2980793218622783 0.30049148110287227 0.30346372586942805 0.3068819615067565
0.7584767175865653 0.6955351405048337 0.6259199260574098 0.5548059154534485 0.4862538159948443 0.4218245918977715 0.3627151296432546 0.30985427776535307 0.26384570037997 0.22568512504152544 0.19562664606855765 0.17346532433648504 0.160099559503496 0.15614101026977395 0.16090967411654677 0.17216900162082674 0.18716522593416593 0.20440404646802404 0.22273419298034597 0.24119991284566922 0.25906111440615526 0.2758426416937514 0.29129987783990363 0.3053348490521754 0.31790584410187567 0.3275427148970539 0.3332950270085533 0.3350921771205163 0.33299867580998715 0.3271978441652795 0.3183769155062291 0.31010390166401863 0.30327284346956124 0.297612611863875 0.29400765793999156 0.2928144544977554 0.2930800629533517 0.29417024503732153 0.2961169226378382 0.2988961387560109 0.302441286521056 0.30663820184427804
0.7831220907947458 0.7235267362960573 0.6574543347043046 0.5896935540315982 0.5229713359600606 0.4591967480852043 0.399797464130302 0.3458067048610636 0.2981141194184375 0.25759758582530196 0.2256603472253288 0.20271279222789104 0.18866303401807866 0.1834488601954547 0.18590563442484942 0.19395026023541106 0.20588840489622262 0.22036119596991446 0.2360633828466861 0.2518093654976916 0.2667718144747307 0.28061370954427767 0.29330893740795694 0.30491610122833546 0.315490804879121 0.32411141183756503 0.32902970461751274 0.3303482994328268 0.32808125418991396 0.3223530841466271 0.314189549159139 0.30652219107757583 0.29926596249607595 0.29370945963197304 0.2903761247686238 0.28879808534852014 0.28868770842798464 0.28968969972243064 0.29174576560016136 0.29484691153320536 0.2989368340198255 0.3039045390782272
0.8082144684578817 0.7528252602358019 0.6913001563472899 0.6272848794517685 0.5636401941838709 0.5021092547410136 0.4438143643222991 0.3895821799341216 0.34037130035942925 0.2975035540849147 0.26244531626997225 0.23684721151852853 0.22088278458748511 0.21377807681736008 0.21362551327270268 0.21856561066718738 0.22756481730080846 0.2394033920327535 0.252596081173033 0.2655136659940552 0.27717613773846606 0.28764009721175626 0.2972701889167402 0.30627585835348964 0.3147258096997392 0.322236254586023 0.3264382979051383 0.32703399169928443 0.324344335943877 0.31844498791155235 0.31017287995430914 0.30166206580791494 0.2942736079686535 0.2888663735593408 0.2850835235639487 0.2827306742547205 0.28218749332547016 0.28302281433662274 0.2851162810591863 0.2884794729392937 0.2930718093647846 0.2987895861666028
0.8301687145736227 0.7804011012277537 0.7238977001603021 0.6648606012499182 0.6058888871789204 0.5486171091202592 0.4936579562773476 0.4409550878528859 0.39071358725376715 0.34462113127217947 0.3055287364987734 0.2756521169676894 0.25624945173123115 0.24643895046610434 0.24291766985219013 0.2446281268931166 0.25075952845708527 0.2602706119021956 0.27151975746796286 0.2817062148736112 0.28938144493423884 0.2959491441560931 0.3023399166349647 0.30874112333154596 0.3151168817857693 0.32127159210194034 0.32491409228211016 0.32496489950818847 0.32166947984437605 0.3144287110851022 0.3051385786659645 0.2961102931033588 0.2887032409752003 0.2826402318175846 0.277939341827576 0.2748453327923885 0.2737969681567472 0.2743736972609658 0.27641684279963846 0.27996583231142935 0.2850031258458794 0.29143793665960477
0.8434268030057692 0.7969969918179057 0.7437318266590831 0.6890822787352779 0.6359274933317561 0.5856265401839631 0.5380942777427536 0.4915494707957549 0.44356202071384615 0.3951205678923289 0.3515745103254436 0.31725796571925263 0.29364085393746076 0.2797380211623132 0.2722783507913118 0.27048759789797505 0.2736160363297025 0.28088781000336027 0.2912637980783222 0.2994591685373764 0.3015913365991236 0.3041353435272177 0.3075590261236061 0.3116478750156069 0.31618481618472716 0.3209837475337926 0.32401172007454815 0.3237254640465623 0.31904511773069355 0.3097922182233528 0.2996331219220616 0.2902212620373511 0.28188020007407444 0.27481099153174027 0.2692133571005838 0.2653873604608016 0.2637690845889805 0.26398013996872727 0.2658670049375205 0.2695065007075047 0.2749143845286112 0.28202114089171076
0.8317565509770061 0.7880737393915257 0.7389040005822056 0.6898702457671668 0.6440049779741436 0.6029072250506244 0.5667242712052021 0.5325808568258541 0.4913197505789139 0.439001086707972 0.3900088564720776 0.35265497821567393 0.3271491945797613 0.31074539366332526 0.2998733294948229 0.2943760223012857 0.2940987965245451 0.29826124525698716 0.30572829161139936 0.31110518553026806 0.31066277191370795 0.31089835642209174 0.3123219555416393 0.3146980467718309 0.31778226459713727 0.3213809407280845 0.3237432710836778 0.322539605329737 0.31559042065985815 0.30497547444570183 0.29363491506713957 0.2831094012958815 0.27372620196544856 0.26569482735982547 0.25921889169473455 0.25464575008219714 0.25238773634064315 0.252108816905986 0.253711665268321 0.2573229825571258 0.26300651568629174 0.27072727743681824
