_RESULTS/CROSS_VALIDATION_POSTPROCESSED_80-20/MHZ/IZ/8comp/3/MHZ_IZ_z_0_kriged_reverse_8comp_spherical_3.asc
ncols 100
nrows 81
xllcorner 5.5967107548124995
yllcorner 50.982328804812504
cellsize 0.00017565037499993607
nodata_value 1.7014100000000001E+038
[rows 54 to 71 of 81, columns 40 to 79 of 100]
0.000663980277529289 0.00024797501110610296 0.00010336652520550715 5.0529887063118534e-05 3.1121754901731236e-05 2.5422667637852597e-05 2.842710659500322e-05 4.299185960961146e-05 8.217463170507234e-05 0.0001624299629584979 0.00030827165385620815 0.0005291309709529806 0.0007738032840682472 0.0010237528501100923 0.0012041240621013547 0.0011667616429389606 0.0009461181643926185 0.0006634692502301317 0.00039658042535342333 0.0002153105732152137 0.00010406951800908874 4.351785834260497e-05 1.697950121347612e-05 6.975647631467153e-06 3.97974275702395e-06 4.89993037221359e-06 1.378608176484199e-05 5.159002634301483e-05 0.00016752450084294454 0.000373444515647749 0.000531569143255949 0.000516493394851928 0.00037767739023794047 0.00022472274266220182 0.00012015052392448109 6.604120668516447e-05 4.241403023721215e-05 3.353672155874442e-05 3.09068996401614e-05 3.0106545392035515e-05
0.0013978159388547764 0.0005676490394817357 0.00025312688684287377 0.00012861462971663893 7.804056717137088e-05 6.035968731330155e-05 6.060998195080725e-05 7.839237212638365e-05 0.00012372582663423734 0.0001981723713785857 0.00030372245422010026 0.00043005267069858564 0.0005296502577910368 0.000616335628247044 0.0006667682859137048 0.0006278576147448255 0.0005126888128340581 0.0003674603920541597 0.00023445039268642695 0.0001347377859178578 6.987926909004736e-05 3.115525197739252e-05 1.2386434908717996e-05 4.711632473065155e-06 1.9831385948983574e-06 2.628042710330454e-06 1.7366495773099067e-05 0.00012241300168390763 0.0006190469204674686 0.0016994620702454597 0.0023567972454513614 0.0020372365688378982 0.001337635406298431 0.0007443552568091008 0.0003903667452019836 0.00021149159769445283 0.00012699171424249757 8.679963752626777e-05 6.586639233335495e-05 5.246128540457315e-05
0.002606129112492455 0.0011708060787549344 0.0005690422431366311 0.0003028240529988835 0.00018539625629323243 0.00013483137062908382 0.00012232895553761813 0.0001379295507637621 0.00018487902048620964 0.0002478086281282497 0.00031610072582644407 0.00037383587911289954 0.00040090139628849654 0.0004214493343649987 0.00042491194218088077 0.0003873462884591303 0.00031620871986105754 0.00023166158055544817 0.0001540294591514067 9.381118105106108e-05 5.4076740703454615e-05 2.785073498536805e-05 1.2877659867500695e-05 5.78530796706972e-06 2.8218825643073623e-06 4.551222283955943e-06 4.273146425507639e-05 0.00044295940954650114 0.0034614484524463007 0.011229322326288078 0.012129677063017196 0.008085669908972788 0.004447196265107397 0.0022473686112408015 0.0011215929301459273 0.0005831198491492914 0.0003268451908134298 0.00019948410842394955 0.0001302717086591035 8.801144209659389e-05
0.004296988167702248 0.002155279405954409 0.0011489508236780042 0.0006462801423794537 0.00040179408467714254 0.0002833592013936602 0.00023376697845911795 0.00023318648895575094 0.0002721144967178744 0.00031534634321474963 0.0003461079261100211 0.0003531371404546016 0.0003349996058251099 0.00032480038670400013 0.00030843806682304885 0.00027283317587468964 0.00022371512803276186 0.00017037173780685362 0.00012061978193829366 7.982381998761486e-05 5.067473499183288e-05 3.1016421273090545e-05 1.896299652890914e-05 1.2881146290266282e-05 1.249193180399086e-05 2.8810814875009124e-05 0.0001791126824652264 0.0018151336890767286 0.0214227017215369 0.09454357333770483 0.0506118055330251 0.024640603534702196 0.011680939697075243 0.005554959201021725 0.002696101304966928 0.0013573928470907517 0.0007190403750650471 0.00040117662444395585 0.00023834717780871111 0.00015234173572993114
0.006354912906633303 0.0035544813028273643 0.002069197979429971 0.0012452130500276454 0.0007897520195661467 0.0005495493320850214 0.0004239303275393656 0.0003788520783903208 0.00039278931375286776 0.00040596042716858156 0.00039606412511711167 0.0003604784433843738 0.0003079615009293417 0.00027889449269997095 0.0002519998795944035 0.000220342601301522 0.0001844089064924125 0.00014680768984672368 0.0001112228013358636 8.139267551611324e-05 5.962197192944667e-05 4.364763624123511e-05 3.408010164440979e-05 3.323411959905118e-05 4.834202046110874e-05 0.0001270591874084192 0.0006220378003768521 0.004607041861098859 0.036886893554896064 0.11989759556363716 0.08907773227047594 0.046250408889668866 0.02236583671407231 0.010675337950486335 0.005165520533836051 0.0025753111255015703 0.001346232863094364 0.0007484506505604422 0.0004433910447411438 0.00027832648092010194
0.008574746330073735 0.0053007047191035266 0.003340320888258401 0.0021369418726695623 0.0014122263765127476 0.0009770637654930403 0.000727661925364534 0.0005925931062576697 0.0005537632836811266 0.0005253265111772381 0.0004696333966932474 0.0003932653057453177 0.0003104096996471251 0.00026419872491168937 0.00023301851790013585 0.00020360035933138256 0.00017406018355229375 0.00014473937352137327 0.00011756881476513186 9.59270349070024e-05 8.049526168018161e-05 7.266857788551001e-05 7.203615915725263e-05 8.62831002399335e-05 0.00014507274636460429 0.00037143762478150573 0.0014152652584490176 0.006773738861849476 0.029298289952355568 0.07126499541459615 0.07948307694251691 0.05485234501806636 0.030938298779544265 0.0161886446152369 0.008354494237261301 0.004410337229951159 0.0024351397467055713 0.0014031696207895401 0.0008445293133559406 0.0005301169576458958
0.010696027495948349 0.007212318809894093 0.004861149858182999 0.0032810961405524003 0.0022553900605496 0.0015950542193121863 0.0011657507043818373 0.0008945960081796814 0.0007592966936966815 0.0006782722383074534 0.0005712323142068156 0.00045260659228959 0.0003403557027914948 0.00027737736644051214 0.0002406422924725361 0.0002105144218099357 0.00018360625813982162 0.00015910926362682862 0.00013945431318160064 0.00012541415844409814 0.00011835247142496202 0.00012556298575569494 0.0001552915730015193 0.00022132028259067582 0.000389054956920545 0.0009040471624969714 0.002673908352753384 0.008780950413576159 0.02572518509863568 0.05247001158725687 0.06621511957908205 0.05673523954481751 0.038501163529545954 0.023172867849534984 0.01326676974105115 0.007546962358502568 0.004387824022055292 0.002648764916659313 0.0016441320869261982 0.0010471031611542442
0.012419216560480045 0.008990198469796954 0.006400816459176688 0.004525808588558977 0.0032252330131889535 0.0023366144488845804 0.0017266586637886153 0.0012995365343527396 0.0010182317739330965 0.0008664387876552341 0.0007048357499707771 0.0005438032178484083 0.0004070238354391378 0.000318786321182969 0.0002719677720123428 0.00023817035091253772 0.00021165419736756546 0.0001926464692093569 0.00018054007173180984 0.00017578365751974746 0.000185297041419311 0.0002218974773018345 0.00031221259432583575 0.0005105253004941363 0.0009545303798870744 0.002059490149119267 0.004964533847355935 0.012430455754654256 0.02826997418042995 0.05038618929249206 0.06509998981383601 0.06287943472101323 0.04911509371070778 0.033563870695266625 0.02132293911572671 0.013144910882235083 0.00809827571231505 0.00508598777471305 0.0032828057312395075 0.0021445778240130192
0.013392542799591062 0.01023839489177197 0.0076276887038724105 0.005621055709368141 0.004145130640554038 0.0030788436848117463 0.002308637635431123 0.001745073160497439 0.001329640921624441 0.0010849740368324388 0.0008727062395404412 0.0006807943280620358 0.0005187178839462691 0.00039377164492842935 0.0003299310470958183 0.0002899324123629614 0.00026528060781041057 0.0002521268504074191 0.0002492413681506209 0.00026190143617856385 0.0003040593514216141 0.0003976171456905416 0.0005976229724633132 0.0010483315695687786 0.0020463401251549695 0.004258165987133569 0.009184957211168233 0.019594099483174948 0.03781809561217967 0.06031220007519741 0.0768612483640134 0.07881357959661653 0.06766344238095248 0.051138072593390344 0.03562119863831277 0.023721068046508215 0.015518612421332005 0.010170156553601144 0.0067089745308846534 0.004390786054166414
0.01308249378164782 0.010565299934932876 0.008203555002529242 0.006291676742231028 0.004802773719103909 0.0036642010500549296 0.002797244073277702 0.0021333204265522945 0.0016188121909626381 0.001280842585101586 0.0010702682211284737 0.0008717878937470932 0.0006818530710260988 0.0005135801968633382 0.00042639112875771757 0.00038019924878498546 0.00035658610376692034 0.00035045340200030617 0.00036535944844479404 0.00041528320982106104 0.0005198093242857512 0.0007241128347688023 0.001130676280681336 0.00197561275504777 0.0038208581984315094 0.0076633233397639024 0.015553590107035968 0.030528836078060718 0.05392916638061751 0.0816595036690251 0.10353749548648707 0.11029270162974728 0.10107595640785412 0.08234601589764916 0.06160091804491773 0.043458728695883644 0.029478411388365836 0.019462251152789076 0.012587627907780402 0.007986789526342028
0.011209637229376302 0.009645916508039431 0.007934952467329132 0.006353266842685339 0.005033945277791066 0.003956404571163967 0.003085587450730344 0.0023841177988563815 0.0018186955460584705 0.001411633282477017 0.001219939623448198 0.0010636551518598463 0.0008815959340921271 0.0006986979702492152 0.00058371936485304 0.0005277882184747195 0.0005046236427163058 0.0005158960147976919 0.0005723490287213907 0.0006910189353621384 0.0009102336680762436 0.0013096689713754084 0.002054806224747113 0.0034923948721674283 0.0063448659858714295 0.01231583861089556 0.02410122739282544 0.04426348743387283 0.073494031298339 0.10724676801805982 0.13548513906326004 0.14824597285746302 0.14237612235934205 0.12249104391677183 0.09646889564334195 0.07087414317313433 0.04926701769833023 0.0327009968163582 0.02082715656880384 0.012753681441996794
0.008199873114424758 0.007654010691854179 0.006807897993952366 0.005805230713655477 0.004796906134996014 0.0038969616160115326 0.003115119372801846 0.002447313756439104 0.0018861986547474726 0.001472177194393099 0.0012856259443958058 0.001199071271524047 0.0010734506760026947 0.0009231782137764055 0.0007899368779339701 0.000725057385622483 0.0007192689370022272 0.0007734881649729886 0.0009016050388617303 0.0011383380645668 0.0015533723410931528 0.0022804112988754153 0.0035724090691954414 0.005898931057354409 0.010173004311433417 0.0183858848326614 0.033479384681970384 0.05849498804996588 0.09281319665070142 0.13146799079514349 0.16481368521719816 0.18290713167530287 0.18111916993463248 0.16204951507944584 0.13281372167425326 0.10092259268142802 0.07172561358201239 0.04791490241906738 0.030147145046920523 0.017883160167509876
0.005277567675144702 0.00543464818949555 0.005256807978779495 0.0048257443446982394 0.004236365791783375 0.00357972664136668 0.0029477743396580766 0.0023725035851302665 0.0018664402832963044 0.001492599211567213 0.0013028592360134388 0.001234934252337133 0.001203208449170099 0.0011310884234476347 0.0010453781773566706 0.0009947406316911627 0.0010285099443193139 0.0011537376180120657 0.0014011042116625918 0.0018354622820711604 0.0025782481967077204 0.0038467226995233627 0.0060133544016946336 0.009677475020209438 0.01593559519183864 0.026586806808240993 0.04384864560221518 0.06990184978089593 0.10550987216546007 0.1455895940796866 0.18062051781468214 0.2016785412076053 0.20371071659814233 0.18755285719613904 0.1586576850986574 0.12410965240834045 0.09008303605669744 0.060675095361491474 0.03783638126984856 0.02271469987804297
0.00312839389185542 0.00357855875686358 0.0037827130882837176 0.0037469007701630944 0.003513936099645297 0.003143264353299257 0.0026963801448085176 0.0022287245911292108 0.0017996896473601344 0.0014580230627512418 0.0012660682815565387 0.0011959344381511183 0.00123066108611969 0.0013005871254819948 0.0013591396959713137 0.0013704363564879943 0.0014654161448471794 0.0017013389940305423 0.0021369314053008913 0.0028876638529773796 0.004161557760909341 0.0063113817102461445 0.009844131001052974 0.015359132898059324 0.024068931809354828 0.037257284123818 0.05597401023116011 0.08070756120767712 0.11068042892109567 0.1430835163760148 0.17292599698979433 0.19319257338316212 0.1976618572099156 0.1859655047461776 0.16152241124966474 0.12976817927447562 0.0962947388116056 0.06563837616305997 0.04172386843799882 0.026821467211798043
0.0018732715220838602 0.002316055507716969 0.0026294898818425747 0.002782263686955639 0.002771441390069559 0.00261795662279659 0.002358350723189248 0.002034728943779477 0.0016856032851671485 0.0013817763625034597 0.0012158079581010201 0.0011690343189376044 0.0012282374679454613 0.0014095124611095708 0.001662216649768163 0.001869693858208208 0.002068354249851977 0.002466032396005117 0.0031813186881388547 0.004408473623063006 0.006472519146667927 0.009885884390909126 0.01529939638926172 0.02338332812793297 0.0351210918416829 0.05053105646040286 0.06906854187801516 0.09002253966880726 0.11225214356144868 0.13372241532768744 0.15149598389565297 0.16236074080906449 0.16384596914227528 0.15511798733845514 0.13729845425068388 0.113103192914616 0.08607554329276876 0.0609624283221494 0.0427264102454644 0.02985213580280608
0.0012045288116870675 0.0015796752467045626 0.0018982690883162768 0.002119307637287059 0.002220925431360138 0.002201640345467428 0.0020720630614031927 0.0018322949760537085 0.0015523959691465053 0.0013059818693140618 0.001181578946829917 0.0011655124726009962 0.001255597736567137 0.0014795056780921207 0.001869684759011282 0.0023539603125157763 0.0028506266942711096 0.0034575968606094048 0.004512064019234318 0.006305593134193115 0.009328620090208089 0.014352445953806076 0.022316374522728655 0.03407626301165836 0.04955632302666965 0.06596578622717024 0.08118433034427444 0.09507859938436289 0.10772291624204841 0.1184533455539554 0.1259997175754999 0.12896914385951685 0.12637479452703185 0.1180183266625613 0.10459005114169212 0.08747960491399785 0.07019715945376212 0.05648243309204288 0.045110147876237926 0.03513709411302208
0.000852113580839519 0.0011612736729423312 0.0014558308031769544 0.0016974425392166689 0.0018566791819564388 0.0019014593840347425 0.0018213302502496946 0.0016334272362228386 0.0014091539252862229 0.0012157247522426647 0.0011328195803735187 0.0011497482283504578 0.0012737124710304614 0.0015426131760937468 0.0019713523729821963 0.002585805579752231 0.0034480962114392796 0.004500183833403435 0.005896478201259333 0.008240564699965954 0.01221052597914721 0.0189158888281134 0.02990673197126083 0.046990239289596884 0.06759785148824092 0.08162974389847298 0.08839519444381301 0.09240862831110591 0.0953803791554597 0.09729363825012258 0.097562754602965 0.09555845015219432 0.09089208132320048 0.08355860497762801 0.07405401418077702 0.06571402851626204 0.059744607825022146 0.055593275459550964 0.05178298417483168 0.04571737444187365
0.0006707948566634025 0.0009326638754023584 0.0012004352482859581 0.0014328150915840923 0.0015914575896277714 0.0016492445588413892 0.0015971269858640255 0.0014472765978004688 0.001263680477502128 0.0011189968524818964 0.001073866595722015 0.0011211540401620682 0.0012764549029366137 0.0015783385276058094 0.002027749889730466 0.002676177644811099 0.003618050682992715 0.004996344804135366 0.006977230996238274 0.009725111034943178 0.0142414515705144 0.0219185263233673 0.03501605601668169 0.058236260213259984 0.08904244177763833 0.09055358377770753 0.08445847341080104 0.07961965766088352 0.07591754645824057 0.07264754106187521 0.06918008274060677 0.06506572091728696 0.06007738504347725 0.05544637185938409 0.052382097876636294 0.05122461004957512 0.05242184723573088 0.05653691161233316 0.06347248437389415 0.06658562231753835
