_RESULTS/CROSS_VALIDATION_POSTPROCESSED_CLR/MHZ/GZ/1comp/5/MHZ_GZ_z_125_kriged_reverse_1comp_spherical_5.asc
ncols 100
nrows 74
xllcorner 5.5967023332191781
yllcorner 50.982320383219182
cellsize 0.00019249356164376555
nodata_value 1.7014100000000001E+038
[rows 38 to 56 of 74, columns 44 to 87 of 100]
4.763679189592286 4.857877035486907 4.9297857134672585 4.984708592605429 5.025183455356332 5.039106583047653 5.020572915169301 4.964402885480748 4.872188580383197 4.7487649663295 4.603042735501822 4.4447048804333225 4.283445582853307 4.118718558769706 3.9445020805837765 3.763323949952933 3.5708485072010125 3.364237032918986 3.1483053254856666 2.998979394848395 2.997333428884202 3.004386151823513 3.0169827877565774 3.023943417952162 3.0199891374955943 3.0152231648684626 3.012102841516724 3.0134649374836324 3.023288803537736 3.0496313000708106 3.106871102022291 3.215315134776077 3.3676464250308173 3.5407504516117854 3.717725584014166 3.8907535125030743 4.059026788896897 4.209886872504309 4.324426816655493 4.387105187759927 4.400011398472318 4.382867960964951 4.360244892398337 4.338869941296098
4.635132217421255 4.742127496685068 4.834076733096548 4.919511809235895 4.996362442832194 5.050382109552286 5.071426183873221 5.046637335078025 4.972295178818525 4.854143228246576 4.707368061550159 4.548583175869038 4.386613994773257 4.215419766555722 4.0387809965733865 3.859585894120369 3.6710971165036033 3.472828209055315 3.276280096942059 3.139272769720437 3.1002821706236796 3.090879965953187 3.0878646863366237 3.081686285953882 3.0615922573365064 3.0404525880618514 3.0210855110451806 3.0050610682157113 2.992509994468101 2.9861308991873603 3.0032226020065984 3.1159645197268175 3.3006073926374193 3.4946859584065386 3.6828463821318014 3.8609002804993953 4.0293888390472326 4.1789343060174176 4.297637227365807 4.375763510751062 4.414560514273905 4.420426734540536 4.412697831272668 4.39945881271385
4.502126837871491 4.609464370610732 4.715819683358999 4.827929773024179 4.942034252643183 5.0431509196306425 5.114402371818153 5.129620190740759 5.071763372016122 4.951616973407367 4.80056571015428 4.641670241234945 4.476189864646807 4.3061328484073345 4.134819173731095 3.9648497528531665 3.790404269689197 3.614201214876328 3.451131838140271 3.3257127947355256 3.256818795511955 3.225029013444125 3.202637517990394 3.1740563039874212 3.1303790331703 3.0878455070050173 3.0507851112795414 3.018938191965689 2.991207460985949 2.966199967799106 2.9467552653527553 3.06940718214918 3.2726415746547297 3.4734156282834094 3.664451165405022 3.8436167131957517 4.012133663709026 4.163286417285571 4.289188601413033 4.381025888514534 4.437580927049892 4.461125253886092 4.462588428890095 4.454153811145482
4.373115922772441 4.464519578586574 4.578423253129195 4.709911284427792 4.857432960569119 5.008079182389448 5.144351925942651 5.2183514829351605 5.171059473633216 5.036827411094461 4.878763727944488 4.714447057701162 4.54893179580243 4.385264197574666 4.224758173474805 4.069285992132504 3.9137605267976983 3.7603444718031795 3.620065714250269 3.5045673537206317 3.4241068440079103 3.382314608397109 3.350585574703864 3.2887827224440707 3.221181482933297 3.1582649372176714 3.1047251143125765 3.0606891763522333 3.02636591716676 3.0065078351274064 3.0240760988976687 3.125740917807872 3.294704180781157 3.481782540152084 3.665974742099415 3.8433298721326783 4.012779392022241 4.167652572597906 4.3010337324452586 4.404164486722156 4.474556430389786 4.512344474296869 4.5204086944986495 4.512050710597867
4.245548317207596 4.3147641021162615 4.419890282121622 4.561118778465506 4.730896488829252 4.923151431291926 5.132693643233384 5.318179836812246 5.25148659916311 5.082830363856462 4.914932358837949 4.752815915047838 4.596480537083407 4.4456655163362235 4.300832742743769 4.163490178939324 4.028798154380066 3.89596549470162 3.7724049818105025 3.664675948382133 3.577328762071208 3.5209434303433595 3.4738175906802433 3.399019002954146 3.3215077119913663 3.245227902027378 3.1804152102813443 3.128516005393113 3.092449173050303 3.0789861710360547 3.1122313480755732 3.204939212545215 3.346934316836113 3.5154592775874285 3.688767882195342 3.8625454075857046 4.0320892999107025 4.190445461210112 4.330614987259901 4.443379176821874 4.525095131096719 4.574208328389538 4.59071554347012 4.5797741592927945
4.119076690592978 4.162558962053428 4.245851801691173 4.377642288215047 4.5491482674356725 4.754806515656562 4.987916859803945 5.209048607954546 5.173582365859308 5.029768385741004 4.885595332614633 4.746626307087424 4.612620823983412 4.483336477216861 4.3592604436396325 4.241838204439725 4.128492415828464 4.0147272901211775 3.9050493394955654 3.803117214297966 3.7097696566518445 3.6323448146700414 3.5643315134145173 3.497410028192984 3.4228008398225285 3.3427744349203072 3.2707697686576283 3.2134245576098155 3.1748277094938286 3.1667955156072205 3.203916353538531 3.2890400172085843 3.413768197704829 3.5635433718618876 3.725689269971557 3.8959349950465545 4.065637886822192 4.22764419117992 4.3743406983930395 4.495915292168132 4.587606524822005 4.646222885572531 4.670135254154072 4.659534936113802
3.9994038987140974 4.012505183351006 4.064475132273593 4.165226431459968 4.315568652102463 4.504814792313016 4.712159902074025 4.8773134168021155 4.9242872411871295 4.8764353525941955 4.792517814512666 4.696820726719461 4.597351357254596 4.497359095952226 4.398844725859581 4.303731844991189 4.21176623808108 4.116059185838438 4.018975361981554 3.922774433683987 3.8273695765763422 3.738432886161696 3.662257119537888 3.5966169701071453 3.52501395597167 3.4471799923548967 3.370907644680087 3.309039102780414 3.2672537525801086 3.26190690305373 3.297843834035867 3.374344768268625 3.4863278898320957 3.6213579064578747 3.772651878023598 3.9376531269697357 4.1077727582175125 4.274166930114678 4.427669797032969 4.558125130817094 4.659582419679312 4.726992816915372 4.756850051579625 4.748103020182889
3.887021539907252 3.8679585982925646 3.8839563656085545 3.9419786485416615 4.0501640725710395 4.205024877889138 4.392269551839368 4.5563751631461535 4.652786719474726 4.679512020455308 4.660210716797896 4.615444630242185 4.5569260626706 4.490913678529651 4.421054375648971 4.349919088723045 4.279189574537472 4.202105900885369 4.1181278574850175 4.02917651352031 3.9357858569190123 3.8433553360255845 3.7649756183761536 3.6999703882056214 3.6296687621138695 3.5542271107037795 3.47864105270747 3.411381119555519 3.366591504508218 3.3598307891365056 3.3918357526629466 3.4597683081595623 3.559681796765479 3.6834646753766624 3.8280270787260657 3.98819886335558 4.156454213244538 4.325568543589604 4.48533972509523 4.625379994757645 4.737609315932292 4.814409346901573 4.849628278253656 4.8405323709496875
3.7868013706880674 3.7353748157085827 3.7119046028592693 3.717289219082586 3.760149158096566 3.8730739910621366 4.075084666953762 4.265776465091951 4.402233249923516 4.481713007920826 4.515719439943578 4.51845729982549 4.5007850753391745 4.469702924542994 4.429500997087963 4.3829695233494705 4.332271089684439 4.274488669121134 4.204709785924091 4.124995585114862 4.036830471267289 3.946121230172511 3.8693892568700985 3.804857928988947 3.7345290470552177 3.6603401486023706 3.5865014261545567 3.517232609740559 3.468907834264563 3.458002592111018 3.4839587216298713 3.543054233380678 3.6314886472548444 3.7473858271385767 3.887254600195603 4.044112043485102 4.211620577315071 4.383167559170298 4.547960200719022 4.696776518274982 4.820448863586456 4.908135644884051 4.9490588675974605 4.937388277597096
3.6885702855708073 3.6104339382678603 3.5562654202267305 3.52244789999156 3.5038001491113286 3.54606945491834 3.81140516796392 4.029605792835761 4.19148245869446 4.304865092547959 4.377635708606276 4.419218562939268 4.437962512517479 4.439844268548914 4.428532820557454 4.406221108259246 4.37470471884517 4.3348476602215795 4.280210009494477 4.211235187871594 4.130308543622362 4.044411656635788 3.9720038798449524 3.906833999629543 3.8356335338934917 3.7616606633125618 3.6885024316842303 3.6199370576365184 3.571326110715938 3.5542696567547822 3.572459615022552 3.622148178114333 3.700468026982851 3.810676303461943 3.9467336504451582 4.10090253859971 4.2679967163963575 4.4416043511601435 4.611730175498007 4.7707987708939985 4.909163661961085 5.012519317817322 5.061979130482541 5.044620511116543
3.595203185761153 3.5007524512369015 3.4325464222760127 3.3907449593892056 3.3863942608671103 3.4682117525660816 3.6557895589976384 3.8582916642818663 4.027758865345441 4.158000357264724 4.255482791205225 4.325948052945234 4.374791479387673 4.406127193442456 4.4219724664418445 4.422770741438103 4.409509757294199 4.384338117195279 4.345364231233144 4.288023237742753 4.215257399293951 4.135897669202742 4.0688491415740025 4.001267171839822 3.928689315858322 3.8542323285253612 3.780972523959287 3.7126961494626984 3.665800386225063 3.6463816060969196 3.655798013207291 3.6954727536539655 3.7675136866418573 3.8718445183362964 4.003704210371126 4.1547716347978385 4.320620261303733 4.494155317430336 4.668173224380625 4.837107700501344 4.993064805058301 5.120863437128045 5.187715850028969 5.15838282299423
3.50879216436299 3.407858751059849 3.3389335779417646 3.3066261213307664 3.3270104752766585 3.4186764160368286 3.566267147146517 3.737792097318178 3.9018715193653737 4.040195724714428 4.151605102185982 4.241745031759258 4.314005199880704 4.370796086375791 4.412149097941531 4.434638733406315 4.4377248028105 4.425728080557223 4.400032088210748 4.3548003628530925 4.2900881983485455 4.218094590463175 4.15362095317985 4.083455387323803 4.009363135024489 3.9341603809873713 3.860443824303947 3.7919481556223835 3.7451257183240765 3.724641647525623 3.730555479546676 3.7655741915714898 3.8320272229248395 3.9300227952224516 4.056303156308591 4.202880491668924 4.364720621230784 4.534616297366619 4.708344774577252 4.882252484948673 5.052280742964262 5.211290839662521 5.323540327479347 5.261561157663525
3.4284962992342236 3.327991262814877 3.264644940802407 3.24360872642369 3.2776384977539217 3.3704214101926273 3.499743159979546 3.649623035632022 3.801722617673163 3.94242075809996 4.063575546249876 4.165853351582728 4.2550439831407765 4.332899623108717 4.399205908270198 4.44230865371353 4.45704457332158 4.458589884160084 4.444969572292124 4.410381333046903 4.352250153919718 4.287628394021589 4.221014837443699 4.148629865560244 4.0734145269171735 3.9977281728976855 3.9236778086729496 3.8545878425092814 3.8065278970311818 3.783752215167779 3.790007269263233 3.826702958371906 3.8917824628283975 3.9845063544854527 4.10370926254503 4.243664518406829 4.397019601919352 4.558738396319225 4.725488968354635 4.894091254495089 5.061381686324758 5.2232131732322955 5.356696813680179 5.276893194500772
3.3526355166207567 3.256868637695236 3.20145579209756 3.1903288429229986 3.232826132600285 3.325272984967568 3.444573706106067 3.580838324965288 3.7224610014662236 3.8609427699995917 3.989831149891593 4.104411233615643 4.20666786738269 4.2995143321485205 4.383237743838238 4.443098746545332 4.469684549236137 4.487107784984705 4.488328572566037 4.455613137988911 4.397237603026806 4.334679709441497 4.265405570386489 4.19208754697888 4.116867998854964 4.041535374473415 3.9677425282271876 3.898035024053603 3.8482117464225114 3.8267134389300788 3.8348601424992244 3.8719824490988994 3.9359125208539156 4.025902754181374 4.14076835590904 4.273089264205032 4.415487487628971 4.564870575237413 4.717756609766345 4.86978482225923 5.014279067821949 5.1370994861634305 5.2037725682110425 5.169263041808195
3.280344496521784 3.1922403326166044 3.146048814868071 3.1442119581169155 3.193703530771939 3.2855844664926033 3.398549478575678 3.528450105878069 3.6681052497292423 3.8083349235303974 3.9416710598585074 4.06334134328296 4.172980970007551 4.272539007791137 4.359368483893725 4.426583423602426 4.473393118499214 4.50926535674906 4.537815116768718 4.4984311039657925 4.424756953087437 4.352783444443687 4.28132606274461 4.209640187201974 4.136307748872409 4.062680089485669 3.990135924219614 3.922325372072299 3.8751790542352165 3.855902906177417 3.864946561276463 3.9013331873857857 3.962881689762081 4.04878945729587 4.157029773438555 4.278953155469608 4.408841309957133 4.543209337673463 4.677730589664229 4.806517405739646 4.920525753833926 5.00788726366157 5.049427134695241 5.028753907425087
3.2122736733217616 3.134266331288064 3.0986466057691215 3.1064852965668175 3.1630846106216417 3.2548325251416452 3.3696051127738698 3.501311076982351 3.642106733699924 3.7842622081750164 3.9209302697263198 4.046453724633647 4.1569422951501895 4.256253616798305 4.343836023895872 4.415220750965558 4.469688048296577 4.509913997796345 4.531488067588786 4.500438264101765 4.427498047246063 4.349325394489083 4.272778008463821 4.199483239300209 4.1293988726515085 4.06081474060043 3.9949304884038983 3.9338821936154567 3.889352719912882 3.871513048832358 3.88061938647486 3.9152263742252997 3.973317526385042 4.0533157140230545 4.151479994534379 4.261024027655555 4.3762468566377155 4.493269213574591 4.607201848852446 4.712050158480986 4.802524691790708 4.8684129761854775 4.897695972520637 4.88331188812079
3.150693936926352 3.0851739136715493 3.0617527420618114 3.080302956205518 3.145692079598697 3.2444880942057743 3.3645186215855647 3.499483787912916 3.6425568240494295 3.786891066799962 3.926084881579947 4.05443756519124 4.166960746709971 4.262574877758289 4.3459109262717694 4.414526657535289 4.4666314078437 4.5003706458692685 4.509189245795649 4.4746896368330376 4.409530620169034 4.332263977665419 4.252386929514394 4.175351383853689 4.105042383983757 4.043520168681847 3.9863035669234024 3.933147365955092 3.8912544327557668 3.8742201477411737 3.882679483102233 3.91462008943673 3.967460371775929 4.038430594348195 4.125410302962539 4.221301001621787 4.320695828070663 4.419707473307321 4.515525663047803 4.603419845968179 4.676826876125195 4.728108006942432 4.750177807074122 4.739397528036198
3.099464908250424 3.0489499749238846 3.0394925609702814 3.0722058509602257 3.15180798347126 3.2582480354126955 3.383849015304236 3.5227514501722634 3.6687334681388046 3.8154788039588037 3.9568668150415767 4.087187320590793 4.201249895856277 4.295677815454375 4.374625978826765 4.437552965228056 4.483116514942451 4.50759155128055 4.498368633563182 4.455689687224533 4.392238580617782 4.316234850704782 4.235431305098505 4.155745181654687 4.081731593111634 4.017177890494622 3.964937546857471 3.919763166124398 3.881880354572571 3.8651363982167424 3.8721278321008787 3.8990956125142056 3.944037675014254 4.005332645303965 4.0806107649693875 4.163112069980704 4.2488665615898675 4.334663857879882 4.41665074920811 4.490229714637104 4.550142302159756 4.590972973081167 4.608245918798268 4.599832657920555
3.064212618377658 3.0312726811222315 3.0385347928334436 3.0930927185620805 3.1839616691417647 3.297380771771132 3.4283410240622336 3.57132428320265 3.720495626702986 3.869850366023378 4.013409192097065 4.145411204757343 4.260486975181027 4.354189474358556 4.430070086230741 4.488453347153123 4.523204008864077 4.5274723971655835 4.500259130173606 4.451198630994021 4.385234724727779 4.307941041110849 4.225454422467479 4.1433050838404775 4.066191106271781 3.998146892657978 3.9427519706666745 3.9017116709680923 3.8678182770677445 3.8485566390302277 3.8505992794604 3.871048217138437 3.908522234850038 3.961564775669385 4.027411609212793 4.099036639911064 4.173154774533981 4.246668922323613 4.316049883300618 4.377364165184919 4.426462639490975 4.459420041652568 4.473225016454998 4.4665116058240555
