_RESULTS/CROSS_VALIDATION_POSTPROCESSED_CLR/MHZ/GZ/1comp/5/MHZ_GZ_z_90_kriged_reverse_1comp_spherical_5.asc
ncols 100
nrows 74
xllcorner 5.5967023332191781
yllcorner 50.982320383219182
cellsize 0.00019249356164376555
nodata_value 1.7014100000000001E+038
[rows 19 to 37 of 74, columns 0 to 42 of 100]
1.026997856809853 1.0216611763851426 1.0467920700116817 1.1034121976378537 1.183105965650436 1.2783952987278806 1.3800966762497602 1.4774898838725603 1.5602371397341332 1.6195411496322638 1.6480508781625847 1.6390191578331892 1.5933027095487373 1.5134300270833632 1.4047509274323808 1.2782014013720115 1.146626177253836 1.0225997356913534 0.918532503697192 0.8522569146476588 0.8280157973309606 0.8437448423169323 0.8896548997116994 0.9572758655257674 1.027952045271901 1.090683786324299 1.1424493158219562 1.1816216621961386 1.2043114338366916 1.208464988296963 1.1947913145216416 1.1642818393698087 1.1191434209304552 1.0790348417500888 1.060409225446655 1.0656065687485332 1.0957343616525672 1.1452935390042371 1.2095044570633695 1.2908042850686807 1.3802823602393934 1.4626728860165448 1.5284839347968155
1.0075014590271887 1.0127459708894766 1.0506791768732437 1.1192138634331892 1.2084939504142405 1.3158914197778584 1.4311445196693198 1.5421453389788802 1.637027533868279 1.7009646240303302 1.72664093799421 1.7128127450342272 1.6607036359652811 1.572269815754496 1.4560627136010889 1.323312818662854 1.1866467140893473 1.0581449218314822 0.9469051555267486 0.8714145744857098 0.8383176142232068 0.8457050398844312 0.883352119263495 0.9478407780158629 1.0184209736330352 1.0751790094142983 1.1137586038178444 1.1386412338568186 1.1499019797663554 1.1464272757520817 1.125908534331738 1.0889325383999315 1.046796136919444 1.0165351925392732 1.0082028868659205 1.0264980111651123 1.0751077669693456 1.1449380229297477 1.2241153239749418 1.3106824103374763 1.4020756739916531 1.4842606697375984 1.545295511129658
0.9913223718668009 1.0038900309445018 1.0520186454064835 1.1362523548014782 1.2499020196003285 1.37778894104331 1.5138128976473877 1.6435080963582909 1.7461436282879175 1.8117167646060022 1.8351975500900688 1.815573711861163 1.752412860151393 1.6511675773738494 1.5217644082131843 1.3759938434878747 1.2272382238181918 1.0895609438643468 0.9736191713574479 0.891634055959426 0.8525840166268045 0.8537406276030769 0.8816158964600596 0.9288860280811846 0.9888538660758239 1.039497259655874 1.0728950146436653 1.0861302535810242 1.0842695357156318 1.0691646266372639 1.0397001111712307 1.0031723950875704 0.9683279669854945 0.9467556196627429 0.9452506658582096 0.972011541600396 1.0375855615797174 1.135291982897476 1.246619658609503 1.353498735957547 1.4501570507365318 1.5336433205050999 1.5913043258786725
0.97766459801301 0.9931417730350928 1.0469816494033481 1.1446143193415534 1.2869743938301166 1.4542516058340766 1.624314494426334 1.7712937954904442 1.8844567385377808 1.954544813237493 1.9762642128025538 1.947673577540033 1.8694786223466637 1.7506482961419787 1.602622677053309 1.4377092236775117 1.26945555012239 1.1172973895450558 0.9998584124021092 0.9152726494511088 0.8704335955032088 0.8585909341638607 0.8674266960598459 0.8923605711972121 0.9337299374920752 0.9788539778745124 1.0092983929524606 1.0213827246603682 1.0115376366568736 0.9854765748604913 0.9497413725553658 0.9158007858296091 0.8901491478690897 0.8768674786860543 0.8791341604735398 0.9052599815749987 0.9829654929449189 1.1202936856399486 1.2728090561873984 1.411267590613444 1.527429966045331 1.6165940028622203 1.674422842592788
0.9694249952185826 0.9825528483871079 1.0345336825518867 1.140960248353542 1.3129239510085569 1.5278580665607295 1.7368968368925075 1.9165731556644996 2.052140421236605 2.1327610273006807 2.1526791805187577 2.1107499263588427 2.0125639328251976 1.8707873529530339 1.699559943570247 1.5121675187209997 1.3200343649583672 1.1426982713773421 1.0318562911264055 0.943997409552969 0.8908008965683836 0.8659324087133257 0.8556964299704789 0.8606183057885511 0.881783470186238 0.915200622503284 0.9374380216876296 0.9434445508965223 0.9309176674519234 0.8985400562507428 0.8646421686625364 0.838482550017889 0.8256303947534254 0.8241465253928156 0.8338065347527078 0.852330450019652 0.92064153685269 1.127138131491587 1.3222261391770591 1.4917598051453551 1.6310333340131022 1.7372923298852634 1.8019865723435244
0.9730476143227212 0.980339964822158 1.019016331233174 1.120779045852648 1.3314884937294706 1.5949092283799222 1.8484200972609264 2.0652141439884897 2.2304163189081363 2.3300511552785097 2.3536483942421 2.2970559882531623 2.173547643996709 2.00278349918514 1.8035789646120306 1.5916856284568055 1.3864638433756404 1.2131318575186782 1.0875125310786693 0.9924116153454892 0.9288101154225433 0.8881730816639202 0.860992862288451 0.8480018446339854 0.8510403161889664 0.8706996648505233 0.8849296678046844 0.8828889348382335 0.8618628164293107 0.8241788622734195 0.787749435996423 0.774363766442717 0.779348268838929 0.7987063221623609 0.8336602939158684 0.8881944613563155 1.0002378536424992 1.2016814556744948 1.412636124160358 1.6027717566560362 1.761300349425646 1.8841862596094188 1.9641027778140563
0.9974884335090052 1.004724691127243 1.0289485766776798 1.080678397879613 1.363425824699276 1.6736972553674725 1.9632066401215045 2.215298633985542 2.4127931067787745 2.5350745023734573 2.5603730342984683 2.482510990115321 2.324163237918931 2.1167748234366783 1.887148117246281 1.6633910413324937 1.4611460253135666 1.2912372983786429 1.158031922410099 1.0539551268951013 0.9770384430921673 0.9234154680872091 0.8819666641035908 0.8530595114855425 0.8397610439524412 0.8453645692795004 0.8528743025532144 0.844112089403004 0.8155089634695863 0.7770939644061177 0.7456045521368297 0.7321385926304809 0.7496948116923868 0.7966343351619373 0.8686131162968902 0.9738802477738397 1.1258589518347595 1.3226892451776657 1.5365722998041462 1.7400636410440753 1.9156392327590028 2.054746677361927 2.1476684748071717
1.0476579494011495 1.0717034414755169 1.1227135946803417 1.2341925943079497 1.4818469581299638 1.7836031404306971 2.080976814017459 2.357261734814742 2.5899913826873426 2.744873205618727 2.77149826427366 2.655850883244069 2.4479484656741892 2.200457145698193 1.9545469262312316 1.7267809047542235 1.5265649612711933 1.359799910300854 1.2270858145071286 1.1165080551880702 1.032151190803024 0.9704737023952955 0.9185140244732956 0.8754955207482573 0.8467090491624701 0.8394993255562354 0.8420804706954901 0.8281126154487636 0.7936972511088546 0.760531105490956 0.7369899911915105 0.7261516867539073 0.7465134127612768 0.8076300215611771 0.9140777259789115 1.0582856235574085 1.2401509847442849 1.4503587315073565 1.6741868478336355 1.8923305129237564 2.0866713463162805 2.2445980191485995 2.3525494782942755
1.1165452849389381 1.16765055098042 1.2612753230437366 1.414319036336427 1.6352949553078968 1.9043204039875163 2.188943470395116 2.4702586988821245 2.7339596319300847 2.945541723793517 2.9827923523599336 2.7919866888539 2.523671178428654 2.2516397432913045 1.9954804695128645 1.7662012193941872 1.5704443501032483 1.4115333712875762 1.2836973653657298 1.1752591898688345 1.0924597994176408 1.0299694697131567 0.973174955209074 0.9179440339567123 0.8717831026898016 0.8538820373525803 0.8554465859497669 0.8382188840286523 0.8043284032313615 0.7748891549513992 0.7554049311433618 0.7491148706811986 0.7699520994913293 0.8369062658622222 0.9569089196499001 1.1303415929486 1.3386194222660897 1.5681954932264948 1.8086095301159275 2.0457378581075334 2.2633078805406366 2.4461347384398557 2.5750491506918576
1.1898285595694342 1.2653184684837882 1.3869436989929682 1.5517639982635725 1.7584185492750075 1.9999059271930317 2.2604398108993253 2.526678056178544 2.7901351851525673 3.045683794260522 3.1231613981992625 2.8220115974182787 2.5286830469021586 2.2511107988557084 1.9953187158432992 1.7704330216624853 1.5839245528378108 1.4387423724193076 1.3229147214984023 1.2283811486820386 1.1585230500530188 1.1047362465854471 1.0522479638968616 0.9905092789119359 0.9207338425578218 0.8940828372798169 0.9048828916728844 0.8878625697272238 0.8510759501417212 0.8184341601893953 0.7966957382009605 0.7911072832098441 0.8104423537019703 0.8791273246517963 1.0035673947417505 1.1863604783135608 1.417603847176177 1.6676496164106747 1.927154125981303 2.1857259948236667 2.4304168870288785 2.6466931885445177 2.80874078036692
1.2549699836689558 1.346968798002836 1.4811550922301293 1.645429903966364 1.836991577136421 2.0513253020121547 2.2785188839421067 2.5064954745097348 2.7199820931745577 2.88431844670379 2.885659136911398 2.693562385398983 2.4432378599372857 2.1883391823534897 1.9471418454913858 1.7334494470279032 1.561166397796434 1.4348108749058088 1.341944032782095 1.2759353786083445 1.2327344949320922 1.199246110660813 1.1630585531986775 1.1106911728638837 1.046402377957886 1.0140938542254363 1.0088202559064405 0.975371866603758 0.9236249550097216 0.8782981555761813 0.8476159690176069 0.8383727188159465 0.85703672991668 0.9257356667536807 1.0510207852181557 1.2342840543559428 1.474253239677759 1.7427704088350273 2.0195214875675545 2.2971198123570016 2.5670803604254555 2.821562425594321 3.038855252847682
1.3033886342010033 1.4032526535292769 1.5395702179399984 1.6966933384111176 1.8711348405036305 2.0567269431482322 2.2451698150336465 2.423376834044069 2.570840938253768 2.651923314554895 2.625248599988609 2.493263786409092 2.2965725476511687 2.0752715763209375 1.85410189017146 1.6529836316925228 1.4953729242160287 1.3929734865217578 1.3375454983944999 1.3184725452581119 1.3183633873052854 1.3192072612536485 1.3081198534027993 1.275699525135361 1.2290524527665443 1.1884035967524933 1.1485895827126256 1.0842131534432156 1.0053487820221982 0.9363847531641696 0.8873660007315056 0.8676835784752438 0.8850967443069555 0.9557738731854304 1.0868808921144395 1.273577051259013 1.5110844618793466 1.7900421865988603 2.0783695324816462 2.3666407551955446 2.6491473382868973 2.924447692037683 3.1911375752286433
1.3201049742512845 1.420890211860848 1.5532077759865255 1.700309532811805 1.8587625743309126 2.0202649137380715 2.17462628253663 2.307381228250409 2.399219565288054 2.4293065053339182 2.3953371438111732 2.2905629538229295 2.130125183508925 1.9374710134821886 1.733322714185092 1.5382015234808812 1.385107290785194 1.309524599400887 1.3133440340032965 1.3627890979803734 1.4205443744401516 1.4618836782809645 1.478620449915265 1.4682697062777528 1.4306282730210427 1.3798123327740073 1.308757059944475 1.2083344745435147 1.0929639274215304 0.9895528652814723 0.9114268756116126 0.8736559443467221 0.8869881500043251 0.9597074357358281 1.0965098356569973 1.288221812415479 1.5279319590396108 1.8086375493033577 2.1013597228334286 2.3886942524362578 2.6645449715789935 2.923743255833137 3.1517345054413566
1.3026248439541575 1.3996424304010844 1.52490025701484 1.6606963811751203 1.8025135109850983 1.9422754576702164 2.0687588924375184 2.1689769853599965 2.2265317810591405 2.2303224074809203 2.1897063910235026 2.099295561008385 1.964980321651193 1.798926941451076 1.6136959196734624 1.4218331762791865 1.2498218314564746 1.1982132048866023 1.3002784982447535 1.428863514192197 1.5401332714803782 1.6221448274618988 1.6681036252605108 1.6767073054568415 1.6475593336858403 1.5858171514975352 1.482013832100622 1.342475308483282 1.184043616823472 1.0364370655904653 0.9168726992078915 0.8518883496902053 0.8604910231178798 0.9397181648799943 1.083511300424236 1.278451817039186 1.516867837760222 1.7930677095079262 2.0896973143343502 2.3684207356503135 2.6253095485227846 2.8638548839972713 3.0602400419823024
1.253251600448594 1.3435652228329502 1.4614311992037947 1.5866088905343951 1.7131931008350276 1.834100125534253 1.9388447790990273 2.0149924656274036 2.0457320325584627 2.040303165921807 2.0039320290153206 1.9270695138485707 1.816346502808662 1.679428180674205 1.5238663500439193 1.356171615948457 1.1815728671113273 1.150255466862424 1.3492283250314743 1.5313184721858037 1.686722489238276 1.806443857805627 1.880527261694967 1.9024821578473303 1.8746464216175653 1.797392730447636 1.662552463830467 1.482731006280586 1.2786466432487082 1.0813298067971846 0.9080215200718358 0.7979325429908504 0.8105215305399643 0.9058125137403952 1.056555146641601 1.251115802826503 1.48378751932487 1.7494998834764128 2.0400523764346055 2.3143295526829695 2.562002796076765 2.787488079850317 2.9723583298567866
1.1752903346292713 1.258412294921826 1.3716649868044413 1.4890439848351227 1.6035642613688437 1.7085822186707422 1.7952066509729894 1.8480266970344135 1.8606857263401857 1.8537548378879052 1.827280167083009 1.7732466055550924 1.6889557257934507 1.5861419035175792 1.474785486696613 1.3676462930791922 1.2946752450035557 1.3290954961626291 1.4848680376691772 1.6766072117688477 1.8607525547524892 2.0148381116799907 2.1176767947201682 2.1511738963400013 2.1134182626059688 2.0071402024302474 1.8362648185704555 1.6210492103281542 1.3772301228431394 1.137550243955594 0.9164832404903306 0.7162271485898823 0.7738529870066894 0.8796319463191661 1.027323811111005 1.2139084101470348 1.4353230779606485 1.6865355318194357 1.9612903471768544 2.235877836455187 2.489316682589793 2.708569707594985 2.8857096156333712
1.080920019621584 1.16931290752229 1.2842048834989652 1.3971274689487065 1.5026993602171517 1.5944941449369858 1.6596122810621572 1.6912367826018961 1.6890393619466806 1.6781150951271224 1.658393345580759 1.6268631274268164 1.5774326195584825 1.5125458012357391 1.450178888802645 1.4086220153910445 1.4151985367103503 1.490922786219197 1.641105771725994 1.8365696107514178 2.044601292497047 2.2364492517835317 2.3766723144561372 2.4237172746294866 2.3617943750801764 2.2044673085470845 1.9891347985866368 1.7396866958506705 1.472450076174189 1.2109012393627052 0.9862501911723706 0.8351606331707948 0.8139107752957236 0.8824849089423863 1.0074481251575214 1.174856794149348 1.3777224136089092 1.610402627403941 1.8680889746118559 2.1448481362550518 2.4018667264702787 2.619876987422734 2.791673971427892
1.0288139062265746 1.1064126253436828 1.2149113148607422 1.3219933385471623 1.4198488824193514 1.4962083830994997 1.5431753719942747 1.5570684836529511 1.5438882415660142 1.5298938116085326 1.5136094911012679 1.4938865070887482 1.4696814643842981 1.4446316190517319 1.4259204490922477 1.4376752290605121 1.4947780314261612 1.6026602631787032 1.765182238771665 1.972248257049224 2.2060817521403777 2.4444027080311335 2.645496048977733 2.718452289904694 2.6002999694654307 2.369773691985632 2.1000654251911084 1.8240350004877013 1.5523735220372596 1.2958061109112287 1.083567933608904 0.9437817521493851 0.8897657175782702 0.9192601727261652 1.013685756807099 1.1551879433422907 1.3330392230049521 1.5396183493632205 1.7789141881865715 2.0436322088644503 2.295092376489194 2.5145941069947852 2.688362466466999
1.0043615304303137 1.0677836744951927 1.1647402482530795 1.265751439690578 1.3541692388417435 1.416793015598632 1.449310529063852 1.448991286515863 1.4257192769417861 1.4077005474642732 1.393788032583587 1.381998340368748 1.3738394438435881 1.3717640295547875 1.3872581925997205 1.43811866629641 1.5268003192444095 1.658190333409726 1.8333367123405617 2.05034217790409 2.3023512312640513 2.5808008283567667 2.87043332244881 3.0200174042147507 2.768251437387743 2.4603190975949834 2.1594895715614073 1.8738374266685391 1.6079945947928262 1.3672127205912221 1.1684675709250154 1.0306131953413282 0.9615575805996149 0.9680427480444284 1.0373973550320028 1.1543263090281517 1.3074260363935277 1.4897382203416287 1.7073506893383092 1.9506866201809678 2.1825804653276752 2.3927769775025736 2.5714768279107703
