_RESULTS/CROSS_VALIDATION_POSTPROCESSED_CLR/MHZ/GZ/1comp/5/MHZ_GZ_z_180_kriged_reverse_1comp_spherical_5.asc
ncols 100
nrows 74
xllcorner 5.5967023332191781
yllcorner 50.982320383219182
cellsize 0.00019249356164376555
nodata_value 1.7014100000000001E+038
[rows 20 to 39 of 74, columns 44 to 87 of 100]
4.420406626475027 4.399215321852538 4.352031396981358 4.281658958385609 4.192589022939617 4.0909342617351 3.983917163871061 3.8787294203844906 3.7882169910666974 3.7243606639657996 3.690975181164587 3.6922284349740764 3.7194123609329246 3.766636460727189 3.8296527935946565 3.9041211012075077 3.9867509064598585 4.073618440171249 4.153064055132612 4.217122692183263 4.264337006612792 4.292127760072313 4.300313468421158 4.29661374161651 4.28233937717868 4.2576582811359645 4.2229083452606515 4.183664284332049 4.14770770294163 4.117203689334877 4.094406801867567 4.078523037443216 4.06255914560767 4.044060039081582 4.024215956773935 4.005159218583586 3.9905063822354463 3.9799380626170393 3.9704470910938614 3.9606601279165794 3.9507939835792443 3.942045397458235 3.936253447786048 3.9349735705241686
4.45011464442123 4.417371517203326 4.356044189857599 4.2699778417886165 4.1650854679026645 4.049588854168998 3.9336202644762324 3.8269949007612243 3.7405514504878945 3.684501842949209 3.65925950991089 3.6665591549848515 3.7053906473319316 3.7617831594487394 3.8313065506270734 3.9112084133845797 3.9991447501525332 4.084902363415592 4.157452490590454 4.215012096965826 4.256109769346241 4.278030581144916 4.27960322473984 4.267882447287242 4.24585716443869 4.213483750608389 4.17121950022008 4.127079855488874 4.085996330429374 4.05065071758683 4.022761000140639 3.9997078457114856 3.9772361482345655 3.9555016386651776 3.9338050219378893 3.9134003442749914 3.9008576210545796 3.8929198006560135 3.8831379360384375 3.8704011711910935 3.8555695310748934 3.8403415611580884 3.8270196091483903 3.8185657561836104
4.522202342313669 4.4773092431868715 4.400691324002471 4.296960581245078 4.172964839197831 4.038737627265196 3.9085248776392514 3.7977504776901556 3.7163990042700923 3.6690956808101465 3.6520853787176177 3.6644908862953463 3.7072304607329234 3.773302631568006 3.849982364724335 3.9354389885746066 4.02270141748909 4.101016852044233 4.166096587308408 4.216384446135573 4.250537710510573 4.265909527967007 4.261081401972408 4.241519404965553 4.211967013283689 4.172064426533362 4.123591008500911 4.074680595878738 4.027948146870142 3.9862717273045227 3.9487959877761596 3.9207923707779053 3.9000804641263915 3.88306261942875 3.8645749653965202 3.840402108650596 3.8350688677064633 3.830289517176557 3.8188255805001408 3.8016766886504376 3.7804850188196797 3.757370549341138 3.7348706277236445 3.716134863462569
4.638775936770696 4.5809893484177655 4.488076075472624 4.365212830863785 4.219325981214 4.0604826375927745 3.9069204946520344 3.78857289003517 3.7171184865879168 3.6819239264180847 3.673255078135184 3.6898601152019834 3.7332855219832117 3.8041261579433256 3.886261363152878 3.9696847062680307 4.050712012838266 4.120928898296727 4.177716074609623 4.220024400023648 4.246829287410226 4.255611958894827 4.24473371030231 4.217977030025665 4.181624643923977 4.134969903770408 4.08292808362587 4.029947731984082 3.977460527982438 3.926514870428444 3.882302738871335 3.853545551936943 3.8399178702792907 3.834209552496489 3.826840788514325 3.815665251578373 3.807907209695471 3.798210141268062 3.781522237063848 3.757819997294409 3.7287395100395555 3.6965952738200665 3.6639482949558366 3.6335423494444132
4.800685979206918 4.729166191500982 4.619389804446422 4.477466905524465 4.310108390545217 4.124659382675714 3.933438395953205 3.8006207576893836 3.753791753774392 3.7314093489043056 3.7279426056311276 3.745831285554827 3.787130963602441 3.8510202542136756 3.927728630359423 4.0031143378813 4.074662322347585 4.1349935276857 4.182334469464705 4.215962552661035 4.235253889145799 4.238212705480987 4.223367207066324 4.193541034353539 4.154288512062191 4.1053336673650485 4.052300171815004 3.997002583033586 3.941340208400439 3.885844820443506 3.832982594593594 3.799379218293823 3.800928572988041 3.814167895113432 3.821474914209844 3.8205079984058576 3.8128293655268135 3.797221426912599 3.773082836613738 3.7410161372953468 3.7027510411042135 3.6609759338447483 3.618507872304145 3.580362089540428
4.998433331959436 4.9168199599430755 4.792205541885224 4.633854598425272 4.450583826968954 4.250594547932677 4.044528852520242 3.9010774690038255 3.8529231616273956 3.826264745841794 3.8169041490923634 3.8258122907723497 3.8524530893367523 3.8988867970938235 3.963666805524523 4.029165880867931 4.090464756820848 4.140524691351671 4.177984520101106 4.202367922673926 4.2134568882469114 4.210191021049405 4.191558219035649 4.160518647368433 4.122272998454715 4.079676922972307 4.0323685432959575 3.979798466210938 3.928347253493082 3.872730221988052 3.8121826499387366 3.753122852723125 3.794830816920423 3.8288584672449564 3.8485694318934094 3.8543139585677486 3.846594056277329 3.8260967771332046 3.793929480729827 3.7523440695400443 3.7038290448698405 3.6521440582007285 3.602015740992816 3.5667264166794412
5.2167679134347065 5.124545964476257 4.986229489217793 4.815882481857229 4.625202979876243 4.42631563775052 4.238145190497937 4.092695111854466 4.002555721387844 3.950741672356715 3.9215272221598574 3.910043036658083 3.917275991493374 3.94487225466297 3.993832045857256 4.048144814079197 4.098493652430803 4.13799433310605 4.165309925920279 4.180024048147122 4.1820995832055265 4.17178989532422 4.149498327066285 4.119469840299151 4.086986172177359 4.0505292186503254 4.009475995448969 3.971019782026903 3.932009158783662 3.8866521510792413 3.8423286232692835 3.8184315417739088 3.8413436458403782 3.87554622552301 3.9003316694372443 3.9112158979629426 3.9062782438262023 3.8839455876730757 3.844284701860537 3.7922846403769586 3.7322199213863216 3.66976494182928 3.6176583379032827 3.590597591131422
5.445315167603341 5.340652846117073 5.185225187310334 5.002649290063815 4.806566688896414 4.609837327597724 4.427584058980322 4.2745405553084455 4.161235993286491 4.081721455044475 4.026431880677655 3.9922634154498224 3.978841375201985 3.986994724476601 4.017967739077253 4.05994003292647 4.098757446423196 4.1279413879593525 4.146032900818655 4.152127744454273 4.14554757137878 4.126890933340514 4.099643851318625 4.072512716968876 4.045679580749429 4.014922043262242 3.9860421413253513 3.96439958542465 3.9435554173206064 3.920188182212753 3.9001288019837927 3.8985603676037597 3.9178185520006084 3.9469601936370373 3.9723825842642246 3.9862122589619005 3.9839294013052213 3.9624936849811876 3.920842047751883 3.86116324279993 3.787795550092075 3.7127959452940495 3.6602939025913033 3.6430624512488863
5.676405403107719 5.547408131978059 5.372338311822162 5.180159877241953 4.983365502522105 4.790820877227096 4.611489310774388 4.453058045632977 4.321768909631217 4.215789213669445 4.132987443319138 4.07243358619686 4.034969081755233 4.022717561127371 4.035561521398429 4.064613670714674 4.093155710259481 4.114103088988087 4.124650828022805 4.123733022291802 4.109998656926803 4.0796689072569725 4.040776878091893 4.024852997367466 4.004527967029855 3.981734583333839 3.9669460746866094 3.9611607007174294 3.957684009275665 3.9559076757021736 3.960060699106319 3.9743953958107547 3.9998130127946623 4.030747196670369 4.058981028090356 4.076974928461584 4.078807458121606 4.059929349341262 4.0179138497795845 3.9539986280242534 3.870738017523118 3.7814984003580587 3.7222774692274836 3.7148451042466473
5.890297756347493 5.729619472793419 5.543617414304845 5.350996689682053 5.15894013476106 4.97194547472715 4.795023719169593 4.631706890058439 4.485978832201 4.359545151374119 4.252754729132588 4.166220348206429 4.101497226852075 4.0613386828579 4.05042136720774 4.064725099605389 4.083210805810213 4.096529139441212 4.100725642972881 4.094990006041915 4.0756049362165925 4.042255390337878 4.006914529015485 3.986272930552815 3.9671249756329168 3.9535059544111624 3.951244865663594 3.9600009421781666 3.972763882021238 3.989245103069404 4.0122032654141 4.043666402880151 4.079774625701539 4.118444145830973 4.1541017033296725 4.179940264805392 4.1893369347100835 4.176395198528844 4.137227593503266 4.0715667273046945 3.9801017913343 3.8777780283067966 3.7965862997800315 3.803514122564014
6.040497209803625 5.871263669414283 5.69048855729209 5.503606127132986 5.320585793452764 5.14262620116504 4.969399833423651 4.8033326948217425 4.648262115641264 4.506468477990887 4.379783702236086 4.270141455885637 4.180659125752101 4.116258552174097 4.080351554155539 4.069679475885562 4.068205603811989 4.073101637123186 4.072055658976078 4.062469397679108 4.0405965739327 4.0093956613624915 3.977482241635556 3.953285928740996 3.9343483266993453 3.9285767675020766 3.936699258068241 3.9579483064254295 3.9850138093963032 4.017253323386262 4.056374257220927 4.103066195450439 4.153724250565673 4.20443027245867 4.2523774425492515 4.290942677823198 4.312873621590649 4.310891634348634 4.279678541794034 4.217680498750278 4.125505802500014 4.0197661526032435 3.9145005510893727 3.9397438469179593
6.071414096502552 5.950298574571629 5.800217798674658 5.633765258813716 5.465497341909696 5.298047924521993 5.129416237889288 4.964835385137746 4.805048381429038 4.652301401878954 4.509467056728915 4.380323769331955 4.27049921365846 4.18366339013771 4.123817227452343 4.087766721879346 4.061100970969093 4.046326999325982 4.0397270752033965 4.025726962167947 4.002158582891089 3.9714695763268493 3.942510553346103 3.9190737041542407 3.903541017798622 3.904483377542694 3.9210001673269472 3.952437077382748 3.991582566826237 4.037195287634816 4.090509168023387 4.1516834470216795 4.218687602397035 4.283889577735485 4.348419052720775 4.404980234102545 4.445397284101627 4.460642618087495 4.443569997507758 4.391424104128249 4.308230741944448 4.219464287075407 4.154087251205226 4.150352956270692
6.041574822081981 5.980924659768799 5.874260153491891 5.73799836840462 5.591098934383604 5.437704047984527 5.278872365721373 5.118441522178885 4.957016541175087 4.796376964430804 4.640524865622714 4.49648112460624 4.368587057355878 4.261294005169096 4.1796659472753745 4.119646196649134 4.069479715537168 4.033272618084668 4.0055470698338445 3.9832429540465633 3.9578115250222807 3.928911621684827 3.903669462088974 3.882470969961364 3.872473465622745 3.879394761173942 3.902406788565991 3.9414725958817627 3.9902848796856305 4.046821829989791 4.112353004790577 4.187029559679678 4.26935357108392 4.353404043081705 4.436070639406479 4.515564605534045 4.580907787923146 4.6207007817393935 4.624150366796063 4.585223476865633 4.5120638485475 4.436592723787943 4.382611287486842 4.366617716822494
5.994824726331913 5.977192558452437 5.909813706853047 5.805560068632266 5.683593104495786 5.550357584096384 5.406652999403397 5.2556055798861205 5.098583070382098 4.937272070947401 4.7776433817697 4.624161538984737 4.480640702830023 4.3545639587961515 4.252473294549242 4.167298665506269 4.0921082338572905 4.02989659489743 3.977686076771866 3.936214066846749 3.907124977005484 3.883139920957173 3.862950332084718 3.845650092608881 3.840952465467768 3.8528036152438467 3.8801726414546653 3.9237698799930834 3.9794845935745755 4.044159691244869 4.119568487754538 4.206234056875406 4.302910685906275 4.406208371188724 4.509337500063653 4.613936803666972 4.71027896011779 4.783578854402187 4.814984753110329 4.788195543946431 4.716786883839761 4.642233053179149 4.5867246645697675 4.560476784680527
5.932611957905123 5.94651516881423 5.912824920923179 5.839680244719766 5.7473590557045435 5.638582869879843 5.513647727744711 5.375408851500316 5.226045791729486 5.068412059212769 4.909023651415169 4.751859945477297 4.601251583591255 4.461885617259224 4.33949202910127 4.227461319892305 4.1253259745079855 4.032736963263819 3.9530452258273963 3.8917356500982456 3.8534019833698085 3.836242730469156 3.8231338469225893 3.8113770310002533 3.8111509705068403 3.8256336358732215 3.854712528049638 3.8991565926892817 3.95813952410829 4.027559147166445 4.109904473738141 4.206403201528105 4.316055879434166 4.435651599454876 4.5601116040947645 4.68911530239205 4.818828459129028 4.93571374198272 5.009434742500847 4.986985015791741 4.901555976129148 4.8182821930304325 4.756551629393768 4.721281524425119
5.8570898108471825 5.895086710721636 5.889535444008441 5.848337417914702 5.788646897430636 5.706743570817223 5.603569151517835 5.481152038364609 5.342061532385157 5.191564780444107 5.034258046213587 4.875013844871436 4.7191428666957895 4.572118755109089 4.435805844142902 4.297604185755919 4.165241148269737 4.039495351758317 3.9298983514936126 3.8495578131651706 3.804968136435236 3.791458504990466 3.788210362022994 3.7832062769362684 3.7864524738403755 3.8010098078030703 3.8277558923950052 3.868815443492685 3.925949377736095 3.995853382445721 4.081430515881569 4.185058154023718 4.305756278368946 4.439436215156779 4.580453720392185 4.72938986789907 4.884633001336482 5.042175396002692 5.194590221813895 5.148381212042931 5.042742327507288 4.955601614484648 4.891662350507218 4.850518843467091
5.767133455821578 5.824269373483869 5.84640779675733 5.838594608613939 5.811434830077708 5.758584782305885 5.6799728304983415 5.576107089655871 5.449990032588742 5.308098761768122 5.154042594737147 4.994061370512072 4.834563318936929 4.681730422973162 4.531225358233496 4.37444223479522 4.212273620240804 4.050324022051925 3.9085979199928422 3.810859443091509 3.7647233011499655 3.7555573098715676 3.763950382546581 3.7661527507603516 3.7710440387747632 3.7828243670122053 3.8032584232677156 3.835402494441415 3.8836697143465413 3.94861380297818 4.03275119543736 4.140587000069334 4.270679266068438 4.416322443266861 4.569149899768904 4.727335697428357 4.894909013544082 5.061173761935327 5.189850025704104 5.194783350259125 5.125347512047211 5.054246807194501 4.997116458951405 4.957211372810834
5.661423715095522 5.738808767510166 5.787756468568395 5.811847807608526 5.8179017740641825 5.796706236214904 5.74585483413691 5.663364543077616 5.55270750665564 5.419983000383063 5.270244531369354 5.110559161125081 4.948924298719497 4.790765465534793 4.625501094123805 4.45249135597142 4.268412841867358 4.074044438583574 3.8956038862813296 3.7782988482918882 3.740905076600488 3.7418481822409815 3.758272036701335 3.7663200745665817 3.7697177987641113 3.7752139758058205 3.7854603694511852 3.8039442629464952 3.835688760936073 3.8871226615135313 3.9632183476963836 4.072636019385316 4.21228489290016 4.36911912558075 4.532701873291092 4.699751152324936 4.869910768985438 5.028103625010072 5.14152179557967 5.182151721560484 5.1611724994112365 5.117294310031359 5.07582220795067 5.044520144824224
5.5444518994217695 5.6393999960655155 5.711881399876389 5.767241719285367 5.808038949239162 5.822072969455482 5.803391687817199 5.746774284768333 5.653825527085136 5.529418889926992 5.382536035819617 5.222937078724294 5.060393410916236 4.894354397454893 4.718750349924594 4.536129202981223 4.342120765034546 4.133863707333006 3.9162121842953797 3.7656969282519857 3.764037852782093 3.7711467480321224 3.7838437114775143 3.7908597804994226 3.7868740056721863 3.7820700738486437 3.7789248982838854 3.7802978428377214 3.7901999523250627 3.8167522570291212 3.8744479526784463 3.983755701752271 4.137300253982839 4.311782989645587 4.490167663045433 4.664573694523168 4.834187204873227 4.986248832843619 5.10170104497809 5.164878625957531 5.177887629830035 5.160607651229713 5.137804398350195 5.116259203725668
5.414881098507594 5.522728555309633 5.615410133133425 5.7015256678253685 5.7789883880875434 5.833438301328024 5.854649983860951 5.829663701120191 5.75472943728227 5.635636450441546 5.487692274223508 5.327642726083276 5.164383520801716 4.99182579433487 4.813780162356434 4.633157837671547 4.4431678171625935 4.243319771731599 4.0452062271293965 3.9071076875885598 3.867806542895952 3.8583294531680523 3.855290157972686 3.84906254893266 3.8288084788633814 3.8075004399985413 3.7879791114286414 3.771827039881944 3.759176001507839 3.7527460991097206 3.7699739309743965 3.883613796067235 4.069727280671832 4.265351609913296 4.455010661314328 4.634482692648407 4.804313199794634 4.955049740696044 5.074698086590177 5.153446616716634 5.192552623918706 5.198465566444298 5.190675105341307 5.177330642931867
