_RESULTS/CROSS_VALIDATION_POSTPROCESSED_CLR/MHZ/GZ/1comp/5/MHZ_GZ_z_1000_kriged_reverse_1comp_spherical_5.asc
ncols 100
nrows 74
xllcorner 5.5967023332191781
yllcorner 50.982320383219182
cellsize 0.00019249356164376555
nodata_value 1.7014100000000001E+038
[rows 19 to 37 of 74, columns 43 to 85 of 100]
-5.014462877123225 -5.100199513800787 -5.074467165871193 -4.935897049385856 -4.701536538346042 -4.386148390842146 -4.007045615121665 -3.5853763954095967 -3.14585310416303 -2.750626321673925 -2.445434150339151 -2.2645900343054555 -2.204795557941058 -2.26611337419621 -2.433948301576638 -2.6765093961733446 -2.9666171527234133 -3.287460103102754 -3.628499059807197 -3.9644999586646277 -4.254117072482742 -4.471675054004008 -4.608083316702203 -4.671735403393533 -4.688919711434044 -4.660939820936942 -4.58902060428794 -4.474913661304648 -4.333055573376743 -4.202372799174862 -4.092039052331232 -4.008941979302078 -3.958528494615774 -3.9235258176735863 -3.874071917664719 -3.815324495908574 -3.7556171028501364 -3.7055185016928474 -3.6650627366664352 -3.6304054451330745 -3.5988278249225845 -3.5704085084995314 -3.5475803231570797
-5.046870317278488 -5.077541064388793 -4.98928392780375 -4.792773227959685 -4.499687453600316 -4.128730705145321 -3.705360917207598 -3.2596581730217626 -2.8215742886480486 -2.444609869550092 -2.1786622706098098 -2.039619056044469 -2.0448385833274894 -2.158053673620781 -2.3547316932092928 -2.6171809003746853 -2.927325070982732 -3.2714600894757844 -3.6332443176839817 -3.9641178818951515 -4.230908057410405 -4.427545323100683 -4.543287716859455 -4.57737939703957 -4.561970846233377 -4.502521248660358 -4.399729896107253 -4.255004033707344 -4.091561126003976 -3.9418098496461402 -3.814767322381159 -3.719823285345276 -3.653670889763325 -3.587184781085362 -3.510140059183649 -3.427493808099498 -3.348126672602513 -3.287100822520419 -3.2430860888996156 -3.203558273837352 -3.1627977184455185 -3.121707390886175 -3.0852714482218184
-5.210303867935409 -5.201268444286224 -5.064900499859377 -4.8094856302999345 -4.45103816459559 -4.01418442983509 -3.5331663615758835 -3.050182616949457 -2.6061113595886174 -2.246093345900159 -2.0126590219543816 -1.9075302403915977 -1.9379316613419277 -2.099656311377877 -2.334518757693945 -2.6240684357524544 -2.9568421719812656 -3.3230777305358457 -3.680239383477817 -3.982394753210868 -4.222117891174797 -4.393280684085448 -4.484576058081323 -4.491125773779782 -4.44231130600893 -4.350580833000397 -4.21575266375626 -4.0397313292685855 -3.855899388609153 -3.6847955161876653 -3.5375887898487943 -3.4214342327879432 -3.3254229000542987 -3.2318332080155394 -3.1413137419493156 -3.050952091260692 -2.9659710834582267 -2.913733391813821 -2.880674110585788 -2.839934789577039 -2.7868889571090056 -2.7251184285438836 -2.661697273272768
-5.545141952392316 -5.501497897466866 -5.314527984479307 -4.995431153076902 -4.563415357225833 -4.047000283365116 -3.48797338115184 -2.945665834090538 -2.4843147506816328 -2.145503703937045 -1.9484957351543981 -1.8776515572296524 -1.9293177758131184 -2.1073187307293506 -2.3824948328969193 -2.7018491059368497 -3.0577572039803256 -3.421186084110478 -3.7473526947737517 -4.018395520425604 -4.22783342451615 -4.370074280964914 -4.434094529693396 -4.413986443714449 -4.332515016047934 -4.2094357854132625 -4.043250262074469 -3.841369105994362 -3.63766796327921 -3.4430375613959705 -3.269464413375867 -3.113386176518748 -2.996757252801269 -2.910496703635297 -2.8396211124143185 -2.7626240876380375 -2.6619494403012416 -2.6397376613271546 -2.619832714462389 -2.5720879322001857 -2.500666558328982 -2.4124079007315884 -2.316141204263382
-6.067127888616543 -5.987001354261338 -5.746332886137116 -5.359369479826576 -4.847671009444713 -4.240084273051023 -3.578536580573152 -2.938983930783497 -2.446092110706571 -2.1485001900112146 -2.001922564928945 -1.9658187128741234 -2.0349750508396935 -2.2158323470669674 -2.5108680607751244 -2.8529431785537165 -3.200383108225685 -3.537844071129225 -3.8302820007839613 -4.066788136928469 -4.242993034232783 -4.354629511994198 -4.391207412723126 -4.345901892891334 -4.234466187171163 -4.0830664709892694 -3.888759709445982 -3.672016941105218 -3.4513653948945797 -3.2327677004598536 -3.0205902089246717 -2.8364563765314257 -2.7166889992847785 -2.6599326936762764 -2.6361588019219706 -2.605469515876477 -2.558925855288407 -2.5266153121534125 -2.4862291486812444 -2.4167276872607717 -2.3180130564266324 -2.196899204243721 -2.0630255094908923
-6.775272845018406 -6.6613211747889896 -6.363456942994723 -5.9062623644313605 -5.315184613540668 -4.618173099699366 -3.845818650142267 -3.0494251744340826 -2.496268837437592 -2.3012363055433176 -2.2080184976305124 -2.1935802721405415 -2.2680827011073976 -2.440086803322904 -2.706171688054976 -3.025645252864542 -3.339610192911582 -3.6375918580292677 -3.8888580978725447 -4.086022738704528 -4.226076330714243 -4.306420516661004 -4.318743337840578 -4.256915092501424 -4.132695623912042 -3.969217476488386 -3.765331283924758 -3.5444584049904773 -3.314156074254039 -3.0823344904412138 -2.851208369515317 -2.631048791323331 -2.4910980981196635 -2.4975508206538457 -2.5526896939761623 -2.583121826112904 -2.5790948338300357 -2.547115011782035 -2.4821113702118116 -2.381579435112541 -2.2480286645492553 -2.0886629302944297 -1.9146787696712715
-7.59845896765881 -7.4848955338064185 -7.144993736841558 -6.626002013069832 -5.966505059282295 -5.203222486707653 -4.37031099636376 -3.512092564346766 -2.914649010310662 -2.714096880133199 -2.6030704244692204 -2.5640855917489493 -2.601186048326556 -2.7121391321276276 -2.905525342211017 -3.175319871330334 -3.4481091564526074 -3.7034055322002697 -3.9118941815794335 -4.067906153531484 -4.169457678065451 -4.215640787911514 -4.202039167225403 -4.1244376329364325 -3.9951646237953415 -3.83587988318624 -3.6584765699495425 -3.4614475431343856 -3.2425047004811325 -3.028221682554674 -2.796588942926893 -2.544421583179813 -2.2984504793520917 -2.4721550038455278 -2.613872705320749 -2.695964550546517 -2.719889244393611 -2.687737544297447 -2.6023708716328047 -2.468401136271086 -2.295207018178573 -2.093152579576389 -1.8778959444086327
-8.498254873224496 -8.394211185757893 -8.010126992247365 -7.434069205040962 -6.7246112757958025 -5.9304729652906385 -5.102150800528881 -4.318462152741937 -3.7126944718074277 -3.337283677718682 -3.1214895261159796 -2.999817747657155 -2.9519886334778227 -2.98211230420899 -3.0970446885611587 -3.3009514822006385 -3.5271522512740296 -3.736844121711311 -3.901355794383778 -4.015119248255719 -4.076400340582868 -4.085044488944657 -4.04210689979198 -3.9492674064486835 -3.8242053441895916 -3.6889179899997195 -3.5370827734224775 -3.366105101595078 -3.2059434059846583 -3.0434727150488805 -2.8545707245688035 -2.6699729512111894 -2.5704468473165325 -2.6658707362213763 -2.8083169801117758 -2.911542918666687 -2.956873343608808 -2.9363090969369203 -2.8432984815205598 -2.678119589583615 -2.461550736908243 -2.2113943542628327 -1.9512830605328495
-9.47223532430852 -9.346060379879306 -8.910164762913928 -8.26284264864249 -7.502454074768547 -6.685813041029824 -5.866478393176172 -5.1074334967913515 -4.470040865821008 -3.9981522122329842 -3.666991597672487 -3.436722645215321 -3.2944184805479986 -3.2385186263150434 -3.2724755380472095 -3.4014713516017596 -3.5762767511290092 -3.737942765840671 -3.8594874824181007 -3.9348346660813016 -3.960218353249025 -3.9328133753950114 -3.8551125692910975 -3.7416344478451133 -3.6286392230267346 -3.516885095071273 -3.3887866964410467 -3.2685082381198964 -3.178371738918686 -3.0915603498073305 -2.994240939923525 -2.9106980202110755 -2.904165834969571 -2.9843719497402894 -3.1057404965115527 -3.21161917844607 -3.269216740770013 -3.2597091392514206 -3.1704340815279437 -2.9969641465039243 -2.748415011200242 -2.442854660311095 -2.1304977534381266
-10.509473308336325 -10.30850053359854 -9.771255187924728 -9.0421277790808 -8.241746743009747 -7.422141328514149 -6.620235188420105 -5.873358540833732 -5.2135270648571375 -4.666736604587755 -4.225354411826807 -3.880503196412022 -3.6283096607143452 -3.4722782155296756 -3.421253318823685 -3.4747455967239587 -3.595741427606963 -3.7146127631569428 -3.8018540018859253 -3.8457830218889013 -3.8419605622903696 -3.7847599424360734 -3.6584431862529923 -3.4964664136455523 -3.4301469424711253 -3.345497648312143 -3.25056820371534 -3.1889773082599233 -3.164882494387464 -3.150402836956924 -3.1430047971661197 -3.160301228903105 -3.2200020971359145 -3.325860897893012 -3.454694989993583 -3.5722827062924867 -3.6472233553488813 -3.6548554395165085 -3.5762322563394844 -3.401246914494674 -3.1350540322340383 -2.788291848212844 -2.416628412608454
-11.58440675677378 -11.199315279111909 -10.530125464208647 -9.755467680104887 -8.9532446029989 -8.153371168980765 -7.3745794171141945 -6.637739103444315 -5.957560324918215 -5.350634921517249 -4.824066367269503 -4.3793076773423625 -4.018910957425597 -3.749353350504154 -3.5821018213751263 -3.536633595815495 -3.596205504500884 -3.673194417003171 -3.728662355919438 -3.7461398728525417 -3.722252202837112 -3.6415176380822656 -3.5026240929183086 -3.355437155618876 -3.269469424641135 -3.1897223914690387 -3.1330021546768507 -3.123585215890871 -3.1600523544018033 -3.21320719998697 -3.2818478713872863 -3.377463582920547 -3.5085006507275134 -3.6588834803909838 -3.8199335516602915 -3.9684394590838474 -4.076051401337912 -4.115186470839143 -4.061286977714824 -3.8981624920810853 -3.6246993835271346 -3.2437679831019612 -2.817611949280899
-12.486572557240722 -11.82486306462241 -11.120042481133574 -10.367153782397537 -9.588829443347981 -8.826589889190785 -8.085427213133173 -7.36397737933399 -6.672344164910677 -6.02650920897649 -5.435969802935457 -4.908355493377029 -4.4517195814297725 -4.079045299537647 -3.810831033371274 -3.6612862608838084 -3.616839395233072 -3.61070104126084 -3.631091946321618 -3.6267356767177032 -3.586811000644261 -3.495715486362491 -3.365770527741844 -3.2328581330633743 -3.1320857960113484 -3.0532148364476135 -3.0291775580706415 -3.063005950049298 -3.1515035766263955 -3.2642254611444566 -3.398495966917262 -3.561426077275651 -3.7558877606478553 -3.9668674510956565 -4.178046912653922 -4.377736361460194 -4.538352109175648 -4.629689680599574 -4.62143513837839 -4.491439452793775 -4.233231199437288 -3.849343803094025 -3.408961349552677
-12.163805001017 -11.953625117774894 -11.449205529078018 -10.824152009575911 -10.130913683425662 -9.430114709995857 -8.732724607557868 -8.030410612981324 -7.344967453188291 -6.679489623386909 -6.043331950357288 -5.4484582258031224 -4.910604754396785 -4.453209564098742 -4.091557401880646 -3.84231125831817 -3.6921688083370925 -3.5811118034875067 -3.5195814514663324 -3.4920942148325045 -3.4337868142081738 -3.3356296829705685 -3.2078167006058584 -3.0872087204879795 -2.9895993832103636 -2.924909150794675 -2.928833872473044 -2.9976226798590826 -3.1285505162539247 -3.2915828953381205 -3.4815498748201685 -3.70359049511965 -3.9583679518749104 -4.237425565272266 -4.508977494026719 -4.777728606286883 -5.013293523103024 -5.181621673053168 -5.245115145864059 -5.1740114251062845 -4.956835214564705 -4.610353105037925 -4.24066028663387
-11.774336174388218 -11.829351083445735 -11.576756457747283 -11.132522180199938 -10.565021726971286 -9.953217798727092 -9.314361735754776 -8.652862610275983 -7.984703328758384 -7.312403682724762 -6.643375073196033 -5.994285259396952 -5.3943746662747145 -4.861723922830021 -4.414871889405629 -4.074908928982118 -3.8249398297130366 -3.6160074371886486 -3.4652128163694127 -3.349741988005626 -3.256850236954225 -3.1509339120778894 -3.030572152309624 -2.9254440930966763 -2.8371570221289963 -2.7955196089710244 -2.8243452871295633 -2.9201853347726643 -3.082885855268887 -3.286178312975052 -3.5216423126667307 -3.794565284989705 -4.105576759835541 -4.448438214010579 -4.798489997951877 -5.142778243193435 -5.473853179408629 -5.745993204562912 -5.911722297364551 -5.926089062645493 -5.763967102595195 -5.45927329426156 -5.144952610151234
-11.436574746866665 -11.63464718675413 -11.5612130741994 -11.280594933198312 -10.846401392411096 -10.338435733645916 -9.783539009194602 -9.185040927784074 -8.555961549584442 -7.901997231903142 -7.230172294109128 -6.565353809611648 -5.926135592361301 -5.328402783317368 -4.803320792537709 -4.3781355640202 -4.0234019125088 -3.7102502536491695 -3.451152420142831 -3.2337070617058816 -3.0609852350122617 -2.939835554943458 -2.839943056328287 -2.7558578461699126 -2.6838061426257855 -2.664241555753733 -2.713598995661759 -2.8275849879127684 -3.0091579257267247 -3.241197489781686 -3.5105550885904186 -3.8246161892082924 -4.185559279186979 -4.588196238305762 -5.01840844474145 -5.447918650703561 -5.883551812006022 -6.2847957661773854 -6.590073751500749 -6.7208724324332545 -6.6093012510311295 -6.311899841317975 -6.001399485970861
-11.088736697455413 -11.375544649265716 -11.433448473784075 -11.293135979453314 -10.988504443398547 -10.604006936814502 -10.15097797703341 -9.630650507813305 -9.054915903483348 -8.432851514254363 -7.776341586763938 -7.112523821521839 -6.457971451657367 -5.830720652208255 -5.2502919648296045 -4.740549510571914 -4.273966174599206 -3.8485948589427776 -3.462981931507516 -3.1310833211613844 -2.875742383192126 -2.716091067686672 -2.6446265423104016 -2.5900309170642353 -2.5410663569700147 -2.5401248645891044 -2.600441989849984 -2.721549198881001 -2.906648981701015 -3.152299956342242 -3.441417462936138 -3.78436769010929 -4.186263729572731 -4.642943086661512 -5.14103303368878 -5.659381659436931 -6.19665377285445 -6.736880625091912 -7.223682195706488 -7.530713996146439 -7.437215807537526 -7.08142259158663 -6.734605546585212
-10.70918727293503 -11.061011468471609 -11.219260223881836 -11.196140415391778 -11.024559671272293 -10.775961743346532 -10.43485234907082 -10.005153518422844 -9.495313087718785 -8.91603163230128 -8.289245663797452 -7.634097612459627 -6.9708804354805824 -6.321711993255793 -5.709388810291806 -5.1416754289891715 -4.56609582887361 -4.014832804423871 -3.4911291374997666 -3.03468166557735 -2.700080941795376 -2.5143747165514454 -2.4581100641916596 -2.4445822610367887 -2.423741344026251 -2.4372610422539713 -2.4978891458439767 -2.6092807228609196 -2.780284748988821 -3.018235055871304 -3.309369905820636 -3.665779899860768 -4.097366287599778 -4.600047506885843 -5.15679512813625 -5.744102112871638 -6.364388506141428 -7.010942112715288 -7.6670716380883785 -8.301845963635529 -8.109395571388916 -7.669432783479223 -7.306510823346798
-10.28573609384097 -10.686362976855769 -10.924321544242932 -11.016523222309978 -10.983983007093398 -10.870868485519875 -10.650759626352528 -10.323358086358043 -9.890780053087159 -9.365530167364467 -8.774584140579927 -8.132973988791937 -7.466687273131659 -6.802412865600532 -6.16589736954905 -5.539076780061948 -4.886109452848084 -4.210712736151978 -3.5362281745889286 -2.9459700394753505 -2.538910716835035 -2.346763803118334 -2.308589459508723 -2.343544766633171 -2.3527171472730597 -2.373088289213354 -2.4221507729438345 -2.5072541361419223 -2.6411271435152326 -2.842149529613452 -3.1126274167875545 -3.4630412053892536 -3.912153683724445 -4.4539594429015334 -5.060531336971682 -5.697024178857941 -6.355833336602206 -7.053739450071912 -7.746195665932787 -8.282104086344136 -8.302650301257625 -8.013465262104244 -7.717346418490477
-9.804503637518348 -10.246105088451486 -10.568396861528633 -10.77225330240275 -10.872588446371422 -10.89780188904881 -10.809527122002521 -10.597742183855033 -10.25418821138116 -9.793325921325362 -9.240557458648937 -8.616929572249097 -7.951875023539274 -7.27870126749336 -6.6200044108732214 -5.931714545756482 -5.2111669266895095 -4.444520283121719 -3.635018507651578 -2.8918527386060773 -2.403302979901715 -2.2475661211103306 -2.2514939492837223 -2.3198957014260606 -2.353414014232573 -2.367564790408073 -2.3904551624973363 -2.433129145037485 -2.5101105080021653 -2.6423193806883942 -2.8565302973465796 -3.173452142821126 -3.6291527505514813 -4.210759684306148 -4.8639398703061945 -5.545226141483041 -6.24094975542593 -6.949627243499357 -7.60846579778673 -8.080827606061794 -8.250042337793007 -8.162668478200183 -7.9799254417429335
