_RESULTS/CROSS_VALIDATION_POSTPROCESSED/Berg/IZ/5comp/2/Berg_IZ_z_90_kriged_reverse_5comp_spherical_2.asc
ncols 100
nrows 90
xllcorner  5.6208707817415728
yllcorner 50.959635321741573
cellsize 0.00013419651685393446
nodata_value 1.7014100000000001E+038
[rows 57 to 75 of 90, columns 42 to 83 of 100]
0.364681298257752 0.3600686722640256 0.35406772237351386 0.3470461617148314 0.3392890216908622 0.3313888310579117 0.3241965244237809 0.3170388399466027 0.3087228581083293 0.2995020090950526 0.28977640441373226 0.27976767940630787 0.26967703737254023 0.2597405862417461 0.25021934529457374 0.24231026862907498 0.23740456196814688 0.2372292817988446 0.24188899682561046 0.24331370258701682 0.23483098952901596 0.2241284961174891 0.21399934624382858 0.20434297473717208 0.19494214045517286 0.1912751032317351 0.20445849268935917 0.2191184963241194 0.23445929144528418 0.25019527263900876 0.26602469782241644 0.28187596613830407 0.29741050586334594 0.31258599718821306 0.3274809904372381 0.3416696469062497 0.35386018237778577 0.3652955567071793 0.3780224309828237 0.38915030376842363 0.39815417438892364 0.4047421487393902
0.3752200108675678 0.37299260734405987 0.3692038185334008 0.36420702225495627 0.3583011359327202 0.3517648870479693 0.3453839394115878 0.3390577319384814 0.3314858709319823 0.3229602124324698 0.31384270894794963 0.3044649763156143 0.2952033714964819 0.2867736788395425 0.28030240316144645 0.27672363688213636 0.277128120123223 0.28343378739776726 0.2976093559007619 0.30483437707278666 0.2779680325691777 0.2573022415348185 0.24084137379361872 0.22733815670457808 0.2171685643931056 0.21402602150749242 0.2204935527327193 0.23176701746982195 0.24486548219895082 0.2587141199541968 0.27272000048362016 0.28665076440512166 0.3005584464967493 0.31445699417919615 0.3281380914980934 0.34057498847224377 0.35094289334283113 0.36153958477615944 0.37366580790752163 0.3843991958869426 0.39319632894537704 0.399778558478442
0.38371653559653535 0.3831236922925552 0.3817337881276635 0.37900776211216264 0.37520927938929677 0.37062901123864234 0.36555608349220625 0.36026255475743885 0.3536645461535558 0.3460525327389388 0.33781323628068305 0.3293345403932135 0.32133604244672587 0.3147841636955262 0.3103936855046469 0.30904580180933183 0.31174731135947 0.3192159953349827 0.3296258817554234 0.32883663076306047 0.3080688045091534 0.28567812571701473 0.2666969685560914 0.2515170829180417 0.2410256223146238 0.23702476863288463 0.239705681756034 0.24710674474762473 0.25714434550131515 0.26870743863954183 0.28114053956176266 0.29402862864733387 0.30706796780158596 0.3200000908683616 0.33204687597407584 0.342441370218916 0.3510592301537394 0.3609688703325427 0.3724882675946424 0.38273880605629745 0.3912202921577327 0.39766509710427184
0.39069033881101295 0.3911391684849256 0.3910247856636659 0.39045010585148615 0.3889405850051022 0.3865000487151474 0.383415442734541 0.37961265641239855 0.37416386696728465 0.36759214492750886 0.36029538342894935 0.353082152354958 0.34666501251317383 0.34159492928176777 0.3384505891651654 0.33777131384396186 0.3398081393294862 0.3438032575908532 0.3463844093106755 0.3410389574483175 0.32577592268302585 0.30657353438120494 0.28834038338107304 0.2735850998594821 0.263484872306137 0.25870342945080543 0.2591583907360605 0.2638731998096771 0.2715787393000211 0.281237367953189 0.2921251561566484 0.30373764049379 0.31569344149991074 0.3272099619759795 0.3375424128912693 0.3462330165391981 0.35374122070733177 0.3632850759509975 0.37428550573709446 0.384007486340892 0.3920559848596595 0.39816470397871995
0.3961761282947774 0.3972776715315713 0.3981810244710783 0.3985954735699875 0.3985903024387568 0.3982132910593902 0.3972061973361241 0.3955384252609179 0.391807094610197 0.38646076950198177 0.3807160181136602 0.37507030100765154 0.3699956037951148 0.365940444737403 0.3632798857137453 0.36219066553637647 0.36238218459684446 0.36263670923911234 0.3604451245709839 0.35294192646222655 0.3396536192039003 0.3235310909283025 0.30784545037356953 0.29470822711061606 0.2853090330350324 0.2802070284948624 0.2793689689352017 0.2822387560734553 0.2880035528555073 0.29586719758362323 0.3051716731569865 0.31537331531560103 0.32558043407427406 0.33513027007948204 0.34353104902002257 0.35032227588133963 0.3572904216345809 0.36666772969702266 0.37714431722975467 0.38626526139183154 0.3937248989126413 0.3992585439591589
0.4000715692301581 0.40111172416668767 0.4030490906163125 0.40444231796941615 0.4053680770530279 0.40590282553660956 0.4061270721753606 0.40621603522199534 0.40523020016541333 0.4024549592736619 0.3984989832813899 0.394300461934458 0.390332859673404 0.3869245754263426 0.38426900889584775 0.3823078362296673 0.38055762689026423 0.3779542590090578 0.3731176512684519 0.36490520399780463 0.35337725339491977 0.3400048634159881 0.32676723241116046 0.3153213200557413 0.30675391396080853 0.30161183602004604 0.2999664573290027 0.30151111883341475 0.30571737120076387 0.31199426254667184 0.31965620546358275 0.327807859054678 0.3358595367532206 0.3432816738677532 0.3495831371005809 0.3547014795340997 0.3615059169408407 0.37077712658002726 0.38052777254632336 0.38890757355480826 0.3956391720605045 0.40046086494166905
0.40221192016611984 0.40270642838941906 0.4051981820012247 0.4075432139406406 0.4093962609004685 0.41095873096086194 0.4123999275820231 0.4139439539350164 0.41515402883237784 0.41470198185379753 0.41293008055474134 0.41026225655115733 0.4071848149446925 0.4042294369652526 0.40149680466937504 0.39886599824449737 0.39593529645829145 0.39201216475344325 0.3862882470308658 0.37824682901534623 0.36807848955579753 0.35671783391048245 0.34546091215510255 0.3355243475779254 0.32780252935985216 0.3228033576915137 0.32067154200583925 0.3212586009778495 0.3241736000662404 0.32869090455731764 0.33420312768828075 0.34014058210194664 0.3459600271519875 0.35115073652745005 0.3552370864489185 0.3595790764804131 0.3663101210403552 0.3754039726655434 0.3842759531425868 0.3917873172014015 0.39766359709407995 0.40164783554717687
0.4027312998872037 0.4030041857037703 0.40481013660107756 0.4083499576500643 0.4114791778396497 0.4143342486311195 0.41708177387011836 0.41995102000441065 0.42297245586977483 0.42465669182350585 0.42487825256127926 0.4239881242345116 0.42230731661212306 0.42008613581242094 0.41745878203829107 0.41448697041799293 0.4109389982890509 0.4063724094139528 0.4003563998395797 0.39269756650147003 0.3836255970955888 0.37379591735723044 0.3641019557243323 0.3554313589183447 0.34848979242066974 0.34372136680391696 0.34119829909203614 0.34073165422246976 0.34200695190551517 0.3445951660407519 0.34800964306181925 0.35174601825551755 0.3553064516354661 0.35821365101753894 0.36055291831208724 0.3648724833619244 0.37163926060866465 0.3803230857203417 0.38820580220719597 0.3947353518589462 0.39964237357399957 0.4026767077095141
0.40301000014496147 0.4032242153848589 0.4039527864885499 0.4076536907141107 0.41196207790254336 0.4159979278510524 0.4199504644651418 0.4239901733776346 0.4282757853867644 0.4320232500412748 0.43417417117009277 0.4350044576584015 0.4347697845124784 0.4336649313029982 0.43179201460265043 0.42913836722181736 0.42557971612503337 0.4209275092371241 0.415027677195892 0.4078848041729582 0.39974960321401737 0.3911121425523918 0.38260042813878226 0.37484040913649314 0.3683381280406727 0.3634118478229548 0.36017260357285386 0.35854030748828736 0.35828110216089376 0.3590526661862167 0.3604469440894599 0.36202449619820637 0.3633395023500282 0.36403644385870304 0.3660832971814589 0.37052345400856956 0.37744850450211487 0.38531782724636626 0.39211571427184905 0.39756474776432416 0.4014030881851606 0.40338959039417227
0.403246102954837 0.40340371857367885 0.4035501927077577 0.4057290540858536 0.4106611334676759 0.41578793941358827 0.4208142969538693 0.4258705464116076 0.4310863240558485 0.43642332370923376 0.44044356712406524 0.442958485216658 0.4441718994723384 0.4442422634599629 0.4432626243454779 0.4412520838272209 0.43816778909431564 0.43394455683502486 0.4285593608532405 0.42210105555749455 0.4148131112833493 0.4070839841763359 0.3993861478293442 0.39219015686863795 0.3858855393743601 0.38072822758295277 0.3768190518366038 0.37410836181298823 0.37241817784388204 0.3714729327659799 0.37093145323406534 0.3704155735965678 0.3695336585343915 0.36949430873363903 0.3717971883170562 0.37650114456280676 0.3834448774751685 0.3901576591744409 0.3957901999540386 0.40007528784154633 0.40276106120644944 0.40362166854635234
0.40345330794605977 0.40353431992874017 0.4036004807931238 0.4042379989763318 0.4077245646492111 0.4135749822423292 0.4195368197239902 0.4254615790297371 0.43145105401065875 0.4375954803596424 0.44336698652862094 0.4475349506667734 0.45020903989903827 0.4515222574992286 0.4515663644717113 0.45038959097620235 0.4480091213955476 0.44444001337502986 0.4397357031556965 0.43402712354867123 0.42754333656422244 0.4206017499188973 0.41356902356264713 0.40680611167885916 0.4006148413998258 0.39519890583885314 0.39064442832313884 0.3869189399468941 0.3838841556830461 0.38131689395886337 0.378933072164731 0.3764112105192554 0.374569959001948 0.3749757338952756 0.37769142461678 0.38280263148445937 0.38910872435044846 0.3946028447609205 0.39900465309560434 0.40205821840610023 0.4035240330716672 0.40362166854635234
0.404029211041513 0.40360800720080187 0.40362166854635234 0.4036237221168767 0.4052051693183633 0.4095470891374902 0.4160346954440503 0.42268820582170774 0.429310198836494 0.435963530380667 0.4426848716618669 0.44846208062070947 0.45259829859101863 0.455205670006342 0.4563746957816169 0.45617403230653636 0.4546602972042644 0.4518974187557227 0.4479811670880079 0.44306066884029544 0.4373475806584346 0.43110701243114735 0.4246311038185445 0.4182025644637227 0.41205808796875315 0.4063598778851934 0.4011795840756139 0.3964950423473862 0.3921975741330651 0.38810643618821233 0.3839870132886006 0.38068951576436616 0.37951091005317317 0.38051792156908876 0.38379357441445494 0.3890971221869615 0.3941803242142412 0.39840921239445864 0.40153030632662495 0.40330127823901535 0.40362166854635234 0.40362166854635234
0.40502785979513134 0.4038157677284256 0.40362166854635234 0.40362166854635234 0.4038065088522664 0.4061016602243487 0.4107967012065163 0.4175265066315505 0.42465391406926994 0.43169743986223413 0.438676424474416 0.4455264317436144 0.45109947913866244 0.4550201701067205 0.4573739678154546 0.458239725498258 0.45769610988378356 0.4558335088370372 0.4527681145437674 0.4486530800213728 0.44368152783060955 0.43807836264188327 0.432081572949958 0.4259172099290057 0.41977389205956156 0.41378211015090716 0.40800157554350214 0.4024175063057979 0.39694490091278956 0.39147310758447595 0.38718266588044375 0.3848062452062608 0.3844411345832994 0.3861867286746994 0.3901242557918763 0.3945839306739867 0.39840178561041595 0.4013331671491396 0.40313947258604566 0.40362166854635234 0.40362166854635234 0.40362166854635234
0.4063402022031209 0.4044058730543294 0.40363166074592044 0.40362166854635234 0.40362166854635234 0.40405618870746723 0.40661376382223674 0.411208139722473 0.4175476337714987 0.42484818652884304 0.4319936034749913 0.4389327760536456 0.4455402502597617 0.45075247240779326 0.4543042296037597 0.45627497275920487 0.4567516303842667 0.455835108542268 0.4536475948858257 0.450337507750748 0.44607910379853516 0.44106512768358136 0.4354930159154243 0.42954716388346853 0.423380821849087 0.4171010318512334 0.41075895526214046 0.40434653848550695 0.39816776782878593 0.3933906486034561 0.39025619466745687 0.38890524284031 0.3894666540264034 0.3920708453054993 0.3957551355513975 0.39898374842621 0.4015206386266518 0.40313709033749956 0.40362166854635234 0.40362166854635234 0.40362166854635234 0.40362166854635234
0.4078995323609148 0.4052828351831292 0.4038609283832461 0.40362166854635234 0.40362166854635234 0.40362166854635234 0.4041548948754402 0.40658299594023234 0.4106971029038957 0.4161913123972273 0.42274862355473186 0.4296626887291951 0.4362112367641147 0.4422783980864172 0.446993528654192 0.45005841090051063 0.45155772529715466 0.45159159054027 0.4502785069474124 0.44775655140150206 0.444181094698498 0.4397181771884081 0.43453393189996664 0.42878162150134697 0.42258853073291824 0.4160449536567889 0.409381574526382 0.4035011155078796 0.3987356324674459 0.3952993659781978 0.39337560331529525 0.3931273743723733 0.3947089209203004 0.3975189048138149 0.4000449558752009 0.4020415711905099 0.4032954558723608 0.40362166854635234 0.40362166854635234 0.40362166854635234 0.40362166854635234 0.40362166854635234
0.40959226520053127 0.4063388215254948 0.4043189772834612 0.40362167646882047 0.40362166854635234 0.40362166854635234 0.40362166854635234 0.40403399341265944 0.4060185671583465 0.4093685033181165 0.4137755602103015 0.418925856252816 0.4244974584791017 0.4301598850639314 0.4353877510404456 0.43948840694516556 0.4419699962237662 0.44292216280656765 0.4424531785592284 0.4406871259622659 0.4377605935822405 0.43381667558812737 0.42899658229796106 0.4234616202017534 0.4177188314969114 0.41216105944704257 0.40708994939161053 0.40277892864769355 0.39947118842309287 0.3973821482983748 0.39670525468505313 0.39761993467388723 0.39959343679460324 0.40136983165748136 0.4027426620683169 0.40351866928235675 0.40362166854635234 0.40362166854635234 0.40362166854635234 0.40362166854635234 0.40362166854635234 0.40362166854635234
0.4113038341140105 0.4074706884280125 0.40491186991748207 0.40370736255465456 0.40362166854635234 0.40362166854635234 0.40362166854635234 0.40362166854635234 0.40377851492362965 0.4050966288961254 0.4075062396661988 0.4107101527945763 0.4144139827142483 0.418327310683179 0.42216849392932465 0.4256728330764504 0.4285608345891777 0.4302072968797529 0.4304986271330956 0.4295303323694331 0.4274563726439225 0.4244816350801735 0.42085041545956187 0.4168325593643713 0.41270924008619486 0.4087602507413641 0.4052542341139421 0.402442628023132 0.4005574530563084 0.3998125604804739 0.40040446887118314 0.40160539329694467 0.4026491292716369 0.40337691834705025 0.40362166854635234 0.40362166854635234 0.40362166854635234 0.40362166854635234 0.40362166854635234 0.40362166854635234 0.40362166854635234 0.40362166854635234
0.4129253231253722 0.4085820680278191 0.40555321287398594 0.40390996057231054 0.40362166854635234 0.40362166854635234 0.40362166854635234 0.40362166854635234 0.40362166854635234 0.40362166854635234 0.40414654690586777 0.40554782587144106 0.407551246244902 0.40989439029708247 0.41232970266840774 0.4146300220281522 0.41659599042937906 0.4180643873147204 0.4188988941064579 0.4187990721774465 0.4177886793044881 0.4160403041544966 0.41375982421271595 0.4111763666228718 0.4085319055777222 0.40607180295746437 0.40403733102097283 0.4026608126215209 0.40216358802675445 0.402586662325078 0.4031095506154953 0.4034965865241366 0.40362166854635234 0.40362166854635234 0.40362166854635234 0.40362166854635234 0.40362166854635234 0.40362166854635234 0.40362166854635234 0.40362166854635234 0.40362166854635234 0.40362166854635234
0.4143568954577584 0.4095860016988097 0.4061661434780651 0.40416045689331676 0.40362166854635234 0.40362166854635234 0.40362166854635234 0.40362166854635234 0.40362166854635234 0.40362166854635234 0.40362166854635234 0.4036287670884864 0.4040519423316383 0.40495810706160434 0.4061240147521589 0.40734949442739665 0.4084622515574311 0.40932338427833576 0.40983276647808947 0.40993344555452416 0.4096143366691663 0.40891058135591474 0.407854797826714 0.40658032461254723 0.405298374118036 0.4042268464922708 0.403584691616781 0.40352910771361594 0.4036038148367037 0.40362166854635234 0.40362166854635234 0.40362166854635234 0.40362166854635234 0.40362166854635234 0.40362166854635234 0.40362166854635234 0.40362166854635234 0.40362166854635234 0.40362166854635234 0.40362166854635234 0.40362166854635234 0.40362166854635234
