_RESULTS/CROSS_VALIDATION_POSTPROCESSED_80-20/Berg/TZ/3comp/1/Berg_TZ_z_63_kriged_reverse_3comp_spherical_1.asc
ncols 100
nrows 90
xllcorner 5.6208707817415728
yllcorner 50.959635321741573
cellsize 0.00013419651685393446
nodata_value 1.7014100000000001E+038
[rows 38 to 56 of 90, columns 42 to 83 of 100]
0.30175557978549705 0.26391808463537847 0.22530990094367037 0.18906391813196624 0.15662204026500623 0.12742423230821956 0.10169212889936413 0.0802268058849931 0.06307334394288801 0.04991379321059584 0.04023709530080069 0.03328274436162241 0.028368430869902168 0.024831903324445494 0.0221166865590547 0.020341705930264322 0.019249034211600898 0.018650332859895744 0.018384230140622855 0.018469173024546072 0.019067448755606047 0.020460866847532944 0.02292659048510788 0.026906333160759396 0.03296915050478891 0.041559804972166325 0.053028335991562786 0.06757620043256163 0.08487228221570821 0.1033471181811812 0.1204384585355264 0.1345710167869875 0.14443094490943886 0.14915879865221746 0.14806599296038137 0.1418757634683337 0.1322511979096684 0.12150755247175934 0.11201410694402411 0.10531838509204328 0.10217246801083223 0.10203705648609517
0.3022348731545244 0.2633002825235534 0.2224013998167194 0.1833125409439315 0.14822289336723057 0.11726374748918487 0.09085786871566537 0.06949764568577384 0.05318592824302068 0.04113157592498966 0.03240574899748816 0.026217894282004106 0.021915986946694947 0.01874555954994283 0.01645079734799333 0.014994062989921354 0.014103990575257502 0.013613820753011761 0.013352010763225099 0.013316472413938648 0.013585854837486606 0.014351200565170807 0.015922406667038938 0.01895798676165596 0.02405375107041662 0.03155002390105431 0.04182947466774282 0.055304584248286534 0.07213206702769931 0.09173895551815375 0.11161638108302632 0.12858033650107928 0.14066997391598185 0.145705247316391 0.14361733327710116 0.13587439715361965 0.12452577767628553 0.11176127181883513 0.1003348338333423 0.09267970267112094 0.09058086137207917 0.09288522922356694
0.30417995299881395 0.26435280335538847 0.22198728511084492 0.18017465295158058 0.14248549106638375 0.1097734260170788 0.08279257393879978 0.061992745093129444 0.046410069855138514 0.03498744132432618 0.026824925910263156 0.021177390423843447 0.017259168380954846 0.014487312599300323 0.012618596978580953 0.011457731326156621 0.0107372347753515 0.01030835135030485 0.01004861913281998 0.009905842327455595 0.009907336493685824 0.010142185108517358 0.010870445544182528 0.013174640328554303 0.017572622663084715 0.024044095419929655 0.03304618420568275 0.04527267644943055 0.06138886158119346 0.08152385813286941 0.10426963403272634 0.1254261569467501 0.14010436851830704 0.1449442043093218 0.14117262647922216 0.13154714555178953 0.11848121924229602 0.103891796160315 0.08997671167819471 0.07989916278187734 0.07927335117043795 0.08499976503449602
0.3082974992924196 0.267089034517219 0.22289205097747425 0.17918044533607894 0.13945974791969212 0.10520016102575636 0.07806072811221933 0.057386724020146176 0.042011962055112276 0.030843753992218042 0.02295555482680127 0.017571472680207867 0.013906614138480123 0.01152968517144755 0.010062148343695732 0.00918916959988283 0.008616125011364972 0.0082273569998825 0.007964213397248015 0.007775141036832958 0.007665565915455383 0.007641710777932765 0.007624014131826466 0.009588506764010199 0.013471820448020328 0.018929027915948554 0.026620292336150327 0.03745521692704931 0.05255336988076507 0.07291439026984413 0.09822705137134367 0.12396966612563931 0.14172417169225998 0.14587589658993208 0.14012753026819977 0.12878434214017098 0.11475037805788388 0.09954976165766657 0.0843464754940873 0.0702001870272603 0.07232436523847391 0.0810683859937961
0.31415162120879664 0.27101262607047577 0.22446075528101053 0.17890112058560698 0.13817779099651994 0.10374458292909372 0.07626846685337905 0.05529390370858363 0.03975492994527755 0.028491644843625093 0.020544400386374256 0.015067903002904847 0.011516642493748322 0.009512082191442691 0.008448421818663267 0.007808494285115256 0.007349176748275414 0.006998084615649027 0.006738766108988474 0.00655051439415542 0.006464421328902173 0.006532998599965534 0.006910338074000317 0.00838376515834395 0.011291783355807435 0.015650777397017042 0.021985228550069492 0.03123916390805949 0.044834708344634044 0.0646508831204224 0.09210952119232403 0.12436017818473499 0.14522990356229398 0.1454627835929438 0.13739847960120877 0.1261333638779426 0.11306077409478346 0.09926750821772017 0.08625443864662387 0.07706387287809474 0.07687518247931246 0.0828604452932539
0.3200219855980843 0.2742563002197965 0.22540610418529627 0.17867139774575838 0.13868531740414056 0.10486826263373487 0.07717666304647719 0.05576897283743669 0.03971120902851895 0.028014550681015788 0.019658469048791136 0.013663801582437149 0.009834325950688748 0.008248897506458401 0.007619492192661521 0.007177674549064609 0.006779193108988979 0.006422085904049452 0.006137845130709775 0.005944556683615052 0.005909644354851987 0.006122375954522163 0.006702397930732989 0.007943577515288963 0.01012873731275998 0.013501931991592228 0.018530999420363202 0.02608618419641691 0.03759560436170143 0.055128128192520276 0.08158115383344776 0.12038652697033063 0.14428056594327165 0.13705871944950995 0.129591389885442 0.1210819711566485 0.11150417185502434 0.10130977409071695 0.0917818950272682 0.0857576446054669 0.08493479891223835 0.08829432900789401
0.32394396910741624 0.2747504758245075 0.22475203884957012 0.17918785148460004 0.140845377904947 0.10817707701552857 0.08062683370617353 0.05877836934478661 0.042163315802899275 0.029812015345127934 0.020765133778771493 0.014010254336663256 0.009118330157705154 0.008122384802633891 0.007759840530690643 0.007333636763721923 0.00687297981099034 0.006421944265538173 0.006040422966005405 0.005783877497869024 0.005758285835995592 0.006042787674651307 0.006664881110087331 0.007729250511225406 0.009423172199344607 0.011982744102127737 0.01580967812542423 0.021600017716053983 0.030527969907714766 0.04432071429296697 0.06490792696202921 0.09167783551146294 0.11153545299905601 0.1159256700517752 0.11554169063555371 0.11280710265671502 0.10837674785206741 0.10290851227406904 0.09733543490390521 0.0934712872381431 0.09278450775112539 0.09484752837909745
0.31659647843138733 0.26872182353596696 0.22175425849801067 0.18011227963442014 0.14438798649698237 0.11354587879780541 0.08673413302431611 0.06458595907625798 0.04738279765559455 0.03439205361151423 0.02464510640282115 0.017308187244627293 0.012475909775462696 0.010260869059524577 0.009219618465204206 0.008447404030276202 0.007731112942495026 0.007051972505351695 0.006449091701349626 0.0060017954875974475 0.005931549474628184 0.0062565183090899056 0.006864065301697901 0.007745517274656782 0.009017038163260428 0.010840991291299815 0.01351155465199681 0.01758651743652021 0.024008259501621464 0.03400922652972738 0.04843549293596382 0.06586098292222378 0.08183353302567557 0.09246848380855617 0.09876285837223056 0.10234835008171306 0.10345252027566963 0.1028342094064579 0.10124279139981944 0.09986657873673127 0.09971682470267657 0.10131952058700867
0.2922675319862228 0.2560349248049859 0.21750388460737521 0.1816800161427136 0.14965872895138366 0.12136434084199983 0.09588687527320733 0.0738977675152524 0.05612555831842716 0.042392492543815496 0.031798596970746225 0.023594308147865953 0.017943301057669007 0.014474189997528215 0.012329002991286864 0.010850971730557593 0.009637952279513232 0.008557011557664253 0.007577028989320692 0.006683056491000836 0.0065406936827646835 0.0069105271625292146 0.007419850989319277 0.008048664691491498 0.008863955750656259 0.009969056414596441 0.011566242713844847 0.014111798955643377 0.018462479449760226 0.02562646501020636 0.03603089458494259 0.048725746468529604 0.06202013969534608 0.07394472489963404 0.08367334038333175 0.0916867953319196 0.09747787753868055 0.10119589488252409 0.1032637408486427 0.10453358415883078 0.1056010237424935 0.10729656321777352
0.26559222062386084 0.24145264970938568 0.2131779300552152 0.1843916455677305 0.15702640109221722 0.1320058602323131 0.10857134910244956 0.08725778416837199 0.06899821670088346 0.05453971315026372 0.04276949387745616 0.03322660318777733 0.026142279281603446 0.021143070652833162 0.01759687630349466 0.015074372792131278 0.013086088952931195 0.011398614878302842 0.009934575077397147 0.008733371147314348 0.008232961909318968 0.008259237022408578 0.008460660513773957 0.008722878665347251 0.009037725383021791 0.00944802082625748 0.010057198433146584 0.011237286705447727 0.014037139285410193 0.019530324579917085 0.027704353176217167 0.037838078809226676 0.04926806467084393 0.060935853064672085 0.07202475791793918 0.08234840096683 0.09148727593820062 0.0986503043351003 0.10383202155133237 0.10756500866814928 0.11026703503122359 0.11274286920738379
0.2429360966585773 0.2287446598589505 0.2099909906944975 0.18862052442393415 0.16666852819168881 0.14541186561453998 0.12475588858579822 0.10477302223714784 0.08665525855312622 0.07159133251382326 0.05850030459477495 0.04729254386858643 0.03834726788391153 0.03144339221198772 0.026088501315539147 0.02208904567795083 0.018949869578913883 0.01634814951642104 0.014162250748495309 0.012406763490754546 0.011238627014239042 0.010562715538755837 0.010176130406115098 0.00992212201047549 0.009685399438440895 0.009457986008335247 0.009233015237064648 0.0091082188674672 0.010770289187963664 0.015774818643025268 0.02276121127768877 0.03134096857957058 0.04139523153643743 0.05237968845239594 0.0637365892626775 0.0751365256977886 0.08629205799315964 0.09593407391815338 0.10355463370020071 0.10940493958236047 0.1137869932454279 0.11775543809442288
0.22490117420415445 0.21886690417406374 0.20844397812097276 0.19429034356950597 0.1781047689328877 0.16116136598846886 0.14417393423199107 0.1266578112372796 0.10971180316667493 0.09430572745016863 0.08016902921551552 0.06726932051302661 0.05625210695729079 0.0471352048429195 0.03956834060263315 0.03354502388458733 0.028741436943945278 0.02471401720955428 0.02123020831014731 0.01825178194883407 0.015891871607534126 0.014116649631707535 0.012802716939734582 0.011824337884425913 0.010984008154759955 0.010233546363321813 0.009557280216677512 0.009043217207640187 0.010302242583092027 0.014628699812451018 0.02058576533063088 0.028004196494873422 0.03696037702792732 0.04718196067220619 0.05833095402534994 0.07013814218787347 0.08235132003308979 0.09362443502395595 0.10300402227473215 0.11052602031325863 0.11666876757803607 0.12225752436432302
0.21048933616422094 0.21092725888935304 0.20777616853396644 0.20073569398625282 0.19084013704701414 0.17906920638441146 0.16641979710892513 0.15279745057647326 0.13818241379682625 0.1232771698699311 0.1088851847859012 0.09475147095087288 0.08185275311700595 0.07050745902552787 0.0605755017430166 0.052000525578152566 0.044924381963739324 0.03871545888374196 0.03290920945176006 0.02757483844068798 0.0230253658041034 0.019399302891834908 0.01663887587102732 0.014607536875584165 0.013078872689936575 0.011899978787599285 0.011115102579710838 0.010998336775965952 0.012305918749261444 0.015559732220355157 0.020453408283765413 0.026919221700920884 0.034977306767737006 0.0444873085728396 0.05525179642217787 0.06707297088435504 0.07979093018258657 0.09208114970805098 0.10262008000306962 0.1114352083932195 0.11936643172916614 0.12648903648681567
0.19881791880635574 0.20444163170090035 0.2076352313988604 0.20752439536348352 0.2043526639580804 0.19859848270236832 0.19101202065442766 0.18245994208802052 0.17144703974690056 0.15844668058563632 0.1452112107045746 0.13098085906099935 0.11704074568226316 0.10405610288557195 0.09214004110068394 0.08108107260005978 0.07133358675047279 0.06206506265156962 0.05225950873239254 0.042457304077719034 0.033835331247803906 0.02702524468676145 0.021990055311980256 0.018424570878817964 0.01600030349707184 0.014371503774527474 0.013493856347315572 0.013526249669697937 0.014782663879002836 0.017485728251317438 0.021627287211359307 0.027379542813221542 0.034743679399363396 0.04365588292553557 0.054005726228157455 0.06565484188895565 0.07846517159320844 0.09142874748211967 0.10268895638304133 0.11281054955152772 0.12229140724208093 0.13079213063488776
0.1895153243026353 0.19914594688838563 0.20761378177717224 0.21395143757906054 0.217721468345785 0.21875214731973625 0.21716132563633406 0.21399358313589842 0.2079685950065996 0.1986187890913469 0.1885074349009723 0.17609075322980278 0.1627655423274411 0.14958618614423771 0.13701784866980907 0.1249429722727931 0.11321653214224321 0.10073138842372825 0.08442858443698843 0.06591332460618707 0.0496839457280863 0.03753093670753271 0.0290297695566776 0.02329998160075666 0.01960790808818403 0.017404652330088352 0.01632830137684192 0.016339131866792096 0.017501432063257157 0.019864952020572917 0.023593626529392182 0.028885642414734278 0.03576269690647977 0.044214139042410706 0.05418499601496841 0.0655784355734495 0.07826617808608606 0.0914698268691708 0.1035313308808013 0.11501422923064951 0.1257931375537622 0.13548214549870446
0.18237048568056807 0.19493359715878653 0.20739565748853186 0.2192384899209895 0.22958090412392973 0.23788267553007006 0.24294950761390763 0.2455993219382249 0.24490600286681338 0.24108271508837018 0.2362876303485858 0.22821173954139223 0.21784783491087295 0.2066468301254783 0.1955850373977392 0.18510293424175325 0.17481387192163525 0.16270566686995233 0.13776862764249193 0.10088618021468282 0.07116521368428122 0.05091613700652887 0.03759438401444623 0.02899539565215921 0.02365094313357895 0.020624073896071734 0.01928306012610302 0.019224629275320527 0.020307509634474325 0.022500761290130244 0.02607353048285147 0.031120678317629488 0.03769276834736062 0.04581180478019772 0.055455893635348086 0.06655267529097464 0.07897827421272802 0.0921751122188665 0.10533023897697617 0.11816786212705355 0.13015929243176488 0.14083432532219564
0.17722297691460862 0.19185735882691934 0.20715586414342446 0.22308561613382671 0.23860486879309278 0.253543125852871 0.26554343964661886 0.2746775938756422 0.27954956377791174 0.28172589033243733 0.28402322111696143 0.282933432781952 0.27803159884412976 0.2710033983728036 0.2632746850415147 0.25596534695092255 0.24933008963929792 0.2433511057574444 0.21733762388248706 0.14309029826553415 0.09607092850592167 0.06616905093031555 0.04709979621970522 0.03503434441139761 0.027681960301303873 0.023643730923551508 0.02199475368711365 0.021963684521114836 0.02306019767983957 0.025335925131558395 0.028927923031646208 0.033894809793716334 0.04030038347889304 0.04818314920899946 0.05753712916200177 0.06829966118381 0.08037529300050411 0.09399630070496584 0.10812960253574905 0.12210306701848693 0.13529613038285498 0.147021209258409
0.17379278338192258 0.18987055337233355 0.20719289636940386 0.2259065445965482 0.24536440746282237 0.2647774808123561 0.2831882770039191 0.2989336494601606 0.30973737537289814 0.31717102173127804 0.3259443623634158 0.333803660982383 0.33628220999813785 0.33480042024674184 0.3306737900316211 0.3245157174293007 0.31420890732242385 0.2942798609260727 0.24614916962553923 0.17584542489035476 0.11970549625148388 0.08170585903187659 0.05688574970329909 0.04096095390302117 0.031196052890501355 0.026063320274934756 0.024276681093048275 0.02443458302044798 0.025819855396603034 0.028370141070444835 0.032105380388640886 0.0370969808991841 0.04341743630148293 0.051111149413600315 0.060175050983309684 0.07057547841289794 0.08272961437533834 0.09698921096396179 0.11195061997092423 0.126860133192558 0.14102254605378167 0.15366040783620888
0.17158313224652266 0.18862104591480233 0.2073472473440861 0.22789925754476284 0.2502751995808785 0.27329785761582737 0.2963147186400334 0.31742926083733997 0.33350625751502005 0.3458630786837767 0.35915220529665925 0.3740749414593225 0.38476140190988456 0.38921797038222333 0.38795239505997203 0.37926092415228385 0.35987291831399054 0.3242444437210688 0.26713296745117887 0.19926336220989863 0.14031291771026852 0.09683400107748973 0.06694425797214618 0.04698506187076617 0.03407433853127442 0.027524460619768293 0.02640252834180191 0.027035225679133627 0.02881875855165815 0.03169435880313944 0.03561127827195402 0.040654988048746885 0.04690222515631187 0.054393833892033616 0.06318539337923049 0.07364848395049005 0.08622116599874952 0.10111618572593026 0.11677559173783565 0.1324337288118582 0.14733059902765452 0.16061385976148268
