_KRIGING/CROSS_VALIDATION_CLASSIC/Berg/IZ/train_1/Berg_IZ_1_train_z_90.asc
ncols 100
nrows 90
xllcorner  5.6208707817415728
yllcorner 50.959635321741573
cellsize 0.00013419651685393446
nodata_value 1.7014100000000001E+038
[rows 20 to 39 of 90, columns 0 to 44 of 100]
3.58624407204561 3.94230771515515 4.3269553332624 4.73380924686882 5.15452147689924 5.5789400089607 5.99542391267283 6.3913031786887 6.75346510474282 7.06903491294983 7.3261056296377 7.51446278990933 7.62624476788621 7.65648060249972 7.60345457874341 7.46886023163583 7.25772471166048 6.97810566552217 6.6405844812977 6.25759925695058 5.84267571177022 5.40962260179847 4.97175905364251 4.54123468285857 4.12849052988595 3.74189166952068 3.38754325521272 3.06928325185844 2.78882938151947 2.54604642915222 2.33929381561946 2.165812226071 2.02211138440869 1.90432762608198 1.80852837334497 1.73094963026746 1.66816108927705 1.61716061530905 1.57540535199566 1.54079040404289 1.51158815426072 1.48636206693523 1.46386863857094 1.44296026813184 1.42250043295115
3.90862181822368 4.31771274429566 4.75792201202677 5.22160376776085 5.69892348531465 6.1780829438439 6.64571122543373 7.08741293747992 7.48844932241347 7.8345128097511 8.11254263939911 8.31152017371125 8.4231789075538 8.44256698492931 8.36840954663923 8.20323393969311 7.95324132618971 7.62793139267247 7.2395100293363 6.80213022351064 6.33103146417859 5.84165082156149 5.34877865711327 4.86582386002792 4.4042388955906 3.97313593315618 3.57910452278247 3.22622138533188 2.91622618463903 2.64882529637835 2.42207935781857 2.23282969544444 2.07712277618113 1.95059931554677 1.84882409501599 1.76754243789706 1.70285847358319 1.65133796646258 1.61004418672167 1.57651900416016 1.5487233055078 1.52495133118581 1.50373299741724 1.48373706474782 1.46368638568596
4.24810696967706 4.71173375490617 5.20867848865391 5.72991571080645 6.26402440167134 6.79748137797398 7.315137182877 7.80085992749791 8.23831558030526 8.61183737814096 8.90732420336796 9.11309967220004 9.22066169707707 9.22525723664114 9.12622889211241 8.92709815161559 8.63537277642494 8.26209070528247 7.82113712328944 7.32839212809186 6.80078120313789 6.25530768874437 5.70814486851041 5.17385555844421 4.66479068818536 4.19069762981812 3.75854675000981 3.37256363675317 3.03443707141991 2.74366073449465 2.49796059757243 2.29375980743542 2.12663769500781 1.99174792346282 1.88417109883923 1.79918784796305 1.73246815401835 1.68018077222877 1.63903240986458 1.60625001900649 1.57952127651547 1.55690853363315 1.53675066838584 1.51756577440154 1.49796576431973
4.59682335211133 5.11509170173663 5.6684419710339 6.24638485947601 6.83584733897437 7.42154329654646 7.98654190540073 8.51301238665963 8.98310558784599 9.37991655773162 9.68845997570091 9.89658358574622 9.99574490900011 9.98158401782723 9.85423979732605 9.61837778287729 9.28292242186153 8.86051290417834 8.36672663347141 7.81913509065568 7.23627083031883 6.63659001086133 6.03751162272992 5.45460304670437 4.90096342848842 4.38683409247331 3.9194417474939 3.50305843323439 3.13924442698919 2.82722830544833 2.56437271949233 2.34667494338146 2.1692568831383 2.02680844731318 1.91395927481169 1.82556514883913 1.75690568602309 1.70379819692437 1.66263855720053 1.63038350834609 1.60449032606077 1.58282972466227 1.56358672055028 1.54516240960083 1.52608755212905
4.94518515575542 5.51659820527343 6.12433634173534 6.75639880511536 7.39803860922407 8.03221766751476 8.64027310174364 9.20276567159789 9.70046194393974 10.115385475601 10.4318608976141 10.6374699477332 10.7238411832672 10.6872055375886 10.5286674344285 10.2541643734001 9.87411453896968 9.40277932639549 8.85739276339556 8.25712982425843 7.62199830373044 6.97174282723718 6.32484439974911 5.69768547114003 5.10393069524286 4.55415001252654 4.05568637417802 3.61274823212512 3.22668921616019 2.89642576035534 2.61893841538851 2.38980384010524 2.20371088586097 2.05492416030027 1.93767019485106 1.84643316785815 1.77615771426456 1.72236480438468 1.68119260512972 1.64937767896291 1.62419317127953 1.60336030020171 1.5849480477554 1.56727394612039 1.54881661302087
5.28220799586919 5.90353000863001 6.56183685214554 7.24361390835623 7.93246974413487 8.60968064339526 9.25495749752218 9.84739753792051 10.3665632253714 10.7936145113 11.112410653251 11.3104952320874 11.3798836617164 11.3175861255831 11.1258194627507 10.8118872009509 10.3877351973488 9.86921831473727 9.27513827679139 8.62613164127941 7.94349766762138 7.24805761635973 6.55912967808114 5.89368837661399 5.26575598359861 4.68604894704414 4.16187757320302 3.69727504074724 3.29331454084301 2.94856235813947 2.65961049924401 2.42163457324259 2.22892982487886 2.07538884227346 1.9548966840577 1.8616313097898 1.79026792158371 1.73609427670442 1.69504984696576 1.66370494720321 1.63919700912419 1.61914058559114 1.60152601630681 1.5846194801266 1.56687477453583
5.59597446886276 6.26217571185631 6.96540336354652 7.69067870562735 8.42005265883095 9.13324167072726 9.80849443072482 10.4236429863558 10.9572710832625 11.3899170384298 11.7052201565948 11.8909198407304 11.9396254530082 11.849292024743 11.6233605695523 11.270549757043 10.8043152769817 10.2420213671196 9.60389279819615 8.91183265028566 8.18819975482193 7.45463895638477 6.73104768233738 6.03474505529857 5.37988717051372 4.77714697526559 4.2336523884789 3.75315460258102 3.33638203097987 2.98152536686758 2.68479601335089 2.44100314846076 2.24410261546297 2.08768196957497 1.96535854100327 1.8710796279862 1.79932461842442 1.74521714005303 1.70456093504513 1.67381614796842 1.65003351285126 1.63076309519316 1.61395238648141 1.59784618417294 1.58089819881942
5.87423600793268 6.57853227355746 7.31927469559164 8.08012680434937 8.84172896138481 9.58242404803001 10.2792194137544 10.9089296329961 11.4494235743867 11.8808846798131 12.1869870990016 12.355893410569 12.3809920091349 12.2613127369253 12.0015859742669 11.6119404995293 11.1072659449662 10.5062935365521 9.83047123608029 9.10272422177746 8.34619750675655 7.5830740513681 6.83354965995098 6.11502689831816 5.44156660213871 4.82361007416519 4.26796065309827 3.77799252230192 3.3540393166092 2.99390633606816 2.69344812376946 2.4471571070054 2.24871758808419 2.09149088378982 1.96891005567864 1.87477483943618 1.80344784161475 1.74996107406091 1.71004717023645 1.68011231370326 1.65716843747224 1.63874120473025 1.62276825827885 1.60749974841389 1.59141059361475
6.10511577065668 6.83910987070701 7.60837613268652 8.39538450568117 9.1795717216598 9.9381513891956 10.6471625321094 11.2826923664392 11.8221880708505 12.2457588841094 12.5373658846859 12.6858029788791 12.6853884495124 12.5363102842887 12.2445979067865 11.8217247998823 11.2838775667428 10.6509541109868 9.94537422387931 9.19079808920068 8.4108511365489 7.62794738097456 6.86228894874509 6.13109880799015 5.44811929863084 4.82338367067243 4.26324421139859 3.77062098920644 3.3454214143393 2.98507353208908 2.68511517119259 2.43978594665264 2.2425782672461 2.08671522107978 1.96553577451111 1.87277959864887 1.80277389496248 1.75053215484739 1.71177964767611 1.6829227660238 1.66097961259179 1.64348797275674 1.62840467205019 1.61400777643117 1.59881051896954
6.27786194429911 7.03178694796425 7.81927424306948 8.62181973567241 9.41791905426624 10.183952721934 10.8953086307798 11.5276695343536 12.058372538494 12.4677355555723 12.7402440995914 12.8655010543915 12.8388612222852 12.661699451835 12.3412929764128 11.8903318304349 11.3261023786543 10.6694149973214 9.94336538061989 9.17202832162272 8.37918266421813 7.58715698418362 6.81586888206758 6.08210871026846 5.39909370281895 4.77629354727109 4.21950596264217 3.73114287937461 3.31067571948655 2.95518260647378 2.65994085008141 2.41901381729245 2.22579089558259 2.07345101777322 1.95533250644376 1.86520340002332 1.79743591518966 1.74709570228963 1.70996091887286 1.68248809587619 1.66174175890421 1.64530336582562 1.63117290299644 1.61767392849699 1.60337030407006
6.38358956126545 7.14664522182238 7.94110062556294 8.74774623096431 9.54444658841257 10.3070875188094 11.0107561786638 11.6310747272727 12.145588160389 12.5350964167389 12.7848216671665 12.8853138802322 12.8330199906606 12.6304717158682 12.2860808699752 11.8135651591512 11.2310582914342 10.5599827511741 9.823779608125 9.04659614556543 8.25202888423276 7.46200773639026 6.6958883544803 5.96979661392435 5.29624423667177 4.68401043841883 4.13826347368231 3.66087981964662 3.25090853913257 2.90512438751973 2.61861504189375 2.3853544010675 2.19872380247271 2.05195463234254 1.93847763966976 1.85217502554977 1.78754016799771 1.73975618288438 1.70470834066868 1.6789469050757 1.65961669442054 1.64436814211981 1.63126238985047 1.61868043279598 1.60524386357335
6.41594371449971 7.17670924148573 7.96636135319022 8.76529272524285 9.55108270900186 10.2994901670123 10.9856716901978 11.5855403523688 12.0771608448743 12.4420680084779 12.6663988545045 12.7417429790636 12.6656411175093 12.4416934964298 12.0792748558014 11.5928875288338 11.0012140756351 10.3259537128673 9.59054025889409 8.81884279535553 8.03394415062165 7.25707803807372 6.50678536054501 5.79832637279142 5.14336074083542 4.54988453439369 4.02239389493301 3.56223099028949 3.16805964438065 2.83641574747387 2.56228059320486 2.33963253942814 2.16194243308712 2.02258956702133 1.91518615198661 1.8338082620286 1.77313918413863 1.72853670760947 1.69603912141169 1.67232582873436 1.65464799362713 1.64074303068559 1.6287445336314 1.61709681685473 1.60448089006328
6.37161930930932 7.11851828903743 7.89155321598744 8.67105259616748 9.43467777307646 10.1584425189704 10.8179477143314 11.3897424477257 11.8527046123947 12.1893268800323 12.3867990479605 12.4377947623017 12.3408974940572 12.1006340957641 11.7271202551346 11.2353565107338 10.6442424680282 9.97539762251818 9.25188812048101 8.49695950269294 7.73286679798132 6.97987702343006 6.25549760062835 5.57396009292876 4.9459646492012 4.37866892913769 3.87588788256022 3.43845870575239 3.06471904811331 2.75104587639155 2.49240654598818 2.28288140445127 2.1161272745647 1.98576202855919 1.88566091935221 1.8101644087443 1.75420430780213 1.71335986546753 1.68385807290589 1.66253319876957 1.64675988139706 1.63437246764224 1.62358115415549 1.6128932087699 1.60104535773116
6.25068256828555 6.97247028116784 7.71752167327832 8.46644526193668 9.19735640518693 9.88690313109905 10.5114943685235 11.0486400314561 11.4782953861843 11.784096489699 11.9543803188338 11.9829018721133 11.8691887508046 11.6185079857269 11.2414559539951 10.7532158616396 10.1725547524556 9.5206506685397 8.81984905682503 8.0924457523224 7.35958302842416 6.64032734405944 5.95097513064885 5.30460900239983 4.71090372202573 4.17616125484964 3.70353883468267 3.29342399507326 2.943906157446 2.65129517728669 2.41064232160532 2.21622727199674 2.06198457984035 1.94185325377444 1.85004273559215 1.78121660912923 1.73060151235832 1.69403273813479 1.66795004355167 1.64935756816976 1.63576091861519 1.6250928589227 1.61563704663243 1.60595716989588 1.59483685173255
6.05665666921036 6.74289701277739 7.44951764219747 8.1577453171898 8.84650902109322 9.49345096466026 10.0761253765658 10.5732946964063 10.9662171255675 11.2398152692792 11.3836237526631 11.3924334024861 11.2665784193801 11.0118472629871 10.6390334426592 10.1631747914215 9.60255549558934 8.97756166728376 8.30948745378021 7.61938482063743 6.92703765055898 6.25012193920235 5.60359136213553 4.99930410206815 4.44588504472379 3.94879922696933 3.51059903588579 3.13129969113095 2.8088349167391 2.53954680042826 2.31866963580395 2.14077581712225 2.00016133395951 1.89115792737168 1.80836757543209 1.74682202280415 1.70207521980673 1.67023974652961 1.64797975590164 1.63247301864295 1.62135370309462 1.61264597494928 1.60469668945299 1.5961136051985 1.58571380096193
5.79635629707232 6.43785545455301 7.09693851168179 7.75576635915248 8.39441208279707 8.99183665287841 9.52703636365944 9.98027383236305 10.3342901515495 10.5753928014285 10.694322957289 10.6868259406151 10.553877245907 10.301550141877 9.94054503633458 9.48543144720277 8.95367708727651 8.36455295903233 7.7380075659532 7.09359784699165 6.44955084817463 5.82201086269107 5.22450456560141 4.66763426599606 4.15898914948202 3.70324804008211 3.30243581984557 2.95628954609062 2.66268921470654 2.41811126418815 2.21806921537311 2.05751407563268 1.93117610689446 1.83383822398502 1.76053886048849 1.70670811391369 1.6682451551095 1.64154730956384 1.62350213276703 1.61145356198125 1.60315221836625 1.59669850712545 1.5904855885217 1.58314773639506 1.5735181316145
5.47948082726839 6.06864784104886 6.67276971781541 7.27522002603315 7.85750235508428 8.40017185337084 8.88391157669831 9.29067955284428 9.60482973607974 9.81410805789178 9.91043423669711 9.89039989373532 9.75544132643171 9.51167740317334 9.16943534099524 8.74251562909461 8.24726882274912 7.70156927846714 7.12377342783889 6.53174352607672 5.94200368919197 5.36907589857608 4.82502224321741 4.3191986140193 3.85820655490279 3.44601556546013 3.08421867243078 2.77237967961317 2.50843071851911 2.28908267941915 2.1102176819507 1.96724075422238 1.85537621881887 1.76990201908771 1.70632171164417 1.66047874379866 1.62862084369217 1.60742401506256 1.5939860377325 1.58579889056449 1.58070849468464 1.57686891953633 1.57269690549165 1.56683133190739 1.55810110497724
5.1180001678389 5.64911043374456 6.19277297812135 6.73380278807522 7.25536422212143 7.73982216109513 8.16973062812919 8.52888055638796 8.80331713086862 8.98223595594721 9.05867675156918 9.02995234983925 8.89777702870598 8.66808823941366 8.35058566362339 7.95803754810534 7.50542341601686 7.00899268667618 6.48531991250455 5.9504299956062 5.4190526368036 4.90404680812645 4.41601586839659 3.96311454075465 3.5510323547514 3.18312568434415 2.8606628315936 2.58314368896875 2.34865679086293 2.15424109417336 1.99622647688295 1.87053456650985 1.77292908816249 1.69921166299589 1.6453643798115 1.60764427910041 1.58263715722276 1.56727903742882 1.5588535970218 1.55497315303215 1.5535498233918 1.55276244192199 1.55102384799451 1.54695232088988 1.53935012526499
4.72538785157972 5.19473364644555 5.67449208005896 6.15108946103883 6.60951670890842 7.03409722911582 7.4093749769506 7.72105152824677 7.95689116414263 8.1075123730224 8.16699323048739 8.13323586506621 8.00805938815857 7.79701807095203 7.5089685980796 7.15543350589168 6.74982471129575 6.30659971577554 5.84042322452283 5.36539933028017 4.89442579631451 4.43870463704289 4.00742462449995 3.60761383959332 3.24414575987679 2.9198718069779 2.63584725195855 2.39161574670588 2.1855198637438 2.01500991036658 1.8769298196651 1.76776602367458 1.6838519570289 1.62152654739952 1.57724933409025 1.54767761159778 1.5297123493438 1.52051988452395 1.51753589500654 1.51845730523877 1.5212268640002 1.52401435096738 1.52519778494228 1.52334757111815 1.51721610916152
4.31577019210493 4.72169181618567 5.13616385588719 5.54732997151088 5.94210483680361 6.30684969083844 6.62815126232457 6.89364102298094 7.09278329211224 7.21756047833472 7.26299208711859 7.22744014680188 7.11267535783165 6.92370267302843 6.66836894374744 6.35679566491325 6.00069431359405 5.61262887413597 5.20528957736384 4.79083442459553 4.38034234237406 3.98340596044563 3.60787530751744 3.25974825994815 2.94319097898565 2.66066283823339 2.4131158275766 2.20023788467647 2.02071235489812 1.87247083644539 1.75292294793664 1.65915304012249 1.58807972798699 1.53657877588372 1.50157305250502 1.48009498602003 1.46932741449014 1.46662830425853 1.46954391130895 1.47581396561239 1.48337164485829 1.49034061267105 1.49503122369918 1.49593801796067 1.49174063762721
