_KRIGING/CROSS_VALIDATION_CLASSIC/Berg/IZ/train_1/Berg_IZ_1_train_z_710.asc
ncols 100
nrows 90
xllcorner 5.6208707817415728
yllcorner 50.959635321741573
cellsize 0.00013419651685393446
nodata_value 1.7014100000000001E+038
[rows 57 to 75 of 90, columns 44 to 87 of 100]
0.0898659334524012 0.0947340577370354 0.0985726863962861 0.101359665562786 0.103114683478676 0.103894653170242 0.103788675748978 0.102912864392164 0.101405074498653 0.0994194149808796 0.0971203433795603 0.0946761852487672 0.0922520542122715 0.0900023506752428 0.0880632375778102 0.0865456787200565 0.0855297317714722 0.085060780933575 0.0851482612738731 0.0857671801520245 0.0868624158837023 0.0883554216894559 0.0901526433718888 0.092154727684035 0.09426549626605 0.0963997062483398 0.0984888060372894 0.100484191731361 0.102357826029329 0.104100438683581 0.105717829176352 0.107225994499186 0.108645883512097 0.109998532809736 0.111301186879567 0.112564782831278 0.113792930179758 0.114982281518428 0.116124004887476 0.117205954767615 0.118215102664975 0.119139823255931 0.11997172080161 0.120706800179338
0.0925352661127216 0.0972363945632707 0.1009986907087 0.103804258611681 0.105673346453321 0.106659748506575 0.106845823479675 0.106337440369101 0.105258942223854 0.10374805087718 0.101950553686933 0.100014628585303 0.0980847672505081 0.0962954205885655 0.0947646758800364 0.0935884359620064 0.0928356665463467 0.0925452789481949 0.0927251106850828 0.093353264766664 0.0943817986450492 0.0957424588845059 0.0973538874275541 0.0991295269491311 0.100985361543796 0.102846661697006 0.104653054233098 0.106361483120418 0.107946924451122 0.109401019776807 0.110729049000085 0.111945839959674 0.113071285594876 0.114126108780361 0.115128394855781 0.116091231075898 0.117021586068093 0.117920366148512 0.118783427977638 0.119603227033995 0.120370745124719 0.121077362672436 0.121716409236496 0.12228422024097
0.095499010423098 0.0999455134737641 0.103548139815485 0.106292685203418 0.108199190403555 0.109317499475113 0.10972246509018 0.109509129392375 0.108788004679785 0.107680417630932 0.106313793253812 0.104816752019829 0.103313969152554 0.101920876098922 0.100738436993171 0.0998483691761364 0.0993092612735325 0.099154049498111 0.0993892321425787 0.0999960403356747 0.100933563067183 0.102143581592474 0.103556643756826 0.105098741743214 0.10669787702838 0.108289818591977 0.109822481448223 0.111258552018501 0.112576231326972 0.113768216488683 0.114839256415903 0.11580276797585 0.116677065899855 0.117481740780166 0.118234626214979 0.118949651350329 0.119635707377345 0.120296494814178 0.120931186613414 0.121535655925934 0.122103982559331 0.122629965381196 0.123108418603397 0.123536103434336
0.0986566624991573 0.102776270562037 0.106148868470325 0.108763321132603 0.110638759828648 0.111820414826067 0.112375120247999 0.112386824511802 0.111952253959063 0.111176726500317 0.110170022859029 0.109042206693976 0.1078993369497 0.106839117760071 0.105946654961513 0.105290601640106 0.104920048290262 0.10486252425461 0.105123416548399 0.105686984589556 0.106518972962709 0.107570627638854 0.108783737544264 0.11009618518317 0.111447421871077 0.112783297574689 0.11405977044264 0.115245180937894 0.116320973363806 0.117280951249714 0.118129330754767 0.118877982366145 0.119543310478505 0.120143210013132 0.120694467901271 0.121210862921962 0.121702082917616 0.122173447064932 0.122626312213929 0.123058969329925 0.123467803985207 0.123848501412541 0.124197113820237 0.124510864050837
0.101907913994175 0.105645649578625 0.108732959615811 0.111161124698514 0.11294774729015 0.114132953595616 0.114775287338594 0.114947622751944 0.114733258175953 0.114222212940794 0.113507662552864 0.112682421361242 0.111835414959378 0.111048161790248 0.110391381681259 0.109921941737417 0.109680412253325 0.109689518585057 0.109953730710974 0.110460133561616 0.111180582253199 0.112074989730933 0.113095446855838 0.114190762625591 0.115310955171283 0.116411232957082 0.117455079209699 0.11841617877278 0.119279084328748 0.120038682624609 0.120698665523619 0.121269314661846 0.121764959618542 0.122201464952734 0.122594047753579 0.122955638367125 0.123295890677575 0.123620843213621 0.123933144136116 0.124232692486226 0.124517519455041 0.124784735500809 0.12503139586511 0.125255179615966
0.1051581717576 0.108476962491173 0.11123970562027 0.113439437109474 0.115091704750486 0.116231209129168 0.116908150715672 0.117184595588202 0.117131026748977 0.116823122950675 0.116338723528041 0.115754905906527 0.115145120676628 0.114576385760888 0.11410661760045 0.113782251723632 0.113636357016248 0.113687462072388 0.113939280700328 0.114381448839823 0.114991277597094 0.11573640448223 0.116578108415557 0.117474964309616 0.118386466234309 0.119276253030277 0.120114626360022 0.120880149302652 0.121560237447422 0.122150783965527 0.122654975257843 0.123081537978298 0.123442701277879 0.123752157359865 0.124023263633749 0.124267661485521 0.124494403877466 0.124709601116738 0.124916523627876 0.125116051001894 0.125307331811732 0.125488517911295 0.12565745573073 0.12581224875297
0.108323074605913 0.111203184169466 0.11361781270035 0.11556110700334 0.117046132997418 0.118102000563696 0.11877070359842 0.11910396639059 0.119160262188397 0.119002059367971 0.118693273414715 0.118296868104448 0.117872556303484 0.117474590759365 0.117149693281558 0.116935229319085 0.116857777467806 0.116932257193371 0.117161756623736 0.117538146612321 0.118043485465794 0.118652124338181 0.119333332764152 0.120054193311354 0.120782476689297 0.121489210908974 0.122150700256811 0.122749825017134 0.123276548644749 0.123727659994898 0.124105868661901 0.124418438510839 0.124675579927731 0.124888822820236 0.125069563361201 0.125227925836466 0.125372017374069 0.125507588953045 0.12563806061408 0.125764829014387 0.125887754570873 0.126005723057662 0.126117189444357 0.126220634971619
0.111331701041175 0.113769215234918 0.11582673984745 0.117498925111828 0.118796027889143 0.119741541796667 0.120369546952007 0.120722044614443 0.120846436437991 0.120793212474989 0.120613842428166 0.120358829193949 0.120075882733842 0.119808199058158 0.119592871994449 0.119459510559492 0.11942916881048 0.119513707715832 0.119715694439218 0.120028903817806 0.120439425650901 0.120927309954072 0.121468613154915 0.122037653777713 0.122609256461645 0.1231607637942 0.123673626666159 0.124134440598605 0.124535368434657 0.124873967194228 0.125152506824715 0.125376921046326 0.125555559062775 0.125697909581793 0.125813447735611 0.125910717001717 0.125996710103053 0.126076563595991 0.126153537880857 0.126229222990965 0.126303893320399 0.126376931335609 0.126447248983595 0.126513652265463
0.114128326498778 0.11613299197336 0.11783715180288 0.119235409774541 0.120334986037955 0.121153853387391 0.121718593516395 0.122062210199381 0.122222049431544 0.12223789560849 0.122150251504023 0.121998775491895 0.121820843006128 0.121650215790085 0.121515833134026 0.121440773198958 0.121441459127762 0.121527195702826 0.121700113315215 0.121955566900254 0.12228299251141 0.122667170971655 0.123089796027431 0.123531203098414 0.123972091710546 0.124395074412731 0.124785907770401 0.125134303243181 0.125434270488586 0.125684004113497 0.125885378127998 0.126043152742769 0.126164020730341 0.126255623678301 0.126325653725073 0.12638112808699 0.126427887794398 0.126470334906722 0.126511389704626 0.126552625027119 0.126594521093375 0.126636780871631 0.126678651720184 0.126719210942132
0.116672757792052 0.11826548842283 0.1196305522064 0.120762034009073 0.121663988687429 0.122349067409117 0.122836861028738 0.123152168321022 0.123323327223587 0.123380680242287 0.123355192423929 0.123277208367792 0.123175324908675 0.123075365000385 0.122999459270217 0.122965266371014 0.122985383421673 0.123067006983052 0.123211899473501 0.123416695374174 0.123673548983626 0.123971086424337 0.124295586095974 0.124632280882672 0.12496665791865 0.125285630974483 0.125578476937305 0.12583745882032 0.126058098215031 0.12623910362724 0.126382001040358 0.126490543639974 0.126569995143918 0.126626384268525 0.126665817618055 0.126693917803787 0.126715427220129 0.126733990315178 0.126752102589402 0.126771196009413 0.12679181964261 0.126813871228568 0.126836838994692 0.126860021372338
0.118939423199298 0.12014976668414 0.121198236975941 0.122078024433949 0.122789990140415 0.123341752876685 0.123746487933875 0.124021616881612 0.124187513455173 0.124266296686414 0.124280738092105 0.124253280959411 0.124205158117523 0.124155597895487 0.124121121355498 0.124114951079635 0.124146566487984 0.124221447803152 0.124341047374505 0.12450301269231 0.124701662090851 0.124928685861112 0.125174017383321 0.125426796148865 0.125676331446546 0.125912974588093 0.126128819213049 0.126318171617615 0.126477762571856 0.126606704026932 0.126706223586404 0.126779232431203 0.126829795731337 0.126862577390504 0.126882323973104 0.126893438050551 0.126899672100329 0.126903953906842 0.126908336228284 0.126914049591978 0.126921628693571 0.126931080158512 0.126942061625799 0.126954047875312
0.120915511096463 0.121779314009093 0.122539760630904 0.123188887091288 0.123724435650291 0.124149363175094 0.12447105511752 0.124700396821693 0.124850814008212 0.124937352022892 0.124975827138111 0.124982057999126 0.124971173011953 0.124956988859604 0.124951462972489 0.124964234039218 0.125002274789578 0.125069686419209 0.125167661794212 0.125294634484503 0.125446614080256 0.125617687969954 0.125800649473464 0.125987695695153 0.126171128811135 0.126343993618067 0.126500592367987 0.126636833926164 0.12675039554012 0.126840698629918 0.126908721480609 0.126956688492544 0.126987685653865 0.127005254327524 0.127013010758032 0.127014328435128 0.127012106822857 0.12700863541796 0.127005548869255 0.127003858641491 0.127004040369322 0.127006153775291 0.127009973320372 0.127015111670979
0.122598517086496 0.123155951361388 0.123661134614291 0.12410482277007 0.12448182331602 0.124790879329434 0.125034252993882 0.125217135054844 0.125346978916058 0.125432826305313 0.125484662542871 0.125512817983762 0.125527420107126 0.125537897513551 0.125552540468648 0.125578129280257 0.125619648219509 0.125680105954537 0.125760481718112 0.125859809199865 0.125975398315013 0.126103180516108 0.126238148777941 0.126374851483044 0.126507892405338 0.126632388199853 0.126744340512133 0.126840891144295 0.126920443841659 0.12698265280742 0.127028293505106 0.127059043487801 0.127077208400335 0.127085430322332 0.127086412551147 0.127082687823438 0.127076447398507 0.127069438104471 0.12706292496857 0.127057709620969 0.127054189961986 0.127052444756436 0.12705232753965 0.127053556839132
0.123993575796164 0.124287605762072 0.124572975678538 0.124839184791074 0.125078406152805 0.125285695761137 0.125458897177633 0.125598344808667 0.125706451780914 0.125787245746192 0.12584589376087 0.125888239642049 0.125920365906245 0.125948187624732 0.125977085869953 0.126011591584919 0.126055134158299 0.126109870557147 0.126176609149347 0.126254836911836 0.126342850121988 0.126437978212386 0.12653688004437 0.126635883308745 0.126731332671179 0.126819911613363 0.12689890686537 0.126966392269608 0.127021319591513 0.127063515520136 0.127093595115834 0.127112810718498 0.127122860757728 0.127125684553226 0.127123267243273 0.12711747415398 0.127109927299224 0.127101929487412 0.127094434824005 0.127088059095053 0.127083120094688 0.127079696537759 0.127077694568903 0.127076912603155
0.12511092265743 0.125186211074593 0.125288796824165 0.125407107641375 0.125531105936925 0.125652769711977 0.125766268873588 0.125867918864623 0.125955985117198 0.126030397139861 0.126092414852107 0.126144275651729 0.126188840649649 0.126229253013434 0.126268619678151 0.126309728301904 0.126354812496185 0.126405378477031 0.126462104315142 0.126524818559888 0.12659255852282 0.126663700848088 0.126736149421648 0.126807559485646 0.126875573121722 0.126938040713537 0.126993205715399 0.127039835607285 0.127077289415026 0.127105520444869 0.127125020688029 0.127136719611063 0.127141854006803 0.127141826910034 0.127138072395293 0.127131939859277 0.127124606884859 0.127117024819984 0.127109896558989 0.127103682287548 0.127098626502081 0.127094798536568 0.127092138993773 0.12709050559212
0.12596376243977 0.125865946415035 0.125823588792632 0.125824399357722 0.12585668213409 0.125910032856632 0.125975737773172 0.126046936123471 0.126118607493873 0.126187437258874 0.126251602445049 0.126310509711591 0.126364508688484 0.12641459839252 0.126462141590914 0.126508600880696 0.126555309712907 0.126603290517367 0.126653129730496 0.126704915634743 0.126758239718223 0.126812256391056 0.126865790216431 0.126917475228636 0.126965908160649 0.127009796932571 0.127048087621068 0.127080057018587 0.127105363165345 0.127124052073283 0.127136524395983 0.127143470277643 0.127145783509439 0.127144467199099 0.127140542488674 0.12713496976425 0.127128588790409 0.127122080840248 0.127115952712396 0.127110539946858 0.127106024824034 0.127102463931613 0.127099820132547 0.127097994472909
0.126566727942432 0.12634194813286 0.126192784142186 0.126106749196129 0.126071170084837 0.12607404465099 0.126104614712654 0.126153698444904 0.126213830863108 0.126279258695056 0.126345829782012 0.126410809890535 0.126472653273702 0.126530748376228 0.126585156799242 0.126636361533676 0.1266850387884 0.126731865757288 0.12677737389522 0.126821853548787 0.126865311299933 0.126907476589336 0.126947849701628 0.126985779636192 0.127020558253486 0.127051516656465 0.127078111050829 0.127099988074055 0.127117023327668 0.12712933100262 0.127137246446653 0.127141286758128 0.127142096635089 0.127140387596315 0.127136878366205 0.127132242897388 0.127127070532786 0.127121840568272 0.127116911332583 0.127112522139542 0.127108805266022 0.127105804525493 0.127103496994602 0.127101814885639
0.12693500827717 0.126629551197585 0.126411636408227 0.126269260147761 0.126189575495565 0.126159852371443 0.126168177357334 0.126203919759132 0.126257999324529 0.126322993348447 0.126393118988101 0.126464122684316 0.126533104262205 0.126598299468778 0.126658841658184 0.126714520859768 0.126765556138677 0.126812394555587 0.126855546875098 0.12689546641616 0.126932473271821 0.126966721916509 0.126998206419783 0.127026794533053 0.127052280140905 0.127074443134453 0.127093106639136 0.127108183499003 0.127119706628562 0.127127840859732 0.12713287679927 0.127135209598518 0.127135307164491 0.127133673093734 0.127130809515822 0.127127184240717 0.127123205342816 0.127119204846316 0.127115431749636 0.127112053437684 0.127109163703449 0.127106795178866 0.127104933932854 0.127103534253823
0.12708412509835 0.126744039093727 0.126494991096905 0.126326278016802 0.126225789637617 0.126181013036593 0.126179813372405 0.126211000048746 0.126264699341195 0.126332560722898 0.126407826068059 0.126485290336659 0.126561180567102 0.126632977841196 0.126699204675777 0.126759198028011 0.126812885595109 0.12686058015269 0.126902803225252 0.126940145493293 0.126973167245316 0.127002338214732 0.127028012669223 0.127050432968722 0.127069753199893 0.127086074012483 0.127099480360516 0.127110075292722 0.127118004952392 0.127123472203928 0.127126738476643 0.127128115235058 0.127127947764718 0.127126594621935 0.127124406154153 0.127121705056871 0.127118771150757 0.127115831617572 0.127113056995586 0.127110562439683 0.127108413184883 0.127106632848258 0.127105213149582 0.127104123777124
