_KRIGING/CROSS_VALIDATION_CLASSIC/MHZ/IZ/train_4/MHZ_IZ_4_train_z_90.asc
ncols 100
nrows 81
xllcorner 5.5967107548124995
yllcorner 50.982328804812504
cellsize 0.00017565037499993607
nodata_value 1.7014100000000001E+038
[rows 20 to 39 of 81, columns 45 to 89 of 100]
1.44989272384234 1.68141610635583 1.92553261411268 2.17353942398446 2.41574453523071 2.64202378997307 2.84248381803534 3.00817700790215 3.13179598941417 3.20826577390474 3.23515536753718 3.21284846226805 3.14444263296712 3.03538334701114 2.89287625360754 2.72515172948213 2.5406740881969 2.34739152769747 2.15211230693507 1.96007109236963 1.77472182820025 1.59776498464651 1.42939163718273 1.26870664956846 1.11427847647496 0.964752708601222 0.819459216146115 0.678938269671042 0.545310547889433 0.422422161676171 0.315711982314619 0.231776984454695 0.177651774260677 0.159867027788695 0.183400391623647 0.250671937555544 0.360753571495237 0.508949589396471 0.6868611101905 0.882974989640456 1.08372991096388 1.2749257152218 1.44327510881918 1.57786493738803 1.67130534115112
1.26105688204455 1.45351492601717 1.65575190782677 1.86053132332528 2.05997808828256 2.24602540140528 2.41092480121385 2.54777942231355 2.65104794820245 2.71696085804432 2.74379405881226 2.73195870432908 2.68388834627306 2.60373178392603 2.4968870210879 2.36943349979008 2.22753239460583 2.0768664927184 1.92218274102718 1.76698458968594 1.61340150928204 1.46224307755901 1.3132272685054 1.16535787007758 1.01741370682176 0.868501272545479 0.718611608669928 0.569112312822107 0.423098838461591 0.28552976477032 0.163082974401693 0.0636969307362492 -0.00419632101529266 -0.0326863822510988 -0.0155322398947688 0.0507191106236534 0.165828268988074 0.325349557501545 0.520639051349769 0.739439220595823 0.966999064278498 1.18759222961556 1.38621912657697 1.55023977649996 1.67069171433315
1.08756100653832 1.24599737581045 1.41179677659575 1.57901864396748 1.74139409834229 1.89267394226478 2.02700180168109 2.13928490706231 2.22552794262226 2.2830925611996 2.31084850962736 2.30919239568343 2.27992580151359 2.22600302797222 2.15117669009118 2.05958320373397 1.95531744317566 1.84204567034243 1.72269913339994 1.59927970023278 1.47279620281247 1.34333803829581 1.2102820489831 1.07261942802284 0.929379964118149 0.780119753472409 0.625424889870213 0.467368768607366 0.309847926670757 0.158716013175228 0.0216432495276285 -0.0923461485544477 -0.173662897993784 -0.213215111448796 -0.203629845144842 -0.140466360791743 -0.0232237511631033 0.144050019577738 0.352696825755571 0.590004692474315 0.840349674696814 1.08678657950828 1.31286651128417 1.50441248920874 1.65098741989
0.932921152481018 1.06243728553613 1.19733865997388 1.33281363895767 1.4639848418461 1.58616959230932 1.69513309173454 1.78731778035457 1.86002993763205 1.91156436010225 1.94125115574386 1.94941563740068 1.93725218741661 1.9066240235839 1.85981075522205 1.79923240306639 1.7271809266876 1.64558822329053 1.55585416490246 1.45875137681674 1.35441697201509 1.24243643308278 1.12202111225518 0.992276957323012 0.852555856314318 0.702870415602217 0.544337371450123 0.379595782644031 0.213127863626548 0.0513990516139337 -0.0972634968939708 -0.223113013740434 -0.315762414022682 -0.36525815419066 -0.363339768750273 -0.304717012268285 -0.188159957830424 -0.0171963617584996 0.199748605117409 0.449855600345096 0.717037224770779 0.983556047825641 1.23191079509721 1.44671300370706 1.61627404091937
0.798729646423233 0.904174621044457 1.01348731375222 1.12283186968567 1.22851674028562 1.32717811487489 1.41592991877008 1.49247329250657 1.55515985305552 1.60300492982793 1.63564998365953 1.6532776841517 1.65648812203432 1.64614932045731 1.62323836186954 1.58869014692005 1.54326884112423 1.48747312009684 1.42148179391876 1.34514291998855 1.25800833366184 1.15941683971022 1.0486319509641 0.925041628253217 0.788424968183473 0.639281667555613 0.479203497211482 0.311244704628442 0.140224950166279 -0.0271188555859583 -0.182218735183368 -0.315069731635791 -0.414961968792492 -0.471521491668586 -0.475961594539911 -0.422382014304467 -0.308910342870179 -0.13847254101883 0.0809848167776725 0.336920938558809 0.61327029690867 0.892035363682631 1.15518438015421 1.38657543283853 1.57361953214505
0.684713355426071 0.770476481498198 0.85906079681977 0.947473101632824 1.0330193552141 1.11342031555391 1.1868741949356 1.25206728157664 1.30813776611188 1.35460145324511 1.39125078147737 1.41804058304228 1.43497498281156 1.4420092723726 1.43897809955764 1.42555688158129 1.40125761481382 1.36545450546197 1.31743076851647 1.25643711042473 1.1817556603978 1.0927700072834 0.989050584252005 0.87047169292936 0.737378205881046 0.590813273607957 0.432801918380052 0.266660867348154 0.0972772981683779 -0.0687240094420307 -0.223015550133678 -0.355883640534464 -0.456871207328731 -0.515734420100933 -0.523630987040351 -0.474389935751562 -0.365663634512171 -0.199748025734065 0.0161143879522108 0.270062908730457 0.546589550552441 0.828049244173697 1.096504505827 1.33563370751442 1.53241686521536
0.588908655157137 0.658814148205909 0.730970912110237 0.803117211009497 0.873389138415256 0.940376158126012 1.00311082859188 1.06100043921805 1.11371457814674 1.16104705677524 1.20277294387617 1.23852155813302 1.26768397282941 1.28936882183974 1.30241315725109 1.30544647769157 1.29699710619245 1.27562264615737 1.24004226481048 1.18924966754216 1.1225924774249 1.03981547967584 0.941079313637902 0.826978786209721 0.698591543607982 0.557584504442325 0.406390352054767 0.248440757627082 0.0884117079474265 -0.0675927084443985 -0.212008981772768 -0.336023257090966 -0.430080616854974 -0.484702257769986 -0.49155018013669 -0.444609096776433 -0.341300809008029 -0.183323483814346 0.0229724352616711 0.266797418872488 0.533754712449913 0.807209437433488 1.0700114740688 1.30631853000719 1.50324371724706
0.507935157022908 0.565227407582909 0.624683589471829 0.684682416248771 0.744043176641688 0.802027387858241 0.858268435303559 0.912642639150571 0.965102601016493 1.0154984498867 1.06341431857606 1.10804581900097 1.14813939480124 1.18200641119966 1.20761429374217 1.22274510066645 1.22520035686816 1.21302198974988 1.18469505831569 1.1393004263628 1.07659523064276 0.997014911976422 0.90160983700691 0.791947702000924 0.670024800623182 0.538230208871554 0.399394335049879 0.256927690268634 0.115021616875884 -0.0211519620580137 -0.145329955269359 -0.250231122711375 -0.327888159750328 -0.370269591312193 -0.370158371136216 -0.322184172367676 -0.223847365686714 -0.0763413398824014 0.115012060378888 0.340848569573859 0.588417904381163 0.842755570957421 1.0882156164016 1.31013729646915 1.49638977080664
0.437352474605887 0.48475318273368 0.534723200598161 0.586206304548021 0.638574798134915 0.691582279285494 0.745244594133555 0.799667259884738 0.854845331439903 0.910466200257514 0.965746651887684 1.01933244200903 1.06928171418718 1.11314314508208 1.14812659906486 1.17134972832318 1.18013040274467 1.17228457792499 1.1463847401803 1.10193739120882 1.03944992421156 0.960376691535722 0.866958038828828 0.761989766836649 0.648578090172814 0.529941230765848 0.409309725762924 0.289953041290588 0.175323956814816 0.069272138463213 -0.0237553431354282 -0.0986255682390291 -0.149634521620093 -0.170881268915025 -0.156900573100089 -0.103485015997723 -0.0085651912206971 0.127023568542879 0.299064108592786 0.499910199394057 0.718937538761581 0.943468266317485 1.16005026141523 1.35589933348557 1.52027714204712
0.372085251380033 0.411899791419752 0.455197527771176 0.50142127768985 0.550377313492927 0.602143460180347 0.656911608818408 0.714787081545355 0.775574468633227 0.838583209742713 0.902485842309702 0.965257324775691 1.02421528322273 1.07616889300246 1.11766932364559 1.14533876920309 1.15624021061107 1.14823884955958 1.12030135374064 1.07268289993521 1.00696552105109 0.925933634965326 0.83330084937166 0.733331160228685 0.63042117990333 0.528721765545381 0.431872753350468 0.342902056697336 0.264303037884409 0.198259032549516 0.146941612467079 0.112780970493209 0.0986020313236764 0.107542941011195 0.142720994748877 0.206675208952046 0.300679633759899 0.424070306540845 0.573747277073701 0.743993990637664 0.926701425603226 1.11200505129746 1.2892569615022 1.44818364723926 1.58003881855167
0.306900267862861 0.341149320248971 0.380323980519459 0.424302626517586 0.473211348324013 0.527291301736505 0.586712246093687 0.651358321957151 0.720618084373488 0.793213002021576 0.867096737000793 0.939451514664542 1.00679801389523 1.06522197748418 1.11070508272092 1.13953099672132 1.14872207772934 1.13645052896802 1.10236283229729 1.04776047070415 0.975594645383279 0.89025740190427 0.797183480779003 0.702311196431681 0.611480002907621 0.529860070330315 0.461509487088276 0.409135032638692 0.374094621306877 0.356630003418796 0.35626746732817 0.372284187918398 0.404119377032769 0.451619092838719 0.515041453691951 0.594807734308653 0.691050961818987 0.803070761754873 0.928836187635059 1.06467745571293 1.20527167117206 1.34396463772407 1.47339575866066 1.58632417457138 1.67650829158217
0.236915695224509 0.267468539737917 0.304937453268124 0.349569198582666 0.401694925604614 0.461560886017674 0.529122022842252 0.603827701205283 0.684432953744093 0.76886878645404 0.854201254835112 0.93670139412307 1.0120370738024 1.07558401705399 1.12283742404414 1.14988916153693 1.15392023965919 1.1336468153316 1.08965312413341 1.02454923318102 0.942907033752874 0.850954362138856 0.756042057514054 0.665937120629554 0.588029931686678 0.528566981136314 0.492026030353834 0.480734210433529 0.494791859595302 0.532311519066796 0.589922535620808 0.663439793803905 0.748562527455559 0.841464703310187 0.939164704960649 1.03961411261726 1.14151166329973 1.24391325260951 1.34575620854249 1.44543421546784 1.54054373755777 1.627877797206 1.70368027217882 1.76410957027902 1.80581061623879
0.158117198502648 0.18680445415063 0.224957200878726 0.273115135253904 0.331695618159986 0.400792390600779 0.479958009357448 0.568002173174658 0.662839843635039 0.76142069787481 0.859765258784569 0.953123590307606 1.03626036840782 1.10385609333833 1.15099892676817 1.17372614309256 1.16956004479931 1.13797264161744 1.08070919025753 1.00190562789243 0.907951045086789 0.807074003256954 0.708668655560245 0.622418503845374 0.557315112496605 0.520697920790315 0.517451762921604 0.549485754832464 0.615580154944474 0.711631288746091 0.831258308146227 0.966672457853737 1.10966322749279 1.25253711731288 1.38885886843515 1.51388959977115 1.62468173008409 1.71986200700946 1.79919499239412 1.86305616184106 1.91194877165016 1.94617236102367 1.96570151952442 1.97027500492069 1.95964254268036
0.0678496466509498 0.0965354825088546 0.137786285598057 0.192348965833186 0.260603802110599 0.342336485446157 0.436517929654195 0.541126716396294 0.653048011290735 0.768077432340518 0.881049383174909 0.986097788844858 1.07704398762652 1.1478925359607 1.19340149780395 1.20968009929956 1.19475452828255 1.14903392029496 1.07560566016566 0.980294803920309 0.871438985335365 0.759358455675153 0.655539388806753 0.571592883134101 0.518095176749935 0.503447828795387 0.532911533451984 0.607957643114464 0.726045475175573 0.880874656869779 1.06308923347251 1.26133723343075 1.4635304819386 1.65811737169446 1.83518355944172 1.98723234050416 2.10956017296973 2.20021969753064 2.2596359194751 2.28999546705275 2.29455352564499 2.27699518391429 2.24095244830223 2.18972621081432 2.12620801138757
-0.0347523446581135 -0.00415509846155326 0.0426145267645589 0.106415967314668 0.187468289324747 0.285101447518992 0.397541389695944 0.521766480455155 0.653468690160447 0.787144291283535 0.916326643459634 1.03395960254718 1.13289563179027 1.20648887302872 1.24924081238054 1.25744505862481 1.22976864940304 1.16770135152326 1.07580359612586 0.961690544650958 0.83570675256534 0.710274260752465 0.598935759262875 0.515159884632871 0.471020981377451 0.475902029856676 0.535387881028198 0.650509330919868 0.817463885379732 1.0278788625516 1.26960519925218 1.52794914197915 1.78717929970668 2.03210253291921 2.24949347554801 2.42919160262001 2.56474105503365 2.65352929363471 2.69646433556595 2.69729994673482 2.66176072403804 2.59662832776327 2.5089279648154 2.40530922798089 2.29166038471992
-0.148436042685532 -0.1140192434826 -0.0594040505366561 0.0162828374152867 0.112982272281491 0.229439139659324 0.362999372261231 0.50950765416798 0.663338899535879 0.81758428579295 0.964396871095093 1.09548488309118 1.20272473457517 1.27885214236422 1.31817898337626 1.31727565518488 1.27555354280906 1.19568006475611 1.08376093984637 0.949232921161954 0.804427696807536 0.663795594119553 0.542815818474698 0.456665026799411 0.4187618304069 0.43934274617857 0.524245855389183 0.674074187141088 0.883877637077696 1.14343162539979 1.43811037969183 1.75026561134824 2.06094323696892 2.35171702044544 2.60639990451055 2.81241580910536 2.96167301123747 3.05086347752446 3.08120417581643 3.05771862216988 2.98821470925856 2.88213933000619 2.74948037097743 2.59984864051028 2.44181777357193
-0.269647397057389 -0.229633123882119 -0.165124741344997 -0.0753290767019446 0.0393187843848424 0.176882574797356 0.333738056226386 0.504515540160165 0.682204923659934 0.858440413788483 1.02396240097051 1.16923360005862 1.28516851555968 1.36392151767819 1.39967008048226 1.38932564252544 1.33310418392164 1.23489133851006 1.10234299947868 0.946673411078352 0.782100856520003 0.624948132210692 0.492431328384705 0.40121361904439 0.365845275047049 0.39724880801019 0.501429758277331 0.678590967603147 0.92279650710836 1.22227142603638 1.5603420140098 1.91693075093776 2.27043638976332 2.59976868058724 2.88628165623981 3.11536519152922 3.27750953531145 3.36874150222936 3.39042794937076 3.34853373959211 3.25249115545802 3.11387466305939 2.945075579602 2.75813984461589 2.56387901635614
-0.392534509890752 -0.345466283286117 -0.269554947311416 -0.164165067389327 -0.0301706733875538 0.129766118988323 0.31102520851698 0.507014205703249 0.709344106008912 0.908209568427198 1.0929644028006 1.25285854115543 1.37788204178662 1.45964735127051 1.49223420527619 1.47292155182897 1.40273603404154 1.28675512331745 1.13411410609831 0.957680356316988 0.773377405385257 0.599167226558172 0.453732750773095 0.354942416025135 0.318219940002505 0.354978106286334 0.471296281885814 0.667019379877567 0.93542583327915 1.26355373270696 1.63319359744898 2.02246500161283 2.4078079526991 2.76615469221633 3.07701672751372 3.32423258904581 3.49717318278703 3.5912846648354 3.60794815893465 3.55373303325162 3.43919857363254 3.27744523063656 3.08262588277226 2.86860226669749 2.64788092175809
-0.509172619974664 -0.454153622519414 -0.366173799262654 -0.244803067385258 -0.0913656291496928 0.090776583043637 0.296066642379931 0.516773255374789 0.743226573772338 0.964283155755654 1.16800537636103 1.34251159000988 1.47692912930352 1.56236662179929 1.59281675139913 1.56590474106063 1.48340902262363 1.35149579946244 1.18062626684095 0.985113501916188 0.782326495176248 0.591563359805656 0.432645817373854 0.324322068558851 0.282601679711253 0.319177813164834 0.440110843998141 0.644945142266022 0.926402109941789 1.27073666943324 1.6587663980005 2.06749316436661 2.47215121920672 2.84844907857532 3.17473868768658 3.43385213451315 3.61439378485047 3.71135625538315 3.72602769920281 3.66525754333262 3.5402305981176 3.36495200090539 3.15466117784887 2.9243730135695 2.68769657936974
-0.610031768767462 -0.546978842928683 -0.447422216081629 -0.311141022071678 -0.139852782639569 0.0624952171179065 0.289570879979342 0.532696807455505 0.781127076846634 1.02257735613088 1.24399081434319 1.43248783965207 1.57641883733157 1.66642149584604 1.6963793262199 1.66418632181983 1.57224006605192 1.42760821902954 1.24183721707992 1.03039513271658 0.811763018500979 0.606212304907586 0.434331765820161 0.315396663917392 0.265702825116595 0.297014556324862 0.415290410146539 0.619847397686899 0.903096924826042 1.25093318150448 1.64378111578657 2.05822613202468 2.46906497392781 2.85155198482377 3.18358026306243 3.44754128918694 3.63165033779272 3.73060158726562 3.74551297116653 3.68321940718115 3.55505695116911 3.37533606656542 3.1597222327515 2.92372657598205 2.6814648743396
