_KRIGING/CROSS_VALIDATION_CLASSIC/MHZ/IZ/train_4/MHZ_IZ_4_train_z_250.asc
ncols 100
nrows 81
xllcorner 5.5967107548124995
yllcorner 50.982328804812504
cellsize 0.00017565037499993607
nodata_value 1.7014100000000001E+038
[rows 0 to 19 of 81, columns 46 to 91 of 100]
34.3367296113599 33.7752208051849 33.2063373463075 32.6524376191816 32.1352605987 31.6746784049675 31.2875294592294 30.9866140673986 30.7799386855877 30.6702885876436 30.655187355233 30.7272656132722 30.8750152174409 31.0838566900504 31.337406644276 31.6188067761917 31.9119720126282 32.2026332626941 32.47908597698 32.7326019432453 32.9575094937338 33.1509882388882 33.3126526017577 33.4440111278935 33.5478864292113 33.6278669143722 33.6878408020247 33.7316401243264 33.7628015180568 33.7844342144237 33.7991749407967 33.809204356327 33.8162992536128 33.8218977907159 33.8271601732182 33.8330133720978 33.8401747740183 33.8491554595586 33.8602485740148 33.8735115670658 33.8887525994949 33.9055309676937 33.9231790346887 33.9408492323018 33.9575848664553 33.9724085931182
34.2849962168261 33.613422134462 32.9326127540128 32.2693514223282 31.6498428189897 31.0981907828393 30.6349531030196 30.2758788382289 30.0309407236778 29.9037674881986 29.8915539257002 29.9854807588395 30.1716176079123 30.4322209822556 30.7472871814841 31.0961880066671 31.4592117709281 31.8188540492568 32.1607469329457 32.4741729700995 32.7521693326111 32.9912786945404 33.1910384159695 33.3533155702927 33.4815929170169 33.5802940896028 33.6542107654891 33.7080663589574 33.7462247798085 33.7725323068809 33.7902670989494 33.8021642534739 33.810483577457 33.8170908553703 33.8235298585846 33.8310703124951 33.8407254486975 33.8532407404033 33.869062175751 33.8882972566584 33.9106842187389 33.935584374628 33.9620089856664 33.9886861441409 34.014165770932 34.0369533411352
34.1878827190567 33.4005902552446 32.6019913950305 31.8235325919313 31.0961704528467 30.448552194704 29.9052637645711 29.4852783046964 29.2007478243551 29.0562719658598 29.0487443826433 29.167820353851 29.3969764101629 29.7150567090715 30.0981365010073 30.5214933235114 30.9614694728263 31.397035715063 31.8109199727371 32.1902345082778 32.5266073390472 32.8158856575611 33.0575218751305 33.2537725054909 33.4088373932877 33.5280465751043 33.6171712476525 33.6819010809755 33.7274984309985 33.7586148408729 33.7792383793782 33.7927318560142 33.8019206174082 33.809192785948 33.8165827247792 33.8258186797039 33.8383266618012 33.8551935287672 33.8771017558779 33.9042554200774 33.9363204252216 33.9724012732496 34.0110716135912 34.0504670202653 34.0884373728721 34.1227448672134
34.0421730707836 33.1374799004919 32.2192537505451 31.3236832731252 30.4866082467574 29.7413889429703 29.1168276753155 28.635305102049 28.3113078040036 28.1505134624068 28.1495596463164 28.29655322402 28.572289158461 28.952055464045 29.4078232402235 29.9105725640716 30.4324960257 30.9488528048795 31.4393100275771 31.8886911436131 32.287137038114 32.6297595323552 32.9159181146432 33.148274342917 33.3317754633759 33.4726950550059 33.5778220832497 33.6538490788492 33.7069722960744 33.742686341512 33.7657350850821 33.7801697886331 33.789463110442 33.7966321786524 33.8043334283243 33.8149046935283 33.8303446141476 33.8522342279298 33.8816190090662 33.9188798067319 33.9636264509062 34.0146470171173 34.0699385417944 34.1268321901988 34.1822095438382 34.2327897672929
33.8487191473524 32.8296219612908 31.7946874510751 30.784736702712 29.8404348650986 28.9998471692416 28.2960254548254 27.7548194823631 27.3931255257259 27.2177733936653 27.2252054469549 27.4020194619625 27.7263427553209 28.1698962696092 28.7005153309964 29.2848367825319 29.8908511012022 30.4900539859602 31.0590060737577 31.5802060497635 32.0422825870988 32.4395968188162 32.7714069243519 33.0407742755683 33.2533876563473 33.416454856952 33.5377688242083 33.6250082430769 33.6852880420901 33.7249392810148 33.7494727898691 33.7636670833521 33.7717173328073 33.777386780728 33.7841130990396 33.7950380967456 33.812948139935 33.8401326748246 33.878186956218 33.9277997738035 33.9885749892399 34.0589350568998 34.1361447082771 34.2164746990139 34.295501843016 34.3685168052032
33.6131307718778 32.4877060104581 31.3441593518757 30.227627989499 29.1833328334063 28.2538323409969 27.4762795687088 26.8799089690171 26.4840022887601 26.2965705637535 26.3139343356282 26.521289678205 26.8942268781385 27.4010430539053 28.005583782442 28.6702828224659 29.359055711641 30.0397435080765 30.6858872712391 31.2777239194016 31.8024083324084 32.2535651022774 32.6303419533162 32.9361691299272 33.1774263170139 33.3621882221681 33.4991723351947 33.5969584951526 33.663498833835 33.7058945505701 33.7303858349668 33.7424836632595 33.747166232916 33.7490669464661 33.7525934998429 33.7619371495973 33.7809557255782 33.8129408787578 33.8603060349346 33.9242525457121 34.0044835418168 34.0990348568914 34.2042788421669 34.3151312547225 34.4254577026987 34.5286405206207
33.3459601416735 32.1273689884946 30.8885026847856 29.6782897212801 28.5460181054289 27.5383126337114 26.6960836983144 26.0517054025191 25.6267083541351 25.4302593262572 25.4586381511386 25.6958153574781 26.1150976544698 26.6816666317111 27.3557161618474 28.0958193456444 28.8621402757381 29.6191506149646 30.3376047962414 30.995650315499 31.5790771002969 32.0808201403974 32.49990662694 32.8400755751068 33.1082957020139 33.3133741844524 33.464796342025 33.5718761929934 33.6432401449737 33.6866175424604 33.70887586744 33.7162160415009 33.7144340384304 33.7091578922106 33.7059830921488 33.7104530062237 33.727862382731 33.7628979291304 33.8191657632531 33.8986853426037 34.0014472860504 34.1251335090894 34.2650801727726 34.4145286823815 34.5651628708871 34.7078801742714
33.0622816905208 31.7683298384423 30.4521981392682 29.1658891024526 27.9620611793136 26.8907694965383 25.9961438305863 25.3132901671241 24.8657344536312 24.6637134069032 24.7035491712195 24.9682266134517 25.4291414374421 26.0488309074667 26.7843666818798 27.591006683139 28.4256851729098 29.2499685130744 30.0322062085247 30.7487406412224 31.3841782397853 31.930845550445 32.3876385298542 32.7585144942645 33.0508749420952 33.2740524083204 33.4380578543704 33.5526794888825 33.6269598814042 33.6690229678429 33.6861799543243 33.6852147093809 33.6727352678193 33.6554784860343 33.6404695431887 33.6349662510168 33.6461580919647 33.6806375276313 33.7437099861232 33.838650763589 33.9660431391995 34.1233351862652 34.3047296633089 34.5014738127323 34.7025512681443 34.8957084085307
32.780657245465 31.4329110604463 30.0614417084207 28.720450024027 27.4650904016619 26.3480280589301 25.4158988936819 24.7059824718522 24.243435259186 24.039417197348 24.0903715036068 24.3785902239248 24.8740355506434 25.5372182091227 26.3227914713144 27.1834300139981 28.0735430372673 28.9524220940436 29.7865328245885 30.5508026446593 31.228905497651 31.8126743450151 32.3008637521745 32.6975302835129 33.0102987909127 33.2487468195206 33.4230798926444 33.5432003665893 33.6182026580607 33.6562653884835 33.664860663893 33.6511645390575 33.6225320934271 33.5868968443245 33.5529687783731 33.5301385782415 33.5280459993781 33.5558328580843 33.6211670911445 33.7291823186339 33.8815149322117 34.0756276577109 34.3045795803511 34.5573397631947 34.819654557453 35.0753834643788
32.5215759212724 31.1440931812106 29.7418029612385 28.3701202081112 27.0856905143122 25.9428274631135 24.9898200856909 24.2654392297459 23.7960119098339 23.5934187658057 23.6542928034936 23.9605633028637 24.4813173574394 25.1757735688462 25.9970117736116 26.8960081083879 27.8255031026182 28.7432831703216 29.6145691385405 30.4133546879334 31.1226937222189 31.7340719717516 32.2460954263386 32.6627776122892 32.9917104607418 33.242368278279 33.4247337078704 33.5483614176394 33.6219202049495 33.6531846739021 33.6493882829515 33.6178035122923 33.5663851336523 33.5043025187968 33.4422001066256 33.3920637270669 33.3666333545323 33.3783840399238 33.4381848338702 33.5538247732433 33.7286483475975 33.9605557890474 34.2415882879399 34.558236833572 34.8924983629453 35.223575418213
32.3055490462468 30.9233357640724 29.5157620164046 28.1384254733396 26.848389006372 25.7005685498396 24.7439633061605 24.0180681642042 23.5498513180673 23.3516665530229 23.4203906738049 23.7379381866682 24.2731286073119 24.9846982480468 25.8250928161427 26.7445791713374 27.6951914460835 28.634079827028 29.5259456520896 30.3443990266219 31.0722353268169 31.7007675366994 32.2284528768896 32.6591055061196 32.999993131264 33.260082488744 33.4486388793339 33.5743104031119 33.6447481974531 33.6667368723195 33.6467393671852 33.5917019161455 33.5099227695689 33.4117690503982 33.3100361370576 33.2197878293556 33.1575931280237 33.1401796225981 33.1826394226774 33.2964303369468 33.487489403228 33.7547979059574 34.0896955197051 34.4761379638574 34.8919434174928 35.3109054114661
32.1511038051962 30.788449902557 29.4004527271576 28.0418807790341 26.7691396803416 25.6366835763593 24.6932481455904 23.9782481235624 23.5187271848997 23.3272352887357 23.400929424269 23.7220544156162 24.2597823309721 24.9732039486772 25.81510864195 26.7360896284783 27.68848717508 28.629734519665 29.5247860906627 30.3474601515227 31.0806889012266 31.7158113325024 32.2511484447131 32.69015754909 33.0394729423175 33.3071117425742 33.5010670674763 33.6284367832314 33.6951534327736 33.7062959065053 33.666880985227 33.5829587337153 33.4627776174757 33.3177531221915 33.162978083356 33.0170617213529 32.9011788571124 32.8373426776007 32.8460648571734 32.9437084091866 33.1399405307456 33.4357279351335 33.8222700808567 34.2811374760124 34.785692529482 35.3036542952342
32.0729419338383 30.7518103748174 29.4059231758359 28.0882921932329 26.853659518585 25.7550034840788 24.8398544307473 24.1467578069386 23.7022677959616 23.5188430584183 23.5939387506001 23.9104520477443 24.43850296266 25.1383496815521 25.9640823463502 26.8676403738229 27.8026731431598 28.7278137650791 29.6090472503959 30.4210035815915 31.1471645178195 31.7791143356772 32.3150704081084 32.7579905245556 33.1135702346873 33.3884216855336 33.5886745661142 33.7191686100239 33.7833223501968 33.7836694411723 33.7229568524345 33.6056058693371 33.4392582090249 33.2360803013545 33.0134945179627 32.7940589863148 32.6043310487005 32.4727140262921 32.4264791357488 32.4883390122286 32.6730862164344 32.9848637021842 33.4155830673192 33.9448505549793 34.5415240729607 35.1667508320692
32.0805072362612 30.8191493327765 29.5341541115095 28.2759898456405 27.0968587602835 26.0473624364072 25.1729752182511 24.5106496801894 24.0859233797237 23.9108859545486 23.9832918026525 24.2869721473809 24.7935314248446 25.4651368100199 26.2580594115195 27.1265292986903 28.0264406315141 28.9184894228592 29.7704322812392 30.5582970911069 31.2665291872289 31.8871946267287 32.4184680496194 32.8626976842253 33.2243638061793 33.5082342882072 33.717978576722 33.8554354391977 33.9206441948657 33.9126470200541 33.8309560318127 33.6774622801069 33.4584595937537 33.1863847561017 32.8808586865359 32.568668744226 32.2824662913715 32.0581558916591 31.9311940531184 31.9322520095802 32.0828775074848 32.3918687867141 32.8530212767305 33.4447222170845 34.1315787739635 34.8679251325199
32.1771433170023 30.9890868968667 29.77896480293 28.5940965637323 27.4834460471141 26.4945011696564 25.669970357004 25.0445988341508 24.6424514455593 24.4750002625777 24.5402867127809 24.823304873197 25.297593782348 25.9278604584424 26.6733128765278 27.4912899233841 28.3407490194405 29.1852135021372 29.9948795610872 30.7477156490757 31.4295313469857 32.033125254745 32.5567265724285 33.0020145429227 33.3720327148174 33.6693140412611 33.8945020033006 34.0456946442932 34.1186532746659 34.1079063956228 34.0086462734408 33.8191716055054 33.5434945342763 33.1936309489281 32.7910591356544 32.3668876559545 31.9604289761085 31.6161197759261 31.3790272621196 31.2894786201768 31.377583954343 31.658533152603 32.1294966496246 32.7687446319008 33.5372517058568 34.3826393118632
32.3599343658182 31.2534450617463 30.1268058488524 29.0237862956472 27.9896204834766 27.0681434905298 26.2987634797013 25.713545167205 25.3347215725367 25.1729444728064 25.2265221875822 25.4817809598357 25.9145404015086 26.492540148544 27.1785226104068 27.9335899241008 28.720426566125 29.5060145493689 30.2635557134754 30.9734368263031 31.6232063625647 32.2066572255782 32.7222132629427 33.1708919015012 33.5541587685615 33.8720035571987 34.1215499904862 34.2964647262644 34.3873469354488 34.383159801845 34.2736106232798 34.0522106019898 33.7195736338089 33.2863802317338 32.77537660878 32.2218321375936 31.6720558122447 31.179862605479 30.8012427780432 30.5878552279782 30.5802613546899 30.8019658545509 31.2552875217347 31.9198384200877 32.7539809973146 33.6991364695129
32.6202252207342 31.5982814224346 30.5583148360955 29.5403491155828 28.5856122683147 27.7339586888633 27.0211545673816 26.4762702733063 26.1194612007646 25.9604142439594 25.9976831054593 26.2190358282292 26.602807322149 27.120111320109 27.7376458103476 28.4207456110078 29.1363087826197 29.8552522323919 30.5542277561688 31.2164371307367 31.8315052798456 32.3944874260254 32.9041877670355 33.3610472730233 33.7649141738942 34.1130409351281 34.398652415282 34.6103947927386 34.7328954312916 34.7485341993641 34.6403488837314 34.3957863093078 34.0107970172158 33.4935982533695 32.8673461110762 32.1710044386447 31.4578963157505 30.7917624338537 30.240582301768 29.8688605183344 29.7294469671807 29.8561579274882 30.2584349043439 30.9190065855894 31.7950480013176 32.8227484669114
32.9447300920423 32.0054883070313 31.0504154160343 30.1157797775445 29.2387293990301 28.4550146998977 27.7966094627523 27.2894381393551 26.9514518381879 26.7912933179026 26.8077459290885 26.9900753756933 27.3192591249955 27.7699762896883 28.3131233200087 28.9185473845146 29.557661957249 30.2056303050581 30.8428656442607 31.4556889024136 32.036091401266 32.5806572451093 33.0887996245064 33.5605514992292 33.9942210423423 34.3842715604559 34.7198064738857 34.9840203114348 35.1549027959673 35.2073448051921 35.1165925933226 34.8627470832355 34.4357445541235 33.840036310988 33.0980675310679 32.2516913151142 31.3608706659271 30.4994085576934 29.7479509995026 29.1850389556337 28.8774307634578 28.8711711740328 29.1848730173585 29.806383891776 30.6934777527444 31.7785406351189
33.3170755107336 32.4547445717732 31.5786874083001 30.7215588824146 29.9165246839468 29.1952877525812 28.5860523219495 28.1115966918268 27.7876560616955 27.6218172021862 27.6130903470541 27.7522519340137 28.0229549850375 28.4034988014452 28.8690554554434 29.3940841624904 29.9546367158655 30.5302704139395 31.1053344820452 31.6694721344587 32.2172719766628 32.747099930107 33.2592399635703 33.7535648636297 34.2270433505934 34.6714601654825 35.0717689409687 35.4054959527413 35.6435465403912 35.7526201503441 35.6992127203759 35.4548950256761 35.0022447846763 34.3405410796507 33.4901733591152 32.4947371504405 31.4200201227229 30.3495169789871 29.3766906916718 28.5948170002944 28.0857800261805 27.9095049669584 28.0957311902982 28.6395195986118 29.5012987247934 30.6114968412477
33.7195883753734 32.9255863445236 32.1197283656547 31.3313018903527 30.5897158647422 29.9228238301554 29.3552258901214 28.9066834706282 28.5908071764224 28.4141810609213 28.3760593184811 28.4687139906305 28.6784325763591 28.9870760720491 29.3740268864034 29.8182965468686 30.3005344629907 30.8046840974333 31.3190686696723 31.8367482818512 32.355066701788 32.8743932154226 33.3961596270921 33.9203923881625 34.4430408358002 34.9534951799644 35.4327552598325 35.8527294927836 36.1770869003435 36.3639334676953 36.3703328736996 36.1583605524357 35.7020169069892 34.9940022587369 34.0511562460351 32.9173629934892 31.6629646310093 30.3802040175139 29.1748688256017 28.1550174798425 27.4182867344666 27.0396680598536 27.0616922316931 27.4886442679714 28.2857919934343 29.3837733870899
