_RESULTS/CROSS_VALIDATION_POSTPROCESSED_CLR/Berg/TZ/6comp/1/Berg_TZ_z_180_kriged_reverse_6comp_spherical_1.asc
ncols 100
nrows 90
xllcorner 5.6208707817415728
yllcorner 50.959635321741573
cellsize 0.00013419651685393446
nodata_value 1.7014100000000001E+038
[rows 0 to 19 of 90, columns 0 to 43 of 100]
4.122741628398698 4.122741628398698 4.122741628398698 4.122741628398698 4.122741628398698 4.122741628398698 4.122741628398698 4.122741628398698 4.122741628398698 4.122741628398698 4.122741628398698 4.122741628398698 4.122741628398698 4.122741628398698 4.122741628398698 4.122741628398698 4.122741628398698 4.122741628398698 4.122741628398698 4.122741628398698 4.122741628398698 4.122741628398698 4.122741628398698 4.122741628398698 4.122741628398698 4.122741628398698 4.122741628398698 4.121477670865743 4.112901696885719 4.095812255440241 4.070410603399427 4.0378875524735545 3.9994077580980125 3.95606144868736 3.9083153173337792 3.8572550895285227 3.8042270286888225 3.7505985659299386 3.697804352950919 3.6474097184878818 3.601183088199537 3.5611470307388533 3.5295375440879844 3.5085602991523612
4.122741628398698 4.122741628398698 4.122741628398698 4.122741628398698 4.122741628398698 4.122741628398698 4.122741628398698 4.122741628398698 4.122741628398698 4.122741628398698 4.122741628398698 4.122741628398698 4.122741628398698 4.122741628398698 4.122741628398698 4.122741628398698 4.122741628398698 4.122741628398698 4.122741628398698 4.122741628398698 4.122741628398698 4.122741628398698 4.122741628398698 4.122741628398698 4.122741628398698 4.122741628398698 4.122741628398698 4.118786809614412 4.1043773085442075 4.080613041949488 4.048737037160302 4.00996753199975 3.965070774897529 3.9144813553319353 3.8595604190886617 3.80165625071419 3.7420895070423525 3.6821847344155856 3.6233282722378313 3.567062462589716 3.515222837018509 3.47010384553815 3.4345699285598585 3.4118853247891785
4.122741628398698 4.122741628398698 4.122741628398698 4.122741628398698 4.122741628398698 4.122741628398698 4.122741628398698 4.122741628398698 4.122741628398698 4.122741628398698 4.122741628398698 4.122741628398698 4.122741628398698 4.122741628398698 4.122741628398698 4.122741628398698 4.122741628398698 4.122741628398698 4.122741628398698 4.122741628398698 4.122741628398698 4.122741628398698 4.122741628398698 4.122741628398698 4.122741628398698 4.122562083744975 4.119726559147765 4.109240555463081 4.088271819361393 4.058117874892744 4.020059736595795 3.9744894689474304 3.922080650248314 3.864298388004075 3.8025472176450004 3.738165249201278 3.672429780050765 3.606582547526771 3.5418872663671133 3.4797398027398847 3.421862780232358 3.3706228060421717 3.32945843690231 3.303131338017355
4.122741628398698 4.122741628398698 4.122741628398698 4.122741628398698 4.122741628398698 4.122741628398698 4.122741628398698 4.122741628398698 4.122741628398698 4.122741628398698 4.122741628398698 4.122741628398698 4.122741628398698 4.122741628398698 4.122741628398698 4.122741628398698 4.122741628398698 4.122741628398698 4.122741628398698 4.122741628398698 4.122741628398698 4.122741628398698 4.122741628398698 4.122741628398698 4.12213946885508 4.117810124048734 4.109782570232273 4.092923766544582 4.065707191731372 4.029470128160572 3.984440968206236 3.9313464070767137 3.8717586023970334 3.8071915246594656 3.7390798641078233 3.6687616587778447 3.5974701952797274 3.5263433348742605 3.4564633184727658 3.388951148855271 3.32516572411666 3.267116437110393 3.2182974612301876 3.1850767756414244
4.122741628398698 4.122741628398698 4.122741628398698 4.122741628398698 4.122741628398698 4.122741628398698 4.122741628398698 4.122741628398698 4.122741628398698 4.122741628398698 4.122741628398698 4.122741628398698 4.122741628398698 4.122741628398698 4.122741628398698 4.122741628398698 4.122741628398698 4.122741628398698 4.122741628398698 4.122741628398698 4.122741628398698 4.122741628398698 4.122741628398698 4.1219665328658985 4.116711400333099 4.107194521948646 4.093785492858548 4.070893376729775 4.037760068116619 3.9947110862158843 3.9422164167736193 3.881963949358965 3.8156069826148773 3.744735228715253 3.670842880421022 3.5952972973486435 3.519313645908099 3.443942365408588 3.3700786818916777 3.2985099878583286 3.230038407633494 3.165801367576149 3.108155192083608 3.0631073074566992
4.122741628398698 4.122741628398698 4.122741628398698 4.122741628398698 4.122741628398698 4.122741628398698 4.122741628398698 4.122741628398698 4.122741628398698 4.122741628398698 4.122741628398698 4.122741628398698 4.122741628398698 4.122741628398698 4.122741628398698 4.122741628398698 4.122741628398698 4.122741628398698 4.122741628398698 4.122741628398698 4.122741628398698 4.122741628398698 4.12220037716799 4.116811934378192 4.106310322254019 4.091543208970871 4.072735170582031 4.044167019899341 4.004721301444798 3.954339661094136 3.894739745265455 3.8277104773748105 3.755016123949275 3.678359616766953 3.5993389780130314 3.519401007677608 3.4397983719225778 3.3625212861750158 3.289461302493237 3.2200010231873497 3.1534581866469455 3.0892358327918514 3.027050888884355 2.967947154878659
4.122741628398698 4.122741628398698 4.122741628398698 4.122741628398698 4.122741628398698 4.122741628398698 4.122741628398698 4.122741628398698 4.122741628398698 4.122741628398698 4.122741628398698 4.122741628398698 4.122741628398698 4.122741628398698 4.122741628398698 4.122741628398698 4.122741628398698 4.122741628398698 4.122741628398698 4.122741628398698 4.122741628398698 4.122623552676174 4.118079054889351 4.107522902784972 4.091782043240485 4.071723612203205 4.047598011118488 4.013445461605855 3.9669910249644156 3.9096465459562033 3.8432992836597806 3.769863540160843 3.6912500131360044 3.6093218126390894 3.525879014895434 3.4457452719790664 3.3710941925632025 3.301362050294796 3.2358331124251176 3.173681846968999 3.114043779387856 3.0561227829313533 2.999408943835698 2.9445805054813046
4.122741628398698 4.122741628398698 4.122741628398698 4.122741628398698 4.122741628398698 4.122741628398698 4.122741628398698 4.122741628398698 4.122741628398698 4.122741628398698 4.122741628398698 4.122741628398698 4.122741628398698 4.122741628398698 4.122741628398698 4.122741628398698 4.122741628398698 4.122741628398698 4.122741628398698 4.122741628398698 4.122741628398698 4.120078843372593 4.110576610583176 4.094941376109731 4.07400487697331 4.048646117897593 4.019308395581954 3.978936698001689 3.9258204551926115 3.8618839276528565 3.7891285157277412 3.709618139257783 3.6254487232404196 3.54141719216405 3.4636927349386433 3.39225964225381 3.3267703695918254 3.2666738295306637 3.2112487956718914 3.1597059518140003 3.1113827081035765 3.0661182704269754 3.025155735945317 2.9938780198849466
4.122741628398698 4.122741628398698 4.122741628398698 4.122741628398698 4.122741628398698 4.122741628398698 4.122741628398698 4.122741628398698 4.122741628398698 4.122741628398698 4.122741628398698 4.122738012067929 4.122590538862359 4.1223578254461835 4.122177278485246 4.1221284523424195 4.122230695316945 4.122442567178679 4.122663081885008 4.122741628398698 4.122003549736885 4.1147925646630785 4.100506395855393 4.079929112675106 4.053888648310512 4.023265978552935 3.988304545464606 3.941785057826692 3.8824435712123817 3.812284526799279 3.73342968385119 3.648308559551379 3.5659440069647674 3.490412559178258 3.421862513134349 3.360293938562293 3.3054783837543225 3.256926670306083 3.213946629345859 3.175820501999448 3.142127399098136 3.113279913094501 3.091460850614173 3.082072901375196
4.122741628398698 4.122741628398698 4.122741628398698 4.122741628398698 4.122741628398698 4.122741628398698 4.122741628398698 4.122741628398698 4.122689512693796 4.122005599608076 4.12079782956329 4.119377767236069 4.118011411641836 4.116911798790312 4.116232524545412 4.11606275497703 4.116424202745586 4.117270376435893 4.118488180975317 4.1199017034779075 4.117650611328156 4.107116774614493 4.088684837877103 4.063361812243607 4.032370665655047 3.9965823274694046 3.955305476421261 3.9031909782047105 3.838095040087001 3.762089741538709 3.678160935771263 3.5976451215210012 3.523981214368211 3.4576018822359647 3.3989184940700303 3.348186675914588 3.3053638783606623 3.2700305245204535 3.24145346120516 3.21883120092808 3.2010610387067078 3.1874698956145604 3.180670638112609 3.184990996626082
4.122741628398698 4.122741628398698 4.122741628398698 4.122741628398698 4.122741628398698 4.122741628398698 4.122633045220633 4.1213917089439525 4.119108351745137 4.116196683523621 4.113040726066487 4.109985693160154 4.107328458099365 4.105308258479967 4.104098416132652 4.103799875297051 4.104437253428402 4.105957856940754 4.1082337778290015 4.110498120506263 4.106131345468929 4.093586102771531 4.073213770574314 4.045364795711501 4.010407255889741 3.9694032222402216 3.921549184549998 3.8643510069914226 3.794030139556822 3.7133586495345092 3.635068710921605 3.563278772812954 3.4985424846325217 3.441583272423946 3.393187862726102 3.35400091595442 3.3242596537793387 3.303595419565351 3.2896847426476774 3.2795241102809065 3.27326018656587 3.2718083675014924 3.2770496136280958 3.2916226671946713
4.122741628398698 4.122741628398698 4.122741628398698 4.122741628398698 4.122741628398698 4.12181460332396 4.119099089985408 4.11507317128498 4.110208190794505 4.104956796154525 4.0997433666786165 4.094953050159691 4.090919956516742 4.087915350031997 4.086136912301789 4.085700231622935 4.086633548268801 4.088876438757861 4.092282615663988 4.094238153376573 4.088218158690109 4.074147504477519 4.052311552573256 4.022991198524731 3.986482976225948 3.942314397747503 3.8886076604221635 3.82645955560742 3.7517762864937887 3.6765065516194593 3.6071994317125777 3.5442867015288737 3.4885098289605834 3.4409417257086883 3.4028933847275837 3.375619610728198 3.359280532916082 3.349778771637953 3.346006833214121 3.3471882977636156 3.352715221302046 3.3627754362423232 3.3784588969817 3.4012717917698563
4.122741628398698 4.122741628398698 4.122741628398698 4.122670433966048 4.120777684574326 4.116691808233911 4.110929552324796 4.104008303444959 4.096439636757211 4.088720631515055 4.081322847007809 4.0746791534628155 4.069169026092673 4.065103379169819 4.062710427251618 4.062124265060259 4.063377728443296 4.066400596720274 4.071022405583753 4.07205896610278 4.064944287102301 4.04991632836181 4.0271839931916045 3.9969474996046275 3.959419374668941 3.9132975121048585 3.856909912355064 3.790697474235462 3.719571780855439 3.6538781301695527 3.593850687423596 3.5399245064113942 3.492969341512314 3.4544211533774716 3.4262929118058434 3.4088977400166414 3.399656423745798 3.3994197838667053 3.4071595585472636 3.420809500530786 3.438483201541607 3.4595145379178156 3.484491017027926 3.5142941297762094
4.122741628398698 4.122741628398698 4.122581252591273 4.120052020035125 4.114855835827575 4.107529203603593 4.098619871812825 4.088682861613734 4.078274124135255 4.067941297411395 4.0582112062676385 4.04957411861155 4.042465357607964 4.037245610563042 4.0341820018909775 4.033432448128514 4.035035727949606 4.03890896435145 4.044533123904483 4.044873497572099 4.037298866933433 4.021966560770954 3.998999379411017 3.968507797994892 3.9305890909037364 3.883160388468395 3.825094362555856 3.759911029972545 3.7003829897006844 3.6448068007214616 3.5944925668838295 3.5497559724337426 3.5114373888662103 3.481160689055562 3.458014605962858 3.4414545219307335 3.4366887778910273 3.4458906847963933 3.4667169175704076 3.494354270886023 3.524706421564894 3.556209419086917 3.589855607183001 3.6271334217303943
4.122741628398698 4.122628840645129 4.1199339580188905 4.114042418647051 4.105495021420295 4.0948520473187555 4.082692282489494 4.069610095129034 4.056209743685485 4.043096024709999 4.03086047869066 4.02006278006339 4.011207732630427 4.004719447107749 4.000915559244062 3.9999852976326498 4.0019752972302 4.006785971099131 4.013220567758488 4.013539824183093 4.006216806730317 3.9913174365661472 3.9688697164274256 3.9388882073582616 3.901281928165788 3.853511876465621 3.7948547806220625 3.7384753730042464 3.6919242944529134 3.6486455330406304 3.608763648034855 3.5735543606915243 3.5420999698391764 3.513171868572661 3.484987695748972 3.4654926489975457 3.464333348600272 3.485815013677664 3.5240058459808976 3.5687353308803043 3.612567952878024 3.6529395027872327 3.6926989742567873 3.736627725922797
4.122736198456114 4.120468237998819 4.11443854085744 4.105178353634375 4.093243204329138 4.079214734931867 4.063701455867259 4.04733759029445 4.030778877963841 4.014693951139169 3.9997498257041935 3.986590391348068 3.975807777076198 3.9679082179415035 3.963276295660614 3.9621433944278577 3.9645668029459715 3.970424310968249 3.977812743724627 3.978855413145263 3.9725710747595366 3.9589219229352492 3.9378332391130915 3.9092208857577635 3.8728105163741104 3.825820418104236 3.771401779975065 3.7265664082907404 3.6919006727317694 3.6636511942657646 3.634713349239092 3.606469966493597 3.578599350412648 3.544903666810878 3.509234635724986 3.481760349935154 3.4816546953191256 3.5211323422977348 3.5840899035070866 3.650219360932382 3.7087546595211647 3.7556235196465906 3.795580078730998 3.8463334869336885
4.1214451567371 4.1159539893091415 4.106632745799722 4.094018111822549 4.078676002066936 4.061205309329052 4.04224101345785 4.022455716159878 4.002558168419515 3.983286791648327 3.9653957414726553 3.949631086536492 3.9366957014336172 3.927203972988223 3.9216313001187473 3.9202674148062977 3.9231844895470753 3.9302287741542377 3.9389746854778553 3.941555765580211 3.9371696368861784 3.9256595717837564 3.9068405241946724 3.8805303862808147 3.8463343836438426 3.8013549872054315 3.7566395335454805 3.7238689188499294 3.7011221733258837 3.6838941149185356 3.6664348782985465 3.6464164168529893 3.618862854904445 3.582612051130658 3.5399303063221743 3.497149928811773 3.4872298324984863 3.5598113092844823 3.6570963577025424 3.7475217754308967 3.8225092725702026 3.8772340265772227 3.908577061844865 3.969666444056954
4.11822764641746 4.109609799391894 4.097068847172363 4.081141654985446 4.062398652612709 4.041449802816845 4.018950682256261 3.9956077791764955 3.9721813893067277 3.9494834901031206 3.9283668347361402 3.9097007115737363 3.8943293381761577 3.8830120060980673 3.876350573129271 3.8747181823436976 3.878208545406418 3.8866223942067615 3.897312633625865 3.9023200104687548 3.900759769048475 3.8923365916921258 3.8767474505141903 3.8537165631552037 3.8228149098488577 3.7824833468687262 3.7499849298448726 3.7292379760549457 3.715273280821757 3.706485193408052 3.7014293602281763 3.6895841043521687 3.665585242791605 3.633062919908217 3.5930718036102314 3.5466486648482882 3.5128604418233706 3.634804161904394 3.757842007659057 3.867744903148731 3.959757891793096 4.030043364290518 4.081511745413406 4.129783260572607
4.113578069933314 4.101964050788048 4.086310769913181 4.067149079396102 4.045046525770903 4.020615647450184 3.9945234819232773 3.967501675944658 3.9403557071816833 3.9139702362149684 3.889305438722677 3.867376710639658 3.8492088391558554 3.835758479744967 3.827808781456191 3.8258567576604623 3.830028639786992 3.8400566918191466 3.8533870968523383 3.861786855909513 3.8640428790559165 3.8596959262802404 3.8483178681802457 3.8295478213489433 3.802996483382299 3.7707312138046065 3.7501376286790595 3.737914976169862 3.732343285411777 3.7327508509992384 3.737038789124999 3.7336251483418357 3.7183734904659738 3.6970746218933934 3.674246011446939 3.6591749615820435 3.681223413942668 3.7699056747261683 3.889215027838061 4.0088669897400075 4.116066014066803 4.202802729251931 4.265196198071386 4.303569086978277
4.107984264237436 4.093544204430762 4.074928950188331 4.052656568008656 4.027283082232423 3.9994128748359454 3.9697116705547604 3.9389221412448645 3.9078813355938706 3.8775373486436453 3.8489593094062355 3.8233295951503097 3.8019014501604005 3.785903905808376 3.776388451123699 3.7740446029281083 3.7790503071106656 3.791029510017284 3.8077398064599035 3.8205856001882026 3.827703233811751 3.828439407292161 3.8222374089429465 3.8086665626248 3.787404768597157 3.7651297909078427 3.7528562778521453 3.748463899378279 3.7514466282033814 3.761426555781579 3.7720216991624964 3.775481210390565 3.7726551879995105 3.766520032031134 3.7655567538572514 3.7804866076542885 3.8272286323187075 3.9144463998706573 4.0305885604675336 4.157315773148023 4.2793005983179055 4.382239737146048 4.451922043106376 4.4789261844861885
