_RESULTS/CROSS_VALIDATION_POSTPROCESSED_CLR/Berg/TZ/6comp/1/Berg_TZ_z_355_kriged_reverse_6comp_spherical_1.asc
ncols 100
nrows 90
xllcorner 5.6208707817415728
yllcorner 50.959635321741573
cellsize 0.00013419651685393446
nodata_value 1.7014100000000001E+038
[rows 38 to 56 of 90, columns 0 to 42 of 100]
0.6796505321641778 0.6295733907534162 0.5820432164573468 0.5384579736726633 0.5006304433532796 0.47038276344994623 0.4427119497628622 0.4158620464036944 0.3917699862412467 0.3713578933960753 0.35430144507060235 0.3391886175174772 0.3239554376432501 0.30633305523759247 0.2841325511454025 0.255385045820663 0.22229837398311725 0.18653390648791768 0.14724451781577708 0.10363092494483328 0.05492988226111373 0.0004204383041399584 -0.0605039979183466 -0.12732718650331387 -0.0926101153178005 0.02048292111455563 0.11327837943300145 0.19074517295030313 0.25447041974020235 0.30429362726862585 0.3414063420111102 0.36881168938284037 0.3872390416734681 0.39522163355693163 0.39566100842893936 0.389795744403473 0.3792602991746077 0.3674805156778542 0.3678721012838442 0.3839692763935185 0.416573683478094 0.4657744490592577 0.5306958070125665
0.5778523909419613 0.5230535438762134 0.47365233756537584 0.42885716697864495 0.39034682749222815 0.36019706618328007 0.3341978344063985 0.31103619085637835 0.29342272696530625 0.28258732534932296 0.2777594057555475 0.2765288133225503 0.2757556205170937 0.27235142213798524 0.2636429235078679 0.2474217468211446 0.2224461194346139 0.1928082319109683 0.15917928361244127 0.12118015021143003 0.07880578993826348 0.03331227428011663 -0.009830384246729773 -0.03401655037595508 0.0009222198430267614 0.08223117562280247 0.16417148109888546 0.23501607049517204 0.2946355425794658 0.34215564159217315 0.3795778360790385 0.407416572443164 0.42635934977778267 0.43684869756382994 0.43488000586268694 0.4250643694150369 0.41055999778710817 0.3973811065779984 0.39840927629571743 0.4156893821802685 0.45045030275216114 0.5032393118830643 0.5735046216945485
0.47409540896075275 0.41428013042740197 0.36113567386612666 0.3150349048166772 0.2754796326977944 0.24453344809689925 0.2194384115792638 0.19921435444373237 0.18813067951143947 0.18821893471975026 0.19794726032612742 0.21315205622795763 0.22908901882575594 0.24172715308703574 0.24802749984300143 0.2457693227064104 0.2333166314847639 0.21196901082306163 0.18654299605424618 0.1575345703254032 0.12677167160653458 0.09873687168551326 0.07971393488711831 0.08270267007307308 0.11950117236118185 0.18019739553670666 0.24574566360642702 0.30453476157809134 0.35645467655826657 0.4006500018672001 0.4360454462757293 0.462330514411045 0.479757937823605 0.48900611075145517 0.4906658356268816 0.48141990540951274 0.4623679133313394 0.4461866707397697 0.444924748422612 0.4604849716130639 0.49481675959835636 0.5492478258391142 0.6236777724904685
0.3704682297622637 0.3062895722001364 0.24935538414499248 0.20022549438186688 0.15935357116287308 0.12671170974199253 0.1011393052911509 0.08203655041673263 0.076815700313007 0.08962596437328885 0.11726845502372618 0.1520832380962578 0.18697681407832278 0.21708324318011973 0.23933711776931266 0.25180074613217407 0.25323121572821994 0.24318227951829918 0.227358165528053 0.2096940926012285 0.19405560969034763 0.18358857260716666 0.18365144775173303 0.20156301364111529 0.23881122157923773 0.2903837752798417 0.343806816264113 0.39198257094494693 0.4371367443414351 0.47662391550169714 0.5084941779535583 0.5318335625096329 0.5464209553380519 0.5525485608900862 0.5508599005058599 0.5418994888724205 0.5239772107049343 0.5089366068461421 0.5056291604171343 0.5175141141462902 0.5485306633293252 0.6022650104728504 0.6798609657881874
0.2690040423727138 0.20156394189281368 0.14222291316309654 0.09086712188580393 0.0473004678259108 0.011989421865963301 -0.016002200727253113 -0.03770160934644795 -0.039579586198089434 -0.011027139620125581 0.03989481744220291 0.09791495402779238 0.15333392210488106 0.2013443979513183 0.23951968895944842 0.2665510433640905 0.2817360265756723 0.28480556128093193 0.27951010196586124 0.27513735792851124 0.27384398788986863 0.2783382346909329 0.2923828992735531 0.31945785381893943 0.3569926182134908 0.4025592160190947 0.4500451470813003 0.49222062849252857 0.5315095397446388 0.5661851641780882 0.594034782183142 0.6137564122076924 0.6247396318290739 0.6268618200893166 0.6199645457168241 0.6047636492518815 0.5833001483675904 0.5681138533281556 0.5627905587970521 0.5709887146482964 0.5982016573550677 0.6507192659980736 0.7322000787420201
0.1715317750125367 0.10243800142583215 0.042912755900698984 -0.008050050167475176 -0.051897529589752134 -0.08980911199644948 -0.1225821941291958 -0.15299518868173956 -0.16001585093573767 -0.10817269468394985 -0.025569715193529907 0.057690353482054535 0.1329564424114873 0.1975107002171832 0.2502381154893536 0.2906272858625465 0.318505607625458 0.3341998634425647 0.34176174529395964 0.34963646217488686 0.36080191004155515 0.3773468171118828 0.40167845320291384 0.43492223390640405 0.4736540040453794 0.5166390256103992 0.560767990589897 0.5996070517998533 0.6347185479490032 0.6654315838901127 0.689578582836708 0.7056807149975718 0.7128561684721925 0.7102259352679293 0.6976531760756268 0.6757032319080846 0.6465111150011212 0.6238504035394175 0.6121530051995847 0.6125157029086887 0.6299711881916623 0.6768670771224993 0.7636983180120207
0.0795020610784789 0.010852433868236755 -0.04573143755470577 -0.09236511534365777 -0.13182846051654207 -0.16678319730556623 -0.19946594547550633 -0.2373930696289155 -0.2805528805978854 -0.17731263960949284 -0.06275118531060109 0.03973997761364689 0.12967660436369366 0.20687726525076156 0.2712629564328717 0.3228432049311929 0.361735343252362 0.39020773606180725 0.4107209085767265 0.42941032712033267 0.45099447039154605 0.4771363982406591 0.509942987598841 0.5494406516225832 0.5909956916189227 0.6331994370146223 0.6737525291135429 0.7097942147819566 0.7426626220450182 0.7707563406489294 0.7920697907297428 0.8050797729265362 0.8084447942992672 0.8010913234116799 0.7829999941417161 0.7545239819649767 0.7176815318978533 0.685909570773469 0.6625630747946023 0.648396384247809 0.646943599548441 0.6781315478894702 0.7774798830447806
-0.006162915759568843 -0.07183712541175491 -0.12149089859321527 -0.1588601541225214 -0.18804156328148358 -0.21211205922979337 -0.2323408656104491 -0.2484132950384541 -0.24337126899209083 -0.16606002071421755 -0.05777227290159859 0.04767969989607934 0.1435360387681055 0.22796563106026113 0.3002948984551759 0.3602873236497468 0.4086300050368248 0.4488287078183575 0.4814024164549995 0.5102308165047005 0.5421193954625549 0.5781289380582044 0.6190547996903162 0.6639841591973048 0.7082432757823744 0.7505263106642137 0.7889362146246641 0.821309996856892 0.8518679978965688 0.8788893047307774 0.8985689073578284 0.9092903435478494 0.9092402125148047 0.8977230243293941 0.8746712811795111 0.840401514149452 0.7966876783795308 0.7567180657790172 0.7238607522585663 0.6979341556833972 0.6787767281103072 0.675493279044868 0.7968174933037535
-0.08513867999675973 -0.14479396874598605 -0.18258453808122233 -0.2053902471493767 -0.21894323654407555 -0.22606417898821074 -0.22653452032277088 -0.21407694254839593 -0.17916899727307256 -0.10994191159871614 -0.016844876985670165 0.08202296457724123 0.17686061109584417 0.2634498434555834 0.33992233902414637 0.4054283098574807 0.4621531767252245 0.5120742549956252 0.5549619750453054 0.5929320499364861 0.6334956622940091 0.6776978365026689 0.725799175876029 0.7764518881282387 0.824004970415714 0.8669629881981211 0.9042858374996116 0.9344675505859366 0.9622664397441355 0.9870956326165209 1.0062403795582733 1.0155151909086086 1.012961178071471 0.9980445343237618 0.9707767379460547 0.9316506105334598 0.8822273063524736 0.8355222684346123 0.7965369111022406 0.7666536535750188 0.7507281921377873 0.7701041627266055 0.8521644869540268
-0.15765669322162745 -0.20698151072203896 -0.22643873373195933 -0.22982617615055068 -0.22509393704717517 -0.2148249940875735 -0.19674267649894395 -0.16489689605560343 -0.11347563326543142 -0.043094305593936566 0.04248136856346174 0.13461011103760256 0.22591638200501207 0.31183136709543735 0.38978733843560587 0.45887254763229546 0.5220319584210629 0.5793296100576317 0.6302319829931082 0.6756969841365422 0.7231879252624297 0.773944525007539 0.8278277477192238 0.8834833466370229 0.9350180628780824 0.9803691334593384 1.0177548268841097 1.0471331353005264 1.0738951654891573 1.0968859892699816 1.1136672984846192 1.121223242944041 1.1171523245121937 1.099625811354623 1.0688181483854469 1.0256026416670023 0.9715434765116295 0.9188894400488931 0.8754168420032765 0.8439206485049516 0.8306126797792949 0.8515393910641125 0.9147437041865202
-0.2243699981878451 -0.25411951619873485 -0.24673774151248873 -0.22919872045742884 -0.2079843185553003 -0.18266711953943293 -0.1502764168749069 -0.1062846396272017 -0.04615511308136644 0.027347385359468346 0.1100065279055471 0.19752591723136148 0.2851503316712183 0.3691136122388825 0.44683257674290644 0.5182942226515217 0.5857671150211059 0.648317720805634 0.7051175367706597 0.7563967924941947 0.8092865259548693 0.8651794821687856 0.9236325419971576 0.9834672756692621 1.0388164719526038 1.0870580198893616 1.1264466858374278 1.1571253125444125 1.1844588055469125 1.2073263143820416 1.222913180367056 1.2280085363887436 1.220679308404891 1.1999201190914486 1.1657590623364078 1.1187563182194658 1.0607865904039508 1.0017758094452989 0.9530534119812587 0.9175573148962072 0.9030048682742993 0.9191025819649379 0.9680839500314924
-0.2861797967285864 -0.264074171558524 -0.2310989627533806 -0.19919675617064136 -0.1667500628315033 -0.13134516944373398 -0.08993930048942533 -0.03918712450599671 0.02373154182375159 0.09917264771802903 0.18080071171606882 0.2653146347082578 0.3497535661251534 0.4313257776188437 0.5078060375644498 0.5806423327213213 0.6506724947729711 0.7166312090825351 0.7774431705413847 0.8329276570859463 0.8898941658781815 0.9496835285125025 1.0116195138178445 1.074693343190753 1.1336191934507274 1.1848313564379322 1.2266702645839276 1.261227427389524 1.2914790500017372 1.3159418095502748 1.3320519784028213 1.336365093844725 1.3264567557022378 1.3012136736606381 1.2612503292052881 1.2085199533724924 1.1455997854908944 1.0791951594692344 1.0231503033262648 0.9819015367533794 0.9638860486202785 0.9724413895803075 1.008121175622728
-0.18307309920616643 -0.19375167970522766 -0.16889227346252378 -0.13695065499628623 -0.10166899352583592 -0.0623737874235446 -0.017228820884363172 0.03584853886351613 0.0985000153261193 0.17129293948082358 0.2519684180881856 0.33423946355575307 0.41588400888454435 0.49490885301246523 0.56976351840841 0.6428716072129546 0.7140214995417772 0.7818170241067262 0.8449940842461614 0.9032296303445649 0.9631358953668282 1.0257250395550301 1.090140939478829 1.1553341645067294 1.2174633009154716 1.2715320057008397 1.3162411833272416 1.3559666780009683 1.3913533022179885 1.4198171033979563 1.4385078756223393 1.444050072600715 1.4327821723549508 1.4031157106148908 1.3565918219628506 1.296693555370996 1.2271211500006234 1.1522832167429211 1.0867532103163415 1.0403982787401571 1.0164901250886547 1.016511961560064 1.0383433921739473
-0.049576221176072854 -0.07626028447506616 -0.06998388649503617 -0.04742671838447743 -0.016175336983579314 0.021635988361905945 0.0660648427846442 0.11788421463565801 0.17778742991806995 0.2458830835540946 0.32145276831158265 0.4014448721423587 0.4804116357112025 0.5567484273618144 0.6296815393360686 0.7020709004298923 0.7731495860133862 0.8414497055579022 0.9055661557515707 0.9653246020331432 1.0271942007884216 1.0916016934832289 1.157548554306281 1.2238937346240202 1.288272454098264 1.3448400684766897 1.393303652432389 1.4386636893395917 1.4800213698526832 1.514919171590108 1.5390122880464943 1.5485475438401413 1.5374822444570615 1.5026799863241431 1.4478431891403785 1.3793745538092628 1.30230053218492 1.2203241723548326 1.1479091206784016 1.0955149206329282 1.0644094932302108 1.0552466057482626 1.0626725061744033
0.0827797677640052 0.05210725457663279 0.0469578417035299 0.05952971132212648 0.08384847091076719 0.1168735092503641 0.1574665147013974 0.20537920352733274 0.2605665544480573 0.322754096479303 0.39121556757404585 0.4647346528852838 0.5406364696447927 0.6140751335005095 0.6846935535362149 0.7555116410117451 0.8255117419156686 0.8931850110410888 0.9570134438868901 1.0173599839813234 1.080355286557161 1.1456949844275481 1.2122604247752062 1.2788361218423965 1.3439594649405162 1.4023935903461406 1.4555611381843838 1.506366065333527 1.553722940433183 1.5957276420354687 1.6285192068062346 1.6464010776731837 1.6384305419703689 1.595896583103785 1.5294646774052874 1.4510701021927526 1.366689909161446 1.2829841599893677 1.205565681310047 1.1465214159780168 1.1077528548843378 1.0893379514758437 1.0829156740791843
0.21241063900633228 0.1814188663068821 0.1701554289514371 0.17502103740534913 0.19222578344098795 0.21908975307448508 0.25407079926233567 0.2963489052846664 0.3453985250743046 0.4006709837346305 0.4614064687956292 0.5265627456401305 0.5948266770116204 0.6643548268423323 0.7321694321415826 0.800650923477854 0.8687075816877817 0.9347953949380444 0.9972888414790401 1.0576505558927873 1.1210573786895637 1.1865281735242137 1.2528329423926772 1.318684156512511 1.3827204947794203 1.443080445256793 1.5008538245590664 1.556149896029408 1.60831904140729 1.6562013064767103 1.6976580962657641 1.7295441353182537 1.733521824277334 1.6739450844741508 1.592652202620421 1.5061505984602386 1.4203246132198404 1.337295376773107 1.2587106887731259 1.1931680135346123 1.1469196742266479 1.119663962137542 1.1009228881300253
0.33785637744724784 0.30798261244201 0.293538502447662 0.2929046187086628 0.3038417579860311 0.32434954143417016 0.3529544287903488 0.3886359466660021 0.4306296157109346 0.4782370579439914 0.5306927301257107 0.5870930123257627 0.6463696136259441 0.7072802602661366 0.7697001863850342 0.8351162263749439 0.9004887281348568 0.9641935476510848 1.0244844384230294 1.0847154341007768 1.1479350820115959 1.2128192894699916 1.2780266341045947 1.3421909082652803 1.4039609073672688 1.4662506324607691 1.5275018701328318 1.5857076404510897 1.6403427775171489 1.6904351405226203 1.7343395982650582 1.7706162900584017 1.7827289976672271 1.7121438068308215 1.628453808977932 1.5441874719233617 1.4612735701440132 1.3811444464272529 1.305120644963258 1.2356798013047128 1.1825874154651272 1.1472513266086004 1.1184088614824996
0.45776375257389046 0.42966420184518284 0.4136796713184836 0.40916992602229474 0.4148639873674651 0.42937252077696364 0.4514670030462824 0.4801442173908834 0.5145741206974332 0.5540148256646182 0.5977399739186495 0.6449901900151295 0.6949365319840982 0.7466327794671584 0.8000690588440014 0.8579950726070547 0.9187765090006974 0.9794518389572104 1.0373542831028124 1.0973105182884448 1.159856314957961 1.2235218801146108 1.2868534414268569 1.3484003565919207 1.408815794572016 1.4714450329932474 1.5345830672288225 1.593938859940145 1.6484140036351742 1.696494144862443 1.7350153343360264 1.7582238853132197 1.752005743108628 1.706457773825288 1.6390178991569384 1.564436130040211 1.4884159046627703 1.4136513776008288 1.3418897868674824 1.2744708783246288 1.2157039513619385 1.1732218301539767 1.1367709027026227
0.5708670558379982 0.5448811135719249 0.5283356954465468 0.5210958361199196 0.5224770850756466 0.5315485865348879 0.5473473929823711 0.5689809380254829 0.5956500923955745 0.6266370081346468 0.6612889507766658 0.6990073540720869 0.7392268775833384 0.7813490948088287 0.8253873117458066 0.874414808639812 0.9271183974681372 0.9810185118308825 1.0355183154618248 1.0944675322907227 1.1559504229126358 1.2178482098994143 1.27859573079123 1.3376250883301355 1.3982044985076467 1.4600009352830834 1.5219865563654384 1.581050827761566 1.633528210581761 1.6779166371456098 1.7107621878054518 1.726950303892345 1.7191553291051895 1.6850776550849553 1.6324665998387846 1.569782425360271 1.5028595361098442 1.435203477007491 1.3690759266091295 1.3060874801717186 1.247454511456262 1.1987512131820433 1.1569908979196424
