_RESULTS/CROSS_VALIDATION_POSTPROCESSED_CLR/MHZ/GZ/4comp/5/MHZ_GZ_z_180_kriged_reverse_4comp_spherical_5.asc
ncols 100
nrows 74
xllcorner 5.5967023332191781
yllcorner 50.982320383219182
cellsize 0.00019249356164376555
nodata_value 1.7014100000000001E+038
[rows 20 to 39 of 74, columns 0 to 43 of 100]
3.458298960123135 3.4878798045245825 3.5696317455473032 3.692377941680302 3.8430137126979638 4.0179039316648755 4.200135243957517 4.369970914877554 4.508146560028081 4.591078133177074 4.607137879761487 4.554574409471848 4.439712229865366 4.279988976323875 4.089996670628159 3.888324021713352 3.697363938490459 3.5389979442523742 3.4267651942768937 3.382773317168581 3.4087484987830887 3.4970398957162985 3.6457634828496848 3.848928565873883 4.067949227443286 4.265090124795546 4.431375013394451 4.572919750443577 4.689944084259134 4.781389710957957 4.844763332654825 4.879872822342315 4.892504788263588 4.900727565903434 4.916597076039174 4.935921941714085 4.953501502219999 4.9597456902991945 4.952047713784127 4.935396882177881 4.920958728538239 4.899251777257209 4.860097150337574 4.801729020801145
3.449345243111002 3.4945797868026327 3.5956956586783893 3.7450152895253455 3.9330354091443995 4.139450181552703 4.353238696952277 4.5504755820177465 4.697601581126986 4.7779479338966455 4.782972592228478 4.71144396732867 4.576800615027114 4.393513009718326 4.17703169542823 3.947622112389746 3.732123574273743 3.562950241231702 3.460178599130284 3.429945625260249 3.4709379730515066 3.5739300024800476 3.7312316033194253 3.9280366071177983 4.148688665679832 4.35077086825261 4.519166110720612 4.649493719720269 4.750922204182666 4.82826401435015 4.881659622693667 4.915900910204243 4.936587020711484 4.9574549703339095 4.987963310959804 5.022463111787656 5.050356000582827 5.059216654074068 5.0520099148483295 5.029476426603676 4.991721980645211 4.947792598278962 4.886032162323094 4.804764874104798
3.4470824282826156 3.501055301476006 3.614733313466905 3.7881330594920213 4.021865156615003 4.288988843486749 4.555047714573335 4.7782342157937405 4.939841619868984 5.023521789775033 5.019537423897561 4.9299340818263655 4.771270354009818 4.557688350487184 4.306691775061725 4.038359210925833 3.779850103190354 3.5862913295466305 3.5064872115563688 3.5021761426406828 3.5600816104617787 3.667494025562226 3.81752846530915 3.997499099800361 4.202824675108815 4.407142964955365 4.576496356035412 4.706443211755338 4.794477469246708 4.85312355953734 4.892511116743413 4.921387682926832 4.948282551052363 4.980347085791405 5.026902579109824 5.081869251687515 5.12354234356605 5.132477538467969 5.124202355319767 5.106717652628259 5.070866864148042 5.013745792880597 4.93633320274348 4.839108090411882
3.45487228546727 3.509235338746218 3.6239962885658477 3.8150507168842074 4.098479811557776 4.440250586031665 4.767300354312806 5.041274514449322 5.236734819659429 5.334279554673987 5.323092928964864 5.214094472532581 5.024734956386121 4.7745000458789 4.485293695020059 4.177358417789589 3.867765840286316 3.6101741139520813 3.591036721332701 3.609316119786618 3.6755076464956313 3.782655891252433 3.921434935531617 4.085842656297159 4.270549546251993 4.463451302032695 4.621190319338948 4.737691827264422 4.814242847793963 4.853948685751288 4.878864770126107 4.901437610251808 4.930969716496548 4.969809385431342 5.028851131946539 5.106915069437239 5.1737640639060825 5.172423062797696 5.167554524926863 5.159549296814847 5.139312008537029 5.094630934634276 5.017269125277647 4.907934483874644
3.4815605549211663 3.5305470350101507 3.6288249914234294 3.8172325356475136 4.165641965664905 4.586485570777263 4.984379282135486 5.31787433018231 5.560670820911778 5.687250524937879 5.680546848301713 5.551312559531526 5.32369180416957 5.029795290532676 4.700614164313209 4.362473683268285 4.049893105984177 3.8314598257376735 3.7653288853283775 3.774360458304316 3.8349358489949994 3.931692673987636 4.059861827398129 4.2106768429852535 4.3761307152378235 4.54925440505835 4.688979438221843 4.781434026056305 4.830622389259638 4.843884670856247 4.840385348887967 4.854059741957336 4.88208576411288 4.923197345643018 4.987187136245595 5.069247510740121 5.138881724553155 5.165828975606178 5.181104260406888 5.19154902878923 5.192123284641537 5.1673869196997995 5.110779674088662 5.0104096985084015
3.5399216795712674 3.5919034595099206 3.671743123500649 3.786906022888539 4.250983072049501 4.749322881765414 5.206728934754255 5.598621778704013 5.8959440980296955 6.060839849855619 6.059750861036056 5.899419157874943 5.619313771454185 5.272306117811917 4.903455406060702 4.55894283193471 4.2725172980676405 4.077044117468877 3.9868872534418713 3.9745129684365783 4.017895237955219 4.104652145567306 4.225238295057503 4.366592227686722 4.515843879900777 4.664126723218947 4.779144364093664 4.839611332647153 4.853880880427932 4.837128099144186 4.808997897290906 4.7895392157856955 4.800114352806903 4.839896187114772 4.9043165483121935 4.984963374778412 5.0621273514258025 5.120778870928469 5.166570035513524 5.203889327853011 5.230589876429099 5.231127487715233 5.196168210460821 5.118820963792199
3.636572647400351 3.715882623284508 3.8382152506461105 4.0479956370588965 4.461176605453639 4.951233110760498 5.427675370859362 5.863768503121646 6.223929288232086 6.4478803760015 6.454702011988135 6.23444078364656 5.875516632060489 5.468716831698049 5.080308797443184 4.740866763130451 4.47152412657869 4.28886051031003 4.197144581931469 4.170625236310019 4.204879231726569 4.287760095031677 4.40717545601173 4.546650501380909 4.686157107480211 4.807789199114365 4.888313123762961 4.9068828441064944 4.879343269286023 4.833213417247547 4.781119121426565 4.729746671063378 4.706419178980296 4.7248358074620125 4.789707913396887 4.876020210536224 4.968242547469822 5.053445655760375 5.130457765446836 5.199101799210878 5.256620840176289 5.287665433403042 5.278484927318083 5.222057582247971
3.7573116245796423 3.876866296698534 4.064429062422735 4.339955417053123 4.714311708399185 5.157582908317722 5.620262654113551 6.073383048601395 6.493812202629133 6.822806932436075 6.855792797121923 6.508279267697953 6.048483382006326 5.601489928357805 5.201370351404256 4.867695114175992 4.614512299919531 4.450109943770706 4.365426282276175 4.339781531447695 4.377889310518988 4.466215123856657 4.59221923260987 4.740105489785707 4.883302742442531 4.978637686623809 5.008518739837249 4.974987016947913 4.9069824652400404 4.828455692366996 4.747801130596291 4.669265128916945 4.611189146809876 4.602736473400808 4.650677680458499 4.746051661665186 4.857114792813715 4.968546154839529 5.076626408295171 5.178773944331205 5.271024710879708 5.33787935494706 5.359962413263224 5.324974634787054
3.877762689658031 4.0322161114556 4.2604440769632905 4.5544374916380015 4.907506310013062 5.309925617032764 5.738404087563343 6.173364807275228 6.602654472699378 7.019252482048325 7.132507989612948 6.59178889500973 6.087492955031174 5.632278145718355 5.236776892239048 4.915777418816003 4.682392795567761 4.5425156378968685 4.4764359663305955 4.469262796528349 4.5248022956066505 4.627611284436422 4.764116542392827 4.924205913574635 5.094063278834129 5.163002273357844 5.121318711327634 5.039257924220068 4.9314328162658265 4.817375058687665 4.7048377842899045 4.599237178638531 4.510683305362324 4.478468203642951 4.508150574670077 4.597205701921933 4.728899978857108 4.867070654183168 5.005851599065221 5.141982277570702 5.271509464940493 5.379520352829885 5.441071586333746 5.430690403483153
3.97889630390921 4.154796534082897 4.398047211483869 4.689127598661896 5.017804456971426 5.377342845098536 5.753433918463902 6.127917972852662 6.476224455851495 6.737841730500037 6.723366049729875 6.381777660131982 5.954770768256344 5.5409172097942925 5.172981162091851 4.873894616525697 4.665372788960654 4.554688527446016 4.521171991593679 4.553079432114794 4.641804692424531 4.766557544024107 4.911324677877638 5.06538232050846 5.210313022840156 5.2580363296596655 5.197475837933085 5.082189205691324 4.93743765945056 4.786605116324743 4.64081890788913 4.508459177308565 4.398843036815826 4.348967724977706 4.365400714600291 4.445419643939461 4.585005787117969 4.749854686097821 4.917697989186861 5.0855626657498325 5.250953060283756 5.4022186187359855 5.516816547789668 5.538882748155636
4.0480932994430265 4.230861772348927 4.471445977661997 4.746221507934297 5.0455069119483635 5.357334099597061 5.669531680662015 5.96148560977333 6.1988477058690155 6.319331980907853 6.258307798993152 6.0267371803766565 5.698632325685058 5.348137664761251 5.019537702407217 4.745507815410114 4.561726374599541 4.485280049084704 4.5021050109232075 4.594808318318448 4.73467019789313 4.8909761996658165 5.0427524324345825 5.1752986158535865 5.267989478911122 5.2922201780395115 5.232471505743094 5.094332324980615 4.913836847675442 4.722829750448184 4.539404065072506 4.378373348935136 4.256003105083124 4.198404429501029 4.214506708835269 4.2954069533806205 4.433932267130144 4.619248166003167 4.812653775215617 5.006473797217577 5.199196647363026 5.38127778492384 5.544179634942691 5.621633725962497
4.063146865007603 4.240912996770173 4.467873770363035 4.718940297013742 4.9882661954547105 5.257910815472586 5.511852453585184 5.727105820546135 5.871433913008642 5.9078524335304685 5.833477678349201 5.655854645368356 5.4019307694313 5.1121690462805285 4.821646753534454 4.563618443852748 4.388372852182399 4.348400697405559 4.445375614480418 4.626072657657826 4.831960602570707 5.023720535893737 5.181393367138571 5.294882103008067 5.354109342838327 5.35175863592072 5.2657651843243665 5.094877246642793 4.871566998572016 4.632114027639948 4.402258911642315 4.210104299326198 4.079201898668637 4.0224277766678105 4.046067775464834 4.135833720757062 4.282517968269926 4.479550504582462 4.694147835111068 4.905973714820949 5.112884494007008 5.300647032913355 5.455168166947375 5.525155212638672
4.02152619835773 4.185996085806227 4.393196440971714 4.617043317625013 4.8515713037159385 5.081798267138254 5.286753368202502 5.446057322096232 5.5330984125659395 5.531787497385844 5.456248130205992 5.314198592403763 5.115792352298303 4.880652455852942 4.629110512452803 4.380961689563746 4.1761162638321885 4.166155452043973 4.40097344483475 4.686246780973166 4.954717257884395 5.182915178210108 5.352757860714065 5.454254139360663 5.485559103763128 5.4493106438855445 5.319418672659823 5.102025801150445 4.825187289842753 4.525538395079117 4.235048401748707 4.005385903535664 3.871726125470479 3.8299104153073644 3.8699251321056374 3.9720359106109937 4.127145559221393 4.330930878125703 4.567026456763563 4.791738105902122 5.003216785668397 5.192269996639429 5.341347300175688 5.425277305690768
3.9283344898432206 4.0739410337054585 4.25942762852287 4.455879350219367 4.655678110078926 4.848447131457794 5.014159385203456 5.133010360103497 5.186495204998087 5.182983193790694 5.126005100459483 5.016370257414038 4.866899102672379 4.6878988970197275 4.490004771274034 4.282331784016108 4.07134155721987 4.084217766458245 4.456967750602733 4.810613951625305 5.126887673003175 5.388069420745879 5.57372893011031 5.66811521422057 5.672016869334151 5.589714622494563 5.401805292671863 5.127379272006794 4.7903552888939975 4.4227934740942745 4.057390000004346 3.7652555694269467 3.6480872317164117 3.6419668522294764 3.7032660216725555 3.816609687506289 3.97742120246558 4.183496494678591 4.430227242800883 4.672157397043646 4.8929001705870965 5.085913695777466 5.240197752027752 5.341175278946699
3.7903871305038424 3.914907747791543 4.081484387717809 4.254306700647487 4.42407687201113 4.581163206595234 4.714130918362649 4.805590801703358 4.843567727378734 4.85176019840661 4.825685521267261 4.762162848588097 4.664785509953119 4.548223042407775 4.425128723069112 4.312890979018416 4.255175942117358 4.363205291238431 4.661279886973832 5.015332399723842 5.355810839813853 5.646001068267461 5.851495828890896 5.942332384392757 5.9155596238992745 5.769634339941978 5.512222869693549 5.1742427629923275 4.779781328782163 4.359046603802614 3.9314409301403144 3.504600943535054 3.474711550968012 3.498187616874869 3.5674804598463035 3.682682354630156 3.843013998819015 4.04722986705972 4.293561381621776 4.554192391354557 4.792671373537524 4.9916799080091785 5.149249260126989 5.260978956809092
3.6297733400500087 3.7493963299861894 3.9068301096374762 4.062156836921276 4.207398367598575 4.334704644351707 4.436778029412636 4.504425114154935 4.531716954495767 4.5485951417592885 4.551342977646189 4.535500337704504 4.503143459508446 4.454552484364408 4.413190368966323 4.403739882687127 4.466674063293163 4.6360650697699475 4.917272836022233 5.262733031528575 5.620185501431656 5.944850176371061 6.184130100125458 6.277944983209293 6.203671350263257 5.972844069323134 5.635428233005873 5.233598107472697 4.796678819906229 4.354418750223483 3.936048038558948 3.603798384369836 3.4563309316965927 3.4317552674674365 3.478953910035403 3.58068433103184 3.731547779214423 3.9289647079298606 4.171631095335479 4.446940060209554 4.696486334668944 4.902371310506661 5.061841228931984 5.182151994516545
3.520491915073606 3.619666415270894 3.7608111542460545 3.8990364802958264 4.023330240153016 4.12751581441945 4.205028230475599 4.250139037682693 4.270871897141425 4.299647737098679 4.328051810611923 4.348603985883624 4.365761827671959 4.388115796852464 4.420543344849328 4.495474415284444 4.638905141939232 4.8559302000452975 5.148395526472972 5.498187628371024 5.8763001805222395 6.248436728444009 6.554962256743341 6.670612049217789 6.504470276132791 6.160834249761518 5.739565294749866 5.288570122715762 4.832882130760014 4.393495233616864 4.004114552738539 3.70093011994717 3.5108508490422707 3.4349297397856278 3.4479887304235035 3.5270471592528123 3.6610045423840614 3.844173902424088 4.080372880275655 4.350781747201725 4.599824899690068 4.81220637208683 4.977973422501559 5.104100240018687
3.450904184570617 3.5269305368441266 3.6477428991816065 3.77110960983897 3.879854705782968 3.966736066294584 4.024720550745533 4.050959447424619 4.062923905615397 4.101077194927682 4.156576306372268 4.214207412257584 4.270121459367232 4.336354625366914 4.427575844058191 4.568447853292471 4.7646033862567165 5.016528256270545 5.321283601343639 5.673894867396861 6.062739762753053 6.474297054309066 6.8864868187205674 7.091815079388658 6.72926931782168 6.267914222219886 5.794569613788277 5.3239350261867475 4.867660319121375 4.441256546187082 4.071503975659599 3.779616527290643 3.5744027622616685 3.472472450235662 3.459711004678294 3.5178951070133033 3.6350204783982556 3.8048800416117867 4.02776357583409 4.280207108303991 4.514710440532507 4.722072139301256 4.895120485483384 5.025592633629157
3.4029277084451213 3.4626061430914232 3.5663645193113824 3.6815919027427766 3.782478125308045 3.859001583800933 3.9027294025682435 3.910699518653862 3.909367862175635 3.9587460640435848 4.038668654410253 4.125032097987306 4.21296813302638 4.313698832447967 4.447769535593776 4.616969305669393 4.8404579300654715 5.108987866304368 5.41413459491328 5.755230146145587 6.1264551961967975 6.518184431999322 6.904001096750373 7.059267488892459 6.695421133329447 6.2315830548598825 5.760791863666327 5.301512759318342 4.8665914490138675 4.46805985499599 4.1190763548430285 3.8383995062552043 3.6353306997248493 3.5269710902074705 3.501695877350692 3.5462639021925706 3.6503849010807463 3.8062753032561703 4.008634440869247 4.2408472499567855 4.457012169820323 4.6486617535372625 4.811657644336382 4.942551759078034
3.379382557421544 3.426760033009686 3.5176929802777455 3.632621720703551 3.735170007381566 3.811109611772725 3.84999990538822 3.844405370739347 3.8086151522174627 3.8857330747503345 3.987750501419929 4.090909732777838 4.202998772444796 4.3313637800344456 4.4823102894282725 4.6532921257280595 4.86712149576329 5.136780668351394 5.430213369840503 5.744072945654015 6.070357069643111 6.387474971568663 6.621000448669203 6.654622705788043 6.425333518190091 6.0499823485260045 5.628615823539427 5.206135156293436 4.8071214703101495 4.447287221831174 4.135051036320884 3.876546384082584 3.693561644007917 3.594155270084815 3.5689662244773075 3.608523420918103 3.702953452541162 3.8400579033958047 4.021818254949808 4.231407661485777 4.424832039638278 4.595362158489225 4.73981108691714 4.855919020880458
