_RESULTS/CROSS_VALIDATION_POSTPROCESSED_CLR/MHZ/GZ/4comp/5/MHZ_GZ_z_1000_kriged_reverse_4comp_spherical_5.asc
ncols 100
nrows 74
xllcorner 5.5967023332191781
yllcorner 50.982320383219182
cellsize 0.00019249356164376555
nodata_value 1.7014100000000001E+038
[rows 0 to 18 of 74, columns 43 to 85 of 100]
-5.304477691480327 -5.572785503523939 -5.827722873846217 -6.057391699563166 -6.250892898569393 -6.398605052442768 -6.492535468543219 -6.526648979260442 -6.5040032506420795 -6.452854581240015 -6.379733243010703 -6.289506984186971 -6.187903241330484 -6.0810877630029 -5.975338963827909 -5.876831050665408 -5.79151124522669 -5.725045881607404 -5.6828108008214935 -5.669737246939307 -5.669737246939307 -5.669737246939307 -5.669737246939307 -5.669737246939307 -5.669737246939307 -5.669737246939307 -5.669737246939307 -5.669737246939307 -5.669737246939307 -5.669737246939307 -5.669737246939307 -5.669737246939307 -5.669737246939307 -5.669737246939307 -5.669737246939307 -5.669737246939307 -5.669737246939307 -5.669737246939307 -5.669737246939307 -5.669737246939307 -5.669737246939307 -5.669737246939307 -5.669737246939307
-5.311771132906747 -5.6318377978099505 -5.935303696501855 -6.209286107028864 -6.441810197916461 -6.622173440849066 -6.741487444647983 -6.793234331235209 -6.774130571608998 -6.708406625466605 -6.6146403888533865 -6.500308138376715 -6.373219085300468 -6.240906486045093 -6.110223273269392 -5.9871351622186735 -5.876665438840596 -5.783591300363664 -5.715044342628128 -5.676462619787544 -5.669737246939307 -5.669737246939307 -5.669737246939307 -5.669737246939307 -5.669737246939307 -5.669737246939307 -5.669737246939307 -5.669737246939307 -5.669737246939307 -5.669737246939307 -5.669737246939307 -5.669737246939307 -5.669737246939307 -5.669737246939307 -5.669737246939307 -5.669737246939307 -5.669737246939307 -5.669737246939307 -5.669737246939307 -5.669737246939307 -5.669737246939307 -5.669737246939307 -5.669737246939307
-5.341059023196729 -5.7142953840571575 -6.067608776903385 -6.387178540827324 -6.659764250223112 -6.8732034006778795 -7.014407041420736 -7.073289206670237 -7.048927471014191 -6.959041346443938 -6.837434523630073 -6.694009199213838 -6.538293319173838 -6.379133536223561 -6.224246138970857 -6.080060563047789 -5.95175264459103 -5.843380252572315 -5.758061423891626 -5.698164337465826 -5.67056312800087 -5.669737246939307 -5.669737246939307 -5.669737246939307 -5.669737246939307 -5.669737246939307 -5.669737246939307 -5.669737246939307 -5.669737246939307 -5.669737246939307 -5.669737246939307 -5.669737246939307 -5.669737246939307 -5.669737246939307 -5.669737246939307 -5.669737246939307 -5.669737246939307 -5.669737246939307 -5.669737246939307 -5.669737246939307 -5.669737246939307 -5.669737246939307 -5.669737246939307
-5.393585220233342 -5.820226497819926 -6.223981929182923 -6.590188362597953 -6.9018484924242145 -7.137058062373033 -7.285921672870897 -7.343201825141801 -7.308452812920843 -7.193369416667263 -7.039690936269184 -6.8633429229632466 -6.676071316524021 -6.488231219836915 -6.308380863012706 -6.143272788525671 -5.998047139576106 -5.876502361709403 -5.781375417948788 -5.714598031848472 -5.677514583990333 -5.669737246939307 -5.669737246939307 -5.669737246939307 -5.669737246939307 -5.669737246939307 -5.669737246939307 -5.669737246939307 -5.669737246939307 -5.669737246939307 -5.669737246939307 -5.669737246939307 -5.669737246939307 -5.669737246939307 -5.669737246939307 -5.669737246939307 -5.669737246939307 -5.669737246939307 -5.669737246939307 -5.669737246939307 -5.669737246939307 -5.669737246939307 -5.669737246939307
-5.470115249450731 -5.948525024153529 -6.402195198634457 -6.80874726461742 -7.144685474145046 -7.396505301568788 -7.552184018620188 -7.60434028126326 -7.55291428703723 -7.40851434034722 -7.217169505920933 -7.003251414872484 -6.781272911010271 -6.563165083366789 -6.358137236080993 -6.17297861601322 -6.012499853101311 -5.879978281739809 -5.777554550724895 -5.706562979869117 -5.667793209707425 -5.661688259851376 -5.669734562511748 -5.669737246939307 -5.669737246939307 -5.669737246939307 -5.669737246939307 -5.669737246939307 -5.669737246939307 -5.669737246939307 -5.669737246939307 -5.669737246939307 -5.669737246939307 -5.669737246939307 -5.669737246939307 -5.669737246939307 -5.669737246939307 -5.669737246939307 -5.669737246939307 -5.669737246939307 -5.669737246939307 -5.669737246939307 -5.669737246939307
-5.570084525700406 -6.096002010684032 -6.58705566401851 -7.020448444302584 -7.381413945364764 -7.652319455396746 -7.815333700398185 -7.858503031789137 -7.782019639330105 -7.6000003224386035 -7.363608145322505 -7.106753359976832 -6.847088750948868 -6.597846337641043 -6.368407953650698 -6.165123786097355 -5.99206959209567 -5.851679498163523 -5.745254671268815 -5.673358228330294 -5.6361090372431715 -5.633389781712448 -5.657564923101943 -5.669625810068388 -5.669737246939307 -5.669737246939307 -5.669737246939307 -5.669737246939307 -5.669737246939307 -5.669737246939307 -5.669737246939307 -5.669737246939307 -5.669737246939307 -5.669737246939307 -5.669737246939307 -5.669737246939307 -5.669737246939307 -5.669737246939307 -5.669737246939307 -5.669737246939307 -5.669737246939307 -5.669737246939307 -5.669737246939307
-5.690457710363462 -6.246267448253805 -6.75935728093792 -7.218410728456151 -7.6072097806687715 -7.902710375292035 -8.07669935481053 -8.106876656873188 -7.993258296455938 -7.760204769175051 -7.469391332049198 -7.1641677621588435 -6.864892324393116 -6.585151685440892 -6.333647692829456 -6.11563911531307 -5.933984917864597 -5.789925947978648 -5.683679109335108 -5.614876915767588 -5.582875154941707 -5.586953423493394 -5.624403311656959 -5.657661996530594 -5.6697366933242455 -5.669737246939307 -5.669737246939307 -5.669737246939307 -5.669737246939307 -5.669737246939307 -5.669737246939307 -5.669737246939307 -5.669737246939307 -5.669737246939307 -5.669737246939307 -5.669737246939307 -5.669737246939307 -5.669737246939307 -5.669737246939307 -5.669737246939307 -5.669737246939307 -5.669737246939307 -5.669737246939307
-5.818339149327555 -6.3823872203052785 -6.909599602526443 -7.390552899408104 -7.809833160147955 -8.140103499649415 -8.336081823443285 -8.34961113906948 -8.179060911264607 -7.875082267879339 -7.519584874650778 -7.162446744672409 -6.824301797352586 -6.5172850565400084 -6.248317959679339 -6.020878274830876 -5.8361407033612815 -5.693828741838883 -5.592863888820493 -5.531829658121701 -5.509271426350414 -5.523867152670997 -5.5743115719808705 -5.628731215530453 -5.661606354830689 -5.669737246939307 -5.669737246939307 -5.669737246939307 -5.669737246939307 -5.669737246939307 -5.669737246939307 -5.669737246939307 -5.669737246939307 -5.669567919666287 -5.6690371497126515 -5.66850837075026 -5.6682375041225495 -5.668335449815135 -5.668763251245632 -5.669333806356986 -5.669719896535727 -5.669737246939307 -5.669737246939307
-5.936751525326625 -6.4949905836585975 -7.023818305200281 -7.516897072610598 -7.963863729163281 -8.34177164137572 -8.588570184777158 -8.583804967059988 -8.317616993302071 -7.917915288148238 -7.492154908082444 -7.085522679241274 -6.714110758525809 -6.386711346426494 -6.107683713340819 -5.878274133295562 -5.697633964928955 -5.563720782829312 -5.474014476308603 -5.425998908638001 -5.417429437595876 -5.446445117986639 -5.511586700895767 -5.58687170016393 -5.640043333324321 -5.6670816608750965 -5.669737246939307 -5.669737246939307 -5.669737246939307 -5.669737246939307 -5.6695306003174215 -5.6679150738232975 -5.665323574155598 -5.662439832450608 -5.659839902222472 -5.657968690087642 -5.657119679018464 -5.657420467594113 -5.658826204107189 -5.661121914061784 -5.6639333632691375 -5.666744842618068 -5.668921437939172
-6.037445641319936 -6.573681234970667 -7.08649100501352 -7.572020591055806 -8.02647463157134 -8.443860089858724 -8.796705126272643 -8.782778675620445 -8.343593859252094 -7.843441624838164 -7.360173203440894 -6.917353429036266 -6.52460481239598 -6.187751951575872 -5.908938938175608 -5.687178665037812 -5.519410868069736 -5.401651343727528 -5.329870833825415 -5.300495685999814 -5.310603222534668 -5.357933864102404 -5.440818067044717 -5.53622221164462 -5.608895122995627 -5.654617985614629 -5.669737246939307 -5.669737246939307 -5.6696449415774595 -5.66745365352439 -5.663051210830494 -5.657350080193133 -5.651206808548424 -5.645394424824804 -5.640571811550673 -5.637252821383782 -5.635778870632013 -5.636299019103954 -5.638760828048628 -5.642913607652 -5.648323474562176 -5.654397635336218 -5.660414099650171
-6.104541551465156 -6.610653768183477 -7.0867711004645475 -7.534002940088349 -7.94635888283946 -8.319854984262516 -8.627056093775469 -8.573428271939228 -8.104760821377084 -7.581625620024498 -7.085761465736811 -6.637700984014318 -6.247233032223167 -5.91843516191465 -5.652452550140282 -5.449781402740446 -5.304969485824329 -5.211904159827003 -5.165063126139163 -5.15998336363927 -5.19329519017361 -5.262571220532624 -5.3661321967203195 -5.480974502584003 -5.5719908706644725 -5.635082354243552 -5.666678594941459 -5.668948195973175 -5.6645886182114165 -5.656866101771075 -5.646318083881165 -5.635000041489141 -5.62456665608801 -5.616128704766846 -5.610203957580595 -5.606686550192793 -5.604942479867995 -5.605702596002935 -5.60931760835846 -5.615490064592487 -5.623708942058961 -5.6332836042291445 -5.642566653179677
-6.09680080772181 -6.57417265249666 -7.000479272466048 -7.369738260031713 -7.6902545423387 -7.9430231077402915 -8.068333547442986 -7.95126103447736 -7.585315806169765 -7.1126126153178495 -6.6422594424193155 -6.214043684585403 -5.84900592247353 -5.556112906905929 -5.333511312971318 -5.171536387330864 -5.061069037206602 -5.001490047900211 -4.986404042694086 -5.0108180075259625 -5.071296488623414 -5.165568257243747 -5.292193631135559 -5.425292872357844 -5.533063053427534 -5.611832399398574 -5.655863665296086 -5.656066951565837 -5.638257023824604 -5.617168822200015 -5.595641527784707 -5.576079940192345 -5.560366004175148 -5.549779268312198 -5.544933141350327 -5.545733431372117 -5.5513649369070635 -5.560310360603853 -5.570402789978315 -5.57965082264156 -5.588737694361454 -5.595000667022221 -5.599484906057709
-5.993533713670667 -6.417043817945569 -6.787074349864132 -7.088897358991894 -7.305677230952957 -7.433231860013637 -7.4339543751163655 -7.2634635418726985 -6.924626534341888 -6.498934003418585 -6.062677694133658 -5.663630976919796 -5.334634993919145 -5.091412979859543 -4.930855101219534 -4.837380624390569 -4.79250247059948 -4.780550099181111 -4.803035356192392 -4.861034229102897 -4.951591353727718 -5.072982551080785 -5.2240541336494175 -5.373193485793442 -5.494878413092005 -5.57793500233494 -5.6157871022129155 -5.608790693516616 -5.574720681556596 -5.5394082419777995 -5.506181684822598 -5.47776985410277 -5.456332883144317 -5.443360895585474 -5.439591004155677 -5.444950724850382 -5.458535763972679 -5.478629517336294 -5.502062586160497 -5.519484935126221 -5.527786287527976 -5.52776219627057 -5.527078735896317
-5.788312537467361 -6.153943775638319 -6.46285833264932 -6.698415921765254 -6.8396540351587 -6.864199023515402 -6.7724748626390365 -6.5501139848021 -6.207711449803966 -5.8049008912842375 -5.3907999865055105 -5.014869184537932 -4.723541083766325 -4.542386801839255 -4.461692775423273 -4.452446411211243 -4.48806433616505 -4.550124584835677 -4.626274359478368 -4.72008104326069 -4.842000351256821 -4.991035778926287 -5.1651452164756115 -5.323502196864189 -5.442196815052008 -5.5157082937225494 -5.543644914853293 -5.527177342455963 -5.477652501553213 -5.427218312011895 -5.381448976780283 -5.343466100309152 -5.315772191135801 -5.30012163285241 -5.297413055763477 -5.307612052787919 -5.329714220803836 -5.359514569059852 -5.386328874560904 -5.408212246958656 -5.4237094951339015 -5.431019528604676 -5.428606209267848
-5.498123222927344 -5.806387052109738 -6.055202374491132 -6.228068284869088 -6.306026412500756 -6.267658075726192 -6.102523539057976 -5.830856909456477 -5.479162723081602 -5.0821525875595315 -4.672994841448888 -4.300667449700931 -4.036771838475917 -3.9330882438428967 -3.9558896628888442 -4.046105029479249 -4.169360082619894 -4.308184828528948 -4.451576798022573 -4.593370452275774 -4.743397286859894 -4.917823272418034 -5.103273448594914 -5.254050131904885 -5.361226748941558 -5.422461654511324 -5.4391456825714135 -5.412573390904082 -5.349781377118484 -5.2843766077182215 -5.225095560035919 -5.176684611959261 -5.142088889433456 -5.123394766469388 -5.121712584881673 -5.137072706926619 -5.16557418843352 -5.195273316824426 -5.22439550040165 -5.251558904558933 -5.274876650098268 -5.292200052281349 -5.301293996483022
-5.161550231066299 -5.412908780579839 -5.59978128751185 -5.70953755004646 -5.729944498661765 -5.645643174704332 -5.437875176264359 -5.130105151738606 -4.772226119139193 -4.377855377970629 -3.96572777349723 -3.5693159186064904 -3.2948680680398303 -3.3051562312724623 -3.4622574536667963 -3.657417524618938 -3.862803651983243 -4.06972013632363 -4.273681301406097 -4.471218495465509 -4.659405276247917 -4.8501065352317845 -5.027992500923137 -5.1649862180188215 -5.255603729903962 -5.300976047079347 -5.302867684613915 -5.262983859014231 -5.1869521903627245 -5.108914892773017 -5.0392536161999155 -4.981108628832885 -4.938835980090451 -4.916645987037652 -4.915924456603938 -4.934983792928135 -4.9606673779674795 -4.990387484249324 -5.023015331287107 -5.054717155024089 -5.079619113382486 -5.098774906598259 -5.112872720817923
-4.8692733750560135 -5.066628610509898 -5.1909435832544775 -5.232151063016394 -5.181982143862817 -5.034139935935329 -4.78724055332262 -4.46806549707592 -4.113657251907119 -3.735674575322384 -3.3428868682345256 -2.943772592209862 -2.5506812585957768 -2.7834475713798783 -3.0539965768489985 -3.3237061210492365 -3.590817490823323 -3.8533370502238298 -4.109080402799515 -4.355739614530888 -4.586494928142559 -4.784151966498678 -4.945127679340675 -5.061804501228683 -5.1320421444719315 -5.157866499791056 -5.141321213635084 -5.084469900296631 -4.99288455476077 -4.90112277279607 -4.82091307293008 -4.7560141932489195 -4.709333181104577 -4.683553316883126 -4.683382560838204 -4.6975723879431674 -4.720444365537215 -4.7425379037820825 -4.758517699841572 -4.7716953814297485 -4.784253204338437 -4.79763903212645 -4.812724067041332
-4.640690799639628 -4.789299542719601 -4.855639744242498 -4.832722698444281 -4.7165753527218754 -4.506854023878505 -4.223627015145411 -3.8823292398449114 -3.520909610542595 -3.180206994782842 -2.852371827441082 -2.56211542279957 -2.4061571064987866 -2.520297824814171 -2.7772731458964843 -3.070900466700979 -3.373365350016326 -3.675197302572302 -3.9715297665115545 -4.2579770083066935 -4.514293059294896 -4.720066103075778 -4.8587746685105415 -4.950478421415604 -4.996636062954089 -4.999336973919668 -4.9607727043911805 -4.883283100074834 -4.773499923320563 -4.666766394791985 -4.57471677997214 -4.5019092403029415 -4.4519444176247145 -4.427136769033806 -4.4226104089702 -4.423929412041012 -4.416574294461276 -4.405897944391955 -4.396470711293096 -4.390917710067166 -4.390836220133031 -4.39751396938289 -4.412125552064235
-4.488175428174868 -4.5927237899055715 -4.60439340977652 -4.519630673568523 -4.339641723048 -4.084403987058412 -3.7718008744049567 -3.416100540328449 -3.0426927492728666 -2.7162517317403645 -2.466674634918554 -2.3005605974380967 -2.2574216006485237 -2.370601632089715 -2.6034982954814656 -2.897180907002938 -3.21638860017935 -3.543756685736019 -3.8701514119655247 -4.180207132855066 -4.450985660227169 -4.652347433866956 -4.772869622711265 -4.836055132481111 -4.854848847841861 -4.831214515283147 -4.767322776326791 -4.6656662757020415 -4.53529561740079 -4.41216371795013 -4.306746135149065 -4.224687033701376 -4.170493962144836 -4.1460701847585515 -4.1204043456417665 -4.0762397491599955 -4.028628914776702 -3.986047029847069 -3.9523683646766203 -3.9287513640117 -3.915694374761994 -3.914285984643854 -3.9262621480614204
