_RESULTS/CROSS_VALIDATION_POSTPROCESSED_CLR/MHZ/GZ/4comp/5/MHZ_GZ_z_500_kriged_reverse_4comp_spherical_5.asc
ncols 100
nrows 74
xllcorner 5.5967023332191781
yllcorner 50.982320383219182
cellsize 0.00019249356164376555
nodata_value 1.7014100000000001E+038
[rows 38 to 56 of 74, columns 42 to 83 of 100]
0.47378525099295266 0.5414141242469745 0.6242648911868502 0.7233522777158299 0.837742650213068 0.9619605045599291 1.0878500856825166 1.2089368726717622 1.3135642559428413 1.3917900985576324 1.4297466305590658 1.4247573857374338 1.3812493089573974 1.2904915524198157 1.1577700739142816 0.9926545987318176 0.8031318519563969 0.5965203385963657 0.3797812951304076 0.15940505882469327 -0.054402244131346006 -0.259312904868953 -0.46706731799629964 -0.621070857974901 -0.7098920286996058 -0.7384339059933844 -0.723494631015203 -0.6769409157462668 -0.609098445447218 -0.5285459284561264 -0.4425903258920908 -0.35655073182580854 -0.27347455503716145 -0.19387711976918864 -0.12391522294801482 -0.06865401061659462 -0.0333602780447228 -0.00921979309510007 0.01007161681768115 0.024955280514919326 0.04124810840566047 0.06532190314510637
0.4445612421678217 0.5175141594477488 0.6083415316612117 0.7204005415974541 0.852066745533775 0.996665039288619 1.1479839326029042 1.2990848828733574 1.4363961558397556 1.5377987032128964 1.5823091903374045 1.5698541973361368 1.5129379785932027 1.4233335681511954 1.2964616152232447 1.1387724659322234 0.959013348798671 0.7639640814199389 0.5573640095826127 0.3438252633925615 0.12709211622858912 -0.09404743216142677 -0.306438038788745 -0.47502606944312675 -0.5791190566034078 -0.61677137116762 -0.616603631399703 -0.5869236444826649 -0.537157002802916 -0.4775026536955438 -0.41492577166086597 -0.354914645235351 -0.2985550404941413 -0.23240913196350943 -0.16125824485652446 -0.10246439309120392 -0.05269949228401136 -0.0037072831353616165 0.04103811108981478 0.08143464982991315 0.12073913535012153 0.1622363487104433
0.3976621433952593 0.4725627049714847 0.566277475431034 0.684344276022909 0.8270688042876624 0.9890740522374124 1.1681922081554226 1.3604616506183662 1.5425080315285973 1.6760304616272317 1.7253340739068275 1.696575484739388 1.6186099505984741 1.513743863105044 1.3918879656626315 1.2464205713919037 1.0800566036844244 0.8975930880179511 0.7008629320955239 0.492225690871817 0.2730798219011272 0.0434797306373992 -0.1753154945724964 -0.3578925872072348 -0.4749989078437322 -0.512742376608753 -0.5108717356918481 -0.4894954406831632 -0.45459620838287385 -0.4127335015179352 -0.3697345074218684 -0.33066067676125743 -0.29920258600754607 -0.23962046712350138 -0.1679216398709652 -0.09953051466620108 -0.028296387296233128 0.043129140351138434 0.11099732962777478 0.1720395778055764 0.2255600593738985 0.2755409372691089
0.3341617186362401 0.4067615333003178 0.4988115715434597 0.6170858001627595 0.7627574239074567 0.9359926921771807 1.1425698783416247 1.3789364304621778 1.6220512054388123 1.808661463502508 1.8558900875092026 1.7944957177945484 1.690902385766465 1.5717142467026592 1.4442350496397205 1.309795103702526 1.1606022382737868 0.9938158896316724 0.8098533869849677 0.6098231533025826 0.3953933191756693 0.1682284496703248 -0.05871302490121638 -0.2607029595237028 -0.39892031980966147 -0.42068716370964276 -0.4130807740731951 -0.3962834387925921 -0.37203304301986084 -0.34130879200934067 -0.31036846765480774 -0.2830726578563504 -0.25315182131900216 -0.20425579987632425 -0.13380858270827278 -0.05214639610072597 0.034793827745107 0.12158108383262974 0.2032194288333626 0.2768578394403559 0.34125997521785345 0.3999695997915852
0.2563891214792898 0.32183932321229775 0.40634228452564614 0.516406143913277 0.6549285992854215 0.8322414267868402 1.054547211854591 1.3256580641987001 1.638761552467237 1.9377130879567552 1.9473581837524347 1.8311359021270575 1.7094506884460474 1.5877162712284745 1.463585472285532 1.33424652727483 1.1973373829415073 1.0500265043053656 0.8837798446637355 0.6980018729480103 0.49524598544018983 0.278698375927673 0.055964013666628065 -0.14624266399683317 -0.2876181006577916 -0.31587677992288976 -0.316437584485062 -0.3101647469268852 -0.2988325960102219 -0.2826096618204186 -0.26237727338464484 -0.24336959890067023 -0.21029065838987776 -0.1536498397837242 -0.07659899760415709 0.014323782333333063 0.1124606503532335 0.21077246224425908 0.3043914761386488 0.3897991356395779 0.46507046626173365 0.5330341386848111
0.168202717303951 0.22166054262882262 0.29208515676427704 0.3834082427685461 0.5054934458373672 0.6708706353054644 0.8868409073886688 1.1604626896985049 1.4874678915664725 1.8120818831638121 1.8441849485063764 1.7517941583818122 1.6537150642876928 1.553533726027047 1.4482711444452872 1.3348105367336 1.2106451312641557 1.0740547121513584 0.9228850987729329 0.7550999660869625 0.5699019338835334 0.370620305163188 0.16500600010164215 -0.017781608199027132 -0.1450352765263675 -0.20159765777484445 -0.22448562737522132 -0.2356178207184168 -0.2402450342862983 -0.23991940830483993 -0.2311606198270731 -0.20671938467689344 -0.16111758278738658 -0.09446052026444207 -0.009494145591600417 0.08937225186569175 0.19709304027572092 0.30580197657081315 0.41052999559496767 0.5072468269083144 0.5937442673367241 0.6718650701940483
0.07230066978821409 0.1103437032830972 0.1600457069663753 0.22567667574766476 0.32111824868942745 0.45578604908428416 0.640600808789058 0.8831987948469233 1.1681018297782493 1.4227274248531452 1.546631085363594 1.5608023929025097 1.5281841573827375 1.4731590419761256 1.4017861317482598 1.3146885384346665 1.211089300051327 1.090335190270982 0.9520028527111944 0.7951350619964649 0.6225818037170316 0.43915212774084 0.2520313591412747 0.08340268959419596 -0.038920442954293644 -0.10767254895176975 -0.1490449259763027 -0.17620280189134868 -0.19216091676014924 -0.19821520224708 -0.19231212200641457 -0.16028274868617476 -0.10502765269676406 -0.02992891930196237 0.06287314123755784 0.16953271712282117 0.2847320357520795 0.4020235722158991 0.5170485069435543 0.6248940160372254 0.7234237771571675 0.8130641750425709
-0.03432114628664312 -0.015053510018369326 0.010231475749987035 0.04901394420471368 0.11145273273955114 0.20258529033516864 0.33644524185522906 0.5350709917158487 0.7936786208658624 1.0464801507356865 1.2264445714365484 1.3239680335958386 1.3625936122355797 1.3625214938718302 1.3338554959565474 1.2804252457477567 1.203276990640947 1.102950484725718 0.980777873450213 0.8375598954075986 0.6773565870639486 0.5064849314184446 0.33262175678771044 0.17270873775540077 0.053732407600154755 -0.020087199673639894 -0.07247039884948311 -0.11021581491761911 -0.13478128197124495 -0.1469920293905353 -0.14265624227372053 -0.10747778623146026 -0.04490477405704557 0.037174159653203184 0.13669888354933243 0.2504345614443798 0.3719389072535739 0.4965534315196705 0.620143462176336 0.7381205548485112 0.8495184437100256 0.9524396638535306
-0.14601232755929394 -0.14732481204971964 -0.14575795978387518 -0.13222869870068282 -0.10438874004883808 -0.06366424581869196 0.00015886100012552085 0.1509365079248788 0.4261153235427294 0.7086003890286741 0.9345433648932048 1.0911881069858804 1.188971064622353 1.2411632102994266 1.2568298825029665 1.2402981323311917 1.192935011345203 1.1155555342565622 1.0105738960855906 0.8815986457410807 0.7336056282529734 0.574290340901155 0.41159459403991516 0.2595676033390174 0.14478519186940583 0.06792039581593735 0.007303218669846762 -0.039104561652198666 -0.07166668876406404 -0.09046505224915305 -0.0868135986190573 -0.050513217600579224 0.016319106565832353 0.1038155722053124 0.20875087938788933 0.32748241293529506 0.4540990642072495 0.5849353492369118 0.7161995129109626 0.8438869396960635 0.9685598073526889 1.086128996735909
-0.25774767614893573 -0.2771244254617693 -0.29397060835442856 -0.2990538943343938 -0.2952582651140019 -0.2896060177242625 -0.2911202599778754 -0.2267398399012257 0.13027439451245415 0.44096905848301593 0.6944244071220841 0.8882704191246088 1.0289615920937711 1.1246382527234395 1.1814670942739325 1.2020250217331556 1.1858022043682799 1.1319509430260597 1.0431236387921379 0.926312937239119 0.7887905085019982 0.6393053026404634 0.4860493921297725 0.3418610511745794 0.23278508554044486 0.1528732041051935 0.08592188463899159 0.03263793349884658 -0.006673737384045447 -0.031547871059449256 -0.028989549166932443 0.007337200620614187 0.07581462672808727 0.1670824553232864 0.2755672130070068 0.3967336051719446 0.5268025977068811 0.662180537653849 0.7995361198826502 0.9365716385101269 1.0746128746415176 1.2085739018163235
-0.3639073297192711 -0.3973052301873601 -0.4252542603797942 -0.4386407312403334 -0.440481791508907 -0.43279234898870655 -0.4047064052928411 -0.28521724885558253 -0.02562548864705297 0.2588931114102022 0.5150149967619002 0.725466822289384 0.8928030914230962 1.021320077293685 1.1139663620452103 1.1706058809044737 1.1865272621494924 1.1554966898624897 1.0792378899896742 0.9698200438511804 0.8399473058922331 0.6985402892730544 0.5536117910368954 0.41788737811529897 0.3155514435519553 0.2318033944651864 0.16009569306281618 0.10158329837973579 0.056919326279823865 0.027428530214508445 0.027905184012630257 0.06279414737539639 0.1310105851821861 0.22426369948272817 0.33319903455395555 0.45470907239439035 0.5860039936044392 0.723543047216692 0.8644303895100652 1.0095257538201727 1.1591047593787296 1.3090815622967267
-0.46084173888015045 -0.5039472073989232 -0.5360443504228822 -0.5486863203279829 -0.5425378796686162 -0.5138304923415201 -0.4466343672215348 -0.31109047454331645 -0.10105268797007119 0.14375885802779137 0.38436965626902553 0.6003857217103038 0.7813875743233378 0.9321731527229278 1.054199636218114 1.1458472077675954 1.1974187524331081 1.1884399902794178 1.1167142569645039 1.0082485409440984 0.8827271819638828 0.7486495098491824 0.6119313747430593 0.48624356069418434 0.3884721682978233 0.3020386957807355 0.22715510679860818 0.1650465691158476 0.11651892104335801 0.0835383621415031 0.08157605225222492 0.1140690869558548 0.18003848897638575 0.2718390604682993 0.37882967373572685 0.4984563322176935 0.6282812925103177 0.7649378174220112 0.9067336109639883 1.056460302265926 1.2128380960352647 1.3736269778255303
-0.5468338417331879 -0.5956005145702756 -0.6271898731116342 -0.6341588293380167 -0.6157416214543423 -0.5675315110805967 -0.4792695158401048 -0.3402071270593297 -0.1525795801471469 0.06466474011019725 0.28803472746124936 0.5003951158397744 0.6894749408186892 0.8525038601968976 0.9954292219734859 1.118420800385913 1.2147906463072315 1.2305657402598695 1.1445198151742844 1.0324716622735923 0.9116384480125468 0.7860934869341262 0.6587785729626285 0.5456115586166761 0.44870175414968333 0.36125440229179795 0.28493461404138987 0.2209314070631329 0.17010764438002074 0.1345808865309588 0.12994246685143174 0.15951455867543374 0.2210523710222257 0.30815883823164303 0.4105414504760049 0.5256775114485291 0.6511194591073699 0.7834830690476419 0.9239499718656082 1.0729800968434628 1.228786515397719 1.3894748198242264
-0.6215456597704901 -0.672456905976043 -0.7013319973988785 -0.7011987953094815 -0.6714267864353561 -0.6094081327951169 -0.5101328959867008 -0.37080836444795195 -0.19576861209975188 0.003444901668273992 0.21197435852295637 0.4192495228378345 0.6153836513226637 0.7901669111088393 0.9461711091973772 1.0857379723092992 1.2067204921818198 1.242299494089609 1.1510285742850372 1.0445172929015554 0.9309143610777267 0.8115577344034209 0.6928692661806112 0.5894886881869597 0.49401345245998274 0.40762305444264624 0.33179770210215276 0.26768468616950275 0.21618690866321913 0.17908529642402712 0.171463426411664 0.19621205155856652 0.25180857435973525 0.33260921729454695 0.42822129252147906 0.5360804464115441 0.6537625937372602 0.7799140190895553 0.9153910240161912 1.0581168309403068 1.2055497913687916 1.354248158838194
-0.684787895903778 -0.7354313746761479 -0.7607999111660481 -0.7538585179632298 -0.7149560713958502 -0.6436688080364128 -0.5384696619104468 -0.40018397762400804 -0.2336950191819815 -0.04300610488201331 0.16291188238394796 0.3714362924555803 0.5718986021474375 0.7548695046041957 0.9126912152172747 1.0476926320295226 1.1470542929184238 1.1783414653760826 1.1347404545415587 1.0540417650466996 0.9582584590104478 0.8450925368271258 0.7275994226268501 0.6190215195521209 0.5230438493708237 0.4400002598373241 0.36671064446085583 0.304299129915125 0.2537445763807793 0.21563109340101605 0.20326421732896552 0.2222824187124789 0.2713988371511553 0.344433754560707 0.4314384171445015 0.5298903134055164 0.6383915555308681 0.7572835298773934 0.8840140250411759 1.0158496875747136 1.1492429301842964 1.2790466479480822
-0.7359130363200631 -0.7851676599536329 -0.8066706233948923 -0.7936020917281663 -0.7474994999363065 -0.669912314216426 -0.5615706559412317 -0.42362489018984184 -0.2535619566104883 -0.05948109184528763 0.14773950720742482 0.35710202262251367 0.5583944739668241 0.7423977249698093 0.8995868992608924 1.0253480718118129 1.1116864490027385 1.145533792011591 1.1260814883016919 1.0681035281635636 0.986141149284123 0.8836627659822531 0.765316897523716 0.6514483508359825 0.548205100321991 0.459943469467749 0.38924456604671354 0.3297106134202112 0.280284150708418 0.24161079326903195 0.22428982005638587 0.23736321372944014 0.2795781654320061 0.34343710006195194 0.4202344422436443 0.5084176215134134 0.6086144647967642 0.717998772559597 0.833434158175603 0.95166562735369 1.0684528571732677 1.1780551752528072
-0.7748399641268953 -0.8216632817211887 -0.8385380578508916 -0.819697615431358 -0.7676411546902165 -0.6856072718313787 -0.5725955498483761 -0.42327499068302055 -0.24463791030557003 -0.04553203807622652 0.16427965724386873 0.3747111035514552 0.5758551974736158 0.7581437164372572 0.9120811368459545 1.0314053685874094 1.1130185616532642 1.1502799405932271 1.1433665158087316 1.099568137998281 1.0274653516225152 0.92367354015987 0.8062406525423383 0.6890190528481702 0.5789004494402317 0.4813313454764139 0.40094251657574087 0.34105929422891096 0.29388045161210274 0.25638755561895954 0.2347046027594057 0.2416846814367571 0.27653793844694774 0.32990646100476906 0.396489817605991 0.4761344652232648 0.5667613661822509 0.6650668310782738 0.7677431939700489 0.8712965560355656 0.9718397099141208 1.0640681102035454
-0.8018298892728235 -0.8440512827210045 -0.8544203650052506 -0.8295347578284841 -0.7721885379599466 -0.6834608253447684 -0.5554959859744627 -0.3939259810731909 -0.20642035279772664 -0.001404382166271062 0.21198534851171025 0.42419349786212435 0.6255524009515081 0.8064781394030313 0.9575531995755245 1.0712787235796002 1.1499387906699556 1.1898305758777625 1.1899532765325058 1.1532998868419007 1.0759525415765 0.9683960780785137 0.8500698349638307 0.72900897190121 0.6121949670359941 0.5055901837486529 0.4143321043183526 0.3429365352750602 0.2945984827100824 0.25930707697135624 0.2351958987611673 0.23598915217450328 0.26278462631423954 0.3069658167821764 0.3651541215744778 0.4354101438363232 0.5154783902105435 0.6020479802581191 0.6920311772793716 0.7820592897558718 0.8680890994732622 0.9452963736180677
-0.8259631737584993 -0.8509504018580892 -0.8503916033745172 -0.8186217449520684 -0.7545125699835583 -0.6494551896614487 -0.5072330218308035 -0.3343398674317738 -0.1381824114367874 0.07315002552532758 0.2909214965998319 0.5059046540252798 0.7086074639597404 0.8895278163609684 1.0394630355631351 1.1504500531246786 1.225316373646283 1.2642600364113692 1.2622024443219206 1.2151348470926082 1.1275247079098187 1.018192173437852 0.8967632486798671 0.770670999130449 0.6468517476301143 0.5314980430246101 0.4300616838235745 0.3473569356397219 0.287676455495041 0.25232595033291894 0.22837010395866586 0.2240196203015296 0.24438412327891035 0.28026847441747815 0.3294848073170254 0.3900730099581613 0.45965589014107405 0.5348128775831975 0.6125859083069769 0.6897251685401641 0.7625274272203415 0.8268652246170921
