_RESULTS/CROSS_VALIDATION_POSTPROCESSED/Berg/TZ/9comp/5/Berg_TZ_z_180_kriged_reverse_9comp_spherical_5.asc
ncols 100
nrows 90
xllcorner  5.6208707817415728
yllcorner 50.959635321741573
cellsize 0.00013419651685393446
nodata_value 1.7014100000000001E+038
[rows 57 to 75 of 90, columns 0 to 43 of 100]
56.670676054309254 56.493452058110016 56.314809009787005 56.14353823820134 55.988187974383095 55.85671024353841 55.75603424066228 55.69161278880814 55.667009529421364 55.683601743184006 55.74045959438415 55.83442801905062 55.960393383179195 56.10170077140384 56.2189265518985 56.33491262135644 56.45390234001422 56.571753726625474 56.68401534974299 56.78599448014169 56.87265761756192 56.938340689040764 56.982204895600574 57.04331596437849 57.130816799421034 57.24423554905361 57.38154872407606 57.53918826576244 57.71357975244603 57.90576453988333 58.149503829613344 58.434510192250514 58.74964966873287 59.08968012564808 59.44646932051835 59.80603232258621 60.15249754478222 60.471143921540374 60.74908376784338 60.97514823015181 61.13973246606758 61.23473738473848 61.27911352844215 61.29556399084476
56.91571631927741 56.785932848256216 56.652107370842806 56.521975367228904 56.40289372970455 56.30156727498329 56.22373420135105 56.17384464161985 56.15518949560503 56.16984816983268 56.215474465610384 56.28845180848858 56.38444043970365 56.498654897889466 56.614885719046505 56.72262197970067 56.82996083387217 56.93322190430773 57.02819751924997 57.110198929245385 57.17395670768474 57.21904870704206 57.27831705711378 57.35911267316103 57.46167789991789 57.58505987984398 57.726977922125975 57.88381927304882 58.05087684914645 58.226959865071194 58.44821142050334 58.712963800377906 59.00573628461792 59.314722618454 59.62994859351542 59.941138309341824 60.23722779791834 60.506937468121755 60.7394062611877 60.924605264443855 61.05358137660492 61.1362299646251 61.193892942044116 61.226423547611155
57.096201019128756 57.01054928126103 56.91786816199911 56.82503125728996 56.73852359752265 56.67094092569956 56.628100537626594 56.60914821536356 56.61260058549 56.63631193227131 56.67750736201428 56.73288607292684 56.798783646308024 56.87136963759133 56.94685024172826 57.02708326833499 57.106157340752006 57.18347389670135 57.258049990897916 57.3175952258943 57.36475344066601 57.425554274881165 57.50311652014077 57.59809833535138 57.71023660389288 57.838200464414236 57.979499004628835 58.13047719675851 58.28642309013104 58.44189733139178 58.626582839296645 58.8556566272668 59.11337298463668 59.386212525939555 59.662803967730184 59.93298084899828 60.186943040522934 60.41496498652869 60.60751330030762 60.755509323573186 60.86689206551977 60.95717344956662 61.02427545465553 61.067233125240804
57.205868269262815 57.16165724790889 57.10781960755246 57.06447576157914 57.03809564713851 57.02754278609967 57.031315819228546 57.047521214838824 57.073870267587665 57.10771121676698 57.14610171328736 57.18591878692896 57.22399486906242 57.25726189095438 57.282883077325685 57.30382329550087 57.33984526139203 57.369688503251595 57.39081813257142 57.42433850542014 57.48615883171338 57.56450272109899 57.6559721129219 57.760763360082876 57.87822382003388 58.00674734740318 58.14349638334053 58.284831127477965 58.426815424276626 58.56419656856462 58.708071944123795 58.89258354459107 59.1071033168325 59.33810958443273 59.57366906918347 59.80318695738885 60.01689105155202 60.20545579704601 60.360281105211435 60.49234414684091 60.60767400529588 60.703231877359045 60.77667836178126 60.82650841504409
57.238780977636274 57.24483723692585 57.26369139453546 57.29365486490803 57.332773539247114 57.37875538382951 57.42899538765849 57.48061846661135 57.53054612308348 57.575588610107076 57.612558996511396 57.638399793942696 57.65030817843122 57.64584384672333 57.62300503629887 57.58070976229111 57.53887196674541 57.51667035314739 57.51423077809166 57.52758780969182 57.565322033622856 57.63566193834884 57.73406805163661 57.8377705132411 57.94742673135179 58.0635724733467 58.18547541429196 58.31108155160696 58.43700741720508 58.558590584315 58.67436062800363 58.821469035734786 58.99825315491199 59.19097697960335 59.38505828894506 59.57119740497922 59.74296245634755 59.895683478948094 60.03932129225642 60.17133698167263 60.288130296515604 60.3865596975678 60.46408346140012 60.51885664335158
57.265562784525635 57.32399487696534 57.40694718578224 57.506538976327704 57.611030593214515 57.71365877487389 57.81075381195885 57.89846633406548 57.97290032023663 58.03026707341936 58.06704813862953 58.08015013859049 58.06703246934731 58.025790824453885 57.957118810692535 57.869253432420756 57.77540110296727 57.702547680436226 57.65563556266593 57.63807585226185 57.63833870554611 57.65646767736201 57.7039008830731 57.78708823443507 57.881345181317315 57.98105857502841 58.08588242034806 58.194255550216226 58.303363526341435 58.40914753938997 58.50638302439416 58.61472002412738 58.75664213781143 58.91804070247672 59.08456121058324 59.244812930058146 59.39813335664189 59.54167181459582 59.679677879102634 59.808321957559684 59.92380569077231 60.022828534239245 60.10268381401769 60.16134232709827
57.353062284912795 57.45998007630848 57.58973745449089 57.73395870059085 57.884329509820695 58.032753533989236 58.1715463391222 58.293663940583876 58.392955757142396 58.46442345407621 58.50445977733375 58.51103788154355 58.48382424194782 58.42419769610901 58.33517157145249 58.22123116481923 58.0884899929854 57.96200482929726 57.85153480787084 57.751733533708496 57.6708453418694 57.61727231312223 57.59844695594981 57.618567047637605 57.68384336071819 57.76501604127739 57.85132188635459 57.94176947521422 58.03413168009507 58.124906963910746 58.20935311783935 58.286713308274926 58.39148209641982 58.52540406493071 58.67970806093498 58.84400995406017 59.00826798492995 59.16287851931147 59.29898030083247 59.42074653286332 59.532072146106096 59.629494872254206 59.710184806573395 59.77202296417094
57.493571013322686 57.64993522736626 57.82778107485296 58.018115716517684 58.211906081604184 58.40024305348038 58.57455808621403 58.72689263559805 58.85021066085541 58.93873136844251 58.98824634625299 58.99637717828992 58.9627315222501 58.88892960385195 58.77849617999568 58.636637808385586 58.46970413209485 58.2750427189057 58.075203096637594 57.883353640797864 57.709406671656915 57.562950383823754 57.45316137368886 57.38870714627583 57.377636475373606 57.42335817160744 57.48821750832669 57.56010932682551 57.637273342350504 57.7172857019924 57.79702975013148 57.87276718008888 57.958730073760734 58.08191154498723 58.23237794173013 58.39923785112724 58.571822133275056 58.73988509019535 58.89370426514212 59.0241091176281 59.12979094525882 59.22362262858293 59.30359464095301 59.36750144154538
57.67861548388444 57.88521204340293 58.11233296544119 58.35035408703463 58.58947614950747 58.819889101590114 59.03200759771017 59.21678485516561 59.36609871212914 59.47318362533942 59.533059424396775 59.542890428819405 59.502207376578056 59.412945409072194 59.27928974342679 59.10623203366724 58.882045188280784 58.61217453500874 58.31907816813744 58.0313022894908 57.760539993327384 57.51770472119181 57.31327031100445 57.15719491822065 57.058817309294795 57.02672008042132 57.058972935200835 57.11134407271974 57.17630622765143 57.25179753499998 57.33476066852011 57.42122170309536 57.50705166418753 57.61798266340779 57.76252520828582 57.92937880107939 58.10737164899461 58.2857521565604 58.45435970559715 58.60370228945556 58.72496604638538 58.81564552623995 58.89337012204723 58.95829880574757
57.89927905000995 58.15664236940652 58.43405739176711 58.721274624850054 59.00769662973238 59.28252886846046 59.53502359193569 59.75483660572386 59.93250095967168 60.05999184408949 60.131317013460176 60.14303106947515 60.09456146313508 59.98826488833018 59.82812986466324 59.59897641542222 59.30450009174846 58.9597096630886 58.58025048437956 58.192613313550424 57.82124810470549 57.47852776713067 57.176343181454726 56.92606205803905 56.73843376873398 56.623425585495745 56.58999624538341 56.621331267401466 56.67447802933193 56.746697932611475 56.83483906011024 56.93446404081776 57.04017415813792 57.14905224836217 57.287257194041985 57.45306277537631 57.63489755022232 57.8216294708252 58.002782783886865 58.16864616614992 58.31030132891325 58.41959428071164 58.496142809449445 58.56142310353428
58.14621107913537 58.454518221804975 58.78297419768774 59.120741539222266 59.45642194016959 59.77817161420845 60.07393175073874 60.331815490880594 60.540678386029924 60.69085851098407 60.77500425051229 60.78883326332046 60.73162990957051 60.60617659418234 60.39663079392188 60.0996673613977 59.73091499835114 59.30705217165204 58.84527746069471 58.36297807938769 57.88724593507864 57.44111997293479 57.03802660801921 56.69088257640465 56.41201453413387 56.21295534951708 56.104122423722636 56.09279062259076 56.13452848815405 56.20506752114201 56.30096176106589 56.416998398057494 56.54667806043003 56.68286641572302 56.82265244186085 56.98805015968686 57.17360360504068 57.3679403246804 57.56042375498732 57.74126772321224 57.90156692819036 58.03326937848855 58.1291056072315 58.194961162968696
58.409655261066554 58.768586392712784 59.148410307288835 59.53778350254756 59.9245528278428 60.29580291751638 60.63803391847331 60.93754398794413 61.18108865964184 61.35684252499139 61.45557811474901 61.47182398316199 61.404658647677 61.24336481796152 60.970548242313725 60.60142115065066 60.15377047422253 59.646253861933594 59.09776257669513 58.52709663772321 57.95285732403901 57.39987262258981 56.89259992486376 56.445712963076076 56.073361217851314 55.78894133055685 55.604628639905854 55.530774250592444 55.55725069948216 55.62819703585713 55.7353156129947 55.872153806135586 56.03058747980916 56.20176300759454 56.37699331813933 56.55123957934825 56.741979906510096 56.9444586715488 57.14807968212825 57.34317492246427 57.521016154806844 57.673775825709164 57.794451590004506 57.87683227316247
58.679511531808274 59.08807427249525 59.51897348993545 59.960499266741465 60.39986263624808 60.82313288674981 61.21529981436994 61.56057825401895 61.8431054459892 62.048154744273 62.16383008685769 62.18289872740016 62.09914042267124 61.88296000248865 61.54217330465942 61.09564396974494 60.563929623181565 59.967962877179716 59.32836071437846 58.66523208667711 57.998278257749725 57.34700283028469 56.73305532223384 56.18311098831472 55.71444453356143 55.342815619054676 55.082697817447944 54.94632642155442 54.94097273589972 55.01516794502628 55.13833076595828 55.30203131217979 55.49571671573721 55.708127008418614 55.9285148220535 56.147462415800916 56.357626122190396 56.57014792625645 56.78573549909007 56.99510213259017 57.1899186430519 57.362752131886594 57.506981857407304 57.61495357676569
58.945449532087714 59.40177024386893 59.882575939179574 60.37599544332038 60.868820631505116 61.3462888116453 61.791943246278144 62.18772739704153 62.514576619304364 62.753837614655126 62.889687814759924 62.9121477719382 62.79299352399719 62.51644389859563 62.10163831656699 61.57160656755584 60.95040052251145 60.261408831121756 59.52678764882015 58.76759394125071 58.004243572103185 57.25704684511922 56.54666174472611 55.894328519654636 55.325414325961276 54.863560183371895 54.52650995801916 54.329241561340815 54.28233458831554 54.36228966886133 54.50839130308827 54.70750022415123 54.945359128882 55.20729894084248 55.47990577883461 55.751939690348486 56.01460555673643 56.26139894816242 56.49216750367492 56.716497897455554 56.9281472976373 57.12021997289972 57.28030757373025 57.39718370918132
59.19709376476976 59.69818892163491 60.226549117889704 60.77040632700109 61.316460464748424 61.84947820650824 62.351860622622425 62.80332967097476 63.181102374076104 63.46123614107467 63.621923917551314 63.64192659159434 63.476365585912596 63.132672368673994 62.63622042283682 62.01600393110459 61.300260325792 60.51468419821852 59.6823975245394 58.82470543575273 57.962075206602016 57.11509798532285 56.305321327913695 55.55582732037407 54.89133615141186 54.337515617923934 53.920672755651054 53.66355192375768 53.57927421196705 53.66247686835797 53.841671291067705 54.088452687042036 54.38279629476224 54.705185050101356 55.03883358524624 55.370542176870345 55.69061283542419 55.99230354174678 56.27114987970404 56.52411978807168 56.7484589920692 56.94620565006338 57.110181186238265 57.233167516887704
59.424299136786644 59.96585525859579 60.53790527884434 61.129075967955146 61.72639207252638 62.314710078629 62.87595155205814 63.388174571608246 63.824801021951124 64.15504684700939 64.34770627095689 64.35511541577877 64.13730740006343 63.716773395460926 63.129476663925246 62.41267778914422 61.59899752748309 60.71557668130788 59.78536490121725 58.82882335786442 57.8655065600475 56.91547760585932 56.00060519256128 55.14569274707428 54.37915339294985 53.732608602306165 53.23856826119323 52.92577475458115 52.81332214424965 52.90457997956286 53.132273055377134 53.44454701767678 53.81227460835284 54.20915761683782 54.61442107120489 55.01310642149757 55.39467661985727 55.751103794433355 56.07704806088175 56.368598431715945 56.622667787424184 56.8365904954281 57.007847300493374 57.13575236542978
59.617526927529404 60.19373601996075 60.803806177684095 61.43701213338586 62.081127843534055 62.721788314092564 63.34148531603597 63.917996104433584 64.42211285157697 64.81538069908986 65.05008093387083 65.03969870770769 64.75957072074657 64.24836046169699 63.560307412009145 62.74285127654667 61.83162074144355 60.853182246692626 59.828583760326005 58.77606469035216 57.71308140945462 56.658050996580464 55.63212985614411 54.6611598289377 53.77754226946375 53.02105867394883 52.436619577219815 52.0667324735149 51.93950485416672 52.05897022188435 52.36244781358176 52.767847728027625 53.2319903501972 53.71964066916082 54.20576976783759 54.674068694073 55.114436343339094 55.52074114887758 55.88919738332812 56.21729863539684 56.503153274054405 56.74508005440825 56.94136041493025 57.090078262768095
59.76831236247987 60.37182458027228 61.01227976414998 61.679723971275365 62.362960340216624 63.048989717131846 63.72204683221961 64.36181865378016 64.93993380333409 65.41316173857689 65.70502797822728 65.68048353407036 65.3192442808084 64.69840560870166 63.90233426213533 62.98644524832181 61.98480472964136 60.920241688343005 59.81001213341601 58.66884848205357 57.51093487422192 56.351670795839496 55.20979725711758 54.110342666489096 53.08857181596497 52.19405955541493 51.4912255235048 51.04897566909251 50.915388703440186 51.09245640850529 51.508201253661376 52.04338840592564 52.631969986475916 53.228421837166316 53.80538054893893 54.34801671896125 54.8489663842179 55.30489208957683 55.71442026896744 56.076984673981954 56.39220551209504 56.6595660400106 56.87824538621168 57.047026556059464
59.86978604007616 60.49184068451405 61.15316326593307 61.84448401259935 62.55559822097645 63.274998624135634 63.98925210714225 64.68180294266848 65.33019263315289 65.8978619825605 66.28338235669685 66.25718436328555 65.77420516144626 65.02411668559685 64.12493315167455 63.12512797137734 62.04984354754792 60.91548806133028 59.73453652697729 58.51761943767221 57.2748567333493 56.01724344342025 54.7587384291064 53.51992733493489 52.334500638112516 51.25952514542955 50.38641452588154 49.8354071027939 49.703785813026094 49.990675356223946 50.578573429136675 51.29315713775674 52.03749213256052 52.75905558691662 53.43351027464502 54.051674824965026 54.61154464403791 55.114073023993335 55.561104814389495 55.954427344678734 56.29537104522998 56.58466713287621 56.82241556506105 57.00809036339324
