_RESULTS/CROSS_VALIDATION_POSTPROCESSED/MHZ/GZ/5comp/4/MHZ_GZ_z_355_kriged_reverse_5comp_spherical_4.asc
ncols 100
nrows 74
xllcorner 5.5967023332191781
yllcorner 50.982320383219182
cellsize 0.00019249356164376555
nodata_value 1.7014100000000001E+038
[rows 20 to 39 of 74, columns 0 to 43 of 100]
6.241102658547464 6.241102658547464 6.241512797500065 6.246763997209977 6.25722762115534 6.272311535368701 6.291601808166142 6.314661731189799 6.341021680296804 6.370162575431625 6.401488725813781 6.434282701047624 6.462273747847175 6.465309197208185 6.443265843339339 6.397538514013671 6.328795948715446 6.23797515694202 6.128882303654358 6.009351008338543 5.904616930953015 5.839674221478253 5.798858148920946 5.780492831443219 5.785246297412476 5.812927203156682 5.861997390295507 5.925529118814538 5.995652644720429 6.0644331997752365 6.124480513217761 6.169386611473444 6.177441526943299 6.142949949558155 6.070857172056959 5.972976089735924 5.863223540168942 5.750770251978059 5.638158132846336 5.538406399913991 5.454181733088053 5.387874520144762 5.343096289289194 5.323491203020301
6.241102658547464 6.241102658547464 6.242013280425502 6.248467786752049 6.260501828646918 6.277301115625984 6.298481135913367 6.3236508400185425 6.352399253884459 6.384284087631087 6.418811703070913 6.454745353564277 6.471575177261156 6.461620022065675 6.427092424224849 6.369287470116931 6.287347831118375 6.178282219119492 6.044009646598048 5.896623089037987 5.755290938268082 5.651283653862263 5.573691112758707 5.52490412063921 5.511006790625519 5.529341433066663 5.573800120605451 5.636268083485412 5.707412879962875 5.777680436662187 5.838200950626945 5.8661424651721195 5.844075012971049 5.775053039035848 5.663972805985488 5.529435767511118 5.400095419965767 5.29181070071763 5.193954201851772 5.102064416599612 5.030728264883737 4.979440794877332 4.951631819570605 4.9522854302740695
6.241102658547464 6.241102658547464 6.242426652392644 6.249627321040193 6.262679342643783 6.280725210200779 6.3032773186318085 6.329979262177759 6.360465007356192 6.394352668460408 6.431233086725871 6.462662763899478 6.466256173495685 6.443211313535442 6.396305255836161 6.327760678313438 6.236941118266073 6.112704753180651 5.947990423957574 5.768839116463345 5.594653962123304 5.448714248182252 5.336450840216358 5.266109073559675 5.23727098201631 5.246695714654042 5.287853811887561 5.351249234930667 5.425621826952033 5.499346194195064 5.5545151639376495 5.558766737973554 5.508628801099786 5.404572669624861 5.248545372911688 5.061524348292458 4.905550514857363 4.820469624926944 4.752149655603248 4.674613967029263 4.60764770735741 4.566164503721963 4.554769102346303 4.575815870776593
6.241102658547464 6.241102658547464 6.242610240430774 6.250106552329185 6.263519604195958 6.2822812861098285 6.305629459144472 6.33320699601666 6.364669277557917 6.39966206123593 6.437623579453673 6.45769352681094 6.447826765881012 6.410910635455368 6.350088234672116 6.268722852423409 6.170310639763553 6.044564449189097 5.835567447100036 5.62700979393812 5.428517197186621 5.250618535901761 5.1126888681148035 5.020725980849735 4.9761458752542715 4.97697842187165 5.016525361709405 5.0836724850221815 5.164873177748076 5.245770096078471 5.289712076854211 5.277817890507563 5.20774251355709 5.077637580773683 4.884831813468645 4.634481559542626 4.416079689223061 4.4003734413283775 4.358305054029542 4.2905896831890304 4.220666216647931 4.178490999394648 4.175821854431668 4.217229836390129
6.241102658547464 6.241102658547464 6.242507186539137 6.249839748414817 6.263074903855288 6.281802867314858 6.305343948872 6.33310387200803 6.364731556566435 6.399860031694014 6.434642562821937 6.442111026798976 6.418635729931873 6.3668673966971125 6.289521181469783 6.1889832277780945 6.066394348135865 5.908438242668111 5.700850139914318 5.478918384149381 5.267856457130882 5.079024330292016 4.914595455524072 4.798983621908133 4.737760112927645 4.73188714909472 4.774471997221036 4.851158865251818 4.9443316887254 5.029488236115455 5.066868460174478 5.048909225053121 4.971342030808818 4.832754592996024 4.634137699589192 4.393028646451087 4.195860509846484 4.119826453064931 4.053488277696276 3.974592093310604 3.89435301893823 3.844488683309678 3.8396418428734016 3.890700704535549
6.241102658547464 6.241102658547464 6.242149006264508 6.248863359424003 6.261428066254385 6.2794203142252 6.302405867331856 6.329666802019345 6.360667703749509 6.394993829277898 6.4231571517234824 6.418767101719407 6.382110878093215 6.315373786730075 6.220863663659626 6.101496068632874 5.955267692261767 5.776416131045303 5.565345861432534 5.34001191103696 5.1280058550360055 4.934288726650834 4.751593913960637 4.608341548636538 4.5278087592082334 4.5176443237081 4.570881744795333 4.666504289135649 4.780086549758435 4.8714466656769355 4.91048647781074 4.892505099994158 4.8164283764579885 4.68331243309212 4.498719439580324 4.289158749108813 4.101247815315559 3.961428017105778 3.8474850741456526 3.7389885372737472 3.6365606920076834 3.568929373904025 3.554933197438423 3.606648769914747
6.241102658547464 6.241102658547464 6.241654163748473 6.2473140491032195 6.258739370241143 6.275486229504268 6.297102313833472 6.323109680296595 6.352773434784331 6.385481863233605 6.405761588981108 6.390872941419916 6.342389889601143 6.263063299868482 6.156589532461633 6.0229400997427005 5.860895570900624 5.669469243761375 5.452321907320493 5.231393536160836 5.019806456038086 4.821659012834162 4.629061796769368 4.45816071011161 4.3509094907673855 4.339103283627745 4.415777574135675 4.543426679004977 4.684637546195358 4.788869276508398 4.836637458340055 4.824314890562722 4.752501691953052 4.625149272119779 4.451625215654719 4.252011619010189 4.056082829594012 3.881785317946441 3.725174921230656 3.579443226456067 3.446099416580977 3.351740718005077 3.321513373416597 3.370804341480657
6.241102658547464 6.241102658547464 6.2412228651712525 6.24542154313958 6.255276458294999 6.270318192357653 6.290062411219511 6.313997928436252 6.341570174358234 6.37202395256629 6.384971593273647 6.3615861888095555 6.304671095422579 6.218666409995033 6.104287923987883 5.961654255537301 5.79078862515191 5.592585352225353 5.3774740880165055 5.1635627938397795 4.954933740438293 4.754645366069898 4.552492404042452 4.358261987389491 4.212213964585052 4.201557524185471 4.326482968835571 4.50140903487951 4.674695739505315 4.7966300970979505 4.855804319972521 4.850483526315755 4.782554889467421 4.655954844368992 4.481456611029849 4.2801583478349015 4.07280811900096 3.8707163073265507 3.6771226200133427 3.4927631732166016 3.3224468389888475 3.192704268116669 3.137609233290685 3.181623665715662
6.241102658547464 6.241102658547464 6.241102658547464 6.243497404758525 6.251398833243855 6.264337092958709 6.281795855072671 6.303225387832143 6.328025060468414 6.355458767769143 6.362961718343104 6.334340515941506 6.2748258810756825 6.185817660764776 6.067962574784097 5.921856573631974 5.748350063594759 5.549993415590276 5.345673799017512 5.142967795726635 4.9433601790786765 4.748285860978372 4.547706077005865 4.335243691398086 4.1257495691418775 4.13035122856392 4.346031668634496 4.569301837922086 4.769199114299724 4.906284031567276 4.97482677149742 4.974185383281455 4.906293137311081 4.774313186975792 4.591656004048093 4.381615316823435 4.158800138543332 3.931210588079596 3.704636747525489 3.482797300969483 3.2716307385158836 3.096994769681604 3.0024739398420666 3.0339307788057064
6.241102658547464 6.241102658547464 6.241102658547464 6.241921341559156 6.247539379061406 6.2580422936547935 6.272885694131339 6.291488465264634 6.313216238505051 6.3373155209196925 6.3417145465321925 6.313207447240943 6.254450390280949 6.1662286728444915 6.0494342224109845 5.905120329079127 5.734695176413164 5.545495033579491 5.357143113661915 5.171688081078097 4.989954203401068 4.8130173649854635 4.637937069174658 4.455377681670996 4.291448276268292 4.320362354089775 4.538279804316886 4.771367951436737 4.978894663111942 5.122739256189862 5.195894595113894 5.195974417707649 5.122784798688318 4.979638701159572 4.786373725716935 4.561410837234074 4.320243725503328 4.0738171404189485 3.8243441476676776 3.5736969358334267 3.3249334073639365 3.097771910381373 2.9254178242176536 2.911412036505646
6.241102658547464 6.241102658547464 6.241102658547464 6.241126753980853 6.244185445488456 6.251986703886121 6.263964500012199 6.279516161241003 6.297988222815257 6.31865981144093 6.324374913779117 6.299174967394222 6.24411733790022 6.1599933148430335 6.047992245398151 5.909803168416861 5.74742241018376 5.57496705634563 5.407617775542741 5.245988548242515 5.091295163338091 4.946031999129772 4.815479529063872 4.701785098279676 4.63942694416593 4.693250701750962 4.862647542752692 5.08175478946001 5.29128992597922 5.439296888946946 5.514350606077673 5.512106854045061 5.428240679409146 5.271275284745374 5.0688718338035965 4.843087214172981 4.602549606796981 4.352512613588412 4.092494066479794 3.822309011174241 3.5413223503435245 3.2652447254871944 3.0065761716396673 2.9035157371072415
6.241102658547464 6.241102658547464 6.241102658547464 6.241102658547464 6.241861541398899 6.246755033055893 6.255687290491848 6.26804444502563 6.283167882143241 6.3007035358453365 6.311048290614571 6.290700970364546 6.240581106425784 6.162429064386178 6.058138993835016 5.929817223349824 5.780317631614857 5.6294521930859664 5.487130861095427 5.354406538800858 5.233316290486144 5.1278962740422 5.046218238078031 4.999478579386647 5.001797418948019 5.080733799802714 5.237354461199355 5.444560045140109 5.656423632083732 5.815750055037205 5.903219838613972 5.903732364396929 5.813681682896664 5.667429721926529 5.480559990643861 5.264776026971862 5.028312088260167 4.775981832805525 4.507163278889077 4.220234074567505 3.9215966903667407 3.6410243618513047 3.418951809433785 3.364581117185255
6.241102658547464 6.241102658547464 6.241102658547464 6.241102658547464 6.241102658547464 6.242946702037722 6.24871181932776 6.257794633559463 6.269514424062315 6.283928513506745 6.297238036948938 6.282752429293168 6.239813295531289 6.170491735577126 6.077057880505897 5.9620098863865465 5.829763532549114 5.702657930839666 5.587722379220588 5.486425064559204 5.401247484739417 5.336559849645063 5.299953728681015 5.303450109328909 5.353337187960667 5.456606728819533 5.615392327340287 5.819149856861315 6.037587670953443 6.214025619653552 6.322842270279643 6.3480541343295895 6.29039631923581 6.164989373871194 5.994769534292588 5.793159551815424 5.559414124245063 5.299491815470049 5.02002060484901 4.7243579403820055 4.425937593745683 4.166792102356403 3.9881494064237146 3.9408419049678534
6.241102658547464 6.241102658547464 6.241102658547464 6.241102658547464 6.241102658547464 6.241163737015321 6.243685965448941 6.249160471132499 6.255178085435023 6.265481414870214 6.280400632410768 6.273732625879683 6.240094370048119 6.181884928011614 6.1017313823358155 6.002494209312105 5.889996357072324 5.787489952018814 5.700684627429335 5.631244730966319 5.581533973713972 5.555088976399788 5.557271652151919 5.595756561552648 5.678817920517468 5.803596231973815 5.969933979734124 6.173487949417363 6.3995176616309175 6.597640767338928 6.76577620762351 6.875389527167604 6.846372658458281 6.7337764927979045 6.572451360747521 6.36999729691248 6.134637497760121 5.873551257898196 5.5947373153444575 5.303189474446689 5.018139185305917 4.783229187574169 4.626987505682966 4.573644485037191
6.241102658547464 6.240992663546346 6.239149437964426 6.2366911079110645 6.235177299478182 6.235360425317625 6.236811361907608 6.238588199779697 6.239949590605032 6.245952318013231 6.259230906838691 6.261941619246289 6.239222999103818 6.193782037726817 6.128573537394616 6.046785037600983 5.9549490729781125 5.8766206860941645 5.817236992300532 5.778487106652818 5.762267340999987 5.770622096618546 5.8057745964784 5.870766089500447 5.970441749633262 6.108979339927326 6.280422276104364 6.482742806989003 6.70939188447903 6.941733112411878 7.196732296217695 7.461983068577638 7.406825452877959 7.290454255826657 7.1362483807308585 6.946191885318378 6.723934277974189 6.475406236252184 6.20914458120804 5.931491403295154 5.6686034173338165 5.455016891540816 5.310099692063157 5.247126826053842
6.222571961066555 6.207644217209745 6.193559034187075 6.1829185203137875 6.177486861275715 6.177755185463834 6.1809682711741925 6.18610662804973 6.194651525038738 6.210545247429328 6.2307784653156295 6.245409358550039 6.234715019681287 6.203072336098251 6.153727533215174 6.090154564759679 6.018718257058401 5.9630039319425165 5.929075168617014 5.918619191039273 5.933117727591735 5.97317944870361 6.037390107827994 6.122693999124871 6.229826651008302 6.365666930947368 6.53477355858598 6.729712329123358 6.9567997430737245 7.234390289025122 7.52186802495121 7.750760771559836 7.8062312338768685 7.749590102606529 7.638774695625621 7.487432731983656 7.30046189906902 7.08201844826935 6.840072035547008 6.586348153240203 6.3507813767642585 6.1548838992438535 6.0143996926895475 5.939454995817003
6.150172685470885 6.118428609020646 6.091459290640845 6.072196344575071 6.062557840589105 6.0608223939021615 6.065954341005949 6.077356406367546 6.095161014100174 6.123315729957295 6.15939990469704 6.198561527227752 6.219207197638352 6.206590888230457 6.173339601113796 6.127956010497611 6.075941362259835 6.040288720625013 6.028724886601851 6.042966373229495 6.08444890955924 6.1534327249292335 6.245945624389888 6.34839708743716 6.45338733281446 6.576999589481145 6.728781896161015 6.900032006558503 7.133304352948468 7.429886645674028 7.721257395257007 7.931614949135729 8.037967868098871 8.053624195624751 8.00753539883 7.917188327387202 7.791262455923956 7.634352409280456 7.448241911710163 7.24475622334386 7.039756344782547 6.856220291108851 6.712217983709383 6.619634168526349
6.028560901830647 5.979256794149731 5.938795929176859 5.910483858460984 5.895036617832459 5.890907479860016 5.898432649392034 5.916810957405529 5.946172808896908 5.989032410101527 6.041661871882566 6.100180454958157 6.156622479237845 6.186487138791425 6.18355730277667 6.155904846601264 6.122122449557308 6.103214149110012 6.109980657989265 6.144011856070154 6.206744569267639 6.299243740791745 6.42075738096683 6.546004460502407 6.6317893134431385 6.728497882695544 6.834060454339232 6.974889412829582 7.204515309607147 7.506100469776844 7.783256317466079 7.991789862984184 8.132214403958313 8.206800349577758 8.22799061957767 8.208473597603891 8.156426551627638 8.074172637475463 7.96235525028242 7.836107126416912 7.690192554345068 7.5302382883074 7.372147028499238 7.250928810588066
5.8643451221953224 5.796770628191168 5.742210407496573 5.704093195455613 5.681585486296719 5.6754148320210875 5.685915009783637 5.712020012915632 5.7533980744330435 5.811992665821526 5.88352531277275 5.962842632261231 6.044461604676492 6.116495960810671 6.159100042339634 6.169232927226241 6.153858164356604 6.147985159166176 6.168545624568965 6.216585374833565 6.2926820772090695 6.3967453122428815 6.526222567700011 6.652703985568746 6.718327361078609 6.77366461121087 6.834256561245641 6.963517487423314 7.183145489967069 7.445812775887828 7.704274415532707 7.915429783213895 8.082345416159303 8.205694158565755 8.29114675621406 8.346399220733867 8.3759430146972 8.377772328630911 8.360837382363389 8.318983303506796 8.235491216123954 8.111075801176709 7.963578050217271 7.819794194613207
5.664742303016998 5.5781755006405955 5.508860688414228 5.459457868603958 5.429958139310791 5.422185647641255 5.4363690219333485 5.471097500477222 5.525107555265498 5.599772615696984 5.690334839439044 5.791046347305391 5.895927478348451 5.998983120498303 6.0865405444335545 6.143130604034448 6.166586218053345 6.172237758538135 6.202209018723529 6.258673653581551 6.340376967578703 6.4441037583223695 6.559623368943209 6.646325683788951 6.69252549306589 6.716554729431517 6.749932650816293 6.868145905082698 7.061075799220048 7.27339136409724 7.494305368379976 7.7007877174449595 7.881769289308825 8.042141614718165 8.18473138109578 8.313061868403015 8.426733942774305 8.532105249436023 8.623652581212019 8.677012253308657 8.663491234562146 8.581516874019874 8.455341442900153 8.306935847137535
