_RESULTS/CROSS_VALIDATION_POSTPROCESSED/MHZ/GZ/5comp/4/MHZ_GZ_z_180_kriged_reverse_5comp_spherical_4.asc
ncols 100
nrows 74
xllcorner 5.5967023332191781
yllcorner 50.982320383219182
cellsize 0.00019249356164376555
nodata_value 1.7014100000000001E+038
[rows 38 to 56 of 74, columns 0 to 43 of 100]
44.69017875209261 44.70135320517833 44.708748781246385 44.71335496029609 44.71964532032436 44.72860193007628 44.73965139022072 44.75180625591192 44.7655508052135 44.78371902000182 44.80401409376234 44.824335221004716 44.843489146304364 44.86304916116337 44.889615781230916 44.92644068643332 44.971432057254745 45.01672705896928 45.060873855310604 45.09745286107958 45.117614377097034 45.11032430428943 45.06382926788772 44.98229057704729 44.91236324650217 44.837146342262834 44.745590785797226 44.580015958383484 44.323119625579444 44.025207819137 43.738962457349125 43.512103201981084 43.330646354097304 43.1780392717709 43.04122349903404 42.92419800706865 42.846746968877156 42.827025479200834 42.84633632503654 42.89486742158486 42.96786995812943 43.070373103602336 43.1983973582469 43.340021781829506
44.71669546039277 44.72193957188075 44.72329616558147 44.72447487439066 44.73043855028225 44.74176194040259 44.75793811248111 44.77745411863282 44.79978006702346 44.827539934482886 44.85706952771185 44.884848971633176 44.90861333510592 44.92757879721172 44.94474008059805 44.966774750005364 44.99711614945146 45.03328446540264 45.06501906773921 45.0864004282872 45.09017711186611 45.06855626073115 45.01774341960394 44.96031236574113 44.911629919898964 44.86836680124694 44.80859679946461 44.66626427940316 44.45370453058889 44.22589331208256 43.994013669486776 43.77698888670578 43.575695784183125 43.37635247713651 43.17885979295806 42.99592026617622 42.847665846253236 42.732924052716406 42.65470097176976 42.624278495893 42.648857034847516 42.733323873335515 42.86351021130856 43.0220426807891
44.72197863130837 44.71475676781787 44.704420146692215 44.69828584868568 44.70109942023642 44.71433712330419 44.73755611849554 44.7683703743893 44.804262642833095 44.84721737416651 44.89200602286996 44.93322036021465 44.9672527771386 44.99254191563586 45.009348587665414 45.02123370265991 45.03502645868563 45.054973646999706 45.075286325658276 45.0837890313731 45.07540080885328 45.046296444941994 45.01270433395714 44.98522662470465 44.9674606795752 44.958604986886854 44.92028558537046 44.79894446962084 44.638335984530634 44.465816500188666 44.28073331716865 44.080532641864764 43.86894031871162 43.64386964444889 43.409286327967536 43.17698558706638 42.947449729969335 42.72757316531595 42.53988142958307 42.414013819016034 42.38000226424822 42.44639086153395 42.59433487804811 42.783598976934385
44.69517662189776 44.667183823144775 44.63808614583293 44.61847851558823 44.61453701817555 44.62928184192158 44.66230465315856 44.70977146499172 44.76599573146443 44.830997161171844 44.898101658735015 44.95946029810417 45.00983521230077 45.04688639237255 45.07077838213387 45.08320255474909 45.087221659152235 45.08945548024323 45.09498092112079 45.09176938773456 45.07321639294955 45.051357873975675 45.039547674288634 45.03935760366433 45.05119114444508 45.07299029107267 45.04824122710924 44.950669198217916 44.83309281206202 44.70067212497329 44.54839432726694 44.37075397427914 44.161964188137595 43.92701855232092 43.67294419778598 43.396769882982625 43.100858650102694 42.794110806585394 42.49982365566273 42.26570625393625 42.1596136274258 42.227382121541076 42.42553257146145 42.66530157804115
44.62754769746529 44.568529687059105 44.51118296495669 44.470007828976286 44.45468484806758 44.47065652522752 44.51747142443488 44.58885917143539 44.67470143349012 44.76997698742294 44.86739601538245 44.956168119514906 45.029064532218875 45.08272674140406 45.11741448194751 45.135997805493325 45.1416123624182 45.13561335986238 45.12298444531042 45.1080992775982 45.085999896716835 45.076626951456774 45.082577876398084 45.10345334409519 45.137404770442615 45.178267448345146 45.160565825518994 45.0844542214048 44.99379762976429 44.88439923850132 44.74986763678483 44.58493522552418 44.38933195249459 44.16071228746476 43.900622184067046 43.61125181624812 43.28949843943649 42.93268873444103 42.549576943374404 42.18509243301118 41.98109931314386 42.093381840949256 42.401999942852754 42.710613691885925
44.514042793484556 44.411666092721106 44.313661443268785 44.24030689524175 44.20749903975823 44.22466347583233 44.29113593357871 44.39633365614194 44.523786140274844 44.65973511183591 44.796737458421234 44.921073231611466 45.023166407018756 45.09803132234996 45.1449737974577 45.16796290438809 45.17590289274692 45.173975685800286 45.155362373813155 45.127858982292054 45.10953571417547 45.10883934488421 45.126090102368714 45.15900063057089 45.20363218565566 45.24963697951889 45.22898347605893 45.16291334211082 45.07910406137 44.97209421052572 44.836866147793494 44.67108553401417 44.478892430702395 44.267359108643106 44.03564322457855 43.77911350207226 43.48691454887964 43.14374692582742 42.7305745003544 42.23509197971316 41.83369406316329 42.10714063284336 42.6155756781566 42.97425183390004
44.355176949552025 44.19512339341585 44.040573509980526 43.9206981240873 43.86190637880279 43.88049715217694 43.97430278284433 44.125778095626416 44.30916668641208 44.49965122742427 44.68558251823798 44.85298601841568 44.99027794458766 45.09063562564838 45.15004342645425 45.166384776253935 45.149232984964094 45.159559028116426 45.16832680142964 45.14369406097535 45.130648357362595 45.13432437492712 45.15595288917177 45.19039870594974 45.23193238509818 45.26783518438825 45.23225815758885 45.155642414867145 45.054638553845685 44.925822312411995 44.76891545003869 44.58920990814087 44.39829695092009 44.210858585152145 44.03095851912181 43.85009028848352 43.650023517408876 43.407039669434404 43.08971934764049 42.64889744005097 42.01592875804155 42.624192430162005 43.21214398144805 43.48926085751087
44.15921544731095 43.925967541849644 43.69495650748832 43.50834052362418 43.409648934412274 43.42757573713548 43.56074692832774 43.77751727260766 44.03518906555583 44.29667230747078 44.540105608261484 44.75609118154709 44.932744498432804 45.06275178273996 45.139540576657595 45.150869109486074 45.06919372528632 45.062398378152814 45.14911339696939 45.144346667406424 45.138293212039194 45.141557077433305 45.158253041443416 45.18410015892561 45.20975029444589 45.221541301437505 45.15833236645324 45.05101934319152 44.91155484202593 44.739911648687745 44.542531985849585 44.33513165350585 44.14131733529139 43.981510339397936 43.868524658779215 43.79159037742862 43.72769075621223 43.654211450406635 43.55772696643591 43.4617681099949 43.51158827380927 43.899858302897165 44.16059713455246 44.17820449474401
43.94444842853656 43.623868317146176 43.292900022990786 43.00781974749842 42.84288397213379 42.86028149582541 43.056165880438705 43.36658126028478 43.72001072662841 44.065978096251705 44.3756404706919 44.6415367787509 44.85783147784477 45.01899587430858 45.120710250869344 45.15657204373857 45.130810193588644 45.119182077577385 45.13560388550745 45.132667953452206 45.13178368034326 45.13450134349608 45.140413521578715 45.14757908937705 45.14715134349482 45.12508828123108 45.02531004388979 44.87254469154838 44.67729366478298 44.44265489655879 44.182447848683445 43.92599797361852 43.715863532169216 43.58747330606782 43.553636052066715 43.60308518105562 43.7001585854922 43.813929802796075 43.9516330964093 44.16032351950419 44.53978354285667 45.150912767769356 45.05841362837803 44.82079994643031
43.74050301028131 43.326206468624804 42.87115625314255 42.439974002353985 42.16238418615332 42.18338347415173 42.48872295756919 42.932330158703024 43.400381726282106 43.8360969907672 44.21434618387257 44.52662155659644 44.77728606879768 44.96558251994765 45.091160425311855 45.15511779147077 45.16663063152657 45.15198522040086 45.130902465697915 45.116037918539924 45.11381175134399 45.115696921283195 45.113564500939255 45.09967542686697 45.06780585085816 45.00622889843221 44.8667939031947 44.6607346211653 44.398748409708624 44.08499547776265 43.73830371118434 43.40218557881971 43.148696894874455 43.04883903964638 43.118097114049746 43.31716526290588 43.58290215095722 43.87063308384012 44.188397948162354 44.55765455267558 44.99749756752805 45.40232280375944 45.42512824000629 45.21956295256719
43.58590024253603 43.08935002222143 42.50505855226231 41.87944485457557 41.38464512703701 41.4271010286967 41.940402904414384 42.5525329975852 43.133240690540696 43.64593408378684 44.07926058975316 44.43116754112067 44.70576119742675 44.91216682752358 45.05331096830385 45.13336942178617 45.160433707187124 45.14871917373878 45.11824621237081 45.09532561477377 45.08865000827904 45.0871056987164 45.078497464126734 45.052776399358734 44.99646286715143 44.8961803275393 44.721640884423216 44.46487438671369 44.137016589247935 43.739893063751154 43.29031681561214 42.83660424874417 42.4873571038163 42.40180590904832 42.621980835581255 43.00653361644233 43.43783829106705 43.87213480925667 44.311511520626965 44.74505950223611 45.14559029639813 45.435996530159365 45.51675784549704 45.41123408562355
43.517566801882204 42.977567331106755 42.3180110467254 41.54232271369058 40.66961403079413 40.80753613838282 41.61329284383438 42.342446703764125 42.9837815494676 43.53449012043288 43.994866924256414 44.36751632855034 44.656878618806886 44.87001013453936 45.016868638499226 45.10299098588999 45.13614368378959 45.12773329636467 45.09665019661659 45.070344325106056 45.05932438702106 45.053105043574796 45.03823479384146 45.0036820935939 44.93543399864083 44.81737746980741 44.624841006056535 44.33424251918528 43.95803690295868 43.495711583305805 42.95450926835918 42.362863149809655 41.821222698587015 41.70382552997172 42.17879527807955 42.7849058870661 43.362959986843705 43.89101734085638 44.38284492246001 44.8270297638962 45.197131533695035 45.45036079078963 45.54937710524133 45.499944378283054
43.55308949236458 43.030176361736785 42.40245475058336 41.70250506193779 41.088704233088016 41.134023459388494 41.72971933989642 42.385888334439116 42.99272666489728 43.52521236292514 43.97625222458808 44.345038610926636 44.63390139492818 44.84716833375238 44.991125371516375 45.07567015294242 45.109030074429654 45.10164950110915 45.070974916850545 45.04299322940069 45.028431816044034 45.01763470922996 44.99785679970302 44.95782415067222 44.88353368830054 44.75895979892143 44.56656648829433 44.27834359879351 43.89735678258995 43.42149550867996 42.85393645551319 42.20407836497969 41.48475361798098 41.21081881391343 42.03166288269771 42.75976990980857 43.39792764598131 43.952900342295884 44.44769375140584 44.878337915831025 45.22246487321911 45.455098152076964 45.55927723306027 45.53849741541422
43.68265520670711 43.22766955640757 42.709320954083005 42.194021340546435 41.83498680290387 41.831435080627415 42.16585503576209 42.64710844151174 43.14857925110072 43.61514641933653 44.02389556363527 44.3656847409513 44.63785643115756 44.841292943092284 44.97942656538355 45.05819927288577 45.08705798550453 45.077721148778394 45.04597463093804 45.0161319063044 44.99849811356943 44.98394127490186 44.96137726187301 44.91997223049636 44.84639448659747 44.725545702839376 44.54151421488904 44.278019870548555 43.927262107840534 43.49263447992758 42.98673307635951 42.44241833098103 41.956238379051186 41.87499256280765 42.346942791465736 42.962604180155765 43.5520964112364 44.07722682773311 44.542174415524656 44.93724167319626 45.247381226111905 45.456900297082285 45.55600967637152 45.54762308308514
43.87393992858147 43.509585741110854 43.11516477173238 42.75299997423318 42.519338830176565 42.49936904766036 42.692575822923786 43.02064218207665 43.40094109778948 43.779141228132026 44.1251203688881 44.423338332391815 44.666266220436896 44.85084987156855 44.97721828359707 45.048815965934985 45.07278309653935 45.05964113986379 45.024881436722126 44.992297415632954 44.97167070698592 44.95434240521455 44.93127140994348 44.89256483397084 44.82613270181238 44.71853924672018 44.55616675721903 44.328474649369106 44.03606040200351 43.68070795208238 43.284391332177165 42.89695885539119 42.619724422890506 42.60247518859164 42.88278582529233 43.32619349660385 43.80516865944546 44.255829076565675 44.661950252338784 45.00927698110263 45.279044620462 45.45872732592445 45.54320424120521 45.53585518374268
44.08840235073051 43.81472291994278 43.52833955230844 43.27573794880691 43.11427340526664 43.08863830447361 43.2024027795407 43.42046366774907 43.6946093718181 43.98392790007416 44.260419763895996 44.50688211590303 44.71313164906439 44.87299082107483 44.98319197090804 45.044264203986515 45.061578081437574 45.04484337752421 45.00775203829627 44.972598768264874 44.94920718988461 44.93002588536294 44.9083185678656 44.875559425289104 44.82127429349848 44.73403218709419 44.60263309222714 44.4180821713099 44.1888439653738 43.92182483202091 43.63784383845938 43.382515480114265 43.2247165833877 43.233303276284595 43.42212375686279 43.73616477261264 44.10150637610643 44.462947001079115 44.79441228826122 45.082199459122826 45.30598723228279 45.45320859569517 45.518924863906776 45.505876528884045
44.29377518841284 44.10003866682044 43.90032905165317 43.72662520326305 43.61377039386241 43.58801835178817 43.65470521002793 43.79724167377304 43.98810777175475 44.199685680040275 44.4100451798296 44.60392869329389 44.771083826541144 44.903693096474335 44.99535135999653 45.04354582664868 45.05216109778101 45.030452829046936 44.99075921902388 44.95327603143349 44.9272228322471 44.90702496647595 44.88789790098417 44.86263037490638 44.822308343806846 44.75734235853162 44.65884060897361 44.520581322978195 44.34353254496325 44.16029781171751 43.97397895125829 43.816316071882895 43.731252772736354 43.754190584885265 43.89169312983767 44.11722019468489 44.38823195567985 44.66503887972392 44.92120842435454 45.145807312518 45.320374050641604 45.43243225665054 45.47687973045012 45.455598428018995
44.46835759685 44.340687760524595 44.208698462517226 44.09360018541914 44.01726744386795 43.99555408690795 44.0342037874825 44.125993271144516 44.255310247551996 44.40446961887453 44.55784262459467 44.70359137254332 44.833228495052694 44.938953319636525 45.0113517520159 45.044899640609984 45.04315323132476 45.01561615630093 44.973764919279525 44.933819595848554 44.903927975387624 44.88204231676895 44.86482817289201 44.846480452767764 44.819634045903456 44.7764310901418 44.70987565282367 44.61561204235495 44.49409804298528 44.361112575618854 44.25134028594273 44.165042025508505 44.1282085952458 44.16080131695656 44.266492195432726 44.431039123947514 44.629182617566535 44.834038511770814 45.02351191413677 45.188051057552826 45.31466792738155 45.39183858553686 45.41457819451749 45.3840989507395
44.60052119425586 44.52518693818971 44.44541857327551 44.374867824584626 44.32741678637805 44.31336971963734 44.33662820486855 44.395358572969904 44.48137592773643 44.58374603488856 44.69196241229332 44.79750986675224 44.89417547099131 44.97559051583487 45.02848974398291 45.04541893595757 45.03226579531811 44.99901502208759 44.956239502742186 44.91386547644539 44.87966256255107 44.85524892368601 44.83870312896425 44.82564946369823 44.81019480868766 44.785979748725076 44.7474264969681 44.691214806762716 44.61741056847905 44.528932473013555 44.451629645607085 44.41553254621859 44.412807416878465 44.452823356738655 44.53788500492289 44.659867806854066 44.803373632313814 44.95062500170498 45.0855623884567 45.197967270233256 45.28153998720351 45.3268479505105 45.3295058953141 45.29038138507981
