_RESULTS/CROSS_VALIDATION_POSTPROCESSED/Berg/TZ/4comp/4/Berg_TZ_z_500_kriged_reverse_4comp_spherical_4.asc
ncols 100
nrows 90
xllcorner  5.6208707817415728
yllcorner 50.959635321741573
cellsize 0.00013419651685393446
nodata_value 1.7014100000000001E+038
[rows 38 to 56 of 90, columns 43 to 85 of 100]
0.22435147452211254 0.21731249564856245 0.21114924815925823 0.20509451861378128 0.1992754063191029 0.1939061794973868 0.18924976141308256 0.18563190921126776 0.18345178495828132 0.18317262971656428 0.1852681385389918 0.19010572002700576 0.2000756547848895 0.218065582624078 0.22194361934679938 0.20436892763710846 0.17168883529656256 0.13296108554607866 0.09540697258637411 0.06367538000082573 0.03967646826363276 0.023181456829961287 0.012770025193426621 0.0066830695274272545 0.003358792935677018 0.0016465182513050512 0.0008048996617698224 0.00040456285734816677 0.00021757925886793165 0.00013134592741830797 9.392447336950514e-05 8.251614192132236e-05 8.958232136630043e-05 0.00011757739432050229 0.00017922772248474923 0.00030471728372159096 0.0005580378065020108 0.0010710261183017262 0.002108217444650688 0.004186342950990293 0.008279061112999975 0.016139507692755076 0.030749355471828818
0.21741687629539447 0.20970488843561094 0.20339258807732505 0.19711480960122105 0.19094363405659637 0.1850705853575381 0.17975088441025727 0.1753194494151261 0.17220922110318504 0.1709587779933794 0.17218330427490405 0.1771400131598344 0.1918627694701396 0.21349768277673667 0.21840203879757314 0.1985442769370309 0.16499658610707274 0.12641865591488924 0.08961118048387684 0.058899486745483606 0.03597674290333955 0.020472763017088124 0.010889634664746992 0.005441375257975035 0.0025748921149536664 0.0011690390925580062 0.0005199335186086838 0.0002339305450703078 0.00011165193389211241 6.032925511242813e-05 3.9825285018332536e-05 3.4152146493984255e-05 3.835284826587558e-05 5.414975228736794e-05 9.015079862295162e-05 0.00016717679825772275 0.0003308012719951857 0.0006783108190290525 0.0014114812872282369 0.00293593695027158 0.006035968020239105 0.012157104068472568 0.02381332877689305
0.2127217216988091 0.20393249375753936 0.1972837633955987 0.19086915080876904 0.18436486494802973 0.17793498918836909 0.17181786085231365 0.1663422866279372 0.1619582887998657 0.15927569986493362 0.15907501965310505 0.16561626895504425 0.18382141674856134 0.2066442326594578 0.21195192270916766 0.19361556128535182 0.16133008136780985 0.12374394472341008 0.08760371727487805 0.05733259754985093 0.03472334904832115 0.019475225915025027 0.010123462890704106 0.0048856587042787275 0.0021980301337438226 0.0009297349294692445 0.0003758237668218843 0.00014952278466513432 6.162833855893393e-05 2.8626765032079248e-05 1.6848286953719133e-05 1.4044936743427101e-05 1.679448869332483e-05 2.645438935556892e-05 4.934268839311649e-05 0.00010099403615815578 0.00021644976337951722 0.00047254560806905 0.001032958328124292 0.002233792893799194 0.004736909643066339 0.009781629366838891 0.01955384535475497
0.2103647456934196 0.20066816669979817 0.19316739444485692 0.18657734332631898 0.1797731169133256 0.17275690570393373 0.16574481742182795 0.15903893738864053 0.1530674474107819 0.14846707626638983 0.14690216422577693 0.15477161302802608 0.1750365996282329 0.19777338870549072 0.2040749521666834 0.19026946284710158 0.16114648761258277 0.12505710304008244 0.08945175601995341 0.05900714199355679 0.03591301634615256 0.02014831108822119 0.01040121138882828 0.0049313922659509155 0.0021456412043143556 0.0008586510330056206 0.0003187289957097103 0.00011199727131765989 3.893647604683555e-05 1.4681137243500976e-05 7.186136455229282e-06 5.78362018989139e-06 7.832947848608997e-06 1.4531868509824953e-05 3.1050968362235467e-05 7.022554756498585e-05 0.00016163230502133164 0.0003712104847494507 0.0008416613119131554 0.0018694294673115472 0.004043465060169472 0.008474144062918413 0.01713052063024175
0.2103127565052753 0.20004627435212669 0.1917995360801186 0.18459746366640156 0.1774524077455928 0.16985716878102622 0.16192189796957232 0.15390599369692964 0.14616168785172653 0.13924058404025952 0.13662985689954052 0.14438747356177709 0.1661467365235071 0.19070184264371307 0.20056763686826656 0.1913377175842368 0.1657480232739265 0.13119725267312674 0.09564880751234911 0.06438185221661283 0.03995641758427864 0.02281104176972541 0.011928928678646918 0.005683492030864655 0.0024530311923460606 0.0009546606838293402 0.0003346649899102726 0.0001064092276321384 3.1405628631301976e-05 9.133527223448722e-06 3.2019287779457922e-06 2.450073119043131e-06 4.344380471384281e-06 9.987984439756978e-06 2.4249215043411122e-05 5.912986141289212e-05 0.0001424218761878565 0.0003362778618854981 0.0007753734161204352 0.0017394418643848968 0.003783040433965026 0.00794830178683398 0.01607556081695318
0.21275789376756737 0.20230110283111705 0.19350374837726375 0.1856635576297835 0.1777508989232711 0.16960696920580665 0.16081489084648512 0.15158343622016268 0.142166838539218 0.13302815311502708 0.12904195478058111 0.13456856384515098 0.1584385585571074 0.1879358118551431 0.20313827203083645 0.19878287204519013 0.1765878898779662 0.14332241318669806 0.1072683595291037 0.0744279571171754 0.047812669341077356 0.0282951495650312 0.015328709430529412 0.007540768991986951 0.003335909483844566 0.001313146732363327 0.000455887831213398 0.00013924878176085217 3.767746888623007e-05 9.174302363934557e-06 2.059446772990424e-06 1.4374228850197567e-06 3.846862943399466e-06 1.0033093792112501e-05 2.5459274733852257e-05 6.296362191236251e-05 0.0001518135466124406 0.00035655176950335457 0.0008150406875894277 0.0018098521148138056 0.00389342140453736 0.00808950448681179 0.016180423190498446
0.21835785966475418 0.20793203036815044 0.19864717593772005 0.19013267694364908 0.18133147990654477 0.17239137740839328 0.16289568041120372 0.15272858659427438 0.1421293452250551 0.13211142813801163 0.12750143353072146 0.1283155474365872 0.1573920703584072 0.19322716994773267 0.21397652202915252 0.2144146966953963 0.19533916934683296 0.16292527571816787 0.12583594656746439 0.09079293401538417 0.06122846734406022 0.038256571404643516 0.021963953359281724 0.011482912318871273 0.005401993536847898 0.0022529786871723747 0.0008215922874783877 0.00026112207760280333 7.368118637022064e-05 1.961651290355074e-05 6.0298870967906725e-06 4.2353433068724025e-06 7.348991128905043e-06 1.616697140917831e-05 3.7223281038985336e-05 8.60451677710438e-05 0.00019697147077696062 0.00044343502336371266 0.000977767643082589 0.0021041188524379088 0.004402131655366934 0.008919934387732564 0.017438442174912534
0.22844794647172184 0.21763217567375728 0.20766149158002034 0.1983445668701822 0.1886083077233507 0.17865299985500158 0.16854737888281035 0.15780247672934752 0.14669690027024115 0.13748990878308362 0.13561589848221278 0.1439958932777675 0.1717708044424304 0.20966561348649435 0.234937383807734 0.2400743116823466 0.22410043402407187 0.192122679124045 0.15327840167317594 0.11595971617752886 0.08314965912750763 0.05571729132000741 0.034570872018037 0.01972534456279976 0.010231770931630043 0.0047385774588723905 0.0019202178761307327 0.0006768924521604161 0.00021596310881114912 6.983550822137178e-05 2.8444260393075426e-05 1.9416016048563596e-05 2.309393690674521e-05 3.8027482941440304e-05 7.245539720520887e-05 0.00014699208393938336 0.00030566817168749705 0.0006386946582933434 0.0013256574955364188 0.002711977784716083 0.005432737363959763 0.010597512706618682 0.020028606292554915
0.24403258711955778 0.23190485865571356 0.2209130460987525 0.21061836284636967 0.1998581986564957 0.18887969811965552 0.17800600449567894 0.1669425290159299 0.15576579302463026 0.1482135209332794 0.14984677113371644 0.16310859283348145 0.1932274125167917 0.2353076651426807 0.26621065999712606 0.2772601410297083 0.2655923211716327 0.23461294147485517 0.19253173566213014 0.15396854173515817 0.11861863419974164 0.08584321830239092 0.058249505941498025 0.03697345306387689 0.021792896551760418 0.011707063440644946 0.005528055443838676 0.0022259462809855243 0.0008000670483035501 0.0002957159425646604 0.0001344750574727778 8.76816046791455e-05 8.434090362907179e-05 0.00010924461506697604 0.00017057221294179106 0.00029654833542851834 0.0005469191766861864 0.0010387106209335717 0.001993959979972411 0.0038207240949013795 0.007236658558254262 0.01344283384020756 0.024328613104696112
0.2645044254200849 0.25071618765440706 0.2385695711974858 0.22718711091355587 0.2153154253357853 0.20325911677963043 0.19143455042257645 0.18003385911446027 0.1688172038961586 0.1627781284405171 0.16714002805590192 0.1838367075489556 0.21713664107933695 0.26636746551346574 0.30633141446121026 0.32653663561762225 0.322605697756386 0.2965029039336366 0.25669262022127687 0.21562705408657107 0.17556657907629156 0.1365087520620574 0.10137125674296238 0.07200163059254117 0.04901253255745328 0.03163359687895496 0.018334565005550217 0.008478343253216149 0.0032226393650859114 0.0012525047213572847 0.0005872851522236453 0.00036577749024211016 0.0003077374078710656 0.00033497790596108087 0.0004414299137048509 0.0006619490166877699 0.0010783013219991095 0.0018462183814609587 0.003247532000649483 0.005774903707649028 0.010251962134130323 0.017989413159678377 0.030945036470363944
0.28872772568776306 0.27363948399427823 0.26058512115744836 0.24815981897829006 0.23514314850219117 0.2219009210100785 0.20896443943069792 0.19687813539363314 0.1853679031258701 0.18018080566615685 0.18637657678483927 0.2056380767158869 0.2419730081482812 0.2992252774664488 0.3524265440633905 0.38656439002524673 0.3957559997371702 0.380510398976836 0.3480473779968844 0.30704284623306416 0.2625405486291626 0.21739190406158374 0.17487219226316864 0.13739684731260757 0.10658858155744692 0.08260402634906815 0.06321108395107197 0.0338714070506325 0.0120723112587181 0.004722588498197576 0.0022431084234141724 0.0013562473911402956 0.0010487410515498095 0.0010119987976880509 0.0011686217538475715 0.0015435580785836162 0.0022412273111824016 0.0034665413081559158 0.005577718000197571 0.009170430334572727 0.015187586234162774 0.025046873765219448 0.040741078950771795
0.3157958053734736 0.3000992589683803 0.2867129326275716 0.2734885645355752 0.25939930226998814 0.2448393940671017 0.23051570453358153 0.21725443514393508 0.2050374026028942 0.1997735559700163 0.2068734591483734 0.22781614380125215 0.2664719492022835 0.32968164616874635 0.3998558274467075 0.4531107485120156 0.4816632088811288 0.48388001666256847 0.46428227142125167 0.42934605709500706 0.38510280978496436 0.336588691655587 0.28849211404950137 0.24390060943015893 0.20542497772205762 0.17436505412687067 0.14732291067661873 0.08735204596502713 0.03420519963146971 0.01446127608223637 0.007196727776542753 0.004356259207129463 0.003223693483584343 0.002877303449323731 0.003016282355978635 0.00359744138357504 0.004729081592504107 0.006664421346783528 0.009846239669628021 0.014979165157306726 0.0231177356860087 0.03575084932845968 0.054826974796160624
0.34497425874961296 0.3294550232606932 0.31643127380326 0.30294443831034984 0.28801815836820455 0.27199278597208376 0.2558774722573611 0.2408769044152234 0.22743214315608506 0.22099580822544765 0.22796045762776457 0.24952291118120629 0.28932390205713615 0.35423425770693706 0.44207488134483924 0.5187100697014813 0.5726448406862445 0.5996805424220738 0.6007670359957212 0.5800208676841296 0.5433025897926638 0.4965305236499358 0.44523939596694956 0.39300119196196415 0.34135613623062194 0.2885136706461696 0.22396084536836972 0.14026286049394937 0.0713805567758643 0.03536680027352279 0.019214980349591945 0.012021193938201393 0.008798238623642332 0.0075104463047661486 0.007365560378301391 0.008122052895370066 0.009834872664957405 0.012775864839376726 0.017457183289448532 0.024671497198203267 0.03554174937928757 0.05154630510972411 0.07445758590109418
0.3753122129975116 0.36089467688528054 0.3489990418734394 0.3360787397303467 0.3207561411511151 0.30305156079507084 0.28455205089106206 0.26720772811049376 0.25196970593087253 0.24323405804534504 0.24890165825505084 0.2698394427917721 0.30926567331929605 0.3735486368522542 0.4713284892428904 0.5732668321347485 0.6570973255572602 0.7158015783848355 0.7463059194679559 0.7494919518029509 0.729162722181852 0.6905319311293449 0.6389115152644886 0.5774453603323362 0.505620418514257 0.4211283589242427 0.3207767209020939 0.21415173170641089 0.1272116674146034 0.07281692061464229 0.0436306804137941 0.02873232378424517 0.02127201515593998 0.017797546811961173 0.01672026071272964 0.017401716831897177 0.019723258766273087 0.02390940308061868 0.030481364269989944 0.04025247978287707 0.05432102350975813 0.07402004263940673 0.10076790824925888
0.40551428869543116 0.39301171706925214 0.3830524927852333 0.3721639415173096 0.35729555833070137 0.33733278830692254 0.31547259918852205 0.2951375571821087 0.27769220842022707 0.2657792547441 0.2689301264734356 0.2878996321074904 0.3252623993285754 0.3865642672944105 0.48144809684735257 0.6060292103840363 0.7214172645075184 0.8164908620238873 0.8837579635056932 0.9198602359372907 0.9251199317983211 0.9023098681702726 0.8551226158475816 0.785770362647357 0.6929929233336087 0.5781208587105662 0.44715144438637916 0.31659119760573423 0.20808964449374434 0.13283289564607828 0.08685307341411247 0.06044415916785749 0.04581301489583493 0.03817894650648662 0.0349612580634368 0.03491173135799459 0.03756777801878913 0.04297635544537824 0.05157454773348639 0.06406473376968698 0.0813663032882022 0.10448714777439194 0.13429412106536184
0.433521170037083 0.42350123590873523 0.4159063285532661 0.4090931604990749 0.396842671969599 0.37303652426796546 0.3466691914529636 0.3231304920035475 0.30349174605473683 0.28813801142996226 0.287600235626775 0.3033167666935162 0.3370376143885214 0.3932431146703475 0.4799043288447679 0.608781519395315 0.7527187966663546 0.884047806196407 0.9914665201461478 1.0669106540105906 1.106032661356529 1.1076770039761392 1.0727685884980187 1.0023793284066123 0.8956258208442006 0.7583789100871307 0.6032972951962496 0.4499484981917721 0.31838214441729656 0.22080515157659003 0.15516427498899532 0.11368533062875275 0.08860060643049576 0.07423928807359506 0.06705329565584477 0.06504402177942166 0.06722821654156767 0.07331956477038234 0.08349035717086933 0.09818703783146955 0.11796282578836292 0.14328612787610281 0.1743053937118659
0.45727297961555385 0.44911684700031573 0.4434202766158732 0.44023774667025306 0.4356974208980485 0.40374963963912225 0.3742572908577901 0.34891057066316283 0.32796683398709936 0.3100146113660154 0.304775722639871 0.31608999547964867 0.344769449581956 0.3940879815408263 0.47017915611887545 0.5834290410810835 0.7416195120997201 0.9033037358489368 1.0485885208231567 1.165104755204011 1.2434699026673894 1.27775786967116 1.2652929246359779 1.2054580026936004 1.0975042921955693 0.9504975568111285 0.780680268479371 0.6087448259367461 0.4574754790742615 0.33854581708165243 0.25230074048317086 0.19339878787945997 0.15499926583876916 0.13120434272928638 0.11777152851806885 0.11196113745592967 0.11216696284566216 0.1176247455614744 0.12805287265039114 0.14342631270268025 0.16376306051924502 0.188885957360649 0.21812115177697208
0.4749073598414139 0.4673771902539579 0.46157129103854955 0.45608642741790834 0.44477260765790183 0.4214833102622339 0.394809893417286 0.37044252515849946 0.34969293745283536 0.3311098282351631 0.32043829983038286 0.326362243856358 0.3488737956470191 0.39000848811950534 0.4541858919366764 0.5495672992148507 0.6878693117468019 0.8666037018242531 1.0409785671881042 1.1939581348292891 1.311830993582902 1.383937680871889 1.4035616845042689 1.3674464286466808 1.2737649645266034 1.131757295685807 0.9588499710132086 0.779436275025244 0.6163364086493164 0.48079638233728833 0.37609713273859446 0.2997364347479067 0.2465814736964409 0.21125970167297925 0.18930978352010466 0.177450045284128 0.17351990130109984 0.17617626611974124 0.18454675192582803 0.19798955013179062 0.2158522273200705 0.23723746668499407 0.2607872596498674
0.4849166452816373 0.4775581847752969 0.47063334392939643 0.4625155757934062 0.4498665288077035 0.4309465780166245 0.40869983156937156 0.38712984989625876 0.367847526272408 0.34981669814132754 0.3350164188217383 0.334686973509304 0.3501841158948127 0.3823532944713876 0.434486691210837 0.5120648205465628 0.6228380220307043 0.7775372151553215 0.9660197740762957 1.144185520912242 1.2951142399607212 1.4044213120487017 1.4615276032002074 1.4592207184353831 1.3922638777009266 1.2696631924754567 1.1101234720908986 0.9394188670739366 0.7760739052082495 0.6327503836675092 0.515506987256555 0.4248288514381357 0.3578382186347551 0.31037865624572114 0.27834692083116713 0.2583348813245669 0.24784010728961386 0.24496383734584054 0.24822833955272894 0.2563522825199442 0.2680347483749986 0.28176902181238334 0.29571201041775264
