_RESULTS/CROSS_VALIDATION_POSTPROCESSED/Berg/IZ/1comp/5/Berg_IZ_z_710_kriged_reverse_1comp_spherical_5.asc
ncols 100
nrows 90
xllcorner  5.6208707817415728
yllcorner 50.959635321741573
cellsize 0.00013419651685393446
nodata_value 1.7014100000000001E+038
[rows 72 to 89 of 90, columns 0 to 40 of 100]
0.018450036630814102 0.021395708412973932 0.025061552270972044 0.029572589742641237 0.035043361077121575 0.041540719479356766 0.04901599261985517 0.05719478608811445 0.06543070747064296 0.07259606918713565 0.07720972115471174 0.07801680258073126 0.07477046070920391 0.06841313330501343 0.060432002022170396 0.05212906373258942 0.044331460149862216 0.037439720181412256 0.03157443638665063 0.02670427420336037 0.022768372890095017 0.019629925718759864 0.017137573409778502 0.015169471220347763 0.013630506765576273 0.012448609493241275 0.0115713697320364 0.010963505236357684 0.010613364844036636 0.010673927488749757 0.011032004422375582 0.011609830615874483 0.012422438142530096 0.013494832020945294 0.014861268011312028 0.016537719866157253 0.01850929993050944 0.020766790447551857 0.02327299191909569 0.025950125571929293 0.028669209953930103
0.019448152924832995 0.022781959310952598 0.026990900849339947 0.03226596722432172 0.03881337285015189 0.046821704291296666 0.05638762793174983 0.06736422712514606 0.07908596218743885 0.08998541168910171 0.09744547917570213 0.09879280259366523 0.0934524497892418 0.08353254266338549 0.07188229324999201 0.06049712968332637 0.050345995593653124 0.04173677269058205 0.034736586439866234 0.029168463603397202 0.02475247334998978 0.021253842036960065 0.01848464986739425 0.016298494206930563 0.014583528674021082 0.013256014535869418 0.012255119809279045 0.011539153632919713 0.011152324994099617 0.011262120338035959 0.011738070550013045 0.012450460245800928 0.01342200112060821 0.014686835458836256 0.016290313417343133 0.01828832175154596 0.02074528503949144 0.0236607704787825 0.02696527639179995 0.030576881086862087 0.034334585675627666
0.02026693485975839 0.02393232414155394 0.028615965240402608 0.03457822310408792 0.042130344189952235 0.05161924498648774 0.06337416219951827 0.07756139243317545 0.0938218799463146 0.11045062370378467 0.12311243933943616 0.12555311848672365 0.11617327133917217 0.10039180492628151 0.08367084464527319 0.06858808978281533 0.05595375735201313 0.045915258427995466 0.038023720614055775 0.031825845795339876 0.026949628928739446 0.023103391631086954 0.02006347019524814 0.017660518638538823 0.015767595658065472 0.014290747462502194 0.013161980865919456 0.01233630681188631 0.011962495674562191 0.012125527938338359 0.012725617438980995 0.013588511529236924 0.014742147247023983 0.016231934979144703 0.018117666422568297 0.020473644486975945 0.02338719890992679 0.026953693885183913 0.031236470082915257 0.03606907965309429 0.04124395194938296
0.02083859795443557 0.024742705911573952 0.029774173138844007 0.036251468140924094 0.04457961404026731 0.055260788826698375 0.06888828396961158 0.08608646702894839 0.10727378554712741 0.13177928517260273 0.15448434317836887 0.1596559579663407 0.14138746751028872 0.11649929021527368 0.09382310157954403 0.07530519050897139 0.0609365146419548 0.04983225599612249 0.041226295465431335 0.03452173651579641 0.02926754427827251 0.025126802723320997 0.021848926749822223 0.019247959582734397 0.017186376497545196 0.015563283698812375 0.014305996557365511 0.01339871646111642 0.013052313524680777 0.013280846384476717 0.014011612502601203 0.015040147469666088 0.016397162174555273 0.01814160719577498 0.020351405277348487 0.02312512113315529 0.026582104815104018 0.03085857842417094 0.036095133886942965 0.042395741540828785 0.04946682879086749
0.021111470145314337 0.025131648768570207 0.030334068254613912 0.0370680849219931 0.0457905397953863 0.05709443910860172 0.07174194341120423 0.09069789689251707 0.11514889789022008 0.14642979114527016 0.18502603863238806 0.1998843977605047 0.1606202747135927 0.12639441218517633 0.09981670531775985 0.07980179664451921 0.0646255671627739 0.053016926490518354 0.044056486427310346 0.0370785087520726 0.03159876094769419 0.027263219955896378 0.023811920149480192 0.0210535000807004 0.018847254587569147 0.017090466768886606 0.015709503643387156 0.014754168693463738 0.014440886287338299 0.014748748401143477 0.015619191937089891 0.01682395773592093 0.01839892637575697 0.020418576166905355 0.022982359454157296 0.026218862213022675 0.030289240131943142 0.03538713073229994 0.041729099315840505 0.04952398031286083 0.05888779280701337
0.021059603170297193 0.025057612975436617 0.0302272891039004 0.03691195089464966 0.045558208458709455 0.05674086339433339 0.07118742046791615 0.08978998529703312 0.11355804025172281 0.1432774991344188 0.17692072165346256 0.18722241508206686 0.15626431275825883 0.12477365252611224 0.10001203162657422 0.08099214473301931 0.06637193330040475 0.055064821249464116 0.04625133504815999 0.039323964591906346 0.033833720106750134 0.029448367095913294 0.0259216501509594 0.023071082072224865 0.020762029924253824 0.018896326937826603 0.01740412876937706 0.016429371330418052 0.01615700520804815 0.016558546587701804 0.017574846193313776 0.018956668088531574 0.020750736312628908 0.023048172331124356 0.025972053760666608 0.029684968174645655 0.03439762204614885 0.04037631397889396 0.047943397217245456 0.05745650884057494 0.069234669613057
0.02068799362753947 0.024528629319241404 0.029467119161406676 0.03580578283292531 0.043923083986138034 0.05427600266700971 0.06737764995949173 0.08370331953761427 0.10338453483851591 0.12524250578404175 0.14402703667718442 0.1480038062389951 0.1336722556003371 0.11341430997407652 0.09450987019207727 0.07870865523987401 0.06595486252631277 0.05576746206423187 0.04763633010582405 0.04112321923371359 0.03587650889214646 0.03162201450045458 0.028149082433572156 0.02529776131160799 0.022948426718641224 0.02101378364804036 0.01943431038775291 0.018462210891623854 0.01823961520475041 0.018747924921624377 0.01990560309980944 0.021448657463297924 0.023441021322307576 0.025990106072538217 0.029242198388272488 0.03339379023655794 0.03870658991588839 0.04552576276441301 0.054298241088787384 0.06558015260772425 0.08000079131435128
0.020031557719731908 0.02360038962348657 0.028144783266377114 0.033903585814708134 0.041154615462920784 0.05019249020291719 0.06126513270342378 0.07441822686701027 0.08914564489477327 0.10370883733459722 0.11435419262838505 0.11639638350536248 0.10970715608034516 0.09814298015199678 0.08549238152971267 0.073766515681536 0.06363862203157289 0.05516147634667784 0.04815986129919163 0.042400394089510525 0.03765731505354205 0.03373451301041541 0.03047025166587028 0.027735748466483467 0.025432108620702366 0.02348718697907646 0.021862144374232853 0.020904360744194907 0.020739804042109504 0.02136388257099848 0.022636050205212064 0.024299339976477204 0.026437538457674818 0.029172232939879684 0.032669064021318577 0.037152171641842174 0.04292503939025798 0.05039955099288291 0.06013476649096487 0.0728842084601438 0.0896389619000029
0.019148233043132512 0.022363575781633012 0.026405313060765732 0.031442634818028614 0.03765049283138506 0.04517400769017084 0.054053900384561246 0.06408526277595485 0.07458524953635198 0.08411955280666704 0.09049783565388386 0.09210380698587664 0.08923397899257518 0.08303662543092459 0.07528171934932164 0.0673450777038766 0.0599761434405641 0.053472403429612264 0.04788297955987293 0.04314133028446611 0.03913679618670025 0.03574973377549251 0.03286784133174632 0.0303937109308936 0.028248746163131173 0.026375631946965853 0.024756821942066635 0.023825934855060876 0.023724506787356953 0.024463656580736348 0.025784960979727673 0.027492433139930172 0.0296826759131523 0.03248796756153912 0.03608600053626993 0.04071559676565322 0.04670045646099567 0.05448405790613521 0.06468047431287764 0.07814817604194726 0.09609663407482952
0.018108604333699443 0.020925465074264533 0.024414097886086065 0.02868096657104303 0.033816542758007426 0.03985896799798589 0.04673151216540266 0.054147772758652755 0.0614983298057676 0.0677888702568575 0.0718494221094737 0.07350813294035607 0.07265989695842306 0.06967128408787578 0.06533373373350167 0.060438964530836185 0.05555510556660497 0.051006569269651296 0.04693719958159092 0.04337886177774775 0.040301244799980596 0.03764289387977238 0.03532961986272503 0.03328618960516397 0.03144544960075367 0.02975692164327884 0.02821249594574664 0.027322695447961697 0.027282154401162852 0.028093936163761588 0.029360948719964083 0.030990811174292743 0.03309014232464068 0.035798275882329075 0.039295437449401595 0.043817375729696115 0.04967771302462399 0.05730021462335551 0.06726441975630133 0.08036911386275589 0.09771710380852623
0.01698522500057505 0.019392085072931848 0.022326892824268488 0.025847099771384302 0.02998424491161229 0.034714293936002685 0.039914556681249394 0.04531130547229357 0.05043764224401681 0.05464583103230266 0.05752400592186922 0.059197030526755824 0.05945123041509418 0.058378663695064864 0.05631754967149442 0.05368507451139566 0.05084597373149811 0.04805867269629083 0.04547637340403295 0.04316972481372565 0.04115107187532026 0.03939320955063114 0.03784255527913237 0.03642960102246627 0.03508039217330815 0.03373186577428873 0.03236045545790408 0.03152659149878854 0.03153036653364389 0.03229898041136923 0.03335582033815206 0.03473000212508159 0.03654264330150012 0.03893783765599523 0.04208844590910919 0.04620837969151382 0.05157031824991095 0.058528240756544676 0.06754335198190095 0.0792073483000928 0.09424096026767678
0.015844183038516074 0.017855375091990127 0.020270888278419042 0.023114002714537663 0.026380641822508794 0.030018337642613812 0.03390027997045217 0.03780064783668194 0.04138552318889731 0.04424979365080426 0.04649249390119149 0.04811714664446102 0.04896296111052857 0.049026711619636974 0.048442379320796494 0.04741708116350332 0.04616477789377539 0.04486399885483048 0.043641637620467216 0.04257284793041895 0.04168682449824599 0.04097237980779546 0.04038145468624913 0.03983237723485878 0.039218240795968584 0.03842798308393385 0.03738422768879797 0.036620784800962376 0.03662523827195112 0.037116877926311256 0.0377329322583006 0.038608560615709046 0.03988956684680963 0.04172382832427958 0.044267193184061956 0.04769523731940781 0.05221644890303771 0.058083491365882665 0.06559718554782973 0.07509027377308276 0.08685873725571142
0.014740097737587486 0.016386794835375924 0.018337772696096613 0.020594796695115075 0.02313542748384241 0.025899497147099146 0.02877504695997151 0.031588766603923187 0.03410929608231886 0.03614242493804634 0.03795736405650979 0.0394880516455123 0.040627826707440584 0.04134810254657934 0.04169620798966502 0.04177197840067559 0.04169696480294492 0.041588711135488225 0.04154481957864586 0.04163502318419347 0.04189684906602246 0.04233058334374518 0.04289079053971376 0.04347485928644555 0.04391599680977072 0.04399973938902108 0.04352876783224189 0.042860776950044734 0.042712731003892404 0.04255821483365363 0.042405633395601404 0.04247302685810445 0.04294401166922533 0.04396588927060415 0.045665380794733285 0.04816583382971252 0.051599277974976786 0.05611007620050613 0.061845124200467845 0.06891943533244065 0.07733513278955755
0.013714451479974871 0.015036449327992312 0.016585584954846116 0.018351438311281273 0.02030425470483881 0.022386868505455577 0.02450782604919468 0.026539025788876052 0.028322210171306192 0.029828383908523402 0.03132207863170132 0.03273101735200635 0.03398742808901212 0.03506415015478861 0.03597694729035965 0.03677694004994509 0.03753750201984114 0.03834079732632157 0.03926696966869253 0.04038603795644949 0.04175023497105635 0.04338292017874488 0.04525895068669285 0.04727141671992477 0.049186492172890714 0.05061628787624788 0.05109515442526285 0.05060332566515793 0.049841744779327644 0.0485644868435758 0.04719804304529547 0.04609635534188208 0.04548079492887755 0.04547781614087299 0.04616433784444592 0.04759789007883034 0.04983075510926068 0.05291035960863199 0.05686523369149924 0.061671762811757375 0.06719409554802103
0.012796417131780822 0.013835775440611722 0.015045186222465166 0.01640820721988963 0.017894000685772696 0.019452788096283508 0.02101290430684173 0.022481401225944015 0.023750264728092524 0.024902209438250333 0.02614195945106844 0.02741551428052114 0.02868282824826642 0.029926896667161813 0.031156625915638614 0.032405403894969674 0.03372659033051572 0.035187915485238426 0.036866273566046846 0.03884310126042716 0.04119882701641388 0.04400250313862673 0.04728858403746151 0.05100526762103798 0.054909905463583174 0.0584065798416749 0.06048702875957962 0.060248197533005934 0.05804231606777677 0.05491379144023454 0.051780166612411055 0.04915500484226129 0.04724235759016383 0.046094570635634415 0.04570579895122469 0.04605388238847023 0.04711389698789516 0.04885585328592173 0.05123096937094698 0.05414705988895667 0.05743366359436757
0.012005159903724411 0.012801891101507515 0.013728076872562332 0.014764936093900278 0.01588356930353316 0.017042520909467097 0.0181867960534209 0.01924939321275832 0.02015645164831021 0.021053453501131067 0.02208537031230728 0.023220025413349304 0.02443663731862944 0.02572944425074895 0.027110244269354204 0.028609372278442763 0.030275429528719523 0.0321745705734237 0.03439014888870208 0.037023053332615526 0.040192111338562896 0.044031983695975385 0.04868116752321861 0.054239345681139306 0.06063497212624588 0.0672521274698469 0.07219811963640631 0.07198433024458037 0.06704448448855509 0.061022141808697986 0.055586842802680364 0.05122722587438165 0.04796671100703305 0.04569969996682862 0.04430341417043013 0.04366844628596353 0.04370114977579743 0.044315275811213986 0.04541824749259382 0.04689401827991601 0.04858503575294301
0.011352767217352268 0.011942267266851717 0.01263366194888767 0.01340778235734695 0.014238763905205162 0.015092775544964049 0.01592790744158443 0.016695756033306766 0.0173472431633354 0.018046697621067895 0.01890459738930921 0.019903582432703834 0.021035693918179617 0.022304480182562616 0.02372713655659038 0.02533642699609599 0.02718252145581079 0.029335210881601553 0.03188714733872865 0.034958792026594555 0.03870563408594645 0.043327779180198464 0.04908029025448774 0.05627586408598411 0.0652411536920939 0.07602304586872582 0.08612487388853585 0.08565188623212924 0.07552081327461851 0.06563821375696163 0.05780526839984885 0.051862313381455284 0.04745268136083684 0.04426357367638554 0.042051876855992376 0.0406321336401304 0.03985916288537273 0.03961151729833735 0.03977657854372576 0.04023753038380337 0.040863524328710855
0.010847267256024067 0.011259003801683482 0.011755197415036282 0.012317121666514623 0.012921989915995137 0.013542272984155924 0.014145891251456853 0.01469753102739605 0.015164131681394771 0.015704551216983182 0.01641446846479848 0.017285167844234 0.018316669448391797 0.019519012175636268 0.020914053050616572 0.022537685681951306 0.024442608823961577 0.02670201835387054 0.029414834731562065 0.0327133331437071 0.03677437571440313 0.041835949341261024 0.04822151940788614 0.056376004632731846 0.06691924516040174 0.0804702645975375 0.09697647525462874 0.09578808276484421 0.0794953325397194 0.06691860822661133 0.057644683945688474 0.050765106795850834 0.04565543387284405 0.041879510642708465 0.03912698897294635 0.03717156894179806 0.03584224382662473 0.03500281051244621 0.034536891945997586 0.03433720216150802 0.03429901959894057
