_RESULTS/CROSS_VALIDATION_POSTPROCESSED_80-20/MHZ/TZ/3comp/3/MHZ_TZ_z_0_kriged_reverse_3comp_spherical_3.asc
ncols 100
nrows 81
xllcorner 5.5967107548124995
yllcorner 50.982328804812504
cellsize 0.00017565037499993607
nodata_value 1.7014100000000001E+038
[rows 38 to 56 of 81, columns 42 to 83 of 100]
0.035606170727989564 0.040743171951762074 0.04724363521389562 0.05493732027593907 0.06380174173142814 0.07371354781808666 0.08452835567094165 0.09679710374572965 0.11043442748557186 0.12485726831593974 0.13980249954596818 0.15627976082116912 0.17363029929237925 0.19066694241673557 0.20718855410738982 0.2255296807305926 0.24558679196592406 0.2669312558641048 0.2887480310350854 0.31087593271777725 0.33319135693466817 0.3554932858183358 0.3775451410936054 0.3996364576257103 0.42189995148482634 0.44584302454863833 0.4735300832325515 0.506737304811094 0.5447873232707733 0.5835164087269189 0.6021960207600185 0.518326311668796 0.3978116625698343 0.3087292812832449 0.24733626999363503 0.20579272128895587 0.1789055825771828 0.16376192320181204 0.15680965635296745 0.156348299887905 0.16020173992729916 0.16774318460172064
0.040317545269883105 0.04650429337662546 0.054064648824986905 0.06303068334875647 0.073395149858174 0.08505092691847031 0.09774548321157608 0.11193591808433337 0.12772719412164554 0.14503694331872244 0.16389644784947624 0.18477463574778025 0.20664664365821042 0.22783031995957118 0.24765849804611784 0.26828749397469603 0.28926106903864135 0.3102673314459761 0.33037992495693363 0.3491036996493708 0.3664572568855795 0.38280381035387856 0.39807445187133966 0.41014542330550874 0.41982735180622793 0.4300703699073409 0.44216302906032146 0.456667585481005 0.47277906740712483 0.48305934862672906 0.4716395950221523 0.41791048842020107 0.3416434966301161 0.276203697623811 0.22770758852282152 0.1938594778831983 0.17172446119522025 0.15920643149986038 0.15457818792579614 0.15583489493552893 0.16098820431387872 0.16998957938416442
0.045803329117140516 0.05282032991403529 0.06137804046428667 0.07160389616561479 0.08348882539369992 0.09692572294851769 0.11165559636382966 0.12782844437938004 0.1466207357312819 0.167894507966448 0.19160009637363906 0.21810388687009352 0.2458874521129932 0.27245626048049115 0.2957820805846011 0.31819748600608677 0.33871477404536404 0.3560398797424548 0.3703113113189397 0.3812284015356183 0.3897252811685816 0.39649412209919455 0.3994831108176188 0.3990706734234249 0.3962495922596804 0.39216321211151434 0.38923979770833145 0.3874218524223935 0.3848355041200106 0.3774035008105739 0.35799896561481626 0.3223119800333883 0.27437163059381636 0.23067040021973478 0.1964316798088114 0.17203617092899154 0.156428642274582 0.14843240437256627 0.14713106486359118 0.15013439308610216 0.15642635808818653 0.16647067909743926
0.051638786531187565 0.05942470243663383 0.06890346949195765 0.08020889053683697 0.09342869176667937 0.10853153493058318 0.12561139348626335 0.1447503617355659 0.16710170806763575 0.1928375002771261 0.22247302776047811 0.25613576535650684 0.29174179734900885 0.325591621901117 0.35328112605047673 0.3751585806065648 0.39041305952679073 0.3990760829092696 0.40260818147026395 0.40212210228509887 0.39891285967025913 0.3918265046931724 0.38127099571283135 0.3693344724171818 0.35650090823866165 0.34302745141133867 0.32930262816950395 0.3162082404992623 0.3025079689402794 0.2863969284818504 0.2664061698794378 0.2419081905516389 0.21140538715970192 0.1833100862417417 0.1611027934940131 0.14532821980086216 0.13573659057668339 0.13193029335252515 0.13360929228607943 0.13890850982637018 0.14688430064622193 0.15791935641964075
0.057478689235838196 0.06592224542753165 0.0761644286271616 0.0884148083933335 0.10292208287490212 0.11993583460969559 0.13967853307217348 0.16216922863468317 0.18808514168676002 0.21862993240894657 0.25524944363977115 0.29787835276238706 0.34392812616865054 0.3872734232076153 0.418672584975951 0.43667061835272164 0.44196474725925766 0.4363511498167917 0.42408138391789296 0.40897950102632713 0.3923071433248018 0.37393261384492316 0.35480070852453816 0.3354861427262554 0.3161992231978097 0.29684853796714017 0.27717391205548525 0.2577089853834458 0.23874293854992248 0.21960458819456374 0.20007005098816563 0.1808298449924285 0.16061643194679762 0.1417433207998575 0.1272435817158533 0.11785684922803737 0.11294120226224481 0.11238980281577518 0.11578503485348364 0.12241532021294019 0.13163543565706495 0.14343914352032391
0.06310285359112996 0.07222912355201258 0.08335682663761718 0.09668522596945005 0.1124826361062534 0.13110080326558846 0.15294465307086424 0.1783919673363532 0.20775927568278946 0.24310300560346754 0.2873297120804398 0.3407243675632173 0.3992976629821954 0.45366867577604236 0.49077640282063734 0.5021468652099778 0.49137996494528724 0.4652170329734135 0.4340746923416763 0.40641859540324393 0.3790585843634337 0.35220615207225137 0.326492382753889 0.3019514633545968 0.2784175074124419 0.25562652734246155 0.23331186675440382 0.21137735947434044 0.19075591728033298 0.1715367659686652 0.15374705802756478 0.13776694905350248 0.12305488049079291 0.10959837684590384 0.09956665362072542 0.09309117843958759 0.09074167842259112 0.09223017445337528 0.09636816158391706 0.1032381661029892 0.1128960653681816 0.12463547503209532
0.06896212550231401 0.07879051831404307 0.0907249180314664 0.10489845916953247 0.12157027835964253 0.14118235350347813 0.16432596875587446 0.19166612448788567 0.2238453180468303 0.26317444922880046 0.31437006004141776 0.37781626701848625 0.4499105513673562 0.5206424662966473 0.5684442889663852 0.5709807221777272 0.5349247074241404 0.48501250758451353 0.438467711194537 0.3983633789160888 0.361815933262429 0.32854731865815556 0.29833522061741546 0.27063408066919775 0.24492186593882775 0.22074436882850365 0.19777963816335417 0.17587810101968537 0.15546406129835358 0.13729466605088927 0.1213740458402127 0.10776183032808932 0.0962234658924142 0.0857570930134998 0.07820060670027323 0.07359344981774948 0.07196671803048428 0.07331433212427325 0.0775128873694834 0.08404778274839654 0.09298385990000377 0.1041151094972274
0.07484017609940091 0.08533707462189849 0.09795119197380034 0.11260513087006147 0.12947036282112265 0.14908950689177192 0.1722337369176583 0.19979772682878172 0.2330577157835789 0.27546932245420375 0.3300503456788167 0.3996583107285498 0.4853733716633739 0.5799071315474222 0.6513500913937441 0.6433340377648753 0.5729255774506168 0.49693648901227067 0.4344087305500402 0.38317407293770267 0.34033973905337805 0.30345254515122616 0.27121331449730657 0.24247770673397387 0.21639294756902247 0.192341211460638 0.1699358322478848 0.14902799930079866 0.12973010542437355 0.11286873067807988 0.09865045714506236 0.08674377558056821 0.07702339833255169 0.06854332751906422 0.06242723616871877 0.05890464336851664 0.057525344125410514 0.058117186592788216 0.06110070188005699 0.06673073651979838 0.07448571619608607 0.08430676071002864
0.0803368343919403 0.09148596462229372 0.10469387872364248 0.11931051294343423 0.13534240677840664 0.1536166855125878 0.17506565247228498 0.20062108861462905 0.23260638586855842 0.2742053067373706 0.3269225247612387 0.39565756560614146 0.48740066697048207 0.6056587676855884 0.73261370667158 0.716234101457426 0.5893904804435759 0.48842470960894685 0.41549990428442457 0.3592351251114972 0.3146278381802072 0.2774872064159479 0.2457263883306396 0.2178488307184272 0.19281548802747214 0.16993009596626682 0.1487719749228563 0.1291927558489421 0.11124763668895654 0.0954980936757216 0.08239388157644432 0.07164509406637526 0.0631972861571934 0.05616742046405341 0.05092802117902596 0.0479273555148005 0.046671097468659994 0.04693473425177463 0.048948247323992194 0.05305228559744987 0.05955629750797913 0.06794992391585448
0.0848599873192216 0.09661180222467015 0.11059668153157193 0.1243969836568355 0.13809400033973254 0.1535511209321009 0.17160991706485762 0.19327684432580985 0.2211003917990814 0.25596491908259555 0.3003342127984927 0.35887259314978837 0.43799252867009136 0.5446308611636306 0.6782139851233758 0.6667201565617984 0.5428230442779566 0.4477563398784537 0.3794090682755929 0.3269493521678221 0.28573073597192256 0.25160322454253353 0.22250840679444178 0.19700780493768769 0.1740743089559058 0.15303297303812527 0.1334737821383189 0.11527244963588013 0.09852100712889134 0.0835851988265303 0.07106373299002856 0.060994016810136976 0.0533538762110719 0.04720403445227884 0.04251764975815156 0.03970670084290887 0.038596405598574794 0.03883225758027619 0.04027663560668282 0.043299816803116814 0.04823412221599003 0.05536670227153047
0.08760642171517515 0.099362804357056 0.11472076977652955 0.1261633882791304 0.13631298217386772 0.14815297568691124 0.16181215281959807 0.17862092702730703 0.19927870954543608 0.22364312592971725 0.25396937202775643 0.2938619261747729 0.34682138643892807 0.4128747006901181 0.477276421530343 0.4860288752873632 0.4387947430586037 0.38162020913395833 0.33117445786509314 0.28964039556253873 0.2557728230390138 0.22705630215804784 0.2022002604558175 0.18015882762249646 0.16006459870284878 0.1413128959439996 0.12352636925459669 0.10662402427229467 0.09077573826918277 0.07635287856866958 0.06407448218793431 0.054186166239149576 0.046666571790490115 0.0406171768469479 0.036263130779442494 0.03368259138129445 0.032791174866248454 0.033091090063655994 0.03430682907169923 0.03659584773104602 0.040370560941890586 0.04604000585901692
0.08860512541441205 0.09896820554396565 0.11105101806892133 0.12149671502899176 0.1301982024475501 0.13895388825418334 0.1487956458056338 0.16022087904393115 0.17224078789035063 0.18481553012797547 0.19941277280211353 0.21888147358862212 0.24647213988140557 0.28549340625403585 0.32409951550851546 0.3415637646492764 0.33292234109552793 0.3099150990473525 0.28073508987244117 0.2523002565146076 0.22734740264761444 0.20514434618050828 0.18537070522041166 0.16747176538655534 0.15076223213011522 0.13465963486826493 0.11877931269833593 0.10306811445147958 0.0878083242618246 0.07350581346083551 0.06101475669514211 0.05066900061784979 0.04240136494562344 0.0357759049106992 0.03148930307872447 0.029479545890569597 0.028941093262586412 0.02936727023089543 0.03047172011505608 0.03227023677154713 0.035216153527441486 0.03968520833595053
0.08847950400962364 0.09675700608908226 0.10583555593538961 0.11427108950216945 0.12142889957393618 0.1281135502421216 0.1348018524837797 0.141233256601428 0.14590471028526297 0.14868438630208333 0.15015737229460985 0.1526260541695371 0.16361848205082244 0.18923649565986028 0.21929570092579223 0.2413594210576676 0.24990266428047375 0.2470585029226068 0.23551047047635482 0.21929717088669415 0.20267575785739483 0.1869075555613429 0.17242951278046362 0.15908793398627472 0.1462838657384879 0.13328558180338473 0.11955534026938884 0.10498290471615392 0.08996508362310826 0.0751579061071415 0.0616732040795483 0.050204699285990334 0.04061339307255213 0.03261338331058238 0.027847812813299216 0.026919094856420543 0.027029900008817165 0.027527100331238407 0.028470386805128964 0.02990052603463245 0.0322024416975619 0.035802942696495636
0.08780414394369633 0.09409564866054708 0.10079020877315835 0.1070564644594684 0.11266757487158763 0.11753951242769627 0.12162185386782705 0.12406095349714095 0.12358975255890746 0.12007231666525389 0.11356532938317247 0.10497186739679791 0.10527647821259578 0.1269621358488727 0.15242886007544398 0.17452323645885517 0.18962100418671995 0.197412407443407 0.19750015685999178 0.19192625368821206 0.18303254507485808 0.17292776557561812 0.16355604596671047 0.15509910914990577 0.14689443671058575 0.13774247979778032 0.12657095891335038 0.11298474346991057 0.097540592386412 0.08148051685066846 0.06644859563313206 0.053510598773962983 0.04231973187637477 0.03267007607398494 0.02634973168384213 0.02684468840690781 0.0272764996957315 0.027635384104073128 0.02822585619101823 0.029263320061954923 0.031000648590553737 0.033911771218211
0.08701798769152035 0.09153543256831212 0.09638662974643131 0.10111962340699412 0.10525707088376848 0.10847220979493791 0.11051724204505967 0.11018612645413305 0.10678144909823924 0.10042957787112282 0.09150008541991272 0.08148286345794853 0.07934183668632772 0.09488582068794556 0.11372134068515799 0.13197682651714537 0.1477761574298239 0.1597407458877555 0.16633951930014568 0.16803098912058784 0.16600310642056318 0.1617797239600143 0.15729355364939274 0.15411375694046128 0.15164148149929899 0.1477885528268626 0.14030506978282037 0.12811850122572518 0.11194855983325493 0.09388365494744616 0.0765509088184726 0.061602426173150676 0.0487192231296473 0.03855391031531415 0.0324680801848492 0.03040695032975851 0.029838565263808747 0.029698266066071514 0.029802894496321987 0.030299241080791288 0.03140582411003131 0.03342960578557922
0.08648910856791633 0.08979953048796623 0.09342290901360777 0.09687321183204027 0.09969828245108947 0.10153277095833178 0.10203589284744603 0.09999893036923926 0.09524408117942698 0.08826113925209358 0.0800040546996536 0.07340360983222069 0.07307548857831782 0.0804878366845012 0.09241161618109438 0.10590193695875409 0.11947251717767084 0.13227911815430624 0.14203659462801188 0.14809649083215684 0.15067739748632233 0.15117588745521734 0.1519175363295777 0.1551035515836798 0.16054444536801504 0.16495918299023252 0.16367217400265047 0.15386655876576164 0.13632538329377786 0.11477085691168028 0.09370932390359221 0.07545381941330856 0.060052534988698544 0.04844184900460003 0.04092420204434686 0.03679644129411214 0.034672340152587584 0.03357807567179905 0.033058111617462194 0.032875317280152444 0.03304673354487642 0.03413775944283798
0.08706374944311274 0.08945805554656724 0.09207107222397606 0.09445053264434775 0.09617486056275203 0.09690308962009231 0.09627713595404172 0.0932143559206413 0.08789191500512825 0.08103438455542745 0.07371030752926978 0.06885161336736051 0.06837227419481698 0.07242815627520613 0.08000419760957497 0.08976938314490616 0.10077956319774035 0.11259691014192355 0.12375996339189503 0.13234902970717027 0.13789822401905644 0.14131904457054867 0.14535303534661878 0.15553796824369376 0.17362009408961251 0.1923308216297503 0.20230555458893013 0.1966420688973547 0.17596269932826258 0.14773468158794442 0.12019261701186064 0.09607850414239605 0.07645932859949219 0.06188967084073436 0.05193343702546466 0.045561675155870326 0.04156499514920937 0.03901905914556399 0.03736919789667789 0.03632300123908167 0.035758775785589135 0.03602304548493696
0.08904231542865898 0.09066976433531014 0.09244744603677717 0.09393573760051173 0.09473964530915699 0.09456045916105463 0.0930696106425506 0.08931718706204257 0.0836586030191025 0.07690225072050867 0.07007334377771209 0.06578831676639602 0.06484645870758995 0.06711993341373898 0.07216708147401231 0.07941268216535749 0.08839704987803422 0.09889997273575112 0.1103958199751536 0.12065523924937034 0.12855948143868 0.13408359230419686 0.13833083278763877 0.15379225881383105 0.19109139777545733 0.23234592224999245 0.26331930211808213 0.2660531850880215 0.2377483351519028 0.1963779982768536 0.1571603228666721 0.1237969974085974 0.09780448390281267 0.07870694655596328 0.06525625894929768 0.05603541228272009 0.049761444720809365 0.045454505614999155 0.042461399746051565 0.04038236703846484 0.038999676038341896 0.03860714674803277
0.09260959151368649 0.09361068670926925 0.09469243824188645 0.09542557174100125 0.09542894906505119 0.09444305267838624 0.09220290369879014 0.08785130423386814 0.08182041881128757 0.07491193273367114 0.06813967382605338 0.06385746074685099 0.062385678797892974 0.06351361458322666 0.06699168934021388 0.07257282618711398 0.08009867133979305 0.08956911384986181 0.10089777552285757 0.11253867478856487 0.1232284559301557 0.13271315574146536 0.14184862993947908 0.1649718045908886 0.21882963401766908 0.2878759642029496 0.3571167714954249 0.3761956177677873 0.3243650774820271 0.2579374290381356 0.20051459301879035 0.15541714161113987 0.1217159182454659 0.09723986029528128 0.07978705627063486 0.06745774643869118 0.05874540470973839 0.05254081162387277 0.048079899359142 0.044861557951624095 0.042584436962963254 0.04150675441224285
