_RESULTS/REVERSE_NEW/Berg/IZ/1comp/Berg_IZ_z_125_kriged_reverse_1comp_test1.asc
ncols 100
nrows 90
xllcorner 5.6208706962070707
yllcorner 50.959635321741573
cellsize 0.00013436758585859339
nodata_value 1.7014100000000001E+038
[rows 38 to 56 of 90, columns 0 to 42 of 100]
20.447267028286866 20.79675480628503 21.158699499886907 21.515602326755413 21.847270064163656 22.13361933521712 22.358089705431038 22.51006270339195 22.584523505721744 22.57889194849218 22.489599374152096 22.31167780064241 22.04195461109614 21.683085343782064 21.245230441080228 20.74463579714972 20.200677796445817 19.633231901163942 19.061215199622232 18.502191275305684 17.972542172449792 17.487749308006432 17.062508801443062 16.710584546683975 16.444423370148975 16.274612811153645 16.20926335856815 16.253364838582055 16.408127901047965 16.6702994084124 17.031447540531566 17.477249204266936 17.986872209259385 18.532621859531464 19.080115769214437 19.589344116853187 20.01694481400961 20.319593165022905 20.457538897526323 20.397168543792755 20.11351002159523 19.595540354513812 18.854091204850103
20.604581507592833 20.967115474141202 21.338033309439812 21.698242320539148 22.026358768112395 22.30209013806487 22.510031892522914 22.6417386837136 22.694119490027635 22.664837544300596 22.5486014240993 22.338079169361396 22.02893174034467 21.624660532206615 21.13768291724118 20.58673903871224 19.993123382100215 19.377869113550734 18.76050375001168 18.15896313533648 17.5899981671714 17.069567269483745 16.61295340703888 16.234545832127992 15.947352533739052 15.762359025592978 15.687836700307964 15.728657005132712 15.885619626838052 16.154780448490328 16.52677909185164 16.986210622138167 17.511146115423895 18.072968258706847 18.63674631648361 19.16242149532383 19.60703709919004 19.9279430643395 20.08629495468459 20.050004374338965 19.796610011398545 19.317894486227345 18.626102422046813
20.766112938342008 21.13992331689486 21.51764134823313 21.878730226042734 22.200918602849296 22.46420580589703 22.65497524720613 22.767467465007627 22.800585186222406 22.751755371264355 22.613206540704343 22.374637899772427 22.030294230472663 21.584497051414715 21.051894835636357 20.453617100748993 19.81275998386605 19.151474856743988 18.48996898017618 17.846704859853215 17.238992984073708 16.683447286457493 16.19606910757436 15.79194240754242 15.484648072491838 15.285543675498548 15.203025475030987 15.241826436851508 15.402348164414112 15.680005372529768 16.064586681221947 16.539691562019623 17.082365532949865 17.663102631247593 18.24640930958516 18.792129856220388 19.257685380471514 19.601153605316807 19.78467024301905 19.777467623302744 19.558758214394597 19.121725250176297 18.478606282387393
20.923579729008264 21.305455679708697 21.686423919978473 22.04480743364696 22.35791283832125 22.606627671248646 22.779687624358694 22.874275435626686 22.891048281584673 22.826596300799167 22.670108798460355 22.408106945845816 22.033505010549685 21.55153469991862 20.978973408126123 20.339080996821533 19.656488470166426 18.954299920761283 18.253359866717076 17.572702290370476 16.930276852036304 16.343422382363638 15.82889050473513 15.402446861724481 15.078197038784005 14.867808234566915 14.779749221161131 14.818592558873094 14.984361642412741 15.271892261995076 15.670217455817337 16.162053579299716 16.72353054987025 17.32434181425539 17.928483111299425 18.495717698753232 18.983844195714042 19.351671238789407 19.56226776322722 19.585904095368377 19.40275222924738 19.00631581327977 18.407733474831975
21.067275486085 21.452685351596706 21.832269850734804 22.183719530426863 22.484545435142547 22.717100173074243 22.872718122963313 22.9512280209742 22.954337210525694 22.877196332785136 22.705927588614486 22.42439497284166 22.024762508646248 21.51334885445223 20.908764033742624 20.23587063982887 19.520339670847395 18.785890626157727 18.053824453943285 17.343666851539762 16.673969236368894 16.062759019547673 15.527483065072337 15.08451358877495 14.748396910026894 14.531033699561213 14.440912574184672 14.48242698756661 14.655241394103061 14.953668457513386 15.366073120104856 15.874401204521185 16.4539967828161 17.073889786658306 17.6976980774756 18.285222628315307 18.794740135223854 19.185863911247143 19.42259109574446 19.47602288054302 19.326764057279235 18.967838232358016 18.408436237280434
21.187091784339923 21.570554803739125 21.943580741346498 22.28393949961447 22.570061577169646 22.786146695073423 22.925816843288267 22.990525329549897 22.981890911646836 22.893255871403884 22.70846482526399 22.4101364883888 21.99074724961247 21.457863042248164 20.831341482515366 20.136802754001646 19.400219497887043 18.645415408149617 17.893829906154657 17.165279221876105 16.478769094139885 15.852885959191958 15.305647913437465 14.8539181201147 14.512585586358865 14.293712347600863 14.205764221362621 14.25294091614482 14.434557758848749 14.7444368711772 15.17033346860059 15.693514664163041 16.288672835546294 16.924355187842934 17.564023826901686 18.1677653603164 18.6945860318392 19.105127823711484 19.36445508443712 19.444459072429332 19.325874230870795 19.000700962216836 18.475537347886515
21.27362335759967 21.649213835407853 22.01053108438329 22.336247086432888 22.60636391116594 22.80695871990978 22.933029117787992 22.986074898411562 22.966374954321942 22.865582573954537 22.666868226815115 22.35367245859756 21.920060929142764 21.374857752544735 20.73830933261466 20.03571249222431 19.292438564997667 18.531783423048143 17.774902028031914 17.041600172631377 16.351098597277858 15.722337418427715 15.173729683393752 14.722487715836674 14.3837411588625 14.16964975758297 14.088622352892472 14.144647667222667 14.336682182324267 14.658055450167959 15.095931566348646 15.63096186012434 16.237321106072915 16.883298017802467 17.53251456983919 18.145730150258284 18.683102464517464 19.106709480790414 19.383009148152603 19.484844644936643 19.393010213984102 19.09818371670993 18.60391686711811
21.319143830360847 21.680950893114254 22.025757092141358 22.333888117842037 22.58733446747224 22.773712730328825 22.888169468881173 22.930670618575487 22.8993039921915 22.78472942751669 22.571427920994594 22.245735965789954 21.804352247978766 21.257139849134767 20.623764533972654 19.928097089790324 19.19400220954916 18.443593861200412 17.697272258288326 16.97446889234316 16.294314693776276 15.675841207014097 15.137639044601242 14.697104500085722 14.369496429534351 14.167005433900162 14.09794291819712 14.1660527288647 14.36989336506348 14.702261682583714 15.149712852476032 15.692325005071384 16.30389961462336 16.952742080586287 17.60304423870825 18.21675770088836 18.755771983698626 19.184179518152273 19.470335327702156 19.58838622865948 19.519330667090436 19.2524518997499 18.787994151598994
21.31831592429468 21.660737050771772 21.984564166084006 22.272270147938297 22.507932952732144 22.680188421080345 22.783313288186754 22.814821242325436 22.770547280591295 22.64122761358435 22.41432374780719 22.08040912631066 21.63924183018034 21.101302108711558 20.484835833075397 19.811416798009354 19.102677324813236 18.3789855710944 17.659538246535618 16.963011390625198 16.308107004043134 15.71364753588568 15.19814830595753 14.778993829670323 14.471433754797772 14.287595920391544 14.23562398508715 14.318948806312678 14.535655422583385 14.877935621322106 15.331698817909487 15.876496249092076 16.485933530432664 17.128671758133372 17.769972705625445 18.373607857453987 18.90389625533018 19.327642833860242 19.615724657920932 19.744079031931967 19.694220201308436 19.45416621785101 19.02079355619939
21.268626219729995 21.586521917663752 21.885078272932287 22.149073452989533 22.364529854719546 22.520697331187453 22.61061369004037 22.62942439201169 22.57142367692654 22.428465489494293 22.19180243239358 21.856473960806376 21.425015735821844 20.90801373643096 20.32176337440903 19.685063189762005 19.016887594316326 18.33547093679627 17.658441168300623 17.00336627772077 16.38817836546233 15.83117067445372 15.35049885678963 14.963299204585123 14.684625810632653 14.526397487311153 14.496466357794258 14.597833518546299 14.827998432235947 15.178458529449335 15.634449604675247 16.1750791619328 16.77399502437411 17.400627455018736 18.02188408533815 18.60405079669363 19.114626362894594 19.523864728063664 19.805823317450578 19.938767081732355 19.905135968645148 19.69197744577174 19.29295209927645
21.17060929210548 21.459463922608034 21.72866274995271 21.96518638872193 22.15679502662771 22.29327185816354 22.366771617459463 22.370965793079428 22.299697045888383 22.146603045871938 21.906602175835673 21.578489892831165 21.166811354860414 20.681780775384862 20.137549870039063 19.550058081905867 18.93551251686059 18.309834857864367 17.688842452383753 17.088708832823794 16.526283605654047 16.01901084543409 15.584378233934595 15.238992499010845 14.997464892258904 14.871289840856559 14.86783746339567 14.989509977703117 15.233082340502444 15.589274843934293 16.042663054898625 16.572062752166197 17.151482875015375 17.751608994487942 18.34161689678894 18.89101102421723 19.371191664747915 19.756539158592958 20.02487888502414 20.157292686486056 20.13757474973367 19.95221622013142 19.592032986758344
21.02788842320153 21.284091461986204 21.520432645085393 21.72588410965499 21.88981813326126 22.002786062487186 22.056847851125255 22.045379299853717 21.962763238951023 21.804613099288915 21.568790022057115 21.256704670677035 20.874008139586458 20.430179314199062 19.93728054591909 19.40858638905913 18.857673158372897 18.29816079690193 17.743948694856766 17.20961876033259 16.710678368967535 16.26342343496941 15.884356319301023 15.589236549513878 15.391928262972682 15.303219788620313 15.329748013555422 15.473107798945748 15.729205511518643 16.087936261703383 16.533298597729996 17.044057174096217 17.594983622237965 18.158555750892997 18.70683955666191 19.213202784100954 19.653552924994592 20.00691532366387 20.255299327354216 20.382953649930705 20.37539763780322 20.219046420742124 19.902452221922605
20.846970489514057 21.068182912995137 21.26934078913652 21.441207151036846 21.57474516510076 21.661642401457385 21.694674812479725 21.667904112703347 21.576875830293137 21.41902205763455 21.194267301623242 20.905543992626715 20.558847124514433 20.162701447672017 19.727266820924253 19.263483671812985 18.782577470750944 18.296015178675194 17.81579034341142 17.35479098247091 16.926990982122685 16.547280192423266 16.230871401538785 15.992346190630228 15.84448449729965 15.79704631564901 15.855651676799429 16.020871218023174 16.287625149323887 16.64499783958491 17.076580874707684 17.561416509811405 18.075501447436558 18.593650682675253 19.09138186286515 19.54643669653659 19.939634545217128 20.25491893375106 20.47865077837679 20.598393589230117 20.60164774194489 20.475239121832466 20.20620441026742
20.636712641748236 20.822162455295476 20.98746397656469 21.125012908992687 21.227375415481962 21.287673209707357 21.299952704393 21.259531381102825 21.163351039080112 21.010348142603647 20.80176606647716 20.54125843036538 20.234663726525955 19.8894760370261 19.514194003399695 19.11778978195578 18.70947311319357 18.298784766278796 17.895912371748402 17.512032564163675 17.159468025518223 16.851502104251654 16.601792591382527 16.423433064270714 16.32778974751966 16.323276410345024 16.414226584166457 16.600005139463594 16.87449057574618 17.226054308229443 17.638138504040825 18.09045791012081 18.56071514982017 19.026557971141656 19.467389006614532 19.865627078147647 20.2071355442137 20.480747590351676 20.677062981612377 20.78688996954579 20.799825199724964 20.703538847081894 20.484380497881276
20.40747098338554 20.558032046300394 20.688596810594024 20.79305078275708 20.865525713647454 20.900693930035803 20.89409663304665 20.842488003536538 20.74416629941537 20.599240373356402 20.40975588082105 20.179610000145267 19.91423840551271 19.620146745718756 19.304431456443318 18.974447192767744 18.637722299316 18.30212597106563 17.97619108621979 17.669429760120746 17.39246455452823 17.15683924601946 16.974453760015457 16.856660691947912 16.81313726762173 16.850690216026525 16.972163665025917 17.175615839018405 17.453920091459633 17.794924509591166 18.182251015542697 18.596709948325802 19.018155137297903 19.427449646542396 19.808118827588046 20.14729191369941 20.43569445231627 20.666713148680042 20.83482072697518 20.933818394946307 20.95538442307334 20.8883660026311 20.719214809211543
20.17007057308041 20.28808706461948 20.386609284540953 20.460850679670127 20.50638303636813 20.519359013859873 20.49677218403273 20.43673188904957 20.338709740984516 20.203699434345058 20.03423232045043 19.834217709907627 19.60862781761334 19.363104607735036 19.10360244705551 18.83617638990956 18.5669792891625 18.30245754668526 18.049660074344693 17.816522512023496 17.61197599992739 17.44576150541083 17.327897411724592 17.267829462627496 17.273365508229798 17.34954764806059 17.49763865427983 17.714403647215917 17.991855171588963 18.317592558947993 18.67578920049244 19.0487556538356 19.41884876736179 19.770354252343278 20.09090651573796 20.37207742206145 20.608970834854073 20.798940164907066 20.939792128397773 21.02795870796713 21.057092477440687 21.017428955926963 20.8961607024148
19.93480173206901 20.023728221063266 20.094033468999932 20.14206533534839 20.164631338281804 20.159162270295074 20.123900823063234 20.058094462553434 19.96215320054556 19.837724084988746 19.687642636968334 19.515749385873978 19.32660064916238 19.125142124600046 18.916434804430022 18.705514075096108 18.49742444777079 18.29741476832919 18.11121930082669 17.94530731196683 17.80697201686805 17.704154496172343 17.644953930524608 17.63684740376502 17.685712457620713 17.79479938327495 17.963831649651606 18.18842102282995 18.459966501682075 18.766154917748995 19.092085874171747 19.42190547425389 19.74067693538759 20.036093488790662 20.29961335312591 20.526709036157854 20.71615447124108 20.868538462850008 20.984389454467504 21.062368898607243 21.097945647912248 21.082845479858893 21.005438158025328
19.710619966561758 19.77459290305387 19.821137874516165 19.847521290580975 19.851537496886202 19.831628172733005 19.787012623204923 19.71781236552605 19.6251388463394 19.511107998692008 19.378754791448845 19.231844894650525 19.074612578484473 18.91148266293243 18.74684791226491 18.584964283424636 18.429994902588213 18.286187175923978 18.1581189823278 18.050914069033684 17.970315695366093 17.922526990648095 17.91377350991548 17.949607285663177 18.034037570286095 18.168628061490686 18.35173479551694 18.578067566524293 18.838734828248935 19.121869768108176 19.41382871923825 19.70081098738429 19.970603863458887 20.214063228377587 20.425955509756932 20.604930401050936 20.752620669704015 20.87208711905873 20.965971141532076 21.034764453159394 21.0755700140995 21.081628367624266 21.042743908928912
19.50464467361349 19.548087805817463 19.575528369916228 19.584932360637485 19.57482369620289 19.54437561311678 19.493502348557136 19.42293792202021 19.33427773999848 19.229955675435424 19.113137974641184 18.987535203548063 18.857158924558544 18.72607201092325 18.598191451651918 18.477194506400714 18.366553022797163 18.26968236546322 18.19015086779277 18.131864918343712 18.09913415530521 18.096536467855344 18.128542430818133 18.198915460577254 18.3099651452943 18.46178412569698 18.651632965655786 18.873644234121436 19.118988893857075 19.376578670791133 19.634267396729406 19.88037790318962 20.10525651544465 20.302497718565093 20.469529070889553 20.607397258778438 20.719793839939324 20.811532219652857 20.886795724966248 20.94751764451252 20.99223486541069 21.015677795618277 21.009226432233984
