_RESULTS/REVERSE_NEW/Berg/IZ/1comp/Berg_IZ_z_500_kriged_reverse_1comp_test.asc
ncols 100
nrows 90
xllcorner 5.6208707817415728
yllcorner 50.959635321741573
cellsize 0.00013419651685393446
nodata_value 1.7014100000000001E+038
[rows 36 to 53 of 90, columns 0 to 41 of 100]
0.06615465285433897 0.0729408425783659 0.08088418791613587 0.08985577672186196 0.09953630797341635 0.10938096569787215 0.11863169850826417 0.12639774116694505 0.13179988642809315 0.13414172253341689 0.13305479768117467 0.12857514650525345 0.12113281997928724 0.1114590258473598 0.10043699103762865 0.08894103305641057 0.07771021059417246 0.06728273017772848 0.05798915193865674 0.04998436376464495 0.043295540308210353 0.03786989808291975 0.033614374824840115 0.030425372014107263 0.02820978214660273 0.026899539300130972 0.026461849295889663 0.02690663004163754 0.028291642538619554 0.030724126740020053 0.0343551296741729 0.03935891237784928 0.04588543172446318 0.05397162500866756 0.06340363506433495 0.07354743898361937 0.08321562718937792 0.09069463709039384 0.09405987467920662 0.09179260156310533 0.08350075902246679 0.07034888808533915
0.06887421368444648 0.0762298178337727 0.08477819310414067 0.0943355311932142 0.10449718623022025 0.11460841875206809 0.12379652973859957 0.13108280371100983 0.13555848519889946 0.13657393623399908 0.1338809321286387 0.12768751373944082 0.11861220010512355 0.10754953651609363 0.09548621179019318 0.08332619650884905 0.07177476125095916 0.06129805458977986 0.05214260369556041 0.04438583061210298 0.03799286058841043 0.032865752124992514 0.028880649001046466 0.02591363898981276 0.023858022303327668 0.022635786251632956 0.022205484289710555 0.022567906142529532 0.023769889381388985 0.02590508370888545 0.02910808449656684 0.033534948422650625 0.039319343542900086 0.04649206798570435 0.05485824638658402 0.06384967647435827 0.07241354201388917 0.07904577237200908 0.08207682012422786 0.08021474456388004 0.0731596630349251 0.0619392490591474
0.07200296790118274 0.08001238185230286 0.08926055410665135 0.09950443290511357 0.11024704521919114 0.12071574332681725 0.12991713781118702 0.13678283248822473 0.14037667663845002 0.14009894856491675 0.13582343701143154 0.12793040295490685 0.11722574515298098 0.10476464032478873 0.09163356578061191 0.07876395452967049 0.06682893455149953 0.05622825894351883 0.04713218885128877 0.03954808971950712 0.03338440176924272 0.0285008389168579 0.024743414449152963 0.02196723151225652 0.020050817249371338 0.01890514421088864 0.018479546058918748 0.018765846102476325 0.019801031540351954 0.021667378031672825 0.024486711841058512 0.028402391107078106 0.03353928502594045 0.03993099235939457 0.04740998305898851 0.05547734428775014 0.06320687934973172 0.06927768795291354 0.07222669322767122 0.07092142695055839 0.06508667424435427 0.05558279820717153
0.07550491504673264 0.08423508359708123 0.09425464897489597 0.10525665688722781 0.11664568813467735 0.1275258311475946 0.13678137916339814 0.14325758185782012 0.14599670031278225 0.14445288199020834 0.13862210754799936 0.12905471833813395 0.11674111890354484 0.1028935132870782 0.08869416986964158 0.07509945999290522 0.06275109865707393 0.05198640364736807 0.042904948192028135 0.03544934782738318 0.02947521473163195 0.02480207343092704 0.02124664878002221 0.01864321177291613 0.016855539521547485 0.0157838560297248 0.01536898619637239 0.015595059747566703 0.016491172183888316 0.01813105576215295 0.020627706281550348 0.024116995052468285 0.028721277612962233 0.034483224714222396 0.0412662505718845 0.0486370050750974 0.0557789505966034 0.061519726246300144 0.06455160874381446 0.063844585470316 0.05910697020498983 0.051033581278752446
0.07927601104481084 0.08875436505050498 0.09956660360926146 0.1113377784499007 0.12337116206753791 0.13464879261702944 0.14394016733592743 0.15001671085325932 0.15191094638362557 0.1491360009466639 0.14180716268938234 0.13063720294253475 0.11679169565357947 0.10163004034564889 0.08642134880606843 0.07214119515731272 0.059398833486473616 0.04847217337910979 0.03939521967719965 0.03205109326783053 0.026246846393465553 0.021764849396909113 0.01839462613988944 0.015951194154458784 0.014285010488748048 0.01328704627422533 0.01289128922415544 0.013076103905117943 0.013864987693416243 0.01532593739661152 0.017566584985044653 0.02071944426889201 0.024908740950363596 0.03018960337751816 0.03645619708485793 0.043332933595998296 0.050093043747406814 0.05567848952763667 0.0588920520433996 0.05876275491655183 0.054959493485368854 0.04802676028392688
0.08313473468177639 0.09332533329181572 0.1048727784256676 0.11733227010979519 0.12990947561873067 0.14147666573926854 0.15070955191431593 0.15633018583534583 0.15738001757296904 0.15343699360047808 0.14472839495502307 0.13211314531636106 0.11691099881013169 0.10060658454814411 0.08453738493540025 0.06968712008725185 0.05662996351044132 0.04558821295937683 0.0365372986489506 0.02930837664649388 0.023666563232052906 0.019362386692288337 0.016162328884454943 0.01386548499414761 0.012311780164882017 0.011385377323419129 0.0110156765536789 0.011177471399053543 0.011890945609275743 0.013220865800608602 0.015272278744576293 0.01817724699324731 0.022064351857569886 0.02700200839128234 0.032912131937057304 0.039467056102407104 0.04601024597054617 0.05156821992026925 0.05501868718782426 0.05541887799967479 0.052386462049699586 0.04633359770981674
0.0868242816912311 0.09760761830774897 0.10973171549233546 0.1226846686724938 0.13558826885990835 0.14723182523085854 0.15623359535599518 0.1613021853302817 0.1615120171688393 0.15651175042191687 0.14662868323008807 0.1328412023664217 0.11658653588403271 0.09943577515620383 0.08276365480541216 0.06754486623581142 0.05431532234359723 0.04324819905211416 0.03427133710150737 0.02717560047398189 0.02169454609319314 0.01755530497286271 0.014507901986680229 0.012340559920932519 0.010886544543762486 0.010026233742464695 0.009686911335133714 0.009841986188826897 0.010510444388052176 0.011755986475232238 0.013683241731528618 0.016425689860870563 0.020117153295748088 0.024838055092631154 0.03053292717938279 0.0369111303693483 0.043368427667685075 0.04899170259336223 0.052707432865584394 0.05358086123580027 0.05117348335551277 0.04578117045921042
0.0900318355297857 0.10119567857819554 0.1136298905783217 0.12676523973745574 0.13966548351670374 0.1510786148753204 0.1596147448426024 0.1640124941066202 0.1634057754443731 0.1575195165004256 0.14676520784484048 0.13220350889615254 0.11533548992673445 0.09776215753089261 0.08085186163331048 0.06554796084960028 0.05234561400296367 0.04137919314385466 0.03254482051512448 0.02560950106317705 0.020289686135977418 0.01630072967714769 0.013385025299489333 0.01132636880482652 0.009955962121902869 0.009153681612116963 0.008847160367905123 0.009010479841001638 0.009663357722735548 0.010870326341599661 0.012737310686024248 0.015400262812568958 0.018997808774512275 0.02361930665016564 0.02922497476197898 0.03554957211389297 0.04202502985937836 0.04777987324761275 0.051771897514667 0.053063313607090906 0.0511594321540279 0.046252612602117014
0.09242695036845536 0.10367500092640168 0.11606093297471941 0.1289762054643481 0.14146344555607127 0.152281656944382 0.16008881740204053 0.1636989508028628 0.16233166452859388 0.15579289428105184 0.1445588972196085 0.12972598742817873 0.11279164930555047 0.09531739644171561 0.07861375399110539 0.06356815962292531 0.05063398846744556 0.039920398467687884 0.031311458024212514 0.02457036144451645 0.019413982026456434 0.015559874608940554 0.012753233224953964 0.010780807212648553 0.00947675586549946 0.008723842319052695 0.00845246278024078 0.008639326772663783 0.009306693624870433 0.010521641294063563 0.012392728906377519 0.015058690740826771 0.018661253336367555 0.023293904392944143 0.028923905857575108 0.03529914307382104 0.041873398151869634 0.04780335090652719 0.05206881341352262 0.05372633448499744 0.0522295013338427 0.047676920108632594
0.09371457405963765 0.10469557423515559 0.11662338723590336 0.12887522243655422 0.14051568169922743 0.1503699213861615 0.15719857250886216 0.1599333756825601 0.157903317648786 0.1509974625600241 0.1397323946993976 0.1251864737398529 0.1087805874455394 0.09196544847331618 0.07594324779395956 0.06152260915519175 0.04911538642945229 0.03881994655111241 0.030528680668316502 0.02402182731099945 0.019035102210271004 0.01530308915234938 0.012584895956422077 0.01067806646014362 0.009425001562474193 0.008714870542086025 0.008483310020921796 0.008711640083245466 0.009426440456521218 0.010698872784436762 0.01264099900665498 0.015393705149693184 0.019098604585263215 0.023846589179358266 0.029601607735478774 0.036111996098697516 0.04284124099141948 0.04896613886613113 0.05348726330745107 0.055461058408777096 0.054298497974750434 0.05001203919716859
0.09369098098570885 0.10404418215986724 0.11510999701988694 0.1262798571376981 0.13668243687525425 0.14525813498503992 0.15091647141757342 0.15274182264869923 0.15019066768631537 0.14323135248212152 0.13239026053579026 0.11867275269440464 0.10335676832049841 0.08772271684429313 0.07282453041047171 0.05937450832389644 0.04774351931805183 0.03803092436777423 0.03015442343205782 0.023929277744460974 0.01912653719697539 0.015511603821933583 0.012868217379263618 0.011012550011416274 0.009800717418615842 0.009132076359123532 0.008950235958140637 0.009243285180193593 0.010043904552350316 0.011428566008637404 0.013512904836365325 0.016437901710170982 0.02033982229594667 0.02529802097477925 0.03126123534450932 0.03796589525686979 0.04487623326868545 0.05118736351728093 0.05592759658001712 0.05816681840106027 0.0572873353925408 0.05322199122431422
0.09228677654141373 0.10169330381576969 0.11155952023602463 0.12131828440896439 0.13019662202704266 0.13728607085517908 0.1416767350786427 0.14262813838310573 0.13973218677303478 0.13302417466619004 0.12300660689007123 0.11056474709543952 0.09678640733208649 0.08274490782246591 0.06932316830443679 0.05712715468079092 0.046486425066796934 0.03750755061476007 0.030143602660225283 0.024256631719333923 0.019664886419683666 0.016175436868054092 0.013605839384891164 0.011798191737172675 0.010627864570033636 0.010008534126886496 0.009894905122990207 0.010284228040192418 0.011216953162284566 0.012775431904588238 0.015077563093680732 0.018260225116141993 0.022446493297346503 0.02769293839986077 0.03392036674741713 0.04084275511397544 0.0479210234991669 0.05437413753651953 0.05927330975758228 0.061722628825266676 0.06109423708407702 0.057248065218089894
0.08958322358326565 0.09780999509944749 0.10625254941665388 0.11440704974756488 0.12162093085677136 0.12715544449151037 0.1302941308537936 0.13047687339077368 0.12742515405648414 0.12122168169136371 0.11231556520694512 0.10144262617351055 0.08948019203985084 0.07728434269086595 0.06556280788776175 0.054813005229348635 0.0453216528843983 0.0372022069881347 0.030444720285241485 0.02496175701579547 0.02062419305438849 0.017287152972262475 0.014808560229326315 0.013062529169481345 0.01194896268983898 0.011400209053252177 0.011385501770408644 0.011913712072097652 0.013034257924047173 0.01483468382161949 0.01743168670675384 0.020950980797660623 0.025491723296935682 0.03107475685565991 0.037581082228699055 0.04469583233334382 0.0518795222880232 0.058388553974075594 0.06335937447350573 0.06595630617058652 0.06556330236359509 0.06197561493414345
0.08579634855517079 0.09272134034710154 0.09965178365014997 0.10616111302740425 0.11172545313310991 0.11577621579615227 0.11778330572542065 0.11735363942082158 0.11431954403604541 0.1087894269267769 0.10114085171837237 0.09195329835270676 0.08189978827254306 0.07163228454662085 0.06169472573100966 0.05248066648763515 0.044232097742496236 0.03706389141658147 0.03099725734080157 0.025991234933547217 0.02196793402904415 0.018831677838707338 0.016483787021066357 0.01483447936627794 0.013812571354729469 0.013373158984065586 0.013503292583072712 0.014225465022185458 0.015598116848473178 0.017711244554800495 0.02067398080859449 0.024590642452215383 0.029523458991474016 0.03544471529303539 0.04218736864698532 0.049408313786892144 0.056579112977020625 0.06301460439707654 0.06794324202381632 0.07061743362066691 0.07045635812658933 0.06720170005277384
0.08123412979511975 0.08684811534799461 0.09230680664226247 0.09726600774961733 0.10132599959729548 0.10407325382681001 0.10514060206152646 0.10427458769792528 0.10139233837062456 0.0966095437765266 0.09022788518398166 0.08268322936407003 0.07446993932957366 0.06606450054335913 0.05786887216503481 0.05018292959839094 0.043203263616027575 0.037038519461114014 0.03173078690552479 0.027275966426689884 0.023640330923853217 0.020773522848339596 0.018619348085771408 0.01712544846998019 0.016252156396416848 0.015980217922961403 0.01631674701638862 0.01729848383135629 0.01899089037090606 0.02148086829664014 0.024860479258852982 0.029199958464880937 0.03451134887313316 0.040708859578274234 0.04757627024910847 0.05475213604741749 0.06173891705727506 0.06793542068916338 0.07268864817694054 0.07536405547300638 0.07543809943750795 0.07261380195760148
0.07624053631253765 0.08062820449409265 0.08475452981068207 0.0883545651661129 0.09113841787590943 0.09282230255932715 0.09316934771887518 0.09203225076772042 0.0893864295980506 0.08534267455286537 0.08013346532446324 0.07407563630959388 0.067520192956251 0.06080368157436616 0.05421292211558483 0.0479681161086509 0.042222331896459554 0.03707127274630056 0.032566791710573 0.02872965871105918 0.025559833992618138 0.023044581845459485 0.02116559244137575 0.01990603217746466 0.019257678354438763 0.019227538786771508 0.019842813925017196 0.02115263580659591 0.023224609115573475 0.026133986938906843 0.029943964768431766 0.03467781206421301 0.040287408133827626 0.04662661900375335 0.05343883568259978 0.060363666229188276 0.06695975992877737 0.07273468620724882 0.0771744125177653 0.07977456470080675 0.08008654759769507 0.07779335648879365
0.07114254263635517 0.07445162139332856 0.07744344015335952 0.07992300304604529 0.08169035744596082 0.08256224276974788 0.08239796171655132 0.08112430573653372 0.07875279800129309 0.07538331601623637 0.07119167267289714 0.06640382186061872 0.06126372071448078 0.056003399536849165 0.05082189028520383 0.04587563249815578 0.04127895211834092 0.037110820115261296 0.03342378046301676 0.030252139720333738 0.027618276553947444 0.025537393912201067 0.0240217048728636 0.023084874102208514 0.022746833176235246 0.023038245975443968 0.02400318158467383 0.02569805350317031 0.02818472224387289 0.0315161865099772 0.035715053945652595 0.040748205234718754 0.04650477931481264 0.052786312171371315 0.059314821234392 0.06575669896315536 0.07175172093552445 0.07693379460375771 0.0809368016958969 0.0833921745686387 0.08393711627955437 0.08225553322337488
0.06621218093261094 0.06862065029189968 0.07069549060412876 0.07229896942651166 0.07329985267992571 0.07358756087395053 0.07308746759434792 0.07177420940193216 0.06967929838881803 0.06689011852106269 0.06353959555754704 0.05978869423586622 0.055806140879756286 0.05175034657175164 0.04775724086413739 0.04393536687929068 0.04036726526236139 0.037114746766184786 0.0342253970826263 0.03173834032273184 0.029688413662643555 0.028108944297138342 0.02703387468748199 0.026499904999937023 0.026548729750848266 0.027228618960501164 0.028593832775616102 0.03069993356335956 0.033593290310437375 0.03729437357012254 0.04177708677850702 0.04694986642708964 0.05264674903995701 0.058635318784440484 0.06464198086189957 0.07038569181937704 0.07560498990144042 0.08006516234405707 0.08354275608399443 0.08579817149521253 0.08655729382873062 0.085525516201356
