_RESULTS/REVERSE_NEW/Berg/IZ/1comp/Berg_IZ_z_90_kriged_reverse_1comp_spherical.asc
ncols 100
nrows 90
xllcorner 5.6208707817415728
yllcorner 50.959635321741573
cellsize 0.00013419651685393446
nodata_value 1.7014100000000001E+038
[rows 57 to 75 of 90, columns 0 to 42 of 100]
0.701482290839184 0.7081902807819259 0.7137663107304616 0.7179893221630383 0.7207218722800499 0.7218937483226903 0.7214886717674814 0.7195376567048537 0.7161173586672055 0.7113492658260342 0.7053959024195081 0.6984525242856744 0.6907366417257116 0.6817037192779213 0.6691395598769683 0.6552562663894497 0.6413509513498107 0.6283032148253334 0.6162981066978563 0.6057096353721537 0.597274417990234 0.5916731727774089 0.5893773284083242 0.589672233350575 0.5926625071701938 0.5986206171286679 0.6077142430136564 0.6199649880548653 0.6358361884547576 0.654865861299553 0.6744028045329244 0.6922477273531725 0.7061059022360938 0.7143626211396312 0.7166820715002398 0.7138492298807992 0.7066636052574994 0.6955925547589233 0.6808542640135875 0.6625691769955752 0.6408766333657906 0.6160021928412487 0.5872527658558878
0.6821922412215946 0.6873610512608402 0.6917547043001934 0.6951668546553421 0.6974602786858244 0.698559092532841 0.6984407987354827 0.6971303889907468 0.6947128252278204 0.6913339541489707 0.6870664933301442 0.682023624360166 0.6763560646630706 0.6702379331190419 0.6629990364640469 0.654083918540228 0.6448772767630196 0.6360766988832491 0.6277839211320855 0.6207321322542643 0.6156521164384168 0.6130384937802701 0.6123111766051414 0.6136189594943504 0.6172331497327511 0.6233385930670251 0.632001778290495 0.6431238303730836 0.6563994970014697 0.6717838699920298 0.6871604358216568 0.7006197390328822 0.7106727228070316 0.7162628485842312 0.7168363494678786 0.7125805458396967 0.7039529910311038 0.6913561854039432 0.6750910271560117 0.6554063028915846 0.6325659710960012 0.6082874309578056 0.5847276738840459
0.6661517978317768 0.6699057596886523 0.6731965368632976 0.6758352972576745 0.6776943564038529 0.678968711505987 0.6796720151729463 0.6796428003244614 0.6787874766653702 0.6770808498448813 0.6745619838097257 0.6713212663730376 0.6674735553631682 0.6631169312702924 0.6583145119673419 0.6533021290132459 0.6478678091257856 0.6423644408164728 0.6375209908851509 0.633859872740457 0.6317206266357376 0.6307189910149285 0.6311375846710454 0.6332517426606663 0.6372639480656925 0.6432846213531139 0.6513042380378378 0.6611570602097623 0.6724797334288765 0.6846824256379423 0.6964539076154671 0.70622967775679 0.7129715768542023 0.7159236355452817 0.7145288652117475 0.708692087526658 0.6986609824459158 0.6847474892908537 0.6672625786794308 0.6465159680536143 0.6241640242215821 0.6023183522836522 0.5814644664037513
0.6534817743275644 0.6559217955623301 0.6582021280271083 0.6606870242644419 0.6632906896979137 0.6657065180886339 0.6676877685891529 0.6690513931935138 0.6696823357909593 0.6695365376979187 0.6686399504618317 0.667078889925557 0.6649709456845738 0.6623878430354478 0.6591965240989052 0.6554311301779617 0.6523297441557201 0.6489323250150207 0.6461156101869886 0.644210118620449 0.6434848883614831 0.6437729016209731 0.6451883619703653 0.647947036292052 0.6521919195837165 0.6579757235583436 0.665247499397333 0.6738103804716988 0.6832828704474619 0.6931380186176498 0.7022208801645591 0.7088357489924912 0.7126561890304162 0.7131204732465816 0.7097346375621241 0.7022720510553603 0.6908684159978307 0.6757651453071761 0.657289569178395 0.6373793766170796 0.6174344887379816 0.5979975662963279 0.5795824146368039
0.644301847843625 0.6459455673280737 0.648634150711221 0.6519721017603125 0.6555861387188605 0.6591528107442779 0.6624028692874724 0.665127482898773 0.6671853647296377 0.6685094284055648 0.6691111714732617 0.66908024896769 0.6685733258978644 0.6677645405423406 0.6665400851696429 0.6631961577116124 0.6588684939526728 0.6559113007292008 0.653694527656605 0.6518701820548229 0.6510106120787131 0.6516492476539555 0.6540202298840644 0.6576303113648493 0.6624229813058575 0.6683100829019848 0.6751226427191069 0.682597740362247 0.6903717706232658 0.6979872549441561 0.7047989223572788 0.7090051524384424 0.7099272467050719 0.707740677501099 0.7022944964350006 0.693245769701547 0.6805271057298401 0.6647313709044901 0.647673929570721 0.6300552494510064 0.612423443221973 0.595291789001325 0.5791453290178411
0.6381104554644081 0.6413933953977266 0.6453479912563778 0.649717377928397 0.6544015545305841 0.659168155187705 0.6637197931996085 0.6678146960785041 0.6712765473092901 0.6740045256970344 0.6759818713803503 0.6772813089438855 0.678065820457703 0.6785819320340452 0.6789264010254193 0.6751793721015388 0.6684189346455884 0.6629641538415012 0.6590350852488883 0.656741001514411 0.6559037160781476 0.6566262283614877 0.6592204264321391 0.6638191407782187 0.6693379396778361 0.675400269221277 0.6818107054500316 0.6883021267986772 0.6945379536978145 0.7001254024182495 0.7046429880038805 0.7069611259377311 0.7058849677410018 0.7013373943514178 0.6932633087173621 0.6820641740195459 0.6691549359802734 0.6551257069419901 0.6401221377267823 0.6246437600316318 0.609187945543903 0.5942281007844896 0.5802477899165374
0.6350822827301004 0.6402024530511286 0.6460667160216051 0.652392426953403 0.6589082217181933 0.6653562975965129 0.6714971886251426 0.6771171272931523 0.6820375337083958 0.6861253465939975 0.6893017663818365 0.69154493497608 0.6928757298121031 0.6931809132679493 0.6915667316380348 0.6868333150396251 0.6794009084832442 0.6719076270889632 0.6658393531175796 0.6619038259532063 0.6600997378552143 0.6603947224761222 0.662715495702786 0.6667793502561298 0.6726191973557584 0.6789031759066225 0.6849888146467842 0.690610611133389 0.6954602597102383 0.6992026383554211 0.7015002863125424 0.7019066947496935 0.6990718240417393 0.6931778244500003 0.684648320007247 0.6738634036483975 0.6614771469842493 0.6481874953455395 0.6347827755692401 0.6216784421859122 0.6088739290626715 0.5966218547503651 0.5851972165092425
0.6349721710784588 0.6419641674757474 0.6497905355656834 0.6581453428738503 0.6667214389439946 0.6752129952240021 0.6833216606598991 0.6907665637989034 0.6972975539090148 0.7027096932403452 0.7068550084264738 0.7096444565397781 0.7108570472552419 0.7099614636181844 0.7066499298354617 0.7006770650558656 0.6924248144650049 0.6836703515826463 0.6764831063002398 0.671174136479197 0.6677822711024435 0.6663036015442895 0.6667173516311026 0.6689984982792773 0.6731261752542315 0.6789354360038815 0.6846446816514365 0.6894950225429944 0.6931960956126954 0.6955130249068084 0.6962864237283791 0.6954507295844873 0.6925639488021176 0.6869636244505146 0.6788749770083431 0.6686883345384744 0.6571613409546934 0.6455034342981929 0.6341699870973191 0.6235299742550781 0.6136629182300609 0.604121994383724 0.5951171600090143
0.6375539978221471 0.6464735615184659 0.6563425409728887 0.666831637263819 0.6775957456419687 0.6882756250893262 0.6985045678793486 0.7079208684179266 0.7161858180466907 0.7230050331453428 0.7281377496342301 0.7311054486985399 0.7315890760998048 0.729450415024386 0.724616853547085 0.7172421966345113 0.7086739708344738 0.6997147388913247 0.6912770544682465 0.6845024448087617 0.679483971801116 0.6762391419905196 0.6747545946456712 0.6750019897550492 0.6769510419124787 0.6805820039572371 0.6855104602817518 0.689687073985034 0.6925925676781626 0.6940321462889061 0.6938952213250532 0.6921671813570301 0.6889211190081586 0.6835514303345205 0.6757971725155713 0.6668887550580602 0.6575701735835688 0.648123365953905 0.6388587571085365 0.630104494741672 0.6222007037821784 0.6152640044284274 0.6086312016597359
0.6426211748142299 0.6535405305393734 0.6655566888797484 0.678318474987106 0.6914418460989752 0.7045091520991102 0.7170749915483668 0.728680703070438 0.7388779132847476 0.7470799735554333 0.7527391335928202 0.7555286871353124 0.7552524429590387 0.7518558470224889 0.7454954678089207 0.7375752828732588 0.7288186231358414 0.7195826989671064 0.7102691780461727 0.7018574400826018 0.6951205564322567 0.690083246634642 0.6867310444581475 0.6850261170455955 0.6849232615989705 0.686386323074765 0.6894054253900992 0.6930087436262656 0.6952341437058143 0.6958783782398648 0.6948730395675872 0.6922507348281249 0.6881436440264455 0.6828822735627192 0.676868526598234 0.6701882690764764 0.6630522051349356 0.6557067291096499 0.6484225554531651 0.641487137568128 0.6352012759658169 0.6298796212861311 0.6255534407168468
0.6499758182980647 0.6629772350184063 0.677263226507521 0.6924648750988713 0.7081607499363773 0.7238715261233425 0.7390302233516065 0.7529180346124135 0.7648545676638134 0.7741963287762261 0.780393442511864 0.7830526261286564 0.7819845715157127 0.7772344154566878 0.7701861392611772 0.7618847279398548 0.7526357610280929 0.7428335735819108 0.7328906760519007 0.7231815880381847 0.7145992393790642 0.7077215749872442 0.7025206354365069 0.6989375975386601 0.6969013104254584 0.6963485118235373 0.697245346141514 0.6995415058368153 0.7011779238334599 0.7010762523149355 0.6992076667846281 0.6956534285753287 0.6909777413982967 0.6867449562963477 0.6827261540810874 0.6781909611653851 0.6731701761039812 0.66788005626873 0.6625533687196333 0.6574349071243822 0.6527811142434699 0.6488634103696338 0.6459744611525845
0.6593848475728409 0.6745418810805821 0.6911943681630334 0.7089427479104882 0.7272987859111442 0.7456719688651767 0.7633654921679133 0.7795896645668575 0.7935014425649052 0.8042754760133206 0.81120199096476 0.8137916471473174 0.811856133213344 0.8062927137927035 0.7988322255393923 0.7898431178125276 0.7797702886462261 0.7690994829713704 0.7582936677564087 0.747750007033535 0.7377804779013538 0.7290127747790428 0.7219869666452655 0.7166095443761472 0.7127672236873477 0.7103535009154529 0.7092954620478159 0.7095813519879363 0.7105192933497442 0.7096905059227098 0.7069264548916431 0.7027433988739699 0.699056920887918 0.6958879523913977 0.6930400946746345 0.6904411323353102 0.6875187203968276 0.6842962714959653 0.6809682190899681 0.6777322356162954 0.6747924213108025 0.6723666080814339 0.6706969294884987
0.6696477033198681 0.6869774783577037 0.7060104572106438 0.7263456999756597 0.7474717653532259 0.7687417395966217 0.7893562269438276 0.8083661699895569 0.8247123749561585 0.837318160248789 0.8452372221223523 0.8478272649846565 0.8451530293357509 0.8393230967644084 0.8310857120003379 0.821001270768374 0.8097127953701065 0.7978438499810255 0.7859356295392348 0.7744177875651058 0.763603157978423 0.7536972626904884 0.7449573321197942 0.7379002987992631 0.7324102924826998 0.7283153347728762 0.7254819537668565 0.7238513209817777 0.7233955286908799 0.7218269153333408 0.7182971216446195 0.7149718693752594 0.7123210096144724 0.7100922035094807 0.7082311399650656 0.7067581317476747 0.705684033099176 0.7045964165510444 0.7033731874522434 0.7021577180320762 0.7010900541200035 0.7003192234398555 0.7000199911251704
0.6799688325069392 0.6994671652482801 0.7209289725677546 0.7439702609058584 0.7680772250001183 0.7925659224187696 0.816543778424697 0.8388878688789569 0.8582681513118443 0.8732545822597307 0.8825348057271976 0.8852091445069308 0.8824681207880096 0.8759902018512018 0.8664399876605923 0.8547187049764525 0.8417444349831299 0.8283191742874436 0.8150756313723173 0.8024722806076011 0.790810195765371 0.780256889499208 0.7708713377465165 0.7626297657911483 0.7557084679331 0.7501641393553025 0.7457722381854218 0.7424005394030372 0.740056939919782 0.737646351106038 0.7346602677768829 0.7323114863253305 0.7305015575930138 0.729086601280643 0.7281272974274615 0.7276792878439192 0.7277724967775794 0.7284037840401404 0.7294240972973787 0.7304474280899806 0.7314985276437633 0.7326310114732494 0.7335466774726349
0.6899448896125876 0.7115441067194499 0.7354134506606173 0.7612095832341387 0.7884477247431989 0.816443885951081 0.8442461827506427 0.8705678487270432 0.8937593437867091 0.9118961240070657 0.9230784749723745 0.9263110737465832 0.9235604329472797 0.9157668087234961 0.904130524807156 0.8900687943568866 0.8748632969326594 0.859515872044277 0.8447385314069189 0.8309957429144674 0.8185540002042506 0.8075227690160123 0.7978949061453191 0.7896489780012835 0.7825430420598425 0.7762755406670844 0.7707003321447299 0.7657950601327237 0.7615075841023549 0.7584684891138559 0.7562647356981786 0.7545728239030771 0.7533413899952581 0.7525758507553443 0.7524170293674731 0.7529686300948009 0.7542762064279037 0.7563226702016356 0.759030197316383 0.7622546338975612 0.7654558231494067 0.7680440868163766 0.7698041086452756
0.6991539317896129 0.7227021841657656 0.7488575985922594 0.7773433903481259 0.8077436061921229 0.8394310595482637 0.8714656308219784 0.9024609328743098 0.930446631871552 0.9528386398160532 0.966769539579438 0.9713404177243531 0.9679665767942347 0.9577934582531484 0.942980317482025 0.9257140305233829 0.9077038699144554 0.890118802478689 0.8736941414241877 0.8588578879435396 0.8460824343550364 0.835425585151746 0.8266228638475657 0.8193145922728866 0.8130615414943301 0.8073782855895582 0.8018034127551131 0.796014527636947 0.7900914604818456 0.7868858617811151 0.7848865941685654 0.782936249265964 0.7813019403654845 0.7804246846861546 0.780701061610807 0.7822281987118284 0.7848013342071636 0.7882764529025011 0.7924303809187266 0.7969369004418879 0.8013803795456471 0.8052848901181306 0.8081651750044349
0.7071752253580094 0.732419136437435 0.7606097133807956 0.7915581586195444 0.8249570344098763 0.8603051596776641 0.8967857664096786 0.9330671827292183 0.9669961816217647 0.9952444371586645 1.0134495060273212 1.0200037800838626 1.0148692363616092 1.0006038902925916 0.9811573052883518 0.9597588513148665 0.9384754569750811 0.9185004172871424 0.9009051173168139 0.8861646170656721 0.8741571524818385 0.864633420014606 0.8572334453064225 0.8514813172140544 0.8467739099032314 0.8423895726073851 0.8375591243002929 0.8316411188434163 0.8254902355380995 0.8222633511541624 0.8202208398054363 0.8175482790566945 0.8149886747189876 0.8132248017408101 0.8127850275761515 0.8140323267324677 0.8171784257983502 0.8218747076343305 0.8275001751233293 0.8336416860829091 0.839750262501859 0.8451639967407936 0.8491654446525561
0.7136009387779594 0.7401938500795102 0.7700198156525428 0.8030023861575853 0.8389661445446336 0.8775925086991739 0.9183107756560779 0.9600866770521786 1.0009852205299623 1.0372847739190754 1.0627421848813756 1.0718468805478243 1.0626346398178859 1.0415540318282563 1.0158282513998471 0.9896343134955796 0.9651618965584283 0.9440637594203287 0.9265704834787278 0.9125629289568631 0.9017972441758639 0.8939400093885986 0.8885621909403381 0.8851034072149002 0.8828145736645806 0.8807033081575889 0.8775553109237139 0.8721982052711 0.8667516564230971 0.8630585127054993 0.860065911276936 0.855918596692109 0.851784756291097 0.8486293804792778 0.8471207331947428 0.8476795775990174 0.8505331107875065 0.8557476680837808 0.8630974593788582 0.8713948341763601 0.8798167943581037 0.8874759092846924 0.8933381859161014
0.7179800577604274 0.7455851962885053 0.7765093682019932 0.810883756325886 0.8486641743506891 0.8897189090471828 0.9337770185919245 0.9802989913787141 1.0281506679754062 1.0745868734856547 1.1127150349537003 1.1260245689629567 1.1072412136987044 1.0757194346270558 1.0428623936733097 1.0126613235125035 0.9869896345643905 0.9658980930720888 0.9491682367986609 0.936496173501899 0.9275403272914042 0.9219232920842615 0.91920289661803 0.918808840868514 0.9199307570564317 0.9213489281047353 0.9212724597407642 0.9180000077387885 0.9136015258387848 0.9086124732386727 0.9033779798912173 0.8966621414583761 0.890163407996979 0.885109143601954 0.8822412010463144 0.8819853062186047 0.8845571873800976 0.8900102826739 0.8982399444388479 0.908906568110994 0.920411820541593 0.9312595237779162 0.9400069145681126
