_KRIGING/CROSS_VALIDATION_CLASSIC/Berg/TZ/train_1/Berg_TZ_1_train_z_250.asc
ncols 100
nrows 90
xllcorner 5.6208707817415728
yllcorner 50.959635321741573
cellsize 0.00013419651685393446
nodata_value 1.7014100000000001E+038
[rows 40 to 59 of 90, columns 46 to 91 of 100]
23.6281627829134 23.7424848377806 23.8603874948327 23.9844696373557 24.1157004748428 24.2531383119117 24.3937426212663 24.5323107267032 24.6615687800928 24.7724412993984 24.8545139972313 24.8966909807917 24.8880300443935 24.8187195757286 24.6811389915697 24.4709236790796 24.1879378429555 23.8370476124807 23.4285855260229 22.9784089223041 22.5074805294699 22.040939514298 21.6066829166328 21.2335356778309 20.9491450873019 20.7777838009186 20.738276051014 20.842267348416 21.0930351560001 21.4849872928843 22.0039215071115 22.6280331970732 23.3295708907354 24.076963732174 24.8371932028121 25.5781602683529 26.2708116553924 26.8908320681197 27.4197750106728 27.8455823069443 28.1625190328999 28.3706150923251 28.4747487614599 28.4835270933629 28.4081135177556 28.2611286441807
23.7247161764611 23.876692601132 24.0345811342387 24.2008236329151 24.3760930495968 24.558984203328 24.7458098191692 24.9305354162632 25.1048838846729 25.2586339780006 25.380126245601 25.4569752405575 25.4769686365708 25.4291130723775 25.3047645490574 25.0987600780494 24.8104496804566 24.4445169194376 24.0114752002588 23.5277389847012 23.0151956128033 22.5002445355269 22.0123239499476 21.5820049804861 21.2387932366753 21.0088279477147 20.9127010461779 20.9636253092291 21.1661579838479 21.5156346764644 21.998392989744 22.5927760973041 23.2708157329165 24.0004153103678 24.7477988839571 25.4799684709677 26.1669237341538 26.7834413165424 27.3102783092241 27.7347439949962 28.0506634161475 28.2578237531368 28.361041269924 28.3690082578298 28.2930761964695 28.146107515775
23.8375458828941 24.0309767979182 24.2333757535829 24.4470464339524 24.6723691506522 24.9074601109516 25.1479492579853 25.3869127173321 25.6149917849984 25.8207223417071 25.9910865068992 26.1122824948688 26.1706895775315 26.1539837513423 26.0523375797804 25.8596167283791 25.5744685049467 25.2011873194555 24.7502416085901 24.238359287351 23.6880959861833 23.1268521883412 22.5853594711961 22.0957172971873 21.6891227442204 21.3934872644842 21.2311679711873 21.2170486298453 21.3571832861766 21.6481635918637 22.077294638393 22.6235731853291 23.2593693130202 23.9526313795112 24.6693768307343 25.3762062752322 26.0425883923488 26.6427060077041 27.1567211610698 27.5713977144889 27.880101098397 28.0822642195767 28.1824573851917 28.18922364925 28.1138392493045 27.9691358921723
23.9640551085428 24.20242181398 24.4535006206729 24.7194807604044 25.0004605682613 25.2940717966985 25.5952370091012 25.8960987348611 26.1861533718756 26.4526130923917 26.6810053610117 26.8560025296574 26.9624540460729 26.9865721345802 26.9171998082522 26.7470696614398 26.4739455093922 26.1015294757205 25.6400176435529 25.1062006284586 24.523033148524 23.9186388693829 23.3247711473438 22.7748118129342 22.3014514773432 21.9342471095157 21.6972867615722 21.6071997829996 21.6717293311405 21.8890325904715 22.247797956412 22.7281771342454 23.3034363718686 23.9421485906438 24.610689256147 25.2757720082498 25.906768667449 26.4775997687815 26.9680485276333 27.3644317136409 27.6596424101091 27.8526500477769 27.9475933104647 27.9526266395772 27.8786808836916 27.7382770575089
24.1013105614094 24.3875183939827 24.6908066117849 25.0132775208916 25.3547647204886 25.7124193267086 26.0804447560224 26.4500215890221 26.8094565255228 27.1445778069883 27.4393840646079 27.6769349902047 27.840451411542 27.9145704179728 27.8866795553128 27.7482345982987 27.4959502638985 27.1327450969809 26.6683234642448 26.1192916850983 25.5087334516905 24.8652118572546 24.2212193266305 23.6111577386166 23.068991907526 22.6257716492723 22.307251964468 22.131849930091 22.1091563047108 22.239169594386 22.5123452800808 22.9104624538005 23.4082167699351 23.9753659644636 24.579194449689 25.1870352990401 25.7685947873415 26.2978643071702 26.7544694973213 27.1243856543244 27.400029261908 27.5798058510588 27.6672452719166 27.6698818187868 27.5980380564757 27.4636512932212
24.2460153953141 24.582124171226 24.9402111376511 25.3223216347211 25.7280477604222 26.1540739599585 26.593887293465 27.0376969083502 27.4725977427449 27.8829997600532 28.2513266623092 28.5589679462847 28.7874464489946 28.9197414347564 28.9416862377297 28.8433411782833 28.6202289347775 28.2743131182188 27.8146039703879 27.2572901694821 26.625324158796 25.9474302012939 25.2565573921128 24.5878595899612 23.9763438358334 23.4543799379273 23.049297851269 22.7813089241181 22.6619676267413 22.6933418461281 22.8679868273448 23.1697293924878 23.5751773214581 24.0557869941371 24.5802625935134 25.1170309527043 25.6365411105618 26.1131748520024 26.5266168787882 26.8626100517388 27.1131000465383 27.2758431242516 27.3536015287506 27.3530782375428 27.2837457640737 27.156705772301
24.3945025184309 24.7814637474471 25.1957042895654 25.6392433379012 26.1114600583566 26.6085968710763 27.1234437298832 27.6452510502024 28.1599073293234 28.6504015567893 29.0975711114967 29.4811141630056 29.7808229706427 29.9779723023127 30.0567769193165 30.0058152462153 29.8193047167562 29.4981098471224 29.0503689601421 28.4916416183853 27.8445074809789 27.1375884139297 26.404017272647 25.6794345895597 24.9996520228715 24.3981709189475 23.9037774358405 23.5384452833413 23.3157589355269 23.2400238556404 23.3061601200961 23.5003904005362 23.801644192171 24.1835202428406 24.616590010949 25.0707951038284 25.5176947065698 25.9323533236137 26.2947181030058 26.5904083999806 26.8109162646605 26.9532839738049 27.0193747984344 27.0148808811946 26.9482165610327 26.8294297213269
24.5427635048813 24.9801867642705 25.450438195043 25.9555408593296 26.4946941629939 27.0637342877842 27.6547916102281 28.2561959289896 28.852666566632 29.4258061944875 29.9548957320684 30.4179643721348 30.7930852644785 31.059825207183 31.2007573037258 31.2029303602703 31.0591792855779 30.7691585163754 30.3399872221726 29.7864123136519 29.1304240891945 28.4002995625543 27.6290982679899 26.852690715438 26.1074547212345 25.4278221633422 24.8438905184333 24.3793230971991 24.0497450221371 23.8617982665892 23.8129524194909 23.8920862764653 24.0807698794836 24.3550993970857 24.6878794425554 25.0509172530281 25.4171943014927 25.7627119968036 26.0678630384554 26.3182491750959 26.5049384173254 26.6242194802867 26.6769599484517 26.6677024269185 26.6036387833445 26.4935891267541
24.686523098843 25.1724952233301 25.6969122063363 26.2618285455689 26.8663008333905 27.5058061531861 28.1718725167139 28.8519752879254 29.5297376776352 30.1854529435486 30.7969223710408 31.3405782219578 31.7928364650217 32.1316019549218 32.3378302898564 32.3970371229946 32.3006384066069 32.0470051048981 31.6421245721866 31.0997792142916 30.4411819456343 29.6940470812239 28.8911229338327 28.0682649437628 27.2621802163014 26.5080190654387 25.8370193390203 25.2744186196126 24.8378338691088 24.5362672036615 24.3698338041071 24.3302309080613 24.4018856639034 24.5636457940223 24.7908211138978 25.0573538260338 25.3378948241027 25.6095908991782 25.8534381810406 26.0551215266605 26.2053274746351 26.299579759061 26.3376932118589 26.3229693915576 26.2612643408857 26.1600477657444
24.8213622243899 25.3523416917258 25.9272541038965 26.5482089661248 27.2141598045292 27.9202828592475 28.6575812954952 29.4127718409021 30.1684929265981 30.9038508638281 31.5952950919436 32.2177871599553 32.7462029471983 33.1568855617148 33.4292488855676 33.5473200072068 33.5011036836566 33.2876543071209 32.911751410598 32.3860942730736 31.7309600870803 30.973308073943 30.1453572622641 29.2827151485099 28.422183226493 27.5994072141445 26.8465681067527 26.1903191090651 25.6501592944947 25.2373969379376 24.9547970569677 24.7969355725821 24.7512061576703 24.7993559246672 24.9193725470333 25.0875156423681 25.2802828600568 25.4761252786221 25.656772437334 25.8080865110739 25.9204281795494 25.9885742882388 26.0112719309184 25.9905405149943 25.9308414817458 25.8382265576172
24.9428843629306 25.5136891495985 26.1335835054952 26.8047501434256 27.5260808961543 28.2925196451028 29.0946420265075 29.9185314984664 30.7459917783681 31.5551112550603 32.321167766586 33.0178344513955 33.6186215547371 34.0984671246994 34.4353729993616 34.6119723922616 34.6169123572359 34.4459388780665 34.1025846527058 33.5983801572562 32.9525373908938 32.1910923410228 31.3455351563059 30.4510033690271 29.5441588785796 28.6609082316021 27.8341520219629 27.0917576496726 26.454936741483 25.9371736441161 25.5437973890709 25.2722225674034 25.1128133364842 25.0502591218102 25.0652996959416 25.1366081839683 25.2426366335428 25.3632495071796 25.4810113756795 25.5820488915603 25.6564650268733 25.6983369644432 25.7053709505161 25.6783135026986 25.6202273295424 25.5357337313584
25.0469122390602 25.6508126204912 26.3084301011766 27.022032269732 27.7904908439168 28.6085943770253 29.4666061932465 30.3501293900174 31.2403197388122 32.1144613812291 32.9468915960003 33.7102321706013 34.3768585732449 34.9205163397192 35.3179784256121 35.5506286510017 35.6058551809398 35.4781443292633 35.1697788262746 34.6910660095007 34.0600500074605 33.3016972880354 32.4465855088423 31.52916883628 30.585734895504 29.652204318574 28.7619480985838 27.9438058040679 27.2204759673428 26.6074180218929 26.1123555366107 25.7354087430768 25.4698183765145 25.303161625385 25.2189129958058 25.1981746261441 25.221395355121 25.2699152773772 25.327208722498 25.3797470032006 25.4174549588435 25.4337844268933 25.4254668793897 25.3920324852004 25.3351924700656 25.2581771057038
25.1296951737721 25.7586140238771 26.4451683096082 27.191714725491 27.9971449802785 28.8561753265488 29.7588864691886 30.6905773950195 31.6319746070368 32.5598111931588 33.4477605205939 34.2676798643104 34.9910926312489 35.5908162858024 36.0426281976035 36.3268542600794 36.4297654770254 36.3446755929081 36.0726479005919 35.6227412297384 35.0117533751416 34.2634541512357 33.4073384998543 32.4769703024873 31.508026306872 30.536182477581 29.5950073312607 28.7140340813682 27.9171727940371 27.221594650096 26.6371750346245 26.1665255284327 25.8055840947067 25.5446759924822 25.3699129639594 25.2647710145025 25.2116807757653 25.193478817896 25.1945999675311 25.2019338579262 25.2053164637426 25.197672163778 25.1748580643003 25.1352861119273 25.0794085823404 25.0091498284667
25.1881033429533 25.8329164124994 26.5384233994633 27.3070662705965 28.1377934558438 29.0253345547872 29.9597269165291 30.9261586712899 31.9051701123694 32.8732276261707 33.8036541652452 34.6678704111796 35.4368740623464 36.0828634285774 36.5808973121545 36.9104767786994 37.056935937439 37.0125378496501 36.7771875553193 36.3586963207872 35.7725589308123 35.0412383631276 34.1929881914489 33.2602804652729 32.277942556947 31.2811366612216 30.3033360246718 29.374458695357 28.5193100024241 27.75645853766 27.0976290769886 26.547644120575 26.1048899724673 25.7622308981657 25.5082529423342 25.328692940004 25.2079010609365 25.1301968379866 25.0810061150229 25.0477045519938 25.020135895372 24.9908137946018 24.9548492053184 24.9096678717113 24.8545926883358 24.790364638877
25.2197843537941 25.8707029988696 26.5844034140863 27.3634006147786 28.2067310581326 29.1092219081294 30.0610098323517 31.0473741794762 32.0489265453279 33.0421708958003 34.0004181435832 34.8950092778276 35.6967746469784 36.3776361449247 36.912245438151 37.2795457273075 37.4641468274185 37.4574130197329 37.2581793783826 36.8730342841488 36.3161328148113 35.6085367566749 34.7771108605955 33.8530397621777 32.8700629800345 31.8625531505227 30.8635813718809 29.9031197583013 29.0065227011949 28.1934043826946 27.4769925279754 26.8639912208706 26.3549346163706 25.9449652113973 25.6249313647931 25.3826739858262 25.2043644795863 25.0757652087557 24.9833073800773 24.9149148566971 24.8605403049976 24.8124166231493 24.7650569842504 24.7150578589905 24.6607697581377 24.601900677949
25.223260404706 25.8702705929513 26.5811169197407 27.3583668180519 28.2011685842565 29.104525265421 30.0588119125507 31.0496004841335 32.0578341451534 33.0603652479787 34.0308414536902 34.9408951419878 35.761565272817 36.4648605374605 37.0253595409487 37.4217385908325 37.6381203434325 37.6651464390582 37.5006934382999 37.1501729113162 36.6263825380524 35.9489046102829 35.1430801725012 34.2386194482648 33.2679397278617 32.2643474650716 31.2601985748151 30.2851767541371 29.3648219705067 28.5194196085647 27.7633266990599 27.1047687617868 26.546094265664 26.0844295271375 25.7126407947706 25.4204868399302 25.1958371223771 25.0258376672288 24.8979270070067 24.8006339353458 24.724122415003 24.6604817314623 24.6037875997989 24.5499795053583 24.4966098347703 24.4425216848605
25.1979506593979 25.8312759682366 26.5284482294916 27.2920585435732 28.1213814228217 29.0116636619539 29.9536467919716 30.9333859653193 31.9324063251412 32.928211336978 33.895128680144 34.8054509101791 35.630802943756 36.343648758071 36.9188370706081 37.3350808521971 37.5762682275022 37.6325119750585 37.5008605160222 37.1856139885717 36.698213803917 36.0567020112662 35.2847766882366 34.4104997951609 33.4647422643309 32.479474765775 31.4860285743221 30.5134564941651 29.5871170030629 28.7275852488467 27.9499636738543 27.2636260885253 26.6723866291634 26.1750446003472 25.7662229118053 25.4373957779125 25.177992877184 24.9764724644787 24.8212731259074 24.7015794879636 24.6078668575526 24.532219005501 24.4684382914058 24.4119854295459 24.3597962242163 24.3100247727552
25.144112622298 25.7546662009802 26.4280779440114 27.1669263233124 27.9706153533016 28.8346887082721 29.750364414697 30.7043506547762 31.6789825671174 32.6526947031955 33.600816333924 34.4966497559641 35.3127677194489 36.0224472612991 36.6011450569812 37.0279145659678 37.2866676641335 37.3671925080915 37.2658541564344 36.9859240103661 36.5375074975581 35.9370656598208 35.206554284382 34.3722324154648 33.4632184502296 32.5098940338085 31.5422708824505 30.5884409902734 29.6732247342244 28.8171138276089 28.0355781658773 27.3387702767438 26.731622533533 26.2142953611944 25.7829040325892 25.4304310231208 25.1477223816013 24.9244704102317 24.7500995215553 24.6144944130788 24.5085358181182 24.4244351033261 24.3558814935441 24.2980323444672 24.2473865374255 24.2015838467612
25.0627070641806 25.6424985357417 26.2832552452741 26.9875000158127 27.7547573300319 28.5809024907603 29.4577156664956 30.3726982020487 31.3091894092556 32.2467985751109 33.1621412933842 34.029843899646 34.8237571830669 35.5183026960352 36.0898632841302 36.5181245725158 36.7872760386404 36.886988433034 36.8130978609928 36.5679449103935 36.1603389228106 35.6051419469517 34.9224929998501 34.1367195503827 33.2750077226412 32.365923263049 31.4378893198691 30.5177322850446 29.6294018340709 28.7929555631086 28.0238734367472 27.3327352689042 26.7252594572582 26.2026675414501 25.7623110611022 25.3984779869881 25.1032876071885 24.8675854081891 24.6817618120133 24.5364379526747 24.4229846134624 24.3338635181578 24.2628003662913 24.2048142045345 24.1561368989363 24.1140596457348
24.9552019288639 25.4976698079579 26.0984467978381 26.7599513428431 27.4818063437425 28.2602323723161 29.0876280577204 29.9523910828545 30.83901581833 31.7284822212423 32.5989271747202 33.4265661603733 34.186812230049 34.8555225391666 35.410291526533 35.8317048232204 36.1044691776163 36.2183406646362 36.1687855133715 35.9573242579539 35.5915297985256 35.0846725073949 34.4550297002234 33.7249012445191 32.9193960011653 32.0650730185164 31.1885346115938 30.3150735926304 29.4674726048061 28.6650394843438 27.9229399151906 27.251859747342 26.6579976529542 26.1433582230835 25.7062899399355 25.3421946907913 25.0443273521191 24.8046057033034 24.614361326728 24.4649788842336 24.3483912579073 24.2574184419499 24.1859561158488 24.1290336282408 24.0827697271065 24.0442577596335
