_KRIGING/CROSS_VALIDATION_CLASSIC/Berg/TZ/train_1/Berg_TZ_1_train_z_1000.asc
ncols 100
nrows 90
xllcorner 5.6208707817415728
yllcorner 50.959635321741573
cellsize 0.00013419651685393446
nodata_value 1.7014100000000001E+038
[rows 20 to 39 of 90, columns 45 to 89 of 100]
0.927546153239486 0.836451652239801 0.754214917086148 0.680576571117973 0.614677599519142 0.555259469563617 0.500884845928623 0.450155604124416 0.401907197941373 0.355362452403296 0.310232880000141 0.266761085785928 0.22570329913186 0.188256232091926 0.155937076649959 0.130429293736466 0.113409675037498 0.106373716089868 0.110476392877905 0.12640384621041 0.154288279265634 0.193673812632724 0.243535589378583 0.30234872517008 0.3681984783577 0.438918951306237 0.512245241985634 0.585963503268899 0.658044799195632 0.726751654735063 0.790710248165108 0.848945653654694 0.900881771697558 0.946311059596249 0.985341544361166 1.01832972632696 1.04580792255846 1.06841357060008 1.08682632674304 1.10171679018993 1.11370867950454 1.1233545268669 1.13112359679754 1.13739984676393 1.14248731746299
0.959145026280353 0.863371713588532 0.775516633521776 0.695763484422005 0.623731752369823 0.558638139520114 0.499479204435948 0.445215490397785 0.394939206757271 0.348010701882274 0.304152985809744 0.263497976180775 0.226582625193428 0.194297414508251 0.167793705164055 0.148359917221414 0.137279259915423 0.135683466384296 0.144417439917796 0.163928701092917 0.194193002875599 0.234683630599862 0.284387124933133 0.341863038461132 0.405340532534199 0.472840788606184 0.542311854493564 0.611761945710914 0.679378373716163 0.743621908407407 0.803290027225387 0.857546571701507 0.90591923347267 0.948269527066845 0.984742138648759 1.01570162376577 1.04166440460102 1.06323307929291 1.08103848707302 1.09569309077442 1.10775733916511 1.11771899194782 1.12598408559179 1.13287735946856 1.13864954601846
0.973141003952053 0.873845382556566 0.781585279932581 0.69696810792747 0.620079523653844 0.550605403887026 0.487974787162346 0.4315078892002 0.380554595158502 0.334611190946388 0.293406088303002 0.256948597406463 0.225538199204358 0.199735148838093 0.18029650944147 0.168084743357035 0.163958571449302 0.168657675662612 0.182693666869977 0.206259325368625 0.239166339052817 0.280818708688643 0.330224975401408 0.386047954828217 0.446686345864889 0.510379029028526 0.575320575785071 0.639775746803373 0.702181602335746 0.761228070224769 0.815911005862074 0.865555408886612 0.909809992568888 0.948617267665156 0.982165378431102 1.01082896418036 1.03510633690148 1.05555942655545 1.07276150489855 1.08725594663254 1.09952750041349 1.1099859477084 1.11896077828428 1.12670468301604 1.1334032631006
0.96981519707169 0.867946963088084 0.772318834063041 0.683937795629285 0.603336416733865 0.530655457615887 0.465746444259943 0.408282301499711 0.357865019172349 0.314120910049657 0.276775984210765 0.245706109497525 0.220958871538531 0.202746387338031 0.191410767315156 0.187366401325554 0.191025597502069 0.202716057918797 0.222599906466106 0.250604192734485 0.286371797967585 0.329239468809057 0.378246521741131 0.432174010890584 0.489610374945573 0.549036340639256 0.608919642469267 0.667809228995692 0.724419146885269 0.77769407500515 0.826851181407637 0.871396137662467 0.911114260729086 0.946040431305736 0.976413348023568 1.00262066179378 1.02514159334541 1.04449290090011 1.06118275530522 1.07567545896414 1.08836826964416 1.09958007679619 1.10955047950513 1.11844701379462 1.12637788814295
0.95065894892097 0.846935719833081 0.748767176730801 0.657531804662003 0.574183786095474 0.499297125616893 0.433128106982937 0.375688219500514 0.326820232005236 0.286270952948015 0.253755174417688 0.229006277413592 0.211810026272473 0.202019324071635 0.199549247904037 0.204353551615231 0.216385893179484 0.235551054563185 0.261653023984936 0.294347649123451 0.333107381144147 0.377204320380897 0.425715463999653 0.477551065275083 0.531503808821706 0.58631360408537 0.64074066752911 0.693638528001193 0.744018777294798 0.791100714204395 0.834341227747138 0.873442944901213 0.908341399175268 0.939174362960096 0.966238230222742 0.989937270988866 1.01073168009132 1.02908970816269 1.04544797998672 1.06018260752831 1.07359213009192 1.08589186994192 1.09721813307496 1.10763990239157 1.11717529135461
0.918189078560033 0.813098413350313 0.713002469142546 0.619619522937426 0.534294495570454 0.458006217704217 0.391390892785066 0.334777902198953 0.288234369148582 0.251615091710433 0.224614445862723 0.206816687593271 0.197740932461254 0.196877212243012 0.203710624178873 0.217731803932439 0.2384337012544 0.265296673905931 0.297765869787258 0.335226329454825 0.376981865058009 0.422243364593714 0.470130746390013 0.519690572067858 0.569928704897963 0.61985484345059 0.668533719518271 0.715136568850566 0.758986338095586 0.79959096353422 0.836660753511731 0.870108108405467 0.900030144215111 0.926676887330117 0.950409291016176 0.971652212579884 0.990847632785589 1.00841286008726 1.02470739451289 1.04001073520961 1.05451192225935 1.06831020954281 1.08142513026232 1.09381344197272 1.10539006408806
0.875709147162337 0.769533634203273 0.667927617566337 0.572913647468268 0.486191002702263 0.409108411881157 0.342650463086071 0.287437730256041 0.243740710987096 0.211507261345263 0.190402288434033 0.179857177662891 0.179125101696525 0.187337362391123 0.203555593869309 0.226815199931536 0.256156802370015 0.290644514733941 0.329372139350155 0.371460450326693 0.416050143876362 0.462295517434259 0.509363389850282 0.55644032335714 0.602749164603041 0.647573707333842 0.690288330550495 0.730388146657094 0.767514726569987 0.801472901479809 0.832235354346735 0.859933458466316 0.884834773953144 0.90730944680285 0.927789190240633 0.946723375858298 0.964536943967426 0.981594388418676 0.998173100409131 1.01444804833633 1.03048833268641 1.04626478609406 1.06166665590187 1.07652462528289 1.09063705486872
0.827040846471431 0.719899520098098 0.617041672630583 0.520754287565027 0.43304891568207 0.355602804020067 0.289710947025525 0.236252765515652 0.195677038613507 0.168007769109468 0.152871891060998 0.149547394897814 0.157027987074175 0.174098325068584 0.199412626861916 0.231569333629931 0.269175554492254 0.310897041222546 0.355492023657034 0.401829868741387 0.448897700945153 0.495799450420338 0.541752084941147 0.586083064874851 0.628231572778264 0.667754184633863 0.704333791922259 0.737789135290748 0.768081540254537 0.795315466040469 0.819730241473509 0.841681682206538 0.861613890065281 0.880023127589516 0.897416965692226 0.914272716865743 0.930999383722364 0.947906968711269 0.965186093596761 0.982899623668096 1.00098657711078 1.01927722602913 1.03751714053513 1.05539712330036 1.07258560140204
0.776247726381139 0.668145678648881 0.564181371330184 0.466861425904933 0.378461578232802 0.300939753188694 0.23585713396464 0.184314332117543 0.146909588112563 0.12372452215172 0.114340418149343 0.117884724180211 0.133103943984385 0.158456002074098 0.192213051491136 0.232564932985864 0.277714194724128 0.325955564235715 0.375735610976756 0.425691487668682 0.474670511262422 0.521734460612782 0.566153538904011 0.607394918155393 0.645109815753707 0.679121479135234 0.709414685702257 0.736125801787247 0.759531399688491 0.780033078990204 0.798136494756376 0.814423536568098 0.829517902516243 0.844045695524529 0.858593865127726 0.873670107047837 0.889668080267228 0.906841469888995 0.925289572863082 0.944955850331771 0.965639463893992 0.987018401084411 1.00868159142846 1.0301665703697 1.05099885493638
0.727370154062503 0.618248050780559 0.513257203865424 0.415073597249517 0.326182877489029 0.248769437344399 0.184610478926474 0.134985225914988 0.100609226286259 0.0816018844520815 0.0774921523758321 0.0872631464449926 0.109431999208036 0.142157237259691 0.183363060932911 0.230868544470029 0.282510139392534 0.336247793809867 0.390248068316998 0.442941233295503 0.493052826883251 0.539612976357774 0.581948562060981 0.619663894653229 0.652615083711086 0.680881988472754 0.704739959521849 0.724631921069974 0.741140060175613 0.754955710552085 0.766846021807244 0.777616620047775 0.788070506295658 0.798964649610493 0.810966841211609 0.824616147666928 0.840290571748469 0.858185230959593 0.878303529006976 0.900462547047358 0.924312406395743 0.949367870596886 0.975049175138756 1.00072817180391 1.02577546221389
0.684186462097421 0.573962682564112 0.468000829420965 0.369090301387094 0.279866313549285 0.202679506511521 0.139467482716022 0.0916411176222875 0.0599982517049296 0.0446752484837928 0.0451431244167174 0.0602500492028542 0.088306730192415 0.127206362241486 0.174567195424897 0.22788387677016 0.284673770978931 0.342606326566254 0.399606793701496 0.453929583262778 0.504200581428378 0.5494311685015 0.589009082119884 0.622672404100587 0.650472879360347 0.67273374810037 0.690005677165235 0.703022644917579 0.712658154206007 0.719881197654711 0.725711108695653 0.731170777882683 0.73723854449753 0.744800148541306 0.754603173913953 0.767217174892296 0.783002963828124 0.802094251683871 0.824393985010232 0.84958642452738 0.877164451029345 0.906469996605968 0.936744118654275 0.967182259804607 0.996989800031933
0.650011311792151 0.53861137799229 0.431738657907788 0.33223466702593 0.242818364396412 0.165941169708113 0.103640846631687 0.0574093574708854 0.0280895719120061 0.0158133491535731 0.0199892729294264 0.0393427984405295 0.0720055957327994 0.115645354985128 0.167623080489227 0.225162532686743 0.285516237401978 0.346114257607634 0.404685279492199 0.459343841595124 0.508641987534435 0.551587559724968 0.5876342573295 0.616650185884162 0.638871920616684 0.654850310945766 0.665392746916369 0.671504831519744 0.674332773080929 0.675106648011867 0.675084161395025 0.675494668638653 0.677483891347907 0.682060736584426 0.69004863176108 0.702044543838517 0.718389144051271 0.739151285386137 0.764129070793509 0.792868409730655 0.824698284962154 0.85878023157979 0.89416802701737 0.929872530071379 0.964926141420864
0.627538705447331 0.514909200772563 0.407204055455824 0.307251200376301 0.21778317927818 0.141282717132075 0.079824096560197 0.0349272613068073 0.00744139231010631 -0.00252782845960563 0.00436236311117602 0.0267293473205047 0.0625567276553716 0.109331064233197 0.164210052246407 0.224205700464677 0.28636556480041 0.347936764998772 0.406500925390833 0.460072658917723 0.507158980746025 0.546781361077719 0.578465440259673 0.602205412551299 0.618410687066878 0.627841846239055 0.631541508014334 0.630763905836203 0.626905269394116 0.621435770965554 0.615833108975205 0.611517782719819 0.609790668240408 0.611774415425421 0.618361165112122 0.630169840350125 0.647516556725678 0.670401376836454 0.698513679351128 0.731256924060733 0.767791776519717 0.807094681371327 0.848027330952489 0.889411318760775 0.930101770398482
0.618733907920696 0.504840803584648 0.39639788263079 0.29615098513511 0.206773474093827 0.13070763872875 0.0699988493714068 0.0261407436653268 -5.03740179957912e-05 -0.00851635981006407 1.74610084761745e-05 0.0240769261729483 0.0615311290682342 0.109733022693635 0.165694473401296 0.226278621743141 0.28839167826823 0.349157833055531 0.406064364074398 0.457068612631607 0.50066346109151 0.535902538481222 0.562389992175474 0.580241939792635 0.590027568355346 0.59269744138004 0.589505258939079 0.581927539341306 0.571583907356356 0.560159259166877 0.549328269154807 0.54068258501041 0.535661541547239 0.53548809618235 0.541112657956021 0.553168238451511 0.571940633942451 0.597356987572649 0.628995041638141 0.666113772895646 0.707704126016093 0.75255651674566 0.799339984367822 0.846686614300487 0.893274322090033
0.624775696904538 0.509589509558817 0.400503859809303 0.300113372912722 0.210959105243269 0.135371073730854 0.0753004749913045 0.0321607838537797 0.00669692393718377 -0.00110093591631893 0.00797266627271045 0.032369902639716 0.0698804243644777 0.117772740065108 0.172972090649152 0.232257387554836 0.292458852525927 0.350639406402689 0.404246190602153 0.451223196461948 0.490081029295978 0.519924573605431 0.540443131054643 0.551870087659881 0.554920216145443 0.550712472346 0.54068493436114 0.526506803093524 0.509990592761633 0.49300618219476 0.477397533669475 0.46490271253344 0.457078287816002 0.455230051779115 0.460352966159598 0.47308400102789 0.493671796833564 0.521966668410731 0.55743333518546 0.599187005875422 0.646051299857501 0.69663426934704 0.749416842379922 0.80284664541833 0.855429602712803
0.646047714124888 0.529519878652854 0.419861559601652 0.319449056173474 0.230620256403133 0.155523452738517 0.0959527728459 0.053189887846222 0.0278717884728481 0.0199018357915464 0.0284163641847314 0.0518125611942392 0.0878361317175829 0.133720414081792 0.186363102094304 0.242523244313796 0.299020092669133 0.352916621252279 0.401673740753884 0.443265740910339 0.476252519485133 0.499808932578466 0.513715497845457 0.518317297085549 0.51445912025267 0.503404784609 0.486747464736602 0.466316213480063 0.44408209928545 0.422065931808265 0.40224867007437 0.386485417244544 0.376424343846436 0.373432740946491 0.37853338222863 0.392355133394282 0.415101991217626 0.44654426623156 0.486034388914389 0.532547923549829 0.58474806160281 0.641069478285358 0.699815344806837 0.759259829531672 0.817747829436404
0.682175148952485 0.564211180285737 0.453995773268764 0.353624668201086 0.265166794759168 0.190524265426251 0.13127589530484 0.0885239681438957 0.06276424657859 0.0537967646430739 0.060690117404279 0.0818054960727306 0.114879558491713 0.157158402688909 0.205569363147163 0.256913774968187 0.30806260895564 0.356137951371716 0.398666318625282 0.43369413381431 0.459860591202239 0.476427844303596 0.483272349063729 0.480843866288724 0.470099922763849 0.452423541595048 0.42953107148373 0.403375387172555 0.376048049332425 0.349682601965005 0.326360330989098 0.308019630362893 0.296370571044924 0.292817140519618 0.298390609376861 0.313698241452033 0.338891785688383 0.373659663562146 0.41724543684384 0.468493114114082 0.525917388514399 0.587794354972987 0.652266029802974 0.71745044722764 0.781548488548903
0.732100580562363 0.612535919770862 0.501696868456463 0.401344107493495 0.313219651362954 0.238922515119135 0.179764812411426 0.136627677000551 0.109836853190349 0.0990755293983367 0.103347369775545 0.120996439166231 0.149783744784623 0.187013433538386 0.229696199143091 0.274733851781928 0.319107643389927 0.360053820163681 0.395212653085971 0.422741288625278 0.441385444629517 0.450509528097278 0.450088564199278 0.44066799173384 0.423298732819844 0.399455056067101 0.370941890577208 0.339796806424015 0.308190291013053 0.27832661396636 0.252346769438005 0.232234841544151 0.219729612018676 0.216244120583684 0.222796889879126 0.239959287263431 0.267823697117131 0.305996603719425 0.353619273608846 0.409416587985441 0.471771978610972 0.538823743359107 0.608575677874823 0.679013335489468 0.74821658553411
0.79419069082398 0.67277461352879 0.561142959331165 0.460677168752605 0.372744698749217 0.298594351572443 0.239228953242692 0.195274096667861 0.166862317662483 0.153550049543519 0.154280374603294 0.167398644227835 0.190721366063744 0.221652314678106 0.257334486124665 0.294822945763119 0.331262165408635 0.364052122416911 0.390989935639499 0.410377597423071 0.421090752859232 0.422607794158608 0.415002197195398 0.398903629528724 0.375434730310047 0.34613065425017 0.312847725863212 0.277666234286996 0.2427909283108 0.210451528317678 0.182804837178409 0.161839936497221 0.149288460113442 0.146542849798308 0.154586512386049 0.173940559903635 0.204632001068465 0.246187642400691 0.297656484342668 0.357661174481227 0.424476382552017 0.496129182007933 0.570514094328793 0.645513768151525 0.719115604121879
0.866363981032506 0.742755728517562 0.630051708002268 0.529222345489179 0.441225202387838 0.366923357646462 0.306978105892876 0.261733697334441 0.231112724328989 0.214539039725562 0.210901133191865 0.218563348718146 0.235426045901937 0.259029695896128 0.286692787663096 0.315669928793323 0.343315001090892 0.367234701513097 0.385419996299537 0.396346446475509 0.399038406031506 0.393096114057405 0.378688149615586 0.356514207899746 0.327744509644457 0.293942405712511 0.25697609974476 0.218924223052406 0.181978648986484 0.14834679578746 0.120155011448596 0.099354593222414 0.0876325355121115 0.0863300355464954 0.0963728143004985 0.118218078140627 0.151823128870933 0.196640001235625 0.251638999028609 0.315361726362365 0.386001450077927 0.46150578264913 0.539694186702798 0.618381076403181 0.695494614143873
