_RESULTS/REVERSE_NEW/MHZ/IZ/1comp/MHZ_IZ_z_0_kriged_reverse_1comp_test.asc
ncols 100
nrows 81
xllcorner 5.5967107547500001
yllcorner 50.982328804750004
cellsize 0.00017565049999994641
nodata_value 1.7014100000000001E+038
[rows 0 to 17 of 81, columns 0 to 39 of 100]
1.6395807813407514e-05 1.056020851191528e-05 6.947831335543565e-06 4.8607313557958444e-06 3.751177276410351e-06 3.2762300807027006e-06 3.264972951331096e-06 3.6659775677680596e-06 4.4873497929442e-06 5.702937742641378e-06 7.108392755162579e-06 8.217125831764306e-06 8.416831088185024e-06 7.433335342846209e-06 5.639030674554018e-06 3.7559325635796305e-06 2.2990553427128813e-06 1.3781609215136827e-06 8.695339035708801e-07 6.18789004957765e-07 5.24539887354564e-07 5.462202514503689e-07 7.003067219414628e-07 1.0777169524446615e-06 1.899539280269e-06 3.6161895041958266e-06 7.005493553833715e-06 1.3121444853924524e-05 2.290500753772136e-05 3.6521186756699215e-05 5.293072339872963e-05 7.019859369245782e-05 8.636544028969116e-05 0.00010018715299375235 0.0001113027216204338 0.00011994968929760445 0.00012657482497267677 0.0001315696212158082 0.00013517904188118136 0.0001375361431047784
1.215786644789187e-05 7.316737299657862e-06 4.512442459447144e-06 2.9876133435126e-06 2.216058142434838e-06 1.8978842260772192e-06 1.8963013571523564e-06 2.1816488904440868e-06 2.78785459463619e-06 3.7502754416188673e-06 4.98808027714245e-06 6.168566187408572e-06 6.745763994245692e-06 6.327058582720474e-06 5.06129255938441e-06 3.5265885916589587e-06 2.239839885363402e-06 1.3818989874408735e-06 8.902620885817418e-07 6.419281854404693e-07 5.47398975385529e-07 5.697966101216546e-07 7.265744673244183e-07 1.108355195122187e-06 1.933537158229456e-06 3.64417736217793e-06 7.001116499947896e-06 1.303877835602873e-05 2.2700884027714675e-05 3.621060946364847e-05 5.264522935536304e-05 7.019655667355198e-05 8.697941667725647e-05 0.00010174470606253088 0.00011406353929896248 0.0001240716828412081 0.00013209877283030047 0.00013841233777636276 0.00014313739169425233 0.0001463130653200248
9.620425248964993e-06 5.48793783658557e-06 3.215788605986361e-06 2.0378648328615277e-06 1.4643924749263677e-06 1.2343015713821288e-06 1.235504935032949e-06 1.449494281089272e-06 1.9191615582547853e-06 2.709436493015369e-06 3.816824267027429e-06 5.027654635903377e-06 5.8725245516042995e-06 5.886330933241244e-06 5.02596530732731e-06 3.7268419205894562e-06 2.5064156953802735e-06 1.6251808975397933e-06 1.0891438664140195e-06 8.066179324774457e-07 6.964053089063155e-07 7.232787273024077e-07 9.081070836726257e-07 1.3498618022551118e-06 2.2796972388612867e-06 4.149747550722693e-06 7.711445808796118e-06 1.3953424368062353e-05 2.3750558811394955e-05 3.729568927433866e-05 5.3737475603592165e-05 7.142903384433704e-05 8.864928654474999e-05 0.000104233828146545 0.00011773728522123767 0.00012920119394371825 0.00013881394174574158 0.00014667776808650063 0.00015275197271901673 0.00015694491618201356
8.365626049100404e-06 4.61878295067996e-06 2.62251992981244e-06 1.617062880173303e-06 1.1387124155490462e-06 9.495400018398358e-07 9.507455265811947e-07 1.1287015432745622e-06 1.5292220271507537e-06 2.2319496690761447e-06 3.2803985349184827e-06 4.545189884486063e-06 5.6253893053112745e-06 6.012982094202509e-06 5.502082649195953e-06 4.3832627715120125e-06 3.1633678450893503e-06 2.188025125676311e-06 1.5466468483678853e-06 1.188716600261122e-06 1.0441887027272676e-06 1.0803180062948684e-06 1.324623576778273e-06 1.892126278390086e-06 3.0381180150881202e-06 5.234154684260422e-06 9.217250668643823e-06 1.589730139389866e-05 2.6020063538013912e-05 3.9686935982515186e-05 5.60946257771865e-05 7.37896520308682e-05 9.128382137846644e-05 0.00010756655608083198 0.00012221932772749108 0.00013520045426030345 0.00014654145037059816 0.00015614638325008902 0.00016376988012291877 0.00016915900600565355
8.158245456076663e-06 4.471265078195768e-06 2.519286412748962e-06 1.5419316547004434e-06 1.0788938833622132e-06 8.955893351623967e-07 8.951260322239316e-07 1.0647661419987186e-06 1.452617245497418e-06 2.1485685034226447e-06 3.226127865224236e-06 4.611589874659801e-06 5.954587408977516e-06 6.718451579483324e-06 6.559219285919469e-06 5.6193393547722196e-06 4.374056804021712e-06 3.251346969817703e-06 2.4429403810511597e-06 1.96042888102312e-06 1.757217891750663e-06 1.8088921766616087e-06 2.1541408263515347e-06 2.9293798447210567e-06 4.417643986751499e-06 7.10445651168525e-06 1.1689609773460548e-05 1.8964088818721353e-05 2.950179427070554e-05 4.328875414509684e-05 5.957569975059441e-05 7.713357138471395e-05 9.474965517179469e-05 0.00011160730789931603 0.00012734212631860067 0.00014183889993408974 0.0001549647013040207 0.00016640497382787252 0.00017568516321337686 0.00018237612803119477
8.98922488236993e-06 5.023612366179863e-06 2.8805635844567422e-06 1.7873452279366118e-06 1.2609761389236004e-06 1.0487833745787635e-06 1.0438903265696635e-06 1.230813363646351e-06 1.6611491842908806e-06 2.4350719740460637e-06 3.646113596333882e-06 5.252259879807732e-06 6.930855091503874e-06 8.120349139693468e-06 8.361925054086188e-06 7.651539856869718e-06 6.405527508863407e-06 5.116628354088248e-06 4.092262668192432e-06 3.4345686064620687e-06 3.1440581237339946e-06 3.2181619352169743e-06 3.7128890810320294e-06 4.786347087106785e-06 6.740558834286446e-06 1.0051832019445798e-05 1.534574485913597e-05 2.3258014728860414e-05 3.4176626681815585e-05 4.7987667899293434e-05 6.402473926131699e-05 8.130579231362719e-05 9.890583152159454e-05 0.00011621026091241522 0.00013291596288279907 0.00014883802853146364 0.00016367696162547163 0.0001768930808115782 0.0001877788233255551 0.00019573841149813956
1.1115173032667844e-05 6.4953075981037235e-06 3.880907883294373e-06 2.4898372575471424e-06 1.7954836135695688e-06 1.505272054937051e-06 1.4885651399281858e-06 1.7218754079707303e-06 2.260358447467336e-06 3.213703032198227e-06 4.685031266226214e-06 6.639280334572115e-06 8.755343456211176e-06 1.0446205657449168e-05 1.1165659894164601e-05 1.0778012513830916e-05 9.615926576805783e-06 8.202401816909432e-06 6.955317655542487e-06 6.091529282627723e-06 5.689458509460278e-06 5.789803572375556e-06 6.473686365511289e-06 7.914586966383902e-06 1.0411895603424287e-05 1.4397398372006828e-05 2.0385537663861897e-05 2.8840889000629508e-05 3.9986289727830966e-05 5.365261927391195e-05 6.929148263994025e-05 8.61724097827002e-05 0.0001036401038835365 0.000121261219792035 0.00013878104115850752 0.00015593936134000697 0.00017226908729087485 0.00018701099642485255 0.00019924342160370333 0.0002082422344223481
1.5122448047908064e-05 9.433122071479399e-06 5.987534965538222e-06 4.036221754113667e-06 3.00827333310291e-06 2.5545365274984546e-06 2.5049779042729666e-06 2.818715879360857e-06 3.5489112268186284e-06 4.806167803138495e-06 6.683745409370454e-06 9.122499684973132e-06 1.1775871467168085e-05 1.4034457953399738e-05 1.5302525812895852e-05 1.5346866028221207e-05 1.440518034972199e-05 1.2985522836779854e-05 1.158345521963169e-05 1.0532876104873146e-05 1.001424478055801e-05 1.013482737113332e-05 1.1009717428499638e-05 1.281814843826436e-05 1.5831214526144893e-05 2.0404619970427226e-05 2.6923447611657483e-05 3.569587368528943e-05 4.6827891907430104e-05 6.0149207234421324e-05 7.525340329413426e-05 9.164368152718427e-05 0.0001088923354685881 0.00012670548926154376 0.00014484741498921826 0.00016296596641219397 0.00018042221174928506 0.0001962507484353501 0.00020935426232476404 0.00021894392185669483
2.1991345194857653e-05 1.4851040011869007e-05 1.0146398422871857e-05 7.2653697155374546e-06 5.638802790279816e-06 4.865931926258022e-06 4.725353808288834e-06 5.142991663221751e-06 6.151626319053558e-06 7.837016136546771e-06 1.0247035916739072e-05 1.3261401022952071e-05 1.6488875245997882e-05 1.9314795696542392e-05 2.114535722816038e-05 2.170119788617841e-05 2.1131938060207292e-05 1.9886114493848707e-05 1.847927334085581e-05 1.7330250819339838e-05 1.6720966506363304e-05 1.6838503051380873e-05 1.7840348136222733e-05 1.9906952864248576e-05 2.3267255020935375e-05 2.8190966305218953e-05 3.4944941850192675e-05 4.3721649657938506e-05 5.456779930244024e-05 6.735551630214173e-05 8.182396670734339e-05 9.7673248708034e-05 0.00011464736073920308 0.00013253888940695753 0.00015109065176327399 0.00016983201512828073 0.00018794294848144329 0.00020426926029062969 0.0002175899812506865 0.00022713103481456453
3.305624303413234e-05 2.4329554164397795e-05 1.8002368961228176e-05 1.3762577278854493e-05 1.1161835026852628e-05 9.803646704172673e-06 9.42389690043384e-06 9.89636990262625e-06 1.1197494534632291e-05 1.3340979201890764e-05 1.6281708641566582e-05 1.9808851583797972e-05 2.349092192547403e-05 2.6746900898102386e-05 2.9044380705095993e-05 3.0112369073720813e-05 3.0029444307317944e-05 2.914814794586058e-05 2.7934547020624368e-05 2.6828981412790212e-05 2.6180853505689295e-05 2.6250137142831394e-05 2.724239489068344e-05 2.9346993475905837e-05 3.27601780139386e-05 3.7684681191906946e-05 4.430544367834555e-05 5.2750435586357173e-05 6.305605623846723e-05 7.516006771021584e-05 8.893175467274847e-05 0.0001042209863947915 0.00012088381860066574 0.00013874328973772536 0.00015747512442041174 0.000176457903434148 0.000194679146838246 0.0002108180779112862 0.0002235918955606914 0.0002323264811637564
4.967425034028416e-05 3.982642933739363e-05 3.189894635117403e-05 2.602398795770268e-05 2.2050118414010152e-05 1.9713893737401268e-05 1.8766845007694526e-05 1.903012740295491e-05 2.0386812835658662e-05 2.2730436111909045e-05 2.5891089166049032e-05 2.9572156877609154e-05 3.334165408640486e-05 3.670569506971299e-05 3.9241388626420635e-05 4.0720516923130016e-05 4.1160060278693e-05 4.0786606819668216e-05 3.995024124987764e-05 3.903572572554408e-05 3.840151233020172e-05 3.835379461269562e-05 3.9147482668843624e-05 4.10002730551709e-05 4.4106632509099297e-05 4.8642630347088484e-05 5.475873807144992e-05 6.256503876248509e-05 7.211932204459695e-05 8.34285559574968e-05 9.646438474602359e-05 0.00011117652817638076 0.00012747548525355294 0.00014516035835753372 0.00016379424614898627 0.00018257432650065918 0.0002002916920078651 0.00021549480469771918 0.0002269141880773092 0.0002340616387259996
7.2439156745611e-05 6.284855389363746e-05 5.4154293632324994e-05 4.6911394321304286e-05 4.139156526320116e-05 3.7631803150029155e-05 3.552857186223504e-05 3.491733596518341e-05 3.5609540205810834e-05 3.738989282472791e-05 3.999485307000876e-05 4.309942749381627e-05 4.633323772419029e-05 4.9328382485476986e-05 5.178068796882494e-05 5.349844849513423e-05 5.442362701541297e-05 5.46272594260441e-05 5.4288836819771354e-05 5.366730667498556e-05 5.306763918021063e-05 5.280725483334294e-05 5.318849779726828e-05 5.448199160900885e-05 5.6920817049566876e-05 6.0700972696726345e-05 6.598300761454994e-05 7.289292459604033e-05 8.152408930966959e-05 9.194167100944533e-05 0.0001041849269720236 0.00011825314269774597 0.00013405593424218654 0.00015131689458096733 0.00016944660990164963 0.00018744394962732393 0.00020392469564413574 0.00021737443019863192 0.00022663701620693796 0.0002314968375014002
0.00010006160889862396 9.289270243455077e-05 8.522674507827246e-05 7.774741745907242e-05 7.106484696423435e-05 6.560517124571354e-05 6.158027050113607e-05 5.901775961361731e-05 5.781351978601295e-05 5.777957722175692e-05 5.867909385537358e-05 6.025190488817199e-05 6.223497516937212e-05 6.437784341745496e-05 6.645133410147132e-05 6.825186898488064e-05 6.960954989426463e-05 7.04082421398242e-05 7.061678923972996e-05 7.031771381482064e-05 6.971448953249816e-05 6.910753737314671e-05 6.884675907319651e-05 6.928054718088952e-05 7.071925541070029e-05 7.341953215062868e-05 7.758526309519145e-05 8.337696604687274e-05 9.092247227360256e-05 0.00010032250774354734 0.00011164238754986202 0.00012487726031136265 0.00013987926245209964 0.00015624808734636216 0.00017321617955321048 0.00018959979982030204 0.00020391187454775632 0.00021469968680174574 0.00022105763483583552 0.00022312629493097833
0.00012853602240088234 0.00012586413412600964 0.00012137996196847804 0.00011543406861766817 0.00010863829420693572 0.000101699370772682 9.525028689126679e-05 8.974479593132931e-05 8.543232042385851e-05 8.239014084347953e-05 8.057727839068386e-05 7.988263400571124e-05 8.015372904222423e-05 8.12038262518926e-05 8.280385749190383e-05 8.467277752698769e-05 8.64844108863232e-05 8.790599047740621e-05 8.86691663745885e-05 8.865158065088824e-05 8.793100119607308e-05 8.678139604802782e-05 8.561091298944186e-05 8.487284854979294e-05 8.498872175199e-05 8.630620172451578e-05 8.909161760128316e-05 9.354289424967855e-05 9.980624640567038e-05 0.0001079824623503259 0.00011811072326669718 0.0001301198938018233 0.00014374427965258886 0.00015841934422081494 0.00017320393231489388 0.00018680604328329522 0.00019778722921766123 0.00020495319669245048 0.000207817018181638 0.0002069333915392165
0.00015149857079198108 0.00015397626329324396 0.00015388153186274742 0.00015093019434391598 0.00014536580798416252 0.000137899753471982 0.0001294991340486431 0.0001211327615839248 0.00011358420965983684 0.00010737624251825332 0.00010278491151085366 9.98936119340123e-05 9.864444759227305e-05 9.886543363822745e-05 0.00010027269158009142 0.00010246290203669882 0.00010492222050888076 0.00010707890051075275 0.00010840987636995516 0.00010857644861271134 0.00010753119354889414 0.00010553889264777965 0.00010309819773023669 0.00010080609693976791 9.922991346590313e-05 9.88305106369678e-05 9.994187219517361e-05 0.00010278577475290177 0.0001074940299535087 0.00011411636459701595 0.0001226001980291016 0.00013273745443699952 0.00014408720983119324 0.00015590522129156628 0.00016713707912955041 0.00017654006827886657 0.0001829607526171861 0.00018570543563004548 0.00018485162562743813 0.00018134882533880193
0.00016223358240439976 0.00016827143973598726 0.00017176331311532494 0.00017192791920889698 0.00016855859249996982 0.00016212123195766725 0.00015361613391544075 0.00014428062313537524 0.00013528357480609377 0.0001275290291245282 0.00012159527385599249 0.00011776520216271723 0.00011608494176979969 0.00011640577409450567 0.00011839419318899172 0.00012152326680885058 0.0001250805924844907 0.00012823613772865676 0.00013019304033142545 0.00013039196767941708 0.00012868343766458222 0.00012537505635071557 0.00012112449126580892 0.00011673796031300528 0.00011297478536487802 0.00011042827581086801 0.00010949244451965596 0.0001103818666619048 0.00011316324492690006 0.0001177690908290008 0.00012398111281916848 0.0001313882917529376 0.00013934390234354317 0.0001469654118000992 0.00015322822223427055 0.0001571770453757209 0.00015821027878070378 0.00015631988120626205 0.00015216192152172635 0.00014692367342601382
0.00015666075608261292 0.00016301408446427768 0.00016755632778329635 0.00016950153252310847 0.00016846579672593113 0.000164616164075321 0.0001586408557521923 0.0001515573211493546 0.00014445693647601878 0.00013829482631697425 0.00013377841984164483 0.00013134283037729723 0.00013116641031535328 0.00013318124762620444 0.00013705694565949877 0.00014216912866775062 0.00014759765305169575 0.0001522169881574443 0.000154916062356735 0.0001549057545477112 0.00015198200576007527 0.0001465976403081854 0.00013969676560089312 0.00013240751811482561 0.00012575130663820778 0.0001204742749483889 0.00011700924331355368 0.00011551373210559098 0.00011592249526729506 0.00011797764468414174 0.00012123023497633376 0.00012503374685527427 0.00012856928815924382 0.0001309459151628539 0.00013139185776115856 0.00012949064599245455 0.00012535535852850054 0.00011963693875686428 0.00011335238708586519 0.00010763150249305385
0.00013562896086697715 0.0001392058158358154 0.00014214195090210213 0.00014407632242788908 0.00014478941813183334 0.00014428196755917716 0.00014280158854103624 0.0001408071833125359 0.0001388876254889735 0.0001376659460718866 0.00013771492607629656 0.0001394913773816709 0.00014327777414764023 0.0001491121903673277 0.00015669706069952973 0.00016530687082865175 0.00017375813842588343 0.00018053354252595385 0.0001841159992521941 0.00018346256518884469 0.00017840173200432962 0.00016971869177916788 0.00015886778420797333 0.00014748434813433486 0.00013695415395939244 0.00012819372082861804 0.00012163240685906054 0.00011729843910663335 0.00011491614257740843 0.00011397147602245989 0.00011375333661553999 0.00011341083420155018 0.00011207315567801442 0.00010904747722019366 0.00010404306253670591 9.730800941857597e-05 8.957865919853334e-05 8.185004555764068e-05 7.509462888993988e-05 7.007632492424189e-05
