_RESULTS/REVERSE_NEW/MHZ/IZ/1comp/MHZ_IZ_z_500_kriged_reverse_1comp.asc
ncols 100
nrows 81
xllcorner 5.5967107547500001
yllcorner 50.982328804750004
cellsize 0.00017565049999994641
nodata_value 1.7014100000000001E+038
[rows 57 to 75 of 81, columns 44 to 87 of 100]
2.948262271197117 2.9820007841775356 3.0135338844884436 3.0487818794863046 3.0942257578196593 3.1560014003619554 3.239136187450135 3.346799983048067 3.4794562537991034 3.6339433453961885 3.802726901012489 3.973745058590071 4.131296323871485 4.2581770317192715 4.338767859262546 4.362235864089643 4.32482456290925 4.230529154363928 4.090099005144985 3.918885543378174 3.734294929369881 3.5534878429295627 3.391661002113875 3.2609552564921254 3.1698686394492457 3.1229873351719832 3.1208422652008725 3.15983943770477 3.232431855703609 3.3277220715745077 3.4326299957947346 3.5336727348485373 3.6191022458128685 3.6808250152624664 3.7154818754768635 3.724358911141898 3.7122595017368094 3.685824913813472 3.6518786191972312 3.6162104438932148 3.5829563152600157 3.5545099726526947 3.5317895381560196 3.514666133110964
2.912333505592966 2.941101838623007 2.97276966305142 3.0124304241973148 3.0650776798870796 3.134938263148185 3.2249701421374795 3.3363737990567124 3.4680091198652527 3.6157561869040005 3.7720364999011142 3.925840613788953 4.063596084923948 4.170984246886476 4.235416567378639 4.248508936338448 4.207794332973216 4.117183698628115 3.9861603879608603 3.828098952113453 3.6582546914240193 3.4918795618576532 3.3427138865645265 3.2219191914094814 3.137410497285937 3.0934859039425615 3.0906218429442944 3.125413849309992 3.1908222020583854 3.2768579397448483 3.3717584900842814 3.463626738716049 3.5422766568290376 3.600797198411669 3.636353554211046 3.6500122663145236 3.645743712370105 3.629016447429709 3.605442251006293 3.5797918935098725 3.555495148378581 3.5345692182670683 3.5178328993424595 3.5052519764449266
2.880325283626856 2.9004980634354776 2.9287906542293953 2.9694557928153062 3.025986499684724 3.100681721840395 3.19440643088367 3.3063834067526847 3.4339166840533126 3.5720725575871226 3.713478606807737 3.848491626758879 3.965961448012123 4.0546386680747135 4.104992351297478 4.1109659494487065 4.071160850155523 3.9891354282649285 3.8728245744614984 3.733340253117004 3.5835010155782485 3.4363766306011225 3.304016803069012 3.1964397717060993 3.120903413714877 3.081434174831517 3.0785537164446963 3.109219438703174 3.167111390300247 3.2433495947308635 3.3276305022798556 3.4096980526669896 3.480899101520602 3.5354257262651743 3.5708899157724168 3.5881065317960377 3.5902422313318922 3.5816708134673108 3.566891014810199 3.5497468702577564 3.533031437298399 3.518426956916886 3.506669456864591 3.4978171373801463
2.848620046086447 2.857873625384205 2.8804626299224427 2.919810454445358 2.9779499150577164 3.0553247002044013 3.150802747055444 3.26173750561215 3.3839993557944696 3.5119792572786865 3.638646122314543 3.7558072578321706 3.854713758010606 3.9270371340002095 3.966064553911413 3.967818747987513 3.931795759755883 3.861140929962973 3.7622713299286645 3.6440939334762383 3.5170085315688313 3.391847178866456 3.2788499006951093 3.18674902909342 3.12202356595612 3.088359027335697 3.0863222717536614 3.113299944376647 3.163797745434599 3.2301415342592588 3.3035333510238933 3.3753392411500984 3.4383714114458606 3.487850999118553 3.521803069342902 3.540825480815213 3.547381697924929 3.5448897972000286 3.53687725759527 3.526377134320019 3.5156209761969412 3.505989681024038 3.498136074931965 3.492187196655506
2.817392253456711 2.814864533823039 2.8306510203134843 2.867395074005268 2.925756128385189 3.0044719922456506 3.100616783090186 3.209888559641658 3.3269101328677317 3.445526138528537 3.55908416566096 3.6607490818623556 3.7439312860160654 3.8028629765841035 3.8332593264554395 3.8329196775286136 3.8021126447907845 3.7436535644307876 3.662676518753574 3.566167719433729 3.4623383097366554 3.359894861877239 3.267253715987268 3.1917570790991063 3.138966482257403 3.1121070884599806 3.111724358322615 3.1356228684210383 3.1791549003648836 3.235869149353255 3.2984528230680272 3.3598261889647305 3.41417333620918 3.457668247561537 3.488731305755616 3.507802765376797 3.5167684187932515 3.5182499377848107 3.514959270335876 3.5092420219375544 3.502845809292074 3.4968817480211016 3.491913806099594 3.4881074211002603
2.7900952755969577 2.7762804708520563 2.7852087937867496 2.8188473821752753 2.8766143738766154 2.9557462348498804 3.051805179862852 3.1591291831551342 3.271332669160761 3.3818448284253253 3.4843728601014097 3.5732449330602303 3.643672571122436 3.6919909288381576 3.71589736117216 3.714657676553188 3.6892258254005794 3.6422374830282336 3.577870180054199 3.501582967766961 3.4197468254899506 3.339168608979331 3.266518866288863 3.207702687436182 3.1672454971010886 3.1477818352773697 3.1497342156744654 3.1712596946639104 3.208513126801532 3.256219163442512 3.3084767576793075 3.3596554193865034 3.405197276058436 3.4421459942521904 3.4692996465733525 3.487001249539963 3.496682977195234 3.500325641004697 3.499977185383064 3.497416384348737 3.493983520245212 3.4905521874921033 3.487593642243509 3.4852837094086735
2.772145076702597 2.748642398321722 2.75140177426427 2.7818666779236674 2.8384174456876914 2.917053091012563 3.012154262445623 3.1170388005759815 3.224587379325203 3.327958554504503 3.421187332203767 3.4995406049945865 3.5596433424405673 3.599462754316813 3.618238580015809 3.6164086640665274 3.5955380647290807 3.558238774403551 3.5080633317512953 3.4493551800895577 3.3870345331219776 3.3262976391006496 3.272221263443572 3.229294814610496 3.2009378053940054 3.18908460031193 3.1939240217445914 3.2138669588730675 3.2457791399468596 3.2854624746384653 3.3283089416755716 3.3700005672875752 3.4071060599997343 3.4374472414363457 3.460176142760142 3.475589866725419 3.484777822327658 3.4892204085450995 3.49043965166558 3.4897590748802902 3.4881846257259785 3.4863859998878683 3.4847428989313576 3.483420675124254
2.769192503147973 2.7384109892679653 2.73615996785146 2.763502460875006 2.818088457933744 2.895039118731083 2.987914870692507 3.0893579452671873 3.1918003492444065 3.2882915925607747 3.3731798162940385 3.442465296947909 3.4938264513728794 3.52642939348276 3.5406555578617445 3.537844981658277 3.520096536618658 3.4901228046873447 3.4511360173131354 3.4067353500432813 3.360765816212876 3.317123495062478 3.2794949050046664 3.2510416315078823 3.234069341544716 3.229742957320547 3.237917814373821 3.257144831929262 3.2848760272969706 3.3178513106298277 3.352599802925587 3.3859534635813593 3.4154625125054086 3.439628897475888 3.4579284336417695 3.470652473201935 3.4786420881177262 3.4829989370549645 3.4848402149119946 3.4851338276243995 3.4846189403070986 3.4837957253439056 3.4829590131066035 3.4822512601385256
2.78540848277791 2.7501876228264477 2.7443258783393625 2.7685760725374595 2.8202260083905912 2.8939642742052447 2.982913099523994 3.079369315030551 3.1755953297881008 3.2647059318326725 3.3413767040988396 3.402179608332222 3.4455430397346927 3.471461085102847 3.481109696498609 3.476488855408412 3.460143907787514 3.434965297802639 3.4040399719957057 3.370524545718432 3.3375171200095295 3.3079129514197265 3.2842380133767786 3.2684662320145907 3.2618411605400084 3.2647370572540932 3.2766009831119436 3.296010800092761 3.320862405093958 3.3486676450565107 3.3769117090204666 3.403397515470878 3.4265047641551845 3.4453150916633812 3.45959367145888 3.4696561220520663 3.4761734822611996 3.4799713098603053 3.4818652788090527 3.4825541775166444 3.4825711158297317 3.482280534146034 3.4819034537839695 3.4815545278451507
2.822293649236549 2.7854194442802163 2.7773486879076206 2.79854456735873 2.846234683024784 2.9150891011089435 2.998166447203252 3.0877429305222814 3.176186873917646 3.2568605703724045 3.324808074018825 3.3770590223288743 3.412552639305684 3.4318094440211486 3.4365103741597776 3.4291022061862373 3.41247972176379 3.389740870067189 3.3639890939872394 3.3381611049675275 3.3148723284634225 3.296282812215251 3.283989644412799 3.2789511558357014 3.2814481358129597 3.291089572226352 3.3068725324330064 3.3273034521574716 3.3505786070898553 3.374806215790839 3.3982370191860953 3.4194618361596296 3.4375389882203367 3.4520315134050703 3.462957558621513 3.4706781404042033 3.475757345113621 3.4788288674439207 3.4804925605658212 3.4812509876079125 3.481483981784835 3.4814518259876257 3.4813152418869677 3.4811616668799896
2.878391335724993 2.842218557001252 2.8331379327722326 2.8513645090541386 2.894231404947242 2.956665770202142 3.0319868465044664 3.1127686215844643 3.1917558381762716 3.262738158570718 3.3211838578339528 3.364505341359742 3.3919730718962136 3.4043993287362637 3.403737047562209 3.3926967600133735 3.3744200376047666 3.3522010223731256 3.3292347740496853 3.30838422335676 3.291977433226899 3.281657992013085 3.27830864851593 3.2820559529073465 3.292349367079782 3.3080979883127193 3.327843671893232 3.349949496556249 3.372784381300578 3.394886322078413 3.4150883340118856 3.432594440364941 3.446999404501347 3.458255017552097 3.4665952421705586 3.4724391578535077 3.4762922169235497 3.4786626766696784 3.4800030671514026 3.48067888735328 3.4809606874276082 3.4810324308727547 3.4810084796390783 3.4809528808315013
2.9497337947393185 2.916072347082397 2.906903344985396 2.9222666278151856 2.959679149918247 3.0144802858120117 3.0805005493643667 3.1508917698303565 3.2190144906187568 3.279241941851608 3.3275194466762312 3.3615926503251896 3.3809331885443905 3.386470357155427 3.3802488243609803 3.365090060065169 3.3442789595159117 3.3212625345915785 3.2993466792070256 3.2813990073193087 3.2695898852817553 3.2652138715584194 3.2686251902077657 3.279298766405663 3.296002082617889 3.317041446559431 3.340534921093685 3.364664971117901 3.3878749864225446 3.4089907765621743 3.427265496259894 3.4423598466082996 3.454276768671204 3.4632715587669267 3.469756088763841 3.4742114499454795 3.4771182090613966 3.4789084333422053 3.4799393079221614 3.4804849908721485 3.4807415901772623 3.4808397815265915 3.4808603096767134 3.480848953671846
3.0306061000123545 3.0007410610364222 2.9921467849378605 3.0047576473069215 3.0363308307587995 3.082720586786396 3.1384478339076325 3.197449562409037 3.253877168890259 3.3027968099904186 3.3406645063029954 3.365522487172373 3.3769527608583676 3.3758786224626114 3.364303595022123 3.3450363112500234 3.321404609875604 3.2969418133556103 3.275039847787008 3.2585937673094554 3.249688836807727 3.2493892671172246 3.257673702825209 3.273532775685497 3.2952086107721987 3.320525451568354 3.3472429231659233 3.3733636696098723 3.397344895231392 3.418192579236872 3.4354475657554686 3.449094486922551 3.4594325674934527 3.4669430452840015 3.472176556214042 3.4756712506322494 3.477902530796026 3.479259454785738 3.4800405483607335 3.4804617967892284 3.480670807460768 3.4807627547135267 3.480795299704093 3.4808010069610598
3.1144862853100133 3.089187978140967 3.081603415784358 3.0916095935767687 3.1172535042358342 3.1549791165106376 3.2001090158036254 3.247485183122082 3.2921436419971166 3.3298939968072294 3.3577091358011026 3.3738965671661165 3.378089037607749 3.3711244777909615 3.354873555860769 3.3320349825651374 3.305885065902387 3.2799616672691276 3.2576857786595435 3.241960132750161 3.234811950479452 3.237152277608938 3.248705785778188 3.26812944680511 3.2932966421466014 3.3216861161980646 3.350792685268542 3.378475809675562 3.403184312253918 3.4240336257129704 3.4407520689308484 3.4535406491366807 3.462899523926194 3.469465569280011 3.4738876090526665 3.4767475748268057 3.478522802693409 3.4795783641002007 3.480177448584265 3.4805000101649464 3.480663080062575 3.4807390653827777 3.4807704851148027 3.480780911118996
3.1951118895522748 3.1746457305925304 3.168300381548105 3.1759251573120686 3.1958879567463914 3.22525915826651 3.2602044165214528 3.296504272942831 3.330093645529823 3.3575193881540786 3.37625080906741 3.384832340298521 3.3829130190511 3.3712019152622745 3.351379590561663 3.3259614738735928 3.298086067496108 3.271206364187753 3.248694840866237 3.233412947894048 3.22732391984835 3.231230717766389 3.2446989037906735 3.2661849814057704 3.293344885085488 3.3234562189147923 3.353862298104346 3.382344471452979 3.407353997672699 3.4280783416526477 3.4443629011754737 3.4565409943651657 3.465233803052626 3.4711704790085625 3.4750567030641113 3.4774982656381703 3.478971334852076 3.4798245831017196 3.480298386728351 3.480549835040156 3.480676657782731 3.4807368576059523 3.4807632751949904 3.4807736069064683
3.2674544905474443 3.2516394259681283 3.246586882605789 3.2521375916049324 3.266984354499631 3.2888130059009666 3.3146060474209427 3.341041257270726 3.3649010076717043 3.383418240298374 3.394518400640493 3.396957837631681 3.3903874840145507 3.3753721268973393 3.3533725971811243 3.326668498584278 3.298184892355508 3.271200416088291 3.2489520417219966 3.2341945417557567 3.2288003439399624 3.233486789061446 3.2477337435091416 3.2699132217345195 3.297604913705015 3.3280286960359424 3.3584984297904708 3.38679965317029 3.411419952086834 3.4316068626707072 3.4472767667211803 3.4588313826059536 3.4669470535898848 3.4723890816131227 3.4758796112435006 3.4780244237380455 3.4792884491504776 3.480003395179702 3.480391478097834 3.480593436496976 3.480693943298631 3.480741545679792 3.4807628154187658 3.4807716371733797
3.3283369828631884 3.3166592126156824 3.3128194298941467 3.316663065237233 3.3271859345830905 3.3426348206456806 3.360727992447141 3.378943647098054 3.394814655299278 3.406179811973985 3.4113691494513563 3.4093299435193827 3.399715318580933 3.382950569044739 3.3602682694328507 3.333678108848307 3.3058296358605297 3.2797452243932392 3.258440684333526 3.2444940680881427 3.2396501858097517 3.244548935818286 3.2586409258384874 3.280312234511836 3.30719233038326 3.336576510443281 3.365867865334354 3.392942696866261 3.416369938696891 3.4354610918731034 3.450175078798054 3.4609345807368532 3.468418210058034 3.4733795155476406 3.4765200898900956 3.478421180465275 3.47952302402253 3.4801350670245297 3.480461093138472 3.4806276519603307 3.4807092010700957 3.480747391879682 3.4807644316672146 3.480771621453443
3.376564957595101 3.3683201444718343 3.3655286176230965 3.3680498294815155 3.375142459154316 3.3855304487258375 3.3975526682938786 3.409359266377031 3.419113001384538 3.4251648845824825 3.4261941553445934 3.4213216582286794 3.4102119474008465 3.393168286093118 3.3712017353560513 3.346034723238244 3.319995975948716 3.295784654895164 3.2761209750747033 3.2633420358058 3.2590274938814146 3.2637403784597647 3.276944588342126 3.2971202824458636 3.3220521325003514 3.3492245584476055 3.3762335115606286 3.4011244402032563 3.4225922948930196 3.4400231218745825 3.4534014002280253 3.4631366226235945 3.4698691524788843 3.4743024649557044 3.477086593631107 3.4787563379481474 3.4797137829144233 3.480239201874581 3.480515364224019 3.4806544605110568 3.480721605895118 3.480752655610437 3.4807663896812606 3.4807721824013718
3.4126265974605565 3.4070559748740084 3.4051105267299224 3.406669555174592 3.411205768433803 3.4178245501576616 3.4253583573907633 3.4324920562908674 3.4378932447475044 3.4403307039835256 3.438778722567768 3.432516538875035 3.4212327927247834 3.405132255484674 3.385021583116961 3.362333970701808 3.339051520129991 3.3175044235765028 3.300062375323795 3.2887717175771427 3.2850160941188347 3.289279638476874 3.301070054600657 3.3190214150562265 3.341153379667449 3.3652259135081506 3.3891068465730743 3.411071020970084 3.42997469484527 3.44528858676823 3.4570124386264327 3.465519301241024 3.4713828075653943 3.475228819046383 3.477632983484985 3.4790669824151785 3.47988396937667 3.4803289582348733 3.480560846702079 3.4806765301982976 3.480731802887796 3.4807570992388785 3.4807681852207977 3.480772832375391
