_RESULTS/CROSS_VALIDATION_POSTPROCESSED_80-20/Berg/TZ/2comp/3/Berg_TZ_z_355_kriged_reverse_2comp_spherical_3.asc
ncols 100
nrows 90
xllcorner 5.6208707817415728
yllcorner 50.959635321741573
cellsize 0.00013419651685393446
nodata_value 1.7014100000000001E+038
[rows 57 to 75 of 90, columns 44 to 87 of 100]
4.670535584223545 4.45204495219712 4.222799189761109 3.9738840652982397 3.7140812948333846 3.476555610628847 3.3051074189096203 3.1922495384054965 3.1035618255007567 3.039689613176992 2.999880243025369 2.983380014656395 2.996090086824033 3.040128478677381 3.117174927653899 3.231554904010367 3.3959213890304834 3.653179135817904 4.0224988355121125 4.4375303881225525 4.880936845221686 5.3571422049979205 5.859609599160258 6.061709556549575 5.396996564271136 4.772869408864744 4.233400885993423 3.779193049969518 3.404583421233262 3.1013119186362643 2.8608713396106955 2.6724975956991 2.5264210220268954 2.4155913316783613 2.32996761199156 2.263907474098665 2.215299309314831 2.1857159166441518 2.1718347398615583 2.1702850972383234 2.1779030311629244 2.1916283972379444 2.202843169884791 2.203379602617857
4.378118683771155 4.1661393903140045 3.948678313961207 3.722013857169917 3.494359281578676 3.2928136016491485 3.1529364110145877 3.0570667415090536 2.983338299585635 2.9334699592213678 2.907524183194773 2.902078666807483 2.9176020273387673 2.9558917740027764 3.0209949819711337 3.113658516704283 3.233583991604921 3.43864469142742 3.8461332226322287 4.303136009689061 4.781107804599897 5.26213512394275 5.666446245351829 5.761287122090152 5.436964281358838 4.960828789450419 4.489176364684663 4.066431076989191 3.7038551454260737 3.399927729029951 3.1480638686450977 2.942421760081703 2.776974598165923 2.642189584604415 2.5309427663817887 2.4388618306668643 2.3637147102489964 2.307476098905591 2.2667465663895183 2.2379824101594576 2.217899711719972 2.204515485163165 2.204121770472854 2.204336392207214
4.073900165888345 3.8794237433934273 3.683707996717225 3.4866672774590635 3.292034596635636 3.1207768868130077 3.006690374747029 2.9229116185748074 2.858871826071213 2.8161359407641893 2.7955450265250823 2.7962549234853036 2.816534869429706 2.858158663825744 2.923056743240365 3.0141053112592235 3.141328020891611 3.354105291855884 3.6933747978430715 4.101825079178627 4.547659043427865 4.980444135610956 5.302168317483416 5.403258529073012 5.253946940673566 4.947333897219357 4.586811985176997 4.228964978866552 3.899597050403864 3.608579539844356 3.3580133191602948 3.1462416118328 2.9665738144732687 2.812503574691786 2.679703892823251 2.5646320569607193 2.4655314590567 2.384801931752379 2.3190726605797343 2.2648410864978774 2.2240818143752175 2.2054058444663847 2.204545689828615 2.2045457530346186
3.775200335220757 3.604766165907309 3.435763543837182 3.2697467915676284 3.1101795897567177 2.967999475989084 2.8714989224631062 2.796281300934033 2.7397815969598804 2.702961913104871 2.686728516271588 2.6921016806856075 2.7179221030636973 2.764544424945458 2.8351479196425333 2.9352446101623437 3.0771048510839143 3.2830023275294877 3.5644454573824986 3.9032314127577434 4.270593029474537 4.627126620911023 4.901489188922199 5.023938522188807 4.9746547054114 4.792383430320388 4.535864495170233 4.252624972879072 3.972258627953082 3.710725600637811 3.4754010287356625 3.2654634763198103 3.078217999433556 2.91155919220113 2.762756883340015 2.62931441147508 2.5105597405573636 2.40916586322191 2.3245104970113766 2.261924798010588 2.2214045716715343 2.204686718927417 2.2045457530346186 2.2045457530346186
3.4935675999715428 3.350293034951113 3.209945448499754 3.074867734037521 2.9483940055434275 2.836925618933768 2.751447535206706 2.6815110634440784 2.629863624087734 2.5971293448180206 2.5840917363678884 2.5917760115890642 2.6215260044057094 2.672739143638866 2.7477687956252708 2.852120091641578 2.994216704249152 3.1836676780696482 3.4234105652752214 3.703451330170619 4.0032892480017015 4.285816949865778 4.501472529470834 4.617585055590228 4.621982834128692 4.5273605287919985 4.359109972798232 4.149790727413544 3.9253872077134435 3.7029506462499464 3.489295122220525 3.288373769222128 3.1020798947790715 2.9302759780960175 2.7720936487542596 2.626510486893299 2.498981256061663 2.3947440129437636 2.312954113577043 2.2529979696300626 2.2155781452853565 2.2045457530346186 2.2045457530346186 2.2045457530346186
3.235924605278119 3.1206332177656524 3.009209834663433 2.9042962887210795 2.8090283176323134 2.7241034977522713 2.645064084451614 2.5806992197421703 2.531859693237928 2.501304089021641 2.4898973655621526 2.498481406141654 2.528375896970445 2.5814423320263917 2.6579916509717543 2.7611587986490207 2.8959154846907835 3.0662905409694408 3.272010529030685 3.5057915337147625 3.7522965027777633 3.976846997594458 4.1498315955425555 4.250682964984643 4.270870621814774 4.216257352137864 4.102991920743928 3.950623034515757 3.7758948676653072 3.5898254593633188 3.4018284245448887 3.2182419541481404 3.043031357770789 2.8785969506898104 2.726905351566355 2.5887283461248214 2.469047546502922 2.3711893947330207 2.294609874552794 2.239742230789284 2.2099203291342753 2.2045457530346186 2.2045457530346186 2.2045457530346186
3.0002464467189602 2.9125140369678615 2.829628269565201 2.754321449610462 2.6896486324990687 2.623482085009683 2.549967730427236 2.4905681508893456 2.4461461543658545 2.417670899044922 2.406314675390081 2.4142073707053786 2.4424500825981728 2.492571422165131 2.5666570786742193 2.6652934998245157 2.789857219950619 2.941833044506039 3.1198021563741705 3.318162866924072 3.520826369707495 3.7015142400871435 3.8425686986702963 3.9302764123801666 3.9583127663496267 3.9290317490637787 3.851323556650961 3.7357388173813058 3.594513178973301 3.438546010259441 3.2764193726560675 3.1144241606642287 2.9569191926276632 2.8071951870813465 2.6676211886209384 2.539708741716986 2.4299556435455427 2.340288878456714 2.27154249363781 2.2264344195385783 2.2057954633447507 2.2045457530346186 2.2045457530346186 2.2045457530346186
2.787816610243125 2.726112362993026 2.670110993128144 2.6227002353871667 2.581783133134376 2.5278577867261784 2.4625660844417987 2.4076730606449 2.3680315515944934 2.3432007387178313 2.333522172761758 2.3408182972032123 2.3662676659630044 2.411744675454641 2.478934273206948 2.5692933249056273 2.683177578979137 2.8188711378014983 2.974647760317991 3.144897230286462 3.3108303051296404 3.4581671349190803 3.5748349401334125 3.651362011210846 3.682175124747311 3.6669836272527774 3.6106712988001286 3.5211135352228875 3.4072287045319687 3.2775071666696203 3.13920425215915 2.998072714150886 2.8585500272786186 2.7244226342105327 2.597985869963695 2.4821958651062213 2.3838118355528035 2.3055052477623668 2.2489830055243 2.214987496925595 2.2045457530346186 2.2045457530346186 2.2045457530346186 2.2045457530346186
2.6005428644193307 2.5629019488135487 2.532213250456633 2.509986194763537 2.480035982914612 2.4374099470509716 2.3838041908455283 2.3316101901000876 2.2951694578784116 2.2737758994933843 2.2670068835117445 2.274738932862165 2.298517810196961 2.340225437519205 2.4008824764125136 2.481440688450305 2.5824480714283986 2.703576422434383 2.841877120420167 2.985420369065535 3.122122212295667 3.242963053885316 3.33910862258699 3.4034572011801747 3.4319256760685075 3.4240274657470398 3.382578174084578 3.312743330130938 3.2208566663451217 3.1133888539474537 2.996251977554147 2.8744647923293494 2.75258985055048 2.6340055634204647 2.521034503142999 2.419623641166606 2.33648738979147 2.272677647509952 2.229169451799582 2.207103880034639 2.2045457530346186 2.2045457530346186 2.2045457530346186 2.2045457530346186
2.4401058153529687 2.424386039373929 2.4171541982526596 2.406487044189705 2.384635477773384 2.3525183894007644 2.3114434272265996 2.2647302882712546 2.229915330974956 2.210373017323995 2.2053725071143684 2.214475273691698 2.2374438601169984 2.274992583396197 2.32950658249269 2.4015035676024037 2.491057823697929 2.5976134519013665 2.715348325183838 2.8338935200874666 2.946437296262244 3.045391663582046 3.124338481188872 3.1781114125705265 3.203579723791414 3.200044245597087 3.169128399433279 3.1142563045310085 3.039931519984908 2.9510348773488912 2.8522808890657925 2.74825882334945 2.6429548329331656 2.540029606238444 2.4432483369043125 2.360022824567566 2.293190264948937 2.2440888405776342 2.2140526196054373 2.2045457530346186 2.2045457530346186 2.2045457530346186 2.2045457530346186 2.2045457530346186
2.307734502736384 2.311769803709324 2.315130466058531 2.309818316128219 2.2956948227324014 2.2734081676330584 2.243949480980831 2.208561834535902 2.1746490135254013 2.1557188184877707 2.1512950666160306 2.160664467451512 2.183308686393526 2.2187940178165757 2.267365227854131 2.3314150338013744 2.4110180855848693 2.5027312967779802 2.59852769012176 2.6940585539528548 2.784377684841009 2.864206491515216 2.928518484299442 2.9731849524933 2.9954964278348846 2.99450769885036 2.97113549034781 2.9276759819249714 2.8673517991989734 2.794003336111716 2.7118986078921563 2.625240602426695 2.537477055756295 2.451571481489186 2.3727660332180545 2.3070586909168767 2.2562194837110088 2.221858833243701 2.205621459176711 2.2045457530346186 2.2045457530346186 2.2045457530346186 2.2045457530346186 2.2045457530346186
2.2048644964788404 2.2145657387355446 2.2205177801785396 2.220028735288832 2.2132468568100636 2.200218084180474 2.181606458781432 2.158334340713654 2.1315426304985654 2.1122601510202803 2.1075250372991805 2.116385989219047 2.1380966744482435 2.172006785979859 2.21744433386175 2.274553403823495 2.343087909509165 2.417370204845019 2.494462706970845 2.5709069069019246 2.6428183961463665 2.7061764183180657 2.7572154637744086 2.7928456228317113 2.811008369795578 2.810885415910657 2.792918999633426 2.7586556846250594 2.7104692100342613 2.651495337582456 2.585179331722914 2.514636868816614 2.442768917707025 2.37290751695131 2.3120217879012093 2.263005320397572 2.2277472193919534 2.2080783966924202 2.2045457530346186 2.2045457530346186 2.2045457530346186 2.2045457530346186 2.2045457530346186 2.2045457530346186
2.118612648143242 2.125762008180352 2.133416748475647 2.1375966475486363 2.1373944892733103 2.1330449879498254 2.124654280286758 2.112756189890875 2.098153312098272 2.0823175659884643 2.076609582094723 2.0844320587318452 2.104854736022952 2.137068991672933 2.180252629091578 2.230229463112966 2.284378405535718 2.3432237869111123 2.4043068332039224 2.4647656492121985 2.5215070116829756 2.5714132160871213 2.6116078521778343 2.639734480216905 2.654192262433983 2.6542795529348324 2.640219123318476 2.6130763942017388 2.574881411268709 2.5280232390540385 2.474982063310372 2.4182828707288904 2.3604271695933283 2.307280547861131 2.263090136709837 2.2299516675205235 2.209865452428861 2.2045457530346186 2.2045457530346186 2.2045457530346186 2.2045457530346186 2.2045457530346186 2.2045457530346186 2.2045457530346186
2.0419507313088197 2.0468584340449647 2.0541644506193264 2.0626135922827578 2.0687299489128237 2.0722389726388597 2.0733302443220074 2.0722184300767443 2.069207938911465 2.06498218237034 2.0610629561773663 2.067482657695437 2.086430422225584 2.1162614439170326 2.1527866014464507 2.193596149776764 2.236326563676745 2.281535691522159 2.3287955187425795 2.3757116954322677 2.4197818466181165 2.4585430918563365 2.4897542733951736 2.5115834556935726 2.5227663183859836 2.522705482944665 2.5115751156203503 2.490395337564371 2.4605258842245257 2.4236948683281896 2.381862710946937 2.337084531231599 2.2935981644346928 2.25645724281712 2.227855255143775 2.209891778015802 2.2045457530346186 2.2045457530346186 2.2045457530346186 2.2045457530346186 2.2045457530346186 2.2045457530346186 2.2045457530346186 2.2045457530346186
1.9761354485919074 1.9780937048377003 1.9849750463056717 1.9952312639988277 2.0073994312836514 2.0185339403647884 2.028459498312595 2.0372784385153166 2.045235284389733 2.052650547478783 2.0599960462585347 2.067962866189528 2.082505930928394 2.105005421937863 2.133463029519758 2.165762076610407 2.1996154745437813 2.2332743183375188 2.2684579760122303 2.3037437277949087 2.337070254772194 2.3664525720465224 2.3901077092326393 2.4065821677021653 2.414898948005835 2.4147452538562835 2.40622961808316 2.389942755971325 2.3669019193204464 2.3384527310899914 2.306162031382417 2.273204359724326 2.244431267877358 2.222044188995927 2.2081426668962223 2.2045457530346186 2.2045457530346186 2.2045457530346186 2.2045457530346186 2.2045457530346186 2.2045457530346186 2.2045457530346186 2.2045457530346186 2.2045457530346186
1.9213853607786637 1.9196812448382234 1.926408931142661 1.9379631181992703 1.9536982215319039 1.9722035095907995 1.9907882151562108 2.009179936081827 2.0273709192587304 2.0447142411972115 2.0608104506259908 2.0754672505945497 2.088488339131819 2.1035894748767334 2.1243296235381828 2.148656959264221 2.17440484380753 2.1992979664057914 2.223773609218653 2.248907201206202 2.2729664322422365 2.2943221418426742 2.3116066871250127 2.3237111690411028 2.3298643437794126 2.3296941745984867 2.3232426040109306 2.310946734551473 2.293591338721396 2.2722419110574994 2.2495371726141364 2.229541449546788 2.2142564879752977 2.2056805761645077 2.2045457530346186 2.2045457530346186 2.2045457530346186 2.2045457530346186 2.2045457530346186 2.2045457530346186 2.2045457530346186 2.2045457530346186 2.2045457530346186 2.2045457530346186
1.8753035179127668 1.8708543663127346 1.8777480843196765 1.891047710357998 1.9095967794691315 1.932422193559206 1.9582154810140535 1.9842132390255858 2.0095056457546536 2.033662536651167 2.056336999354165 2.077248224091119 2.096158476514773 2.112847627916431 2.1275155510395294 2.1442208834521272 2.162385358627569 2.179900671730383 2.1954382707795714 2.211634771740866 2.2277133695476286 2.242328592322923 2.2543142434544556 2.262742021706524 2.266971133568378 2.266681076249368 2.2618827005612214 2.2529065250034295 2.240377255754756 2.226908375409083 2.215293263128774 2.207243678364856 2.2045457530346186 2.2045457530346186 2.2045457530346186 2.2045457530346186 2.2045457530346186 2.2045457530346186 2.2045457530346186 2.2045457530346186 2.2045457530346186 2.2045457530346186 2.2045457530346186 2.2045457530346186
1.8288299928106637 1.8228314480821601 1.8302075935506947 1.8458117578893818 1.8673520603424993 1.893566562061426 1.9231873093510372 1.9550336995218904 1.987137676743497 2.0178986654985276 2.046888363707185 2.073756567185109 2.098202277085712 2.1199461881730426 2.138705564870181 2.1541723105142463 2.1661763450718676 2.176751136201443 2.1851150956821654 2.193253029158384 2.2022140365595053 2.210832008442442 2.218110167247471 2.223260405561485 2.2257367874958383 2.225257932874321 2.2218149110865015 2.21598605933053 2.2101961435645388 2.20592398430687 2.2045457530346186 2.2045457530346186 2.2045457530346186 2.2045457530346186 2.2045457530346186 2.2045457530346186 2.2045457530346186 2.2045457530346186 2.2045457530346186 2.2045457530346186 2.2045457530346186 2.2045457530346186 2.2045457530346186 2.2045457530346186
1.7810823626160717 1.7740105237480441 1.7821105929504952 1.800588166982242 1.8256921854507933 1.8557516527680795 1.889228333263996 1.9247971984531183 1.961333669013084 1.9978578575914236 2.032797160808974 2.065228815800784 2.0948079699330706 2.1212117510395037 2.1441154721529667 2.163173307526494 2.178003589741797 2.188179259222303 2.193224148079118 2.1946695658360285 2.197059033838746 2.20018580211007 2.2031713380004803 2.2053260918515734 2.206171408956385 2.205565531043412 2.2047424033878014 2.2045457530346186 2.2045457530346186 2.2045457530346186 2.2045457530346186 2.2045457530346186 2.2045457530346186 2.2045457530346186 2.2045457530346186 2.2045457530346186 2.2045457530346186 2.2045457530346186 2.2045457530346186 2.2045457530346186 2.2045457530346186 2.2045457530346186 2.2045457530346186 2.2045457530346186
