_RESULTS/CROSS_VALIDATION_POSTPROCESSED/Berg/TZ/4comp/3/Berg_TZ_z_710_kriged_reverse_4comp_spherical_3.asc
ncols 100
nrows 90
xllcorner  5.6208707817415728
yllcorner 50.959635321741573
cellsize 0.00013419651685393446
nodata_value 1.7014100000000001E+038
[rows 18 to 35 of 90, columns 0 to 41 of 100]
0.03777329016052759 0.0381622040317323 0.03855759960094554 0.038926066364504935 0.03923578921722555 0.03945819834361225 0.03956991795198723 0.03955475654436705 0.03940541073143202 0.039124541447862836 0.03872494545182936 0.03822868283497395 0.03766520805226856 0.03706875532223463 0.03647541864642679 0.035920498196359535 0.03543667983210689 0.03505340175606763 0.03490131170135759 0.035404350924438124 0.0366307574383404 0.038600851078846914 0.04122620396383118 0.04455364605848671 0.04862842062980047 0.05279431179120804 0.05687191458556152 0.06116864023341323 0.06589637947662674 0.07103520706890648 0.07663661517404646 0.0834495906612552 0.09164087685598912 0.10120559777074623 0.11171437724181689 0.12141741205342647 0.12413943097028646 0.1137785519378329 0.09806957975127993 0.0827613689522975 0.06945113448059254 0.058909384208827006
0.03868183258530622 0.039290238512895044 0.03989309223237133 0.040450590655744925 0.04092353873683057 0.04127563025362105 0.04147625051899963 0.041503451868417765 0.04134661315142387 0.041008242786130335 0.040504463169756005 0.039863918111873 0.03912512455158407 0.03833259048347796 0.037532325955587975 0.03676766229125269 0.03607640841113131 0.03549003898930962 0.035110325271849624 0.03536202460471093 0.03631970966157902 0.038033780066147126 0.04056113247350943 0.043794987583485274 0.04777057838288343 0.05200033813911834 0.056182349362981054 0.06033519395133934 0.06480418877811717 0.06959289659916752 0.07506577712046676 0.08180664499331163 0.0897262689212803 0.09857742688123791 0.10759189783041277 0.11478705789081266 0.1167951577528757 0.11168322064920466 0.1018557629336507 0.09074823584980972 0.08043705493490445 0.07207196489318414
0.0399196880136046 0.04077903248513148 0.04162407315493074 0.04240667505248311 0.04307771689799217 0.04359014447937224 0.04390293544801433 0.04398551544835474 0.043821896920192435 0.04341367630186633 0.04278111760948915 0.041961868841144195 0.04100728490916262 0.03997673440881338 0.03893067761408669 0.0379238964920501 0.03700084361920802 0.03619471112224796 0.03556950263672487 0.03555245337830658 0.03626503879941286 0.03771825011874756 0.03996891723339971 0.04307036914160197 0.046873491050188634 0.05110017278776043 0.05525969355114813 0.059289734645056054 0.06332360635259425 0.06766466172050138 0.07296326516985491 0.07940271394386039 0.08681750225888618 0.09482044173946415 0.10267611620163847 0.10894222134246075 0.11184064697228929 0.1104677428167166 0.10567792804646708 0.0992699735892864 0.09284919199326946 0.08746704932209452
0.041474575917682215 0.042624651505220386 0.0437565266038354 0.04481154302622334 0.045727489795523345 0.04644254609057906 0.046900797471534465 0.04705875554866336 0.046891798724785154 0.046399129669438384 0.045605941611076596 0.04456203505430521 0.04333685130386761 0.04201136971178108 0.04066755979881455 0.03937702100063988 0.038204449019227454 0.037262808525245016 0.036556638462490285 0.03641002428377459 0.03696668383629397 0.03821896338030483 0.04020198782911517 0.0429943943265663 0.04661291322640742 0.05080067261131468 0.054902458497559016 0.05877982306695343 0.06235133200395611 0.06602582892484958 0.07075326127829631 0.07661579981324063 0.08348313926867877 0.09082285044409837 0.09805754865683251 0.10427858163920721 0.10849395048303724 0.11018649689907668 0.10967622928134486 0.10791446880266109 0.10598064700797771 0.10465612423384701
0.04333208472351208 0.04482146653169907 0.04629604244170355 0.04768432261618364 0.048907202144558265 0.049882802265095685 0.050533982927694295 0.05079791779300884 0.050636146990436476 0.050042771204633844 0.04904848229380344 0.047719167980953534 0.046149326144938906 0.044451209020194955 0.04274853605459847 0.04127823200064422 0.040096308534263804 0.03916967562939819 0.03845682047471955 0.03815636007137519 0.038541332110665835 0.03958750434440059 0.04130868849959121 0.04375651811605799 0.0470251760350765 0.05110983524465192 0.05517072056129416 0.05890068509013702 0.06219663999010109 0.065419394598295 0.06948110018344772 0.07449185601184148 0.08038260784786955 0.0869928865819308 0.09395540775288178 0.10049680789017937 0.10604695182875623 0.11031080457478709 0.11344160865557992 0.11600796632043339 0.11878906764197375 0.12251036437130684
0.04547170220935129 0.04735766358098158 0.04924303365081723 0.05104139523299239 0.05265244745387082 0.053967467305963523 0.05487920875026765 0.055295859467715106 0.055156839369379845 0.054446459914034254 0.053201109481197675 0.05150762331126267 0.049494062818457536 0.04740662275314998 0.045582638587245525 0.04408230896419653 0.04290842254983696 0.04200748133312815 0.04130945153193309 0.040865067811416605 0.04105195781690029 0.04187330668710444 0.043322082296780966 0.04542451330388947 0.048242711200018155 0.05201208988410562 0.05605121350855626 0.059643099564478004 0.06267814280846251 0.06573782894133294 0.06926623341962809 0.07349857714323098 0.07849820198295733 0.08416891961768462 0.09043309984642466 0.0972364500420564 0.10394742204625504 0.11029509649565117 0.11641265781439362 0.1227135177346197 0.12980746656464018 0.13832902373249006
0.04786217555475002 0.050209555585600266 0.05258617364300575 0.05488945936614086 0.05699361542063819 0.0587547833253627 0.06002333882673804 0.06066393378957866 0.060580583594344636 0.05973997455216869 0.058184278501600246 0.056028188511246295 0.053650101473052145 0.0514144013202154 0.04943443752824925 0.04785084296763933 0.04670289938027035 0.04586799539984306 0.045213119703769226 0.044678887194995166 0.044625883034602326 0.04518684899329874 0.0463342212143299 0.04806972280133537 0.05042421746516637 0.05362659558160982 0.05754863395605683 0.061011246439117366 0.06381487231650214 0.06668865213928121 0.0699515211218055 0.07359927502529691 0.0777907759874466 0.0826496496716638 0.08818002046276821 0.09451906566381921 0.10180727338189959 0.10972300080967731 0.11811867929201261 0.1273404714658626 0.13785012845844127 0.1499789495863461
0.05045627110632895 0.05333453542044415 0.05629349811803304 0.05921522943702033 0.06194532304316054 0.06429559036595275 0.06605755708343825 0.06703026709797988 0.06706048801366919 0.06608403935660183 0.0641500099158683 0.06171382218084383 0.05920098046660186 0.05670628100145767 0.05439426067773076 0.05262639932958847 0.051600743698072424 0.050916397268864724 0.050339484242092315 0.04980179957641404 0.04946135007092863 0.049704445492469856 0.05049960173417803 0.051823193811129875 0.05367649790143356 0.05623421400777858 0.05968030448577542 0.06301708162164903 0.06558960041168718 0.068220629136573 0.07117629243218575 0.0744739579960045 0.07813413788852422 0.08223388870722759 0.08705144356602725 0.09283169670243611 0.0998072492808145 0.10835352505575324 0.11830126667673035 0.12955392985394862 0.1424894465235009 0.15736621290711358
0.05318535005696208 0.05666287384469613 0.06030085620077915 0.06397058096594235 0.06749114549425196 0.07067176444555974 0.07320955799156363 0.07475690917750576 0.07503129615255219 0.07390003439132865 0.07174855338313982 0.0692098580225189 0.06644131365333113 0.06360390786643323 0.06077040259784314 0.05847735726033219 0.057926846807634644 0.05743286331763317 0.056927614728169096 0.056394893228913695 0.055835778406122576 0.05567665690863465 0.05604344472494207 0.0568829954292681 0.05816826398722394 0.060007890357368046 0.06263897823235094 0.0656757215743099 0.06798385052072686 0.07029099682940552 0.07285973485250463 0.07573083417486348 0.0789561387717733 0.0826056809343265 0.08680914685204319 0.09192120254486334 0.09835546387528145 0.1065075918856953 0.11692668133056418 0.12933836880479485 0.1436997713685446 0.16032088267898492
0.05595473015737052 0.06009531134140316 0.06467384116799581 0.06959330149654053 0.07458639184226196 0.07927614838539955 0.08317711807397464 0.08574377059511029 0.08649000744757011 0.08538988763247315 0.08323802918813882 0.08027187606697699 0.07680524643703869 0.07318622727450196 0.06977922752459031 0.06731613733528484 0.06633689072775047 0.06576325873109867 0.06524544846709274 0.06469682169231206 0.06406251026409807 0.06343958131419489 0.06327495249290602 0.06352738254123974 0.06413914264273993 0.06515033298228717 0.0668142445331662 0.06903340244158547 0.07097930872672881 0.07285044288183305 0.07491990921100039 0.07725336379417833 0.0799296744879397 0.08304693962450717 0.08676284418702676 0.09139134553361788 0.09723280001036148 0.1046911780587495 0.11438758280710912 0.1269201912401507 0.14170872155048908 0.158808383132981
0.058910135385153564 0.064342789816355 0.07051315259592696 0.0772517373096035 0.08426275934740145 0.09107632421164352 0.09701293902152996 0.101209651452583 0.10286725092529157 0.10244477409000641 0.10016668622794492 0.0964259872898984 0.09187131827105165 0.08715028514415725 0.08284561004939861 0.07950505681326642 0.0773503589087618 0.07612427588687148 0.07550190106195412 0.0749491745959254 0.07429087177667738 0.07342797899870675 0.07260677309739261 0.0721352125109038 0.0719225968580712 0.07194863638406822 0.07247038733355883 0.07354032600687135 0.07455274152329686 0.07583813276686793 0.07726181811787962 0.07891594476545127 0.08090283445268992 0.08333875609315385 0.08639903990765167 0.09039236340738312 0.09559389592914826 0.10235887227840965 0.11116152480531462 0.122631182107952 0.13699923698797775 0.15342567852955738
0.06289085967108152 0.06994777021821127 0.07806524560021913 0.08710981595419745 0.09679019961470357 0.10657079748528242 0.11556080962935608 0.12243001791606223 0.12631655143514536 0.12700459207772935 0.12426369696123027 0.11904564687726756 0.11267512391695444 0.1062228398987837 0.10041110421799575 0.09567529316965631 0.09214471137716151 0.0896917223709053 0.08813121231883522 0.08733631951790052 0.08676716644983772 0.08589174654840813 0.08458280021041523 0.08321609827130616 0.08197178536742583 0.08079888380876082 0.07990898248953332 0.07952811032698326 0.07909066189346592 0.07917407845020864 0.07977226450384817 0.0805816618399766 0.08172496446846314 0.083327959338555 0.0855777678396866 0.08875539653276615 0.09309264260069389 0.09888239202649421 0.10650264817095433 0.11643837130266965 0.1292678373873082 0.14420291365224128
0.06791257741638644 0.07687292830544307 0.08732914056341419 0.09922034566638181 0.11231516589154104 0.1260955808997625 0.1395537223352008 0.1510399286012837 0.1593884816562533 0.16178428912669557 0.15763239127697126 0.14952681338851667 0.1401585525283351 0.13108586884985743 0.1230723719076499 0.11644487044976812 0.11125218920977828 0.10736765107681062 0.10460086892874895 0.10277296552240525 0.10174020787881402 0.10102708760638131 0.0996503711674228 0.09745388372360589 0.09489924414629804 0.09220967961340029 0.08953518590806064 0.08729649718883965 0.08508660955482567 0.0831788850473291 0.08231255030479925 0.08209898327087553 0.08224622134689578 0.08288059004524545 0.08419907909395831 0.08643018992097469 0.08975406608883998 0.09439410082155074 0.10062979340295457 0.10880697267569284 0.11934073735144406 0.13218316752944043
0.07389656591450874 0.08504430236806707 0.09822767006123762 0.11348671993923573 0.1306994271344026 0.14947548049202558 0.16895088759694746 0.1883077014887589 0.20509020686634216 0.2102347837785296 0.2018730867744972 0.1884265215493378 0.1746336158501991 0.16205915739458898 0.15122471320259578 0.14226597674992578 0.1351216392936128 0.1296149220238944 0.1255141592915529 0.1225729283073532 0.12054805274493272 0.11921307881404768 0.11797021078334322 0.11545008977536655 0.11153315931827265 0.1068364222543308 0.10188156799723015 0.09722405682921408 0.09276514460807574 0.0884163491668572 0.08527586749241714 0.08331909353221024 0.08231793392124365 0.08188585811727546 0.08220086691023458 0.08341784204776874 0.08566349003296003 0.08909229573638418 0.09389411090795365 0.10029745991920387 0.1085647559606315 0.11890699131855585
0.0807389710379045 0.09433959248612803 0.11059263846942839 0.12963305208022752 0.1514286262983502 0.17570361002418877 0.20192658900024882 0.2316021651273235 0.2640242657853932 0.27442718051412324 0.2544364904915092 0.2337863024663368 0.21508391291864803 0.1987155162353876 0.18477610753965124 0.17323027336844493 0.16394320935320128 0.1567012174537089 0.15123171947698938 0.14721412222954025 0.14428080221338643 0.14202582590832966 0.14005270392592398 0.13739748331670484 0.13247508162183966 0.1255604353917721 0.11758816681978872 0.10973223351860437 0.10231993521418548 0.09502228721309305 0.08918392484059035 0.0848743114840574 0.0819418303519531 0.08026067226962905 0.07955665297438527 0.07976138610812882 0.08094660515851423 0.08320324290400413 0.08664595786949335 0.09141339308570003 0.09766221053936161 0.10555127193060479
0.0883072974372933 0.10459274263493305 0.12418852296966218 0.14726993351598938 0.17376274185774782 0.20322187228695615 0.23522126463440055 0.27169084504530955 0.3098667340390826 0.3232857823326663 0.3036379443441142 0.28078663839243867 0.2592142908490696 0.23984125809105072 0.22303042176901786 0.208908166804038 0.1974404903844703 0.18846979294164734 0.18173371798185492 0.17686130465052846 0.17334693348628918 0.1705268449176062 0.16762536022496938 0.16396351080040397 0.15792102822166515 0.14854968651839665 0.13715885583867884 0.125256310122505 0.11393011095820965 0.10311415845644584 0.09406051537202545 0.08712654500527808 0.08199387880818154 0.07844399731490814 0.07634651509744447 0.07553670653466261 0.07575141898186231 0.07695322492188675 0.07919702769151357 0.08255675295334494 0.08712077418624944 0.09298262965104713
0.09644136930528413 0.1156088901288417 0.13876399114643914 0.1660392428967465 0.1971259859324482 0.23101026037039532 0.26691613167334116 0.30487676717987955 0.3377801958402521 0.35211181021376076 0.3445256312647857 0.32620326041901787 0.3048864139812019 0.28390030282067785 0.2647776865633733 0.24826565371962403 0.23468326643108334 0.22407866944311253 0.2163004629977006 0.21100291721650294 0.20758158020108808 0.2050535024683829 0.2019928962111616 0.19683089112206828 0.18862807609183196 0.17574205131723472 0.15976964273077454 0.14334768605106765 0.12754947342063147 0.11268152026780956 0.09989786020727451 0.09005431314844126 0.082634529033718 0.07725680569933782 0.07358710198452786 0.07135998051778328 0.07039247900753598 0.07056619661012413 0.07180250743666605 0.07401970474536451 0.0772477257770009 0.0815445226649647
0.10495250444894173 0.12717436618062397 0.1540919034285712 0.18572885152484345 0.22139862373496752 0.25929506440649225 0.29836839399822984 0.3371286525694519 0.36865135821986345 0.38514776776141185 0.3843550038768725 0.37102830369155787 0.3512913961560965 0.32953646214661964 0.30846534601822806 0.2896526629115368 0.2739531068648748 0.2617593190026271 0.25315229046469057 0.2479476169075756 0.24560410034911925 0.24492809244600627 0.2435795971133803 0.23800900945865786 0.22559988891964247 0.2070459274729534 0.1843921815772469 0.16207209145566118 0.14143492622211754 0.12264828402000054 0.10643295744454542 0.09359944924547775 0.08388258914853793 0.07672362021181735 0.07160112149034198 0.0681203863946683 0.06600675711163345 0.06507450100075404 0.06520468244548884 0.06632962427900961 0.06842223156538646 0.07145845144528785
