_RESULTS/CROSS_VALIDATION_POSTPROCESSED_80-20/Berg/GZ/5comp/3/Berg_GZ_z_180_kriged_reverse_5comp_spherical_3.asc
ncols 100
nrows 90
xllcorner 5.6208707817415728
yllcorner 50.959635321741573
cellsize 0.00013419651685393446
nodata_value 1.7014100000000001E+038
[rows 38 to 56 of 90, columns 0 to 43 of 100]
54.4918437846019 54.33057766039574 54.14426412437251 53.938796592110194 53.724612600680686 53.513276727604556 53.31724408256559 53.148970943192516 53.019299842286706 52.93562090196653 52.90081156785917 52.913610450522185 52.97002763936304 53.06480310376883 53.19227138017811 53.34665688397069 53.52829098146601 53.73542187522001 53.96137470946093 54.198960568063484 54.4406427322801 54.67872870985495 54.90546063348456 55.105768455407336 55.2449271478497 55.294895274280954 55.249571596727755 55.126121273573645 54.92974525497234 54.659558166744446 54.32642940092956 53.95870907141644 53.55959660364369 53.102099160197994 52.58630400153501 52.01971444095123 51.45369302748034 50.966805433108945 50.61655732904193 50.45540189057185 50.47415542751852 50.67081823784723 51.02653015317992 51.51774596097296
54.27052728450717 54.095070693400906 53.919709242691006 53.72726873208388 53.5269365445043 53.331270413567324 53.15464451786095 53.012226699833576 52.91731555432805 52.87776743143397 52.89397242153989 52.96015943267969 53.06771451543002 53.207929685647215 53.37314017989141 53.556706261224406 53.75347900370436 53.966102183881624 54.190745535239046 54.421207577728346 54.65100474060405 54.87199356985467 55.07099149425504 55.24227597797287 55.360180911253885 55.38380768348703 55.31140111258157 55.155275965536255 54.92753949340886 54.6352133521293 54.305240127952615 53.94400296739459 53.55591680784354 53.141841697954284 52.66805173679129 52.14130730421331 51.59559941030341 51.13519518576696 50.82668182392091 50.701221659653726 50.74883519194611 50.96819915654663 51.341154098895295 51.838364448814275
54.04345899740194 53.84697606799196 53.658851232303284 53.47697853174773 53.28808112492665 53.10373157085656 52.94062328009258 52.81846120288333 52.75585844132776 52.762700009679634 52.83536393133396 52.96058971134664 53.123251912023704 53.31091211381905 53.51445708932978 53.727119173213225 53.943362456985334 54.16189446264161 54.38565393444381 54.60963039734483 54.825230417403716 55.01949298344313 55.188174204986915 55.32737941545175 55.41632558709886 55.41518479195955 55.318052166860745 55.1316789927941 54.88066706529936 54.58937657493696 54.26405635011008 53.90933466513073 53.52966257207412 53.12952102353776 52.71083362657014 52.247066667955686 51.76140244200067 51.348241565905184 51.07633795152293 50.97454933948801 51.03924584756292 51.272681468432864 51.65863533313251 52.16636586194847
53.81539631680082 53.59853978195061 53.389791673981165 53.19310404728632 53.01062262459436 52.83306064172145 52.6753047108152 52.563946508537086 52.529290206272435 52.58772640044482 52.72740111039555 52.920689899418946 53.14337226358102 53.37999102137879 53.62142942757714 53.861916700728216 54.097118502070416 54.32355645113657 54.54593699481541 54.759679445227235 54.95147662991968 55.11801408243515 55.256288788491084 55.36230679268337 55.411734891702245 55.385988029996305 55.264855656108104 55.060460534042896 54.810573158194345 54.52320678269916 54.20331900817143 53.8555351874958 53.48413334617887 53.09315314869527 52.689270473443806 52.296570570943665 51.90710188863786 51.560089351956805 51.32835795608869 51.24096991240887 51.3081769625904 51.544722164886494 51.940296891515146 52.46032903395004
53.5913981401726 53.35630390260187 53.129692125498615 52.913904109716704 52.71163416547569 52.528208068757685 52.36600162509455 52.24828210356329 52.23088429764946 52.352684489188036 52.57926550909053 52.85247739089589 53.138671695403495 53.423264811936775 53.69987427400756 53.965108969996244 54.21643802095907 54.4513066297236 54.668476210730745 54.86200501741786 55.02895562574979 55.16727066676399 55.27457513195372 55.345575703890596 55.35400053509865 55.29372522314251 55.16533773215669 54.96542213699962 54.719248647715204 54.436913489726614 54.12349641210468 53.783601418981405 53.42126093920726 53.04144706059072 52.665383981861154 52.30680796011116 51.97756183088954 51.68941938088657 51.48903192310733 51.41035849700929 51.47475496231969 51.71351610669015 52.12734985247488 52.67163486003511
53.376427790909545 53.12712279273496 52.88853533650947 52.66088512914507 52.443295032737815 52.23571667000314 52.04280898072692 51.88685546294744 51.852137187928534 52.06995942363645 52.41734915635847 52.77772549083794 53.12367612331078 53.44986565630977 53.75540734266638 54.040038762480116 54.30313632088439 54.54248531851887 54.745200179975726 54.91657004499101 55.05759849100006 55.16674293945738 55.242118396772874 55.27700571489665 55.253305577824975 55.1742953358614 55.04236995054348 54.84789057787405 54.6066103454081 54.33049802528318 54.02485272498071 53.69435199365322 53.3431251214463 52.98916569781096 52.64701540678798 52.32395681725387 52.02744350978339 51.76543073902751 51.56999170536256 51.478652364884084 51.51022740120771 51.73508905875983 52.1864887650335 52.78098486551425
53.17479557741235 52.91738991297956 52.67648060157113 52.44995610267503 52.233359619977506 52.0217453397999 51.810775784774464 51.597431116099955 51.398297485151346 51.828451978855895 52.29853621180577 52.72095521203166 53.104769725684754 53.45640759167315 53.779762485649805 54.07678788346978 54.34788631530053 54.58310981001288 54.7720515861309 54.922141055987325 55.036854976652435 55.117044487498276 55.16802381104067 55.18526525117322 55.146390837377204 55.0519111910028 54.904515998526904 54.70754551145747 54.47227869497006 54.20359249208215 53.90719107617028 53.58804109681782 53.258361377905864 52.93838852260713 52.63441428760248 52.35132010241161 52.092539063835396 51.86002998474979 51.656480994107625 51.51779568559809 51.46949535427899 51.630008603197716 52.1708589094283 52.84433604809533
52.98956445549582 52.732210459922726 52.50249943809128 52.29515398972936 52.102728330904625 51.91968473233113 51.74578452719335 51.5955681766462 51.564403359930886 51.853604796628595 52.27138010443765 52.682228166245025 53.06670685092803 53.42308638776759 53.75196266844182 54.053807149963376 54.325505321620305 54.55170511600708 54.73124746254201 54.8698782828577 54.97631971926016 55.05047085780351 55.09202144498842 55.09488757902342 55.0403504417711 54.92991834192972 54.76644027245528 54.55381923775293 54.31552689941378 54.05530967325116 53.76960547002088 53.466152831696526 53.168373078617826 52.88663004061323 52.62590039350027 52.389063555254545 52.176733680312445 51.98741601040919 51.817903945282396 51.66904956514114 51.56452780243007 51.5522819695793 52.23673815216906 52.93550730368427
52.82211130897424 52.575159438438746 52.37406561242999 52.206330709965755 52.06054999557974 51.932064095607345 51.82000582021067 51.75507639755919 51.80465242904469 52.018551912546286 52.34199134205424 52.69896904795653 53.05371592550804 53.3934537660962 53.71347817096223 54.01160878120884 54.274771977928516 54.492675885425534 54.66581493651213 54.79738876555081 54.8974821756473 54.966304837396486 55.003240033462234 55.00187371160106 54.93771052014183 54.811327284168485 54.63127582117953 54.402913815585805 54.15091048604636 53.885643957886366 53.61027411898076 53.331337336140564 53.06880133222774 52.82936266737631 52.61708941674031 52.43328582173786 52.27698629288392 52.146056808913585 52.03905745561186 51.9595090079384 51.93904109359706 52.10293785898722 52.55454631148676 53.141201924277226
52.67200343993852 52.449946170497256 52.29996439766198 52.1906879682535 52.09898830225639 52.01448523587121 51.952436774827724 51.94119870191525 52.01574516913324 52.19269386315442 52.45066782092367 52.75164037205224 53.06685064598503 53.380224304803235 53.68332498923345 53.9690221729341 54.217140677974676 54.42353535258704 54.58776046461703 54.711119338843595 54.80378232887762 54.86632280614351 54.897671441575326 54.89268073377328 54.82635811328925 54.695693457685394 54.50179041421214 54.2579021505046 53.99286723548536 53.716166734737136 53.43615457969474 53.17878080501506 52.95354106842021 52.75996565597436 52.60088091845992 52.47598736408419 52.38311484599228 52.32042655153214 52.28936452308235 52.29956330061797 52.377570012528466 52.5785923306438 52.94317413266454 53.412128001436265
52.53721370194223 52.36895865133735 52.29827322665043 52.245291311596716 52.18932544854415 52.138865175931706 52.11043343418116 52.12535353140526 52.20353217263145 52.352935867874116 52.56403861124639 52.81690641484319 53.092022335310254 53.37505666191979 53.65651054715113 53.92225069350178 54.15249787484689 54.3451437015113 54.49871076703667 54.61305552131758 54.69783933193361 54.753731384133445 54.779076883556655 54.77029979731556 54.702707205260495 54.57045339903633 54.374353559611585 54.12196174854984 53.84409875657352 53.55589028454614 53.27346679488317 53.02569818262285 52.82323508210444 52.67113449033144 52.568276671981195 52.50677967001106 52.48141644804129 52.48973193605963 52.53359536322615 52.621587451125215 52.76988262468787 52.99769309265593 53.315073782648255 53.68858607345126
52.414554519217994 52.3944909006793 52.39001226576011 52.36405246465187 52.32787649118341 52.295141724503935 52.28146782171292 52.30297024648426 52.37268414739052 52.49602120222304 52.668853890484016 52.880313257000026 53.1176640145692 53.36960558004043 53.62712249289678 53.86867235246525 54.0796269464481 54.25737394229459 54.39943732659794 54.5045702589102 54.58178965236211 54.63138197019332 54.65099421542738 54.63814731541513 54.57079861617502 54.43794335882023 54.24027263196714 53.99085566560835 53.707947072262286 53.40710558356099 53.12302868278634 52.883141746018346 52.70120029612766 52.58365106495323 52.52752455089572 52.523683643973044 52.56245225152107 52.63768478377969 52.74843509831667 52.89890779932415 53.09643488024138 53.346283837702536 53.64951349872054 53.952454269973146
52.7399891380282 52.62938452265582 52.589062443715996 52.55043791553909 52.50998600275313 52.476059916878 52.46011082202756 52.473783522376515 52.52631110297953 52.62212672618144 52.75992422933016 52.93380465585733 53.1355887643727 53.35681828544201 53.58847771303288 53.80518668200445 53.996640174421685 54.15939423592453 54.29004656121844 54.38656383371768 54.45738426468887 54.50183616830713 54.51678074275622 54.499437722402554 54.43450057321403 54.30283984707752 54.10541014817966 53.86137181553108 53.58192178544678 53.274709842172776 52.98458843117725 52.74722687365083 52.58381704368807 52.50383496779742 52.49953579421626 52.55393134010892 52.65185379796511 52.78454090460164 52.949253705971046 53.14720302249274 53.38072340705898 53.64972308303501 53.94390093335851 54.2120960778668
53.115283585245606 52.958578020644445 52.860074703570234 52.78588254858123 52.72334151689472 52.67330964237469 52.64209939421984 52.637455493593556 52.66605537926479 52.73178479150352 52.834982379424446 52.97278268727339 53.14016673196309 53.33106703984045 53.53592434570478 53.72857376463136 53.901266406918225 54.04988541885297 54.170142296951184 54.25959485053755 54.32607726756735 54.367411516330776 54.37961498979222 54.35912289995777 54.29744997001207 54.16986412433336 53.97813550516681 53.74206714298071 53.46669177480299 53.161193097689754 52.86115949045711 52.61510780211758 52.464403727513655 52.4270546555751 52.483359976718226 52.60058204220035 52.75653893998717 52.94096679224254 53.15060323000682 53.38521908112849 53.644747445917005 53.926983212615795 54.21380323439071 54.45354966829389
53.45224361848301 53.282817415645034 53.1497114215074 53.04185522182346 52.95148063363179 52.877402588492515 52.82282686147 52.792831464163406 52.792437340444586 52.825264508428106 52.89281461622994 52.99437760431193 53.127372920279846 53.28782300820589 53.46574378382992 53.63559664900248 53.79099008246343 53.92718228219909 54.0389552083382 54.12400294670719 54.18911047491949 54.23021248378998 54.24245824775821 54.221507578991094 54.162843129160485 54.04351096598228 53.866221966578024 53.642964130801495 53.375268578226354 53.07192927818172 52.7636268504041 52.48902969959502 52.336300472118516 52.35543565622051 52.488106755969056 52.67160072842767 52.88100229265395 53.108815596824954 53.353407477932116 53.61456517880858 53.8913841578256 54.18101058171768 54.46004135826728 54.680417766237596
53.75510853384875 53.58229937810942 53.430077825483835 53.29681594363645 53.18007895074777 53.079665806822554 52.99783023287892 52.93834236799003 52.90538548864699 52.90264056591758 52.93267391774369 52.99663008472895 53.09413479694216 53.22327290934076 53.37439995695793 53.5229471918427 53.6630835658486 53.78936091420984 53.89545788835194 53.980041813829594 54.04761260001355 54.092165437314186 54.10799481604675 54.090073185676225 54.033943652922325 53.93079356730299 53.77688397386705 53.57424011703685 53.32299037120829 53.03009691787004 52.71701801404433 52.396735893407396 52.19320725515725 52.31868246120911 52.5428656417567 52.78417568874718 53.03420704199656 53.292771075494805 53.560703591708844 53.83818737620959 54.124010836027345 54.415160672301724 54.68508535095473 54.891191142869964
54.02693207333256 53.85416591485984 53.69089614853002 53.53916768933223 53.399722731535434 53.27376251304021 53.16362418940164 53.07266557573151 53.004821255394575 52.964114989600475 52.95424184921356 52.97821445179577 53.03799336898306 53.13402214934027 53.25830917509349 53.387116448941484 53.51458667828507 53.63431621224743 53.738516933445666 53.82805904226343 53.90274481280344 53.955088492066885 53.97858877989393 53.96770235958316 53.91782346286826 53.83760578334711 53.715273207085055 53.543360252356784 53.322280227897934 53.05943709526375 52.7739860169698 52.4691681595664 52.23845200130279 52.43508520240584 52.69286872340262 52.95624805516115 53.223841851934935 53.49658939728757 53.7750313756423 54.05865921071867 54.345635970818115 54.63269612241437 54.89264099296188 55.0839534018801
54.269925919094874 54.09886669588033 53.929037737790885 53.763782728134736 53.60537394605704 53.45595827081946 53.31815166176798 53.19524606201561 53.09118273307827 53.010437722031476 52.957874755977144 52.93850903499007 52.95702912341553 53.01691755068484 53.11361719982883 53.22423486051734 53.342286734606795 53.459893721624 53.56804661183043 53.66877618209479 53.75593182693568 53.820829737861395 53.85630173846005 53.85654496969477 53.82334602938739 53.767510333303605 53.68303041881688 53.55196975704104 53.37519328266044 53.163593288269894 52.94519675114735 52.74750793466747 52.649640160519404 52.74040188586147 52.944281887915714 53.188248254313585 53.449129751505644 53.719614026728834 53.99641853668322 54.27692779442895 54.55810724641047 54.83615733196805 55.08574377536728 55.26244534682239
54.48569922280409 54.31749578465711 54.14401575066962 53.968878009589716 53.79490556010642 53.624643005829164 53.46080180588943 53.30656981259219 53.16583108782164 53.043366897649456 52.94505625040499 52.877969788456824 52.85006184535778 52.869010482930356 52.9359870090744 53.02989876043027 53.142763968491245 53.26417919789601 53.38492524656502 53.50373750677506 53.60921264976339 53.69149115666314 53.74299631299762 53.76101899600522 53.756085174649336 53.72852965403491 53.67794036514542 53.5951537834863 53.47175683146704 53.32123559295587 53.17722170602889 53.067197095281394 53.028542172790104 53.091393732846235 53.24801120659387 53.458963828574355 53.699193999088635 53.955827414994474 54.22169076419633 54.49176660870737 54.7616231715138 55.026780854091385 55.265960670473035 55.42961911977682
