_RESULTS/CROSS_VALIDATION_POSTPROCESSED_80-20/Berg/GZ/5comp/3/Berg_GZ_z_1000_kriged_reverse_5comp_spherical_3.asc
ncols 100
nrows 90
xllcorner 5.6208707817415728
yllcorner 50.959635321741573
cellsize 0.00013419651685393446
nodata_value 1.7014100000000001E+038
[rows 72 to 89 of 90, columns 0 to 40 of 100]
0.006887087154695874 0.008514049544512898 0.010833512677023548 0.014106172565157884 0.018673151567814492 0.02494092819122716 0.0333102932422284 0.04399596801742835 0.056684955067754256 0.07008383140468975 0.08171194010539606 0.08859263778619769 0.08887133454707033 0.08292065000124794 0.07279138610296991 0.060885374060253405 0.0490799791469673 0.038502793573181086 0.029647677867730524 0.022583486239664458 0.017173584530755293 0.013130669832921575 0.010149025087195796 0.007971334053333327 0.006394184864047315 0.0052638752748223605 0.004468604796957064 0.003930466186970875 0.0035924974673131062 0.003301268256942021 0.002968550510048032 0.0025794568322476674 0.0021539292566527517 0.0017396579192132092 0.0013690444115933692 0.001056725136129579 0.0008046439930472045 0.000608942782338796 0.00046201250273963473 0.0003547816725275835 0.00027856004015125647
0.007258869057513297 0.008947478740286235 0.011365957155286027 0.014799334937056388 0.01963390070253718 0.026357461679171613 0.03550732782500938 0.047493001935862304 0.06217314915743927 0.07810376508017369 0.09184758832603901 0.09885439591452531 0.0967384989203571 0.08720893191349305 0.07394767373047167 0.06005266184416914 0.04732504975956695 0.03654205556511692 0.02793762492432725 0.021317138917052416 0.01631308727849617 0.012578793127338542 0.009817776166642726 0.0077911964020236394 0.006314542542944334 0.005249935425938455 0.004497582867411405 0.0039882264090493275 0.003622846744801774 0.0032588863112525115 0.002863278899967322 0.0024003436208077725 0.0019296581852651892 0.0014974512725800114 0.0011298229465972261 0.0008353419890143666 0.0006104731445842894 0.0004438669967964023 0.00032323540281463766 0.00023821567541424687 0.00017973515262403763
0.007618716702013163 0.009350815389979443 0.011825386805400717 0.015355452626652048 0.020365170201328598 0.027423030737186754 0.03723070408777332 0.05050439347384863 0.06756597215150027 0.08726173132372575 0.10498394456239478 0.11263966848686743 0.10647393144538257 0.09164649884306565 0.07456403636440508 0.05866759968055663 0.04526406999035794 0.034683209214590054 0.02653545804428684 0.020350529722618454 0.015702314034194295 0.012234153392715478 0.009660751236553489 0.0077609260664819575 0.006367420228173095 0.005356649092584379 0.004639747599086112 0.004153916223367026 0.0037240344668719484 0.0032835565730167417 0.0027993824893197045 0.0022695605717342874 0.0017596837367470151 0.0013133359868781956 0.0009502835925817522 0.0006718194563091586 0.00046808381296593556 0.00032454194507774574 0.00022617905956186666 0.00015943553654357786 0.0001150524620037726
0.007880298248167328 0.00970497237852201 0.01218650765450512 0.015722239285990033 0.020760979413673768 0.02792175030937211 0.03804078170302147 0.0521652559428384 0.07136360482362003 0.09582545188692033 0.1211711268667247 0.13088157377991225 0.11649217204878812 0.09420296539453539 0.07335433055855094 0.05624280600101851 0.04301701833466169 0.032940917169452105 0.025321118461905837 0.019586040748225293 0.015283950518270084 0.012065246535181704 0.00966318866018202 0.007876759774226954 0.006556418246402209 0.005592708058119843 0.00490751384498814 0.004420210254435623 0.003914084836610629 0.00336027404944644 0.002782721983499908 0.0021867935745476497 0.0016387563680201203 0.0011786123520135298 0.0008192122344002629 0.0005544883877287019 0.0003685684625092729 0.00024288725855250848 0.00016044345156855048 0.00010758919091050004 7.387972148723816e-05
0.008005686557333098 0.009890199035363315 0.012421912250531734 0.01586738226565538 0.020748672695381425 0.02768753114739962 0.03754210668360527 0.05149882112303621 0.07114532074864954 0.0984579293968543 0.13491065902797048 0.1524134983250063 0.11984732430032573 0.0912604632731187 0.0691947828833155 0.05271242817314908 0.040381605504848456 0.03113466497905087 0.02418686027123565 0.01895907003184141 0.01502179135551187 0.012055490916292403 0.009822352892060526 0.008145869720961645 0.006895939530563559 0.005977983080506486 0.0053251569232748985 0.004805217144635441 0.004174160917949362 0.0034971879657885517 0.0028217648691797517 0.0021553903946921796 0.0015654621772124631 0.0010879016416231735 0.0007282682615267224 0.00047305777348876233 0.0003005643096975674 0.00018848464369234405 0.00011789078820049872 7.448113407939855e-05 4.828143355717938e-05
0.007981827045058716 0.009854895076206426 0.012368989572998295 0.015751924769960835 0.020324966693528172 0.026696311770062285 0.03563396367104418 0.048114402999247734 0.06537020153489947 0.08864898206700592 0.11703852362711448 0.12796200069272448 0.10467491341630322 0.08072488148307248 0.06206796192219689 0.047936403548935844 0.03726745232229713 0.029200584124027023 0.023085728434852543 0.018438966878283402 0.014900723221588101 0.012203567775903841 0.010148583356692688 0.008588213679281623 0.007413861196347603 0.0065470127093321335 0.0059132157200943464 0.005283833858467139 0.0045141091753347126 0.0037094506410952012 0.002927011294071808 0.0021803132024789847 0.0015399760505724316 0.0010377106602903906 0.0006714771391372366 0.00042012823594855694 0.00025607178606142897 0.0001532994987418838 9.099507134980401e-05 5.417047661145781e-05 3.2825817811807856e-05
0.00781123877561085 0.009603277632019744 0.011993343271315373 0.015182750042564292 0.019437593366092586 0.025099793807885913 0.03264742981200119 0.04274369389404655 0.055795629574544765 0.0713068581034507 0.08563248942312585 0.089702718009554 0.08021641869589373 0.066188864108044 0.053133035958531624 0.042369060436575894 0.03384489991670307 0.027193206290158964 0.022029902837564598 0.018027925821967557 0.01492673037177873 0.012524559921482046 0.010667588742964655 0.009240050651483525 0.008152440066372816 0.00729801580182318 0.006622429921443374 0.005869200501487294 0.004958094099440154 0.0040173113351715485 0.0031123773302152483 0.00226926443425962 0.0015648704215998194 0.0010268837196665635 0.0006453070470265988 0.0003908994093418482 0.00022982152811603125 0.0001321009124546938 7.483394028396964e-05 4.217497126047571e-05 2.393363777354077e-05
0.007511453943022846 0.009164459541859484 0.011344649776604427 0.014212418296531273 0.01796670479918455 0.022837512724271845 0.02905183871225156 0.03673560707286824 0.04572039388744781 0.055104494113231976 0.06237415452697202 0.06413870977809041 0.05997711890703879 0.05247152156564711 0.04427654340432957 0.03678347256702173 0.030435510503140986 0.025245663624829464 0.021076104805464256 0.01775618392080514 0.015126391663098572 0.013051890211772426 0.011420236137974698 0.01010688462261944 0.009038643908636089 0.008169508775498295 0.00745929322928463 0.006593021192702694 0.005537698788054567 0.004448208609117096 0.0033967517454262064 0.002433890683806271 0.0016459385890143451 0.0010570484334071252 0.000648761160708097 0.00038295050005108546 0.00021879714441094852 0.00012178399701645603 6.647967486755763e-05 3.58472010590931e-05 1.9253293466703416e-05
0.007111265819263553 0.008585299079341245 0.010500859281561442 0.01297358737225363 0.01613389160718353 0.02010851384726029 0.024975830101184596 0.030673320786830438 0.036835083470681936 0.04258655381348639 0.046510228008304115 0.047474071161624304 0.04558872896498948 0.04161372162393214 0.036722268369302286 0.031811099074037744 0.027350278603580927 0.02351033826678137 0.020303853869328422 0.017670616352431213 0.015508589394690799 0.013731060077260283 0.012264088332566668 0.01104647817762646 0.010030031931436513 0.009179002855274012 0.008455137881850228 0.007495857071775097 0.006294492066910611 0.005039201602987897 0.0038056902285262114 0.0026910722670489794 0.0017930848079663803 0.0011331373640272773 0.0006835753843188192 0.00039616999672967566 0.0002219587753983344 0.00012094688235549388 6.447969192235676e-05 3.382860015564219e-05 1.7566452748171213e-05
0.006645162635968337 0.007920178152497395 0.009548945710231887 0.011606945125865253 0.014168278104200065 0.017285154966303763 0.020949167136645047 0.02502821120008041 0.029185352948962566 0.03282487635556341 0.035205894923365615 0.03610670932645657 0.035434993170749066 0.033447497769604054 0.0306715641709763 0.02761892555503538 0.024641845128744788 0.02192831322502625 0.019550462946786255 0.017513149495472568 0.015787594972621347 0.014331271142892406 0.013098725672067683 0.012047399522565906 0.011141089991759884 0.010352439732464592 0.009649946081111879 0.00862951717345094 0.0072832468229623625 0.005834365840336761 0.0043730309829308565 0.0030641646581261762 0.002021233495740199 0.0012639984586094236 0.0007545613342085908 0.0004328728930402019 0.00024018567888848185 0.00012971051201874495 6.859791063232209e-05 3.57448728874918e-05 1.846835186007294e-05
0.006147738752273922 0.007221367324502867 0.008568220688839893 0.010232458596964132 0.0122486733476532 0.014624642814229876 0.01731430454567739 0.02018238509019747 0.02297230160707778 0.025306438230879334 0.02690065128318757 0.027747669193886382 0.027719593464038565 0.026886586349524916 0.025472111437568352 0.02374258363761764 0.021923335367757573 0.02016739740692273 0.01856022613336777 0.017137404136669084 0.015902165845530954 0.01483844466162052 0.01391954237291208 0.013114041502846027 0.012390790433071841 0.01172426220240346 0.011091945473784512 0.010059831599912925 0.008575703127422814 0.006889085867227191 0.005141806805385223 0.003583746050817292 0.0023510021232814693 0.0014629789656641237 0.0008700585637674593 0.0004981016681962283 0.00027643709972595626 0.00014976831696685773 7.97857840101759e-05 4.212583485563578e-05 2.225483189443896e-05
0.005649468335450877 0.006532458755966688 0.007620520512191403 0.008935933296307654 0.010488971963696558 0.01226553853318204 0.01421074145363779 0.016211738841720277 0.018088633882296826 0.019611788929923265 0.020778269650621163 0.021554267863285837 0.021848731545245505 0.021667224629717503 0.021098363059662128 0.020272458827149016 0.019319829841157817 0.018345635353753734 0.0174219427789604 0.01659008669651125 0.015866605307325986 0.015248919377116213 0.014719510742766841 0.014249163477203227 0.013801158177070694 0.013338955164056237 0.012838041609536431 0.011869583460074055 0.010264320428887507 0.008269868096564464 0.006162994036928173 0.00428681822208108 0.0028084946930191684 0.0017481356225911748 0.0010423271453924702 0.0006000363150475918 0.0003360993657690142 0.00018464786530974752 0.00010036514529921478 5.452625461579027e-05 2.9998524657633534e-05
0.005174415235811432 0.005885514874216473 0.0067474407830480105 0.00776855548022695 0.008945978871792316 0.010257602034437836 0.01165307279642825 0.013046610548446164 0.014316827674640304 0.015350478596373715 0.016239035417473634 0.0169336921177283 0.017375585070171923 0.017551729339785844 0.01749345204312382 0.017261598702626817 0.016927558696624802 0.0165580799501389 0.016206758609822354 0.015910987210512692 0.015691662375320728 0.015553229479397187 0.015482602699521602 0.015446914522989557 0.015392515008770131 0.015251457379284074 0.014963364793326512 0.01416101250621614 0.012444100952124787 0.010046556407384472 0.007489075120114867 0.005212376196830673 0.003422953470111363 0.0021413561924411256 0.0012874924293773274 0.0007503114247538553 0.0004274195009352899 0.00024013809174859536 0.00013440200300461676 7.583722408781216e-05 4.380594104598597e-05
0.004739727233449804 0.005301218735258616 0.005972404188174574 0.006753548195871655 0.0076357473780595255 0.008596146419162842 0.009593404990904797 0.010565325673786532 0.011431332510503916 0.012161688930149373 0.012853132156283082 0.013463651290463532 0.01395633118801628 0.014316768012155931 0.014554348878885261 0.01469749430065342 0.014785683665223967 0.014861573928512086 0.014965146888386616 0.015130048655348612 0.01538105342623593 0.015730948253531225 0.01617481286418445 0.016679815010848142 0.017171042667177238 0.01752335423807924 0.01758767186661001 0.017056465724098545 0.015171639552825852 0.012272305031160748 0.009156826074675438 0.006389901217212829 0.00422028512106697 0.002665240426559753 0.0016243625970346503 0.0009638429889570442 0.0005618008355712891 0.00032476253817706555 0.00018821340727515217 0.00011076438750307121 6.724747092331212e-05
0.004356377856544361 0.004790801526306339 0.0053049650844941235 0.005894863516969913 0.006549628357931568 0.007248820144540766 0.007960355336741134 0.008640193897993823 0.009235074623887363 0.009767696632348518 0.010312929689172811 0.010841962366963642 0.011332812163994723 0.011775215368951191 0.0121721973179793 0.012539019522896988 0.0129003042112856 0.013286608036790009 0.013731429746791467 0.014268935547827197 0.014931886246145833 0.015748336000162396 0.016734243913794706 0.01787658277359748 0.019098470186407906 0.020204417142647244 0.020860254934993067 0.020654550137755134 0.01847231947057253 0.014935835825877607 0.011150861767992501 0.007816718752246536 0.005210344138703779 0.003336420187347106 0.002071217951377223 0.0012575506047183822 0.000753557910118363 0.00045004803111469967 0.0002708608750842072 0.0001663942031606326 0.0001059235317329007
0.004030563689661851 0.004358646971271672 0.004745458468875888 0.005185022801287486 0.005666546074335214 0.006172947259325899 0.0066800296404981325 0.007156905492726585 0.007568323760395024 0.00796455094260411 0.008397790863331886 0.00885127779683767 0.009313001215460748 0.00977776329321703 0.01024847916602653 0.010736457897525156 0.01126086800396712 0.01184787923865345 0.012529978622336617 0.013345729835732506 0.014339836013257492 0.015562643420720168 0.017066551452147593 0.018892173016530834 0.021023765933135905 0.023261280982073133 0.024965958824355088 0.024890795547003977 0.02221204168959095 0.017860730960085155 0.01334183256123178 0.009423955995729118 0.006368017629454534 0.004154855508095628 0.0026398650597535276 0.0016472800959267501 0.0010185611974220061 0.0006301672861907092 0.0003943388817652684 0.0002526571725747131 0.00016804849648372866
0.0037653011206560854 0.004004856247280532 0.0042890048088884015 0.004611051117559282 0.004961120380149669 0.005325379199328519 0.005685781505991054 0.006020652699192854 0.0063071731100527405 0.006603504633401478 0.006948970369749035 0.007334489705922411 0.007754496970186943 0.008208073771896278 0.008699956314449468 0.009241274728268108 0.009850088895128931 0.010551958399077356 0.011380873748662836 0.012380883759970207 0.013608698351505745 0.01513738175708855 0.01706067425083251 0.019495156792970657 0.022566962804982806 0.026312064081386154 0.029856635216034197 0.029690759004577273 0.0257858019383444 0.020541926533136332 0.015420314431608058 0.011045502065153532 0.007614587466827293 0.0050913297441138984 0.0033272999088331946 0.0021425512767211667 0.0013711989398825983 0.0008804022582267425 0.0005729992698732102 0.00038233418913304816 0.00026479045392235515
0.003561958193409746 0.0037274364816609405 0.003928560286139582 0.0041584958553192355 0.0044084825310289 0.004667407192432516 0.004921778035779617 0.00515624522948727 0.00535583201803051 0.005576465267026964 0.005851940076631225 0.00617757708113587 0.006551769367945721 0.0069766315014802936 0.007458784717571234 0.00801021816581457 0.008649274840730798 0.009401924853633068 0.010303593753679091 0.011401916818979075 0.012760920322681796 0.014467332112363637 0.016640053527270864 0.019444356615785217 0.023113202987156516 0.027872430271996738 0.03365664155252909 0.033241064760396274 0.02752186888173338 0.02210139952517899 0.01692033764809861 0.012427344480440479 0.00881428083234296 0.006079208137959206 0.004107242254066745 0.002739671365672383 0.0018194415517278123 0.0012139317273284927 0.0008216591287823878 0.0005700948982030463 0.00040992872972210517
