_RESULTS/POSTPROCESSED/Berg/IZ/9comp/Berg_IZ_z_180_kriged_reverse_9comp_spherical.asc
ncols 100
nrows 90
xllcorner 5.6208707817415728
yllcorner 50.959635321741573
cellsize 0.00013419651685393446
nodata_value 1.7014100000000001E+038
[rows 40 to 59 of 90, columns 0 to 43 of 100]
54.862982142053504 53.70446206410403 52.53137711991363 51.354949675219 50.165941437608666 49.02542633623839 47.84277394289258 46.54609059425481 45.22949915352276 43.97136550902297 42.93069725272283 42.16147878060434 41.59506054072074 41.13413839938417 40.68575510158535 40.176065759886846 39.553101625014605 38.8007980303729 37.93933120242625 36.97563647642185 35.95576716752477 35.002724928360486 34.351351980966115 34.47938474309031 35.90856494335632 38.35468612640064 41.07682725082583 43.706103648537365 46.131862300180345 48.33610831000197 50.30282163861487 52.03539392812484 53.54685442437081 54.85480129113959 55.982657046295394 56.985366420043974 57.90402453580151 58.80042107073128 59.673292045850545 60.49280571903517 61.246548228846976 61.91236238456658 62.47578037722522 63.034633344933944
54.6680083049364 53.53050997613947 52.37840725495999 51.23336246068435 50.12003718516888 49.045809792395254 47.957329488281054 46.75967798400599 45.59065751818121 44.59012455920575 43.93275378807703 43.564595187245345 43.35045238276169 43.17082665817186 42.94106421542018 42.60895804201047 42.14740910130312 41.55004524216644 40.86199707365464 40.139046891243325 39.47283587282073 38.974509288919954 38.827832407806554 39.27575106340247 40.50097173227816 42.35525766416767 44.459789448380114 46.60724520188387 48.712247997070726 50.68606496625849 52.487913252065624 54.1044201743843 55.53541791892862 56.788182042987 57.878884858737 58.84744043137788 59.7232845275942 60.54519942464363 61.327136759956126 62.03778859654876 62.6629110504209 63.178446430781264 63.573996418036295 63.96885808814944
54.495528241333936 53.386998444862535 52.26409646608684 51.13993683303533 50.0331657387999 48.97785599533583 47.93656739415428 46.769133724419085 45.6985507838082 45.019458509834706 44.84132482848817 44.92202122093186 45.05915818055876 45.14002822707256 45.10904281008436 44.94413331145831 44.64330189298385 44.21794771370386 43.71787162682974 43.25458705513461 42.894459354005875 42.72684550744179 42.86811676229114 43.43456952482797 44.4994039320993 45.988934029246614 47.76793720366014 49.605186973267266 51.42246690769632 53.15666960251085 54.76963090794125 56.241127832383356 57.561397295699045 58.731792719177356 59.784528166411434 60.72450983306916 61.551161819418624 62.2828054197318 62.96042991715063 63.56182415385031 64.06754641466725 64.44110034590774 64.67496716203325 64.9066003913928
54.34785923576231 53.28120139107089 52.20476743362305 51.12247079406619 50.03754900921377 48.9590116468031 47.88474161886583 46.64184412956473 45.526069235089125 45.31557581410525 45.75543436880054 46.284871040549945 46.723421424525526 47.01568240142619 47.14939863821223 47.13162952802279 46.9791158910755 46.71778624734743 46.42149649530399 46.180196335604045 46.053181275040146 46.10402837469956 46.400945825295615 47.00200206249207 47.96659924615583 49.29951637316051 50.894903104776944 52.52300942683989 54.09770845711105 55.606090574382584 57.03010413681346 58.34839048451516 59.544768898092514 60.63686367132629 61.62818606181497 62.510795835023046 63.2824781579077 63.94705735995061 64.51576634469795 65.00478562950664 65.39958667212882 65.63879628817566 65.7111521911516 65.77156919396492
54.22502785870941 53.217904793688945 52.21443594158172 51.21068969744243 50.19801740145444 49.166929650227395 48.106951472678354 46.79592052587468 45.094588819202485 45.85926411300763 46.88612040947321 47.726890641985584 48.36514919432857 48.806168784699494 49.067015695844034 49.170398547170414 49.1414234296719 49.03478082452657 48.91063882098549 48.834985747111226 48.87017191543488 49.06092805530982 49.457968078448936 50.100312889560016 51.050617181006864 52.316147024851446 53.78590500874899 55.25397075242064 56.610573551455964 57.9150194366187 59.168240483286205 60.342220266059634 61.42904104462359 62.435602248805075 63.34514891130452 64.14842825380298 64.8428106729132 65.43097686303464 65.90987595401324 66.29983621665488 66.60774774599297 66.74588194373943 66.63915244008838 66.5170661467212
54.12291155822649 53.19637748344203 52.29922024211342 51.420274497933185 50.54549925558063 49.66703940234924 48.79364756230609 47.90776890645688 47.17664140455115 47.55132638400658 48.46761769297283 49.3315356254452 50.02870348098958 50.54433482830177 50.89028755811348 51.08685202625607 51.16591697602003 51.19731261980478 51.21339939608528 51.26313250501509 51.414073389852575 51.70286526943468 52.16049466127605 52.82955275087606 53.78178113623766 54.98762283437898 56.38702602325994 57.73280043014576 58.83086493294392 59.98303815221209 61.10428013694348 62.1608365913118 63.15579727281604 64.06972970947726 64.88536429494019 65.59392932149512 66.19318174546419 66.6848337827496 67.06646876007711 67.34068587836202 67.54193563722556 67.65571000390185 67.33956464768968 67.07995220674961
54.03221670971501 53.209584227828714 52.45611922101274 51.747083905730626 51.064637763263285 50.41457834199412 49.85265665392946 49.48542419292098 49.35608921923691 49.6727827945875 50.35514212564326 51.10295125265958 51.765057364772325 52.293653333450706 52.68334531631209 52.94430771550183 53.12472550254791 53.271494760661966 53.403216643910824 53.55221242743681 53.78067525734058 54.1152716549936 54.58796747593274 55.261748758268325 56.17063185382437 57.28040910025414 58.50063876426842 59.65817290584119 60.70521579588638 61.75139696403532 62.786651244131086 63.76532271325005 64.67715049448583 65.4983577303414 66.21440149812202 66.81863939647603 67.309920449883 67.68861293997223 67.95081215313714 68.08922111976786 68.09255266585487 67.96244267080617 67.69938748623672 67.40642034176896
53.938686391463186 53.248367530981945 52.68070077300011 52.17589413133157 51.71912142437568 51.338369802057606 51.07972436266594 51.03090669035962 51.23410824021954 51.63200297173861 52.22963387914506 52.889816226115705 53.50716626433461 54.03074826800306 54.44411505533549 54.75359722490556 55.01330449318335 55.242922185137054 55.45407590264734 55.66710679709082 55.9365040104394 56.299694529066954 56.80176322354017 57.4551837981953 58.28413724745871 59.258319318278694 60.30967354491869 61.33620279635178 62.32801856685399 63.2915438266692 64.22261800944537 65.12516424867894 65.96369230118941 66.69596226962226 67.31115613545438 67.80627251357488 68.18232073831419 68.43899004151241 68.57033814653303 68.56444677935852 68.40304633359683 68.15498205744608 67.85396375712368 67.53527981102674
53.82434272285591 53.31953330952645 52.986341139717574 52.71373723268902 52.497749361315485 52.357656136753015 52.334501153518545 52.4842636125386 52.856318597576376 53.36026663573368 53.956782163286164 54.58247505121248 55.17425606463517 55.69274033896452 56.11950859876126 56.46869194126857 56.78280847016601 57.06686266925747 57.32667410476455 57.57503127695194 57.884659730185085 58.28970433929983 58.79971207890156 59.417979659888246 60.16391821824796 61.014141676865464 61.91816554154275 62.83548915088018 63.75735114121416 64.64761532813067 65.49564914959714 66.29830347035038 67.02480188810968 67.65129336413264 68.16340866234162 68.54787648161421 68.80615428804994 68.93926560572058 68.94080042242796 68.79944030744608 68.54492806126254 68.23042686002324 67.87334369965956 67.51287812372972
53.66921185737359 53.527592942121856 53.44442723227792 53.383911252612805 53.364530293365064 53.412183901537105 53.55900546963981 53.83879560600108 54.27615483422395 54.86263461757655 55.49552439481044 56.123507611929014 56.710446182276165 57.229497843638036 57.665037140482035 58.04518995305765 58.39296613954337 58.70762003922816 59.00146460180898 59.30034576936855 59.65231762349371 60.07629431950152 60.57728455249332 61.15354479414462 61.81931270950878 62.56292066789941 63.34671689431016 64.15996635535768 65.00351012293292 65.82919243532402 66.6114004106554 67.32847484387752 67.94639765118188 68.443844398841 68.81422356315858 69.06026313757418 69.18626826774151 69.19177703440307 69.06745635669044 68.8213821202644 68.5188438688849 68.16234543402761 67.76812544302227 67.36991263534868
54.38157358802685 54.12642189697377 54.10704809343541 54.167842424350546 54.28295780014384 54.46312666946115 54.72671026131495 55.091460953330696 55.567571466142276 56.15329092732387 56.83036278208353 57.481328229889606 58.077870092190466 58.60283891536928 59.04711819822798 59.4473044156137 59.82242469028816 60.17780850185084 60.517913221697725 60.85272349243014 61.22541858700304 61.650502038722024 62.13037233285566 62.661874000202786 63.25061320806674 63.89905540991225 64.58067548507367 65.30951673735801 66.07231125544571 66.8364184595939 67.56752529888361 68.21519900429487 68.73669855072983 69.1096676662521 69.33723427661057 69.43485483454054 69.41505151597266 69.2813596464772 69.03370280671126 68.73405177333933 68.39653142728753 68.02005235145076 67.61067096116416 67.2055658605514
55.26495547843727 55.000658881501806 54.95691342842969 55.04496327209091 55.22384033949077 55.48191249962142 55.81904570255756 56.237531840632414 56.73621925733915 57.307384487797876 57.95352427668521 58.634978787973026 59.25276436804048 59.79518908193988 60.26401633201469 60.70163430453377 61.114175238543226 61.50177380966249 61.8664935352529 62.21716509870927 62.59366016665589 63.006130206571406 63.45565948711111 63.939205497168416 64.45486402851928 65.01422610930204 65.61027561430278 66.26604022123097 66.9597798227457 67.6640098337998 68.35592725335357 68.95692419618193 69.39706163182142 69.64485169310802 69.72284831325591 69.66932424548699 69.5062835665215 69.24324704521443 68.93529032470761 68.60031695967514 68.23959851322246 67.8530801234826 67.44475931251377 67.03523368463536
56.15680534218367 55.94357757379696 55.91025493070724 56.014507966554774 56.22278040173095 56.51648800647624 56.88635827649738 57.326468076577775 57.82993895438619 58.38631502161861 58.986874031978566 59.635155147121566 60.28591984453501 60.85929372299699 61.35799920435129 61.82349604638338 62.2580338190567 62.66077444291681 63.03245932933294 63.38343744335676 63.75037943349684 64.13940743777718 64.55107220745478 64.98283711795108 65.42919071468822 65.90126357781372 66.4258959672805 67.01351940961867 67.64382029167886 68.297463404139 68.95586153034677 69.54390262569159 69.92765902173792 70.03527547047665 69.94596343782203 69.73874699135602 69.44416367780852 69.11808523709827 68.77526325129203 68.4168868846736 68.04504507109746 67.65933870655856 67.26311840581337 66.86555208759928
57.038436296302194 56.88958835158478 56.88930107863284 57.01601214285501 57.24638316592482 57.56214856591745 57.950118745416965 58.39970190433325 58.900374293583326 59.439944077419995 60.00426683138218 60.59467349530564 61.19867574822994 61.787909903235196 62.31041067323307 62.79313640244253 63.236983082671394 63.64091287003245 64.00519217513717 64.3448975043387 64.6916138053859 65.04842461454771 65.41575071784209 65.79158736285902 66.17109380721537 66.5634173773141 67.02118583367962 67.53877402088197 68.1014159031713 68.69845325912866 69.32254454684785 69.9280156467971 70.32303920716231 70.22564661260539 69.95211963189848 69.61700233114966 69.26934754242774 68.9139483790597 68.55105697881764 68.18287962639963 67.81270822998619 67.4395583932843 67.06560375089933 66.6927729503289
57.8931140042726 57.80964979661839 57.851512243045555 58.00621712329273 58.257355235798514 58.58902215925714 58.987214887757375 59.4392918354014 59.93281760803436 60.454575854323586 60.990092215868806 61.52921225272967 62.071838733032706 62.59905357021876 63.104751574927946 63.59546719896041 64.03819194184358 64.4318186064006 64.77687038664975 65.0971901569509 65.41497217862114 65.73225021220634 66.0494624354558 66.36494670832786 66.67503920363875 67.00696041494018 67.3937891660724 67.83393302319098 68.31521835891049 68.82990335993492 69.37394516601015 69.91444197598187 70.2897942274127 70.0424130711837 69.69852343810615 69.34596011633903 68.98910057154994 68.62881555335004 68.26608050238868 67.90344935945896 67.54756948501249 67.19820828976624 66.85662583170028 66.50946657266692
58.705906692936175 58.684677614003824 58.77080647704971 58.95589478272526 59.22763855259486 59.57245769242231 59.97687789181574 60.427770080250475 60.91199244919141 61.415921365456384 61.925164584515194 62.42464718142069 62.910950423447154 63.37527382682511 63.81048771572827 64.23977237635377 64.6517836845533 65.02515325336124 65.3431168711493 65.63681468219237 65.91831562059186 66.18975043037632 66.4515558114089 66.70211600358809 66.95307395155561 67.23351467552047 67.54533764997424 67.89853232650485 68.28193155335344 68.68359741798132 69.08916665534323 69.43607891228284 69.60939042995027 69.50871653038409 69.25226503020345 68.94178234450634 68.61070554493601 68.27111851378521 67.92930813607914 67.59003556235463 67.25953026433235 66.94267855956373 66.64081790271361 66.31880830087735
59.46347976390902 59.499754764255464 59.62884238830758 59.84423372832669 60.136011303101675 60.49242451284961 60.90096682582009 61.348835126811984 61.82294709935691 62.309761141933215 62.79509422734652 63.26407139244551 63.70285169588937 64.1092499237423 64.47660314618288 64.82773638701053 65.15455014449701 65.44715090593536 65.7078973798703 65.95966873078977 66.19825217504663 66.41815862533312 66.61956285346305 66.80761242955404 67.01324101188767 67.2387979482051 67.4797751226639 67.7379565964419 68.01190626515012 68.2929997875414 68.57212173193469 68.79954947330285 68.91042327231025 68.86617916059407 68.69049598322252 68.44227378570835 68.15842850869733 67.85863224970237 67.5542111129465 67.25262214766138 66.9591993616022 66.67974377780521 66.41922416569118 66.11512182707435
60.153922301758136 60.242377732966226 60.41142438364248 60.655445224239834 60.965949517531804 61.33256195003742 61.74381827297607 62.18763093621742 62.65144854179411 63.12220266457666 63.58613743259423 64.02861175443188 64.43402220711248 64.78933627339882 65.09304368412833 65.36620947062592 65.6058650461074 65.80504852077436 65.98221603486138 66.1500102115974 66.30684832907599 66.44988514214788 66.57903732366552 66.72026928171074 66.87816825789021 67.05044929946334 67.23328758156579 67.4208481293039 67.61561562731269 67.81092324716398 67.99900355078034 68.14654197643287 68.21907361895384 68.19972280040054 68.08053241544336 67.89165703046109 67.66214527007804 67.41208411098158 67.15467001760258 66.89860912741021 66.64960980038171 66.41131919690989 66.17845132426322 65.89213051927526
60.76659237750509 60.90175039610352 61.106925150183585 61.37693018124703 61.70417592847712 62.079334467740125 62.491934187122624 62.93077422097881 63.38418769486479 63.84013076344528 64.28538846193685 64.7055114001295 65.08444680174846 65.40437715034918 65.65125869184126 65.84702020354644 65.99688294188363 66.10463369358041 66.1970073926999 66.27857640367586 66.34910913510484 66.41006545846332 66.48454825378772 66.57664147440738 66.6848424027828 66.80625650577969 66.93629488874743 67.06812193771513 67.19227598128474 67.30750079327832 67.41722278342698 67.50359334134122 67.54690765665664 67.53919910814143 67.46120228290006 67.32364186779878 67.1473087487164 66.94914966129457 66.7415106926548 66.5328438175982 66.32867731936808 66.12331101003126 65.91024662093957 65.64477514888739
61.29196715205498 61.46841436900768 61.70550966061011 61.99828244527371 62.33975319551984 62.72186017372918 63.13580420571668 63.57154006122264 64.01804811491186 64.4634659323317 64.89503528716945 65.29870823956767 65.65813717717984 65.95296184124743 66.1583743277183 66.27235244621157 66.32275563319399 66.33955877759291 66.34366809018904 66.33772694004917 66.32832653145687 66.33526154352477 66.36044004474958 66.40315087267892 66.46142224120238 66.53194133158384 66.6098151313104 66.6882338512972 66.7581764634567 66.80867584271843 66.85073736292628 66.886888971284 66.90542458068958 66.90237297498598 66.85551065389083 66.76071829003766 66.63210974426177 66.48253068786498 66.322136045911 66.15829269525801 65.98766263275795 65.80420623147091 65.61295561194362 65.372296657325
