_RESULTS/CROSS_VALIDATION_POSTPROCESSED/Berg/IZ/7comp/4/Berg_IZ_z_1000_kriged_reverse_7comp_spherical_4.asc
ncols 100
nrows 90
xllcorner  5.6208707817415728
yllcorner 50.959635321741573
cellsize 0.00013419651685393446
nodata_value 1.7014100000000001E+038
[rows 36 to 53 of 90, columns 41 to 81 of 100]
0.006304272853520999 0.0043424750447366425 0.0028762903090912917 0.001790651213562112 0.0010501978612485166 0.0005822894459338406 0.00029778861286671186 0.00014028789587004184 6.229425939202404e-05 2.695324134086418e-05 1.1959646966703894e-05 5.89652008067581e-06 3.5863972835401636e-06 2.8169505787319834e-06 2.7086000428140666e-06 2.9725907589451366e-06 3.497410793314948e-06 4.152662707646348e-06 4.9603337886339575e-06 6.004191155670357e-06 7.434606870523318e-06 9.500349701878995e-06 1.2450344252558927e-05 1.6475230953985358e-05 2.1971878112249774e-05 2.9409115485840904e-05 3.927547376646394e-05 5.1975601130757994e-05 6.766707203630687e-05 8.604408089701941e-05 0.00010608138613655257 0.00012721605451810754 0.0001566487221346803 0.00019782089428010976 0.000252072714178972 0.0003173532509286212 0.0003987647855634643 0.0005143071406384937 0.0006868767246327445 0.000937832060221087 0.0012939269375468842
0.0057323647858932205 0.003964786280863965 0.002661406159188656 0.0016899694909863375 0.0010191530442641094 0.0005775400565153205 0.00030021032036790676 0.00014570960106097955 6.773951374344904e-05 3.123070128818212e-05 1.4971454868737622e-05 7.927105994608116e-06 4.933747236270441e-06 3.7461982245720117e-06 3.4288727290232273e-06 3.557718253144035e-06 3.920134426455834e-06 4.407102358418703e-06 5.0475489844161805e-06 5.917422883477652e-06 7.150574844610876e-06 8.922871258916841e-06 1.1295358875178916e-05 1.4446684915786537e-05 1.8587833883744702e-05 2.3905852827806407e-05 3.0502249110464844e-05 3.831838735957089e-05 4.7074234867072226e-05 5.625185973425485e-05 6.51265422114333e-05 7.425415977558481e-05 8.813403053976066e-05 0.00010855965698486014 0.00013766654396672292 0.00018170101818389806 0.000245372182581834 0.00033336221853487544 0.00046576415286879214 0.0006648151117224911 0.0009570766099396323
0.005485046079624643 0.0038423785807675834 0.0026341770249513107 0.0017193784042168051 0.00107100383195393 0.0006159676707836916 0.00032763623086429233 0.00016444127388239342 7.990059354839537e-05 3.8826589571137154e-05 1.963536739504048e-05 1.0804594208484477e-05 6.7399144334252645e-06 4.889293859815401e-06 4.137772994365412e-06 4.012698132838622e-06 4.154689781822026e-06 4.415509603879007e-06 4.8193570192697326e-06 5.431643900706099e-06 6.3543511169730755e-06 7.610883444240905e-06 9.274346172379366e-06 1.1446694294235726e-05 1.4201877358608241e-05 1.7544885599300246e-05 2.1366020568938407e-05 2.5413402672974658e-05 2.931566089753939e-05 3.267220438835831e-05 3.5179181629484026e-05 3.7980665881454365e-05 4.3382693207394426e-05 5.362305080852734e-05 7.165158188452022e-05 0.00010151923527482695 0.00014840514272047777 0.00021751345722860433 0.0003195281497617669 0.00047805166937343554 0.0007187074543666294
0.0055485952619041545 0.003953612441043544 0.0027718132259550825 0.001869251923105196 0.0011936394579142964 0.0006997151228232364 0.00038207817912221147 0.00019824878543777603 0.00010014001055783267 5.068075127299382e-05 2.6550737983341495e-05 1.4891829627937789e-05 9.212624741166386e-06 6.413685450978801e-06 5.063379391715e-06 4.466280211298071e-06 4.176065761000538e-06 4.1098100558029624e-06 4.24871475102515e-06 4.584342836027892e-06 5.106600322922351e-06 5.846195441349521e-06 6.860899322325064e-06 8.190259236215717e-06 9.82966395160349e-06 1.1699010463012768e-05 1.362033125779988e-05 1.5328563012741744e-05 1.6536351179315238e-05 1.704581815738647e-05 1.697526998150121e-05 1.764495399035576e-05 2.0151431545301183e-05 2.574962143556257e-05 3.662546973318809e-05 5.631565288984804e-05 8.996317056916736e-05 0.00014385980927212965 0.0002250068605018536 0.0003532738042801262 0.0005542418545989932
0.005906923812757962 0.004312961665516873 0.003098117389374386 0.002152216469605439 0.0013993507878381356 0.0008390851211117128 0.0004709421725175545 0.00025213643315994473 0.000131638187077596 6.871040755395796e-05 3.682745621305587e-05 2.081259740505298e-05 1.2692916123592912e-05 8.497517495574006e-06 6.306295736030704e-06 5.095896747986511e-06 4.311081067567981e-06 3.8379227998422315e-06 3.6172685881982003e-06 3.5854607782321684e-06 3.722034898492311e-06 4.04529500511955e-06 4.571367687320205e-06 5.299252636521257e-06 6.192927483955113e-06 7.1579729998971924e-06 8.035962492883864e-06 8.648308099431907e-06 8.854473024341044e-06 8.624405920232713e-06 8.174260755049318e-06 8.214180824819634e-06 9.253885506064727e-06 1.2192011076738659e-05 1.871497368534738e-05 3.1772286373267344e-05 5.609953341804313e-05 9.828315066709579e-05 0.00016550441991958095 0.0002722520251445258 0.0004442744577376132
0.006580207435609611 0.004949975745504881 0.0036539033227155574 0.002601979486360072 0.0017167073742069099 0.0010540602966999724 0.0006083152806469953 0.0003353602614229789 0.0001801242181379418 9.629705938247359e-05 5.239255217618297e-05 2.9638706593881106e-05 1.7766736060503772e-05 1.1467905642528187e-05 8.084328792049945e-06 6.0734235980728715e-06 4.721359667294456e-06 3.83109844476337e-06 3.2476350463740056e-06 2.9067426755114185e-06 2.7770310439163947e-06 2.8365830597559758e-06 3.0736805512661405e-06 3.465493988098575e-06 3.964036628576699e-06 4.486807085657502e-06 4.921431531301477e-06 5.151196217931784e-06 5.081212360464025e-06 4.688194500618273e-06 4.2160130850220846e-06 3.976957907097288e-06 4.263331590604681e-06 5.766266251268568e-06 9.84238128997939e-06 1.8930671378732597e-05 3.728980003759781e-05 7.144777381428223e-05 0.00012945647126014198 0.0002222015862692703 0.00037464415375810075
0.007626901529984193 0.005929549431111479 0.004506630756264614 0.0032795015016854343 0.00220158998343279 0.0013793858228650499 0.0008180860189308086 0.0004637472702922941 0.0002554642882610363 0.00013930494350268845 7.661163083544584e-05 4.333030512412592e-05 2.576770897710431e-05 1.6296697562497966e-05 1.104802316203369e-05 7.794514271752931e-06 5.578649357578879e-06 4.068861397236605e-06 3.077056583592603e-06 2.472011095141221e-06 2.1650150121024498e-06 2.0933625148223346e-06 2.2082013819789805e-06 2.4661108390701072e-06 2.8083383799513233e-06 3.152817038879571e-06 3.400234909116393e-06 3.458175536045133e-06 3.27558003553799e-06 2.888427368032531e-06 2.4869542656535593e-06 2.143961932012362e-06 2.0257672898375877e-06 2.7874027451271306e-06 5.682743772630842e-06 1.2678912792317393e-05 2.7677252599681697e-05 5.7114944546426956e-05 0.00010957205316553076 0.00019484168490140988 0.0003358822923475254
0.009147505025838 0.007354745717446734 0.005762241951266524 0.004281702702139214 0.0029336679550485433 0.0018780953238628148 0.0011398540256084082 0.0006639818199868978 0.00037463577389676813 0.00020803829655317244 0.00011645961189128671 6.690137882043508e-05 3.985301698423058e-05 2.4828625991980806e-05 1.6260740597635268e-05 1.0763858246318649e-05 7.041481634012373e-06 4.612174476479142e-06 3.0939782653923624e-06 2.206412095288144e-06 1.7569780767393778e-06 1.6195435448915332e-06 1.7029381361007631e-06 1.933594610876211e-06 2.238470747962239e-06 2.531198995168084e-06 2.717773886410607e-06 2.7202292538625675e-06 2.506601268025474e-06 2.1775506529149475e-06 1.8362250429918748e-06 1.502089927985131e-06 1.180714758873263e-06 1.6159061990317807e-06 4.218701454118953e-06 1.0413776350615912e-05 2.4073007199031117e-05 5.168767411238919e-05 0.0001022618920289141 0.00018552618611953825 0.00032255275709829143
0.01129393518763308 0.009371607166117237 0.007571790678069314 0.005754185934749307 0.004036263077853646 0.0026463512400133867 0.001643791059528886 0.000981163705582765 0.0005679229894613974 0.00032592036125886744 0.00018806066351521932 0.00011017399092711898 6.591260196736638e-05 4.0398116847203146e-05 2.5439371917279043e-05 1.590066097812966e-05 9.61849417084088e-06 5.691374259288781e-06 3.366446375546648e-06 2.0856936881411646e-06 1.4779034156098735e-06 1.3124019690540307e-06 1.4305483369863041e-06 1.7095596566061358e-06 2.053019995345534e-06 2.36511131535523e-06 2.550811021644392e-06 2.5405914704089526e-06 2.3473635588730567e-06 2.0976200232535207e-06 1.8326374147606788e-06 1.5995303452916614e-06 1.524091794500155e-06 2.175833574377828e-06 4.7336742126849745e-06 1.109069951707012e-05 2.5171411385829702e-05 5.3716007309399856e-05 0.00010620597555263937 0.00019265512413915316 0.0003327599270786637
0.014051407495409554 0.012092744110323045 0.010111239527744969 0.007901206301397028 0.00569642431039054 0.0038361501651949384 0.0024439969035383578 0.001495766913449377 0.0009020121742009191 0.0005377967432932684 0.0003192165417390871 0.000189901574515708 0.00011380729608046408 6.893533018072283e-05 4.2266947924010504e-05 2.5427469907937413e-05 1.4515673923005284e-05 7.901565303994978e-06 4.1480489134379844e-06 2.174037194868622e-06 1.287917483859799e-06 1.127069028683244e-06 1.369968964392974e-06 1.7799662131973344e-06 2.231408288564581e-06 2.616265965924212e-06 2.833417399933334e-06 2.830745859288753e-06 2.7159808973030976e-06 2.5529109428338877e-06 2.3989268989117683e-06 2.3517531646502333e-06 2.6322372177787445e-06 3.8070490541579077e-06 7.070724276830161e-06 1.4729943611843052e-05 3.116074772880569e-05 6.366311081262088e-05 0.00012233154713429815 0.00021745370970562667 0.0003679565638187392
0.01699701206557201 0.01521698104076928 0.013226365804552711 0.010710345273614075 0.007988059104188473 0.00555036096835112 0.003641892657658454 0.0023219977787510638 0.0014580435468530928 0.0009025954735234921 0.0005519491048332323 0.00033534709494311744 0.00020329427034892052 0.00012327504676463787 7.482484760554813e-05 4.4379879219340714e-05 2.465816701860573e-05 1.2831463052427661e-05 6.256665454156263e-06 2.863984177647187e-06 1.2553395861693622e-06 1.1585327837843127e-06 1.6928057139943144e-06 2.3281950071280966e-06 2.9600504205092214e-06 3.4605568505676446e-06 3.7215260087538786e-06 3.81292862498507e-06 3.8108276284576755e-06 3.7768955919321983e-06 3.8096070133942064e-06 4.076734386460499e-06 4.9088810408600116e-06 7.014788546442412e-06 1.1915106015342694e-05 2.2479148968371783e-05 4.379996479435172e-05 8.407413851343725e-05 0.0001541131373596473 0.0002641424335818494 0.0004330920150298226
0.019785322742219582 0.018428830915409544 0.0166640638701816 0.014037138964237432 0.010870750739159298 0.007824844079022312 0.005381277316059771 0.0035970730705370563 0.0023562513831346028 0.001519973533051125 0.0009631536726760613 0.0006023828282661276 0.0003733363485060857 0.00022983715614981735 0.0001406679371499432 8.438845015568702e-05 4.7359482845220646e-05 2.484067145445942e-05 1.2255221405060239e-05 5.8060054167541415e-06 2.9455469138945064e-06 2.4891360150162706e-06 3.1191795930094966e-06 3.989754909503992e-06 4.834396309586358e-06 5.447124065864576e-06 5.855806763400596e-06 6.122903429375497e-06 6.304825567832688e-06 6.50730092251319e-06 6.900044282809325e-06 7.76539353955131e-06 9.618271745514749e-06 1.346349421700749e-05 2.130875297403669e-05 3.708634629235648e-05 6.69780828009423e-05 0.00012022462342222471 0.0002082631777746201 0.00034048051133043247 0.0005370700626425624
0.022041786839814836 0.02127170862144513 0.020026094075979006 0.017620537017988262 0.014227574618088485 0.010760730922583308 0.00781833999349691 0.005497841777759375 0.003771160818997026 0.0025415365772513505 0.0016784519852729417 0.0010890870139794301 0.0006972870889608851 0.0004417911120203074 0.00027749519997834096 0.00017212525343072836 0.00010094032745157866 5.587538955619256e-05 2.979227896291664e-05 1.605044032356669e-05 9.75702762049317e-06 7.737169647026801e-06 7.79597670968057e-06 8.588497605148753e-06 9.457306861545876e-06 1.024634743801082e-05 1.0899199493449956e-05 1.1425910592494165e-05 1.1925519906048382e-05 1.2584184453221055e-05 1.3698503305421945e-05 1.574791577554558e-05 1.955783916140567e-05 2.6624702317974266e-05 3.972089575816042e-05 6.395645449009754e-05 0.00010783059127789446 0.00018130596541052042 0.0002958159879023126 0.00045860682993528084 0.0006933988002992417
0.024204447936790198 0.023427166980812025 0.02271974722928129 0.02097406189656712 0.017803612273189304 0.014325632970416688 0.011033957573360755 0.008188687563398665 0.005901968527479452 0.004166729932471007 0.002882588156082134 0.0019541845905498554 0.0013045744366602906 0.0008608000936692037 0.0005630913614409083 0.00036626854657110304 0.00022984701965105597 0.0001376747745737159 8.079929935393801e-05 4.864181607205768e-05 3.2142505960722536e-05 2.470422520341279e-05 2.191930704342688e-05 2.12677602552418e-05 2.1695042656460454e-05 2.2452751594306626e-05 2.3233379359312257e-05 2.402732400426794e-05 2.5002388641563215e-05 2.6484922158801484e-05 2.899042589016179e-05 3.3327526484488426e-05 4.081853707333365e-05 5.370625432116745e-05 7.584917071968267e-05 0.00011382787269264343 0.00017853939410290853 0.0002821393196347583 0.00043343768636336686 0.0006359897817359451 0.0009207791616708967
0.026317818021448947 0.025475076935530607 0.02474536751534402 0.023504726644715097 0.021203108957839167 0.018228198259980573 0.014934023036212305 0.011726995782298355 0.008902935695799315 0.006600931971894779 0.004801967512063974 0.0034208958972662784 0.0023993143871399334 0.0016641360782111622 0.0011459722625240729 0.0007870839709341481 0.0005344256424012804 0.0003492079663488251 0.00022442358034127104 0.00014675375007240003 0.00010156412809256019 7.669896133964128e-05 6.413553412739579e-05 5.8196529700136465e-05 5.568822037397062e-05 5.481152425952594e-05 5.465137450942378e-05 5.5090444599377465e-05 5.637251687429072e-05 5.9033878842641194e-05 6.393019648407542e-05 7.237358842511787e-05 8.641469988110021e-05 0.0001093239390682936 0.00014633687565497188 0.00020570494759667462 0.0002999833849375226 0.0004451633392080918 0.0006444525504853922 0.000896100061152543 0.001243176847944914
0.028224156921343287 0.02735101886763431 0.0266464517927425 0.025830145642186303 0.024260097259443912 0.021982609716995904 0.01912783200007108 0.01591464735175483 0.012736429680777863 0.009935875714132557 0.007618829600624673 0.00572882985138262 0.004245677459294859 0.0031161886837052324 0.0022750658299133856 0.0016600453639428285 0.0012151786494979287 0.0008666766266765295 0.0006045871675026234 0.0004234923041611823 0.0003075088231463177 0.00023629048327054628 0.00019347714735316993 0.00016779412894197407 0.00015231536260416854 0.00014282946063820333 0.00013668337705232203 0.00013327932958084803 0.00013278092844775578 0.00013589887851131474 0.00014388251728778025 0.00015867156955764368 0.00018321626520890777 0.0002219831492092386 0.00028164895005418735 0.0003719181000811686 0.0005062427669172858 0.0007018874261245807 0.0009585040002045234 0.0012681388635493406 0.00168867531453352
0.029739686048464442 0.028872037719846557 0.028239978291675568 0.028062028761658933 0.027565052149250712 0.026180072124721347 0.02375858019639333 0.020510277686757946 0.01708489159771269 0.013961143047139132 0.011286051348122885 0.00898428047633284 0.007064495691243482 0.005511392304454853 0.004285274213138657 0.0033380060265768927 0.002621031512353787 0.0020570442555182594 0.0015777578297069025 0.0012004211850877395 0.0009210329173906089 0.0007227995856804609 0.0005855268124569211 0.0004913274286662837 0.0004268613181364689 0.00038261442067697956 0.0003511026032988489 0.0003298040824601784 0.00031786888618856796 0.0003155291763615406 0.0003239931940833291 0.00034554109353183174 0.00038379390546977447 0.0004441172316421684 0.0005340807168810194 0.0006638001945674367 0.0008458278773008204 0.001094047378274817 0.0014080646666794479 0.0017848543930778856 0.00228620575921253
0.030685038055966805 0.029845186518283523 0.029313492616879776 0.029759698457709403 0.030680968673233874 0.030843584702668687 0.029461410032920275 0.026098453970552216 0.0223556464439357 0.0189698876939528 0.016058843937548653 0.013483356662927862 0.011252812356458246 0.009373886554244877 0.007827111179377962 0.006578056132162071 0.005585242609818692 0.004800786077160478 0.004057407017062973 0.0033400255786334887 0.0026989305029528096 0.002162671028581974 0.0017392120733828338 0.0014197290236436998 0.0011865525973924816 0.0010195756480293008 0.0008976549652060807 0.000810997835905574 0.0007537127306120619 0.0007224512571044936 0.0007160646235151546 0.0007354012811072453 0.0007832581279097173 0.0008644041139480037 0.000985519226146482 0.0011547975281092364 0.001380854613849254 0.0016705135132979246 0.0020250628250952714 0.0024773343858871537 0.0030592786913605403
