_RESULTS/CROSS_VALIDATION_POSTPROCESSED/Berg/IZ/7comp/4/Berg_IZ_z_180_kriged_reverse_7comp_spherical_4.asc
ncols 100
nrows 90
xllcorner  5.6208707817415728
yllcorner 50.959635321741573
cellsize 0.00013419651685393446
nodata_value 1.7014100000000001E+038
[rows 0 to 19 of 90, columns 0 to 43 of 100]
61.16859762508098 61.16859762508098 61.16859762508098 61.16859762508098 61.16859762508098 61.16859762508098 61.16859762508098 61.16859762508098 61.16859762508098 61.16859762508098 61.16859762508098 61.16859762508098 61.16859762508098 61.16859762508098 61.16859762508098 61.16859762508098 61.16859762508098 61.16859762508098 61.16859762508098 61.16859762508098 61.16859762508098 61.16859762508098 61.16859762508098 61.16859762508098 61.16859762508098 61.16859762508098 61.16859762508098 61.157060743405026 61.11728688758009 61.05193151438024 60.96399191655355 60.856625627275044 60.733216241072356 60.596945151231374 60.444867458631094 60.28134863406937 60.11402001764075 59.95081029103804 59.79979420455589 59.66890804806877 59.56550828643765 59.495790591309664 59.46415340164577 59.47265593186536
61.16859762508098 61.16859762508098 61.16859762508098 61.16859762508098 61.16859762508098 61.16859762508098 61.16859762508098 61.16859762508098 61.16859762508098 61.16859762508098 61.16859762508098 61.16859762508098 61.16859762508098 61.16859762508098 61.16859762508098 61.16859762508098 61.16859762508098 61.16859762508098 61.16859762508098 61.16859762508098 61.16859762508098 61.16859762508098 61.16859762508098 61.16859762508098 61.16859762508098 61.16859762508098 61.16593482469784 61.137306533244825 61.07948398178842 60.9952520566223 60.887501398124336 60.75929824779583 60.60941847013036 60.433786496795136 60.2392613038963 60.03352159804148 59.8248210270377 59.621993435169465 59.434348209780175 59.27138354240049 59.14224609472587 59.054917185132304 59.015227682570625 59.025958002495095
61.16859762508098 61.16859762508098 61.16859762508098 61.16859762508098 61.16859762508098 61.16859762508098 61.16859762508098 61.16859762508098 61.16859762508098 61.16859762508098 61.16859762508098 61.16859762508098 61.16859762508098 61.16859762508098 61.16859762508098 61.16859762508098 61.16859762508098 61.16859762508098 61.16859762508098 61.16859762508098 61.16859762508098 61.16859762508098 61.16859762508098 61.16859762508098 61.16859762508098 61.16859762508098 61.15603072899548 61.11119475132061 61.03634308136597 60.934116620260646 60.80724527150303 60.64928403930436 60.45749428567896 60.23864343555052 60.00003499137792 59.74965314023277 59.49630658559675 59.24974015005097 59.02064558604211 58.82045028195646 58.66071906181237 58.55203877699209 58.50245848915855 58.515916785942814
61.16859762508098 61.16859762508098 61.16859762508098 61.16859762508098 61.16859762508098 61.16859762508098 61.16859762508098 61.16859762508098 61.16859762508098 61.16859762508098 61.16859762508098 61.16859762508098 61.16859762508098 61.16859762508098 61.16859762508098 61.16859762508098 61.16859762508098 61.16859762508098 61.16859762508098 61.16859762508098 61.16859762508098 61.16859762508098 61.16859762508098 61.16859762508098 61.16859762508098 61.16751458768343 61.14117798277866 61.0814849587043 60.990885300930195 60.871769327458814 60.71470801145791 60.51606089510564 60.28205549333191 60.01936984628367 59.735301612450485 59.43797327991963 59.136577765299606 58.84164953242825 58.56529612806881 58.321222827646245 58.124233956457026 57.98880821000368 57.926600764295166 57.94353395447548
61.16859762508098 61.16859762508098 61.16859762508098 61.16859762508098 61.16859762508098 61.16859762508098 61.16859762508098 61.16859762508098 61.16859762508098 61.16859762508098 61.16859762508098 61.16859762508098 61.16859762508098 61.16859762508098 61.16859762508098 61.16859762508098 61.16859762508098 61.16859762508098 61.16859762508098 61.16859762508098 61.16859762508098 61.16859762508098 61.16859762508098 61.16859762508098 61.16859762508098 61.16260546078062 61.12375367629442 61.05079756257948 60.94602245502534 60.80003431789264 60.60502335860593 60.36667068309979 60.09096929426914 59.78437389975071 59.45399253246827 59.10784114891384 58.75519116440292 58.40703752441559 58.07667557914977 57.78023615531029 57.53670061773738 57.36644061561071 57.28730301156785 57.30889371823028
61.16859762508098 61.16859762508098 61.16859762508098 61.16859762508098 61.16859762508098 61.16859762508098 61.16859762508098 61.16859762508098 61.16859762508098 61.16859762508098 61.16859762508098 61.16859762508098 61.16859762508098 61.16859762508098 61.16859762508098 61.16859762508098 61.16859762508098 61.16859762508098 61.16859762508098 61.16859762508098 61.16859762508098 61.16859762508098 61.16859762508098 61.16859762508098 61.16859762508098 61.15548211991554 61.10592651635077 61.021553077282455 60.89647519918301 60.71614384276751 60.485047716894925 60.20857294081049 59.89238803949978 59.542590394585005 59.16589786039178 58.76992005433499 58.363568127878786 57.95769590517301 57.56609012328019 57.20685363022437 56.9037793853427 56.68602486543016 56.58268988131828 56.61096352647006
61.16859762508098 61.16859762508098 61.16859762508098 61.16859762508098 61.16859762508098 61.16859762508098 61.16859762508098 61.16859762508098 61.16859762508098 61.16859762508098 61.16859762508098 61.16859762508098 61.16859762508098 61.16859762508098 61.16859762508098 61.16859762508098 61.16859762508098 61.16859762508098 61.16859762508098 61.16859762508098 61.16859762508098 61.16859762508098 61.16859762508098 61.16859762508098 61.168578300300126 61.14785194032793 61.0896015081415 60.9928640717126 60.83832581498449 60.62623379024572 60.36151286288117 60.049211253108716 59.69460740914737 59.30333636298101 58.88155395371313 58.43617506286346 57.975258996104685 57.50868983811801 57.04943868171768 56.615892691046064 56.23570468416749 55.94985381374615 55.80881791655836 55.847649756334825
61.16859762508098 61.16859762508098 61.16859762508098 61.16859762508098 61.16859762508098 61.16859762508098 61.16859762508098 61.16859762508098 61.16859762508098 61.16859762508098 61.16859762508098 61.16859762508098 61.16859762508098 61.16859762508098 61.16859762508098 61.16859762508098 61.16859762508098 61.16859762508098 61.16859762508098 61.16859762508098 61.16859762508098 61.16859762508098 61.16859762508098 61.16859762508098 61.16795668839621 61.14112254773529 61.07633377524079 60.9584740831529 60.7768609603621 60.5361220464009 60.240877726842825 59.89582606189667 59.505831242570814 59.07602116980869 58.611904893344246 58.119533554414126 57.60576061972809 57.07873822132089 56.548994229526215 56.031969466842746 55.55416171610933 55.16657793088638 54.95921459426446 55.01739023053219
61.16859762508098 61.16859762508098 61.16859762508098 61.16859762508098 61.16859762508098 61.16859762508098 61.16859762508098 61.16859762508098 61.16859762508098 61.16859762508098 61.16859762508098 61.16851245681332 61.165039206393665 61.15955797817314 61.15530509900458 61.1541549198843 61.1565633931703 61.16155400711892 61.166747746680805 61.16859762508098 61.16859762508098 61.16859762508098 61.16859762508098 61.16859762508098 61.16710851903271 61.13636054714093 61.062187455352756 60.92204433857906 60.716914180630155 60.451171321010655 60.12915028193968 59.75521996760037 59.3338564718626 58.86971569583468 58.367707407055015 57.83307508537725 57.27149603356953 56.68925066323652 56.09362681075656 55.494145563752085 54.90689399023968 54.37220351724079 54.0264789364967 54.13054961681796
61.16859762508098 61.16859762508098 61.16859762508098 61.16859762508098 61.16859762508098 61.16859762508098 61.16859762508098 61.16859762508098 61.16737023515041 61.15126082338157 61.122801170100274 61.089321276075445 61.05708940095431 61.03113694205864 61.015099310080345 61.01109036998985 61.019625269713984 61.039601164522516 61.06833825783009 61.10167602621939 61.134112924070614 61.158973426656516 61.16859762508098 61.16859762508098 61.16664975799927 61.134257237425295 61.04603155712912 60.887432874184746 60.662752462601276 60.37614483073228 60.031698322933835 59.63350367455038 59.18572039085759 58.69264133746491 58.15875452050271 57.5887982280339 56.987799912172065 56.361077906730316 55.71416655726837 55.0526094724471 54.38152676296526 53.70512103317387 53.04987800324022 53.307756269848504
61.16859762508098 61.16859762508098 61.16859762508098 61.16859762508098 61.16859762508098 61.16859762508098 61.16604032635452 61.13679696742656 61.08296726607478 61.01425298281337 60.93968205425231 60.86740513761284 60.80446687829576 60.756572013879705 60.72787039934169 60.72078583187094 60.735910194954265 60.77197694293622 60.825917520692116 60.892993109076954 60.966984515882125 61.0404169637931 61.1047947397092 61.150822771333026 61.16683962915579 61.13262465130531 61.0308041133387 60.85787432768181 60.61796926878002 60.31506930772029 59.953071684764495 59.53585972484373 59.067374443825294 58.551693578556886 57.99312583253039 57.39633300527136 56.76650101520184 56.10959648434625 55.43309984750506 54.74557958633027 54.05842814568379 53.39947025543872 52.90550564115926 53.060796758445775
61.16859762508098 61.16859762508098 61.16859762508098 61.16859762508098 61.16859762508098 61.1467611526187 61.08274882044602 60.98771684917125 60.872672068528864 60.74823556364878 60.62443774613542 60.51045786426378 60.414324872507855 60.34260569944131 60.30011411569998 60.289676025310825 60.31198311239686 60.36555604196467 60.446822694806926 60.55029985741528 60.6688525366474 60.793996729891276 60.91621010627766 61.0252196142057 61.10922030813269 61.12162367980643 61.018801152419435 60.835905363196986 60.585391010586 60.271117972478 59.8968556230769 59.466357467007484 58.983446282864506 58.45212322075694 57.87672575352166 57.262182316966836 56.61470818808998 55.94338563542487 55.25778123559628 54.57334238942345 53.9200943173678 53.36360000192346 53.04462995072379 53.12960987690884
61.16859762508098 61.16859762508098 61.16859762508098 61.166920900798715 61.122326359413556 61.02594345851797 60.88974477637385 60.72573205670844 60.54585292731858 60.36183603986252 60.184941316852345 60.025631249562004 59.89318198947709 59.79526752349889 59.73756300009484 59.72341968509254 59.75366007518487 59.82652612528887 59.9377891950266 60.081003572101864 60.24786368654479 60.42861368841166 60.61245821859058 60.78793247236114 60.94299761458966 61.02562736876354 60.988158115982515 60.823304327711284 60.56700300077158 60.246521232824115 59.86556590225268 59.42783516251522 58.93711811216594 58.39743383066116 57.81325019091974 57.1909077813076 56.53888694775912 55.86474488734046 55.18073591169409 54.509094210166644 53.891540059429346 53.40229434003351 53.14795179288787 53.21325993200098
61.16859762508098 61.16859762508098 61.16482049160902 61.10522010211514 60.98258223003399 60.80922401786797 60.59772523671152 60.36093422319906 60.1118881006435 59.86363087035457 59.62891822336166 59.41980930710664 59.2471638075543 59.12008573974773 59.04537801043617 59.02708597104912 59.066205664883 59.16060963273666 59.305204250641765 59.492289219324704 59.712055752252425 59.953144533213596 60.20318883138789 60.4492864509113 60.678126848695904 60.83595241704527 60.874987840117235 60.787120560963295 60.563897779658845 60.24250705956475 59.860584773419944 59.42184186872039 58.93009984970793 58.38944499820224 57.8062440248529 57.188234092225784 56.54064694180385 55.87118875844703 55.19288549275536 54.529517496917066 53.92486138878522 53.452965761411996 53.21226640597073 53.27542733255901
61.16859762508098 61.165941299951434 61.102436523120616 60.96336098394563 60.76100142460288 60.50805225743898 60.21770755550943 59.90289504661126 59.57863293594949 59.26050548886198 58.96316860233862 58.69981477303807 58.482252750750774 58.3222939250021 58.22832533937745 58.20532347550109 58.2545184496475 58.37328515159426 58.555373674484876 58.791429632838856 59.06970000054636 59.37680003797511 59.69843141287959 60.019977219971985 60.325703020460566 60.56432752842268 60.68641921626949 60.681895253995634 60.54227779178839 60.25926901163865 59.882129552905106 59.448616418518064 58.962641959520944 58.43028474043255 57.85958217568662 57.25446856801833 56.61968723135513 55.96202089855098 55.29249953296886 54.63080963593717 54.013828792209154 53.511199359436645 53.24140945582357 53.31716038775165
61.16846974436342 61.11503231934765 60.972722238283986 60.74810223695023 60.451029693045065 60.098860366116945 59.70916247416748 59.29972138331587 58.888411734915245 58.49291218742809 58.13023838802216 57.81608008482825 57.56395624613931 57.38425053416141 57.28325029385368 57.26236186752208 57.323305832950034 57.47001640781274 57.694816847795835 57.98613983520404 58.329694633092785 58.709531843403916 59.10899112933625 59.511438217514666 59.898552588617726 60.22228463526715 60.434117914321085 60.51865440138513 60.467614784279164 60.272446953524295 59.929245895311354 59.50708304056651 59.03483679089735 58.5216791192267 57.971544429353095 57.38802342579217 56.77528477120881 56.138688847475194 55.48598903439883 54.8296166231175 54.19135698771752 53.61636045701486 53.241947591926866 53.36410084369193
61.137656873039795 60.99433998832829 60.74477054940949 60.406382980066944 59.99683075460087 59.53423150666539 59.03731383843576 58.52545021320584 58.01855003571147 57.53677427554143 57.100022214646614 56.72714249378812 56.43485040207031 56.236405287201386 56.14021227043583 56.14862271183717 56.25724871277781 56.4550196991775 56.73061580081564 57.08500674576198 57.502038955163734 57.96251033747385 58.446896573009965 58.93623664510789 59.41006307549701 59.821407075920106 60.12955281534529 60.308606064326355 60.350645778652925 60.24769512427556 59.99146022114192 59.59524813383125 59.146841737567115 58.66004361416726 58.13830869955372 57.58524872579518 57.004787241793984 56.40146151561905 55.78096943128039 55.15101651766834 54.52231175296139 53.90914340095004 53.32873130546667 53.58756248112828
61.01538549573209 60.7562831808791 60.3902060111431 59.93465995124785 59.40772555252561 58.82833621456109 58.21646657451463 57.59321666354897 56.98076291443199 56.40212325393581 55.88065317366634 55.43916697884708 55.09859378275473 54.87617179673764 54.78337716597025 54.82402309204969 54.99310463533757 55.276843820584865 55.65399836422324 56.09804500517915 56.598432493615604 57.14870316893342 57.72591250864234 58.308498065235796 58.87456287007568 59.37630844719699 59.78416078986067 60.06261089272217 60.201564951176664 60.19381470728782 60.031994774002975 59.71205221087171 59.293880421857935 58.83985747929372 58.35377490311217 57.839596085875776 57.30160123588598 56.7447039182836 56.17514415334547 55.602027659734944 55.041242848669135 54.52942820221853 54.19188140883677 54.301309186697324
60.786225490426816 60.4107402038649 59.9259878545927 59.34954222683248 58.6999078014714 57.996836956979166 57.261570231735746 56.516993843604105 55.78769286883018 55.09984273153087 54.480820898950455 53.95834620503206 53.55891209070918 53.30536573486141 53.213796578874216 53.29040769428312 53.5294574541165 53.91323174974663 54.41421384140293 54.99865917913452 55.630345090588904 56.283589450499626 56.96212565736574 57.64434878586348 58.30761679877969 58.904735548890216 59.40947049037818 59.79125349535227 60.029954465885616 60.11935902936225 60.054211363834796 59.83482599345654 59.46955023486174 59.05379193909728 58.609509588244265 58.141292777981036 57.65425394654441 57.15453710346628 56.650471038300154 56.15519969235878 55.69278434604846 55.311839383055705 55.10340609756372 55.16260220507616
60.46721842551619 59.97472148334262 59.36911401082057 58.66800179828549 57.89027306365126 57.05645298962582 56.188994702294536 55.31251930578096 54.45400969305256 53.64292315570457 52.911092336865785 52.292121058761545 51.81979590029958 51.52499660081487 51.431002931057876 51.54814116283401 51.86988716116843 52.37259700041032 53.0193187768981 53.76592310141424 54.56700749263812 55.37994823870122 56.17459420338482 56.96234380314775 57.726268274755675 58.42256982871896 59.0205553847531 59.50485502673678 59.84478075735276 60.031961510173474 60.06563697585193 59.94592492869996 59.66620658827318 59.29299414653705 58.89511520831397 58.47787417624847 58.04731372801053 57.610835077770695 57.17848177238133 56.76547638044629 56.39668460798954 56.11213687186637 55.97469393712103 56.047632867349115
