_RESULTS/CROSS_VALIDATION_POSTPROCESSED_80-20/Berg/TZ/4comp/4/Berg_TZ_z_710_kriged_reverse_4comp_spherical_4.asc
ncols 100
nrows 90
xllcorner 5.6208707817415728
yllcorner 50.959635321741573
cellsize 0.00013419651685393446
nodata_value 1.7014100000000001E+038
[rows 19 to 37 of 90, columns 0 to 40 of 100]
0.019285738783538408 0.020115389186169993 0.021042540335715093 0.022026976322956467 0.02302218972379408 0.023976492921988533 0.02483574361841054 0.02554751335107045 0.026066123515260203 0.02635762379281555 0.026403673619099337 0.02620352042106498 0.02577379534825563 0.025146433952912696 0.024365374679818665 0.023482643702248014 0.022554189510347985 0.02163578299631896 0.02084544072251503 0.020566886813151726 0.020861804099955257 0.02178066048193282 0.023388380427601017 0.025582190714613734 0.02842496270529293 0.03153170711290482 0.03450305631999331 0.03735595185083839 0.040334487433740254 0.043426135014460326 0.04743829158548041 0.053746256189330884 0.06271338673008067 0.07455652846118817 0.08886819705521169 0.10349694603841271 0.1133564157832705 0.11408667215700068 0.10771064214401406 0.09871890562758773 0.09011178259899572
0.020578022597662348 0.021745304960884736 0.023031875280576073 0.024389836249999373 0.02576003633828142 0.027073444542325808 0.02825511679309406 0.02923066213146243 0.029934346346356513 0.030317233843167212 0.030353458964886924 0.0300431270455562 0.02941141559834724 0.028504689327162856 0.027385130434611153 0.02612502669232074 0.024800864170518126 0.023487075041950103 0.022286641230295386 0.021600607813058323 0.021512336841507527 0.022043740939715076 0.023267945559108452 0.025262897292251 0.02789565100976571 0.030877978378900942 0.033741350996842424 0.03640122832618697 0.03890999679248868 0.04149531100433261 0.045568883728563776 0.05181566059164469 0.0605098092603878 0.0717638969055058 0.08503246072912703 0.09867147745607824 0.10980165871779222 0.11593497866168463 0.11702512404364612 0.11500961712256734 0.11221919456999889
0.022237912629941257 0.023819070642464288 0.02555805665150438 0.027397392607162 0.0292608757594073 0.03105484687515614 0.032673692792832 0.034009803624661716 0.034966751037749946 0.03547288520031238 0.035491724079215595 0.03502617806144613 0.034115836365110876 0.032829291078918243 0.031255152923022 0.029494381662288866 0.027653063721177016 0.02583313292012079 0.024130693629071973 0.02293402773506123 0.022388302117946214 0.022481709575093545 0.023250329489196003 0.024787493803237668 0.02715722502047172 0.02998968978838786 0.03271726309584297 0.03521461413280422 0.03737795384895459 0.03968812255342405 0.04373122531269463 0.04983483318880338 0.05824391832947008 0.06908989794168381 0.08200923396378838 0.09597780729228313 0.10933851333682199 0.12047194027761515 0.12872805239377674 0.1346514742577556 0.13680330713850755
0.02427949045970318 0.02637186794176368 0.028684422122298457 0.031148812421088898 0.03366669028782014 0.03610990010184593 0.03832760084437179 0.04016145521730383 0.04146733886074726 0.04213865932775689 0.042124213823592084 0.041434460634148025 0.0401344556932177 0.03832772228198731 0.03613994246657389 0.033710166122191854 0.031186205996562924 0.02871156078681659 0.02640472291923917 0.024568272310584376 0.0234741278145802 0.023069696549710552 0.023348638774770638 0.02435879152737653 0.026285012409283926 0.028901656208443576 0.031481629640801576 0.0338117585869127 0.035779871564794126 0.03805515338129903 0.04202247182115051 0.047978461801181246 0.05618916585374465 0.06688175809990723 0.07998863922606551 0.09502705989869696 0.11117111237892226 0.1274799333484777 0.14334130135208908 0.15647258044213216 0.15982994605046058
0.026711654061663412 0.029435210382983364 0.032475096959630745 0.03575252745060857 0.039141862455254875 0.042467521038255324 0.04551199847506665 0.04803856947583291 0.049827450694724766 0.05071697131414479 0.05063570527988472 0.049612493929112135 0.04775998438108656 0.0452395463013354 0.042226848627791636 0.03890342654321713 0.035473111273172916 0.0321473347145836 0.029091908081741665 0.02650112035642611 0.02475285307374013 0.023784631329550183 0.023538749174445272 0.024033516133172277 0.02542114374858756 0.027652200548988315 0.03008627254620066 0.0322622089889314 0.03407746131080337 0.03654404311510006 0.04049770112161438 0.04632792626307793 0.054432988887862375 0.06517099033226673 0.07879170934062146 0.09530134169437407 0.11458609947349158 0.13645115330783503 0.1599765621418101 0.17596071629038945 0.18110597328678116
0.029529415991218087 0.03302612982024177 0.036982555372034376 0.0413136269301955 0.045862994519842847 0.05039191000592222 0.05458513624018338 0.058083368455110126 0.06054376379991622 0.06171470183073527 0.06149637299638513 0.05995873805803196 0.05730689600392914 0.05380746922012979 0.04970586151528808 0.045201612063955676 0.04056063372585801 0.03612824964904548 0.03214476238930891 0.02871996824337866 0.026202674671645523 0.0246034411351346 0.023800241173869932 0.023796425212172526 0.024665177695612293 0.026340009211786287 0.02857795261912631 0.03062312557645965 0.032363535682551466 0.03496853765147989 0.039063569643774505 0.044896643615653715 0.052953160452275085 0.06384547998963427 0.07812244202029223 0.09626072876990507 0.11884016830390429 0.14655597078890498 0.1734877003060837 0.19129796867974797 0.19883276630210467
0.032702805937868715 0.037131880899139325 0.042227978780561296 0.047911184861848345 0.05399675780607549 0.06016665910457507 0.06596471920841156 0.07083830337093475 0.07423888097438221 0.07576133151547039 0.07526316703130842 0.0728990856068287 0.06905134839375512 0.06419156133052974 0.058707073569918625 0.052699657659867845 0.04641017425756526 0.04055917481291858 0.035468258166614856 0.031178521755817905 0.02779517992022329 0.02550273763501345 0.024122176790715055 0.023627854344097983 0.02399921462658933 0.025143295729576836 0.02699548212027478 0.028936838945575846 0.03064262397736746 0.033315851933745415 0.03748413107124442 0.04345166640564398 0.05165767180051919 0.06273691487061879 0.07765698734134448 0.09735915661926409 0.12310944066036224 0.1546013921498268 0.1816773312817089 0.19993811351255286 0.2085978499053614
0.03616380392677512 0.04168980051721076 0.048172286392459907 0.05556046540503564 0.06365713209820562 0.07205622401125066 0.08010617762139763 0.08694944230009896 0.09168435977798735 0.09363119358683301 0.09257766141523054 0.0888452419602204 0.0831360658215188 0.0762767438586919 0.06900125673584802 0.061362256567486194 0.05270625098622398 0.045200908682448374 0.03889695037282558 0.03369996373209918 0.02949714481602206 0.02646042989192123 0.02449644755715988 0.02351433009927344 0.02341263141676789 0.02408601305810956 0.025438888633106376 0.02723214222144952 0.02891175015717227 0.031582105754988245 0.03573780914117142 0.0417285163947254 0.050076645805843256 0.06152496109559494 0.07708057121365111 0.09806929028876919 0.12652245978023818 0.1578012981088216 0.18328228514537317 0.19981236976472946 0.20667761685971142
0.03979314509578175 0.046563812762980154 0.05467743115001362 0.06415507217300503 0.07482972255145375 0.08622477841797606 0.09744081678687903 0.10714799730633189 0.11382357001491307 0.11627109200176959 0.11415902788815145 0.10814931337951066 0.09951551019344414 0.0895932452734629 0.0793683539238725 0.06902334550000386 0.05871980577274268 0.04970611269575089 0.042219082018453 0.03612755965043411 0.031240611533043815 0.027458974461094077 0.024909952635195864 0.0234571595812186 0.022936284765438852 0.02321757866010707 0.024140741034227264 0.025630665420337845 0.02725467466516314 0.029826472621653374 0.03384330172022209 0.03970081689231974 0.04799042330772578 0.059541756434559674 0.07556333292930938 0.09766135553342065 0.1271806340902886 0.1559946182691145 0.17844149676292104 0.1913417089124726 0.19364262055800657
0.04341096143872396 0.05152266709129978 0.06146249420388673 0.07338845384361986 0.08724956338461178 0.10257910320757276 0.11822672307229538 0.13217312890671093 0.14178360950600113 0.1448259250301467 0.14076039429584372 0.13101249127704662 0.11794770541490017 0.10369511140351846 0.08960477160283867 0.07629403368330871 0.0642020031382358 0.05380686799536322 0.04523050994442116 0.03831365446830447 0.03284401602721452 0.028621505296883263 0.025614098650113618 0.023808977148724233 0.022959641080637295 0.022927836927279288 0.02352707229537698 0.02470974946391983 0.026128820022376015 0.028546170939458836 0.03232082062902534 0.03783033365727798 0.04567527642928285 0.05678436848450634 0.0726264542151919 0.09521206524960338 0.12389955669046811 0.1500687132285416 0.16922935207197756 0.17783788456305116 0.1742020331897931
0.046777543770508995 0.056230295936884694 0.06806910447865328 0.08266860280732168 0.10022994184452304 0.12049007577030178 0.14221315654665662 0.1625359847241391 0.17684399661664907 0.1806354264723809 0.17297746348731569 0.15717890928410136 0.13774769415740976 0.1179631551358046 0.09953582253884156 0.08315382185825354 0.06906042570587959 0.05730558600237696 0.04781888373052111 0.04043008163292712 0.034701763159004535 0.030270751095961747 0.026949246235152335 0.0247660791194726 0.02358828596456024 0.0232535243065321 0.02359090981125119 0.024505150175154585 0.025667460023855202 0.027773798207660825 0.031293325290313964 0.03643266227135267 0.04379666280675276 0.054391104656178885 0.06960569176039137 0.09150360739162378 0.11723691639194357 0.13987439500102877 0.15533338779825961 0.16005072694461225 0.15079638097532058
0.04961143244731677 0.06026349674058476 0.07386485910255058 0.0910708673798794 0.11248746168294821 0.1383731784293984 0.16793093813211757 0.19782599316909896 0.22025761132842248 0.22512975894402298 0.21059908913619077 0.1851554013883988 0.15721578482927348 0.1310551751676765 0.10818566940178288 0.08887042889503016 0.07292763175401835 0.06031106214495915 0.05049374629913261 0.04286379460711087 0.036935148535940356 0.032331870616186774 0.02886988503541332 0.026381001843231115 0.024858447631100556 0.024215599528310497 0.024317759572754945 0.02500008055219374 0.025965436102151667 0.027590832563745043 0.03068609053541742 0.03553718733210524 0.04258308584452011 0.05267894646666199 0.0670850524957366 0.08744293808736843 0.10890022943435583 0.12647212511082712 0.13760726235553303 0.13972591973162035 0.12638471339277565
0.05186336751836643 0.06342495752241759 0.07833116724534263 0.09751716400788688 0.12212623284238432 0.1532989655310154 0.191431363979095 0.2345985343840418 0.27239981908707817 0.2793006846367202 0.25044797317411427 0.21070291170172867 0.17308785767504387 0.14085023059694862 0.11422372516808345 0.09273282660930829 0.07609037946336374 0.06323905194946439 0.0532780511723857 0.045533161893514335 0.03949647250356023 0.03478652537615406 0.031225658987260693 0.028646951038550625 0.026864630835312958 0.025904380122661184 0.02575297322816192 0.026242302495159582 0.027052903762072877 0.028205091373730614 0.030840450532990154 0.03528596004867745 0.04197725778630401 0.051492573924255707 0.06489396863846908 0.0831249593883244 0.10033368958615692 0.1124690631550698 0.1174766913355264 0.11409825673101208 0.09893456287991612
0.054891211623851015 0.06726715043681668 0.08313634599782208 0.10349051323064011 0.1296164121865126 0.16316500191619962 0.20618145229162724 0.26085457600000556 0.3257609745270532 0.3386648090148211 0.2796466424393182 0.2254287736979297 0.1808586631574017 0.1449830426242379 0.11659374688840832 0.09500246800645065 0.07852459370205876 0.06584059023030361 0.056006882340377276 0.04833903574673476 0.04233425108526691 0.03762059854941245 0.034026809260786176 0.03141485908930011 0.029600612799754514 0.028467045705491648 0.028025842083405805 0.02833632197480454 0.029020207098993098 0.02989185739905039 0.03209142459634247 0.03599146984082493 0.04199618663313632 0.05076302926084259 0.06299455906755597 0.07886507980805442 0.09213848071016688 0.09940957011812283 0.0990731555498359 0.09070648960636214 0.07534347795304729
0.058949874721377714 0.072062067609403 0.08861630158533526 0.10948550696041406 0.13576664139204841 0.1688108691789349 0.21017339051062509 0.26111235322690085 0.31803162100457044 0.326941357414183 0.2731568397941154 0.2207659264158811 0.17718790767102469 0.14223453646048254 0.11562067352575951 0.09539146193411742 0.07987567605934993 0.06787248572472254 0.058516388803050906 0.05117776876653393 0.04539390254291717 0.04082222736669137 0.037296347908333104 0.03472966373417824 0.03294820696642314 0.031840408909084246 0.031348127006932285 0.03148633553703957 0.03220451476700789 0.0329324569781306 0.03461678236901682 0.037941210321551566 0.04318820563834814 0.05082101927807523 0.0614990001851577 0.0750062837841895 0.08493581661817469 0.08839888473570481 0.08450953921065346 0.07395377791667257 0.058801130101707545
0.06411367923125308 0.07782917848350214 0.09468878734262264 0.11526214009032022 0.1401303560902686 0.1697205427132216 0.2037801586242212 0.2396765448177532 0.26741136567687296 0.26670720782821533 0.23641433172552595 0.19843384154590527 0.16305208290575995 0.1340623337797028 0.11138254842642618 0.0937250841680152 0.07995188239347978 0.06916205126389761 0.060668195490245165 0.053951496263974094 0.048620637410507914 0.044379953732305584 0.04106767330958946 0.03866068179395996 0.03700675535179221 0.036001825531673054 0.035596149729793344 0.03598118253784503 0.03692492166158104 0.03770230622592934 0.03877109763741841 0.041411573924312425 0.045848770530478415 0.05234611251211915 0.06134734185028737 0.07235633316471261 0.07929828198390389 0.07988549408412832 0.07386806714536301 0.06248897338520482 0.047940417651600564
0.07057132132637259 0.08473512768814492 0.1014983114901763 0.12100968707066309 0.14320743897508387 0.16754566265217144 0.19240741948478712 0.21401983246444814 0.22551170738975423 0.2199063684133841 0.19842877011131002 0.17013028538198338 0.14376674073608695 0.12225662201783753 0.10451921958505542 0.09020426499088242 0.07875724286536757 0.06963349718686347 0.062366421156120413 0.05657664152763788 0.05196205042567357 0.04828397429973823 0.04538529147103453 0.04329812342708526 0.041910155733213716 0.041123652455736744 0.041019540070832465 0.04184855083865331 0.04310981095164638 0.044215237396877716 0.045036353497546186 0.04686796849486856 0.050348175314196074 0.055638486869132454 0.06302339479445182 0.07197676971102461 0.07655615588302363 0.0748226307821432 0.0671562511682182 0.05525342292030055 0.041222712724019145
0.07865174695721458 0.09311707705113807 0.109420365619724 0.12726914455828187 0.1460475004469128 0.16460457193378228 0.18095123837990934 0.1920352686874093 0.1942390560850199 0.18544041492218163 0.1673812263501273 0.14528001164601617 0.12516587474236676 0.10887921234675048 0.0960356567144826 0.08528635954139975 0.07645852772387121 0.06930485752608141 0.06356203557221518 0.05898714612966777 0.05536808942587796 0.052523377781546095 0.050304142354359656 0.04875543452465979 0.04783227579276545 0.04747320779245292 0.04798732864414316 0.049480890161556566 0.05120423828881861 0.05264169141477169 0.05372786621414701 0.05475991882103698 0.05722528567532817 0.061282265843514816 0.06704773754749067 0.07415960705615854 0.07686520312076575 0.07327191413502192 0.06428051971623766 0.05174109144635302 0.037755115717161614
0.08885846567161164 0.10350238057666766 0.1190348381344345 0.13477869227007686 0.1497650656175111 0.16266535627442338 0.17176910514952506 0.17516338416716679 0.17133674588889963 0.1601543985137954 0.14343091563186622 0.12559025683356906 0.10969659996883713 0.0967051145669863 0.08691468314245208 0.07950791436507994 0.07331203140345158 0.06826147223372453 0.06424477256780683 0.06113115557254211 0.05878677361405149 0.05707989122868586 0.05588151530948242 0.055169215165085876 0.05501090269246155 0.055668601526190666 0.05741677646603862 0.06010189514903698 0.0625905856166541 0.06447871544430478 0.06572044080871138 0.06628604625584637 0.06723307326702939 0.06969037205744125 0.0736290073843142 0.07886970809911385 0.08006953364004817 0.0747678203791534 0.06430224391875286 0.05081195246496534 0.036571143924285426
