_RESULTS/CROSS_VALIDATION_POSTPROCESSED_80-20/Berg/TZ/4comp/4/Berg_TZ_z_125_kriged_reverse_4comp_spherical_4.asc
ncols 100
nrows 90
xllcorner 5.6208707817415728
yllcorner 50.959635321741573
cellsize 0.00013419651685393446
nodata_value 1.7014100000000001E+038
[rows 19 to 37 of 90, columns 43 to 85 of 100]
18.921839052373965 18.839802360770957 18.66255049065753 18.443479521319066 18.165171749094437 17.845893850964558 17.50394838506411 17.14740594563486 16.77837765935451 16.395638304154826 15.996099451757503 15.575636697271381 15.133568423765952 14.68888840068248 14.240692794758347 13.786819595564845 13.329724933130896 12.87856354426513 12.448983920722993 12.032390383801879 11.66927191646859 11.43371988041648 11.386949258328244 11.515084926368194 11.764647257706358 12.08641660797613 12.452363649830309 12.847440773366042 13.263262167969389 13.694766912943344 14.138550582669302 14.592013294782765 15.049877460417443 15.470850230491182 15.816393245935641 16.0548782072354 16.181057364668803 16.191684922842462 16.085887150575896 15.865598064406456 15.556891396812375 15.229585802831885 14.90199962123802
19.30185337369009 19.066026503601137 18.728880776546628 18.383591890250596 18.023959238764036 17.65873467423538 17.300449590725776 16.950917184697044 16.606948872672238 16.263348695374322 15.914131025810416 15.552840523390952 15.183911999456704 14.824817840729285 14.46340113598739 14.095542603116213 13.722451794550766 13.351619843613943 12.99879921007308 12.653398988170473 12.333117515024085 12.09249032994275 12.020905050081678 12.108826874043093 12.295957206522317 12.554785821039538 12.861501446429791 13.201955179395311 13.567301242282214 13.951701575668949 14.351015150710891 14.762035435987848 15.1608941977703 15.509739394473604 15.798816439471869 15.983816021353793 16.053036946696007 16.00270479113198 15.831481570083966 15.541096082161799 15.169054926912185 14.775053938987694 14.426550378149667
19.68580963457708 19.214578137281897 18.666555397965922 18.175531638082308 17.7407202387254 17.344376837355647 16.987492016955656 16.66241248357954 16.35946495393552 16.069654694851472 15.784878101821908 15.497197493369288 15.217582418860568 14.960814168448369 14.705310418812257 14.440762598289519 14.164792205108887 13.882998500243609 13.606939306713823 13.323527458465017 13.029327367514965 12.750552495271334 12.668782673414904 12.77270174103318 12.920283073265082 13.112174321845997 13.352752060212891 13.630892002119383 13.938262017544384 14.268650426418162 14.617300381363934 14.977527866935059 15.302950497912082 15.576816724387083 15.796127166306405 15.922751807625696 15.929758134207992 15.812545892679964 15.5689027681617 15.200730335974969 14.760550824952759 14.31190676560087 14.021302041496536
20.013844496755734 19.17469747963592 18.399742390875772 17.773454618944914 17.28784565552935 16.88842472799134 16.558558513022152 16.278755546012427 16.038166661963558 15.831016487017758 15.64313518601132 15.462256362036978 15.303117957778422 15.167830914917669 15.0380994479412 14.890362071568541 14.715515740360313 14.514292523174143 14.29781440063714 14.06033763464785 13.799749225870055 13.560026136872573 13.458188976459331 13.51093097772494 13.61664031403068 13.74440905074817 13.910592518036038 14.119528073508578 14.362777208969794 14.63361340106268 14.926621727893702 15.222194387150076 15.471442450995863 15.668671383508038 15.810541237557526 15.87390631673386 15.814638336206269 15.625908960986193 15.304187063031582 14.85653863160139 14.334031981507659 13.88522459054092 13.635781917451911
19.754117502637925 18.75683887481724 17.859738297939984 17.152457678876175 16.65246838286484 16.290451799035527 16.03285936262709 15.853314814240207 15.723977118121024 15.627880116870996 15.553136215875075 15.493740608637424 15.469241866149586 15.472478423719457 15.485520352733722 15.474266217799268 15.415272590498889 15.299995086424897 15.138210789764358 14.93138898358647 14.6879659861396 14.4631280919194 14.31907108511316 14.296787635322602 14.344930163142964 14.423365792925768 14.515655415371548 14.650405641163907 14.82529390426311 15.032771657867988 15.266665036127607 15.488032727976147 15.660508312381221 15.780911225585466 15.845211406917148 15.839869258925859 15.713191819306232 15.451323695898772 15.047780102371512 14.50349361715115 13.909299426118228 13.480631985382882 13.264532024970793
18.87904316395875 17.98698127829234 17.070783496819423 16.326641921751474 15.85634112633969 15.621832644280683 15.5066325665914 15.454915374536144 15.442671530844438 15.460126627601053 15.50135926204387 15.57483613459313 15.697332087521943 15.85675081211813 16.032469926728687 16.184426569769336 16.262674352616237 16.237957216848926 16.12053019179418 15.924160438973656 15.674285295511236 15.425312115483536 15.218234417286295 15.10039077077216 15.07054861822786 15.100493753551062 15.142992352073126 15.202944820838885 15.308269759845741 15.45085809275787 15.62151504719388 15.766609463753786 15.865801460080005 15.91510942098302 15.908600054961902 15.835350142120037 15.643036495092058 15.306615064587485 14.795652137815305 14.143678013654897 13.535077132618511 13.120997204664214 12.928031790326417
18.032042000758103 17.128707336596623 16.160715077249314 15.365454490422598 15.009448126231103 14.974978708428088 15.022973085862382 15.09754221749699 15.195005815446669 15.318914686256239 15.473848720330324 15.686795271286687 15.96310066751842 16.293894228957566 16.658704162857383 17.010968776167427 17.259624115083668 17.32495521914251 17.222657662359442 17.00152240995181 16.71610422728208 16.420421969984787 16.146175584838165 15.940339442503145 15.81428899265675 15.756581029767341 15.75191333066158 15.75410168157853 15.791546814899892 15.870935244750815 15.97985747444865 16.05850995798975 16.092255954464473 16.076007548052253 16.003051001518273 15.86361892388851 15.60547758473135 15.170234887943781 14.55497622779156 13.826341344043067 13.220946320419982 12.818011939283958 12.641124738101277
17.328174086687582 16.38111698859736 15.359226581752166 14.305621979711105 14.230048357027677 14.444622134460772 14.628074612080422 14.798198677115174 14.981564530993502 15.194735957875395 15.460351225573312 15.806904769134361 16.237304618404075 16.746067015934205 17.318407889831153 17.91524214910483 18.40112062897956 18.545061034584094 18.39175079708158 18.10519313382404 17.765211802525656 17.414152414403198 17.073589143589345 16.788003196092408 16.574143898763747 16.424589330414268 16.3305716784541 16.281775634234048 16.2580242608051 16.28441032195597 16.33865482859061 16.358457158811852 16.33293531912088 16.25672571209402 16.123210437382753 15.92169819374476 15.578424477949723 15.043407254820842 14.341657803407589 13.576360540707602 12.975139534515787 12.581830591083312 12.416861430816589
16.79526243884949 15.879657180082345 14.950316659888339 14.122367751256345 13.980614702731318 14.153614328506537 14.352443248000773 14.563324036139525 14.797533449620376 15.077659105296066 15.443423799348283 15.911155453727524 16.483781039804708 17.157232165671164 17.922906477754356 18.767577430745696 19.631637779800197 19.790059022447405 19.495835703992704 19.145404824501437 18.76271329445906 18.366196686756727 17.96888987428489 17.615104915926448 17.323576608603688 17.09011476738064 16.908844124890045 16.777595245093682 16.69988945054112 16.680342316129384 16.685565218710366 16.654339729379583 16.57769992170166 16.44953810620803 16.26294127447346 15.98962299083536 15.558387581969116 14.949058497985435 14.17191327575347 13.40003327886998 12.805207689861161 12.422656868728817 12.270304552209343
16.444065033553038 15.61767644525015 14.858542582121698 14.29168323075778 14.054231535714806 14.059496558124701 14.179913574792405 14.378136616447506 14.6277197763853 14.959157053483782 15.403317909681943 15.973138267934258 16.66876199395389 17.477830211666063 18.378495391749166 19.333064278736213 20.20770536978534 20.500043051736533 20.32619238921028 20.016898567187937 19.644776671557494 19.235323724964157 18.802989260765337 18.396120303733024 18.03863508475351 17.730539202070627 17.474572913014494 17.270410988491665 17.11292635625195 17.043181048957763 17.007724746195123 16.934908556263785 16.816376336448332 16.64564762467581 16.40765247351084 16.059155985076423 15.560575306027092 14.898998270272443 14.070748762246573 13.301774276136225 12.716028825626932 12.347421222575539 12.2129535211171
16.238543438133767 15.501605791716063 14.867661388720135 14.399533468394749 14.134311558292003 14.046085833037065 14.082134016996706 14.218458902827896 14.462514125358025 14.821003272955313 15.319182496726802 15.974119017582316 16.77157198502693 17.66581831902395 18.610169762038232 19.53378177191903 20.293269179294033 20.702632821151596 20.7457249349512 20.561037408448897 20.254662654951126 19.876996413569614 19.45734373193427 19.051719389572675 18.67457066038316 18.32786342484407 18.01310566517817 17.742551653335646 17.5151919144664 17.361615922117103 17.292508015062058 17.1886711929748 17.03856842052266 16.835224379548382 16.541544214439206 16.13699272520974 15.60277254587793 14.901344341199108 14.044971010657134 13.282508679221316 12.708079728400962 12.356460233889663 12.246070082479699
16.122625866211525 15.463552110672795 14.910060332167479 14.488546999097887 14.210393660739134 14.06661151460263 14.033583742891201 14.103392226706896 14.29841930118236 14.647700118736934 15.165055259790469 15.854978266173896 16.70150593222169 17.644923233972424 18.609757141443026 19.511838864800225 20.247511069166496 20.719467529322788 20.883258475952264 20.808626130309964 20.576698156087218 20.243407573293787 19.851751018235962 19.46505312936405 19.100832417643165 18.768222805106944 18.461196405560116 18.169415262887764 17.884991238584362 17.651764158402006 17.527936465824354 17.404219090084332 17.23342612952048 17.000058933204173 16.667807228426206 16.247486704951836 15.688779876471894 14.961634859938544 14.0940673839382 13.339824621057824 12.77690221430163 12.442248350452111 12.357568944784521
16.059951408898804 15.47041570650706 14.974884784746333 14.584288550406649 14.301867549382912 14.121953866975018 14.04134186490204 14.054669882817091 14.169764390572768 14.403719828912513 14.84773141628532 15.558908920170733 16.479903622754996 17.4922755738551 18.491245465313618 19.395520828614956 20.133527667399285 20.624308979428267 20.840668104568916 20.829805461286497 20.65128178630351 20.35670356969193 20.001201463841987 19.646353212899115 19.31464480198885 19.009489986384356 18.72577717937398 18.454522484715152 18.184222579505445 17.914073002851193 17.719762006656683 17.5745338703333 17.391121190411095 17.141201563068712 16.81271393871614 16.391810844477153 15.822049819528589 15.082226333028101 14.21519296765172 13.468653016457141 12.914237675732993 12.591368803310528 12.525613337524202
16.034954037386985 15.510759352245932 15.065575125683445 14.704947329721902 14.429415186482064 14.243185093329561 14.140397757638215 14.094436547746584 14.061180918426782 14.09548421272889 14.384344572406008 15.146338488911887 16.205558455319466 17.312947697909237 18.352414006595037 19.260775035918712 19.98380683127641 20.449576560792124 20.66530343532927 20.67287118242209 20.521885086192448 20.255346155974372 19.938294122583237 19.624189305785904 19.331413448065593 19.061480013892904 18.81001790418232 18.56858177527201 18.326047363814897 18.07749637192338 17.881081126308914 17.706398429495778 17.535253537414427 17.29788190643656 16.98153180604198 16.56745204058514 16.00085863618875 15.264000555501706 14.40391022877177 13.662573325974925 13.110399963417278 12.788812328718747 12.72670307175526
16.045461596073025 15.583743011297813 15.188523266668561 14.867399773602077 14.628028627159532 14.46602825966309 14.349373526511124 14.218955852543564 14.063204812535727 13.880758830374093 13.83268164892429 14.818133339826945 16.043793967686387 17.22092214330096 18.27407154226841 19.15927899098971 19.813777205368794 20.21311009557887 20.387308418967624 20.37542479234195 20.220089897322758 19.964350191670242 19.67976030788637 19.406646670773657 19.155349088642314 18.926373000847313 18.714647561352823 18.511257564005803 18.304791577728796 18.088698547769543 17.934847054054046 17.82332062172836 17.69160880505095 17.479885438392326 17.187926901235905 16.78316255790789 16.223543152268775 15.504774444833386 14.655404069122055 13.915298253819108 13.356816836763501 13.022350379127964 12.943144960106137
16.092553978618707 15.693593684872692 15.361710201628393 15.102648712226973 14.918778390870083 14.787165013292537 14.642677071444982 14.483341427446314 14.311453953188083 14.138714287206911 14.168098794740608 15.052628184766437 16.217004974562542 17.334761405223055 18.31833643908784 19.102384796937166 19.63587737972557 19.927672839810874 20.014772911327718 19.94187447254174 19.750850272766137 19.49416336551046 19.235988662876405 19.000601923912157 18.792498054071704 18.609335022711146 18.443938388329233 18.288352698968218 18.137208788004415 17.98733463074272 17.904255123505937 17.88287026186131 17.847096657868722 17.681862344712815 17.42520258901558 17.03820190622619 16.501329364199034 15.806787516339456 14.967725688736019 14.221760200325601 13.647723885298168 13.285151328527292 13.166785898637471
16.1929993494275 15.867831956487107 15.606643395335167 15.416323404821075 15.29068445381187 15.159861281651072 15.022353504903954 14.893390992898247 14.799396219665859 14.80749468995794 15.079818592928525 15.77186753057771 16.726290348642323 17.6999762261285 18.536281539190995 19.135595170152577 19.475443277818073 19.591292937959818 19.53734543015073 19.364129426922606 19.11414160198653 18.850651260198205 18.61462249036582 18.41780786484262 18.260195935756244 18.13670782601223 18.039125413945456 17.957549547912226 17.88136938859007 17.808368972355442 17.804595911806803 17.876241139022202 17.944757724903102 17.89467936447136 17.678483509357267 17.32339556369231 16.825141453199667 16.170350176393665 15.352400251981383 14.580209600164249 13.980521965760841 13.576051299854875 13.39889473182734
16.36747831034764 16.10896347180216 15.91577646290339 15.795394881752795 15.686794115440833 15.56842312644417 15.461174692903784 15.391076893003458 15.39754990386969 15.545961709593643 15.92580353343784 16.577728185527924 17.412738447702992 18.248115479920386 18.894942916669773 19.259374171859452 19.342210782348698 19.22339537040622 18.98314335337954 18.67888465046179 18.36462301859785 18.089616493966474 17.87626804748046 17.72489356772648 17.628266664291242 17.57545849367842 17.55387188263649 17.550568554338014 17.55296947041454 17.56283628026507 17.645796538667675 17.807759880379752 17.983982828713827 18.06903189021378 17.94071342866571 17.630694330706365 17.181270046023325 16.57883332086568 15.806491546853826 15.005920177183112 14.356734207534616 13.897791447062666 13.647259751435318
16.592287525851255 16.394064107358545 16.264182378205433 16.179187544600378 16.07646293115737 15.975429144553258 15.902614314549135 15.88972653516691 15.978012458113843 16.219647640623013 16.665264789319203 17.327821096338557 18.128178464490663 18.87974270877242 19.352557315844674 19.41748963778001 19.167490142072392 18.764306303539517 18.314972917499077 17.879765537133053 17.512226621541956 17.231706922686108 17.04713139644509 16.9482401435858 16.919557579613983 16.94352920489735 17.002840599983465 17.08149292564144 17.165070579347528 17.264042919701655 17.439371145949227 17.691027486323225 17.977400132644036 18.191584509651477 18.186602654939378 17.947997581884007 17.555848746285974 17.0159266907299 16.309820185109775 15.49603411957613 14.791969885058611 14.254607994297938 13.92155902570877
