_RESULTS/CROSS_VALIDATION_POSTPROCESSED_CLR/Berg/IZ/2comp/2/Berg_IZ_z_355_kriged_reverse_2comp_spherical_2.asc
ncols 100
nrows 90
xllcorner 5.6208707817415728
yllcorner 50.959635321741573
cellsize 0.00013419651685393446
nodata_value 1.7014100000000001E+038
[rows 0 to 18 of 90, columns 0 to 42 of 100]
0.9182340254155618 0.9182340254155618 0.9182340254155618 0.9182340254155618 0.9182340254155618 0.9182340254155618 0.9182340254155618 0.9182340254155618 0.9182340254155618 0.9182340254155618 0.9182340254155618 0.9182340254155618 0.9182340254155618 0.9182340254155618 0.9182340254155618 0.9182340254155618 0.9182340254155618 0.9182340254155618 0.9182340254155618 0.9182340254155618 0.9182340254155618 0.9182340254155618 0.9182340254155618 0.9182340254155618 0.9182340254155618 0.9182340254155618 0.9182340254155618 0.9152256123949413 0.9080328845056003 0.8982154023022997 0.8865857914667301 0.8704651691429167 0.8473964995692619 0.8182801963448254 0.7832888173919205 0.74356310873675 0.7006749212155876 0.656210644742266 0.6116884887699999 0.5684306045301316 0.5273913322065787 0.4889695659515003 0.4528794817867716
0.9182340254155618 0.9182340254155618 0.9182340254155618 0.9182340254155618 0.9182340254155618 0.9182340254155618 0.9182340254155618 0.9182340254155618 0.9182340254155618 0.9182340254155618 0.9182340254155618 0.9182340254155618 0.9182340254155618 0.9182340254155618 0.9182340254155618 0.9182340254155618 0.9182340254155618 0.9182340254155618 0.9182340254155618 0.9182340254155618 0.9182340254155618 0.9182340254155618 0.9182340254155618 0.9182340254155618 0.9182340254155618 0.9182340254155618 0.9173206597386712 0.9101459567563256 0.9000964790921312 0.8875906375753599 0.8729954633221727 0.853795146478897 0.8267991302476074 0.7920164853052896 0.7509212699636504 0.7051603688247046 0.6565075244702808 0.6068290848546306 0.5580032412195342 0.5117683407300274 0.469479522763802 0.431782338669197 0.3982936670820397
0.9182340254155618 0.9182340254155618 0.9182340254155618 0.9182340254155618 0.9182340254155618 0.9182340254155618 0.9182340254155618 0.9182340254155618 0.9182340254155618 0.9182340254155618 0.9182340254155618 0.9182340254155618 0.9182340254155618 0.9182340254155618 0.9182340254155618 0.9182340254155618 0.9182340254155618 0.9182340254155618 0.9182340254155618 0.9182340254155618 0.9182340254155618 0.9182340254155618 0.9182340254155618 0.9182340254155618 0.9182340254155618 0.918309746267897 0.9151995013401361 0.9058509616481731 0.8934745326440594 0.8783429498960624 0.860786252133542 0.8375618018804319 0.8048686307216558 0.7640787565210545 0.7167707971204974 0.6647150729575266 0.6098921281687549 0.5544886847009145 0.5008448066318343 0.4513087570548169 0.4079394096365193 0.37200259402741653 0.34329602269301207
0.9182340254155618 0.9182340254155618 0.9182340254155618 0.9182340254155618 0.9182340254155618 0.9182340254155618 0.9182340254155618 0.9182340254155618 0.9182340254155618 0.9182340254155618 0.9182340254155618 0.9182340254155618 0.9182340254155618 0.9182340254155618 0.9182340254155618 0.9182340254155618 0.9182340254155618 0.9182340254155618 0.9182340254155618 0.9182340254155618 0.9182340254155618 0.9182340254155618 0.9182340254155618 0.9182340254155618 0.9184879791420557 0.9199423250381658 0.9143671430332979 0.9031422229805732 0.8886062288777876 0.8709724810638451 0.8489988256885646 0.8204965025852194 0.7822768342240587 0.7355497199978592 0.681920421072326 0.6232423534834602 0.5616700405125521 0.4997047480364095 0.4402065859595081 0.38631579598268817 0.3411754927440862 0.3072908506959626 0.2853501231467016
0.9182340254155618 0.9182340254155618 0.9182340254155618 0.9182340254155618 0.9182340254155618 0.9182340254155618 0.9182340254155618 0.9182340254155618 0.9182340254155618 0.9182340254155618 0.9182340254155618 0.9182340254155618 0.9182340254155618 0.9182340254155618 0.9182340254155618 0.9182340254155618 0.9182340254155618 0.9182340254155618 0.9182340254155618 0.9182340254155618 0.9182340254155618 0.9182340254155618 0.9182340254155618 0.9185609128676151 0.9207772033907389 0.9227356115572498 0.9152346798560627 0.9023848641953993 0.8859324006747057 0.8645568987832681 0.8371875034117039 0.8035758656162285 0.7601446613619274 0.7076453948672288 0.6476524850819027 0.5820306983009884 0.5130246589412587 0.4433665101217824 0.37638933873578484 0.3160970941752532 0.26705554444141266 0.23381772760535569 0.21941609776091264
0.9182340254155618 0.9182340254155618 0.9182340254155618 0.9182340254155618 0.9182340254155618 0.9182340254155618 0.9182340254155618 0.9182340254155618 0.9182340254155618 0.9182340254155618 0.9182340254155618 0.9182340254155618 0.9182340254155618 0.9182340254155618 0.9182340254155618 0.9182340254155618 0.9182340254155618 0.9182340254155618 0.9182340254155618 0.9182340254155618 0.9182340254155618 0.9182340254155618 0.9184622917753077 0.9207348043361008 0.9251637361057677 0.9268938491442992 0.918070092570036 0.903915460607792 0.8848571207543057 0.8588804371980436 0.8264319463455044 0.7878354400188097 0.7396626640111457 0.6817215711092302 0.6154859368087087 0.542734597008255 0.46566770409886915 0.3869685050826768 0.31011382829942247 0.239911675488784 0.18249735143014434 0.1451565915871963 0.13497038839393383
0.9182340254155618 0.9182340254155618 0.9182340254155618 0.9182340254155618 0.9182340254155618 0.9182340254155618 0.9182340254155618 0.9182340254155618 0.9182340254155618 0.9182340254155618 0.9182340254155618 0.9182340254155618 0.9182340254155618 0.9182340254155618 0.9182340254155618 0.9182340254155618 0.9182340254155618 0.9182340254155618 0.9182340254155618 0.9182340254155618 0.9182340254155618 0.9182838224669588 0.9202004111189904 0.9246523444857643 0.9312842384644654 0.9326370420897422 0.9230895813463165 0.9076331615367031 0.8849474683500127 0.8548571272633455 0.8178074626724161 0.7742940667447265 0.7220544134590301 0.6592431844452541 0.5871602945809626 0.5070595829732026 0.42085392587893444 0.33129995011742464 0.24201709098262048 0.15797059761959664 0.08622095758688464 0.03663191445424152 0.020815317722941318
0.9182340254155618 0.9182340254155618 0.9182340254155618 0.9182340254155618 0.9182340254155618 0.9182340254155618 0.9182340254155618 0.9182340254155618 0.9182340254155618 0.9182340254155618 0.9182340254155618 0.9182340254155618 0.9182340254155618 0.9182340254155618 0.9182340254155618 0.9182340254155618 0.9182340254155618 0.9182340254155618 0.9182340254155618 0.9182340254155618 0.9182340254155618 0.919357023776046 0.9233644790301736 0.9299584558279098 0.9385683220652083 0.9400636934514346 0.9304338437747119 0.9127221196837862 0.8869084706929896 0.8533303702033628 0.8123317436438181 0.7642796386668871 0.7085075671982031 0.641421249721827 0.5632851525807274 0.475612372793101 0.38026706063420945 0.2795908010084197 0.17664210920139845 0.07568983194689549 -0.016656345912956283 -0.08906845751529646 -0.12347495729161584
0.9182340254155618 0.9182340254155618 0.9182340254155618 0.9182340254155618 0.9182340254155618 0.9182340254155618 0.9182340254155618 0.9182340254155618 0.9182340254155618 0.9182340254155618 0.9182340254155618 0.9182340254155618 0.9182340254155618 0.9182340254155618 0.9182340254155618 0.9182340254155618 0.9182340254155618 0.9182340254155618 0.9182340254155618 0.9182340254155618 0.9185453014363405 0.9215864498339744 0.9276114740065508 0.9362897018950912 0.9467611722266589 0.9491360385172791 0.9395010987866224 0.9195771582350522 0.8913294113909374 0.8550218200235982 0.8108995084949737 0.7591787164124753 0.6993163404424965 0.6281032807896365 0.5448371907135069 0.45076769910670766 0.3474091757406953 0.2366186691474933 0.12068516485506642 0.0025212896606445767 -0.11363704614289927 -0.21914446268193144 -0.2878898155608054
0.9182340254155618 0.9182340254155618 0.9182340254155618 0.9182340254155618 0.9182340254155618 0.9182340254155618 0.9182340254155618 0.9182340254155618 0.9182340254155618 0.9182340254155618 0.9182340254155618 0.9182340254155618 0.9182340254155618 0.9182340254155618 0.9182340254155618 0.9182340254155618 0.9182340254155618 0.9182340254155618 0.9182340254155618 0.9182340254155618 0.9197637525187725 0.9246512937417062 0.9325970774622834 0.9432767665810725 0.955678772306616 0.9596690803377806 0.9499905153331225 0.928548650201331 0.8986427643433553 0.8604769358365207 0.8141326487377905 0.7587985992273065 0.6944728315701842 0.6203655466583406 0.5335938256115507 0.4348963155605995 0.3255189250669631 0.20701421326931702 0.08122660754376143 -0.049830710002724876 -0.1842101797125102 -0.32021833060927274 -0.4525054910366708
0.9182340254155618 0.9182340254155618 0.9182340254155618 0.9182340254155618 0.9182340254155618 0.9182340254155618 0.9182340254155618 0.9182340254155618 0.9182340254155618 0.9182340254155618 0.9182340254155618 0.9182340254155618 0.9182340254155618 0.9182340254155618 0.9182340254155618 0.9182340254155618 0.9182340254155618 0.9182340254155618 0.9182340254155618 0.9184738701744768 0.9216350897320487 0.9282371667344834 0.9379798990678158 0.9505485437330634 0.9650069215170628 0.9710097013167567 0.9619671481628232 0.9398223095448665 0.909086592328331 0.8699322212017129 0.8213750090531481 0.7632757980196576 0.6958195579385256 0.6191335055719621 0.530827053117848 0.4297060420881129 0.31688149314564185 0.1939383144757737 0.06301602373128234 -0.073171103648908 -0.21111791353000386 -0.3445976075852424 -0.44838709168620916
0.9182340254155618 0.9182340254155618 0.9182340254155618 0.9182340254155618 0.9182340254155618 0.9182340254155618 0.9182340254155618 0.9182340254155618 0.9182340254155618 0.9182340254155618 0.9182340254155618 0.9182340254155618 0.9182340254155618 0.9182340254155618 0.9182340254155618 0.9182340254155618 0.9182340254155618 0.9182340254155618 0.9182340254155618 0.9192412699070065 0.9238829415261544 0.9320413920963926 0.943427251635731 0.957738228426867 0.9743046775647194 0.9825058425584577 0.9750695130826769 0.9534002590371309 0.9226507547912852 0.8824911413673016 0.8325588980054224 0.7730531996284172 0.704057573123932 0.625550084495338 0.5371379618452616 0.43600075777762715 0.3224048689477286 0.19821312042183237 0.0664455213517049 -0.0683538047795742 -0.19915365057049939 -0.31339899436196683 -0.38687316521504633
0.9182340254155618 0.9182340254155618 0.9182340254155618 0.9182340254155618 0.9182340254155618 0.9182340254155618 0.9182340254155618 0.9182340254155618 0.9182340254155618 0.9182340254155618 0.9182340254155618 0.9182340254155618 0.9182340254155618 0.9182340254155618 0.9182340254155618 0.9182340254155618 0.9182340254155618 0.9182340254155618 0.9182344503595941 0.9203120876689024 0.9262502065279841 0.9357794668380455 0.9486225735413978 0.9644916934340078 0.983014575706821 0.9937821909087351 0.9888561487401784 0.9690939365157315 0.9383921829413587 0.8978069342995361 0.8476494197842525 0.7881189653638534 0.7192488850191154 0.6408750357778283 0.5526739763055355 0.45367741770372194 0.34170135212791397 0.21847148320917076 0.0879279231322313 -0.043442649385163845 -0.1663341972811183 -0.2675341950405403 -0.330548298103176
0.9182340254155618 0.9182340254155618 0.9182340254155618 0.9182340254155618 0.9182340254155618 0.9182340254155618 0.9182340254155618 0.9182340254155618 0.9182340254155618 0.9182340254155618 0.9182340254155618 0.9182340254155618 0.9182340254155618 0.9182340254155618 0.9182340254155618 0.9182340254155618 0.9182340254155618 0.9182340254155618 0.918368915667584 0.9214776132996928 0.9285052607528043 0.9391925256804637 0.9532743903962291 0.9704781847991578 0.9904902601393433 1.0043090272234823 1.0027125442063787 0.9861225406093658 0.9556834753956682 0.9155515199728848 0.8662181321562862 0.8079540287561648 0.7408285798561396 0.6645355090729159 0.5774908640928696 0.4789505912544352 0.36821748037263513 0.24518884208365477 0.11491478678603861 -0.01479748795293001 -0.1338636763425194 -0.22988263613317783 -0.28961253333594095
0.9182340254155618 0.9182340254155618 0.9182340254155618 0.9182340254155618 0.9182340254155618 0.9182340254155618 0.9182315020898082 0.9181157243768563 0.9179870987065353 0.917975714840827 0.9180912481432433 0.9182226769209081 0.9182340254155618 0.9182340254155618 0.9182340254155618 0.9182340254155618 0.9182340254155618 0.9182340254155618 0.9186383150811895 0.9225593299489903 0.9304484861987684 0.9420554398812678 0.9571264156857836 0.975402959761111 0.9964641635002506 1.0134257419023913 1.015859320596921 1.0026207870349657 0.9740865442754035 0.9351241301336325 0.8874582774917832 0.831270230024635 0.7650233095865742 0.6888491362894071 0.6026351142378246 0.5051663998707487 0.39478830149179667 0.27184614106207605 0.14049304778090732 0.009845821300394464 -0.11002739451136345 -0.20774080236160963 -0.26944236761796536
0.9182340254155618 0.9182340254155618 0.9182340254155618 0.9175111993468874 0.9157444264181396 0.9135345959114276 0.9113875137582479 0.9096997737724215 0.908746841401793 0.9086742726308907 0.9094929021919543 0.9110784805666924 0.9131757965827162 0.9154068728286644 0.9172824477445953 0.9182157223929087 0.9182340254155618 0.9182340254155618 0.9189142393336117 0.9234139950269775 0.9319186721343247 0.9441849707675026 0.9599680514612354 0.9790209557756662 1.0008160639070098 1.020372388357086 1.0270443504260196 1.0175952309254896 0.992911413245925 0.9557230061596331 0.9082890124630086 0.8502541549413074 0.7830254657403664 0.7077081630742788 0.6245688098573563 0.5316478218542176 0.4232697390813557 0.29683968957498497 0.1617597779909149 0.02833836276876167 -0.09481001489857199 -0.19933693091151117 -0.27035581010349263
0.9181799308968159 0.9163203495873842 0.912438025635971 0.9073473065251 0.9017974469001637 0.8964545081996163 0.89188283448351 0.88852742011361 0.8866986735081124 0.8865610601361267 0.8881268347155404 0.8912555671261251 0.8956595163683075 0.9009142452847995 0.9064733327364288 0.9116857264634667 0.915814219999 0.9180536968485032 0.9191042924428635 0.9239381076400677 0.9327987451063162 0.9454472267989603 0.9616442459616077 0.9811500409198923 1.0033992748533445 1.0243257330814681 1.0352709482541218 1.0301426044057345 1.0098081807088388 0.9722456208922973 0.9214781648735175 0.8609948781771093 0.792588311782038 0.7180243343418363 0.6387858389456853 0.5546523510709896 0.45416899613304584 0.3188177631846223 0.1753303827025099 0.039258127573904344 -0.08440199245337121 -0.19253852653215753 -0.28215734222967037
0.9119141574242136 0.9045146506692879 0.8955287650233898 0.885848760963641 0.876303442916681 0.8676362482946831 0.8604821965950318 0.8553454329363868 0.8525794586837193 0.8523721920723952 0.854737652701732 0.8595153305731672 0.8663773219274687 0.8748423161802104 0.8842947335917303 0.8940068986270076 0.9031621243343045 0.9108769012104395 0.9171416553862533 0.9240713021706234 0.9330202606816344 0.9457636049137682 0.9620635041816465 0.9816820462334456 1.0041068550123928 1.0251971566874656 1.0397537275517117 1.038723746733322 1.0183566266479025 0.9799889562023202 0.9263321210384421 0.8627942085909182 0.79207944941422 0.7162790668960584 0.6375860552706853 0.5582009735222959 0.4726718717341194 0.3231231029591155 0.17705402530901193 0.04252825402083582 -0.07635448861645755 -0.17423613431778406 -0.23883085089138878
0.895912517600848 0.882745784136415 0.8684101118380007 0.8538871999512502 0.8400992744669735 0.8278825254178027 0.8179582138516767 0.8109037235836434 0.8071264975907415 0.8068440131197545 0.8100725198462684 0.8166261820771972 0.8261267531113707 0.8380223624305629 0.8516128236026205 0.8660783313145362 0.8805085367303813 0.8939296004982117 0.9061460323209645 0.9192327222494849 0.9322418817463864 0.9451144798931215 0.9612029272717363 0.9805898181628673 1.0028810642765835 1.0237769132399825 1.0391360913991683 1.0378916096718096 1.0165666913235232 0.9774119035467266 0.9227572919222448 0.8556624846286182 0.7811180000734217 0.7012606894722653 0.6173776718960404 0.5284554160103995 0.42497387087223826 0.297225773827384 0.16293195292837892 0.03720792187695876 -0.07199275940413985 -0.15701951531116887 -0.2076997807630956
