_RESULTS/CROSS_VALIDATION_POSTPROCESSED_CLR/Berg/TZ/1comp/1/Berg_TZ_z_90_kriged_reverse_1comp_spherical_1.asc
ncols 100
nrows 90
xllcorner 5.6208707817415728
yllcorner 50.959635321741573
cellsize 0.00013419651685393446
nodata_value 1.7014100000000001E+038
[rows 38 to 56 of 90, columns 42 to 83 of 100]
-0.11790701200408193 -0.01667324174984397 0.10891329987023224 0.2576407240104712 0.4317408908869474 0.6332995996828285 0.8615743125511188 1.1098246785175911 1.3704672990637905 1.6338613980919243 1.8885133577563822 2.1260121020285876 2.33253641680518 2.502426230911203 2.640172740266713 2.745030359347436 2.824245082078569 2.879464448852941 2.913615118772813 2.9247509856300606 2.9165592820612263 2.885235364202595 2.824894663907866 2.731477155934054 2.6073868209587294 2.4620155762433633 2.30537916608428 2.1453728504199674 1.9895098865186172 1.847079555989549 1.7243475255029932 1.613235941457647 1.507484820452959 1.4065688337648572 1.3084473598211583 1.214373844388998 1.126429413630746 1.0437422555530842 0.9632098602496952 0.8835020196029497 0.8043160540850521 0.7285099237105246
-0.08454339527359411 0.029804650887895745 0.17122650854983335 0.33765450602430636 0.5309739157407566 0.7549074943035037 1.0072638064765034 1.2810025981879953 1.5644814930052324 1.8479199410333496 2.1192508830859067 2.362359631853318 2.5670637716075158 2.7360956641774092 2.8676042714530565 2.9640481129462657 3.030781309370715 3.0716892850680937 3.094687574391812 3.1068618661353806 3.1083452829019595 3.091666343655869 3.044366751730471 2.9517158776983505 2.818344950802344 2.6629891542655595 2.4992989781762853 2.3349466585589767 2.1751646524380894 2.0240101057847864 1.8889690699040682 1.7687985170909435 1.653459854370212 1.5411224353372872 1.4318381993028808 1.3277600772860751 1.2310519513374496 1.142761196007862 1.0584745657125125 0.9733120850872371 0.8826278274861752 0.7911068005930703
-0.04917182346318272 0.07764198966552616 0.2342690856432127 0.4201570739355039 0.6329823562174296 0.8779713723144166 1.152505938695871 1.4450369964218566 1.745673679054741 2.0429199131198006 2.323952975569952 2.5732239012074487 2.7824459124817027 2.948296491454971 3.0688603662543166 3.1528806687743502 3.2079913900146853 3.2392078199373637 3.2597171156169393 3.277890443991649 3.2925903678904795 3.2987914481006193 3.2787955850226815 3.1843604845765636 3.032120671639367 2.864944126449492 2.6953387356345013 2.527087195034725 2.3625953859554336 2.204683970496218 2.0571385704125316 1.9242449021009487 1.7961591613543995 1.6713726593465212 1.5506393528982376 1.4364576208705278 1.3311020045632005 1.2370389539826854 1.1521984620948427 1.06823087130666 0.9650653120436276 0.8540232488101732
-0.012777714668312123 0.1261433232949093 0.29806798443886606 0.5022352126065803 0.7346321342505842 0.9961565147655227 1.279773128773829 1.5796930958791402 1.8888322718352248 2.1977431063924313 2.4928588017726723 2.7561788980282556 2.9753581000284175 3.134074804359547 3.236742285605205 3.2999006628039522 3.338795946115593 3.3663873988115647 3.388980708871804 3.412125410061657 3.437163671717393 3.4634853756420183 3.4932558032123397 3.384505459865519 3.2107970839842093 3.039693516610101 2.870511815356351 2.7028146941640916 2.5371200366663933 2.3754846759461303 2.2217373872423387 2.077741687072049 1.9343216012806066 1.7954605937305927 1.6616152411674214 1.5358873639683366 1.4205406612828892 1.3180493270848759 1.2299577691269101 1.155173862175383 1.034857912089528 0.905654894778787
0.013554820531624157 0.16475412158745062 0.35054725841631407 0.5682177116090597 0.8119264745863121 1.0778207667304047 1.3634373847334065 1.6659183507730035 1.9809078768142494 2.3009435009153187 2.6141779909081544 2.904999749789745 3.1427052945764 3.288773986006036 3.358861466548709 3.394334624397125 3.4206612807020518 3.445164941171339 3.4693674184853442 3.4954592613964293 3.521074443835027 3.542437836139257 3.542079033019168 3.462749396204332 3.324218473700552 3.172583274141714 3.0169665397228798 2.8582798415458637 2.6969785936209805 2.5349642750091474 2.3745486721816684 2.220369378147037 2.065299631481542 1.9127262613702345 1.7647148872027865 1.624251567550279 1.4951992165574104 1.3799591038760433 1.2775337227368948 1.177640249406057 1.0603562562814137 0.9366234517312652
0.010210414988500505 0.17532096348990545 0.3743465284567547 0.602409211642371 0.8477993445278394 1.1121363804103044 1.3963544770053162 1.6971611104102537 2.011587265992075 2.336682638815713 2.666236839220444 2.9976342724119043 3.2819629097405114 3.3983827925670065 3.4170779660744683 3.4257748333606957 3.441647685638568 3.465400434614879 3.4933244509133727 3.523130895473125 3.5465364478717634 3.5557325425759316 3.53948885306961 3.4811203759958236 3.384299437585515 3.2661348878241414 3.1354716373555194 2.994189767463519 2.8424345179137873 2.6809881998533918 2.51449418431437 2.3490050128538225 2.184918581332567 2.021923691635477 1.858504419861681 1.7019682210660232 1.5562907747180554 1.4241000526188226 1.3049044097730171 1.1888172166731374 1.0697528581752862 0.9523608219834296
-0.01883483472430658 0.1628848545033701 0.37222884533878525 0.6014041741624958 0.841803690735455 1.0981926713039816 1.3736870624155946 1.6656610422612315 1.9715147799000545 2.288476332886381 2.6161939558326543 2.9683037101733527 3.3464124534477326 3.3951830879716534 3.37281864138028 3.3712790668434787 3.3881395171539532 3.4191821957076236 3.4576889269860738 3.4968014615627165 3.52283374582035 3.527237871684168 3.511039535386737 3.47192513784945 3.409717874999468 3.328476164665955 3.230053344807936 3.1119221828302406 2.9721765965066975 2.8132047471303316 2.6425536806185574 2.4710611124512134 2.2973721233433886 2.120785626104382 1.9407915594816947 1.7674845535587027 1.6053580899600113 1.4565982058412899 1.3218547224991606 1.1960739992835685 1.0746863801176254 0.9601652669970476
-0.047480504788391054 0.13951742131053158 0.34714566842000133 0.5664658457852857 0.7952790409396656 1.0366503932923499 1.2955972691244662 1.5700374974226656 1.8566301756834334 2.1515142423069236 2.4548168033292312 2.7676276197088407 3.0386955423619133 3.162964720560665 3.195946609665657 3.219351999620665 3.253669728843591 3.301828821656988 3.360357261000722 3.420394418685815 3.454516134855189 3.459443782594634 3.4506177334441634 3.433567504051725 3.4053897069384433 3.362940753558898 3.301118257762341 3.2116364120540046 3.087605688976386 2.9312490965882123 2.7551786063932746 2.575423020218294 2.3902189267302996 2.200236836983897 2.007895416110299 1.8187022372205812 1.6418871794311913 1.479415591820302 1.3325053666843623 1.1986572275972287 1.0754751584978952 0.9623944575414588
-0.0405569854846628 0.12398277221479315 0.31121281642280374 0.5107994888849178 0.7205015478680449 0.9406716991203976 1.1770180895519304 1.4270600316872875 1.6861010072253484 1.9491837473457114 2.2140216194094284 2.4746962545973314 2.694506947600394 2.839511921696541 2.9232854787540212 2.983025003889095 3.0425731282147233 3.1118940173016263 3.194145072045937 3.2915573088974908 3.3345853999082182 3.3408289071093407 3.347872046659065 3.356929227629685 3.364313112655581 3.3644270198026627 3.3475671098641238 3.296166761214799 3.1909135576153957 3.032718014469741 2.8456227269331267 2.6536449436950096 2.4558280996008324 2.2545074284225812 2.05323059884236 1.8529199163797245 1.6644649457150589 1.491799685788569 1.3364851173762156 1.1969048727640699 1.071958088999899 0.9596009836606039
-0.027297993667784293 0.10969832490374942 0.26833739019324043 0.44198236382747424 0.6269812919100901 0.8213813863195937 1.029456341155862 1.250175666249005 1.4783023768699848 1.7054149682845083 1.9313753932033404 2.1505402819657027 2.3410040844729414 2.4881810945641147 2.5964052039383665 2.682635759383243 2.7636828082977143 2.8497783605982807 2.945053700751214 3.046226999725154 3.1141939427142606 3.1539116165690446 3.1913912945044594 3.232484962995115 3.278309994597671 3.324756327080114 3.3628573890859688 3.366525401111476 3.2835111414173026 3.1097390694685974 2.9031463355750375 2.6972013473985497 2.4885217982541494 2.2792465025674478 2.0720647842965354 1.8674185445102762 1.6713272514613673 1.4923891581398068 1.3323709828156427 1.1898854489717219 1.0640964608464816 0.9517523316558045
-0.023698550039275568 0.08663587009357177 0.215443330195924 0.3600166672222917 0.5170218596720917 0.6842925788025671 0.8629030451552946 1.0532394328433055 1.2485576085315695 1.4404723889049058 1.6312716939424283 1.816966036163802 1.983919004448875 2.124200118202243 2.2394201344997433 2.338117537000319 2.431174122839381 2.5265654615587705 2.6276302563412326 2.731843713175148 2.8254373635073557 2.9062792032766636 2.9818677615901183 3.057750334044555 3.140097935441304 3.228789801096248 3.3222938541247515 3.409366271980784 3.357311897534199 3.13535210291332 2.9090444287469266 2.6953610241704213 2.4825338023066568 2.271359466587178 2.063274780276298 1.8591279232119435 1.6610318470991403 1.4800040725835935 1.3189826101346427 1.1764242438185193 1.0511805264025114 0.9382450866055101
-0.032083501808206516 0.05245847376413515 0.15241631719764526 0.26807897446065676 0.39736919748517013 0.5377881976065453 0.6869684243440828 0.8463196729160519 1.0094230908886683 1.169572233313497 1.3284992999913556 1.4849279481775166 1.6293867464594913 1.7566532021227426 1.867347289759018 1.9665776356217175 2.061975663661219 2.1604849100058128 2.267387613654857 2.38340552261981 2.5013456304501407 2.6164796692181516 2.7279645763552622 2.8362166774636295 2.9472186704553005 3.062491081099754 3.180549829098024 3.2904451790956433 3.2587086983547433 3.0541696778167085 2.8439048101950695 2.6403128285408295 2.4348325271405145 2.2298037947365033 2.026928223941404 1.8274692710282563 1.632957832606017 1.4540948113126828 1.295677271480682 1.1558803549034988 1.0317474635333783 0.9193794157037436
-0.047108769164713626 0.013484748050323514 0.08574004489109632 0.1725219529324976 0.27315963782715125 0.38625239319073057 0.5085176868885055 0.638302648792396 0.7721797635701458 0.9039446975910013 1.0336799431028716 1.1629943639671159 1.2845379007554452 1.3942371459653407 1.4921693117361192 1.5822462699763797 1.6710487029349597 1.7667913622217308 1.879217801587549 2.010191671260949 2.1528487258451086 2.2988334140676265 2.4418986365345345 2.5779357307310677 2.708028496400046 2.832990898481418 2.943620581782124 3.0136378120734557 2.990437788251568 2.870164119342056 2.711163771279905 2.5348109644611787 2.3479381536901163 2.1568269382074803 1.965023950813548 1.7748602626466954 1.5880404793670437 1.4149592360474843 1.2624834025905567 1.127658666106731 1.0051348671283624 0.8949096138151412
-0.06319106461127766 -0.025681920828323768 0.0194288282335473 0.07679431254808722 0.14789795437621633 0.23389995136279496 0.33266266556714624 0.43746814040122894 0.5462580302832357 0.6529966558595942 0.7558475335725653 0.8593522450338138 0.9574493510137926 1.0464258068895187 1.1257395073274217 1.1985401569538743 1.271731195925884 1.3576284412166704 1.4731367989462147 1.62132589240274 1.7909363022995688 1.9669984153379325 2.1383151923204067 2.2975785594482225 2.440997576497643 2.568316309166538 2.6692759412079927 2.725529082275571 2.7177280490194082 2.6473664897535936 2.5357617718271936 2.39210712642503 2.2298536516037055 2.0578838450142074 1.8815892325722865 1.7045243304131357 1.5292509161152927 1.3641486098786832 1.2201236669348607 1.09024457105364 0.9711380003497843 0.8646601677711402
-0.0762990937582877 -0.060571236466728906 -0.041374644553616835 -0.014047940191441621 0.025721634123095583 0.08465782997532345 0.16411944269003664 0.2521917062581237 0.340420670379468 0.425225632664619 0.5033586914550511 0.5821119620399755 0.6567931276643016 0.7235956009258592 0.7809588949367889 0.8304180604041527 0.8785118144546142 0.9437738612839799 1.0574740045647415 1.2282716767830815 1.4302509075222036 1.6369394602475347 1.8337723505501657 2.01240760367986 2.167367868130194 2.296705288374074 2.3942541796145544 2.4502159882552856 2.4579591438758888 2.4208898738441267 2.3422549292513537 2.22807263887732 2.0910737086328908 1.9403245772122422 1.782057059826858 1.620655225890559 1.4593633510337312 1.30543202777424 1.1689927052196267 1.0438804490643134 0.929991714289357 0.8288154826283636
-0.082249402871305 -0.08594203568479786 -0.08972763463563393 -0.09172800363675959 -0.0868329371376978 -0.057831250506702125 0.011269650872008707 0.08999604854126497 0.16365370889464081 0.22846282560540299 0.2838782974034906 0.33890512689934793 0.39109135354157987 0.4363980812262715 0.47204746867501435 0.49693789418728845 0.5135542284933274 0.5403034552589174 0.6404885701878448 0.8511356425247281 1.092479502558131 1.3275244472963978 1.5453205868176276 1.7394668881824726 1.904498564530622 2.038173346175498 2.136220301046478 2.1961979981152346 2.2176569124493897 2.2025924495504854 2.1458280237584204 2.055582472949765 1.941585567376627 1.8118145103706766 1.6724025021870281 1.5280143934468182 1.382272836301524 1.2411731662199939 1.1104404356185564 0.9902337009144692 0.8823273873553807 0.7878955089975418
-0.0773409028383959 -0.09676701950149114 -0.11834265100644847 -0.14297276949803428 -0.169008440844586 -0.18350304221112157 -0.10622511375685029 -0.037816366240019494 0.021817538226402533 0.06923116516942018 0.1037901837573364 0.13610499409831822 0.16756520552283605 0.1941268838055621 0.21243290866800668 0.21975742218064642 0.21572712821413775 0.20238919536070088 0.25651269484847594 0.5392214047320396 0.8071468884577214 1.0576521341623237 1.2875866151645556 1.4923327104294684 1.6658689391261312 1.8047878241450055 1.9050094246506335 1.9686681101706358 2.000890802544234 1.996475052729044 1.9550117826788098 1.8836138236528874 1.7895308818090407 1.6793049537940807 1.5584474191185715 1.4314743681026723 1.3018448633851598 1.1704207601301617 1.0464271907830338 0.9325965072075557 0.830843241723296 0.7430059074633077
-0.05910355238449405 -0.08995042780477636 -0.12286770195960994 -0.15797078271354548 -0.18970015551997843 -0.19796839361371799 -0.16646593745218508 -0.12339042392030442 -0.08274246449968614 -0.050986696235409745 -0.03272730290801651 -0.021955286630708004 -0.009050143328955929 0.0025334049710975526 0.01005817207595261 0.01255082923088735 0.015696049895368436 0.03449512931758514 0.13192665667008174 0.34642842866737283 0.5941607408060895 0.8384109493718844 1.068799804283369 1.2787414380979556 1.460201897505978 1.6042287988204218 1.7047450555856736 1.7701462569706372 1.805039374483317 1.8052346092379572 1.7746572670934584 1.7181993891775882 1.641150354843247 1.548677975358061 1.4454891939028636 1.3354376618884882 1.2180569624454423 1.0950009291780631 0.9789891958250365 0.8727979019950048 0.7784375682101059 0.6978263932046944
-0.026665966862369994 -0.06522916540519708 -0.10459279741968075 -0.14327311670864407 -0.17632563729514295 -0.19223304638940375 -0.1876002560397505 -0.1710065867178696 -0.15099349468642287 -0.13520333268769924 -0.1289012785379693 -0.133388791605214 -0.13702829817761608 -0.1372670504370065 -0.13549097411662325 -0.12786280944996808 -0.10620823296044313 -0.054025690160526496 0.05586549241514405 0.23108376730032743 0.4438862716116921 0.667756128293372 0.8885641692635554 1.0981588848503216 1.2894309057386368 1.4413550422993016 1.533328270359549 1.5953159478001897 1.6269648290182712 1.6299132600686534 1.6076928297464728 1.5635346938857717 1.5012355207678916 1.4248169095947163 1.3375587221477427 1.2396257251607559 1.1316950140149376 1.017404193210324 0.9103124601207386 0.8127727493134411 0.7268384070032231 0.6544809419284302
