_RESULTS/CROSS_VALIDATION_POSTPROCESSED_CLR/Berg/TZ/1comp/1/Berg_TZ_z_355_kriged_reverse_1comp_spherical_1.asc
ncols 100
nrows 90
xllcorner 5.6208707817415728
yllcorner 50.959635321741573
cellsize 0.00013419651685393446
nodata_value 1.7014100000000001E+038
[rows 38 to 56 of 90, columns 0 to 42 of 100]
0.8044085104480404 0.7589063173798463 0.7157068114161037 0.6760902710657074 0.6416739874514914 0.6141140509265668 0.5897915516236385 0.5675912811211787 0.5491907171981245 0.5353475971942436 0.5256904462117544 0.5188642588614898 0.5129284295680707 0.5057659606026073 0.4953461318278294 0.47985255332947796 0.4608639769511289 0.4395576062120561 0.4151275505133054 0.38683165847526757 0.35397607763435945 0.31591487739204993 0.27209046007100324 0.2220715923691019 0.24745120749008853 0.3281726314739737 0.3876052065084228 0.43103692488251144 0.4606073496437124 0.47685044256757414 0.4812987400801598 0.47682404348385443 0.46447226359905947 0.4419585171352962 0.41318353431690014 0.37954805890423815 0.34288047285253764 0.30780597335831583 0.29521539947355824 0.30913186791938574 0.35027780666980224 0.41865402780585304 0.5131290793607999
0.7187864503022531 0.6688479282998898 0.623277622886147 0.5817606573205589 0.5458366817216243 0.5174057870888762 0.49355030808483846 0.47361993892802023 0.46001292123375426 0.4537847334414604 0.4541777366281585 0.45894964292201523 0.4652000426754499 0.47008123381606115 0.4711309277026461 0.4663201829301369 0.4544494013495515 0.43864506743758414 0.41931753907680824 0.3960548942947548 0.36875529336728463 0.3381125107755294 0.307428103753687 0.28964101193657 0.31460652761119756 0.369598637623167 0.4195597368219699 0.4566140630654154 0.48189795527371837 0.4953698041368386 0.49912931209917266 0.4942170048606027 0.481823056239969 0.4625839165256471 0.4304935695207892 0.3918306320150231 0.3506412588125738 0.3148643202669943 0.30453823424861803 0.32227733775644096 0.3694827598298964 0.4467553497402792 0.5533525721053194
0.6319586378085713 0.5774134228763173 0.5281276741411245 0.4846130558212203 0.4468154507210329 0.41666721028335685 0.3924764935820184 0.37403511139075674 0.3651727770594342 0.3676879227208496 0.38014811635836754 0.3987352491570033 0.41910480514530746 0.43756005356550065 0.45130671720159454 0.45829674776336216 0.45701585924190824 0.4483507061891572 0.43603966600664834 0.42036389367340554 0.4022429542561776 0.38410445153184125 0.3709641842886109 0.37312381372320647 0.3982946333527213 0.43629568712983136 0.4726197979158755 0.4992328572110629 0.5175195402760351 0.5274281827990377 0.5287712835951226 0.5219512134412307 0.5077995676397429 0.4874777470776306 0.46178240161240613 0.42543641811747035 0.3780331479445225 0.33905789726288305 0.32743607104709405 0.34543085471677437 0.39540760895296145 0.4789879902388381 0.5959968745372619
0.5457598075117651 0.48718644171119263 0.434242914709033 0.3875235684229015 0.34761300208375756 0.31489850358182814 0.2890202438063658 0.2703214105850664 0.26550654072949453 0.2783059097224252 0.30578874358912356 0.34097890320131197 0.37740843916486133 0.4106236020021279 0.4377996561435824 0.45713141484007225 0.46743803875228296 0.46821626608137534 0.4639218575375945 0.45709806555801813 0.44950098181238185 0.44370226284453373 0.4440828159394421 0.45647472364322694 0.48006873189532606 0.5099942308625172 0.5360498852615236 0.5534606903806254 0.5654818903152625 0.570856770863015 0.5687317564757681 0.5590330144126485 0.5421973957568642 0.5190365141014803 0.49028147928477117 0.4546912263857117 0.40951603677749304 0.3741336649053424 0.36223903622097686 0.37828020908233073 0.42733557398184074 0.5140748477230934 0.639873957255216
0.4619744970509059 0.40035265051961355 0.34495449860178073 0.2957981745722329 0.2528788103827522 0.21681398132347174 0.18742721494330117 0.16500556224680674 0.16187000252601025 0.1876098762152829 0.23489990052172938 0.28987664246521927 0.34371217665027376 0.39200079643277586 0.43248644101823874 0.46391831319695065 0.48558333109758167 0.4971407597302089 0.5011194824443674 0.5033399623876322 0.5054896294710447 0.5098930922729248 0.5197095038013426 0.5376140778749481 0.5594132739375899 0.5830787660792551 0.6036434719531725 0.6154591361269828 0.622023026514992 0.6229068164006142 0.6170657849211743 0.604121872927512 0.5841836141465346 0.5574369878291849 0.5217353273990826 0.4778350315675355 0.4290029843079344 0.395969567959054 0.3844514510169894 0.3991319425548645 0.44709605975836064 0.5364843422337795 0.6716207114250525
0.38220234910537365 0.31896107689101383 0.26305026868773296 0.21373511494201947 0.1699436476761469 0.1308603949792837 0.09612450022823271 0.06441708923193801 0.05520502151401918 0.10065619744459053 0.17530430524240703 0.2518589138503933 0.3224364282378318 0.3845152311517852 0.43701633642193194 0.4793971972144495 0.5114076317823781 0.5330756220367276 0.5458577096470809 0.5561262794288289 0.5664476800569753 0.5786770176338689 0.594934678344792 0.6158746191992297 0.6365773235803642 0.6561639951648638 0.6727103814461931 0.6810870746885368 0.683618315951361 0.6807999664430197 0.6716484837980856 0.6556584359822218 0.6326637122406826 0.5999957169237016 0.5568968282480677 0.5046201879450445 0.4467205690930087 0.40587985766772827 0.3889238382360585 0.3968646871145136 0.4359034393894825 0.5220013093944755 0.6675886643845518
0.30770057743919077 0.24469766653700864 0.19099837818797338 0.14495844819271952 0.10440033924024883 0.06724206038765135 0.03174705860148652 -0.007886732457142775 -0.051026703648995086 0.039634844292593785 0.1418598609122117 0.2345121690636376 0.3171055188515468 0.38941101449654236 0.4512814522432944 0.5026371512727212 0.543479834251132 0.5742830204422857 0.5957142350513878 0.6128629441984992 0.6296859637226768 0.6477169521214062 0.6688455383068754 0.6927211930829279 0.713550043673046 0.7304704896573685 0.742228080924776 0.7471996846606584 0.7473053054611805 0.7419540803022733 0.7303356828085539 0.7119430560866261 0.6847893930766902 0.6459660280164815 0.5961798906629014 0.5363856841013281 0.46999396021066353 0.4192280358338749 0.3893708282807704 0.38115744305766075 0.39896690831433146 0.468384614393313 0.6325714358711259
0.23924804809582545 0.17870518411679326 0.1306616185850984 0.09218291458937067 0.060055660616472384 0.03191238044824907 0.006920618926622657 -0.014072118462671757 -0.014740052154205818 0.05131282276262139 0.14672684894719712 0.24089019554252644 0.327658904903267 0.4053320708647199 0.47323776086098257 0.5310791035217055 0.5788877494499005 0.6173291970709596 0.6466536184049527 0.6701265763711215 0.6933702683032079 0.7174063294868382 0.7430664763526387 0.769215633166046 0.7901287989024846 0.805087531910497 0.8131853086875871 0.8134059584606246 0.8105871980683582 0.8040083975030597 0.7910123878055842 0.7706520787326026 0.7387335584624481 0.6948003453231822 0.6395245200927488 0.5737279162914621 0.5003088328435144 0.440989514937967 0.4010805407213096 0.3800333793214814 0.37742116918704216 0.4045824978434376 0.5980359443717378
0.17708258730961046 0.12162336706763832 0.08342199419732133 0.057052551894438475 0.038047873199758886 0.024348196222793606 0.016440176061450318 0.020272340248700393 0.04544392290193411 0.10304095197180319 0.18360552659243545 0.27073504811990756 0.355521382066889 0.43409385404880707 0.5046924232236498 0.5664600792546557 0.6194367303088115 0.6638276781818576 0.6995774033083558 0.7285237672064931 0.7568505204331814 0.7855669226363126 0.8150803958120386 0.8439714614709758 0.8656260687549099 0.8791381786550134 0.8844166064475799 0.881052658774903 0.874407772993299 0.8650559187258224 0.8515753531086375 0.82878503005746 0.7932636218776298 0.7455004153168369 0.6861913836496562 0.6162182522327866 0.5378129431271275 0.47205828244348425 0.42656804610414945 0.4026994100814216 0.40644443646685824 0.46368568043710745 0.6063830049056629
0.12093879228969828 0.07417408507171208 0.05118452364694126 0.0410251294695112 0.03743390243896627 0.03852741975366758 0.046645045763825665 0.06735130827308855 0.10635810750063879 0.1639115567901659 0.23661711809948005 0.3166200863246582 0.3971984853856554 0.4741580431587813 0.5451022577472724 0.6087561625543043 0.6649975396775201 0.7134516145246124 0.7537948773990888 0.7869172952942816 0.8189506201577006 0.8510504817893761 0.8832961389099668 0.9144201315644729 0.9375975513065221 0.951303821742904 0.9547425050087753 0.948893376257518 0.9397759796592867 0.9275730137996109 0.9109696116130116 0.8847098909408792 0.846850604384757 0.7965883704170386 0.7346974458008323 0.6622618557034372 0.5809837734204355 0.5101110547835968 0.46129590557455846 0.4375733410670384 0.4463838281059609 0.5049535432680456 0.6223681711858673
0.0701696489403758 0.03963024539714244 0.03879218666089068 0.0460262216943903 0.056264185400681344 0.07019691280889262 0.09067377793800069 0.12190494103014471 0.168102103073829 0.2274816389740597 0.2965755309172995 0.3714527772371272 0.4477578432664926 0.5220205109750609 0.5918304896531006 0.6558876148420778 0.7137313355933748 0.7645951244682333 0.8078937876845881 0.843911086020833 0.878492239454796 0.912897343289535 0.946943451068518 0.9796905470648215 1.0044017137013543 1.018834146234042 1.022221206465813 1.0156806559424623 1.0053007312747382 0.9914927720527167 0.9717216259515146 0.9410715265577977 0.8992319344281301 0.8463668312919703 0.7829321615299177 0.7093374157585721 0.6271335974185199 0.5510205141042162 0.498074470186727 0.471362479474815 0.47860005904787406 0.5294984817199191 0.6267076945608412
0.02390351190186446 0.03557814087272648 0.05578556343983854 0.07501265546981051 0.0948223448756127 0.11747668029815217 0.14580377752878282 0.18290479529323722 0.2314051671735704 0.29180087268036203 0.3590926173812654 0.4303880139785581 0.5029558219814587 0.5742098570913927 0.6420551812456102 0.7054603854201119 0.7636028703002955 0.8155035026257249 0.860357091606881 0.8980948515431046 0.9342805656163363 0.97010816758332 1.0051808853056494 1.0388333492402357 1.065092555936845 1.0804677077143723 1.0842423824464502 1.0792916213374413 1.0695447943767873 1.0552505228462445 1.0329332420306059 0.9992974198579504 0.9542745728310787 0.8981380758730774 0.8316329005625542 0.7559799286580859 0.672855264272341 0.5910063172840112 0.5314830317497461 0.4987159497703735 0.5001003865159765 0.5391489955667992 0.6165987171869183
0.11049693137509098 0.09629648102337085 0.1103608149801869 0.13005021351539447 0.15260914194055997 0.17886479702845293 0.2106046581943195 0.24981061187091158 0.29805433558545413 0.35592978965067323 0.42165453653394414 0.49016096295911504 0.5594411843431304 0.6276385357213929 0.6930938937882679 0.7550611877662363 0.8125110207545965 0.8643480926154455 0.9095984294592231 0.948057852832872 0.9851074594919949 1.0216495395437706 1.0571107297365905 1.0907960791722426 1.1185765632836158 1.1350473340727159 1.1397427949375754 1.1375434144453904 1.1302469078764508 1.1168982299055124 1.0932132142037656 1.0579484291927614 1.0109238425484612 0.9524323453311779 0.8834813140268453 0.8056430332353911 0.7208244277750523 0.6331826190942846 0.5643070500587444 0.5244557172318607 0.5164194721834925 0.5416051179890318 0.5984841123651139
0.22166249343393996 0.1949343513039825 0.1944333185003666 0.20696897159344307 0.22667742520185485 0.25209360694841854 0.283520690605481 0.32182114183833566 0.36774581470205847 0.4214968059070232 0.4825169152077 0.5483302088289297 0.6145255624458565 0.6796337228010628 0.7424232327624252 0.8023709139995076 0.8583785124179398 0.9092889703632263 0.9540024719669015 0.9924157322991033 1.0297717220555351 1.066474771739803 1.1018037053675545 1.1349485827486383 1.163644879344261 1.1812968069099703 1.1880587682224162 1.1892451591122244 1.1851081261514276 1.1742630106617595 1.1509740285521677 1.115461395569315 1.0675527870623167 1.0073372578131727 0.9362631568877599 0.8564407809650688 0.7699575870251785 0.67912705145606 0.6020939159582559 0.5533671186353815 0.5338030638958593 0.5437512799884898 0.5790951444532819
0.33183714420421473 0.30222621545959494 0.29288100859601607 0.29772797145183527 0.31217590530734407 0.33399935276384896 0.3624995406599254 0.39767487067149077 0.4396492998920618 0.4883068587071666 0.5431038915330693 0.6030412332463688 0.6659278289459873 0.7278474068816841 0.7877234352582856 0.8452051958916602 0.8992001535743516 0.9485186705059421 0.9919611915026848 1.0298401915810542 1.0671061766586338 1.1035514555527093 1.1383284664298454 1.1705300321599248 1.1990130721062353 1.2178646414060381 1.2281591066978035 1.2331378764840113 1.2326110574850737 1.2248326338295905 1.2041741812930018 1.1700575970922906 1.1225144319519376 1.0607567179909057 0.9875017210864672 0.9058253138671947 0.8181354637415239 0.7292508892965741 0.6459103335110589 0.5870277688670194 0.5549197979828224 0.5491934015997026 0.5632919801995724
0.43965674055137605 0.41009759736505647 0.3961444580674267 0.3950842148218112 0.40405919031566007 0.42110666332745295 0.445172834921022 0.4757677359135857 0.512609325923908 0.5553578902981331 0.6034594580707735 0.6560890859691733 0.7121652017029503 0.770156149506505 0.8268611049205002 0.8815137293049792 0.9330616043183999 0.9802892879287091 1.0219036438944382 1.0590867950369869 1.0960060283875608 1.131890736593876 1.1657821915785669 1.1966894822330347 1.2235776663743412 1.244384043635805 1.259007895196934 1.267955241356273 1.2711667394287125 1.2667044778528889 1.2494832171201553 1.2191008497918838 1.1741584226568866 1.1097565971066008 1.0342108567455306 0.9519340704506448 0.8669473238641445 0.7812945003254119 0.6968728022269112 0.62732933722972 0.5825304719852298 0.5615718213649241 0.5561182311013102
0.5438697757078772 0.515503200674772 0.49927069138565106 0.49403443030956207 0.4981632410205348 0.5102179217195066 0.5291764998659942 0.5543676305880831 0.5853048962392164 0.6215284209355827 0.6624947583989362 0.7075196427889487 0.7557575560441655 0.8061941243763028 0.8578683231400616 0.9093632635308195 0.9581426787422472 1.002929676335958 1.0423261974552223 1.0790203871670134 1.1154562653657165 1.1505753130353862 1.1833189654880043 1.2126243997278392 1.2374621418295102 1.2606294171424395 1.2796448774328577 1.292536970318377 1.299311206558565 1.297973231364643 1.2836517317068843 1.2563217608192945 1.2140151870706575 1.1486171448473497 1.0748563289706636 0.9967627782103808 0.9160303197332345 0.8342901816124906 0.7531361313374371 0.6761602446363242 0.6191690569959845 0.584136231886156 0.5620359652922733
0.6433211926522975 0.6166629564539552 0.5994468131261623 0.59130717785818 0.5913735510374603 0.598678766200722 0.6123790843591628 0.63180157108525 0.656398360614263 0.685675953213817 0.7191362636849726 0.7562379895475012 0.7963663293872463 0.8387895037128704 0.8827914423138471 0.92793320759297 0.9727291656445463 1.0148609095208012 1.0522127638695091 1.088640478685186 1.1245579565720403 1.1587842910979447 1.1901728089939052 1.2176028792405886 1.2418853242686776 1.2663009043927675 1.289241549796186 1.3059406173243207 1.3159652206486385 1.3174039616860083 1.3050712749156277 1.2781726891135212 1.2355881292826743 1.1784998526905115 1.1119589354976411 1.0398401634211252 0.9644169377313271 0.8874226351839621 0.8103851885799043 0.734676889518593 0.666882962695341 0.6193116256706039 0.5840230879590866
0.7369347093621377 0.7122506663317334 0.6948234899755162 0.6846800754613463 0.681405747191315 0.684385276045613 0.6929723992552209 0.7065698541371095 0.7246466940790158 0.7467290562192398 0.7723895475312407 0.801241443481305 0.8329220634821264 0.8670313426310807 0.9031375150433855 0.9410650223209093 0.9794458266775671 1.0163193695297892 1.051188985432017 1.0871170281461986 1.1225541809055406 1.1558133488126094 1.1856724099547102 1.211843892991251 1.2375536849204445 1.2628227682897972 1.2871241696723488 1.3074621784718758 1.3204993953484825 1.3250673031309848 1.3161524789102652 1.2932073451928499 1.255810948042096 1.2054559018367152 1.1462202094804412 1.0808137090348415 1.0114607942761005 0.9399589625345571 0.8678489466412488 0.796494079733851 0.7271052245481529 0.6684972737113438 0.6231301486964975
