_RESULTS/CROSS_VALIDATION_POSTPROCESSED/MHZ/TZ/7comp/3/MHZ_TZ_z_125_kriged_reverse_7comp_spherical_3.asc
ncols 100
nrows 81
xllcorner 5.5967107548124995
yllcorner 50.982328804812504
cellsize 0.00017565037499993607
nodata_value 1.7014100000000001E+038
[rows 40 to 59 of 81, columns 43 to 85 of 100]
19.080987201662943 19.177987445315097 19.234862908691554 19.245189424711402 19.208772653717364 19.1467962533232 19.024604619034733 18.817645356253255 18.53856219957595 18.202292284180217 17.80770387190545 17.354272679796175 16.870192880750448 16.380697291377135 15.913321547205737 15.502918718901782 15.182020083679646 14.97133759469901 14.862917745114187 14.855156279950771 14.950598970909235 15.148471948803774 15.44635124271219 15.83393445696004 16.295378770049247 16.82546064750452 17.45231779607049 18.192402407266115 18.98225030484553 19.73215644025759 20.376105040653933 20.876909885093994 21.22328762871625 21.418754935674823 21.477615896403627 21.41936118546764 21.262544083200208 21.02098914812008 20.72903974325544 20.435685600816534 20.154838423986412 19.898220769621936 19.676039420481384
18.99447617412145 19.120037113036087 19.20537365711358 19.24406600827736 19.215404602471388 19.12301336799821 18.9835241685055 18.764046844034993 18.46855024868046 18.11160238852729 17.688551365090362 17.204763428025363 16.695522654523767 16.196434409093936 15.759979950821993 15.416555966245443 15.15979105997786 15.013425371129618 14.973500249240546 15.029999912797898 15.173218920288198 15.397818285909656 15.698573792923526 16.06147903893162 16.465411958418173 16.88949961840524 17.37364851279139 18.099371435178437 18.906081177825833 19.63640445365599 20.24075774346403 20.698798621571555 21.002720738101875 21.16286461137481 21.19907860592448 21.131636874613246 20.97684533482238 20.74777585290467 20.494222439634903 20.242441345277097 20.00488324744791 19.792368799762468 19.61447939510397
18.90527995746823 19.056460050949042 19.167198371650585 19.213992651404002 19.172226342843874 19.052130854317284 18.890035877805104 18.668206821929097 18.365858499786437 17.994788389933763 17.54611309985808 17.02529034351424 16.477500985615638 15.95898093021233 15.541815704672388 15.252060550388247 15.074558708770446 14.990906540747986 15.014358089523396 15.129786885149349 15.321989813984999 15.583095701708569 15.902581446497813 16.264397936630864 16.64471609080873 17.00872708676274 17.31636338312358 18.164964527524027 19.00773363928863 19.715496806253142 20.260110738831283 20.635209095182454 20.860908401529183 20.963446100056974 20.963286884883342 20.876413526934197 20.714971147179558 20.503590613420457 20.285432567129185 20.073555247133644 19.878725268095266 19.71055267723825 19.577780764168153
18.812941696483797 18.984192704349557 19.099245626088763 19.127120588672092 19.067939564330004 18.925145244028855 18.737527600193925 18.513304005903457 18.217944808204102 17.846798553309238 17.38495011083089 16.834032132228003 16.24247050022386 15.683979739664272 15.267441995447179 15.026431293542839 14.932342870748135 14.940779817186774 15.02778087856684 15.197006698735763 15.436828842502553 15.737260864680024 16.08756222959761 16.4748652981501 16.88551344174708 17.317231577482495 17.83913845544001 18.569703417072823 19.34598010697267 20.002076132450302 20.465775586376427 20.724472603261514 20.828861204286557 20.833208495165962 20.770445996917573 20.649457128837383 20.478757907757668 20.29229461077416 20.107874858733005 19.935199331180513 19.783057204757732 19.659677883274373 19.569567920486147
18.71727701231952 18.89246836203117 18.98202035403004 18.98329187287831 18.899014446528543 18.732105614393618 18.516268175663527 18.27690688823866 18.000372252513685 17.650030211587868 17.208403062569552 16.65200083734531 16.007309020434732 15.378830261649675 14.947216157098564 14.76779111627082 14.77269139182282 14.885999210549187 15.061464660929888 15.279363243336801 15.558819526368517 15.895554065940301 16.281677452725983 16.710800440270823 17.182460041336554 17.713462655178276 18.348736916232948 19.098337053675927 19.86120302246054 20.491039705069742 20.856156701142034 20.942604138042718 20.88716664279282 20.770347068410327 20.623996776861244 20.454920322496363 20.278243219395577 20.11585023785259 19.965682487057464 19.832831809334568 19.724091646983915 19.641994619085494 19.558279970859914
18.618230647346447 18.766141063913746 18.820672502417928 18.785368394946993 18.66496880366988 18.465064691877934 18.213102268661952 17.95056289416029 17.677260967444496 17.375761025203225 17.000573470298715 16.483417994833836 15.798170285656097 15.052757592144209 14.596814067619492 14.529790056423053 14.65817670042868 14.871042354678563 15.125931025271766 15.41176512981259 15.727747183563043 16.091806749390287 16.509185583520612 16.978900957056986 17.507215891479742 18.111136191275282 18.81192511033812 19.600872963383345 20.394402867041862 21.105296207697116 21.380762480801714 21.199309434541256 20.97018165554546 20.738538935911006 20.51141712936829 20.303028547444168 20.127818638400992 19.979345166113813 19.862902095332217 19.771849017342085 19.697975967168013 19.61959027763805 19.533797835254934
18.50613765186481 18.614007473071403 18.624086005759295 18.54102099102978 18.371248571634837 18.12299281020901 17.821591518209427 17.52038253447168 17.23387649941035 16.975676929897244 16.70266672613631 16.30322014522297 15.667260034031374 14.743986766831158 14.27978203912534 14.432719358907459 14.670546999345849 14.945789333148984 15.25003639770642 15.585237039389597 15.952177153200688 16.351465049918406 16.789019212496317 17.284453075119824 17.84680539387099 18.486864062851605 19.20973664137834 19.996543814094686 20.766248281508297 21.41998438498313 21.60556156055052 21.32128386187118 21.000575295966875 20.69562460062552 20.422493277830984 20.199272658746544 20.028548394755195 19.899396695990603 19.805947308766946 19.73295726798926 19.66030668745581 19.58203884805874 19.49592229698988
18.387884762794602 18.448349783139403 18.405268581188807 18.26382556692565 18.031398447544426 17.71791740988974 17.348666918681154 16.985236062290078 16.666652447638167 16.41345995925898 16.219232499862027 16.000391342501487 15.61192991187626 14.906985585929542 14.500534145156596 14.633515168138178 14.848315709546501 15.121905468842126 15.443210165069784 15.807478729735497 16.20974484167241 16.647432512499186 17.12207669866497 17.639864079709415 18.21076277016537 18.84903238586751 19.549551388591276 20.279015876053418 20.9485382800765 21.403886691325315 21.5058249370355 21.280779065797713 20.955037230517853 20.634003617185268 20.36033505106617 20.143203963820323 19.980959848463666 19.86021515250327 19.759959601438112 19.67652492591159 19.605875942516537 19.530035853207124 19.445128190369967
18.275260054075897 18.28183249693404 18.17859552820419 17.970845583783944 17.665870123837095 17.27360093266896 16.81915786112813 16.37365708543717 15.985353546611005 15.683982424332859 15.495381193201025 15.400979913276794 15.307849763958378 15.116605873817962 14.929098339618902 14.918599035361968 15.07095441111001 15.33506642258744 15.675456214540976 16.070553694440818 16.505715225485407 16.973454188734205 17.47310592873931 18.009236728615836 18.588023150460913 19.210759165410106 19.864392018448935 20.510816023867807 21.070441204199074 21.397654258644568 21.432805642596808 21.20296925026955 20.88343484436067 20.573938317718778 20.312312718882577 20.10236103761576 19.9359720657436 19.8078324998484 19.704639992186202 19.613906141516654 19.537101417303692 19.465195320008654 19.382495440984478
18.166016843342323 18.115169405094704 17.94944013220798 17.673291990338548 17.292872716682815 16.81665236824005 16.26983750452266 15.731733012817964 15.239251486392469 14.829953166958813 14.560477222192228 14.482339953186532 14.560423927931328 14.670955958565893 14.76550879089891 14.903271781527014 15.143177046112902 15.483928680311564 15.89750662169876 16.35635688124371 16.840702344409106 17.340837249840966 17.855950634201513 18.39105284890702 18.951858983987407 19.537473119432693 20.131816858130396 20.69637780265668 21.165062040936316 21.404422391220717 21.376768418250947 21.12121782109816 20.77650569268819 20.462491569388376 20.22104242849137 20.033214100030204 19.877105296721123 19.74748344681677 19.64323614222928 19.548353484022055 19.463347034581115 19.38978765084332 19.311436962811975
18.068462807329787 17.96255380813229 17.73759667901961 17.397053111155998 16.945607884526666 16.389589162215405 15.759017001158385 15.127445396131915 14.5154126271345 13.95403779998513 13.5182934727227 13.37081938281505 13.558282303493218 13.863952139583716 14.18381387417389 14.54831340329702 14.994509761210603 15.5164597800635 16.08026490110774 16.653074819462233 17.2141917803833 17.75598993349952 18.281357757977048 18.79978304089335 19.32134182923914 19.848628211169938 20.368573188340378 20.847393034366885 21.232949393751998 21.406962861766278 21.327028884040157 21.03322490434063 20.630843925155112 20.290560323762275 20.103823881187164 19.957583111094408 19.818020121755552 19.689514825129645 19.580681578343313 19.48215897096779 19.38955091483701 19.306926818573483 19.23983720637996
17.992928914568054 17.837762474872182 17.56105717847638 17.165522695089447 16.65472144174356 16.033273976333835 15.3422411947257 14.638508978686993 13.928199700147257 13.220747446054085 12.5491798121372 12.226470381157304 12.57404929985493 12.996356617956126 13.433091701303216 13.98538846328609 14.682626841961739 15.457131538882397 16.231279042582276 16.959256327854668 17.621271300143853 18.214157276617428 18.746660955469974 19.236098644977968 19.701864355355962 20.155745239903283 20.593352361829787 20.99075668101789 21.307700691102607 21.430696898018308 21.307268141493072 20.988962072016566 20.54057185208043 20.133241526327456 20.03405244754753 19.910985208723158 19.775172350421844 19.641314988588878 19.521972738869675 19.417314812356082 19.316165819002748 19.22573541005857 19.17242542626286
17.94431821142533 17.748638279296024 17.431057701171806 16.994070320769055 16.440920268960976 15.77648579301259 15.058049501579065 14.322109329761334 13.572540381976244 12.81593108342716 12.083260885745641 11.680902065514594 11.947451729742914 12.278381708551386 12.657507232791476 13.322672630677697 14.304347446065513 15.37230585250139 16.379633693790442 17.276288310948686 18.04878218638973 18.697454332395434 19.23387386975597 19.683783809131974 20.081385240407172 20.454164223264122 20.810506090003813 21.136005968533443 21.397572449523555 21.479209400309873 21.32975962937745 21.02405264028183 20.62311368448889 20.28411457531544 20.076929267171035 19.913877165149767 19.756561034624102 19.60585869725175 19.470438783453677 19.354336795370752 19.242925969852006 19.15656735818686 19.113497168387937
17.92165466745068 17.696384627141626 17.351037673620937 16.88847863774589 16.312483719345074 15.634003726029173 14.920552290442593 14.195555080045775 13.469846532922206 12.767340597165958 12.166985563501036 11.827544616442264 11.780255580960205 11.829463801645542 11.913334015656266 12.624706379203621 14.011911904761917 15.373197593573416 16.582108045947866 17.624969044971625 18.5002512930759 19.20442688166471 19.739254059696314 20.135874652469408 20.45208740329655 20.737627252962778 21.0151749576119 21.278220916785383 21.496019279431177 21.541046774055715 21.383586429579807 21.104094428584315 20.74502089188303 20.4180962283429 20.159938458629682 19.946493988878956 19.75476624147547 19.579138533192182 19.423366215124133 19.29163689371018 19.178903521709938 19.10207072010313 19.068251686047542
17.917886723868726 17.67528437896796 17.316330793758418 16.844672938340924 16.265129549451647 15.601600285620453 14.920278178699753 14.238449724146069 13.572858829476564 12.953112103082484 12.450175659570704 12.124159296849124 11.956661558281272 11.84522534567208 11.70115820487571 12.44109510235 14.084208874924325 15.57307182197129 16.88097396484782 18.01354188418156 18.970452386031468 19.733389062915116 20.260718566594285 20.578416348373576 20.79550550198221 20.988393403226226 21.19143926363984 21.402959247484645 21.585943700550246 21.594168072722773 21.443714084070038 21.18413723367817 20.84438567893534 20.516334292867914 20.229786645680818 19.978872183437346 19.75426547844371 19.55229653619992 19.374929940518804 19.23438858539474 19.13087785870325 19.063908907294085 19.040216721234323
17.920347083858683 17.672773529498794 17.31447155947492 16.849541178055226 16.284654592957047 15.662296316053054 15.03263885247534 14.41283014617873 13.82111211128064 13.284764879469652 12.861543821318241 12.578891118987064 12.429102427512664 12.398883321233964 12.585696252786635 13.337872287833838 14.61557298397148 15.986325441664537 17.2672796175425 18.415215777971415 19.415762182786874 20.25336593400381 20.78048599711344 20.96678261368675 21.076154604273743 21.17860875267042 21.31584477314221 21.4912120579788 21.645001617524773 21.629727414548615 21.488662202486537 21.23905413012822 20.905727990752645 20.573834304977247 20.268834128484603 19.991763790660443 19.74080269307161 19.515552058781218 19.32776743466803 19.193718514985733 19.09982140014644 19.04338776538736 19.03085207461315
17.918524660911032 17.67014107993307 17.32585352463766 16.882291863451673 16.355947199779425 15.791565041026349 15.226661059230477 14.678900436990691 14.165625150831406 13.711288845551364 13.367571230375418 13.155793597047744 13.086622213301064 13.18830891055086 13.544789271308913 14.265086929370133 15.310929470898122 16.505148490436014 17.685657674781883 18.778550709998235 19.74938678861846 20.57076480717848 21.073984993009812 21.207986046976142 21.254805785771744 21.280764191565044 21.36328519358187 21.527778204653547 21.655700718664843 21.641457682370273 21.503938274244152 21.25511847874653 20.921755557130407 20.58653735794508 20.26935799019291 19.97451776305522 19.704953426163364 19.475182125759638 19.294771442818234 19.169837708189995 19.086497907327306 19.04166909517921 19.04155047227499
17.8876359126838 17.64905330396597 17.324508508782312 16.91730785533264 16.454733518660703 15.960738411789618 15.469822924466737 14.99991127756726 14.566801101721003 14.192899153900731 13.927882518668804 13.79331178625119 13.807383079453725 14.000717745300989 14.419753362072615 15.09754112857157 16.000682186988254 17.02918687588014 18.07884203935986 19.069106860927796 19.94358927685311 20.643228586702687 21.08935307145675 21.284354086267825 21.330653771362062 21.299123502347026 21.32202643444301 21.51974848226443 21.639935383348543 21.62318685779333 21.47990229376122 21.22348710459531 20.88806627783265 20.551367738464098 20.227033174309465 19.927208067925665 19.66439836718714 19.44507829056485 19.275990895356145 19.163151333053023 19.091790752318996 19.059978552695856 19.073767105308125
17.79455378837982 17.578136383683436 17.283206321607476 16.934416553747315 16.550725356587222 16.138667172115206 15.729688198774372 15.342221567826265 14.9903806097415 14.694384676788058 14.502728609401572 14.437514528163305 14.516427937990564 14.761861391372545 15.196528876209797 15.826969330596974 16.62411531205023 17.522802984486017 18.437595740659418 19.293021492102895 20.047628409544817 20.649198670233513 21.0541116971601 21.26724089858435 21.338042404242742 21.329760509732214 21.360321188589307 21.517106606804884 21.606924473305504 21.568904518908592 21.408786016197638 21.13744236527293 20.80248630042837 20.473068360387966 20.161956804494686 19.878443900519386 19.630651820785 19.426144681840256 19.272399552629814 19.174578201527524 19.116899952475258 19.099757449824697 19.1215300562841
17.614498029299146 17.419338562504393 17.17488263411703 16.902310872218827 16.60949884387814 16.292316325751962 15.974245919246066 15.674764662595225 15.406114983111568 15.185728346378962 15.060096472716856 15.052264968058394 15.176815916947916 15.448220801068388 15.876296913234361 16.457295066102894 17.165456027203717 17.952322838178176 18.753909507112624 19.49175716682801 20.122795615938898 20.627161377265626 20.980751118348245 21.188027136304754 21.281831314556882 21.316311032728645 21.382055143467415 21.504350584720413 21.542267688641537 21.471610130830772 21.29143204889418 21.01101222139424 20.697133490051595 20.389747732355254 20.099297252510596 19.8352524045064 19.606285154669077 19.42056933545259 19.286055763863732 19.20558533689065 19.16342562085185 19.153112232311305 19.16756881585383
