_RESULTS/CROSS_VALIDATION_POSTPROCESSED/MHZ/TZ/7comp/3/MHZ_TZ_z_0_kriged_reverse_7comp_spherical_3.asc
ncols 100
nrows 81
xllcorner 5.5967107548124995
yllcorner 50.982328804812504
cellsize 0.00017565037499993607
nodata_value 1.7014100000000001E+038
[rows 0 to 18 of 81, columns 0 to 41 of 100]
0.07714160121889324 0.07606419325403606 0.07505364903769049 0.07418215557369469 0.07354509675529046 0.07324343648263956 0.07333798474249634 0.07380862686524155 0.07456887315994006 0.07551629006421634 0.07656578988068832 0.07765609692783615 0.07874468930315377 0.07980147102243382 0.08080407458051089 0.08173484268888222 0.08257897918160198 0.08332342811443291 0.08395618964858695 0.08446589457431751 0.08484153060406024 0.08507225568734159 0.0851473837921602 0.0851473837921602 0.0851473837921602 0.08501265430385299 0.08421951373289914 0.08279181329301322 0.08082916960296135 0.07843982153700028 0.07573635583129293 0.07283218238673382 0.06983890120121687 0.0668610847162529 0.06398584134618832 0.061325969933886386 0.05898864691385335 0.057068941810583335 0.05564787930465963 0.05478795186723578 0.05452647291862008 0.05486907585639301
0.07639574295674 0.07516337925812477 0.07396628392590553 0.07288324577979728 0.072044396368206 0.0716266378473695 0.07175931610766244 0.07239759439764352 0.07337123171993934 0.07452052426340681 0.07574162583655208 0.07697307319508136 0.0781775194561555 0.07933042945097625 0.08041404976831054 0.08141426187102699 0.08231891559900889 0.08311692515310219 0.0837977655376371 0.08435118299417328 0.08476702010341992 0.08503510036152925 0.085145139574394 0.0851473837921602 0.08514719583640044 0.08473815605937084 0.08359883366467116 0.08182122009349992 0.07950984363259683 0.07677683163303699 0.07373696950091656 0.07045683108631119 0.06704705712098881 0.06365072171103756 0.06039833460126713 0.05740864108169656 0.05479057929558532 0.052644935954416126 0.051063451154600266 0.05012297098652758 0.04987423783912264 0.050329456399008245
0.07581175032627432 0.07443670901998002 0.07304868056491154 0.07171221222696961 0.07057306974609089 0.0699400099145672 0.07014800100948282 0.07106892004544581 0.07232751466342081 0.07369972471351079 0.07508704984402194 0.07644375796306374 0.07774510650684097 0.07897517397961475 0.08012193548553963 0.08117511433226426 0.08212518673895892 0.08296290208026438 0.0836790460788316 0.08426432119537042 0.08470928219570023 0.08500429417448636 0.0851394940381484 0.0851473837921602 0.08508952809679737 0.08438294607075392 0.08293860891399396 0.08085322232351702 0.07823512439836633 0.07513807527591451 0.07163357988710133 0.06788842934725588 0.06405829112716614 0.060284486638231785 0.056693929264805557 0.05340166957277046 0.050515489051746375 0.048141030729208174 0.04638405212490107 0.0453441784598054 0.04509596908451244 0.045663504161376
0.07544749119572258 0.07397111386209351 0.0724329512104301 0.07085756700525647 0.06932180050234119 0.0682065886332196 0.06861917454103109 0.07002836681370539 0.07159999444930142 0.07316254668818668 0.07467361907823478 0.0761164623245784 0.07748124971568861 0.07876022810667627 0.07994613957651489 0.08103164625323703 0.08200912096090712 0.08287058480398345 0.08360770441693309 0.08421181000210212 0.08467391525191852 0.08498472899334503 0.08513465194684351 0.0851473837921602 0.08496316045106779 0.08400383781981836 0.08230098846603272 0.07994227827951535 0.07690494678465094 0.07332093736151038 0.06936995560902753 0.06522181179866351 0.06103101666985898 0.056934357384639825 0.0530516353356802 0.04948975242017444 0.04635027753895299 0.043739934907156296 0.04178052968108245 0.04060757616416207 0.04034057782719041 0.04102718487935132
0.07534674743784092 0.07384034895732354 0.07225489229798893 0.07059402594402304 0.06886282835054607 0.06710253620662801 0.06792272226260657 0.06968474328927073 0.0713838232710923 0.07300971103901724 0.0745584694073546 0.07602637019165882 0.07740912889974115 0.07870173325492778 0.07989843008284843 0.08099277326328098 0.08197769579410284 0.08284558721646812 0.0835883657533704 0.08419753893852794 0.08466424899135365 0.08497930032790108 0.0851331665951327 0.0851473837921602 0.08481274149900099 0.08365017280400788 0.08170537056378664 0.07891003234045518 0.07541486583521609 0.0714100426909531 0.06708026641128384 0.06259649115197226 0.05811048606592481 0.053752477620887036 0.04963210786127924 0.045843194517563905 0.0424733853375392 0.039620619517770066 0.037417285903124334 0.03605066624354957 0.03573084697779442 0.03655968094933601
0.07552286678223157 0.07406835670709627 0.07256378317574129 0.07104578615218848 0.06962116806356067 0.06868423321184629 0.06901378289577571 0.07026572267487181 0.07175698936209732 0.07327560692690754 0.07475953497664757 0.07618399332263631 0.07753545689334698 0.07880426765500971 0.0799820966815485 0.08106096168100344 0.08203282648269528 0.08288944121453551 0.08362228647315109 0.08422256079227301 0.08468118212347153 0.08498878790065159 0.0851357242556136 0.0851469857804496 0.0846749219604542 0.08332424251320751 0.08097300143021699 0.07775747061613139 0.0738730083881317 0.06951717080969103 0.0648786816205059 0.060128972195827295 0.055416585762564 0.05086457553044161 0.04657101736796406 0.042613063650862835 0.0390559914544557 0.035971522149274536 0.03347638646434265 0.03180683347585553 0.031362111300801826 0.032399094739380824
0.07595288305704363 0.07461437134142626 0.07327728847497794 0.07201304810622829 0.0709683261507783 0.07041046836038312 0.070591344827834 0.07141796236591423 0.07259132967918384 0.07390217814400095 0.07524610754950554 0.07657118448785594 0.07784858525145351 0.07905985985405123 0.08019139795250749 0.08123189975735542 0.08217116048337854 0.08299946273552591 0.08370726362935957 0.08428502854467414 0.08472313722557526 0.08501182263109325 0.08514111956736325 0.08514010444936308 0.08455761847614116 0.08286606874308411 0.08014140602183382 0.07657503333085805 0.07237132285429132 0.06773423667875918 0.06285609969527743 0.05790900545593295 0.05303905719242643 0.04836342784460034 0.043970114861840943 0.039920359899617994 0.036254277892832164 0.03300243868799792 0.030215712140707028 0.02807573431541337 0.02730301576408574 0.0287570539959023
0.07658737318686333 0.07539740968715933 0.07425326742549479 0.07323329159372087 0.07245815594213086 0.07207887147483306 0.07219875651571617 0.07278257362816024 0.07369065251411781 0.07478122429419436 0.07595451897181087 0.0771478645903356 0.07832173340007505 0.07944968215862744 0.08051251494659482 0.08149506691845403 0.08238443427444601 0.08316898485068806 0.08383779270003112 0.08438030543895172 0.0847861395731398 0.08504494436449553 0.0851462985988737 0.08513476726214934 0.08432113115058969 0.08231299620166514 0.07928495729412038 0.07543785734466496 0.07098371305972724 0.06613214554134675 0.061079074124561206 0.055998109606312664 0.051034776730160276 0.0463034401893309 0.04188663507789185 0.037836427788381824 0.03417744485489169 0.03091127356469948 0.02802214602445344 0.02548606174621334 0.023601421625280318 0.026276755347638008
0.07736747369859562 0.07633219090766151 0.07536933238587909 0.07454768031828769 0.07395384991673312 0.07367514339110272 0.07376230675578598 0.07419869416148206 0.0749111108957399 0.07580898556620984 0.0768132248772211 0.077864276853186 0.0789193879432964 0.07994760503517431 0.08092563602655216 0.08183501620460214 0.08266029559505227 0.08338790436414897 0.08400544262399666 0.08450122950874314 0.0848640082532747 0.08508274281011013 0.0851473837921602 0.08504245326873497 0.08397855620115478 0.08172478466385295 0.07846427266317647 0.07440534872767764 0.06976628227813594 0.06476165797105515 0.05959112797014305 0.05443095593617866 0.04942844684303622 0.044699101146785235 0.04032620297134897 0.036362638037204846 0.03283521875525754 0.029753377930212314 0.027130982801775224 0.02507532826173195 0.024298996787937635 0.02596780929124824
0.07823784269234854 0.07734856358742906 0.07654276571602861 0.0758757665945509 0.07540820823557853 0.07519362034618302 0.0752603744244225 0.07559936050226333 0.07616815293516908 0.07690780882640691 0.07775916432046907 0.07867135868577371 0.07960366420757768 0.08052413209759036 0.08140747655678246 0.08223347326075177 0.08298468683067349 0.08364561129399214 0.08420220607145996 0.08464149232845312 0.0849512683700562 0.08511989068254369 0.0851401037720607 0.08481857222371478 0.08357584736410457 0.08114871642451704 0.07772618642029092 0.07352195990079348 0.06875901570516017 0.06365604768558544 0.05841640145101455 0.05321992355624505 0.04821780789035347 0.043530269834406256 0.039246807665413164 0.03542913151577566 0.03211799526906821 0.029348253701003992 0.027184488503833214 0.0258042654062347 0.025595133835996615 0.026856478107870417
0.07915214571268613 0.07839445315455752 0.07772103844902416 0.07717512007333184 0.07679970910870493 0.07662964978265355 0.07668239342791944 0.07695240765606015 0.07741301968422856 0.07802438246160656 0.07874259535875086 0.079526105047854 0.08033901381085437 0.08115147733396166 0.08193789562462732 0.08267634913979012 0.08334775228102344 0.08393517295514073 0.08442332100595352 0.08479816893550085 0.08504666320631363 0.08515648931429617 0.0850587236081856 0.08450579585500588 0.08315121329396871 0.08062069326165544 0.07710443241614749 0.07281875950460874 0.067988433907916 0.06283505342024377 0.057565146616650346 0.05236242701827226 0.047383203632392394 0.042754737088730815 0.038576186279976596 0.034922009487620156 0.03184870487886612 0.02940797859609292 0.027671339821007012 0.02676279544772385 0.0268536797075175 0.028045793533707106
0.08007345037625728 0.07943213436325645 0.0788699663108527 0.07842063581346959 0.07811543782640674 0.07797829448054404 0.07802075231515063 0.07823918076731365 0.07861568061775465 0.079122194779649 0.07972605750250604 0.0803949585395901 0.08109791151010495 0.08180679507926117 0.08249658650276191 0.0831450944778027 0.08373254220542214 0.08424114900549161 0.08465476653937737 0.08495857762781793 0.08513884468018042 0.08518463344451262 0.08491731835872547 0.08415534910393244 0.08273329270927492 0.0801703261589516 0.07662528439770568 0.07231631540131414 0.0674705735727048 0.06230934007510742 0.05704011707920565 0.05184982123654244 0.046899810711505036 0.04232509967718306 0.03823612503444368 0.03472213347555551 0.03185535287586773 0.029696382996069737 0.028302873178088116 0.027739222713542 0.028070535815886068 0.02932660100554254
0.08097255755897917 0.0804337342357374 0.0799658050614453 0.07959529336346907 0.07934563044743284 0.07923401131427653 0.07926852817122673 0.07944665068084257 0.07975571907195098 0.08017635364927567 0.08068438442754966 0.08125295303771143 0.08185527680462072 0.08246585564110742 0.08306102420324052 0.08361908431866122 0.08412021581277741 0.084546295347592 0.08488069253539766 0.085108071329513 0.0852142007417159 0.08519132146413769 0.08475088324571406 0.083807773715023 0.08233140716622096 0.07980834866559484 0.0763022566875586 0.07202952407079016 0.06721615631236764 0.06208458786694231 0.05684255794028339 0.05167618623025533 0.04675015855213002 0.042205997516719704 0.03816533233223953 0.03473464825903657 0.032007708842047164 0.030061024771883067 0.02894384832403504 0.028675135748654306 0.02925264455600846 0.03065856260005273
0.08182599755062508 0.08137775970496881 0.08099068194436021 0.0806859642711769 0.08048164864886133 0.08039058965085981 0.08041872897904134 0.08056429475634744 0.08081991223128783 0.08117092720284683 0.081597562477898 0.08207762864211328 0.08258806134143393 0.0831060136468471 0.0836095203791267 0.08407783462447369 0.08449155046038333 0.08483260358521723 0.08508420914723369 0.08523076717117548 0.08526187052842159 0.08517300477161961 0.08458989220487452 0.08349714010550632 0.08194258110980379 0.07953209009552359 0.07613344384902854 0.07195857105837447 0.06722984751532662 0.06216696929631969 0.056976616893766444 0.051845090316660555 0.046934727209882135 0.04238947128952818 0.03833878657335952 0.034907391906360524 0.03222353464978832 0.030407866192640243 0.029527579342077878 0.029559938417797048 0.030428394842139158 0.03206050465454725
0.08261433639502463 0.082246759022325 0.08193004266805894 0.08168142195922756 0.08151515510607946 0.08144118042993789 0.08146411841292062 0.08158527437417136 0.08179850249355787 0.08209139375382665 0.0824478100541206 0.08284912739956096 0.08327537707451976 0.08370615592579937 0.084121273231418 0.08450116544675286 0.08482713640607754 0.08508147982246751 0.08524752637592221 0.08530963935648805 0.08530622248401763 0.08515171686176848 0.08445931934123917 0.08325160971043402 0.08158228552888497 0.07932670935243487 0.07610553800506317 0.07209298461380284 0.06750544037657828 0.06255767007299483 0.05745227072119003 0.05237244873699235 0.04747817554120322 0.042907247470149096 0.03878737904687009 0.035252339702175194 0.03247385531813821 0.030677714949524478 0.030025491233929284 0.030428069174824303 0.03166818679362452 0.03359854102623048
0.08332091375177429 0.08302582399636874 0.08277122066205639 0.08257135549728134 0.08243776508047493 0.08237836073470092 0.08239961303628576 0.08250251119883965 0.08268075699550959 0.08292406331543535 0.08321889512773954 0.08354933210569447 0.08389791447036671 0.08424637645822322 0.08457622469252911 0.08486916135201081 0.08510737628298166 0.08527373934044132 0.08535191953832745 0.08535575820810715 0.08535183336614455 0.0851436320228246 0.08438506580931404 0.08312643974940631 0.08140903307952721 0.07926171516929315 0.07630726123543877 0.07252695602088971 0.06812985202246517 0.06332819944959332 0.05832527615471601 0.05330603505053972 0.04843134884640093 0.04383510266451792 0.039618473823509304 0.03589115326427807 0.03282828593508613 0.030836686873797432 0.03046279380001075 0.031410042034732674 0.03311978186789799 0.035391929576705644
0.08393095185394481 0.08370164465761848 0.08350262231599083 0.08334586377624532 0.08324090240319545 0.08319608905271034 0.08321862574533015 0.08330693953851849 0.08345554512734021 0.08365561092887902 0.08389546972543888 0.08416123502145124 0.08443743744878723 0.08470761401926483 0.08495481083833599 0.08516198569848628 0.08531231455471178 0.08538941430026713 0.08539878252053786 0.0853991956064784 0.08542402129442819 0.08525874876318902 0.08455154243939651 0.08332670754877076 0.0816221264941982 0.07948420528135723 0.0768308274370723 0.07334581443837984 0.06919582466054726 0.06458908550690556 0.059727277237602204 0.05479497399773424 0.04995209527263033 0.04532966165004831 0.04102743927987108 0.03712105809332538 0.033666652897433196 0.030929680799428528 0.031130914025916525 0.03286855781304591 0.0350369084585937 0.037603937552812584
0.08443093889206364 0.08426191009821202 0.08411325216948547 0.08399518819529746 0.08391625809121182 0.08388758716414871 0.0839123040690611 0.0839885370474636 0.08411131560738509 0.08427280108592801 0.0844626536840198 0.084668488973841 0.08487637161188054 0.08507130105752923 0.0852376570544016 0.08535958473778016 0.08542130676445418 0.08543141726598284 0.08545548897452791 0.08554762037248408 0.0856907214425951 0.08563572693810936 0.08502381416520115 0.08387540262157102 0.08222579107589942 0.08011996992295131 0.07761153698876191 0.07449118431030516 0.07065445470141042 0.06630542524225021 0.06164537189444064 0.05686148896398188 0.05211854968683474 0.04755405096725488 0.043277078252917774 0.039372962692150876 0.03593909891533844 0.03337254001394458 0.03357461236470216 0.035395807097370266 0.03769712172583851 0.04038429694694795
0.08480820147348811 0.08469492149690466 0.08459242686022901 0.08450956553928787 0.0844567416108131 0.08444353648505623 0.084470798201467 0.08453655016095478 0.08463612703128402 0.08476234520945364 0.08490577570332579 0.08505509469394938 0.08519748309012454 0.08531904910034702 0.0854052520990609 0.08544171137258663 0.08545219229183496 0.08551413833710468 0.08566836454470084 0.0858918188607179 0.08616058721863662 0.08625460818329368 0.08578343364727851 0.08475706736480196 0.08320751406140971 0.08117795863344766 0.07872192965755039 0.0758872539547691 0.07243689246471792 0.06841757223628281 0.06403144222257295 0.059471584286842086 0.054913963529592484 0.05051436129414834 0.04641339702630777 0.04275736599878429 0.039771717365858036 0.037930012528983904 0.03780105984513172 0.03909222135362673 0.04117665075870104 0.043779387015677865
