_RESULTS/CROSS_VALIDATION_POSTPROCESSED/MHZ/TZ/7comp/3/MHZ_TZ_z_250_kriged_reverse_7comp_spherical_3.asc
ncols 100
nrows 81
xllcorner 5.5967107548124995
yllcorner 50.982328804812504
cellsize 0.00017565037499993607
nodata_value 1.7014100000000001E+038
[rows 0 to 19 of 81, columns 0 to 42 of 100]
25.26716672664115 25.22029281544122 25.16852196440997 25.117563538799185 25.07649634847403 25.05590105574037 25.062436403032688 25.09388132028059 25.14091112838826 25.1931819137633 25.243161809997666 25.286628371684223 25.321816861090124 25.348498142897647 25.367319988627813 25.37939235210118 25.386035946586706 25.38862880685158 25.38850840955787 25.386903458200678 25.38487954955174 25.383288635388023 25.38271408215993 25.38271408215993 25.38271408215993 25.391094363845067 25.44063109318195 25.530686219323762 25.65639144432191 25.812515744863152 25.993440703785986 26.193121393852493 26.40503479521412 26.622435619907712 26.839217821137417 27.045971909059535 27.232716999010552 27.389719229839216 27.508037322231505 27.580391642241644 27.602247748923325 27.572770900168674 27.49521187307154
25.235615360889508 25.174519049872117 25.104013510097772 25.030327853498 24.966559549769332 24.932567262027437 24.9435258871409 24.994133767098933 25.064717049909653 25.13805671158676 25.204604147808517 25.26038650477223 25.304482759582246 25.33749267262934 25.360729985963015 25.375806713187483 25.384415318428623 25.388209759501695 25.388735180076093 25.387380128411113 25.385337046248956 25.383562554206534 25.38273164563105 25.38271408215993 25.382725766229917 25.408199225501978 25.479640582910225 25.59257158716417 25.74217057591251 25.92325730655447 26.130311496156118 26.361539637149594 26.610913553926775 26.86849673475507 27.124050010338273 27.366978856533912 27.58630518492274 27.770795249670606 27.909469687081724 27.99273457602543 28.014114875598565 27.97200049730663 27.87042038036977
25.208080850170937 25.13306484103469 25.04220700246296 24.939652726932344 24.840093105998427 24.77979425880801 24.800002083579056 24.884829423310716 24.988746920142006 25.086765362354065 25.17035722881517 25.237767538890836 25.289808231970788 25.32825182068202 25.355186933762514 25.372742485753726 25.38296294081442 25.3877480568086 25.38881950325643 25.387696665823345 25.385672559618467 25.38378451940583 25.382775719212386 25.38271408215993 25.38631153362923 25.430395208743896 25.5213735770162 25.654837248571894 25.82605330865787 26.035066560798388 26.280738077184484 26.553488898536703 26.843458732536956 27.1405418891343 27.43430652875336 27.71380995063806 27.967329233771192 28.18214278408154 28.344736596463655 28.44207917488577 28.464411100827114 28.408677939844146 28.280216825657284
25.189618058666124 25.104320760886665 24.99683577925126 24.866026667757566 24.71741746041152 24.596023347530995 24.642275657362685 24.788426393819353 24.930348286430608 25.05025140432456 25.147032181388944 25.222762199864906 25.280222097466925 25.32226166361824 25.35159700068651 25.370742751380476 25.381991641672226 25.38740980648872 25.388834701081723 25.38786938968636 25.38586986157802 25.383923065088403 25.382813396225266 25.38271408215993 25.394175421824794 25.454161798039326 25.561913504898836 25.714138753205052 25.91734326734668 26.16624586446709 26.451274406746293 26.762625808963808 27.090353131610893 27.424384920586824 27.75442554997094 28.069663653344367 28.358213248817393 28.606301309460868 28.797591188672655 28.913937134262863 28.93962032551739 28.86865985944564 28.70897099858652
25.184334556909565 25.095936103044075 24.983120696425647 24.84202789656974 24.668848393875674 24.464417438484936 24.56327921209072 24.754459082660695 24.91211690869392 25.039429233715456 25.14029846409015 25.218493297976252 25.27751761782045 25.320578944821964 25.350589520104965 25.37017993219851 25.381715549639118 25.387310248571087 25.388834217834987 25.38791389870193 25.38592269921549 25.38396117251362 25.382824930965135 25.38271408215993 25.403547465349153 25.47640574361752 25.600533488565635 25.785797253218472 26.02580142907599 26.3109954732133 26.631533935275687 26.977438188383772 27.33873624474396 27.705545650911777 28.068030927451876 28.416113316027207 28.738726105608137 29.02231528688245 29.24843931300994 29.391877992132432 29.425268797332677 29.33585486848176 29.137677768810704
25.193520716531825 25.11046695837559 25.006742345299294 24.88279051700993 24.748057330901048 24.64942466836045 24.68503637195572 24.811267126370147 24.94333501770256 25.05813298319945 25.151988775559193 25.22592272595786 25.282230939919724 25.323513667217856 25.352346918345937 25.37116126303532 25.382196209320224 25.387482656870596 25.3888337660031 25.387835172781486 25.385829831876478 25.383894478023812 25.38280506232629 25.382738824157684 25.412145426076044 25.497564432940166 25.65218774882671 25.870598848970676 26.143323088546545 26.46044137667385 26.811786050272573 27.187149557169693 27.576498190986058 27.97016153900281 28.35893344659331 28.733956304244668 29.086121870201286 29.40438177754911 29.671573132193824 29.855862090839885 29.906147615049626 29.79040067914147 29.54101005215542
25.214966629604756 25.1435804777799 25.05824941184881 24.96406081318994 24.875929303389295 24.824947899139175 24.84178057924061 24.91502313414422 25.008809781749758 25.099917743272215 25.178979258667717 25.243397774751834 25.29343634836756 25.330528914722116 25.35655262106129 25.373500448100213 25.38332666620568 25.387869245389883 25.38880613190115 25.387624689186662 25.385593563999315 25.383730706406237 25.382763045013085 25.383166608898257 25.419778354521178 25.53073002024856 25.71444454884529 25.961672735249785 26.262518522790675 26.606633954252963 26.9834372949949 27.3823671166164 27.793172895216312 28.206224898033454 28.612799810843853 29.0052564982665 29.376929688660987 29.721304098571572 30.02889271192458 30.274213276823893 30.366615682341326 30.200100617154497 29.880696373408295
25.244104615590913 25.18700118718533 25.121945723877115 25.05519545511924 24.998755506356684 24.969297822127032 24.97874102463992 25.022987519026746 25.086168228653733 25.15323095264631 25.215045574421797 25.267414831020492 25.30909440694215 25.34041235806881 25.362480665522412 25.37676658426986 25.384859004142594 25.388336928189236 25.388690185475006 25.38726542386384 25.385222284112274 25.383490642052408 25.382722578066446 25.38350435902661 25.437641681493034 25.573271126684503 25.781595489388533 26.052949408622766 26.376980802254813 26.742843897067825 27.13942950521055 27.555651052017026 27.980794327342277 28.40492280892313 28.819307665516604 29.216824701468408 29.59223799488892 29.942284027107174 30.265474866537375 30.56131939481389 30.790578221690335 30.47841335753285 30.1007635407626
25.275939003895086 25.232740860972193 25.185525740310545 25.139662209591595 25.103221673264354 25.085145870121316 25.09086636333941 25.11858630118956 25.160593149602324 25.20794447355627 25.253768387245994 25.293980093274644 25.32672625070802 25.351627721752795 25.369186736217475 25.380391425699635 25.386465929509193 25.38871302862708 25.388411427618095 25.38674323076393 25.384736124640582 25.3832100949603 25.38271408215993 25.39074140281594 25.46482259100509 25.62053577998747 25.848718066417554 26.139291718012416 26.48142851125136 26.86373173890999 27.274464604640663 27.701848000334046 28.134440580991548 28.56159502954332 28.973950670874494 29.36386803349245 29.725624254547007 30.055001039031698 30.347118822169467 30.586032034251044 30.683538111710906 30.497290929405192 30.164281837728886
25.306428828174393 25.275218351592933 25.242152339534922 25.21122258324715 25.18756704785816 25.17615555045677 25.179743142532836 25.1974372990721 25.22518439878875 25.257706474016832 25.29030544573223 25.31969624785687 25.344048084073663 25.362683323443097 25.375662700365098 25.382961700530803 25.385827052660275 25.385799167534735 25.384266790212006 25.38239556022605 25.381068395057937 25.38083031538797 25.382369408071593 25.408170580914526 25.497649339538974 25.66862650402549 25.911748045256637 26.216550182229987 26.571739922403275 26.965357802637012 27.38499081852209 27.81806212255582 28.25221503238882 28.675787270587005 29.07832350887999 29.45097805782909 29.786477243435705 30.07794527377455 30.315023863335096 30.47409282235371 30.506636632248036 30.374609079994773 30.108275467615016
25.332957290104947 25.311366759083327 25.288953799864654 25.268491242480245 25.253200408223584 25.245941568886288 25.24821519874893 25.25954118001949 25.277664447206494 25.29943174852801 25.321756799651997 25.34223566223442 25.358232589796277 25.368112896104872 25.37286498714345 25.373741717795678 25.37209096848001 25.36923381070651 25.366366837542962 25.3644822848528 25.3643000953366 25.366206355796145 25.377634529280492 25.424625548081885 25.528575843124194 25.713012624562804 25.96749430645736 26.281550150994015 26.64488560542481 27.045036473349338 27.468946227674184 27.903242238396185 28.334605209137827 28.750248356456286 29.138466512102745 29.48910732857804 29.793612369703677 30.04399445864074 30.230019663312753 30.335083272513643 30.33647833527065 30.219400558132786 29.991737759358166
25.35421598659188 25.339988441711085 25.32535772161511 25.312176237331435 25.302454262779765 25.29788038402782 25.299310079627467 25.30647171684312 25.31806236643431 25.332175225916444 25.345764115142895 25.354588663345996 25.358667273198936 25.358658962802267 25.355520221016235 25.350394281950027 25.344496968822703 25.33901061641514 25.334989942254317 25.33328011790395 25.33444536776328 25.338691343835233 25.365539220580352 25.432172282499295 25.54777785482887 25.7423653308079 26.007288277923262 26.33048627698294 26.69879256554399 27.101082264319405 27.52532901732184 27.95749276165195 28.383407239527873 28.789250039601573 29.16214237829117 29.49079826817132 29.76595670744227 29.980068583609388 30.12576068229859 30.193787334657955 30.17337634346884 30.057321389105578 29.847713175035945
25.369883692893257 25.361084694905518 25.352008140736082 25.3438543103852 25.337869908083743 25.335065323449058 25.335941168572045 25.340339264725188 25.34747021995683 25.352807606937223 25.353730935259343 25.350657934877752 25.344210423432596 25.33523590567156 25.32477118640269 25.313970638703477 25.30401740081319 25.296029935665555 25.290971822135116 25.28956940369751 25.292239144319677 25.300797550746424 25.34393053850557 25.4283079170113 25.554575997157432 25.754442522399884 26.024933790854593 26.353840971843717 26.72778956640796 27.132312019716792 27.553718601024723 27.98130100351106 28.400534160433928 28.79681948878192 29.156294507880116 29.466611111359487 29.717808507812787 29.902863226683735 30.017135842828758 30.056594427606715 30.016707984616982 29.894085491343475 29.689633576661457
25.38030383038184 25.375360645640743 25.370149398834712 25.36542138937024 25.361938225759538 25.360304150691746 25.360814518374376 25.36317263920052 25.362145813592598 25.35616327512802 25.345997038194685 25.33247248961658 25.316532781496214 25.299258334124765 25.28184406611756 25.265543521450475 25.25159082784807 25.24111104819718 25.235028468884707 25.23398078910497 25.238225290399196 25.25356257734331 25.310915623205403 25.410940248870013 25.549255497809508 25.749608149213465 26.02087291249578 26.350797851242056 26.72598105994311 27.13194492821962 27.55322690342795 27.97489108517442 28.386997745375336 28.77527040308564 29.12520044447516 29.423341453231554 29.658250958599865 29.821888904251697 29.910771315586082 29.924825926669897 29.86437886613676 29.729354723326075 29.521334644260815
25.386227379705268 25.38389895074972 25.381286192270885 25.37883604002114 25.376999322145753 25.376130692713428 25.37622503207106 25.37180649016942 25.36110695417118 25.345208979684713 25.325193013646054 25.302193161274644 25.277434553636358 25.25224190047341 25.228015495748103 25.20617623024503 25.188085017578633 25.174945184431234 25.167698939815462 25.166930026682493 25.172627654728828 25.195575158450055 25.264967509092685 25.378411763979535 25.531025174201666 25.729136418386368 25.99647321868958 26.322769728466366 26.694733495710505 27.098061936986163 27.517546035408845 27.9372052704908 28.342291288188985 28.72416672713376 29.069046444083813 29.3627840902445 29.591495592700372 29.742440493735415 29.809261061680107 29.796475949835223 29.711666090218614 29.558991850141243 29.341366735891093
25.38862507449474 25.38795214146894 25.386993934026332 25.385993766937283 25.385202514739596 25.384814464161902 25.380010879739594 25.367283654653278 25.34785925822031 25.32297392323386 25.29390930802533 25.262026553156293 25.22878806076968 25.195757512701494 25.164571121769256 25.136876295291742 25.11423817840262 25.098020558429624 25.08925478761293 25.088492690803317 25.09572271680839 25.125794599698132 25.20466371565131 25.327924294779585 25.491052092672923 25.69019023233487 25.947885849749735 26.265536633244686 26.630146663006588 27.027646047550764 27.443026790490865 27.86052305454009 28.26383764969364 28.63996171138433 28.98266036750103 29.2792996548426 29.515040631622973 29.667148984502983 29.711422542676164 29.66384327565504 29.5490776365464 29.375067142168092 29.14480924097512
25.388553247342603 25.388809126736895 25.388808360259922 25.388660620919936 25.3884887025342 25.385581589821104 25.37348877882371 25.35306810837179 25.325569883193655 25.292304419616812 25.254670923411588 25.214184968508746 25.17249690012944 25.131391922533837 25.092761672747958 25.058537315924777 25.03057746708393 25.010512926896528 24.999600257467616 24.99864623510977 25.006354752429637 25.038807393735702 25.12112093370743 25.249638535728785 25.419671388799625 25.62597942323217 25.87163464363264 26.1759924510071 26.528590065552336 26.91574809344402 27.32295487494604 27.735083177688473 28.13667189533733 28.512301288166945 28.85428472518829 29.15591441447874 29.4082051628371 29.593782092290905 29.601580302220114 29.505682544208668 29.36023838954102 29.166426616820946 28.924961504858604
25.387055764826965 25.387704904588443 25.388155522810095 25.388432651295588 25.387895092136404 25.378807278026606 25.359865129442543 25.33222996400995 25.29712837271599 25.255879386831758 25.209925132053083 25.160862326547633 25.110469130261738 25.060718219588214 25.01376220941353 24.97187263369846 24.937312374309588 24.91223390380351 24.897638241035374 24.89215802973056 24.89665383163712 24.928314882399093 25.011918787429916 25.143465754437166 25.317935291471343 25.529832984999278 25.773305944350533 26.059773559745047 26.395561078311186 26.76741429444922 27.161305655021106 27.562657979725792 27.956627855034867 28.328433336454843 28.665113811524368 28.96384661594909 29.21488124456191 29.391864659474077 29.39382027567205 29.28502745751327 29.126040834653487 28.922333302701965 28.67612294590446
25.38508760132704 25.385753427181974 25.386300643029625 25.38670451310889 25.382549913446205 25.367316847888134 25.34194146452847 25.30750800621952 25.26517666848595 25.21621419734194 25.162030022695802 25.104218226589374 25.044603086578356 24.985281068268904 24.928643208098183 24.87735027009139 24.834471478268824 24.800600365948373 24.77651296989424 24.764802087854818 24.766593317166656 24.796108650777192 24.879236724026825 25.01184167232176 25.188433408215882 25.403202498701678 25.65011253346284 25.923834991736506 26.23803690272657 26.589513828744813 26.964665139504433 27.349295151848533 27.72883227337309 28.08850080071602 28.41326001279492 28.69344557272577 28.918145406771384 29.056485637744117 29.07445503758808 28.989642583462615 28.838907999589818 28.638747807077575 28.39693003898198
25.383449100083837 25.383890634610417 25.384303341790034 25.384035254936016 25.374470225850693 25.353527992061352 25.322152668760463 25.281328829151295 25.232109193566778 25.17564671963476 25.113235346722945 25.046363675778526 24.976785147998342 24.906604590940397 24.838460162361088 24.775783742362993 24.71898518153798 24.67072736061386 24.63589211844343 24.617835170716788 24.617708355050034 24.64475618367544 24.72616719464864 24.85824059812084 25.03485493480125 25.249865416945326 25.497111531078602 25.770302867605153 26.064506985527107 26.39072186223711 26.74190914572027 27.10413666134952 27.462898628631972 27.80316252855039 28.109123426392234 28.365211403503864 28.562768235645514 28.682092467106372 28.70786246781983 28.64384379038738 28.508819610125197 28.321446652898796 28.092143543630936
