_RESULTS/CROSS_VALIDATION_POSTPROCESSED_80-20/Berg/IZ/8comp/1/Berg_IZ_z_355_kriged_reverse_8comp_spherical_1.asc
ncols 100
nrows 90
xllcorner 5.6208707817415728
yllcorner 50.959635321741573
cellsize 0.00013419651685393446
nodata_value 1.7014100000000001E+038
[rows 38 to 56 of 90, columns 0 to 42 of 100]
1.0570633026070857 1.117026423279575 1.1857160748133155 1.2617094202639405 1.3417560526938228 1.4215986480893303 1.5055708169192807 1.5936974561089108 1.6801223577780602 1.7597187435493644 1.8290655428505918 1.8867185814530296 1.9327665828677767 1.9681422286099846 1.9940993516240222 2.011928272704549 2.019867071400121 2.0167652527962625 2.003464004686719 1.980632862621153 1.9485394193877168 1.9068096063017193 1.8542442539430906 1.7912133562660884 1.7886907273175408 1.8073938343558982 1.8076305406805204 1.800603263009443 1.795356467471272 1.8000245954092744 1.8163070902375302 1.8373716941514333 1.862271864625456 1.8824371041952097 1.890609054844786 1.8855282519121233 1.8655937904411062 1.830031441544036 1.7832286850256067 1.7255637232180325 1.6585689091431735 1.586050015109732 1.5133710421597562
1.1303393514101012 1.199361382375046 1.2712323265694525 1.3502024164520834 1.4330765831496586 1.5148127759416947 1.5985322633320427 1.6831350773387206 1.7608939011112463 1.82584855806418 1.8754843220857638 1.9106218106512616 1.9339205709041216 1.9483874367520522 1.9566084584584407 1.9605771835423498 1.9613404191642396 1.9558857784443175 1.9437583092477586 1.9252031538601282 1.9001520259588949 1.8682459132950993 1.8295843521780628 1.788313417944844 1.7617135554499477 1.742592536541607 1.7204879244160718 1.699011573841563 1.6813486100392376 1.671434009375743 1.6646502675689383 1.6609248742861638 1.6598356989509597 1.6598769755551437 1.6559885425345433 1.6420686030089122 1.616280041387777 1.5800570098377325 1.5378748341424981 1.4905140324280386 1.4398166591949597 1.3887707131931204 1.3410071354207247
1.2066137920755278 1.2869749575686307 1.3688319175962094 1.4518257783742399 1.5388038988887462 1.6245468249352908 1.709858305180332 1.7925126574738242 1.8614520196915545 1.9090871663099747 1.9346456753127284 1.9428278584784773 1.9398798838189883 1.9310048458215607 1.9197682164760608 1.90841113825622 1.8982908246963675 1.8884038567458294 1.8752672395847207 1.858652272886194 1.838055947757765 1.8127693474960782 1.7826308383328313 1.7472328500458303 1.7032721841363858 1.6597119472191995 1.620637772969764 1.589154578006621 1.5615306311602493 1.5349077452109332 1.5102928233279176 1.4881933651619226 1.4683628264461652 1.449952835604668 1.4314619932319712 1.409088119900309 1.3806886052131992 1.347189687273814 1.310997489836714 1.2733022252604451 1.2361640660531632 1.2022033784029433 1.1740774647761247
1.2834960634057109 1.3751997834435035 1.4695136716797337 1.5642690560149428 1.6572302137172998 1.7492680398727174 1.839108374710937 1.9231744429769466 1.9840317877607847 2.010216564444815 2.0048623926174365 1.9800924158990312 1.947081165653932 1.912830267467143 1.8810645416266216 1.8535968860447294 1.8312193391641036 1.8139563179043372 1.797610610256108 1.7798589382519392 1.7594374632272185 1.7355036198799472 1.7066402000684624 1.6704749167198243 1.6218197042451137 1.5644683748794235 1.5155444432711902 1.4759293945263894 1.4361722697431343 1.3970975433195099 1.3599949151679633 1.3254120353290184 1.2932743765233858 1.2630401484085045 1.233809504744285 1.20413746807678 1.1716653478085421 1.1386064051852967 1.106657529642739 1.0765877358242322 1.0501214316569796 1.0294303756609053 1.0163918047358047
1.358142507303838 1.4602429455460675 1.5658454556919894 1.6733818762927937 1.780576671536988 1.8834013851249733 1.9817582186140554 2.074119585712902 2.1307310393092407 2.128425280822002 2.081117283424399 2.0163214627958395 1.9503931974912916 1.8902011648654422 1.8381952763284453 1.7949747012895965 1.7603682641812772 1.7338661507139415 1.7125693434615816 1.6909457891734123 1.667908988285199 1.642164381181083 1.6119466622378287 1.5749796120405655 1.5275087123197049 1.4699574959677109 1.411045627892695 1.3607453825710496 1.3120777314692518 1.2646267809657303 1.2195048035695049 1.1772458039721436 1.1378832646971477 1.1010396247138516 1.0656878265984226 1.0309969514295252 0.9966323629094477 0.9648246941815702 0.9355306834539693 0.9096590156005863 0.8892725006933919 0.8772136695779617 0.874833530438217
1.4275272356445519 1.5379203426502228 1.6519020229874903 1.7686462004497323 1.8872612062015675 2.005998169715594 2.122102635154667 2.2353551055794307 2.302744556667049 2.2560078624904563 2.149948823280711 2.040862965063877 1.943085848136791 1.8593516966848527 1.7894408016363248 1.7323071084094224 1.686709542832971 1.651316865465447 1.6233353070032197 1.597102235542644 1.5705725868164204 1.5423921459637924 1.5110860351934503 1.4749386453198876 1.4290792364237646 1.3729641563342634 1.3095875550970189 1.2508925305741387 1.195873234041375 1.14301251856601 1.0931541862354042 1.0467323219392006 1.0037916092087116 0.9636716456631821 0.9256490183781975 0.889234240562386 0.8543349691936809 0.8232928006636622 0.7964913217144822 0.7739765144772802 0.7574009759015428 0.7510277758070141 0.7564535608596553
1.4888523581289548 1.6042829402999244 1.7219001235930804 1.8415155680350261 1.9634131707649174 2.0877417621781396 2.214131135380081 2.3513188255501056 2.4921047698708696 2.3486563164754237 2.1825507436078366 2.0391379850807425 1.9178083977728027 1.8165724780441501 1.7331786048461393 1.6654510359148618 1.6114039672865357 1.5684434454638387 1.5342932206628825 1.504270555749757 1.474920192149455 1.4447256458519333 1.411136388285205 1.372173624218174 1.3252055335290158 1.2711769777702404 1.2125753387893323 1.1523314494119916 1.0925463157537605 1.0361601901786544 0.9836905418533964 0.93539731735384 0.8910181613307326 0.849825345038463 0.8114205711300815 0.7754250878365806 0.741788072311499 0.7124444070795013 0.6874728156943359 0.6668303066635743 0.6515420583313367 0.6473267576568201 0.6597140007957089
1.539996258672822 1.6563150668679214 1.7713744259048136 1.8855990127128037 1.9998417439306033 2.1140268343112067 2.2255992210897584 2.328689636561439 2.3839148602377658 2.2935594747999484 2.1421062827251562 1.9961396439262111 1.8678800822480432 1.7589405847779072 1.6683375744087114 1.5943015380131103 1.5345621772378624 1.4858328169462347 1.4463457902130912 1.4124148600611495 1.378968909752918 1.3444489854344432 1.3075432537434843 1.2668541516664729 1.2206170488768193 1.1699189491121962 1.1168504097100063 1.0635213325029027 1.00526607726353 0.9463610726719612 0.8924407980269522 0.8434900733946423 0.7987762922332828 0.7578811257946784 0.7204557307230168 0.6861497562058985 0.6548490975029196 0.6281550303067733 0.6060772125849765 0.588329602289592 0.5749276805897958 0.5678477437860029 0.587328342755562
1.5798474974756682 1.6923391960922696 1.797798403758935 1.8981438252241756 1.9947638645131394 2.086097738213692 2.164799052228568 2.215247850417863 2.216552403231191 2.1466742089299355 2.0292421194619332 1.901133181413978 1.7808645307882527 1.674842002688949 1.5844369377139405 1.5090346235788727 1.446182223214114 1.3935800308279633 1.3499103798093877 1.3126216968955788 1.2765126222366876 1.2401659478683595 1.202702863880339 1.163145163221616 1.119625064714867 1.0731309693650324 1.0258824979208485 0.9792629585949777 0.9283213267145867 0.8740089222236566 0.8197154925815605 0.7703848009781857 0.7259274208246721 0.6860087223392579 0.6502484245473409 0.6182688486445171 0.5898500673473042 0.566339069418474 0.5479595960964776 0.5347561862447736 0.5278294414898431 0.5297597699248378 0.5419978284814736
1.6084056968948952 1.711654785305744 1.799848816256024 1.8793366321618827 1.9519096084175378 2.0141255754930496 2.0587953872561378 2.0731522472628967 2.045713452300415 1.9783755401033394 1.88091179683379 1.7715428571898486 1.6642853238997273 1.5664512175055858 1.4808889917414627 1.407871080307498 1.3452533300987375 1.2919647244338581 1.2470359975026968 1.2087221549926275 1.172218684191903 1.1361702550356814 1.10002422305143 1.0632136017003557 1.024086441131828 0.9832638006372688 0.9420992882843373 0.901604719352018 0.8571154931510182 0.8099335062776295 0.7622408796471214 0.7152613658014861 0.6712356436763165 0.6324774483723065 0.5985983482018242 0.5691409415521423 0.543763131320813 0.5235258926873283 0.508987397727461 0.500459492065264 0.49895746600630053 0.5031835388087897 0.5135504503910063
1.6266388391577817 1.7122184111049326 1.774940723126227 1.829102723992353 1.8754903519626775 1.9106988233189353 1.9282809641092271 1.919779976610293 1.8777681039596645 1.8085616520883723 1.7216871620635603 1.6265605438713144 1.5321102989072513 1.4442440399680516 1.3659688561570131 1.2976283872732453 1.2378969872535146 1.1864488802600537 1.1426654426448901 1.1053576693274514 1.0702882416181114 1.0361923055622577 1.0027473452687419 0.9697126518889357 0.9356493522919981 0.9008935162717622 0.8665532794071241 0.8318210845598503 0.7928800063876347 0.7518694787585933 0.7104754653726911 0.6697632078973372 0.6311444085670636 0.5956149480622264 0.5638446048344663 0.5368322897783063 0.5144237418767285 0.4972346873836136 0.48619655300947906 0.48165061945604987 0.4826234613564611 0.4876251393427816 0.4973467842435791
1.636189223833312 1.6802194058637618 1.715497964434649 1.7471638727354761 1.7722481367397993 1.7866169044518119 1.785206771410157 1.7628208326888533 1.715889613352351 1.6458346667927553 1.5648923150560212 1.4798857702621409 1.3962188475798414 1.3180132000914317 1.2477240065813668 1.1851969135743567 1.1299933836845455 1.0821125071915842 1.0412068592775217 1.0064384323474946 0.9741022235728652 0.9431001671012817 0.9132611824146595 0.884557916863313 0.8558821141418904 0.8271697484142718 0.7993554841555448 0.7700413682141638 0.736317852671669 0.7005002607301127 0.6643374336284587 0.6290806336244255 0.5961497955118901 0.5664612562584903 0.5404357408219818 0.518202123175537 0.4998453285462439 0.4860039315335103 0.47823061981160186 0.4763253373825654 0.47788778985760405 0.4831313299986168 0.49238178101903823
1.5322524355174696 1.5884448867810756 1.6182072574053654 1.6384223765087893 1.6499958158825954 1.6506954374923606 1.6374849666816527 1.6075926673822794 1.5596306203344015 1.4945672001179853 1.4179010681331936 1.3401688218761083 1.2651164401114368 1.1954055172425442 1.1326815967407613 1.076347667344286 1.0264542186881018 0.9831204960419344 0.9461651506698202 0.9149247423102774 0.8861192627361708 0.8588911364196806 0.8331600145563868 0.8089706431583301 0.7857480379256172 0.7629122767053569 0.7410306180729357 0.7161212801636493 0.6873634830069196 0.6561949787655795 0.6242700534815053 0.5935794940640239 0.5656868456973543 0.5415010419221128 0.5211812178925875 0.5045378389432077 0.4914707830608016 0.48226391611977976 0.47820950789249056 0.47722700003610996 0.47893531111776777 0.483594773103912 0.49139311494270854
1.412924510675642 1.4668345565992662 1.4976095210226867 1.5135129555142086 1.5178748249121807 1.5107978712034225 1.4912391533620342 1.4582145675928562 1.411634729204498 1.352823540223977 1.2845548628473646 1.2124695137069341 1.144203831431592 1.0816265762241861 1.0256143059851848 0.9753007932613921 0.9308847295491054 0.8924931403653601 0.8600176127793411 0.8328073910768806 0.8079245206479138 0.784789441550807 0.7633687877346492 0.7437250581367213 0.7257450517596573 0.7085636120994284 0.6914841219592545 0.6704447100099056 0.6459383891535349 0.6190703780707838 0.5906578978454494 0.56350496109711 0.539925400626387 0.5210389483339732 0.5064721519363953 0.49543294746489386 0.4875872813838418 0.4828974739960683 0.48013889688153105 0.4794815146249178 0.48103433032086595 0.48491464463792266 0.491223424324404
1.3001102748425346 1.344821262932355 1.3720775590017633 1.3846673354974475 1.3849025559191863 1.373738030771409 1.3513652691361373 1.3179404515387505 1.2741366831653076 1.2214450983337173 1.1621731454402278 1.099165298892273 1.0365202578224093 0.9797804442340944 0.9295304352110944 0.8847450450400465 0.8455928286911711 0.8121418559076282 0.7842891482916307 0.7612333194674412 0.7403790534458462 0.7214082376086526 0.7043060184541287 0.6891399759735487 0.6760469123484465 0.6643116019169862 0.6507732511420534 0.6332614890187208 0.6125262037105442 0.5892994559187262 0.5640700953571565 0.5392010664456346 0.5189540473838248 0.5055659451664032 0.497124819643867 0.49173146092673 0.48874974221877643 0.4862335312316625 0.48405130133603824 0.48345855236056384 0.4846457767674839 0.4876372592777618 0.49246081096853994
1.1959263701572975 1.2307136282211237 1.2521364277753648 1.2608589211651113 1.258065841948411 1.244707487723279 1.2214858545107037 1.1891383161132034 1.1487223266823121 1.1017710359684805 1.050274463996361 0.9965053222423571 0.9427621228718528 0.8914148033753236 0.8460015458301939 0.8061142313686644 0.771812215997679 0.7430709349771356 0.7197487419609788 0.7007107103516073 0.6838190062365895 0.6689390796314637 0.6560592469864969 0.6452502358413784 0.6366796215563609 0.629429672732872 0.6188481255472185 0.6047237511320591 0.5875965131675485 0.5678432961027073 0.5455237258017294 0.5219532926435109 0.5028418404029933 0.49658242353193877 0.49470726113864194 0.4941239153582449 0.4931781277995432 0.49185426286875594 0.4903222402964297 0.48954509920885764 0.4902138842030217 0.4922869686064054 0.4957297687182224
1.1016619738149418 1.127327618130832 1.1425037877758388 1.1471191070833022 1.1417171326385538 1.127043217262327 1.1039138314023962 1.0732774463946648 1.036322157072809 0.9945334789405206 0.9496615079391992 0.9036022303331895 0.8582297476984139 0.8152288625786769 0.7755811546251032 0.7399518098575603 0.7100108003331506 0.6856487300942383 0.6666536187735298 0.6513395673235994 0.638266413088963 0.6273432914811284 0.6185571990420505 0.6119887738954514 0.6077847387979644 0.6031844207779695 0.595574185244623 0.5848644295213148 0.5714777663948448 0.5556286929651144 0.5371957039724906 0.5170321975222008 0.4996231583817656 0.49895320926358133 0.5001483999182414 0.5006890564184652 0.5005942815209213 0.5000003239170628 0.49906182177671354 0.4980658646466298 0.4981014516094307 0.4992930637233956 0.5015694856481724
1.017962053981492 1.0356962355914257 1.045055886278679 1.0457571265551735 1.038040470014095 1.022467275928904 0.9998082937567438 0.9710242623225531 0.9372841171308636 0.899968471797892 0.8606299713500875 0.8209071982486956 0.7824066436239298 0.746576009135889 0.7142795422201798 0.6852749601245198 0.6601889776846113 0.6398840653420038 0.6248641903574784 0.6130353083510626 0.6036301259270946 0.596532219334051 0.5917319379249962 0.5893336572105693 0.5881745565745145 0.58542467691713 0.5807700127705898 0.5735781176676551 0.5641751817055576 0.5528461023106731 0.5396944326804846 0.5263704913628547 0.515867267085454 0.5117034638346489 0.5110451974208303 0.5111012900728114 0.5110442542399871 0.5106922928795367 0.5100528690207723 0.5091882174215835 0.5085356067445382 0.5089138451346606 0.5102844630447013
0.9450123369128952 0.9560246875018811 0.960291976250683 0.9575064985515038 0.9477781996984905 0.9315370922743802 0.9094581319258173 0.8824232097220814 0.8515044359536922 0.8179456391364942 0.7831262218078403 0.7485016385252354 0.7155205521108582 0.6855201007786188 0.6594004524661323 0.6368811936297001 0.6183884203882437 0.6042003296732275 0.5938532892085173 0.5857289045617796 0.5798909341487826 0.5765344348189639 0.575671956851689 0.576836990348626 0.5772178639724049 0.5763590193532816 0.574278702056145 0.5706899416923038 0.5654109509093765 0.5585202570679628 0.5498550269813306 0.540677509497976 0.5327920741528329 0.5277273800357589 0.5254882104258713 0.524587772621451 0.5241167565426187 0.5236744327669538 0.5231167335115058 0.5224136303376827 0.5215814201653555 0.5211983329255769 0.5218650074651581
