_RESULTS/CROSS_VALIDATION_POSTPROCESSED_80-20/Berg/IZ/8comp/1/Berg_IZ_z_63_kriged_reverse_8comp_spherical_1.asc
ncols 100
nrows 90
xllcorner 5.6208707817415728
yllcorner 50.959635321741573
cellsize 0.00013419651685393446
nodata_value 1.7014100000000001E+038
[rows 54 to 71 of 90, columns 41 to 81 of 100]
0.0002146580597881293 9.180957937556373e-05 3.756707532498729e-05 1.4828564598278351e-05 5.712522397240672e-06 2.206536779483314e-06 1.0917265177952492e-06 2.5645616180977686e-06 6.148224665368984e-06 1.525809873011342e-05 3.90453194291189e-05 0.00010226483961949391 0.00025165098347950315 0.0005587509309407584 0.0011183244731776604 0.002014227032554726 0.003257066440389279 0.004687970798185834 0.005937389927527091 0.00666433861019944 0.006484227086670505 0.005616870453793488 0.0043456814901280056 0.0030209707814883822 0.001899565760357498 0.0011005935133658932 0.0006378464398633261 0.00038621953167511044 0.0002584551911597446 0.00020085690939327096 0.00018568666559883146 0.00020293907474560748 0.0002551457464399351 0.0003568866996166393 0.0005382926540884776 0.0008534418259114467 0.001395182911503292 0.002318928884341017 0.003839433121557228 0.0061392457837880264 0.00939479755607742
0.00019783261197086496 8.66274002787337e-05 3.667976395961008e-05 1.524885497714418e-05 6.400205993695113e-06 2.984646745005231e-06 2.1561211203175124e-06 3.2592908662233583e-06 6.825246414535723e-06 1.601383373188483e-05 3.977048812886917e-05 0.00010219523359793218 0.00025725739084667484 0.0005876645632755346 0.0012147173624660974 0.0022684441933742373 0.0038158205944954075 0.005697475340213589 0.007497752103566672 0.008676939055209347 0.00892062727251493 0.008234390164995492 0.006888173174136652 0.0052669185544785635 0.0037034141857099512 0.0024145473421974873 0.001529291355437601 0.0009580722250655445 0.0006377384658797367 0.0004798140657233658 0.0004194170528264153 0.0004245927536077613 0.0004890850160219632 0.0006258621507392495 0.0008681820923275017 0.0012773207398606864 0.001957383191765601 0.0030698266180668858 0.004784337472556279 0.007257981447586781 0.010616142881626689
0.00020874901370361595 9.625465121698003e-05 4.378864104140473e-05 2.0197093240573123e-05 9.924034495613131e-06 5.756254107676255e-06 4.715469213358498e-06 5.935582428841531e-06 1.0235870883410996e-05 2.1191315847846877e-05 4.8522839854939236e-05 0.00011781556117849054 0.00029281707916154327 0.0006766322627483946 0.0014261504153100905 0.002734117178442938 0.004714242654605897 0.0072437251594816374 0.009881885977179053 0.01191485785660416 0.012782552395224208 0.012438422564444279 0.011093507867540408 0.009177470283647115 0.007120650273854381 0.005276954333679535 0.003676471611981706 0.002265769068500943 0.0014751899350071251 0.001083724363299759 0.00091000101848674 0.0008715079786048216 0.0009396364360827708 0.0011203405415482989 0.0014491306290073506 0.0019958418444014194 0.0028729808440818346 0.004231603489793356 0.006197500732567801 0.008899830639244008 0.012403130302069031
0.00024782060285081055 0.00012250884527099175 6.0978305622985406e-05 3.1596339655770103e-05 1.792924268312161e-05 1.200219574077013e-05 1.0343882020754664e-05 1.2006409919443255e-05 1.8054962318501866e-05 3.2969338899482664e-05 6.832841988600712e-05 0.00015347647874487278 0.00036271388223966627 0.0008397677495970891 0.0017867577082484962 0.0034654947274116938 0.006057355080889407 0.00950847695770623 0.013368318916906315 0.0167956332169465 0.018806541778388038 0.018951369548170123 0.0176355693412051 0.01534237201142822 0.012622985505882341 0.01020144736116661 0.007830563369651466 0.004705007936414523 0.003087204175106592 0.00226730667525614 0.0018718958103990876 0.0017319029605785575 0.0017817932122353329 0.0020131650933435563 0.0024579964600025006 0.0031905887313550163 0.004331982780401591 0.005976465758346068 0.008236909710967681 0.01119345216959792 0.014841335503549938
0.00032417584717346745 0.0001727052701972007 9.42689201936175e-05 5.435605763190008e-05 3.453909104208244e-05 2.54303846808844e-05 2.268037638687796e-05 2.514783299195882e-05 3.446278702868822e-05 5.6683874639476804e-05 0.00010658130073084821 0.00021997387933157122 0.00048352364561587654 0.001096034606929542 0.0023341803487809207 0.004528848677875111 0.007966676355277962 0.012677686817948562 0.018215242565481495 0.02361530644764961 0.027488485412280685 0.028552411041641305 0.027155484227885492 0.024079522758239123 0.01995290264605484 0.0158553913155136 0.011903883288118594 0.008225759070393007 0.00577298368771676 0.004364992151147523 0.003620237543260409 0.003303856158228227 0.003301874946959527 0.0035796979347632023 0.004167170469922224 0.005146232603041339 0.0065765620067119 0.00853511517027303 0.01109912882334207 0.01428852671095508 0.018021302353899933
0.0004577767882311765 0.00026218474059499326 0.00015552990736187464 9.826425630903502e-05 6.81486397938495e-05 5.3669408480350934e-05 4.929953363550146e-05 5.3353077512306255e-05 6.838437135491854e-05 0.00010336713661126592 0.00017805610182537317 0.00033822580935534104 0.0006891887388630474 0.001466217668181448 0.003083080570348521 0.0059607139294291485 0.010516669927406854 0.01686889342912159 0.024540557999326855 0.032324670359840886 0.038397948116550236 0.041117566556179215 0.04005905727933627 0.035664910004704245 0.029188574713377453 0.023058064695560085 0.01770010011306054 0.013195907369345991 0.00992166801211136 0.00782085736796642 0.0065991316532784 0.006007485688798609 0.00590022782309649 0.006222529945147273 0.006994187063554284 0.008222868261554873 0.009931284109056165 0.012186862877370454 0.01500414826301365 0.01833412257377779 0.022013382655866515
0.000683302269941474 0.0004192481610050617 0.0002673713645605166 0.00018174241829413865 0.00013493769779202632 0.00011181417095246316 0.00010514782327987461 0.00011295492398006995 0.0001383174026330822 0.00019501864819602928 0.00031098664222178337 0.0005464318620511358 0.0010270683130734943 0.002012945931695549 0.00403023605772393 0.007737243398407913 0.013626882562139932 0.021919844662400465 0.03209731173529575 0.04266380942668525 0.051351641897339734 0.055971862206504644 0.05537910809353632 0.049781692567361285 0.04106602490934275 0.03296751615463567 0.026039905854665327 0.020388216976671324 0.016132997722181013 0.013205185801220412 0.011374633527964436 0.010405688730932474 0.01013740717663209 0.01049827835149436 0.011402297734164622 0.012807656270096739 0.014739392930020323 0.017205220740398795 0.02014231363580372 0.023427004220474956 0.026818323124651083
0.0010590306515039665 0.0006924652810231856 0.0004707198885741997 0.00033987338265648677 0.0002656983981891369 0.0002286757596238744 0.000219203557387562 0.00023477838312675408 0.0002802345605679963 0.0003750176283669809 0.0005577049968168036 0.0009044703527555725 0.001564323643127068 0.0028257610918186555 0.005229454396915691 0.009722832684397791 0.017040008751232356 0.027368657339965553 0.04013101364533149 0.05355561267008004 0.06490091712036669 0.07135120376073796 0.0712350167061293 0.06456470308723067 0.05476294328222494 0.04563015311073526 0.037470997414206245 0.030573203711264034 0.025154105138054758 0.02125636638003862 0.018694017399118783 0.01725209916962643 0.0167614631918685 0.01699240831607603 0.017839825677496868 0.019268882589436483 0.02124979390426904 0.023704016611744653 0.02648447303344244 0.029286425652089925 0.0316941341015277
0.0016794321527602678 0.0011640030047522277 0.0008375579215934295 0.0006365982193614697 0.0005191561617437631 0.00045996924173590615 0.00044661986100491834 0.00047691996740521157 0.0005578772795604118 0.0007155006852713375 0.0010012378421516768 0.0015055333958417505 0.0024054176729350492 0.004012621196254861 0.006864896468016667 0.011842952659636441 0.020234404348136614 0.032362743622425805 0.0473556338381788 0.06322343839440293 0.07686205508607775 0.08496982023191031 0.08532231708196915 0.07804678464696169 0.06876611538539752 0.05957514425070054 0.0510003566523615 0.04347717868341991 0.03730653272819396 0.032608796908972414 0.02934909061245662 0.02734807422926565 0.02630596106430419 0.02609284241429638 0.026598231855918794 0.027713487378896052 0.02930507965928783 0.031143539529273772 0.03296697047164807 0.034424128034812464 0.03511791439240098
0.00272078493653057 0.0019951885218583466 0.0015131907661763478 0.0012032200471026506 0.0010166686129734267 0.0009214588594765924 0.0009005232932103895 0.0009506916448371756 0.001081021773234953 0.0013234726868565333 0.0017542434568601937 0.0024850767705795937 0.0037014345488255505 0.005718276949081733 0.00905761502546184 0.01448251151275777 0.0230222213618555 0.03584766390230086 0.05233424779768766 0.06983347208629186 0.08496370714013424 0.09407046455895894 0.09462179993959925 0.08864006957426239 0.0811833938843606 0.07310144388888976 0.06507786963824594 0.057685895190627653 0.05135049344224643 0.04628090222280322 0.04235629619489944 0.039520831977144996 0.03767587016668452 0.036686512937635286 0.03639828318063209 0.036637503341941914 0.03716306133010088 0.03768118300218477 0.037902818379337476 0.03748377636296171 0.03613365735597969
0.00449116146105868 0.0034677768119008054 0.002754833981136606 0.002275435843093485 0.0019748547644677975 0.0018155186868691882 0.0017759235682506735 0.0018509031845963598 0.002050024296415622 0.0024052282894906673 0.003014791956257671 0.004013459235869241 0.005611003248952289 0.008131239205878873 0.012012975425029397 0.017852126902260256 0.026379946962190773 0.03827026930531316 0.05378143966223314 0.07147361841238299 0.08678342418728353 0.09593296498044498 0.09699126391416775 0.09440987591079388 0.08983219977708548 0.08397844514986982 0.07756365938998558 0.07109990222107858 0.06498416474237709 0.05955391982797704 0.05499277394438792 0.05134879982854579 0.048568524227408864 0.04652970719908062 0.045063871704985145 0.043954431086448364 0.0428989955207254 0.041639137966831385 0.039918616498151746 0.037496173850071125 0.035173074435686597
0.007344613422781568 0.005946588268778283 0.004923640705883847 0.0042043586278581796 0.0037335971871246196 0.003472586277901471 0.003396606002017274 0.0034955575665531527 0.0037795483873734772 0.004278784789116648 0.0050875764737806995 0.00637760894766387 0.00834902513631511 0.011298211357067992 0.01563890448124361 0.021812386384625192 0.030190900972110184 0.0409741097863342 0.0538863319250835 0.06788310997147724 0.08098781589792729 0.08921336779112214 0.09284044152410673 0.09381641857159592 0.09245570790897518 0.08923895415548999 0.08473158992093803 0.0795060982616718 0.07407270043157471 0.068827976254944 0.0640303910347788 0.05980306091191046 0.05615478093098257 0.05300754074582157 0.0502200646232405 0.04754953181600392 0.04477706816649117 0.0417223610952715 0.03858381611510172 0.0360831786579531 0.03422163860077775
0.011748241793216038 0.009942281272364944 0.008550794651181198 0.007525387877507638 0.006823556797236417 0.006409506989817175 0.006260042770881449 0.006363373858726611 0.006727207879244107 0.007377627265769586 0.008370649800034097 0.00990607709038633 0.012173645639197142 0.01539802779818094 0.019860401781255477 0.025872354297304584 0.033624988921691634 0.04285104824921525 0.05293299279273264 0.06268622760395079 0.07040756152220216 0.07598929634145875 0.08101354025249405 0.08469204478447184 0.08611972371755117 0.08551402726075222 0.0832633417999677 0.07982709484887737 0.07566125072160583 0.07115844267774704 0.06661108678009743 0.062199213058879384 0.057998163138901555 0.05399824341932184 0.05008377394250138 0.04611425598386486 0.04240895649213231 0.03931001429156284 0.036782437124725335 0.03481459987121077 0.03340383149540169
0.018214400594848437 0.01606917492555182 0.014316284039713318 0.01295451966192549 0.011969198310084287 0.011341331269145561 0.011050315768844618 0.011096691993444738 0.01148214731830465 0.01222036056644197 0.01333587620051428 0.014936881470818064 0.017268808928604756 0.020459293171719004 0.024636173682848296 0.02989401553570608 0.03623314226788158 0.04338084970137248 0.050385673585252304 0.05613894386254813 0.06038661161917302 0.06440927166577774 0.06799632712529517 0.07087798447775051 0.07280823191076086 0.07360586744367248 0.07319024004253465 0.07157832811769411 0.06891361051601956 0.06551123136690304 0.061647100223121865 0.05752768164688701 0.053393095349611716 0.04943189387422831 0.04574485952955835 0.042435375771863244 0.039568669408563795 0.03716390006885198 0.0352184257605015 0.033749614580788456 0.03277484647399971
0.027139958820218312 0.02490720557005992 0.022936758127525582 0.021296092312348625 0.020009587999423692 0.019097351133594693 0.01856891827442547 0.018422881967635935 0.01867048680477023 0.019308400729236425 0.020330660413728555 0.021725808773244235 0.023674043177903267 0.02632216814001886 0.029647179505556027 0.033568315522291656 0.03790565710918696 0.04234226732214303 0.04626653451266199 0.04933714593965174 0.05239672409971393 0.05529984223089958 0.05786617694528078 0.05991408263335351 0.061282940241429086 0.061857350003507484 0.06158720835065656 0.060497668872757454 0.058685533453302276 0.056302943635360723 0.053533291330765335 0.05056608179121266 0.04754714841058918 0.04459153421131631 0.04182067940598046 0.03932598818412908 0.03716814657923282 0.03536351763637298 0.03394383135969788 0.03294086566956511 0.0323879747861429
0.03855349324283235 0.03674429574799787 0.03491319574711784 0.033184279208102595 0.031657644117768474 0.030405127821642935 0.029489679641991777 0.028933004692080967 0.028735356541279896 0.028900176406556254 0.029398344596029854 0.030175412464882322 0.031168826347969473 0.032579831866447244 0.034385237407319746 0.03639375325373898 0.038352535395826115 0.039951650830700125 0.04170932055234109 0.04391481214159316 0.04612308051555637 0.04820812592405778 0.05004266276907649 0.05150265488239479 0.052481280732362794 0.05290334125075053 0.05273678961093506 0.051998269510368775 0.050750970424499074 0.049095297942114535 0.04715402189565224 0.045025691958958704 0.04281995602375849 0.04065111213025586 0.03861642511382928 0.03679451025161658 0.035224905088986666 0.033946262453259185 0.033003127860041774 0.03243801342974112 0.03228917355847797
0.05181035759497276 0.051200978905414356 0.05009434430454944 0.04866848353039401 0.04708535020772943 0.045482094660259896 0.04397244773522074 0.04265512474863476 0.04156399829610733 0.0406968672607752 0.04002998210242018 0.039514947301781345 0.039054303629064535 0.03855302700607617 0.03819290485147582 0.03785350378403371 0.03747548329831755 0.03762918139428053 0.03837333775141948 0.03971830052134167 0.04128460642661393 0.042764873991980284 0.044067681972104186 0.04510666336087311 0.04580919858747125 0.046125070970291455 0.0460332108846378 0.045544867788292934 0.04470234787926684 0.043565183568548764 0.042190797324608585 0.04066783893893433 0.03908848924246959 0.037540111403465776 0.03610129427655893 0.03482644349340667 0.03375640991395947 0.032943915632760945 0.032438750854123316 0.03228917355847797 0.03228917355847797
0.06531301890188358 0.06683736909807665 0.06727167002659999 0.06674103079798503 0.06541621020688623 0.06349361417963661 0.06117096722884686 0.058634664766799155 0.05604439545787624 0.05347208354412148 0.05093746762810774 0.04841707994934788 0.04586358983435199 0.043208196795942774 0.04047268343669646 0.03837165482367495 0.03700089933130698 0.03628315222941215 0.03617327959085067 0.03665568999527893 0.03765704570326382 0.03868212254311015 0.03959132583191963 0.04032289189809448 0.04082608573917718 0.04106642163204264 0.041029659691701095 0.0407198540250297 0.04014768518874245 0.03935365149841248 0.03839439764190474 0.03733552572698586 0.036246193347796704 0.03519479888627193 0.034236799719062266 0.03341356761988292 0.032780065987589896 0.032389773713569964 0.03228917355847797 0.03228917355847797 0.03228917355847797
