_RESULTS/CROSS_VALIDATION_POSTPROCESSED/MHZ/GZ/5comp/3/MHZ_GZ_z_90_kriged_reverse_5comp_spherical_3.asc
ncols 100
nrows 74
xllcorner 5.5967023332191781
yllcorner 50.982320383219182
cellsize 0.00019249356164376555
nodata_value 1.7014100000000001E+038
[rows 38 to 56 of 74, columns 44 to 87 of 100]
2.7079394154128176 2.7348181100280056 2.7415544963772973 2.709281812373083 2.6621885962692744 2.6138764038502096 2.568460192376555 2.5334090784275767 2.5104623429897903 2.497963127148358 2.4936593926592545 2.495333031854405 2.5008678696341087 2.5085074390997546 2.5166606085433174 2.5241046115822514 2.530677298321536 2.536195941644006 2.539920562837081 2.5375875902452596 2.5298246284349584 2.5192961772880627 2.5070319677459643 2.49507747142256 2.5099249428038686 2.563872382432598 2.65476693567648 2.7830814189455957 2.949677326905898 3.1555545077048124 3.393434998937722 3.6554518232495536 3.9397761317425797 4.239779697523713 4.546450961820456 4.845676805905038 5.111512690833859 5.299572826607162 5.3483449694161305 5.218520832206841 4.939650291485441 4.582823963070712 4.208703625484973 3.8529785267628
2.6724521954076637 2.6863844657600264 2.6829557585712966 2.6581008465356213 2.6194293987713593 2.578481018080236 2.5475279180261143 2.527348495462806 2.5184037938674564 2.5189641042401516 2.5267707820613685 2.539442273817816 2.554693753703377 2.5705467740997032 2.5855670541020537 2.5985206217585826 2.608638163953105 2.6156927378749737 2.6188211816954614 2.614007170094638 2.600986414521842 2.5813650036714004 2.557482037217194 2.5310883910468185 2.5216560160572588 2.5578375783901794 2.634869472101433 2.7476602087126314 2.896257208268414 3.0806822122487887 3.2997003833988985 3.541510696326252 3.796762933520334 4.058227287822168 4.316457303708581 4.556256172050316 4.754562506636378 4.880465289661643 4.901341205533525 4.800303021469155 4.593319725793752 4.318819128329851 4.01700947883557 3.71781248808744
2.6254896107724983 2.6289009517702673 2.6192395045252095 2.595767851334042 2.5653541260460884 2.542191643523424 2.5283186221531144 2.524208372565685 2.5306036999164903 2.5457933520346194 2.567529212521372 2.593320288525556 2.6207491982811475 2.647421000510303 2.6712010080442035 2.6904918286498045 2.7044019109227775 2.71280427858271 2.714513029124717 2.706310895674521 2.6888227539993053 2.661925457169129 2.62595735291671 2.5827572620525636 2.5468322655189892 2.553318023738239 2.607297564393477 2.701942880156983 2.8297963864582303 2.989853991072353 3.180603742302287 3.3947864426307137 3.616433107068309 3.837792971427044 4.049234115988167 4.237119591321957 4.383649824314694 4.468789548629905 4.474881618295782 4.393727643276592 4.235495158592276 4.023018944860279 3.782781636827347 3.5374481123434167
2.573650528028217 2.5691217641728357 2.554392301169933 2.5322320957022684 2.5164716707822756 2.509622405718912 2.5121361898489374 2.5244264007361523 2.547250569683011 2.5788909476809154 2.6169032920111754 2.6584076273336463 2.700382304352815 2.739692521004538 2.773546158863358 2.7998692460089796 2.8175711667989733 2.8266444219736426 2.8251589562132735 2.81157842231688 2.787874968480904 2.7558183855616516 2.7101474562361156 2.644504945826134 2.5832545049644553 2.5577647298334094 2.579796084025473 2.649196285115595 2.75494814537041 2.8894109094938423 3.0485817429694784 3.225376248555379 3.412727358021863 3.596056605206711 3.7658096517173654 3.910894521426267 4.0184671386103945 4.075884285090733 4.0734286698421895 4.00684483963722 3.8834228605635652 3.7178611515958186 3.528038640876531 3.33055716452849
2.5202940970782453 2.509328289281003 2.4908138981934864 2.4779360563617705 2.4753084231802887 2.482934303074819 2.50084895120706 2.5293447945951546 2.5691960066654973 2.618618208611969 2.674839392725043 2.734398456835174 2.793313818216867 2.8473884159287572 2.892837264053293 2.9268579539749098 2.948041831982569 2.9562843622568136 2.9488601222716406 2.9264428836895515 2.891825789809306 2.8475072683594664 2.787855714751605 2.705220099958234 2.6266851040377417 2.569824001989687 2.5596982215876407 2.596047232596915 2.676640357655056 2.7852895692713 2.91185084817755 3.0514404664849035 3.1990177118350926 3.347021055327732 3.4812466512429143 3.591926908681032 3.670124937329069 3.7080045556188654 3.700211464930811 3.64456068511627 3.5467711919316565 3.4170876223655333 3.2679920754139733 3.1115908647744512
2.4676350630389514 2.451175265797166 2.435617418198385 2.4324339223288347 2.441103017797068 2.461503106645969 2.4936428574189775 2.537820025489812 2.5950289368113504 2.663528973922728 2.7401424174266484 2.820529567424962 2.899343351001118 2.9708277920870407 3.02970955832934 3.072088233609635 3.0960911690985737 3.1008423831201046 3.0841230927912435 3.048600819544039 2.9975420391812273 2.9328597964312304 2.8532019040182237 2.7604434678799925 2.669104532339277 2.589320318816819 2.547393762139029 2.551608139214132 2.600170348578179 2.682373748204977 2.778376194209217 2.8839970008792797 2.99451891290795 3.1041346629411466 3.2059564290720233 3.2893006865710865 3.345183479753154 3.36886716486184 3.3574261672853956 3.309944840975189 3.2313031983680665 3.1292501306233755 3.012895295654156 2.891171805668908
2.4180039405383655 2.3980512184757155 2.3893601101767117 2.3945287355379374 2.412840881143129 2.444310404573362 2.4892429810773398 2.54822781961935 2.622834358133981 2.71170116956937 2.8112296568843758 2.9158519301953887 3.0183172245691026 3.1106126233840103 3.185245864162191 3.23666605423571 3.262356357548299 3.259808764819842 3.2298532268192517 3.177012349136831 3.1058392693236345 3.0197775004838068 2.9211985300723207 2.813794797564594 2.7082285904595103 2.614736065348091 2.54403181038839 2.517835514442438 2.534559835474724 2.5867435871245625 2.654945074577442 2.7302865555975595 2.8085920661614128 2.884983375092323 2.9540037982886953 3.0099730357096908 3.0475267168385987 3.060642764515897 3.0464050001270646 3.00485722099133 2.940476233515922 2.8596580473330997 2.7695192150855523 2.6768448017781052
2.377606436932729 2.3580566309174507 2.3538049696437113 2.3643741302594568 2.3897310343941838 2.430321028346774 2.4861850447955756 2.558543674862619 2.6500818621949302 2.76054270714998 2.88595500232852 3.0190535152238183 3.149986458964898 3.2675696946801147 3.3609995447070116 3.4221725427058063 3.446722786544995 3.4324903068833326 3.3846187372462957 3.3102392745998577 3.2161011332681073 3.1076165207556166 2.989066421918497 2.8646836385344754 2.7423155959491874 2.635527952551768 2.551410260389409 2.497398561921702 2.4840095166099854 2.5042365449627155 2.5472106928005904 2.595869107290945 2.646486168359688 2.695052048596915 2.7372781473759753 2.7689305875194297 2.78630492496953 2.7868013931434685 2.7681658397214948 2.7303162899347666 2.676280408169702 2.6115012593155575 2.5421810486611336 2.47380405362061
2.348574870288463 2.3319010477588917 2.331055976910505 2.345337765653404 2.3747484851684852 2.4200918583154962 2.48323784073708 2.5665390903751164 2.673551200116499 2.806661557889913 2.9615084826074853 3.128251205578996 3.293699193143423 3.442526833003835 3.5589452886578825 3.630410778816314 3.648871390963209 3.6172383511512884 3.545579430365732 3.445103903145267 3.3253277451611725 3.1933583562771233 3.0543255498501063 2.912061991758746 2.7708254040098175 2.6477744125435096 2.5622886582315996 2.4946911646690526 2.452225747819126 2.4421891136977165 2.45984589093361 2.484963485220213 2.5118223122103553 2.537129470024176 2.5574908398668836 2.5696995910277436 2.5710994037880868 2.559906309281273 2.534175166868801 2.4947534576412673 2.4450953749769586 2.390438365208745 2.3367557154642324 2.2889610211151292
2.332827173729827 2.318490167052658 2.320131619317626 2.3370712087083687 2.3692191151836113 2.4172020239615315 2.482865443586401 2.5706292612880968 2.6893643073965863 2.8460483423011933 3.0347301831151996 3.240746025638281 3.4476089838367003 3.635574751947559 3.7812318216884266 3.861618457823035 3.8677419484340967 3.8100959549794893 3.7071624854816037 3.5758656733674363 3.428424773969005 3.2729261196979795 3.1146823933237022 2.9573227264967006 2.8044542579893443 2.6729501088019068 2.5780628936237857 2.5031783162607275 2.44296834515907 2.4044954788364006 2.3967358408838115 2.4008337329344047 2.4071506324279457 2.412907443411089 2.4153473598631816 2.4119584583741136 2.400736236340399 2.380067936495561 2.3482968617555087 2.3066239049428594 2.2583178398354264 2.20899825154375 2.1662262112518182 2.13607176200808
2.329783142586079 2.316965337134289 2.320306862708149 2.3391474383461346 2.3732621469728854 2.422866141285044 2.4889017800597912 2.5746104485085484 2.693846600391782 2.8759101064829826 3.103765080687538 3.3525446468478175 3.6065652321678563 3.8438043072989903 4.02762973161467 4.116450500639319 4.099160024328192 4.002167157821628 3.8592144325142597 3.6934154262418395 3.518061568358424 3.3407631307422156 3.1662397441289993 2.998010841808796 2.8403521435386985 2.70489112413447 2.596820782985744 2.5122507520536925 2.4444348634731723 2.392669359789512 2.3612355916189465 2.346206578176391 2.334475883658709 2.323577068898565 2.3111738889408495 2.2952041451144436 2.274048752574171 2.245692758165907 2.209063521967148 2.165058678216807 2.1161493879747617 2.067673287674025 2.030594607161479 2.016753740848244
2.33870937319553 2.3265851933171744 2.330921691194238 2.351170071960836 2.387131036991603 2.4388642152849482 2.5066225504311648 2.5907943861418428 2.6919429736117806 2.9078161532335494 3.1709130478419474 3.4565889283633697 3.7573218194608087 4.052939230284973 4.293877010535349 4.394355090262002 4.329782762853217 4.174452059330099 3.984907134498867 3.7850007862034802 3.5849554051322023 3.3899317083299367 3.2031420301830025 3.0271945102687354 2.865096490410492 2.7249727369562873 2.609907385941062 2.5184885357834355 2.444996731049436 2.388797442889906 2.351273624962741 2.3237232844137155 2.295757876558573 2.2703486195388702 2.2454224844283384 2.219201161420912 2.19005001467274 2.1557668027373507 2.115829759316183 2.0705827897106572 2.021176325087569 1.9702214458276586 1.928980455733595 1.9349494812039938
2.358967411466669 2.3466095455904328 2.3511661069960077 2.3723346383987725 2.4102168613664756 2.4653580293711945 2.53907838686786 2.6350701306577347 2.7683020917770076 2.972101579768834 3.2356471195609435 3.538966374809014 3.870027284434429 4.219461048406236 4.556073404803055 4.685100871226324 4.516064800867809 4.290907079170484 4.06096767268314 3.8360037510059284 3.619529235249223 3.41357899946965 3.2197464213196594 3.0395480396657173 2.874851682332172 2.7323155563724923 2.6141178204701454 2.519443923059344 2.4432071864283342 2.384954408907759 2.3459426293811627 2.318935063055956 2.2883038578269037 2.254556921657693 2.219113728660992 2.1843477129797244 2.1484274586112266 2.109940937687145 2.0685505365557604 2.0244419794620874 1.9783456486339062 1.9317221461593017 1.8917988466683915 1.9127767497692658
2.389973492844362 2.3762338599685644 2.379967559912494 2.4011982205596287 2.4404592088218218 2.4990109844022848 2.579507594721525 2.687672747712989 2.834784517470093 3.032070110865874 3.2790785307507377 3.569978768591281 3.8958141251200193 4.249073760047352 4.617547061922642 4.766795065063594 4.538990989035061 4.296944398733357 4.06089751297314 3.833276469660405 3.614865782858955 3.4070247377791754 3.212501482568939 3.0324529233567983 2.8684620001339556 2.7267457157268504 2.6087996410061853 2.514192047768163 2.4383071928415925 2.3806291964706734 2.342462452356064 2.316789304892219 2.287718758109272 2.255646328438557 2.2213973793303086 2.1852280597587046 2.146906688997503 2.107057993256932 2.066377164015069 2.0257468563168604 1.9866394597149304 1.952528558670787 1.9335289614187778 1.9433576887485229
2.431189999248899 2.414597071108503 2.416052562052168 2.435882297639763 2.474940514169552 2.5348668205217266 2.6185966209691314 2.7291077687387104 2.8717889599917177 3.052865961895957 3.273649331114504 3.5310009219286123 3.817825248819187 4.1118381764073355 4.364167606261891 4.458230120957662 4.357433303018616 4.174195625837277 3.969812891769515 3.7633425745084264 3.5614123718732382 3.3667525913794467 3.180663260262039 3.0055922000614244 2.846273787683856 2.708874034814632 2.594371348793033 2.502793383906999 2.430216782692089 2.375724075342722 2.340755821108504 2.3172805159861314 2.2903823169831274 2.260658500946242 2.228642035732444 2.194174261507069 2.15791536482196 2.1206612938479497 2.0833760623573903 2.0474013475104154 2.0148826439431704 1.9896226755077522 1.9776650609903155 1.9836117708517387
2.4816607416326244 2.460551271086719 2.4578852713078323 2.4742268164439225 2.510481602909217 2.5674655249475147 2.6441591326469 2.743960553139835 2.8712035839686516 3.0289859527164236 3.2172768775919742 3.4318243605719023 3.663041872558903 3.886055212866709 4.058121937850541 4.129093640596849 4.085630556161958 3.9649577095580946 3.807090793740923 3.634954111925528 3.4598084077081035 3.287202303430038 3.1199931575909003 2.9597287799538177 2.809959962987697 2.680167989409208 2.572011033567372 2.4859631475391075 2.4193945901803793 2.370535984610677 2.341022652383246 2.320302734670205 2.2961360657763144 2.2691050145931877 2.239205966840811 2.207131485812396 2.1736947907265525 2.139827970082553 2.1066810841919454 2.075791685976389 2.04924781718541 2.030024132042126 2.021509080466294 2.0256895658345004
2.5367369856609123 2.50922045752971 2.500304347620488 2.510647664371154 2.53964771100255 2.5844980970957323 2.6472378640663186 2.7304883158348194 2.836589188414534 2.9665975122798884 3.1190977940311875 3.2890489005978165 3.4663891758729832 3.6314524667049946 3.7541661737614334 3.8102035296767536 3.792573863290135 3.71550167821586 3.600673550425067 3.465675886023116 3.3218201767005886 3.1758104144071218 3.031556305592283 2.8913898386843147 2.760551535006996 2.642859370654345 2.543514123901611 2.46508752164978 2.4067178776184286 2.36570429220988 2.3434052347566796 2.325675884777308 2.3043637230176532 2.2796813152754103 2.2523572951564574 2.223184666489551 2.1930399159710516 2.1629288623786143 2.1340577894074606 2.1078898626098113 2.086172109497939 2.071068052651095 2.064584750159757 2.067750328034015
2.5944681769887423 2.5580074572434253 2.5404371333727314 2.5409163267823076 2.5551098142001742 2.584036415048876 2.6292786485365887 2.692333279530272 2.774173267056594 2.874590103491564 2.9914237865651008 3.1197686790465218 3.251230715313135 3.3726586873728066 3.462552241017472 3.5071198889936555 3.5024384770586807 3.4542751198851334 3.3739959646031767 3.273078362458669 3.1604872957224 3.0424351421895643 2.923016062776591 2.8055536700469257 2.696504192672317 2.5979757979430538 2.511141084612014 2.442142711266415 2.393387507397925 2.3621562211493496 2.3474728228361754 2.3324879165010386 2.31365515772683 2.291674110275357 2.267299679822909 2.2413505608713318 2.2147283389397043 2.188447535199254 2.1636668445680374 2.1416033116705444 2.123724196253722 2.1115836937519044 2.1064585294610234 2.1089540851474093
2.6534236514624046 2.605295418827051 2.5759532603582516 2.559882448908859 2.556822983083858 2.5677005101545616 2.5933674070475172 2.634444671067279 2.691010637084207 2.762194792049813 2.8457269147603927 2.937514616106549 3.03139669884244 3.119119647355907 3.186051455516166 3.2223677845502445 3.225085520262633 3.196677316990891 3.143195181174844 3.071471567985305 2.987691895990886 2.8967439933004897 2.8022388039300576 2.709195383762244 2.622936280660899 2.544965745248181 2.476421419397389 2.4192666497751203 2.3808063182579144 2.3606164750416223 2.3517824991005036 2.3394163247520336 2.323386704615202 2.304401015324771 2.2832205865401125 2.2606665265068946 2.2376305695858854 2.215088665067416 2.1940236399072846 2.1754955181679576 2.1607178498695347 2.150827689677114 2.1466919588423017 2.1487026649830416
