_RESULTS/CROSS_VALIDATION_POSTPROCESSED/MHZ/GZ/5comp/3/MHZ_GZ_z_250_kriged_reverse_5comp_spherical_3.asc
ncols 100
nrows 74
xllcorner 5.5967023332191781
yllcorner 50.982320383219182
cellsize 0.00019249356164376555
nodata_value 1.7014100000000001E+038
[rows 0 to 18 of 74, columns 43 to 85 of 100]
30.076196703068014 30.122370321914893 30.25994412032651 30.48681016058073 30.800011872861898 31.195691234390065 31.669046513810027 32.214193264661695 32.81590627272424 33.43077772471601 34.039398385511554 34.62006807575927 35.139065294283824 35.53706169311618 35.71105656985642 35.55140585038289 35.083996696464155 34.45541077327097 33.78600425375001 33.141344339760245 32.516883298766444 31.906166344928526 31.323105516356094 30.778909083066118 30.28323885074747 29.844790406324694 29.471613588574343 29.171309163039233 28.951161438472578 28.81823250505695 28.778877601725757 28.778877601725757 28.778877601725757 28.778877601725757 28.778877601725757 28.778877601725757 28.778877601725757 28.778877601725757 28.778877601725757 28.778877601725757 28.778877601725757 28.778877601725757 28.778877601725757
30.39661845526248 30.437441265148763 30.571801396990278 30.797947372643886 31.113065016185153 31.513464561924266 31.99472527908267 32.55174157395486 33.17785084602939 33.83529195432034 34.49726091825032 35.1492967188906 35.769924749267304 36.31534720111965 36.65385014564399 36.463403305434475 35.78185507885634 34.96277038494375 34.14768803564648 33.3888579843942 32.70563746615206 32.05958348701921 31.448218258638576 30.88055639844942 30.364888725933554 29.909014632639817 29.520373847767527 29.206282606786328 28.97561177498972 28.83452670453024 28.788374329050022 28.790930490382046 28.79183350466003 28.79087421211884 28.788275009748197 28.784679670694096 28.78112473269337 28.778995931918033 28.778877601725757 28.778877601725757 28.778877601725757 28.778877601725757 28.778877601725757
30.701951996017584 30.729673347086134 30.853563183203125 31.071578065233744 31.380514682766414 31.776359317728563 32.254544820290164 32.81010917370267 33.43774915458572 34.11419402327162 34.800504645146695 35.486646986362985 36.162570580223004 36.81657816476016 37.42937464858016 37.20982604517152 36.22862150946394 35.269786169944304 34.361075190515905 33.52595585976077 32.78354260075902 32.12119351016064 31.498217063132756 30.921066254449116 30.39739072903615 29.935431599631535 29.5465299812258 29.236359162818193 29.00963223635377 28.871170860151196 28.82603412822332 28.83171964832048 28.83368253741455 28.83159614397642 28.825716623374927 28.816783606692724 28.805982278358773 28.794886515618114 28.785390393235822 28.779635510210245 28.778877601725757 28.778877601725757 28.778877601725757
30.977689878857596 30.985910909209725 31.092976405923423 31.295973476901523 31.590826532139836 31.972687503432322 32.43621671884172 32.97576892329918 33.58543175212977 34.250291841817976 34.92400674472697 35.5902629165678 36.23254360659372 36.81748889216248 37.22407843644939 37.008233108771414 36.20914198208311 35.2908889958246 34.38132982544701 33.52659746683686 32.756259265241084 32.08525665695246 31.46907066963754 30.897496261088115 30.383968970570407 29.938279080904493 29.565212802330592 29.269308666268007 29.05504428289966 28.92700774589369 28.890047160947844 28.899263460772012 28.902369090658265 28.899067507220423 28.88965752323454 28.87499913908113 28.856461931671923 28.835849072244663 28.81530822178442 28.797240242893352 28.78421413733775 28.778893133568374 28.778877601725757
31.21095160864383 31.19503566961238 31.280228609494788 31.46235933290238 31.736127042045393 32.095395064536355 32.533432793720586 33.04312845514948 33.61697312306377 34.24264049623682 34.86988412229211 35.470098522489856 36.01274048134393 36.438411836723446 36.625343686538955 36.41534714653876 35.82840457925834 35.04823916059822 34.209952658463735 33.38701486955002 32.62551618684107 31.955677251521337 31.363856089582725 30.82218124007899 30.339928137009814 29.922790292573186 29.575746881375803 29.3033609480108 29.110028708213182 29.00019954645999 28.978316797962535 28.99130365325422 28.995652035777013 28.99102895636048 28.97778844138678 28.956945106451542 28.930101909007718 28.89934613487666 28.867131337975966 28.83616139971712 28.809287938930737 28.789426475335432 28.7794918723593
31.390955185823653 31.348455546941178 31.40842270849366 31.565368160174124 31.812650427279728 32.14252892798458 32.546324427665006 33.014838553034856 33.53859555901531 34.105262388384844 34.663367216039234 35.174522600831196 35.6025262436865 35.89119583726295 35.96371206875549 35.756933849059536 35.2838654970089 34.62921021205931 33.8855971045316 33.124654209977905 32.39986986430692 31.751495267435644 31.202243324545652 30.707854072247127 30.26832814050599 29.890108616125268 29.5785854431651 29.338494219011974 29.174239370869632 29.090175515849847 29.08837466182117 29.105477346892844 29.111191853502977 29.10511615675309 29.08767764364097 29.060094416072168 29.0242710012586 28.982652339732113 28.93806465875432 28.893567221283156 28.852329348341033 28.817537427467204 28.792329715351723
31.510244837947226 31.440950569723945 31.474101944442385 31.60326591526425 31.820703272777507 32.11699968370425 32.4809533521124 32.900575263438 33.36466900355636 33.86109858005297 34.33938814771916 34.757759479498226 35.082590409872566 35.27082334808686 35.27698496003618 35.0726995936725 34.66781552698996 34.10859246169007 33.45571616094857 32.76770148584855 32.096667805917676 31.497048761658235 30.99886802814228 30.5615354080797 30.174051751882242 29.843598353385392 29.576007363390506 29.376214494008934 29.248635824298464 29.197505231450936 29.21763555429706 29.23930496545256 29.246541120767105 29.23884753484681 29.21675195413028 29.181747495538456 29.136136894221444 29.08282207449404 29.02508641027257 28.96640509022317 28.91030045863762 28.86024347716806 28.819593416971863
31.566196109561783 31.471499229166422 31.477557941386024 31.57774176634564 31.763920255290078 32.02546920017701 32.347999568749 32.71488123180502 33.11367837610289 33.535187095359824 33.931463684617476 34.26309477442743 34.50198648333478 34.617006545176785 34.580643121607814 34.379154441914324 34.02064040011445 33.53402122407771 32.96048722657291 32.34557348993577 31.744135809222847 31.2075561977129 30.76612995539112 30.3923938066803 30.063869302605163 29.788245200138476 29.571675983794627 29.419218309859396 29.3352203563996 29.323694321562293 29.363351193103952 29.390162238267507 29.399120554052733 29.389596037799354 29.362258362746857 29.31898344393975 29.26261180835434 29.19663699708629 29.124904285701113 29.051370652482923 28.979941486096305 28.914375313268074 28.858238013871784
31.561724486021962 31.443768666721944 31.422879505437567 31.49336953681931 31.647783768011234 31.875957598756603 32.160799092335694 32.47470044176853 32.803782455535874 33.1496029776922 33.46695875591318 33.72163774626064 33.89058724221689 33.95118114224303 33.88602982650559 33.68826065281157 33.364818414138355 32.93572399584305 32.43043846596275 31.8881397296395 31.363979221581605 30.89642559869217 30.517078390312825 30.210520042480383 29.94555449430794 29.729996264740095 29.57012616774191 29.470980013151564 29.436701085536736 29.470454191145272 29.522526687426875 29.55522751502241 29.566172815652237 29.554536062496183 29.521195499592906 29.468577713242723 29.40026637144218 29.320528273197365 29.233895146072953 29.144869008394885 29.05775309269023 28.976577302720614 28.905081913004473
31.4942410908919 31.366115388438885 31.317931941721923 31.357349959917684 31.478172475485817 31.672899236074166 31.9298007344515 32.19456909128109 32.446525587622816 32.72082199309602 32.96696207602544 33.155973469444845 33.26867384301123 33.28827779635313 33.20335532703019 33.010570857209885 32.71602753900975 32.33467701469866 31.88879838134738 31.4210729415617 30.97282026967885 30.57687035417061 30.26434948897639 30.025988721414187 29.827133261901462 29.67514944258799 29.57625097897592 29.535306299432996 29.556102554778153 29.6291189769324 29.69180312590624 29.73138813104152 29.74467974015508 29.73054918782913 29.690195498661765 29.62686738394162 29.545198266396405 29.45046793483544 29.34802965090896 29.24297376544412 29.139984955996372 29.043318341804287 28.956832954024193
31.366412001744852 31.250931644170866 31.17444736882453 31.182135212463365 31.26941159333082 31.427129546519694 31.642057791302523 31.86059755118613 32.062982018928395 32.27916051901753 32.461757669592444 32.59145217610246 32.65461567550038 32.64078918391042 32.54254043235746 32.35613656193941 32.08700776055485 31.74697790534949 31.357197950106897 30.960447237142997 30.585218020596038 30.2613080863672 30.018567372490505 29.84828259507965 29.716352878552748 29.629869928926595 29.594848848838296 29.615897765373283 29.696065961482244 29.792215097379042 29.867256228153494 29.915076704984813 29.93121795366313 29.914059378769075 29.865321653989184 29.789533653364902 29.692838741139248 29.58182739144718 29.462790145429445 29.341396633365324 29.222643330704017 29.11092378141591 29.010133948264897
31.187636016594528 31.10008440808427 31.02278019601656 31.006904886764016 31.062623808568418 31.17845707691892 31.33671554374196 31.510962757458223 31.689442931604745 31.860738095050646 31.990386077494335 32.06871641307818 32.086673183184864 32.03779152773272 31.919735236095175 31.735125808109828 31.489073096986058 31.1860376129355 30.85097377264317 30.519607393588622 30.213961131821033 29.961284752433325 29.789777141615183 29.68605120974639 29.62039808542776 29.599884016683397 29.630285604567447 29.71595903656736 29.841445950193744 29.954433152776396 30.04404950579848 30.101985232869943 30.12171067852317 30.100745041112503 30.04172038308004 29.951256418054044 29.837683400070773 29.709215330137837 29.57310574556079 29.435492072082532 29.30153738037808 29.17564236025697 29.061636637320454
30.982967859256235 30.934532113436614 30.888917723468428 30.856292815731624 30.880991179464345 30.958163723259098 31.07298141396652 31.209877857031138 31.358600384312336 31.48495746730965 31.56813134880502 31.602044380887722 31.58118129269803 31.502253865337764 31.36530442176811 31.17420224922619 30.93662845528 30.66396357988953 30.381131536100657 30.11014377272353 29.870590565332982 29.687699191996213 29.5875142150065 29.54713708786345 29.545848700563603 29.59038537678215 29.686329992808037 29.830994543361992 29.97729744219467 30.10892994867383 30.215830336934914 30.286559786068512 30.3110069729454 30.285029479258263 30.21301664827178 30.10518626159454 29.97296152205028 29.826344683086486 29.673357316504106 29.520337749414903 29.372390833559653 29.233763421443037 29.108111847376385
30.774199050209123 30.764583069253533 30.75466846130826 30.744332027411215 30.74450816191987 30.789115434111412 30.869518210740022 30.974350718812882 31.08734331846355 31.16862853328855 31.208538235980875 31.202376121893078 31.146976557647033 31.041397712364343 30.887479783371912 30.690054037237253 30.456889468219035 30.200589988721966 29.95766161155511 29.742667715176303 29.565975653649712 29.451173051391226 29.419629540125918 29.438797719139455 29.498855088942825 29.606176800421803 29.76273723277397 29.9312176670301 30.09526978744673 30.246588862573642 30.373663767761254 30.46106874224745 30.492181446177064 30.45913903514812 30.370251842451314 30.242218836217837 30.090354843611124 29.926055655255112 29.757545367985237 29.59094552650245 29.431046284279883 29.281795591386267 29.146598640240544
30.568738645062027 30.597239549343048 30.623583793729797 30.647019773980098 30.66633118335817 30.687955553724073 30.74020316501193 30.817489481785127 30.887235345298986 30.924366194470405 30.922955828329933 30.879363042252695 30.792102342207112 30.661973813186066 30.492180900635706 30.288314361018642 30.058316349547088 29.816471394246058 29.59977117873347 29.42747211939477 29.310869968950648 29.26245615891921 29.293726375019556 29.368049404599823 29.485483960223778 29.64800565171076 29.82528520358701 30.006317998648086 30.185546805212027 30.355315034116742 30.50418016978021 30.61363419708686 30.655399205227173 30.611108941298294 30.500061307221138 30.350323339816697 30.18011827235502 30.00073342752556 29.819741237563395 29.642650983027423 29.473774594211466 29.316704555165014 29.17458522011901
30.373233751382717 30.43898669487952 30.50196067788649 30.56075606116522 30.61369240075103 30.659243332858576 30.698029904674044 30.74310650300293 30.767780574086025 30.76209496185161 30.720803515657703 30.641380323249045 30.52376741954606 30.370176432712388 30.184910228606554 29.9742194127605 29.746351919503994 29.517018278940295 29.32319832849431 29.18309646636279 29.11640094527653 29.132771649131744 29.217406759010256 29.342050497196404 29.502854633982857 29.677201800379216 29.86064202613315 30.049240351912886 30.238081618963893 30.420588860189245 30.587245371269862 30.72237729650623 30.786144362185404 30.71893807042649 30.582474579546826 30.415142035126667 30.23231728700686 30.043396182252767 29.854889769838817 29.674105738342604 29.50947543183281 29.359442547739654 29.22272413820456
30.19343794587302 30.29554138769236 30.395368158533394 30.490825025823064 30.579576012947683 30.659483297379403 30.72647809099818 30.753794496253605 30.7373551134135 30.69026141480784 30.610119273382956 30.495681304062956 30.348310153138204 30.17152606922988 29.97063998817786 29.752589133044722 29.526140813625634 29.307694123253036 29.134553385701984 29.025122546848607 28.998640298103883 29.07119866281086 29.19663664230597 29.343681265899217 29.50621444896338 29.68129045708765 29.86560852492184 30.055299968575067 30.24556296086798 30.43004035516606 30.59974867077812 30.740930766296497 30.817724148068383 30.73720684124558 30.59485650366507 30.42452086397805 30.23976108875693 30.061511882202595 29.900908154476213 29.754494641093427 29.618632194226663 29.490252679096766 29.367380669716685
30.034184273063047 30.171706412336174 30.308514519557257 30.441761318745662 30.568265566996665 30.684080508934823 30.76542060112475 30.798530891830268 30.780650380695285 30.712396285401777 30.597854129766844 30.44844285434139 30.27109257375189 30.070724877550266 29.85373447881398 29.627904250930097 29.402805635512408 29.194704937251952 29.04147724944784 28.962504708293192 28.971990981902216 29.05937865608714 29.185150977939262 29.329362051119105 29.488652984064352 29.65993960072414 29.839714983136844 30.023790892156587 30.206840059810812 30.381557602879493 30.53698843025207 30.654643745862487 30.701489302821404 30.651862980492346 30.532638720212326 30.384558623136098 30.247461860329476 30.12472304768784 30.013756470559123 29.910391990180084 29.810177907066677 29.709239433401212 29.604910397056273
29.899510083167314 30.071296156046845 30.24506405876672 30.417136678493478 30.582662472935052 30.71923663962125 30.811146382337 30.85131794189124 30.835914805375424 30.76533142078014 30.64421944987879 30.48050516193126 30.283943692304348 30.064873021624734 29.833550705292467 29.600160542645504 29.375386734807556 29.17356600399203 29.030024746299336 28.96230245260312 28.977691190045157 29.04679115873924 29.16076793393831 29.29896949266655 29.45144263425802 29.6148556834003 29.785354439550826 29.958260879856702 30.12756428315861 30.285070256408837 30.419063245475293 30.512856178932875 30.546764031646596 30.510764027844584 30.436841445715096 30.363779658843505 30.298049875949534 30.240319545833284 30.187582754573267 30.135028205075514 30.077359770462703 30.009786339554427 29.928816518749663
