_RESULTS/CROSS_VALIDATION_POSTPROCESSED/MHZ/GZ/7comp/1/MHZ_GZ_z_250_kriged_reverse_7comp_spherical_1.asc
ncols 100
nrows 74
xllcorner 5.5967023332191781
yllcorner 50.982320383219182
cellsize 0.00019249356164376555
nodata_value 1.7014100000000001E+038
[rows 0 to 18 of 74, columns 0 to 43 of 100]
30.97931832755752 31.575954722580878 32.1468482165396 32.64305946962316 33.00200587382253 33.1638194964491 33.10510192146804 32.85422124477183 32.46621400710605 31.992668042759732 31.471376915375522 30.928236522189952 30.383055312622666 29.855730446772878 29.355004627582403 28.88850933410484 28.464776157237964 28.093478010800617 27.78544101373334 27.552583852965114 27.40756683938167 27.304641490171694 27.208890058488972 27.148946792084637 27.15875870663184 27.232422172042053 27.367644619303782 27.555304858959857 27.77046259656822 28.00370991687886 28.24613055846903 28.487565293866624 28.71646928170894 28.92001124789389 29.084671753691342 29.197606295888708 29.248776919301463 29.233252807535003 29.152556871483704 29.0142342770983 28.829918674899286 28.612990710075742 28.37676985063679 28.209674854162092
31.381460973247094 32.07795578527165 32.76665784528968 33.39283518259759 33.86625754092763 34.07447408295206 33.97107578757901 33.62607592174015 33.14027842580934 32.582943952235674 31.996496897258215 31.4151781263675 30.848592852770228 30.301587984751844 29.778922945153496 29.286638244754688 28.832525413959637 28.42606479226629 28.078179612129567 27.801019280646955 27.607829955271168 27.471596343567395 27.340873682249985 27.263742860398626 27.260663806915662 27.336428444550325 27.486324396668614 27.69687423774881 27.946004309348204 28.21570448853612 28.49703377832318 28.77943295584309 29.050281818528674 29.294610470501553 29.495391047170198 29.635094873048363 29.6990143831166 29.679578800822355 29.57915148131259 29.40911389575055 29.185995339343705 28.927396065674156 28.649521991693298 28.462155774366604
31.690605278816463 32.47663401129725 33.283285446174006 34.06543673683316 34.7150049067983 34.99845107289711 34.79074196512173 34.3004231864495 33.702541415134235 33.082810664819746 32.475245387875695 31.885389421778292 31.313886839785305 30.760726003577744 30.227631340089 29.71919764569214 29.24289018897773 28.808422310446947 28.42712579598869 28.11158547858478 27.875491792552058 27.7031776477674 27.54366194772676 27.446201202034604 27.42118525485609 27.474355065029123 27.61101781101124 27.833285796618007 28.11306002612333 28.418039076330224 28.738290680074087 29.06338450298241 29.38018406039951 29.671868095729494 29.91729574009397 30.09207295559707 30.173382143281113 30.14856078614654 30.021631577058145 29.811090640571226 29.541383344563393 29.23572595360505 28.913573085102684 28.693398161833507
31.871001170150677 32.717504649142384 33.61090601963119 34.533431403947226 35.43764082188015 35.906204119290194 35.422471371279144 34.762825834437905 34.106439469847075 33.48004004427211 32.882991186609914 32.31020769524912 31.75546301207887 31.213865529361623 30.68433506271573 30.170804182959397 29.681411530748697 29.22685014462536 28.819247555378062 28.471801822786635 28.198773497234402 27.98995021979218 27.80425267394271 27.68226904169927 27.631340961734846 27.65823721435108 27.76926037034867 27.96994590508338 28.262207057231926 28.59964822979685 28.95699559978027 29.324694617610504 29.690172726229036 30.035971024373854 30.337223030185868 30.560119211195858 30.66701617856047 30.634133028167216 30.469263666797197 30.20543691477926 29.879927154580443 29.52245077095337 29.15424123123138 28.889598846292365
31.898107811158134 32.7587504922021 33.66817888718817 34.60955484320933 35.53998245001274 36.0344109066076 35.53554548152837 34.910574519506326 34.30577734632499 33.732829856601235 33.18895075147339 32.666498319926895 32.15535363757906 31.646170889232366 31.13546554222776 30.62821139261393 30.135142175411815 29.668940667212613 29.242768977142518 28.870431871111883 28.56680269179752 28.322638333495032 28.10967271875872 27.958456500077727 27.877049496043682 27.873312548060674 27.954572260877836 28.127356288192168 28.397114353425607 28.74922383222244 29.139130438057094 29.546057491661937 29.959466864630325 30.363808175443367 30.733674598582418 31.025561262630113 31.174444206085706 31.127849587140034 30.904060161295522 30.569197793396096 30.1793064017216 29.768365372009022 29.356400827939588 29.03899931556719
31.768149742684294 32.59480153935001 33.44598422957733 34.27601688211399 34.97357463220339 35.29149441350124 35.1314990210359 34.73892592801105 34.28412063102296 33.82507425837145 33.37751427913226 32.94034432418002 32.502427441174895 32.04816598131548 31.570659679395686 31.079682788697195 30.59212324343165 30.12338167326556 29.68719152896138 29.29757255937775 28.96997237851663 28.692505138876413 28.44753431247396 28.26188290705299 28.14489854811188 28.105580895771098 28.152246273105735 28.292317090163177 28.532181405853024 28.865468581239824 29.270759690704494 29.708714775256407 30.162641303584675 30.621912835468162 31.067878419705806 31.458633620685777 31.688435360123552 31.612846888014772 31.28940866251116 30.86515988981019 30.409820285475636 29.951365205131165 29.503756175878877 29.132978644684194
31.499102088085852 32.258789179643735 33.01431472726415 33.70807607477967 34.24464143216557 34.524626143024385 34.538432443971224 34.35853443910828 34.08181672989078 33.768668585904145 33.447105877830985 33.12469850767862 32.790968622006275 32.41561098978812 31.98070986092746 31.512707706222333 31.040333417506844 30.579805261511556 30.143479520273214 29.744857575996843 29.40004302540941 29.08863997171566 28.80603515675584 28.580293250740212 28.42222880120307 28.342002156060946 28.348807329862314 28.45073930105883 28.654759241400168 28.958672767508766 29.342969307666255 29.795570956584676 30.27346898691366 30.768278970181257 31.27266807400292 31.77237267667834 32.18816139684525 32.022293356011886 31.54361208723036 31.03889981691194 30.537818590860304 30.05006298378238 29.58192681662306 29.167674569294675
31.122171967913275 31.80073756608286 32.45639998526585 33.036769508312865 33.48035208958663 33.77064460049964 33.89187220953745 33.86944251877275 33.753502929622286 33.58825127128336 33.40239012040641 33.210453103291876 33.011132573799586 32.74789164639485 32.34826201857891 31.909489099450273 31.467088152498384 31.029347417061775 30.604675354092624 30.205827761216465 29.85002532511653 29.50029921707957 29.173876403719433 28.901998527846228 28.697160638014424 28.570654627677563 28.53234662155056 28.590663797922776 28.752667259344182 29.017818680289963 29.365465843290618 29.79603497280839 30.274066068763112 30.76908071435332 31.273834074367645 31.774379841383322 32.192989300745886 32.02538773417476 31.54512599900443 31.039867131634974 30.53851329801053 30.050592310814867 29.582343389376604 29.14573705929369
30.671466271349214 31.267338104693653 31.83250675089858 32.32448234595993 32.72464556703552 33.032903098666196 33.230044501360425 33.32414594451149 33.34070928192015 33.3081732111204 33.24938276429784 33.179268105298334 33.104576256547496 32.974734965540534 32.621370140210594 32.24675438949834 31.861431573597727 31.465994790507146 31.066369323480174 30.67597759855822 30.30961224841155 29.917144999047 29.540007251228488 29.215686685018166 28.958530070607054 28.780815771548298 28.69275717530813 28.70267892906895 28.817204024928504 29.035365167733694 29.33520495631219 29.715553722420797 30.16432798295949 30.624106683562786 31.07084629263771 31.462796342431343 31.69382931098336 31.61776546963487 31.29296154642581 30.867726585196813 30.41175498628063 29.952873673471576 29.50495814720138 29.076778154811695
30.17787267313603 30.695176649275258 31.181348664734614 31.606300950764194 31.987565301244043 32.31286726330292 32.56632454252595 32.74822057485061 32.870629789364926 32.950012581251286 33.00079998650322 33.03021037303683 33.02970802946311 32.95505308749196 32.768413345487104 32.51370537673265 32.21767183483381 31.885305347777326 31.52309447198394 31.147501467397547 30.762784045253106 30.32502687142824 29.891554539685515 29.50991842571967 29.19573388013178 28.96296384726264 28.821838899131645 28.780082891526277 28.843376894631152 29.008488799690834 29.252164106036773 29.571517539990637 29.96199224725596 30.366950406125525 30.737598677042516 31.03035708676517 31.179824985964633 31.133034136462168 30.9084564457301 30.572740287832055 30.182143817897472 29.77065463883765 29.358262087795783 28.95774844710271
29.667309018293082 30.11176281498097 30.52874181468991 30.907030603431167 31.274454851814994 31.61268040833533 31.907809623874055 32.156176957364465 32.36214120886734 32.53360265045746 32.67656982393007 32.79299927239636 32.87371091996707 32.897100045299325 32.84746892974509 32.72888793719456 32.54543386752293 32.29409788584206 31.9780251432838 31.61778465358951 31.195017646948443 30.706108570177232 30.20912482134463 29.766949706963935 29.39628563060807 29.108675067490424 28.913311627501237 28.818806843689632 28.82959663494819 28.938318177389867 29.121551664746143 29.375446281299723 29.69415776456417 30.039651966016773 30.34155818619787 30.565053748320913 30.672285166422242 30.63929536532467 30.473939474154864 30.20946729880404 29.8833210488671 29.52528288704888 29.156479192100086 28.791815946116206
29.161186476774237 29.538301468536993 29.89359730241415 30.2367217304439 30.59039370285013 30.935861636486102 31.260474592130567 31.558482969051948 31.82858231991354 32.07257610153848 32.29433905464228 32.494135506287975 32.666240707090445 32.79989684722119 32.88433665679771 32.90939303607871 32.8575437266133 32.703831801621604 32.43742965768 32.07055685029128 31.590333834080354 31.041386698064024 30.47722716234395 29.971379474554176 29.54417593054741 29.20561400171544 28.961955047708525 28.817223292164908 28.777101258244564 28.828709970440098 28.951409218951362 29.140876069456255 29.39025290637706 29.675794096833176 29.921745386309205 30.096949640926358 30.178476269257114 30.153587141753952 30.026329940550454 29.81530397106795 29.54506009418587 29.238880490658204 28.915922350961644 28.591178466306978
28.677478586738854 28.991986477287114 29.291550612538224 29.60378323756383 29.941238339738874 30.28747863537964 30.630767647568735 30.962139180804506 31.277840367831267 31.57924898667106 31.868196388380778 32.14513012440084 32.408044782290624 32.65262135906614 32.87210224881644 33.05224410152795 33.15813296092301 33.12569021527452 32.903913886791194 32.480582031796246 31.92197585121966 31.304701872511952 30.677689082898468 30.110081376248885 29.630428507734187 29.24575903235887 28.95987425034147 28.774384328071978 28.688878583044875 28.685145780213006 28.75071694708072 28.88069982072297 29.068319414367977 29.298582539441902 29.499783372354283 29.639806237486464 29.703880147052764 29.68439701868165 29.58373218781111 29.413320545820053 29.18975607122936 28.93069063774022 28.64906837942619 28.34689438729655
28.231714201476176 28.487513320008613 28.736736361330696 29.016647827755804 29.333985117130858 29.674159058556803 30.0255634865827 30.382191484505427 30.737249585469268 31.087094552862695 31.430822543571935 31.76940722974267 32.10527512554594 32.44224609029919 32.784535394852924 33.125516512721504 33.426076864876656 33.56598428150341 33.34154550413338 32.80116727741843 32.143661814084474 31.460478649153632 30.78911161034748 30.17041958324271 29.648381032337273 29.226840013400945 28.907034041756653 28.68869618850099 28.566424909955224 28.514063895566345 28.52843766474647 28.606217248497913 28.741335584699318 28.923890493573822 29.088894296333166 29.202077703219825 29.253365120981723 29.23780529619061 29.156927587795245 29.01830731140318 28.83361867938177 28.608328002893924 28.34299927884423 28.05497029332492
27.837725830622535 28.038003947154085 28.239661098682756 28.484934638384363 28.79257995705223 29.14673598042491 29.524807765466797 29.91379379730753 30.304981873131666 30.693384546913528 31.077344718232254 31.458221623318284 31.84033558582985 32.23114793970303 32.64121966881367 33.08272242998066 33.56178391366838 33.98488621201045 33.64179519379369 32.92271778007603 32.18637312436189 31.468502704571417 30.783107709650544 30.143665500862866 29.595452766877994 29.150286146967858 28.80768926546409 28.566212441869354 28.41147592466996 28.32176412155581 28.2933092755276 28.327317042794416 28.419579992343923 28.56310533553313 28.698238757668015 28.790108118154713 28.831493341997007 28.818954490237996 28.753546750273497 28.640594641964885 28.478810646849396 28.26263629707821 28.008145675775253 27.731787482285803
27.50817313607608 27.655564234014207 27.82653714565504 28.076560890469587 28.400927271574755 28.771849677671174 29.170433106653725 29.582942477504275 29.999291533075688 30.41307192515782 30.821480523808543 31.22522499310732 31.628450455625273 32.03857902684044 32.46560114437155 32.919382892194704 33.385157589238105 33.724212233401595 33.375703017775386 32.69455658167004 31.990516049567596 31.30217893690287 30.64471807047779 30.02837895420143 29.47560128127844 29.022486569917326 28.66983512027481 28.414124024993946 28.231747704464272 28.1131487405431 28.053944339022586 28.05303388981827 28.11182763297122 28.224952712053756 28.334902067242247 28.409266788925237 28.442653186582273 28.432545598087554 28.37971205636008 28.278782497110754 28.110545753609333 27.89092321079921 27.638207691534205 27.369559776521086
27.25686501428243 27.38956598716909 27.571667847963155 27.832726887145153 28.16832931160037 28.55213536191664 28.966056189003105 29.395018277785407 29.82727321049839 30.254620308166157 30.672496323080377 31.079881824123035 31.478887730495337 31.873621771151804 32.26718678666774 32.63545697884611 32.90949115086823 32.96878161611253 32.68008855599395 32.15289502753236 31.567851577083918 30.969748410961035 30.380944995499267 29.820378689738796 29.300881400589375 28.855460066696292 28.505453567436277 28.238308035491855 28.03682408252434 27.897643341899624 27.817147695311533 27.792090391307116 27.82621911883077 27.916565820848106 28.004845869510564 28.064426153480394 28.09069772123611 28.06857010589577 27.995847681543083 27.856492231638708 27.659880319425735 27.42370173446244 27.165314477338313 26.901036235993242
27.14141412107901 27.287019476336045 27.483421575402804 27.753100146166844 28.09681832136303 28.49127639816027 28.91710487250061 29.357473795349183 29.798541263458837 30.22984603957858 30.644527648103608 31.039205671426735 31.413243425454603 31.764304172120987 32.063788586335086 32.28354323861814 32.378989650482445 32.2881630699645 31.98421815793043 31.5274679872233 31.013843990287036 30.512727092497887 30.017900255710412 29.53430061926176 29.079177633710845 28.666499452986333 28.3254010403977 28.050266335367347 27.837898771370412 27.686019583908895 27.591999739062008 27.553151157531758 27.570810715567422 27.64410671279323 27.713394957522436 27.74605633122156 27.72524937210034 27.659184503013805 27.53783035016945 27.3543523694367 27.125851366055414 26.869657278874392 26.602572741536477 26.340259631734654
27.17465674103004 27.34667433381012 27.56222108560757 27.838345877191596 28.189800723719323 28.594215428578757 29.030495190000842 29.479564972328525 29.924973425888428 30.35351552783509 30.755680241049845 31.123862950171343 31.439745838820677 31.691149300990993 31.865207018084185 31.94220057600341 31.894527985413028 31.698564464098567 31.36068240676661 30.92677995408114 30.456975737609387 30.00134730359883 29.59197164985235 29.196095576742188 28.815900880878132 28.464965605294424 28.13941257584493 27.86367192258099 27.647549433173875 27.489945799961262 27.389318918459626 27.34405012749192 27.353885165580827 27.411694703338053 27.430947926419876 27.39761406871275 27.319782624176174 27.201596917692477 27.021953574180525 26.791673070742767 26.528262257770898 26.249128435189267 25.970843449815007 25.708560384715124
