_KRIGING/CROSS_VALIDATION_CLASSIC_CLR/MHZ/TZ/train_1/MHZ_TZ_1_train_z_250.asc
ncols 100
nrows 81
xllcorner 5.5967107548124995
yllcorner 50.982328804812504
cellsize 0.00017565037499993607
nodata_value 1.7014100000000001E+038
[rows 19 to 37 of 81, columns 0 to 42 of 100]
2.135796499540791 2.1238964619735539 2.1131753513827363 2.1037876982630017 2.0957266859273211 2.0888163311770853 2.0827277536350595 2.0770198399770541 2.0712005876701696 2.0648016140780365 2.0574554815508015 2.0489642372666119 2.0393482569529384 2.028867116004252 2.0180084081953673 2.0074454802046406 1.9979700385059864 1.9904095831410293 1.9855418737311674 1.984018717428321 1.9863092976079511 1.9926694769379005 2.0031387825284286 2.0175620496679403 2.0356288593135194 2.0569216231368794 2.0809627694972566 2.1072528972556532 2.1352945840149129 2.1646001243013062 2.1946851080408303 2.2250527590450333 2.2551758260395478 2.2844832705410321 2.3123579928973239 2.3381495860775861 2.3612030130210395 2.3809007123084984 2.3967125485485474 2.4082457957583934 2.4152863899662984 2.4178232037798129 2.4160490090202789
2.1596124487738031 2.1499197635030791 2.1409406772405006 2.1327037860914908 2.1251044623476227 2.1179059280707015 2.1107607656943523 2.1032525397067339 2.0949538177603388 2.0854937065216514 2.0746256844499622 2.0622855560100559 2.0486300891722844 2.0340493423680068 2.0191495085873763 2.0047076701686177 1.9916043426275967 1.9807432356516967 1.9729695747697211 1.9689982228131995 1.9693607393454782 1.9743768535277137 1.9841513545675511 1.9985930276403585 2.0174488355597116 2.0403446881429441 2.0668241192188352 2.0963778858894715 2.1284604640520044 2.1624929734980416 2.1978554956968583 2.2338743943765658 2.2698116429161508 2.3048630771073064 2.3381709616382316 2.3688535594908138 2.3960509944227297 2.4189831891784959 2.4370126690792389 2.4497030935401432 2.4568638944704664 2.4585724852482622 2.4551679970443883
2.1810690781118973 2.1735265125964478 2.166281104460313 2.1592402467394507 2.1522046779326729 2.1448781985458494 2.1368941648563409 2.1278578046333658 2.1174006697923762 2.1052410158654924 2.0912420864365835 2.0754596278908362 2.0581707411839631 2.0398784112703008 2.021289462567315 2.0032677182383969 1.986768059065108 1.9727601175888232 1.9621518760341741 1.9557231240457789 1.9540766199452322 1.9576113199544358 1.9665179225555387 1.9807930790207116 2.0002657379525695 2.0246277683095992 2.0534614314349273 2.086258258149746 2.1224269288732751 2.1612911659902929 2.2020817111476361 2.2439285685956731 2.2858604515972307 2.326817634106515 2.3656823085779921 2.401327436758304 2.432681478640228 2.4588029133498397 2.4789557413512195 2.4926756921946001 2.4998169653929905 2.5005710390791176 2.4954521333560846
2.1988763363073884 2.1933980436419329 2.1878750484725522 2.1820978150269239 2.1757734430168973 2.1685439696964757 2.1600179473168755 2.1498136727982873 2.1376103766053598 2.1232018153056149 2.1065454427874375 2.0878000076733434 2.0673452626301163 2.0457794935876419 2.0238935518095866 2.002623528224273 1.9829875117951357 1.9660143522639233 1.9526734564156341 1.943814108265447 1.9401206955727925 1.9420869837422838 1.9500089049592195 1.9639920279745708 1.9839676528886678 2.0097107851143394 2.040854172601406 2.0768948632190729 2.1171927940844442 2.1609640590884958 2.2072740297867846 2.2550368967166623 2.3030281624456785 2.3499151354018508 2.3943077802509474 2.4348288150621467 2.470198278676929 2.4993245428713813 2.5213914880425654 2.5359307326662726 2.5428686125384052 2.5425399682946743 2.5356643536682029
2.2116023889562442 2.2080693900305661 2.204252916201364 2.1998305174497421 2.194414546177323 2.1875791886762892 2.1788976051003281 2.1679868036488461 2.1545564515070721 2.1384566317219651 2.119718850505377 2.0985846284408396 2.0755169340360533 2.051191548352608 2.0264679940819605 2.0023425291934398 1.9798883592796912 1.9601900997277242 1.9442801682152973 1.9330840055618852 1.9273789307315847 1.9277684781098561 1.9346709137476292 1.9483180173304224 1.9687587593515072 1.9958625281829838 2.0293180363773122 2.0686265790969207 2.1130913057646845 2.1618068882143371 2.2136557922926441 2.2673178600499 2.3212989377299773 2.3739819733248 2.4237007247909106 2.4688324952841669 2.5079027487755798 2.5396916491265609 2.5633310005757877 2.5783800607700296 2.5848703160783435 2.5833123388918997 2.5746618099111274
2.2177696854019233 2.2160284648103046 2.2138974135000176 2.2109450443852552 2.2066858808157326 2.2006165673135909 2.1922594323191822 2.1812102487368898 2.1671861312696521 2.150068983997671 2.1299397963334386 2.107099512802348 2.0820732613517734 2.0555964040613941 2.0285830131688627 2.0020796561450407 1.9772093634094934 1.955111899661524 1.9368866208181341 1.9235431554754938 1.9159630794560614 1.9148731130193779 1.9208278032034585 1.9341978169323069 1.955159359346097 1.9836810360716228 2.0195065225527298 2.0621341895888325 2.1107976692361996 2.1644535181520688 2.2217830869803845 2.2812151465925092 2.3409737832079114 2.3991528703850156 2.4538145785676799 2.5031055157786639 2.5453808274798404 2.5793244492764673 2.6040530686573922 2.6191923565132362 2.6249165637639988 2.6219462684955124 2.6115033097137652
2.2159730928396666 2.2158375745940955 2.2153660325869851 2.2140217328001928 2.2112165167087232 2.2063565437508128 2.1988935003333525 2.1883769685714327 2.1745034117369579 2.1571573673969455 2.1364409399290416 2.1126885619738429 2.0864652519615321 2.0585481840556907 2.0298931663699697 2.0015893421554543 1.9748067557321796 1.9507420272778053 1.9305670313956149 1.9153841545453885 1.9061896580990232 1.9038443761018731 1.9090490386859811 1.9223205074319538 1.9439655035325165 1.9740500356224286 2.0123653568182749 2.0583942707345657 2.1112841991788498 2.1698349160425021 2.2325087759519491 2.297469500594417 2.3626523685085394 2.4258645143759807 2.4849096763828049 2.5377278554508136 2.5825375901461145 2.6179673400505701 2.6431630015188565 2.6578607825402512 2.6624182070774447 2.657800345452622 2.6455227622389685
2.2050113452180256 2.2062679256969489 2.2074259704849073 2.2078472146978854 2.2068345086178738 2.2036879298628422 2.1977651801270222 2.1885406958380953 2.175658177878887 2.1589720251502769 2.1385743021074948 2.1148052598796365 2.0882469647071531 2.0597011654402615 2.0301540169341821 2.0007314756032093 1.9726498655310376 1.9471660681977565 1.92553091528548 1.908947752486053 1.8985361100153049 1.8952984682373089 1.9000868222301417 1.9135656112439516 1.9361688132109773 1.9680514717920623 2.0090391160586845 2.0585816813269155 2.1157208043595439 2.1790800576612375 2.2468864492382958 2.3170284154811576 2.3871510530363889 2.4547842389738048 2.5174944617431829 2.5730474469401674 2.6195666177563766 2.6556723854553947 2.6805891968978268 2.6942108419015969 2.6971191555791032 2.6905561761514893 2.6763542036266559
2.1840211336441904 2.1864360023759906 2.1891901315483402 2.1915473974587432 2.1926943683015949 2.1918076722412776 2.188125364042099 2.1810152152945044 2.170033573391926 2.1549698416118064 2.1358734524886911 2.1130621749962932 2.0871124952816107 2.0588344696529277 2.0292347195475533 1.9994719766218116 1.970809656180764 1.9445692541098518 1.9220869585468168 1.9046739514538076 1.8935788476130413 1.8899491168317502 1.8947877072650416 1.9089018245628755 1.9328430012292115 1.9668408939690902 2.0107369841722558 2.0639276120606938 2.1253276333304294 2.1933657794947559 2.2660202968349319 2.3408989151177373 2.4153613956024138 2.4866768570867928 2.5522028658613825 2.6095698170510628 2.6568530050980423 2.6927161262549206 2.7165134963040085 2.7283433674107718 2.729050511232169 2.720181713723723 2.7039020482213263
2.152601428314032 2.1559291540883336 2.1602415509663162 2.1647083697295066 2.1683922973239227 2.1703285528034888 2.169609134739205 2.1654628849928752 2.1573236254041248 2.1448806377874439 2.1281082814363392 2.1072741590811628 2.0829276001613373 2.055872070025992 2.0271262611344034 1.9978789702030384 1.9694423690430525 1.9432069780618191 1.9205997201653897 1.9030442026763223 1.8919203358936594 1.8885191226269313 1.8939884632642827 1.9092674126123026 1.9350094262870772 1.9714992429328768 2.018572289090097 2.0755488019021482 2.1411962515236374 2.2137324669715563 2.2908780270480493 2.3699604783498405 2.4480658024556825 2.5222255771055448 2.589622759028968 2.6477959719388853 2.694822140900492 2.7294602361862368 2.7512442079234494 2.7605199365326767 2.7584279981113675 2.7468400231053685 2.7282603417999742
2.1109143912752346 2.1149067062213556 2.1207327818971908 2.1274722632256342 2.1340569308199413 2.1393634930600447 2.1423126090727713 2.1419632941610525 2.1375932486912372 2.1287582488994836 2.1153269924882343 2.0974911239020981 2.0757530728679288 2.0508964610478886 2.0239449501329072 1.9961154400145493 1.9687705191948317 1.94337318830225 1.921444431596004 1.9045216625402031 1.8941140006870181 1.8916493604448115 1.8984089413828715 1.9154471091972471 1.9434986268468246 1.9828800524498593 2.0333968071414632 2.094270723007253 2.1641037479662453 2.2408912976433322 2.322093542847409 2.4047654425192801 2.4857378766535612 2.5618343838035091 2.6301022730891477 2.6880343667753621 2.7337588094611793 2.7661790150133103 2.7850530345081914 2.7910100886037936 2.785510186024351 2.770759174280693 2.7495950570318999
2.0597490583668256 2.064162916451179 2.071446982159681 2.080595461627599 2.0904038386772781 2.0995757141360079 2.1068383127327364 2.1110535664178771 2.1113132992970751 2.1070101952666178 2.0978802348575423 2.0840163932582225 2.0658569342360873 2.0441541315684741 2.0199304311890658 1.9944288705195894 1.9690631178938474 1.9453700744379563 1.9249650426562566 1.9094966004217202 1.9005962016661395 1.8998168071147492 1.9085559988198364 1.9279621671700489 1.9588271174512881 2.0014739679357696 2.0556542729247731 2.120471556604953 2.1943487617996373 2.2750539207261502 2.3597918192663379 2.445360516806625 2.5283618799771257 2.6054466466636281 2.6735686732089112 2.7302211253496389 2.7736298623901137 2.8028856861294029 2.8180062833554249 2.8199288869561374 2.8104440446300316 2.7920876959041037 2.7680117269583078
2.0005354554457493 2.0051397267621387 2.0138091683995678 2.0254583376518158 2.0387438255459931 2.0521857484561132 2.0643010783367672 2.0737332950549088 2.0793646223565423 2.0804007952948966 2.0764230734735616 2.0674071364937001 2.0537127417556538 2.0360509773274185 2.0154372704088361 1.9931379612469149 1.9706164189578197 1.9494817679265219 1.9314398961758252 1.9182432449043603 1.9116336961622293 1.9132723716795632 1.924651775465678 1.9469894891322159 1.9811080698691375 2.0273118913288926 2.0852770205863211 2.1539733721349532 2.231638141789368 2.3158153527911507 2.4034685516767071 2.4911634527130357 2.5753064896718243 2.6524159065537116 2.7193961152581925 2.7737848392756432 2.8139463924386421 2.8391926538441368 2.8498243807932848 2.847097392944864 2.833128656539885 2.8107644361538671 2.7834350704849911
1.9353004416112021 1.9398809627853288 1.949839802652606 1.9640193120259917 1.9809385232541277 1.998929522422396 2.0162893973604432 2.0314297056611719 2.0430072892327038 2.0500244461918156 2.0518919940676139 2.0484545188498782 2.0399820929306518 2.0271362125143479 2.0109192474409796 1.9926162630078044 1.9737359284598681 1.9559538910422689 1.9410581812818024 1.9308927558912066 1.9272930263452643 1.9320068843724103 1.9465967421184875 1.9723224116271088 2.0100106464445182 2.0599237037446834 2.1216448368007819 2.1940016245600944 2.275047263396444 2.3621148750282437 2.4519509537153024 2.5409226601328374 2.625281848240133 2.701458830735084 2.7663530318713878 2.8175871818693841 2.8536968530503581 2.8742370694212829 2.8798006274663104 2.8719562475079039 2.8531262104548922 2.82643053624993 2.7955265422743789
1.8665624391520308 1.8709254972225877 1.8820486185054075 1.8987115346427452 1.9193019418432402 1.941966489836235 1.964781449028036 1.9859224342990589 2.0038145015422826 2.017248576744314 2.0254564342659731 2.0281430357694776 2.0254807895964579 2.0180743063049462 2.0069060321619743 1.9932726872282145 1.9787200450583473 1.9649798921155028 1.9539088286939106 1.9474248564018954 1.9474353585088884 1.9557498643287303 1.9739732946626201 2.0033801007935792 2.0447761253429655 2.0983618611708428 2.1636164351471026 2.2392244482624166 2.3230665098319312 2.412288437794091 2.5034541959509413 2.5927752442630894 2.6763963701337765 2.7507077877891359 2.8126475671030411 2.8599586735661169 2.8913712825522304 2.9066925400778647 2.9068005007401734 2.8935538774091851 2.8696416821069994 2.8384044327022511 2.8036597777602967
1.7971698702003673 1.8011444803255972 1.8132739527019626 1.8322874818813786 1.856453161164102 1.8837427503505588 1.9120203716027322 1.9392320195817638 1.9635747244014752 1.9836292624431193 1.9984472563649649 2.0075909008104591 2.0111300417508864 2.0096059063500973 2.003972877566051 1.9955292790745482 1.985845565110449 1.9766943164393922 1.969981965539731 1.9676782391873067 1.9717368912472839 1.9840011637491421 2.0060899312770664 2.0392654806843877 2.0842905644459586 2.1412893861266289 2.2096328244734305 2.2878707792150408 2.3737327637394081 2.4642113423202403 2.5557323390290536 2.6444026068920485 2.726312975995457 2.7978634890678538 2.856072518939091 2.898832270341972 2.9250806554454032 2.9348724125158294 2.9293483074857276 2.9106173584102972 2.8815802102786736 2.845729500540096 2.806963657147576
1.7300965407311193 1.7335360318658088 1.7464808450585105 1.7676243227325277 1.7951323511202342 1.8268204617699813 1.8603590417689377 1.8934812243704768 1.9241699652836601 1.950806223172151 1.9722677318128943 1.9879759827059029 1.9978962224241075 2.002500366787876 2.0027051281719155 1.9997972852810335 1.9953553309018135 1.9911725159858364 1.9891815960812269 1.9913774806234783 1.999731505155788 2.0160909568327425 2.0420601265680975 2.0788643132099507 2.1272050138072132 2.1871215857996793 2.257880212403244 2.3379133219434722 2.4248304509394636 2.5155145045674816 2.6063061543760817 2.69326549228381 2.772486575671735 2.8404299407219633 2.8942329342806481 2.9319592595044996 2.9527575518301523 2.9569127933292321 2.9457914591580074 2.9216983116818738 2.8876764896444254 2.8472902866657166 2.804430084892231
1.6682148991455341 1.670998319709206 1.6845383969004495 1.7075097051387378 1.7379985828729103 1.7736905418842428 1.8120896980145329 1.8507427574259705 1.8874419791125545 1.9203872385010925 1.9482954199480296 1.9704541408663427 1.9867246112233183 1.997504008464146 2.0036604249457834 2.0064531624897057 2.0074483851829861 2.0084357713944043 2.0113469306675094 2.0181721280279294 2.0308693304580827 2.0512595162749343 2.0809048779253265 2.1209717348064725 2.1720867610788925 2.2342020818654182 2.3064901407668543 2.3872912832721749 2.4741345083203576 2.5638444613455507 2.6527362256968603 2.7368856417738208 2.8124493424667136 2.8759982736616045 2.9248235977374799 2.9571759901674244 2.9724084935062067 2.9710078982243542 2.9545174834815935 2.9253715840684658 2.8866765035066955 2.8419799832681534 2.7950710373605072
1.6140733834864094 1.6161070892065752 1.6300017728341072 1.654432185280551 1.6874320846183546 1.7265894336982941 1.7692770985413058 1.8128899053129237 1.8550607285842811 1.8938342032686126 1.9277851824020882 1.9560783652870017 1.9784738345528421 1.9952892244795644 2.0073321731335811 2.015816525730842 2.0222729714329182 2.028460341460991 2.0362788295958545 2.0476821100191986 2.0645827730131527 2.0887454161092016 2.1216643924042877 2.1644283260694674 2.2175801413859642 2.2809880736903949 2.3537482026189021 2.4341408014849355 2.5196600529109374 2.6071291309801543 2.6929010750390541 2.7731321225160928 2.8441008268027974 2.9025361842546129 2.9459135388099762 2.9726796280664396 2.9823778013237279 2.9756597389056303 2.9541882835140454 2.920453908085296 2.8775414838464481 2.8288915490142736 2.7780994680937363
