_KRIGING/CROSS_VALIDATION_CLASSIC_CLR/MHZ/TZ/train_1/MHZ_TZ_1_train_z_355.asc
ncols 100
nrows 81
xllcorner 5.5967107548124995
yllcorner 50.982328804812504
cellsize 0.00017565037499993607
nodata_value 1.7014100000000001E+038
[rows 0 to 18 of 81, columns 43 to 85 of 100]
1.1829153400742867 1.1800438744920978 1.1777423196959331 1.1758618538964647 1.1743056665572256 1.173010640881081 1.1719337139378203 1.1710426073908244 1.1703102019858787 1.1697116620109476 1.16922343034272 1.1688233390922629 1.1684912545176156 1.1682098530217502 1.1679652800313614 1.1677475628793037 1.167550731474029 1.1673726525151289 1.1672146130580578 1.1670807055746066 1.1669770750571598 1.1669110919256225 1.1668905129059399 1.1669226850477425 1.1670138355133679 1.1671684731314058 1.1673889102053201 1.1676748990934713 1.1680233718125059 1.1684282747231853 1.1688805035179011 1.1693679620506565 1.1698757851223955 1.1703867723450723 1.17088207135815 1.1713421214766757 1.1717478260587402 1.1720818714560342 1.1723300639308147 1.1724825257275149 1.1725345873500026 1.1724872393578372 1.1723470610413638
1.1872347688453273 1.1838479221245877 1.1810179846477624 1.1786192110579428 1.1765730036423847 1.1748290432829935 1.1733516487756037 1.172110980934761 1.1710782439806369 1.170223850899009 1.1695175379376741 1.1689295584481438 1.1684322891932168 1.1680017908703635 1.1676190460685003 1.1672707373245195 1.1669495245472519 1.1666538426538255 1.1663872778661966 1.1661576046533109 1.1659755809427876 1.1658536087817553 1.1658043696816291 1.1658395359636349 1.1659686403678964 1.1661981578297305 1.1665308208817065 1.1669651611399385 1.1674952513787724 1.1681106207926015 1.1687963304198936 1.1695332209998621 1.1702983717638509 1.1710658239013834 1.1718076164856885 1.1724951506105969 1.1731008421344713 1.1735999553296541 1.1739724451179314 1.1742045921986883 1.1742902076757611 1.1742312186036892 1.1740375201138562
1.1928773997922597 1.1888390701373275 1.1853292099520749 1.1822558840678108 1.1795668233363445 1.1772300897359227 1.175220642508672 1.1735123277479038 1.1720742963693891 1.1708706455027689 1.1698621002778842 1.1690087217739646 1.168272864206094 1.1676218490766017 1.1670300368746727 1.1664801404922858 1.165963738685027 1.165481023155174 1.1650398632593224 1.1646543097445712 1.1643426893384792 1.1641254651089603 1.1640230484290688 1.1640537412746328 1.1642319593304873 1.1645668392676505 1.1650612758989365 1.1657113793604483 1.1665063023546847 1.1674283725454953 1.1684534778548068 1.1695516862342545 1.1706881223428378 1.1718241535030327 1.1729189400749982 1.1739313719312483 1.1748223449300919 1.1755572426462852 1.1761084012687963 1.1764572745768265 1.1765960022095296 1.176528128678632 1.176268319488567
1.2001385322406748 1.1952771039829011 1.1908998574889509 1.1869602838420874 1.1834412989168284 1.1803354289670407 1.1776317370277845 1.1753089005231872 1.1733332658655562 1.1716604639602646 1.1702391939472341 1.1690159775847202 1.1679399633482062 1.1669671454693349 1.1660636122720367 1.1652076301666798 1.1643905059300996 1.16361626487657 1.1629002543008546 1.1622668439575468 1.1617464532277362 1.1613721834445567 1.1611763627265599 1.1611873079333983 1.1614265674355109 1.1619068320094859 1.1626306023977824 1.1635896016359142 1.1647648408717506 1.1661272068326316 1.1676384441416294 1.1692524492811436 1.1709168555647613 1.1725749433927306 1.1741679318449292 1.1756376803080917 1.1769297517519481 1.1779966787295053 1.1788011586091882 1.1793188205914953 1.1795401836508528 1.179471477935699 1.1791341296505973
1.2093197641177516 1.2034275512467432 1.1979590472637478 1.1929254117316377 1.1883541591955524 1.1842687240666769 1.1806758221799465 1.177559891045147 1.1748832208710063 1.1725901034280855 1.1706133465280915 1.1688817242725309 1.1673272529869962 1.16589151474611 1.1645305397555259 1.1632179832296987 1.1619464961740877 1.1607273128207045 1.1595881837060926 1.1585698882628308 1.1577216663150254 1.157096001975559 1.1567432551802459 1.1567066442097229 1.1570180246466273 1.1576947893305076 1.1587380501600362 1.1601320892735398 1.1618449217270164 1.1638297251822494 1.1660268790011623 1.1683664089057675 1.1707707274319321 1.1731576559165424 1.1754437714389465 1.1775481148094407 1.1793962174841701 1.1809242745018833 1.1820831451751339 1.1828417502508854 1.1831893956508499 1.1831366132102616 1.1827142671870863
1.2207094753280203 1.2135453087848542 1.2067276331395316 1.2003378517375585 1.1944578297240085 1.1891485463747513 1.1844378651933063 1.1803165640158844 1.1767409889708689 1.1736403528822332 1.1709267093329148 1.168505881468298 1.1662879884692439 1.1641965920955974 1.1621758169286796 1.1601950573471072 1.158251081515568 1.1563675061816452 1.1545917760224031 1.1529899549706182 1.151639820685229 1.1506229226523974 1.1500163822286407 1.1498852428028041 1.1502760983298379 1.1512125417309311 1.1526927115333452 1.1546889276272922 1.1571491553403455 1.1599998728084953 1.1631498678729792 1.166494553336785 1.1699205281191194 1.1733102707832084 1.1765469716578185 1.1795195457550129 1.1821278052603874 1.1842876260907242 1.185935765401964 1.1870338382657479 1.187570900193416 1.1875641440904763 1.1870574087046821
1.2345611704100443 1.2258564799695846 1.2174032237717307 1.2093656359029568 1.2018897752428455 1.195080805810105 1.1889910263697649 1.1836176495599582 1.1789084159794065 1.1747727075804761 1.1710958135164042 1.1677542686653501 1.164630589285452 1.1616261541278816 1.1586713498997721 1.1557323944344682 1.1528144876452779 1.1499611595185606 1.1472499250796993 1.1447846365661891 1.1426852294246577 1.1410758472002402 1.1400725389946675 1.1397717921171659 1.1402410552427806 1.1415121258661336 1.1435778651678157 1.1463922430083291 1.1498732995998699 1.1539083217489849 1.1583604198604234 1.1630757589971612 1.1678908975413731 1.1726399413970554 1.1771614419873302 1.1813050817581834 1.1849381693007821 1.1879518229547823 1.1902665142478743 1.1918364517144671 1.1926521906816581 1.1927409084352483 1.1921639972669162
1.2510719709908265 1.2405403313319461 1.2301453354550573 1.2201463115973017 1.2107631855287784 1.2021517517087921 1.1943916723693455 1.1874860748363347 1.1813705338177511 1.175928701952538 1.1710118016063753 1.1664594646083863 1.1621198405841866 1.1578673525832512 1.1536168796289821 1.1493334709489877 1.1450369779266241 1.1408012840391453 1.1367481707854539 1.1330362965953555 1.1298462567262069 1.1273631617048634 1.1257585211335712 1.1251733540799222 1.1257043077913997 1.1273941526768858 1.1302273984919 1.1341310628218102 1.1389799611033218 1.1446054075634997 1.1508060010512127 1.1573592321039876 1.164032930141347 1.1705959626268985 1.1768279729668281 1.1825281917892547 1.1875234185157357 1.1916751534843486 1.1948856318385848 1.19710227195548 1.1983199092968109 1.1985802169669009 1.197967939669192
1.270363743466149 1.257713431632439 1.2450623856326399 1.2327766420424398 1.2211592447964339 1.2104226886833871 1.2006764406371793 1.1919283108776377 1.1840971577839456 1.1770337550924577 1.1705465367210475 1.1644291942103173 1.1584875455425554 1.1525635663300657 1.146554887665072 1.1404284096930117 1.1342270085528923 1.1280687065246702 1.1221381966544035 1.1166712795339648 1.1119335286287955 1.1081952354130933 1.1057052446512845 1.1046665286908954 1.1052161754805865 1.1074118725564004 1.1112260501403843 1.1165477728715052 1.1231914530009119 1.1309106950853263 1.1394152047519552 1.1483887349895661 1.1575064321769986 1.1664505309768141 1.1749239491796371 1.1826617874084517 1.1894409458448028 1.195088020349059 1.1994854068305949 1.2025752536257561 1.2043606963453977 1.2049037945077408 1.204319805972526
1.2924690478614378 1.2774177665561841 1.2622019988417963 1.2473051718938328 1.2331220683285546 1.2199274452281983 1.2078624593565344 1.1969376288058606 1.1870495306205637 1.1780076126245373 1.1695672903854026 1.1614657158187205 1.1534570263266779 1.1453443376035051 1.137006139227638 1.1284150963371402 1.1196476348069597 1.1108832027031759 1.1023928427680676 1.0945176912235663 1.0876391514731867 1.082143601694729 1.0783853569284485 1.0766520038442606 1.077136020211378 1.0799157658309508 1.0849476129404794 1.0920694158011157 1.1010140063972833 1.1114302359106638 1.1229084615555793 1.1350073699420324 1.1472795482512037 1.1592940630750843 1.1706552282817673 1.1810175002152814 1.1900968747443359 1.197679236489104 1.2036259015031834 1.2078762564317604 1.2104471098056826 1.2114282810137413 1.2109741291401181
1.317323292771351 1.2996139239456754 1.2815454963285029 1.2637283805967396 1.246656964667614 1.2306732823740041 1.2159515423591962 1.2025023306792946 1.190193449246048 1.178783327149632 1.1679626027063297 1.1573996055191016 1.1467858252200593 1.135877843583033 1.1245325415535243 1.1127327040047501 1.1006005554298925 1.0883974230364279 1.0765087514118863 1.0654150916757543 1.0556513275684469 1.0477580257724981 1.0422300821266086 1.0394684678713573 1.0397406542450225 1.0431541773715314 1.0496459654197006 1.0589878233129306 1.0708062856843426 1.0846133217815916 1.0998434058203765 1.115892365007972 1.1321540915835524 1.1480523932008704 1.1630666092974913 1.176750803386923 1.1887471159298182 1.1987941445527308 1.2067310780939775 1.2124979324479728 1.2161318477114271 1.2177592048489192 1.2175834143406234
1.3447633174488771 1.3241794401768969 1.3030065803123996 1.2819904100901995 1.2617320452819734 1.2426453646495492 1.2249386530766793 1.2086195003318632 1.1935197595831737 1.1793361016714776 1.1656811868748957 1.1521404742961634 1.1383299255582384 1.1239501243209575 1.108832547063427 1.0929739514564654 1.0765552744690514 1.0599422631074391 1.043666443038356 1.0283869651588953 1.0148361706161959 1.0037540221717405 0.99581840777819852 0.99157929169749603 0.99140447171943347 0.99544323788104006 1.0036117331258556 1.0156007422778863 1.0309035699471434 1.048859190176302 1.068704391304176 1.089628380104031 1.1108241512574175 1.1315325380652415 1.1510767738067924 1.1688871466873474 1.1845165805559412 1.1976485672513608 1.208098868223584 1.2158120044665381 1.2208530480598823 1.2233948753492079 1.223701001133606
1.3745313744817873 1.3509113322933983 1.3264333116836877 1.301985559623118 1.278282485416681 1.2558142232149452 1.234824208694653 1.2153140037680601 1.1970721285965007 1.1797221116937966 1.1627842344686006 1.1457452571549287 1.1281304631201632 1.1095724234644744 1.0898709002017175 1.0690383911052681 1.0473262227002518 1.0252271033656875 1.0034518500415395 0.98288059682994122 0.9644919270157013 0.9492765548492188 0.93814479817019469 0.93183852359788333 0.93085809268510478 0.93541298569481501 0.94540149481482461 0.9604207520242839 0.97980417215050475 1.0026799367915611 1.0280420219913513 1.0548247605434162 1.0819729353177074 1.1085015092204633 1.1335417075174119 1.1563726572661603 1.1764396728206028 1.1933613126127234 1.2069275421974783 1.2170909561453056 1.2239523801915022 1.2277416287278733 1.2287939574755846
1.4062825175506071 1.3795310290980176 1.3516117848052778 1.3235621108621516 1.2962161154228014 1.2701449517974681 1.2456289618631393 1.2226614006896674 1.2009806013307418 1.180125579374278 1.1595090808476261 1.1385016449408101 1.1165200459165032 1.0931132583877929 1.0680388160421461 1.041322285688024 1.0132928978627525 0.98458954006972665 0.95613358707643126 0.92906841466058798 0.90466958756752858 0.88423398987413759 0.8689597524877305 0.85983091694318059 0.85752077716358988 0.86232558905128787 0.87413614478844048 0.89244932401632637 0.91641617543006659 0.94491839348824236 0.97666205636449066 1.0102765941034626 1.0444080891982099 1.0777986782110329 1.1093472606144121 1.1381501178087827 1.1635227436362465 1.1850058223561901 1.2023588295769054 1.2155444239880702 1.2247060482533225 1.2301403837645817 1.2322658129831869
1.4395930529825891 1.409689656466343 1.3782696794618996 1.3465257937511608 1.3154186663212855 1.2856063327714442 1.2574093690262387 1.2308122048598613 1.2054977069698993 1.1809099722187812 1.1563389844445076 1.1310200668335155 1.1042405299782783 1.0754453205533498 1.0443328039574571 1.0109313222866294 0.97564731072583888 0.93927702817335212 0.9029767066258072 0.8681901648931859 0.83653825601918708 0.80968011219403213 0.78916095315643919 0.7762641697133249 0.77188569814389496 0.77644609034028622 0.78985050680264135 0.81150003431745554 0.84035054298059242 0.87500909579783759 0.91385379837029379 0.95516151286520345 0.9972290371425695 1.0384765912270923 1.0775268236853148 1.1132570192814391 1.1448258895692172 1.1716787383590126 1.1935358035054797 1.2103684314751597 1.2223669053809867 1.2299027287205992 1.2334873665366854
1.4739681939143954 1.4409721009065029 1.4060782657231397 1.3706414564502978 1.3357570242478531 1.3021778093565373 1.2702706571344624 1.2400136986275552 1.2110319746335816 1.1826664724732967 1.1540700588424744 1.1243227547508785 1.0925578881595559 1.0580896036429126 1.0205310222645787 0.97989137224030431 0.93664024002327451 0.89172836806164868 0.84655761202850288 0.80289782292538359 0.76275505860195436 0.72820265813735441 0.70119299715474681 0.68337181736401964 0.67591784677822841 0.67942757789929287 0.69385890596830846 0.71853893535511948 0.75223221697270848 0.79325767907263189 0.83963697145524063 0.88925467294342775 0.94001187842195066 0.989958449792262 1.0373945723242084 1.0809379331644171 1.1195577226859355 1.1525800376613944 1.1796709151701024 1.2008033690773643 1.2162139475133436 1.2263530788005979 1.2318323286286716
1.5088483181304384 1.4728994274388201 1.4346524174128592 1.3956322440027589 1.3570792782694718 1.3198522563092485 1.2843743492597319 1.2506244587069442 1.218171948033842 1.1862502249278057 1.1538627331680116 1.1199135655635395 1.0833535946105155 1.0433314285678024 0.99933667856903396 0.95132140470623339 0.89978493886085487 0.84580838725991137 0.79102861599502394 0.73754755102726866 0.68778065484078588 0.64425729549227584 0.60939377151220431 0.58526528573353898 0.57340481216262607 0.57465394508072809 0.58908377612470042 0.61599384624820663 0.65398614253121123 0.70110103408055968 0.75499475802415661 0.81313467742462575 0.87298924286027768 0.93219374000604149 0.98867922088365423 1.0407589759999529 1.0871731290683793 1.1270964808983266 1.1601172206402468 1.1861947243134157 1.2056039080143754 1.2188721768775788 1.2267135212077258
1.5436149414106002 1.5049307665146372 1.4635495058006223 1.4211766332176212 1.3792110636033243 1.3386328366647864 1.2999368971930292 1.2631161136567663 1.2276925371665826 1.1927929014570906 1.1572623119528151 1.1198084729776838 1.0791670979754366 1.0342769816639239 0.98445063640968578 0.92952393974497538 0.86996682253168933 0.80693769501401347 0.74226788892985118 0.6783691521034062 0.61806664002850575 0.56437056646946415 0.52020976899023941 0.48815781453590545 0.47018516947714606 0.46746847514959933 0.48028031046515474 0.50797131702828435 0.54904337019520666 0.60130008462527795 0.66205156498000606 0.72834540993583508 0.79719596799790138 0.86578810447673182 0.93163886764772363 0.99270867727653034 1.0474613342381545 1.0948780550338997 1.1344342995761871 1.1660494455700448 1.1900188932322566 1.206936700801613 1.2176150655346467
1.5775991051174569 1.5364672065440397 1.4922692764651131 1.4469046920880115 1.4019484964330986 1.3585227849362997 1.3172163649534407 1.2780568732313418 1.2405352644208187 1.2036795086655041 1.1661722257217859 1.1265052515541985 1.0831621137243921 1.0348166441099402 0.98053251834787669 0.91994499814528474 0.85340366996652561 0.78205482916914626 0.70784545230814055 0.6334379022477028 0.56203516145238686 0.49712903401796305 0.44219616929894023 0.40037641604502433 0.37417271286098203 0.36521016229663866 0.37408411524990776 0.4003143511859425 0.44240717493557402 0.49801234815363654 0.56414992539157383 0.63747516390759684 0.7145484452946449 0.79208108741673056 0.86713557290981258 0.93726810631399293 1.0006105802924843 1.0558964727847802 1.1024400934490415 1.140080850193588 1.1691042780101202 1.1901502272633226 1.2041166413017692
