_KRIGING/CROSS_VALIDATION_CLASSIC_CLR/MHZ/TZ/train_1/MHZ_TZ_1_train_z_125.asc
ncols 100
nrows 81
xllcorner 5.5967107548124995
yllcorner 50.982328804812504
cellsize 0.00017565037499993607
nodata_value 1.7014100000000001E+038
[rows 38 to 56 of 81, columns 0 to 42 of 100]
1.7489436235388887 1.7869261388070266 1.8334959653917506 1.8867928453955134 1.9444203443497194 2.0036459492922951 2.0616394821568322 2.1157202984682826 2.1635825990844708 2.2034718505668165 2.2342930471857443 2.2556418719348699 2.2677608335606783 2.2714322825914044 2.2678273443785035 2.2583334177263832 2.2443828988407191 2.2273027920524719 2.2081998744778106 2.1878902185139042 2.1668761004325034 2.1453682423319949 2.1233471725238111 2.1006541908084424 2.0770998414148978 2.0525758754391124 2.0271555881857433 2.0011675189883036 1.9752292652943049 1.950231939748805 1.9272716171571251 1.9075315427223796 1.8921269883584872 1.8819321769500355 1.8774142514485264 1.8785016247161046 1.8845124303516543 1.8941630605290611 1.9056674718765305 1.9169262231531823 1.9257916494468095 1.9303838882022537 1.9294232201444148
1.7158768617249107 1.7563805289881493 1.8068172823682227 1.8652425537813908 1.9290909735381643 1.9953877993205333 2.0610053432952196 2.1229324179075064 2.178523245428921 2.2256960646470247 2.2630600291464358 2.2899602732720954 2.3064430858462366 2.313153829359214 2.3111878721626158 2.3019184354819937 2.2868248614446265 2.2673411352861121 2.2447387953462226 2.2200520096160865 2.1940467245886177 2.1672310724789767 2.1399008092526994 2.1122112039048671 2.084265104545691 2.0562055637445456 2.0283003947172751 2.0010056660113449 1.9749959695628116 1.9511518690544034 1.9304995569691856 1.9141042663505452 1.9029266992589506 1.8976594746276958 1.8985669253353774 1.9053550853832322 1.9170983510208903 1.932244624998853 1.9487120458533509 1.9640786677773372 1.9758532549181718 1.9818025452291443 1.9802997596586753
1.6824776915736632 1.7250208551141792 1.7787774658616771 1.8417369182811019 1.911187352312167 1.9839365193503653 2.0565839378026114 2.125810197224089 2.1886473074200961 2.2426978922741005 2.2862799511168852 2.3184860370753775 2.3391586630494885 2.3487951570013985 2.3484031706646253 2.3393316034763258 2.3231008618126068 2.3012520562948366 2.2752284321251626 2.2462956296800272 2.2155015789252586 2.1836726491411289 2.1514401578933282 2.1192900329383839 2.087627642197416 2.0568489971775059 2.0274085002563296 1.9998724183587213 1.9749469741235632 1.9534711353596452 1.9363674623370262 1.9245498908075303 1.9187946202768664 1.9195882711276906 1.9269746800146543 1.9404265202402948 1.958769011278322 1.9801795377503186 2.0022790309286864 2.0223193052211488 2.0374567348180896 2.0450887060255041 2.0432173009905208
1.6487070321040478 1.6926779952232134 1.7490540750693091 1.8157818816108398 1.8900323008937434 1.9684283649204763 2.0473301139283402 2.123140526283855 2.192594311262849 2.2529953783164398 2.3023782044478063 2.3395811465145453 2.3642334095585325 2.3766692970915484 2.3777915161632142 2.3689086587662236 2.3515706415804525 2.3274209639270418 2.2980778525652186 2.2650495105779918 2.229683194828155 2.1931444187100615 2.1564211316731203 2.1203475662388391 2.0856426044091143 2.0529571764549299 2.0229240100414461 1.9962012500750665 1.9734998546636553 1.9555842879009426 1.9432378154234087 1.937188138566869 1.93799595243682 1.9459173129353076 1.9607588934996665 1.9817514875900604 2.0074697953365375 2.0358244866503865 2.0641454500068379 2.0893636576143271 2.1082847238868121 2.1179321504837749 2.1159248251574372
1.614625140055892 1.6593035211592855 1.7174673735266905 1.7870475882966472 1.8651324148820443 1.9481994428091109 2.0324095276350187 2.1139254099500713 2.1892152670136813 2.255305571373091 2.309957430902136 2.3517539310227136 2.3801001324672715 2.3951495442893638 2.3976789783417733 2.3889366748159664 2.3704866921785825 2.3440670778002377 2.3114722110468344 2.2744629294443461 2.2347031151647396 2.1937189944843754 2.1528772278070338 2.1133789724246745 2.0762682190123236 2.0424527561445034 2.0127346042048657 1.9878439452401402 1.9684674149020496 1.9552594623446944 1.9488256235104648 1.9496698093649565 1.9581041052024548 1.9741282366200905 1.9972951504287466 2.0265870338305891 2.0603305402014924 2.096179498497043 2.1311873273493025 2.1619801970809194 2.1850271676403361 2.1969873556946427 2.1950993034018467
1.5805464269245788 1.6251387502352483 1.6841620503751478 1.7555606393657675 1.8363781928981586 1.9229906168865885 2.0114049315542069 2.0975861188692484 2.1777712394606166 2.2487343757696081 2.3079760417799875 2.3538243634530316 2.3854496683902449 2.402806257786037 2.4065229105151515 2.3977661173481106 2.3780975310100585 2.3493411477352222 2.3134684496429507 2.2725032762051351 2.2284441029195436 2.1832002525170724 2.1385398680525283 2.0960499640018635 2.0571109580211639 2.0228884391852229 1.9943429245687061 1.972254303545768 1.957252734153978 1.9498436178528675 1.9504126248023983 1.959198744489131 1.9762292661754572 2.0012196631892984 2.033451839765045 2.0716537970185538 2.113910119133291 2.1576338851535843 2.199625721506075 2.2362349638131649 2.2636227344485591 2.2781095616130131 2.2765738679084304
1.5471404864373377 1.5908258550337071 1.6497277392822585 1.7218330327986555 1.8041801295594766 1.8930892652930735 1.9844619799631369 2.0741114144779731 2.1580824886567589 2.2329253675399015 2.2958958670760161 2.3450702078302221 2.3793757742206161 2.3985513389984945 2.40305742029622 2.3939591802741553 2.3728010938072286 2.3414862276188559 2.3021657095185359 2.2571380911740819 2.2087553552798198 2.1593327099224267 2.1110623024903101 2.06593496337101 2.0256771431470191 1.9917107572291486 1.9651409767620609 1.9467714928409054 1.9371398472582184 1.9365591149274035 1.9451486383063004 1.9628371919204595 1.9893274104783951 2.0240198341545832 2.0659066758410947 2.1134568307535102 2.1645220001399563 2.2162968188607475 2.2653622821560839 2.3078315934346927 2.3396021917757368 2.3566996633004895 2.3556816162455476
1.5154590244604242 1.5574395018521447 1.6152358280704973 1.6869045798132185 1.7695171553594875 1.8593841648127718 1.9523510182637862 2.0441267895918109 2.1306058426115229 2.2081461605560246 2.2737785885929327 2.3253348145677668 2.3614957807416639 2.3817733867295887 2.3864447281991983 2.3764589913075795 2.3533332360546844 2.3190465843486701 2.2759352897719358 2.2265861411350416 2.1737241249356201 2.1200924680178037 2.0683280456249169 2.0208407001368389 1.9797090215154549 1.9466057785663353 1.9227626668568867 1.9089768589204832 1.9056527052609193 1.912863286718776 1.9304108862705607 1.9578647411300811 1.994559406498011 2.0395470573870318 2.0915101179404769 2.1486538983103958 2.2086093467440331 2.2683809448263057 2.3243725925621948 2.3725148803461922 2.4085017577425543 2.4281258612495229 2.4276829598389971
1.48688112473384 1.5264310154519944 1.5821841501182514 1.652289998164147 1.7338882343149882 1.8233239012742999 1.9164347974296021 2.0088741333023261 2.0964290774139798 2.1753003346714852 2.242318049061554 2.2950825563553812 2.3320317079045747 2.3524467306365953 2.3564139161361894 2.344759304503234 2.3189689186154707 2.2811001590868232 2.2336833505164746 2.1796085099414251 2.1219925706230134 2.0640265222810341 2.0088088226991401 1.9591786411704146 1.9175674210931217 1.8858878643615746 1.8654749061949318 1.8570842190884118 1.860942275371662 1.8768308765674342 1.9041812897231032 1.9421509938886081 1.9896605118018353 2.0453782744066311 2.1076558481453764 2.1744310315056201 2.2431288543032819 2.3105973883339135 2.3731146096383413 2.4264939830351646 2.4663012341316501 2.4881755608851139 2.4882287591510757
1.4629839459075078 1.4994925616745562 1.5523572379417216 1.6198382925373722 1.6991743501503884 1.7867853028364991 1.8785474824649446 1.9701056367258021 2.0571841241633262 2.1358642965418735 2.2028049160900567 2.2553950741239817 2.2918413281561856 2.311199835535378 2.3133683345102134 2.2990515915743241 2.2697086091696868 2.2274828264577389 2.175110534028236 2.1158001354127625 2.0530769608234838 1.9905947758824962 1.931924159210793 1.880336800073517 1.8386105659089105 1.8088806760315053 1.792556637062225 1.7903135782552835 1.8021526270810586 1.8275112879102107 1.8653948340545754 1.9144961310438773 1.973275264274279 2.0399812693091861 2.1126139270175348 2.1888406044004731 2.2658977181327149 2.3405152382778058 2.4089035709064568 2.4668346254607041 2.5098340782287938 2.5334824350364009 2.5338020032434114
1.4453596791503185 1.4783633085429204 1.5276248121862381 1.5915273073659342 1.6674334049280302 1.7518734238326132 1.8408048047712331 1.9299094009452888 2.014893455925943 2.091759613109887 2.1570297627144734 2.2079093190683006 2.2423945854842193 2.2593325248340079 2.2584449205066108 2.24032651554975 2.2064207149982957 2.1589693776714087 2.1009279902727815 2.0358364449230919 1.967639786114542 1.9004620510592312 1.8383475420270572 1.7849944004369491 1.7435119549669942 1.7162335784324712 1.7046098634732068 1.7091938437738894 1.7297134527828093 1.765210159416601 1.8142105820407974 1.8748928318380202 1.945212751906511 2.022966539298356 2.1057830932559978 2.1910581886572316 2.2758591492476374 2.3568394638251218 2.4302053479574202 2.4917699086777123 2.5371164318140824 2.5618730132225109 2.5620798530431079
1.4354096155140517 1.4646100650528413 1.5097120954872136 1.5692274746194417 1.6406617449720176 1.7206856788648999 1.8053759888962579 1.8904945308574783 1.9717737168345053 2.045180315269552 2.1071387177229663 2.1547055157536832 2.1856969114794422 2.1987765831374277 2.1935127919530184 2.170409942208757 2.130913190553807 2.0773777648230598 2.0129903401598646 1.9416303946253577 1.8676657721918315 1.795687791403255 1.7302046112099565 1.6753236832792537 1.6344614408807971 1.6101183356145405 1.6037491174850458 1.6157430991713024 1.6455101075216478 1.6916490550655761 1.7521617954264865 1.824668442728091 1.9065831809660123 1.9952212137106748 2.0878254068592756 2.1815214988708225 2.273229154160175 2.3595687430470544 2.4368079443214605 2.500887247750232 2.5475502061500315 2.5725854277913309 2.5721663326973627
1.4341504196681369 1.4594193737143901 1.4999802099333279 1.5544736042970624 1.6205609762093345 1.6950777671320165 1.7742531948902727 1.8539686653807337 1.9300258731346824 1.9983999432074704 2.0554611855288982 2.0981586178909923 2.1241665639097258 2.13200006645482 2.1211044867938074 2.0919199441668535 2.045914112528016 1.9855701942447332 1.9143136047347777 1.8363631869414121 1.7565012456391313 1.679770097527622 1.6111182626931875 1.5550330087981261 1.5152038974834614 1.4942615891622033 1.4936266681242443 1.5134861026219673 1.5528935405765756 1.609968495524555 1.682153194490668 1.766477995482548 1.8597885234662024 1.9588994722758661 2.0606587639318903 2.1619274050360451 2.2595003870147896 2.3500082802323448 2.4298450153199584 2.4951637721333375 2.5419708305818696 2.5663291609612697 2.5646628694857809
1.4420653519536475 1.4634356057330238 1.4992524966106475 1.5482812470339096 1.6083466241054318 1.6764672536771621 1.7490529109884179 1.8221401963674833 1.8916412234371958 1.9535840671958296 2.0043311496231944 2.0407700347027262 2.0604776391188109 2.0618616022125336 2.0442806830473006 2.0081402798202261 1.9549516192696292 1.887336810691965 1.8089597615400037 1.7243669390070986 1.6387325130308703 1.5575179682563887 1.4860735774062617 1.4292240131520728 1.3908888180497252 1.3737876806407323 1.3792697717869564 1.4072874250649638 1.456510880654049 1.524557521718132 1.6082909167127828 1.7041358208965258 1.8083568858385135 1.9172606322941768 2.027299564655157 2.1350799729610017 2.2372962962954639 2.3306307215341544 2.4116641021982725 2.4768422489211659 2.5225309781288758 2.5451763546805712 2.5415665912106649
1.4590248235557763 1.4766709213891924 1.5077137631745203 1.551035389435683 1.604626720898223 1.665702748545606 1.7308766155976407 1.7963713931672416 1.8582479219000669 1.9126309517923961 1.9559223780101291 1.9849973108380938 1.9973836142700563 1.9914266233153191 1.9664374600242405 1.9228166656592376 1.8621370374619421 1.7871636376400257 1.7017878452253825 1.6108579280889024 1.5199010674622402 1.4347492251795826 1.3611001672927734 1.304060925729424 1.2677298056086044 1.2548719055250204 1.266731371561145 1.3030030741712944 1.3619610071784458 1.4407155933423064 1.5355523780777718 1.6422942511380509 1.7566302405975867 1.8743655377143837 1.9915669960574847 2.1046016662954319 2.2100882306023735 2.3047982464193457 2.3855529828135884 2.4491612023603957 2.4924341966171402 2.5122988901503942 2.5060109275136022
1.4842881791742104 1.49849996960767 1.5248962291910684 1.5624660422394254 1.6093655476136086 1.663014443924419 1.7202468622871727 1.7774988464811541 1.8310145703101792 1.8770569715180443 1.9121141386312583 1.9330983622946576 1.9375380626915195 1.9237623189129209 1.8910731686711721 1.8398933774032256 1.7718694025392931 1.6899038567298348 1.5980917393073368 1.5015417745026278 1.4060782930581301 1.3178381337900267 1.242797259474715 1.186278578052959 1.1525015453182661 1.144232659418893 1.1625833716877363 1.2069801935157569 1.2753049804544263 1.3641768375373089 1.4693261038900469 1.5859994945555935 1.7093356432722415 1.83466148316821 1.9576793867653524 2.0745385326821557 2.1818068454841399 2.2763778484734623 2.3553569605842268 2.4159729701928172 2.455553183380121 2.471587017411554 2.4618853517509525
1.5165846445216773 1.5277376829194416 1.549751127495393 1.5817104757750688 1.6219332834097089 1.6680479676349944 1.717122165766904 1.7658262507893552 1.8106177721175492 1.8479357909190695 1.874398818519742 1.8870043170694535 1.8833295272746353 1.8617315002163135 1.821538579477759 1.7632175340054927 1.6884925634904566 1.600387516647491 1.5031636035864411 1.4021331924716871 1.3033456870133215 1.2131617096560099 1.1377529489046556 1.0825823701540429 1.0519287106126805 1.0485174629551084 1.0733073985386228 1.1254591453590144 1.2024846233201383 1.3005486503171269 1.4148721174842178 1.5401738817978181 1.6710879042436582 1.8025026858704694 1.9297890433055902 2.0489055787081667 2.1563942174443316 2.2492967921982254 2.3250349805583785 2.3812987296718462 2.415983028915127 2.4272012050273308 2.41338724006197
1.5542587639749255 1.5627853882672587 1.5807914898547435 1.6074483894048881 1.641229085842332 1.6799708116175496 1.7209821938523939 1.7611837965169439 1.7972712102368167 1.8258926862921809 1.8438371580645363 1.8482315082188698 1.8367464064820727 1.8078069612183203 1.7607979540176912 1.6962450116373056 1.6159452197048396 1.5230163573321178 1.4218357172156804 1.3178487471557454 1.2172440712932238 1.1265124209859496 1.0519286383318835 0.99901349857677901 0.97204133685975636 0.97365760128060896 1.0046570485469517 1.0639504492053962 1.1487195936325709 1.2547324687691632 1.3767680210230155 1.509086988929969 1.6458838409696273 1.7816644535220258 1.9115122482681626 2.0312281095443696 2.1373521010188066 2.2270938585710125 2.2982107910277683 2.3488776284799298 2.3775876582632187 2.3831165711177973 2.3645662517985575
1.59545669054256 1.6018210765051664 1.6162820007985217 1.6380865553659603 1.665855455545326 1.6976311865276794 1.730965815785634 1.7630401309362806 1.7908063247892523 1.8111489007724648 1.8210614839241748 1.8178391331205823 1.7992850766583635 1.7639267627804305 1.7112290532191308 1.6417838178521933 1.5574475907273144 1.4613951688093496 1.3580594989279891 1.2529381156494255 1.1522632021807144 1.0625535869648561 0.99008868709376097 0.94036192856765866 0.91758032108301701 0.92427497619785759 0.96107404314494793 1.0266668811413298 1.1179604279199125 1.2304009155232487 1.3584114993645562 1.4958829549845012 1.636652287710441 1.7749125274922428 1.905513757024766 2.0241368349660913 2.1273431964597256 2.2125228539458721 2.2777756708627037 2.3217668917775081 2.3435968482810914 2.3427177848388814 2.3189194942580729
