_KRIGING/CROSS_VALIDATION_CLASSIC_CLR/MHZ/TZ/train_1/MHZ_TZ_1_train_z_63.asc
ncols 100
nrows 81
xllcorner 5.5967107548124995
yllcorner 50.982328804812504
cellsize 0.00017565037499993607
nodata_value 1.7014100000000001E+038
[rows 0 to 17 of 81, columns 0 to 40 of 100]
-0.76678642965558663 -0.78455143529894422 -0.80400332573567579 -0.82570626781924683 -0.8504911136711153 -0.87944443783845228 -0.91384848567265231 -0.95506603780754884 -1.0043721257947607 -1.0627442617590461 -1.1306329463629103 -1.2077428296496902 -1.2928600072217782 -1.3837607898033581 -1.4772308491569464 -1.5692109783135944 -1.6550681767186568 -1.7299709868606421 -1.7893294270207474 -1.8292461390179764 -1.8469195495610686 -1.8409436245342301 -1.8114620256211322 -1.7601550767541123 -1.6900622821894256 -1.6052667914749013 -1.5104869398619587 -1.4106306584916588 -1.3103697246933261 -1.2137830136109302 -1.1241032949977365 -1.0435839293727851 -0.97348356541601255 -0.914151661256835 -0.86518737289119918 -0.82563986139940204 -0.79421899234384186 -0.76949050314394873 -0.75003732236012877 -0.73457712940372943 -0.72203401416890933
-0.78224836800173825 -0.80123265273027688 -0.82159580768940166 -0.84382968901780697 -0.86870917082904087 -0.89728602176727112 -0.93083188406191586 -0.9707240956613401 -1.0182763228366059 -1.074525966827631 -1.1400005978617591 -1.2144943580261505 -1.2968903477888623 -1.3850647449746709 -1.4759018054521966 -1.5654360714551541 -1.6491204733675524 -1.7221991787301276 -1.7801454719865786 -1.8191112693340112 -1.8363291002233761 -1.8304111859369272 -1.8015034498628963 -1.7512728284533361 -1.6827305097658447 -1.599917325809056 -1.5074962577831466 -1.4103077475481276 -1.3129448127682113 -1.2193973080360037 -1.132800186762718 -1.0553024831545172 -0.98805542335733842 -0.93130261786629842 -0.88454473713291915 -0.84674627444612782 -0.81655265460030635 -0.79249089347035406 -0.77313462789558929 -0.75722292195548924 -0.74373035712825175
-0.79858423838314407 -0.81865907050207043 -0.83970712067222952 -0.86212566752953923 -0.88661012227322922 -0.91415362505708253 -0.94599444569298119 -0.98350476919426844 -1.028022882806636 -1.0806409113535562 -1.1419705620448941 -1.2119179442163841 -1.2895034489772719 -1.3727622501327394 -1.4587543010489086 -1.5436999204386674 -1.6232396115306609 -1.6927972412995713 -1.7480075009547138 -1.7851552056898583 -1.8015683878167248 -1.7959108910185051 -1.7683331046819857 -1.7204595589574472 -1.6552158260133936 -1.5765202833934386 -1.4888846992345248 -1.3969782381461044 -1.3052109403655303 -1.2173854112560085 -1.1364513949549799 -1.0643801543197999 -1.0021575032967407 -0.94987890321879642 -0.90691929648313385 -0.87214521888008023 -0.84413701221321857 -0.821393610027082 -0.80249986317258637 -0.78624506122713012 -0.77168971999983671
-0.81584995249872061 -0.83689444399039759 -0.85841373319928516 -0.88069080668633615 -0.90432113605052078 -0.93021871800311584 -0.95956904801088716 -0.99372255777926477 -1.0340306167622073 -1.0816363406563518 -1.1372426374430111 -1.2008882900539348 -1.2717675255368406 -1.3481278997185109 -1.4272746165979224 -1.5056968385999074 -1.5793145603034866 -1.6438257424400839 -1.6951158827008366 -1.7296793979358609 -1.7449968690595246 -1.7398158528674059 -1.7142954022146741 -1.6699937169501624 -1.6097011323270676 -1.5371428879201927 -1.4565939075687608 -1.3724582272416075 -1.2888673399821176 -1.2093449243233443 -1.1365720487271214 -1.0722698656246732 -1.0171992133884573 -0.97126128884820573 -0.93367267419633326 -0.90318248415233637 -0.87829918981182709 -0.85749889746553243 -0.83939412630396171 -0.8228508693718608 -0.8070504644875871
-0.83409658873436787 -0.85600846014579024 -0.87781337797108461 -0.89966388694429367 -0.92203916900563709 -0.94575805878092045 -0.97193843342202713 -1.0018965658609524 -1.0369886762305411 -1.0784069713195186 -1.1269523935595107 -1.1828143005429823 -1.2453915738880685 -1.3131887962872064 -1.3838144486074004 -1.4540958766018524 -1.520309483533006 -1.578506643986344 -1.6248992675921003 -1.6562569072852369 -1.670262359605579 -1.6657762130901472 -1.642972563053507 -1.6033263057290557 -1.5494539358940829 -1.4848308228126443 -1.4134248830194289 -1.3392966406571742 -1.2662175122659309 -1.1973520140697902 -1.1350371252498945 -1.0806758638198046 -1.0347452007276341 -0.99690346073627167 -0.96617134341707622 -0.94115471774410797 -0.92027652357658485 -0.90198878433952645 -0.88494269060411002 -0.86810348876206933 -0.85080603189436932
-0.85332699743131202 -0.87602898702980458 -0.89797281386228733 -0.91916878626259924 -0.93996836196494127 -0.96108445344266991 -0.98355772822446963 -1.0086626543451029 -1.0377557252514882 -1.072078192291736 -1.1125352082632844 -1.1594808085992947 -1.2125419733556633 -1.2705138720229108 -1.3313517539054109 -1.3922732049145703 -1.4499690535525345 -1.5009043661084311 -1.541675560590299 -1.5693785600351087 -1.5819384095963167 -1.5783541170181119 -1.5588234323681294 -1.524729183881844 -1.4784887847624453 -1.42328817005444 -1.3627373674507657 -1.3004945840060058 -1.2399077914299725 -1.1837174388500911 -1.1338525293270461 -1.0913371787727857 -1.0563086187052975 -1.0281329418874392 -1.0055936974809423 -0.98712190214198814 -0.97103448136369219 -0.95575117216941519 -0.93996651208643156 -0.92276236736540551 -0.90365604587715964
-0.87344348066271249 -0.89688392949052109 -0.91886362223156426 -0.93924374657010223 -0.95824194783524086 -0.97646000511169029 -0.99485717523526174 -1.014663206601319 -1.0372337308632684 -1.0638604280691768 -1.0955575121177541 -1.1328530529702714 -1.1756169392347176 -1.2229558226068857 -1.2731987978100825 -1.3239863440051611 -1.3724605694226086 -1.4155392029847029 -1.4502416509030132 -1.4740253547659856 -1.4850866936852465 -1.4825838220935526 -1.4667489095739352 -1.4388727352691808 -1.4011629361097888 -1.3564953236832535 -1.3080925524847726 -1.2591736890615461 -1.2126206295159381 -1.1707028294482613 -1.1348915883645467 -1.105781151124055 -1.0831185379034254 -1.0659296391360187 -1.0527176602061616 -1.04170278512222 -1.031069529221655 -1.0191905329628279 -1.0048017619981484 -0.9871130142229938 -0.96584781648941065
-0.89419505251519493 -0.91834206775373883 -0.94029628310347513 -0.9597681244168339 -0.97684077099237876 -0.99200503996951395 -1.0061395605274763 -1.0204305671893288 -1.0362343710895543 -1.0548950312178162 -1.0775384398492582 -1.1048704069745006 -1.1370090407158082 -1.1733799027605245 -1.2126958664530727 -1.2530329012880685 -1.2919995100671982 -1.3269832409406999 -1.3554449095962371 -1.3752221590911295 -1.3848005209294658 -1.3835131074217915 -1.3716392393901959 -1.3503863505296032 -1.3217561688736741 -1.2883127379096799 -1.2528836278080968 -1.2182345642400536 -1.186760438054457 -1.1602320919439457 -1.1396292614255492 -1.1250772080368681 -1.115889997286696 -1.1107092030927601 -1.1077149955408101 -1.1048785558718348 -1.100221414749075 -1.0920488028672171 -1.0791299470553231 -1.0608073697955618 -1.0370281619839365
-0.91513492131483898 -0.93996458656067206 -0.96186526089713387 -0.980400345862112 -0.9955231291142399 -1.0076184653888876 -1.0174892562747531 -1.0262824444657428 -1.0353580047783117 -1.0461136572876308 -1.059786255184916 -1.0772565566339403 -1.0988862048765842 -1.1244135401103892 -1.152928322573892 -1.182935237185071 -1.2125035127897104 -1.2394869570364071 -1.2617872447279703 -1.2776253577085144 -1.2857831463763076 -1.2857797860271707 -1.2779562079318982 -1.2634532202261284 -1.2440840628402559 -1.2221172127146396 -1.1999980257434131 -1.1800463415705487 -1.164170284059979 -1.1536338439922194 -1.1489079844688941 -1.1496232420201302 -1.1546278747651728 -1.162141517025598 -1.1699819700312795 -1.1758338314507868 -1.1775232901822181 -1.1732640916405972 -1.1618451922391699 -1.1427400354202928 -1.1161291696798654
-0.93559913296631625 -0.96107931328049312 -0.98291812101289922 -1.0005410114141198 -1.0137807457510963 -1.022925204666276 -1.0287093873353579 -1.0322467411514842 -1.0349037887431571 -1.0381310612359009 -1.0432711264742867 -1.0513696554156973 -1.0630169881750688 -1.0782450613031085 -1.0964979838022828 -1.1166847765274273 -1.1373111373542175 -1.1566752528017832 -1.1731024635895246 -1.1851866696836593 -1.1920039558492415 -1.1932665919389345 -1.1893930809798972 -1.1814812778162558 -1.171185137303747 -1.1605093692146697 -1.15154814292365 -1.1462022595533432 -1.1459127062533563 -1.1514467451545445 -1.1627659284954965 -1.1789946094638077 -1.1984941124720041 -1.2190335637547511 -1.2380354165802607 -1.2528637675405294 -1.2611181066239086 -1.2608950139889576 -1.2509855588253909 -1.2309859634435256 -1.201311895341028
-0.95471540031140667 -0.98078757985023057 -1.0025593981730661 -1.0193325809008551 -1.0308329157583673 -1.0372632813992093 -1.0393001744065391 -1.0380293368092419 -1.034824978730476 -1.0311859573373801 -1.0285496387793531 -1.0281087551479253 -1.0306575111847909 -1.0364901926546752 -1.0453688853353531 -1.0565674993441763 -1.068988415990485 -1.0813372962358088 -1.0923325074961898 -1.1009196370813423 -1.1064596533135702 -1.1088618643972612 -1.1086396729498516 -1.1068773603480484 -1.105108376975011 -1.1051181688243499 -1.1086956800794066 -1.117365760295328 -1.1321385915590678 -1.1533112958272023 -1.1803510696940742 -1.2118791465828083 -1.2457618204743011 -1.2793003769065527 -1.3094980595508141 -1.3333711892171174 -1.348265011292862 -1.3521339471672156 -1.3437509714820863 -1.3228211371704219 -1.2899881888014011
-0.97144710643086829 -0.99800921569341861 -1.0196951848916191 -1.0357019923865354 -1.0456654763837367 -1.0497174139611742 -1.0484854354388455 -1.0430318518117352 -1.034736438766463 -1.0251369348512813 -1.0157480031891366 -1.0078834702778752 -1.0025070611804707 -1.0001334548015099 -1.0007947366666368 -1.0040781850559448 -1.0092310923097083 -1.0153184524827004 -1.0214112454276332 -1.0267778849516802 -1.0310499542770664 -1.0343359130343044 -1.0372627820331519 -1.0409351470838144 -1.046812011910315 -1.0565136449299317 -1.071581081285637 -1.0932189191342994 -1.1220562994204573 -1.1579606940542011 -1.1999340848146711 -1.2461116413350255 -1.2938700940195285 -1.340038242504441 -1.3811874928285366 -1.4139682160729423 -1.435450130791982 -1.4434233119392308 -1.4366213638742049 -1.414839168001073 -1.3789327179708197
-0.98467190073162958 -1.01156511846897 -1.0331179156055985 -1.0484457065132962 -1.0571140817334996 -1.0591985360621747 -1.0552865327535506 -1.0464184681606021 -1.0339731262176566 -1.0195117869951906 -1.0046018120709774 -0.99064412882276476 -0.978728956850343 -0.96954035533676586 -0.96332329529471283 -0.95991800678147743 -0.9588566214699934 -0.9595079971389886 -0.96124932487712145 -0.96363866367120021 -0.96656152806741047 -0.97032725264924879 -0.97569681827211485 -0.98383249711433129 -0.99617007538427282 -1.0142253278809281 -1.0393565079907432 -1.0725125410927157 -1.1140011664204748 -1.1633115457927796 -1.2190213743341807 -1.2788094074460039 -1.3395813760157866 -1.3977020263153883 -1.4493106122282218 -1.4906840201808946 -1.5186031577137984 -1.5306760442542893 -1.5255759575862016 -1.5031644907786645 -1.4644856728310276
-0.99328820656245864 -1.0202902277501702 -1.0416237593891291 -1.056349256240382 -1.0639835924902539 -1.0645608258115555 -1.058635121503894 -1.0472228967416275 -1.0316902940413926 -1.0136005269993345 -0.99454200062212261 -0.97596130204988385 -0.95902465552371008 -0.94452733884358087 -0.93286354167138286 -0.92406030278904017 -0.91786980141083063 -0.91390570787673786 -0.91180265853629883 -0.91137404743989525 -0.91274269838214761 -0.91642168895565179 -0.92332837659928813 -0.93472293863607181 -0.95207263011558663 -0.97685342141113263 -1.0103104942451764 -1.0532069803316437 -1.1055951009143066 -1.1666444881369298 -1.2345583065737227 -1.3065987946214737 -1.3792307027314827 -1.448375312689582 -1.5097514758353683 -1.5592660190392991 -1.5934065059907569 -1.6095866990214027 -1.6064000593664032 -1.5837487816484568 -1.5428333092164013
-0.99633753211518283 -1.0231638483406329 -1.0441487889385448 -1.0583268698195376 -1.0651887217649956 -1.0647411035836065 -1.0575093806451117 -1.0444800357419324 -1.0269897956109484 -1.0065762305751786 -0.98481076850627436 -0.96313790841782665 -0.94274356046529184 -0.92447105681685682 -0.90879621763697327 -0.89586405840567607 -0.88558060333056066 -0.87774509801903178 -0.87220175431079139 -0.8689867542781049 -0.86844597153950054 -0.87130176661661252 -0.87865299453169077 -0.89190047382202731 -0.91259982612813184 -0.94225383114449568 -0.98206612244276692 -1.0326859428977915 -1.0939785458764926 -1.1648565787398688 -1.2432036805416047 -1.3259124114968595 -1.4090451332103582 -1.4881100698190801 -1.5584277759856646 -1.6155483749560451 -1.6556699611191772 -1.676005649977502 -1.6750519356564422 -1.6527238355967708 -1.6103408096424454
-0.99312685206796325 -1.0194403536245888 -1.0399059522556107 -1.0535624506706871 -1.0598967437048012 -1.0589011729629958 -1.0510742677260627 -1.0373629628835135 -1.0190532930965512 -0.9976246411842109 -0.97458843855606125 -0.95133476078078805 -0.92900911314904522 -0.90843708565673809 -0.8901072621347208 -0.87421396243576566 -0.86075240142087761 -0.84965092145941834 -0.84091912119097945 -0.83478765587019721 -0.83181555489450942 -0.83294407886427502 -0.83948211430010544 -0.85301632468446864 -0.87524897864686713 -0.90777661233455031 -0.95183234430521102 -1.0080225211129854 -1.0760931768103874 -1.1547624152566629 -1.2416504918517459 -1.3333298955334902 -1.4255037338552983 -1.5133037327257868 -1.591681529170655 -1.655851524901347 -1.7017332510214771 -1.7263382337376503 -1.7280518346719884 -1.7067740121306358 -1.6639023784336973
-0.98333428657825039 -1.0087621833196263 -1.0285037133151163 -1.0416320346881813 -1.04765195615044 -1.0465526709034656 -1.0388055039243913 -1.0253053125991063 -1.0072628930048986 -0.9860635787782408 -0.96311277535194972 -0.93969146095032063 -0.91684331093987459 -0.89531030753399121 -0.87552628281705558 -0.85766898677090597 -0.84176230195398816 -0.82781240468663553 -0.81595602501264763 -0.80659617347489676 -0.80050110131966234 -0.79884581063055671 -0.803181795926591 -0.81532928908399893 -0.83719629236568061 -0.87053913288753648 -0.91668901245549672 -0.97627680820845542 -1.0489929386046832 -1.1334193297175366 -1.2269656483561335 -1.3259318731785157 -1.425704637039602 -1.5210771944898094 -1.6066647716329254 -1.6773713699796924 -1.7288537374913864 -1.7579254716317017 -1.7628501553407696 -1.7434865460889457 -1.701269031437409
-0.9670830831038757 -0.99123898327215554 -1.0100293001915974 -1.0225900428708938 -1.0284639026202032 -1.0276464237344689 -1.0205795536717199 -1.0080917978238448 -0.99129262674336061 -0.97143631728665514 -0.94977569124944794 -0.92742827958194396 -0.9052758944673942 -0.88391366795529724 -0.86365709883946251 -0.84460670653276892 -0.82676085562278345 -0.81015947277737843 -0.79503579124881663 -0.78195065539173014 -0.77188464433984771 -0.76626729904610191 -0.76692968935454364 -0.77597577760396752 -0.79557862342151231 -0.82771833894875124 -0.87388860999469675 -0.93480623966379928 -1.0101622790096785 -1.0984528196232555 -1.1969217860573909 -1.301637074166365 -1.4077059540934289 -1.5096175080027134 -1.6016814973598745 -1.6785173993481612 -1.7355373008482728 -1.7693641044807717 -1.7781330696288948 -1.7616394905154975 -1.7213161170556528
