CROSS_VALIDATION_INTERPOLATED_TRAIN_FILES_80-20/CROSS_VALIDATION_CLASSIC_80-20/MHZ/GZ/MHZ_GZ_5_train_z_90.asc
ncols 100
nrows 74
xllcorner 5.5967023332191781
yllcorner 50.982320383219182
cellsize 0.00019249356164376555
nodata_value 1.7014100000000001E+038
[rows 19 to 37 of 74, columns 0 to 42 of 100]
3.0418902495592137 2.9725850157594147 2.8817912517533815 2.771296062393156 2.6450817339101826 2.5092007826549052 2.3713554073830965 2.2402187198614145 2.1245844185995013 2.0324659495469506 1.9702769110285425 1.9422083985818661 1.9498798407021889 1.9922873097579918 2.0660202814267565 2.1656769751448026 2.2843884390964471 2.4143649459681003 2.5474010045985382 2.6753084446913222 2.7902797766208609 2.8852069344059723 2.9539880560645075 2.9918465915772261 2.9956666532510861 2.9643228058140609 2.8989587795540865 2.8031541107139359 2.6829145295706409 2.5464326212323103 2.4035891878130871 2.2652001769906009 2.1420545869004863 2.043829424876221 1.9780014842436087 1.9488951531931784 1.9570047988581907 1.9987067256148265 2.0664310420083232 2.1493045668506263 2.2342124606938207 2.3071701922733237 2.3548586379754091
3.0049965123136291 2.9226289943466073 2.8176468211597419 2.6928557448420571 2.553579683964867 2.4074427626851334 2.2637987251497664 2.1328592504751969 2.0246330377807213 1.9478293762971335 1.9088921565547041 1.9113086642651362 1.9552862734704748 2.0378212613525131 2.1531139110158692 2.2932293549300491 2.4488761449036121 2.6101784386326239 2.7673485276034855 2.9112129748873565 3.0335935544109498 3.1275803463233283 3.1877503428744243 3.2103788701246403 3.1936673596588117 3.1379780568796933 3.0460340954704224 2.9230207671386177 2.7765165881307441 2.6161931211793297 2.4532492755319693 2.299585052642148 2.1667654529342562 2.0648701143288752 2.0013601280831432 1.9801126483459539 2.000770496593959 2.0585255790736907 2.1444039955575387 2.2460547065501748 2.3489739567710735 2.4380371667766978 2.4991697567516491
2.9565034680826203 2.8586299054321538 2.7369123699078033 2.5952900075380585 2.4405656465490404 2.2820864007363832 2.1310112430162826 1.999232093956306 1.8980869760111547 1.8370535725257335 1.8226254990678159 1.8575462409644219 1.9405118013278342 2.0663669363050881 2.2267316455243717 2.4109249759349298 2.6070175377153122 2.8028483386008149 2.9868808086431864 3.1488335790611126 3.2800856303617509 3.3739057202991711 3.4255810326320644 3.4325164251356606 3.3943482933897018 3.3130764872349134 3.1931767233931838 3.0416260188571558 2.8677624908623764 2.682911232377104 2.4997380791089201 2.331337572087107 2.1901126009304361 2.0865521991943519 2.0280516902828092 2.0179377387733686 2.0548540775532009 2.1326298438965159 2.240694701682258 2.3650316762403376 2.4895824370873427 2.597954749862637 2.6752402604300416
2.9011042161232306 2.7863653811302358 2.6465320244563495 2.486740701683968 2.3153444431304715 2.1434871720988662 1.9842035680539434 1.8511262991157169 1.7569664305392267 1.7119907567684907 1.722735637748003 1.7911638168323636 1.9143938938911207 2.0850282772220803 2.2919985336086635 2.5217619951558818 2.7596392064479582 2.991086133444349 3.202742875446142 3.3831758357747335 3.5233109876424722 3.6166207646469859 3.6591614580500407 3.6495569842175231 3.5889937946699719 3.4812432789783587 3.3326780531093272 3.1522113640497631 2.951074022299534 2.7423541126556392 2.5402586532843232 2.3591063902201688 2.2121174946097648 2.110118655982018 2.0603209719851145 2.065344784990331 2.1226547375653082 2.2245285194365048 2.3586179858597407 2.5090808889784215 2.6581790035481832 2.7881692570860954 2.8832720371881049
2.8441147648038205 2.712470129257448 2.5545796903694056 2.3767824297281068 2.1889738542436818 2.0040736675021202 1.8369591588208687 1.7029613719136103 1.6161165810070139 1.5874315573687214 1.6234388540917992 1.7252796864292721 1.8884625647208724 2.1033245585257641 2.3560966210413321 2.6303739052300878 2.9087390128043582 3.1742904341186113 3.4118846778962686 3.6089902556208608 3.7561489883425248 3.8471196154888796 3.8788223642945363 3.8512046268145932 3.767113016477933 3.6322008031210986 3.4548409221818241 3.2459706445635108 3.0187759868843154 2.7881357634926003 2.5697833108499504 2.3791995777616028 2.2303129806105195 2.1341372271740502 2.0975174796692171 2.1221694134504441 2.2041800047646509 2.3340927647488057 2.4976284225861369 2.6770049620322398 2.8527329653815228 3.0056897197629953 3.1192329295514565
2.7912442420484789 2.6441233506932322 2.4698485202442884 2.2759011313542539 2.0736233522857122 1.8775831214278478 1.7043502643722848 1.5707950234218311 1.4921264525705533 1.4799615643165867 1.5407357184267676 1.6747209939432439 1.8758180843533596 2.1321495557975263 2.427339242935127 2.7422472664317263 3.0568686975877251 3.3521080474794163 3.6112059881959242 3.820698265476719 3.9709001358854836 4.0560033602023156 4.0739255243520427 4.0260553592085637 3.9169991316819166 3.7543692585972979 3.5485889827069217 3.3126363426116514 3.0616299776606803 2.8121725654550618 2.5814102871556868 2.3858279536547746 2.2398657824560546 2.1545018554352628 2.1359826637608963 2.1848947619032222 2.2957492994970492 2.4571986118362608 2.6529258625386731 2.8631559320976581 3.0666435433600059 3.2429200029323453 3.3745380677466748
2.7482528107002446 2.5885901039215691 2.4012555337123773 2.1947449915345247 1.9816598603438047 1.7779782790437269 1.6016915700224574 1.4709296748916652 1.4018148492852704 1.4063628350238817 1.4907720436529219 1.6543931568480987 1.8895599956178311 2.1823101879473699 2.5138652254111777 2.8626107068202673 3.2062482309763718 3.5237942293942028 3.7971724890160177 4.0122634646260709 4.1594018178414176 4.2334206283037767 4.2334020166983679 4.1623001150388541 4.0265602034142001 3.8357866844285313 3.6024372712865587 3.3414641967925567 3.0698003414361201 2.8056031776176118 2.5672165500272586 2.3718768524529663 2.2342605388030057 2.1650292562513451 2.1695654211242354 2.2470971788685903 2.390384383765114 2.5860782632095161 2.8157835356429395 3.057754570931484 3.289062319792813 3.4879935057786082 3.6364034794834001
2.7205038868078022 2.5526334105199711 2.3570915487206792 2.143194321372289 1.9245264823924986 1.7181330317083878 1.54304177470953 1.4182509601312008 1.3604386165397147 1.3817353879692158 1.4879254760857785 1.6773887821896425 1.9409774506601858 2.2628556430092468 2.6221590861619051 2.9951905540345836 3.3577911358537103 3.6875304580045887 3.9654366133677472 4.1771140887978264 4.31323962904212 4.3695449963076785 4.3464647174072732 4.2486352982652429 4.0843871290190181 3.8652925712304667 3.6057511327293357 3.3225306810107318 3.0341588763911131 2.7600758387052933 2.5195105141849181 2.3301145677098107 2.2064612802210108 2.1585766734333669 2.1907038423014997 2.3005023823030024 2.4788511749206377 2.7103578114992297 2.9745893827468826 3.2479393936599208 3.5059498640354905 3.7258334556540396 3.8889031933699596
2.7124507483968694 2.5418541282564719 2.3441940696758552 2.1293520924307758 1.9115427269779852 1.708444036870902 1.5396396079447365 1.424513153375135 1.3798641339471134 1.4176015580382719 1.542897159323819 1.753125503990721 2.0377928911297589 2.3794837491004879 2.7556708237603269 3.1410859327986609 3.5102659647679006 3.8398913582545342 4.1106165824516419 4.3082287587870214 4.4241233579461765 4.4552152530138729 4.403479482851961 4.2753265878911444 4.0809695428226762 3.8338558627375301 3.5501494303207553 3.248179838397081 2.9477506236428139 2.669216267245516 2.4322931421980565 2.2546450639752793 2.1503602102061743 2.1284954739722126 2.1918945904751643 2.3364816600061493 2.5511918185098859 2.8186304910784132 3.1164607549909298 3.4194173525781908 3.7017512708598992 3.9398372323186339 4.1146429207470785
2.7271269239074174 2.5600489331084377 2.3671578988604702 2.1585973194013066 1.9487980252386601 1.7555707412871913 1.5985068906949467 1.4968322551673809 1.4669871638941645 1.5202974004385235 1.6611250044934609 1.8858338390659641 2.1827762727017666 2.533329185126953 2.9138187544068339 3.2980177123022516 3.6598122597439309 3.97563734049226 4.2263642365015892 4.3984676087801136 4.484460433730896 4.4827229231944843 4.3969334704458278 4.23532225669942 4.0099184718427248 3.7358740280926357 3.4308521773727501 3.1143984924397712 2.8071836695554291 2.5300273482994493 2.3026705306536615 2.1423428639380946 2.0622487345428402 2.0701542673383111 2.1672836972652378 2.3477232116569509 2.5984847021509649 2.9003072188703252 3.2291801648716194 3.5584721103960915 3.8614574294677091 4.1139655211494057 4.2968483149099157
2.7657263537553272 2.6086933682612612 2.4277139440861122 2.2328572171167353 2.0383209455832132 1.8615125219140589 1.721452110502633 1.6366419112848201 1.6226734071852293 1.6899348092169761 1.8418066088639025 2.0736798074109659 2.373003275669384 2.7203877364445583 3.0916029078607759 3.4601454995491254 3.7999663916315471 4.0879454414568466 4.3057886644393699 4.4411693534936711 4.4881015738686729 4.4466780713476064 4.322391259732556 4.1252706188443371 3.8690192080569981 3.5702405995723412 3.2477487985550022 2.9218792112327412 2.6136890887596769 2.3439561880168389 2.1319448213452903 1.9939892383036542 1.9420226071256534 1.9822362947130108 2.1140765055720463 2.3297697061065898 2.6145176858553016 2.9474254533604798 3.3031312384675355 3.6540103798105292 3.9727378520148036 4.2349320908568728 4.4215785399719296
2.8273575841776522 2.6866508899291626 2.5243949166134358 2.3502350291752281 2.1776787961428328 2.0231940177858059 1.904659465194837 1.8393074093846424 1.8414207174744215 1.920135624096134 2.0777275007837206 2.3087062694524692 2.599923727370915 2.9317195535413214 3.2799438854711882 3.6185357317221838 3.9222458533126749 4.1690911023495447 4.3422124633456933 4.4309564083103661 4.4311683454684792 4.3448339455668021 4.179294092959954 3.94627593837797 3.6609319824459421 3.3409858864800031 3.0059820474447507 2.6765586383811355 2.3736324528317931 2.1174039465636509 1.926152080111863 1.8148701232733915 1.7938715637949132 1.8675495375907181 2.0334917401326953 2.2821326644440623 2.5970707956335533 2.9560993509896152 3.3329068534489266 3.6993107555757132 4.0278064094095125 4.2941577653600671 4.4797367374090333
2.9090350551105262 2.7901798191248774 2.6525681030335209 2.5050808331176642 2.3601002557514947 2.2326542051364742 2.1389588242847219 2.0944896028877276 2.1118274123722722 2.1986108372969051 2.355952721224857 2.5776325014039445 2.8502584984201258 3.1544264534285036 3.4667179751319113 3.7622274025257676 4.0172152732486213 4.211482813414162 4.3301439665408994 4.3646161958847047 4.3128193732955404 4.1787197636374893 3.9714479621840342 3.7042384034614431 3.3933886942599125 3.0573436130817813 2.7159055625194428 2.3894939495806335 2.0983428013561083 1.8615447939388821 1.6959104330703871 1.6146920094954718 1.6262985398115921 1.7331796710890321 1.9310716861682531 2.2087752860124352 2.548578599212477 2.9273603185670085 3.3183190622023555 3.6931880342257215 4.0247203761018655 4.2891812857039469 4.4685678369909079
3.005933639017532 2.9132635047229352 2.8048576004403687 2.6885223329437062 2.5751299000379655 2.4778370071306428 2.4107604015507862 2.3872258418747103 2.4178147467838906 2.5085122680425629 2.6592875218960517 2.8633962403784112 3.1075886048310979 3.3732485690418565 3.6383184433446027 3.879713844760869 4.0758456221061516 4.2088591248699041 4.2662781057254202 4.2418794877576476 4.1357888394942899 3.9539320240042963 3.7070706922381236 3.4096700002679983 3.0787998748047452 2.7331793267330484 2.3923705510947402 2.0760492773254429 1.8032428792157633 1.5914445101696097 1.4555699217674567 1.4068022568178895 1.4514441805530813 1.5899456589894436 1.8162880708276186 2.1178799287777759 2.476063157544572 2.867252891402722 3.2646503609319564 3.6403889311292419 3.967907711795867 4.2243044270072279 4.3924074647465812
3.1118876066041858 3.0482345163163176 2.971913433075863 2.8893964780548247 2.8097357841535286 2.7438821536642068 2.7035282308942152 2.6995760417838506 2.7404254303628877 2.830353253849716 2.9682805968498984 3.1471919686465464 3.3543753227291164 3.5725099117400214 3.7814698494278867 3.9605717210674714 4.0909092658177828 4.157409180619859 4.1503120150410497 4.0659123987556649 3.9065487809762418 3.6799737087505067 3.3983266691304523 3.0769540270001103 2.7332769374514116 2.3858196774552214 2.0534101866010639 1.7544845443460408 1.5063905326216362 1.3245992196799916 1.2217881974365765 1.2068348401622258 1.2838283174367371 1.4512548902973608 1.7015212955011743 2.0209552143602858 2.390367478037164 2.7861894395558648 3.1821228636180865 3.5511689942917712 3.8678463582499805 4.1103703035092831 4.2625575866566656
3.220071636866483 3.1866127372988382 3.1434263644436067 3.0954565198223252 3.0497177974120016 3.0147351784002021 2.9995816262180286 3.0125937849846318 3.059930687050227 3.144206887891376 3.2634593420939924 3.4106821962544034 3.5740827688015502 3.7380872371543612 3.884981390085728 3.9969435528019241 4.0581458137799311 4.0565878128287247 3.9853887662482963 3.8433825083213522 3.6350057187526348 3.3696030654508933 3.0603612552686288 2.7231080623177819 2.3751731444712343 2.0344241725818728 1.7184951061255171 1.4441449032130178 1.226647075547489 1.0791205992234412 1.0117622334531395 1.0310094856257921 1.138728876441351 1.331566430236335 1.600606162620303 1.9314577248200999 2.3048441537489497 2.6976964485207677 3.084694786237153 3.4401354595929163 3.7399542997571915 3.963706267170231 4.0962917166675048
3.3237683655926249 3.3200401352749624 3.3092466072765747 3.2946857253801314 3.2812193759840733 3.2748499170606928 3.281969505385363 3.3083411061365888 3.3579421369734819 3.4318611425079029 3.5274663925265459 3.6380489055326679 3.7530768310184159 3.8590920107176219 3.9411541035713471 3.9846222389893287 3.9769884528102368 3.9094623719125936 3.7780584427803179 3.5840429745831672 3.3337307329068162 3.0377449056809427 2.7099383716105594 2.3661995491870629 2.0233320667056782 1.6981209618082795 1.4066071886421811 1.1635165399394216 0.98175038364014811 0.87185148206774621 0.84140122821982744 0.89436668720068113 1.0304750466858481 1.2447313935741464 1.5272037505749614 1.8631774184662211 2.233736690089164 2.6167769366150662 2.9883940927573907 3.3245488016474662 3.6028630129911789 3.8043803505959097 3.9151112056008079
3.4171107910400425 3.4411786957888895 3.4604492165148004 3.4765356413914832 3.4921353326266749 3.5107520893136348 3.5361643272255501 3.5716757018692613 3.6192445207679294 3.6786407880997887 3.7468089082484939 3.8176065754809629 3.8820404835183604 3.9290326219562859 3.9466440667686529 3.9235814904150716 3.8507418529996977 3.7225331716760133 3.5377509220335641 3.2998811771253367 3.0168193918645807 2.7001066210487474 2.3638636865492879 2.0236300688987443 1.6952860853914506 1.3941684792470097 1.134405975995489 0.9284298687439555 0.78657570945886157 0.71669345378951299 0.72371887872520724 0.80921257957938864 0.97092467921621861 1.2024772677524824 1.4932642652867605 1.8286506147308499 2.1905168963207258 2.5581515636511059 2.9094495773003803 3.2223382857276994 3.476320761052405 3.6540040086047028 3.7424662651893414
3.4956914478014918 3.5444449270050038 3.5902004228476025 3.6329241736863276 3.6732332447938179 3.7122659151758883 3.7513656869782297 3.7915935258585494 3.8331310749365395 3.8746835698169706 3.9130210751511365 3.9427977435292521 3.9567541314347965 3.9463396483846696 3.9027038798878211 3.8179178428065876 3.6862228409846702 3.5050845782649995 3.2758616345559952 3.0039739965627819 2.6985594866549123 2.3717064466217908 2.0374234234042499 1.7105333756676595 1.4056578567807145 1.1363972457072835 0.91473815217820686 0.75065291309707149 0.65181738668060618 0.62336971738857105 0.66765974722286991 0.78398247306049307 0.9683323448833977 1.2132442051018346 1.5077943770796454 1.8378228968720149 2.1864119083052662 2.5346242819671154 2.8624770538416877 3.1500989378681994 3.3789992927947807 3.5333559916091097 3.6012121229990752
