CROSS_VALIDATION_INTERPOLATED_TRAIN_FILES_80-20/CROSS_VALIDATION_CLASSIC_80-20/MHZ/GZ/MHZ_GZ_3_train_z_125.asc
ncols 100
nrows 74
xllcorner 5.5967023332191781
yllcorner 50.982320383219182
cellsize 0.00019249356164376555
nodata_value 1.7014100000000001E+038
[rows 19 to 37 of 74, columns 0 to 42 of 100]
19.284212870062248 18.871936063397811 18.373830754946809 17.814627454586031 17.230677678243168 16.667348541070851 16.174593044550122 15.801148925142657 15.588147206114842 15.563122656671498 15.735447331709951 16.094027074039388 16.607730293146233 17.228528728621114 17.896826963139731 18.548057231788647 19.119414912927283 19.555657875856696 19.813177690908319 19.861999852285535 19.685867870281157 19.280983710765611 18.654207415744004 17.821505227695667 16.807187896237998 15.64407306485329 14.374256460230265 13.049817665886652 11.732626313518212 10.4925093589385 9.403376303834003 8.5373964136772091 7.9578534068979696 7.7117292010704457 7.8232743779149434 8.2897503419137006 9.080189758943531 10.13749841893042 11.383638433283112 12.727124650468088 14.071741698598442 15.325302627754111 16.407411893761022
19.438853974250023 18.928937262099794 18.308665024551416 17.608765199026834 16.874749737607388 16.163758135113397 15.539128739401812 15.063244015371419 14.789598612053242 14.755300563966559 14.975257975457042 15.439092085124999 16.111377545483009 16.935225496970347 17.838619703443385 18.742427530711254 19.568749166249347 20.248299125129108 20.72582135867475 20.963041594343309 20.939228268473883 20.649923303091882 20.104697149943931 19.324815588434532 18.341486500415101 17.194958497123594 15.934290865685179 14.617239204743493 13.309513007827215 12.08271721144167 11.010578787566574 10.163507217494592 9.6020258394591291 9.3700094210765474 9.4888644578947865 9.9537362386326347 10.732529400010224 11.768056757343814 12.983096178487589 14.287659318041698 15.587459663657782 16.792464797845341 17.824526537411533
19.632885889929327 19.010256019919254 18.249703734831584 17.388890904993218 16.483658354805456 15.604197986841223 14.828482752250546 14.23361360756328 13.886221462085404 13.833372375758161 14.095474259469272 14.662433796894726 15.493793130712605 16.522885230378378 17.66433116888345 18.82362115444684 19.907205439994016 20.83153937867587 21.529865211440878 21.956079481295149 22.085683477665143 21.914384639844158 21.455277127313501 20.735608966711837 19.793947672540874 18.678164003360997 17.444189840706407 16.155108033589279 14.879911271635075 13.691281993104058 12.661987891800786 11.859888044384975 11.341992286699314 11.148389732647582 11.297060881886212 11.780557543841281 12.565280339508549 13.593664584952091 14.789099426794561 16.062961085021016 17.322831370745604 18.480851356803964 19.46123258017785
19.906717162650821 19.161553294829389 18.248101899166855 17.211753830912301 16.119639165311753 15.056012932334861 14.114419716584502 13.387427743888873 12.955276970878382 12.875140769243162 13.172752681562772 13.837854848244058 14.824319050854614 16.054988960037321 17.43046176617645 18.840351574458467 20.175205619030777 21.33725488486526 22.24855740579298 22.855731240087181 23.131211269422536 23.071620750130009 22.694278086156928 22.032982893862552 21.134048555112003 20.053153195040764 18.853098714248112 17.602140458308376 16.372293517200333 15.236995734504839 14.267706172980789 13.529375170787874 13.075133781289372 12.940902459607981 13.140817363036424 13.664365677907449 14.475909444144857 15.516910025256227 16.710726473755589 17.96944644009794 19.201902461099298 20.321883617077361 21.255586378304798
20.304292543405523 19.433507806940511 18.361730411269647 17.142672227330564 15.855417175350683 14.59891604387793 13.482788774326204 12.615372833163585 12.090580505003993 11.975521176709096 12.300891321297231 13.055788402008611 14.187908351528948 15.609170055530827 17.20586532322848 18.85166485757081 20.421387692085133 21.80344951109052 22.909325878163358 23.679082918473924 24.082858078721927 24.118918999702458 23.809427140675858 23.195197850464723 22.330585105813007 21.279214380706748 20.11077992619677 18.89866224946757 17.717827423374715 16.642404486911211 15.74249608358558 15.080097517310845 14.704380997604828 14.646937417869401 14.917769055440283 15.502843063589344 16.363844234326464 17.44044636616638 18.655025575244643 19.919349602816396 21.142471689360143 22.238890497024151 23.13603108702857
20.868484842714025 19.876809979825936 18.649763751764254 17.249705385677018 15.767957046876889 14.318320077817157 13.026454071923192 12.016218932055361 11.394765987972074 11.238586157458075 11.582756454287351 12.415223146349428 13.677171444204484 15.26950422647228 17.064398112640532 18.920051445798165 20.696270142053777 22.268547728852795 23.538763848995629 24.441421598050681 24.945267319627547 25.050969312070407 24.786096934781924 24.198844148359541 23.351786470339746 22.316540748569054 21.169660392764982 19.98960177698801 18.854265377085063 17.838512851771533 17.011185366337642 16.431437571239336 16.14455959662579 16.177783445777017 16.536776178574321 17.203561720358451 18.136479279366743 19.272510745593088 20.531951195247785 21.825027988792428 23.059765251776149 24.150196984408758 25.023984275221096
21.634692407091038 20.535148165354457 19.165044033039123 17.595388913952462 15.92957379243744 14.295846303597353 12.83525054603029 11.686303172759731 10.968411993613836 10.766481813186333 11.119163568027703 12.01274018956685 13.381765277762861 15.116440056798682 17.075561240336725 19.102943519387907 21.044714557285431 22.7648978979757 24.157215442450095 25.151914668075833 25.717438113522263 25.857667967175928 25.606105043581223 25.018576729395093 24.165917533619904 23.127627750808898 21.986946645140641 20.827241954879597 19.729248202258105 18.768550100060054 18.012801820050861 17.518437406437407 17.326968074433353 17.461279204096684 17.922552835350565 18.68850298817037 19.713511449605612 20.931014772643405 22.258167709807104 23.602456147317994 24.869617914496882 25.972008421924272 26.836458492294938
22.623237521411397 21.436851293850296 19.944960766111905 18.226854284234278 16.397311995961616 14.598009078438333 12.984053318697187 11.707102806377202 10.897278169131718 10.646524772559575 10.99606102203987 11.930025724274381 13.376478249090107 15.215684455398049 17.294385563489186 19.443757589981956 21.498236087433114 23.312409785935429 24.773749521209695 25.80988357373667 26.390223515288326 26.522733866749689 26.247319500479819 25.627567543298611 24.742430416670992 23.678978263615328 22.526747090963923 21.373637348675985 20.30291317959415 19.390685976416357 18.703335460660576 18.294566816648768 18.202130449807413 18.44454469804117 19.018383195075984 19.896771090363302 21.029665752767244 22.346295392981091 23.759832470670048 25.174040409246047 26.491310146053515 27.621253366121671 28.48888757985474
23.831666670953112 22.586399472167187 21.002170826544685 19.165771660080352 17.202146872419178 15.264740495052218 13.520728393897139 12.132755831413585 11.239581089680962 10.938454782043154 11.272006780002231 12.221830749065633 13.709926364119967 15.607866202279597 17.752255778575105 19.964022698136787 22.06852241256756 23.913491503029405 25.382484149938506 26.402433200500596 26.945138190405672 27.023533782107251 26.684317745795767 25.998802558004328 25.053703487513047 23.943098009430834 22.762158721046298 21.602656079445438 20.549790712715392 19.679721458148691 19.0572036540064 18.732982067436652 18.740901712050317 19.09501237911455 19.787172967542276 20.785764090533668 22.036077786671527 23.462783343496834 24.974599060221344 26.470974931353616 27.850262638066461 29.018572114061847 29.898339889879672
25.228438376291095 23.957420124839516 22.316903921627897 20.399983482984425 18.339989223571195 16.299841076705007 14.45613975135536 12.979773597105998 12.015597892485781 11.664144502095157 11.96821781689817 12.906597161583216 14.395980350579181 16.30095964674814 18.45048373427683 20.658203799420761 22.74354960985778 24.550441400070937 25.961182620371915 26.904131446541115 27.354961473106172 27.332420087301315 26.890253053228889 26.107265655225731 25.077338166753947 23.900718909871955 22.677259558833853 21.501622155356159 20.460022799985467 19.627859504362419 19.067601071473788 18.826529756169592 18.934240995594401 19.400115008559219 20.211213656487594 21.331177259832515 22.70068451232062 24.239901214570267 25.853103133321639 27.435349596856128 28.880752325848469 30.09158150423071 30.987234141378778
26.749622220242244 25.488918569023838 23.832716231774086 21.878792191464569 19.766543483851819 17.665474372951465 15.758379298941238 14.221136982373688 13.201787319434446 12.801923660451907 13.063283787873418 13.961741929652236 15.409781787937492 17.26716179243698 19.358132790722124 21.492510613525965 23.487361437762573 25.186134404773654 26.472739536262324 27.279151778523612 27.586366655922802 27.419660844925758 26.839893704455761 25.932899696799055 24.798869170871626 23.543109806192476 22.268904032082823 21.072520301536315 20.039948795448225 19.244693436524749 18.745962910109668 18.586804132345549 18.792021779018789 19.36603572181054 20.291073355611822 21.526233248051994 23.00797393393951 24.652479507659628 26.360146821057242 28.022152533372797 29.528728264624483 30.778447502435576 31.687567101009471
28.300033627521771 27.086257623946736 25.457279834567643 23.513544151770276 21.397695707368953 19.2823963442099 17.352902816886726 15.786428641378082 14.731026128479103 14.287036457458571 14.493960293500431 15.3248876722788 16.689488450876993 18.445197373964305 20.414889771726109 22.408304052103972 24.243940215083725 25.76825475362098 26.869647549924579 27.48582945637088 27.604414396779973 27.257718750579315 26.513544111761746 25.464041477079974 24.214605932320389 22.874243414626292 21.54816598791497 20.332701515597883 19.312099522406022 18.556557201295526 18.120780233203362 18.042574623108578 18.341250425259908 19.015918435725645 20.044009511597118 21.380503289946503 22.95840212586706 24.690925084039087 26.475732002206044 28.201232669952056 29.754716468650102 31.031695470117178 31.945547746338967
29.759668961774196 28.627783587460229 27.06911987633049 25.184417084760796 23.116314342611531 21.036758374863822 19.129347874349705 17.568696753773665 16.499559684816361 16.018720381439422 16.162407802370325 16.901275334160744 18.143849654971248 19.748017605852596 21.538819573584149 23.329814044851844 24.944776027783618 26.23659331317252 27.100896666719578 27.483042122135842 27.378306464592683 26.826287891320888 25.901295953705315 24.700841973810796 23.334200798083621 21.912515600402472 20.541236681377484 19.315012427930206 18.314636399727689 17.605378901121767 17.235998423220138 17.23788366207733 17.624037702244635 18.387900828407368 19.502256066141555 20.918636197609118 22.567736360565483 24.361325619012632 26.196040229382245 27.959230783418775 29.536736609858451 30.822106039164247 31.726427202929521
30.995443826312226 29.977067248197542 28.530221027481744 26.753271745618903 24.785250170958577 22.793183214078482 20.95463501728625 19.437545242718969 18.380050318962773 17.873177462679635 17.949037763565869 18.576418490533484 19.664581064122387 21.074788076464188 22.637843697943794 24.174978587240403 25.518937464634462 26.53223187278995 27.120173294329746 27.237350971503972 26.887426865745638 26.117224562325333 25.006869017922824 23.658064676078752 22.18247465078241 20.691685390569361 19.289579148776696 18.067273721896747 17.100271632218771 16.447168061026147 16.149204581791849 16.23007503569729 16.695615749054127 17.533272165549192 18.71147513606271 20.179252577884824 21.866530503077826 23.685629087537052 25.534418537075787 27.301449401031256 28.873106883256682 30.142477644841627 31.019213081112646
31.877214126487289 30.999643443827395 29.70328958594034 28.081255681521981 26.265123406929774 24.412601517662893 22.690740750618005 21.256743623038389 20.238928518237316 19.72056631674873 19.729033359212252 20.232026023821149 21.141549111079712 22.325186578254886 23.62300335682545 24.867534361942631 25.903872923721252 26.606968748739618 26.893861483029212 26.729570864346954 26.126516540752718 25.138401739805602 23.85025397525196 22.366650131317215 20.800052194508652 19.260736236933127 17.849169145142078 16.651047343021638 15.734698243696075 15.150234495425289 14.929752031493697 15.087933890710511 15.622598827374604 16.514956976768829 17.729563178563993 19.21416970271207 20.899859823084242 22.701972675399471 24.522377380312378 26.253583522930718 27.78495838590964 29.010960890392113 29.840843735795865
32.296071825436755 31.582101964615902 30.471400413740298 29.048780209739093 27.434426322791197 25.772299654774272 24.214530721710787 22.90369922995832 21.955362643307268 21.443324872547748 21.389873242901032 21.762567064118542 22.478213794954442 23.413565003614764 24.421196897003782 25.348212687352742 26.054985086435252 26.431236834167322 26.407319242440593 25.959469799642662 25.108907531429423 23.915628825553583 22.46849772173212 20.873564051869636 19.242474745395555 17.682448758989842 16.288707264808508 15.139645440800573 14.294528539408129 13.793164625196498 13.656861264750409 13.889981768717314 14.481529172717069 15.406359819917347 16.625837167807013 18.087967842323675 19.727303312042771 21.465114200849101 23.210501540169833 24.863138602268606 26.318184910437239 27.473561739857374 28.239262420147362
32.182170244120201 31.65063023608505 30.757007956696555 29.574762173436511 28.208777701184189 26.784990544081154 25.436469269380581 24.287639973245135 23.438754168611581 22.952816420444492 22.846963579111218 23.089723422791508 23.604741876182871 24.280579646045695 24.98521105916474 25.583094174452427 25.952278846470563 25.999067390921596 25.668234480251044 24.947643515267814 23.867085480528374 22.492103286659997 20.914264592991643 19.239694161482305 17.57765142528109 16.030606565858513 14.686753019895365 13.61533491442407 12.864678669833944 12.462464780245542 12.417573908129617 12.722771496248159 13.357526578873548 14.290371183809631 15.480389399024139 16.877679386501715 18.422946406316413 20.046722394549683 21.6689977497877 23.200203064569507 24.54440841506171 25.605271799750334 26.294691314991404
31.519032413479295 31.185822131541471 30.537043750137954 29.631808432864844 28.55600826640017 27.413630183678833 26.31500981651422 25.363428124459446 24.641825464795247 24.201539740037816 24.05481722800846 24.172387957391251 24.486686836076402 24.900438654468275 25.299456797814869 25.56779847226224 25.603021506874967 25.329290007956246 24.706483907328916 23.734195190162524 22.45038407999894 20.925333240979128 19.252206559596999 17.535880833278327 15.881745519537604 14.38590782899867 13.127800312958735 12.165682907020427 11.535058851860763 11.249642714480077 11.304248334194851 11.678800304279649 12.342606473606518 13.258063924742997 14.383121982310056 15.672106582572169 17.074911566529785 18.535034032555327 19.987377708232003 21.357046140842442 22.560376917940076 23.509156820633081 24.118316852465824
30.351542609825032 30.23085611106761 29.851159389675971 29.25441069840771 28.504203716442234 27.679211524657205 26.864043260953011 26.138562274588011 25.56706576421179 25.18890031407237 25.01202595479586 25.010715900875255 25.12801070717417 25.282810993552459 25.380718157930659 25.327069837238781 25.040209172494201 24.462969646779342 23.570669917970207 22.374530698448794 20.920214454770587 19.281981304816057 17.553594836504473 15.837493324026171 14.233829331575608 12.830806682651756 11.697387065351124 10.878992341797288 10.396372219678449 10.247391010190777 10.411136041060578 10.85347643180444 11.533022171734446 12.406381755355698 13.43173245166847 14.57002981099993 15.783684495485531 17.033160506983389 18.272575778906159 19.445851920921562 20.485105857555585 21.312697971089953 21.847644351811084
