_RESULTS/CROSS_VALIDATION_POSTPROCESSED/MHZ/TZ/9comp/4/MHZ_TZ_z_180_kriged_reverse_9comp_spherical_4.asc
ncols 100
nrows 81
xllcorner 5.5967107548124995
yllcorner 50.982328804812504
cellsize 0.00017565037499993607
nodata_value 1.7014100000000001E+038
[rows 38 to 56 of 81, columns 0 to 43 of 100]
32.52861477283528 32.40882821937061 32.333668262786205 32.249631750774896 32.15705805847733 32.055838097968696 31.93864917403247 31.788763192519998 31.5999926180414 31.366142699433574 31.080871676929156 30.73841466075386 30.320475230446352 29.785385878199687 29.141959898307313 28.43668280472284 27.707612670996472 27.016509193431844 26.49764081080821 26.293283267033264 26.375700578285354 26.624416727750173 26.959835918538268 27.348110691101514 27.77757661187917 28.245860726572946 28.753365911208284 29.29904747471484 29.876918881925036 30.46007484873644 31.026633193128944 31.559516708609976 32.04661608070899 32.484518699938576 32.86456960557178 33.232636754403075 33.61337580621492 34.054831268322125 34.549629619897985 35.08509638921213 35.64754643539681 36.22195981171118 36.78375087269984 37.24110670533133
32.50623088484009 32.405329540090506 32.35828402790763 32.307645582132324 32.24812598661604 32.17677950568299 32.076589696983625 31.94156217956906 31.767103776006657 31.548090488209617 31.279658129595685 30.95795483296709 30.579797876936425 30.110495962403395 29.54319651463167 28.906376515659442 28.267599174807877 27.696465321662895 27.29002428131178 27.10174357407236 27.125505696580266 27.309696606494267 27.601902744422752 27.967787371029466 28.38843037981945 28.853802501038437 29.357644738976557 29.893863749068007 30.454111553330083 31.026526924759697 31.585476716936896 32.10688353733103 32.576235832742526 32.98638030784025 33.34121332129656 33.69110839562832 34.06316935200412 34.499179361714226 34.988254764477745 35.51748921261469 36.07307120536935 36.64001513684826 37.15204912076243 37.55197176763573
32.38689681377311 32.302397543644524 32.28265844190272 32.271659886087804 32.25318248187331 32.2123367541295 32.13943813663999 32.03090528735877 31.88232723289793 31.689299134199526 31.448172990826812 31.15677415234836 30.815172411755178 30.416415295389477 29.934035923044227 29.384947597952703 28.82971043266179 28.364777166612026 28.0365001090924 27.8743750438131 27.87895504886062 28.026126734746448 28.28385823398311 28.624502184531075 29.02800915927856 29.48037700665675 29.97096405841936 30.490043087085215 31.02698350326022 31.569187742209593 32.102492633441024 32.609284228899746 33.06183182303587 33.44445382907121 33.76635368145314 34.084880327194014 34.44058296248622 34.86037190712633 35.33221957452006 35.84344247257939 36.380522605577674 36.91959449110633 37.358007445736924 37.70861633092343
32.168285359550836 32.097968273537184 32.102142304831524 32.13745289619615 32.162673371456904 32.15989214440088 32.12505191084588 32.053615327205726 31.940867864510146 31.78272520701548 31.576388556511425 31.32093578763746 31.017927571416287 30.672075983322284 30.27064772961065 29.82020053835158 29.368257928332508 28.986274751663743 28.71931957961439 28.587278798346134 28.593084370026723 28.724442313371068 28.961044850271456 29.281601247723515 29.66746554792908 30.103254095144962 30.575940289448074 31.073513901370593 31.583770477860185 32.09363128001422 32.5906876851009 33.059586268006015 33.48282522514198 33.83981052025774 34.12230984084331 34.40102839198529 34.73278797121891 35.125959826474954 35.569059592201725 36.04995076078502 36.555742652416974 37.0331848840077 37.4096297602386 37.70590980040667
31.848192376107693 31.78992310457248 31.814335151428136 31.89949735674254 31.971908352096044 32.017832152940414 32.031550548462775 32.00690593214917 31.938403316163427 31.82190672511363 31.655103529610813 31.437881524349105 31.172696630723017 30.866052811864215 30.543847850952744 30.2024947783823 29.85350905305485 29.539243292153095 29.323338195046134 29.222951508477202 29.24178287966112 29.372602363963267 29.601024028721202 29.9098382410364 30.282029983085195 30.702052371625772 31.155835792145396 31.630179557560805 32.11200869257206 32.588897932277064 33.04912464839019 33.47664078554779 33.854131257662246 34.16360167385927 34.395728766657555 34.62999172315187 34.92964159995699 35.286458510123694 35.68961285009787 36.12768749087818 36.58822591667665 36.992891088571426 37.310369888716664 37.544381850892314
31.42441093024572 31.375930211047038 31.422108794742975 31.549380990085584 31.67938217548229 31.785366251537322 31.85810799383619 31.889158451929344 31.871881654758553 31.80185642469594 31.677009759355666 31.49777009898061 31.276947183707836 31.03075100910556 30.77262138052803 30.516671038021226 30.256473736606708 30.007960925519043 29.835434829108348 29.767231581050524 29.807042551573705 29.949112958999276 30.18109123553469 30.487450277594803 30.852085552337876 31.259636073644398 31.695774120872734 32.14691687711601 32.59975635015695 33.043898552386466 33.466654710972165 33.85161761793064 34.181535536348854 34.43863027574926 34.610033061270386 34.792042776280525 35.041030025599596 35.346129932549445 35.69548177541539 36.07726395839964 36.482160578310754 36.82538627016506 37.079751548999056 37.250122546934456
30.894639425861453 30.853244214014197 30.924396878968135 31.085401446253556 31.285019727536067 31.463591296429342 31.60588586195805 31.70068415907203 31.740158943470636 31.721304127942595 31.6494202331319 31.529699421530573 31.369727739156133 31.179713563393875 30.972391290305882 30.762728927202655 30.5662356699494 30.38038242863612 30.244391297924285 30.208511423842783 30.275973729441457 30.439727097721796 30.686250630132868 30.999484444639585 31.36332909912297 31.762653110819063 32.183379775352265 32.612163135026414 33.03641900141638 33.44778204601623 33.83224577038558 34.17328908141665 34.453709865914675 34.65588277370182 34.774577712440994 34.90722422658814 35.09850865492919 35.34178386927161 35.62557858165648 35.948765972409966 36.30697025596011 36.5846006795293 36.77008496634704 36.87015687227706
30.271869022948593 30.2266398309345 30.32362957439395 30.525668648884352 30.79535556896375 31.06208447715288 31.28817119440758 31.461381102461957 31.575514334155585 31.628997033494276 31.623765383432385 31.564553615793063 31.458519753443927 31.315130690037286 31.146250053761214 30.96635018624508 30.792563196452093 30.643656995541363 30.54083163322352 30.537525230380496 30.640029759901786 30.836370696050196 31.108289157536255 31.43722489550883 31.80653303861326 32.201531435591555 32.60890519390702 33.0160867185082 33.41217211611296 33.7901160714903 34.13506691255338 34.43052188277765 34.65937682385899 34.80479933419311 34.89168414480462 34.972636602034505 35.10113010836645 35.276342081270265 35.50212132735018 35.78429845361817 36.08635451315475 36.29267439347311 36.40062984298517 36.42030296066302
29.615110563736646 29.554125749567127 29.681537503991922 29.943013933644032 30.28424168658163 30.651375314756628 30.975000843681862 31.236229192096754 31.429392679358397 31.553715731290527 31.61163796140949 31.608765071540162 31.552672952096117 31.449972524092274 31.309793935615897 31.144872357232373 30.973257614313056 30.820038350548767 30.720542820179837 30.747524143646675 30.895799386546173 31.137831930287184 31.44588490833204 31.797850355982327 32.177052552853716 32.570035244439715 32.96490598370106 33.35037279976264 33.717782325127146 34.060880929636745 34.36449796610938 34.61228457721459 34.7873086768247 34.89259299042875 34.95560969611561 34.98685468686099 35.052664021391536 35.17956414709054 35.3634125756253 35.598393490809656 35.839681484811656 35.97217530277621 35.99547837035818 35.922693360926445
28.937636438475035 28.848904271673405 29.030333288772514 29.386171721153413 29.820495826697034 30.27246281654728 30.69547167439024 31.04362082232454 31.315086797004838 31.516152508334038 31.64737403843261 31.710436473278648 31.708403281741976 31.645802019250574 31.52907834671102 31.36784727093125 31.178097769283553 30.98942972769355 30.854941097111343 30.874796877774347 31.059137047189505 31.35276928769481 31.70533380341844 32.08390815654065 32.4738711384979 32.86433154231754 33.245489933289576 33.60767040072722 33.94449430048587 34.250319582185895 34.510058256496194 34.707620027897 34.83602572622241 34.9216883327799 34.96403569889845 34.96909998911388 34.99794180760465 35.08424807424164 35.222910304787796 35.407276417968035 35.590248686087826 35.653493371423664 35.592249068282534 35.41470483301014
28.262438512578107 28.113061357569872 28.408876202839977 28.91145858026673 29.45533150848125 29.98241671256633 30.474489692082884 30.916947641252897 31.280622970250292 31.564645446293856 31.769502730766114 31.896323694714724 31.94683262301034 31.92340708826861 31.82928548622951 31.669227726845623 31.45184776668261 31.199143218227153 30.986926832516147 31.010190301640115 31.24652424454902 31.564910345104757 31.922035401248788 32.304520773258346 32.69797821432641 33.081468904379726 33.44518036092991 33.78077959646566 34.08358498257646 34.348678220102194 34.56152239890798 34.71484035053746 34.83261420347702 34.915456525079094 34.959952270581105 34.96358608853865 34.95614983811359 35.000697907536455 35.09370604895313 35.22805895252335 35.36171849309792 35.37115178784338 35.24451008288338 34.97762128945659
27.703321400143842 27.361028198741476 27.952023452441782 28.623988103860388 29.253491811690818 29.841441819625906 30.390749677121633 30.89607621314423 31.341672540544074 31.70198855784162 31.976317236072983 32.16494278960248 32.26826027516303 32.28684175708803 32.221457833246454 32.07305485037701 31.842727289755473 31.53202224271796 31.152177522099933 31.236428353580514 31.548482520030223 31.870989208636384 32.20277248697211 32.54394398139291 32.89377254211636 33.248443129785535 33.58354828936269 33.88625489783945 34.15229849837926 34.37812081562055 34.55742169645095 34.7080173871907 34.82775061211953 34.91247023588258 34.95882891476392 34.96438277812984 34.93511231632475 34.93839951972251 34.987463318419046 35.07532671154972 35.1695996310724 35.144607306855434 34.98460326833667 34.697260584973705
27.744128455764 27.43504474423888 27.98242361377912 28.642914998185283 29.28658829126206 29.900832569814067 30.47818205299767 31.012263323788545 31.496314754381373 31.920269305969022 32.259088031203554 32.50755237210904 32.66479337083455 32.73025909549861 32.70397376644938 32.58705390999043 32.38325714862889 32.106010312617904 31.826243934288854 31.822151212970436 32.034669756415106 32.29169264889895 32.56215068768467 32.84012046913686 33.12366407845223 33.41116654374397 33.699865439768814 33.964252841153666 34.18905712017368 34.38435344792015 34.55934801568449 34.70887765490161 34.82819150846515 34.91321754726464 34.960704435437826 34.96832936044393 34.93878935459798 34.905081464096504 34.910060743393835 34.94944853831877 35.007804993628085 34.96705116194668 34.80191644739246 34.53023910487303
28.328651975181547 28.188351436078886 28.470467091654427 28.980093113032403 29.562670656758122 30.15488846265001 30.73000664843152 31.272894351199444 31.772284321208865 32.21826060219346 32.60146092936758 32.907037306042064 33.118791089676094 33.23519243330953 33.25666883528681 33.186843235045444 33.03627996514156 32.83219679925292 32.636789643234906 32.57124515174129 32.64935966757716 32.79985179853872 32.98139648850607 33.17759878599374 33.3817598799515 33.59035343959091 33.80056140956613 34.01243771832625 34.2181144363594 34.41017740547401 34.58257290896828 34.72917298089406 34.84499490555427 34.92630219241957 34.97063807471451 34.97680612364341 34.94898518095703 34.89990895692188 34.85807028045274 34.85028962817855 34.87242903230027 34.82956607684026 34.671552676586806 34.41632109293871
29.006322454312333 28.921837649758718 29.119573933076886 29.517716003075495 30.02196518567546 30.569324835241968 31.122840847362358 31.659519376515206 32.16301995420232 32.62017417622619 33.019470770414706 33.35054352296837 33.604265949608184 33.77171216280048 33.84370841172233 33.82429619717653 33.72591853568249 33.57280064119287 33.40324366643358 33.30103070345273 33.288166574366805 33.33776872264356 33.42354475803273 33.52931935726018 33.64643356779196 33.77833825401409 33.932105802410526 34.10695785351329 34.301119624518186 34.489224269589606 34.65637789629164 34.79653285486563 34.904959775324535 34.978312506581624 35.014624065421415 35.01135739602135 34.973058230053226 34.91505828931692 34.8389200725029 34.78209849369548 34.7602925418336 34.72089759431539 34.57470287696401 34.33494830417911
29.682311173784832 29.63883411664945 29.813738790132028 30.151637375712347 30.595584474027376 31.098072599705702 31.62340240576249 32.145768840515714 32.645702451514566 33.10746796345331 33.51758419445076 33.86418556058645 34.13702252961045 34.32802000343561 34.4323828326166 34.450221693249794 34.38842558844902 34.26160181161372 34.09588491395044 33.96475801153591 33.88601631238676 33.85208040145695 33.85182377380246 33.882380725505016 33.94490974432794 34.034686700785514 34.148811774000926 34.285492976201645 34.44366798134789 34.619808445024404 34.77800621465843 34.908182402681184 35.005871131688984 35.06811017735769 35.09136953271636 35.07150574617373 35.02034663907497 34.94997396135777 34.8616981493128 34.76002960723192 34.682471492469844 34.63197491003439 34.50059227989895 34.27798598079092
30.34282753750082 30.340946174827334 30.513957902097737 30.82430276317694 31.230070380360893 31.69741619511055 32.196255201904236 32.70182810467693 33.193875679055374 33.65534266738048 34.07136690931875 34.42874789991437 34.71592917619073 34.92349877327143 35.04516217476169 35.07899284172737 35.02846364343566 34.90232249773195 34.72880625208256 34.57362343436772 34.44862086386472 34.355555132185046 34.30313076726399 34.28943229384351 34.30900516853118 34.35767058727263 34.43234443693442 34.53075728602688 34.65125052519261 34.79472007378781 34.94123837508811 35.058806870017214 35.143152079494484 35.190174937076584 35.19410011426033 35.15454696844476 35.08806596354079 35.00186580921133 34.89830068631323 34.78171283403252 34.65892765798525 34.561709654709446 34.44225276866775 34.23968075784571
30.98858172597849 31.022613648569052 31.201889556683245 31.50335310324357 31.8881067292924 32.33127940288289 32.80861297259528 33.298061679310756 33.780175082844366 34.23771674625209 34.65513300031008 35.01819851369185 35.31401958900563 35.53150204302755 35.662277239784046 35.701853794411 35.6504625132538 35.51288267596849 35.33156792168584 35.1550441782715 34.99454712907149 34.86921018165539 34.781972260077744 34.730594606988795 34.71203476139219 34.72319256573275 34.761219941293085 34.82363036156196 34.908354326563426 35.01416162758542 35.13877121264704 35.24213106982177 35.31070927737086 35.337072891114474 35.31817675304366 35.25754743052795 35.17259623963265 35.06685125717739 34.943576117686845 34.80794659329956 34.66727767346658 34.5310418210168 34.40221690335873 34.21476468165318
31.611733669552322 31.67752300914333 31.86737704711608 32.16760289028907 32.54301056875326 32.97098458026633 33.43202414794212 33.90708772076517 34.378301276224505 34.829021360708964 35.24360669376193 35.607183694774335 35.90564687745088 36.126109750608116 36.25791101458061 36.293973504348926 36.231898019867096 36.07846128112367 35.89126358299194 35.69752739866404 35.522401038452514 35.3759752094351 35.2614988143959 35.179611781695534 35.12924682263918 35.10837370805916 35.11451512200199 35.1450961957581 35.19770593442868 35.27031745092764 35.362525432774945 35.451024783602335 35.499827338285115 35.50271921970971 35.4580060702497 35.37632895982688 35.26972416675147 35.14067047552729 34.993225164115806 34.833257645958604 34.668624314436194 34.5091516111873 34.36624745724917 34.20500724956451
