_RESULTS/CROSS_VALIDATION_POSTPROCESSED_CLR/MHZ/GZ/3comp/4/MHZ_GZ_z_710_kriged_reverse_3comp_spherical_4.asc
ncols 100
nrows 74
xllcorner 5.5967023332191781
yllcorner 50.982320383219182
cellsize 0.00019249356164376555
nodata_value 1.7014100000000001E+038
[rows 38 to 56 of 74, columns 0 to 42 of 100]
-3.246377861747023 -3.3724145180374823 -3.5855847841035065 -3.818764102451881 -3.99248011779634 -4.083219748863341 -4.077204692506883 -3.9701013421638605 -3.8188683887679766 -3.756027553967847 -3.751401287562432 -3.768651799556811 -3.806606087087439 -3.892615964240555 -4.066184267920493 -4.32956281697572 -4.732595916937551 -5.259512028567065 -5.894879444797545 -6.639362969577296 -7.479060818908295 -8.389541052736908 -9.306164833736105 -9.69229441128881 -8.855579242224703 -7.808735919247747 -6.772193154249949 -5.7566518963879485 -4.777870945421528 -3.9076514311658093 -3.2064869554208295 -2.7215857754030646 -2.4064386205941695 -2.279163740890262 -2.2975196824663318 -2.4160736065879163 -2.597101048200491 -2.8258713601710697 -3.146728257695711 -3.5177776864020176 -3.814636576823155 -4.003332311099973 -4.0535759630923724
-3.0955919557953786 -3.201924396598904 -3.3998023271161912 -3.6368498047033038 -3.810278452144193 -3.8942264607182846 -3.8709527043540937 -3.7285741892629867 -3.5019235882150985 -3.4663454613046216 -3.477926502656687 -3.502917789460739 -3.5678052989700157 -3.6977935806280824 -3.90585837688794 -4.169404171023951 -4.549801068655425 -5.08495174116705 -5.708171057079579 -6.411189500695485 -7.170647787181695 -7.9294152153823365 -8.510799485430965 -8.640637124477145 -8.1648924848593 -7.359641225565113 -6.455771987939862 -5.526197859835587 -4.646322620025431 -3.913083049196522 -3.3369454756253445 -2.9198228625993714 -2.656995626935587 -2.553880749285946 -2.571287867530518 -2.6713737289824966 -2.816318696804254 -3.011596059926014 -3.3046250916129525 -3.6473105993359223 -3.9267631755446137 -4.109696023760655 -4.157948486822422
-2.9824080676116465 -3.074493980347093 -3.2685864710231685 -3.510737364543344 -3.708631515102059 -3.811740242253758 -3.8010106030768016 -3.6695881634938767 -3.463586501993327 -3.3715079292839745 -3.354132143910113 -3.3735548051859126 -3.4379906234002577 -3.559097970677394 -3.7422262156039725 -3.9698304157380244 -4.2847824405954285 -4.766013304806733 -5.358889998970948 -6.004236878241929 -6.661413968634886 -7.223054610824365 -7.594780965490841 -7.643213258138445 -7.310489014720462 -6.701887209331832 -5.943619879796802 -5.122263364874687 -4.380545492184291 -3.8016922120651886 -3.3872159608155776 -3.1105191360905784 -2.9546270375926382 -2.9127514906605643 -2.961196272666805 -3.0701135293166324 -3.1926617580611927 -3.376616862399932 -3.655890510896196 -3.9771898136227724 -4.242098238813081 -4.407341668565019 -4.463724532814137
-2.889203016118176 -2.9963873006658894 -3.1979233750212805 -3.4533907528138443 -3.6980676119618803 -3.846434123812649 -3.8755584458577346 -3.787368849501802 -3.6148706638112826 -3.4822740897090965 -3.413190631536557 -3.3915838234013225 -3.409227650370487 -3.482379359930966 -3.6004426954558495 -3.756551369295158 -3.987688903844245 -4.370474127911443 -4.911257767121163 -5.490549228225153 -6.0151993542394715 -6.440656239205834 -6.702526617942529 -6.718354661189512 -6.458552853398878 -5.97520722206357 -5.325609095555842 -4.604978402382919 -3.994877430766294 -3.58189978203581 -3.3599448618251855 -3.3020959783181865 -3.312586192801957 -3.3743825783963475 -3.481862394746888 -3.618383999537424 -3.7398183650959913 -3.9234787991734663 -4.19559543636978 -4.4876958778554865 -4.713874821899061 -4.863492417652479 -4.92654825899726
-2.816784611953732 -2.9677007186976962 -3.2362054460577943 -3.5443165253762476 -3.8401380152583062 -4.056538221980412 -4.139733185306048 -4.093300178679763 -3.9378329966653536 -3.7645895676812735 -3.6380913999600333 -3.5467678081562557 -3.492532334584633 -3.4894108422104395 -3.5123043046068556 -3.564489795235019 -3.6884686767544013 -3.958143340728774 -4.388889570349042 -4.877682531758596 -5.3107576224365625 -5.662596200368667 -5.869281505203519 -5.877962116895516 -5.668966853973243 -5.268517974987219 -4.690248748602116 -4.036509476688144 -3.5105493729353396 -3.2739287134431727 -3.3120844777171117 -3.509829190036431 -3.7473842654937766 -3.9513364624434404 -4.147201916978001 -4.320950919426091 -4.458080614359459 -4.64980006187501 -4.91240773874569 -5.145872691084787 -5.3132271404514455 -5.452977602133464 -5.521928056441589
-2.7694259398898295 -2.9633050703273316 -3.3470562597300555 -3.789062190394173 -4.182399439207785 -4.470467079747456 -4.604829620578979 -4.587148861066282 -4.4479184996067005 -4.240076607650064 -4.050593495457017 -3.8822355731967324 -3.744003060029261 -3.6462581977711332 -3.553993480608836 -3.4642676701104698 -3.421804489624516 -3.519928020132927 -3.8126855055243674 -4.216838076318944 -4.61092783008944 -4.925805886197056 -5.111924353398302 -5.133186555159107 -4.975965148202278 -4.649494158927828 -4.135002669868229 -3.5190513677989 -2.960674884415717 -2.9455322864852373 -3.3457038293602617 -3.807069614774981 -4.261281478633305 -4.643130938169407 -4.957352704081024 -5.181675381127727 -5.345093534341407 -5.554624783912312 -5.803544586408496 -5.950321429856813 -6.01304751103368 -6.179053432504063 -6.263184839793656
-2.7582848289204853 -2.974796881377918 -3.5546085114498154 -4.179550086261888 -4.6921981281704035 -5.045968278134792 -5.244432665205487 -5.2751211355934045 -5.155808641357153 -4.919178415415327 -4.652339184812912 -4.396018252536825 -4.158579362799995 -3.944399092432442 -3.706891778703884 -3.434118164362179 -3.1667176783175206 -3.0910612884405344 -3.2979092454182823 -3.6136887035083793 -3.967597234458531 -4.2527665865811874 -4.438240545429558 -4.48882861444269 -4.39765595325281 -4.16448899495699 -3.759797877402068 -3.263266593853389 -2.7605752817087112 -2.9802667237253857 -3.6272807511077754 -4.26943468776687 -4.877994127095398 -5.413801950337275 -5.855238638133296 -6.173802393736689 -6.386205218330572 -6.627000194417358 -6.867396513456797 -6.981786946467063 -6.909768875319984 -7.185440909169165 -7.208783619524191
-2.920947105636029 -3.0557526593820263 -3.993986234601536 -4.791598085263314 -5.404314676691598 -5.816875730758103 -6.028582567403825 -6.066785839129162 -5.9503333029563255 -5.689249750041044 -5.338977381523854 -4.9880993364775525 -4.647060054650722 -4.318921847588095 -3.956054794988966 -3.533897822283485 -3.057299324724527 -2.8043950750136126 -2.9505257402961185 -3.1618503669126863 -3.4406968258302664 -3.6850136858711435 -3.8554380526620773 -3.942404745907224 -3.933244415879397 -3.8210506164143188 -3.586039138926999 -3.344953931741103 -3.2638064716338038 -3.56285492169867 -4.176022972285954 -4.880177456200714 -5.572481737554435 -6.217414280595335 -6.76173870483902 -7.170513572035047 -7.470296604241167 -7.766751439455362 -8.038001375065882 -8.251596995190512 -8.462850709133932 -8.647182911089864 -8.356722891843022
-3.6566814478239316 -4.025791744492804 -4.844986916955039 -5.685465247055802 -6.362739004706914 -6.792983543090859 -6.970429323345828 -6.946996565807625 -6.778631029204062 -6.4826274022846215 -6.071683864079643 -5.62808921951804 -5.191671712794547 -4.765738635227466 -4.312924532302541 -3.8108719929980523 -3.3060688927571587 -2.952818861149616 -2.8400590226597515 -2.8887957552973536 -3.0490475029413586 -3.226263594579229 -3.377519921513087 -3.4853604011460027 -3.557777408521052 -3.5797463148289244 -3.5384048104064436 -3.560805442397772 -3.751195776288605 -4.183489230441408 -4.828450006500805 -5.575648726323415 -6.323934434794266 -7.025344107672282 -7.643517410872342 -8.115512859086033 -8.48140913531537 -8.784744711836247 -9.07574496005978 -9.374668373996533 -9.750072075363182 -10.221501746347446 -9.413765372192994
-4.604609090043464 -5.1375389984577 -5.931521420456749 -6.804797143187889 -7.534675506547943 -7.944490686989698 -8.025627224963678 -7.893889235416032 -7.629165803889942 -7.260294537238169 -6.809529472811209 -6.2931796169818295 -5.773198752785656 -5.264616567148157 -4.746743990613612 -4.191777156468722 -3.641152794882517 -3.1770441381647734 -2.8764441419450493 -2.756945264357612 -2.784351751970492 -2.8724590516465036 -2.979455235275246 -3.10614506018095 -3.2416295388453933 -3.3914214382116077 -3.53694997526334 -3.76838771006207 -4.154920140868697 -4.724752286102721 -5.456216243652963 -6.276988432696949 -7.090035776201742 -7.8278525277421505 -8.463322173519934 -8.960022892089965 -9.323217909020642 -9.577673164470205 -9.812219711031767 -10.048410604314848 -10.284749893153428 -10.344533596816655 -9.68627854110886
-5.477464686958734 -6.1268319138770515 -7.000237980151672 -7.978763763458526 -8.845929650298906 -9.206534191324845 -9.095809121559887 -8.818533527417848 -8.455555980733413 -8.021457030666149 -7.524122958386557 -6.967429972760818 -6.370090195688979 -5.787756523042291 -5.213015480036336 -4.6043335993790135 -3.9841422416819823 -3.417936536156576 -2.979699201759217 -2.7153342872031776 -2.6124748516945053 -2.607285636469794 -2.6674563470788684 -2.797327335252616 -2.9835474224615357 -3.2279980385004934 -3.5241093754995196 -3.915601553723743 -4.451828716213225 -5.146282989570801 -5.9840997763622905 -6.911562777613376 -7.823980047962718 -8.599547966719083 -9.185565239289101 -9.62293126520653 -9.913932057583366 -10.085951546691142 -10.202287548391475 -10.288875155069183 -10.297297903799825 -10.07949610158714 -9.476251297361351
-6.19880953593355 -6.931726956478117 -7.86740057955452 -8.945321833608133 -10.102953265729873 -10.35354344918119 -9.978952475469804 -9.598626975311266 -9.183772681143674 -8.721410190827704 -8.206806792820608 -7.63753488923407 -7.014550923831182 -6.355293709551823 -5.707936451062929 -5.035822621458054 -4.338707997504859 -3.684509333818035 -3.138568568620367 -2.7573947425245215 -2.5431533910414137 -2.4529901525383067 -2.465996881037267 -2.5817729127252793 -2.794441399786595 -3.0937151353811805 -3.478653627810611 -3.982761690801773 -4.6259493025645675 -5.415690256679781 -6.347943341330772 -7.395757150119858 -8.476415576595745 -9.316518042936373 -9.741426934591503 -9.995375236347414 -10.183253084341715 -10.289119230090936 -10.293599807652381 -10.243206466939887 -10.084808480147334 -9.733317697317629 -9.124976925814844
-6.747464591980758 -7.504916854209107 -8.420899275738776 -9.425614256114615 -10.34276387361568 -10.660133575240884 -10.45978350163044 -10.141521957422537 -9.760085992147118 -9.322230886061856 -8.827130491205878 -8.272323816241723 -7.657294753662367 -6.985909912138471 -6.271912565698249 -5.537387373402111 -4.77130203891402 -4.04416094552192 -3.4107679146308363 -2.9282557612810396 -2.6063323773705194 -2.414395221692414 -2.344909052171675 -2.4495336972802373 -2.6889792898476252 -3.022438561358665 -3.4471862781699905 -3.9922337060746598 -4.683664050719273 -5.514888405945433 -6.4862334041599805 -7.5906142701125265 -8.824368816880531 -9.786401333348145 -9.909216995752848 -10.035604695110104 -10.141517577584438 -10.20136741501813 -10.140896554975527 -9.991785759846929 -9.729570377736813 -9.307195151574994 -8.691864734892935
-7.120558529669886 -7.852793976319531 -8.685864305260688 -9.53772804729425 -10.235995191196317 -10.595170717578688 -10.619870674748014 -10.455818598058407 -10.174031216000815 -9.80754732352883 -9.366924239876514 -8.853278321030226 -8.265776278616762 -7.606426397132003 -6.883284191041973 -6.106641866593435 -5.289648389497868 -4.505939357478817 -3.7983575538330023 -3.2314749394441384 -2.8207766655889857 -2.4947957356870876 -2.289162160262946 -2.4216597402848725 -2.687336477733071 -3.028056869465887 -3.4528477484153624 -3.987846856670104 -4.6754506700382885 -5.489164198497831 -6.4219685195575975 -7.446755595230375 -8.472486237233914 -9.224749905978431 -9.560950239005614 -9.732180234093294 -9.833277521129979 -9.869521331246835 -9.777644315731122 -9.568352895755044 -9.25492389553389 -8.800079015408517 -8.188515438841636
-7.336592580637286 -8.019009535681775 -8.759300524062994 -9.489004603005547 -10.091156748152684 -10.473713871580134 -10.628487664428164 -10.607407110783285 -10.446395269632813 -10.178454471845619 -9.818643705631548 -9.369477444948753 -8.828108421651567 -8.193207977972722 -7.471060604205236 -6.680916107180498 -5.8758028930065365 -5.0640519131993 -4.301202360814944 -3.6815402786361133 -3.20999725297258 -2.802299585610217 -2.5156224818110013 -2.6056001206152453 -2.8277580825608237 -3.1275307910946113 -3.512284546920271 -3.996374579264427 -4.628618778970777 -5.374639092833936 -6.1903947645162765 -7.032378543358666 -7.834756815982111 -8.471263595458534 -8.891557489492444 -9.151129891458197 -9.295653579109597 -9.348402927601557 -9.266889549779707 -9.032036910781322 -8.679193786040596 -8.212800312577757 -7.625055508082482
-7.423769770813296 -8.049677107772826 -8.710807928801424 -9.353322426972593 -9.909988197524246 -10.31343400359888 -10.55222782387576 -10.644865329918634 -10.600426305848638 -10.440999804272025 -10.178981301224791 -9.813918208042356 -9.336644378671876 -8.738039704542409 -8.021107209508937 -7.228662768226618 -6.433680128322975 -5.641901329924748 -4.885808760892092 -4.2589977698331065 -3.7607647008209613 -3.3427398275286464 -3.0704014952130003 -3.010610990196289 -3.113416210245265 -3.3258519784920253 -3.6316401955140627 -4.02703536172096 -4.534614918650388 -5.142070906517188 -5.793402405876352 -6.464010293983161 -7.104804631571216 -7.652064083706044 -8.077444973998976 -8.391322053126654 -8.58781839239726 -8.677270271016983 -8.636660151449812 -8.439519277452481 -8.082117718205863 -7.605528464847345 -7.051484871867389
-7.415974372167053 -7.983127336473122 -8.576824726671616 -9.15674763941718 -9.681012985726623 -10.10427993850086 -10.403802208329978 -10.586272599616136 -10.646501965366959 -10.595479572868854 -10.44120478952989 -10.177980146820996 -9.78480380985339 -9.234771334493109 -8.529502873087482 -7.747044186329387 -6.945863573752739 -6.1727752120115635 -5.442725102794677 -4.83280319650216 -4.330189978873351 -3.9067736954640395 -3.6048039088769697 -3.4516603161069277 -3.436081365354932 -3.532168490139836 -3.7222991858560466 -3.9965841597800065 -4.35000986638747 -4.8008198169569996 -5.293313170182719 -5.811220733703149 -6.318904500864621 -6.782969886063184 -7.18439682620046 -7.519571214921115 -7.76361851439912 -7.8984806515475885 -7.914217834081159 -7.778006898709256 -7.480568135204692 -7.046618863890942 -6.546330926274217
-7.334490152602721 -7.847993967828872 -8.384244162869145 -8.912689124077968 -9.403943550973967 -9.834850964260587 -10.17885779414571 -10.431003653271839 -10.581369288134038 -10.631776381800996 -10.588740456930154 -10.444889710773792 -10.165646839951352 -9.68631274439673 -9.009826907053363 -8.221265234235956 -7.407853252951541 -6.633186086070728 -5.936446924943706 -5.344816055771566 -4.828157119205571 -4.384468954939516 -4.040019898993858 -3.810133775400133 -3.693063853843809 -3.6766858312551154 -3.7480870825675705 -3.89663764946567 -4.112610513258518 -4.390787129772285 -4.735462711160697 -5.109732379541768 -5.494154721921534 -5.875021901144109 -6.241240963705443 -6.57907733605788 -6.864099828606573 -7.048429104248289 -7.124852477542571 -7.063389261753576 -6.860717989441748 -6.543995590866338 -6.125562761229597
-7.1935379946709315 -7.657569158547142 -8.143849641546879 -8.628603028700454 -9.089777070474002 -9.510237903177996 -9.879121107218527 -10.180618589035053 -10.403253115509886 -10.540147906757614 -10.600138645243728 -10.583875688943376 -10.46170662548144 -10.119522366202865 -9.435868520763393 -8.608353410855404 -7.783886777995839 -7.018621891180764 -6.34436306775824 -5.757205684667228 -5.2255932720371225 -4.75763187058538 -4.37037116097188 -4.073878270696813 -3.869099969474716 -3.7501717251050843 -3.7085451721376 -3.735372353712269 -3.824396225064229 -3.973088888568676 -4.154621708205875 -4.385819815122458 -4.645362306655819 -4.938310005247553 -5.266845918302472 -5.608134691651649 -5.922500467790991 -6.159223829927649 -6.294003509340647 -6.332994703631347 -6.251691357290903 -6.058668919955423 -5.7677686537385355
