_RESULTS/CROSS_VALIDATION_POSTPROCESSED_CLR/MHZ/IZ/3comp/2/MHZ_IZ_z_355_kriged_reverse_3comp_spherical_2.asc
ncols 100
nrows 81
xllcorner 5.5967107548124995
yllcorner 50.982328804812504
cellsize 0.00017565037499993607
nodata_value 1.7014100000000001E+038
[rows 57 to 75 of 81, columns 0 to 43 of 100]
3.4234697083723824 3.3727701774288343 3.3154917807598547 3.2570151000157526 3.211784803361593 3.195510676983541 3.211125755170146 3.2552757255046263 3.3188379488426714 3.3922092061019313 3.4710334382698402 3.5516620363985685 3.6306235106243783 3.7043889090688893 3.7693931697023255 3.8222406588318405 3.8599784759983944 3.876983981169665 3.863549123026551 3.818043416611377 3.7449083646788948 3.6491507269783603 3.534160879706104 3.410554496317864 3.293582006286599 3.2432918336851393 3.2280603417634675 3.2213132416880925 3.2228690275812406 3.2342741433856252 3.2572657045980113 3.293432592500153 3.3371364058300386 3.388203883447524 3.4445719684660236 3.4920889173095677 3.523583342812212 3.5356801877787922 3.5295057152137854 3.500948398116378 3.4522297916243714 3.3864910350785022 3.312847998160968 3.2398517186624813
3.3867935101528928 3.3476483911867554 3.305332891501724 3.2634966214568855 3.2285467950733895 3.2154780050417524 3.228395688163229 3.2655169045463883 3.3205609037275967 3.3850654469897714 3.455052687166986 3.526846381116967 3.5968082356060753 3.6612378510421903 3.7165195434686646 3.759517591190149 3.7874063140067618 3.791959741668451 3.7706557509644734 3.7237595207854297 3.653590084610468 3.5648670455450815 3.4625833939501303 3.3602091870815145 3.273664020561079 3.22149328150926 3.199109534801193 3.193169637133635 3.198801669428367 3.2153544903183815 3.243340172109912 3.2795968901075288 3.3221129506027904 3.3705659450784284 3.416739406824389 3.4515380378639673 3.472175692504392 3.477134273407445 3.4672554823636768 3.438442275480408 3.389042030691648 3.322074778692139 3.2463307884654418 3.1723517297824317
3.3594475018205654 3.327535480903294 3.2957939000249783 3.267010891629086 3.243800138783035 3.2322433306067033 3.2425116924482227 3.273859899040666 3.3218851926651447 3.378767009208722 3.44098948480665 3.5051560295578326 3.5676602102585777 3.624605164045929 3.672044516410217 3.7067948585376724 3.7239599346587235 3.7194200250927856 3.693571599695943 3.646855795991908 3.58034461526182 3.4992382139638707 3.410644149124019 3.326769194790656 3.257338030513556 3.210365321471382 3.1859743048102973 3.17925240727666 3.186420602866203 3.205925722111445 3.236523681184643 3.2725850466768693 3.31344275032932 3.356317026018844 3.390684016911647 3.4139753531834467 3.424459123384177 3.4212492955042437 3.4047128683798467 3.3740578936801713 3.3236206397645076 3.2555628472266567 3.1775187897620647 3.1019384134371966
3.340873546600881 3.315286055111358 3.2910612445125906 3.270294980607426 3.2552300085267194 3.247806651359555 3.254456663013178 3.2803428078781014 3.322238820188905 3.3726552876242106 3.428281796713914 3.4862027969639313 3.543231024115238 3.5955603135274257 3.6387012619812964 3.6671433407906227 3.6747650395112563 3.662592492600238 3.6322031811851785 3.584982319062452 3.5222527226242906 3.4480523349280605 3.371967925164207 3.3021756891167384 3.2447269409431154 3.204190841927598 3.1817101554074436 3.1757353309546184 3.184246646654304 3.205929458916825 3.23754789344139 3.273788216842546 3.3129564869426935 3.3451924257776198 3.3683450309306386 3.3808951363672985 3.3816009749320175 3.3698072642816927 3.3456280774742453 3.3098243406459966 3.2578746153405618 3.188249592222516 3.1081136835290617 3.0298915874932573
3.3298289200088576 3.3096975654813368 3.291706256602736 3.2774424315253516 3.268537883159483 3.2663988303992424 3.2719929946804056 3.2911574234924523 3.3263223102257244 3.3708346833081766 3.421049089901306 3.4746986188034397 3.5291964217347043 3.580977369651196 3.622808386417446 3.6421706425660902 3.639257176831644 3.6191708884262295 3.5844459597466085 3.5363978951354 3.4764476500481023 3.4089117912745692 3.3434666299476383 3.2847760487429416 3.236914812057784 3.2029643388514413 3.184263436869396 3.180621828710478 3.191192553462328 3.215171679751154 3.2474118956697082 3.2836397821325796 3.315707904215153 3.3382703141507006 3.3508468611391398 3.3533006549948463 3.3446244034554895 3.3242307459336207 3.292053872953749 3.2485442136205807 3.193536862228767 3.1220568260620705 3.040378861733399 2.9584436248284014
3.3254753431229194 3.309991584625113 3.2971708049639306 3.2882306399199077 3.284393461305743 3.2867188623458574 3.2959599904655663 3.312495329837395 3.340561623053592 3.3795592689235963 3.42471899144404 3.4743588138170596 3.526751015141235 3.5789520546847733 3.6207420587867647 3.628863336017568 3.613293708224294 3.5858472202782896 3.5476404595744384 3.499192441251961 3.4414810111630727 3.380526875779975 3.3240200000674496 3.274609560771441 3.2350342668655365 3.2075901682182764 3.1935899910462306 3.193420192474797 3.206911810155092 3.2334888225312777 3.2663426223248173 3.2962657258788335 3.320089170600842 3.334644002261098 3.3387521362622596 3.3318977777443 3.314382305650831 3.2857172426720123 3.245684289169069 3.194442631560631 3.1325241730025173 3.05945093917605 2.977253166062487 2.89187042334924
3.327282457189205 3.315722620749579 3.3071871001725675 3.3026202309614123 3.302956306526803 3.309011410965995 3.3213928522598506 3.3404488423778345 3.3662482367353617 3.399539599947385 3.439508632557261 3.4844711968959974 3.531738330776611 3.576110238999194 3.6126667819953964 3.6124381369999004 3.59042452991942 3.5593024376667484 3.5195665796425954 3.4715720304958526 3.4175622855337893 3.363788646071825 3.314127991703016 3.272313776148282 3.240234956481948 3.2191958031953605 3.2103976842997692 3.2144798815698845 3.2316568013561358 3.2599146585447145 3.286939265967798 3.3094014408947316 3.3258360791885515 3.3331783415489045 3.3303465960352394 3.316631118041287 3.2915164564338757 3.2552219819404407 3.2079212462226523 3.1495398858203294 3.0804937034103865 3.0043877828750394 2.9230473359591884 2.8355317594568863
3.3349508921789246 3.3266779859365014 3.321683986289212 3.320501936786585 3.3230683960762013 3.3304570491976575 3.343665553854242 3.3633897705944347 3.3900010547099484 3.4234691516882645 3.4601525627298866 3.498351305266213 3.535796969346623 3.56848427495811 3.5891134526802517 3.5882832161010114 3.569094632980841 3.5384925080156417 3.4992779841536867 3.453018478979983 3.405195261008238 3.3587662663992908 3.315853703410672 3.280287442237553 3.2542393268732344 3.2390588531285167 3.2356989353467154 3.244491029706726 3.262241986499396 3.2854794122773527 3.3063362990542178 3.322478478206561 3.3325072404434293 3.3335360385351906 3.3246476013303425 3.3052149368054806 3.2747637359127517 3.23299554504205 3.180024304540766 3.1163690133275765 3.042938575258392 2.964289428083689 2.8824057994677954 2.7958382102513597
3.348355669452463 3.3420951827449947 3.3371925947943 3.334953052040389 3.3367001307779467 3.343604013506063 3.3566140481283764 3.3764050719880485 3.4033296926759418 3.4360194250567546 3.4715541239048613 3.5048342587660777 3.533772129979912 3.557013364459824 3.570478941521893 3.5696425885932417 3.553813979390153 3.5250463531381735 3.487277315227043 3.4460326107547576 3.4049199476237453 3.3657086206143316 3.330176152762193 3.3005963890335677 3.280181529002865 3.2701524671862434 3.26913480254006 3.275855877443563 3.2894541641997 3.3080463768383788 3.323914061812766 3.3349047458344643 3.339539675382508 3.3352337875416227 3.321314211259319 3.2973105498752093 3.2629011514901665 3.2179240271384058 3.1623770368226203 3.096406436546479 3.0224836270206135 2.944395250298209 2.8631285574892824 2.7797801056427978
3.364136306375323 3.3549761938988807 3.3475988611926346 3.3433617155412576 3.3435438575276275 3.349281152937029 3.3610907693600347 3.378786969619839 3.4020996412695315 3.4303366567130094 3.462346992503617 3.4941251284527484 3.5215557610912382 3.542286860001632 3.553620262748394 3.553456749931075 3.541357037559655 3.5181459280393024 3.487124019839989 3.452209278137449 3.4177378271435424 3.3855594201263344 3.357118407862418 3.3331527763552877 3.3150958167875078 3.304491110319285 3.3012006504028255 3.304781766428828 3.3145579283331856 3.3290495276410192 3.340860312817794 3.3477440529047224 3.3479781906546617 3.3394883079865405 3.3217882786899353 3.294504856592108 3.2573927128706477 3.210347787103307 3.153415545684125 3.0874817943067328 3.0167444558865517 2.9428137889921193 2.8671151898664466 2.7917956195368765
3.375762115772796 3.363081968285242 3.352308373523762 3.344709658735348 3.3413681077091364 3.3431240588310085 3.350520219542562 3.363749756092852 3.382610661448594 3.406466985491639 3.4342159692208427 3.4640891657152557 3.491187828347597 3.512486676648907 3.5259905743912405 3.5300981478262243 3.524050406736622 3.5103211462417434 3.4908597243041894 3.466432198968077 3.438083502202873 3.410487143120892 3.3855922436573005 3.364300703593757 3.3472864196257537 3.3356743307597414 3.3305018146217265 3.3314394610341314 3.337952731324824 3.349051580741185 3.3579203444732686 3.3617591869839125 3.3584660690721067 3.3467164692298716 3.326150275640589 3.296502738854379 3.2576263206704783 3.2095103633161113 3.152445660151501 3.089894205062563 3.024102781182404 2.9565098333687 2.889121301244336 2.8250351399194167
3.37487723508246 3.3581985781928054 3.3431637268696583 3.3310733303658737 3.3230653749848864 3.320058088111889 3.322688497713807 3.331250794157298 3.345639949125479 3.3653069317007107 3.3892328053388305 3.4159320242505156 3.4431472753919423 3.4661497476570298 3.4826633071434547 3.491666143212042 3.4946069337496466 3.491848170077692 3.4836964150951317 3.470502880969543 3.4525420844342283 3.430343985922931 3.408865212495903 3.390231245484237 3.37507538616594 3.363828224316625 3.357132449145495 3.3558342349783614 3.359552334973345 3.367698355483627 3.3746473771893193 3.376248381033969 3.370299806145636 3.3561543975901205 3.3335730603873674 3.3024040820173006 3.262608211298245 3.2143053149219907 3.1601165201921857 3.1025121138345924 3.042796548287894 2.982671560099692 2.924458254224185 2.871448337294636
3.3605227956277646 3.3392927905773644 3.319413309682978 3.302246612221279 3.289022559746413 3.28077887145984 3.2782913010267065 3.28199864765282 3.291931547816255 3.307657480503064 3.3282560134722945 3.352337634489538 3.3781169769124206 3.4032814003330483 3.425054728971798 3.442659966243418 3.4555407878219806 3.4634134821411338 3.466193458587675 3.4638892161816575 3.4565115255350185 3.444013203356217 3.426944460779136 3.410916126186965 3.397663385002251 3.3876067854346585 3.380997701143541 3.378014560950853 3.3793268610746128 3.3847032638154944 3.390563285312282 3.3904992513273506 3.3826907501460837 3.36693049119346 3.343094089353633 3.311139481368374 3.271149376375988 3.2253280921310488 3.1758384107089013 3.123826019829335 3.070716043146052 3.018316684863496 2.9689583561397868 2.9256348095306186
3.333418572040936 3.3071258744915655 3.2818426474576383 3.2590190208096543 3.2400136007362352 3.226030952908203 3.2180405760718838 3.2166822134645376 3.2221702579956943 3.234217447323922 3.2520005816226347 3.2743398807622026 3.3004626807784545 3.328951601552678 3.3581330035094936 3.3848895377161585 3.4077104771728 3.426026718359834 3.439450997477754 3.447715451942398 3.4506044278230967 3.447898300256594 3.4393318777700714 3.4263275813777097 3.414987011217715 3.406212571608082 3.400266291988614 3.3972740566863133 3.397238665700665 3.400210204803345 3.4050496178894036 3.40374168821734 3.3947788781442063 3.378088941891977 3.3536514220594595 3.321626465910211 3.2841672228367877 3.242748770903442 3.1983735127864295 3.152245378675405 3.1058231657579243 3.060883767284396 3.0195804615931485 2.984452121769226
3.296823644117544 3.2636459834497904 3.231748254314821 3.2024041355104567 3.1769307272642795 3.1566320035141113 3.142708445731903 3.136134598826041 3.1375207591901257 3.146991032110322 3.164117067689671 3.18793570213719 3.217051792945586 3.249799281686926 3.2844184682721105 3.3192093050571616 3.3520351785731504 3.3807010089012604 3.4045445163511348 3.423077743373453 3.4359015166563216 3.4426531536366087 3.4429629747161585 3.436421004179083 3.4269775456213907 3.4195401355760806 3.414376167684064 3.411633464945278 3.411352125486335 3.4134773291350116 3.4169819873224148 3.4151535146214935 3.4056490604190035 3.3886147289080735 3.3646535717000914 3.335592093702416 3.3022622110588786 3.2655475372622287 3.226480667774767 3.1862732506582896 3.1463481564031333 3.108366545720168 3.074134941569742 3.04537169340981
3.2577803383543578 3.216584768335577 3.176596344558724 3.1392363022085688 3.10603816351314 3.0785966752963665 3.05846490744174 3.0469920259752765 3.0451184737152723 3.0531796224963883 3.070790368776346 3.0968648149872506 3.1297690353939656 3.167549740161116 3.208164574311414 3.2496607912896796 3.290282491450591 3.328512053518054 3.362571439213879 3.391069988506761 3.413468712495081 3.429296471557526 3.4381041232121676 3.439428818927426 3.43355358073721 3.427480360283079 3.423182673101811 3.4208216319033338 3.4204640345229884 3.421899603355755 3.423417879794239 3.422339583026697 3.4137846240934713 3.3989044073309267 3.3785339602150017 3.3534575906316104 3.3245202247448766 3.292642692727977 3.2588394413461814 3.224237163930964 3.190090465755982 3.1577866177954337 3.1288257663445167 3.1047578137395577
3.2177925656714015 3.168758829127582 3.1203018103602367 3.0743831423308223 3.032766035027986 2.9973906165720154 2.9702706059375807 2.9532837082399523 2.9478598140531793 2.954645089709377 2.973285815416396 3.002451629789071 3.0400917232926257 3.0837967564377085 3.13112401276116 3.179811989776591 3.227882227692557 3.2736598733881803 3.3157476283390444 3.3529790749931254 3.384360599029815 3.408820740563871 3.425678066539131 3.4344361057699513 3.434575136784593 3.429915714049979 3.426540977917178 3.4246612719711895 3.424342490489884 3.4244217825467245 3.4244217825467245 3.424262636677269 3.419515983523073 3.4087047705390314 3.3925781528072907 3.3719306732149414 3.347611847986447 3.320536745502069 3.29169655096902 3.2621669624660092 3.2331104576978884 3.2057660498886804 3.1814177826974253 3.161332755435524
3.177938125367708 3.1218775940683856 3.06485760183031 3.0098642198149146 2.9590698912466737 2.914796948639452 2.8796458386861357 2.8562496544233573 2.846799075772471 2.8524372301390954 2.872825379193529 2.906175877925677 2.9497353927065193 3.000406658944489 3.055220016979058 3.111571211522475 3.1672829403616944 3.2205736311707045 3.2699913576742574 3.3143426536120506 3.352628676712712 3.3839926871374413 3.407679064248889 3.423002547663559 3.4293258643608944 3.4274007427920106 3.425226584885466 3.4244222098699706 3.4244217825467245 3.4244217825467245 3.4244217825467245 3.4244217825467245 3.423294819157202 3.4167494222014083 3.405026013469943 3.388918326045389 3.3692670915572926 3.346966209768663 3.322967336870345 3.298280757465359 3.273969276124823 3.251130718751487 3.230864105230158 3.2142157641803637
3.139881021503544 3.077012464251782 3.012364459814718 2.948040143030041 2.887303718250113 2.8329909878016464 2.7884031584339675 2.7572531681791186 2.742978943807417 2.747601572395138 2.7707708593232363 2.809825694930744 2.860819045316762 2.919650931344996 2.9827194884460106 3.0471027757780034 3.1105016522146647 3.1711123972208997 3.227502482972921 3.2785100346613705 3.3231676140031183 3.3606458480840797 3.3902122154489978 3.411201196812528 3.4229928896004584 3.4251339224446755 3.4244233417808174 3.4244217825467245 3.4244217825467245 3.4244217825467245 3.4244217825467245 3.4244217825467245 3.4244217825467245 3.4222470438329027 3.4150285130547493 3.403512961099074 3.3885220834963143 3.3709180280340156 3.351603489604365 3.3315176195025233 3.311625370514048 3.292897536253385 3.276279033939187 3.262644481280733
