_RESULTS/CROSS_VALIDATION_POSTPROCESSED/Berg/GZ/6comp/4/Berg_GZ_z_500_kriged_reverse_6comp_spherical_4.asc
ncols 100
nrows 90
xllcorner  5.6208707817415728
yllcorner 50.959635321741573
cellsize 0.00013419651685393446
nodata_value 1.7014100000000001E+038
[rows 36 to 53 of 90, columns 0 to 41 of 100]
0.09080350300194952 0.09974960795331746 0.11065299023999074 0.12355991621599573 0.13839444759937997 0.15484167177312627 0.17217793019887775 0.18908103003270352 0.203607030887082 0.21370691130770036 0.2182297902958557 0.21764505157134575 0.21414510722369867 0.20871187673058697 0.20163338114081905 0.19275413761329052 0.18252395623069628 0.17142708965393025 0.15994673869306655 0.14852736293457852 0.13754041271474352 0.12726601529250595 0.11793695525389512 0.11107456578570213 0.10707789895075505 0.10569334993892465 0.10663286908974413 0.10983805656098401 0.11492849288268366 0.12183310697096332 0.13090143894841988 0.14237598618621145 0.1547383093342416 0.16733853644982857 0.17977676515246338 0.1914262324438174 0.2013818102341365 0.20847618837566434 0.21144564561740645 0.20935295647974647 0.20200848723348175 0.1901949460275822
0.09376675863126338 0.10176058482057754 0.1113364838846627 0.1224016865352201 0.13472703257691582 0.14786280618495662 0.16105221543029857 0.17319536701385196 0.18296621978012612 0.18916137612776496 0.19114759897620137 0.18995887126100905 0.1867658290638059 0.1821360855919584 0.17659790888981905 0.17021140415490982 0.16279169753165373 0.15470099599161397 0.14628845958376108 0.1378691283317048 0.12970783362338736 0.1220096081521051 0.11491951468287366 0.10926656801275329 0.10619636305030103 0.10547361730934587 0.10695831843673771 0.11043201015455503 0.1154002894956063 0.12190648112541491 0.13025894485918227 0.13984594108707313 0.14958167582343979 0.15903981683792 0.16787025251995086 0.17557848720528313 0.18152366777881962 0.18497275680078268 0.18523701728720682 0.1818839768870387 0.17503578080556428 0.1654361623219354
0.0975590851184863 0.10465215278378849 0.11288612768321866 0.12217799490463357 0.1322119377787413 0.14249319314005984 0.1523148170108063 0.1607867068631096 0.16697243034970555 0.170128048241423 0.17014751835999245 0.1682988342046609 0.16508074621352278 0.1609218000218605 0.15624861853998895 0.1514347177842874 0.14625320323487961 0.14059976457497583 0.13472624441334266 0.12885538152990103 0.12317283809800568 0.11782153207556946 0.1128994918401406 0.10859142038531878 0.10629717819847263 0.10616627040379938 0.10812466046807212 0.11178466610032732 0.11655430213817748 0.12256914739625326 0.12961553170508838 0.13672046631205428 0.14373260423585527 0.15023920528388696 0.15589060490823442 0.16035301461047408 0.1632232361353771 0.16408246898565024 0.16269258561679953 0.1591601484388954 0.15348387691161863 0.14593974386331235
0.10178159270180036 0.10863411405657221 0.11557022186407054 0.12316432034874483 0.13111830304785563 0.1389449103879115 0.1460100789908035 0.15157985866383003 0.15495316713674936 0.1556553268853977 0.1541833661739388 0.15155941910365836 0.14808649335347643 0.14412481657373896 0.14002219064887605 0.13608329097381813 0.13249573936632877 0.1288072510728103 0.12503738443934506 0.12134498707282827 0.11786090287564757 0.11466263766599565 0.11172660812120347 0.10909326607075041 0.10758638007122062 0.10810489505326852 0.11054895031385416 0.11429932667996526 0.11879885088407868 0.12391825699952878 0.12879277037001977 0.13334260570671388 0.1375431897498607 0.14129150865292708 0.14421650035036365 0.14606912383581241 0.14663581924837998 0.14604427663018069 0.14421825237524638 0.14097899129838562 0.13631021098072818 0.13037883038676978
0.10639266850694276 0.11319141367100816 0.11960220126443222 0.1255958057601381 0.13162736988964593 0.13730835444708864 0.14207896645358564 0.1452999704653174 0.14638274769366652 0.14503748365720823 0.14227616053259354 0.13878004013764725 0.13488158650439222 0.13090974907048722 0.1271477143028017 0.12383101719187026 0.12116014991615336 0.11903433201313951 0.1170121238026484 0.11519464491192886 0.11364188390831356 0.11233438816551775 0.11133367881809568 0.11065564508769571 0.1103814154637653 0.11168685413299015 0.11465775642122997 0.11843940705659581 0.12230313325004613 0.12545796675308787 0.12793479615407877 0.12987351964097701 0.13137461554118648 0.13245843058674756 0.1330469372963615 0.13290517563618978 0.13230707970253872 0.13113709315099814 0.12919321768450748 0.12634416907596308 0.12256170954068589 0.11793328498284734
0.11141839402659127 0.11812927059371094 0.12426034589347862 0.1295518416655235 0.13386218983163903 0.13759984764085967 0.1404206167532995 0.14172052854926348 0.14088187137653435 0.13776906811018577 0.13365478494917798 0.12916299256705369 0.12470302788238244 0.1205741892786958 0.11698908356059484 0.11411217632304259 0.11208781437448906 0.11102789240917055 0.11046310659556884 0.11022291456927126 0.11029157306187737 0.11076603553473816 0.1117144002601317 0.11314193496128622 0.11495468329340856 0.11738127664972517 0.12094594915897025 0.12438315842782766 0.1264710501107474 0.12724851508403226 0.1270889706366791 0.12636550668002716 0.12531710131645318 0.1240409380672493 0.12260447273723332 0.12140594470392024 0.12020983697119435 0.11876215814590706 0.11689884265006031 0.11450378194315738 0.11152864862961592 0.10800187048950005
0.11688112242513574 0.12344443634498108 0.12920054580409585 0.13394115395222375 0.13750883785132129 0.1397570979039551 0.14086792077732924 0.14064299106440167 0.13820930182731758 0.13336079504363632 0.127666967581172 0.1220257597803621 0.11691307918041705 0.11254591002610656 0.1090390549954785 0.10647964094141979 0.10495962124608242 0.10459377297884544 0.10520279227741373 0.10621655069855118 0.10773680435707483 0.10989431790315593 0.11279995650246305 0.1165068764085954 0.12093276600987739 0.1256062423354463 0.12935841220908278 0.13156751621215054 0.1313647223402203 0.12924934447098893 0.12615632287832249 0.12274894408621519 0.11935126551694229 0.11611714200608232 0.11353490214041717 0.1115461146997764 0.10992507023743796 0.10842219584651466 0.10678523442323219 0.10489453362566817 0.10268113967013721 0.10012954217865853
0.12280606854350468 0.12912368339646643 0.13433740749388254 0.1383224622265843 0.14106093849176687 0.1425814309705347 0.14287776057060916 0.1417259707327247 0.13825237367861498 0.13131112111940246 0.12361562136759645 0.11673745714326765 0.1109832251616073 0.10637814293255356 0.1029135861427916 0.10060094687702396 0.09948815576625356 0.09965920256766385 0.10104015616153132 0.103119403588162 0.10592308240286294 0.10963363448110869 0.11444876215594675 0.12054769720864913 0.12765709058990266 0.13458256668600654 0.13932815642887506 0.14028864506657807 0.13692016245572933 0.13112965281689642 0.12482502334972059 0.11883350024023988 0.11339984277907282 0.10900073948885275 0.10568929850563716 0.1032038205217757 0.10130418308664882 0.0997760860363537 0.09843438976180992 0.09709436001282089 0.09562384931877567 0.09397531546121196
0.1292322783803534 0.13515623031283008 0.13956423452546293 0.14246470410874604 0.14402200779368368 0.14445172079255122 0.14395976472415178 0.14271968418018088 0.14063059618801646 0.13025348655304375 0.12064911434238605 0.11298276497906183 0.10694535061880851 0.10231769360359357 0.09897174596755862 0.09685866742576327 0.09600376053006812 0.09640825173515472 0.09815457349248782 0.10098271543327862 0.10482792757721515 0.10985628172774788 0.11608048280760173 0.12367487640729785 0.13252857230766565 0.14192345000371942 0.1501215289980907 0.15086524154056344 0.1423197574067193 0.13198410756895376 0.12254228350606189 0.11435976039666237 0.10762838836604084 0.10257425611491792 0.09884199385932761 0.09612514054913772 0.09416683106046289 0.09274993716051884 0.09169103796613352 0.09083772340627637 0.09006815051406701 0.08928764373396308
0.13622610598890708 0.14154413877013583 0.14476007133993388 0.1461235040854206 0.14604122216804524 0.1448740637200626 0.14284793568485624 0.13999646859614848 0.1354181321182809 0.12723255400001351 0.11873370323859786 0.11153465651449275 0.10575051911551113 0.10130126305194848 0.09811668641175027 0.09617124511654151 0.09546011980879734 0.09590971990814347 0.09767294872646652 0.10065424243816756 0.10452339509298228 0.1095272749576785 0.1159957855038826 0.12415794730494714 0.13359400501727736 0.14439575459747345 0.1567306812773971 0.16046264601651167 0.1442663696346961 0.13025417630164401 0.11871160162407193 0.10923062769928102 0.10201817734739295 0.09669379554871217 0.09283849025879594 0.09012578242857754 0.08829436162664371 0.08713032027935007 0.08645581174267457 0.0861220071865018 0.08600495390885882 0.08600348870519113
0.14389408074963012 0.1482915262575795 0.14975246977495216 0.14903129878380747 0.1468776468229767 0.14380738938709003 0.14042969135702094 0.1364615620365956 0.13103773164414376 0.12413241191544379 0.1171743594042026 0.11097234947938957 0.10584070018575557 0.10183711025443964 0.09895684047205006 0.09720579638187414 0.09649869175611886 0.09683102251243997 0.09837660259390316 0.10116631446330557 0.10475723788634461 0.10933011177323307 0.11506301390374789 0.12188019698091306 0.12995971880598328 0.13914657080873571 0.14757944076176976 0.14817729294988713 0.13765173363045052 0.12499016647593549 0.11323349521055684 0.10369346803664357 0.0965521803734876 0.0913190237715334 0.08760221503006685 0.08509177687347576 0.08353999187414846 0.08274613814320066 0.08254499800011883 0.08279810777834282 0.08338705852441732 0.0842085771007155
0.15239248361456176 0.15531704564061355 0.15416387639830112 0.15079626625678075 0.14666579961932047 0.14266248435206483 0.1386104734844079 0.13409514403926778 0.12862659217613143 0.12244859978609406 0.11657743804391672 0.11132316982255476 0.1068973164080291 0.10339275141074662 0.10084800182048057 0.09927192093773468 0.09853156343075083 0.09871028377030559 0.09997693678101055 0.10242361357444439 0.10554784043372838 0.10929698302213711 0.11356070645326793 0.11839305786284006 0.12372215202925206 0.12908599552375505 0.1330215623826203 0.13226691671201007 0.12572019634393847 0.1162885613804926 0.10649632199945631 0.09805693596193961 0.0913838688545562 0.08650916096207968 0.08312835974213821 0.08097244739475172 0.07982021837391926 0.07949251881914372 0.07984410235546502 0.08075482206738015 0.08212096204754968 0.08384713901007698
0.1619332105840457 0.16203011838172518 0.15703082467434917 0.1513865342864306 0.14637999549490827 0.14188313120422263 0.13755889240535701 0.1330053443601841 0.12786958464962073 0.1223159831036725 0.11726934689771508 0.11283131277685947 0.10908312891972136 0.10608718298243545 0.10388945092148501 0.10244764671441597 0.1016554967151956 0.10163891940266842 0.10256273202340287 0.10453499572410599 0.10680712824141768 0.1091983974086484 0.11173940418185131 0.11438953689095019 0.11695506393704681 0.11896044440843437 0.11957308580450919 0.11786238354474453 0.11308157636088713 0.10602622260646555 0.09843353890126116 0.09180918562700727 0.08644002532348125 0.0823494062003773 0.07946725911917296 0.07777109980761457 0.07710801595234001 0.0773241263174561 0.07830037942637125 0.07994365619869605 0.08217609177932654 0.08492335917076314
0.17278702339739718 0.16518022507408164 0.15717765707907463 0.1508286859058757 0.1456747271308781 0.14127076510848952 0.13719444223057894 0.1330594735230842 0.12856103957781467 0.12370744732330057 0.1193962898672748 0.11569982463458042 0.11260054673503624 0.11011205755981295 0.10826365010419496 0.10692188131386655 0.10605293471775122 0.10579382223556771 0.10621871474193567 0.10727741698766076 0.10832086797521374 0.10920893426960827 0.10994986494268552 0.1104836988223354 0.11064262338270046 0.11012794290976606 0.10857379928662506 0.10559923141964163 0.10124577007009324 0.09571542992495725 0.08993302025306377 0.08488837529360839 0.08085987710892775 0.07793998891052858 0.0760994198451331 0.0752540215112952 0.07531572871450384 0.07621660416113753 0.07791212718114938 0.08037417749771632 0.08357914189206951 0.08749170699031328
0.16076171757418262 0.15895149683523127 0.15355837748696327 0.14851561307142114 0.14430446857595525 0.14071858605606175 0.13744156508566713 0.13415759964260401 0.13060199875113698 0.12664836309759947 0.12309324139957284 0.1201399306095941 0.11769900083497843 0.1157337872079781 0.11422968059863726 0.11297472418141548 0.11190137385883955 0.11107489004709703 0.11061217542313781 0.1105552908122078 0.11023535314523362 0.10953674091577423 0.10849103376702258 0.10707962598343951 0.10522382229098662 0.10280115254857553 0.0996998157525867 0.0957076656429816 0.09100439458938656 0.08612095095307305 0.08163479565848056 0.07780543805088103 0.07490889834405035 0.07306607164374111 0.07225059101221816 0.07236996150674488 0.0733433749072065 0.07512858574780608 0.07771767792380974 0.08112487075466424 0.08537275595098608 0.0904746517022704
0.14610749911743065 0.1479262448853183 0.14670638084310347 0.14452948085631476 0.14231378005499423 0.14026795253973703 0.13831906854722706 0.13629228647923577 0.13399487125425835 0.13125769849114782 0.12855876781456244 0.12641863753699167 0.12466984479064541 0.12319758966425276 0.12188861252108271 0.12044000440675966 0.1188661145305519 0.11727846471894206 0.11581869168901938 0.11451593537671816 0.11270496190125924 0.11035982251719223 0.10757033217247305 0.10438933134517847 0.1008348870902309 0.09691192603394755 0.09259381069379621 0.08776381729057922 0.0826551244023573 0.07773296571695754 0.07391420557199274 0.07091705540802744 0.06888872798322448 0.0679943870305155 0.06814740113794668 0.06918562041916342 0.07101840681875472 0.07363198883611353 0.07706092830443913 0.08136837568493405 0.08663313183022434 0.09293529273850215
0.13353399871905272 0.13700332815385227 0.13861277135475508 0.1391660365887527 0.13929813053925133 0.1392938604139823 0.13919294922156547 0.13890001859906673 0.13825688706805694 0.13708985745082955 0.1354742972928539 0.13418981449995382 0.13312108475634418 0.1320934613808226 0.13091379112537924 0.1292311866994046 0.1270848769009674 0.12461980086941266 0.12202802779136346 0.11931324980561417 0.11586932935101453 0.1118121661354738 0.1073118187515271 0.10250039726466707 0.09747706508882534 0.0923256445102318 0.08697939548902027 0.08145234599116825 0.0759557571240738 0.0708970754449966 0.06705574294810913 0.06447800316203901 0.06301755016850247 0.06298351040275497 0.06406262042919354 0.06593320417560461 0.06851431148388279 0.07183938384992229 0.07599142035295287 0.0810834378502903 0.08725244164561304 0.09465435645257322
0.12271051550042825 0.1271468850826413 0.13060241155327473 0.13333260457302434 0.13565060959911057 0.13775270616379756 0.13968896357345692 0.14139171781516185 0.14271222011315782 0.14345322494263316 0.14341634373345502 0.1432129926187011 0.14302033096966937 0.14258058608170407 0.1416033857001595 0.13967719045626745 0.13686200061146628 0.13336212973078113 0.1294577639936041 0.12509636211619615 0.11984289656218748 0.11398201358098804 0.10777490543156894 0.10142693194598172 0.09509464763681247 0.08886008736578863 0.0826336374256036 0.07653315242997126 0.0707143229181076 0.06551845444384469 0.061523431039085176 0.05879453645645483 0.057444802463463056 0.05839623489823953 0.06033980877619269 0.062867412436101 0.06601360924078595 0.06987575622883804 0.07457925745519124 0.08027635649978408 0.08715081980957688 0.09542388860580525
