_RESULTS/REVERSE_NEW/MHZ/GZ/2comp/MHZ_GZ_z_710_kriged_reverse_2comp_test.asc
ncols 100
nrows 74
xllcorner 5.5967023331506844
yllcorner 50.982320383150686
cellsize 0.00019249369863007826
nodata_value 1.7014100000000001E+038
[rows 0 to 18 of 74, columns 0 to 41 of 100]
0.06271933509394247 0.059010570401196144 0.055814272236955745 0.053443845698481984 0.05208497821492708 0.051737612617828055 0.05214465208198801 0.052705618450029135 0.05244056718014688 0.050161157499999186 0.0449890374653442 0.037048762811727566 0.027713737957439318 0.018929154846059636 0.012100032204571839 0.007560688923111421 0.004887792990351304 0.003470894894879584 0.002847578332882101 0.002780702118656409 0.0032398289574654474 0.0043929393870410964 0.006623113243890798 0.010506097173681157 0.016625279164095327 0.02516418973044574 0.03549192222227417 0.046175165430377536 0.05556147029900521 0.06250366503230723 0.0666928213647575 0.06851014910184598 0.06867236798087772 0.06793281059295643 0.0669232779640787 0.06610497935467086 0.06577397622598713 0.06608494883285862 0.06707803004581503 0.06870609749400777 0.07086523417654468 0.07343117957846164
0.060171368684892326 0.05608644318295165 0.05264088832937582 0.05018333073941957 0.04893147114383611 0.048926650158705697 0.04996575363748621 0.0514918602882806 0.05249660784901301 0.05161194554519384 0.04761551690901253 0.04027181812957385 0.030828173460000316 0.021438308017232403 0.013869137344385836 0.008715717540718237 0.005632521190599844 0.003976533288141711 0.003228574001040676 0.003109028089063526 0.003563860023822015 0.004749340858681742 0.00703881505841301 0.010988743377563882 0.01714454843850341 0.02563603188618682 0.03578174636268482 0.04612227949728247 0.05500966634118647 0.06132458442778936 0.06480180880291925 0.06587807538503795 0.06533207383003602 0.06397685688071984 0.06249314367254435 0.06137602792364936 0.06094153659563275 0.061354483725389465 0.06265887245753991 0.06480623280030613 0.06768524783747255 0.0711579010578629
0.05833632252219658 0.05402282068790049 0.05046061400189461 0.04802840368918545 0.04697892588798587 0.04740824981914456 0.04919442069880284 0.05186782344720679 0.05444216868576579 0.05538761350583984 0.05306032646646643 0.04667170928155106 0.037138502130066114 0.026778508373396993 0.017879179956181625 0.01151773400302646 0.00756338171563232 0.00536934109366955 0.004333784248995414 0.0041021793426643 0.004576690754623021 0.005893009159167265 0.008405350948480774 0.012622088679910479 0.018987660506886675 0.02749281025894326 0.03734475866299455 0.0470672880152736 0.0550922880184434 0.06042092421477968 0.06289661697085984 0.06303644367280424 0.061676227002655515 0.0596686012073877 0.05771789640933612 0.05632916789351046 0.055820655119351165 0.05635902290158717 0.057994695247638305 0.06069043876065929 0.06434739505430873 0.06883677798375848
0.05741046016835953 0.05302573018886246 0.049479772653862816 0.04718101251003903 0.04642529222403168 0.047379807379342435 0.050031840431283454 0.05404496089313613 0.05851737622536876 0.06180579558455204 0.06180490288482505 0.05697780119046879 0.047623823051689045 0.03606078481303931 0.025202287948402156 0.01687947911791297 0.011402954684888703 0.008211635725519863 0.0066134244935671955 0.00614012018598005 0.0066147769660277935 0.008125134166753173 0.010975873171980769 0.015579867541676284 0.022214208365427368 0.030668093896058544 0.04001653147905088 0.04880561652026667 0.05562475790988582 0.059670445596100755 0.06093885901132534 0.06003720912959048 0.05784394485347773 0.055224196529303556 0.05287546862622109 0.05128583341623838 0.050757011639564066 0.05144954616644545 0.05342379790943104 0.05666829595992761 0.061120727608823776 0.06669256109204297
0.05749269349504811 0.05319506389245099 0.04979479394573938 0.04773319413445088 0.04736027233867576 0.048931577516969096 0.052569493971283486 0.0581131516751259 0.06481241040829296 0.07098974964322838 0.07410154252924059 0.07171971133805681 0.06319724399447361 0.05053469981156105 0.03723101725482613 0.02612518144457346 0.018287535129037896 0.013433596476895102 0.010827205607409957 0.009856903205759618 0.010216449591280269 0.011893121646926096 0.01508459675419681 0.020043863200069956 0.026823678902391037 0.03498972777746181 0.0435135723128366 0.05102760693700777 0.0563446182976515 0.05890001474663158 0.05885824360730453 0.056908894099900846 0.053949583841100934 0.0508266267407216 0.04819921931113523 0.04651305138591271 0.0460374107520404 0.04692092433374326 0.049237644934930776 0.0530149471916032 0.05824996916487439 0.06492750640271541
0.058576380532031076 0.05452122053863876 0.05139307419402303 0.04966916856211441 0.04976328334125341 0.05203223958747982 0.05674975609273864 0.06395716434775064 0.07310959133365043 0.08258855006128996 0.08951057279584068 0.09054169163843545 0.08383877071177688 0.07067877901842165 0.05488704060480419 0.040402050647146553 0.029369502391830275 0.022065689513069434 0.017844492160602344 0.015963232740634322 0.015939317143316003 0.017591464282322816 0.020937370871170716 0.026008008738658807 0.03260493757284067 0.040095641201307104 0.04741165697612986 0.05333509580795703 0.056937937011530965 0.05790194649605581 0.05654998382948696 0.05363384003484057 0.05004253277611163 0.046572349459811764 0.043815938408478215 0.042156534020013806 0.041820477864367066 0.04294185843049429 0.04561162422236281 0.049904737499743106 0.05589408960227044 0.06366503511227792
0.0605480322903497 0.056882014880363735 0.054146307854535745 0.05285225698580592 0.05347939894650622 0.056486434378919884 0.06229351239917184 0.07113700470349867 0.08268837436913186 0.09545701291486387 0.10637178825562599 0.11136163604743711 0.10738754998546877 0.09470984167993338 0.0770624164501634 0.05927306917122629 0.04467211881480802 0.03435069801550836 0.027952835306662333 0.02468756738223565 0.023891193845006035 0.025166700741988974 0.028297694449296383 0.03306212054158535 0.03902456432014482 0.04541069648865123 0.051176678392211766 0.055290290474613216 0.05708216692584464 0.05646088171667249 0.053884981527751924 0.05014502420284882 0.04609504909948543 0.04245424022845475 0.03972681339669879 0.038220788592876635 0.038115220259276175 0.039530131194299246 0.04257537513102665 0.04737623488774852 0.05408706032066475 0.06290725389060865
0.06319375708986638 0.06004172616430827 0.05779994804895257 0.05700321889562851 0.058185092042992353 0.061886298391997455 0.06863677015681686 0.07881186535196295 0.09224314735557512 0.10757169268689502 0.12169458761750974 0.13014281588054952 0.12903680471591983 0.11767809095484828 0.09935305722013921 0.07928470465550946 0.06171209732674292 0.048555827155408314 0.03989792849940728 0.03503096473742923 0.03317713169013888 0.033741632138483524 0.0362771686521979 0.04032752437029756 0.04526708091836109 0.05023891613986357 0.054263691145386574 0.05649746629534173 0.056505975995766886 0.05439718958231213 0.050743930969241235 0.04635618722460394 0.04203159652388147 0.03839165575003378 0.03583824921514615 0.03459927968147101 0.03480796013700756 0.036573220747350005 0.04002433275673549 0.04533319377026725 0.052728603977160414 0.06251746663850755
0.06622062998062964 0.06366537671154668 0.06197863215749093 0.06169776338961898 0.06338221936531956 0.06761171213130211 0.0749569593574943 0.0858309315713132 0.10010840075992898 0.11649944190349208 0.13199401317362341 0.1421514971167025 0.1428843337005591 0.1329893488575115 0.1152128752209627 0.0946043899706351 0.07570063432596814 0.06092455600670419 0.05075779352944588 0.04467395685041695 0.041894419323466346 0.04171436168692143 0.04352320672224587 0.046693227314871535 0.050469213799770665 0.053956805014525745 0.05625583736862327 0.05669688604317887 0.05505693366497557 0.05162486362129637 0.04707515103701551 0.04222353589457149 0.03779493345025709 0.03429966227262577 0.032031972396335144 0.03114252548776037 0.03172533071751988 0.033883320449840805 0.037764523773055385 0.04357805261541105 0.05160739464509589 0.062237351575582266
0.06929818515200266 0.06736093581937695 0.06622898518380532 0.06641410960710632 0.06846117458160796 0.0729302363503669 0.08034761070429773 0.09104849412364445 0.10482343659765259 0.1203780984317609 0.1349008519894157 0.14438550650667017 0.1452001729761549 0.13623945017925318 0.11984635828978538 0.10047603586556049 0.08230451821028295 0.06774842175988981 0.057473172948376214 0.0511341718584288 0.048044663527227326 0.04749714614497187 0.04881244067103167 0.05126825791907114 0.054035660721659905 0.05621226080291718 0.05698070146206131 0.05583567285526646 0.052755441501397875 0.048204745122320085 0.04295369511594344 0.037812228484992765 0.033419474089677735 0.030167880600253636 0.028247201288829602 0.027740820298356075 0.028714579586039575 0.031272558645893095 0.03558083434614171 0.04187284221272215 0.05045697990588566 0.061745645307070926
0.07211350684932215 0.07074617204432371 0.07010041167345056 0.07063383031180596 0.07283447818334636 0.07718545860611115 0.08409544908062067 0.09373779791386366 0.10574512158194971 0.11880283566412447 0.13040935618740315 0.13728504695452814 0.13669102022305848 0.12803190839857817 0.11340450775884668 0.09647158155584426 0.08062917820099458 0.06788693435912195 0.05885925325828465 0.0533163327924885 0.05069635671567102 0.050359226617063976 0.05162858398439703 0.053744400160045086 0.05583969121372465 0.057018559638584855 0.0565472625102579 0.05408296372128006 0.04980691089380362 0.044360453143140764 0.038602316828425035 0.0333231040040479 0.029065441680487962 0.026103817623514658 0.024533832333197156 0.024386437209190752 0.025712712642209052 0.028626417840916928 0.03331230305038476 0.040015434666062215 0.04903552744790994 0.0607508590716741
0.07442041462702584 0.07351570866264391 0.07323329585008719 0.07395562958202567 0.07608240820427332 0.07998146764357615 0.08590624102340268 0.09384439309991466 0.10327912737322024 0.11293267539353999 0.12071637651962809 0.12419683303779372 0.12163201301773338 0.11301485782877949 0.10024210448131975 0.08616749795758653 0.07330954346791184 0.06313038188420966 0.05607384097118644 0.051961563619550816 0.0503452695388929 0.05067078528731027 0.05229191098066666 0.054433008112798255 0.05619962140785282 0.05670269531000734 0.05528915030843974 0.051778415688002954 0.04655576508272356 0.040434176254349134 0.034347030178010246 0.029049923244087637 0.024982456413480965 0.02230781765655239 0.021042466527281024 0.02118062005286773 0.022770611868872286 0.025943639203749463 0.030905454623304286 0.03790416676558592 0.047202040936326066 0.059085052600713735
0.07606142892414797 0.07547682086790464 0.07541055334630532 0.07616203664198583 0.07802965145924312 0.08125504377316248 0.0859392957114701 0.09191506618967421 0.09858206253386514 0.1047839717048654 0.1088944292573138 0.10927419150322226 0.10502193721852521 0.09656337966154563 0.0855634972827689 0.07416547873464208 0.06413580363813402 0.05645522179027527 0.051397820017725 0.0488094887450307 0.04833079665801471 0.04948112162998838 0.051641027482823634 0.05401791092424904 0.05568579455974093 0.05575538911976297 0.053646588113006655 0.049333396382817904 0.04339387256353449 0.03679457996793804 0.030522706488147804 0.025285466033690505 0.021420577074923137 0.018993019638358824 0.017956361303457503 0.01828024769678891 0.02001705661790025 0.023319504175287626 0.028416957194081972 0.035558021874633014 0.04495131684804493 0.05675129780816311
0.0769546620388296 0.07653886942270753 0.07654874297962795 0.07720673601188614 0.07871564384705386 0.08120351875551948 0.08464894119497215 0.08878469698745992 0.0930011013476936 0.09632008686048736 0.0975504694542178 0.09568362060234654 0.09039795802006843 0.08233984216823181 0.0729163339692546 0.06371390691073611 0.05595331659417154 0.050278246662084386 0.046848110326660884 0.04553002661389412 0.04603020803481671 0.04792014639637762 0.050594448720892436 0.053238434398409716 0.054892945410734 0.05466533015756151 0.052039074568744216 0.04712363392536993 0.04066126501477774 0.03374071956324127 0.02738023163859988 0.022233235078092776 0.018546504601757142 0.016304500259234356 0.015412015348027351 0.015820310493818802 0.01758618565316247 0.02088282021532101 0.025963835556469916 0.03308083371169004 0.04238850802417129 0.053898895911603836
0.07705750836910685 0.07666924026999522 0.07664334527507641 0.07714236847458934 0.07829218134246255 0.08013226579702443 0.08255565893273879 0.08524443272762659 0.08762585137205904 0.08890546864716511 0.08824137111004984 0.08505977396506842 0.07937661386575365 0.07189969196631177 0.0637938332281034 0.056249462902246264 0.050134827689170006 0.04589156860224392 0.04362032438312304 0.043210640620459616 0.04441298055150273 0.04682949636181256 0.04985860504248673 0.05266707252327023 0.054274808107932025 0.05379505896174721 0.050767602476622 0.04540721960448633 0.03857545390970565 0.03144262596762963 0.025038765072241054 0.019968994275687654 0.016408851194750537 0.014281623148327266 0.013453517179723916 0.013858405377671992 0.015553490799039987 0.01872705107684077 0.023654349873028297 0.03059511840353769 0.03966410175657908 0.05074825319395049
0.07633175208652762 0.07584771621664793 0.07570908911112167 0.07604178661876046 0.07691897387305512 0.078318164324111 0.08007638404735892 0.08185239989236584 0.08311944938847428 0.08322926377224894 0.08157988151822294 0.07785963514602881 0.07224929709969716 0.06543412471403831 0.05838383719693864 0.052030365491686416 0.04703543843925006 0.043735834363242854 0.042211320481911216 0.04237004173124375 0.04398514187364202 0.0466703155703538 0.049824141998225 0.05261102699563134 0.05405899768996801 0.053310322061493304 0.04995670147822347 0.04427893016578699 0.03720020504049914 0.029926646873404475 0.02348624693130242 0.01845068749056016 0.014949555191176573 0.012864124550940267 0.01202951208320932 0.012361131646443011 0.01391087566149338 0.016874105971668295 0.02154252460099471 0.028190374758331076 0.03691627937257593 0.047519845339894645
0.0747338249594113 0.07405055118652461 0.07375493582592978 0.07396106615387243 0.07471346255354337 0.07594978955577192 0.07746824647805041 0.07890931141208936 0.07977215366037942 0.07949444858124481 0.07760846364264888 0.07393449045699577 0.06871327317977902 0.06257817584463857 0.05636033479682035 0.05083743186076432 0.04656349626264662 0.04383183758705758 0.04272132611670474 0.04314952954735202 0.04489221588358685 0.047561432682902076 0.05056228880326961 0.05308657851838634 0.054213605198802514 0.05314714473388914 0.049526810658267396 0.04365232778327365 0.03644158209256321 0.029086911939704196 0.022603382188606733 0.017549151473869408 0.01403587345905419 0.011922480043038489 0.011021040879046937 0.011228199140520851 0.012584620808864697 0.015283966732320062 0.019629040557433055 0.025916522748065936 0.034257755180711134 0.04441198046139978
0.07224083388015533 0.07127771161451629 0.07080982853815478 0.07096172180479522 0.07177018619937109 0.07315007975019629 0.07486876757858818 0.07653921930680259 0.07765083366396525 0.07765991036148095 0.07614093264696882 0.07295365013253187 0.06834037398898936 0.06288214651432308 0.05732348651502917 0.0523613491881303 0.04850441917540253 0.04603707853473603 0.04504415950700392 0.04544217928189948 0.04699672062150308 0.04931747660225788 0.05183705910507158 0.05381750664420615 0.05444045554789796 0.053004835352363854 0.04919016068101893 0.04326169985827233 0.036058749057552235 0.028705655377730163 0.02219169179230205 0.017081614838132315 0.01349851258808252 0.011300847134482827 0.010288309270146076 0.010340392317651532 0.011482036405551961 0.013898699907134817 0.01790202580839683 0.023821413183948648 0.0318106521982129 0.04163451842500454
0.06890294389112997 0.06761069695668122 0.06698344820882453 0.06717285955614764 0.06822526093818036 0.07004799515433575 0.07238402625141128 0.07480629500741087 0.07675435003791287 0.07763541895490089 0.07698459134584688 0.07463088018659435 0.07078441539035381 0.06598572659938237 0.06093700103405211 0.05630585520035956 0.052593255067626264 0.050091211020318105 0.04889054258121585 0.04890124148845604 0.049880244778299165 0.05145302652067271 0.05311759937747109 0.05425758299805667 0.0542054360364574 0.052379771130249976 0.048484405111550326 0.042694188861985206 0.035695124441373294 0.028484556974707687 0.022006199598287746 0.016847094266323418 0.013171141473365152 0.010861002607465892 0.009717833541203997 0.009608635104752163 0.010542207774440544 0.012694900974948598 0.016390607514234445 0.02200510591695094 0.029763297821135168 0.039473748873546655
