_RESULTS/REVERSE_NEW/MHZ/GZ/2comp/MHZ_GZ_z_125_kriged_reverse_2comp_test3.asc
ncols 100
nrows 74
xllcorner 5.5967023332191781
yllcorner 50.982320383219182
cellsize 0.00019249356164376555
nodata_value 1.7014100000000001E+038
[rows 40 to 59 of 74, columns 0 to 42 of 100]
19.549287319560545 19.588512198988923 19.634690193781466 19.680691204218437 19.71814540275946 19.739349625324405 19.735706649007412 19.696828008899146 19.61185658273407 19.472400208503537 19.27597165823079 19.028697215625016 18.74614003284793 18.45166763655845 18.17258933325589 17.93497296072583 17.758483869739177 17.652604365709607 17.615201159512722 17.633808483497486 17.689328819833495 17.761179270440213 17.832364801533 17.892953637252987 17.941287913707225 17.98329551514499 18.03043364184963 18.09653072024308 18.193989268181042 18.329993528175564 18.503027051410495 18.699172474891714 18.884249515423353 18.977216226434447 18.76711094701576 17.74004196510016 15.16817561524792 11.446788243151937 8.581371207946104 7.760112580092537 9.184728003641064 12.696394123188433 16.42188196362401
19.53413033450001 19.57267551702881 19.618072945900767 19.65796955795659 19.683486261750012 19.68900406768866 19.667419064460994 19.60825120891262 19.499308443327436 19.330388742274916 19.097630103820524 18.807128389393952 18.4764692347277 18.133306698621414 17.810963221788107 17.54201762847272 17.35162331376684 17.252393984529448 17.242140098966313 17.30496184918955 17.415467729430624 17.545156621590145 17.66929201074843 17.77231584875035 17.850452976407443 17.911260237087678 17.970575107685065 18.047621116464626 18.159371460736033 18.31538702965016 18.513923790079506 18.738597167212482 18.95038743173542 19.058251759880672 18.82463632354055 17.67643537842873 14.903749350263237 11.230780842060136 8.81003337366221 8.678313512230874 10.972053049956402 14.829798911978658 17.709575409454185
19.516458027026122 19.55467572106702 19.592733680649793 19.615778323099285 19.61904976154429 19.60124820899438 19.55719367702819 19.476295135611274 19.344951994813307 19.150989358412538 18.88885392660444 18.564116141644615 18.195706760646495 17.81471045843155 17.459470228981193 17.168067776885696 16.970310540073456 16.881477594054218 16.899350821612526 17.005134037570866 17.168095374398952 17.353010135070946 17.528616473294097 17.67473475999844 17.78606007950393 17.871818285320852 17.951683879892038 18.04920128919952 18.184495306816466 18.368154165963542 18.597475629079817 18.854351154767066 19.100946194764525 19.263688807017147 19.185678044259202 18.552458705796546 17.04228603799217 15.102793554607693 14.119980921735307 14.949870130376947 16.920346653376395 18.438217068797815 19.006814639577833
19.505800465943764 19.535448745151182 19.551354937544918 19.54458773231051 19.51770025385662 19.473041039336746 19.406536446289472 19.30724992767044 19.160098085236505 18.950745094950012 18.67157551311194 18.327044552414478 17.936549987981227 17.533405324808413 17.159548024833914 16.857154950151962 16.659595962262564 16.584290433339476 16.62917109509604 16.77343056143819 16.982457259181125 17.216097788323648 17.43836638121305 17.62589760923676 17.772601488021376 17.889260841900086 17.99846041444261 18.126558261342087 18.29515580921615 18.514440755128565 18.779635494895235 19.070249876092277 19.350903054147476 19.571656449430293 19.667235111442398 19.570509527870726 19.29005485892556 19.02901886451158 19.0435784966077 19.248694484116985 19.345072141855855 19.27300601209459 19.161520142673787
19.49229724569496 19.4970076268143 19.477349283486024 19.434608837401093 19.376341508207393 19.30668891644795 19.222420539506224 19.11242418044326 18.960188867500097 18.74909040374917 18.46913956241678 18.123097347201746 17.729847403918512 17.323503129551284 16.947877069314654 16.647560957417383 16.45821092147425 16.398793349618245 16.467626245606894 16.64296316854481 16.888097236581313 17.160170968748332 17.4207268367551 17.645004676409496 17.827038980759678 17.9790128385595 18.1253317976954 18.2935400738176 18.504943220995564 18.767387683444806 19.071598356904925 19.391747130607598 19.690271264251205 19.92648702858698 20.069408202123274 20.11249886100631 20.075719484955208 19.979625170505624 19.818906634498003 19.587647401266338 19.318366809318814 19.072409349903428 18.914039182905608
19.451017224112586 19.420429957464936 19.362937451056172 19.286321774041454 19.200536112049882 19.11152371368418 19.017360345209035 18.90695893642987 18.762427722207267 18.564844271102334 18.30171317464298 17.973664361389964 17.598135871587196 17.208565544167087 16.848807326926313 16.564046692983858 16.390817935438598 16.348937631874296 16.437282885006773 16.634247944718457 16.902917092744826 17.200144532470446 17.487479640545605 17.74074620971982 17.955120509624365 18.144087505422387 18.332861275156873 18.54856905951739 18.810094249664797 19.120197690338646 19.462013958370257 19.801114883905687 20.09335781687614 20.299032177909123 20.399184981155237 20.39463253098917 20.283622378678796 20.060562411627057 19.740631608437013 19.367177404266545 19.00074853849629 18.706878811881637 18.54403910874707
19.37144624544601 19.306323424298878 19.21573848647336 19.11074900392442 19.00378902321874 18.90313648155755 18.808236980104677 18.70798606844424 18.583233282480503 18.41301891548859 18.182529107928723 17.890104400094813 17.55101672205813 17.196695154316405 16.869267376352497 16.61267455021416 16.462830838989397 16.439567357324552 16.542337388660194 16.750611291931744 17.0290400650282 17.336528363202323 17.63705232513798 17.90895557522221 18.149583125669754 18.373717508930334 18.606444799941837 18.87269195357497 19.1864237938454 19.54253822895814 19.913703434904352 20.253542647745107 20.510166900479053 20.65390731599098 20.689782427592338 20.61485247661135 20.398863263636592 20.039112009656385 19.580971153163105 19.092813120089787 18.648669856042428 18.317640174546735 18.152673260158465
19.26399536712035 19.169683778907714 19.052457988347886 18.926155419077613 18.8058473739731 18.7018023531333 18.614416970222194 18.53250769179487 18.43604927913327 18.302696298117613 18.11591053863884 17.871952249065135 17.58353558066366 17.279042149517633 16.997333779828924 16.77938178805209 16.65895858681077 16.65493815737201 16.767158970026106 16.976848676291535 17.25170316037086 17.55467720155906 17.854247595969394 18.13293986355444 18.39115038413474 18.64485972149858 18.917889697243073 19.231019127943004 19.59102671483916 19.982190678007292 20.36163474840179 20.6639490136294 20.836791983937328 20.90163835176876 20.907513947765214 20.79818144738416 20.491478473321457 20.010257370540025 19.43672227981832 18.858104787237554 18.35612082568197 17.999058285094637 17.83198195521566
19.146984643752738 19.030297259175967 18.894277483636348 18.75508999057127 18.62961787859311 18.529203289518513 18.4546764261867 18.394884339856194 18.32962908773413 18.236215315744563 18.09736867155141 17.90786262500399 17.677848898171565 17.432018237703605 17.204790423649065 17.032698065210376 16.94594549024889 16.96141009054449 17.078921121058144 17.28181875559166 17.54186680473781 17.82750781051622 18.11322085280208 18.38690116407159 18.65247265681715 18.92657815093674 19.23038212017799 19.578864423496697 19.96963905246895 20.371609122739642 20.714266424457207 20.901392880827714 20.916923588837193 20.92261493158461 20.996916180645393 20.924996901343036 20.56595997073577 20.001928409739424 19.35409625570451 18.721756877005628 18.188900602469683 17.81971003477804 17.65053226819282
19.0390581191064 18.90842114015253 18.76280693840315 18.619575268934636 18.496115079328977 18.403815367620634 18.34351453208444 18.304392488286638 18.26702099828774 18.209650528539846 18.115540577683024 17.9788952944156 17.807683742072943 17.622705689137447 17.453223050027027 17.330256792885432 17.27926567094169 17.31414832836562 17.43418568139355 17.624831645421654 17.862375920843075 18.121471526161443 18.383376604214792 18.641876475640906 18.904220088925832 19.186665125484343 19.50646719085236 19.87185185763875 20.269471070858057 20.646517916458087 20.891279635378048 20.879493383562377 20.70305741147144 20.72392740384454 20.966458758570614 20.98756780411727 20.620470031930125 20.024413323658326 19.352418507815447 18.70887688260516 18.175318362937055 17.80950961495813 17.63933085551083
18.955738010300834 18.820607598435476 18.674826261316106 18.535541538162857 18.419309276513793 18.33663815329159 18.288085722715703 18.263588189133237 18.245507954599862 18.214391113996204 18.155392739597172 18.063258216038403 17.944476495138503 17.816195426957947 17.70230940552276 17.62774698102923 17.612426408438907 17.666477493712087 17.788044711012436 17.964381359819132 18.176182175887902 18.404257909704384 18.636572250119578 18.87247843157911 19.121670960042554 19.39888786434308 19.71690562135405 20.07744586581786 20.45703610764358 20.784072630742028 20.92047210599988 20.754958498493618 20.49435851127323 20.58083821530428 20.93243562916338 21.00326333072334 20.6508313781921 20.07033577248447 19.42280828396732 18.809579881263588 18.30514346307183 17.95890490854819 17.790956108751757
18.90634369595809 18.77579936952438 18.63813511907889 18.508973103369662 18.40289769214073 18.328813876572845 18.28684131028429 18.268103751868185 18.257654899496035 18.239504182889238 18.201930792190822 18.141346838546088 18.063670168800616 17.98301459175282 17.91818783681426 17.887963855498317 17.906374375402272 17.97927358772552 18.103131178686763 18.266477841611636 18.453833931582402 18.65141003872769 18.852886483649613 19.061987895665506 19.28966640497279 19.5485067480067 19.847205255707085 20.183005299415544 20.528780569512023 20.814526610183464 20.924216005157636 20.795858889174806 20.62737615626965 20.729228673322602 20.982520021630013 20.982774956152213 20.641930743908006 20.11352069090004 19.532070781772834 18.985972998244296 18.53817986185382 18.22797935820582 18.06839797234272
18.892429762983916 18.773786953683004 18.650335312156958 18.535173158459806 18.440115275455913 18.372005714407607 18.3304731543129 18.308151051030798 18.293387498801643 18.274437881492283 18.243596828877898 18.199895465897153 18.149636313699936 18.104771273225566 18.07970555222182 18.087467476617658 18.13629989111954 18.227592571233668 18.355724065623587 18.509898340718006 18.677629624757984 18.84932064502331 19.022684524858864 19.20400424603166 19.40435387541455 19.63416143782269 19.899095525963197 20.194807775565298 20.498502989823443 20.760759060115284 20.913956292644333 20.93205303601527 20.908413340421074 20.960077686482652 21.01299123881197 20.89278049729286 20.566640548075416 20.118164536918833 19.63612868644045 19.187473775930876 18.81995087918118 18.56154884656978 18.419003294855187
18.90862185143912 18.80655894368083 18.70074097309519 18.6011764350636 18.516522270402792 18.45138537000762 18.404913530731946 18.371382279185198 18.342638803323478 18.31146877179224 18.274606068475663 18.234324275698352 18.19813391281924 18.17676796433396 18.18115745132184 18.219353684607302 18.294300465109785 18.403062569404042 18.537696052927977 18.68749914872448 18.84207960153618 18.99473434531254 19.145404241762975 19.3010239732422 19.471738876171678 19.66596575335587 19.88726755330533 20.131441842323227 20.382733778003747 20.612434435716203 20.786758832269246 20.888435409566362 20.93179817418122 20.932182554974293 20.86332049656296 20.686328101849547 20.404190315796516 20.05840782565055 19.699026970129175 19.368889546702977 19.098720406817055 18.90491935737371 18.788811612964235
18.94529310648827 18.861667176321266 18.774343130029468 18.69012885974808 18.614537976584277 18.55001419976963 18.49526169071115 18.446120538586445 18.397743501857445 18.347234752981898 18.295694130238928 18.24883892495956 18.215915258226808 18.207246637596764 18.231263437029334 18.292015907867516 18.387951905596893 18.512285137679946 18.654786778003622 18.804422997058268 18.95207183020493 19.092793499760727 19.227344401316756 19.361821416049608 19.504437132876248 19.66139713014736 19.834449365378028 20.019640365364594 20.206423244555886 20.37834697537534 20.51688925716024 20.607268834247964 20.641155995145613 20.61343470202758 20.520163899196593 20.364098465834072 20.160009629772635 19.931860468926835 19.705495467981528 19.50261611963241 19.337446452591 19.215441411227225 19.13345400087647
18.991818579659288 18.92609673376972 18.856147161786318 18.785855694112563 18.717936985563266 18.652938486999414 18.589169468269837 18.523788894333993 18.454752832945516 18.38287546955987 18.313109242181653 18.254370408988944 18.21776515984942 18.213721256622332 18.249010640437454 18.32471255564096 18.435796425583774 18.572412468549405 18.722421667069803 18.874325016054375 19.019678197729746 19.154451145986805 19.279313841223455 19.39864170461985 19.517902658877414 19.64055474101999 19.766286317176718 19.890819749698334 20.006560278514897 20.103904167976633 20.173189701469816 20.20679638409013 20.200770856387905 20.15583564982927 20.077801811748078 19.976961132884778 19.866094682691756 19.757613846939435 19.66093720104692 19.580950267661397 19.517762454352766 19.46747808972729 19.423510295388866
19.039208595768127 18.98926801513224 18.934398405140804 18.87610354086483 18.814859533320863 18.74971203739628 18.67864354827596 18.599803511933345 18.513279806864443 18.42273817322207 18.33613670948031 18.26494254313538 18.221824664476678 18.217466325062066 18.257591301339968 18.341275464840905 18.46113306537724 18.60527812729564 18.76035921668455 18.914632811264536 19.06007912009414 19.19304984734246 19.313624458187867 19.424064708830993 19.52663033467267 19.621493557376603 19.705850903415893 19.774556110126618 19.821722831841207 19.84262610984283 19.835438550133993 19.8024485098715 19.75039663162962 19.689618446541655 19.632003228753135 19.588272746950043 19.565402602050863 19.564969268752638 19.58288325392761 19.610525739916852 19.636888019462596 19.651042751513742 19.644249982333754
19.08147637350796 19.044469795090365 19.001981593883592 18.953787295433994 18.898775438539925 18.834947147440335 18.760062897998296 18.672945036195323 18.575111710520392 18.472118453830618 18.3738785056082 18.293465508102198 18.24447200194866 18.237665052060116 18.27808501303024 18.363641878978626 18.485716044223217 18.6315294243919 18.787429708169746 18.941935452543014 19.087524606373258 19.220723315472576 19.34081040378295 19.44786376316302 19.540837849183593 19.61634848455934 19.6687667729043 19.69169982871513 19.680333317958336 19.633911635816244 19.55765277948964 19.463333884885667 19.36792469465943 19.290327617987078 19.247119233847123 19.24858708641124 19.296202021046113 19.38218197935047 19.491221787907513 19.603916112514806 19.700948101335648 19.766842049802868 19.792213388703285
19.115754760075156 19.088803874725592 19.056152207072735 19.016488002486454 18.967744412619872 18.90733662773758 18.832947558903467 18.743827781503068 18.642295829275596 18.534857854177236 18.432274164236574 18.348144951419776 18.296159169812125 18.286787954854145 18.324555140139925 18.4068817937366 18.524933632049315 18.666153768288027 18.817547892814236 18.968532377980747 19.112361000050583 19.245771139734284 19.367258504527083 19.474872866807118 19.56447761478755 19.62922238177765 19.66057804574641 19.650681447955414 19.595311747897252 19.496784902984082 19.365933455128285 19.222047899173603 19.090058129697454 18.995441306293138 18.95837372352648 18.98889453397484 19.084419145284773 19.230197672624747 19.402573689409518 19.57426067866976 19.72028775930263 19.82279538955544 19.872959572129993
19.14160877109493 19.122222357035273 19.097304056911526 19.06499936581572 19.022823281503808 18.96801023448907 18.898326463823217 18.813292062392737 18.71552170586118 18.611657576435572 18.512292306799853 18.4305199908425 18.379292207485783 18.368337899029413 18.40170601313592 18.476835751387263 18.585509314651304 18.716331094473052 18.85779853314061 19.000813724933693 19.13973031886816 19.27165969149904 19.39449241954957 19.50458526776617 19.595182021876667 19.65640718258905 19.677082300076954 19.64783662785856 19.56459880587994 19.431719408161598 19.26384258378628 19.085263344002257 18.92612404420872 18.81620993043272 18.77814041754485 18.821978769306504 18.9427514586522 19.121465664757643 19.32936336111337 19.534440203383472 19.708580183064157 19.832991200340903 19.899659646140673
