_RESULTS/REVERSE_NEW/MHZ/GZ/2comp/MHZ_GZ_z_0_kriged_reverse_2comp.asc
ncols 100
nrows 74
xllcorner 5.5967023331506844
yllcorner 50.982320383150686
cellsize 0.00019249369863007826
nodata_value 1.7014100000000001E+038
[rows 19 to 37 of 74, columns 44 to 87 of 100]
39.13097082026899 39.20940344921315 39.25886288807382 39.285214186065915 39.29239511395923 39.28166043913377 39.25188550912882 39.20076774858908 39.12630602629614 39.02771055255212 38.90559144354766 38.76226010017516 38.6029668557216 38.43827878361684 38.28603651983285 38.16960152139096 38.1113708009142 38.12466193527506 38.20833833843187 38.34671132882847 38.514402833759746 38.68367411959299 38.831135072757895 38.94173314102876 39.009620610392524 39.036829351012344 39.03105237092202 39.00347949818566 38.967354340462066 38.937873465196404 38.93235983984305 38.96597569722228 39.041796046879504 39.146579666508664 39.25935464338863 39.361397726204686 39.43909141195457 39.484152520804315 39.49456134220199 39.47449696587281 39.432406438947915 39.37833774619333 39.321688898564474 39.26984553395529
39.16405010781859 39.24925166979165 39.29821558849803 39.31803041020707 39.31393328766034 39.28857998916395 39.24232652642115 39.17401316515073 39.081510550270316 38.961932219468274 38.81254200684295 38.63313048625982 38.42961060292095 38.2177400656596 38.024033801914904 37.880984280362895 37.81744981144394 37.848574953852015 37.97000484645447 38.158908015588636 38.38105698768046 38.600632224159796 38.78875455526273 38.92813437545138 39.01354133765135 39.04955363032728 39.04742467928948 39.02222079609613 38.99065948775336 38.96978121369526 38.975580015887964 39.018960913234444 39.099288878042856 39.20308135300662 39.31155088727229 39.40842399653058 39.4815831471783 39.52259418966957 39.52810961183565 39.50115442109549 39.44998176789808 39.385302767642735 39.317613161004395 39.25550490719197
39.2324996797614 39.319301126046035 39.36241532002972 39.37064331912892 39.35107732461028 39.30834685561731 39.24461385592053 39.15952121311142 39.04974356880106 38.909270467593124 38.73189897894484 38.51576183977485 38.26880151182587 38.012992050568094 37.78356564687657 37.62132977712797 37.56039060708767 37.616452311773536 37.78082791711755 38.0227440056398 38.29878246545909 38.56523580021934 38.788388846777465 38.94958825265669 39.04501059369191 39.08226190899045 39.07627067727846 39.04584215249777 39.01100406303279 38.99079519260243 39.00082405743303 39.04940004586868 39.133216777865854 39.23772514599201 39.34423385988022 39.43722048451651 39.505891517532426 39.54268080729137 39.5438437016101 39.51142164119717 39.45312254790194 39.379853715754884 39.302846102249205 39.23174013547233
39.345051362766824 39.4262953844033 39.4570750963108 39.448155170468965 39.40878065200841 39.345881680054745 39.263515095369236 39.16175054062227 39.03555888063885 38.87585234116602 38.67368762701003 38.42654089836465 38.14505915616889 37.85710207857983 37.605173963637945 37.43636519918154 37.388037232991124 37.474946782810655 37.683296879119226 37.974396598804034 38.296400088294966 38.59902089896499 38.8452407805708 39.01641075934108 39.111006079455215 39.13992326197817 39.12142531341048 39.0774083059722 39.03070245002635 39.00236008475215 39.00841858170801 39.056032722218816 39.140355083863035 39.24575111671197 39.35250010867934 39.444129815921244 39.50990067585604 39.543187556532565 39.54080583158601 39.504501570983166 39.44143579444495 39.36229560116262 39.27856968809751 39.200629576178024
39.50313958509436 39.570376011533256 39.5821312433667 39.55096507435088 39.488160877365196 39.402920380036186 39.30103904639156 39.182812410487095 39.04179518993394 38.86680046689607 38.64733754338938 38.38104576583319 38.08110861718102 37.77972974093563 37.52405981208309 37.36449542979353 37.33908619328174 37.4600587489658 37.708202049230366 38.03786920811726 38.390724714533675 38.71231908310567 38.96462985304376 39.13071033600737 39.21225070112296 39.22346542704519 39.185012725512316 39.120534106984714 39.05472687273776 39.01046443731934 39.004757050112616 39.04463980608112 39.12468923010308 39.22866733785991 39.33577209054571 39.42783699227359 39.49290210563585 39.524487528178604 39.52021957262332 39.48217974371215 39.41722983428052 39.33561782088087 39.248674722394675 39.16713544691524
39.69620127291689 39.74142480644118 39.729210882626646 39.67292896140806 39.58514074483081 39.47690339474957 39.3555094568484 39.221660020757085 39.068472620098824 38.884151026640964 38.65796998137389 38.38825302962837 38.08988747744793 37.79710607676437 37.55840155832961 37.424007633201626 37.42988317202036 37.58430354236914 37.862901831515465 38.21491184364475 38.57841279172708 38.89796061040066 39.13712640657227 39.282384428589516 39.33983690586022 39.32708592902083 39.265250932511314 39.17728086567311 39.088414245611666 39.02308583469491 38.999632637107396 39.02566694311499 39.09594102169608 39.19425218029794 39.29927346404418 39.39140273690182 39.45703033892919 39.488985893608096 39.485246282419624 39.44830562365504 39.38489047415841 39.30476766610786 39.21890090281841 39.13812556285282
39.8984001047251 39.917100633027786 39.88075860602736 39.80100890266255 39.690121950699 39.56046731868088 39.420935556454246 39.27338296585033 39.11182606329901 38.92532304379052 38.704007153407396 38.44708898610843 38.16999775120085 37.90647472040431 37.70300927987658 37.606317407240454 37.64776242992375 37.83069113550242 38.1264279290516 38.48154829002221 38.833883917059076 39.13006214571267 39.33707169152193 39.44653987133066 39.47243295196273 39.43637823363336 39.35510386541349 39.246502657221086 39.13519231769263 39.04737415600763 39.00311022436898 39.01107706965092 39.06677904507581 39.154683880510575 39.25368902161661 39.34352530353799 39.4092910477187 39.44280633270872 39.44179142042359 39.40877912825485 39.350275055735594 39.275572371349185 39.19525338718559 39.120150075506864
40.07014383433136 40.0657535859859 40.013220887110315 39.917714964069006 39.78941037679748 39.64217376547928 39.48745093313536 39.32949457400286 39.16443077209431 38.98314064831484 38.777217193582075 38.5466500396183 38.3062423687759 38.087058064715436 37.93083380552575 37.878151011587065 37.95403861539029 38.15663173708768 38.454306618583885 38.7936002452187 39.11485825714087 39.367705106354165 39.52135823468863 39.57767555477556 39.57158391667378 39.52729784455586 39.442470177898116 39.32329985972588 39.194958060981214 39.087160208681766 39.02243017884353 39.01087964357688 39.049175093736885 39.12299325402307 39.2121683321425 39.2966117484422 39.360818265739375 39.395753375517955 39.39853299682438 39.37129814327424 39.32011212285709 39.25377539015042 39.18254623485755 39.11721471676313
40.171541496905924 40.15894144070587 40.10615421692481 40.006536903220464 39.868199252885496 39.70843536316379 39.54294504539158 39.379427098535025 39.21662275622435 39.04744379897996 38.86495868136411 38.669566998490446 38.474498114227714 38.30666389363736 38.20135806031358 38.19160665178764 38.295471782938066 38.50639342601749 38.791428031998606 39.09903360104777 39.37193175543 39.55615230370675 39.617325649127594 39.593944659550026 39.576606233826126 39.56888192767402 39.51303877544903 39.400018692711015 39.26367883397011 39.14159814291943 39.05991146502974 39.03041535768464 39.05114562580721 39.10933341381812 39.18628255390834 39.262785851195254 39.32342048271626 39.358677067713835 39.365030768254414 39.34398477671744 39.3009686864274 39.24423897888866 39.183743173740964 39.13015232096681
40.19325126825725 40.19293729469816 40.153831756013226 40.05740506992223 39.913610575304745 39.746013747926646 39.57545250110017 39.41279607585935 39.25874728701128 39.1076587393734 38.95360330282351 38.79689214748163 38.64859222098887 38.53085614590789 38.472076961790826 38.49765227038321 38.61920994484917 38.82667888021298 39.08718360131988 39.35075153836867 39.55418688078664 39.61825970837819 39.509401536600166 39.386062687681274 39.42977602030939 39.54080480274748 39.55732710109338 39.46876117279371 39.33444055429005 39.2054927310718 39.112636615483105 39.06934935358533 39.075003791044594 39.118481677883004 39.18282921001401 39.250176781633655 39.30572392278643 39.3399188045751 39.34878118303139 39.33315062052228 39.29772459362278 39.25013428855245 39.19994400071475 39.1575940900741
40.17947245586447 40.1963934736751 40.165271860727486 40.065936418220446 39.9155909637518 39.74419653374467 39.57568774905603 39.421854394584 39.28359173946386 39.155515978939945 39.031971474812444 38.912741896465256 38.806586702379754 38.73112691997921 38.708513125764014 38.757611853307985 38.88507144986648 39.07879968977725 39.30639256130074 39.514782227923234 39.616160662919974 39.48406532587798 39.13919693488705 38.96064690857681 39.1712192666391 39.4669784366112 39.57890387670288 39.524176311884496 39.3994903561032 39.27109128448637 39.17385169404257 39.12249258475048 39.11746148501937 39.149158173953424 39.202382186496756 39.26079560261582 39.31058002910829 39.34256289252301 39.352644707649745 39.341149950577254 39.31200680308412 39.272076944888454 39.23037717906951 39.19701868135271
40.18494387254934 40.19344302025678 40.14276935309044 40.02514187390591 39.86581577761977 39.696453155505694 39.53933104364061 39.40373270103486 39.28853489972796 39.18729599955329 39.09393279344192 39.007500816929564 38.93477331623855 38.889742905358474 38.88978092635397 38.949093214027 39.07131648491558 39.243809214139304 39.434212334422945 39.581126784344065 39.564779959165534 39.23691869287717 38.73506189256682 38.60167182371654 38.98497537884756 39.41652518096965 39.592486779100504 39.56427921019098 39.452268048194526 39.33042301976557 39.23523249358746 39.18177235124151 39.17114441026747 39.19498106261523 39.23964424125438 39.29030002641806 39.33431734092696 39.363326227523174 39.373587461797186 39.36518900865081 39.34122682767602 39.30749874210263 39.272184509632915 39.24497917959521
40.19243258820225 40.15778119332942 40.06454466215153 39.92217226180852 39.759146510628284 39.60277747199891 39.46920599043377 39.362300944881895 39.27714741680978 39.20527565645233 39.13979958576591 39.079201252799734 39.02899495296193 39.00088483732081 39.00934556855408 39.066118168070325 39.17396287533725 39.32133165764611 39.477155407775136 39.57703308208071 39.49786107042848 39.125739532695 38.66370800223017 38.61077947103241 39.01883353330516 39.43697245722934 39.608608738364396 39.58874923298942 39.488604411315464 39.37720589785913 39.28903417648322 39.2384535548024 39.22676258929497 39.246478690394 39.28521331511222 39.32945128287354 39.36785091744997 39.393328536334224 39.40318534087392 39.39766426738929 39.37881341877758 39.35078285827095 39.320443904545876 39.296976230192456
40.124266025780145 40.03656406830082 39.905109652340826 39.75092933483361 39.600469448169534 39.47334787779946 39.37735079433756 39.30941676226264 39.25996229023662 39.21816942756112 39.17646588563383 39.133283555242805 39.093868016291225 39.069133151321225 39.07258451357957 39.11562917417526 39.20220342572037 39.323873454881465 39.45471204751333 39.54078478445194 39.48939424275754 39.234833969745466 38.9369364360524 38.923528936426955 39.213759430544734 39.50620957280045 39.62366990166885 39.59736623628153 39.50700817910921 39.40780416168062 39.3295049595829 39.284944381801196 39.27525188637918 39.29349899533655 39.32818341063508 39.366823232901105 39.39940572871211 39.42073131237428 39.430088395529125 39.428356856027044 39.41601884584489 39.394581536903864 39.368965497724275 39.347764728734376
39.93834072408498 39.81437096128086 39.6691118659663 39.52761405007139 39.41134102707392 39.33115880647872 39.28577773286714 39.264753436878955 39.253828666688264 39.240211568515875 39.21623813627859 39.18106938394955 39.140728819097795 39.10672291782743 39.09325046265649 39.113130621262805 39.17309565279528 39.26943855391588 39.38412438671396 39.4795919587805 39.49735033259044 39.39840136171155 39.26262926333236 39.259966009091265 39.41344932875703 39.57138280557475 39.62769250044715 39.59060856938692 39.50840578409025 39.421256978593334 39.35342093241068 39.315898412219276 39.309462625545336 39.32748829992319 39.35901985148169 39.39229225672074 39.4186153697703 39.435304922754995 39.44468032038021 39.448660050876285 39.445309584479666 39.43226033953222 39.411905398672914 39.39232607583226
39.66266213176192 39.52776765246381 39.39600427339091 39.291563263750476 39.229162299924084 39.21018438545915 39.22397158310877 39.2529737186632 39.279040418158004 39.28837923068036 39.27414727686996 39.23705369084928 39.184765428503525 39.130430000837286 39.09014655049132 39.079318472637176 39.10837211245191 39.17878897880966 39.280078395814556 39.38745727939352 39.4630909752303 39.47661196596464 39.451516351827344 39.46224570777679 39.53309910441663 39.60308483544173 39.616121666988455 39.57093990659997 39.49556202801367 39.41871491541493 39.359965714069354 39.32867277441592 39.325267521149776 39.34331949269318 39.3722259634065 39.4007433741426 39.42146029338843 39.434445644293675 39.44536599411394 39.45702030980856 39.46434913291242 39.46056121257723 39.44554291785245 39.42709532101953
39.355581814700535 39.235141286182575 39.14087397425669 39.09316743466998 39.09840262530789 39.1479099876336 39.222122092418324 39.29761501482519 39.353891069826155 39.37758465291544 39.36368362861466 39.31502862526963 39.241375489191775 39.15809795968824 39.08391785897576 39.037434201975785 39.032972281762795 39.07673716503567 39.16397612945826 39.2772655008229 39.3876873621923 39.46600615724845 39.50716610114623 39.53787847286755 39.57634571172897 39.603161216110024 39.592390562311266 39.54270096254337 39.47222889939897 39.40267062214816 39.35032327495022 39.323384551879066 39.32212878363178 39.34040299434394 39.368042819540406 39.394421530607225 39.41326200189378 39.42651523801786 39.441602933329534 39.46109377081929 39.47730568446317 39.48049851455365 39.4690955688086 39.450761361477085
39.06153084766743 38.98677903100483 38.95429771468882 38.978559178364556 39.05748256904719 39.1738257060382 39.30123617575572 39.41266325173215 39.487472627444305 39.51453048624201 39.49153986954816 39.42346776306735 39.32193280639398 39.204622200480784 39.09322499515183 39.00974269302749 38.97210704085546 38.99026755926098 39.06327368024769 39.17725697701977 39.3060463917404 39.419103314025996 39.49813760753892 39.547443529223 39.57799351811842 39.58653796639663 39.56347786780152 39.5105665093256 39.44215377163201 39.376256422067854 39.32725838311497 39.30274455204062 39.30309211044946 39.32262846013766 39.351903470439034 39.381137863968405 39.40470644675205 39.42433067928432 39.44600041608329 39.47066793397545 39.49014483156313 39.49504600121528 39.48398241893386 39.46430615211591
38.77254479592297 38.80888743310458 38.87001556424863 38.97578585078526 39.12513364305859 39.297667500676795 39.46334742102708 39.594233372989294 39.6725510716092 39.6917623246009 39.65271495558163 39.56130025124264 39.42980432564546 39.277908783617875 39.13044308471611 39.01279922149995 38.94591297104909 38.94217271115993 39.00248984214208 39.11404033070288 39.25066956300894 39.38014131735694 39.47808454395017 39.53849891465706 39.56712361710535 39.56636264448105 39.534934283969534 39.47773738897395 39.40819520781504 39.342699389395044 39.29470587260448 39.27159654539974 39.27399260066092 39.29675181343239 39.33119342214042 39.368273122147755 39.4021557416045 39.43227515136497 39.46088510975675 39.486983467062444 39.5041445261702 39.50605622384511 39.49267017136085 39.47070619201429
