_RESULTS/REVERSE_NEW/MHZ/GZ/2comp/MHZ_GZ_z_63_kriged_reverse_2comp_test.asc
ncols 100
nrows 74
xllcorner 5.5967023331506844
yllcorner 50.982320383150686
cellsize 0.00019249369863007826
nodata_value 1.7014100000000001E+038
[rows 38 to 56 of 74, columns 0 to 43 of 100]
43.429609703905456 43.3736749585224 43.36146740746252 43.38397292737054 43.42939323499159 43.48925478230944 43.5607962837924 43.64598775067085 43.748830565610334 43.87252312500431 44.01785069384681 44.183446711506924 44.36747963465606 44.56954626649194 44.791478339231986 45.036394119420756 45.306260027540254 45.598683930616126 45.90390774161492 46.20355456492274 46.472328705617755 46.68233557616906 46.80831393649968 46.83181619741896 46.74382606706005 46.54666132299074 46.25479713389218 45.89275484090495 45.48953717860476 45.07093342787575 44.65094518612815 44.224727598808265 43.76746892985716 43.23550229969765 42.55683500211791 41.61427580355272 40.27021187875249 38.54199785278883 36.90988244858046 36.26990135995163 37.194369439810245 39.25097479072775 41.348784558373765 42.80729225693801
43.277339096516 43.2221469568668 43.22177749038153 43.261876901290414 43.325481509822936 43.4020229520169 43.48985106330398 43.594237081212434 43.7233762286626 43.884078702321645 44.078735926282754 44.30455114200229 44.5548650655731 44.82161229652658 45.097678626278324 45.37804275606885 45.65912577543498 45.93658281048198 46.202624672761445 46.444426972292696 46.644750947969314 46.784740848669884 46.84760015948308 46.821480048396694 46.70124003666527 46.48996691886189 46.19986069808571 45.8505811949212 45.46438030645285 45.059141395737115 44.640528540886685 44.194474511784364 43.67882292980133 42.999725038426355 41.93923922729671 40.01559985483203 36.50039497567287 31.35638808813315 26.52667060591038 24.579760062508765 26.687210549997232 32.19168457540179 38.09398165706771 41.686214743366214
43.12108695589897 43.08559450113132 43.121560573522295 43.203583917288405 43.306336771397355 43.41630109829084 43.53249218204744 43.66278335430682 43.8189750039362 44.011440987760075 44.24475601019904 44.51570466894542 44.81407441596016 45.125647613275206 45.436005133458416 45.733406011544595 46.0095929137343 46.25856360646184 46.47438686612892 46.6495036793783 46.77452996161181 46.839628894424486 46.83651879253446 46.75995141745092 46.60858507792548 46.38604540523608 46.10175746394026 45.76978910140391 45.40490340502778 45.016625976695885 44.6025699995244 44.14124707948216 43.57717529336942 42.76793860801727 41.31550641223603 38.22083358694827 32.10475201381032 23.943957963493265 17.8784585477744 16.244614673290688 19.480185662357645 27.45261936994612 36.2904711651518 41.245837597146526
42.99114385903937 43.002185288301646 43.100050726274006 43.242413967741285 43.39623875077051 43.547079603780986 43.6949688405393 43.849676592632235 44.026043621082465 44.23814862417092 44.49359396474795 44.79003601850149 45.11522446890698 45.45038889852311 45.77530828480106 46.07270249031416 46.33032605511112 46.54065279359647 46.69923080233552 46.80308610322852 46.85002463017056 46.838805217636754 46.769489810139376 46.64336260826872 46.462740589399 46.23147674784382 45.95577038984908 45.643660804362376 45.3022370866955 44.93318834044562 44.52817309838781 44.063435101463696 43.48369009293919 42.641094196444996 41.100676501346165 37.76210948365971 31.30261159243164 23.350716959007364 18.28622122732745 18.142086434151647 23.282059959259083 32.10077034543436 39.13671733274378 42.21366193035892
42.944179400130444 43.027597128881986 43.19910819540486 43.40307540906716 43.606126118401924 43.79514836205984 43.96996812466746 44.14076965409932 44.32475518426695 44.539846929768665 44.79747150262755 45.09744500150209 45.427064190748936 45.764640433829236 46.08558639426253 46.368141829931545 46.59664762784161 46.762074930868394 46.860923621322755 46.89387542131712 46.8648738334507 46.780381943529584 46.64820918342218 46.47579624229214 46.26879122025248 46.030920910705255 45.76486960525231 45.47261026658694 45.15413289960113 44.805241162919906 44.41581617166291 43.96739323781978 43.423099682092214 42.691721632450715 41.526675176218745 39.37352527937753 35.67711822348906 31.42983889553419 29.466145356626843 31.548514510257814 36.3432528488418 40.43123465282238 42.483384392019154 43.346855043852635
43.038392171305276 43.19887909296368 43.43197253008906 43.684736534922244 43.92835940983539 44.147937679767715 44.34010851900487 44.51431371636157 44.68993269429933 44.8890082265423 45.12750956933589 45.408619993722795 45.72073788478799 46.04084928770699 46.34134126111394 46.59690174019614 46.788913425864095 46.90680306790442 46.94748403834855 46.91432289719034 46.81616008096237 46.665889612512984 46.477971184722335 46.265156043430075 46.035795210008615 45.79307520477736 45.53607079598411 45.2611770249491 44.96290469912016 44.63440391748061 44.26810967382851 43.855709529737496 43.386094668166834 42.83879075238143 42.1730145986524 41.34402470797019 40.44642856684648 39.94044247693918 40.35989903567552 41.49491964263265 42.60925513460486 43.38727506963946 43.890829009139395 44.17868702748209
43.27965594172613 43.49864282449774 43.77523244857317 44.06700139693295 44.34370577794109 44.58410614841793 44.78096960738304 44.94348527565009 45.09358059664639 45.257663066870975 45.456719667798055 45.698242826892496 45.97306902255902 46.25828988041562 46.52447819931791 46.74358023392985 46.89438982792027 46.96474852012622 46.95155586410416 46.860043357985866 46.702753111865434 46.497555920705565 46.26406467450592 46.019022273962825 45.77249681129914 45.52661094154315 45.27697361623319 45.01555556922074 44.733706364119904 44.4245822017283 44.084751688336404 43.71569050883869 43.32608389513943 42.9358993363966 42.58572523429888 42.349472050610245 42.32354048191479 42.56282751907269 43.015223633920144 43.56279827461511 44.10718637801897 44.57442696115608 44.897583744609314 45.0246564729068
43.618331878061056 43.88132736902908 44.196375838581716 44.52299502581836 44.82407630847891 45.072896025685026 45.260333867859984 45.39637841294115 45.50570259542163 45.61892597623288 45.7620430505428 45.94730421170085 46.16891713041383 46.40526118352496 46.62619703006556 46.801712421739325 46.908411613003885 46.93262017621265 46.87100632084987 46.73011097852991 46.525185195896945 46.27764046353982 46.01054392649988 45.7429843349716 45.485491724350794 45.238579518233834 44.99482881820882 44.743143712269735 44.47314613559558 44.17847771013552 43.85938041956384 43.52531446134712 43.19831498497485 42.9208329312037 42.76455970606505 42.8070119435094 43.071702879354156 43.51494831428726 44.06940251077411 44.663455298301265 45.21714393387051 45.648735513612266 45.88910473060256 45.89435588405114
44.00528592764235 44.31070682842148 44.66261067497805 45.01617676116568 45.329372154790356 45.5733270167055 45.73887902123773 45.83734477362079 45.89585903683849 45.94858246227979 46.025881159807085 46.144534577448134 46.30248084403951 46.48023439812289 46.647971564424466 46.77461846214882 46.83520323962761 46.81486643339482 46.71011257325843 46.528519986304694 46.28729192739115 46.01007897527269 45.721717305771456 45.44195051004442 45.18054111527397 44.93598272460015 44.69815696828039 44.45324517817327 44.188821479514225 43.898247206116785 43.5839000234276 43.259195015146155 42.95752560451888 42.75919974124173 42.78508170619336 43.08833016664011 43.60080514036107 44.233878392792434 44.924540926207854 45.6028993096215 46.18625684758466 46.595178383981654 46.76855358746351 46.67481702593339
44.407168996672794 44.751162549983874 45.1309624323914 45.49867708611261 45.81092905671041 46.03901866864413 46.174733518596625 46.230763183735895 46.23602632139619 46.22706592906398 46.23732080444443 46.28708828479427 46.37768174150095 46.492152317249165 46.60193205779999 46.67599808045478 46.688795664901086 46.625012156805084 46.48138811150744 46.26650997349853 45.99896181999756 45.703513081008715 45.40531991493704 45.12342426888341 44.865934586347876 44.6288674387092 44.398848733803355 44.15833553067557 43.891590946172315 43.58894025944536 43.246069575130164 42.86582775324387 42.504901953236015 42.35591027486114 42.6207263601546 43.228643516550996 43.972675291605256 44.76531527854222 45.56864934386249 46.314208029923265 46.9186185418525 47.30739261872704 47.4288655133562 47.2637665933065
44.788273870499815 45.15887199267786 45.55225426112824 45.92027865064358 46.22058973693512 46.426037967333734 46.529908011783846 46.546024117522826 46.50412476697802 46.44157679011459 46.39300565634602 46.38047102550061 46.40755849156703 46.45971875085764 46.510402211690575 46.52993733944686 46.49359414448399 46.3867863529724 46.20722697793413 45.964674250511365 45.67865160648611 45.37414908509283 45.07565539586853 44.800793181679424 44.55546726241714 44.33229571670733 44.113256365301126 43.87572764278361 43.598182875994354 43.25831536198063 42.81922575596974 42.24714122630625 41.68738497631226 41.60423681367083 42.2454479357013 43.217594285284356 44.164999267794684 45.075458404234816 45.955107416541004 46.73993614529416 47.34970239083723 47.717588463593465 47.8022488439433 47.59562033679235
45.11078803598349 45.491605782788305 45.88310867906407 46.23907518726602 46.51978290645374 46.70061347609852 46.77664048424617 46.76239770565146 46.68730657281684 46.58774769098891 46.49725345322788 46.437353795921595 46.4121947253353 46.40895247391859 46.403556308346054 46.368996380446994 46.28303231966096 46.13332806379066 45.919587498418664 45.65307121659588 45.353925406006155 45.04673000021804 44.75488074343727 44.494472601058845 44.26873253547888 44.06566493149644 43.86151930516033 43.6277737313637 43.333019878666526 42.92688513198429 42.30873596842748 41.40782218758245 40.58293949411954 40.66595922051632 41.79017050271832 43.11573688750168 44.20880664131735 45.18116189364325 46.08774708692987 46.873675368725536 47.466185704530176 47.80816829257199 47.86851894648008 47.648485785413115
45.34555524878696 45.719574704814434 46.094954984781445 46.42909087584445 46.68616141146429 46.844792916196646 46.90194160322561 46.872318867601585 46.78382830246504 46.66997429967152 46.56079398318828 46.47480235444964 46.41469682598634 46.36832329080953 46.31418344708942 46.22900633853528 46.094655936683225 45.90266062621451 45.655886314572534 45.36759125993591 45.05840561268147 44.752110144563176 44.47089580509144 44.22941996871147 44.02787643376267 43.849198732770134 43.664388523879765 43.43984586808446 43.133783226470726 42.66828252553653 41.899534663448776 40.785680437206615 39.894677137259976 40.19019731184773 41.59335163480352 43.0579891484185 44.18188677541782 45.140962959795594 46.012497389822755 46.75284066747567 47.29979824985556 47.6065595946229 47.65105642217421 47.441209582798685
45.47877465038366 45.83069264663608 46.17824299252612 46.483814500624874 46.716477616127825 46.85859248292315 46.90895739203398 46.88187127793145 46.8025169404432 46.69971000622369 46.59776307583881 46.50989851112531 46.43547022259483 46.3618483072358 46.269899942312506 46.14076086443474 45.96163379907612 45.72927584684779 45.45081722860338 45.142133141704136 44.82444544145459 44.52048861788808 44.25093333002224 44.028820794556076 43.85157518416787 43.6984137549029 43.537638614760624 43.33438344200464 43.04606185869551 42.59995369924949 41.889914131046815 40.953700860919994 40.321925626948065 40.694114074535456 41.90349792609133 43.155258290875395 44.155540191153364 45.016626500728556 45.78940491909748 46.43773439380243 46.910919635491624 47.171834726893216 47.20550128947868 47.02345418260725
45.51313249517578 45.83088741199553 46.14220287172347 46.41549183106791 46.62542322563429 46.75840026395801 46.81492748488579 46.80825682772681 46.75969619135051 46.69179494494004 46.62136371661368 46.554628357539 46.48620802651002 46.40208693844754 46.285160194019205 46.12119366332049 45.90336720985253 45.63447104184069 45.32663378499167 44.99889459108255 44.67337391879077 44.37164489258483 44.11218181262066 43.905872546990345 43.748435115021884 43.6183672125229 43.48511258486521 43.31783312824299 43.0854605782122 42.750292598437674 42.28317181017102 41.762870557794926 41.49338597026874 41.78859132389081 42.54344627041755 43.38854707793188 44.15383627964521 44.84853923881368 45.47378583045388 45.9953956030422 46.37362142187181 46.580250139321684 46.60564215655242 46.46224785152746
45.464985352265316 45.74067216611431 46.01097384194282 46.25094634883815 46.44125197832532 46.572454735538905 46.6465306367278 46.67504356598871 46.674436279742864 46.65984008444454 46.63947737402795 46.61170484861937 46.56576924873498 46.485815562569805 46.35646385556644 46.16796251327969 45.91946884405804 45.61989678588798 45.28648919964981 44.941601964730424 44.60848282209015 44.30761020351814 44.05474314720616 43.85813393343785 43.7130579900036 43.600461458613076 43.4943886641844 43.37115685153394 43.2138083787037 43.014710932026645 42.78708373605083 42.59276674471549 42.54914838072392 42.746968348360525 43.15130366023393 43.64997182206886 44.164750434580895 44.66206667133722 45.11501329056537 45.492077331357244 45.76406431245379 45.91144390439136 45.92899006667211 45.82831405032451
45.359162896629066 45.58933025115846 45.81737528475854 46.02514958696472 46.199331213295416 46.33451294173165 46.43380237615403 46.506522572471226 46.563608875087496 46.61225912610907 46.6518852393001 46.673036160041384 46.65974983387954 46.59437635735107 46.46306476493477 46.2601269565908 45.99014991013314 45.66758735408332 45.31424403117299 44.95536154945338 44.61514578133725 44.31308414085215 44.06230353583459 43.868502072972596 43.72740237203565 43.62438317160357 43.54007950404966 43.45817135397542 43.37058469496717 43.28029266508725 43.20369083621364 43.170763822243636 43.21570795465043 43.35675770944978 43.58345452487967 43.866357366196986 44.17406636421964 44.47934878013836 44.75777654766293 44.98735574398431 45.150497610237004 45.23672968455219 45.24508153964935 45.18550653877475
45.22294227176599 45.40825658281332 45.59583136709965 45.77397535917412 45.9349906288469 46.07708538181119 46.20408496720171 46.322728829995505 46.43832836914484 46.55042231686451 46.65030629553109 46.72164787319992 46.744104683509576 46.69866164196577 46.572887136560695 46.364547529740996 46.08270917718304 45.74626557147505 45.380497326965305 45.01259233461112 44.66708637177661 44.36237625483668 44.109424036370214 43.91204664763176 43.76698619871071 43.66471024850629 43.59307004312542 43.54231945436977 43.50839725756595 43.49342201514042 43.50385176592418 43.54689179216043 43.6262410150231 43.73928488455014 43.87735542129505 44.02832725895918 44.17942929036297 44.319046941269576 44.437611432350884 44.52809054882152 44.58644982205228 44.6122172780335 44.609064243404895 44.585126385380775
45.08067475769389 45.225026792983094 45.37608506688658 45.52782177634397 45.67738493970925 45.8259443694672 45.97762738041583 46.13655356784363 46.3028990217968 46.4696078567033 46.621351220797145 46.736490466659994 46.791559653875325 46.76682163635224 46.651186076218295 46.44514244381332 46.161038926268525 45.82078498488053 45.45171566081786 45.08172166756989 44.73475545925685 44.42777009656184 44.16997472221336 43.96415193570409 43.80854311565669 43.69865194759411 43.62940541536987 43.59712216291774 43.59994136122067 43.63635003728249 43.70283730408167 43.79222722091622 43.89369833435097 43.994418894248604 44.08197486909424 44.146696656310425 44.18329085296448 44.19151723879612 44.17590740633239 44.144686144175374 44.108154876479716 44.076872716624635 44.06003209655361 44.06440626253975
