_RESULTS/REVERSE_NEW/MHZ/GZ/2comp/MHZ_GZ_z_1000_kriged_reverse_2comp_test3.asc
ncols 100
nrows 74
xllcorner 5.5967023332191781
yllcorner 50.982320383219182
cellsize 0.00019249356164376555
nodata_value 1.7014100000000001E+038
[rows 18 to 35 of 74, columns 40 to 79 of 100]
0.004119876042552333 0.0027945714801036405 0.0020702188389499225 0.0016764995186461834 0.0014825709435145043 0.0014347569771131301 0.0015298936204290133 0.0018131985093892832 0.0023985225759274764 0.003512132988257493 0.005540203167671151 0.008971795622061273 0.013977986877468006 0.019519984477679726 0.022975589749689718 0.021967196416607066 0.01703459388995647 0.011109511322651028 0.006515531422438272 0.003732902824252302 0.002264313860446873 0.001547776255649955 0.0012349695696448541 0.0011589967114048834 0.0012626839022858668 0.0015604966135576383 0.0021379907785572206 0.0031925992846957682 0.005139306730855291 0.008828779437058813 0.015917870085057628 0.029244742834749256 0.05239250882606202 0.08669728176514631 0.1254543376243811 0.15203471245452824 0.1510555773483169 0.12379878999772642 0.08645732563479956 0.054204642296011435
0.0025073634100727096 0.00198451144371196 0.001718024962784641 0.0016269652485387139 0.0016815268387368688 0.001893324344951109 0.0023196679978945956 0.003082598171419402 0.004400508512320309 0.0066091134269527846 0.010084490453310137 0.014891945774744871 0.020106199574432982 0.02347965084652188 0.02274753934175764 0.017992917455623435 0.011821021236443295 0.006784717657731865 0.0036687296087074134 0.0020355473693629508 0.0012523875845478734 0.0009027061957973642 0.0007810186907748147 0.0008067351160661102 0.000968699472692856 0.0013051298525674393 0.0019098309802742415 0.00296739803041733 0.004835836170115149 0.008206885417522148 0.014356145280945438 0.0253529908208174 0.043671201561154824 0.0701220918387016 0.10003847703218707 0.12186978989228649 0.12409979947045037 0.10593379027160428 0.07789317805213553 0.051671821276278326
0.0014313456017262906 0.0013027392991525706 0.0012973088254477254 0.0014131335417961063 0.0016786953388413454 0.002163552889396021 0.0029996361822321508 0.00441045048551785 0.0067238234178857124 0.010288711776898808 0.015150906157782829 0.020452262345397383 0.02409918074330525 0.023800301806720082 0.01926365554466339 0.01283311301654294 0.0072899196176862335 0.0037652519637171784 0.0019220747238768436 0.0010581619861703613 0.0006764807423186973 0.000526125929737785 0.000503965985809042 0.0005830228477422063 0.0007816890416506269 0.0011570278637941052 0.0018119031281154199 0.0029183060154132057 0.004772070679640288 0.00789765460591903 0.013195909331769142 0.022027747756980933 0.03588859442531139 0.055101408704441864 0.07658322547593291 0.09299638577502005 0.0966028362254933 0.08580500733853101 0.06658726574678606 0.04698259786062268
0.0007890369654860452 0.0008032557780894452 0.0008969631481234833 0.0010990393323268392 0.001472840414085328 0.0021407029111413967 0.003321642310915935 0.005365754442357604 0.00871290381437296 0.013613956399887384 0.01949333471528604 0.02436456106831399 0.025503296657129998 0.021769722148028355 0.015088874289073805 0.008692771740014 0.004386302369416834 0.0020933237372894927 0.0010342728460088272 0.0005779501879512198 0.0003916053360780313 0.0003340701267935285 0.0003587508337249087 0.00046870073550591687 0.0007043489135453358 0.0011445303779660263 0.0019084706397981945 0.003158520281683556 0.005122211387979118 0.008154838132765622 0.012827004567171531 0.01994651246072192 0.030311449867821923 0.0439262908973394 0.05878263512362394 0.07041797743380922 0.07396804125863427 0.06789039043623857 0.055333536529605425 0.04141980327835168
0.00043012694872322766 0.00047104721497321625 0.0005700626774010322 0.0007641619438670706 0.0011311213371879853 0.0018270475144337374 0.0031455426602705603 0.005566552483413148 0.009655627640390345 0.01554497516458623 0.021979221481248763 0.025997572320631598 0.024851830791893226 0.0189371785903883 0.01164305999839128 0.006014399340955818 0.002792117138327112 0.0012715341045328164 0.0006252209811788143 0.0003626471608335028 0.0002647254668409277 0.00025022894352524287 0.00030249612469612666 0.0004456839524405112 0.0007460545623484661 0.0013175348009514653 0.0023092436514798643 0.0038697658595555364 0.006128614305447176 0.009244400733970684 0.01349299760922212 0.01928790724967646 0.027004192747071214 0.036508122513497006 0.0465049034984916 0.05433400960568583 0.057062886902371095 0.053539819751386365 0.0453919425754783 0.035764762709305904
0.00023602467985756983 0.00026545634463052937 0.00033454822381606897 0.0004752174849711354 0.0007588712067407263 0.0013410670901489845 0.0025402592198456695 0.004916327093725334 0.00915555975938872 0.015373805658543899 0.02189537785850186 0.025196442766802704 0.022777492036281384 0.01613680274023441 0.009198116751266956 0.004456152732288952 0.00198649692013673 0.0008966821845661111 0.0004526143249398586 0.00027873637963571877 0.00022218936185245625 0.0002337627469622011 0.00031694992878458566 0.0005211414105712207 0.0009567581367736212 0.0018022012706880289 0.003253876830319739 0.005411683896419154 0.008214722610295976 0.011546477198600528 0.015416449378648021 0.02001128301542871 0.02553436787357885 0.031877549585754346 0.03825410396697856 0.04311609273912438 0.044756436196886795 0.04243374411850741 0.0370141667745594 0.0303993847590857
0.00013239835365114804 0.0001457248814526449 0.0001834690460555493 0.0002670758375873685 0.0004486713103099248 0.0008525004279268716 0.0017584335894745848 0.0037085772518788444 0.007440202868953809 0.01317749929980266 0.01928364869472281 0.022224958756104213 0.01972878616826834 0.013588449299213864 0.007541836260274387 0.0036024099895964907 0.0016168676421187832 0.0007539209091304779 0.0004035749179180329 0.0002697153396500477 0.0002372437835376433 0.0002776421336970776 0.0004178682421581239 0.0007531448051261968 0.0014821271140399996 0.002903725437183865 0.005266779203554807 0.00849465827136677 0.012114689562215675 0.015610142535540182 0.018820601012993085 0.021958931947244086 0.025322224844090722 0.028967893726159225 0.03249373688141863 0.035035373552262716 0.03562568528766494 0.033819241784407025 0.030082159159792274 0.025540410306392033
7.7414497879327e-05 7.981851613271286e-05 9.663054712745084e-05 0.0001396452499179856 0.00024062506265601683 0.00048221695152762264 0.0010685302295736624 0.0024362882111034854 0.00525695611168523 0.009880625255482446 0.015085377818252897 0.017858208338344776 0.016119532016734297 0.011267209360344775 0.006388479312825155 0.0031608058510897365 0.001496517235476869 0.000750322042795163 0.00043912264074103387 0.0003245187231836384 0.0003169767815763776 0.00041031279210312444 0.0006747742202336857 0.001302562022631819 0.0026734477433514583 0.005295369322081645 0.009395818435912058 0.014364305444062834 0.0189021994000076 0.022034807001013776 0.023773465148248265 0.024782312675484624 0.02571928220464422 0.02686915416564843 0.02807747588996109 0.028852832603892983 0.028622456198749015 0.02708988561168986 0.024468280739498142 0.02138293181970342
4.859848134682545e-05 4.541293217206617e-05 5.129960496014901e-05 7.16355504918626e-05 0.00012363273945203165 0.00025605144065427135 0.0005990822135530116 0.001456120090508164 0.0033479009915467137 0.006661399521407155 0.010680564089141698 0.0132058166537729 0.01244943697244498 0.009146840749431675 0.005517748734542932 0.0029498607895828764 0.0015331314315241396 0.000854714682779923 0.000560255135361807 0.0004637224128568281 0.0005033375356963262 0.0007130996327499561 0.0012562317695275697 0.0025304594524305658 0.0052634129773561095 0.010249560162031839 0.017361769241882718 0.024686777886286544 0.029597699493302928 0.03100204076243118 0.029861066029982144 0.02782849812200319 0.02604957449438507 0.024922680987269706 0.02432844552773114 0.023885506912590282 0.02316669276135941 0.021903961964814696 0.02012221411831732 0.018113668639565882
3.417474082596899e-05 2.842908844448341e-05 2.9402504959024204e-05 3.886964376908347e-05 6.583523241774794e-05 0.0001381572847939886 0.0003343622109520388 0.0008482468633570123 0.0020391483747221753 0.004238220432735497 0.0070999624173284336 0.009211565599989098 0.009200908209534125 0.007268037827222166 0.004797144978976182 0.002855197908145095 0.001675119728909274 0.001062065859682594 0.0007910225806990114 0.0007366322646889255 0.0008834376146955753 0.0013493113332004093 0.0024900693013470473 0.005097189170119648 0.010456954020965975 0.01953407248106334 0.03098271600511202 0.040475683122312076 0.04401751737580817 0.041512904723782905 0.035927308534656574 0.030203496280063753 0.02576085719796873 0.022802400059490933 0.0209956535111867 0.0198737626082035 0.01900714172031804 0.01809587447814569 0.017027146021488603 0.01587316341201075
2.837458931584511e-05 2.0989274080049924e-05 1.9733882153530426e-05 2.4403100104680787e-05 4.001610248882447e-05 8.360673315086708e-05 0.00020417338376578902 0.0005248156269733538 0.0012806288182515527 0.002710999250175459 0.004660800418918107 0.006288282394903144 0.006654787729231218 0.005694927671317807 0.004165461010900179 0.0028012049231121204 0.0018805424198919413 0.0013689447531470673 0.001162316285334205 0.0012127327424835287 0.001588189535559031 0.0025674500375924393 0.004850835543682506 0.009844704455246643 0.019459785417213462 0.034205646784224504 0.0501545965691585 0.05996088414397326 0.05944890098824247 0.0510723084019189 0.04033944059814153 0.031136959855295968 0.02463997751217244 0.020533016527809707 0.018123189125741856 0.01678440060444135 0.016042379712065624 0.015566432174956896 0.015160433335362877 0.01475546056091327
2.940835594244064e-05 1.96485252232483e-05 1.6927563790854086e-05 1.9633198850931553e-05 3.098789325687073e-05 6.311093996213795e-05 0.00015027038089947804 0.0003760012731878446 0.0008946997274457628 0.0018601871944431473 0.0031853420069727248 0.004372268958964762 0.004835367466864755 0.004452300608598839 0.003601640593149625 0.0027373160450421398 0.002102712443767013 0.001753076500709078 0.0016858881164275308 0.0019488438380614677 0.0027430784226151095 0.004602758805518166 0.008714433158255687 0.017170028915803326 0.03211451144744576 0.05243471380555454 0.07070787907481733 0.07771412911735309 0.0711876948476764 0.056793330273239316 0.041891047039002 0.030430646964443028 0.02289808688978444 0.018381397903709473 0.015876103810865416 0.014647868552828576 0.014211532034240961 0.014242698698245784 0.014514675467154278 0.01486899968731505
4.003607479159991e-05 2.499215342994198e-05 2.0299041629164288e-05 2.2437112764476544e-05 3.37447119209891e-05 6.472095278883088e-05 0.00014356935791997281 0.0003331897703741728 0.0007369208595235408 0.0014388283208644557 0.0023599093271967917 0.003192240474239646 0.003600354170213847 0.0035036119385508675 0.0030933631068165886 0.002629071533341607 0.002288102950800069 0.002161420718862035 0.0023247298279888873 0.0029333936857716464 0.004363427846999372 0.007463744337655266 0.013910877450845776 0.02619340610307207 0.04582118443306494 0.06913415375553468 0.08601654605853926 0.08789410926777398 0.07569040517167032 0.057370664965870684 0.04059988767258081 0.02856703910035359 0.02102300999949277 0.016679454311403615 0.014412452723795377 0.013490888402434861 0.013479568758214489 0.014106508558040678 0.01516084120630176 0.01642628431740908
7.443719213334647e-05 4.54749552500628e-05 3.604808954767383e-05 3.82863250425405e-05 5.364956471934083e-05 9.310523091328303e-05 0.00018360233588030533 0.00037566847541163086 0.0007332712436501298 0.0012796277936604104 0.0019234539383619284 0.002470352299933378 0.002757234224818317 0.0027691530536989675 0.0026184698615252457 0.0024496905253060157 0.0023814061789478175 0.002513948246700729 0.0029820286738289946 0.004048598020017279 0.0062726322189389 0.010785805455320015 0.01954492165991008 0.03484075681096949 0.05674936725731651 0.07932312914859217 0.09194454629641664 0.08859527154951852 0.07302803299048587 0.05382909297503025 0.037579419913892395 0.026378822636877842 0.019531156516680796 0.015702917637581717 0.013853380240557798 0.013356024237451572 0.013879742920513466 0.015248111921030759 0.017309047795994563 0.019809216593043216
0.00019247908385581797 0.0001198222045094275 9.436398874821991e-05 9.553575379681574e-05 0.00012165721831891337 0.00018448489679072364 0.0003094362062581775 0.0005304811041705652 0.0008668140125096484 0.0012857985538033423 0.0016940011333197804 0.0019896719266883074 0.002132286659863272 0.002158433847217069 0.002145766415665042 0.002177015450260081 0.002334083906461002 0.0027220976602057283 0.003522683466104838 0.00509324822924209 0.008141527248916015 0.013957959639698111 0.024440378037386006 0.04111793295386355 0.06244299503560207 0.08141558447444333 0.08895524550462101 0.08205968080883498 0.06596721981922303 0.04839066010819747 0.03421927769718621 0.024625073508237713 0.018815852871754222 0.015660191491234612 0.0143281632066819 0.014359351253079565 0.015564627621429803 0.01790079872413934 0.021314393341011498 0.02552563066260253
0.0006899456350982454 0.00044829718272229753 0.0003508549351399329 0.0003328041868339136 0.00037453175231971054 0.0004777609583157909 0.0006501360935555158 0.0008865848130738766 0.0011518645926738688 0.0013852917116715644 0.0015358340240264553 0.0015960518022113041 0.0016011657114630652 0.0016036153071256624 0.0016543161562912914 0.0018035958092238113 0.002118429749427938 0.002714823688468598 0.003815315719570781 0.005851324527095698 0.009619786174891261 0.016412305833801134 0.027765428915925493 0.044184197806731676 0.06288255986817462 0.07711882379344398 0.08036359191994426 0.0720866726509646 0.057617840669644704 0.04299799877147624 0.031524111856633355 0.023792637150793758 0.01914308906230826 0.016749810370319005 0.016038751120619265 0.01673955304750796 0.018824549693474205 0.022404844875918713 0.027541569521645114 0.03390738503868084
0.0033648989523719273 0.0022985664466717575 0.0017633100854998996 0.001522511182248444 0.0014554795895508161 0.0014893960031775208 0.0015618675705026607 0.0016100334493801918 0.0015868199861660101 0.0014855143941567956 0.0013407590958053337 0.0012022516730676818 0.001109710051432941 0.0010883031358523759 0.0011594342691133297 0.0013570159565023513 0.0017483465710031196 0.002467551978054947 0.003775310834575024 0.0061572829814466636 0.010441149873328809 0.017792053073261795 0.029224173645867362 0.044276720564384295 0.05954215895247458 0.06937048593848844 0.069788024525135 0.06180715271625651 0.05000891597803966 0.038693716380251014 0.02996175261737322 0.02411877898018344 0.020711136037892583 0.019212641816154185 0.019289899545661373 0.02085078564713101 0.02401397964673579 0.029015338785768376 0.03597453626281597 0.0444288723061425
0.02148664920989661 0.015260302417844502 0.011134342022509099 0.00838108141863822 0.006470655280560426 0.005039822938929883 0.003873732897117463 0.002886708160865922 0.0020785392634362476 0.00146978553964604 0.001055955075077346 0.0008048304826300538 0.0006780331753221446 0.0006499182933280563 0.000717236007432055 0.0009069698194755084 0.0012921258180097163 0.002025337456652294 0.0034003433651783915 0.005940840004052643 0.010464660714114787 0.017943714216831212 0.028858290298567256 0.04203444794331444 0.054003884096480916 0.06049514395566989 0.05952527074063734 0.05280149104520903 0.043905699907704494 0.035736147581617354 0.02959848478410307 0.025666558869979084 0.023669266022935054 0.023306861646283445 0.024417112958806185 0.02701780223350063 0.031289096580081006 0.037472439781871376 0.04559413171387067 0.05493612317576689
