_RESULTS/REVERSE_NEW/Berg/TZ/5comp/Berg_TZ_z_0_kriged_reverse_5comp_test.asc
ncols 100
nrows 90
xllcorner 5.6208707817415728
yllcorner 50.959635321741573
cellsize 0.00013419651685393446
nodata_value 1.7014100000000001E+038
[rows 57 to 75 of 90, columns 41 to 81 of 100]
0.0513514204473515 0.0485520468307 0.04750020199729625 0.04850438182925357 0.052082283352276 0.05897177366514258 0.07011198622853063 0.08657603906773914 0.1094078357393576 0.1392158080837873 0.17527955751137508 0.21416101558030315 0.2486196271745178 0.268545980905598 0.2651545990032453 0.23666703969372282 0.19062541406536315 0.13986593856114224 0.0954352596276653 0.06241161815755409 0.04054737769949025 0.027138304425813425 0.019304997378907816 0.014914488220651018 0.012636183445721615 0.011711800164980425 0.011719484856879119 0.012399599126056511 0.013537185483974213 0.014895742776675871 0.016209564569133923 0.01723294545502447 0.01781292973822295 0.0179329169101627 0.017697258376675344 0.017272561599009018 0.01682507100705017 0.01648177504427978 0.016318720973791053 0.016366030365814927 0.016618500000277734
0.047597472808003166 0.04560737506253064 0.044986553131377775 0.04594864662684958 0.048851858043603695 0.054199907320345964 0.06260635023167457 0.07470601250862388 0.0909742366787755 0.11137656961517986 0.13477641611355493 0.15822635771702204 0.17671656456957732 0.18427238172930724 0.17667826619957733 0.15436477833110665 0.12287295265305369 0.08999427211251895 0.06187533634576703 0.04108649679130359 0.027244697863056947 0.0186630808767211 0.013600582626835379 0.01076460397588818 0.00934341755061627 0.008877806761576339 0.00912413414716065 0.00994655881134271 0.0112347235235657 0.012844379958059583 0.01457247026126547 0.016180505702657 0.017458187808372952 0.018289437930564985 0.01867900615199473 0.018728005660904355 0.01858105896810242 0.018376732040662043 0.018218686076158855 0.01816757059731406 0.018245545564954828
0.043257689099281536 0.04185753573895986 0.04149674348518904 0.04229721652919408 0.04445362662933051 0.04822347007009273 0.05388128443902712 0.06162690840095552 0.07143286716703373 0.08281706304525252 0.09456924635559137 0.10458361472877031 0.11010259250110369 0.10862505221809575 0.09924015128557023 0.08348001066833821 0.06481053072682667 0.04697171262645133 0.032425997071293906 0.02190630724912413 0.014938248952282678 0.010603794690599385 0.008044683611629555 0.006643457161496201 0.00602029110014494 0.005971046827553828 0.006403926132971106 0.007286028631031127 0.008594631172149786 0.010271139187867012 0.012188513438387194 0.01415180833922061 0.015941152833984142 0.0173786146683673 0.018380493592541833 0.018967053119816904 0.019232373069047123 0.019298651420306703 0.019278371178152218 0.019254104385513796 0.01927394095472207
0.038865304062286374 0.03784004614710342 0.037567316914180485 0.03809860595684114 0.03950457750566712 0.04185969600629947 0.04520094943257873 0.049458281999060064 0.05436098917692492 0.05933926437727512 0.06347224962651915 0.06557552161811518 0.0645171048266395 0.05972269548540283 0.05160254699292618 0.04153604198008324 0.03131694961727059 0.02241491229345821 0.015546336311564738 0.010722668387594921 0.007566363560369475 0.005613730201764955 0.0044795413877366675 0.003902282214444252 0.0037312863909883484 0.0038990630086045796 0.0043954034280072486 0.005243356203568185 0.006471244905360349 0.008077819895936802 0.00999811175456368 0.012088804861344705 0.014150410701088686 0.015982695415815696 0.017444976807377197 0.018488754581283885 0.0191508864059422 0.019520276148204733 0.019700090702978866 0.019780653110333526 0.019826871687089194
0.03481594016872469 0.03401733333090095 0.03373348640120605 0.033968573656993774 0.03471605186763846 0.03594441302567655 0.03756900736636177 0.0394135672930323 0.041173397523515905 0.04240347982619404 0.04256470615321178 0.041155775931147255 0.03791596654497853 0.03300822221058003 0.027045960286769873 0.020895694004113015 0.015352931650326357 0.010892562224687671 0.007620452499909582 0.005388687970194957 0.003952137442809612 0.0030784324848451934 0.0025945805748588922 0.0023926295091674476 0.0024196326496494234 0.0026659297493532145 0.0031552827172470588 0.003934048761968199 0.005053903936757637 0.006544591745335255 0.008381362311190868 0.010462952016407245 0.012619114577615059 0.014652574912479208 0.016396647142246652 0.017758259586601263 0.018727690280877483 0.019358576543754297 0.01973546233443282 0.019945121384538234 0.02005919359018542
0.03130327740089427 0.030646017585884436 0.03031930299351785 0.03029930975011468 0.030539447558762416 0.030960982853260415 0.03143905145971177 0.031789969796493726 0.03177099155362026 0.031107028919165367 0.02955466889999151 0.0269957876463498 0.023523222912651003 0.019460638274489878 0.015279935444086718 0.011445210682260783 0.008269674735324016 0.0058610017627495105 0.0041611937288063665 0.0030295381253192376 0.002314689621483764 0.0018937412416293277 0.0016835890564248239 0.0016384652669939434 0.0017441206864335765 0.0020132065406964616 0.0024818225358713584 0.0032040777451998238 0.0042397984700390245 0.005631877935182793 0.007376402088306289 0.009398785350837251 0.011553797095429998 0.013657430564606833 0.015538126712865972 0.017081481166670832 0.018248423565285856 0.019065067782337634 0.019596762807787008 0.01992120619045226 0.020109486637987027
0.028368014441343008 0.027806538121173674 0.027442163596802554 0.027237189422158505 0.027129230952946583 0.027027182936230007 0.026808116255763303 0.026320478044036963 0.025400653488071398 0.02390802827742548 0.02177527158721068 0.01905632556470689 0.015943235393218323 0.01272907930974327 0.00972353451749933 0.007161451603327953 0.0051515544914177746 0.0036832341510417746 0.0026719773815666766 0.0020099580784255352 0.0016001994709867716 0.0013711386681442002 0.0012785491340963186 0.0013026503728457664 0.0014451418585532884 0.0017276596818718685 0.0021906751591141134 0.002889834911494372 0.0038855008104716647 0.005222558643519307 0.00690338750552648 0.008865593129001419 0.010980215303426947 0.013078032048269655 0.014994380145639825 0.01661077725012885 0.01787512682434696 0.01879691349827269 0.0194266114925194 0.019831946643897355 0.020079573844337492
0.02596410411054137 0.025473472026962974 0.025089615394501722 0.02477024335046942 0.02445085854360043 0.02404471418136927 0.023446239674258868 0.02254171955791726 0.021230419663454198 0.019455462210519626 0.01723622212274763 0.014686293353656545 0.012000692486666258 0.009408870019052686 0.007111277471501507 0.005229954215194205 0.0037948940731934565 0.0027646903488779597 0.002062353409380529 0.0016067413380587367 0.001330806039273803 0.0011879938688344597 0.00115213897367965 0.0012155024415258168 0.0013874096322792177 0.0016938977073147005 0.0021770791612899638 0.0028914018625670365 0.0038932346023359187 0.0052218830337535166 0.006875561026844728 0.00879296220060232 0.010853479227745553 0.012901416205749668 0.014785293953974796 0.016394019195599716 0.017674956556943747 0.018630825183304243 0.019302758410272344 0.01974991664584832 0.020033039417421013
0.02400633682340496 0.023570849909013723 0.023185983218894562 0.02281048039936918 0.022384441371653557 0.021831502830796375 0.02106520694616792 0.02000187355531144 0.018580721623053655 0.016788032856160158 0.014676736814267326 0.012369554212024573 0.01003765000997787 0.007858745492226349 0.005971876581692768 0.004449321066880442 0.0032956289484311657 0.002467839907510814 0.0019023547158523095 0.0015364128078376772 0.0013199205974749727 0.0012194501015489227 0.001218204641917847 0.0013149890702736978 0.0015236351623980626 0.001872810294847181 0.002404763779619139 0.003170432835810253 0.0042182032994666835 0.0055758398547243685 0.007230106049858456 0.00911379796213722 0.011110090738362253 0.013076356523278055 0.014878335886068917 0.01641962118997658 0.017655330366225443 0.018588493519361562 0.019255463278784114 0.01970868266053323 0.020002677095871068
0.022397857838718664 0.022005142859309334 0.02163286921603157 0.021244017825587467 0.02078606617306891 0.020193917069209612 0.019396852603150883 0.018330870754656847 0.016956029843964757 0.015275101240404597 0.013346141416343736 0.011280489886275745 0.009222135133289363 0.007313773132784892 0.00566332699241465 0.004325099807608881 0.0033010782778990955 0.00255704658774265 0.002042997718026087 0.0017095185929695816 0.0015172375578302872 0.0014405651479615618 0.0014683531808718986 0.0016035891670992245 0.0018630461736131448 0.0022765492204133695 0.0028843964534671896 0.003730810007364447 0.004851867991297748 0.006259001521716651 0.007923351208368276 0.009769250547415516 0.011683169493547266 0.013537086935408693 0.015217162623609195 0.016645945348040377 0.017790849422748393 0.01865917699817842 0.019285248910255976 0.01971610959794026 0.020000127896153033
0.021044781873891867 0.020683019165329504 0.02033070733803267 0.019956784839044263 0.019516958189493776 0.01895641341293648 0.01821604645679834 0.01724308576200496 0.016005471914227565 0.014506758047192982 0.012795677007117172 0.010964074921702047 0.009130542251991924 0.007414012502504662 0.00590756540138096 0.0046628887270289635 0.003689778839333993 0.0029673285476032097 0.002459414313821389 0.002128144140709938 0.001942537172845265 0.0018827964537785835 0.00194181728107374 0.002125379594726377 0.002451589676308592 0.0029491180282118874 0.0036529846878818654 0.004596530322838401 0.005799376953053079 0.007253793186886706 0.008914790563904366 0.01070002672587907 0.012502286920362354 0.01421113709025276 0.015735437980390028 0.017018351429189945 0.018040950065565556 0.018816022722745823 0.019376824708728646 0.019765549531610745 0.02002446412554763
0.01986408564572297 0.019521005942665377 0.019190150059930737 0.018847214719050695 0.018456135826447968 0.017971094449533 0.017341445094574276 0.01652025040256496 0.015475954335459166 0.01420476116020006 0.012739290769902458 0.011148612671626944 0.009527207367432467 0.00797535679674948 0.006578091077188098 0.005390711377735277 0.004435231059531638 0.003706553078089218 0.003183584044412328 0.0028403365905285485 0.002654193862468666 0.0026108101899194294 0.0027063705341297127 0.0029480489011986222 0.003352964154447017 0.0039452468967759256 0.00475046086678329 0.00578700979023883 0.007055566245941002 0.008529597170868935 0.010151409350847058 0.011837186101065525 0.013490891974626332 0.015022574508065592 0.016364423026358106 0.017479398308901804 0.018361073465401796 0.01902691148673706 0.0195087723591365 0.01984396270092526 0.020068662091964815
0.0187883587788032 0.018451308109876177 0.018138695047501176 0.017833131069431032 0.01750638680352456 0.017120565885068464 0.016631613231188003 0.01599578234847927 0.01517889745629523 0.014166810628519978 0.012973859710045199 0.011645456035649935 0.010252261400304885 0.008876760100927238 0.007596707257303072 0.006471495670436598 0.005535781751146302 0.004801001911339801 0.00426221147356725 0.003906613976097707 0.003721010030607255 0.003696923644375839 0.0038332905110965362 0.0041369740616072044 0.004621222940594507 0.005301922346501044 0.006191548712890831 0.0072914009465301355 0.008583882807696872 0.0100277184867242 0.01155897628275868 0.013099008259256516 0.014567462877775985 0.015896109868200177 0.017038914273067106 0.017975731273872246 0.018709804704752496 0.01926130948805583 0.01965973065090396 0.019937216004235436 0.020123935511729318
0.017768881079702262 0.017425546107908668 0.017124837841163965 0.016855913709500927 0.016597717543681365 0.016319426803964983 0.015982688301000882 0.015546233851146616 0.01497299539915776 0.01423883912854118 0.013340763921061049 0.01230157078450906 0.011168470708097145 0.010005157997796136 0.008879685430226209 0.007852368260675488 0.006967683006475343 0.0062519704826720646 0.005716189650569556 0.005361435469357978 0.005184828671916972 0.005184156885835487 0.005360520583033385 0.005718780103416856 0.006265814969935245 0.007006750414052783 0.007939655013758104 0.00904985914563002 0.010305744918819904 0.011658069292473436 0.013044094489125338 0.014396058373934095 0.015651634559602633 0.01676312078924157 0.01770271573913221 0.018462966849605057 0.01905325894724297 0.01949421536937223 0.019811903679023014 0.02003312220655127 0.020182280481197412
0.01677716775542766 0.016416614473400207 0.01612008376908117 0.01588245976706689 0.015688947667353636 0.015515015997067455 0.015327631306584422 0.015088326860800147 0.014758428974424127 0.014306117142172604 0.01371400649052319 0.012985052394253696 0.01214445250377093 0.011236299275370166 0.010315723904170604 0.00943912892142292 0.008655727342336333 0.00800268256415497 0.007504368048047616 0.007174707736423182 0.007020866194797539 0.007046694026747027 0.007254875255922223 0.007647286987746949 0.00822353295375634 0.008978013679067991 0.009896334880881541 0.010952285708601002 0.012106807608552072 0.013310031488517627 0.014506501646059164 0.01564245732510412 0.016673139947880253 0.017568056475584366 0.01831297237892774 0.018908636855413875 0.01936722912808015 0.019707897841972338 0.01995257960023348 0.020122801106290708 0.020237676897480763
0.01580456677676983 0.015418231065699586 0.015118366310881254 0.01490441082826623 0.014766697162228573 0.014686135986004017 0.014634744494788595 0.014577489891415616 0.014475893354321003 0.01429346914437419 0.014002341755007695 0.013589539129562223 0.013060994149603983 0.01244166729099271 0.01177146997413524 0.011098250437547105 0.0104701349374782 0.009929452491460574 0.009509468370269995 0.009233874959621599 0.009118081735737717 0.009171060757125078 0.009396716562864676 0.009794201642734883 0.010357098555644378 0.011071851546212371 0.011916202320744102 0.012858572417749736 0.013859208147304047 0.014873400302319557 0.0158563350807331 0.016768446695771468 0.01757987801096725 0.0182729595031663 0.018842322617383278 0.01929301031357404 0.01963741699000285 0.019891970072886116 0.020074247837168963 0.020200892470094545 0.020286376893747946
0.014859615136761359 0.014441914909275202 0.014132606716215294 0.013934294965165211 0.01384116362498847 0.013838612125116615 0.013903331374209014 0.014004210729297913 0.014104581911635791 0.014166145091003786 0.014154408451706782 0.01404472308792139 0.013827361164753457 0.013510004937869951 0.013116704471645563 0.012683578256481358 0.01225265553518334 0.011865709877734991 0.011559559543609538 0.0113634387609723 0.011298185841649351 0.01137650462179236 0.011603506693682937 0.011977005815433943 0.012487431795666104 0.013117608252704617 0.013842885224241224 0.014632150429441415 0.015450025653286108 0.016260140932574593 0.017028929416575713 0.01772910944577843 0.018342060017928735 0.01885863506979998 0.019278435263413492 0.019607953482373947 0.019858196158531714 0.020042345081987666 0.020173844464634813 0.020265081468116068 0.020326652412833473
0.013963432922349635 0.013511801323183758 0.013188919828711461 0.012999115356866937 0.012939122833873842 0.012997815342195284 0.013156011151748914 0.013386673875712525 0.01365603518536844 0.013926163136647875 0.01415916254035531 0.014322556697525341 0.014394703126814663 0.014368726503905492 0.014253713116988516 0.014072771314593138 0.013858614758870009 0.013648038863309881 0.013476732988894858 0.013375389854665656 0.013367389232135844 0.013467794423052692 0.01368317644609182 0.014011848013793142 0.0144443162835469 0.01496400251537327 0.015548414794075061 0.016170938853687894 0.01680324052207647 0.017418027618783766 0.01799171737663161 0.01850650266820372 0.01895144118263633 0.019322450651359162 0.019621368566929896 0.019854422428712642 0.02003050895394297 0.020159615149962402 0.020251585912554503 0.020315309717058506 0.020358293456213622
0.01314407645721761 0.012658415924842457 0.012319764759054075 0.01213282179278185 0.012095664485497228 0.012199639716858505 0.012429011612109336 0.012760622323207972 0.013164098841407589 0.013603242875532452 0.014039044592837677 0.014434233850289205 0.014758579714153293 0.014993603314405551 0.015135321998248883 0.015194200850438233 0.015192406047810404 0.015159277705988471 0.015126300326399668 0.015122679465816606 0.01517214471083055 0.015291090679843928 0.01548784484816357 0.015762759697393894 0.016108895125103936 0.01651317267277797 0.016957953937916485 0.017422980426397137 0.017887525683698852 0.018332508208094917 0.01874226134065057 0.019105695682290542 0.019416715959462268 0.019673920811029477 0.019879758743612506 0.02003939122204781 0.02015951332774185 0.02024732308522586 0.02030974590799581 0.020352940990299596 0.020382059636545134
