_RESULTS/REVERSE_NEW/Berg/TZ/5comp/Berg_TZ_z_710_kriged_reverse_5comp_test2.asc
ncols 100
nrows 90
xllcorner 5.6208707817415728
yllcorner 50.959635321741573
cellsize 0.00013419651685393446
nodata_value 1.7014100000000001E+038
[rows 54 to 71 of 90, columns 0 to 41 of 100]
0.48133943360177134 0.5031897081265464 0.49653531901996795 0.46392016970538286 0.41278224762341553 0.35259921104170094 0.2919660280567461 0.2368268353188237 0.19015162141374017 0.15258299833954594 0.12338329263701087 0.1012348429354268 0.08474624061048062 0.07270121910528277 0.06414348755137982 0.05837935421291119 0.05495057202683992 0.053605121839204205 0.05427832509956091 0.05708845919981234 0.06234625854485454 0.07057289553377148 0.08251326013683444 0.0991186464892668 0.1214568661912686 0.15049838487429554 0.18674717056085555 0.22976206757571235 0.27774545305353504 0.32747986008742136 0.37483108352123395 0.41575540419214646 0.44741795976686743 0.468923540968152 0.4813693122591031 0.4872722819529945 0.48966474953464545 0.49118618625526966 0.49338184114351946 0.49627743789507617 0.49824911862989696 0.4962609434350379
0.3219835517052607 0.33305488828547514 0.3272274321728628 0.3063859581943564 0.2749950396881552 0.23847582326479164 0.20165413350834083 0.16787179351788795 0.13885191751608753 0.11504890865688269 0.09614499543233009 0.08147402473250585 0.07029869580578577 0.06195623514849008 0.055916727677706946 0.0517949174317503 0.049343189850977506 0.048441589269027543 0.04909284445798939 0.051425704918859 0.05570670685523434 0.062356928939977456 0.07196452038511304 0.08527439693117012 0.10312426498512625 0.12628762001950958 0.1551957585262074 0.1895639409498549 0.2280455329296522 0.26813101663205474 0.3064899372635176 0.3397563318193432 0.36547780384344347 0.38280669326885775 0.3926368993829549 0.39718163843248816 0.3992312429927988 0.4013902077464746 0.40548694946287883 0.4121987836029591 0.42085968037249893 0.42945953462113107
0.2147654526038824 0.22041281644331204 0.2164134614580753 0.2039588781612416 0.18554562084629042 0.16412845849758298 0.14233938183085318 0.1220439233674078 0.10426666760767253 0.08935571188946669 0.07722665031842724 0.06758004909697306 0.06005238920381704 0.054302831583013245 0.05005430017898317 0.04710803311101877 0.04534586732661863 0.04472931444909814 0.04530058557451571 0.04718804142319223 0.050616364276487365 0.05591909809024973 0.06354697378209614 0.07405874121544309 0.08807262154815713 0.10615048014776125 0.12859447231261578 0.15517248526704094 0.18485846888214488 0.21574434332162357 0.2452776726814846 0.27084631892971167 0.2905188762444007 0.3036169349609846 0.31086440846275065 0.3140841947586242 0.31562465697506875 0.31776371057397207 0.3222534080909101 0.33003189098583496 0.34104971811016116 0.3541783222361735
0.1455369705361678 0.14858883440215528 0.1462409331931045 0.13918071660277923 0.12874387638829096 0.11649605758650727 0.10385133987330744 0.09184911000612776 0.08110470771109236 0.07187752702449024 0.06418503208439652 0.05791199241547319 0.052892512172210186 0.04896222438259326 0.04598700315548051 0.04387645789881093 0.04258930174740601 0.042135715842473456 0.04257996156541363 0.044044937812110635 0.0467189478544531 0.050863073841285654 0.056814513232681135 0.06497652909340278 0.07577995450537856 0.08959774877875196 0.10660025645714655 0.12656419646426223 0.1486953550336166 0.17157247037295237 0.19331967346238288 0.21202672910155862 0.22628823839283066 0.23563074573340667 0.24063502768263195 0.24272163259875645 0.2437310562663999 0.24548616393189976 0.2494621044735642 0.25658151773180193 0.26708338332621445 0.2804194855066461
0.1017338197411976 0.1035765046465245 0.1024190671299811 0.09863822470754714 0.09293163515737128 0.08611728133745786 0.0789493644591644 0.07200488643999342 0.06565017755109447 0.06006521397925301 0.055294959216148964 0.05130389434165805 0.04802118036721765 0.04537269506731107 0.04330100216562405 0.04177628316266 0.04080167861716265 0.04041598307252633 0.04069564581311358 0.04175706507789984 0.04375938715458079 0.04690691283906208 0.051448053542066115 0.05766441248911872 0.06583989799976131 0.07619831535072774 0.08880326989941996 0.10343188109020142 0.11946408832969932 0.13585820062996756 0.15128087690969128 0.16440136441428335 0.17426293747902466 0.18057602941906858 0.18380122063208576 0.18499857977905163 0.18553361074972158 0.18677122739586474 0.18984641539064262 0.19552356709354202 0.20410394333872467 0.21533916263253625
0.07414899490206096 0.0754387167432075 0.07506864602192159 0.07324004720490346 0.07031336947414318 0.06671292980967518 0.0628379926610336 0.059004456420481695 0.05542296630268379 0.05220568739633638 0.04938918614478993 0.046962522055043136 0.044893530264202265 0.04314967510607309 0.041712244671919814 0.040584471997769135 0.039795399560324025 0.03940143798183518 0.039486742849514186 0.04016277838160448 0.04156727647550666 0.04386243629340258 0.047230665450319384 0.05186357609636017 0.057937567239288716 0.06556913849934604 0.07474781986354158 0.085256863201471 0.096610627694913 0.1080534051195392 0.11865947569770563 0.1275354034999038 0.13406523846849913 0.13809840328755885 0.13999706159793163 0.1405298047313988 0.1406717555232849 0.14139771309281307 0.14352691016200678 0.14762720374911714 0.15395055750299633 0.1623683114553373
0.05669814230215128 0.05774860925398952 0.05789463566426758 0.05724303786230495 0.05597899039091722 0.05432031430960613 0.05247392747292518 0.050605379754852874 0.04882511344823426 0.04718938356170272 0.04571125359488485 0.04437693207293501 0.043163359317676515 0.04205359264174276 0.04104753952745267 0.0401674469944549 0.03945949698054187 0.038993322559131315 0.038860181949467505 0.03916969973129821 0.040045454770140605 0.041619982258674824 0.04402857786627299 0.047399079930775696 0.051833168991156954 0.05737525714241993 0.06396913146210925 0.0714109844815438 0.079318685173988 0.0871446982931638 0.09425381839188095 0.10006102354877615 0.10418859054845639 0.10657974233145681 0.10751969228376945 0.10755921289394257 0.10738035925176405 0.10765919018863751 0.10896216717417746 0.1116809453012421 0.11598735795832046 0.12178762459884585
0.04557854052670662 0.04655068739235432 0.047056358999801345 0.04715295884371409 0.04693465584252012 0.04650961854603636 0.045977875544622286 0.045414875630931224 0.04486313372487592 0.04433213148674153 0.04380537884312549 0.04325276665696502 0.04264541346683753 0.041969282041055114 0.04123408855186456 0.04047626082618168 0.03975751568067439 0.03916138859427332 0.038788553149939974 0.0387506813127103 0.03916328466395067 0.0401386551474352 0.041778968770622295 0.04416757030565831 0.0473552875583929 0.05133955964379213 0.05603766302351245 0.06126116419603039 0.06670514018533047 0.07196840271451024 0.07661449189563574 0.08026585786804451 0.08270266966840017 0.0839276261553486 0.08416954038070724 0.0838263559838086 0.08337416814812298 0.0832763746659863 0.08391503396363648 0.08554683428633399 0.08827220914798607 0.09200455500573705
0.038475416125832454 0.039465655591017695 0.0402570322268568 0.04088198664172709 0.041387104966541265 0.04182056135248778 0.042219729879254625 0.042601588027099645 0.042957782828722514 0.0432555560067562 0.043445034887475385 0.043472203176396086 0.04329488521773426 0.04289710116871325 0.04229711993703496 0.04154755685112683 0.040729796659883015 0.03994617178877237 0.03931142786591998 0.038943530234437654 0.03895448345422552 0.03944246066899501 0.040485403145265025 0.04213437192254171 0.044404204009499695 0.04726026542488549 0.05060312162025305 0.054256990797544785 0.0579712271847002 0.06144399962991917 0.06437116400953555 0.0665115620827142 0.067748295248818 0.06812239911560208 0.06782517393133913 0.06715327392780752 0.06644519533251396 0.0660205089131699 0.06613466764703922 0.06695005526913164 0.06851585105346578 0.07074876395819073
0.033990779283481896 0.03507194622308795 0.036132768956611626 0.03719444733839047 0.0382787509994035 0.039399297841637856 0.04055290455250781 0.041712858423710614 0.04282612217589657 0.04381647734504513 0.044594965567991314 0.045077104267114344 0.04520323740730696 0.04495555936705052 0.0443655738685907 0.043510166276000926 0.04249988258733558 0.04146467225077959 0.04054008207815607 0.039854780295700436 0.03952024373437807 0.03962347295872116 0.040222280557054915 0.04134118830072543 0.04296585061323843 0.04503552053601326 0.047435771895071595 0.04999645730318052 0.0525012447111003 0.054713301317901246 0.056415933243747766 0.05745892033258422 0.05779540554471775 0.057495235179830566 0.056729410960898716 0.055732041667199285 0.05475380031406032 0.05402051609011753 0.0537039221609717 0.053903821223191005 0.05463638094625515 0.05582352269650867
0.031277462314552265 0.03251878463357335 0.033876053006630054 0.03536805267268358 0.03700461709158962 0.03877805717594802 0.04065457705018698 0.04256777387658063 0.04441711463941113 0.04607454990462374 0.04740127460383823 0.04827337756693053 0.04861030139768626 0.04839640241825676 0.0476871949895772 0.046598763922512956 0.04528639226743899 0.04392074016510117 0.04266700407687776 0.04166912002815795 0.041039557461323074 0.04085422865555927 0.04115065962571692 0.04192683078043063 0.04313890133800118 0.044698129965829565 0.04646977525942694 0.04827848001214352 0.04992439734300544 0.051211229456706614 0.051981864875530415 0.052151864389727645 0.05172922578686988 0.050812785240972325 0.049569766480318356 0.048200770732823986 0.04690358180005035 0.04584458488315998 0.04514091392935016 0.044851277370162444 0.04497107365204674 0.04542824749275288
0.02981684006124532 0.03129467939395577 0.033012214478106615 0.03499336013537723 0.0372450368738193 0.0397458811378077 0.042434575815616216 0.04520104540527346 0.04788536976815472 0.050289668042063224 0.052205795136272444 0.05345569635291385 0.05393349766957707 0.05363388667183381 0.052655174357276825 0.05117688636071758 0.04942272154749117 0.04762256916667482 0.04598269218901137 0.044667174096985694 0.04378972557971265 0.04341271132755144 0.043549334475807146 0.0441656007822265 0.04518085023507211 0.0464684278826016 0.047860326083897994 0.049160210637051414 0.05016722541783951 0.05070838030801409 0.05067190764361677 0.05003088827353766 0.0488483473416009 0.047261674305049246 0.04545210600942433 0.043609702091639176 0.041903630887183414 0.04046301742680633 0.03936828226727613 0.038649443159633104 0.03828710822766902 0.038213302847556384
0.02928607542848993 0.03109020531448258 0.03326708154660699 0.0358546947316697 0.038866225278159354 0.04227287524670327 0.04598520126307938 0.049838443071559324 0.053590471763066826 0.05694162207089533 0.05958079394223978 0.0612509352375707 0.061813836667928626 0.061288557100456026 0.05984701575547228 0.05777029951840285 0.055385925151461415 0.0530090715974315 0.05090196610529749 0.049254366149046463 0.048180431722008706 0.047724241595880804 0.047866867732274956 0.04853103962234633 0.049583572902655346 0.050839462958628186 0.05207347633777059 0.053043931316176664 0.053528606992136685 0.0533657430683848 0.052487564537861256 0.05093381208088963 0.0488396122249711 0.046402247803605905 0.04383904100500033 0.041349658529198065 0.039091306580301195 0.03716838245726298 0.03563298803337891 0.03449083506395672 0.03370790525289323 0.033215387127129625
0.02947779121599558 0.03171462373612213 0.034485471330282465 0.03785526615547171 0.041856296032874725 0.04646089895449017 0.05154987308506954 0.05688588883773114 0.06210743387111415 0.0667603273150842 0.07037450371501051 0.07257240269391704 0.07317189011225159 0.07223956633156946 0.07007050202704997 0.06710658085036666 0.06383178715650492 0.06068334271762761 0.057999186362252514 0.056001489941386234 0.05480348282665082 0.05442439058183615 0.054801560304974004 0.05579594522206103 0.057194217149094076 0.05871595247258576 0.06003569962550258 0.060825416802670236 0.06081277009689702 0.05983920916449635 0.05789609191742726 0.05512311676348738 0.0517690141796787 0.04813040771679367 0.04449132345917063 0.04108067246263275 0.03805364978130521 0.03549294671472311 0.03342107343987849 0.031815573371655345 0.03062193016389521 0.029762231290282437
0.03024923731888492 0.03304160367959671 0.03657553614932195 0.040962324296602896 0.04627369051733167 0.052498348700451315 0.05948813548785891 0.06690888623041791 0.07422379864165635 0.0807411951899401 0.0857417060054182 0.08865955673029298 0.08924974761408103 0.08766367807922429 0.08439764136181585 0.08014483425549294 0.07562300332052471 0.07144287277295662 0.06804446808711229 0.06569138047175067 0.06449517852108967 0.06444323465562966 0.06541435610044527 0.06717999759540899 0.06940060852814364 0.07163460916945404 0.07337814645261558 0.07414315914863302 0.07356009006712502 0.07147014001982037 0.06796656027739702 0.06336379550030755 0.058107284421770385 0.05266271683905752 0.04742563158957124 0.04267369035696122 0.038560808844756864 0.03513813654197926 0.03238469057795435 0.030235600504753924 0.0286025656040474 0.027385990133175227
0.0314876651540575 0.03496966180151311 0.03946385704944369 0.04515628027312504 0.05218991038272464 0.060597040800804615 0.07020891228430355 0.08056615201484643 0.09087840270388962 0.10009262445438115 0.10710077224411416 0.11104266081061666 0.11158034355312886 0.10900745706117414 0.10414006620924154 0.09805636949027044 0.09181794159251747 0.08627935499356444 0.08201788701194918 0.07935201598189912 0.07839483759389951 0.07909841759632061 0.08126777849610646 0.08454614102952848 0.0883927596775093 0.09208892878354213 0.0948085608402913 0.09576658266314227 0.09441232002138791 0.0905910851735338 0.08459311847207085 0.07705975530156041 0.06879091464359882 0.06054198360346711 0.052885392798023956 0.046163105322358 0.04051093177760306 0.035917242434079316 0.032284365777669 0.029475995767116157 0.0273467663347669 0.025757002758786725
0.033084970779358146 0.03738991048985213 0.04305318588253536 0.050373949509181316 0.05961266630838196 0.07088954783955395 0.08403782705827256 0.09844598063343006 0.11297007809163039 0.12602416355980361 0.13591080185148005 0.14131925628466233 0.14177334596997987 0.1377914396307782 0.1306780951846778 0.12208224945694929 0.11355743756374423 0.1062939529339488 0.10105284759581963 0.09823004773725123 0.09795475386735769 0.10015321472592789 0.10454912676208679 0.11060856411050121 0.11747127875648612 0.12393965180835188 0.12860208367692427 0.13012029427514463 0.12760853452790105 0.12093645018468636 0.11078687059066128 0.09842419762412205 0.08529280005706368 0.07264059721587775 0.06130728596500433 0.0516982926697031 0.04387911567829327 0.03770691461016995 0.03294379412456519 0.029331678711549437 0.026631491209372853 0.024637675977651895
0.034919083658052866 0.04015913815673296 0.04718135258119778 0.056443975984928195 0.0683844806355735 0.08327414990479921 0.10099063391226873 0.12075385196286591 0.14095447890142188 0.1592616277992603 0.1731291159057561 0.18058899980487753 0.18096491052277877 0.1751058562513999 0.16502085504979716 0.15316265728888967 0.1417581262859309 0.13244458365410447 0.1262276116111198 0.12362096250694023 0.12481025677129008 0.1297367472741071 0.1380608985779548 0.14902057642775876 0.16125849090261166 0.17275861875059306 0.1810557636660225 0.1837909551727762 0.1794641507368222 0.1680206439005683 0.15091448414130673 0.1305831320189281 0.10962594443311828 0.0901088300294643 0.0732504538042669 0.059475348203027883 0.048660337867760486 0.040401942561452464 0.034213565150245914 0.02963634566069196 0.026284502567866307 0.02385253875425049
