_RESULTS/REVERSE_NEW/Berg/TZ/5comp/Berg_TZ_z_0_kriged_reverse_5comp.asc
ncols 100
nrows 90
xllcorner 5.6208707817415728
yllcorner 50.959635321741573
cellsize 0.00013419651685393446
nodata_value 1.7014100000000001E+038
[rows 38 to 56 of 90, columns 42 to 83 of 100]
0.22539872295183244 0.2534245820112517 0.2928341467888954 0.34692922378975655 0.41900482329792393 0.5109908140242084 0.6214446046028506 0.7431967522000115 0.8622530603532993 0.9603241069567772 1.0218581189767062 1.0425296577963825 1.0334916004481536 1.0186629379491379 1.0289068046607746 1.100251434309862 1.281266867640449 1.6518954614914028 2.3540976733532686 3.623337218412078 5.7655590213360055 8.94888594470784 12.745592002618652 15.840688803500969 16.61058335474235 14.343734843113557 10.006858348131823 5.6447400170814825 2.680742793705777 1.1578699085624322 0.4988018514672266 0.23386041639162058 0.1279608432448359 0.08548100806063466 0.07090591852680957 0.07225961336935198 0.08745885985024067 0.11958567635372999 0.1743136682400605 0.2553663937542632 0.35501435108749774 0.44255847469477544
0.2013327446482078 0.23630567051873527 0.28936530537722976 0.36739023402580645 0.47799332539276645 0.6263209445917628 0.8086539037954066 1.0040894591906004 1.1709709134388604 1.2580767594315745 1.2317520242316966 1.1003016476079497 0.9111761226084536 0.7217898273916135 0.5716854689807652 0.47649748447904544 0.43905826359958494 0.46431338820115975 0.5730526855743666 0.8174604341224081 1.298759935515339 2.1628650830607246 3.4991240898605724 5.088992139092912 6.2457232235249736 6.2093966058184265 4.906296533695325 3.099042835572586 1.6267815560812253 0.7620042885248568 0.3483005119020443 0.16996327961186275 0.09552372266122856 0.06513514067658255 0.05513825139019638 0.05757409153209686 0.0718256908145011 0.10181822819903912 0.15451813597798025 0.23621281926009155 0.343171458274024 0.4474517400661156
0.17726134366975013 0.21674371984534688 0.2800137868762367 0.3783232367323892 0.5251156330197032 0.7300162925632339 0.9849835711148163 1.2458976607446781 1.4283149151541397 1.4430214647119781 1.2627500089644699 0.9556427985874361 0.6372092408439309 0.3898304161086827 0.23229581820336273 0.14482614567764757 0.10154158719341805 0.08503257407649188 0.08821544988325342 0.11390658392273921 0.1776498621321844 0.31462172804761196 0.5809596700196049 1.0165950875229601 1.5436038858060543 1.9051501381422702 1.846608875047658 1.4047992001491947 0.8679363869276387 0.46512693642546366 0.23578044027856346 0.12392144442701643 0.07325558249993273 0.051678491179852404 0.04483705634163792 0.0478168145041227 0.06095724342436717 0.08852528724597335 0.1380346889971134 0.217355695350528 0.32621494071736057 0.4415937789018042
0.15312244476153264 0.1937934764692145 0.2617982328510005 0.37221318302016937 0.543907060962413 0.7902433866332714 1.0959656029135223 1.3874953768895133 1.5351920819510576 1.4309507855477375 1.0969200611870142 0.6883977254798999 0.3613611847506477 0.1668529683724404 0.07310698531966588 0.03333532922606804 0.017406284299809636 0.011318231611693121 0.009707786087890078 0.011208856866682116 0.0170464119465976 0.032096783363690734 0.06815025021349841 0.14611132906912525 0.2837734358175485 0.4569022637613932 0.5766451095108286 0.5610722338222521 0.43089932660610947 0.2769809911294576 0.16193521503275304 0.09446349245610455 0.05992732709941338 0.04418144153945869 0.03932167677073603 0.04253792183184904 0.0547240924466432 0.08012886284238294 0.12617994603402213 0.20125054930699177 0.3072939870140181 0.4265708630971632
0.12907993029408693 0.1674797859578443 0.23377657913308242 0.3449700759025351 0.5228309043032511 0.7818173757574085 1.0981497847169412 1.3729670493547823 1.4495317844650222 1.2350900079396994 0.8235551411425223 0.4265790917529513 0.17590232355243277 0.06129462433111841 0.019764369634285506 0.006594999844449846 0.002562884580094624 0.0012910211632332482 0.0009121364542617188 0.0009378663625058115 0.0013864606753165203 0.0027743674075999232 0.006800511150593355 0.01803974333922776 0.04558838153555686 0.09825017108914709 0.16698642784657827 0.21584846892734733 0.2139820141388764 0.1707581976661414 0.11853893699389927 0.07846658151705631 0.05417216159213492 0.04195918927825817 0.03819078048053423 0.04148290377625395 0.05302161172931621 0.07681073662298617 0.1197234741164679 0.18968424004818413 0.289464387930527 0.40563018782581
0.10574330649171755 0.1390580958795822 0.1978678128829083 0.29861111497828774 0.46247532949075487 0.7021669240238506 0.9880327132675787 1.2114017503070982 1.217718217004967 0.9516062390279691 0.557128946212909 0.24196416437841467 0.08008623338695087 0.02160419306731707 0.005266135169433853 0.0013191235508249652 0.0003898879967624437 0.0001546065495271399 9.08166844366624e-05 8.336986960872502e-05 0.00011945228324460946 0.0002524024870249401 0.0007089797935135644 0.0023133729662867656 0.007589527278594703 0.021953675080595217 0.05067168242598232 0.08819158185888433 0.11472877157532096 0.11560583719338574 0.09675288635248548 0.07351572792140258 0.05557255371264031 0.045210638331642364 0.04179875939249335 0.045011934760139774 0.05617986594325429 0.07891251600334613 0.11919482666162375 0.18378309649470334 0.27507967195266425 0.38255401295377606
0.08404016313589331 0.11067692834583229 0.15835531728622695 0.24096132951557858 0.3763645013849214 0.5741973853005037 0.8047816806420851 0.9682054986214093 0.9343599961129329 0.6812781102226966 0.3597966119529363 0.13593630782387323 0.03777899378505675 0.008297556194392146 0.001610699940876997 0.0003183186527633429 7.47288630892221e-05 2.4123439884689108e-05 1.203613649684499e-05 9.947400564788756e-06 1.3757418258302808e-05 3.0256542003934694e-05 9.530747674583469e-05 0.00037299638349524105 0.0015490053916875294 0.005880741283306374 0.018110720642993558 0.041934510722702795 0.07111018781409321 0.09023573141233947 0.09099670386805328 0.07932901798574601 0.06551029410683118 0.055667575457580644 0.05177662114336046 0.0545249138283786 0.06532476176295969 0.08726244488775532 0.12517871947038745 0.184191776820539 0.26557616907850495 0.36055540597864205
0.064902808171599 0.08462467318763676 0.12022407942333267 0.1821781506834119 0.28399333005880484 0.43262233631110264 0.6039297154630754 0.7188671483779705 0.6784350703961856 0.4757172064633756 0.23656001239552904 0.08214874192320844 0.02045733400439196 0.00392911168018936 0.0006536276265979576 0.00010931327461566136 2.1676457187406345e-05 5.977707459858777e-06 2.613970325238048e-06 1.9696193933094073e-06 2.613675081907487e-06 5.849348184059192e-06 1.993830453901528e-05 8.953844716748046e-05 0.00044865576957300786 0.002132485459582124 0.008393621766525314 0.024925751094552244 0.053509020957159675 0.08364300958920645 0.10000788179988945 0.0988347187866315 0.08827969294342798 0.07759342237208589 0.07181288557701555 0.07300619465259592 0.08271960996761513 0.10337925157547616 0.1384678999850835 0.1912308506550491 0.2615267076707919 0.34169972284250427
0.04896236832303745 0.06258130456212158 0.08734808431285333 0.13052136174720538 0.20162412377661637 0.3060064304065759 0.42765085160876387 0.5111453099824258 0.4844561697479156 0.34001577906617664 0.16806048062219742 0.057387555906790205 0.013850656127247212 0.002534134334837553 0.00039436331848391215 6.0688349333203734e-05 1.0942472860353681e-05 2.7317462358897735e-06 1.0873277107076997e-06 7.583256290310423e-07 9.577499389980916e-07 2.1177304010550674e-06 7.450962637378456e-06 3.616231625107485e-05 0.0002045077854458727 0.0011369861583026743 0.005362731877749902 0.019283186622155626 0.04992872812426305 0.09250147789326084 0.12734611225750048 0.1396367132346104 0.13280246726879782 0.11928604266310784 0.10871548484190617 0.10561865601209922 0.11197581391176174 0.12944161866289167 0.15996820191096653 0.20489804157232194 0.26276832295335206 0.32684763986674614
0.03639904515864445 0.04524975561873678 0.06155231521100406 0.0900739432066338 0.13734103531862482 0.2079264765416604 0.29347550219781016 0.3588986140189514 0.3523265097745328 0.25878828163721035 0.13483869735576606 0.04866476597824525 0.012372164108740202 0.0023607612635459397 0.000377047687844744 5.8340833584253856e-05 1.0342639121093246e-05 2.4860703236558223e-06 9.376908742439206e-07 6.148616325342381e-07 7.318987412381066e-07 1.5457598625037057e-06 5.3167259272731605e-06 2.600956027208847e-05 0.0001534173644946904 0.0009194617027497515 0.004802954949204192 0.019465643778007836 0.05715877660663049 0.11939062503993202 0.18215457561231793 0.2156013149170294 0.2142960560877193 0.19433573855826536 0.17303778815257317 0.15973955199113937 0.1576886750193574 0.16776499660279104 0.19024947696404676 0.22466219892417613 0.2684834501183781 0.3158731688631876
0.02698170093066018 0.03244503110272781 0.042781734224511515 0.06105816387197319 0.09176880597992157 0.13905267792996007 0.2002582667450728 0.2554693272577902 0.26778915126333425 0.214871743496446 0.12480058974581983 0.05096599962852456 0.014763495449620726 0.003199892041421981 0.0005725134228052403 9.687683043481016e-05 1.8189587019634323e-05 4.464929593070741e-06 1.6582925090371626e-06 1.0374068841979516e-06 1.151759174669252e-06 2.244464430289059e-06 7.138589204866898e-06 3.27558555543863e-05 0.00018558934015783048 0.0010999937813006614 0.005850840301043748 0.024742141880504713 0.07705754810984124 0.17180470912878673 0.2786228757821872 0.3457048737900503 0.35254777834248896 0.31961698369228164 0.2769840433996079 0.242945009887512 0.22367978087628887 0.21945984250326794 0.2287048337172236 0.24910661103675663 0.2772297034778725 0.3079536378290783
0.02022575910364947 0.023448509668803616 0.029881104489125978 0.041511035336548666 0.06151009513335077 0.09363594935016936 0.13885173892066527 0.18780593510983917 0.21554666695536395 0.1956867851929596 0.13261201356602775 0.0647965054108106 0.022812964420332447 0.006027767830818919 0.0012995426762971438 0.0002580493975877605 5.4645765501076396e-05 1.440195611748913e-05 5.443108200387518e-06 3.2892255577269555e-06 3.3734176966256274e-06 5.879078847530222e-06 1.6437266687979116e-05 6.622050244285028e-05 0.0003338501056790673 0.0018045897031383998 0.009025781939988941 0.03700635109395518 0.11467171335853257 0.2590078575185784 0.42919344193740205 0.5434761678923665 0.5600280777448372 0.5046486382653933 0.4261887273177739 0.3572455168581471 0.30928997785421325 0.28230742572121603 0.27254633152535856 0.27562101107271336 0.28700611430155676 0.3018530208187088
0.015568397898075214 0.017377994186891725 0.02137497526023009 0.02888448370926004 0.04221778256140104 0.06472566269595835 0.09937894647247365 0.1439400072684784 0.18372662879567872 0.19297102529511947 0.15714088402542173 0.09530432626692653 0.04258843990516946 0.014398149790422168 0.003935727108396076 0.0009642206944156156 0.00024101714688191454 7.076864839057337e-05 2.7899946233989924e-05 1.6444534627842414e-05 1.547016056164046e-05 2.3538367653280714e-05 5.5598671794717286e-05 0.00018655765713827127 0.0007865334970433001 0.0036265804950237927 0.01595784882182631 0.059644803296919895 0.17431089737944916 0.3819245234905534 0.6262049965745913 0.7927024838660616 0.8172556971345885 0.7314795077756249 0.6058653060851185 0.4907859122311108 0.4050548261089174 0.3489128872837357 0.31629300064849275 0.3004598655101817 0.29547312180835295 0.29619770864138434
0.01249499693391863 0.013432128792271167 0.015944077062096364 0.020950138284599934 0.03019106458815677 0.04660301964439213 0.07410412530791899 0.1151023932288401 0.1639616603378384 0.20048800360319027 0.19809514288416122 0.1511736046251003 0.08728850374958584 0.038588212713038986 0.013707091910062223 0.0042516718633868085 0.0012860972527097803 0.0004298659861975333 0.00017954069032112934 0.00010395952046405995 8.944898378556077e-05 0.00011719430263568365 0.0002282136137214022 0.0006165842416490947 0.0020864310137700655 0.007839893067784511 0.028961914125385797 0.09442658918287028 0.2505437986998497 0.5167041370605984 0.8206080205691496 1.025904173493327 1.05459115513545 0.9416504167428433 0.7731269318132111 0.614406084384889 0.49191261357220206 0.40717651294725055 0.3525813197793819 0.3194202024718856 0.30037875789750235 0.28975101751912896
0.010601853681996025 0.010994426983512813 0.012600278087772804 0.01608520603870438 0.02280140374885856 0.03529185074999271 0.057768470727034664 0.09546486256353151 0.15033438252560904 0.211786504016569 0.25119687064517277 0.23878254374286306 0.1766691281707719 0.1015630389519148 0.04677902028371116 0.01839287313608188 0.006760724304842133 0.002587889702675192 0.0011526265709895516 0.0006591760908965815 0.0005200248844488759 0.0005856165927721709 0.0009336288308989045 0.002006440956928065 0.005357886785611268 0.016070377046471986 0.04870269760412926 0.13534247564610166 0.3194581061431058 0.6106410511871891 0.9305373812277667 1.145165908557135 1.1770793980458705 1.0575170013883752 0.8723355177727223 0.6918361944817556 0.5477398613030283 0.4443285084008995 0.37448968864208343 0.32903967821295427 0.30009813154550397 0.2816572888577319
0.009611911334488151 0.009645449429489451 0.010684672057856724 0.013232045204557836 0.018366500085325928 0.02827265530401854 0.047056219231891946 0.08135076190551593 0.13862499756479946 0.21932038215665842 0.3033524286390952 0.34815149615381363 0.3197781753044643 0.23201791927519713 0.13501064126687537 0.0659211121963713 0.02903212734284592 0.012635072195313462 0.0059965472539798255 0.0034028130610318534 0.002482125996724794 0.0024273812338233714 0.003201149552076105 0.005520927827581353 0.01170979942899459 0.02813706950829853 0.06999991640612785 0.16551544748079172 0.3466563728861131 0.6132919815611434 0.8977268787394355 1.092173481299723 1.1311968388571871 1.0341597524049442 0.8696656434225767 0.7002705847224758 0.5586552445755085 0.45273108482024066 0.37828869038023755 0.3277631192720992 0.2940625112491706 0.271594695803065
0.009367575744254432 0.009136231332939802 0.009801508168515972 0.011757055847498709 0.015882822094177088 0.024040683635752593 0.03998152437578028 0.07059417006177814 0.12622722159780103 0.21608962511715066 0.3339493669556999 0.44150829242058165 0.4793204272890413 0.41824160391356796 0.29419281859501684 0.1718958361186376 0.08822928005672435 0.04292557566791837 0.0215850458916192 0.012214327623708207 0.008354683411645438 0.0072452472352705155 0.008104598468711671 0.011520361185220266 0.01991805516456624 0.03925928451108181 0.08182131660155297 0.16734344020091257 0.31501544025429934 0.5211812703426364 0.7396514435150391 0.898060010512542 0.9472081358796892 0.8919573439820815 0.7754251828550593 0.6438865063958665 0.5262789696983973 0.4333269765766781 0.36485417834957584 0.316407687130357 0.2828613508390617 0.25978534700026057
0.009818626046816143 0.009356644294135562 0.009749957977159943 0.011317411924568548 0.014788586364485384 0.02173456143533403 0.03540430512427902 0.06208696028594784 0.11236101912988881 0.19919974398694712 0.32698961424520506 0.471015046843781 0.5700115790320248 0.5641748625050526 0.45420625258531616 0.30304870192380373 0.17489913975895327 0.09299823059629411 0.04913628873940744 0.027886330286124347 0.018218815552986403 0.014417096048685756 0.014175653814836056 0.017271823673020215 0.025325438062378837 0.042507688999232206 0.07674403898025256 0.1396967577415005 0.24191149018416186 0.3811944093954052 0.532166231314738 0.6527619489264802 0.7090130587819077 0.6954134771025314 0.6323162408134562 0.5482071019190349 0.46508888997705694 0.39426963106746055 0.3388636407073392 0.29767581753826117 0.2679680481741611 0.2468634832110088
0.01101421421897038 0.01031301276324756 0.01047575887015993 0.011767925990989225 0.014799576928772262 0.020876666879856107 0.032674428940294126 0.05535837286909481 0.09778580872090469 0.17171730563156512 0.28434711514481864 0.4215939749103238 0.5357251621529362 0.5664970365538202 0.49330027175793784 0.35774017369446115 0.2233995889630034 0.12665787034150308 0.0696603533753147 0.03989565286301181 0.025411058902247506 0.018952691047594967 0.01706366113784035 0.018651522027003955 0.02429834458901155 0.03630415649351645 0.05908746507355934 0.09903777945561333 0.162177554041345 0.24864486807805358 0.3469763882613772 0.43519858199944317 0.49149246049365114 0.5063024230970199 0.48533161162737276 0.4428966349869905 0.3933336919576926 0.3463352575130861 0.3065374979684712 0.27507147137735444 0.2512419005819864 0.23366116076036478
