_RESULTS/REVERSE_NEW/Berg/TZ/5comp/Berg_TZ_z_1000_kriged_reverse_5comp_spherical.asc
ncols 100
nrows 90
xllcorner 5.6208707817415728
yllcorner 50.959635321741573
cellsize 0.00013419651685393446
nodata_value 1.7014100000000001E+038
[rows 57 to 75 of 90, columns 42 to 83 of 100]
1.6125468593370205 1.7333743128190877 1.8811316314717288 2.0401014653951584 2.172708485746985 2.2021464396242636 2.0676444469785706 1.845565268900962 1.6259313319397894 1.4494491404506566 1.3178845988706565 1.2391590894100863 1.1945339812007045 1.165643544354573 1.1437249595834518 1.1096160436644993 1.0413013703406784 0.9103805465509753 0.713829568826123 0.5043659360881123 0.33266395550185857 0.2089511487487219 0.1296299689057875 0.0815937256071954 0.05261310463295151 0.034386191191119984 0.022990406714495454 0.016364039455230083 0.012528322215379462 0.010340382889610757 0.009191660095824183 0.008804450270200026 0.009034334289265401 0.009845635158514584 0.011287888110558083 0.013508533976885851 0.017197362382264377 0.0227147876345425 0.029763092804064202 0.03834178457196344 0.04805647204424563 0.05801243592444
1.1896128815468061 1.2927014794190066 1.4116056731347626 1.5366079987960972 1.65022562325726 1.7337885096445307 1.7512403796852534 1.700363600035129 1.627260755494469 1.554622670069935 1.491673581618323 1.4565106441616433 1.4545886594128754 1.449592341956795 1.4218594222146073 1.3603393384798521 1.2464370470784587 1.0688634956637921 0.8412362946764352 0.617956303176627 0.4465598482470759 0.30971210082048956 0.2083529608666076 0.13938320058501452 0.09322988681446134 0.06243821780665086 0.04338536702704671 0.03170831274954675 0.024542446957106827 0.02018049859283686 0.0176275550206072 0.01632729361582463 0.015986218648237658 0.016492275094793108 0.017799952944778322 0.020391239172830963 0.02489373441397819 0.031127392908948746 0.038542325254664604 0.046897175402740174 0.055531696912362045 0.06338000121931578
0.8478043519695241 0.9108978817597708 1.0022555816004481 1.1006469145032822 1.1983785531693187 1.2891558686297981 1.3722137761379987 1.4305644266117383 1.4687790884334981 1.4882647625895555 1.5000689480464307 1.5204492874136977 1.5538352894443739 1.5784249227907985 1.5583946115198568 1.4852721669582114 1.3518416600531524 1.1606050481884194 0.9338403248190599 0.7153230812404938 0.533529361976692 0.3871170905597774 0.2769192536118391 0.19605405560319117 0.13713402579913844 0.09704925416944386 0.07045542236417322 0.05301393335050558 0.04164447267287901 0.03431555771410786 0.02970683506223176 0.026990343910203798 0.025654375744520456 0.02538516035157834 0.026480105671357654 0.029396601503464778 0.03452240711727439 0.04094740678702012 0.04801360947488709 0.055273152335149074 0.061903743176628896 0.0668384781501986
0.6048343667670806 0.6334154299214765 0.684154177517726 0.7553810733644847 0.8355571070899734 0.9189852781821939 1.007113882011509 1.1059399422797345 1.2049119142194715 1.2843558576634164 1.3517056945549655 1.4093946873391419 1.4581613430628648 1.4975049091391957 1.4988460648532678 1.4389024935439876 1.317613693930316 1.145091698174592 0.9445872396102974 0.7461503014669676 0.570652253359362 0.4255766235228076 0.312739394410952 0.2319069136521613 0.17288368925515785 0.12952855791206422 0.09834274770666547 0.076436716146635 0.06127075940083564 0.05088840177281303 0.043884570829621036 0.0392862086429189 0.03643182132376059 0.03545271138130219 0.036540143046436956 0.039797200740683034 0.04517513011376266 0.051080455927350596 0.05691517822502709 0.06212604251918617 0.06613131726616774 0.06895890255791366
0.4357700880084786 0.4477375297256258 0.47227624002963936 0.5110699596460855 0.5637590139429769 0.6305831953698408 0.7082511137729496 0.7993148201542167 0.9031629916275026 1.0049081553086008 1.0907070084942916 1.161061756727129 1.2161903586514524 1.2543457670101117 1.2704055348917092 1.2383608583680665 1.1505966681179307 1.0178948612682388 0.8590907523639301 0.6957431870331184 0.5451201284455882 0.4207385910838816 0.32481982707116114 0.2513513532950602 0.19395486473782306 0.1506352106437079 0.11865174719912039 0.09526612371411343 0.07804196977536298 0.06548788611776868 0.056431234421318 0.05000387329739498 0.04628505156244148 0.04504054456106912 0.04606648008080466 0.04944792741448479 0.05414667766412052 0.058611709420522774 0.06271294175360405 0.0662670666162099 0.06889425310280425 0.0702146898391057
0.319944239468441 0.3257985819759101 0.33604968650613903 0.3566981736952227 0.38761383414957695 0.42953061889903715 0.48427551197040347 0.553549562242799 0.6299427825960134 0.708904927101 0.7874151276234361 0.8545117194140617 0.9065625258750281 0.9410801462512133 0.9549342587131073 0.9442492240218904 0.8945987888627046 0.8078637309016364 0.7001054670812646 0.5876239516190336 0.4823689931227498 0.39138590273189255 0.3169374812625686 0.25402410486387683 0.2021671632671148 0.16105900347518487 0.1293133310736083 0.10519117960293284 0.08701720073644803 0.07336046245612998 0.0633847363349458 0.05691882348037195 0.053289680915196855 0.05210636710454795 0.05326563258043459 0.05669353818150131 0.06049999662758142 0.0639922942540308 0.06696388407076224 0.06917758213551599 0.07029857562503514 0.07031099787337969
0.24194307202704174 0.24623618016333632 0.24978847455763473 0.2602577505141168 0.2785163306353104 0.30466682495431097 0.3395802042324052 0.38139250753332365 0.426355287182268 0.4736310186469418 0.5217931717635295 0.568713951523818 0.6102077041295115 0.6390076637689485 0.6527360514208452 0.6501765480716961 0.6313869937659881 0.5922418053666093 0.5355891099652975 0.4703925384996607 0.4046737579937537 0.3442236084603783 0.2897479514005883 0.23962064444973788 0.19611240162439098 0.15994504855272113 0.13077122610595066 0.10769836152323216 0.08981854109252198 0.07682325668328052 0.06778964776028992 0.061948582683435706 0.0587967351709554 0.05808245137618905 0.05980550048234899 0.06291722587155693 0.06577391138938242 0.06809406139952145 0.06973592223059934 0.07046371943607666 0.07037469001545302 0.07028385698923774
0.1894655748022243 0.19281831369479935 0.19484288001927344 0.19866342436868178 0.20838773979418942 0.224039955580958 0.24538149676213628 0.26941992297993905 0.2951795977830235 0.32204438151925874 0.34913322996084123 0.3752799523115984 0.3989684589077192 0.4182234021659301 0.4311245063400779 0.43489693860297507 0.42870129474853436 0.41355436821226804 0.3898779667305063 0.35777887928058044 0.32192897856243824 0.28578586154893343 0.247972173287802 0.21095341113000093 0.17709017726884568 0.1475808520901256 0.12318412460887525 0.103926656368406 0.08919768090821495 0.07831956937600214 0.07068541253443693 0.06582840159832964 0.06345399674496112 0.06346004360298302 0.06555793849439132 0.06771182623207747 0.0693936392308574 0.07037978974052839 0.0705873035628077 0.07044096464676046 0.07032967341414233 0.07026027547469761
0.15195547848802188 0.15471353870852536 0.1568320150252913 0.15808967057510517 0.16258596249206686 0.17167300801679156 0.18337911103661694 0.19664052023611006 0.2109637075154274 0.22586415064212276 0.24082394605790522 0.25514389433265083 0.2680259778857741 0.2786119812658317 0.28588770753388987 0.28897864189901445 0.2874738658585055 0.28144321913618325 0.2714835293462043 0.25863831042828045 0.24298027263113053 0.22279828120620535 0.19906429757846253 0.1744830977521837 0.1511035019747014 0.13021547706529416 0.1124434593064493 0.09793190607674492 0.086540225457314 0.07800264164249957 0.07204124388307197 0.06843950543528624 0.06709105563022498 0.0679780232510555 0.06941699405666385 0.0704335169531754 0.07080708610640932 0.07065140275951808 0.07049991292931447 0.07037693389491154 0.0702894589173222 0.07024390585771474
0.12513007003284296 0.12759253571620854 0.12983437485976868 0.13159742348643072 0.1333239836981791 0.13719546055715592 0.14266856830528296 0.14933538176913028 0.1568090986305638 0.16470664178437472 0.17270529735800597 0.1804046089205917 0.18736244488062273 0.19313872730581463 0.19733949680415852 0.19960011356318755 0.19958130664288182 0.19734180813599211 0.1932093045109983 0.18774480397540544 0.18022743629285026 0.16947122288201644 0.1562864664624292 0.14159682466677714 0.12681314952441367 0.11298064285049407 0.10075590372181788 0.09047569222921033 0.08225601066928298 0.07609002850546745 0.07193009861224856 0.06975197489552376 0.06960698095727116 0.0703873687153285 0.07077200043792824 0.0708200472725311 0.07069277060349993 0.07054376560702524 0.07041713712534478 0.0703197996329486 0.07025833980778619 0.07023857133471598
0.1063297415483469 0.10862300373133153 0.11099686895535008 0.11335373792418699 0.11467889108732222 0.11488136877993915 0.1162840584426391 0.11878811447996544 0.12205765650228821 0.12579117484893 0.1297294812601273 0.13365809230141468 0.1373245153010111 0.1404972828672315 0.1429885804108744 0.14468152424675237 0.14551030110725882 0.14538232633112197 0.14448644352349735 0.14235555771170005 0.1377532223184778 0.13110157850468626 0.1230178669058343 0.11417114455398952 0.10519257777045525 0.09661505544615384 0.08883848929829057 0.0821503917564479 0.07677863296210168 0.07286235740607193 0.07050337401639618 0.0698652381483379 0.07030209053239683 0.07060325308352686 0.07074240432637188 0.0707063350649673 0.07056718481062672 0.07044395409227525 0.07034420189486093 0.07027445732602897 0.07024081589765682 0.07023857133471598
0.0944268830613236 0.09585131027436246 0.0983973345913118 0.10045906761539952 0.10142639596173934 0.10110571130485735 0.09989809533055156 0.09959148065039705 0.10013720207399451 0.10126898534702354 0.10276436210202435 0.10446631824047982 0.10623863696183827 0.10795086099310938 0.10951200995030134 0.11088278659951595 0.11208925500466219 0.11318524901750462 0.11356121194365712 0.11227154026202646 0.10942897732093687 0.10530208358427882 0.10025654574257663 0.09470183122981998 0.0890420940785299 0.08364094749743088 0.0788043923605053 0.07478142223572182 0.07177911012209941 0.06998868581587603 0.06962084972062779 0.07008277353799267 0.0704240942331439 0.07062479609442995 0.07066954547584843 0.07056744356521459 0.07045348092449931 0.07035774951777402 0.07028654743514362 0.07024593509190272 0.07023857133471598 0.07023857133471598
0.08810208206746993 0.08827004904294686 0.08990895544713319 0.09130896073975146 0.09198258682408397 0.09171768475891526 0.09050337802030584 0.08853122475891273 0.08711703838072442 0.08646739981015374 0.08637396580627707 0.08667879484390491 0.08729187587423695 0.08813986561078599 0.0891758568830416 0.09039692032546828 0.09184579962347345 0.0929536333806751 0.09318064830037115 0.09238795359459559 0.09064899689847122 0.08812614734229214 0.08504565301485076 0.08166958091964266 0.07826934101561374 0.07510622711280851 0.07242211011493348 0.07044122913826682 0.06938277431826415 0.06945853128231065 0.06991030119221503 0.07026256653943558 0.07049630817406857 0.07059454912157147 0.07054451217358021 0.07044438073900866 0.07035791838657816 0.07029105877631903 0.0702496520584117 0.07023857133471598 0.07023857133471598 0.07023857133471598
0.0861193048045225 0.08443113111592508 0.08442552376890058 0.08530208639775266 0.08566682290190786 0.08542982507396188 0.08448115746517583 0.08289587895336181 0.08080944788157138 0.078759976860529 0.07746740038938388 0.07679108093224259 0.0766204377390455 0.07691042022217127 0.07763944061868262 0.07869065147149161 0.07952222923211945 0.07999045335333078 0.08004601123252826 0.07957602013336823 0.07856080077618444 0.0771046077241667 0.0753565440029452 0.07349615550853407 0.07171995722945519 0.07023213608220619 0.06924180868770213 0.06896840448917158 0.06938660907422141 0.06980138892158871 0.07013898865856524 0.07037977353349041 0.07050574139654851 0.07050067450357708 0.07041793002333253 0.0703446778116188 0.07028676871540199 0.07024970677328941 0.07023857133471598 0.07023857133471598 0.07023857133471598 0.07023857133471598
0.0870724381362062 0.08357292824733478 0.08196373258463123 0.08204353347211978 0.08213866620039993 0.08181756835942398 0.08105972457671724 0.07983009802938038 0.07823872880323095 0.07642636231557767 0.07454674211731677 0.07302120815758874 0.07223392407798669 0.07205573258306971 0.07211490957864328 0.07224733080145523 0.07235046103185748 0.07235585755603863 0.07223264827188836 0.07196488558468522 0.07145683106893364 0.07076062438846248 0.06998431435061929 0.06926420142073512 0.06875936748702845 0.06864952233462752 0.06900750523051245 0.06940356677037783 0.0697628022230528 0.07006495275285515 0.0702905567106244 0.07042128257417718 0.07044017123578117 0.07037797437162817 0.07032049173050833 0.0702748387845171 0.07024606886454156 0.07023857133471598 0.07023857133471598 0.07023857133471598 0.07023857133471598 0.07023857133471598
0.09091126149636185 0.085560703590677 0.08242565534850058 0.08137222623236959 0.0812204836268697 0.0807734680779564 0.08005432463006312 0.07909193130112821 0.07789378926321741 0.07658038403750729 0.07527906627337452 0.07398030015911704 0.07270686243377668 0.07150603593218197 0.07055189428545584 0.0698656930451807 0.0693652509782006 0.06899013462358006 0.06871371681374068 0.06854311223860057 0.06842816109827911 0.06833343916681908 0.06834852298127406 0.06857097366630899 0.06887169918651312 0.069187315635153 0.06950012233932254 0.0697916323023621 0.07004309354639837 0.07023595120868804 0.07035223780430719 0.07037488489278117 0.07033078898066224 0.07029021988764442 0.07025876204423107 0.07024093919329717 0.07023857133471598 0.07023857133471598 0.07023857133471598 0.07023857133471598 0.07023857133471598 0.07023857133471598
0.09638440034842324 0.08968810902744154 0.0853441583295321 0.0832090178121483 0.08274252765308998 0.08216406256895323 0.08136822940124082 0.08040610499409774 0.07931975981255777 0.07809264064491729 0.07677680554336054 0.07543249350299701 0.07411218425462864 0.07286108953126005 0.07171790030612199 0.0707155844100487 0.06988306028211137 0.0692530867242876 0.06884479919496952 0.06867159417199813 0.06871875200539915 0.06884141323959235 0.06900853095018128 0.06920932915416649 0.06943087417799668 0.06965850482004826 0.06987629863661676 0.070067542645572 0.070215181761259 0.07030222460781091 0.0703122857039913 0.0702848286431085 0.07026090824356085 0.07024419705933026 0.07023857133471598 0.07023857133471598 0.07023857133471598 0.07023857133471598 0.07023857133471598 0.07023857133471598 0.07023857133471598 0.07023857133471598
0.10207004799970072 0.09413489927874132 0.08877794301564605 0.0857694368100446 0.08486538962813504 0.08415897075914586 0.08319933583675006 0.08205524851907878 0.08079311131095511 0.07947126638708717 0.0781037016526972 0.07670896870140002 0.07533950572952329 0.07403946631885938 0.07284596509679457 0.0717901930917855 0.07089837478171107 0.07019258671592649 0.06969185194778939 0.06941708971186125 0.06937967212038762 0.06946024043248228 0.06957297568456133 0.06970817093441208 0.069854196748006 0.06999785931081799 0.07012479015901195 0.07021984378405281 0.07026748151908872 0.07026234136771875 0.07025033927827891 0.07024144678732529 0.07023857133471598 0.07023857133471598 0.07023857133471598 0.07023857133471598 0.07023857133471598 0.07023857133471598 0.07023857133471598 0.07023857133471598 0.07023857133471598 0.07023857133471598
0.10771117514463556 0.09865577240952873 0.09238304924864724 0.08857915969016937 0.08710380300897533 0.08623282261484569 0.08507159292796945 0.0837139233963525 0.08224280601406785 0.0807254260883906 0.0792139819818373 0.07774805968402693 0.07633214018033412 0.07498757514886624 0.07374924165894792 0.07264617315243528 0.07170263383277123 0.07093898827956475 0.07037243045656426 0.07001761977987749 0.06988725748074108 0.06992400912672955 0.06998466244066331 0.07005719369298108 0.07013112754263408 0.07019456043789221 0.0702344912666145 0.07024069924724033 0.07023898181273198 0.07023857133471598 0.07023857133471598 0.07023857133471598 0.07023857133471598 0.07023857133471598 0.07023857133471598 0.07023857133471598 0.07023857133471598 0.07023857133471598 0.07023857133471598 0.07023857133471598 0.07023857133471598 0.07023857133471598
