_RESULTS/REVERSE_NEW/Berg/TZ/5comp/Berg_TZ_z_63_kriged_reverse_5comp_test.asc
ncols 100
nrows 90
xllcorner 5.6208707817415728
yllcorner 50.959635321741573
cellsize 0.00013419651685393446
nodata_value 1.7014100000000001E+038
[rows 40 to 59 of 90, columns 0 to 43 of 100]
52.54397341138215 51.93517251423167 51.24485705668722 50.494700976810314 49.737469222232534 49.06058381569841 48.572742995517245 48.37194863665283 48.50729372353593 48.955660120729966 49.62875888627485 50.40769671715674 51.1843335994002 51.88661718589381 52.48061247143531 52.958462821024064 53.3249717909992 53.58916753097325 53.76093786510058 53.850553141281395 53.86922107035016 53.82971350386817 53.74670608177152 53.63670471160354 53.51745038289798 53.4066689171799 53.32013279351576 53.26931659946869 53.25931973967716 53.28785544482299 53.34575029322879 53.418811727298596 53.490654246640766 53.5464790070593 53.57871198055935 53.59595933142926 53.63485757811176 53.76712987352777 54.08334785594562 54.638473533692355 55.38799309947689 56.196854158254716 56.94803223843444 57.62669578814341
51.943361643847474 51.23862300445957 50.457732192919245 49.63896560114372 48.854701097234035 48.20739003293835 47.80770244973959 47.739065573040115 48.02413694858338 48.611885262399575 49.39474329296429 50.247710783366436 51.06723625300367 51.79027050813272 52.39097821255779 52.86659494947242 53.22431344344572 53.473909619681656 53.62525383301412 53.68834082839835 53.67410977358662 53.59525034873794 53.46673968314383 53.30601809209118 53.13263042560874 52.9670178543739 52.82820653968183 52.730624769121036 52.681023346484146 52.67683767526585 52.70681718047854 52.753724651111156 52.798353048332125 52.82459119551063 52.826386935565765 52.81786500436746 52.845172148428844 52.990426606175355 53.34839900751612 53.96519303213733 54.77693202666188 55.63317112068705 56.41635593728228 57.11940737288506
51.207391361285204 50.38380269789483 49.50038093013174 48.618839807525305 47.83374095768229 47.258351933494254 46.995524959512466 47.10311884570608 47.569623483734134 48.31374890993773 49.211086129240186 50.135322348552066 50.991989310583584 51.72981620793452 52.3321875272578 52.801613757257535 53.14751793451288 53.38019122995728 53.50923275990612 53.54405729738432 53.49493992779287 53.37398219964853 53.19587546889802 52.978432397584996 52.74265406731337 52.511770981420746 52.30863893335662 52.15154169246675 52.04971601598384 52.00071081703381 51.99102429366319 51.99979902765362 52.00432364088917 51.98664728516821 51.942050585494556 51.89049159889096 51.888778440577134 52.03221345882976 52.42528612019694 53.112745775760075 54.01504997312123 54.95891447009964 55.811218593524735 56.56375129824944
50.3337545703311 49.37498437514356 48.391493714766696 47.47379991942949 46.73610593425872 46.2918816697538 46.22201031461346 46.54712734725827 47.2162825892498 48.119541072547264 49.12187519983599 50.10286180729779 50.9823495281949 51.72325350424914 52.31858099501385 52.77567873309893 53.10562875299689 53.31876322934398 53.42402139063418 53.42985407733416 53.34541055043675 53.18160151292099 52.95206541440843 52.67411001378558 52.36937503772641 52.06338824450219 51.78290322116054 51.550708093981534 51.37949074397924 51.26779596646877 51.200387922473034 51.15290334873508 51.0989841341419 51.01864352942233 50.90843803543067 50.794464268141006 50.745310465119786 50.872409058945344 51.29606406286492 52.06808204200575 53.09726541226713 54.17828305691569 55.143865371072486 55.97346487710318
49.35212829194073 48.26007478692443 47.204009078684926 46.30306397284633 45.68078308795473 45.434432110859916 45.60757062341826 46.174940463553575 47.04605571280142 48.08925477489026 49.168871947728135 50.17896817838473 51.05841736986939 51.78543763182577 52.361892836785174 52.798767823257094 53.107819958231204 53.29875006792789 53.37937071181241 53.35677456058344 53.23854658165512 53.03381898422859 52.754346544446854 52.415806679937916 52.03911886782156 51.65075869480496 51.28043780521081 50.955299452970706 50.692247919031374 50.4922725225895 50.3400820066645 50.2092833537099 50.07089960077968 49.90344206274679 49.70485383984203 49.50720610781194 49.390879521590776 49.4849615169813 49.93098741529568 50.79805282528357 51.99203348163537 53.269452319077935 54.40599549000989 55.349623205619594
48.34469692563436 47.15127399047761 46.08008217595933 45.269851148091334 44.83631368767437 44.84274920800003 45.283919323010366 46.08667558720229 47.127884029125546 48.26635325513654 49.37796344212074 50.37907961403615 51.23007137926003 51.92345475835041 52.4678416225251 52.87600692689492 53.159149171415166 53.32560191372788 53.38160854803484 53.3325882325001 53.184245655320126 52.94349156335415 52.619469368958995 52.225028731878055 51.77857271205284 51.30522967562086 50.835363984865154 50.39897374219932 50.017242224535764 49.69544827196962 49.421375592481766 49.17007653780281 48.91285983632395 48.62847192300101 48.31651818951757 48.013762917088584 47.809898723588944 47.849724371436366 48.29862877503849 49.25473376490995 50.63895414332132 52.17547270487513 53.55976468778658 54.674766298573005
47.45307475000008 46.223575079884874 45.216405200382745 44.573132068343405 44.383127169205125 44.662839847454286 45.35509950622747 46.345660884395926 47.49259396631291 48.66062982776525 49.748420719800194 50.69894352762756 51.49293632934021 52.13390968589119 52.63411738506413 53.00602844541664 53.25909418125012 53.39966693532057 53.43211349796232 53.36001505388387 53.18706721649677 52.91775122295918 52.5581264699093 52.11718550517321 51.6088909808445 51.054060803789504 50.480119872197506 49.916831954138225 49.38853563289842 48.90658179850958 48.466270695962564 48.04984165405828 47.63415273689005 47.201469780638696 46.75339707160335 46.32830117715632 46.01891946336831 45.97834310860402 46.39263290536131 47.39884550637313 48.96106574296312 50.800490771243325 52.52409564814516 53.9009129821716
46.852688318670985 45.674199127817936 44.81047666132114 44.38723364189009 44.454345509763996 44.978194873638 45.85693547759123 46.950640309962864 48.11693559776094 49.24103837824712 50.25077910778442 51.114617045638745 51.82890412161427 52.40335867133891 52.850597109259155 53.18099275947229 53.40141834830796 53.515911152222984 53.52686125128485 53.436023451724736 53.2451470826804 52.95632631356393 52.57239989788206 52.097869518550496 51.54065459479603 50.9142836938092 50.239024364108495 49.54007632071299 48.84244302927885 48.16466010607785 47.51461628101353 46.88928990779468 46.27849287633456 45.67265586929453 45.0754660299763 44.521616127826114 44.0965346194617 43.94813642873519 44.27176733405702 45.24501408279841 46.90513035009627 49.02777204027383 51.16542306316079 52.929345981906394
46.69342283377402 45.651380897753114 44.98618109078817 44.79356566037275 45.080398399894925 45.77084615606119 46.73534420618953 47.82921808723756 48.92731186280132 49.943985636076135 50.835412607507756 51.58935642146226 52.21105064577948 52.71166382499813 53.10164075224414 53.38821510429085 53.57538490860168 53.66487765911674 53.65721827340712 53.552495918420796 53.350720148689824 53.05184051847006 52.655671391778824 52.162133407635615 51.57226721245719 50.890158487983825 50.125189746766765 49.29340440123766 48.41695327036598 47.52148442080361 46.632013684141555 45.76820643044885 44.94102946192627 44.154041507832616 43.41238316394622 42.74009420607539 42.20247738615843 41.925029509094685 42.09363729227089 42.91417691372461 44.511460080199036 46.78229913835195 49.31922297343731 51.591516828663906
47.034087043507775 46.188099730709304 45.736473395154945 45.73910857757513 46.16662802508606 46.91827006859472 47.85924494875272 48.86015448874286 49.82387302565568 50.69386945320701 51.44765531341512 52.083900320835255 52.6104704932491 53.03662794514739 53.36938774869733 53.61266319702692 53.76779078032078 53.83447559081228 53.81164248311706 53.69796490054413 53.491993435616614 53.1918961059637 52.79492793519848 52.296913541064725 51.692231067060845 50.97492079918944 50.141455190575066 49.19524758823006 48.1519315747591 47.04276527294704 45.91239248167809 44.809169566000655 43.771793055201016 42.82057112415356 41.960580294500474 41.19820551555164 40.56680267434006 40.15324120319777 40.11300035323092 40.65588385853881 41.97970649115905 44.13758293795149 46.883745041390284 49.67296021591581
47.8106462715434 47.18032008027955 46.91714833760209 47.04809890776068 47.522090640284 48.23475085281084 49.06642850719473 49.91507008471724 50.71265370047705 51.424921762544265 52.04161809440355 52.56511944309358 53.00192572008322 53.35795238799248 53.6367464972522 53.83938169638719 53.965073716806245 54.01194605736348 53.977655111112675 53.8597325841097 53.6555632766602 53.36194227290897 52.97420325096829 52.48504235358189 51.88345380309459 51.154702138951734 50.28288430004609 49.25777088771895 48.08588520121499 46.80129616718931 45.467231494947875 44.16208348641392 42.95452633465429 41.882493649748284 40.94916773142349 40.138692782467544 39.44540534875951 38.90720953916463 38.632716858878176 38.80861454140219 39.668255247298184 41.39910565025948 43.983338234039074 47.052265497591556
48.861480377524636 48.4275936554879 48.30223568542664 48.48887258212572 48.9313015108363 49.53889005623445 50.21830671624996 50.89647795777176 51.52851002096575 52.0937412885125 52.586924373496856 53.009990234288686 53.36660168754738 53.659434180459186 53.88929514709636 54.05521700884353 54.154942356174764 54.185474698928374 54.14352132901885 54.02572037260752 53.828554670772476 53.54784263647472 53.177698839016216 52.70894312714174 52.127240791795884 51.41197819133468 50.5380757647232 49.483850848941024 48.2463566920227 46.85904129548906 45.39840979951495 43.96769257213345 42.661696570288825 41.53365297387557 40.58376913323055 39.77375746148134 39.058831676129614 38.42591651455287 37.92886272722582 37.71104852976603 38.001007000821154 39.06119569526025 41.06963944408797 43.941300506381154
49.99680823540206 49.716061195157565 49.67368664892614 49.860967269876824 50.228728015958225 50.70803507082243 51.23267647180516 51.75321232875039 52.24013323959266 52.67978757859557 53.06809105289252 53.40521417671445 53.692235403713575 53.92949660207452 54.1160554532843 54.249722736559136 54.32735809335693 54.345237504527454 54.29937690149881 54.185715050888525 54.00004465655336 53.737549934132126 53.39178566396874 52.95297848332198 52.405798637039624 51.72751605474121 50.88892398789574 49.861922169346826 48.636515451351144 47.242692899425315 45.76171737573031 44.310280494578606 42.99943937829686 41.89249068927916 40.986880442879034 40.226518164257485 39.534451824858635 38.852848376358516 38.18186402149751 37.61147068316282 37.33609104332448 37.63479360418677 38.79718973682447 40.98119194832314
51.06823856364859 50.89249145492853 50.89026434362211 51.049378168492865 51.33257763086441 51.691946001882506 52.083045381030466 52.47295620323291 52.841543297025076 53.178633383713056 53.480118212086445 53.74472291876179 53.97191459943208 54.16077865633455 54.30953927602039 54.41546349811479 54.47498380225972 54.48393473822356 54.43781850492263 54.332005163194665 54.1617475344371 53.92185686008146 53.60585651952366 53.204455725184175 52.70340216752353 52.081460633349266 51.310694400951526 50.36292192504903 49.22569526074268 47.92452473045466 46.536568258636464 45.17761007116569 43.961201317864976 42.9532328309602 42.14931362745761 41.48367898249198 40.85968905854315 40.18784633667371 39.423499508772124 38.60199962447671 37.86617124891214 37.47068966259398 37.74166814023348 38.97602555490942
51.998709100562266 51.88835679692427 51.90018690471157 52.02307489558322 52.23108338350061 52.49244822010134 52.777888435136056 53.06520494521322 53.34002751770834 53.59426864148485 53.823916734157585 54.02710036149547 54.20270115958643 54.34946596588238 54.46549345455025 54.54799937153015 54.593301223502024 54.59697297669618 54.55410370780459 54.45956444606455 54.308156163226975 54.094484185584804 53.81238641232877 53.45376721678878 53.00686365589862 52.45452443257134 51.774259497601705 50.94329868524703 49.951720879711544 48.821529518878634 47.61963569179859 46.4483431562598 45.41002374515227 44.56486234236687 43.90721500134844 43.37080192769703 42.854464043509736 42.254693713863254 41.49758794211179 40.57105671146548 39.55817161976914 38.660893932828714 38.18927828700602 38.49320742505202
52.770525833128545 52.69849436316131 52.71144211702031 52.800638256004326 52.94865590819745 53.13465353127156 53.339165569898775 53.54686382734945 53.747217894346576 53.9338267706774 54.10324515451891 54.2538015941693 54.3845948312891 54.49469956667327 54.58258087596273 54.64573057652986 54.68054367283797 54.68242870234329 54.64609953107485 54.56594697523115 54.43635285483598 54.25179253577972 54.00657501223948 53.69410862752897 53.305726830419495 52.82952015422803 52.25046540481064 51.5541915259749 50.73660546647088 49.81794536803496 48.85261294857196 47.92234203646258 47.10902389929413 46.46051635301367 45.96988772885765 45.57788829942376 45.19268299493373 44.71480096422495 44.06061792833216 43.1866371370309 42.120186038552546 40.99356396258494 40.06001787903868 39.659100188976154
53.39724105158542 53.34693321473319 53.35558846675781 53.41670405821802 53.518547396467895 53.64722187654417 53.78948702949706 53.93453793397567 54.074649621751405 54.20501335564416 54.32314795965624 54.42814079423716 54.51984385295327 54.59809529001082 54.66204107511105 54.7096484065961 54.737492664136155 54.7408500535741 54.714053205018544 54.65099610947315 54.54563312903152 54.39231278743233 54.18581497008231 53.92102004613244 53.59226629461244 53.19273893706652 52.71476700365266 52.15250803391426 51.50831120016577 50.80165393786984 50.07500185314417 49.38850171562854 48.8008576464913 48.34499162594947 48.01271232213338 47.755991503410506 47.50090242152176 47.16497373562305 46.67242859364689 45.969344156626015 45.04556735220609 43.96678630529193 42.90512827122276 42.137440088815964
53.90148552441568 53.86314067123331 53.8655216423914 53.903785889224 53.96982883155008 54.05410854427921 54.14738988839047 54.24197891023643 54.33233970616173 54.41519404095624 54.48925163292478 54.55468141006663 54.61239954235386 54.663258402095416 54.7072597713865 54.74294624507935 54.76710994096145 54.77488644141031 54.760197001501275 54.71640621411294 54.63701257184199 54.51619746291318 54.34911126075538 54.131856302346904 53.8612413564309 53.53457033958924 53.15001985711405 52.70842666190859 52.21705463180362 51.69443556161989 51.17286507040679 50.69398179302218 50.29615009420033 49.99895695191313 49.79358596515726 49.64391446823074 49.49581380911194 49.288418911067154 48.96336991819133 48.47317178941929 47.79390573933956 46.94741604207145 46.030155098947596 45.22950805603133
54.30439736043478 54.272152575857625 54.26754623111088 54.28688011648124 54.32435641960058 54.37321991189542 54.426909506604936 54.47997564465148 54.52865847384191 54.571117278157566 54.60733112964061 54.63868978155918 54.66730899921923 54.695156514643614 54.723146885192456 54.750412934672774 54.77394621328708 54.788707363840906 54.788170718483705 54.76514421791616 54.71264639375909 54.62464167082865 54.49651225972401 54.32524536536896 54.10941978113656 53.849192897254184 53.54662032300944 53.20670369739822 52.83931153356289 52.46126969941509 52.09670149363581 51.773368467691526 51.51472445773183 51.33088029085427 51.21336819332893 51.136316174965444 51.062457829273725 50.95022752215963 50.759409963844035 50.455777299462476 50.0177369950227 49.448774786230445 48.79637740238466 48.16893712165298
54.62287754186962 54.59292973007748 54.580944573527226 54.58401003665523 54.59784612405231 54.617566561325646 54.638493690703605 54.65688193210999 54.67045483839612 54.678693593968106 54.6828247098035 54.68546558396861 54.689928713157286 54.69926910139349 54.71526127438289 54.737561139034696 54.763293284894566 54.787192556389655 54.802260205142574 54.80074441189515 54.77518651317587 54.719305077054074 54.62858909992391 54.5005890325136 54.33499380077599 54.133652747681225 53.90073955225613 53.64322152303382 53.37159314569529 53.10038285621223 52.84743970439747 52.6310567223384 52.46511879098368 52.354149573968215 52.290788897391096 52.25693022470538 52.227568136527445 52.17528103516488 52.07388969626617 51.90135814814919 51.64337896704683 51.299663238281155 50.8938707317631 50.48400956307597
