_RESULTS/REVERSE_NEW/Berg/TZ/5comp/Berg_TZ_z_355_kriged_reverse_5comp_test.asc
ncols 100
nrows 90
xllcorner 5.6208707817415728
yllcorner 50.959635321741573
cellsize 0.00013419651685393446
nodata_value 1.7014100000000001E+038
[rows 0 to 18 of 90, columns 0 to 41 of 100]
0.05147378743721592 0.05147373691563419 0.05147366543320401 0.051473570969659425 0.05147345563894923 0.0514733298008348 0.051473219110839054 0.051473176570318135 0.051473302932698514 0.051473780638086164 0.05147492874870242 0.051477288871870024 0.051481754133805846 0.05148975371804238 0.05150350248876794 0.05152631639998787 0.051562977138808176 0.05162010162009215 0.05170643285581457 0.051832920245756045 0.05201240480309094 0.05225867747622133 0.05258465011979567 0.052999388300622084 0.05350383287601463 0.05408523057038806 0.054710671288680804 0.05532076485253526 0.055825394996917674 0.05610448240220051 0.05601722997854229 0.05542247988982907 0.05420965676226885 0.05233438271729327 0.04984740458496816 0.04690403205528708 0.04374709170446174 0.04066808475385061 0.03796207479651072 0.03589452200817407 0.03469128710934837 0.03455161707425034
0.05147376959216047 0.05147368147306293 0.05147355305920034 0.05147337895094673 0.05147316023737266 0.05147291105598235 0.05147266960869937 0.05147251669911335 0.05147260682613353 0.05147321967155248 0.05147484343005687 0.051478305500049254 0.05148496969710341 0.05149702074111383 0.05151785382423963 0.051552576386787584 0.05160860739274416 0.05169632371181258 0.051829652927808306 0.05202644923045028 0.05230841945600635 0.05270029766935769 0.05322790823198212 0.05391472168197426 0.05477651994746168 0.055813904176233546 0.057002713029071256 0.058283148087235594 0.05954970359925924 0.060645849190965974 0.061369240158010735 0.06149357012674254 0.060809932633310186 0.05918246942961077 0.05660228420016131 0.05321683701043886 0.04931718685852334 0.045283697264678464 0.04151204184688275 0.03835066975925679 0.036072085048578964 0.03488126626370963
0.0514737842685276 0.051473638580394825 0.051473417877301794 0.05147310957494802 0.051472711045509614 0.05147223995185888 0.05147175117820083 0.05147136476053588 0.05147131212766336 0.051472012153741226 0.05147419400134396 0.051479090050462 0.05148872817819799 0.051506356090507605 0.05153702802578177 0.051588371823730425 0.05167152790778863 0.05180220826670261 0.05200176286783316 0.05229806630614659 0.05272595420623996 0.053326850644422406 0.0541471322425056 0.05523466319744512 0.05663280750917847 0.05837112341250002 0.06045202024349747 0.06283323302612462 0.06540754342471204 0.06798420871177145 0.07028086558087453 0.07193843055068998 0.07257065774849372 0.07184974448057192 0.0696091578032166 0.06592418816918327 0.061127474221536436 0.05574239952201975 0.05036025979276694 0.045516716215555496 0.04161723547566336 0.03892803543106898
0.05147390742816539 0.05147368212962318 0.05147332149312538 0.0514727984822248 0.051472100971065284 0.051471247860588536 0.051470314738484416 0.05146947518276402 0.05146906797029589 0.051469706535339485 0.051472455082143015 0.05147910522095268 0.05149259630779954 0.05151762896403776 0.051561520336355395 0.05163533652356579 0.051755307711243204 0.05194448279156441 0.052234514613116026 0.052667390490198696 0.053296841004222835 0.05418906987310169 0.055422323916418166 0.05708461211531453 0.05926851819939236 0.06206149925336801 0.06552943665593292 0.06969094504290063 0.07448102021971957 0.07970653073562162 0.08500419648658182 0.08982324323587534 0.09346380907482973 0.09519608710512291 0.09445263539208712 0.09103340196273971 0.08522502419275381 0.07775721156008165 0.06960375487951757 0.06172524314520817 0.0548731177801841 0.049519240322902294
0.05147431515450597 0.05147399752133181 0.051473443182838696 0.05147259725403866 0.05147142657857281 0.0514699446687504 0.0514682501653294 0.05146658693239331 0.051465439679900186 0.051465687594828426 0.05146884999185876 0.051477471757435896 0.051495710346788556 0.05153019667219483 0.051591244289310854 0.051694469287820045 0.05186285335585603 0.05212923537070168 0.052539160161696484 0.05315395979851179 0.054053902692660506 0.055341207750622796 0.057142627778835414 0.05961103234638171 0.06292476408571994 0.06728226319570144 0.07288739999551942 0.07991837399549263 0.0884711977274438 0.09847082261470325 0.1095541800079219 0.12095480186815777 0.13145501056122363 0.13949596402849795 0.14350533432776405 0.14238871261106154 0.13598043171693402 0.12519344776811983 0.11174730898088849 0.09761198189510646 0.08446686950608462 0.07341057623052864
0.051475382625195513 0.05147499802340788 0.051474212083421775 0.05147291812805523 0.05147104014219066 0.051468571155937864 0.051465630424731304 0.051462549704618235 0.05146000669451798 0.051459235518290056 0.0514623601990132 0.0514729165709303 0.0514966484569921 0.05154268077749786 0.051625179732463417 0.0517656030224314 0.05199562006784436 0.052360750965548104 0.052924753149236003 0.053774805520706855 0.05502762596363254 0.05683680167127024 0.05940172975781548 0.06297844807194866 0.06789188450635031 0.07454701529775183 0.08343217618619253 0.0951003692114389 0.11010393809017865 0.12884825016701745 0.1513329544495048 0.17678743671717906 0.20330215599499912 0.22769264383291563 0.24590233868713615 0.2540825887489933 0.25003296410553943 0.23423712230117108 0.20979038372732944 0.18120594938543794 0.15283479698034236 0.12775850997740348
0.051477859196487785 0.05147753321234026 0.051476547775454386 0.05147470279483666 0.05147183974589406 0.05146790052566353 0.05146301203902211 0.051457608828532606 0.05145261618169238 0.05144973194640607 0.051451867190641605 0.05146383282425447 0.05149338827602318 0.05155279410583659 0.05166102698817816 0.05184681931392391 0.052152681734776954 0.05264007649837012 0.05339597554868198 0.05454122316770215 0.056241494959569996 0.058722238814151416 0.062289750100806104 0.06736125555260322 0.07450701478682425 0.08450579804252374 0.09840922057113266 0.11759591974982508 0.14376739181581555 0.17879017022586413 0.22423763519712922 0.28048582782081677 0.3453856930739117 0.41297103663455503 0.47322925347737826 0.5140636272568716 0.5254950626234528 0.5041696254775834 0.4551930789150748 0.3898406073738778 0.3207236818646476 0.25755352982206875
0.051483162881993415 0.051483242833603005 0.051482273402755 0.05147989056903155 0.051475783710972056 0.051469785636239426 0.05146199743861554 0.05145296171836125 0.05144391041640474 0.051437134128345184 0.051436548979525334 0.05144857375527329 0.05148347031975259 0.05155733866696252 0.05169498881011495 0.051933935795087455 0.05232979796069485 0.052963467284246175 0.053950649401015516 0.05545486867897063 0.057705965026629925 0.061027655068755696 0.065880062701035 0.07292634417037461 0.08313644521336327 0.09794440254278881 0.11947425649652338 0.150832481519533 0.19640810072009174 0.2619873638474509 0.35425037068647075 0.4789475526845349 0.637102966263591 0.8196230292341721 1.0030434957142227 1.151348491813059 1.227218794883024 1.2089421911419724 1.1020197635700435 0.9363598821091357 0.7511704790024375 0.5787977544267282
0.05149385187527921 0.051495127476714746 0.0514947876527496 0.051492187842905 0.051486746835271484 0.05147808424735436 0.05146620487005482 0.05145174279552136 0.05143629357985984 0.051422888938963934 0.05141670672301332 0.0514261577751305 0.05146454646001243 0.051552557085033604 0.051721870556117495 0.05202027258964408 0.05251871208568545 0.053320989527463586 0.054577255217752814 0.056503522917613236 0.059411321076301066 0.06375494797614488 0.07020939402706844 0.07980113082657472 0.09412841850144148 0.11572895574127691 0.1486778329011671 0.19950958864724733 0.2784947210212955 0.40101964720647987 0.588082375352152 0.8635991010153233 1.2450464184504315 1.725558649353448 2.253405554140761 2.726444537722287 3.0201759027961113 3.0448207393432236 2.7948369621518734 2.3516497013206847 1.8375504219848464 1.35791590065952
0.05151434340306621 0.051518423649739874 0.05152010215418447 0.05151826537635218 0.051511865177276926 0.051500128416549676 0.051482829664965854 0.051460635824237426 0.05143554902116869 0.05141150677422668 0.05139524774609222 0.05139761576531198 0.051435549189739506 0.05153508097739006 0.051735756753105336 0.05209698347013649 0.05270701342018266 0.053695688136524075 0.05525297554750324 0.057657173085963714 0.06132014916863336 0.06686341309378561 0.07525043775046308 0.0880217953398779 0.10771791520995634 0.13864134891750213 0.18821809174080778 0.2693547469745278 0.40424459680306346 0.6296546063157354 1.001880600895218 1.5950136186215187 2.479776502726133 3.6708134872953746 5.054922340380788 6.358595846827867 7.222703290879809 7.372013710759108 6.766364324288039 5.6197383732057355 4.275698926985852 3.0360055307873384
0.05155195634326897 0.05156187953517592 0.05156836263845786 0.051569525271801746 0.051563535098440104 0.05154892672740387 0.051525006365361295 0.051492340785028415 0.05145334796880539 0.0514130464406789 0.0513800832228902 0.051368244486894137 0.05139875215252502 0.051503757747612636 0.05173156615052979 0.052154292000868886 0.0528789718828655 0.05406384456112365 0.05594298165843742 0.05886543546689368 0.06336088909092485 0.07025496218774388 0.08087890523082851 0.09746077092191409 0.12386894522491657 0.16704227864576315 0.23974254067131687 0.36574998969112216 0.5891428703916282 0.9889214707860237 1.6960049776202295 2.8961656685140125 4.779777341888346 7.397920718290633 10.469516370505898 13.327512041707992 15.156809139769042 15.39166342878621 13.988665017158885 11.431224173175773 8.481292153094586 5.8149311822689205
0.051618347813815614 0.05163952224611772 0.05165596821621732 0.05166457750313344 0.051662232501818554 0.05164629013558416 0.05161518430972303 0.051569125225016985 0.05151089175791093 0.05144676028157124 0.05138769328760606 0.051351021021016414 0.05136298077626746 0.051462624522605555 0.051707775807226665 0.052183966417307326 0.053017760047817906 0.05439689019267299 0.05660180885384421 0.06005768934494052 0.06542481474661488 0.07376302723292516 0.08684196651746715 0.10774377182527421 0.14206284999961621 0.20033768680645211 0.30301180055685173 0.49040531452097635 0.8417175027069241 1.5068625885315148 2.744988614668228 4.927800769755021 8.406718815083838 13.168146603624784 18.484895303660387 23.03723332554698 25.544893533363428 25.33779885733822 22.544101712602846 18.014792985209567 13.007579410322897 8.632102853038306
0.05173139024603388 0.05177298276059677 0.051808378838552105 0.05183254302736389 0.05184029722942927 0.05182705249515769 0.05178970901053277 0.051727666388735695 0.05164389934018298 0.051546108748148134 0.05144806042555717 0.05137136851346405 0.05134815488463749 0.051425209820734674 0.05167050663664085 0.05218325993991324 0.053109364159880504 0.05466543189016894 0.057177601061938324 0.06114739632197098 0.06736942794115744 0.07715145249123172 0.09274161332742677 0.1181852169715276 0.1610918133927898 0.23635818204530232 0.3740758471147899 0.6360518899105915 1.1482515941248999 2.155321413660777 4.07998336859043 7.491600507415802 12.790685518361919 19.596538173762223 26.46080681446265 31.52282973204443 33.46783907130943 31.896723262802606 27.287974615227135 20.909833932679376 14.439837030294106 9.185830961156109
0.05191749327154076 0.05199440194359509 0.05206366066188441 0.052117265232950016 0.052146798759332445 0.05214453369347039 0.052104780826686986 0.05202536611376755 0.05190911673296448 0.05176530033838406 0.05161109450102134 0.05147335804742341 0.05139121031284684 0.05142017913272931 0.051638968112813134 0.05216031451432244 0.05314821447793112 0.05484551946455666 0.05761961396030084 0.06204165446057494 0.06903099644037157 0.08013042011699269 0.09805118502041146 0.12778972478099632 0.1789836159970074 0.2709881255056184 0.4438698111133704 0.7816242099296045 1.4573273068598058 2.804239381878408 5.370524805661491 9.79087717766944 16.246510565018728 23.769116810406725 30.373366733195507 34.17014531184617 34.20189590085328 30.540854835350146 24.23245522560072 17.092669151367204 10.908239969057815 6.533777065805323
0.05221432075562964 0.052349892030001996 0.052476781730189846 0.05258249220177366 0.05265360204563096 0.05267741774394204 0.05264400291845156 0.05254836605319156 0.05239256100984549 0.05218752332984496 0.05195464386398706 0.051727353105330144 0.051553313160256034 0.05149814956884328 0.051652008154815174 0.052140704919695746 0.05314415285910091 0.05492673407000877 0.05788858572975394 0.06265586508107025 0.07024715114174193 0.08239375126144192 0.10218022735452088 0.13536886388372255 0.19321489484205262 0.2985513456555113 0.49888919289020583 0.893443686972206 1.6825902581126508 3.2336253956936103 6.088963292494016 10.718531770257089 16.89623646738342 23.236101715782613 27.734620558447347 28.895558290135142 26.35334738508801 20.968022954284056 14.561628263109657 8.999066094052187 5.163488814192937 2.905187572371437
0.05267380352305389 0.05290349698879307 0.053124672069748656 0.05331813998916339 0.05346285563270504 0.053538378924531456 0.05352794025119405 0.05342173054302928 0.05321995400813808 0.05293525077114064 0.052594346596956804 0.05223918629214156 0.05192827468911315 0.05173939870979696 0.051775316155150373 0.05217449403772457 0.053129911204845365 0.05492101895724721 0.05796854113879842 0.06293157090521288 0.07088697401375546 0.0836747177311244 0.10458708166509538 0.13978660793803493 0.20128812395538634 0.3132737833510644 0.5251885138747496 0.936948826615057 1.7389983970216225 3.2465946403752444 5.839939525986705 9.6618055049387 14.131410596069088 17.842732265535037 19.272075174283334 17.732779070213606 13.836717500913362 9.184127095989195 5.3162811355275235 2.8226466638286767 1.466695117081205 0.7951845086824912
0.05336532422979721 0.053741613063024204 0.054112147338190114 0.0544479250845154 0.054716415172609015 0.054885200499464215 0.05492663235875931 0.05482286399432586 0.05457043236792821 0.054183609807015136 0.05369611378677397 0.05316138651103023 0.05265237284626141 0.05226235345025555 0.052108851587994234 0.05234305674271117 0.053168002167219286 0.054870670795300495 0.05787766518496841 0.06285366681727908 0.0708819152614437 0.08380761979357834 0.10491278720954837 0.14027450393698349 0.20153012040929627 0.31144697637209107 0.5145751483288964 0.8950108214475156 1.596572556757171 2.81611241299646 4.699227971875145 7.089059977113493 9.30267074312134 10.336211843705408 9.555954425415528 7.276773390894118 4.579521123107464 2.449496806588634 1.1768628334485018 0.5463688773216919 0.26473189065161307 0.14345450651807715
0.05437896736637548 0.054977917336949046 0.05557899357210734 0.05613901005750118 0.05660826793407827 0.05693589926326959 0.057076975925442065 0.05700036025362806 0.05669583121173589 0.056179006587039386 0.05549314236512347 0.05470792516028088 0.05391655137312394 0.05323332223781624 0.05279447758912767 0.05276518899210933 0.05335604863259518 0.054853881843664715 0.05767559515624023 0.06246229427757286 0.07024835937186928 0.08277513395768421 0.10308811577158096 0.13668902367252883 0.19374342154505542 0.29313690300867373 0.4691253347189749 0.7793285043786342 1.305022973775192 2.118475066040022 3.1859595169085786 4.239699823992046 4.794306024857517 4.463833607228569 3.3537060261673823 2.027831357779369 1.0103695643266788 0.4373714230201917 0.17750398100536752 0.07377590671605676 0.03430223152811161 0.019251269067538785
0.05582877394193256 0.0567589896652524 0.057708803126355034 0.05861483052960524 0.059401852486094725 0.0599905475517959 0.060308415396371315 0.06030227753987831 0.05994978409926639 0.05926714162883855 0.05831115853555454 0.057175518831994065 0.05598326476912906 0.05487897436853256 0.054024611574198106 0.05360271088284136 0.05383020419447292 0.05498686094027286 0.05746521597117506 0.06185566014378475 0.0690938616501445 0.0807228314731992 0.09936640577211552 0.129581054522193 0.17932986957284106 0.2622735567468818 0.4004162341476293 0.6242218648638624 0.9619793633360232 1.406025273290755 1.8595228990031472 2.122160174436229 2.003053184142888 1.514529911281577 0.9042070312332352 0.43104453390918646 0.1710454757118225 0.06062154309602165 0.021052412159568466 0.007956066804512421 0.0036305234232228882 0.002182230027667733
