_RESULTS/CROSS_VALIDATION_POSTPROCESSED/MHZ/TZ/4comp/3/MHZ_TZ_z_63_kriged_reverse_4comp_spherical_3.asc
ncols 100
nrows 81
xllcorner 5.5967107548124995
yllcorner 50.982328804812504
cellsize 0.00017565037499993607
nodata_value 1.7014100000000001E+038
[rows 0 to 18 of 81, columns 0 to 43 of 100]
1.7149824118441543 1.6747764582765359 1.6380625972346328 1.6071673842786307 1.5850280869402649 1.5746748374469741 1.577910849688228 1.5941410279656005 1.6207897058636038 1.6547516177744026 1.693357517639256 1.7345723874957177 1.7768607768504312 1.819012789310015 1.8600150782970841 1.8989695700584528 1.9350462577289131 1.9674580335715637 1.9954495431160357 2.0182950937562434 2.0353025464087073 2.045821214713529 2.049258177814341 2.049258177814341 2.049258177814341 2.046506549667155 2.030293210597003 2.0010440277212296 1.9606982262448533 1.9113604680319387 1.855235078411457 1.7945723795714568 1.7316291661249756 1.6685369559343128 1.6069937225022233 1.5495813871173563 1.4988226711035386 1.4569752970401644 1.4259712551221904 1.4072937019969185 1.4018026113074673 1.409567452276773 1.429787940369811 1.4614826683518605
1.687031619580957 1.6420028013277805 1.5996234173831714 1.5624217338880386 1.534342034287988 1.5205944223029133 1.5249436614393495 1.5460874496277306 1.5790507063948602 1.6190790013944165 1.6629529878490312 1.708620557003035 1.7546853482833018 1.8000897823182018 1.8439470464909211 1.885455366756218 1.9238554472545948 1.9584111019335382 1.9884030065573859 2.0131303352362635 2.031917402911923 2.044123594150094 2.0491554244390606 2.049258177814341 2.049254339631869 2.0408981286430388 2.017587594788661 1.9811117546054782 1.9334857599784305 1.8768745227151602 1.8135081441799181 1.7442005413855883 1.671139815463786 1.5976001135872369 1.5266065150295205 1.4609481866715146 1.40321587739885 1.3558295373150584 1.3210023698399784 1.3005837413129888 1.2957720982868965 1.3068006896045725 1.3327803813488455 1.3718031019288777
1.6655150033721513 1.61611855374 1.5680348627995964 1.523397777620895 1.4866134972969383 1.4666649080459555 1.4731804529284913 1.502483820125732 1.5437480377305215 1.5903674199081694 1.6392607648177822 1.688815041489472 1.7379872679843893 1.7859614181248442 1.8320109025548525 1.875440650718638 1.9155632628586945 1.951691464150301 1.9831392913782806 2.009228478905291 2.0292982109812936 2.0427171492834337 2.048896961976187 2.049258177814341 2.0480766592069948 2.033636155397689 2.0040552602634554 1.9611936514813257 1.9071221808580805 1.8422185349435443 1.7673502079277794 1.6862768801228005 1.6025444005456788 1.5194082420965296 1.439829572504149 1.366529698291564 1.3020908754686933 1.249068198595148 1.2100305783265215 1.1873945242071289 1.1829490123372912 1.1972233920636948 1.229151070841498 1.2763173342632002
1.6522571088459739 1.599791736178718 1.5472694201622321 1.4956926919887528 1.4475197243270705 1.413808007315657 1.42615750084393 1.4694281905805648 1.5197229394493905 1.5719127888516895 1.624503331852615 1.6767015890969468 1.7278864544441341 1.7774727024041168 1.8248681027210512 1.869459939746499 1.9106133254428237 1.9476754001327572 1.9799831002286712 2.0068734185247763 2.0276955429058634 2.041824418682018 2.048675308960248 2.049258177814341 2.0454955370247587 2.0258799924779303 1.9909692406920279 1.9422991240175638 1.8779875520169993 1.8006410723924307 1.7143114079578243 1.6228546330674165 1.5298101334450724 1.4383445470170906 1.3512660100170204 1.2711147684623498 1.2003351939852762 1.141517445297761 1.0976256006802596 1.0719523066792098 1.0673851612755656 1.0850364801418475 1.1234255595823088 1.1791558980747234
1.6486123577183172 1.59524229539155 1.541328425451286 1.4872798473048396 1.4335179003550877 1.381457468795927 1.4053940403320135 1.458719669430822 1.512675573969236 1.5667103987994955 1.6204214117385767 1.673385000573265 1.725137183640858 1.7751703654444413 1.8229348414276845 1.8678429683848825 1.9092754361353448 1.946589416231298 1.9791284415389472 2.006233868404795 2.027257736750009 2.041576786867699 2.0486073199320662 2.049258177814341 2.0424223223677527 2.0186391246612003 1.9784217035864833 1.918625562762712 1.842411376329511 1.7540772717859736 1.6578160135634277 1.5575314372014895 1.4567161951624106 1.358396465153593 1.265150329242609 1.179213253423979 1.1026991610278207 1.0379854608142896 0.9882854528655585 0.9581339952831579 0.9526065133590252 0.9741405460949858 1.0201549839183903 1.0852168088281295
1.6549903091518627 1.6031851411015794 1.5516529387528792 1.5017385647924475 1.4567496315716124 1.4281179081477597 1.4381032494011456 1.4768848942994472 1.5248672542707944 1.5757749862896278 1.6275569863590793 1.6791926585370895 1.729956131828601 1.779208273702322 1.8263266150408661 1.870680343191136 1.9116232143712701 1.9484950073644227 1.9806277959719227 2.0073553474578336 2.0280247389347346 2.042009588098366 2.048724393189647 2.0492500501470245 2.0396057309346443 2.0116207849534407 1.9607434635300076 1.8897852611801447 1.8031883518639695 1.7054500732962954 1.6008798416785268 1.493411566880652 1.3864775053103404 1.2829465639139983 1.1851308869919361 1.094872772917247 1.0137491697532857 0.9434989693419046 0.8869390846081328 0.8497496535863738 0.8415262965823536 0.868451308563805 0.9244547601246017 0.9997991719789752
1.6706853735319813 1.6224015293144785 1.575832517066475 1.533304991859393 1.499246647104137 1.4814563007976829 1.4871945736100471 1.5137857692402032 1.5525778581671696 1.5973914289562414 1.6449808660676075 1.693558650997964 1.7419668306480098 1.7893181888179206 1.8348416147276159 1.8778134919512979 1.917527670653046 1.9532843394817183 1.9843890821704575 2.0101579553861146 2.029926409413987 2.0430607673698638 2.048971378139633 2.049109527730335 2.0370329842917463 1.9998466761357832 1.9387640057047648 1.858184842706469 1.7627927800147685 1.65726032257988 1.5460018821088342 1.4329837837701305 1.3215946991200107 1.2145757873627863 1.1140083806133025 1.021360313809416 0.9376064391690921 0.8634916209212529 0.8002325222637943 0.7521484820864005 0.736415875668065 0.7736123940241196 0.843348175265704 0.928843765069411
1.6941623988457146 1.6504440482711893 1.6096619331965938 1.5743281038701664 1.548112698918966 1.5354835370154032 1.5394613682569689 1.5590181647661479 1.5900535482523817 1.628328962849914 1.6707454151017445 1.7152193737351142 1.760294394281777 1.8048599877159046 1.8479893925007411 1.8888520777641444 1.9266683746142623 1.9606877689505517 1.9901809509931632 2.0144402587664088 2.032785487094547 2.0445732256800957 2.049208490685504 2.0489971512195058 2.030444239207853 1.9842597095806997 1.914531779527547 1.8259180099973356 1.7233106997152077 1.6115382735507455 1.495117632593427 1.378065225441696 1.2637681589092609 1.1549116901608338 1.053456517685233 0.9606586697242363 0.8771260827505826 0.8029082246995297 0.737620049602957 0.6806536694468196 0.6390078900092109 0.7053596016596143 0.7868670787050928 0.8780734241491281
1.7235515421118612 1.6846744657566934 1.649428617777762 1.6200395829065433 1.5991902027436329 1.5895171531040093 1.5925346389098587 1.6077471274825998 1.6329611243278284 1.6654139044595198 1.7026113822420479 1.7425711936611756 1.783753985404964 1.8249275206814581 1.865053836672256 1.9032134510849747 1.9385593634774292 1.970291617556979 1.9976454927273746 2.0198887360536317 2.036324872147304 2.04630062850196 2.049258177814341 2.04625915599984 2.0201724226166258 1.9665786596964527 1.8898110854407302 1.794739391424388 1.6864307928024993 1.5698510103005117 1.4496196232088254 1.329826641245378 1.2139103594868415 1.104591547550735 1.0038571082748937 0.9129895746527164 0.8326515109685737 0.7630725200345265 0.7045492252326266 0.6595326246767583 0.6446808413972323 0.6874822259496441 0.7612562862476158 0.8498028585313393
1.7570291130979045 1.7228322604197515 1.6924993918244802 1.6678578993075077 1.6508347804094503 1.6430906813379935 1.6454950949346694 1.6577695108530872 1.6786079544490382 1.7061641340953277 1.7385272962242362 1.7739761416340465 1.81103993807511 1.848466948501077 1.8851596068510057 1.9200381414785639 1.9522529741177845 1.9810462858944093 2.0056831723960724 2.0254440603482182 2.039623869002188 2.0475368461886747 2.0488436763873277 2.0395936016812506 2.0076177429356648 1.94826127956523 1.8660685095886036 1.7660717035755291 1.6534753841519971 1.533359798446054 1.4104424879078052 1.2889044901266595 1.1722806320754569 1.063408249790121 0.9644278381440448 0.8768375985965474 0.801632450797384 0.7396328752783587 0.692299582188879 0.6636784397234964 0.6627163909616286 0.6964134950724039 0.758745494778647 0.8406520218220623
1.7929841510985065 1.763130368559369 1.737063138869803 1.716250965695048 1.7021044000704575 1.6957402531654282 1.697711141736425 1.7078423073508506 1.7252853745773178 1.7487512125672815 1.7767783342190928 1.8079242653128675 1.8406896461020152 1.8737111784344538 1.9060414887615527 1.9368199636901924 1.965244738496923 1.9905521902578074 2.0120026656068606 2.028872565382529 2.040452530880091 2.046051325611116 2.0440266818556525 2.02868060458436 1.99313363207226 1.9302527962951839 1.84447774188779 1.741035590605477 1.6254589902810708 1.5029133363621427 1.3781978968523851 1.255585983105283 1.1387319359745753 1.030639532472617 0.9336816690235866 0.8496663591039738 0.7799690041060414 0.7258068324099992 0.6887852160963811 0.6716623343557662 0.6782864003718163 0.7109574918838681 0.7678094035480609 0.8446049884855965
1.8300378631603629 1.804157190679048 1.781800915527084 1.76415270906207 1.7522769291338982 1.7469697038496133 1.748610816782919 1.7570811417156007 1.7717893927900648 1.7917934720575381 1.8158019938474945 1.8422163142168264 1.8699894374793051 1.8981696612219514 1.9258722100259171 1.952271603104647 1.9765877712719961 1.9980717664621679 2.015994196683783 2.029638052680859 2.038296798416444 2.041366598095555 2.0348679019888967 2.014185109422052 1.9763191262502176 1.9119823444247768 1.8249567476016335 1.7202677242659397 1.6031571094231336 1.479155406923267 1.3533327421812134 1.2300331132934423 1.1130215676510629 1.0054781893297908 0.9100433436349811 0.8288883899089389 0.763786629165674 0.7161935321420515 0.6874023212057303 0.6787626990322727 0.6915983107757456 0.7264488977029911 0.7823253495093089 0.8569836791705575
1.8670026625268903 1.8447543994731586 1.8256656279926766 1.8107033850784655 1.8006970628977177 1.7962431197498185 1.7976191501707934 1.8047385541946646 1.8171620720462862 1.8336716559284534 1.8531241604540247 1.8747006918503566 1.897554592184561 1.9208532675618135 1.9437967153916416 1.9656203652971005 1.9855891845445826 2.002988290522677 2.0171137881463097 2.0272664597788435 2.0327501070730785 2.0335349218736187 2.02262550392884 1.9975321801098271 1.9579743810207149 1.8940094222829589 1.807456365458678 1.7032627467790087 1.5866016034336388 1.4625956299740324 1.3362760987583928 1.2125004522441445 1.0951232713801056 0.9874621491193117 0.8924165923676197 0.8125849686705177 0.750304347191254 0.7074846051445904 0.6852791550208607 0.6839614675682423 0.7032023232489285 0.7423227894340331 0.8002455833260557 0.8754248637521244
1.9028309623581956 1.8839230975858319 1.867756019781448 1.8551333734502617 1.8467211923862328 1.84298533503484 1.8441389284220553 1.8500849903919707 1.8597570902624965 1.8724227679495709 1.8875381362159716 1.9044550553790223 1.9224755007443335 1.9408891582900525 1.958994364706772 1.976105623980122 1.9915519077145176 2.0046698689199784 2.0147957125123397 2.021258997764044 2.0235661708364363 2.022757642584364 2.0084269842399247 1.9799642209929968 1.9386335361668554 1.8768883363779163 1.7925568338194606 1.690438285855313 1.575578246896363 1.452997088890409 1.3274702317695954 1.2034982153459892 1.0854848299372788 0.9768499478095176 0.8806578079899263 0.7999516388751092 0.7379687040985491 0.6978241540483479 0.6812316424713774 0.6874530464156847 0.7142512770358301 0.759509480807431 0.8216702956655256 0.8993870753865546
1.9365729733643404 1.9207625237277557 1.9072485468216105 1.896710482369278 1.889697511644791 1.8865861898043481 1.8875189228985745 1.8915897177818413 1.8982714825095128 1.9073018513357072 1.9182717334392017 1.930672654022607 1.9439389548193982 1.957479678129203 1.97069837574005 1.9830015533324838 1.9937979423377508 2.0024916833432718 2.0084731101837345 2.0111111067519443 2.0121089224671715 2.0099044269437782 1.9932326630423467 1.9625363308378447 1.9191407022662428 1.8608642475704837 1.780540954591749 1.682143552978858 1.5705317046579552 1.4505691862088672 1.3268998603270643 1.2037865040452962 1.0851706337327502 0.9749128906258364 0.8760557997576619 0.7918320323177682 0.7265881532822982 0.6862278555323773 0.6750410773388359 0.6906136479643754 0.7270162587696932 0.7801582617873665 0.8480618077073512 0.9295826626676607
1.9673476186298875 1.954433686706988 1.9433624014987538 1.9347172340215029 1.9289612236597289 1.9264066103837858 1.926394965863349 1.9283106549901328 1.932131685249578 1.9376788837260759 1.9446482387100537 1.9526468032478161 1.961226274377534 1.9699098328136193 1.9782096741186865 1.9856343595286108 1.991686624402177 1.9958538189826645 1.9975947793140194 1.9976157787507023 1.998852064707777 1.9956729254141263 1.977981009996542 1.9468865038470646 1.903344274787061 1.8481213669029248 1.774024548284416 1.6811036106210364 1.5740057998398098 1.4574994697251642 1.3362102099646633 1.2144072143758566 1.0958614662809218 0.9840209530075958 0.881827190511747 0.7918671087673566 0.7185057737877946 0.6723495237597404 0.6678829921076719 0.6973216095879969 0.7457679108326534 0.8077678443633851 0.8818810779034016 0.9675143348850057
1.994325274756166 1.9841401460930634 1.9753436583766673 1.9684435505506022 1.9638373772154296 1.9613199431874198 1.9599219095579756 1.9597465022694767 1.9608084041732965 1.9629918725054818 1.9660762891391137 1.9697651227224369 1.9737140426226607 1.9775543534102589 1.9809086582232687 1.9833965511430023 1.9846293900042389 1.9841952371132083 1.9825610211208378 1.9824010731182637 1.984598275404502 1.982920509423347 1.9672708488345514 1.9380837195677694 1.8961389874147017 1.8424578320611613 1.7756246566787857 1.6897500983745497 1.5885827387757776 1.476767099489545 1.3588664917112585 1.2391190632485478 1.1212509573144636 1.0083602266740772 0.9033104815139834 0.8081293988546077 0.7240470841873267 0.6578764315228246 0.6678598112749582 0.7174303229424155 0.7774435855055554 0.8469060501938954 0.9260634026826506 1.0149499776493032
2.0167198203148207 2.009120282266588 2.0024608612325667 1.997188093227959 1.9935305260483525 1.9903831292257617 1.9876255179457558 1.9854237241145372 1.9838194294938376 1.9827455080604102 1.9820476952052128 1.9815096828768919 1.9808784688327565 1.9798865573025979 1.9782674176484518 1.9757604921498493 1.9721025572439532 1.9680342226103562 1.9662468603070644 1.9681800888772614 1.973455744765177 1.9750810026771162 1.9627967518537157 1.9368330298155176 1.8977921217056992 1.846556634943838 1.7842973698261317 1.7071735993311854 1.6135590237418673 1.5079814073794604 1.3949812696236388 1.278849580795131 1.163421940663471 1.051946574724305 0.9471378379771193 0.8516902012050597 0.7679556961745995 0.7060169380912321 0.7154257346829709 0.7664721808042864 0.8294219474887877 0.9016950811082187 0.9830457525128814 1.0732526827464617
2.0337876361501803 2.028647294187974 2.0240077724336616 2.0202648870650024 2.0169496683945973 2.013126227417698 2.0090560705678797 2.0049053514504096 2.0007348167977677 1.9965137900442236 1.9921396600496646 1.9874611541619074 1.982303152193593 1.9764901542714308 1.9698644566936832 1.962310836484978 1.955336986950546 1.9515740299979256 1.9523046889019346 1.9572047218254556 1.9657575973304056 1.9718180749815548 1.964268407414891 1.94292511770503 1.90816942462444 1.8607189532026853 1.8016496794121677 1.7320919677811735 1.6477951048059931 1.5501950192827136 1.4438530272158456 1.3332043575565293 1.2223608703561266 1.1150271121903947 1.014613147108597 0.9251866253688328 0.8528766094050618 0.8096684824303323 0.810151240703039 0.8468847683797637 0.9037473399383662 0.9735492470056846 1.0536553776597446 1.1427204511587659
