_RESULTS/POSTPROCESSED/Berg/GZ/6comp/Berg_GZ_z_250_kriged_reverse_6comp_test_gaussian.asc
ncols 100
nrows 90
xllcorner  5.6208707817415728
yllcorner 50.959635321741573
cellsize 0.00013419651685393446
nodata_value 1.7014100000000001E+038
[rows 0 to 18 of 90, columns 44 to 87 of 100]
38.67375439004622 38.610680671561106 38.289628257579224 37.72448680920644 36.947286050411755 36.006475352137166 34.961685242170375 33.87616691462327 32.808879149664236 31.808190136336055 30.908434971456256 30.129419382652152 29.478053498134727 28.951058971784775 28.537944756160776 28.22379517548913 27.991651842403208 27.824397568429966 27.706120725500092 27.6229862082215 27.56367474405266 27.519475697626874 27.484127472256965 27.453495213493635 27.425162687293316 27.397999375455683 27.371748383932914 27.346666823598913 27.323237803756218 27.301961854449353 27.283225705835346 27.267238557700868 27.254020922766454 27.24342908418406 27.235198898373465 27.228995392696742 27.22445843420732 27.221238781838146 27.21902237706424 27.217543360033496 27.216587891179284 27.21599151238394 27.215632732405343 27.215425046966
39.89321001615284 39.80924584606916 39.45370553506694 38.83604849960551 37.986162929864 36.954032603747756 35.804092317842056 34.60633301722507 33.42693857391229 32.320781162381465 31.327134303074732 30.4687676385114 29.753611762689946 29.177817302957486 28.729218291221738 28.390593019555894 28.142431700372267 27.965106297966557 27.840432985854807 27.752668918469126 27.689018080820805 27.63974259000256 27.59798404174131 27.55939381983869 27.521656488277785 27.4839735434614 27.446560424673127 27.410197785531782 27.375866204084424 27.344480208515282 27.31672351575168 27.29297499621408 27.27330620414559 27.257527306283478 27.245258611679517 27.236008525471934 27.229244157726797 27.22444661998579 27.22114816435094 27.21895212873178 27.217538946594605 27.21666239985852 27.216140182320313 27.215842107085287
40.80199622448505 40.694474862623686 40.31353876758991 39.66168775246913 38.76421832670347 37.67053678356342 36.44798477251854 35.1714727416571 33.91270695274057 32.73165683564666 31.671591934921917 30.757808707396695 29.99923097766486 29.391662756145813 28.921595761412295 28.56984988585452 28.31468212574543 28.134229767199837 28.008272636763394 27.919359370307745 27.853381740790972 27.799709192812106 27.751005415653356 27.702835282578253 27.653144039890527 27.601669405204206 27.54934017789687 27.497715314761905 27.448512687281312 27.403261286478898 27.36308830348129 27.328630883950606 27.30004706042854 27.277093266587805 27.259235994097885 27.245770360311404 27.23592618779537 27.22895054901476 27.224163061910193 27.220985647002482 27.218951700732752 27.21770090863166 27.216965708952166 27.21655431114834
41.33132690934457 41.192983309991085 40.78960111018819 40.11730681580731 39.19658531568896 38.07476072905777 36.81950940082873 35.50758764043278 34.21321810705197 32.99895538848329 31.91029409269631 30.974084039051537 30.19995339401016 29.583545994752292 29.110459081450994 28.760106791397398 28.509085797418145 28.333857644991095 28.212690048122706 28.126876624006552 28.061328900682796 28.004701373198813 27.949226340616136 27.890379320040417 27.826413004484703 27.757760036897388 27.686333930037804 27.614809009152886 27.545981038403067 27.482286780660264 27.42551451337733 27.37669437219977 27.336130187185326 27.303523901518684 27.27814520626858 27.259007676908336 27.24502447203665 27.235128668427727 27.228353620371752 27.223876265949166 27.2210307564154 27.219301471632413 27.21830409935012 27.217761823314774
41.45190000497351 41.26584877935999 40.830912557043966 40.14190216932403 39.21706921550038 38.10071783163386 36.85731396775518 35.56084219838178 34.283566769599176 33.08697111025029 32.01619671014429 31.098137598210474 30.342509840854166 29.744819672162215 29.290191719617148 28.957298275599392 28.721922793685863 28.559871709569485 28.44903818036179 28.370533692825635 28.309021768780607 28.252626009453657 28.192818656732797 28.12443332951411 28.04561289189999 27.957419431167217 27.863037778557313 27.766755255904492 27.67298890793076 27.585555600133215 27.507252233308233 27.43971760062974 27.383503084464195 27.338271257357754 27.30305130738776 27.276496970728147 27.257110926203133 27.243416602249276 27.23407235245121 27.227932991418868 27.224069521998096 27.221759993679917 27.22046374684742 27.219788927901888
41.1320187550666 40.87161321542021 40.38897011549957 39.68345693314083 38.7735855641912 37.6991262784644 36.51699486785328 35.29294525915457 34.09205492342573 32.97048590589602 31.970001884446503 31.115666286106425 30.416313384809225 29.86696415437863 29.452345575678606 29.150869122390148 28.938577004262946 28.79252246984266 28.692918137371365 28.62355506569237 28.57077736017672 28.522280992060534 28.4671183353121 28.397100375158047 28.308405582895528 28.202045765330663 28.082859343118205 27.957691044420784 27.833614055562194 27.716684108218637 27.611306900481587 27.52008995025248 27.444006099908734 27.382722628307693 27.334989574803075 27.299015364679914 27.272785691451816 27.254304200780094 27.241751188775464 27.2335689613451 27.228489621456674 27.225523431001207 27.2239246846748 27.22314864414382
40.295087636900575 39.932360473901475 39.39482113754765 38.68622865964685 37.823256110568124 36.83756399061778 35.77395859046431 34.68504353243057 33.62409463793602 32.63813691196558 31.762727084522307 31.01914372226749 30.41395762038534 29.940570285663203 29.582305114563486 29.31679358992646 29.121287112056564 28.97774828367502 28.87544089585598 28.80882038517491 28.77137830698387 28.750128308129376 28.725911665847427 28.6797727046329 28.60024591719299 28.486367215175378 28.345655008263943 28.18978605181063 28.030734343842074 27.878475208441632 27.740093827986083 27.619764826567987 27.519164291793274 27.438049779187256 27.374863469436455 27.327278842552477 27.2926481793838 27.26833335935216 27.25192144609045 27.24134009023228 27.234895506190732 27.23125801557459 27.229418060288644 27.228630813309607
38.845404145489255 38.36449249436449 37.78566924742005 37.109753425955134 36.34457107432229 35.50803634111118 34.62835847098521 33.74121439366823 32.884838659717595 32.09443533004569 31.397197034994434 30.808751883433082 30.331377148790352 29.954141082522888 29.655420744977867 29.40872140487814 29.192288205024656 29.00003607949898 28.846410700017895 28.756971203563108 28.74628232617042 28.79899121339728 28.871294028761596 28.91273505029136 28.890213326569935 28.79721231965155 28.647444834499186 28.46306921516345 28.26576455969253 28.07259086904996 27.89510894528683 27.739970975184875 27.609957167883 27.50503910192597 27.423329555399324 27.361873801701325 27.317267321181532 27.28610031171432 27.26524300020154 27.25199719013029 27.244146371990585 27.239938099943 27.238028885714343 27.237415260708207
36.73573767056372 36.14707305900304 35.56164812587147 34.96978080280361 34.3636810264623 33.74221234814548 33.11309489398286 32.49225323158802 31.90077432739862 31.360373641685662 30.88834328616184 30.492762000705554 30.168544402046983 29.89516770091369 29.63816599348427 29.358427621702294 29.032816296415824 28.680654811314326 28.37445636739399 28.211272564055367 28.251896635277223 28.472303686346308 28.769522576804135 29.019908359988378 29.142415520073893 29.12081046036769 28.984267716835284 28.77704799582728 28.53908837390978 28.299462956316706 28.076667252363464 27.880935394070967 27.71658535547038 27.58391747892543 27.480680602722817 27.403189981410815 27.34715638211691 27.308265602083637 27.282544207911712 27.26655184915398 27.257444674795234 27.25295408799878 27.251319759447846 27.25120693448666
33.99014742754358 33.34445775097964 32.80773086028062 32.35784961133579 31.969846784207366 31.621922465766026 31.299765634351512 30.998236160899438 30.720209882777556 30.47296278191512 30.262731067388298 30.08805979145465 29.932573209975192 29.75877768464845 29.5079142671508 29.11650392689792 28.55957251143517 27.90631272616132 27.334194084455465 27.05639648404286 27.198208724402416 27.712336873459247 28.395092950137858 28.99976979801885 29.366297025515408 29.46726568979451 29.362613944217163 29.13450956159118 28.851104229182567 28.558340348453903 28.283660420422525 28.04160820818518 27.838242305926777 27.674186755785012 27.54673859025672 27.451363178088396 27.38275710452653 27.335573185092827 27.30487121194213 27.286352341239528 27.276435505897272 27.27223193753283 27.27146642167503 27.272382349384543
30.71378331698689 30.10115050970874 29.684657397485037 29.43365687100129 29.31056890632394 29.276438915745786 29.297077502644104 29.34733364599979 29.41218661394759 29.484310501251425 29.558303046184797 29.621915009273103 29.64488496462405 29.568050510266307 29.302269694651052 28.75772242173371 27.92010299497687 26.93718568999867 26.114558211479245 25.776207508492615 26.08838901280838 26.962697624618105 28.08446837391212 29.07393464458547 29.68890432521417 29.899676340741472 29.808951517758146 29.54373437439782 29.202218318170768 28.846810706510407 28.51310046014277 28.21932342853931 27.972883632767783 27.774476038522387 27.620768164416344 27.50623471481084 27.424435436045318 27.368876351248 27.33354024530404 27.31315958120351 27.30330363380935 27.300348152898835 27.30138644546823 27.304126285131208
27.21603515560816 26.697550717093517 26.444842001534948 26.42132425941736 26.580888809263314 26.87151051108222 27.242330423574245 27.65024354544108 28.063413579488806 28.460447235864926 28.824837373455214 29.134769325952583 29.349157056573095 29.39416496986244 29.164338140028732 28.56580617767044 27.61547920598902 26.53239552032991 25.697038280393386 25.467891650487083 25.996102951489082 27.139775781577946 28.507666929821834 29.654985749636243 30.323166654761874 30.50985089820536 30.35467113349435 30.010389622269752 29.588812647898795 29.15885922623654 28.759185117990256 28.40934056376514 28.116997184710748 27.882425738182214 27.701421464422737 27.567332231530646 27.472486845043786 27.40916246876149 27.370179541177343 27.34920487994398 27.340845563253424 27.340613627559527 27.344830870146986 27.350525495656434
24.068042188192575 23.570744729485927 23.429955975310353 23.59515946698015 24.005368888562877 24.592386686802932 25.287808243420002 26.030598406497006 26.77238780626057 27.478395708960996 28.122923658344824 28.679491209244567 29.107321277762644 29.33998779497451 29.290966886994596 28.8985357810811 28.211669752204287 27.452292341490743 26.959325669072946 27.022557011376275 27.7219455955417 28.863907446126802 30.060372086987442 30.94042334444031 31.33983105555091 31.307988613592197 30.98821469839015 30.51808462411694 29.99559471835604 29.481891970063696 29.012147363158284 28.604409141917657 28.265447893227343 27.994640328681164 27.786729994346565 27.633873970199225 27.52714376498458 27.457561445127 27.416739204389025 27.3972019867221 27.392483761540205 27.397088695232274 27.406396997822647 27.41657432775675
21.637149598774904 21.037262146716937 20.912414830991143 21.18919135518165 21.78469497474235 22.610523945895437 23.57884055287012 24.609917651766857 25.63881142252395 26.61836277432265 27.51679447013091 28.31014038508633 28.972172381230987 29.467739350124084 29.75922427921107 29.83493363136423 29.751839256813913 29.655642826989126 29.736362431567144 30.126462939122217 30.806314960432964 31.591356516208393 32.228927558896395 32.54018986908071 32.49004910321579 32.150626168642724 31.62858212380195 31.019112629006074 30.392469494972506 29.795758550327818 29.258031542502298 28.79479648215268 28.411570639265566 28.106776664666462 27.874164693146046 27.704795584325293 27.58857148511048 27.515315378845216 27.475439347476822 27.460277422336464 27.462181412640884 27.47448282926821 27.491411797505478 27.508038884324854
19.70176923548341 19.030437885151077 18.923056449275354 19.287958265838423 20.027918681021987 21.04142365053746 22.226566674044303 23.488638287437208 24.748924424366848 25.950813277210226 27.060523875343804 28.062526264437 28.95239237804539 29.731242605510662 30.405326561332043 30.99083048993792 31.518427039764635 32.02844457810149 32.55119640838601 33.07927965408235 33.55284778184186 33.87844347046086 33.97522456088095 33.813412697799464 33.41845559995822 32.84925114204991 32.17386263508402 31.454799455966658 30.743015865434163 30.076441120810237 29.480437796773355 28.96919560899321 28.54767703954293 28.213828505315075 27.96077837198298 27.778791299863038 27.656831900435037 27.583680467429204 27.548620937831313 27.54177784144014 27.554211499881852 27.577888789985987 27.605632952517485 27.631125589206796
17.985626905983484 17.381715731470386 17.37543307987099 17.867358618742816 18.75598143700472 19.935035420717416 21.295546816018586 22.734085548650086 24.16410616881994 25.525214402805002 26.786476245265973 27.94305345053108 29.008101855017582 30.002634564212112 30.94539511528692 31.844252071151054 32.69099691247258 33.46124995096066 34.118893449613815 34.62251527711263 34.932884762072035 35.02195562091038 34.88123476946248 34.52517741135917 33.98812992048882 33.31735816571471 32.56542220976564 31.783650592186497 31.01724405197968 30.302134512675615 29.663587751996996 29.11634939108395 28.665937859314884 28.310592499800467 28.043414266389995 27.854347379714 27.731787476237564 27.663728616419014 27.638462462956742 27.644913791034686 27.672736660115905 27.712305896148372 27.754722018171552 27.791910376468014
16.56383953929879 16.11348110456836 16.26568682672211 16.91969986706579 17.97182391651967 19.310272990595774 20.81803624507737 22.384453017944754 23.920130101090134 25.367861380867147 26.704961806671523 27.93684458187476 29.084682087299242 30.171137666577984 31.208359200177316 32.191702705808396 33.10025122968801 33.9019754972134 34.56016628245178 35.039458144109 35.311537895494645 35.36035557875138 35.18571989201444 34.804300121258805 34.24793564203243 33.559807717606134 32.78928047434392 31.98632190483216 31.196442403613595 30.456935768105016 29.794849376614025 29.22667002291804 28.7593585968495 28.392197329132358 28.118921809882757 27.929729409098027 27.81291315444546 27.756017676161232 27.746531021087357 27.77220813106333 27.821168525668693 27.881922952466176 27.943463880069526 27.99550861266058
15.576557162140217 15.314879915881171 15.648534863185143 16.478736963884746 17.69901226543128 19.188214172746147 20.815954169444982 22.461090131475366 24.033650512480424 25.486618864429573 26.811590261335827 28.02375301553593 29.14589485543853 30.197538687458763 31.18984046797848 32.1235618032299 32.98769638781203 33.75911124300469 34.40519377967979 34.8900037382056 35.18203642826173 35.26103442034396 35.12226244040455 34.777873587004954 34.255668031703976 33.595759376056535 32.845767154936276 32.055321867201805 31.270814316993988 30.531264291087524 29.865865547696373 29.293305010868277 28.822546211089872 28.454540131099275 28.18429873857434 28.002877902619133 27.898986809692627 27.86010859425202 27.873150715293992 27.924736081194773 28.00129841665276 28.08915915231209 28.174739328660042 28.245003441881018
15.072849788294265 15.02788278709033 15.563645167464493 16.582311727827474 17.9712893353442 19.595979649206182 21.30844973319353 22.974411433576876 24.505802770318002 25.873940802167862 27.091860259028337 28.18519390629808 29.177240142485918 30.0902599798969 30.947250526932457 31.765034295996543 32.54435166555176 33.266055131727164 33.895605257232134 34.39226233252266 34.71872047386542 34.84865371444877 34.77125882365373 34.49283902134466 34.03587578468314 33.4360939672174 32.73802921984477 31.989744218718474 31.237541287995064 30.521563682331454 29.872940275272963 29.312690693386962 28.8521684545848 28.494537526729513 28.23670012681957 28.071180401904268 27.987644407325607 27.973927387701348 28.016595331063044 28.101172633635947 28.212224906751466 28.333499986700023 28.448301349585968 28.540198894680902
