_RESULTS/POSTPROCESSED/Berg/GZ/6comp/Berg_GZ_z_125_kriged_reverse_6comp_spherical.asc
ncols 100
nrows 90
xllcorner  5.6208707817415728
yllcorner 50.959635321741573
cellsize 0.00013419651685393446
nodata_value 1.7014100000000001E+038
[rows 38 to 56 of 90, columns 43 to 85 of 100]
15.829520830243935 14.88019499020215 13.913612453248328 12.95141672031164 12.005851685352544 11.105123902724817 10.286092138047657 9.577222123417778 8.998278343189428 8.563002750259349 8.288262874830401 8.167012927757844 8.22248569303902 8.476958180404926 8.643294314161603 8.564230987519805 8.319833524696914 7.974255545713037 7.555168582080185 7.1077046526152 6.65408873063155 6.271424617711352 6.001456887882132 5.817192065336471 5.688631765075327 5.5954194872278675 5.533064565939422 5.5162288045836005 5.580897247026788 5.777843948337623 6.21680144226214 7.016159879082543 8.263575935015997 10.02318558906377 12.292682783702539 15.01710773565447 18.0531791194446 21.11601847866452 23.71046720628082 25.407647939150618 26.243868931334102 26.521925366851427 26.524367481574057
15.422110234482844 14.501533452260496 13.520018008212803 12.519025258422303 11.52963344898825 10.58486574408404 9.721216304542391 8.95936599813162 8.323872075723683 7.832877156433621 7.494946135933861 7.335955161963933 7.451128224111582 7.804875314186617 8.050522382962322 7.843403197211781 7.551668028150736 7.208278609486774 6.834720596576001 6.4421159138594195 6.037866481442879 5.715149342412905 5.512100908590635 5.394851174209892 5.314675244199789 5.241645039630056 5.168469205434162 5.108738202468579 5.099276019883054 5.209569841850499 5.554533429951615 6.2973601798867795 7.556244378151026 9.435747249273689 11.971108365361273 15.140985237441123 18.79999740227095 22.63063242113585 25.870268798141332 27.643297840162557 28.03714229898649 27.78700393244687 27.33740067689271
15.101142828547964 14.174102277319319 13.162505365891425 12.121383877085968 11.08826798269221 10.097380388349537 9.1731356375233 8.340645234638538 7.62196143270399 7.041622100760603 6.623624847848417 6.444763064622607 6.566121839998148 6.895899599849664 7.11458677927482 6.987390166374826 6.756700164997207 6.477975393113734 6.165029315422657 5.822907861282834 5.462274002725491 5.180496584335905 5.05543649397964 5.028803122844106 5.007556535297161 4.956939405411218 4.868704804938339 4.756463873158969 4.661201054400782 4.660627375173801 4.891026495930134 5.560593289303787 6.826389056537768 8.81184575616249 11.584135631180732 15.156889382974931 19.44868468451208 24.230498948683852 28.576233610258576 30.23066882775075 29.749886013224476 28.842322440446544 27.951602873738295
14.881683669536812 13.924046245118188 12.864686457031748 11.783827956168485 10.70241201480962 9.639578291004316 8.633776917456844 7.715124257956642 6.908337444577996 6.237692194050114 5.743990554637278 5.538088572493271 5.640152680596307 5.905858504257341 6.106699632474962 6.130447383967288 6.022651407708973 5.839554313809831 5.605173716994808 5.336338993973679 5.037868573450209 4.76898702235815 4.740482048071729 4.806030249507928 4.83495004341844 4.8053706516106836 4.702130201615763 4.5263536859676305 4.315454856743909 4.153695824216366 4.207924824896084 4.777616274636027 6.0919872202614345 8.221078073692789 11.178118232228085 15.003617271396083 19.6659553421397 25.06370926442133 31.024868650345493 31.996034107502314 30.619819860990287 29.304415157252368 28.165047434779694
14.721281370874634 13.71403713479511 12.598086714260118 11.453639083588023 10.3089238777456 9.18175780599299 8.110690690000874 7.124601990624421 6.243630187160647 5.490752732928384 4.945961836136142 4.711093385922694 4.810817619179217 5.082416868054234 5.307224802559974 5.416192405667234 5.409658064787714 5.320925059895282 5.178580386245122 5.0071008343510455 4.821511533773999 4.700327053685848 4.721412549401646 4.818624693553361 4.884275027711184 4.867154691685853 4.7397126447603295 4.498279649821562 4.162854127263138 3.790333305074398 3.5589952653747376 4.005213897689974 5.4630513352451215 7.7629805143304225 10.860907895453481 14.737495042033105 19.292233451568 24.247722553945568 28.700569937284996 30.453400635710576 29.99983426548567 28.956651751915114 27.87841293993834
14.531436249352206 13.4735835297462 12.313236618956243 11.108060571994812 9.911986707344987 8.750540559952077 7.6439910103350925 6.617589050319104 5.7041127488766445 4.914503457373347 4.3185128835798485 3.9961314398489156 4.124628195349016 4.458538614105738 4.735897281291075 4.900889087961958 4.956384195869818 4.935014610292893 4.875627629179808 4.8129883895463985 4.763871279761132 4.788079337523475 4.904131516377326 5.0639691354062375 5.19148809640443 5.21748187727933 5.092035446624316 4.796445778196547 4.349526498784615 3.8008223567447215 3.2020939249808387 3.518995718023539 5.281367407406883 7.680026838514707 10.763999897798747 14.493867305266761 18.654168422261776 22.78252835902264 26.210321214901043 28.10138079820163 28.465246832485562 27.985539801016795 27.170943447774487
14.296835303901922 13.200127253721169 12.002530495104638 10.759955596263064 9.538897468117591 8.365238051941517 7.258940166030214 6.258487227275447 5.366589811793319 4.5875884570485725 3.975121767526896 3.4855569654134757 3.723092100331074 4.11803713148957 4.414617509017367 4.597974401939702 4.676459022791416 4.684502622617419 4.678678459214847 4.722520745910978 4.823462827003541 4.998961073651131 5.253138440031746 5.539073988691942 5.788963380517867 5.920193356673882 5.854936921615106 5.557682208393025 5.063934344532306 4.4858484576820725 4.055847528454063 4.426087615777838 5.915097263381886 8.157910057841145 11.034134810093587 14.430163938248022 18.0849964358712 21.538136255478005 24.304375382137216 26.07122956810147 26.77452141602471 26.717935184828782 26.22812929222239
13.994934544958118 12.882213263778628 11.66670156574086 10.416405483271467 9.200654824493009 8.044949564911393 7.005031666264768 6.072335550871552 5.243351410986482 4.53988340895531 4.021202258190475 3.7220110172928527 3.803758902347598 4.089060447830563 4.3421168745961385 4.508688383621609 4.579864725504553 4.576905579511072 4.570881152785102 4.715830905226217 5.00454039389141 5.355305881377797 5.785486635005707 6.2600251077830515 6.716016468039919 7.052064379161482 7.14449443784854 6.914098840464193 6.421200448326843 5.8770891564537155 5.59348474116487 5.970592702403069 7.18961054613057 9.137493606469556 11.667679684947858 14.624251716725512 17.740067898635953 20.630856642855427 22.940329666163862 24.4664979231818 25.2411525829811 25.41413705110748 25.17508997487507
13.705142615243648 12.591183290848635 11.377007962059773 10.139108450801528 8.955776066682413 7.881981068108068 6.929284106573802 6.082690436539591 5.3289039951299415 4.714728508571229 4.283539572311821 4.064211853090067 4.094670055089454 4.2909291443183335 4.4880571963667775 4.628700881242678 4.689144046185622 4.666389865007557 4.573760428088639 4.839989498745009 5.362128931182882 5.893855358849865 6.514589233256348 7.227114586288256 7.988340749191913 8.685886770146475 9.102172077551353 9.009712995824675 8.468660601816486 7.844952431930127 7.511884730086142 7.77616775786277 8.7612661742517 10.397592702207104 12.538908294436787 15.026207004545029 17.620800424793686 20.01155215076163 21.946701246691543 23.25662154206821 23.954964579894316 24.20332554089482 24.110002820762542
13.473046438129643 12.373725614027366 11.177773802830503 9.968648220755059 8.868931195564189 7.891018124546751 7.022644111661412 6.2549844282053835 5.577244439203974 5.0263684697151145 4.652695969046831 4.468251754728896 4.480239036665185 4.641700687966648 4.811802490084953 4.945689562413471 5.024709221891101 5.052790398585337 5.089771146506791 5.406775009850792 5.98606760493963 6.63939507413024 7.423493708340037 8.388043920737308 9.53685388053971 10.80083599201107 11.85715793579243 11.981490047251558 11.144119129830681 10.198477350008146 9.636814372775843 9.694646482863126 10.399368036944958 11.712771282826417 13.482475548203182 15.52479440073548 17.645691997635588 19.594341889851048 21.192479421260384 22.319140023136992 22.91540859788548 23.14691902014346 23.111661470870576
13.323996395139792 12.24265712121527 11.071492213537903 9.931493715809124 8.923078016823407 8.032810534399186 7.245597733423943 6.55939301259655 5.946653176606283 5.439629596831615 5.104720886474864 4.94163588253633 4.949032125952874 5.10599665255347 5.283952953218635 5.439569836150169 5.57012223884588 5.698522887094165 5.8932553249853 6.26802550637196 6.84517144285138 7.561746218691246 8.443005983727012 9.601549076195411 11.102017132534106 13.015027628216183 15.27445008234895 15.777359906605959 13.973190189005955 12.517390090181033 11.672402507964867 11.499964843896757 11.932286471795093 12.912686178486432 14.343164740304365 16.001554922749033 17.714795879163912 19.283378553859436 20.586798979438072 21.533922970117402 22.06860835685412 22.23785625247774 22.2072820255682
13.266620052955226 12.194979097459878 11.051921437637562 9.99728095994777 9.072894727355903 8.273449692512065 7.577227075167525 6.97818781292707 6.414300152047102 5.943725738640784 5.638576338002621 5.493302477121462 5.504306654259878 5.667196896104962 5.882615054335583 6.083216928211614 6.280225251760417 6.502158677531273 6.798579911316086 7.229614475421593 7.820217158544319 8.560220326823927 9.4599567686276 10.665480184445801 12.273468598501973 14.36906726242487 16.892119805415717 17.560837473073875 15.71658979776468 14.19428668462307 13.272997990413291 12.963611261352668 13.194202329759646 13.901936088205222 15.01425197501959 16.359929273048756 17.740885479537642 18.996065124606332 20.052688330565807 20.844327434436412 21.31860576156636 21.446848050091283 21.389394808700473
13.259397625929628 12.187722558909183 11.104235896254508 10.13487698619821 9.298742455066256 8.594362773926122 8.001795766761632 7.487645828730165 6.975928595929787 6.538635533546799 6.260177999866295 6.1329497945340705 6.1527872809561925 6.318596736172215 6.587510987280629 6.846704277918167 7.110347110128353 7.406081869061223 7.769923374432334 8.235388260910053 8.820128350724097 9.529279926204225 10.369086894365577 11.43499610550437 12.837991145623548 14.521328559987664 16.1019514362888 16.632020133364186 15.935287586087343 14.944065512153475 14.23592473022933 13.949812764033181 14.086685201905338 14.609319037367847 15.460541663606634 16.544002823840664 17.662368475637752 18.67223494379518 19.534469287304507 20.20362768823816 20.618951189547616 20.738681312307016 20.640747282039946
13.293642009130174 12.230752884351972 11.217155180769057 10.32769721853688 9.582374975367477 8.98155683768705 8.50657967916827 8.079183539200912 7.632436546656097 7.230040400539199 6.9786781956807795 6.87166349984495 6.9041787686139235 7.074968975497666 7.380879942428018 7.7036672504537895 8.023865833055135 8.373340438043439 8.781030405608545 9.254438656559163 9.792355994287194 10.400143413453982 11.091482910884071 11.89530232672689 12.920764457085001 14.08878954410156 15.110549274556675 15.594586419319114 15.45017759614418 14.994409736622305 14.60874171684107 14.459552980925194 14.597321656479451 15.017829951473372 15.686529472775296 16.54759356160623 17.45124610448941 18.276021142642776 19.002867509892553 19.578853576378645 19.94481336054428 20.060937542544707 19.94163906023875
13.371649547134096 12.333268334466089 11.385633802636692 10.563499080748747 9.906598307658692 9.426153463228758 9.081579638781022 8.75273669112854 8.387552022543767 8.026996841485046 7.80503992957742 7.722117189367037 7.77204805662678 7.950414277850121 8.256520017062565 8.63843115674788 8.993741315747995 9.37765182727123 9.822088603388025 10.281422651277632 10.720402406586766 11.147607601448454 11.596084984902559 12.102875593854147 12.719213681054278 13.465318800082635 14.16878867484943 14.625336327427888 14.748413268859581 14.661649331390377 14.570640367453084 14.590917929699215 14.781952618549003 15.159087823652282 15.707008007124355 16.388565678904044 17.12408804140435 17.806243830988645 18.440439917848668 18.950341645337236 19.279498447646525 19.39190713049332 19.27399922194222
13.484586790959996 12.500495663473465 11.616956861333328 10.838609664192091 10.253584450217616 9.930817237007322 9.73553004653504 9.51599114042463 9.248142847000961 8.941564375576593 8.751580274082544 8.698545027196793 8.774532584343318 8.969890204016515 9.272042424796037 9.66363359826493 10.011740279030356 10.398830244050979 10.922171788810818 11.35509509171114 11.628352170029077 11.784242879051634 11.901157630910596 12.06626674519308 12.351447370138349 12.780397839212934 13.298186317936253 13.743281849238178 14.008660886702176 14.170621963578938 14.30241024820158 14.472593595926817 14.729078723688124 15.092628808970273 15.559633551592178 16.106961808332947 16.70369742548193 17.30377482649339 17.855497346583896 18.30973258671594 18.614110712623386 18.725210226193813 18.623378226450296
13.633762190917087 12.73658959516339 11.945315357314112 11.216914462267026 10.632184067803077 10.54998724921107 10.499374061980966 10.386399835670407 10.218295013040937 9.984633770707273 9.827905070146564 9.811737010215309 9.927405431082738 10.16157940243143 10.491223891369895 10.872125702127743 11.200944420766579 11.49944434351489 12.233856749196864 12.57455059842937 12.575124069853613 12.349096013309588 12.038432509993605 11.805589107431864 11.81188776585636 12.077957713686953 12.509190912129275 12.951524667702834 13.335197560674713 13.659814687282301 13.942979295464244 14.221840455811854 14.529829026878458 14.885791580642188 15.291460321061498 15.733912762610917 16.239854804632813 16.78901677343233 17.28241658762732 17.681451372857993 17.95026523426899 18.058506926936847 17.976113668747935
13.816206952836248 13.035830729728886 12.375925409995059 11.825641842035651 11.456384140020674 11.367703286703366 11.394485600147163 11.372708985470311 11.297836696469078 11.156801372361294 11.033708680973845 11.06017939424495 11.231256348099269 11.535809004522932 11.952085500627987 12.433570491608673 12.94059095212047 13.513250895071291 14.008320015554265 14.0517305301522 13.627120921287347 12.900663849032105 12.061815375873215 11.344561907794501 11.075239548871199 11.340377812848711 11.82760869848006 12.322013853853504 12.798791803226603 13.220334304088249 13.590276227115961 13.929822289280239 14.261492535995309 14.599963352193903 14.94942785788653 15.318420179592735 15.769299515676297 16.2837179305895 16.734935893485673 17.091994222143907 17.32592085488718 17.411839195285374 17.330992528076074
14.017621648891195 13.371764407567388 12.857409923622686 12.498934060822242 12.30305243897929 12.294205582607526 12.389436179120386 12.453911071094923 12.474691093580887 12.430883737223072 12.355546720847677 12.424328278472037 12.659806894932688 13.05900793402148 13.608620211996644 14.288981043042206 15.068133203989648 15.83935834121898 16.209725504193038 15.802974415704258 14.810264897825853 13.515416977868574 12.106428520342478 10.772183621288322 10.137615614137964 10.631403803099488 11.320116861554528 11.94302950013168 12.461579303760452 12.914385989989244 13.309269256363182 13.660028239331941 13.981440939526316 14.285913161950518 14.588859949874186 14.913806595639176 15.325811789964531 15.809624218747508 16.22725696809033 16.5499788258015 16.754274650595686 16.81952813626921 16.72979641607758
