_RESULTS/POSTPROCESSED/Berg/GZ/6comp/Berg_GZ_z_710_kriged_reverse_6comp_test_linear.asc
ncols 100
nrows 90
xllcorner  5.6208707817415728
yllcorner 50.959635321741573
cellsize 0.00013419651685393446
nodata_value 1.7014100000000001E+038
[rows 54 to 71 of 90, columns 40 to 79 of 100]
0.00020870919776534762 0.00010445711701325254 5.016397784118327e-05 2.317962478414517e-05 1.0354733885384759e-05 4.500205257308583e-06 1.916872716748113e-06 9.92716549033969e-07 1.9950876825279927e-06 4.025418485156198e-06 8.215909291074724e-06 1.7079609921556576e-05 3.6373571874042355e-05 7.969542088379067e-05 0.00018004372385520932 0.0004191411303147752 0.0010010724496116977 0.002429518519160232 0.005893305734875814 0.013943992426415861 0.018861227950435187 0.004993663064759984 0.0012279019094340012 0.0002904150087165696 7.001793261982363e-05 1.86001114358269e-05 6.022079732022083e-06 2.638271051525751e-06 1.6235078693810942e-06 1.3218645003903625e-06 1.3049960776813743e-06 1.466567723923564e-06 1.806503478399438e-06 2.3830175166104015e-06 3.3129450702943434e-06 4.793283786750962e-06 7.1384484300874145e-06 1.0831406417113447e-05 1.6583695619069484e-05 2.5391841265828932e-05
0.00015525891771157416 7.964169867259267e-05 3.9628046163262605e-05 1.9232762963906827e-05 9.201751040222716e-06 4.442503707459222e-06 2.3280744039566803e-06 1.760398227373221e-06 2.5152027197357217e-06 4.727260718619145e-06 9.643312724262719e-06 2.0525270325742792e-05 4.520982478681974e-05 0.00010290650561247383 0.0002418695816260752 0.0005852904066852791 0.001446582331682366 0.003584371319290256 0.008513270579231472 0.016931619339560496 0.017663530807767003 0.007066258738523741 0.0018180569828349213 0.0003943429592904623 8.163932734449866e-05 1.7847649663273377e-05 4.731152442504192e-06 1.8844865854363419e-06 1.2356318448587016e-06 1.1224952885337708e-06 1.205094813352733e-06 1.4245198174862916e-06 1.7986438444793978e-06 2.3876797223330525e-06 3.297279187079901e-06 4.695691099869613e-06 6.8408307338866514e-06 1.0115716995384026e-05 1.5068770511941235e-05 2.245120037589945e-05
0.00012304720339988322 6.577027672016217e-05 3.460989350488274e-05 1.813577290674079e-05 9.665288168837008e-06 5.46482800717344e-06 3.579048641171441e-06 3.1367273152532036e-06 3.967412774767315e-06 6.540338046993537e-06 1.2436451591352916e-05 2.5626328133122702e-05 5.57280036697674e-05 0.0001263573914047059 0.00029640686554514286 0.0007129068139825619 0.0017307953368992197 0.004108509806924668 0.008890337601888353 0.015022291255979842 0.015201933665904305 0.007699120260581393 0.00221587371778611 0.00046971680870366297 8.827626305997855e-05 1.63156480821012e-05 3.3058363840415677e-06 1.12787341059878e-06 9.283437934469693e-07 1.001912569042138e-06 1.1740557106442113e-06 1.4464569079697002e-06 1.8548127835413683e-06 2.4611445699714153e-06 3.3619152995488228e-06 4.702694352722545e-06 6.698420516875968e-06 9.658546141978275e-06 1.401475039732247e-05 2.0346321823349323e-05
0.00010287216792726006 5.793079733124807e-05 3.261201051405794e-05 1.8651516678204068e-05 1.1127752228857229e-05 7.231789604792766e-06 5.462746189658274e-06 5.153552871030421e-06 6.2614738625990526e-06 9.443590486955397e-06 1.6580819260258887e-05 3.220069552710735e-05 6.700254943100995e-05 0.00014647511287768186 0.00033155591238537177 0.0007654120221387881 0.001763940307484689 0.0039159336067928 0.007868217056847263 0.012889797232478847 0.014613658312139191 0.008668396156793356 0.0025097764254333327 0.0005211830669809304 9.622509597125069e-05 1.7125330011738283e-05 3.071802322513279e-06 8.765222368477809e-07 9.285298249160845e-07 1.07293996221834e-06 1.2837723761304338e-06 1.5854450624752842e-06 2.0173792362798186e-06 2.63846353019336e-06 3.5354755480306055e-06 4.834775561932395e-06 6.717389069118707e-06 9.437034265475017e-06 1.3339501539090056e-05 1.8880214881599248e-05
8.961845255953794e-05 5.342262931627743e-05 3.225007764901774e-05 2.007466674473151e-05 1.3224572654251945e-05 9.556798991773184e-06 7.91286472591215e-06 7.807494839726602e-06 9.326864969739256e-06 1.3275836205757131e-05 2.1740020867767663e-05 3.949920679169626e-05 7.733350291989255e-05 0.00015954387229281876 0.0003403370090403483 0.0007362348837150919 0.001576639188301074 0.003233520407065468 0.006070411694055303 0.009882628652087678 0.013304238405952032 0.01019221698068093 0.0024720839169188975 0.0005296552135557139 0.00010782347376174125 2.2332364111074908e-05 5.338727009468864e-06 2.0272683946606996e-06 1.4650136724938458e-06 1.4471930989548675e-06 1.606544972897513e-06 1.894306035639158e-06 2.3272359737205674e-06 2.951922019031082e-06 3.842723255615215e-06 5.108168603549283e-06 6.901251044400696e-06 9.432104413753467e-06 1.2981586850170186e-05 1.7913553498673543e-05
8.034024058091224e-05 5.067419793598379e-05 3.267537619303666e-05 2.192219659072403e-05 1.565580137986746e-05 1.2234398706364196e-05 1.0771196549831194e-05 1.0937386586919324e-05 1.2929406757860141e-05 1.7648486445825127e-05 2.7240247608667392e-05 4.634300347803389e-05 8.478492959409217e-05 0.00016314167269914113 0.0003233308752954537 0.0006457594500506988 0.0012669865934089395 0.0023662171442744 0.004044703440984616 0.006023827961315176 0.007164594436611182 0.0050184052222317045 0.0017434298624484535 0.0004665812397561772 0.00011722989960423957 3.075528490358745e-05 9.569422516305688e-06 4.127361964452488e-06 2.6222798165430035e-06 2.217279951451767e-06 2.210197632549866e-06 2.4225473969482475e-06 2.8212957268975707e-06 3.4290585525684433e-06 4.3031910851672554e-06 5.534052652159819e-06 7.250140035458541e-06 9.626264549812999e-06 1.2892813761019916e-05 1.734426530164026e-05
7.328911185424837e-05 4.872197008077765e-05 3.331437671709699e-05 2.380605555844004e-05 1.8117566664647876e-05 1.499330951341746e-05 1.3764353848192101e-05 1.4228554352368163e-05 1.66574720289657e-05 2.1974294332908625e-05 3.221438499185673e-05 5.15000537228269e-05 8.794822969947337e-05 0.00015712231869207064 0.0002874652405271867 0.0005263765160551386 0.0009395261897836416 0.0015832346353967703 0.0024184762123546956 0.0031626855304128843 0.0032226515108046906 0.002236781212161843 0.0010277217781626258 0.00036533109239478945 0.0001182866641250058 3.937017266269533e-05 1.4995093649051661e-05 7.155467631104717e-06 4.431167608941303e-06 3.4403488714671372e-06 3.1442832214655095e-06 3.2077459642526967e-06 3.526953311824774e-06 4.089018472803638e-06 4.928825291023949e-06 6.117071650375517e-06 7.759639762510454e-06 1.0001600816237116e-05 1.3032977515013785e-05 1.7094410213535564e-05
6.741290867082164e-05 4.696168852724465e-05 3.376316447410201e-05 2.5401624454695855e-05 2.0307047724192966e-05 1.7522423606236537e-05 1.6549799926401292e-05 1.727933630352697e-05 2.0012902312888622e-05 2.561506379174889e-05 3.586163980889392e-05 5.410896306011361e-05 8.645292334537967e-05 0.00014348498568063773 0.00024228354949163572 0.00040676994150519105 0.0006613162667774785 0.0010087475247937878 0.001387873721860288 0.001636471759305765 0.0015509826966942086 0.0011155437146071114 0.0006091186986805229 0.0002725686285898759 0.0001111510431148711 4.5626381324238136e-05 2.052531290365261e-05 1.0779012535327468e-05 6.798175121597522e-06 5.102324402408323e-06 4.4174258485177065e-06 4.261885778266368e-06 4.4537837669613775e-06 4.937434457665488e-06 5.720838028312468e-06 6.853404793036897e-06 8.419407485389691e-06 1.0538028736853607e-05 1.3366120744701317e-05 1.7101580594018952e-05
6.208977020822238e-05 4.502832779459356e-05 3.3751623470652366e-05 2.645871449845302e-05 2.1960900193153577e-05 1.9529295385410517e-05 1.8794467947243834e-05 1.970393661752976e-05 2.2546683838500797e-05 2.8064383026236614e-05 3.768417390633021e-05 5.391870228667377e-05 8.095661725922488e-05 0.00012533403525800577 0.00019618124265512326 0.0003037014765179825 0.0004534432706049734 0.0006341754331014722 0.000802878539251153 0.0008848290350173703 0.0008160688574564386 0.0006139482304406181 0.00037969687823223114 0.00020224515969058835 9.946404099267191e-05 4.858727156668561e-05 2.5144930463322617e-05 1.4461939913947011e-05 9.478989718052977e-06 7.0950744172899655e-06 5.980133808680936e-06 5.559713516577423e-06 5.5860842316476065e-06 5.9617967292123636e-06 6.6669222199467735e-06 7.72912913846716e-06 9.212087846151281e-06 1.1212043682797885e-05 1.3858017071067586e-05 1.7313291800000705e-05
5.697839406660005e-05 4.273243864137108e-05 3.313153230096051e-05 2.682145400669838e-05 2.2896777303907572e-05 2.0799390313840546e-05 2.0251474931420678e-05 2.122783516121731e-05 2.3973026542501662e-05 2.9072114385810918e-05 3.7586128778813834e-05 5.125513691545595e-05 7.273224213510614e-05 0.00010570136325209474 0.00015450354091389116 0.00022257455547241184 0.00030889374932584516 0.00040264949437679627 0.00047954858031342426 0.0005073608514805798 0.00046559003480081863 0.0003663597692125402 0.00024948388674116026 0.00015177216642646354 8.647566793538295e-05 4.862156247874462e-05 2.8302251159476928e-05 1.7699004197110878e-05 1.2157500521638629e-05 9.23779617062064e-06 7.728060574428453e-06 7.037171572391135e-06 6.880721752315588e-06 7.129840189242597e-06 7.740307486956255e-06 8.719774598318912e-06 1.0113074490094715e-05 1.1996251546931508e-05 1.447476679476184e-05 1.7683488585045868e-05
5.192500453557462e-05 4.0017552899914586e-05 3.186535228312296e-05 2.6437859227534518e-05 2.3038031185207725e-05 2.1232864545849796e-05 2.0806606871266405e-05 2.1739981526461246e-05 2.421768480858504e-05 2.86659687851942e-05 3.581888207146885e-05 4.6799281726712614e-05 6.316809180926885e-05 8.682931225980209e-05 0.00011958030296103163 0.00016202997253159711 0.00021176939787951682 0.0002613877727749038 0.0002982110936911332 0.00030829028160496473 0.00028459335679940635 0.0002334581585514991 0.0001716797207854103 0.00011579131759953039 7.404751459487873e-05 4.66125537011241e-05 2.9929218905566306e-05 2.0173489934717563e-05 1.4549753295929919e-05 1.1328842315059987e-05 9.52580499673778e-06 8.602258633350156e-06 8.272373403033005e-06 8.392401565452379e-06 8.901594307164496e-06 9.79166067262744e-06 1.1091477580971583e-05 1.2859845537308294e-05 1.5182414908928459e-05 1.817061463661905e-05
4.689854002129372e-05 3.692358868743904e-05 3.000697164034595e-05 2.5352065645310128e-05 2.241380422096312e-05 2.0849350659785497e-05 2.048355124502717e-05 2.1291176255276172e-05 2.3396180151843954e-05 2.7086307107715148e-05 3.28370221437676e-05 4.132850183555456e-05 5.3419197456930185e-05 7.000835748259958e-05 9.169088940618582e-05 0.00011812663641321733 0.00014719907472393433 0.00017439245309649974 0.00019322039323484242 0.00019741531387352983 0.00018429882258040405 0.00015694371594662899 0.00012284639383647295 8.989349909565466e-05 6.298692580584131e-05 4.342854459429009e-05 3.025709676842286e-05 2.178377793017755e-05 1.6469793804938822e-05 1.3196731307078925e-05 1.1238701372046028e-05 1.0153699996676863e-05 9.684575803468695e-06 9.69025022812984e-06 1.0103232448281509e-05 1.0904987795875702e-05 1.211228500334518e-05 1.3769978864393416e-05 1.5947427831961886e-05 1.873682750010997e-05
4.194172162912785e-05 3.3552201110940225e-05 2.7674711679785368e-05 2.3681468745101916e-05 2.113768567849842e-05 1.9765084151912274e-05 1.9414964997181627e-05 2.005199298577507e-05 2.1747972764898726e-05 2.4682820770376288e-05 2.9146341412738214e-05 3.5527810074742604e-05 4.4270017404254986e-05 5.57529690895769e-05 7.007073208034894e-05 8.669639944649324e-05 0.00010412313462567827 0.00011971800656210807 0.00013012206639610572 0.00013235764707042274 0.00012525421650850372 0.00011025339220534177 9.084927263896609e-05 7.097744086294616e-05 5.35123484969389e-05 3.9726424059175035e-05 2.9626873043867588e-05 2.258779892694711e-05 1.7842692414640794e-05 1.4729467195773837e-05 1.2758788024233798e-05 1.1599812589231094e-05 1.1042611215284813e-05 1.0962820051546936e-05 1.1295528500313667e-05 1.2018052456079927e-05 1.3139332812158797e-05 1.4693761207717466e-05 1.6737766157268144e-05 1.9347988574676444e-05
3.71335133634977e-05 3.0035196218136455e-05 2.502134535503229e-05 2.1586069351082012e-05 1.937454935854491e-05 1.815493774420925e-05 1.77964362173055e-05 1.82542755704654e-05 1.95606266404639e-05 2.1818741863354636e-05 2.5195172469474668e-05 2.9901248609299112e-05 3.615055665035396e-05 4.407651892699569e-05 5.3599782959759784e-05 6.42587416046051e-05 7.506405987139842e-05 8.449401683231861e-05 9.07575642897857e-05 9.234431864815282e-05 8.865712016088501e-05 8.03497952537872e-05 6.910181017074103e-05 5.694446858906117e-05 4.5562960407326016e-05 3.593710994963884e-05 2.8370806159091035e-05 2.2728394572114568e-05 1.8682449618118912e-05 1.5879334643119237e-05 1.4017895636238373e-05 1.2871657669845047e-05 1.2284247697060494e-05 1.2156347381513756e-05 1.243264896441594e-05 1.3091636255576327e-05 1.4138480146061586e-05 1.5600467818894137e-05 1.7524226486581192e-05 1.997408428183349e-05
3.256161590198594e-05 2.650853944519451e-05 2.2206635090346253e-05 1.9238081761726202e-05 1.7306187009383297e-05 1.6212916897403553e-05 1.5840462310419823e-05 1.6137407793721413e-05 1.7108636422780815e-05 1.8806802275499516e-05 2.1321689315634525e-05 2.4761972635111844e-05 2.9222374897807425e-05 3.4729715631701405e-05 4.11670529970099e-05 4.818940519263992e-05 5.5166858570474454e-05 6.12101334953285e-05 6.53260341287168e-05 6.66938149434812e-05 6.496222785701957e-05 6.0409179148276275e-05 5.3856491383577946e-05 4.637852580501557e-05 3.896728829620778e-05 3.2313967378978586e-05 2.6760766634933644e-05 2.23741282934794e-05 1.9058123291561716e-05 1.6651389907745295e-05 1.4988283473692714e-05 1.3928406573971887e-05 1.3366041605277299e-05 1.3229583226195398e-05 1.3477308595959511e-05 1.4092671645716047e-05 1.5080379609457778e-05 1.6463536862981007e-05 1.8281728114080073e-05 2.058977680694009e-05
2.830427891097395e-05 2.3093797348328304e-05 1.9376352929402082e-05 1.679769685169387e-05 1.5103484456445321e-05 1.4120650094985961e-05 1.3741487745894921e-05 1.3910989805388653e-05 1.4616797976958983e-05 1.5880168070360482e-05 1.7745461436982923e-05 2.0264879108697575e-05 2.347487853005863e-05 2.736193813061498e-05 3.18194527924412e-05 3.6605437166457636e-05 4.132077553268538e-05 4.5433775089354295e-05 4.836884477294196e-05 4.964916131812357e-05 4.904475382676971e-05 4.665631912916667e-05 4.288720580230777e-05 3.831482515339148e-05 3.352597472451474e-05 2.89886478099635e-05 2.4997267427849276e-05 2.168374358567419e-05 1.9063325838176174e-05 1.70857298745722e-05 1.5675271512730713e-05 1.4756065283273388e-05 1.4264930854035895e-05 1.4156387949583053e-05 1.4403447117317624e-05 1.4996612119390433e-05 1.594240848164107e-05 1.7262030032372834e-05 1.8990288813979517e-05 2.117485160022157e-05
2.442033052275395e-05 1.988738957626971e-05 1.6649385097813605e-05 1.4397662579616432e-05 1.2908656528152107e-05 1.202787198608367e-05 1.1655768361650285e-05 1.17361402467253e-05 1.2246566176856276e-05 1.3189785234192802e-05 1.458434029367729e-05 1.6452522377631556e-05 1.880381749685753e-05 2.1613188777508234e-05 2.479616825589286e-05 2.8186940087445143e-05 3.153007986717537e-05 3.449819005609328e-05 3.674229634332308e-05 3.796809678804926e-05 3.801420649375854e-05 3.6899968213510045e-05 3.481989815941029e-05 3.2086658098509766e-05 2.9048669317831062e-05 2.6016064589590007e-05 2.3217320815486035e-05 2.0789941259226588e-05 1.8794851891537164e-05 1.7240574404766747e-05 1.610676290551084e-05 1.536216628420728e-05 1.4976221938956264e-05 1.4925519166685596e-05 1.5196855856610483e-05 1.578834765742173e-05 1.6709581757735964e-05 1.7981392399995665e-05 1.9635542603426235e-05 2.1714415827463096e-05
2.094578784890236e-05 1.6956696715042892e-05 1.411245098745034e-05 1.2136523989600423e-05 1.0827438379160858e-05 1.0044424686894695e-05 9.694530540506588e-06 9.721827794222753e-06 1.0098454121453343e-05 1.0816666058670125e-05 1.1880764983333838e-05 1.3297677973034794e-05 1.5065253834862647e-05 1.71581938137248e-05 1.9513157640334598e-05 2.2016817195484886e-05 2.4502642181793884e-05 2.6762413794040678e-05 2.857521782330862e-05 2.9749767784399988e-05 3.0168024254848137e-05 2.9814197506698682e-05 2.877727473206922e-05 2.7226155364945898e-05 2.536802956595834e-05 2.3405923776523836e-05 2.150825666256456e-05 1.979534008947269e-05 1.8340432786156475e-05 1.717939600841466e-05 1.6323132514124395e-05 1.5769000129613325e-05 1.55095574548411e-05 1.553847908822657e-05 1.5854179185683057e-05 1.6461847736596196e-05 1.7374506084885337e-05 1.861351065338478e-05 2.0208766985827175e-05 2.2198790275322545e-05
