_RESULTS/POSTPROCESSED/Berg/GZ/6comp/Berg_GZ_z_250_kriged_reverse_6comp_test_spherical.asc
ncols 100
nrows 90
xllcorner  5.6208707817415728
yllcorner 50.959635321741573
cellsize 0.00013419651685393446
nodata_value 1.7014100000000001E+038
[rows 0 to 18 of 90, columns 0 to 43 of 100]
27.76052725288598 27.76052725288598 27.76052725288598 27.76052725288598 27.76052725288598 27.76052725288598 27.76052725288598 27.76052725288598 27.76052725288598 27.76052725288598 27.76052725288598 27.76052725288598 27.76052725288598 27.76052725288598 27.76052725288598 27.76052725288598 27.76052725288598 27.76052725288598 27.76052725288598 27.76052725288598 27.76052725288598 27.76052725288598 27.76052725288598 27.76052725288598 27.76052725288598 27.76052725288598 27.76052725288598 27.76052725288598 27.76052725288598 27.76052725288598 27.76052725288598 27.78823197580367 27.94962982549885 28.242842051397776 28.65524368414655 29.206516874251665 29.890749014490282 30.685322973307294 31.56339538817829 32.49251031589332 33.43347383354191 34.34012499399521 35.161192540679984 35.84575032337785
27.76052725288598 27.76052725288598 27.76052725288598 27.76052725288598 27.76052725288598 27.76052725288598 27.76052725288598 27.76052725288598 27.76052725288598 27.76052725288598 27.76052725288598 27.76052725288598 27.76052725288598 27.76052725288598 27.76052725288598 27.76052725288598 27.76052725288598 27.76052725288598 27.76052725288598 27.76052725288598 27.76052725288598 27.76052725288598 27.76052725288598 27.76052725288598 27.76052725288598 27.76052725288598 27.76052725288598 27.76052725288598 27.76052725288598 27.76052725288598 27.76052725288598 27.833762757268442 28.0566418520241 28.41617053610245 28.90034051438691 29.529154005460313 30.29917864554105 31.188792341934253 32.17164158650721 33.21464316182837 34.27576865714599 35.30215584648641 36.23021218658909 36.99110912737538
27.76052725288598 27.76052725288598 27.76052725288598 27.76052725288598 27.76052725288598 27.76052725288598 27.76052725288598 27.76052725288598 27.76052725288598 27.76052725288598 27.76052725288598 27.76052725288598 27.76052725288598 27.76052725288598 27.76052725288598 27.76052725288598 27.76052725288598 27.76052725288598 27.76052725288598 27.76052725288598 27.76052725288598 27.76052725288598 27.76052725288598 27.76052725288598 27.76052725288598 27.76052725288598 27.76052725288598 27.76052725288598 27.76052725288598 27.76052725288598 27.76544876679558 27.886831297486093 28.161711383917492 28.577981975118334 29.123795273685705 29.81740523302488 30.660929224676885 31.632659375977568 32.700477083234034 33.82615134401826 34.97833803620819 36.10896823158889 37.14775842902349 38.00280653783702
27.76052725288598 27.76052725288598 27.76052725288598 27.76052725288598 27.76052725288598 27.76052725288598 27.76052725288598 27.76052725288598 27.76052725288598 27.76052725288598 27.76052725288598 27.76052725288598 27.76052725288598 27.76052725288598 27.76052725288598 27.76052725288598 27.76052725288598 27.76052725288598 27.76052725288598 27.76052725288598 27.76052725288598 27.76052725288598 27.76052725288598 27.76052725288598 27.76052725288598 27.76052725288598 27.76052725288598 27.76052725288598 27.76052725288598 27.76052725288598 27.777856667514772 27.944413476144074 28.297539822191986 28.81067989419055 29.456355087907582 30.233219461438942 31.118630860612072 32.081638921693134 33.11876923902341 34.22499847665606 35.38891532151099 36.58430871767056 37.75008657962356 38.73916613942992
27.76052725288598 27.76052725288598 27.76052725288598 27.76052725288598 27.76052725288598 27.76052725288598 27.76052725288598 27.76052725288598 27.76052725288598 27.76052725288598 27.76052725288598 27.76052725288598 27.76052725288598 27.76052725288598 27.76052725288598 27.76052725288598 27.76052725288598 27.76052725288598 27.76052725288598 27.76052725288598 27.76052725288598 27.76052725288598 27.76052725288598 27.76052725288598 27.76052725288598 27.76052725288598 27.76052725288598 27.76052725288598 27.76052725288598 27.776188347851004 27.884691053274004 28.191070373536505 28.67541632872164 29.30529950861132 30.038165497394466 30.813338677924072 31.653219178874142 32.55802736493457 33.52972921630901 34.57174854806217 35.684860093101335 36.859405729478325 38.05891400406966 39.18064944980696
27.76052725288598 27.76052725288598 27.76052725288598 27.76052725288598 27.76052725288598 27.76052725288598 27.76052725288598 27.76052725288598 27.76052725288598 27.76052725288598 27.76052725288598 27.76052725288598 27.76052725288598 27.76052725288598 27.76052725288598 27.76052725288598 27.76052725288598 27.76052725288598 27.76052725288598 27.76052725288598 27.76052725288598 27.76052725288598 27.76052725288598 27.76052725288598 27.76052725288598 27.76052725288598 27.76052725288598 27.761153849057745 27.828635874499554 27.986013599085922 28.24089565694925 28.68790867264747 29.29998039889712 30.0105318023557 30.733839377728078 31.46229524978896 32.22688184762704 33.03683173702666 33.89924012756203 34.82586688977586 35.83017069305748 36.92249309310684 38.10159603260958 39.3327668464822
27.76052725288598 27.76052725288598 27.76052725288598 27.76052725288598 27.76052725288598 27.76052725288598 27.76052725288598 27.76052725288598 27.76052725288598 27.76052725288598 27.76052725288598 27.76052725288598 27.76052725288598 27.76052725288598 27.76052725288598 27.76052725288598 27.76052725288598 27.76052725288598 27.76052725288598 27.76052725288598 27.76052725288598 27.76052725288598 27.76052725288598 27.76052725288598 27.76052725288598 27.76052725288598 27.766285819249347 27.877362105811525 28.105674511736606 28.418906356882935 28.82247014432745 29.408621928352254 30.10942169406812 30.816513041193804 31.50855411231987 32.17347898979778 32.83043454166356 33.5044207650085 34.20653937012513 34.9549139720579 35.771372728030975 36.67640957237146 37.68125915997238 38.768680910164534
27.76052725288598 27.76052725288598 27.76052725288598 27.76052725288598 27.76052725288598 27.76052725288598 27.76052725288598 27.76052725288598 27.76052725288598 27.76052725288598 27.76052725288598 27.76052725288598 27.76052725288598 27.76052725288598 27.76052725288598 27.76052725288598 27.76052725288598 27.76052725288598 27.76052725288598 27.76052725288598 27.76052725288598 27.76052725288598 27.76052725288598 27.76052725288598 27.76052725288598 27.765651770710793 27.894479827703954 28.17296150708734 28.56850287724651 29.04689120453424 29.603126138396718 30.30229102412976 31.018569948347192 31.71243636120888 32.359606409680346 32.94384416819316 33.46555154600738 33.9612368503765 34.44984438553303 34.95416044193146 35.50008403196346 36.10715375631165 36.77049495884484 37.416071491523304
27.76052725288598 27.76052725288598 27.76052725288598 27.76052725288598 27.76052725288598 27.76052725288598 27.76052725288598 27.76052725288598 27.76052725288598 27.76052725288598 27.76052725288598 27.76052725288598 27.76052725288598 27.76052725288598 27.76052725288598 27.76052725288598 27.76052725288598 27.76052725288598 27.76052725288598 27.76052725288598 27.76052725288598 27.76052725288598 27.76052725288598 27.76052725288598 27.760676406213356 27.87142121278754 28.16713988283752 28.616447938707278 29.18604727487404 29.839723850260153 30.548704359400265 31.2924810880832 32.02119070101105 32.69777010584875 33.29014329518722 33.77561207667355 34.14498047713865 34.42180625836132 34.6458489130377 34.84564349361685 35.049700004069116 35.27814275736256 35.52784794328049 35.73415806841681
27.76052725288598 27.76052725288598 27.76052725288598 27.76052725288598 27.76052725288598 27.76052725288598 27.76052725288598 27.76052725288598 27.76052725288598 27.76052725288598 27.76052725288598 27.76052725288598 27.76052725288598 27.76052725288598 27.76052725288598 27.76052725288598 27.76052725288598 27.76052725288598 27.76052725288598 27.76052725288598 27.76052725288598 27.76052725288598 27.76052725288598 27.76052725288598 27.81984658402058 28.0899587621528 28.551736170073887 29.174406112617707 29.92420647823891 30.76302232622035 31.585253370945892 32.36792934958558 33.113375616788524 33.77445743625388 34.308312308756186 34.682479085495075 34.8813299125942 34.90068547085903 34.774649696099765 34.567193696884445 34.33629080151944 34.12733551232334 33.95544485685489 33.79245416389482
27.76052725288598 27.76052725288598 27.76052725288598 27.76052725288598 27.76052725288598 27.76052725288598 27.76052725288598 27.76052725288598 27.76052725288598 27.76052725288598 27.76052725288598 27.76052725288598 27.76052725288598 27.76052725288598 27.76052725288598 27.76052725288598 27.76052725288598 27.76052725288598 27.76052725288598 27.76052725288598 27.76052725288598 27.76052725288598 27.76052725288598 27.770416664126042 27.965430486979308 28.38925256172607 29.01422893797827 29.810608168582704 30.74460149249681 31.763404895255803 32.68661896640575 33.51662296919344 34.28912820791889 34.944570044151185 35.42527033528808 35.67206052093086 35.61960887631719 35.28775201335124 34.73557457319696 34.06273749802426 33.35808403357499 32.695904149671584 32.12290454296662 31.6477389909189
27.76052725288598 27.76052725288598 27.76052725288598 27.76052725288598 27.76052725288598 27.76052725288598 27.76052725288598 27.76052725288598 27.76052725288598 27.76052725288598 27.76052725288598 27.76052725288598 27.76052725288598 27.76052725288598 27.76052725288598 27.76052725288598 27.76052725288598 27.76052725288598 27.76052725288598 27.76052725288598 27.76052725288598 27.76052725288598 27.76052725288598 27.836960504023057 28.16762732719549 28.73678836456594 29.518858326975323 30.485602520217608 31.60382409275239 32.77417970094949 33.81921748695528 34.71997733465243 35.53645136666251 36.20626413006017 36.609689814252356 36.64768220420553 36.30032073850523 35.589168116786034 34.5855888199807 33.403499989478675 32.18779367963174 31.059403322267435 30.104967406853994 29.364154213364067
27.76052725288598 27.76052725288598 27.76052725288598 27.76052725288598 27.76052725288598 27.76052725288598 27.76052725288598 27.76052725288598 27.76052725288598 27.76052725288598 27.76052725288598 27.759749889426345 27.756957166913804 27.75376676451654 27.751487237738782 27.750886157038863 27.752151363962795 27.75488110167108 27.758104937357135 27.760331433116946 27.76052725288598 27.76052725288598 27.7629029709904 27.944203085877618 28.397404069422937 29.09991838407069 30.028532431224082 31.1570266994656 32.45274118060188 33.75524262293986 34.93550365009458 35.94868820441392 36.831180285061045 37.48275801494753 37.7746414533646 37.62938549584377 36.9936928543739 35.87779835638616 34.3760254953983 32.648555578393015 30.88287046849934 29.268376224586735 27.94709391418734 26.99414285986439
27.76052725288598 27.76052725288598 27.76052725288598 27.76052725288598 27.76052725288598 27.76052725288598 27.76052725288598 27.76052725288598 27.760490184130077 27.756088553286133 27.74646652476087 27.734442366961737 27.72250606256162 27.71271798026167 27.706604722165608 27.705069594670263 27.708334542332036 27.7159252928831 27.7267028180135 27.738934581971108 27.750391473482196 27.758452851913233 27.78898000039709 28.067904461075944 28.627192662736483 29.44676739574091 30.505938594626024 31.78087131726012 33.230052697454035 34.660056197064506 35.9822345910802 37.149744015359055 38.06617231706595 38.693708510941036 38.939491684099266 38.67218288345119 37.773878837727864 36.22693940982161 34.165537308667304 31.827882914239687 29.48271900008901 27.399347558488557 25.773760195765288 24.706013763359856
27.76052725288598 27.76052725288598 27.76052725288598 27.76052725288598 27.76052725288598 27.76052725288598 27.76052725288598 27.757248356137655 27.743945935730668 27.723632315048025 27.699688168900227 27.675303102991826 27.65335946533679 27.63628858822418 27.62591920656694 27.623344385145206 27.628833945137693 27.64181190744528 27.660904191668216 27.684045593130186 27.708622852657637 27.73162618177955 27.818454172241157 28.185673340511773 28.831947749343513 29.747661490349124 30.915411707689604 32.313835005106995 33.887956533689916 35.43669184216372 36.896108677615956 38.17993843567515 39.1468311651773 39.80575115031482 40.09686857298872 39.81517028145874 38.712613599594256 36.69794899563069 33.99509635939685 31.025258883282643 28.131915672065766 25.584849744058808 23.66232997032004 22.558722907203233
27.76052725288598 27.76052725288598 27.76052725288598 27.76052725288598 27.76052725288598 27.760527194679245 27.75246571707486 27.730871376006334 27.69951459725204 27.662193020444708 27.622690252459307 27.584678155078446 27.55156188895053 27.526278780839814 27.51107761827066 27.507318787975688 27.51533997452164 27.534421232713193 27.562858687126962 27.5981275517423 27.63709482666662 27.67623694955817 27.819360149823304 28.261600164679074 28.987041106902673 29.97695170861746 31.225433162791028 32.71669303272346 34.385189874152196 36.032481697922776 37.59514454190777 38.92087048450036 39.97285752363952 40.72808980322943 41.164404010254465 41.050783059851824 39.87412068111594 37.32063632963746 33.94003798640434 30.35943588771405 26.938011180178677 23.899597553022414 21.577782554515874 20.577869432250008
27.76052725288598 27.76052725288598 27.76052725288598 27.76052725288598 27.760514307954608 27.749911068678895 27.722102408065506 27.680943770634876 27.630428635843902 27.574710734279396 27.518066852509506 27.464783679531767 27.41895866072857 27.38422183138108 27.36341263006527 27.358274304157344 27.369242569476704 27.395389916419415 27.434542780688687 27.483535847156716 27.538532708639696 27.595338524582484 27.783332290143036 28.27780626824048 29.05970342089344 30.110273667490965 31.41142382270487 32.958256919814964 34.68670638316362 36.401200902659866 37.977388723890506 39.30824468644513 40.40703046917442 41.27782247399992 41.90123471016513 42.195772121150426 41.32660481900044 38.018930872811936 33.85554767383413 29.763820007287407 25.997901437670475 22.659297642510534 19.778686779646307 19.13462939841042
27.76052725288598 27.76052725288598 27.76052725288598 27.76052725288598 27.751169573142086 27.720666292245298 27.672638315824212 27.61102938083569 27.54005827416048 27.464271119518656 27.388526019345605 27.31787843912873 27.257338412377973 27.211491888516235 27.18402382389137 27.177239519314227 27.19172030949441 27.226231177097333 27.27791433487584 27.342698621810936 27.415792110472914 27.492131288702666 27.707159104706303 28.230028423670667 29.04126395324048 30.122455250663656 31.454792852402964 33.01913973410865 34.76890897296312 36.49639783775496 38.01430227207919 39.29369529797505 40.35143808602099 41.20089925079557 41.84306200074994 42.297188565431085 42.23469173172884 37.84672663059966 33.292733382368276 29.05767146373061 25.2933407265856 22.12808561047048 19.821718587366675 18.862375817254183
27.76052725288598 27.76052725288598 27.76052725288598 27.755483714543438 27.72703495600203 27.676674184590528 27.610668924578803 27.53181318711315 27.441840892790324 27.344277773367022 27.24453831930359 27.14983560651845 27.068843266006326 27.009417577345484 26.973846399020978 26.965046128292947 26.983822721180978 27.028468560126758 27.095098524210577 27.17833575137188 27.27208494467101 27.37017402445759 27.592997407252216 28.12024730708557 28.933306733301222 30.01325922305526 31.34082349361158 32.893469179927216 34.623531741314686 36.29261741408495 37.70859163418795 38.86991129894714 39.77056107533565 40.38513016403617 40.66695160843452 40.516961560949525 39.22850518710794 36.050184188467185 32.054794627456516 28.136247294311055 24.660491094361994 21.847224500642106 19.894520129355715 18.909574046292295
