_RESULTS/CROSS_VALIDATION_POSTPROCESSED_80-20/MHZ/IZ/6comp/4/MHZ_IZ_z_63_kriged_reverse_6comp_spherical_4.asc
ncols 100
nrows 81
xllcorner 5.5967107548124995
yllcorner 50.982328804812504
cellsize 0.00017565037499993607
nodata_value 1.7014100000000001E+038
[rows 19 to 37 of 81, columns 42 to 83 of 100]
0.0761423959079715 0.08865825590973042 0.1039517352742009 0.12312828231002522 0.14680922038522654 0.17528079533674082 0.20856468928470692 0.24628584889850968 0.28796956748503916 0.33323524190042175 0.37028835419025763 0.39245215003053324 0.397359917249826 0.38696523574519853 0.3671472822467598 0.3419018173217707 0.3127607886426136 0.2791030407740921 0.2410193323846439 0.19764564134866566 0.1549638314095441 0.12059709280910107 0.09581183117876473 0.07891669282521217 0.06787778088895473 0.059961967131538556 0.054271027885510116 0.05031459250307483 0.047524924070408536 0.044957122248501985 0.04264336705154403 0.04068896529687088 0.03881690015645076 0.036879674129027144 0.034826901156727354 0.03294657504391874 0.031541437796282275 0.0303261442801309 0.02930266532681764 0.028810600513011805 0.02975453816648035 0.034393131181099365
0.0862383410139313 0.0994956655437572 0.11545165226691866 0.13501359687490236 0.15863876505815958 0.1862508362315458 0.21745525320463524 0.2514834146744864 0.2875808503551783 0.3223880487037689 0.34487775602815707 0.3516894067984371 0.3424812844831033 0.32186953126315343 0.29534074202563804 0.2655374265657032 0.23467980847854242 0.20360698465445118 0.1712786629942189 0.1400384952288268 0.11183133686132943 0.08891784029027264 0.07197184454959392 0.060384582130279627 0.05315524230968294 0.04846597168874594 0.04553821541720291 0.04400517435892381 0.04304359208272044 0.04211562694172391 0.041417518592255995 0.04088047446952217 0.040342394833339894 0.0396785091446939 0.03876224666403151 0.037965532012477675 0.03770192209744294 0.037744436389301986 0.03826795465585328 0.039821692132770925 0.04343797261761651 0.05086048003222431
0.10169949259579596 0.11630560718612082 0.1335780635619538 0.15409964858916456 0.17826835134128743 0.20562475141216677 0.23537930947594904 0.2664582214198605 0.2976613190322131 0.32148474929246124 0.3306283064120474 0.32401932566174113 0.30414108833104697 0.27659964950462534 0.24527135729433555 0.21268582493286087 0.18082152258791276 0.1512182503365305 0.12564418813751593 0.10256980857778401 0.08255958464307242 0.0664347578760522 0.054453127483475985 0.04635927733040668 0.04169922672699887 0.03941566119134136 0.03875100244017159 0.039173511605680014 0.039961973371200776 0.04077464648640493 0.041775790675511584 0.042797140672755724 0.04368635098779214 0.04438255911389628 0.04488835225461643 0.04550507348073563 0.04678948818025213 0.048589160488343414 0.05127964189236558 0.055598953708003204 0.06271409705871052 0.07421940172551594
0.12419706483368483 0.1409823009279247 0.16047139073229885 0.18263129270532252 0.20793797467144132 0.23548661833839202 0.26402041019604355 0.29205579755539274 0.31744583783279967 0.33029996560060987 0.3267303404470866 0.3088701114273948 0.28027873652669033 0.24676658613041275 0.21161615659565247 0.17723894274651128 0.1453701821395451 0.11824888114693177 0.09625741352665973 0.07835984140692524 0.06321500961119876 0.051053602886912436 0.042004731174983455 0.03600290050738021 0.03291959641285648 0.032358574167243234 0.03346695339215038 0.03560842596205648 0.03824338774192358 0.040979927248843535 0.043905069836304475 0.046774435830561255 0.049407919829023005 0.05174708600931662 0.05386430458540581 0.05628191758054592 0.05957052566262438 0.06367414589944931 0.06918899422589246 0.0770564915933988 0.08863315344968899 0.10545551743671572
0.15532583164986244 0.17642779437046135 0.19934987919564814 0.22415620206852502 0.25122023909037866 0.2792312889652653 0.30634874890817143 0.3306524249160837 0.3487135329156338 0.34980957395163614 0.33429954223902164 0.3054716705214526 0.2686176836432135 0.2293202454236395 0.1906003844896855 0.15466213406341392 0.1233810594090786 0.09831750040895412 0.07850987930287391 0.06307995907615865 0.050880291565558115 0.04100120130278719 0.033537454129924954 0.028576431850639725 0.026303677746573634 0.02681066356855273 0.02936109070303212 0.03334284220450244 0.03806470966404355 0.0430576919598028 0.04830292775019168 0.053466874159093424 0.05830958965126246 0.0627519138874451 0.06690405507968879 0.07135154036266754 0.07702603816401911 0.08393838618698915 0.09284525016715472 0.10489179396718912 0.12156160263030438 0.1442015912257851
0.1972532064165045 0.22533518585259055 0.25500340536991584 0.28415172925584087 0.3136704354863761 0.34218826771432415 0.3668959525139895 0.38549236001409776 0.393589271210586 0.3819569867222399 0.3536900626206948 0.31329447719525033 0.2680092668812738 0.22241952531534384 0.17975522489355403 0.14194067474990563 0.11121837186483319 0.08726633230691087 0.06871148639993385 0.05447273494893143 0.04368879666214236 0.03509179108939246 0.028335799415714673 0.02358343176397318 0.02128568766834105 0.022333635154710096 0.026532280138792594 0.0327011030734731 0.03995099194099432 0.04772227763818006 0.055905774257521496 0.06403140270690892 0.07172960039560394 0.07885966284743726 0.08557020222076232 0.09233530926567271 0.10032737765940997 0.11032306061836358 0.12285795508731538 0.13915579103238673 0.16074365176628358 0.18837559160805326
0.25297133924930837 0.2905505321236054 0.33137392379275576 0.36909263821515875 0.4001824575998729 0.4255161036246234 0.4431014497203342 0.45116117688259433 0.44556313440978196 0.4193654960386872 0.37695885459391865 0.32583668469034116 0.2731491176772069 0.22266770284456247 0.17686967923988017 0.1375569811538156 0.10658327954554529 0.0828487969513093 0.0647629029256051 0.051039656042996644 0.04069627698413047 0.03277913115801913 0.026242857795826954 0.020960090672492746 0.01749918827069463 0.019074644290802887 0.025661823969573474 0.03456723792105044 0.044968528068634606 0.056303859322590834 0.06836316042896258 0.08040783804042433 0.09179676494622183 0.10225914529829122 0.11200073120088512 0.12112069583951975 0.1310198532650059 0.1435671592361204 0.1593133072715696 0.17904046994566813 0.20422421360286702 0.23427294510429275
0.3253162462455852 0.3745233261016834 0.42642133683541233 0.47261555473240785 0.5070727911304234 0.5279589977308878 0.5340763973092987 0.526192762894218 0.5037220187302502 0.45981606709817474 0.40198548927514827 0.3402732442733843 0.2802835287568998 0.22537852111938042 0.17733242588256756 0.137971349084419 0.10757775894387359 0.08401619143496449 0.06578858057930809 0.05206556718844798 0.04177774439022701 0.0339724766102662 0.027487007019808413 0.02195234886085286 0.017561724365415476 0.01989539947654272 0.028747747258929007 0.04065069610826517 0.05498960097594891 0.0710757688617257 0.08843345019871063 0.10573408917110325 0.1217687707086147 0.13605163284734628 0.14879691141691603 0.15975478278332952 0.17047526424759998 0.18401761805660005 0.20153306029682705 0.2229160454927312 0.24901316687061104 0.277546067111171
0.41060350796728395 0.4707238164153013 0.5346439266173743 0.5912313275766354 0.6304908699424105 0.6460538840669898 0.6387153414092831 0.6114054123930274 0.567973592399102 0.5028142077358906 0.429245008740991 0.3564091245952142 0.2892923374242051 0.2304016594051616 0.18057533176160848 0.1415482231935696 0.11186748828525923 0.08907911812019821 0.07133280029925168 0.05735489809275423 0.046647025937952516 0.03871684496082672 0.03272787268267694 0.02808659212096628 0.025924573103206602 0.02896524578112917 0.03831693282570774 0.053274220105487324 0.07280604149543213 0.09561104623871501 0.12053329641400255 0.14491606800517465 0.16637246303322992 0.18423641445453118 0.1984380674781608 0.20960245842075753 0.21932115425057921 0.23150980477965982 0.2479758715526986 0.2682160033955626 0.291704720400496 0.31457294386240175
0.5001193748398175 0.5728087614483075 0.6508925953322034 0.7209009896523468 0.766659370058746 0.7767490057262953 0.7493790203179288 0.69706557509199 0.6289009989870532 0.5437278909692789 0.4550694220263396 0.371897535493122 0.2986353290800634 0.2366329946335637 0.1858228277704872 0.14731094077048928 0.11838875727661885 0.0963559390164029 0.07932951161843042 0.06601297691463086 0.05554283034589248 0.04770880026634901 0.04259819471573978 0.03949778053804539 0.03946580003536042 0.04438143136792152 0.05581943340887631 0.07480620904769243 0.10187367476872801 0.134974642057964 0.17139749110991193 0.20529087820391492 0.23180118587009702 0.2503552941149313 0.2623605544781687 0.2704621261451824 0.2767854286176936 0.2842757025601761 0.2960086745809192 0.3116842133058052 0.3289632810222831 0.3428563817342068
0.5843236695685563 0.6706468701752093 0.765495330712478 0.8536793371347742 0.9101316445626034 0.9150472941220049 0.8626500036684187 0.7752537873669653 0.6776681982653262 0.5716879274586854 0.46923329158530847 0.3784482598922497 0.30188301304254717 0.2391410909533816 0.18918729771759907 0.15231135857356495 0.1250770261810039 0.10467697831632011 0.08920428590581711 0.07737730084653838 0.06837509329712885 0.061771697137469196 0.057940567772679696 0.056908425762229556 0.05941109882162725 0.06731388352659017 0.08271615228888532 0.10792968857281328 0.14535317201515258 0.19516795901687636 0.25093073721461034 0.2974956178396313 0.3240070996836979 0.3350500375306349 0.3385036526735497 0.3388961501700112 0.3386560342865911 0.33871169581888433 0.3421487113580959 0.3496812589913012 0.357769884891795 0.3607939643670388
0.6501317451114245 0.7490766373881029 0.8625046647491813 0.975236813771588 1.0517955146070328 1.0545530976960595 0.9704785670508264 0.8396115034398679 0.705683802171823 0.579044390252363 0.4663134676657891 0.37242583598981593 0.29696960746196127 0.2369247063350807 0.1901054295984747 0.1561703907767156 0.13151688747140114 0.11350767519071144 0.10043566092601221 0.09118473289686332 0.08487982611944037 0.08112587757070945 0.0800126765298739 0.08176322911119531 0.08749588688451947 0.09952236011901054 0.12067663891254385 0.1546024099014686 0.2059898592864009 0.27970226283763294 0.3725153196904355 0.4352433376622467 0.441921300960134 0.43260472502149905 0.4203824652573603 0.4085815566064307 0.39822007729703335 0.38921954805394143 0.38187366793046196 0.3786184101697109 0.3757078021241116 0.3674661629058641
0.6831116374233657 0.7892106909994805 0.9181359273835904 1.0598614035450407 1.174369142614384 1.1901711432615345 1.0632703248642734 0.8732461780849357 0.7000999176902111 0.5616726846893363 0.4495993279178764 0.3610293393644331 0.29140371298477624 0.23649548357831163 0.19384819249391394 0.16322610685711136 0.14129657271807095 0.12571734819788968 0.1150445724461143 0.10842957177956715 0.10542075464137544 0.10583148450935526 0.10970077196904354 0.11597173546831238 0.12567946437002372 0.14254114871651305 0.17027088937371188 0.21362148523915273 0.2790954298982627 0.3757282830308651 0.5151470183019319 0.5896044125468809 0.5535539752593789 0.5219383575130169 0.4941377510033868 0.46991227768092747 0.4486965975796254 0.42954256983102734 0.4116687422152327 0.39573348830143923 0.3813323998737606 0.36316783503422184
0.6680033434965846 0.7677745234123061 0.8963236259710251 1.0552591658194028 1.2286498011673888 1.3167327574043854 1.109395852290321 0.8510992425711421 0.6609463852013163 0.5275632517926442 0.42537702947840084 0.34677406625630014 0.28584108476537956 0.23787425065896628 0.20038685061018144 0.1736865504842277 0.154998229643232 0.14238524061421753 0.13478030623516202 0.13172443623900715 0.13316663040047094 0.13928692979702495 0.14947250113062988 0.16149352693825167 0.17487524769147594 0.19591398037200203 0.22930489458677203 0.27976877340156514 0.35260540548449837 0.45042620173159026 0.560019919695567 0.6185895196641364 0.6077424530185045 0.5773147361741777 0.5438311337196875 0.5117457100847612 0.481946423898956 0.4539135669432446 0.427110667140037 0.40113648527364126 0.3749978995314936 0.3492730452312813
0.5983236115011471 0.6769795705684007 0.7818610421186638 0.9176597998192244 1.0874084394687318 1.285466469976539 0.9958015490881935 0.7423428513273789 0.5769166791797912 0.46816516889665105 0.3892084603445499 0.3272083736293339 0.27848593645468867 0.23976262285963285 0.20890921726467462 0.18710006618407965 0.17244343220927982 0.16351579022427937 0.15973510218625595 0.16122176998172788 0.16914992029426354 0.18494618152032954 0.20682300937609246 0.22176806815804243 0.23404141567857786 0.2562100475517232 0.2931000636418586 0.3460219494710401 0.41599521994343713 0.4987960382728542 0.5766349292406898 0.6186716464923816 0.6183501457420367 0.5939348645736422 0.561496186763465 0.5272534049670489 0.4926232912656876 0.4584029746439529 0.4248664191429429 0.3921168096122531 0.3587422060769461 0.32843758853990485
0.49546588356297283 0.5462872277254734 0.6119637336193423 0.6878970194500721 0.7671146045847719 0.7956543307902212 0.6966195264717393 0.5613606873376443 0.45668187657149456 0.385166267583411 0.3369492709586299 0.29908684268221536 0.2677437121226299 0.24130247530536594 0.2191151429043131 0.20344007382391982 0.1938078320961594 0.1893591054284842 0.19003222167760145 0.19702119414071523 0.21216537106679262 0.23823727827787497 0.27782562979008285 0.290904891068632 0.3012999172050091 0.3193513079512748 0.3536600007478386 0.40410047356885836 0.46563706833227786 0.5313804838970274 0.5873030813837192 0.6167323876529465 0.6141971961643578 0.5908919849847695 0.5570793067825495 0.5192821718288361 0.48078657137510594 0.44250140401350035 0.40485955863986467 0.3680848385416643 0.33284236631314845 0.30296316182375327
0.39157600569098067 0.4167115641888793 0.446864417499245 0.4791890316576469 0.5038604102969556 0.49840473736862057 0.45296839883458856 0.39084153355547 0.33629686907421846 0.29748418809901805 0.2741905545051254 0.26029346417907456 0.2493470790868708 0.23934435655270492 0.2291526803748471 0.2221571402165601 0.2193426629938288 0.22043605454016676 0.22658845786473997 0.23932452069761653 0.2600652415057438 0.2898772032045027 0.32496086567201843 0.3509015135372826 0.36692572266102813 0.38245227143896005 0.4079930704707967 0.4492789575563272 0.5010885666420314 0.5511459950170599 0.5895603289407271 0.6068575768841711 0.5990983575668868 0.5724836114517717 0.5365590342982158 0.49630759989696793 0.4549358999873986 0.413793416592481 0.37344180119694337 0.33489999834834416 0.302364619572136 0.27472795656358684
0.30752347437501804 0.3093893094396203 0.3191997219414085 0.32964286527844155 0.33269464942880156 0.32131300187308115 0.29470224958828156 0.2627507379150409 0.2352015619989096 0.21730392487672837 0.2100525690703585 0.21222349005900623 0.21876781564371248 0.2264428440640933 0.23226810133341594 0.2367903592880795 0.24396007738248074 0.2541155306605675 0.26843269558641375 0.28731296184595795 0.312115984328685 0.3434808635114243 0.3791321960271517 0.40923804491790416 0.428999659931442 0.44264369335276155 0.4575803051744024 0.48260099494206826 0.5180175670484373 0.5533629213327649 0.5771459025040707 0.583745747716047 0.5710305897637614 0.5417081364975364 0.5030650016876634 0.46114897738621496 0.4186030891063173 0.37680658508736947 0.3362252175476796 0.30089758466820526 0.27327643107125654 0.24945964173673107
0.24411423404367508 0.2338290388491354 0.23101064525521642 0.23083102062650915 0.22496480977425748 0.21093083540780436 0.19125656048868445 0.1719321893923789 0.1577263340789393 0.15169193991754099 0.1547093678053648 0.16618232575974987 0.184558552999996 0.20557657366323426 0.22684446220701074 0.24561558236899242 0.26392848327210516 0.28502773866644876 0.3096493812507949 0.3380381410256766 0.3699993241384652 0.40433324570765866 0.4413157209772094 0.47115353656312153 0.4896262412747511 0.49696491676227356 0.49742882389406445 0.5040593640768393 0.5183196122379908 0.5385148291409575 0.5505958424362648 0.548338991364286 0.530883581439763 0.5006128620912442 0.46127099785815356 0.41833400183192 0.37585862542857207 0.33504183574117485 0.29790183252863917 0.2687724968209564 0.2453345108726777 0.22546141614401524
