_RESULTS/CROSS_VALIDATION_POSTPROCESSED_80-20/MHZ/IZ/6comp/4/MHZ_IZ_z_355_kriged_reverse_6comp_spherical_4.asc
ncols 100
nrows 81
xllcorner 5.5967107548124995
yllcorner 50.982328804812504
cellsize 0.00017565037499993607
nodata_value 1.7014100000000001E+038
[rows 40 to 59 of 81, columns 44 to 87 of 100]
4.533364269047964 4.427532577003773 4.349983353785973 4.307771308556701 4.304756252335197 4.3394613054297855 4.404536465110084 4.474869611847691 4.534122257512909 4.603616449275766 4.684831007651599 4.7744890711061885 4.868734070334782 4.9567591854208555 5.014843382659948 5.034404660280913 5.010382004369697 4.9366737950652215 4.8125960455643355 4.642803149363757 4.465879476074718 4.312181409266715 4.202025527839859 4.135884423761961 4.1190878595643525 4.1456797277066295 4.216686188214995 4.3390602078751614 4.520752964565311 4.770135675171234 5.092294657721177 5.468280819940233 5.884009164313938 6.316610984085809 6.733667375544653 7.093903904497026 7.350639056052671 7.471058800516514 7.441728772759318 7.2741950243038795 6.998947695630046 6.649371406950702 6.254176603896937 5.836220316538718
4.767536136058146 4.675848873346473 4.601088696375843 4.549584063107528 4.531060340145827 4.547198268721039 4.593645212003683 4.64319004174723 4.67292846202668 4.717605056665889 4.775917505631209 4.844401571219263 4.919458278152113 4.982535058195835 5.01428877850728 5.011371172957876 4.966631659202836 4.8762784345562205 4.737174082832214 4.569398377988927 4.4035235354605495 4.251495271017379 4.13789934156602 4.062486662965191 4.025616435841794 4.027391130487793 4.070187743117859 4.162573431630828 4.315053232682672 4.537234180669544 4.835032307368515 5.187669151532098 5.573243851741391 5.968072288168356 6.342151150203643 6.6608759731704605 6.889645518873714 7.00821342265769 7.0087919310968 6.896098640626275 6.687658006640933 6.406596163138173 6.076385086817921 5.721282255468653
4.95881245053555 4.879482723063927 4.8105589024676885 4.755221821043954 4.717135652709143 4.706272903138391 4.7182398056997785 4.738597457606921 4.759582422557777 4.788822882568802 4.829406821410505 4.879984070498463 4.937284542201647 4.977185156730615 4.987632282691155 4.965883578484884 4.907714262907862 4.804665891072481 4.659910236169784 4.507349059757566 4.35570330208224 4.209402832021545 4.09139154290072 4.006224317171129 3.950993778981097 3.92397164228722 3.933106435768794 3.9889439549148955 4.1064430226813995 4.2992691763879165 4.57306255464149 4.906273145600162 5.270626379228836 5.6400556377132816 5.985398954798671 6.2776061208969915 6.492129192423422 6.613338669414386 6.635710394777838 6.562454009135821 6.405045274449159 6.180619878913749 5.909394078878781 5.6178252239232105
5.104606529966508 5.03596161576894 4.970491307044602 4.911635792018736 4.861483940263037 4.823026590262204 4.804100935619824 4.799111809739001 4.803166881439872 4.817364130918865 4.842441185188937 4.877303563529909 4.917691363739066 4.9382911545590495 4.931907131648862 4.895585118491164 4.825864678778456 4.719371100085399 4.592752330164037 4.460955203299177 4.326610646984567 4.191922732551337 4.069293342245073 3.9735958208827493 3.901004364223716 3.844730045013206 3.8150099215395437 3.8254577508859895 3.8982037324681507 4.060282046208917 4.319098678848136 4.646162273987177 4.999655439821431 5.351346865423679 5.6761909222771125 5.95088242335354 6.1578242430655825 6.283756381674789 6.322950321092289 6.279858773807064 6.162973146700149 5.985859428106755 5.770296981443573 5.53462128086486
5.20432521966089 5.145134105876139 5.081014324757745 5.016681688297385 4.955638413842601 4.9002660409907035 4.853633455257556 4.823850487009801 4.80775784016678 4.805039909635799 4.814709754258392 4.834669507855182 4.859118497140914 4.864485616874285 4.846958412446742 4.803236748277717 4.727712736499638 4.6316827836192465 4.531410746290748 4.4238749538691415 4.310226374698738 4.191704777798016 4.070847203043916 3.966054444914967 3.8772742524951753 3.795901881059321 3.7259966232230157 3.6832176243208408 3.6966187940851674 3.828832876496487 4.093689488179297 4.4297978115291095 4.780921693748423 5.119715669128201 5.426084157675023 5.685447793562426 5.8855457717725805 6.01443381928296 6.067217493563428 6.046383537498041 5.961349503443447 5.827726885696384 5.659645887227086 5.470892069251165
5.259018201423816 5.208290968791698 5.143051498259501 5.071340987980526 4.999281069818932 4.930327469808534 4.866011710537621 4.810597437653969 4.773555418806851 4.7531332954807874 4.747481812694936 4.752720272442194 4.7612364768705815 4.755540757467325 4.736574700240044 4.693622976366494 4.627057622857545 4.555977141857926 4.479819556805474 4.397436746486268 4.307013836728065 4.207556655514921 4.099212036255977 3.9894287690526657 3.8891722574488523 3.7900760472802513 3.69022063537039 3.5978920174244493 3.5256100603615574 3.6245436876091115 3.937011231968066 4.28578173651836 4.6320412287956145 4.955307250691779 5.243047246830174 5.485411311037264 5.673378139620615 5.800817994115099 5.862339945284099 5.8600763520291945 5.8044997019324995 5.706595023916547 5.576923215485838 5.426661394725947
5.270959978965586 5.227276832601064 5.15662839631622 5.075473360013376 4.993046660264524 4.912615175324393 4.834975169981516 4.759744507048908 4.700646048087571 4.663036862591001 4.64370979546793 4.636230769693066 4.626181916025133 4.6159913556847645 4.608722749068961 4.582090354560578 4.542848561517466 4.498625836731232 4.448015344013649 4.387404304272713 4.319105157857591 4.241720492451938 4.152378869508587 4.050867676775287 3.9457777442865853 3.840229327616545 3.731862031320078 3.626751528422027 3.543624917047742 3.627963880580734 3.9168838298724826 4.240460602714324 4.564148935376216 4.863313260353749 5.127683274127513 5.3486526752343355 5.52009729387305 5.638716512687914 5.706166008938844 5.72219993847991 5.691162803997536 5.620942374672572 5.521719043122171 5.402550998955444
5.242976275372622 5.201892343325687 5.117294501504559 5.02677735957207 4.937761300376681 4.849231023709209 4.760306701173511 4.6720741316679355 4.591661412566589 4.536415082016308 4.5068870961173655 4.495369962127992 4.485781704099921 4.480973532888065 4.493703854757572 4.493601357322343 4.481348208887419 4.463787320156485 4.439409872900337 4.401864603404414 4.354727596994786 4.297378661941577 4.229075035119964 4.148485366008037 4.050487442685319 3.949715593921345 3.8525445435370647 3.7704551677102836 3.7420744328166076 3.8258691189241487 4.029827740727144 4.294016672781564 4.575497604153502 4.841503643992381 5.0750160086526375 5.2693135631991135 5.4220225508325814 5.532077604617394 5.600206880127392 5.62806605117713 5.615805732023851 5.568671214209918 5.493652664684599 5.399314225609367
5.1633351104899985 5.107475848687009 5.007808045704668 4.920071807600958 4.835315129951929 4.74513405360201 4.648522922911853 4.548323300299804 4.45068970281566 4.376784273354696 4.33824781390203 4.332643545993284 4.353593946159435 4.381684555574394 4.411648043398656 4.433008275912194 4.445793354042422 4.453750767590362 4.455020528179994 4.441437776723683 4.416945409288316 4.381629692663763 4.335365515416596 4.27560403482699 4.199421736012279 4.112047483173404 4.0325506395146276 3.975995393406078 3.9739282617936142 4.051521796820221 4.2093691960891935 4.421465219408197 4.65448435263606 4.881435864148209 5.080204521496909 5.246415588988844 5.378763741410603 5.476721016092527 5.540826419680646 5.573023893729363 5.574181395055458 5.54504339238314 5.490854060815451 5.417492525226978
4.891113614020929 4.861933821594453 4.800439539996799 4.7440422177538535 4.67916163533795 4.598253116183951 4.502237100479448 4.394655746583184 4.283111011065411 4.188186138909742 4.1447545160082075 4.161179492453123 4.221510931381191 4.290508701498241 4.350767207757256 4.39753235373447 4.43553347751181 4.468470220217979 4.494676799290724 4.5052688113113275 4.504365766341644 4.492834407591908 4.4705721833371665 4.433112341976587 4.381734600203401 4.321123029870103 4.259503132384201 4.218523959407175 4.225612262437422 4.296096608174809 4.429158991094336 4.607198731750215 4.798428614083066 4.978023551337403 5.137439972441661 5.271726493597999 5.381024113960552 5.464448759212559 5.521762921531596 5.553960930761299 5.5630351313481405 5.547563928973422 5.509858197586688 5.4544186220827235
4.5606267933388125 4.531669139445068 4.521049489182773 4.518337385816113 4.4836171033336205 4.418818004094615 4.329345139514822 4.220500300467291 4.100981130267976 3.992866969841033 3.9531036658136456 4.003428323656219 4.1048691106413795 4.214917215886406 4.308987346645327 4.384402837601945 4.44856583475461 4.506433535082854 4.556865766422933 4.591353624219219 4.614475458286332 4.62772158505202 4.628295620041179 4.614004503811488 4.587680886201436 4.5537287776796616 4.5187360489654465 4.491973542160261 4.499822369931921 4.562056716737058 4.678727346160231 4.8389300142863485 5.000431128893231 5.119914640421716 5.229827320241844 5.331867994381432 5.418465170541211 5.487156813315586 5.536632723946201 5.566957074059403 5.5794670831767 5.574315234771835 5.549700019509828 5.508847464556101
4.2765110876131756 4.257312332748807 4.276914537527345 4.3062534285481675 4.2960314059072715 4.250570890306623 4.175348888084174 4.074232148690461 3.9512800394775978 3.8163220070919213 3.761416308171031 3.8796492112148937 4.026610579339643 4.1711541420289855 4.294922866912901 4.3963874931645 4.484776378494491 4.566260816117151 4.639401425829265 4.696897398072724 4.743924015659717 4.7804796562576435 4.802397045449201 4.810969958133596 4.80865314465525 4.7990541633160815 4.787195683642103 4.77929782785405 4.79300181524423 4.843209009915906 4.939561457053231 5.081317819321993 5.229907272448457 5.278291336705107 5.34128691124597 5.413369134491532 5.481516695445812 5.537587158010609 5.579783654386178 5.607641130921022 5.6218520350951025 5.623569621022772 5.609516785873306 5.580663148488206
4.064208439159475 4.086615649559072 4.1150306639386525 4.1418909834984055 4.144125276488279 4.115922345873915 4.0590536843589025 3.9760320370142335 3.870116319724442 3.74991132722709 3.7048360338606514 3.8413864626002576 4.005376044370311 4.169980980381527 4.314728053125303 4.437766701578962 4.547746747366342 4.650945946441498 4.744206655909349 4.822886195166784 4.891963574982563 4.947847554249442 4.990423188646542 5.020763033691234 5.040357485041809 5.051333382464593 5.056722154116358 5.060383269089197 5.077957386787022 5.122482566346965 5.196188052157949 5.290522072194258 5.375159645528793 5.425011011545775 5.466706123567422 5.513022422654848 5.563275978848373 5.6101895493068605 5.646720035946238 5.672439204805864 5.6877740295011785 5.693891474017325 5.688566495107781 5.668529971574956
3.898405419839169 3.9428670054218267 3.9821450941844203 4.01309855362701 4.0260035183158385 4.015486523897447 3.9810763676501417 3.9261438117730347 3.8579323973920374 3.7974889669234306 3.7983119164742063 3.8928361752720497 4.039442479964082 4.205165948291224 4.367753318243832 4.5072984818613335 4.63559402085109 4.758214520097283 4.869436343830104 4.967124356504372 5.052763560378791 5.126142511435516 5.1875689455165395 5.237374559610148 5.275731413139495 5.302846032751566 5.319575355757474 5.327909164135914 5.342989901961052 5.376045425731482 5.42755877235679 5.488462355875034 5.542701315362849 5.58099783128444 5.610194153572385 5.638792351227596 5.669711421428254 5.702430194939125 5.734115999909121 5.757757735930605 5.771963301756892 5.776311865889174 5.76835045914053 5.74170184718326
3.7663789987686638 3.822740640166112 3.871281776789931 3.910356629960141 3.9355733999619558 3.943881213841623 3.9344419824819856 3.910751179223192 3.881452567612091 3.8650755584629235 3.8898024758571093 3.975721157745286 4.108640979834598 4.268962499415907 4.441492544960418 4.600523314543527 4.7441941795072164 4.88303777156259 5.009166808408709 5.119947700603233 5.219723150660864 5.308572308158368 5.386517116318331 5.453170389293771 5.507144286489138 5.546138922013375 5.568562555989511 5.575577674807846 5.5835119513207285 5.602903913786522 5.633471207378458 5.669200250232965 5.702119010283157 5.727650301857745 5.7472237195000915 5.764495749999613 5.781642089644085 5.798833258224261 5.8149484589554445 5.828221537047734 5.835573787827629 5.832469579332059 5.817255260123115 5.783021315698419
3.6639807166137297 3.7259205329117897 3.781255095302969 3.8290669836439175 3.8674500147678974 3.8945428325802536 3.9098717444685778 3.9156817702484497 3.9190305342924536 3.933676259870028 3.977059915881672 4.066133049901432 4.19486657753331 4.352119200812891 4.5269510811682565 4.705442224752735 4.867842908669619 5.018314229837747 5.154040029975984 5.276664417837974 5.3888217995029635 5.490199330046415 5.580790838686522 5.66021263947361 5.726293413665932 5.773411461402776 5.796020967282345 5.796766493751902 5.795375917752985 5.801342388662655 5.814121947434281 5.830289146972391 5.845611760284633 5.857392393601096 5.8655077794898025 5.871198883036716 5.875442766945038 5.878381683093033 5.879252800111413 5.876653764543187 5.86888515724586 5.854105330967959 5.830022179807671 5.788491020524593
3.588468295897461 3.6511816191265303 3.7105320902612324 3.7662229560514495 3.817264386667074 3.862102705564058 3.900069487777226 3.9321908474652676 3.9622896407862367 4.000690570342861 4.0609104012845325 4.158087033360323 4.289025479062491 4.447010464301897 4.626095034869756 4.818622850022887 5.00553642407963 5.168409096991903 5.314219092426123 5.448194729953331 5.570654065896024 5.680989227846688 5.779110139995787 5.864879361890694 5.936060262013521 5.982548716662286 5.9943589613001915 5.983373591801673 5.973395565224877 5.967785114104831 5.96695038389338 5.969166979674037 5.971512336485051 5.9718138328855845 5.969156564107553 5.963523856006112 5.9550886738196755 5.943736473391172 5.928944896653483 5.909867636133886 5.885470877777775 5.854650491358907 5.81547160081623 5.770979470332118
3.5336897040144284 3.5961741066033914 3.6569511226064693 3.7190962758408754 3.7815940329459687 3.842657731008655 3.9008625901275122 3.9557591575724484 4.008590646932123 4.066342823520015 4.142775757845287 4.250527903698755 4.390155232673065 4.558783566879173 4.748737415986319 4.95144201569064 5.152481279683658 5.332074620979558 5.4870957526840245 5.630292217752494 5.760059695536135 5.87530175679228 5.975637719093402 6.061200749278323 6.132142398998986 6.176096585696631 6.166265445931861 6.139133539743534 6.116553285367006 6.1031133506512365 6.095515694785293 6.0891587312930575 6.0820990189782345 6.07271348877852 6.059997065300682 6.043469266984416 6.022870460429506 5.997892357737891 5.968053887717149 5.9326998176553065 5.891057783649409 5.842305421622865 5.792381892532548 5.7511179896439755
3.489922282114599 3.5515248988833474 3.615043626600381 3.6835591365706044 3.7570838411522867 3.833354625725099 3.9099302947057852 3.9848366428502624 4.057288722105824 4.131462059601365 4.2243608940332305 4.349962070935993 4.506494146831671 4.689143823853982 4.8914347345814475 5.103215275359473 5.308866475548127 5.498647869652384 5.665291241952427 5.815336459667721 5.94907343937769 6.0647339775918265 6.161284035901468 6.238117865819967 6.293982052865409 6.319400121172826 6.303434984751173 6.27410855536857 6.244103488008672 6.218308592943573 6.199569102231401 6.18744841346381 6.173759303989424 6.156569428879253 6.134964999708297 6.10833006438493 6.076233942404597 6.038296710535516 5.994102826869387 5.943174844365244 5.884986967650655 5.824842886334041 5.7761226458410295 5.735722909523931
3.4535641594262785 3.5106891715162702 3.576587593873308 3.651269030190036 3.7360085664464915 3.827514440878791 3.9217020402002416 4.0148871658993865 4.104401812280271 4.195591547599905 4.312912224948287 4.460703614893205 4.636249603535544 4.83527474303295 5.050867091550471 5.269450589417211 5.479190437265098 5.6698400984619095 5.841442408238535 5.9959691207136006 6.130483932651986 6.242487146003938 6.330330762461572 6.392765617732652 6.4279046418837416 6.435712803971237 6.420148538354812 6.39187519704821 6.357433905600754 6.3222050368547045 6.289979892693129 6.263468342382743 6.243453660616532 6.2203232712658885 6.1911764408962275 6.155424943266556 6.112630565938703 6.062452228944492 6.004596094890612 5.9387861140799325 5.872184666463117 5.814519829608778 5.767769622736204 5.7282414580860666
