_RESULTS/CROSS_VALIDATION_POSTPROCESSED_80-20/MHZ/GZ/8comp/1/MHZ_GZ_z_710_kriged_reverse_8comp_spherical_1.asc
ncols 100
nrows 74
xllcorner 5.5967023332191781
yllcorner 50.982320383219182
cellsize 0.00019249356164376555
nodata_value 1.7014100000000001E+038
[rows 0 to 17 of 74, columns 0 to 40 of 100]
0.03498882477836137 0.04252716510023675 0.04633424374014507 0.044735838202807125 0.03953912823016186 0.03260647166461143 0.025165305413433814 0.01874710406265525 0.014086274799628422 0.010522492143371772 0.007882391206497627 0.00615516495622879 0.005177321062030491 0.004842804782382181 0.005104749610821654 0.006093941339034987 0.008239453247657376 0.012590868521389487 0.021707565587597063 0.020529210393999027 0.011741657960229347 0.007494855563666987 0.005249534435094559 0.004072365672685153 0.0034990602114155053 0.003226213430815932 0.0030965071734905844 0.0030649334522208473 0.003286463683496841 0.003769124496997563 0.004544744024589852 0.005671125889073769 0.007215783393600433 0.0092305522734332 0.011713657752664799 0.013945238559351833 0.014712840945784914 0.014589197200450852 0.013700914349433125 0.011784707674463588 0.009417323694505646
0.0417696445274804 0.05017422842059644 0.05430698971056616 0.052169777699018996 0.04515100550595226 0.03501443617993778 0.02416755420016849 0.015678562281300965 0.01007442288419517 0.006300449678107608 0.004015429418276306 0.002761697878336553 0.002115731971504328 0.0018379778274607915 0.001825049907025162 0.002067610086567466 0.002637463616075783 0.003669022997943154 0.004990387687539125 0.004779315258939882 0.0033364014563656555 0.0023300221085203634 0.0017535258305143083 0.0014865975243089412 0.001420786241848456 0.0014971539513108896 0.0016723774516645717 0.0018874831779499429 0.0022300217632475875 0.0028124919715942494 0.0037187056658319674 0.005071759165088521 0.007027018574050795 0.009744225985942906 0.013323633569793604 0.016906533646335285 0.01875519921306172 0.018438629413120335 0.0163301265791214 0.013120795659997766 0.00974366506323131
0.047008896275477524 0.0557965311018049 0.06029021996361077 0.05867606698098272 0.051234340600437106 0.03771535272106903 0.022385758805140762 0.012186456139805834 0.006455676856674308 0.0034032857278837023 0.00189071937951348 0.001149077807066555 0.0007895340707994759 0.0006277406541323945 0.0005803232213292373 0.0006127017261108305 0.0007137573561587477 0.0008639651239382951 0.0009811473101196497 0.0009324533634886887 0.000759709503780476 0.000605751798421972 0.0005119594522929782 0.000490776856786405 0.0005342065556728753 0.0006430726590454933 0.0008269408588301731 0.001095710759106936 0.001454077536522899 0.0020365970849388526 0.00297411393227829 0.004458922763857271 0.006763125820929793 0.010222407738749323 0.01513936348277229 0.020467418471409732 0.02389175243369256 0.022933666865667203 0.01908706549373563 0.014274390293952959 0.009814252070398207
0.0494837658090504 0.05753219317317334 0.061426554050997145 0.060428390377124885 0.055605554692718405 0.041067240579667846 0.01906185316221882 0.008509239099813404 0.003820584679922338 0.0017499238486583676 0.0008473107470965162 0.0004516231830021609 0.00027616023372742897 0.0001997531415190133 0.00017181231128877354 0.0001707244467631284 0.00018461958607047155 0.0002024366567268387 0.0002090632584813763 0.00019440688950792803 0.00016777425434495825 0.0001462958871614575 0.0001386853175250785 0.0001529362455413327 0.00019454716701199667 0.00027387772802183716 0.00040753001674569226 0.0006173509525506497 0.0009314141226086372 0.0014564211459848289 0.0023558753720759593 0.003890262520337554 0.006474206190252297 0.010705849493842292 0.017232800736942475 0.024848339483439286 0.030064101939073964 0.028187232726501338 0.021964222239268673 0.015213705772894784 0.009649234431988585
0.04858487991248036 0.05444367097559662 0.05577739157262287 0.05239977012782762 0.045299825624963125 0.031013684843893073 0.012964603663780596 0.0053152094264136245 0.002152209258327579 0.0008750261216203295 0.0003708993074296007 0.00017222597003059255 9.30058759715294e-05 6.150024669422695e-05 5.0300367943599155e-05 4.857950117325894e-05 5.101067702246091e-05 5.333774828555514e-05 5.2214611055477836e-05 4.6856248657598215e-05 4.010949145124814e-05 3.5828510113634916e-05 3.7008319913372284e-05 4.742841670351659e-05 7.239781375214093e-05 0.00012165445969784631 0.00021135096587887592 0.00036497048734670287 0.0006115762807896301 0.0010498939397684533 0.001875273770046356 0.003399025952241709 0.006191386269858433 0.011202949490820598 0.019599191046634913 0.03026906689782893 0.03744574219711982 0.03437452788276773 0.024886081811349967 0.0158595144052724 0.00925900902604874
0.04480506135108897 0.047668868596960054 0.045550623541872004 0.03859164265180881 0.027777665546622924 0.01600042885958533 0.007392503710401505 0.003102055154607723 0.0011972817865676122 0.0004447867369436934 0.00016639485282589648 6.659105358631267e-05 3.1209126290832595e-05 1.8980601283224624e-05 1.5458535514231e-05 1.544985522741313e-05 1.6659101266181873e-05 1.744543887171186e-05 1.664282121592068e-05 1.4248927003480456e-05 1.1411353259277128e-05 9.560005289053937e-06 1.0221971991460884e-05 1.5633330906705697e-05 2.9722524700699553e-05 6.0366472934034746e-05 0.0001217470837264685 0.00023633496046337148 0.00043500191511726904 0.000788515414869519 0.0015223978685816116 0.002998464418781817 0.005923866821959366 0.011653079435198485 0.021977062903316986 0.036464322227975604 0.04661279705373188 0.041484795909159884 0.02747978142087811 0.016019026643278617 0.008637104490118041
0.03945569326784071 0.03964917106263399 0.03511209026224773 0.026867189250092186 0.01710939239336269 0.009088352725868184 0.0043211010345087595 0.0018595543056224568 0.0007059686176571692 0.00024681212913277723 8.27661509934669e-05 2.817314863261409e-05 1.0952787140746507e-05 6.069486312257575e-06 5.356993990381685e-06 6.093171822064727e-06 7.171658599461263e-06 7.825503397337245e-06 7.473098618593512e-06 6.1419099728999824e-06 4.440917088096156e-06 3.0684866060109007e-06 3.047776041085625e-06 6.1760184103292225e-06 1.5184551600541345e-05 3.6530015243614237e-05 8.26756333814648e-05 0.00017448892983624545 0.0003424606190334863 0.0006444078251208943 0.0012827714834510032 0.0026905609667351037 0.005668753104468377 0.011901632436388589 0.023563524844792273 0.04157236923406001 0.05801123479437864 0.04827902188096004 0.028540615361297216 0.015377877650663846 0.007783290797850368
0.03387397990144662 0.032343407121396765 0.026871352976796697 0.01908408099833022 0.011380172802804771 0.005914520232624552 0.002836632616680953 0.0012463685504744049 0.0004763453309424472 0.00016283233767715858 5.1057524864057e-05 1.5083750430170022e-05 4.509052805283192e-06 2.074585811023765e-06 2.4179783452471474e-06 3.4538569945488843e-06 4.575993509897054e-06 5.2883152340358784e-06 5.189791084298842e-06 4.26540162971311e-06 2.962224388650857e-06 1.7258990406182648e-06 1.2872171939094291e-06 4.015048083283678e-06 1.1397436973981943e-05 2.9432336131195098e-05 6.96169189000238e-05 0.00015155051837731595 0.000304440203511032 0.0005793758012181361 0.0011586185792452858 0.002475175053546581 0.005434847561702628 0.011703758405224193 0.023283520778835394 0.04070449185934643 0.055913560396356705 0.04559698100151872 0.026294504404608742 0.013776597731796457 0.006759497264062914
0.02890103262529793 0.026566836829086577 0.021123475531927668 0.014331675433585067 0.00843785016562579 0.004458205563866186 0.0021637573016242855 0.000981022596384943 0.00038897128257675285 0.00013721209274445141 4.383183863831105e-05 1.2840983904329606e-05 3.500935748033778e-06 1.2955480060632456e-06 2.107478557802813e-06 3.3887090711277112e-06 4.771487820547152e-06 5.745438785468988e-06 5.8669977327303115e-06 5.088095375044442e-06 3.881910414418054e-06 2.832914929333646e-06 2.9306722271780356e-06 5.704420715452859e-06 1.3713753338517145e-05 3.278517934880482e-05 7.418164834241464e-05 0.00015680753068173734 0.00030822319085430355 0.0005754779046062843 0.0011301136166019055 0.0023715956565334554 0.005257098383027036 0.011079740537765484 0.02124369123180379 0.03443424893128335 0.041850059362824855 0.035136304145042596 0.021629504688130175 0.011604694941078318 0.0057105144595443035
0.02485432933787019 0.022358892377420576 0.01738000978169352 0.011600734356786949 0.0069840759505944055 0.0038412507012111877 0.0019380345156028488 0.0009225908130763966 0.0003925614334030191 0.00015138110389914007 5.434963146062642e-05 1.8968297854910382e-05 7.197491061833694e-06 4.106703054162988e-06 4.439893700909578e-06 6.175975403844291e-06 8.397073162421359e-06 1.018243879008658e-05 1.0748121534724072e-05 9.99940410282302e-06 8.5924119363571e-06 7.5071767641678056e-06 8.233346108835487e-06 1.258805944516517e-05 2.3825132280146028e-05 4.841962364189698e-05 9.806595388226631e-05 0.00019133035331437016 0.00035357343853300167 0.0006300223495511066 0.0011918018247958138 0.002425932999231984 0.005185817728251969 0.010498485785967673 0.019109293634711557 0.028816685677737406 0.03281399312331635 0.027357206859411235 0.017490562197122004 0.009684494367138748 0.004840647243560148
0.02172236599076329 0.019492260071375157 0.015156126910631337 0.010287605065858959 0.0064364205966795885 0.003725312889866481 0.0020132042158082443 0.0010280146966278375 0.0004824860616636321 0.00021200106768666272 9.099651680963227e-05 4.0578241585463294e-05 2.095562450293122e-05 1.459508141617393e-05 1.4513737992005993e-05 1.794613148532575e-05 2.311874202687798e-05 2.7778667884832326e-05 2.9817540574884453e-05 2.8983785686773488e-05 2.6303139000706743e-05 2.4233864750474376e-05 2.562541404746419e-05 3.3332855289233024e-05 5.136906078390101e-05 8.722016350687268e-05 0.00015341969313199434 0.0002677297620981421 0.00045239715258657483 0.0007615206744400773 0.0013868156363482079 0.002700605723676017 0.005355520540153083 0.010280686251819385 0.017671004632135362 0.025146009330446355 0.02738954561006048 0.02248578056165658 0.014733179841165223 0.008413340789423648 0.004309956423143184
0.02018140141409855 0.018596654986401534 0.014847414760686621 0.010525631047504532 0.0069110645663309905 0.004215574976949107 0.0024299505536922294 0.0013537877505100133 0.0007049529606636095 0.0003577277349191753 0.00018589726514005135 0.00010405974293909147 6.766780336867821e-05 5.50049364599759e-05 5.673389631751665e-05 6.909817000118214e-05 8.836219109355547e-05 0.00010655644800769393 0.0001144156534849416 0.00011023023343650388 9.806924811666567e-05 8.764616368908934e-05 8.548381464574073e-05 9.656723796541983e-05 0.0001250957274745883 0.00017866654183462427 0.00026954417724142865 0.00041663650886307447 0.0006434327710402055 0.0010245461564125815 0.0017741818318859721 0.0031900655532164993 0.005829854482287442 0.010487180468871418 0.01700366138652131 0.023066408569144763 0.02424652278796642 0.01959304161480893 0.013148637746863086 0.007740460190501816 0.004087781898859694
0.020481484758594147 0.01969127680058215 0.016469916826875222 0.012428762458086343 0.00861501736185307 0.005529848144728734 0.0033915128994990887 0.0020621364493740644 0.0012339844886585984 0.0007138268442757783 0.0004307311837339538 0.000287957387954759 0.00022501734725868106 0.00021096995069576376 0.00023807448414288535 0.0003087291946798977 0.0004189901572728736 0.0005256905031066516 0.0005558558256331045 0.0004960749642669102 0.0004057959347808196 0.00033362999165272375 0.0002934686516622104 0.00028982295943620433 0.0003222169843150322 0.00039346485469100905 0.0005160287709278043 0.0007104913952999802 0.0009989893942768339 0.0014993775956410249 0.002387437501715972 0.00394570863440616 0.006648360353508766 0.01114711016495718 0.017040763201962975 0.022160364675475695 0.022592384433010242 0.01813311119728653 0.012486222558784378 0.007590029162201796 0.004151201300556474
0.022368682483642495 0.02269468045655486 0.020268558017787222 0.0166034860011663 0.012137590299565465 0.008094370722830167 0.005257435481977715 0.0034419844701597045 0.002318194358758115 0.0015506859410498997 0.0010710302700907537 0.0008174462772514816 0.0007282254678899184 0.0007801027360646136 0.000987479871528027 0.00142762183967651 0.002208535470599362 0.0030935596994968923 0.0030996678042930293 0.002368135389207586 0.0016942490513204387 0.0012494436412756307 0.000989476060219943 0.0008625883615230913 0.0008378812935829066 0.0008985394834889719 0.0010485590623406725 0.0012933152831632558 0.0016430718149712227 0.0022565912417540196 0.0033030721361651536 0.005037968038833498 0.007859277006669869 0.012283650573559944 0.017699966240969502 0.02209668309743345 0.02192645793792188 0.01776444783041697 0.012593768185927917 0.007925852318685525 0.004511448109649822
0.025819683133051104 0.02770159463643151 0.02645347154027033 0.024034700088953247 0.017899001238595977 0.011847228747359924 0.00785544440845705 0.005366431280675395 0.0038964510295989127 0.0029567463958033975 0.002348157847825617 0.0020429804708137276 0.002031452541761621 0.002406188703588689 0.003443341523361341 0.005770062686870764 0.010808900939462953 0.019913268325021088 0.016956337881746948 0.010206032106693741 0.006403551851400806 0.004307653371388823 0.0031350630529526236 0.0024739222266795453 0.0021577370970216983 0.0020914685150876305 0.0021912407354928304 0.002379710943116035 0.0027167718499693664 0.0034105131534424545 0.00461471228143304 0.006542283512826937 0.009513659756049116 0.013916058651790561 0.018903217580906392 0.022589564814509546 0.02200928270195061 0.018320376046951827 0.01341888053341605 0.008765966150396834 0.00524781677401942
0.031013955533917274 0.03499221347448278 0.03411362719588427 0.029576171279557938 0.022252520758513722 0.015292504612337896 0.010446432112848018 0.007400695864371583 0.005628858839920463 0.004702802369811433 0.004192336479967973 0.004102243530236453 0.004558123510428895 0.005895743465599595 0.008995059321821024 0.016199532266862472 0.032536260455907975 0.06140927306197192 0.05439234220027219 0.032689512685312234 0.02006332774816643 0.013030041853984538 0.009027402215120005 0.006686280187303267 0.005380037270395095 0.004706088514820211 0.004364390152885452 0.004204469781263559 0.004438804769362798 0.005149836023701139 0.006453952890141799 0.008544969590535014 0.011647855369888362 0.016041766128142225 0.020558950907852275 0.02333824244571245 0.022969066154167207 0.019749815089608814 0.014988971052201584 0.010215955846330048 0.006471513948516882
0.03832563583352348 0.04321140422372231 0.04036790848641545 0.033231398086230414 0.02489295463752629 0.01757847973428774 0.012302570344249223 0.008930520953295782 0.006989019085798718 0.006103236878226846 0.005964518006828412 0.006401667763002023 0.007745315607852558 0.01073997005796667 0.017113169147162814 0.03050647510114908 0.056422002642968365 0.08897340107563666 0.09576329463351364 0.07481312841983717 0.05042272801110173 0.033272083090941124 0.02249215276657116 0.015938765428566013 0.011970525657879734 0.009519785614414163 0.007935245059561075 0.007081917754687688 0.007026421159876214 0.007637192619061566 0.00895608953500581 0.011150392441379841 0.014347077829873926 0.018641765693372954 0.022531165994844272 0.02449191284102031 0.02475344040663442 0.021751601004295133 0.016690547895145742 0.011654589268320767 0.007654554714997626
0.04562247822507972 0.049757020860953745 0.044906881016904925 0.03549731621033896 0.026122926901002527 0.018406970644531846 0.012915334720955894 0.009417182713569316 0.00742664332531107 0.006560863249122209 0.0066801595484404855 0.0077069778547056555 0.009955903431897433 0.014500971598234652 0.023329905859783156 0.040120177697377475 0.06914810761258332 0.10649979220677959 0.12874844721271753 0.12250299096931133 0.09724230452624519 0.06798120835534864 0.045862299034720506 0.031848223782951976 0.022897284045594015 0.016923770625590997 0.013083254491738711 0.011210911952211003 0.010604900294591024 0.010942634401577483 0.012156356126674027 0.01433900093524894 0.01759390506358992 0.021708672252215525 0.024800262618031515 0.02635004401451909 0.025849489857892226 0.022528030272231794 0.01742332686201227 0.012422907455162155 0.008411157681499552
