_KRIGING/CROSS_VALIDATION_CLASSIC/MHZ/IZ/train_2/MHZ_IZ_2_train_z_63.asc
ncols 100
nrows 90
xllcorner  5.6208707817415728
yllcorner 50.959635321741573
cellsize 0.00013419651685393446
nodata_value 1.7014100000000001E+038
[rows 40 to 59 of 81, columns 44 to 87 of 100]
0.680371221363128 0.770442350372295 0.852976706069123 0.925817282912365 0.98695475211487 1.03451337438056 1.06675354158873 1.08210298551928 1.07922695222867 1.0571430228624 1.01537826870145 0.954155649192187 0.874584768747181 0.778821976727443 0.67015930865924 0.553003453953776 0.43271613080963 0.315305563210544 0.206982892996819 0.113623357324589 0.0401949263814797 -0.00976823643889591 -0.0345676955300295 -0.0345500323554848 -0.012080725641629 0.0287251414179345 0.0824843972516396 0.143173502079278 0.204812074562895 0.262103258499842 0.310941118310186 0.348720291343181 0.374418819024547 0.388464026741416 0.392425709719533 0.38860430415944 0.379590580602834 0.367867510640604 0.355507285744359 0.343992071300988 0.33416170116358 0.326270177645031 0.320118828111209 0.315228426308274
0.563929294803775 0.647617539575278 0.727702789635769 0.802396713777341 0.869678603275855 0.927275167361691 0.972701506848409 1.00337138200064 1.01677808087726 1.01073850641364 0.98368253009431 0.934958143337372 0.865112416906301 0.776101394123764 0.671381513704684 0.555843003401217 0.435562504555642 0.317376682588082 0.2083074837136 0.114898172215791 0.0425417300878569 -0.00510560782619007 -0.0265366360673045 -0.0225619452179836 0.0038005521288953 0.0477087420607539 0.103101914287448 0.163442171685658 0.222482846222451 0.274952077366085 0.317056542462151 0.346743665520803 0.363703618208203 0.369136308716267 0.365344716893758 0.355237875770671 0.341831502176713 0.327822640806282 0.315290956404279 0.305549753502842 0.299141025917655 0.295946239284412 0.29537130662805 0.296560971467075
0.451760100868525 0.528094854372148 0.604956842622991 0.680919569412863 0.753919714391331 0.821236944534208 0.879581391005603 0.925292191551447 0.954638498315441 0.964201485476862 0.951302669340511 0.914431607108633 0.853616945749809 0.770681509902172 0.669327119336291 0.55500958228323 0.434588568861461 0.315768450784518 0.206380267408008 0.11358585864843 0.0431066111638498 -0.00141415694971991 -0.018817503615296 -0.010535353026112 0.0196281350290728 0.0660153595010404 0.121860991836131 0.180154320180068 0.234489609069377 0.279780164923582 0.312738044931268 0.332064263739672 0.338345212452457 0.333699615313912 0.321257393817959 0.304570924785864 0.287058242614876 0.271559028816326 0.260053528449295 0.253559417090639 0.252189569993636 0.25533032640654 0.261888090909476 0.270551928566504
0.349979717179538 0.41774730895003 0.490264599963987 0.566453892449356 0.644179027862847 0.720231868198656 0.790474031547449 0.850131834036644 0.894225173235324 0.918094001413165 0.917970116816665 0.891529023988215 0.838349062023023 0.760205621305212 0.661139320811487 0.547259385497796 0.426275934325029 0.306793831076534 0.197440362738023 0.105932192724638 0.0382067374602382 -0.00225609321238351 -0.0148163336333794 -0.00169524259289755 0.0323759144434833 0.0808321566721912 0.136175964559092 0.190966619444142 0.238748087191005 0.274779374189346 0.2964686849565 0.303466429812326 0.297431332168463 0.281536882669118 0.259822288789818 0.236506920861315 0.215379157369729 0.19934346162802 0.190170999408948 0.188458129337487 0.193761939165247 0.204858465597459 0.220059748746447 0.237529523676029
0.264129487297591 0.32187881413886 0.388584358310887 0.463498377571923 0.544384253562626 0.627516548229377 0.707884079959348 0.779587895076302 0.836403644451401 0.872456586355958 0.882938796402502 0.864784444725001 0.817213064462542 0.742055497875381 0.643794749265303 0.529284575515446 0.407150030708801 0.286921293697088 0.177997581752229 0.0885733029607052 0.0246759223110486 -0.0105411415182634 -0.0171383398043093 0.0016971715871229 0.0401595064041331 0.0906789158171277 0.144992727446584 0.195266615569816 0.235094656951911 0.260231279406423 0.268958425067943 0.262056877116012 0.242418578010973 0.214393694499245 0.183001845528048 0.153146043624036 0.128951164559218 0.113312126236243 0.107689891470947 0.112146386131976 0.125571476694245 0.146032068553203 0.171166936060834 0.198559118699017
0.198906319298425 0.245004507182508 0.304137564930098 0.375863594475176 0.457822387310687 0.545755888473491 0.633778601630582 0.714883252377295 0.781639675904396 0.82701948800488 0.845257743269389 0.832648295416335 0.788165279978821 0.713812200339393 0.614624472741585 0.498290631890058 0.374408288891814 0.253446730558351 0.145539638864733 0.0592687618706181 0.000613655477436859 -0.0277715867505254 -0.0268366997823208 -0.000917062979707395 0.0429539358042819 0.0960978427862423 0.149444601704211 0.194789565982049 0.225859970318034 0.239034263776031 0.23362222353195 0.211692228322576 0.177508816258576 0.136703964287475 0.0953388439457753 0.0590148471805498 0.0321659669611635 0.0176173935811067 0.0164390209632009 0.028069435148359 0.0506455885854721 0.0814513654143566 0.117395543152489 0.155443090431048
0.157902916815642 0.19064231995825 0.24025252640258 0.306568808616121 0.387090804022974 0.477029778299862 0.56965079205841 0.656888234369196 0.730181112374995 0.781445111441806 0.804074407065649 0.793850919620752 0.749636024750968 0.673733158097653 0.571841172975434 0.452566758607113 0.326525053218955 0.205122441886006 0.099173390903922 0.0175423311494919 -0.0339877484484915 -0.0534415456634669 -0.0428501626339538 -0.00788101737929248 0.0430499842623291 0.10004640748107 0.153177867785761 0.193875329366458 0.216058230304856 0.216828367164608 0.19664550930529 0.15899168738908 0.109616732661282 0.0555207409550337 0.00385907044701128 -0.0390507830376198 -0.0684788740810059 -0.081706092590076 -0.0781036901863004 -0.0589108286643654 -0.0267943074792092 0.0147050457981023 0.061736489629384 0.110630287489447
0.143368862921698 0.161118276286979 0.199216055960802 0.257742293685036 0.334048555741181 0.422837504159735 0.516579230697541 0.606235839658381 0.68222938024463 0.735555110768874 0.758915442147007 0.747733782707824 0.700906370383848 0.621167933616136 0.51498554703421 0.391952765029255 0.263727102417546 0.142628028709395 0.040076801921633 -0.0348997945507564 -0.0768732645416341 -0.0847291983257013 -0.0617695356394893 -0.0151724394660252 0.0451126715451722 0.107861358672996 0.162221457448897 0.199247581971783 0.213083311071523 0.201618834301459 0.166548245121196 0.112856527662026 0.0478606340992632 -0.0200056983634697 -0.082448098256654 -0.132408910188314 -0.164855619651756 -0.177180651109163 -0.16920798697304 -0.142866975951701 -0.101637647837282 -0.0498900074397342 0.0077666592185508 0.0670335544352922
0.156017423704941 0.157402125109293 0.182141856572232 0.230526551661729 0.299762266665263 0.384087494835517 0.475263611387959 0.563404230322721 0.638067921118751 0.689502175230185 0.709897402750326 0.6944927548261 0.642375854936906 0.556840460318226 0.445211584483505 0.318114526192083 0.188245356646413 0.068783697244917 -0.0283410655073361 -0.0940769435933791 -0.123514804649056 -0.11658030821772 -0.0780249994295148 -0.0167018456754672 0.0557689560201832 0.126732816859606 0.184352362253422 0.219279839381858 0.225888839163772 0.202887333729617 0.153247202261943 0.0835051586941157 0.00259268534670531 -0.0795806560608272 -0.153545537627908 -0.211473216277588 -0.248000228258765 -0.260602077925852 -0.249525069219341 -0.217355757669734 -0.168352583691194 -0.107679853787676 -0.0406727743270106 0.027768925318664
0.194912506903562 0.1790011829691 0.188876957682064 0.225003181351097 0.284454730864587 0.361073773429979 0.446031458376775 0.528753993378418 0.598127894489063 0.643859591201028 0.657833173104428 0.63529221945639 0.575673208147105 0.482943859807454 0.365351946965978 0.234565865758317 0.104279145114474 -0.011556816962597 -0.100631377676963 -0.154021216450971 -0.167504398948636 -0.142215247267872 -0.0845123218934445 -0.00506022144881568 0.0827397660535335 0.164721174626833 0.228006728539517 0.262814323474665 0.263732453371227 0.230282754383163 0.166717122790629 0.0811300522047995 -0.0159227461888355 -0.113040730680952 -0.199556106152196 -0.266834322354496 -0.309133312196902 -0.323951231930102 -0.311885819307284 -0.276103698284419 -0.221563749256883 -0.154151484766299 -0.0798648772253995 -0.00415506218927742
0.257471059933063 0.22394415341966 0.217973983601035 0.240160684162711 0.287474524785975 0.353452018540972 0.428822985529111 0.502521389258361 0.562986419840091 0.599618118990748 0.604218425128095 0.57222984652374 0.503586610269443 0.403022538035506 0.279738203292906 0.146413899895972 0.017654903033986 -0.0919442257461722 -0.169848185164884 -0.207430651542757 -0.201321473085727 -0.154011729327934 -0.0735900842610664 0.0273726556096237 0.133626610119817 0.2294475588633 0.300886217377576 0.33769952489229 0.334663064694981 0.292079500560939 0.215443564488062 0.114369860296524 0.00100702804635022 -0.111770292755294 -0.212090934924161 -0.290482869764485 -0.340765584793169 -0.360374475055079 -0.350153955588463 -0.313735423630696 -0.256662287280814 -0.185434228715973 -0.10662156623328 -0.0261581430304042
0.339606388765135 0.288880806599556 0.266754660250018 0.273929240608157 0.307308464957711 0.360234183219616 0.423169715360803 0.484779716442974 0.5333061904552 0.558096291548338 0.551102455950375 0.508155995871531 0.429818811696962 0.321650338720438 0.193790524790719 0.0598508580800703 -0.0647865759010493 -0.165054630258889 -0.228378091453551 -0.246605314756965 -0.217370667674916 -0.144637816793255 -0.0382999690815815 0.0871295750709434 0.214544405388259 0.326668927238119 0.408487383689991 0.449287386433496 0.44400108682698 0.393657750288067 0.304921639604179 0.188845980286168 0.0590967919293164 -0.0700321197170644 -0.185488181604925 -0.276943188187167 -0.337717087156024 -0.365083391645587 -0.360005537953682 -0.326436317295203 -0.270358502283618 -0.198751929381284 -0.118646621918014 -0.0363743630877055
0.436018593268433 0.369308223106672 0.331478654911911 0.323298819800063 0.341654534082811 0.379819780097114 0.428185006482549 0.475386943863718 0.50973503296508 0.520784024340523 0.500865959586565 0.446374728741575 0.358600603283615 0.24394707429363 0.113430419854451 -0.0185403715011869 -0.135991153654244 -0.223592332240472 -0.268936320052711 -0.264525063336467 -0.209127764492265 -0.108251649674637 0.0263938234250507 0.17838984340422 0.328840330989314 0.458991795199338 0.552818985188506 0.599162185694911 0.593086793509347 0.536279635789572 0.436469125600142 0.306022463611562 0.160000440928256 0.014016893785653 -0.117752185494956 -0.224128261324116 -0.29788263219537 -0.336028121392032 -0.339510511075794 -0.312445391073823 -0.261091606907776 -0.192757003920773 -0.114802739626844 -0.0338613958710809
0.540613602273516 0.459913126127446 0.407614175687754 0.384522823861052 0.387562274036149 0.410074925215047 0.44258135427182 0.473938380385116 0.492788706597839 0.489148453481137 0.455941795299715 0.390271485053203 0.294218736411158 0.175002661536416 0.0444008254792973 -0.082565885130724 -0.18956151735357 -0.261236652097422 -0.285572432148898 -0.255893828938716 -0.17220122648902 -0.0415596732248609 0.122567918021714 0.301978933295576 0.476140309012301 0.624971758683311 0.731556888860739 0.784350170742379 0.778542139735553 0.716399951570859 0.606582976836283 0.462606133230982 0.30075369864436 0.137811190055293 -0.011024316509184 -0.133765588534142 -0.222611588347466 -0.274230638247004 -0.289420035029282 -0.272298346755986 -0.229231279445671 -0.167694163776284 -0.0952417087931717 -0.0187017895153734
0.647008026613169 0.554997837214882 0.490187249708904 0.453392660277545 0.441633759857647 0.448459496938662 0.464721949469532 0.479739299155228 0.482740025994176 0.464434373604432 0.418521832844888 0.342922802368004 0.240527549646404 0.119293397539295 -0.00840560328146323 -0.127167954085207 -0.220562215351207 -0.273482674209903 -0.274521373407253 -0.217974018891767 -0.105123510838626 0.055458972794164 0.24870164019312 0.454830049180191 0.651916992251053 0.818787895407705 0.937818783741153 0.997183600218459 0.992209832111858 0.925664333812847 0.806980649075089 0.650616341367021 0.473859747640994 0.29446811728866 0.128507306749135 -0.0113129236281129 -0.116632293654176 -0.18371891260661 -0.213110378858155 -0.20878052008403 -0.177038639898397 -0.125368290793228 -0.0613780765321883 0.00801860991128756
0.749059303055158 0.648940214499565 0.574170376387616 0.52555375969535 0.500265113349027 0.492191652157866 0.492705144535673 0.491806002640538 0.479533341901051 0.447489788312739 0.390292901260229 0.306744606557015 0.2005151020559 0.0801758058941514 -0.0415101612763646 -0.149026420393684 -0.2261344041889 -0.258241386421079 -0.234759028768031 -0.151067490823122 -0.00972968712649658 0.179299529961082 0.399566755844941 0.630025739026521 0.847684012426727 1.0305820768881 1.16063351104116 1.22587906085552 1.22181552262145 1.15162821648972 1.02534871275105 0.858137889367973 0.668024204439488 0.473486686709356 0.291256479833881 0.134630826997604 0.0124721248690094 -0.0710694250289945 -0.11619095403762 -0.126596990606013 -0.108393382250105 -0.0689225243711807 -0.0157116215104914 0.0443504475991623
0.841353956799301 0.736630026053028 0.654862570703721 0.596824587185646 0.559899697841454 0.538430624160909 0.524472868199354 0.508896947477467 0.482737121020568 0.438640976572056 0.372238325626905 0.28322779462225 0.175984505806393 0.0595298873978886 -0.053222258200166 -0.146925477357317 -0.205827135878716 -0.216105355041625 -0.168171874360015 -0.0585604933130111 0.108947173959697 0.323204767594168 0.566680615369744 0.817433865632914 1.05180855438723 1.24743319365722 1.38605429638098 1.45576099125202 1.45226885541675 1.37910077566333 1.24669536671872 1.07065000377571 0.869432224896991 0.66194935139914 0.465347416868907 0.293328579684067 0.155154437089051 0.0553694628715774 -0.00583923048401969 -0.0318130923501185 -0.0283313782150262 -0.00246277481708113 0.0384722895068845 0.0877159184087205
0.919593093996971 0.813827641405323 0.728213877878468 0.663479381687914 0.617261862860285 0.584455294723936 0.557929570813304 0.529569993824294 0.491540419874374 0.437632616555955 0.364530022791341 0.272794750904493 0.167391465097088 0.0575982165825965 -0.0437748066679032 -0.121836987300783 -0.161600597763781 -0.15024385732438 -0.0793175943664202 0.0534732785807214 0.243248497016049 0.477924484714076 0.739256463822013 1.00484425820371 1.25082156984971 1.45482039070014 1.59874780524576 1.67094424105949 1.66740394791752 1.59190647123494 1.45509685724675 1.27272390778755 1.06336744993789 0.846037611720767 0.63800807234288 0.453163235722535 0.301019416820083 0.186450227167638 0.110032142624239 0.0688461917600428 0.0575342703432499 0.0694122394901601 0.0974774644531883 0.135202382321513
0.980832057218627 0.877404843913248 0.791057861837397 0.722462673546214 0.66954463988034 0.627817982325277 0.591057682462866 0.552258531834522 0.504792659343828 0.443638488613071 0.366521764258193 0.274790920818578 0.173853518661479 0.0730350411955123 -0.0152112566252963 -0.0767190145879825 -0.0975122004666224 -0.0659546373674419 0.0251759981606081 0.177040516118071 0.383833133442371 0.632835608051456 0.905496130794387 1.17942278010355 1.43101574226235 1.63834189848211 1.78380627048631 1.85620862546687 1.8518835906891 1.77478565103428 1.63556221926101 1.44982174267857 1.23591862745461 1.01262427360059 0.797031050503354 0.602955694231236 0.439992893156715 0.313245432480233 0.223648650854771 0.168731436800287 0.14362124678376 0.1421048700285 0.157590880789049 0.183871069276091
1.02355637131225 0.925448543438006 0.841232580225866 0.771516912879444 0.714534522444927 0.66645914201669 0.622018278202234 0.575358197003178 0.521080956263073 0.455338546108407 0.376839357019554 0.287605041107874 0.193319826394917 0.103146454813326 0.0289457303384841 -0.016074049314095 -0.0191478306842487 0.0300444559713556 0.137466899861542 0.303234626570199 0.520831635029454 0.777236904242021 1.05401307917806 1.32924665549702 1.58007381446743 1.78541463536381 1.92849494697756 1.99876983074575 1.99296890726558 1.91513863804458 1.77572849669315 1.58992132672445 1.3755146748565 1.15070256039545 0.932084027487709 0.733147754398516 0.563372414476273 0.427965529656956 0.328162052811336 0.261933826138459 0.224929275883608 0.211467265889474 0.215441334009 0.231038524914859
