_RESULTS/REVERSE_NEW/MHZ/GZ/9comp/MHZ_GZ_z_125_kriged_reverse_9comp_test.asc
ncols 100
nrows 74
xllcorner 5.5967023331506844
yllcorner 50.982320383150686
cellsize 0.00019249369863007826
nodata_value 1.7014100000000001E+038
[rows 0 to 19 of 74, columns 0 to 42 of 100]
18.904811120338202 18.873669701586206 18.82962401798566 18.77053024209697 18.69276623785825 18.588077123465713 18.440448407730145 18.225327559837627 17.911911975443655 17.467376657397054 16.862323403293743 16.07805449025065 15.115713496835435 14.00463368424425 12.805107833107526 11.601812325499687 10.488522629663118 9.550263839571244 8.851016291155943 8.43113572538038 8.312207439274138 8.503271480226694 9.002844385642929 9.794463417485993 10.837984923190591 12.063126992930231 13.37290460869649 14.659842589876881 15.829215622110665 16.81825781120115 17.603054553807056 18.19266949625897 18.616233516231695 18.909781808056426 19.10710099162087 19.23573560916098 19.31720319715708 19.36956904722113 19.410486283924314 19.459216143414356 19.536709563316354 19.663374507356462 19.85460253129106
18.906357178528665 18.866387912398988 18.80810117249463 18.729311093228933 18.62694796188941 18.492734696390883 18.309124239805644 18.04928043070219 17.681320376376732 17.173767429502853 16.500516754469025 15.646358965324797 14.614231200533077 13.432642307404722 12.159052356688242 10.875141081262033 9.673312597143632 8.639196593323675 7.838274264693925 7.312283741003711 7.08462741309807 7.168952653350595 7.574153331144555 8.301307422556361 9.332235665293686 10.615164692783994 12.058218844716695 13.54030344615226 14.938322318589151 16.157330996309792 17.14817128790542 17.90669367505633 18.459886748446763 18.848609215539234 19.114247380324613 19.29206988949734 19.410580650961535 19.494519385643315 19.568868767147606 19.661677633459938 19.804253142635382 20.028040666402852 20.35815939632714
18.926178230713596 18.87979912625064 18.808393934057552 18.709261558635653 18.579536788162436 18.410611915748838 18.183385114773607 17.869678855421647 17.438755989746195 16.863567333857183 16.12435116673205 15.211264676176103 14.128700103275085 12.901484887966106 11.579705432583474 10.237633398922535 8.963961117545798 7.845397382601835 6.951100025634956 6.325891527233485 5.994464502883721 5.971889482533251 6.2726308464745975 6.911251146901944 7.891355775149335 9.18538259571093 10.716598856714455 12.359621365638924 13.966959723926124 15.409521902192235 16.607952733458134 17.54031629902628 18.228922231982995 18.718891898796432 19.059804522439734 19.295619199451856 19.462768371742364 19.59359498087624 19.72161930395953 19.885547930686943 20.12984037616733 20.500656661989485 21.03686912877507
18.97757583143042 18.930740228554093 18.85098915561479 18.73404513796891 18.576085044617045 18.36733744417415 18.087482430770745 17.70899555562193 17.20541883319775 16.557506894819788 15.754667113237488 14.79382675614087 13.680076333323617 12.431617812712165 11.086939176050024 9.709010647052532 8.381004360832534 7.191763725879212 6.216968527231255 5.506855316101028 5.087319731848295 4.971790347331561 5.174858701600004 5.7183114503119095 6.62317909553072 7.88682973897123 9.454548881330298 11.20658220475225 12.978738445177973 14.610439142125648 15.990988026762432 17.078554435342657 17.889559976138482 18.47338773527886 18.888463842230678 19.188096165502976 19.416963971280126 19.615062839791882 19.824660421792952 20.09610104823091 20.489269939131166 21.068738356437944 21.891620206388858
19.07636766675909 19.03881231611969 18.9592167980349 18.830090599743965 18.644864709814087 18.39170829861483 18.050217047074455 17.59649903025621 17.011924242676287 16.2881657881954 15.425914312035008 14.429516352589769 13.303654720979466 12.057229921692926 10.71364089625741 9.321357834121265 7.956437167696433 6.710751552903835 5.66926420966224 4.890254682374307 4.401524797337035 4.213058781558493 4.335438438503808 4.79162974945787 5.613411731595301 6.818569820149545 8.375100532232395 10.175091901989308 12.046113796923203 13.80306735312514 15.308183160434691 16.50222383993035 17.397549734930475 18.049363284016053 18.526036468217974 18.8905302040412 19.195126699136345 19.48609287521766 19.812951088021574 20.236988555233566 20.83447348273259 21.69130672984218 22.8867628298178
19.23901411530981 19.223733903125844 19.155670640509303 19.0222128728249 18.81230550461718 18.511763353065348 18.102028965165402 17.5661674955221 16.896674596146447 16.098512659866834 15.184718671854858 14.166870055828925 13.048011625705639 11.82565917953015 10.50553827086903 9.119025817619718 7.733240704120428 6.443101825001557 5.3449484819444315 4.5079938546481495 3.963973258326139 3.71975334487695 3.7802174483874165 4.165319591100136 4.910652736700845 6.046080339040262 7.555991928983244 9.343596777372204 11.233850817199768 13.0266242691545 14.567126384708057 15.787214152815569 16.701408004934823 17.37467664256775 17.887196006656154 18.31150662285193 18.70567202334716 19.119066145706224 19.604773902311525 20.231986525271424 21.09212583156058 22.293409068513576 23.938815456122338
19.480110438010207 19.50247532318975 19.459162281491544 19.33068834629987 19.100458909114977 18.752527777173267 18.272515461176017 17.653492817099817 16.901690105798668 16.03671479191748 15.083878102025384 14.061099204585343 12.968733801610627 11.791690903312533 10.516323415540839 9.154640135896102 7.762341754635776 6.435998662833563 5.284385921333195 4.390940589057638 3.7951783611749232 3.503657279770233 3.5163624304366583 3.8480995586758167 4.532127724182401 5.600110546170218 7.04105754842239 8.761504068456926 10.584854014455193 12.306059931133454 13.768057448697055 14.907936662747531 15.75283256244028 16.383584284317905 16.894515101293166 17.367149505787722 17.862417941870362 18.428094095461514 19.11511240885956 19.995043150182685 21.170395137546834 22.76954075651062 24.916500937837473
19.809062205008125 19.885859559738908 19.8816300332293 19.76869597205691 19.52470646931088 19.13323284115938 18.5864224564471 17.88987066790305 17.065331817980063 16.147424222783748 15.172753583141462 14.164257900701049 13.118935074142918 12.00889793176261 10.800309988621574 9.48360544704036 8.099613119314606 6.743376663859735 5.535722434193749 4.577816833087459 3.9226869147783927 3.5817810069059512 3.5529320526415997 3.844970991307951 4.48327097985989 5.490297859210507 6.845219413020528 8.44616994357418 10.113270101154006 11.646884784430558 12.905092571732327 13.847376686368252 14.52566928149216 15.042880199478425 15.50894715306151 16.012832677118563 16.61485780149604 17.356132675701136 18.27899362900551 19.450172136309483 20.97630915994767 22.999902371405053 25.65891924777169
20.225750218706928 20.37388088841029 20.42339614658159 20.3375735241905 20.088683365919564 19.66138628216231 19.05649521953397 18.294084408688885 17.41248293758606 16.460981884828925 15.486032647072479 14.51413997630135 13.53867161238827 12.519780036227464 11.403683030619929 10.157234373395703 8.801951269481552 7.4261344651003345 6.160079716430235 5.125370174273434 4.395383911514123 3.993609033924976 3.9199190581112995 4.176843466709262 4.776210984963715 5.720178488346127 6.964037390664379 8.387004453738493 9.805859389275277 11.038052473400088 11.974457877385685 12.612831206062308 13.039332351449373 13.381571801784665 13.763395973411047 14.278053148458117 14.98212383958527 15.906642203077705 17.080490978796373 18.558457334811678 20.442256813540453 22.878755292081472 26.010448365086532
20.71584961910766 20.950170155090472 21.06686232610187 21.019774953000038 20.77648950917503 20.324278525438604 19.674353386954415 18.86260281649907 17.94435028915108 16.98284101179248 16.03290217142331 15.12334536965055 14.243973444948976 13.344612967488262 12.353070886744225 11.211513344937773 9.917341021933467 8.544962457459865 7.228417097819328 6.10958419871858 5.288138968606219 4.8075818398902115 4.675049262679415 4.886668151392075 5.43492085243078 6.29169328994164 7.378432314111709 8.551462790522258 9.630075529463895 10.462493175114766 10.987402012531472 11.250778476573103 11.375041421486063 11.5080555898087 11.780792140505238 12.285639321035099 13.07351298112967 14.16545097475682 15.576001380058656 17.343263032690743 19.55438373659965 22.34792967345075 25.861321133431503
21.247734395052195 21.577957871202443 21.771478489356507 21.772897740828206 21.545990112128678 21.08188084562317 20.403258270159032 19.562345916957916 18.631201651789084 17.686058251119892 16.78889508453205 15.970039959267213 15.216155962932387 14.468850390185242 13.64031943661432 12.648773902109406 11.463773372266049 10.137776718948412 8.799382828793508 7.6056276676197285 6.684337519098062 6.105377128902817 5.888525257971593 6.024113589984888 6.481026071928531 7.195143189707938 8.052160221141975 8.891291843603511 9.546829954629692 9.911592663685255 9.981172926186067 9.85045232183836 9.67045732102924 9.597084610337431 9.757011999003359 10.235223942189608 11.076487044245994 12.29562017494426 13.896713579018204 15.900327599379988 18.370669082691936 21.423772337375667 25.181508485463606
21.773568510366612 22.200931583528238 22.474214618241007 22.52970756264471 22.328476023042565 21.866323894959013 21.177579543147658 20.330206203140364 19.41182702812874 18.510326058722775 17.693836051129928 16.99395068300716 16.395023467594058 15.832753509024986 15.20737408246914 14.416142425367115 13.399852739630996 12.18224058085676 10.875218846633295 9.64009671458783 8.627603406935323 7.935241926210246 7.599274088779643 7.606525507957702 7.9028001822914415 8.390415120720798 8.927732101386287 9.35121110990532 9.525392587522106 9.397511216929116 9.020611046564632 8.529430438418753 8.088135681883053 7.844191432425469 7.90740455417272 8.349129745243463 9.208385211852738 10.499238657285039 12.22208951528376 14.382692602203218 17.016793297517125 20.204382146740045 24.03887553794776
22.2364439346856 22.75149220380565 23.098665300600118 23.20775154890015 23.03846003207038 22.591638836403792 21.912364940362515 21.08242062283935 20.2026775199687 19.370709163336382 18.65975345988086 18.10272029867714 17.68274845464234 17.331912130153643 16.94231173641078 16.394919412868873 15.604367826340274 14.562616407940986 13.354857551157872 12.13246116275768 11.056643643436239 10.246605262097312 9.755607869818554 9.57138770796596 9.624116452797132 9.794428309864312 9.929885648334274 9.881538621426253 9.556131717141863 8.957494949121577 8.187922236566223 7.406363190863149 6.772419059761687 6.41052000274817 6.404402678614041 6.807799402982119 7.654496290670611 8.962075220834645 10.733321266154544 12.963282745903616 15.657162552567517 18.849193402346604 22.59106709802648
22.583109086459547 23.16595235183163 23.5723249701202 23.728086549604697 23.59312654007401 23.173271543456554 22.52251343560108 21.733318681240632 20.916357513820913 20.176158468981015 19.58964558954415 19.190972047909668 18.963045231639487 18.83625125021932 18.697877780377155 18.417588763622437 17.888975764867176 17.073882632289205 16.02552051839539 14.872865820640873 13.772394626438972 12.853717558473388 12.18401662246082 11.757355638150763 11.500659142367644 11.290085966956646 10.980587999902573 10.45139652292387 9.655795909622096 8.64810809431655 7.565913286336648 6.575816947729327 5.819311644421375 5.389979709235164 5.342365964606855 5.711793775357188 6.527054631778539 7.8104993730941334 9.569787900222071 11.792048747777297 14.452665947339124 17.536637142345228 21.045643230509416
22.778816381236275 23.402381184372175 23.846972341885923 24.03749082540251 23.935537137898095 23.55150067621762 22.94587539506615 22.21797546572691 21.48412730375976 20.85250405258334 20.40183403730216 20.16700205105172 20.13115259877868 20.224190058709684 20.330825346865993 20.31336916389044 20.050052914313017 19.47801611540452 18.61971088625001 17.575580208825002 16.485384352231115 15.477633140622524 14.628650653360317 13.943215162652258 13.357010332223746 12.757095744313995 12.018875521587013 11.0553577728795 9.862244962285542 8.532255617589382 7.223180961776288 6.097178090936312 5.272087930385391 4.810998076192193 4.742117458467527 5.0844854248171 5.8618200743287625 7.099442964519843 8.808115333561911 10.96710411037989 13.524344908159092 16.41886838110257 19.603036905758202
22.8188701337611 23.454429769730215 23.914380957384186 24.125530418100603 24.052499003089853 23.70960049667938 23.16132781316755 22.510064301720906 21.873751430028978 21.360907788994034 21.05000171200798 20.975706455173533 21.12117692580772 21.416038382359233 21.74321822576313 21.95987222526183 21.933668878690707 21.584478133608116 20.91073204773291 19.985311982578626 18.92574443622995 17.852190008882072 16.84645196568012 15.926451762022229 15.04413856254062 14.106119467599143 13.01296944071216 11.708556204176737 10.220193223586818 8.66411765264106 7.205677128250356 5.997209478744998 5.135390361696835 4.659695458459136 4.578929039557277 4.899803783751388 5.64078288035839 6.826444558195771 8.465752892288531 10.527752888660183 12.936178613609723 15.59277016098937 18.410026806115898
22.732006596195106 23.3553287667065 23.810797365696917 24.02937962187434 23.979643912625995 23.679146495778493 23.19428147390597 22.627537964551006 22.095390959759765 21.70417088554026 21.530373003871876 21.607397709642186 21.917633983578064 22.389682664346182 22.904119379215775 23.313460453237965 23.478198750261765 23.3082996484743 22.786970467227786 21.964981631643166 20.938484647983717 19.81805670664693 18.690205386425667 17.58705759892151 16.479412504859276 15.295139673134797 13.957444815694597 12.432038898209994 10.76332928066353 9.075848423769454 7.5330179825982295 6.277310083456975 5.391967907300441 4.903405170076628 4.8099099303086446 5.110706493523909 5.8189799636525095 6.954136122862343 8.517125167252496 10.463556242868584 12.697082370930818 15.093977051693608 17.541461610420836
22.57367385363658 23.169907105425448 23.60796931543722 23.824229962672163 23.791628774590468 23.530409820520116 23.107582561674473 22.624153872574656 22.19362956883716 21.91896909780497 21.87383095255425 22.08958031909944 22.54689899924277 23.17210863793803 23.84210475569634 24.404220104476266 24.713400536468427 24.67433389798228 24.261742765346472 23.511469815140305 22.50453181105051 21.346056401294426 20.12911458677627 18.900494850846364 17.649335773667293 16.322309362784022 14.858977844499316 13.235659656090013 11.498993582214355 9.767766189643254 8.195870573514556 6.917633305654627 6.011895935741732 5.503410221465222 5.3893513816342375 5.666527976723942 6.342823315602897 7.428194857360625 8.9101782793418 10.729111522249251 12.77396812811156 14.908046463165192 17.00827487410325
22.411128710174317 22.976999735131535 23.393503221489674 23.602447332037613 23.580962283747656 23.351600843506944 22.981691748668386 22.57075999813302 22.229609035929283 22.058178094390207 22.127486651637277 22.466674747193863 23.053978323110627 23.81217301912921 24.61299868954897 25.2974893498448 25.714752594524892 25.76511945579053 25.418295409305724 24.702525969499543 23.692749646404692 22.49537116813653 21.213002196429663 19.907310068239173 18.584131468247733 17.205300971967034 15.720288241984203 14.106262956128235 12.39999453605037 10.703036908945665 9.152851718965536 7.875878961842502 6.953231188298418 6.417512118610799 6.273075141230978 6.5187419110460265 7.15716233174384 8.186202335580054 9.577728332097205 11.258126877726617 13.108244185895826 14.989177322594207 16.779097055915685
22.305203295114023 22.848006896541257 23.246992842027193 23.4483366807036 23.43251663291341 23.224067168750228 22.89119099778688 22.533306428473338 22.260257328332866 22.170571224016143 22.333729434470705 22.777035320902716 23.47591837629431 24.348645225515693 25.260564659709413 26.04517771015924 26.54441522383955 26.653199817878416 26.337786480637032 25.62483819755751 24.591226176425803 23.350589961637105 22.01766495314919 20.66901079622635 19.32546980066887 17.960950486686606 16.530278725698036 15.005385244489421 13.405864363083522 11.808546392272763 10.32856315839073 9.082122499824711 8.1546227878678 7.591526506296761 7.409581830054392 7.61290833835271 8.20013960635906 9.157745274099062 10.443990036342491 11.975770123213533 13.63233553910943 15.279855759388017 16.804013946809622
