_RESULTS/REVERSE_NEW/MHZ/GZ/9comp/MHZ_GZ_z_0_kriged_reverse_9comp_test3.asc
ncols 100
nrows 74
xllcorner 5.5967023332191781
yllcorner 50.982320383219182
cellsize 0.00019249356164376555
nodata_value 1.7014100000000001E+038
[rows 36 to 53 of 74, columns 41 to 81 of 100]
0.034975964029203485 0.019362713532946052 0.009471596477803428 0.004639746693630611 0.0026029371494110157 0.0018653064361931623 0.0018037652642453736 0.00232057646620586 0.003672010542844406 0.006333794686415869 0.010443092437852361 0.014731752647409595 0.016609072507171467 0.014727930072696157 0.010622409092373487 0.006700635165568174 0.004073972174976558 0.0026544791470963676 0.002045854566453104 0.00201011993957215 0.0026087518935206605 0.004406006554329308 0.009057088012813122 0.020336499238755468 0.043928583229096325 0.08117944109782568 0.11828976446789363 0.1318749966174093 0.11508039612522895 0.08385938485936564 0.055697546935626494 0.036876897499876035 0.026223832802158422 0.021048463735309112 0.01948892431020469 0.02073287510090824 0.024713660009303633 0.03169989225863041 0.041640100739977044 0.05319020048213031 0.06307480236304369
0.02579324568289539 0.012849344592041451 0.00598480358451136 0.003013411397427192 0.0018894057605626225 0.0016317135023767916 0.0020042776922628166 0.003341441613939571 0.006743468140563595 0.014138202473071938 0.026396332164247055 0.03888440518568037 0.04232397312560045 0.033921705197614914 0.021090578676692815 0.011162616454631138 0.00564666800319976 0.0030809181747682803 0.0020226765541269277 0.0017341028581039542 0.0020200339887566413 0.0031565708048476547 0.006189475679065644 0.013644338384219109 0.029679214653360295 0.056377008181034485 0.08571737035809063 0.10066662573662474 0.09296598069600868 0.07170692524069733 0.05021607573044725 0.03478860323571161 0.02560702379224252 0.020999510505646742 0.019591476298064316 0.02072623265617069 0.024307966544719114 0.030473957590810355 0.03905728581144505 0.048840676605061056 0.05712043720969538
0.024861019943872457 0.01202120666418309 0.005671078420248348 0.0030689881922686246 0.0022104502545690265 0.002323585530815698 0.0035971510699440547 0.00758124614962937 0.01876371782094582 0.04550464730764257 0.09106050170289738 0.13260303937888523 0.13260958489642896 0.09228551629201927 0.04809781379033675 0.021056946710163515 0.008859011100539835 0.004096510081907548 0.0023398447000984334 0.0017956827800019652 0.0019239990937897293 0.002832150934633189 0.005335884644850753 0.011481662307147622 0.02467941998060691 0.04677063277899272 0.07149576294957888 0.08497149556602222 0.07985756302400654 0.06295191103754527 0.04514638736159522 0.031990644040637076 0.0239655694940947 0.0198329786227689 0.018469800731993613 0.019282650224299216 0.02210216070855496 0.02692409840305475 0.0335190849327519 0.040941074358551 0.047266653683642496
0.02609797434434386 0.013672036168522337 0.00705620076603739 0.004306716655108315 0.003664778070058189 0.004733749637273756 0.00914441720130247 0.02367974720949336 0.06883105236401102 0.18322674092682706 0.3721189759642088 0.5099620974875723 0.4513372028842473 0.2665815095524715 0.11559166214533527 0.04216244871598581 0.015053547867288197 0.0060771948982589865 0.003125709659315754 0.0022203627286993288 0.002247615821574285 0.00316439278097712 0.0057315010610366575 0.011861898079475844 0.024494021984820185 0.04459383424848813 0.06569265248405919 0.07576257871700329 0.06979208189450518 0.0545409154347585 0.03916882623915867 0.027974101308757337 0.021150459844275445 0.017594932924441187 0.016338070226141838 0.016839144428381553 0.01888595654469583 0.022397784852338638 0.027168334674753512 0.03256916341231921 0.03738233314837219
0.02825030316186774 0.016561111773221643 0.009579591775026021 0.006772484942643313 0.006966082958378444 0.011152526672852754 0.026597887336951544 0.08217523827492736 0.2685283091411043 0.7453105642598993 1.4611383295095468 1.8153268955492432 1.3972114526230757 0.7012862708153181 0.25733424252269277 0.08063810306905024 0.025449847177877998 0.00939057353033727 0.004549722840423704 0.003108812837875503 0.0030536376750482843 0.004158951463603165 0.007203475890485695 0.014043943828175406 0.026963612305346933 0.04533674772374193 0.061805688513356494 0.06667973940141446 0.05847059608060054 0.04439091284311126 0.0315690449421847 0.022647092974538374 0.017322975848644163 0.014576248115327366 0.013608042736425702 0.013975711001917017 0.015489992419790667 0.018075048349347752 0.021611243852096257 0.025756879403324124 0.02981113049518997
0.031988899742198186 0.018393892158780248 0.011381688566447353 0.009409441615952316 0.011917427955203879 0.02378793440133464 0.06914069484320357 0.2471423794597868 0.8689628927058664 2.3922047757210354 4.335977378134183 4.789974124420258 3.23112968356286 1.4154294808304118 0.45792289174506645 0.12992780542949825 0.038453110244520895 0.013757995644929206 0.006619694471093288 0.004533746923702272 0.004433465885459573 0.00589008390054845 0.009673679520738158 0.01737480435501535 0.03005971267917182 0.04508907074726143 0.05506883996212429 0.054156952654184104 0.044448960856410105 0.032545718807912974 0.022949635363882084 0.016669202037620432 0.013060298587586606 0.011282576223909043 0.0107621543686186 0.011199733285017695 0.012481528202796128 0.014593140469445815 0.017532842777925467 0.021200625013069792 0.025264412365334894
0.026060219600554803 0.01404573407489239 0.009482641901052719 0.009411528733632147 0.014901599564127717 0.03703058637801254 0.12865307375846147 0.5140531447840074 1.8623564647431983 4.874948190587064 7.970016699454499 7.847001887100117 4.747293715007066 1.889003343256902 0.570388558255187 0.15698125519939685 0.04684212236098394 0.01739771707578935 0.00880544796894986 0.006306803739248934 0.006295631259372168 0.008221604426071234 0.012707759807515446 0.0206388561656522 0.031398304099307967 0.04098787348001549 0.043946004811719536 0.038898236592172265 0.029767833196540135 0.021118468985542524 0.014934537681294137 0.011159101315149812 0.009122391643124127 0.008250835537222584 0.008204250704577741 0.008830780667047173 0.010109912693947032 0.01211595162652286 0.014985766289805927 0.018856547477972857 0.02373458927139865
0.011819393369200947 0.00652269884673507 0.005033510688937344 0.006109727947022951 0.01210180121406589 0.03684894867895498 0.1483702621381778 0.6366792848414732 2.2880653209545834 5.577760080841146 8.240029026673538 7.306386797942959 4.033649215068196 1.5176297988283172 0.4563267229226586 0.13166568559273253 0.04286791342761113 0.017758253401708102 0.010027292964458546 0.00783790130357091 0.008194399386601325 0.010625181690096025 0.01541875883223374 0.02240923040725219 0.029575046864020817 0.033196333524241964 0.031021446193322387 0.024702599745976116 0.017741005989312247 0.012344352158975884 0.008896068466235122 0.006961873530825849 0.006049050068078471 0.0058350902984705185 0.006162285141716309 0.006995160541022908 0.00840123368212521 0.010560436593054423 0.013788835156062067 0.018541750189265297 0.02532071767555395
0.003511776143250097 0.0020255239430918043 0.001793096126935713 0.0026384266661481142 0.00639342739981139 0.023004366315075877 0.1024438921753772 0.44958786457696376 1.5439703292163474 3.4570814979667914 4.6258598461743645 3.7179505926081142 1.9163364844291244 0.7173632027514621 0.23066541186430456 0.07552162659406052 0.028987205759039684 0.014346947621186613 0.00955769410981157 0.008496422805982 0.009557048807643695 0.012485412725860465 0.017106729819645897 0.02225959433286996 0.025462326454688048 0.024592180705492926 0.020115296890490214 0.014530711936102414 0.009908636487198832 0.006854824820934909 0.005105287714451522 0.004240627909381208 0.0039646987175494365 0.004126749033439501 0.00468451887902843 0.00568401927919129 0.007275599684190543 0.009773323184089714 0.013762260271749989 0.020241699719351944 0.030708587200486817
0.0008504273805193015 0.0005073970672816972 0.0005053346447760873 0.0008725031423080784 0.002468342684113055 0.009900573193494836 0.04575506021384039 0.19333761617394005 0.6047759251378266 1.2060538102463765 1.444030426791802 1.0674695774596292 0.5372031590094715 0.2131305001809896 0.07861158087272525 0.03135032624814201 0.015162563816001479 0.00950476303690044 0.007836222913340293 0.008219994996672841 0.010220445475071624 0.01371455854699944 0.01799358314690855 0.021203506856968382 0.021250400492253792 0.017862816337063454 0.012946325669749022 0.008589842108552483 0.005625820039977592 0.0039057653702281366 0.0030255761294785376 0.0026768717938271984 0.002696805151690336 0.003031131473474583 0.003704460874426314 0.004823093592594623 0.006625767364488363 0.009610140978621565 0.014789030344742327 0.024156536094170924 0.041357656871378955
0.00021568677732985745 0.00013136582130199455 0.00014248137973729588 0.00027400345401497604 0.0008455857628055552 0.00350281770467174 0.01557391602231916 0.05928622044651955 0.16041456815592556 0.27537840846102635 0.2923613132062176 0.2033935087744025 0.104645655839985 0.04644699417641658 0.020755532981698892 0.010620317029550052 0.006783458836034981 0.00560804953868257 0.0059189779803101306 0.00753524644190142 0.010606353126358473 0.014932834730276416 0.01914091435904774 0.02083306606953049 0.01865252619578812 0.013900770193771153 0.009073338336557069 0.005598981778971819 0.0035480326307036954 0.0024758688095909745 0.00198685496782811 0.0018566868531826775 0.0019936116984991094 0.0023922559673892545 0.0031166772742156185 0.004323420132399231 0.006350873277278099 0.009941353531123253 0.016752814890283477 0.03049137173784685 0.059116964918318006
7.331772532245537e-05 4.50895249351715e-05 5.116982068379433e-05 0.00010272718369521561 0.0003190121591806791 0.001253378201801863 0.004957762103492494 0.015973218513850647 0.03583818573149244 0.0518718649379473 0.04892354960701727 0.0327368440372531 0.017787145510769348 0.009139517719103677 0.005104816781128998 0.003440324853753199 0.0029633417097651156 0.0032855501709828246 0.00450387006324897 0.007058204811088861 0.011425481724173594 0.017191448546285713 0.02199225783004237 0.022632377290056134 0.018538690346087877 0.012519019709358493 0.007486955787537789 0.00434161101421238 0.0026676803996683084 0.0018594012579388548 0.0015249500618374962 0.0014771491401969483 0.0016546672228009188 0.0020746492350911866 0.0028250927475839504 0.004105592132881958 0.0063594806077030795 0.010618791904386072 0.019389611749119528 0.038910510715158206 0.08446126467010387
4.000573792925301e-05 2.4710336932969178e-05 2.8175769935437773e-05 5.5206101507024614e-05 0.00015902694063435162 0.0005462358188610141 0.0017937020332005503 0.004657738664987804 0.00844351324718156 0.010252281608897388 0.008684194938237223 0.005698988592641215 0.003336048158707048 0.002013515356088856 0.0014146478380763921 0.0012534921436034923 0.0014450643126977859 0.0021275298650137507 0.003755547768182819 0.007215573621882989 0.013467494702590961 0.021876583877019153 0.028411375733346456 0.02826283998992799 0.021694434847406963 0.013572277891317396 0.007561972254709455 0.0041553847894200205 0.002472171312092129 0.0017022255858394934 0.0013997847115981411 0.0013714467258249016 0.001559854417820097 0.0019887916930871196 0.00275911877935731 0.004103347595317125 0.006557956463188214 0.011434761917299622 0.022128390417202742 0.04779426654811574 0.11312278956953792
3.774831425292614e-05 2.3473527135441143e-05 2.5999954241827177e-05 4.687763690975555e-05 0.00011685738024742279 0.0003286966216743375 0.0008524581934984296 0.0017345138308728352 0.0025243617238468086 0.0025980210753926447 0.0020138170029941464 0.001319902135339517 0.0008408395602814323 0.000594591530837847 0.0005170667309479624 0.0005861286968829683 0.0008739784874724218 0.001648701300940098 0.003629026623768508 0.00834173436029619 0.01770278965983023 0.03097071551598287 0.04118045972515829 0.04026901755723447 0.02958661446768844 0.01751130038331317 0.009239012715595338 0.004850966058872247 0.0027904054512566234 0.0018773540744435476 0.0015190387893553848 0.0014693993058512015 0.0016520806390896594 0.0020844145856136723 0.0028692031542794836 0.004256034558002457 0.006839257522322175 0.01211533339876305 0.02409661558820996 0.05409979963437583 0.1343336353660086
5.9396750050832016e-05 3.7582100816514696e-05 3.9581131091620204e-05 6.299627729251548e-05 0.00012957493086354882 0.00028658034080911003 0.0005728592746673719 0.0009092459312704077 0.0010764601195095067 0.0009616718358664316 0.0006993603531853986 0.0004655838393683931 0.0003234341739993142 0.0002637170246060555 0.0002745549661339141 0.0003798935474723128 0.0006934803939923906 0.0015836629540456463 0.0041237039549301725 0.010857135487544562 0.02540325483656037 0.047090154248977105 0.06396866146816398 0.06208252774525243 0.04441473387361374 0.025361191369722192 0.012889033787339013 0.0065364822313305985 0.003644533113090118 0.0023815562983520435 0.0018712977274682407 0.0017549213316562704 0.0019098461558598662 0.002332130353946102 0.0031136656538989565 0.004499559307476069 0.007086330709691993 0.012384033377802256 0.024454239385600682 0.05480675757562911 0.1364210758265061
0.0001381529380431796 9.050659470396861e-05 9.003452812135809e-05 0.00012399504867418408 0.0002059673563660617 0.00035356480897900613 0.0005456008339340991 0.0006871865342437997 0.0006811304058492898 0.0005458407004238708 0.0003829326338521496 0.0002627505733025059 0.00019824856012261636 0.0001818771005736485 0.00021706446342068873 0.0003459038839864189 0.0007227606292526916 0.0018628909132843313 0.0053681976783374625 0.015280726676883698 0.03770841866886327 0.07199564956180558 0.09874005097533234 0.09536356701968823 0.06731638402493098 0.03778230369173485 0.018850780750859025 0.009375416722175513 0.005112974690722415 0.0032521330554642234 0.0024715126109151487 0.002227598615196283 0.0023189212605078872 0.0027028100468507667 0.0034457415758673113 0.004764455364656486 0.007196300694008589 0.012078398895308654 0.02290457353069273 0.04923244920414047 0.11736205304518396
0.00040429442164375146 0.0002800305258254112 0.0002648705883681611 0.0003158785978275028 0.0004250574668522098 0.0005729162819565956 0.0006981832797073852 0.0007209353942513557 0.0006212765069596267 0.0004629528241736786 0.00032179596170502843 0.00023015879462375907 0.0001871363374534868 0.00018787996334848576 0.0002455239708195139 0.0004242527626936695 0.0009462753835772146 0.0025569495429895992 0.007587991591198143 0.021896225210765105 0.05411097849853887 0.10267184077184931 0.13956212631201098 0.1338077565906221 0.09414742863721434 0.05288501509309007 0.026453448462108595 0.01316099125033741 0.007132857222006655 0.004463971301992025 0.0033001026602684147 0.002862960754626946 0.002845663518056757 0.0031514509087744967 0.0038085461220158296 0.004985367215934909 0.0071135661077626105 0.011231809705514077 0.01990475436108408 0.039668968826631845 0.08708263323163198
0.0012699455022652847 0.0009488058167710934 0.0008666662605069247 0.0009098372606169448 0.0010134995400166527 0.0011042404011479792 0.0011017710295650478 0.0009710034189534948 0.0007569284510377567 0.0005423606855575766 0.0003819720514086111 0.00028689243823770027 0.0002490067917301834 0.0002664932017598537 0.0003658296127952998 0.000649341884401439 0.0014512845936691286 0.003840472449872761 0.010965109018719272 0.030131548953987054 0.07079372140718357 0.12858311579907594 0.16960472543013097 0.1605514716152748 0.11346265913215654 0.06486788325637441 0.03324052775565279 0.016919925539307247 0.00930319669453996 0.005828419755747541 0.004248211861432428 0.0035824138349106775 0.0034223938581009767 0.0036142409866909042 0.004142406987269244 0.00511728884299874 0.006846910614033468 0.010043926855811217 0.01633830575714658 0.0294948848176266 0.05799958575781079
