_RESULTS/REVERSE_NEW/MHZ/GZ/9comp/MHZ_GZ_z_63_kriged_reverse_9comp.asc
ncols 100
nrows 74
xllcorner 5.5967023331506844
yllcorner 50.982320383150686
cellsize 0.00019249369863007826
nodata_value 1.7014100000000001E+038
[rows 18 to 35 of 74, columns 0 to 40 of 100]
0.017870788910410162 0.023231895978970678 0.027143938442352536 0.027614532738064055 0.024213433824379415 0.018618423074467365 0.013132711381603828 0.009083471117357488 0.0066534018653573055 0.005549878956630027 0.005562287845440313 0.0068499472934705164 0.010203196365818925 0.01741813558122745 0.031331586056891354 0.05377813762740335 0.08011028752773294 0.09647120952321002 0.09087503350822052 0.06767060923768309 0.041865443160120364 0.02322843047354862 0.012592338694861399 0.007204504450382843 0.004595569380115728 0.0033521009020863295 0.0027822667146636462 0.002548625252230513 0.002456250956200227 0.002358973263470409 0.0021496717139030033 0.001798910070015454 0.0013709568385609403 0.0009698625649267243 0.0006648538375703416 0.0004674868035773095 0.00035682010037683417 0.00030836223767314415 0.0003070061721245794 0.00034849447887605434 0.00043629065986633306
0.01844521236252468 0.023532349609972802 0.02663223707602833 0.025899568007005686 0.021481443349042492 0.015551481498162219 0.010368387549278345 0.006874190167081089 0.0049415146115595904 0.004169741015510972 0.004366401335362098 0.005781412573846916 0.009442008969453724 0.017794015298259462 0.03508132901003888 0.06470069412774596 0.1006040450346684 0.1222961567463392 0.11249582377654008 0.07947865549322497 0.04565345916116732 0.02321159236173661 0.011473235620518395 0.005991863817792183 0.0035022028921726975 0.002346288172932853 0.0017829015286915197 0.0014781157805782898 0.0012638224374130957 0.0010498391668877982 0.0008072530158099028 0.0005609124323795835 0.0003551644980895105 0.00021365275877146232 0.00013058669808510613 8.762678934966548e-05 6.915086844523333e-05 6.698906689119845e-05 8.020213195406355e-05 0.00011522195872159778 0.0001877993978308087
0.020013215971091014 0.02499314733395428 0.027096790485523922 0.024660211213595462 0.0187401524251236 0.012256853709597542 0.007365023719907691 0.004455046966412618 0.0030021042326518785 0.002468979111118204 0.0026353323154103135 0.003712930218747188 0.006671854216450724 0.014085556781779111 0.031100506101223894 0.06309689759777372 0.10454544675847244 0.130121346191707 0.11756109421202623 0.07859885280022774 0.04153876453473187 0.019114476554645193 0.008513205527260044 0.004027724904273127 0.002156116519533363 0.0013373237727361698 0.0009455273098590724 0.0007257601864378746 0.00056539809614805 0.0004176582864168221 0.00027822228193276555 0.00016431255977757193 8.816642198346448e-05 4.584543847627602e-05 2.5331284161937506e-05 1.6417834959613055e-05 1.3540331688173617e-05 1.484370151135813e-05 2.1534903078004583e-05 3.9348262501677625e-05 8.358359376450421e-05
0.022612402480654215 0.027515019784525876 0.028208079909538917 0.023478450245287538 0.015812794016664904 0.008957943465796158 0.004624659758100601 0.0024304097906799878 0.0014681599031923843 0.0011357282734507585 0.0012078324692120172 0.0017954391552033476 0.003567363698950787 0.00856847753538081 0.02165097326182531 0.04944062297362969 0.08903324649092313 0.11496920159065878 0.10252575198355922 0.0646578957362131 0.031141173816088386 0.01280758522534627 0.005081052341722064 0.0021642072732865076 0.0010637929630361621 0.0006192654715193909 0.0004178747104465419 0.00030791886185301497 0.00022856733565149333 0.00015786489350445924 9.597515437471665e-05 5.068063769382575e-05 2.413732085366292e-05 1.1286431276595963e-05 5.814168753680779e-06 3.716943981271101e-06 3.2381513756604575e-06 4.02011498783384e-06 7.0099014991342e-06 1.6038527335876187e-05 4.3462299754739224e-05
0.02589459069236204 0.03045341870115996 0.02908670910892377 0.02164405028321556 0.012528521326718122 0.005921324791331089 0.0025195492200971695 0.001103288585576137 0.0005753300758711299 0.00040639306289236103 0.00042261192409557814 0.0006582969555883597 0.0014523450213831414 0.004019264261474645 0.011826989175768129 0.03095887286381116 0.06154335698297306 0.0832956999703844 0.07357419887919683 0.04363510388564266 0.019002432874985205 0.006916970264801014 0.0024250694933523626 0.0009281539252670896 0.00042222908799200055 0.00023546419245999605 0.00015696865173443623 0.00011653496627444396 8.755271863712074e-05 6.0601479931054145e-05 3.622207232551876e-05 1.8429885759890347e-05 8.356324761269322e-06 3.7325092300878044e-06 1.8777808936782907e-06 1.2190636219050271e-06 1.1335476310290974e-06 1.581339983218893e-06 3.237204552233922e-06 8.951674257025304e-06 2.963744920680955e-05
0.028949946476212286 0.032531044049898886 0.028514972151154245 0.018613159017196623 0.00905101381797175 0.003477823741858711 0.0011867123838958265 0.0004215206548717188 0.00018526703993389373 0.00011727604601787353 0.00011782046940294039 0.00019137147900366778 0.00046954443713985113 0.0015068524926233873 0.005210924598303998 0.015785630836138126 0.03491548977991887 0.049770940590041085 0.04359186624860217 0.024254472076705932 0.009505932271491678 0.0030479077810497295 0.0009425292571083055 0.00032555313131842853 0.00013899119517756306 7.624296294403516e-05 5.229685486224168e-05 4.1345577344340506e-05 3.368817612408954e-05 2.532073243477221e-05 1.623825940124895e-05 8.704060028377719e-06 4.089703258741821e-06 1.878236976423906e-06 9.759620049482422e-07 6.654179660835095e-07 6.662785353990251e-07 1.0286207464290864e-06 2.3848431609985916e-06 7.572142009062331e-06 2.8831824049169375e-05
0.03046887906497083 0.03229473272543904 0.02566607538033738 0.014539363626758397 0.00588605158727169 0.0018254859893168326 0.0004966629038862893 0.00014244573348040298 5.2569325035602706e-05 2.972408507514647e-05 2.8765243816833388e-05 4.858692777648305e-05 0.00013222751757294363 0.0004907661805932572 0.001989036274943214 0.006953476868312468 0.017064470306748576 0.025549818124493747 0.022134945056544224 0.011532439665638872 0.004064846108710687 0.0011497689603315096 0.00031528674755015856 9.938693364356693e-05 4.060113616332693e-05 2.2567811898716754e-05 1.6607796412087515e-05 1.4770541226030995e-05 1.3966004830153592e-05 1.2334098431642934e-05 9.255926579266495e-06 5.716701970093459e-06 3.033069732713066e-06 1.543283458179306e-06 8.761854238548986e-07 6.478865946046251e-07 7.021702762463236e-07 1.174343279122402e-06 2.9508663813498258e-06 1.0125405822343622e-05 4.132882768676697e-05
0.029484894486402125 0.029157248940166657 0.02089881349598477 0.010293899875663568 0.0035031560051080324 0.0008915049799878659 0.0001975071206183566 4.677118566287071e-05 1.4787649022476554e-05 7.580025876084941e-06 7.118609930873282e-06 1.2494530904372535e-05 3.740638260554929e-05 0.00015834394167799854 0.0007393556336423061 0.002930726972638289 0.007855943594560506 0.01220882572055611 0.010389283082566531 0.005059662499783229 0.001609261519928863 0.000404869304597963 9.972428213939837e-05 2.920137217014652e-05 1.1681191414854335e-05 6.776333857753573e-06 5.552781461509929e-06 5.817108541929817e-06 6.746763597115893e-06 7.467193068950016e-06 7.042578006515721e-06 5.399310928097419e-06 3.4756010491468684e-06 2.0851952688128193e-06 1.354126679032153e-06 1.1120172454367172e-06 1.3027466295396734e-06 2.2995440531847453e-06 5.973045162057027e-06 2.0801463801427998e-05 8.4728723468526e-05
0.026168703273869207 0.024017401648265962 0.015602171386598052 0.006799871900160719 0.002005596174453312 0.0004366348262244286 8.268459953181636e-05 1.6985129611915263e-05 4.806001449710751e-06 2.3061861409484424e-06 2.1371071164193764e-06 3.8979378991243935e-06 1.2645408535581224e-05 5.9461218768640084e-05 0.0003096319108353528 0.0013461773762311244 0.0038282688478061436 0.006043683936090068 0.004991461270138328 0.0022676825130408737 0.000655476134054942 0.0001488249080977602 3.3586944219503556e-05 9.349805741756615e-06 3.7549596668573566e-06 2.333713617582e-06 2.18944611334371e-06 2.7855597783461913e-06 4.10265002853392e-06 5.9204989302682795e-06 7.3348682226140896e-06 7.3140192221243735e-06 5.976647509084289e-06 4.394257455115833e-06 3.3511374726636084e-06 3.085065707843259e-06 3.867038647587356e-06 6.992978356388989e-06 1.7921619341009203e-05 5.972944583781715e-05 0.00022741295975683
0.02173892753956362 0.018579967257827675 0.011124992288181791 0.004434438115512955 0.0011912870468423888 0.00023641236180150913 4.10995384515897e-05 7.86392436968179e-06 2.118625784538551e-06 9.95301829939678e-07 9.307227279020088e-07 1.7614781118453136e-06 6.052169753039021e-06 3.0413125397137405e-05 0.0001685062726763565 0.000766199000177912 0.0022178654854955815 0.00345045819027822 0.0027201344989016578 0.001149954087421344 0.00030516274884878836 6.377935522918012e-05 1.3529594554275506e-05 3.6793042465435445e-06 1.5215278692248012e-06 1.0346993328855108e-06 1.1295109843943933e-06 1.7664749980966038e-06 3.3369311081913506e-06 6.341252136324122e-06 1.0436372365825131e-05 1.3706542753130436e-05 1.4393495307209126e-05 1.3086158748843599e-05 1.1744800326957907e-05 1.2025168220314759e-05 1.58079654058337e-05 2.835463491999043e-05 6.868031736629463e-05 0.0002082602858608106 0.0007020572120068283
0.017557471846134712 0.014157322925756163 0.00803403747728914 0.0030649226367906648 0.0007987327206206946 0.0001560998206160589 2.711818692465564e-05 5.251097391124473e-06 1.4458748790562602e-06 6.988656230813518e-07 6.745749094956086e-07 1.3171216316482617e-06 4.646550649807025e-06 2.3752835182227632e-05 0.00013205828334612909 0.0005922523690527876 0.0016588361728101795 0.0024510030680306937 0.0018074942268836258 0.0007088997866153404 0.00017481625771757542 3.4428250258607535e-05 7.069633393922154e-06 1.9347069969862655e-06 8.444248051968498e-07 6.383607392203206e-07 8.150803160264773e-07 1.559205427998301e-06 3.7291132434563478e-06 9.166300659586901e-06 1.9645059308785113e-05 3.3309460273903026e-05 4.408867361631946e-05 4.861598806497829e-05 5.0293525231489304e-05 5.5920680207364494e-05 7.495186694924217e-05 0.00012901927241570362 0.00028454096736640113 0.0007541049096566099 0.00216062629782777
0.01442422058039763 0.011209657309907967 0.006246475119028965 0.002401723543876131 0.0006496775826047431 0.0001354707631222129 2.5623867150341172e-05 5.450829335755335e-06 1.6421362594898964e-06 8.545071556449799e-07 8.658439882189148e-07 1.7221478876675238e-06 6.002454642585974e-06 2.9489638193336968e-05 0.00015407251356517438 0.0006388550421470312 0.0016380785090721853 0.002207902866992294 0.00148992146708586 0.0005402334810907529 0.00012540244321437649 2.385622069609107e-05 4.890739284881651e-06 1.388361007863438e-06 6.547476435365195e-07 5.567348005578914e-07 8.292915896244849e-07 1.9076851267073293e-06 5.610053790502122e-06 1.717299897433751e-05 4.5927884208107695e-05 9.622580129190079e-05 0.00015385522842429358 0.00019773919940185034 0.00022730176372642407 0.0002653199607102062 0.0003512347022035433 0.0005627882518917256 0.0010969793045760834 0.0024683507399207633 0.005847404969367638
0.012553490307825186 0.009654344892918774 0.005486591268374684 0.0022365975216997337 0.0006686619000628267 0.0001597973953517278 3.54453609179871e-05 8.873337484645501e-06 3.08865482796676e-06 1.787557045609812e-06 1.9128168010971453e-06 3.794938445447458e-06 1.2503029269734645e-05 5.55886900991044e-05 0.00025522450210820736 0.0009169621306177091 0.002037109366491754 0.0024071028620113607 0.0014544817272428877 0.00048587767347575656 0.00010749679589582195 2.0236238639303597e-05 4.267631051875025e-06 1.2937133053636222e-06 6.736839804242194e-07 6.502358876413221e-07 1.1226876589749095e-06 3.0366435243533734e-06 1.0585795256107385e-05 3.849960506006105e-05 0.00012184281530773024 0.0002986372310659058 0.0005472154920036319 0.0007814217202817695 0.000957557140900768 0.0011334555190995047 0.0014406485448280322 0.0020994021719312754 0.0035463963346855144 0.0066593790081849015 0.012846016645055271
0.011888812370097424 0.00929839182306632 0.005580129381939149 0.0025169298003946267 0.0008739185909480025 0.00025255875002896597 6.927686622538345e-05 2.137656718465616e-05 8.885926630689484e-06 5.801950203943184e-06 6.507132016394001e-06 1.2506995801526345e-05 3.7157166978920196e-05 0.00014095956086124565 0.0005340729576941768 0.0015667622290916556 0.0028702243405956947 0.002870590846921563 0.0015244129722935282 0.00046805101468779724 9.986676603456152e-05 1.90173892269813e-05 4.238363480191123e-06 1.4080861790709444e-06 8.252156639871767e-07 9.108449599780647e-07 1.8099807413040047e-06 5.6297421126341845e-06 2.2448246565765075e-05 9.266051745742958e-05 0.0003296295706934673 0.0008968966217516086 0.0017930782149002229 0.002726220015618737 0.003442072560995866 0.004030172380338847 0.004837478123476887 0.006346699750658174 0.009234203142348971 0.014406846514440519 0.02254194338576378
0.012369937638724748 0.010078815624580847 0.006563154110425398 0.0033744639899320516 0.0014038074717713487 0.0005057692998163962 0.00017621633707445194 6.833903065116773e-05 3.4211267755285176e-05 2.506103188261604e-05 2.885027390060053e-05 5.185822194515504e-05 0.00013260364456116333 0.00040707133668991174 0.0012062457825649385 0.002752020068751126 0.0039978971961743956 0.003296091925879916 0.0015192646730331958 0.0004291284905887499 8.937996734996178e-05 1.756208115153337e-05 4.2328021453911225e-06 1.5745372694203519e-06 1.0544581907347835e-06 1.3381095250622009e-06 3.0397900108766944e-06 1.0666966509540438e-05 4.721844502489069e-05 0.00021305615946492883 0.0008176763417580266 0.002372787159403023 0.004997766495792955 0.007878250643749578 0.010082330315951465 0.011606648635030027 0.013192255656190125 0.015715877045883637 0.019908506667963743 0.02606331983848645 0.033312918859683016
0.014068518011702748 0.01215632034615898 0.008733967838340979 0.00519262337763194 0.002616259439046738 0.0011823216916026945 0.0005233742491785143 0.00025338738016668914 0.00015053828501754906 0.00012089305387401215 0.00013846165986567408 0.00022408204333118569 0.00047274215169723004 0.001124614463033445 0.0025028513261847072 0.004291973174593096 0.004823311711589356 0.0032331983780986245 0.0012901407130023693 0.000337736718796984 6.970675578313578e-05 1.440689244943874e-05 3.8298976123149995e-06 1.621767892098931e-06 1.2538891727988142e-06 1.8326886497816639e-06 4.7234701470601825e-06 1.839354577193999e-05 8.828685263019198e-05 0.00042369324679390004 0.001706936382355944 0.005161661613799615 0.011280731917475839 0.018351935647697628 0.023978014977006655 0.027638263647733648 0.030545301614361295 0.03406739621280827 0.03871623208850018 0.043613448758995685 0.04635269197439866
0.017267236213161802 0.015978880388606276 0.01272962241018328 0.008739210817262073 0.005287163460398817 0.002949577452011755 0.0016215845818490814 0.0009525839264415078 0.0006499778675876269 0.0005522545576523225 0.0006065412098374092 0.0008521075412331614 0.0014328554765835845 0.0025617911766097224 0.004177449986422178 0.005294430398089657 0.004567730660748501 0.002494436976516304 0.0008710970551841282 0.0002151215073227585 4.4950759747904584e-05 9.985593939692291e-06 2.982069266400203e-06 1.4552772819761736e-06 1.304979946888715e-06 2.188814377000283e-06 6.328689921193023e-06 2.6885150405931353e-05 0.0001371388796522765 0.0006863384164237799 0.0028583668840425733 0.008942541959569663 0.02036242983283909 0.03478737348817096 0.04785892553351858 0.05762767708801733 0.06509844296211408 0.07159923766994498 0.07659599648288792 0.07721229785476584 0.07011721645636144
0.022578344384974098 0.022402207188904292 0.019656975120981093 0.015337297312053286 0.0108625817332164 0.00723166822636851 0.004742769882482734 0.003235731741214801 0.00242617387116147 0.002091900312570888 0.0021230951179662624 0.002510316420078054 0.0032850824764712517 0.004343349548539773 0.005149568749836441 0.004830189269336483 0.0032338484076928913 0.001467330057904604 0.00046068423150421364 0.00011071664397575743 2.416725728344288e-05 5.930152625680211e-06 2.0289886325716026e-06 1.152258554682639e-06 1.197298563888477e-06 2.2804890779387638e-06 7.26775710799707e-06 3.29683228094347e-05 0.00017496920479306377 0.0008980066323506059 0.003834256449201611 0.012457537673496584 0.030101034376040375 0.05586617585536277 0.08496055374435015 0.11351082040344522 0.14012351245916532 0.16250490536603618 0.17384193359322164 0.16460463986501603 0.13205255524387277
