_RESULTS/REVERSE_NEW/MHZ/GZ/9comp/MHZ_GZ_z_355_kriged_reverse_9comp_test.asc
ncols 100
nrows 74
xllcorner 5.5967023331506844
yllcorner 50.982320383150686
cellsize 0.00019249369863007826
nodata_value 1.7014100000000001E+038
[rows 36 to 53 of 74, columns 41 to 81 of 100]
0.09639501538652409 0.07820163336390969 0.0595858732660229 0.042317955930185565 0.02760136687583023 0.016296725473436236 0.00869685811813166 0.004291091253404064 0.0020598160678401787 0.0010344320638839147 0.0005882500176450022 0.00040516344030859985 0.00035206866993002604 0.0003891184771570986 0.0005353368410995651 0.0008790122312029151 0.001635480967921912 0.003268231302671848 0.006664730802599974 0.01322238185629553 0.024418546705787643 0.04038517095328278 0.058120141865823434 0.07183854619830468 0.07680193818331599 0.07299620323746596 0.06437692739259639 0.055302590334508774 0.0483296191606074 0.04428445675376967 0.04313134468021156 0.044590933385402556 0.04838880383055945 0.05432800494316875 0.062329515971866076 0.07243929277454068 0.08466841562306808 0.09849721579248297 0.11204325289702866 0.12142826458963228 0.12160855289040137
0.7636944706314193 0.5487569604461037 0.3360180169492228 0.17759765774211259 0.08184100769564985 0.03325451123370102 0.012193934732914916 0.004224790204022964 0.001486836121454901 0.0005822885078599256 0.00027843800236906495 0.00017498264724224394 0.00015012297801226775 0.00017514107435183545 0.0002667260521263068 0.0004968652358570833 0.0010509298638805389 0.0023479648388365837 0.0051993517027636915 0.01082175105804573 0.020291340036754403 0.03322842311552801 0.046718023517216975 0.05641682036217107 0.059687086964426664 0.05741708144123472 0.05267492775624672 0.04834734270380669 0.046094745021903735 0.04657665380413476 0.049936274398624324 0.05601586307064152 0.06432931520442774 0.07404401245623153 0.08417540365889968 0.0939120346274091 0.10272223407119382 0.11000326191253301 0.11446927180123205 0.11389822466472685 0.10596653178594291
4.497287016260562 2.7812288616013823 1.3396681770375587 0.5228821941649762 0.17210826148410535 0.04954396069661723 0.013015488423416391 0.0033191222472081497 0.000896068535056831 0.0002843717325618678 0.00011771649250233367 6.885748534114314e-05 5.905474082325368e-05 7.322060797951174e-05 0.0001237580328496673 0.00026142793116559846 0.0006269880147621388 0.0015603444959435579 0.0037382577711418366 0.008144616619017473 0.015516771237718573 0.02528280768274386 0.03506147220876175 0.04193753134706204 0.04462384756865696 0.044157912078585784 0.04271460850893742 0.04224124747880709 0.04400905564018642 0.048773886901618276 0.056902205929051895 0.06816434175978203 0.08134261764045576 0.09418508086967575 0.10416017997425418 0.10963811030913545 0.11044172358972164 0.10729826170071591 0.10086140067236 0.09124278871965806 0.07840576667456453
14.29511233430499 7.870333585680907 3.0847482579804457 0.9304001335554091 0.2340635410530386 0.052088259562016376 0.010796108282120935 0.002225276582813385 0.000499533211842558 0.00013652775792728195 5.086353309858095e-05 2.822503200035283e-05 2.429124763248132e-05 3.17762712582805e-05 5.873482716620959e-05 0.00013811756571220792 0.00036853483262679624 0.0010042914728265032 0.0025685312136613484 0.005809488605501563 0.011220693134115275 0.018267947947335786 0.025240598696840172 0.03033511064595116 0.032985496646664295 0.03405850259456323 0.035059218528216 0.037416653655502355 0.04229498940303523 0.0506235388727796 0.06289026953810854 0.07848603143928289 0.09496164805445055 0.10824287015263917 0.1144844294985767 0.11234126392082885 0.10345058326583959 0.0908300631413077 0.07701575705219532 0.06335851878126991 0.05037669442030626
21.23237523246699 10.445630754762593 3.463037748671764 0.8819828088936921 0.19314158121148176 0.038693544001320905 0.0073910459944476195 0.0014190297094402238 0.0002972600675078779 7.58397496825777e-05 2.658433075354096e-05 1.4208305888116753e-05 1.2195515796592911e-05 1.644561611582971e-05 3.210085199572009e-05 8.078600997825621e-05 0.00023094180018902729 0.0006673780877990691 0.0017787177147607083 0.004114302409960818 0.008009773975850872 0.01306421339159491 0.01815215663603095 0.02221117859173566 0.02501828374731899 0.027228771847563712 0.02992495353750208 0.03426221209239005 0.04136173457229692 0.0521823136688222 0.06700562216474867 0.0844421742626672 0.1006843244994154 0.11048250374198415 0.11016119496035938 0.10015921913245308 0.08439107312026892 0.06735021042184654 0.051936264843716114 0.03918767419799517 0.029047304081871127
14.400286805744242 5.708936111188839 1.6532599152437617 0.4084844003412506 0.09432530597954492 0.020993666235123738 0.004536597141313683 0.0009719266106477895 0.0002188265605628295 5.716716230289867e-05 1.9744082450476564e-05 1.0297058787072363e-05 8.701854204540758e-06 1.1650222925830805e-05 2.2756814349622085e-05 5.782080424297162e-05 0.00016774757138320566 0.000491463376897132 0.0013204907399652441 0.0030595078733753078 0.00594872157204503 0.009723442533428609 0.01368038478230874 0.017211749409319452 0.020261587808102683 0.023338581553853294 0.02727991676108654 0.03306047608755653 0.041657897210674866 0.05373863621047681 0.06892016325550335 0.08479624097259271 0.09680050185235882 0.10016361257975862 0.09315070035524668 0.07840992180194167 0.060895346142007596 0.044734888076512616 0.03183129977708812 0.022324321406259638 0.015582293864509274
3.159453052028384 1.0470327283843281 0.3088274814105978 0.09117793527745173 0.02810448267629431 0.008856601197680017 0.002722104486024163 0.0007927477317579484 0.00022329614702306248 6.601165879102155e-05 2.3715364850618602e-05 1.2259499669485643e-05 9.962232983616661e-06 1.2541566833643227e-05 2.2893987328153824e-05 5.476620917504592e-05 0.00015136067828411357 0.0004269476690768849 0.001113654170412053 0.0025239323408387886 0.004844632263074094 0.007916239063887092 0.011311054957655657 0.01469598256972288 0.018115572626776787 0.022003499055729698 0.02704358512455424 0.034008060119932036 0.04351813039583228 0.055565300740228564 0.06879203249911053 0.08006227744742837 0.0853121561374275 0.08189044057515474 0.07059741532720816 0.0552177519277065 0.03997858881415919 0.027465604467180084 0.018336384878152465 0.012123520841616355 0.008042633677518911
0.19471750274091854 0.06638132063661198 0.024635200348079908 0.010862639904702038 0.005648644355958952 0.003177908626431087 0.0017200972061662372 0.0008173868171899281 0.00033294748133313486 0.00012402982623224395 4.953482148724103e-05 2.5626834576850192e-05 1.9185752068619295e-05 2.1253798874550094e-05 3.378377253738663e-05 7.107052895089268e-05 0.0001760880376214783 0.00045527368966166525 0.001112485896913423 0.002410832509687452 0.004512919794924544 0.00733320763727539 0.010617257122308163 0.01420394305206869 0.018213784583052766 0.023043816438364267 0.0292299071162965 0.037217722417456196 0.04699762805355738 0.05761893851245223 0.06688807946416114 0.07183377791121728 0.07017376650203849 0.06189099757197046 0.04942550537233888 0.03618196507589721 0.02474303388188066 0.016151427743455495 0.010273496773577985 0.006479594350801983 0.0041105135912200335
0.004891140563182015 0.0019949391922253405 0.0010993584375708371 0.0008653012319495923 0.0009095462817510287 0.0010848239858779016 0.0012059830977107222 0.0010657135610237308 0.0006994156668800943 0.00035779931910002766 0.0001668416432131888 8.623279494986318e-05 5.7411270124316595e-05 5.3431354580248325e-05 7.034581944613576e-05 0.00012378226229675524 0.0002627678421983722 0.0006002959537011168 0.0013380830057411438 0.0027249778580627428 0.004921710828036133 0.007893613291715153 0.0114909114130486 0.015658557126312225 0.020565709354272762 0.026552244658757062 0.03391470508306931 0.0425643378104281 0.05163513448684093 0.05930979742113574 0.0632646667405399 0.06179395890193879 0.05491085151780747 0.04445408741932106 0.03306009272870534 0.02288596831670743 0.014981087795560968 0.009422940515009805 0.0057804477555500056 0.0035060984318968542 0.0021323222566300448
8.32297597769912e-05 4.501511502339057e-05 4.092542783531359e-05 6.345649219506206e-05 0.00014689316294379533 0.0003986514345416412 0.0009636081187203272 0.0016584440289986822 0.001821416122683049 0.0013153976860510472 0.0007258214988638725 0.00037670103305975275 0.00022354625106836985 0.00017379141974261771 0.0001866261593327027 0.00026919362514058614 0.0004799211061803745 0.0009527445416482672 0.0019136581603592913 0.003630630586220152 0.006280986803687108 0.009856814853255161 0.01424716960437863 0.01942623703102182 0.025536051822621725 0.03275065011218134 0.04094886686899053 0.049321830361009567 0.056201905897120645 0.05949952149614065 0.057771381719311905 0.05119043951068849 0.04152002070463042 0.031106274773232898 0.021789507396126218 0.014451363799349075 0.009175590548378196 0.005627471633737985 0.0033597767513117173 0.0019699422804879204 0.0011491422539258716
1.7127879680223404e-06 1.3023764882241773e-06 2.0107903414804658e-06 6.119763484833768e-06 3.021349971392372e-05 0.00017737633101877424 0.000881238419975063 0.002808667651074361 0.0049687727647272275 0.004943177673817821 0.0032071526858194724 0.001698207953424895 0.0009235101356490705 0.0006151320065774239 0.0005488348602574835 0.0006572171681370099 0.0009925618871550403 0.0017225771726964152 0.003129831967390502 0.0055387250180811065 0.009152028638946564 0.013933362283652405 0.019690639973108676 0.02627350393141821 0.033627313401203576 0.04157679793880724 0.04944537096301209 0.055805917326592576 0.05876535521885948 0.056920991980700955 0.0503792920679991 0.04085042522453308 0.030660205466506902 0.02160562101864186 0.01449485749213213 0.009354062447880904 0.005838018309591154 0.00352860697053525 0.0020661678831315755 0.0011764806168118877 0.0006591658414911925
7.426301115452744e-08 7.982071881331129e-08 1.9856294386555974e-07 1.0666654270311462e-06 9.709274246911589e-06 0.00010463252519462782 0.0009104498023060566 0.004688756568578767 0.012084532082349466 0.015604061451235352 0.011693353475456919 0.006430298523824889 0.003332968901093131 0.001993907215157303 0.0015482929606268389 0.0016035320790520867 0.0021213071251470605 0.003301643754350716 0.005523593047200085 0.009207726126461393 0.014554431833398775 0.02134348764887302 0.029032775551602122 0.0370520070584286 0.044920169947297084 0.05203665689197706 0.057387236189491854 0.059579049398472556 0.0574545891532735 0.05097783281759952 0.04156206884367783 0.03138133317187288 0.022262506133504934 0.015083409892429976 0.009890171712646022 0.006318322176385448 0.00393019813638628 0.0023664980060200476 0.0013706526316972925 0.0007631203667918066 0.000412917188680094
1.0206340944727123e-08 1.4820511261304794e-08 5.2650901585037224e-08 4.147375781034804e-07 5.536663452331973e-06 8.578029193295873e-05 0.0010374126820021225 0.007109839650075427 0.02317263750281403 0.035729988900708574 0.03006834088857955 0.01745909517660686 0.009033636153552106 0.005159250338878458 0.003716236068584697 0.0035288980144986166 0.004292927524239552 0.006219577309059661 0.009831561740128178 0.015670945491497733 0.023808406972884843 0.03347182363700562 0.043260251640140114 0.05180084086541458 0.05816227640984751 0.06174077276780264 0.06200824555671144 0.058586138569369325 0.05167032718683801 0.04235050284751032 0.03234458128557284 0.023257895288407604 0.015988842715016317 0.010671513004419014 0.006987561881495417 0.00449837452859237 0.0028289992349854955 0.001717400425434942 0.000994779967503454 0.000547624207834315 0.0002895352989907412
5.329768642940716e-09 9.625341965956214e-09 4.1577397763822263e-08 3.835191369063096e-07 5.761932322863096e-06 9.74638471774309e-05 0.0012678571948925438 0.009340950778316195 0.03295699141203275 0.05532179165731976 0.050540859502369063 0.031406465185620035 0.016980857197092976 0.009857070290189729 0.007040073509362023 0.006518166506073073 0.007674225967503492 0.010759074439998817 0.01650259877390545 0.025545311900389684 0.037527559707299186 0.05048666390722294 0.061510550445923906 0.06829747059293097 0.07009112902094262 0.06738174485687004 0.06116204733824962 0.05252514814132294 0.04264042663314696 0.03273945235610447 0.023898465655921977 0.01675976479285795 0.01144428724308359 0.007700937343400828 0.005137681634055018 0.0033890879718418442 0.00218554403550296 0.0013553344696046992 0.0007960859612108882 0.00044025770268068095 0.00023162927747656813
9.958104255960716e-09 2.022447824845419e-08 8.982025403552245e-08 7.782888269526191e-07 1.0239409080591148e-05 0.00014647374610253708 0.0016202411938043807 0.010562207645329702 0.034997871527090725 0.05869086750081397 0.05625535117114346 0.0376973179995196 0.02208607682284363 0.013720936158080442 0.010270700976162797 0.009756920493645847 0.011592703235289107 0.016221855238864536 0.024644251735258145 0.03748939077293609 0.053539545465136826 0.06899508392174757 0.07913312194530579 0.0813078017825736 0.07617685297403227 0.06638974085291165 0.05470984377880156 0.04308831301538924 0.032638606378656704 0.023897867296078252 0.017023627626061143 0.011902573000484272 0.008247246196145985 0.005703680918426678 0.0039412331640377015 0.0027014199009937423 0.0018092415235102179 0.0011614669099100047 0.000702707930511563 0.00039796376864582937 0.00021316291268026527
5.17202728748852e-08 1.0704306267618635e-07 4.2277942140014275e-07 2.8753638492888006e-06 2.7189434653972374e-05 0.00027014653913079895 0.002124496651714553 0.010569305519231902 0.02949651715293768 0.046171258359579935 0.045038058291885785 0.03253524990512385 0.02108233911632043 0.014468290679166143 0.011749794292601638 0.01181757560891056 0.014523956615836536 0.020632727164859907 0.031365132520671184 0.04715024834534461 0.06568290120631062 0.08136627811878049 0.08832125947998551 0.08465503309065443 0.0732083015951238 0.05864542811436151 0.04459339697854878 0.03279890546887286 0.02363773101293427 0.016838250564807502 0.011937026397231902 0.008474166612529909 0.006054811681396816 0.00436243082273597 0.003157543765006534 0.002271117110523213 0.001595505012792593 0.0010729117615655241 0.0006789127512282813 0.00040153749181417694 0.00022425011703173142
5.22249506194519e-07 1.015952341693192e-06 3.2181191407786364e-06 1.526613947633688e-05 9.172518725245217e-05 0.0005620160148068279 0.0028248039172204596 0.009819489175248759 0.021590502024916008 0.030161349738330692 0.029203441157033504 0.02254132447700277 0.016193032999063998 0.012382186671042178 0.011023058877818855 0.01184037488574056 0.015130768642034796 0.02185418754471545 0.03321215374713048 0.04928336559342218 0.06705084330369296 0.08029369443617962 0.08340713108999562 0.0758237365497666 0.06181586632572701 0.046628094133953524 0.033557261972692966 0.023633746831425214 0.0165862076457532 0.011732547156972677 0.008420349356522725 0.006152304190619417 0.0045795264715194975 0.0034631570093218923 0.002640518476089416 0.0020032342507212393 0.0014852407637025587 0.0010552812208776369 0.000707110688896387 0.0004441462145551343 0.0002640577347833555
7.0706527160839265e-06 1.2241197465356202e-05 2.9424807705685238e-05 9.238005155239551e-05 0.0003363568946880777 0.0012195021032735593 0.0037813682923285006 0.008911303089308056 0.015041213032372852 0.018336860170457322 0.017287814125232257 0.014026876769852951 0.011016783863215427 0.0092730089954227 0.008947896110969026 0.010150049794225414 0.013331821509831681 0.01935727079798066 0.029125588830700534 0.04240921261112747 0.056346694271785645 0.06570940817423723 0.0663221482570457 0.058469793546791646 0.04618873833048331 0.03381521089831096 0.023747194056413658 0.01647535098872804 0.011536966418543034 0.008261292840528817 0.00608612580727314 0.004617526709455963 0.003597992259206133 0.0028614834352169937 0.0022994568899336234 0.001840863556881608 0.0014429963806928923 0.0010879191258331 0.0007778292869149156 0.000524712224650882 0.00033691438774711003
