_RESULTS/CROSS_VALIDATION_POSTPROCESSED_80-20/Berg/TZ/1comp/3/Berg_TZ_z_63_kriged_reverse_1comp_spherical_3.asc
ncols 100
nrows 90
xllcorner 5.6208707817415728
yllcorner 50.959635321741573
cellsize 0.00013419651685393446
nodata_value 1.7014100000000001E+038
[rows 19 to 37 of 90, columns 42 to 83 of 100]
0.13273913282946723 0.14266594535824545 0.15701876161355263 0.17495622314946183 0.19490628893063133 0.21421986466109477 0.22951146801774977 0.23957768555494677 0.24413202617599655 0.24360649411087182 0.23883952957310686 0.23079409182965574 0.22037012900080027 0.20831314466882792 0.19519393172060112 0.18143100570688936 0.16726210172142386 0.15285270613748247 0.13844817466230425 0.1244189745001813 0.11261657302114257 0.1037805995638478 0.09839651193850515 0.09651310571108938 0.09861887174997302 0.10362219310139785 0.11033033191485679 0.1181439241179932 0.1267802450917099 0.1360880804910014 0.14596574147302888 0.15632546272865266 0.16707675551525394 0.17811791400122692 0.18933145657423828 0.20032195774862432 0.21057222442519394 0.21978413035877525 0.2276543997528342 0.2338867885195581 0.23820588517340177 0.23987416895265107
0.12649832209298326 0.13639568140880698 0.15296880995957912 0.17419729279231538 0.19711016811234516 0.2177590722708136 0.23278398740746872 0.24113478176085107 0.24303560302096266 0.2395168976225137 0.23190489416666044 0.22146229207039617 0.20920971107684905 0.19587981727481898 0.18194655128858417 0.167611671233493 0.1529806566723812 0.1381689549687022 0.12329283919216953 0.10853188645692982 0.09530151257597962 0.08451408033328581 0.0776412669178183 0.07752238781622707 0.08314537222967529 0.09081955848656649 0.09945015575064414 0.10865606840723002 0.11834163612548065 0.12847612367200106 0.13903441580940995 0.14997886987197726 0.16125295186662136 0.17277863928914147 0.18445528997424254 0.19608454698763997 0.20705679965688636 0.21701469636222961 0.22564935462630284 0.23265555181269598 0.2377460929121331 0.23987414954875683
0.11897084832944371 0.12919905164492387 0.1500872533610078 0.17638217821974622 0.20315285037810601 0.22511201178796472 0.23903898762498055 0.24444513044610378 0.242505409251231 0.23512875337300176 0.22421548439467573 0.21128812414211023 0.1973992048126607 0.18317615856567285 0.16884030507288095 0.15447070602687557 0.14006700628606936 0.1256120823459463 0.11113000257144494 0.09670988249576261 0.08337925705730191 0.07177339971529136 0.06196482459440111 0.06336253955537276 0.07325985355954305 0.08299733374119272 0.09257616370704393 0.10245451410483654 0.11266809681894718 0.12324328205238033 0.13418633865388013 0.1454798663562795 0.15708162755494415 0.168924161970566 0.18091475039569943 0.19293097137086215 0.2044578226609904 0.21499844003219784 0.22423798178643084 0.23186275693247702 0.23755317759408767 0.23986994485031948
0.11142577185633354 0.12286037307531941 0.1522518960672124 0.18515443754194813 0.21613080660024117 0.23857476173736214 0.24956624481777065 0.2499415882045797 0.2424812795067249 0.2302649623051543 0.21574595918570036 0.20049138461476598 0.18533516060676017 0.1706310388362809 0.15644705534553557 0.14267230544492485 0.12913208930947895 0.11568538332761125 0.10229902550236143 0.08908363985422399 0.07700311055316664 0.06697065263811511 0.059956380409418544 0.06159026601936378 0.07026704198431627 0.08017571622902796 0.08984307415048699 0.09961786400775156 0.10982648868174963 0.12045438431894538 0.13148633259876358 0.1428936955434742 0.154628587479244 0.16662092924941105 0.1787769495708104 0.19097865251935323 0.20288434926602483 0.21384512944167747 0.22352880105625333 0.23161373176160915 0.23761138216614516 0.24013819752194154
0.11906280997066956 0.13271923214398654 0.1671847399851232 0.205338457316573 0.23962831801822848 0.2605380675574508 0.2651247800179691 0.2573425176392189 0.2425059980834374 0.2247096331266401 0.2064434928922086 0.18901319295359698 0.1729478576257784 0.15829890699794827 0.1448483541238931 0.13225026276832744 0.12014044740182425 0.10824307959412063 0.09647330882003607 0.08497646979437912 0.07486431679210441 0.06740387108059037 0.0637359733544333 0.06567399158194906 0.07221938975655276 0.08108840565753139 0.09061233729069659 0.09990256067530404 0.10967900915570107 0.1200342774362403 0.13089801465378 0.14220892624901338 0.15389907734215794 0.16588573476612298 0.17806692213850922 0.1903113072037555 0.20235176322479206 0.2135091646978218 0.22341786116322465 0.2317966732959726 0.23838300437646837 0.2412035943248432
0.14706619165332657 0.16422162359783735 0.19794493330922855 0.23996255288618532 0.2769955151812996 0.2928815752807967 0.2853242485335523 0.265272636248341 0.24107212610712433 0.2171050113884747 0.19528264242889484 0.17622505514071496 0.15989177013934006 0.14591183886718753 0.1337623268250328 0.12286677460560255 0.11258746936121536 0.10248824732372692 0.09245444268052903 0.08273776296538972 0.07462448612377791 0.0693176511435274 0.06751122641158094 0.06996917771866627 0.07579483508684143 0.08388025803179722 0.09314843728520222 0.10249311458505393 0.1117660648006816 0.12176446228508225 0.1323093089662261 0.1433537913084134 0.15484213929665447 0.16659558755707016 0.17849425028675098 0.19043420172516376 0.2022623013745447 0.2133370441505818 0.22331016694657535 0.2326052391959318 0.2398835600076589 0.24213690561704385
0.1777987780027952 0.19963337528479896 0.23677094744674357 0.28621087528549444 0.3304937271239217 0.3349196088942371 0.30553342781791953 0.2691705639111489 0.23512870096030672 0.20577829457939725 0.1814426386343871 0.16171115895010643 0.1458908035011122 0.1331969809450062 0.12271006322923184 0.11366865699192245 0.1054431139002342 0.09741825984209693 0.0892411743429893 0.08121691126935338 0.07489020439621653 0.07126700658655152 0.07077627165031276 0.0738723228951613 0.07970300433187735 0.08746668019287956 0.09651766582440476 0.10604250631510771 0.1151573741107036 0.1247901644327166 0.13517949980030516 0.14599950536351067 0.15699166154228045 0.1681896914439487 0.1795745643628729 0.19104162077978126 0.20246388607666285 0.21333767524841624 0.22404931527859948 0.23408715506942523 0.24145233127625143 0.24296859135345444
0.20567946280675176 0.2303578286284577 0.2699197775878908 0.3272747314842285 0.3977117554888785 0.3711449033145035 0.3128694195412758 0.26263611376592905 0.22193891478548688 0.18967973933829715 0.16457797493674522 0.14537062833591424 0.13080271789670692 0.1196049035969199 0.11092631711024263 0.10403276460933253 0.09823766072725255 0.09267851743937322 0.0863217502546212 0.07970926366882038 0.0749322631133735 0.07273460685117045 0.07338900414234854 0.07723813226607958 0.08344063852708843 0.09128040161266784 0.10033087226483114 0.10995935287958325 0.11937643361409828 0.12854051868096003 0.13844451265349142 0.14888341497629062 0.15962882377779342 0.17043352020705776 0.18117174019378438 0.19202320179865104 0.2029201148921305 0.2142024811800444 0.22567561984377119 0.23594846214600218 0.2427995991033229 0.24380481453032313
0.2266162918228581 0.24950268873794929 0.2835916084835623 0.32888538484055235 0.3698182574048163 0.34733057004081835 0.29263389530067363 0.24196071486588994 0.20086775948620242 0.16906273021621898 0.14511836086781596 0.12740789017982906 0.11442890836480474 0.10510470406594428 0.09848482057003137 0.09379190684862497 0.09043328439825189 0.08787964384227251 0.08305548392069453 0.07757696863953721 0.07431957547923286 0.07350283279607815 0.0753029672413838 0.0800249962479263 0.08679033483341532 0.09495571685205173 0.1042186724165227 0.11406378849268806 0.12367862834111219 0.13242661649153736 0.14172270939141585 0.1516735582795923 0.16205360614220843 0.17261868304161399 0.183100222275597 0.1932833398282363 0.2040732587812045 0.21586751114428226 0.22750591610474483 0.23779780498045175 0.24379450525794824 0.244719910569329
0.23930089017896733 0.2560453304605269 0.2779177863891953 0.3002027502521137 0.30950425706052703 0.29109332984643776 0.25287446650735224 0.21112824085044393 0.1745288492923326 0.14569005922853076 0.12404167473440149 0.10834837560566081 0.09749841839282539 0.0903345618203269 0.08581291637014572 0.08308768911187417 0.08149597526743382 0.08026485747756047 0.07750240205586151 0.07426340051054747 0.07282904266522704 0.07350273397087055 0.07653211385407392 0.08223894950726973 0.0896765574723532 0.0983321699821903 0.10796915987282855 0.11800587924557071 0.12766905281856264 0.1361939926554505 0.1448180003710511 0.15422668572149634 0.16415811978459127 0.17437572156412262 0.18461921159321326 0.19484881818283112 0.2059526587117309 0.21780164520108009 0.22911982555948604 0.23908047236317248 0.24425735996191886 0.24569589934893346
0.24469155624760675 0.25343066951204146 0.26253244494858646 0.2675143253618509 0.2618082895162227 0.24179102734705063 0.21172791973141672 0.1780789826295339 0.1471772841524877 0.12186293802190955 0.10278073443614916 0.08949471715217348 0.08100502254987321 0.0760640794159216 0.07346553991313763 0.07231050408255808 0.07188466922741386 0.07148603205540054 0.07046912693154533 0.06965849061861565 0.07012574020185272 0.07231936619779102 0.07665186205119905 0.08348064336368885 0.09180226519925924 0.10121584803328802 0.11133361100460284 0.12151136509617412 0.1312242501176183 0.13973861773417298 0.1475730255809862 0.15641490954890563 0.16585359697620478 0.17565104185871505 0.18557206721215316 0.19630447459569092 0.20801346891791925 0.21934502432148745 0.2301243679197577 0.23946448713852825 0.24442266238941632 0.2466668543066182
0.24529226654990302 0.24620722877521858 0.2450637377764373 0.23898849870336702 0.22527031951652937 0.20353750376000157 0.1768255890643742 0.1486430347591051 0.12215092151480955 0.09981833906596 0.0830251363860425 0.07195394597080579 0.06560351950934676 0.06266408346843895 0.06181521175957265 0.06206282430932798 0.062725864718193 0.06331376632737704 0.0636660374556883 0.06462030429251209 0.06664438088837145 0.07017853587926282 0.07571058688442871 0.08353400247102825 0.09265595927318929 0.10278858183034197 0.11346442236754989 0.12417370877120017 0.13421963964041472 0.14276462895051864 0.14998306606195697 0.15814319456595033 0.1670752430220286 0.176408111446829 0.18620376350874757 0.19727070422109227 0.20889134038061127 0.22004071430683111 0.23010167800103556 0.23865801469917267 0.2442669414189832 0.2475715586859903
0.24353413229942683 0.2378426038436418 0.22924233287423146 0.21623730049098988 0.19798671503610402 0.1751404881758185 0.14991298106214368 0.12493452892959574 0.10127045471607646 0.08109036436870416 0.06580274059260316 0.0561761946860454 0.051830644689557226 0.05093866510995666 0.05174737304308025 0.053212631969199925 0.0547807370696675 0.05614878463431667 0.05762114109926676 0.059779119507999204 0.06293962849684868 0.06752806803162398 0.07403653974901678 0.08248889411449349 0.09203721370537704 0.10240592031866165 0.11331599362364088 0.12433529030320672 0.13481487244525275 0.14391071469825487 0.15111807245577238 0.15878492613519457 0.1674520961257236 0.176538175852249 0.18630186763604947 0.19696831892241437 0.20820901884616144 0.21903251791791883 0.22863133914460604 0.23700294263812308 0.24367810669278958 0.24828725321809067
0.24132424540291905 0.2304416087229117 0.21660634715336824 0.19924354479584333 0.1783993476913242 0.1550141551779597 0.13076876287344208 0.10724927749511222 0.0854921056168373 0.06637018775270412 0.05155282532778453 0.04274495283266947 0.04049250470050952 0.04171217297078411 0.04392667756129118 0.04626082384744591 0.04839572045406881 0.050305018978609777 0.05256910619325237 0.055491269840986 0.05932337264258991 0.06444387579288699 0.0714067189850944 0.0799157442229325 0.08939328077565946 0.09966531055108098 0.11053434548426908 0.12160882521998824 0.13228463656102496 0.14175806093158774 0.14937550895402155 0.15717001296170532 0.16558484580970168 0.1743863040476447 0.1841525346437804 0.1948113868701332 0.20572745922461458 0.21594520877427745 0.22526679996700721 0.23461691873113066 0.2424987863305015 0.24862870605788726
0.23995746166586696 0.22514271475061634 0.20767984370129206 0.18756878083175957 0.1652776290105539 0.14178731710926842 0.11832933085736624 0.09564788376487665 0.07484321471212099 0.056703304928921595 0.041781130790254604 0.031735442864202025 0.03266468767638459 0.03576223654033693 0.03875668974163548 0.04140980236285922 0.04367931541322041 0.04595438100405709 0.048569105117395955 0.051676053130037446 0.05563048271531522 0.060885205721360476 0.06787906083160633 0.07604485283287063 0.08510180839561053 0.09499760578782573 0.10556278513796692 0.11644170139935332 0.12707228377376842 0.1366933513281209 0.14460762882669806 0.15256420248527638 0.16082524969696965 0.169198407638625 0.17874246357734655 0.18929421390172604 0.20014747818156586 0.2103339037715619 0.22055765327951452 0.23135125351591768 0.24053553650320048 0.24835502767534562
0.24023249645389494 0.22249579811665227 0.2025261561630424 0.180680674138233 0.15763243979359054 0.13432717971641045 0.11136080959566479 0.08924055655740645 0.06939644699123639 0.05268125100619164 0.03929200676043494 0.03079179484489848 0.03090139376194992 0.03348629296377703 0.036150776808127776 0.038541416133316846 0.040706617162597124 0.04291500226680937 0.0453318962613135 0.0482527454117563 0.05204202242436921 0.0571556432912625 0.06371127007017527 0.07120490179414869 0.07959853081802182 0.08889050184812713 0.09893326259573007 0.1094000442571939 0.119736851984771 0.1291262758646355 0.13683218624802362 0.14458159197312384 0.15267641857227915 0.16119382379357672 0.17039821251174017 0.18053760073468805 0.19092698924529558 0.2018260119895139 0.21397518911029373 0.22681801170666294 0.23757581315350076 0.24718770830651754
0.2425794231976935 0.2227048468735303 0.20099372009505265 0.17804640696164098 0.15464210255793953 0.1315385599182632 0.10860611642480739 0.08713814591041136 0.0683948786874419 0.053144910833507024 0.04193151865002096 0.03533360965193146 0.03338090094269243 0.03404329667362532 0.03553512948492177 0.03722874100645739 0.038970243332836434 0.04074041711908886 0.042743212872348064 0.04526842931529175 0.04868128361665831 0.053381795287519844 0.05910233267948249 0.0657063333209437 0.07325681321190412 0.08175132928465374 0.09102956610527545 0.10074632639536123 0.1103574728060148 0.11912671549198059 0.126437803570595 0.13393572395963346 0.14178908414358396 0.1503487409497693 0.15959893633015834 0.169022946184873 0.17938255593982305 0.19133891897998398 0.2048810905887482 0.2198157763825231 0.23330916606811603 0.24484272042258592
0.2473648299925354 0.2257857804565751 0.20288397084835647 0.17924677498210162 0.15568517872043433 0.13224245990486772 0.10930410750828116 0.08835078874829598 0.07046161705313721 0.056247350369758024 0.04599277530365195 0.0397045450264109 0.03675700518121388 0.035937022370067975 0.03623685483480715 0.03706612231171187 0.038074220198719914 0.03918709819427231 0.04058246404692099 0.04253362410457283 0.04538829877928791 0.04923327110518788 0.0539036929540638 0.059476794835304006 0.06604536981444534 0.07359169533686646 0.08194040116173719 0.09074632150584512 0.09949141329443062 0.1074926360312332 0.11433239906683342 0.1215295071459934 0.12907981644034236 0.137443103208233 0.14659476816781014 0.15622865531527927 0.1670040036558748 0.1795064335985805 0.19385620604459353 0.21015173077454904 0.2264724560546514 0.24096838466801293
0.2549414250477102 0.23215553840963554 0.20840313549145578 0.18426371709290623 0.1601867046059936 0.13611547991689807 0.11297025791368848 0.09217590459768395 0.07464081511779994 0.060786435483673254 0.05064741029030056 0.04395978106745963 0.040150989831978186 0.03846106745196556 0.037963861770045626 0.03792273472196589 0.03806253272997626 0.03837137581943889 0.03902227178847666 0.040273670265833415 0.04232645488280743 0.045010094062986644 0.048485737683262906 0.05289079553766312 0.05836610911306133 0.06489458985724736 0.07228719075647079 0.08013082854481811 0.08793102629881429 0.09506756452742321 0.1014177959988244 0.10826005594277192 0.1154409937430621 0.12354131517976806 0.1330810431834479 0.14342327129828017 0.15442417089339533 0.1669849579033573 0.1815425123351985 0.19842303337560488 0.21692740963159401 0.23449251156641213
