_RESULTS/REVERSE_NEW/Berg/GZ/8comp/Berg_GZ_z_500_kriged_reverse_8comp_spherical.asc
ncols 100
nrows 90
xllcorner  5.6208707817415728
yllcorner 50.959635321741573
cellsize 0.00013419651685393446
nodata_value 1.7014100000000001E+038
[rows 72 to 89 of 90, columns 42 to 83 of 100]
0.000918593240043796 0.0007931007507136193 0.0007395354543189165 0.0007475851482149329 0.0008183750472443618 0.0009644577930525471 0.0012118411962230126 0.0015950376566147952 0.002137055439965781 0.0028858143762624123 0.0038969164358734847 0.0052194772774078165 0.006886793227341654 0.00890096377295 0.011244879286450713 0.01389051846308498 0.01674293395272826 0.019513355700833943 0.02180109170387408 0.023158723833993825 0.02405004262731663 0.025293487041222605 0.026904686473010215 0.02890138404409122 0.03114443187489289 0.03349226937592626 0.03579676166742802 0.037880724999072246 0.03955058558037083 0.04061575557071595 0.040912302538159535 0.04032695057972959 0.03918844820674073 0.0381955306362807 0.037447762388641 0.03703244905542878 0.036977719311152416 0.036977719311152416 0.036977719311152416 0.036977719311152416 0.036977719311152416 0.036977719311152416
0.0004778392419841724 0.0004007527047413121 0.00036793834100719595 0.00037212287447651075 0.0004142324978971147 0.00050360707512879 0.0006600958789896869 0.0009181500087814432 0.0013300773602540191 0.0019484580419323902 0.002847684198160004 0.004115676241502 0.005838594398705834 0.00807896951279414 0.010844447949243087 0.014051191961678445 0.017501652927565076 0.020978592655795582 0.02406835245794028 0.026225811961008438 0.027200437431531204 0.028286111995197767 0.029667051732259864 0.03127514090473196 0.0330198927178774 0.0347856689536413 0.03643300797070821 0.03780519512092129 0.03874038836812629 0.03908839483171258 0.03873152470229642 0.03806602424882834 0.037498177132412144 0.03710792057077903 0.036977719311152416 0.036977719311152416 0.036977719311152416 0.036977719311152416 0.036977719311152416 0.036977719311152416 0.036977719311152416 0.036977719311152416
0.00024224503445955073 0.0001961342527420489 0.00017688524424490484 0.00017932609220604003 0.00020411078525887775 0.00025790838152837584 0.0003552834977524641 0.0005225233664379616 0.0008037209824116803 0.00126905432998301 0.002009756691403934 0.003133865002434539 0.004773354774130279 0.007055223653777951 0.010062237646173254 0.013777898491618748 0.018026208799167106 0.022428365217357818 0.026413653335205355 0.029384309672049712 0.030705446489781574 0.031428399054710086 0.032394969972560035 0.03352584393036545 0.03472495322890874 0.03587885509745367 0.03685970053121841 0.037532375889408186 0.03776568597927681 0.03753189017583332 0.03725074992039797 0.03704419494801763 0.036977719311152416 0.036977719311152416 0.036977719311152416 0.036977719311152416 0.036977719311152416 0.036977719311152416 0.036977719311152416 0.036977719311152416 0.036977719311152416 0.036977719311152416
0.00012088892574761086 9.357277578256349e-05 8.242908146959158e-05 8.383265266690513e-05 9.82384511712837e-05 0.00013034178801720966 0.00019069335751148984 0.0002991038696106123 0.000490358744412058 0.000822620647756889 0.0013880322067339485 0.0023226997902848893 0.0037893460651650802 0.005963247827250476 0.009002627476896653 0.012974657981217594 0.01776841563083623 0.02301555794999372 0.02806310897964127 0.032046505326417785 0.034085576791685925 0.03446673522742136 0.0349533946947989 0.035552406817162686 0.03616630167997792 0.03668749348647678 0.03700222200282146 0.03702689829305953 0.036987199475513995 0.036977719311152416 0.036977719311152416 0.036977719311152416 0.036977719311152416 0.036977719311152416 0.036977719311152416 0.036977719311152416 0.036977719311152416 0.036977719311152416 0.036977719311152416 0.036977719311152416 0.036977719311152416 0.036977719311152416
6.020635799870109e-05 4.390008284744074e-05 3.742684632724666e-05 3.823556903411851e-05 4.664380755320931e-05 6.597139953632169e-05 0.0001039040141554238 0.00017545562244809673 0.0003081711618195908 0.0005502448565939768 0.0009816448028857703 0.0017265382263499942 0.0029617502242766255 0.004910891295543324 0.007805495574194584 0.011783065966346842 0.016809958199198328 0.02256418118572754 0.02836800378857845 0.03324095564213288 0.03611315188624005 0.036596907261932335 0.03676326511637001 0.03691318859660555 0.036977719311152416 0.036977719311152416 0.036977719311152416 0.036977719311152416 0.036977719311152416 0.036977719311152416 0.036977719311152416 0.036977719311152416 0.036977719311152416 0.036977719311152416 0.036977719311152416 0.036977719311152416 0.036977719311152416 0.036977719311152416 0.036977719311152416 0.036977719311152416 0.036977719311152416 0.036977719311152416
3.056240054124049e-05 2.0515602805815093e-05 1.665006644030855e-05 1.712846509979759e-05 2.2177344478519905e-05 3.420051837092971e-05 5.894117942082918e-05 0.00010805935805481314 0.00020382873366075595 0.00038681719029786207 0.0007270533970201545 0.0013376837029558425 0.002386767489603484 0.004097510417380361 0.006721647310821298 0.010469798372176367 0.015393977048389908 0.021246223475291325 0.02737706896739325 0.03276289895557236 0.03622617079246358 0.036977719311152416 0.036977719311152416 0.036977719311152416 0.036977719311152416 0.036977719311152416 0.036977719311152416 0.036977719311152416 0.036977719311152416 0.036977719311152416 0.036977719311152416 0.036977719311152416 0.036977719311152416 0.036977719311152416 0.036977719311152416 0.036977719311152416 0.036977719311152416 0.036977719311152416 0.036977719311152416 0.036977719311152416 0.036977719311152416 0.036977719311152416
1.6396996066199828e-05 9.778835152247087e-06 7.306972846190858e-06 7.610436193295524e-06 1.0855152830170867e-05 1.8850946015536453e-05 3.609588300286831e-05 7.205291612117913e-05 0.0001454260275957937 0.0002914165750582204 0.0005727262404805968 0.0010938199841284964 0.002014824773963574 0.0035560226263600505 0.005977560824547102 0.009516415757293442 0.014271738367625807 0.020057219801959653 0.02628091281301975 0.03194505297684028 0.035842313397857074 0.036977719311152416 0.036977719311152416 0.036977719311152416 0.036977719311152416 0.036977719311152416 0.036977719311152416 0.036977719311152416 0.036977719311152416 0.036977719311152416 0.036977719311152416 0.036977719311152416 0.036977719311152416 0.036977719311152416 0.036977719311152416 0.036977719311152416 0.036977719311152416 0.036977719311152416 0.036977719311152416 0.036977719311152416 0.036977719311152416 0.036977719311152416
9.936223154177179e-06 5.034422288291839e-06 3.203322103227047e-06 3.4315160363499104e-06 5.825481454205883e-06 1.1777451748718797e-05 2.5076807685685384e-05 5.390783045031756e-05 0.00011482953697210165 0.00023972437113514876 0.0004866161891832507 0.0009541898756671113 0.0017968755690640054 0.003231951468507837 0.0055233657720347345 0.008923322843393281 0.013560219719494783 0.019287944931930673 0.025554344936941305 0.03138297560468109 0.035552299226805785 0.036977719311152416 0.036977719311152416 0.036977719311152416 0.036977719311152416 0.036977719311152416 0.036977719311152416 0.036977719311152416 0.036977719311152416 0.036977719311152416 0.036977719311152416 0.036977719311152416 0.036977719311152416 0.036977719311152416 0.036977719311152416 0.036977719311152416 0.036977719311152416 0.036977719311152416 0.036977719311152416 0.036977719311152416 0.036977719311152416 0.036977719311152416
7.613866179388507e-06 3.2988389964657526e-06 1.5140632447589042e-06 1.7826276613317233e-06 3.996491838867394e-06 9.173524919333284e-06 2.0894779904456778e-05 4.681549975577731e-05 0.0001025649270330865 0.00021855864371867896 0.00045071482230407185 0.0008950563824246753 0.0017032880841790876 0.0030910449077208384 0.005323582579371462 0.008659549342869234 0.013240294125603801 0.01893803366522577 0.02521935525834862 0.031118705155036265 0.03540943252075547 0.036977719311152416 0.036977719311152416 0.036977719311152416 0.036977719311152416 0.036977719311152416 0.036977719311152416 0.036977719311152416 0.036977719311152416 0.036977719311152416 0.036977719311152416 0.036977719311152416 0.036977719311152416 0.036977719311152416 0.036977719311152416 0.036977719311152416 0.036977719311152416 0.036977719311152416 0.036977719311152416 0.036977719311152416 0.036977719311152416 0.036977719311152416
8.144899232519424e-06 3.6232611987176277e-06 1.8809759766586191e-06 2.1177028121387674e-06 4.332801680688061e-06 9.650982066023284e-06 2.1667787707422687e-05 4.813701910709664e-05 0.00010486572911255953 0.00022255164012569383 0.00045751983874776995 0.0009063105760937711 0.0017211631163556063 0.003118044189709272 0.005361976577342141 0.00871038337602907 0.013302120950174847 0.019005852389080476 0.025284502066970988 0.031170347223144008 0.03543766116228909 0.036977719311152416 0.036977719311152416 0.036977719311152416 0.036977719311152416 0.036977719311152416 0.036977719311152416 0.036977719311152416 0.036977719311152416 0.036977719311152416 0.036977719311152416 0.036977719311152416 0.036977719311152416 0.036977719311152416 0.036977719311152416 0.036977719311152416 0.036977719311152416 0.036977719311152416 0.036977719311152416 0.036977719311152416 0.036977719311152416 0.036977719311152416
1.1861042781766543e-05 6.190007668075689e-06 4.1817198836383955e-06 4.424648058096041e-06 7.011775131693813e-06 1.346251097590868e-05 2.7742626006918808e-05 5.836249121717891e-05 0.00012243637890291514 0.000252713818151841 0.0005084521094584994 0.0009898780824570718 0.0018529717798056744 0.0033158896922474827 0.00564169720567682 0.009078704969475021 0.013747661767412012 0.01949178897413545 0.025748197894902916 0.031534443871192246 0.03563235998203946 0.036977719311152416 0.036977719311152416 0.036977719311152416 0.036977719311152416 0.036977719311152416 0.036977719311152416 0.036977719311152416 0.036977719311152416 0.036977719311152416 0.036977719311152416 0.036977719311152416 0.036977719311152416 0.036977719311152416 0.036977719311152416 0.036977719311152416 0.036977719311152416 0.036977719311152416 0.036977719311152416 0.036977719311152416 0.036977719311152416 0.036977719311152416
2.0946133007588574e-05 1.2563117094698975e-05 9.55860344911214e-06 9.90549389943123e-06 1.3610798066602568e-05 2.264946371426044e-05 4.185945389792629e-05 8.130681753523276e-05 0.00016068656788805405 0.00031670808302855963 0.0006141607588365067 0.0011600297400662187 0.0021168258193990405 0.0037058857596592894 0.006185265365649267 0.00978474249654671 0.014590204170984842 0.02039761926093397 0.026598067698076922 0.0321855019942236 0.035960163720485154 0.036977719311152416 0.036977719311152416 0.036977719311152416 0.036977719311152416 0.036977719311152416 0.036977719311152416 0.036977719311152416 0.036977719311152416 0.036977719311152416 0.036977719311152416 0.036977719311152416 0.036977719311152416 0.036977719311152416 0.036977719311152416 0.036977719311152416 0.036977719311152416 0.036977719311152416 0.036977719311152416 0.036977719311152416 0.036977719311152416 0.036977719311152416
4.072343000882078e-05 2.6899549688272545e-05 2.174536174224427e-05 2.2267209011786084e-05 2.81957875815059e-05 4.214798452607585e-05 7.041146371800596e-05 0.00012559554958310474 0.00023148564948824674 0.00043087106233395266 0.0007967318548908873 0.0014455803029239853 0.002548324277698853 0.004328726810667664 0.007034280584497652 0.010864118527435095 0.015850790630021965 0.021721911968083922 0.027806421818582967 0.03307278998533869 0.036357983940753416 0.036977719311152416 0.036977719311152416 0.036977719311152416 0.036977719311152416 0.036977719311152416 0.036977719311152416 0.036977719311152416 0.036977719311152416 0.036977719311152416 0.036977719311152416 0.036977719311152416 0.036977719311152416 0.036977719311152416 0.036977719311152416 0.036977719311152416 0.036977719311152416 0.036977719311152416 0.036977719311152416 0.036977719311152416 0.036977719311152416 0.036977719311152416
8.24178210145447e-05 5.819620072389002e-05 4.8756230706876026e-05 4.9459349278354213e-05 5.9457608744018596e-05 8.219762841865937e-05 0.0001261830669286045 0.00020781431540656302 0.0003567624797508715 0.0006242072977073578 0.001093860688302047 0.0018937985393364337 0.003203512250717475 0.00524563662708284 0.008247908719974308 0.01236324688366878 0.017550870501382248 0.023451274482455896 0.02932221782513155 0.03411522261367076 0.0367321672856046 0.036977719311152416 0.036977719311152416 0.036977719311152416 0.036977719311152416 0.036977719311152416 0.036977719311152416 0.036977719311152416 0.036977719311152416 0.036977719311152416 0.036977719311152416 0.036977719311152416 0.036977719311152416 0.036977719311152416 0.036977719311152416 0.036977719311152416 0.036977719311152416 0.036977719311152416 0.036977719311152416 0.036977719311152416 0.036977719311152416 0.036977719311152416
0.00016825539891188364 0.00012468661485182597 0.0001069558086700133 0.00010764706465395551 0.00012483783686838824 0.00016280296614848771 0.00023326184942014405 0.0003579378990522019 0.0005744182602364355 0.0009445758712293726 0.001564841245147654 0.0025754085789486242 0.004161808982027719 0.006538026496541695 0.009898341679260634 0.014330453654082238 0.019700186218832485 0.025547429528495074 0.031060517780239865 0.035196012319183026 0.03695953193168718 0.036977719311152416 0.036977719311152416 0.036977719311152416 0.036977719311152416 0.036977719311152416 0.036977719311152416 0.036977719311152416 0.036977719311152416 0.036977719311152416 0.036977719311152416 0.036977719311152416 0.036977719311152416 0.036977719311152416 0.036977719311152416 0.036977719311152416 0.036977719311152416 0.036977719311152416 0.036977719311152416 0.036977719311152416 0.036977719311152416 0.036977719311152416
0.0003398796345394813 0.00026137262109071944 0.00022811867804583159 0.00022814315222178912 0.00025764612580768447 0.00032119566412629094 0.00043493397372178254 0.0006276264336128486 0.0009467969393587743 0.001466824731830257 0.002297496631657851 0.0035890906032558768 0.005526645300272927 0.008302993408769452 0.012060604565464771 0.01680087270561861 0.02227919470749481 0.027930944465177774 0.032891551961445734 0.036159768724391375 0.036977719311152416 0.036977719311152416 0.036977719311152416 0.036977719311152416 0.036977719311152416 0.036977719311152416 0.036977719311152416 0.036977719311152416 0.036977719311152416 0.036977719311152416 0.036977719311152416 0.036977719311152416 0.036977719311152416 0.036977719311152416 0.036977719311152416 0.036977719311152416 0.036977719311152416 0.036977719311152416 0.036977719311152416 0.036977719311152416 0.036977719311152416 0.036977719311152416
0.0006705046892827608 0.0005313883158981308 0.0004703268860271024 0.0004682526233827974 0.000518016250544627 0.00062297009003472 0.0008049251336097148 0.0011012851795965215 0.0015709736424634403 0.0023013386358476944 0.003413631801013306 0.005062236396415349 0.007420028963553962 0.01064089687386976 0.014793731344125836 0.01977368828814101 0.025216619529367084 0.030464122128682457 0.034633038841819515 0.036815641094361605 0.036977719311152416 0.036977719311152416 0.036977719311152416 0.036977719311152416 0.036977719311152416 0.036977719311152416 0.036977719311152416 0.036977719311152416 0.036977719311152416 0.036977719311152416 0.036977719311152416 0.036977719311152416 0.036977719311152416 0.036977719311152416 0.036977719311152416 0.036977719311152416 0.036977719311152416 0.036977719311152416 0.036977719311152416 0.036977719311152416 0.036977719311152416 0.036977719311152416
0.00127928551864646 0.0010404249271882163 0.0009323702492200138 0.0009258877126905696 0.0010073876300455455 0.001176203568426649 0.001460725826400029 0.0019078557521447464 0.002587893867008501 0.0035990293904282853 0.005068143974775593 0.0071425779111624855 0.009965821326817049 0.013630887636575863 0.01811122361767595 0.02318231233309566 0.02836535086055678 0.03293802014795488 0.036050969437318586 0.036977719311152416 0.036977719311152416 0.036977719311152416 0.036977719311152416 0.036977719311152416 0.036977719311152416 0.036977719311152416 0.036977719311152416 0.036977719311152416 0.036977719311152416 0.036977719311152416 0.036977719311152416 0.036977719311152416 0.036977719311152416 0.036977719311152416 0.036977719311152416 0.036977719311152416 0.036977719311152416 0.036977719311152416 0.036977719311152416 0.036977719311152416 0.036977719311152416 0.036977719311152416
