_RESULTS/REVERSE_NEW/Berg/GZ/8comp/Berg_GZ_z_250_kriged_reverse_8comp_test1.asc
ncols 100
nrows 90
xllcorner 5.6208706962070707
yllcorner 50.959635321741573
cellsize 0.00013436758585859339
nodata_value 1.7014100000000001E+038
[rows 57 to 75 of 90, columns 44 to 87 of 100]
15.354157981872667 15.045692416329933 14.964407626018664 15.143310560709885 15.600841612625182 16.33781284421502 17.334847641906364 18.550746844701045 19.92296875931143 21.371960041022284 22.809791192590954 24.150758500074286 25.321617683559538 26.27297636899953 26.982698837149773 27.429610484688492 27.571051657810735 27.37167953248076 26.839696929387596 26.03448183924723 25.057096079822212 24.030775454494886 23.076744463299868 22.29409279084117 21.7491877298263 21.47430216687711 21.471774672428886 21.720020025535604 22.179463626299263 22.798161039711992 23.51756675596225 24.278653221419596 25.027913663817035 25.722322063082874 26.332372430836205 26.842792033884237 27.251120754301837 27.564797732767786 27.797577496265458 27.96603435402724 28.086697862623073 28.174093084102473 28.239714876206346 28.291791375065472
16.171815018227598 15.86768331420802 15.782504779712253 15.948288103946496 16.383050001069506 17.08800852270354 18.04520301179733 19.21615180755321 20.54270076113638 21.951438910739487 23.361817185111576 24.695794336277178 25.886896676938274 26.888502890728688 27.671262448556465 28.197970911336256 28.41250478259792 28.271209131244028 27.77434956324278 26.97506868191851 25.973501985490937 24.89756596874379 23.87635913069138 23.017207960334023 22.393158706943915 22.040814328357044 21.96458826872064 22.143386325353447 22.537458228921743 23.094834938213204 23.757569658047316 24.467904889277204 25.17396112096234 25.834176879496397 26.419828164637938 26.915411620005912 27.317187108276975 27.630507256362996 27.86665044800144 28.03977597122381 28.16442512649474 28.253775237507018 28.31866511286021 28.36727798611839
17.236225034764505 16.94920997341492 16.870546407409094 17.031010691058377 17.448077355427497 18.123538347011497 19.04144750267522 20.16694511321316 21.44700475715127 22.814289726216362 24.194310162522438 25.514231846381946 26.711186584659995 27.73769524148705 28.555751161259487 29.117840395962236 29.364393238762705 29.25040633170043 28.771614204170366 27.97595995866955 26.960717753244534 25.85399270660438 24.787414042331516 23.87196280913682 23.184373684007145 22.764275733209818 22.618142413006513 22.726038999960227 23.04888525612333 23.535471986256532 24.12914599245061 24.774066232226936 25.420612866205012 26.029328809164227 26.57293357533193 27.036376034464197 27.415314306200777 27.713636821576365 27.940648793272622 28.10842232785146 28.229631639419278 28.316021553300487 28.377515383359654 28.421869804499856
18.48630295753652 18.225358498671575 18.159126577647015 18.31716868526187 18.71660881846823 19.360087622751617 20.233996427136496 21.307410070014175 22.53259634110943 23.848127060300587 25.184902699971772 26.473961059318057 27.65386764089123 28.67422902532259 29.48992266907765 30.04934497739398 30.295829972439613 30.187511559018994 29.718996879844973 28.9341809425608 27.925247001633775 26.815668042253936 25.73406595306404 24.790399377537337 24.061969968099987 23.589892894462878 23.382486849556976 23.42170708268822 23.670369119333195 24.079348696374524 24.594474643526905 25.16278726898595 25.73766617811217 26.282316123589023 26.77134148907379 27.190533534483503 27.535324960915393 27.808500368849074 28.01770299783866 28.173136337043537 28.285700477577684 28.365664821135777 28.421872428527823 28.46139910452546
19.857628998689574 19.629330830102496 19.578933964270938 19.73466254910727 20.113350131693984 20.718575481437725 21.539100689069006 22.54790233398308 23.702484378656273 24.947307442979934 26.218688632137386 27.451410511749785 28.58501449748107 29.566544824344632 30.346905289407104 30.874832318648398 31.099551454472028 30.985039297782457 30.527547644964486 29.76772974564234 28.790505405139083 27.710327770058846 26.647790466043975 25.707564976044356 24.964668160895986 24.460262601671666 24.204219270442522 24.180960241221385 24.356358123421167 24.68478510902434 25.115901284301774 25.600716601994293 26.096373903107057 26.569217877637918 26.99602407156051 27.363622661647856 27.667400652446073 27.909228789642253 28.095275672770587 28.234027907908064 28.334695749805682 28.406072987235564 28.455839552886847 28.490242056585224
21.285544702786417 21.094086540409005 21.060758423343298 21.212087319207306 21.56443335684905 22.12220988271611 22.87646376188781 23.804009234670506 24.86761503866272 26.01786931767783 27.197034623784 28.34438177278347 29.401400894155234 30.314490418479334 31.033749845846742 31.510810223713165 31.701836061375054 31.577837807100767 31.138178226593887 30.420544629446276 29.500951477610894 28.481614381579206 27.471234795790707 26.565690114985774 25.83521609898332 25.31970004379916 25.03024572730805 24.954168589622995 25.0613326120305 25.310797392766975 25.657234511861056 26.056582708714476 26.470395450324048 26.868519237083316 27.23007187115408 27.543009681905318 27.802755779302945 28.01037715654115 28.170700915102532 28.29062637160672 28.37777070993303 28.43949658216601 28.482307870250278 28.51155926866137
22.711221827962547 22.557930219017905 22.54050105006161 22.683303315633715 23.00193137348505 23.50148130855384 24.175236625042885 25.00388933114174 25.955631916188874 26.987549409098776 28.048547262329443 29.083491708013852 30.037467672711287 30.85860771009703 31.498788684941957 31.913911920305544 32.067088308654064 31.936237261285576 31.523941833731584 30.86473907767172 30.024837094532224 29.092487584489195 28.162171260522438 27.31854009607383 26.625054496099605 26.119097784337043 25.812576989205965 25.695907506729604 25.743566793252416 25.920121408403308 26.186066975557026 26.502918945220806 26.837056325960155 27.16203405458048 27.45939053175671 27.7182451012247 27.934112615123553 28.107353621629986 28.241584770314347 28.34225861110931 28.415522966265456 28.4673974066018 28.503254400922017 28.52756035992571
24.08887038485022 23.972084276154675 23.967018971839384 24.0955173418355 24.372183909561997 24.802725467964866 25.382711505787647 26.09684014868958 26.918922381924776 27.81286126788247 28.734792490375927 29.636209065655233 30.467414912576395 31.180399866432417 31.730726134540994 32.07927156851356 32.195520365772396 32.06326893344019 31.68748129692952 31.099085760304 30.354263099915368 29.52694643873534 28.69660111332182 27.935441926374654 27.29884442588006 26.8206521471848 26.513018369026504 26.369367029752294 26.369016134403555 26.48240817359213 26.676225501825616 26.917822806804416 27.178539867143243 27.435678956895003 27.673200882438344 27.881407353561784 28.055972469872014 28.196669576535953 28.306059948561124 28.38831582400982 28.448269961311258 28.490724244706804 28.520008324637626 28.53975227161175
25.391320470684946 25.306871796813766 25.308756752528076 25.416150310980427 25.64262942053436 25.994586641520485 26.47002765269462 27.057822081890915 27.737544149766634 28.48007996531362 29.24912225464234 30.003481332351008 30.699868187034923 31.295653184607858 31.75133160268418 32.03301824247572 32.115706556470634 31.98762961361366 31.654877915408232 31.144252577398944 30.502190698484632 29.78896069119678 29.069456117888326 28.403368163646224 27.837440689930204 27.40126554039032 27.106640629049313 26.949622220465702 26.914182853463416 26.976547789609086 27.109502945010927 27.286132398301916 27.48260813404389 27.67986656207378 27.864229716000487 28.027194224738356 28.16468075970782 28.276021906051145 28.362904762517815 28.42841171179213 28.47623881102112 28.510122029238904 28.533466289159477 28.549149082546748
26.612076457624145 26.55417916925974 26.55645279241653 26.635534217813372 26.804166787917556 27.06967538473893 27.432750168156407 27.88661403539997 28.416676439206302 29.00079797629215 29.610263841625027 30.211462842116383 30.768116444329834 31.243797739717156 31.604545791733656 31.821612273511914 31.87453813049404 31.754545056365767 31.467615934351716 31.036030598767578 30.497102195127933 29.898693787151515 29.29238723392671 28.726117403503814 28.238137211990512 27.853462263164385 27.58299951931471 27.42487459519526 27.367192355988852 27.39147767714025 27.476166370029155 27.599660325725385 27.742625134074782 27.889396833622637 28.02854419194209 28.152759648100577 28.258305504486188 28.344233198035756 28.411549406213798 28.462448262145518 28.499678716351912 28.526075532773582 28.544252354738227 28.556435271916925
27.763433790330268 27.725662582249456 27.721329368101078 27.76491113669206 27.868736884406374 28.041484269800428 28.286882526696612 28.60272267606627 28.98027864851698 29.404247328181597 29.85329837588468 30.301267162089317 30.71893272855425 31.076240273908656 31.344810003284746 31.500625668127153 31.526823831283558 31.41638065229362 31.174205817252453 30.81789704996547 30.376474703348126 29.8869349343395 29.389222740936233 28.920802636545655 28.512080670707025 28.183530092985503 27.94477522669034 27.79538827175849 27.726886670994677 27.725356564529193 27.774182114833444 27.85646980933904 27.956898527374463 28.062882516941595 28.165075787744144 28.25734416206703 28.336374572836814 28.401088985376568 28.45200085438494 28.490612375495576 28.518911837030732 28.538997293078484 28.5528274828586 28.562083906254625
28.871434105889115 28.84754171447325 28.82971174437855 28.830827765317714 28.86341283349273 28.938080274474427 29.06207126082631 29.238025905878324 29.463120519418677 29.72868817290328 30.020414740086444 30.319157230391937 30.602364139323683 30.846004768131497 31.026860870596828 31.12500721386532 31.126278870902325 31.02444924954658 30.822727857510017 30.53412026496038 30.180302998553742 29.78900199000103 29.39031157854598 29.012730501092804 28.679750073089792 28.40760304030674 28.20441008917548 28.070614636865415 28.00037481258308 27.983494975460477 28.00749180127704 28.059464677042595 28.127550649544048 28.20186651335194 28.274949407603746 28.34178303400622 28.399532923814252 28.44711707918451 28.48471979305326 28.513328158586198 28.534340966027433 28.549273152479238 28.559558166574167 28.566436511415787
29.968964773714017 29.95341906970576 29.915641697752367 29.867605319844813 29.82277235091714 29.794410804431347 29.793865897809873 29.828999319568165 29.90298168072717 30.013583734834537 30.153064783229556 30.308702106839792 30.46394164073088 30.60008142216557 30.698335699430597 30.74207652737646 30.719008105431385 30.622989837790215 30.455196702538874 30.22432904932864 29.945706006631262 29.63930462197387 29.327075177254162 29.030058879953813 28.765868627661632 28.546959602577495 28.37988462515206 28.26549475938403 28.199875708425292 28.17572643598789 28.183878251771432 28.21469961927922 28.25921220710962 28.309835017018425 28.36075534424511 28.40798382833713 28.449181311503512 28.483351142768825 28.510479593774736 28.531187174543042 28.54643117662798 28.557278984071132 28.56475508500048 28.56975340553149
31.088290878922237 31.076528469838383 31.01297746021727 30.909427000022056 30.781098553563368 30.644725149608913 30.516445274627536 30.40980735542926 30.334144771376675 30.293512524759336 30.286295248005914 30.30551629605331 30.33980423346845 30.37490596059735 30.395576038834847 30.3876233701684 30.33986366603773 30.245713724230523 30.104180306813138 29.92005713649384 29.703259516871245 29.467387475766238 29.227774338713164 28.999390073947545 28.794983959889393 28.623766008895775 28.490778251822302 28.396948959801442 28.339698340443185 28.313893649946408 28.3129356433728 28.329786049859518 28.35780129930761 28.3913035058365 28.42588012473271 28.458448319120333 28.487145061141533 28.511111041240376 28.53023034085429 28.54487405266306 28.555679434514424 28.563380339021027 28.56869183095795 28.572243137645987
32.254035152757986 32.24249559251725 32.14809795489478 31.983154615333405 31.76546909652315 31.516075548605265 31.256640986207117 31.006927326293223 30.78266732362394 30.594108024288246 30.445350183100484 30.33449333878141 30.254501714681375 30.194637895042682 30.142263209448362 30.084771761528096 30.01141108013244 29.91475241042489 29.79161381393079 29.643312754620748 29.47522820167803 29.295770667668652 29.114965387716 28.94291856173597 28.788439009295995 28.65802859485572 28.55535584565036 28.481219367852272 28.433918344580484 28.4098924683924 28.40447677549261 28.41263250357695 28.42955240735075 28.45108518617605 28.473967373136993 28.495884431191943 28.515402635280196 28.531820171437637 28.5449827026483 28.555099253135307 28.562582273667513 28.56792402966667 28.571611871208074 28.574078380485552
33.477354309833004 33.46337995924095 33.333970475383964 33.102587618852255 32.790364669196315 32.4234139317264 32.02963312848469 31.63552237764542 31.263477547183538 30.92989311871484 30.644232215995398 30.409052631811733 30.220850854342917 30.071511502549424 29.9501165472862 29.844861213746317 29.744833894137585 29.641447751387407 29.52936582099464 29.40683802089694 29.275458999710224 29.13944551812529 29.00460328550485 28.877189966873956 28.76287535994699 28.665955050741736 28.58890425759058 28.5322831537201 28.494941129911446 28.474426380648733 28.467492434292012 28.47060184258784 28.480351970322793 28.49377979760785 28.50853372979453 28.522924890124933 28.53588557383196 28.546868488432576 28.555718912491912 28.562545609262212 28.56760789243944 28.571227836142793 28.573729699654095 28.57540388693518
34.751913772342434 34.73359068881401 34.56613451456928 34.264647598420034 33.85418270146348 33.366550226434 32.83644791102503 32.297547340214265 31.77912925612267 31.30369698023131 30.8857673266211 30.531810420438077 30.241140119853878 30.007468361724364 29.82081809314161 29.66951149759904 29.541990004637697 29.428273537512883 29.320930768942354 29.21550859117995 29.11044886687897 29.006590984826953 28.906407708436106 28.813141448046675 28.729996881067027 28.6595089940947 28.603153564899035 28.561212397407914 28.532859478775485 28.51640398392763 28.509614219148176 28.5100513049227 28.51535778120352 28.52346827019094 28.532731167298365 28.541947939187096 28.55034791485991 28.55752126400005 28.56333229977379 28.567831128071624 28.571175892788613 28.573572027450545 28.575230085731846 28.576340395788367
36.05219820452916 36.028190222479914 35.82106392866594 35.44787260431902 34.937942056034274 34.329144386212185 33.6633064889065 32.98151059735302 32.32001518215823 31.707337210057858 31.16275037160412 30.696159452126736 30.30908942471641 29.996418049973745 29.748473117113043 29.553169119583085 29.397931810517363 29.271233063977864 29.163632256372136 29.06829579512667 28.981037879477462 28.899982809963827 28.824983661097303 28.756940639773394 28.69714716868191 28.646758986286457 28.60643994646669 28.576196603301863 28.555379407557318 28.54280597753851 28.536952798757103 28.536164365833244 28.53883977051746 28.543571829929515 28.549229093578205 28.554983568623715 28.56029523454209 28.56486814977437 28.568592904888668 28.57148757825768 28.57364552672239 28.575194416762358 28.57626762840109 28.57698690631806
37.33457829871699 37.3039822285056 37.0572567514126 36.61350456643028 36.00638163990105 35.27984577160777 34.482845080724836 33.663818213208344 32.86587475097505 32.12332109886499 31.459854827044058 30.88838405400452 30.412147997075746 30.026677578695075 29.722134223997955 29.48564961498537 29.303399463470335 29.162244436184974 29.050855624945367 28.960316402920895 28.884257125498593 28.81862696282195 28.761231944276588 28.71116925286989 28.66826928011641 28.632626070758626 28.604261243288498 28.582933005158257 28.56807537452636 28.558835797720672 28.554172410409446 28.552973801172556 28.55417169829051 28.556827496789527 28.560184221132555 28.563684366254797 28.566960002213825 28.569804378409298 28.572134494400288 28.57395254722035 28.57531172571479 28.576289270723294 28.576967576770162 28.577422626938386
