_RESULTS/REVERSE_NEW/Berg/GZ/8comp/Berg_GZ_z_500_kriged_reverse_8comp.asc
ncols 100
nrows 90
xllcorner 5.6208707817415728
yllcorner 50.959635321741573
cellsize 0.00013419651685393446
nodata_value 1.7014100000000001E+038
[rows 18 to 35 of 90, columns 40 to 79 of 100]
1.8278424967219311e-06 3.4235148071806044e-07 1.0265886806405052e-07 5.313701138053048e-08 4.8247120202064183e-08 7.369481470140993e-08 1.7305700415971375e-07 5.529699663254806e-07 2.1003003990614017e-06 8.327184677585514e-06 3.08670544585237e-05 9.860988953132233e-05 0.0002583584977003255 0.000543909342850071 0.0009222187768679406 0.001281329510680271 0.0014963760493727502 0.0015111578754478 0.0013573614767607555 0.001113334462148173 0.0008543654921899798 0.0006276422993383108 0.0004514286215260696 0.00032507891451374356 0.00023954275708815126 0.0001842740837295944 0.00015045987049222464 0.0001318951355991158 0.00012478355221049784 0.000127237186399628 0.00013879553108600977 0.00016001212314556694 0.00019203485304866355 0.0002360899694967506 0.000292854084279062 0.0003618391771147684 0.00044103990422722446 0.0005270768914785835 0.0006158636142573141 0.0007035450131644498
7.924453950298194e-07 1.722204406809102e-07 6.180012702448695e-08 3.900342503821345e-08 4.3355714711150045e-08 8.013791957762885e-08 2.2176877655568727e-07 8.030714521452187e-07 3.294491506834648e-06 1.3379089559168146e-05 4.812744922272734e-05 0.00014172409039816533 0.000326911007048797 0.0005831471021283945 0.0008130088449370996 0.0009086330990347534 0.0008416469277015468 0.0006702792547021798 0.000476183138193427 0.0003125776371433078 0.00019596300914991827 0.00012108721630542004 7.60166775289178e-05 4.990706064658025e-05 3.5177688313797376e-05 2.7206335804681733e-05 2.3440077410721424e-05 2.265438543969812e-05 2.4511386545318045e-05 2.9375719253496716e-05 3.830975247480739e-05 5.3156149233635477e-05 7.657234426573624e-05 0.00011182158771640214 0.00016213427932258628 0.00022964519814525097 0.00031427537735947454 0.0004131954071546885 0.0005213357651873941 0.0006328075100987617
5.022495399182818e-07 1.3479153972185284e-07 6.070169960631145e-08 4.810376963773532e-08 6.607366627665999e-08 1.4619246209534939e-07 4.62951220341751e-07 1.81675969746768e-06 7.612485537715401e-06 2.9757112839610035e-05 9.74718807634209e-05 0.0002489490238805463 0.000478698190836877 0.0006912238451301449 0.0007649727290178508 0.0006710850017630714 0.00048609934895265766 0.00030381321720924327 0.000171220398753111 9.075053388653329e-05 4.707354640519987e-05 2.4823440013727632e-05 1.3801404462516009e-05 8.369526792164783e-06 5.702128027168851e-06 4.464727556876818e-06 4.071970087260362e-06 4.336407655869059e-06 5.344223078395507e-06 7.476169117822608e-06 1.1551799637618778e-05 1.909333393277438e-05 3.265769854556254e-05 5.604873157939962e-05 9.405468621474459e-05 0.00015137851062664467 0.00023087975889476823 0.0003319633714991874 0.0004502263519556368 0.0005787936843681393
5.000407329754463e-07 1.7393519416960817e-07 1.0141694807750517e-07 1.0208182029546326e-07 1.7171169736544157e-07 4.4203402800182165e-07 1.5311789678911099e-06 6.146993971873887e-06 2.4647728489144815e-05 8.668859399595177e-05 0.00024232937372796096 0.0005065312730583566 0.0007739765666907986 0.0008732771339330399 0.0007506439663251592 0.000512473252281414 0.00029127409601019925 0.00014483555850113947 6.616869237380755e-05 2.9089934118648788e-05 1.2856605222570758e-05 5.956359610106586e-06 3.0108524574153075e-06 1.7230031129168663e-06 1.1518530876576774e-06 9.203031336168402e-07 8.889297419155705e-07 1.0363147830994238e-06 1.4365142018958014e-06 2.3052815571771244e-06 4.133959765192177e-06 7.959052803422694e-06 1.5801946735245084e-05 3.118877516501456e-05 5.938653009194658e-05 0.00010675230282710989 0.00017885310717948133 0.00027798811011778805 0.00040167210801690044 0.0005433153760256246
8.075828109302689e-07 3.751519859355753e-07 2.8646767095086777e-07 3.6316139421451454e-07 7.274905270902782e-07 2.0826785625882757e-06 7.4417838193332485e-06 2.857517380536922e-05 0.00010219445236026222 0.00030207593234277217 0.0006777247440743977 0.0011019376046095958 0.0012890927459543152 0.001112061756154196 0.000737990531767791 0.0003954967702793697 0.00018020801833549592 7.360106463735023e-05 2.8352594982590278e-05 1.0799713291835181e-05 4.251378101207376e-06 1.8044367389060494e-06 8.600244805818608e-07 4.778855458467148e-07 3.194943256299602e-07 2.627294874372719e-07 2.6827735238161904e-07 3.384771429712717e-07 5.174464595675578e-07 9.281346956913727e-07 1.8742615400696384e-06 4.070357738731714e-06 9.084035120274232e-06 2.000118896300466e-05 4.2040493607324974e-05 8.241566075524241e-05 0.00014870204938894342 0.00024591665044468097 0.0003739734021714073 0.0005274513050103735
2.083321570910444e-06 1.3037816394788636e-06 1.2911661019599644e-06 2.003937920589907e-06 4.568947513508511e-06 1.3712913324277685e-05 4.7215230872443573e-05 0.00016137451403923855 0.0004798266614030309 0.0011184430067284219 0.0019097127108572453 0.002322173211219613 0.002032377997680941 0.0013325893334281231 0.0006899815581056735 0.00029775089946337504 0.00011300072120041546 3.977181808934386e-05 1.364055269807581e-05 4.766267760951477e-06 1.767627269939276e-06 7.236583259776948e-07 3.39765606389409e-07 1.895732638605979e-07 1.2951822599636825e-07 1.1060197857173137e-07 1.1896628595536109e-07 1.6002247942759093e-07 2.632454604727824e-07 5.112308105333895e-07 1.1209246585670312e-06 2.64218659394262e-06 6.380046202682573e-06 1.5117829361940408e-05 3.396390475420587e-05 7.062658795496645e-05 0.0001341281869799524 0.00023175864650892505 0.00036580652456286275 0.0005324500562369529
8.051992963385769e-06 6.700677187914751e-06 8.351479538765523e-06 1.5157566877426714e-05 3.708229914517853e-05 0.00010901589182457797 0.00033658553090059294 0.0009541575304759595 0.0022117622996422003 0.003851862697426722 0.004807649824531344 0.004268685410982934 0.002777893912996021 0.0013994072533640234 0.0005803013739452756 0.00020989245644454898 6.98797676617835e-05 2.2513339159640666e-05 7.3363914666762405e-06 2.511721379738378e-06 9.346721526573518e-07 3.9062914380106745e-07 1.8943056655801857e-07 1.0997627137459085e-07 7.851950042803471e-08 7.022678196836078e-08 7.918261229888386e-08 1.116406247647917e-07 1.9235680706814477e-07 3.907449211065129e-07 8.945318901544194e-07 2.196676327953448e-06 5.512187552743141e-06 1.3537260252783972e-05 3.143596108417305e-05 6.739051615577604e-05 0.0001316078009504406 0.0002332961520259881 0.00037694999292664554 0.0005605203832778891
4.193106340411996e-05 4.489208834547748e-05 6.717520518175073e-05 0.00013441641609603764 0.0003299625831033573 0.0008853356939265757 0.002287105609642809 0.005048788526177205 0.008653946291057433 0.010824526683137263 0.00964843064363911 0.00622251930292882 0.003047402697783004 0.0012112826941123587 0.00041835621230344863 0.00013345631829881166 4.142667029904458e-05 1.3070395000434471e-05 4.3407488194595196e-06 1.560018557321238e-06 6.212106363293343e-07 2.805018216985652e-07 1.4717742231080798e-07 9.2006175076851e-08 7.009328716903769e-08 6.613031101379911e-08 7.769799053500574e-08 1.1282064894080459e-07 1.9814727656030698e-07 4.069080740803107e-07 9.361272205235805e-07 2.3018198515199e-06 5.77508700844564e-06 1.4185160293490026e-05 3.299973553119012e-05 7.104257155901758e-05 0.00013970614197427727 0.00025001198381983876 0.0004086414252756041 0.0006155080057622713
0.000257029833399601 0.00033704784153692477 0.0005707084711451169 0.0011786202583129518 0.002710529522123479 0.006209557059595043 0.01263720527647554 0.020665269564354976 0.025251234830098092 0.02221839257951376 0.01409916484352796 0.006699439343318548 0.002540710426173028 0.0008291430431788938 0.0002505840308896595 7.470235143167574e-05 2.306582161540063e-05 7.633477314366854e-06 2.7681087451513352e-06 1.1152968703593019e-06 5.044956938379062e-07 2.5907928743601394e-07 1.532391355800515e-07 1.0622172013038627e-07 8.782367193888006e-08 8.780386056170384e-08 1.0674176339186066e-07 1.5689555310695855e-07 2.7383926494331423e-07 5.510642378287244e-07 1.2310295722073766e-06 2.9265337575562413e-06 7.098854601436528e-06 1.6917243913318868e-05 3.841119068446264e-05 8.129957364685466e-05 0.00015838015344086089 0.0002827407899693406 0.00046364733043548646 0.0007034896421850953
0.0016019082921495862 0.002423640639850861 0.004351458210914514 0.008678650427602082 0.01754565197434122 0.032430891401056386 0.04966540538032155 0.058262459289814814 0.04992961958003331 0.030923801540870103 0.014210231650527686 0.005129382926376282 0.0015695311282048032 0.0004420372983498395 0.00012375014743673627 3.666337073697569e-05 1.2000752123890494e-05 4.440260530206036e-06 1.869741441180703e-06 8.93786559113022e-07 4.826010262197434e-07 2.936611758813789e-07 2.020469668150588e-07 1.586216055908407e-07 1.438735467676814e-07 1.5253466637873457e-07 1.9024329591201978e-07 2.784741669041714e-07 4.7230514223382824e-07 9.070896385510725e-07 1.9127326136484714e-06 4.274402860036051e-06 9.765466963945934e-06 2.206842314716274e-05 4.7998398322268896e-05 9.84681598220001e-05 0.00018814995544419008 0.0003329865962229071 0.0005459813325065156 0.00083324399310051
0.008834024401719867 0.014463705207784385 0.025817016825889636 0.0467939412794261 0.07886945093075086 0.11284069028527652 0.126596572708522 0.10542285058315966 0.06373126741294682 0.02836919611522757 0.009758037900423962 0.002791629666873309 0.0007247352287189704 0.00018648968377276543 5.141017960475233e-05 1.6093895542361855e-05 5.919327183224394e-06 2.58366990044514e-06 1.3261524983158837e-06 7.846521785507482e-07 5.237084667181071e-07 3.8786648550326166e-07 3.162525399722806e-07 2.841760459985287e-07 2.8357475267180213e-07 3.1747992157136617e-07 4.020490823261513e-07 5.771602555002915e-07 9.334444357575951e-07 1.6756577521857638e-06 3.2653353290109945e-06 6.723599296872206e-06 1.4216628476455645e-05 3.003945950300233e-05 6.195291063923705e-05 0.00012242926151739784 0.00022886099077805376 0.00040166767561288186 0.0006600140386215259 0.001016372020441039
0.03843570614177828 0.06397977887585682 0.10710960990732767 0.16783335474619307 0.22715725295192535 0.246205226853849 0.20144895020762252 0.12043674423089512 0.052665716683511485 0.01747666655045804 0.004708199687292772 0.0011246201134402806 0.0002623297238157561 6.550330204299466e-05 1.887583562674348e-05 6.600318910256117e-06 2.8626475412834764e-06 1.5334322578722146e-06 9.89921318649629e-07 7.426833284223046e-07 6.234118465897126e-07 5.678286859560147e-07 5.508976554805762e-07 5.657776826982695e-07 6.174188078336966e-07 7.22890124230883e-07 9.179311223676835e-07 1.2737872423150826e-06 1.9345589084150373e-06 3.197119757207047e-06 5.677861383624067e-06 1.0646760613135404e-05 2.0653973596872478e-05 4.05943139807004e-05 7.926963868228881e-05 0.00015120315048307848 0.00027789008635382414 0.00048706698100189823 0.0008085605441025909 0.0012665089023221933
0.12196567456398519 0.19527070469944868 0.29253714022534466 0.3831026046404002 0.4093840124099348 0.3362802189842857 0.20378449305634583 0.08996844739243273 0.029608250472754734 0.007692121909318956 0.0017161293911087065 0.0003633706738264909 8.09216699119265e-05 2.0779382352179823e-05 6.5953996629045535e-06 2.6919550471545156e-06 1.4240369829729564e-06 9.573271130930325e-07 7.864872142494354e-07 7.511240053237492e-07 7.916257165862247e-07 8.810711617283404e-07 1.0064550815334262e-06 1.1657678073627185e-06 1.370880212487069e-06 1.653372235170075e-06 2.074410991811488e-06 2.744801035227466e-06 3.867578651733364e-06 5.825998536001396e-06 9.360633359557282e-06 1.5917641534720617e-05 2.8310516876327548e-05 5.190889490065315e-05 9.659238224716502e-05 0.00017953387121063288 0.00032825756106656694 0.0005821957362408581 0.0009895924749658976 0.0015966245072589673
0.2722809867018667 0.40152446676502485 0.5222851579156977 0.5640150232914856 0.47742720903369423 0.3023223388443759 0.13966328942013972 0.04742643929316001 0.012366098550625272 0.0026683480582734486 0.0005250707247189085 0.00010493593393096816 2.365355513283032e-05 6.570701323919153e-06 2.3916233904337283e-06 1.172387715224599e-06 7.686919774648931e-07 6.507735599971999e-07 6.748944012374889e-07 8.073975878451352e-07 1.047387356500959e-06 1.3935864465689966e-06 1.8308953222153597e-06 2.335892000027432e-06 2.8950467825593775e-06 3.527020489999208e-06 4.301633958627771e-06 5.358319954708214e-06 6.941173553249755e-06 9.478861275889683e-06 1.3755078507398512e-05 2.125612182021634e-05 3.4864411838333324e-05 6.020539092264195e-05 0.00010813214492183273 0.00019890219822832735 0.0003681256090016912 0.0006727591139798358 0.0011918338969160276 0.0020131027419167664
0.43085015888346806 0.5699534278004367 0.6367640215430949 0.569537114186371 0.38823738853100515 0.19474143632086705 0.0713316557432124 0.019612960634944016 0.0043031866451936065 0.0008226214429126621 0.00015223961693880823 3.0475889383266058e-05 7.315513001524236e-06 2.286050227394398e-06 9.788122848123505e-07 5.827501829259734e-07 4.723084105836319e-07 4.958173436886003e-07 6.322024458918926e-07 9.16516165258629e-07 1.413173066418894e-06 2.1715501635777064e-06 3.172592479929291e-06 4.320320624534701e-06 5.4909009063222045e-06 6.608905784635229e-06 7.705454874528164e-06 8.934235799814901e-06 1.057368510227218e-05 1.3069833282197868e-05 1.7177764162711463e-05 2.428939649326688e-05 3.713427747053251e-05 6.125326248607672e-05 0.00010802442256296397 0.00020052384407544968 0.00038363790943104256 0.0007380154589833751 0.0013909513565856014 0.0025058495535112166
0.5063452596727375 0.5954875135194191 0.5738938328364053 0.43139415517905944 0.2425166718884991 0.09983949878474435 0.030431980714399634 0.007181187384702224 0.0014122799515783786 0.0002548233187346802 4.704974131420297e-05 9.924692374513186e-06 2.6376991283733734e-06 9.504540973734927e-07 4.831812519154708e-07 3.4724171271299855e-07 3.408808093669055e-07 4.296501740041505e-07 6.467134794262333e-07 1.086539568692543e-06 1.9038668543705732e-06 3.2343140392812817e-06 5.0428834306924755e-06 7.069105803419359e-06 8.944885834129429e-06 1.04012008429418e-05 1.1416801289324484e-05 1.221345812573671e-05 1.3165895292709404e-05 1.4759622506131961e-05 1.7681515685186304e-05 2.3111391413755902e-05 3.338564173638815e-05 5.3487173509930915e-05 9.442099012206785e-05 0.00018066437990404684 0.00036535492568957347 0.000756610950839487 0.0015499039237234127 0.0030362578069177155
0.4765714556337536 0.4998211039034164 0.4203084658353307 0.27064367316758936 0.1292626500950138 0.04558084431957202 0.012193794382122434 0.002619025230717802 0.0004900193400254373 8.827287759001963e-05 1.7073965944762027e-05 3.94198511514103e-06 1.1885962567581825e-06 4.983924690313169e-07 2.988523722887621e-07 2.5371590514276284e-07 2.914072251557057e-07 4.2193827408378587e-07 7.14150716053713e-07 1.3233606689770622e-06 2.505792222138004e-06 4.475608763219963e-06 7.1158752790043425e-06 9.893501198936168e-06 1.2118098193715476e-05 1.3350080869734717e-05 1.363457189472871e-05 1.3391730936306572e-05 1.3159643823305167e-05 1.3453290513461362e-05 1.4826219217283908e-05 1.8135728618194467e-05 2.5124844507641337e-05 3.9769052483570954e-05 7.161550684299361e-05 0.0001441416569079726 0.0003146781554233484 0.0007164105540134165 0.0016273186162937478 0.003529847070961994
0.390525967892713 0.36825342212225287 0.27406376358483453 0.15473496097618433 0.06505465680554277 0.02057517350839758 0.005088219386447997 0.0010490421239318572 0.00019643705242174833 3.694197716352644e-05 7.754143831102214e-06 2.0052343831407944e-06 6.921518302994413e-07 3.3573967596457587e-07 2.3266977480808566e-07 2.2572077932813136e-07 2.905147987576085e-07 4.602827241971496e-07 8.334881364468044e-07 1.61887814128985e-06 3.1365072208543004e-06 5.582049510668044e-06 8.655423205534115e-06 1.15485201795386e-05 1.3385838633244383e-05 1.3780998534058453e-05 1.3018063971458816e-05 1.1744882005690307e-05 1.0578879779157067e-05 9.953390539623076e-06 1.021009345946735e-05 1.1846355661764344e-05 1.597222081997686e-05 2.5370747319276638e-05 4.737313310473019e-05 0.00010200669753987848 0.00024456477330405134 0.0006225925097575136 0.0015937849337980111 0.0038847578734962957
