_RESULTS/REVERSE_NEW/Berg/GZ/8comp/Berg_GZ_z_355_kriged_reverse_8comp.asc
ncols 100
nrows 90
xllcorner 5.6208707817415728
yllcorner 50.959635321741573
cellsize 0.00013419651685393446
nodata_value 1.7014100000000001E+038
[rows 38 to 56 of 90, columns 41 to 81 of 100]
0.128046071404318 0.07169485664207018 0.03502832068432214 0.015573555142901839 0.006709034839442946 0.0030291001805279457 0.0015636226255812521 0.0010050692572400486 0.0008638401190298608 0.001037376871870877 0.0017502846394028607 0.003987699259016769 0.011266080795768836 0.03487845599198283 0.10204690808105822 0.24216295067741475 0.40720486789551713 0.44092073959803674 0.29411827908566934 0.1219810323570222 0.03353982209744135 0.006845300689445723 0.0011964641356843626 0.00020847263122865332 4.173638949738106e-05 1.0793973892476815e-05 3.91785071850462e-06 2.088553187466586e-06 1.6520863866707196e-06 1.9028157210584512e-06 3.0643751579261118e-06 6.532443742734627e-06 1.73065692513141e-05 5.329272671160509e-05 0.00017825577088290256 0.0006063928249127968 0.0019734105605193745 0.005823893956828855 0.014942203757283135 0.03242644714834836 0.05890380094967077
0.10817069557791097 0.0567501935813705 0.025656512116913 0.010421188762723793 0.004049603493170414 0.0016304069864457103 0.0007438266759632784 0.0004203640517736575 0.00031740638100832846 0.0003361963428067255 0.0005045712734604507 0.0010351914595052702 0.00267320045190536 0.007688127508800109 0.021239323118817873 0.04832570395703716 0.07892182511052248 0.08366636273384044 0.054826063664115965 0.022407554783387008 0.006101004874135632 0.0012393559027528969 0.00021679708386923224 3.807238659084296e-05 7.753442628925017e-06 2.06323036891384e-06 7.808010209735521e-07 4.402432349341215e-07 3.7381300915816243e-07 4.6896817281451084e-07 8.342133953330497e-07 1.989610941734287e-06 5.963325563123128e-06 2.095581977292142e-05 8.042511199340536e-05 0.0003143225264558847 0.0011711088621797923 0.003923108428006333 0.011272797271798191 0.02692447636854238 0.05277819177722451
0.09499939384953471 0.04683310210615023 0.019577474135636617 0.007221088122918941 0.0024994052974813704 0.0008793331184807664 0.00034456108346051065 0.00016496953345405664 0.00010462694244054928 9.287523072687453e-05 0.00011739039560776677 0.0002053095212180919 0.00046055207761311014 0.001178916831112768 0.0029813000568082123 0.006397095563136647 0.010144664956276979 0.010721620446967662 0.007160668092761038 0.003036587770329442 0.0008696114919848407 0.00018751552667240875 3.501086079867903e-05 6.582913698500497e-06 1.4381973719664093e-06 4.113340437493273e-07 1.6771173776341657e-07 1.0222087243132326e-07 9.423355870586271e-08 1.2902788141955527e-07 2.520115848041731e-07 6.64244005062781e-07 2.2144475143882864e-06 8.705314701489464e-06 3.752880217054715e-05 0.00016501930671641328 0.0006905421205948797 0.0025836621144976505 0.008213227983161002 0.021420875294925642 0.04514481355052284
0.0873210490695522 0.04072613038667401 0.0158111821126887 0.005299721275636199 0.00162719660972909 0.0004952626484269046 0.00016390750061110316 6.49145792633863e-05 3.3535339818335055e-05 2.4058199687940258e-05 2.4607702030464608e-05 3.5228296854517254e-05 6.609685522710063e-05 0.00014593322411018825 0.0003306105483661205 0.0006630355890265378 0.0010265204187721014 0.0011040369255613223 0.0007782476174574978 0.00035873028316754326 0.00011404851585331729 2.7644882764561328e-05 5.829479604402155e-06 1.2360209961998378e-06 3.0276654696902895e-07 9.632236591314321e-08 4.332351894842166e-08 2.891289612401657e-08 2.9015799554864766e-08 4.308849803640904e-08 9.112508633612859e-08 2.601465303302257e-07 9.410765151115032e-07 4.025250545059566e-06 1.89332800528019e-05 9.100813934527532e-05 0.0004163965055187751 0.0016997274196516407 0.005866066158994119 0.016482507492420813 0.03704947758002721
0.08425356893200057 0.037621855497186184 0.013720610925412944 0.004221047098938995 0.0011582377084135827 0.00030617702252107374 8.553279572253588e-05 2.7860326841454e-05 1.159460848995153e-05 6.616123089053941e-06 5.370242725274898e-06 6.160715301355896e-06 9.472585283658363e-06 1.7738664537982854e-05 3.563021606373495e-05 6.667636441218757e-05 0.00010165600992295943 0.00011344454418424951 8.69306391430466e-05 4.5222964710631836e-05 1.6657515922078622e-05 4.74502070483127e-06 1.1792394689470884e-06 2.9274574707489937e-07 8.28474748737062e-08 2.993493679568189e-08 1.501639666525216e-08 1.0987190874617211e-08 1.191218848027223e-08 1.8890565482684157e-08 4.231181327601863e-08 1.2728805138174128e-07 4.841450497072513e-07 2.177415484434456e-06 1.0785912646712656e-05 5.4725828400004174e-05 0.0002648834474498931 0.001145395746938042 0.004187307676513101 0.01244006081931797 0.029451688323442637
0.08532503483410354 0.037123294273476735 0.012964437373159577 0.00373531558113113 0.0009348619891196055 0.00021887889505364477 5.253476673937579e-05 1.4284022246953094e-05 4.842892122055586e-06 2.21416870668887e-06 1.4313482499091488e-06 1.3167382420148094e-06 1.6576971604775702e-06 2.631033466657777e-06 4.691717851753941e-06 8.234235612477883e-06 1.248832587333039e-05 1.4689711050468631e-05 1.2496645942872631e-05 7.524168399549008e-06 3.3003820240336346e-06 1.1354544913152404e-06 3.408862729983929e-07 1.0105480440534859e-07 3.3470744324275467e-08 1.3804566985351647e-08 7.698383293829828e-09 6.107124899549465e-09 7.02381340675666e-09 1.1608173360447225e-08 2.6737808612692725e-08 8.196597232155157e-08 3.160086239963316e-07 1.4377292878747475e-06 7.209822705800311e-06 3.713732797494808e-05 0.00018324554061258572 0.0008116733817528073 0.0030539755584789467 0.009375051197763147 0.022988975462460936
0.09044796728352986 0.039223769180828046 0.01346811205588962 0.003744260849703945 0.0008831088060296459 0.0001895706714420391 4.0499389433042745e-05 9.517545676641148e-06 2.7170506990208834e-06 1.025696302124209e-06 5.421562807633631e-07 4.089089585962922e-07 4.29219697162429e-07 5.859183125511034e-07 9.38848725476689e-07 1.5617310975663119e-06 2.3798950572808436e-06 2.9809884955399757e-06 2.845593641189623e-06 2.0047328008659205e-06 1.058090873759201e-06 4.434798218488519e-07 1.617422099274056e-07 5.732523063954211e-08 2.2125998355134864e-08 1.0308321268800726e-08 6.285307787534023e-09 5.2860686052996516e-09 6.274130551787566e-09 1.0469206497581144e-08 2.3944090119528665e-08 7.20340008386186e-08 2.705825877294129e-07 1.1956092921061314e-06 5.825231723968851e-06 2.9254152422937273e-05 0.0001415863570674353 0.0006200607247069137 0.0023277306138033394 0.00719579546823702 0.017915798504643643
0.09984578621913315 0.0443131743732442 0.015444296219127534 0.004300282867262926 0.00099713818086374 0.0002056146206333645 4.109142857698599e-05 8.785563800144872e-06 2.2225669153694297e-06 7.276426452662549e-07 3.290835940669559e-07 2.1184613644711597e-07 1.9181676196259104e-07 2.3142675958079408e-07 3.401067854554729e-07 5.43846678341146e-07 8.398358644400101e-07 1.1244456304866104e-06 1.2043637314319634e-06 9.895827509939505e-07 6.246760983423586e-07 3.1618063248918713e-07 1.3844945007341853e-07 5.778663205242887e-08 2.550557123222933e-08 1.3118961543091361e-08 8.513541684009633e-09 7.362080911049916e-09 8.719150680232829e-09 1.4168172279355192e-08 3.0977559770421335e-08 8.794113072691857e-08 3.0922055188175685e-07 1.2744381703114458e-06 5.7947074882248015e-06 2.7275516075286694e-05 0.00012469431779076645 0.0005213589176030471 0.0018926658344979148 0.005736532720971725 0.014190605499900779
0.11392787429823771 0.053209566496407124 0.01948247062389506 0.005661467349798118 0.0013538208156494097 0.000282985302985715 5.609730171833629e-05 1.1607807212318924e-05 2.771365698659546e-06 8.370209146422241e-07 3.4331236579374825e-07 1.987715198285765e-07 1.6232476645147123e-07 1.7932112377179492e-07 2.4790733319305936e-07 3.8693548367296214e-07 6.090076978834102e-07 8.692218261222458e-07 1.0344336585747243e-06 9.76177274099513e-07 7.22724844481432e-07 4.318863070106699e-07 2.2148307959324167e-07 1.059980004054128e-07 5.200000080256642e-08 2.8648611801126666e-08 1.9161338387734596e-08 1.6468730509648594e-08 1.8783782494918196e-08 2.86549903864139e-08 5.769724370448462e-08 1.4883552051293115e-07 4.7168952272142757e-07 1.7462462614542637e-06 7.139424760566012e-06 3.037641776123103e-05 0.0001267004489559283 0.0004895997906497827 0.0016687523246622417 0.004831960232233043 0.011618497907382994
0.13307035837122122 0.06716829418998908 0.026718200109937498 0.008441175857355217 0.0021845056001911934 0.0004890807765342963 0.00010220682158357159 2.1843967155755775e-05 5.263392555854029e-06 1.567422826497806e-06 6.210982163194783e-07 3.424394318862521e-07 2.647601963639078e-07 2.7816112009439995e-07 3.713152016030699e-07 5.735650249747222e-07 9.21925379161423e-07 1.3906424024551196e-06 1.806995655896895e-06 1.9117534851709336e-06 1.6132099615689039e-06 1.1032986279960174e-06 6.417340004248748e-07 3.410499291434781e-07 1.8017166685468286e-07 1.0304677088564302e-07 6.884662987508742e-08 5.698083697246778e-08 6.06096822105221e-08 8.401497055881098e-08 1.507294839955115e-07 3.4179134805505546e-07 9.445591250040066e-07 3.0399374002408454e-06 1.0821936148249228e-05 4.033912113278241e-05 0.0001489676334030626 0.000517146829744792 0.0016121038246765477 0.004355238853880125 0.009970891154527955
0.15725296249684556 0.08775330314787215 0.03904789612043591 0.013908287344553977 0.004068504514387226 0.001026019167574885 0.0002391287215125214 5.6094852910713913e-05 1.4530793582543597e-05 4.544362753725733e-06 1.8474139447834784e-06 1.0239800213194156e-06 7.84552772561015e-07 8.117243389126722e-07 1.070226407592875e-06 1.6522854528199791e-06 2.705420239263477e-06 4.254852828878609e-06 5.902422577729115e-06 6.801685076049262e-06 6.332203077287182e-06 4.791972941618383e-06 3.0589379850329925e-06 1.7504445282451444e-06 9.68059385208297e-07 5.600497921797524e-07 3.6476578936526933e-07 2.839048129621901e-07 2.749992170317784e-07 3.380351719378449e-07 5.27015581632053e-07 1.0239966204293196e-06 2.4046932384838183e-06 6.556256980906936e-06 1.980978699415641e-05 6.309517360003184e-05 0.0002013689684181615 0.0006136960766381364 0.0017120871367420213 0.004229606482112419 0.009053717025623732
0.18555408388576605 0.11637977500702686 0.059219374231296744 0.02445776342755103 0.008369726347170597 0.002475631415346129 0.0006736532140001686 0.0001823300426720229 5.350065724408634e-05 1.8515322011263996e-05 8.116303418224033e-06 4.728543370634692e-06 3.724562099006249e-06 3.898255119946163e-06 5.156259440505874e-06 7.987114470960505e-06 1.3224126937160436e-05 2.1314603772752893e-05 3.079361357223347e-05 3.7521441889082856e-05 3.7338797617096436e-05 3.0314058282197263e-05 2.064838594417278e-05 1.2421218326299392e-05 7.052585458663112e-06 4.0637962076916704e-06 2.5477592530086057e-06 1.8437054941681662e-06 1.6077252863661528e-06 1.7306444036613894e-06 2.312001018960922e-06 3.7899586192743955e-06 7.43772839147845e-06 1.68819393428007e-05 4.253125873088271e-05 0.00011371108803398221 0.0003081986567944194 0.0008106384681099784 0.0019908958850310817 0.0044275552494577675 0.008732181691327598
0.21564254424007623 0.15334980231780115 0.09037899986875358 0.04403744289978969 0.01802455022936741 0.006423373180649845 0.002105257242872603 0.0006804772469760362 0.0002345453842436403 9.315081889771334e-05 4.556600846160158e-05 2.8751611000762534e-05 2.383647754233449e-05 2.5628481793836563e-05 3.421819222468657e-05 5.30042839355005e-05 8.7664561700672e-05 0.00014200665673935265 0.00020845279580536977 0.0002613703763624242 0.00027064665593550647 0.00023012333923633064 0.00016406470981975387 0.0001023727095962705 5.9240525391838944e-05 3.3928307139267074e-05 2.050819238012057e-05 1.3844362580390823e-05 1.0901574418915963e-05 1.0290550328458204e-05 1.1766067134885062e-05 1.62101852217095e-05 2.64217764615654e-05 4.953064229927668e-05 0.0001030942015077573 0.0002290834294140364 0.0005218633991356373 0.0011721773784924916 0.002507363954332841 0.00496624616828067 0.008930172631805655
0.2435900169099901 0.1964876589934817 0.1344885202475173 0.0777340303120936 0.03837978396312461 0.016671416644100608 0.006677047809194852 0.0026207438550230958 0.001080283769458902 0.0005012400298370404 0.00027809213359285994 0.00019253883395878874 0.00016940586034992696 0.00018755464765636911 0.000251723698281569 0.00038578826282881397 0.0006270373837540766 0.0010000479993839701 0.0014580470234701372 0.0018394648183907953 0.0019431368046621835 0.001704607646205464 0.0012610977750107737 0.0008150195345921311 0.00048333966148365095 0.00027832016048833825 0.0001647631137442416 0.00010560785563267919 7.641628978519022e-05 6.423404035464846e-05 6.362680318408671e-05 7.430026834607669e-05 0.00010109207906377065 0.00015685122199763016 0.00026970257284308566 0.0004972355503926337 0.0009492680385956264 0.0018137607962647648 0.003363319684411365 0.00590107123494391 0.009617422157838234
0.26440078884557916 0.2401099443312627 0.18953294450281927 0.12916739287968929 0.07656437903607077 0.040404738912044075 0.01973712866896613 0.009399532417316968 0.004632551504395569 0.0025101346348484458 0.0015771356233078404 0.0011938458446554365 0.0011075403133554284 0.0012500490006420357 0.001663586064559781 0.0024801064542240335 0.003885479558662622 0.005978637466898937 0.008491019085811116 0.010600464479539327 0.011287956521807994 0.010158627557347961 0.007811550160338374 0.0052775948562555465 0.003260925767132515 0.0019310796893818893 0.001150215088500083 0.0007207734487438576 0.0004934932577079842 0.0003796550593940975 0.0003337407653001967 0.00033702607129542424 0.000388926062882088 0.000505595444675398 0.0007247522407755497 0.00111595722530222 0.001793585022594563 0.0029235539547396144 0.004705949169350704 0.007313809304876052 0.010789826549012744
0.2733904466254999 0.2755829407013917 0.24708345869580658 0.19541159867575747 0.1368284302622361 0.08631577801088343 0.0506086783694645 0.028783808735810757 0.01669557397031437 0.010396643871626268 0.007276080204775844 0.005917393294901079 0.005681111674368986 0.006407995377916313 0.008281107820820787 0.011756544076527294 0.017390666313275033 0.02533734423537022 0.03451703650858294 0.04219070734156072 0.04507772484823702 0.04171175841897738 0.033660580417977176 0.024180539253204823 0.015940127716301315 0.009997614735415019 0.006196752944772195 0.0039362709055166725 0.002645811382210292 0.0019306232528805418 0.00155676468723436 0.001400127154563774 0.0014056289322815214 0.0015640552584140937 0.001902478674492979 0.002482372610343671 0.0033986133801520114 0.004770309083764477 0.006713161079465278 0.009288828507085076 0.01244388634120306
0.2679391491520557 0.29416497310965556 0.2932947687074401 0.26303622452131975 0.2122719259222186 0.1560031768790196 0.10691899648821923 0.07069620678614286 0.046969344334052976 0.03271339791301419 0.024819656380760485 0.021110407508686244 0.02042515144788943 0.022436141671358576 0.027469772476713516 0.03630271155274167 0.04970520082521896 0.06748408116994034 0.08721815237876814 0.10383082159201866 0.11142437703394856 0.10682281262268697 0.09175834941007235 0.07153324876313798 0.0516420809271233 0.035387242422466846 0.02363840646508133 0.015807629796221214 0.010848906157019474 0.007809321943051222 0.00599942715624297 0.004978787864883606 0.004490399330949504 0.0044003887010570265 0.004656154540886641 0.0052593864481512214 0.006245874840439276 0.007663895960654663 0.009545647031378997 0.011872780237230202 0.014546792273499465
0.24864994461294743 0.2909651240889306 0.31479886367518894 0.311558754101423 0.2813551293333938 0.23346819821083079 0.18105390467101967 0.13463310056056865 0.09909742249800751 0.074692071723567 0.059490191006205916 0.05130886608143906 0.048589423386971996 0.050592024843034974 0.05727755180271273 0.0690057609763217 0.08599627768629836 0.10750769460634264 0.13095451042465475 0.1516849897957514 0.16423713205990606 0.16474419721059913 0.1528743482512145 0.13186804742260422 0.10675420345629576 0.08216055329045485 0.061023001189015075 0.04445902769221516 0.03231682873373703 0.02383635128456204 0.01812593088451198 0.014407103369886754 0.012093590859579463 0.01078423351234439 0.010224574917853058 0.010264126386160168 0.01081808818096333 0.011833765775323551 0.013260329466687827 0.015023231292220798 0.017008544313255824
0.21914260279628991 0.26733845558316505 0.3060266578921354 0.32494861078755266 0.31842354836774855 0.2887161115195706 0.24484837675518134 0.19778530966777963 0.15582952634459177 0.12292597414819899 0.09956839892696495 0.08454925976636722 0.07630441836956019 0.07356385417129517 0.07550106835505775 0.0816178708474088 0.09151285229998467 0.10459596936241984 0.119762764483646 0.13519084736641698 0.14850678065002448 0.15726389645240418 0.15954618861784656 0.15452563857346052 0.14273040084448158 0.12588629875353524 0.10640388666918349 0.08672563587996568 0.06877700016003553 0.053688836989758716 0.04181867953614478 0.032971172587493325 0.026671005724187853 0.022379706831691583 0.019618719363859834 0.018013058873588374 0.017287114470130226 0.01723937270241322 0.017712481041156077 0.018567574826797783 0.019668045691925963
