_RESULTS/CROSS_VALIDATION_POSTPROCESSED/MHZ/TZ/4comp/1/MHZ_TZ_z_180_kriged_reverse_4comp_spherical_1.asc
ncols 100
nrows 81
xllcorner 5.5967107548124995
yllcorner 50.982328804812504
cellsize 0.00017565037499993607
nodata_value 1.7014100000000001E+038
[rows 19 to 37 of 81, columns 0 to 43 of 100]
23.899117869047657 23.117795070922437 22.49553460373687 22.11437900373182 22.018734982554044 22.216831553897364 22.658307235264598 23.26280219451448 23.957705836329865 24.689823181658888 25.422766257031228 26.13191236258811 26.800606800330858 27.417816822843378 27.97673917009619 28.473901047245253 28.91208102066604 29.292322850302888 29.611906476893505 29.868405074285736 30.05847999693528 30.178948457105253 30.289399198339794 30.392740810510855 30.48283194074201 30.57654265331262 30.667634351580503 30.743515281911098 30.79120563416373 30.788477749551564 30.722494749449382 30.586502325050308 30.37803878831795 30.100740270458477 29.767068255676726 29.40793154386404 29.10068028470259 28.922993802788593 28.93545886933897 29.130091403824736 29.442311150156357 29.80772704557953 30.189016599218142 30.56217026057152
24.673866279581468 24.016606728190965 23.511824308385787 23.20530808902089 23.109590410654313 23.23312278671319 23.549859756240835 24.011448039224433 24.56582146731658 25.168020382239337 25.78303003268096 26.38487315625735 26.95487895554792 27.48015512867098 27.952699365283184 28.373483576625585 28.745133056734133 29.068473676749907 29.344537978883128 29.570919272600165 29.744677931581258 29.887525911218056 30.041314912122687 30.19106118861408 30.336737674888102 30.491627521916705 30.643506711063807 30.779516334694723 30.887529197953505 30.956114776984556 30.966903151175835 30.91058224430282 30.78579625284106 30.597603844512427 30.359673875056515 30.097092472913317 29.87189699966009 29.74453823128594 29.747931460566623 29.882936022427277 30.12224994509199 30.421614164075635 30.740117581686278 31.05386613985236
25.48680691109015 24.93074576845465 24.513485655189328 24.252843960801684 24.1539751170711 24.22419658059415 24.448429031662663 24.795563233105735 25.228118549552136 25.709828104728654 26.209445602655805 26.70155449657954 27.166600948190982 27.590792475196007 27.968821177271742 28.30220032473825 28.591121996640013 28.841122159675564 29.060041999244675 29.250737681636824 29.40738378408256 29.58791170572017 29.794762607492714 29.999120704949757 30.21009102243123 30.430258757711982 30.645858658235653 30.84402787031788 31.013537515553512 31.14400431072277 31.2258202023859 31.246807499093826 31.201555236423744 31.096426063565147 30.945241522301497 30.769477732858768 30.611005316972285 30.525269835296747 30.532182818479438 30.63239255972382 30.809780088998206 31.044083048144284 31.299910880748683 31.550843596567546
26.297355758115426 25.823926162861095 25.474367429986668 25.246128903527698 25.143813532682035 25.174576279510013 25.328833432929994 25.584896991066948 25.914771013142634 26.289147039613947 26.680408198834737 27.065217825712036 27.424620949165927 27.74555796141072 28.02559088286162 28.25980361916225 28.449748574223605 28.607034913886693 28.751806609435477 28.899807543504124 29.056884300105562 29.28783401526965 29.558843286422213 29.82673135963227 30.105800101962515 30.391505405361634 30.671056156631575 30.932013123102987 31.160272284114427 31.34477015912275 31.478100233454903 31.55594780766211 31.578007896108524 31.54418980972693 31.466053882602 31.36170082984744 31.259514130848743 31.210849361883753 31.231481312699366 31.32063037075714 31.465390312474334 31.64700383763685 31.843977966178667 32.0309576282171
27.010301887949122 26.605845365851717 26.314182030118825 26.1232891635252 26.037721093308402 26.0582168991491 26.172614910864677 26.359722591524793 26.604467501260164 26.885005871173558 27.17817466814896 27.462937066974145 27.721135820801212 27.94431060462769 28.12408107277205 28.25208186728951 28.328539386488156 28.369229497547966 28.414085063034772 28.511721311779333 28.707001546761628 29.006023369768226 29.34916240180473 29.685361344549065 30.03014140705983 30.37750117739584 30.715175428700945 31.03013718668386 31.309677175082918 31.54244187828312 31.72043895868828 31.841238354743208 31.90651918304683 31.92307070865226 31.901965284083218 31.854112141174795 31.798937185036596 31.78347005088449 31.82256289521299 31.911324684690427 32.03411569654439 32.176027866247175 32.327067665644904 32.46771097948656
27.589211771583997 27.24077378112795 26.99543193783358 26.837623492563033 26.773222462962458 26.801719659043833 26.910278420882417 27.07718472437543 27.27627172465589 27.482097264477108 27.689264713989793 27.884061748316835 28.051530646111207 28.184451977436947 28.268785370385146 28.292674766864543 28.250122977425896 28.1499105023509 28.047419734872197 28.095581992026002 28.386775971429053 28.777233781767354 29.189754969614174 29.58922608285662 29.990283432280197 30.388590971960046 30.774396342523747 31.135373495397594 31.458274189428415 31.731198893229635 31.945791459894718 32.09901832942049 32.194781643565115 32.24102918685728 32.249540565100595 32.23434906718205 32.21148026632061 32.22388654101176 32.286598961358756 32.38803642696106 32.49625653891693 32.59892514942693 32.70491608541408 32.80842391314217
28.026546625815996 27.723189361072947 27.514785168796514 27.386384192151365 27.347555677317757 27.396278640629735 27.514479250688428 27.67818462099999 27.863566506796356 28.04629561829334 28.201687382717267 28.318615743011566 28.408696402682352 28.46230076431602 28.46393717641777 28.399311539077658 28.255566657728437 28.02247914456833 27.706117116465208 27.707559428577195 28.181909325036614 28.656952096770212 29.112340881412358 29.552486841115627 29.992380103571424 30.428364766783773 30.851288411025358 31.248065889112908 31.604130096905635 31.9063989105724 32.146047706039084 32.320267857376514 32.432955584023574 32.494665382998406 32.51823666800925 32.5179623162781 32.50913353188177 32.53439382943842 32.614130415587454 32.745147840860845 32.841716297559316 32.89934367793422 32.97263890232024 33.05169766431906
28.32023903432684 28.053599387892834 27.873546472602968 27.768407457490657 27.760825856140325 27.8451992813425 27.987962875796235 28.16276912580155 28.348071609034946 28.522670040467098 28.6647491736655 28.75288384071307 28.781741476027612 28.76964058986316 28.70642553187085 28.57946174851077 28.378161985414252 28.097609274252775 27.79767415369537 27.82030789837671 28.238090082717406 28.695417748892893 29.142347004104618 29.58341422763433 30.04121933742771 30.499059639178117 30.946048720851078 31.366891616269648 31.74447958926465 32.063666495500584 32.31483992380144 32.49580776740329 32.611663480202196 32.67385740005581 32.69788321144983 32.69860639594413 32.6911611063675 32.717476243619856 32.79657845283152 32.92354285345289 33.01719185230041 33.07145534061284 33.13744833220406 33.1993683629712
28.472657574605186 28.23979833889194 28.083694186202045 27.986916829197167 28.01973979016302 28.161402061715712 28.34011987385218 28.53536077930976 28.730486030022305 28.907555293639746 29.04736490798317 29.132479472527056 29.150850899358723 29.09124146748518 28.980163916887143 28.81507538587212 28.594279666707717 28.35037674707085 28.19606267680919 28.24677778987731 28.513093267127548 28.877798383285093 29.274089174606154 29.684837729512747 30.133626169762668 30.597700510226595 31.055747043598164 31.488816567369316 31.875745754779018 32.19831548073026 32.446118065157684 32.618242513145574 32.722070592957465 32.77075349571831 32.78150480034622 32.770743594049314 32.75384762916902 32.77130728325713 32.83475260605538 32.93126631964807 33.02923763061822 33.111951526133545 33.175641605060605 33.22141362777749
28.48741510187604 28.293762949678218 28.176393676611518 28.110915310476102 28.18717418486818 28.373068226864756 28.582775553805952 28.800578773252784 29.01143166547048 29.19880150640649 29.345102729683685 29.43654247838389 29.461636624046328 29.40232920816493 29.257750358522767 29.066907496000404 28.853478857060423 28.68505692948604 28.607622631210628 28.665163763351625 28.85836213827846 29.142277047534073 29.47905897203107 29.846270318796243 30.26286280156423 30.716580467335408 31.174655137285797 31.609387468074168 31.993570296243117 32.30493166414709 32.53322251276137 32.68028110864542 32.756830751201704 32.77899779271596 32.765220016756395 32.733824264622925 32.70216003128148 32.70955817046857 32.762147764947656 32.84984673078763 32.947227779099684 33.02766799029463 33.08782257849469 33.12557905474874
28.36425908296329 28.218048207620537 28.16045196016457 28.18159322523195 28.29492981775602 28.48845477993654 28.71890535262561 28.958998189224754 29.189549694831108 29.393088713926208 29.552480918084246 29.65659377053106 29.69394792708604 29.6487066653811 29.50747680025398 29.314537348759135 29.150270338849765 29.036549643195166 28.999142176186833 29.05750081574291 29.210486299524153 29.439132762177323 29.725215729075828 30.048295333588076 30.425183896168928 30.848339508413524 31.294962136760844 31.723306506908926 32.09251980858567 32.37608323904915 32.56747917360518 32.673420775289955 32.7086940845613 32.69283586901287 32.64660844246347 32.58941867663053 32.54375246977477 32.546224291257246 32.59824984173845 32.68077795938516 32.76467621108361 32.83890487881195 32.89516854941988 32.92746241228039
28.09746780439721 28.001477926994077 28.00404876223674 28.097161619283877 28.260132432378516 28.482646665841038 28.739704138534073 29.006238215833775 29.261146461523296 29.48585635635383 29.663272616419896 29.783714478217586 29.835882463381434 29.808312243460755 29.72056149995354 29.58353224079355 29.458563773113607 29.380603207904542 29.365117894119606 29.421718005393053 29.549676109006207 29.74122667471091 29.98822645697581 30.273279793803905 30.607571876766816 30.99396391911679 31.411764511826306 31.825098291674298 32.16368594136409 32.39888116667988 32.53618865789286 32.58699266880624 32.56946596322412 32.50672546699478 32.422819268061936 32.33847537452681 32.28477870749528 32.290586826287104 32.34457911991229 32.41604424652893 32.492721340056995 32.562640684343414 32.61527095546468 32.64265038364027
27.67942570908749 27.631980430266662 27.690766411206873 27.849121393062887 28.070659270452865 28.33949381111429 28.6355116726238 28.936483921510842 29.221581502045947 29.472023611064003 29.670903899733453 29.81022618960018 29.89846730382817 29.93674075202229 29.92279214651927 29.856618161711435 29.762745189684313 29.707522702456547 29.703988371290695 29.757540250636843 29.86848861388421 30.034574029267684 30.251806387881892 30.506169274108892 30.79725257750506 31.14111335303585 31.52234743816172 31.919838250350963 32.18075813223229 32.34965012767723 32.42227470812974 32.4088709401229 32.3303822449729 32.214444826302284 32.08986789272101 31.981130954914672 31.92919271612084 31.945062621016117 31.99619919895772 32.066895195804236 32.14365666662859 32.21292805218059 32.263080490275044 32.28552550407458
27.103893469163427 27.10262079432985 27.216556520787833 27.437794271105815 27.72712835721154 28.055218385312163 28.401868230560247 28.74583867397239 29.06711927565311 29.3541683498172 29.598906520784023 29.799940742496144 29.955164329572252 30.06000473022646 30.111566042374893 30.108635141073638 30.054383027388187 30.01273856850321 30.01489705050745 30.064677654255835 30.163205882785892 30.311489500243717 30.50522064776759 30.732205724681442 30.982933999802277 31.27482781627404 31.595011004598085 31.901144593885682 32.11052487297839 32.20902927178446 32.2109600232749 32.12931055886651 31.98410439783216 31.809781196081694 31.642867735005392 31.518858418657885 31.47953229312298 31.503819114385372 31.564811470190012 31.64724047042084 31.739361580335196 31.822998713994345 31.88249907232523 31.90696858027004
26.420241914107528 26.4445479212198 26.60559650793938 26.8854930941534 27.251089121039485 27.65298782199826 28.06851852848214 28.478628565926 28.8673696740923 29.221966207332105 29.53250365452562 29.796952407414317 30.013913907778424 30.178504044386184 30.28711653614153 30.337365638543627 30.328045049831953 30.293810164798902 30.296851295041588 30.342418083875927 30.43218503074627 30.567732584942213 30.74165272486131 30.94226126342699 31.156779051293082 31.387348369295072 31.630519455504007 31.84474517753185 31.97880885079768 32.005321261317945 31.925819803903465 31.757408450860492 31.530559663114214 31.288084661623994 31.076409199120064 30.950752204461946 30.93107925336545 30.982882934073185 31.090235627431223 31.223081884032666 31.354815961369447 31.464400902026448 31.5372614864111 31.56748705679101
25.706097266649692 25.753916584693435 25.96509660673395 26.31039622057672 26.754995616620285 27.243974692580807 27.741178356858736 28.227139117766075 28.686591355226415 29.107679321021422 29.481262790405093 29.804358734455903 30.07702414894232 30.294234563335266 30.45173866694062 30.546023538794437 30.574433915149807 30.54982117524202 30.5487800319631 30.590036104782246 30.675623969968907 30.80185181510653 30.95764479222995 31.13134780766963 31.309902866452294 31.480210640698658 31.64370191562294 31.76997889717193 31.81976966437783 31.766032079344203 31.602092525874454 31.340833341604256 31.015049769174567 30.67961514666187 30.41097997906512 30.291817098854978 30.32544043112869 30.460888377342144 30.648360267972137 30.847431936443808 31.029410723761654 31.174870730550452 31.27159987719245 31.313558722963215
24.966373012455133 25.044077246431467 25.321896884407106 25.750030508882414 26.27784736428611 26.859390399945156 27.442396553664643 28.004978533777564 28.533510897463778 29.017745864268825 29.449796184122683 29.825831320999125 30.147435130478605 30.4099936816043 30.608790551136565 30.7393126719283 30.79722403507527 30.78295885839133 30.769925261218457 30.80843426784759 30.896810726663094 31.015349998297236 31.152656134662603 31.298074192997376 31.438666389529196 31.55818851562278 31.64457753705388 31.68730855739167 31.653837079141656 31.51844946252844 31.269516667409174 30.91292381282867 30.47714594995434 30.02653394766968 29.701302572345405 29.633219571410418 29.774618226225424 30.026569789979224 30.311869665988215 30.585098995472325 30.81963530422262 30.99915294305103 31.114136432585138 31.16073683530434
24.20581571161045 24.327754616116813 24.701737697371804 25.236226667292105 25.858574008225 26.522545990904504 27.1898660638902 27.825259270072245 28.41756238946485 28.95880495778786 29.44269962777708 29.864960025194886 30.227960471689048 30.528419005690576 30.761456795725422 30.92202702985561 31.004728475443898 31.003964086091358 30.971041255318752 31.013832029463313 31.104920276753806 31.21177607498306 31.327780576445914 31.443252588464375 31.545405240287966 31.618215698682988 31.64257301028127 31.608677023411303 31.49909902020463 31.289260206018778 30.963885128105513 30.520130970662464 29.97243885039457 29.399261838606293 28.999056796919483 29.019356445807844 29.339582801947415 29.736454441735365 30.12253626328554 30.463955729005615 30.742778917244635 30.94790032453397 31.072977312961385 31.11624748412858
23.429338168333448 23.6320179450316 24.154192070603873 24.818722309777556 25.53830222186184 26.273399037907215 27.002597584916842 27.701040317647802 28.347544590117202 28.936635428090106 29.463647537591203 29.924473097174438 30.320485089632605 30.651018594250928 30.911338837349238 31.09651289319627 31.20158090951367 31.222584082552217 31.20723931007256 31.236802886123726 31.306234942955953 31.39256718622304 31.48360269839247 31.56817159141451 31.6331559536449 31.662987875687993 31.639936671228863 31.54556921807919 31.37179125039806 31.102468635562563 30.721053383905634 30.21880224054015 29.618055011670762 28.977024726591555 28.35125524770089 28.58310486014062 29.13913860892756 29.656273249116428 30.11443256216944 30.50171208536005 30.80834011572507 31.02677126247094 31.152439153087265 31.184590767704023
