_RESULTS/CROSS_VALIDATION_POSTPROCESSED/MHZ/TZ/4comp/1/MHZ_TZ_z_250_kriged_reverse_4comp_spherical_1.asc
ncols 100
nrows 81
xllcorner 5.5967107548124995
yllcorner 50.982328804812504
cellsize 0.00017565037499993607
nodata_value 1.7014100000000001E+038
[rows 38 to 56 of 81, columns 44 to 87 of 100]
28.35752234377109 27.91684812130604 27.54464715698015 27.24675144097884 27.052369438123492 27.127461362125953 27.486597438650627 28.08036077687857 28.81495845456431 29.559873715248898 30.291021039230603 31.002094960869815 31.680403762040292 32.31566248066965 32.82457070490382 33.162990515713055 33.35188317539946 33.38260319289002 33.23847875351208 32.89638535007731 32.335083538366256 31.551512442413337 30.573615419545497 29.456715066837603 28.266471212980964 27.049982009462266 25.886383476412604 24.857519272508135 24.00659680650526 23.36146857331924 22.93301227196011 22.716386358994416 22.69516802891945 22.846896751983 23.139101910774464 23.535865233243513 24.043530200317644 24.657088166315262 25.24666360541092 25.75082893912545 26.158427054698073 26.46112610850161 26.652538786215164 26.73144356484114
27.854616858053273 27.44465549972171 27.115421057873355 26.8708876322685 26.715311147654784 26.791045631486565 27.161909032040327 27.76700477716192 28.489976779839647 29.21234821346713 29.91678554647971 30.60006335461563 31.255317154431623 31.86512016688743 32.38731732467123 32.72899352134243 32.90426951935409 32.92089744732519 32.76852484073968 32.43552337837375 31.914836448787103 31.212083217445148 30.35127499221509 29.373947680036604 28.331709223844165 27.26029357302072 26.209017757362624 25.251635391967746 24.444752332236106 23.814699181551703 23.37405107617756 23.122428722401274 23.04955938341258 23.139640102350327 23.380076822043 23.76672142848248 24.277689181985824 24.876684238835818 25.425806286140173 25.89384246207349 26.26920125193497 26.54260037445467 26.706370490088972 26.75375320584096
27.2759918273294 26.90582955648119 26.62988483491778 26.450449781528874 26.36437371471399 26.438398102793215 26.793415555475125 27.38640731072745 28.075363618615174 28.764910641091134 29.440789771700633 30.0954968740902 30.720699005920732 31.30124030260587 31.810454000146844 32.17850270855554 32.356447799887555 32.37487944067627 32.23263930192178 31.925689416197834 31.454681749653062 30.829324128762202 30.071300470863154 29.214145330997066 28.29960055527312 27.35475040302419 26.419043757392785 25.539194822926913 24.77421594929348 24.164659269141442 23.724128287835118 23.45472814407833 23.350017079054005 23.40538933170524 23.61534357333869 23.97365923683634 24.47467106089678 25.040375049891107 25.54820734515917 25.977138770817987 26.31557201897855 26.553742908908507 26.683176872797098 26.696099047447653
26.62882097330364 26.305930123877975 26.092075896765387 25.986724057506034 25.975072878750044 26.057780996897666 26.374592764234983 26.926943491035942 27.56578042202371 28.223786209064095 28.875538287364687 29.506244673060273 30.104634937724704 30.651721252367896 31.126982979282158 31.50934315162411 31.715341987216085 31.749422612240885 31.6313111150376 31.36196507407793 30.946412146740332 30.39629526312457 29.731522758950867 28.98034597113819 28.177253753981624 27.34231828971984 26.508295675206668 25.7171662758375 25.007698857588327 24.421793691743222 23.9909737407064 23.720898793020943 23.611866673800357 23.659029511262112 23.85790174498256 24.204682974110803 24.684963660630785 25.172612259232384 25.61341963852056 25.988855284247165 26.28282726290449 26.480973924445816 26.570689101310823 26.56395436425501
25.92537384939282 25.651939146261398 25.49751231625546 25.45604049937058 25.513418415737437 25.65015216091045 25.920666025259926 26.40524662307635 26.995328126191154 27.621089307835817 28.249248060409222 28.858175567282018 29.432446377971445 29.94911263021362 30.39162348450465 30.746009457816786 30.984371966369245 31.046941421314102 30.96383955948776 30.740517925911092 30.38454470280472 29.908399685084625 29.330435585623853 28.674992307648434 27.970690431268462 27.231346858457815 26.485595565502116 25.772159219409723 25.13008643498304 24.595362708509796 24.19340895462345 23.945996810815267 23.852807357467075 23.910096562518525 24.115321944840773 24.46563473293003 24.901256590624715 25.31295647495961 25.680109261461105 25.985638795660016 26.214349194495746 26.352809917975677 26.397424484237415 26.408105823656037
25.155355782890247 24.923214898896433 24.827365735252556 24.856354970974877 24.989593910031658 25.20295168468285 25.481481567064346 25.90840649844229 26.432879453745283 27.01067013271604 27.604728427173786 28.18662299074206 28.73480444719402 29.22247470495024 29.63492280985121 29.95954327236397 30.182650348677647 30.279978691262688 30.23553126026805 30.061831515352477 29.767238445805017 29.36389927990557 28.868354949796498 28.30160326771331 27.686817416748838 27.03233113103168 26.364409071652194 25.71974828280063 25.14167312518081 24.674317720114598 24.342545432393344 24.14765188741646 24.088707725990425 24.172767706173047 24.399093547222854 24.751162617606145 25.115615413504035 25.45354737704021 25.7480199455192 25.983419667141312 26.145512963342764 26.22628795655893 26.27394033484171 26.30496854108218
24.31600415425644 24.128169677568113 24.100792141395676 24.21222359735329 24.431889674678708 24.73072309687862 25.08625737837889 25.46923689218602 25.92637624831473 26.443358096250304 26.988588545142328 27.532044461555355 28.047205670315606 28.503516368089972 28.886070915659655 29.182683860241127 29.381073609419754 29.46908918478553 29.462274617353586 29.341764195502734 29.109624585136018 28.777929721978722 28.361930914960837 27.880014431620694 27.349569647127304 26.774416632832633 26.177508062355308 25.590056367712688 25.059312687122347 24.658703938660565 24.419492211212194 24.313117514115177 24.326771972518987 24.462319053869706 24.722190419437975 25.028000764790892 25.32152509429128 25.58702081647621 25.809396988885847 25.974408101380337 26.075252242924368 26.152003184197625 26.214394307663742 26.263641587708452
23.42982393020532 23.29057659283504 23.34855386301347 23.560440788329704 23.87977850312218 24.27266123794476 24.70895235437008 25.114407713731858 25.509367301958143 25.959127588815324 26.443090668197307 26.93488342305932 27.406745123803223 27.82561156522952 28.17534467419105 28.443324775025786 28.617851051380693 28.6878556399021 28.66635561993267 28.58703085238331 28.419975807766207 28.16093332723734 27.824037044955897 27.425560220049196 26.97632419679649 26.47879009065262 25.952217911290415 25.418016267098093 24.906683678856663 24.569412341107324 24.463424263560864 24.457961800651358 24.552279140934164 24.754609582372318 25.017296838055408 25.269998399454526 25.501226563873995 25.69910890899843 25.851456979421677 25.961056280951215 26.056699613976786 26.1389807246153 26.20715616923448 26.260450979229528
22.522497129743364 22.44054013263036 22.615355283460122 22.95128838164033 23.38103072640877 23.870948542483713 24.36387267972955 24.811318132189285 25.208157530565632 25.58915933639906 26.003529429544685 26.432040312530813 26.849546682872788 27.222533948880027 27.533774247011817 27.769959026998848 27.91936057494938 27.97146873381862 27.9327106061736 27.84407963220044 27.70754303788222 27.519015383643392 27.261796456265948 26.94720392736953 26.578663165069365 26.163072549224758 25.71847886269704 25.265128816657207 24.834852261618913 24.57884105961228 24.551554224649685 24.622769228152034 24.7874447309442 25.00999229703917 25.225698329085123 25.42451699653855 25.59620894620155 25.732941508531848 25.853072537787458 25.961296100091356 26.056890603068776 26.13912928942473 26.207267240262976 26.260528398129146
21.623943631427526 21.62557303814103 21.976516011871965 22.453064732491924 22.98971957890446 23.5520140142619 24.077876252174708 24.555475614622107 24.981271470121065 25.35473799203273 25.69765386286319 26.05468043320716 26.408350299257787 26.726773886454787 26.99239251377859 27.191654221118828 27.312684421679762 27.345140236534693 27.29198407569803 27.196371860412683 27.062812122601244 26.892519944872145 26.688506802682678 26.45297168351646 26.167731342863686 25.841504200529897 25.494500821699983 25.15424829881746 24.867620250718822 24.70896262316734 24.706407151586905 24.824681422357838 24.998683646954643 25.173178754307717 25.336576301646396 25.482997663191664 25.62031119321788 25.748132736490298 25.86542264825501 25.971270612304902 26.06483522909444 26.14530661571013 26.211880081428973 26.26373518645593
20.84024744722129 21.01539670043737 21.559871815891512 22.139834129394405 22.748090013429447 23.332162359282236 23.872075749793392 24.36365892760925 24.804943338720555 25.194921755754507 25.53383930828926 25.826746145808954 26.110206651588708 26.367270719002452 26.580579202807865 26.737177435657106 26.82540978349487 26.835104057378373 26.768138628654853 26.66799865228307 26.540330459247034 26.386625727885527 26.210170829008415 26.009330449990436 25.78015069175207 25.53345805082612 25.285738865203243 25.061854780099125 24.89770066646561 24.832720178293556 24.881785275510442 24.98730358708582 25.11549663681271 25.252658637703114 25.391111637035475 25.526397291661674 25.655699104508294 25.777064862980225 25.889019152230286 25.990359778380288 26.08004331223601 26.157115622780967 26.220665986517755 26.269793843362944
20.89029792731681 20.97406483492161 21.430327407480945 22.006305130445256 22.60201227173694 23.180380005955485 23.727044125149998 24.231376595364495 24.685114597176426 25.082364954990865 25.428188431043836 25.725020068280784 25.972455258710266 26.166834884147573 26.32342025914304 26.43275160387771 26.483981803395995 26.467433864093287 26.38618052160963 26.28328467083539 26.16387112915197 26.02968867406678 25.883193489694907 25.717879515450697 25.53870225548302 25.357662088842197 25.191624573380057 25.063021844055104 24.998393597649212 24.995463167718633 25.03908209167091 25.119648054666072 25.224104304783975 25.34144644322992 25.46392592227636 25.58633901516838 25.705135379889477 25.817784364253924 25.922381281252548 26.017409175011018 26.10159231429911 26.173802632569814 26.23299679554586 26.278171094746877
21.100634018790814 21.163865947851885 21.50835982134639 21.991286095914262 22.525811852442605 23.071942931580143 23.606320484164858 24.11303839085963 24.58019610431237 24.99845556054066 25.360222885685722 25.660608525388824 25.910416798019938 26.104329029453027 26.233410340013847 26.2988207668641 26.310510626617727 26.265125278363595 26.169625966406667 26.065652778651106 25.95660689692573 25.844512523982093 25.726102481134973 25.5994150568656 25.472892510709215 25.358378081491523 25.268835236748505 25.202712528824065 25.1657402926389 25.163553852035786 25.19651542960057 25.259511020228288 25.34453916439794 25.443551485736744 25.549868437243354 25.6583894489679 25.765310278271546 25.86776616351584 25.963539613554993 26.05084989786523 26.128207291215382 26.194312129479258 26.247983257565583 26.288105274642177
21.313245127029386 21.382186940783043 21.639610831910705 22.02826174653331 22.493444926605683 22.99511458634295 23.50544420354976 24.00421567109544 24.475925148463045 24.90823384916159 25.291068006049322 25.615975529607336 25.875576427687484 26.071503452506256 26.205324041840754 26.27622461834666 26.284112783459218 26.228627326216625 26.130254390991585 26.031110370944095 25.93563854807219 25.8440657381612 25.74971739218281 25.654834713532203 25.563011272117624 25.478701817075862 25.407214192403575 25.354334449564362 25.32536333256775 25.323664599616315 25.34944690017452 25.399680499794293 25.469217947735974 25.55226784518572 25.64343411793785 25.73815302301367 25.832732391563653 25.92422112727235 26.010241540336615 26.08883833081817 26.158357774858054 26.217355124779896 26.26452404983538 26.29864195373411
21.516171697560594 21.559681221443842 21.75456354601401 22.072176908754194 22.47615027822696 22.933054815201086 23.41538928496288 23.900973955195383 24.37173952878507 24.812784324162134 25.211713089778403 25.558113659966565 25.843070377923123 26.058059930959104 26.193937642217673 26.26750726382754 26.27964077167374 26.22979110676547 26.149585916408903 26.07031783982341 25.99383440005457 25.913971995191005 25.831698542724475 25.749811877198297 25.67162807166401 25.60099086911683 25.542136963995933 25.49931967286175 25.47615078110758 25.474799020064843 25.495396006304443 25.535997404924533 25.593124204887275 25.66256080538125 25.74004269227817 25.821667255706192 25.9040528250626 25.984341793693318 26.0601321504618 26.129388191816783 26.190354287288535 26.241480088665707 26.281358268839 26.308673040446074
21.663490168150602 21.68193324468438 21.832199567493234 22.09726820139693 22.452202415843615 22.870259000955084 23.326284106646547 23.797872974145548 24.265504996665026 24.712369699126814 25.124118892667347 25.488571108821418 25.795349535551782 26.035448009783114 26.195803964101326 26.270331463576333 26.283656237665365 26.23912883751533 26.178606059782446 26.118476849460304 26.053655818465018 25.98477287375072 25.914118974575196 25.844313772783817 25.77831688273786 25.719373646076566 25.670851877029083 25.635935548069604 25.617189920089228 25.616099597903798 25.63275340352807 25.665824386045127 25.712855085524605 25.77071161762226 25.83602916494867 25.905536153188002 25.976233605452514 26.045460229182847 26.110887029170897 26.170476913028264 26.222431578511213 26.265137358740525 26.297115017654445 26.316974863292224
21.753955717193268 21.74884804631433 21.86462424120098 22.090298609443636 22.40773246891934 22.795131782022384 23.22979148361824 23.689774341028397 24.15480870052843 24.606727890347514 25.029632610467612 25.409849933966512 25.735720349776237 25.997240289811423 26.185015594052768 26.281672846136768 26.29378211164356 26.258035502445274 26.215721607450998 26.166669996703707 26.11204997308668 26.053818772488523 25.994147068486985 25.935429659417014 25.88026269226638 25.831366711551052 25.79143556529628 25.76290477434705 25.747664052098102 25.746779312867947 25.76031370756074 25.78731650804405 25.825984375522008 25.873932184619292 25.928483608849223 25.98691164700133 26.046599615299478 26.105126161619356 26.16029345519186 26.210119602045328 26.25281183490808 26.28673129563022 26.310355540406626 26.322241726282275
21.789915420544144 21.76154748850388 21.84899441111802 22.04476790937153 22.334709672993004 22.70014693048818 23.120071671577954 23.572929890598243 24.037919349474084 24.495840335719006 24.929573492817262 25.324249405180748 25.667164080200884 25.947491108902053 26.155842990119517 26.281009929865007 26.307035769495652 26.283254405262547 26.250858415680806 26.211468648646175 26.166822030827063 26.118792651304148 26.06940200505789 26.020810363218335 25.975278744712877 25.93509032893124 25.902424042915236 25.879184125321135 25.8668075438793 25.866089920994973 25.87707806497141 25.899063396118432 25.93067847039717 25.97006547180163 26.015069024009396 26.063410893222144 26.112822258974848 26.161127870423307 26.206288430207575 26.246412195508885 26.279746542911 26.30465786656217 26.319605453954125 26.32339682199447
21.77281741839441 21.721561454099948 21.78461432350666 21.95776066512191 22.229022707957117 22.581228824653223 22.993974358139432 23.44553210632658 23.914419295446887 24.380510583093187 24.82570824457501 25.234233286436385 25.592611379567177 25.889422265488065 26.114875428654877 26.258892019321223 26.311521134307398 26.303926548244217 26.28084924506165 26.2509782597631 26.215993327466364 26.177666955163186 26.137863149371054 26.098518841134037 26.061601705580284 26.029039155882224 26.002617347926925 25.983856712056756 25.973880634465115 25.973302546460452 25.982158350988914 25.999902335708754 26.025467716128208 26.05737540182241 26.093864546629664 26.13301894344275 26.172871408448394 26.211478488232775 26.246965912463065 26.27754970104066 26.301539214395277 26.317327930159014 26.323376432205382 26.32339682199447
