_RESULTS/CROSS_VALIDATION_POSTPROCESSED_CLR/MHZ/TZ/1comp/3/MHZ_TZ_z_355_kriged_reverse_1comp_spherical_3.asc
ncols 100
nrows 81
xllcorner 5.5967107548124995
yllcorner 50.982328804812504
cellsize 0.00017565037499993607
nodata_value 1.7014100000000001E+038
[rows 57 to 75 of 81, columns 0 to 42 of 100]
1.1106968940913162 1.1117569817962225 1.1155759196253556 1.12189696056097 1.129680481806849 1.1377321056086023 1.145684309512243 1.1531810585236155 1.1599004857219533 1.1655665489581022 1.1699517673621862 1.1728762967370492 1.1742093349120148 1.1738794024667325 1.1718964384950452 1.1683759091904258 1.1635400707507837 1.1583075775498777 1.1542904376094734 1.151868779510691 1.150940659460094 1.1513743995835455 1.1531930865590947 1.1566074929439931 1.1613689183721738 1.1671885847342764 1.1737830726232712 1.180880806977566 1.1882228986783752 1.1955609443795479 1.2027414918818982 1.211074637598606 1.2217173608303071 1.234070804448816 1.2475862839452412 1.262726111416975 1.2790950521518119 1.2960848808054013 1.3126044006432356 1.324676458711685 1.3313288402847878 1.3323009912628048 1.3273482780457004
1.1262785551872336 1.1271651136007081 1.1303976145956136 1.1358562491230406 1.1431249006711368 1.1508496265334522 1.1584838739710623 1.1657474265209744 1.1723744045337923 1.1781228251514597 1.182775153299584 1.186132539143831 1.1880088728294993 1.188237732455492 1.1867095286312253 1.1834353172772691 1.178691928876191 1.1740902503638737 1.1703289862578874 1.1675221678617105 1.16582702589881 1.1652896801964512 1.1662411649757642 1.1687320270730113 1.1725342295948902 1.1773988816300247 1.18307084573028 1.1892966347276945 1.1958272441139728 1.2024175835957416 1.2088371344041453 1.2166103226806975 1.2269182686755278 1.2389747646156992 1.2528061843736804 1.2684338207844317 1.285235219888642 1.3025973681192269 1.3199139584049833 1.3341023560183827 1.3430069513146798 1.3464157584512897 1.3441044247984748
1.140845001287231 1.1419914815486334 1.1450004430928389 1.1497702700092696 1.1561932676645257 1.163708457794931 1.1711715063653498 1.1783183090729221 1.1849351390477245 1.1908177259482506 1.1957681210521107 1.1995806045971624 1.2020185502067569 1.2027995104410243 1.2016401838618336 1.1984064817387747 1.1939335794537012 1.1894172631214432 1.185315576935578 1.1819595986708231 1.1795347558248122 1.1782028130514308 1.178410561525202 1.180079276633931 1.1830168380269626 1.1870061820818607 1.1918179563922748 1.1972181065978778 1.202971241048156 1.2088406774920983 1.2148977342611873 1.222798984873659 1.2326544119405625 1.2446188809307583 1.2589476029286286 1.275058801438121 1.2922991815481129 1.3100442492453623 1.3277273581143187 1.3440017728621714 1.3554792162227371 1.3617191530756754 1.3625090937029207
1.1540670760441392 1.1554312211373496 1.1584079002319938 1.1629108671035415 1.168789444208267 1.17583835603922 1.1833011732461212 1.1904237130206687 1.1970740191880012 1.2031074431277664 1.2083594633636572 1.2126412365033297 1.2156751689710088 1.2170228077563137 1.2160681179131039 1.2127031333081013 1.2082053271444488 1.203367968325351 1.1988054138445734 1.1948836504710643 1.1917835384264237 1.1898242904053538 1.1893771169114278 1.190318694549304 1.1924812906863465 1.1956728353144384 1.1996869576515836 1.2043094007041224 1.2093211489797382 1.214498573987596 1.2204830843969676 1.2287249061670211 1.2387329543904506 1.251049417870718 1.2658489792216008 1.2824418275597251 1.300115667756538 1.3182104968726915 1.336191622732143 1.3536267812862426 1.3678800436561993 1.3772564358888097 1.3815675150606745
1.1657778971348045 1.167308269776228 1.170231597211198 1.1744728211119078 1.179904705571785 1.1863545884074427 1.1936104358437256 1.2009023719811025 1.2076916824853954 1.213873240052132 1.219330176154366 1.223918311375052 1.2274154799253607 1.229366252144971 1.2289267428030874 1.2258327953173487 1.2208665681603543 1.215473218396604 1.2104026774841639 1.2059661669917001 1.2022957703013437 1.1998537380323862 1.1988466478922484 1.1991548953828923 1.2006281231292166 1.2030947526305769 1.2063692682696503 1.2102572495187267 1.2145580783127095 1.21906849679199 1.2250997386929854 1.233614993926203 1.2448003888480124 1.2580636594283845 1.273308112290749 1.2903934683091123 1.308495440940892 1.3268511788760977 1.3449577768803724 1.362587383585939 1.3791634360065514 1.391858793972383 1.40005197226518
1.175819565492946 1.1774641096356453 1.1803035696485729 1.1842707087102664 1.189255126938152 1.1951081029240753 1.2016492591078456 1.2086735975601102 1.2155484682250448 1.2217831951226803 1.2272974350986074 1.232004366907164 1.235797276154893 1.2386510424725048 1.240480844104929 1.2371020215611919 1.2310393349441515 1.2250908151642232 1.2196625440533753 1.2148797906773612 1.2108279453594974 1.2080238174329772 1.2065617413919412 1.2063306035817853 1.2071954170902925 1.209003194851028 1.2115880734602158 1.2147752887099834 1.2183836851546552 1.2223056438284903 1.2283403498659304 1.2376492680677107 1.250005053660981 1.264619479606615 1.2809990439081913 1.2986714121356904 1.3172426052120918 1.3357121873965205 1.3535846566129954 1.371007811427445 1.388185268716895 1.4041107690601669 1.4164109603983241
1.18404363926069 1.185750316989128 1.188469276115446 1.1921382940436627 1.1966585197393211 1.2018979387541362 1.2076962484531915 1.2138691840831004 1.2201985026192943 1.2263279339138764 1.2316955498807096 1.2361693822976412 1.239935738779276 1.243570543501071 1.2466009806692746 1.2433609632641778 1.2373749119037922 1.2315756314147113 1.2262092711305486 1.2213632356997277 1.217151119904639 1.2141189872576512 1.2123113425445327 1.2116314931980259 1.211961661796897 1.2131674444282934 1.2151019776067713 1.2176094829126651 1.2205279265200328 1.2240192032847863 1.2305795592589084 1.2406648777325973 1.2539359929134548 1.269659519825615 1.2874136871521866 1.306612888284449 1.3261418156219786 1.3445462505881176 1.3614893163124258 1.3780829094620666 1.3950302805283312 1.4123889637071598 1.4287065779746257
1.1903113951500535 1.1920292774196477 1.1945880881731976 1.1977951534158136 1.2010466390832506 1.2045097373433118 1.208374053677536 1.2127321139370941 1.2175733417902246 1.2227789191228595 1.2281191149799806 1.2334330914540341 1.2385346243006192 1.242887789704419 1.2451676799010623 1.2436127231661918 1.2395543117199723 1.234745253193424 1.229900417075335 1.2252875288140666 1.221121087713347 1.2179900462909485 1.215937868118821 1.214889765163911 1.2147479907185261 1.2153971498716591 1.2167085655548966 1.2185525963953079 1.221130560482383 1.2248398928238693 1.2318185629131007 1.2423844563111708 1.2562106404854265 1.2726326004582884 1.291357273236221 1.3120416617153339 1.3338437238504193 1.3527969544323328 1.3676282371973763 1.382768509942464 1.3990916171900412 1.416500259749922 1.4347777589531079
1.194493717284166 1.1957048452472796 1.196220948472253 1.1964600162942625 1.1968355179907777 1.1976798882573985 1.1992321597843796 1.2016258822113628 1.2048796811296525 1.2091487593019992 1.2144769476347523 1.2206102636916496 1.2270904070271744 1.2330349503663751 1.2373773445802354 1.2391954562663987 1.238275217272721 1.2349571590052706 1.230849363020834 1.2266640708333034 1.2226880416849768 1.2195555278504804 1.217337493812272 1.21598400734676 1.215418216776703 1.215552013924669 1.216496439241718 1.218315930077709 1.2210055874910435 1.2248312391114475 1.2319376288249169 1.2426376141523394 1.2565637516204258 1.2730977789403697 1.291998472691416 1.3130241817610377 1.335801435336922 1.3552015387593352 1.3688399582675261 1.383548359600716 1.3994765304696675 1.4165154602130159 1.434524361288909
1.1942709855278384 1.1920370656668615 1.1891432706524963 1.1861255727326052 1.1834558443958618 1.1815259775907292 1.180709518166373 1.1813491921209676 1.1836120439149551 1.1875296354889633 1.1929800996509852 1.199668921259703 1.2071079953645423 1.2146077707222742 1.2213422580932154 1.2265561883092133 1.229765721709621 1.230709313210434 1.2291769249181081 1.225586038662982 1.2218706041229401 1.218788609130168 1.2164724969911602 1.214977214027191 1.2143223447796951 1.21451678915422 1.2155634968832338 1.217461158424229 1.2202050434622966 1.2239945576449291 1.2309305062425078 1.2414068166875512 1.2549468042097236 1.2709651966129865 1.2891356084932162 1.3089545080085336 1.3292863030233297 1.3476471779955914 1.3633947822676424 1.3786932249085841 1.3945176181114673 1.4109931799654878 1.4279251330160718
1.1864380686114357 1.1804947429633479 1.1740451767391995 1.1677015963416897 1.162040407569426 1.1575811291087719 1.1547620337268305 1.1539140852414875 1.1552354071913307 1.1587687223862844 1.1643839182221523 1.1717678777362124 1.180426226201265 1.1897095028576914 1.198883877796333 1.2072449050179233 1.2142090465481212 1.2193080041765343 1.2221135343667333 1.2221760506456747 1.2193802490577499 1.2165701522239067 1.2144928276701459 1.2131885668852551 1.2126818518384006 1.2129860990014836 1.2141065899367651 1.216042068643971 1.218785248605176 1.222422635425441 1.2289086787657846 1.238827393738574 1.2515518195046995 1.266563097788643 1.2834333190821563 1.3015313380666134 1.3198770013054173 1.3373264839371368 1.3535237726898703 1.3690680814006038 1.38450625005389 1.3999417595230959 1.4150772240072909
1.1732960441057507 1.1634367090377542 1.1532691600244522 1.1434737104550057 1.1347023553474407 1.1275535662877831 1.1225417960485666 1.1200639070315574 1.1203662318085048 1.1235169792837627 1.1293888407622494 1.1376561772531706 1.1478110035031952 1.1592022340132782 1.1710993970518768 1.1827683870768757 1.1935287871178766 1.2027671417816541 1.209914098759331 1.2144151577594566 1.215731151057934 1.2140296958797068 1.2121689253872738 1.211035342578528 1.2106558498041935 1.2110455558320998 1.2122099881502153 1.2141461892380856 1.216842674052048 1.2202894399522517 1.2260836450726091 1.2351355399009107 1.2467342280272145 1.2604344491150066 1.275773201097876 1.2921548267179095 1.3088576455296737 1.3252098714603515 1.3408947887465517 1.3559808763999968 1.3705994726578659 1.3846738235562066 1.397807669704578
1.1558797228688595 1.1419150736354404 1.1278056474349563 1.114309609347806 1.1021695883722196 1.0920831361938477 1.084664660970846 1.0804015753855556 1.079610258230192 1.0823996696938332 1.0886508443484246 1.098018469511349 1.1099569803231009 1.1237690918674372 1.1386694181818589 1.153849606965582 1.1685279329700267 1.181972220817971 1.1934989606828075 1.2024613391159937 1.2082375001138228 1.2105642257206215 1.2096277577541048 1.208633663034546 1.2083534733460002 1.2088013149437893 1.2099811532978464 1.211887230755875 1.2145035080474078 1.2178018220781477 1.222736867059796 1.2306487589315502 1.240909971283916 1.2531284104802842 1.266851996119522 1.2815581998723893 1.2966894097864337 1.3117507742023395 1.3264185685492977 1.3405389543212047 1.3539967089635294 1.3665635882405376 1.3777973226460287
1.1349753795605642 1.1167151991077882 1.098427038646237 1.0809564099840687 1.0651535725190917 1.051840064652549 1.0417614638630548 1.0355290610488461 1.0335583365995804 1.0360168415053355 1.0427953039430968 1.0535115068963141 1.06754783634243 1.084114233089788 1.1023222590209034 1.1212545200000186 1.1400167358387425 1.1577666826974191 1.1737224947156073 1.1871581251354864 1.1973939700263667 1.2039514398269433 1.2066751904701345 1.2061078750186847 1.2058955779854765 1.2063738011432197 1.2075437335968893 1.209396444833721 1.211911999415823 1.2150575961284313 1.2191685619649988 1.2257114372980435 1.2344927676604809 1.2451297713470046 1.2571970460650195 1.270234342311394 1.2837761060582622 1.2974012395398948 1.310774310622593 1.3236375688819135 1.3357478359309518 1.3467952547326958 1.356342208410056
1.111427864225508 1.088688464186018 1.0659752847873065 1.0442285334949015 1.0244237776316534 1.0075364532368793 0.9944843847366993 0.9860492470200163 0.9827871469458881 0.9849486664740402 0.9924329664886214 1.0047930534922933 1.0212919166826633 1.0409919198640387 1.0628522346829345 1.0858128031772236 1.1088530788379565 1.1310237363718578 1.1514564212924516 1.169359503047289 1.1840072865576992 1.1947643111211468 1.201457057870092 1.2035842535088253 1.2034095755642487 1.203891978787318 1.2050309483664225 1.2068145877373693 1.209220263843178 1.212213040055448 1.2156256951394555 1.220670129995797 1.2278736592776007 1.2368651428185014 1.2472467780718115 1.2586035319581967 1.2705228256631522 1.2826196843229565 1.2945531599720583 1.3060189470933148 1.3167170586223556 1.326310331945771 1.3343947741446458
1.0861491134932664 1.058766234524788 1.0313812445028108 1.005031016413665 0.9808318844992112 0.9599472186003262 0.9435210378301091 0.9325725464033331 0.9278621466510762 0.9297617326139829 0.9381759070138425 0.952548808069619 0.9719549175041005 0.9952370116355296 1.02114447780936 1.0484400072234068 1.0759646460468433 1.1026665149694883 1.1276044562247014 1.1499376611829282 1.1689095563605683 1.1838310546496549 1.194311356620536 1.200078385400419 1.2010254495476427 1.2014886461745737 1.2025801052039249 1.2042855196513558 1.2065808692612943 1.209390753193012 1.2123267455789795 1.2158641687390954 1.2214206777128838 1.2287226829453184 1.2373965454590392 1.2470597953756983 1.2573335046844938 1.2678554432985971 1.2782871955126855 1.2883094245406927 1.2976058308052882 1.3058438905908478 1.3126640700779808
1.0600403915120789 1.0279754778916053 0.9956895927108866 0.9643929608463305 0.9353499687754001 0.9099460856095869 0.8896206230009143 0.8757296587409005 0.8693414965434263 0.8710152821429961 0.8806563216088177 0.8975259557364854 0.920401807973432 0.9478059039073627 0.9782088337612108 1.010163439017209 1.0423681800642652 1.0736816046576885 1.1031102512864648 1.1297856675807003 1.1529394901840682 1.1718808708464068 1.186020657154879 1.1951761920073185 1.198845197712374 1.199296923304044 1.2003285462010698 1.2019517489701148 1.2041381789889694 1.2066004718295906 1.2091110366552311 1.211623434934719 1.2154835134522843 1.2210660832145883 1.2280180624466344 1.2359817758645737 1.2446028259583328 1.253537556618991 1.2624568761029633 1.2710442588759914 1.2789889048877796 1.285978621497325 1.291698896532355
1.0340171152411968 0.9974119419461273 0.9600881053971515 0.9235131956357281 0.8891291933543443 0.8585667184285547 0.8336418914408235 0.8161954023084255 0.8077809976081937 0.8092681345521426 0.8205550854466064 0.8405859871313796 0.8676608904012149 0.8998357649239163 0.9352247422726967 0.9721510849771764 1.0091853278502936 1.0451255704012277 1.0789575750796754 1.1098133792916327 1.1369355448393363 1.1596486768576062 1.1773376839065575 1.1895916878494097 1.1961882577048524 1.1974478720961332 1.1984109727066943 1.1999517317476451 1.2018755609959124 1.2039327107919984 1.2060377159494515 1.2081006090502389 1.2103976639043919 1.2142420744103128 1.2194666689327807 1.225734153515725 1.232710469767068 1.2400696290313822 1.2474965691992548 1.2546873117715767 1.2613473360794771 1.2671908220306927 1.2719442656430708
1.0091674242060171 0.9681168957919288 0.9259044630740878 0.883817573077871 0.8435870833174062 0.8071070641041189 0.7766445770938868 0.7547368950541686 0.7437416178345397 0.745088940440087 0.7586555005571495 0.7828001039715125 0.8150287513411933 0.8527300106398162 0.8935961178149308 0.9357387164471251 0.9776501654844483 1.0181208269814015 1.0561601737203794 1.0909347036998098 1.1217224637599676 1.1478806367791545 1.1688226423774264 1.1840036172054886 1.1931720524424176 1.1960690607340148 1.1969579068172314 1.1982789791785542 1.1998105045202083 1.20147607918135 1.2031964456674304 1.2048900897653259 1.2064749893806535 1.20858405030211 1.212083887289992 1.2166672371940273 1.222018411645657 1.2278290597505404 1.2338008805791323 1.2396472386040986 1.2450943832133607 1.2498837985399578 1.2537775219434186
