_RESULTS/CROSS_VALIDATION_POSTPROCESSED_CLR/MHZ/TZ/1comp/3/MHZ_TZ_z_1000_kriged_reverse_1comp_spherical_3.asc
ncols 100
nrows 81
xllcorner 5.5967107548124995
yllcorner 50.982328804812504
cellsize 0.00017565037499993607
nodata_value 1.7014100000000001E+038
[rows 38 to 56 of 81, columns 42 to 83 of 100]
-1.7229058268653672 -1.8132327432941737 -1.8848420466971412 -1.9228295959749584 -1.930112152290473 -1.9105255417451419 -1.8821726311331606 -1.9339705369556437 -2.077621954693935 -2.30876274867095 -2.6280125773393674 -3.042509233689013 -3.5471330346450807 -4.1325407208748715 -4.772282792896238 -5.437131078781331 -6.114221884408491 -6.783784384626671 -7.414772659961085 -7.971479971713733 -8.40714453813888 -8.666072355000972 -8.695733328870944 -8.471506632448262 -8.012432237539965 -7.364215131496112 -6.579971120355683 -5.7060491673698515 -4.794032133207486 -3.88327519274665 -3.0287687695911463 -2.411159308981535 -1.9822202013091768 -1.6291323105325017 -1.3430203980558058 -1.1279324945461646 -0.9914934310790657 -0.9461984570024893 -0.9999610255525115 -1.1527211358168978 -1.3255601047378818 -1.4849940948868727
-1.8720809157282983 -1.96192816102766 -2.0387841752813776 -2.0853687063802626 -2.0996712862650515 -2.0857901361156275 -2.0504233029721073 -2.071053988428622 -2.1806941960625164 -2.379352127838301 -2.6677755588469827 -3.0464299167467415 -3.5084918412289525 -4.0445553312780245 -4.635392420865546 -5.242400301321178 -5.8501779430278695 -6.440440814160467 -6.982950974068836 -7.443653705609169 -7.785668900449096 -7.969990486786478 -7.963267456024952 -7.747005548560567 -7.3295457765263565 -6.747956695339829 -6.040110377346209 -5.25874872880566 -4.45326906794104 -3.6626363786990908 -2.9450922019312773 -2.365276648021481 -1.9218387966812502 -1.5759721759298273 -1.308236459630182 -1.1155009020512607 -1.004048457390299 -0.9864184474785938 -1.0689601664278279 -1.2359850017103344 -1.4033634094359373 -1.5574107649160092
-2.0158193299129747 -2.0928647538185863 -2.155900319564221 -2.2035978318029597 -2.2231730372612177 -2.21282743896137 -2.1773597409045884 -2.160614450026215 -2.234638117276048 -2.397779002749873 -2.6479601061072064 -2.984073112934889 -3.3977851007200326 -3.878255690688878 -4.407784280225746 -4.953079215148971 -5.493932725727247 -6.008470922171476 -6.47335972267777 -6.85588489342049 -7.126883573300055 -7.258365167290361 -7.226107449949027 -7.019162129390245 -6.641766831160626 -6.1142252619265856 -5.488115055248137 -4.805858933839275 -4.104376929351465 -3.4240609881218385 -2.8058383908125046 -2.2821494950614443 -1.8573550993294055 -1.5245482645570556 -1.2740959611975091 -1.1079391947509183 -1.0313877859213014 -1.0494871482442485 -1.167004431846344 -1.3371215136992367 -1.4962073126078945 -1.6421199561087803
-2.141323424170243 -2.204870174056474 -2.2520043899253945 -2.2819135623033793 -2.2947378702289365 -2.285667968514474 -2.2535016165834416 -2.21448516112107 -2.247965762698178 -2.368256126943735 -2.5743584035506304 -2.8630984619703304 -3.22497288634219 -3.6477970605884424 -4.114977087015525 -4.593804997591651 -5.064884590814416 -5.509910863974156 -5.90590360929106 -6.224999737652513 -6.441529933512 -6.533124172742006 -6.4837312658686805 -6.286862605559877 -5.947708075927568 -5.492031678426638 -4.948335104146771 -4.356787817635975 -3.7496897482970097 -3.1604384437319233 -2.6217458820897437 -2.1567611375148625 -1.7685582939214828 -1.4632005119473024 -1.2441736422242835 -1.1128690899215252 -1.0726027473228914 -1.1279094000797016 -1.2776548710876399 -1.4447565709024546 -1.5986460605643118 -1.736444948229933
-2.246234041154978 -2.296318177000747 -2.3270872806498195 -2.338696676032592 -2.3329510332314602 -2.312848796576889 -2.2819825113505283 -2.238174448487486 -2.2241826189594773 -2.2954515628319596 -2.452798585695689 -2.6909566396895266 -2.9995923302501772 -3.3652458237291243 -3.771671881447337 -4.1886666579151886 -4.592196519998418 -4.966675796229895 -5.296090454228094 -5.560925303294956 -5.7348865386498655 -5.79880252436681 -5.7413711689084685 -5.564944670046396 -5.2789512169607296 -4.895819883088276 -4.433048368455237 -3.922099401636582 -3.3984582224507447 -2.888731710066512 -2.417767122292257 -2.007875549344533 -1.6680705336327313 -1.403562281265211 -1.2223741355484783 -1.129385053621102 -1.1279779763779487 -1.2227904333509918 -1.3828329187988917 -1.543954012023042 -1.693057325563322 -1.8233030488018227
-2.3324978591867036 -2.3724250761804035 -2.391046912528256 -2.3875525955338444 -2.3637539408414674 -2.323835327905141 -2.273288778562615 -2.2178136693848227 -2.1669048874744496 -2.184024909084353 -2.288614908616205 -2.47420992896589 -2.7302881938442685 -3.0418954259847286 -3.390266245060904 -3.7502646601032232 -4.091661773058537 -4.402189096636347 -4.671169754842456 -4.886644806074265 -5.023879944549817 -5.0721508937253805 -5.025460961928942 -4.881919370047095 -4.646319136379865 -4.328473112984193 -3.942518751436732 -3.507723050494616 -3.0601973537917626 -2.6260147627166877 -2.224685094073198 -1.8723253512557867 -1.5801791738425228 -1.3567568022923886 -1.2147019694537464 -1.1599472411033336 -1.1986404564676751 -1.326584681946417 -1.4760073118634331 -1.6284861805480149 -1.7738308820531299 -1.892467902931733
-2.4132363035819115 -2.445461759751791 -2.4525914498678794 -2.432471581815527 -2.3874353488501283 -2.3237290089244222 -2.249133923860948 -2.1711471510038542 -2.0963374556972627 -2.0488990302469996 -2.0904816768480354 -2.2193744707962946 -2.4239582639996575 -2.6865750294124444 -2.9834118360056365 -3.2892951737634064 -3.57285609413418 -3.828420136911899 -4.052431794915062 -4.234684055815505 -4.356512192908442 -4.4043594285774805 -4.3726441856383005 -4.25985215457548 -4.0700730909267655 -3.8113451062559127 -3.495193626921818 -3.1362968322539118 -2.7591974481728228 -2.396169206861737 -2.06234928747896 -1.766123399899964 -1.5191925405416997 -1.3347785217879196 -1.2296921347276109 -1.2130428001887492 -1.2904232174574881 -1.4141167156689611 -1.5497630555847683 -1.6896469219927623 -1.8242571018840827 -1.9342039588497082
-2.4876044950567264 -2.51506228450188 -2.512309722491686 -2.4739356903669423 -2.403334844856198 -2.3108958062978844 -2.20780053842956 -2.1033528093525358 -2.005983203028253 -1.927720600310995 -1.8986320600096926 -1.9629679457355254 -2.1123869665011283 -2.3302160417085713 -2.586653517926903 -2.8416656580605775 -3.0748359046990297 -3.2875083767720485 -3.479519433187024 -3.6396904366735394 -3.753633763379998 -3.8061556526280373 -3.7920697544698667 -3.709878571426996 -3.562912525077401 -3.357833880649747 -3.1040818214461785 -2.8138702685782575 -2.5030501439899844 -2.2048159372205136 -1.9387371671323421 -1.6975461137221384 -1.489600846940936 -1.345684048759117 -1.2801428967836466 -1.3025850231781262 -1.3860525156525791 -1.4881660463235455 -1.6032587982702995 -1.725159348065415 -1.8421324742851939 -1.945819072019789
-2.5514055142596477 -2.579179076995086 -2.5710053507029365 -2.5121991498480947 -2.409282621393189 -2.28233596059358 -2.146730567413673 -2.0124200545763573 -1.8906490901600246 -1.792635585357396 -1.7270958633380165 -1.723154470844651 -1.8155436666663896 -1.9935860837303976 -2.2324278453313533 -2.4410493443010473 -2.6148058698508616 -2.7914696407576853 -2.9608063661652757 -3.1081794559367886 -3.2208564955105734 -3.282809729567483 -3.2887325334539677 -3.237055622438308 -3.130323658892257 -2.9741506953311863 -2.7762203136584045 -2.5466057839357767 -2.2971004580730168 -2.05313281112703 -1.83978194150835 -1.6494355808857784 -1.4908788694945136 -1.393986812511366 -1.3721977576199815 -1.4117529960689956 -1.4749371764693797 -1.55665200571113 -1.6510541035777102 -1.7521232063210745 -1.8535260202525303 -1.946016589089022
-2.5961189617136764 -2.630454599819262 -2.629108064586259 -2.544835148991114 -2.3981108513324942 -2.2325258069068084 -2.0632068306283142 -1.8988985169423986 -1.7509466237140807 -1.628808194788074 -1.542800534048351 -1.5034259951348683 -1.5318286485789843 -1.6571092216403343 -1.861885493147987 -2.0359214869708366 -2.1770226113985376 -2.3401425953208093 -2.501453828300808 -2.646668289978662 -2.7649359881456705 -2.840660169855276 -2.868655588068466 -2.847414330992967 -2.7787314125313602 -2.6674370637941953 -2.5197243869492527 -2.3437316752556576 -2.148896308755346 -1.9510845609472223 -1.7772210310758434 -1.6337277986287129 -1.5327331184867246 -1.4875830267611556 -1.4860404779224639 -1.5091597698289425 -1.5550720686748218 -1.6187908396654587 -1.694734488117384 -1.7769690954167399 -1.860645600301885 -1.9407964516174532
-2.6079412202771666 -2.6442054068949172 -2.673149694513957 -2.547155571738206 -2.3533984706107414 -2.155607589699659 -1.9572937502330663 -1.766682296124112 -1.5914196440807968 -1.4405659330837246 -1.3260728223607574 -1.2629787320694432 -1.2636207774442987 -1.3306986781501475 -1.4663711341879804 -1.6219876653972092 -1.7772696217545996 -1.9446315118206605 -2.1121751057724762 -2.264696615689916 -2.3944393193334244 -2.487343338258654 -2.5389120314386857 -2.547872517497655 -2.515411062343307 -2.4456762355213777 -2.3437007832039027 -2.2160161060477424 -2.0702291291769286 -1.9169211136213822 -1.7842769089394042 -1.6859906594664573 -1.6317079184909193 -1.5981144439004207 -1.584197149168606 -1.59367088714666 -1.6257414802545962 -1.6744131235503363 -1.733938812543099 -1.799125954907201 -1.8655523802730998 -1.930058840253132
-2.5868086758942854 -2.599912694607643 -2.5769582846266244 -2.459021959309201 -2.2711006807728706 -2.061382060169941 -1.8460915894241043 -1.63272728570246 -1.4282534306568406 -1.2417703807088611 -1.0875686649879484 -0.9885782635453695 -0.9692947445704247 -1.0371161819141934 -1.159623861442529 -1.3031377587387485 -1.4631812144885992 -1.6342509338689037 -1.8096725968989877 -1.974893293590302 -2.1196177448783384 -2.231588837261001 -2.3073803249410525 -2.3460084807621566 -2.348194492376073 -2.317326934724949 -2.257661314758031 -2.1745049864584263 -2.074263588322732 -1.9650130785739521 -1.8738605448136063 -1.8018521242484993 -1.7415082559845616 -1.6922612277097377 -1.6650871654067563 -1.6657440994286588 -1.6878993717365003 -1.7241540593272315 -1.7687874745006733 -1.8178450988980872 -1.867545456748163 -1.9152109392303043
-2.5502147896615557 -2.531016176138828 -2.469730946511435 -2.347954207896695 -2.172032888698776 -1.965284663222805 -1.7431545297331972 -1.5140318714569598 -1.2846919498262706 -1.0619449749620997 -0.8575565156710958 -0.700044828897991 -0.6530720134781114 -0.7470508343448308 -0.9109358579014226 -1.0907722583185409 -1.2688399866785178 -1.4425738277949227 -1.6170841112388579 -1.791196958929003 -1.9514373951002835 -2.0825819627315894 -2.1822537102081028 -2.2496205211174183 -2.285045937080051 -2.2908469590766405 -2.270872561147959 -2.2295000408165144 -2.170808357694602 -2.089152259912411 -2.001143306946474 -1.91929936616373 -1.8437550598219008 -1.7729630617996253 -1.7280324486958794 -1.7278267879293425 -1.7450607466078234 -1.7697849161688732 -1.7997172543554933 -1.8325348288893801 -1.865485314997392 -1.8961773855979653
-2.5139336098898246 -2.4699018796079644 -2.3866264604826015 -2.2570884473716952 -2.086151274117704 -1.8844666206701526 -1.6614665664596637 -1.4244818489084663 -1.179240413142903 -0.9296363545502273 -0.6798463954826561 -0.4419330754092403 -0.33721743962399464 -0.5048215254157136 -0.7191272858605349 -0.9340675390362723 -1.1424076532468332 -1.343951628755843 -1.5367802541747606 -1.7217688947846672 -1.8959917121812513 -2.047344508349364 -2.170330627468002 -2.264738413124192 -2.330013822390401 -2.3656237990636604 -2.3719060552743816 -2.348610850581116 -2.295857734918673 -2.214500942326517 -2.1222429065904236 -2.0337349592732528 -1.9463738725378101 -1.8572252729775707 -1.7868552536164277 -1.7928009668390794 -1.802127386471433 -1.8132212912463774 -1.82675486806949 -1.842353934432946 -1.8580463008897765 -1.8721640013322018
-2.4879611356107163 -2.426833224108958 -2.3310363057926686 -2.198238449974486 -2.0300910900228115 -1.8323586308502804 -1.612151639128283 -1.3757286291697943 -1.127524357209688 -0.8715987063324848 -0.612158655508533 -0.3613562504574459 -0.2432056157250868 -0.41295061639480224 -0.6262001607376917 -0.844887370230669 -1.0651330783578499 -1.281858024038272 -1.491500088364329 -1.6936911770267722 -1.882710884528773 -2.05205622195527 -2.199059218581034 -2.3166580246586554 -2.4025353990150107 -2.455403969785332 -2.474516809869206 -2.4596229976611976 -2.410890013592665 -2.3299676308200428 -2.235820819766077 -2.1441339844732386 -2.052072133060636 -1.9644622994326415 -1.8997807666280777 -1.870961827265895 -1.8590268106086063 -1.8527201218262466 -1.848582118866899 -1.845741782904119 -1.8463742665806135 -1.8536968990114393
-2.4776923314027 -2.4081549764145476 -2.307478771790732 -2.174069879585282 -2.0092040698469056 -1.8168193081200887 -1.602477866101264 -1.3730774206857583 -1.134372950207569 -0.8927422657686432 -0.6608740580767423 -0.47284505801098753 -0.4011141989472822 -0.4781956597069206 -0.6378607220316017 -0.8303417315979698 -1.0390732582835354 -1.2580139319443846 -1.475434547875825 -1.687837716662856 -1.8863938807603566 -2.066518049409847 -2.2254278500843525 -2.3594404236164834 -2.464399197808761 -2.5344188822765634 -2.5665837303244743 -2.5596696345474035 -2.51397696046925 -2.432628668610066 -2.3377677219683366 -2.2436701196288853 -2.149321431256711 -2.062034721845282 -1.9914204292021573 -1.9418298961050169 -1.9077142402556477 -1.8819587399895275 -1.861846594693774 -1.8487713809396098 -1.8429029819915828 -1.8447165604630777
-2.489899439982274 -2.4173443914774917 -2.3157531871870844 -2.184346628066448 -2.024391169606676 -1.8392174710251483 -1.6339581825515088 -1.4158510081980364 -1.1930013457227342 -0.9747434543129854 -0.7762621794175326 -0.6295060838446369 -0.56937674398685 -0.6065111116407413 -0.7184405252682329 -0.8763505295280016 -1.0622222370809022 -1.269001691624826 -1.4867726993427124 -1.7023056000943562 -1.9054009211633187 -2.0928663112132697 -2.2611769255094947 -2.4048291379890228 -2.5192615454079252 -2.6014973391421856 -2.6459274297180153 -2.646487250226297 -2.6017916215035557 -2.5178911516199287 -2.4217949614636973 -2.323303836750583 -2.2253542869795715 -2.134217606281911 -2.055274296431965 -1.9913676636294289 -1.942048464004721 -1.9046555898701074 -1.8770757353931096 -1.85822174477555 -1.8477108466511272 -1.8448210452429947
-2.5255668410344563 -2.453708407218532 -2.354453140160863 -2.2274755287218166 -2.0741464610572504 -1.8976842977593043 -1.703252596330237 -1.4984949660589841 -1.292318997953167 -1.0960960243222793 -0.923419642873327 -0.79905120154999 -0.7418797694705772 -0.7571906994841189 -0.8359239246606418 -0.9626583466091598 -1.1240492208018296 -1.3118796657668481 -1.5210274470062575 -1.7330622418677966 -1.9358698649564596 -2.1267868784806456 -2.3027864854090265 -2.4548833569351225 -2.5763105358584495 -2.669381974513491 -2.7244822010283296 -2.7280710374560826 -2.676769154924258 -2.5848201436290124 -2.4834146481806423 -2.3791914169513375 -2.277591132115705 -2.183427199467043 -2.1004429536556 -2.0306286640290474 -1.9739923476144514 -1.9293722213957603 -1.8954787815054837 -1.8714235704504005 -1.856762563910201 -1.850648467067892
-2.5835837009574174 -2.5156197966685836 -2.4214280345028247 -2.3009405696518037 -2.1555823556886593 -1.9885870775683392 -1.8052249795010513 -1.6133707544192921 -1.4220817289547163 -1.242301903423618 -1.0869779642871535 -0.974601157612361 -0.9168955278944642 -0.917471884194583 -0.9724906651936542 -1.0735988839719448 -1.2119292139513513 -1.3803749575105955 -1.572977908689106 -1.7750270247712105 -1.9728177588270044 -2.1618012223019827 -2.3390437044080894 -2.495615232611039 -2.6252654257499053 -2.732752127372769 -2.806770654321346 -2.81621838808022 -2.749017160311194 -2.6438008966394646 -2.5333222343088955 -2.4239572857765204 -2.3197340365901886 -2.22371211598038 -2.13822401551386 -2.0646229822805373 -2.003203304760484 -1.9535205645552833 -1.9148814314761526 -1.8867009193622544 -1.868618881737151 -1.859758470553521
