_RESULTS/CROSS_VALIDATION_POSTPROCESSED_CLR/MHZ/TZ/3comp/3/MHZ_TZ_z_90_kriged_reverse_3comp_spherical_3.asc
ncols 100
nrows 81
xllcorner 5.5967107548124995
yllcorner 50.982328804812504
cellsize 0.00017565037499993607
nodata_value 1.7014100000000001E+038
[rows 38 to 56 of 81, columns 0 to 42 of 100]
1.286962307412298 1.3104038601656278 1.336171609581544 1.3635456544373765 1.3915813604868024 1.4190681658929956 1.4438526058608 1.4622590837395066 1.4724486064516507 1.4730822512275301 1.4640226316249585 1.4461382844646173 1.422086029864818 1.3967341227133718 1.3719279029740912 1.3501877440319507 1.3328131079179182 1.3205461343248859 1.3095917996074438 1.293632334069778 1.2730613625540173 1.2480705986557248 1.218574471492816 1.1842462395174487 1.1445801633204018 1.0989928725922 1.0459978798940042 0.9819114370700981 0.9062461433690103 0.8171638848496636 0.7149641684127539 0.6028452495796615 0.4893029901519188 0.3816459353242193 0.30044033994661656 0.31544916059174544 0.39080821208695504 0.47939289401716423 0.5730695107250388 0.6692716344993985 0.7663164058763947 0.8626804995160879 0.9577885443618521
1.2848686154920825 1.3106403183732493 1.3393222214103448 1.3702283188525852 1.4024164546291522 1.4342416990777531 1.4616449508848126 1.4823656048366445 1.4942626929413234 1.4952986296024529 1.484545600177517 1.4632888983283039 1.4341064705323365 1.4023170527634148 1.371147297452138 1.3423336034003577 1.3183121145959784 1.300003628586159 1.2843395408559632 1.2644101497906188 1.2404523415171922 1.2126425166107657 1.180903473305139 1.1449633350705666 1.1044365411104033 1.0589286633292359 1.0078241760746844 0.9475896673305044 0.8774231470273094 0.7978914185869483 0.7093306348764084 0.6179516021584539 0.5298489672592639 0.45490199537139997 0.41332259924547754 0.42583931542781706 0.4842567724809991 0.5662190752127018 0.6590431899834854 0.75683056531011 0.856213661218457 0.9547374101934999 1.056007619880601
1.2789002699559053 1.306682922967691 1.3380386224898266 1.3723527687398516 1.4087004629692008 1.4435633791655331 1.474231431938539 1.498538268978201 1.513245526461772 1.5147231115101367 1.5014286571025028 1.475379096947024 1.440653931292013 1.4017056485502875 1.3637609546410083 1.3285041299139833 1.2977589301125039 1.273509878710542 1.2537482482693305 1.2309198797576557 1.2048501889110361 1.1756966647178464 1.143376465313816 1.1076477833671254 1.0682084494549664 1.0248056427456629 0.9772825524563831 0.9227287519820806 0.8599409322599982 0.7901496517750164 0.7176298535874954 0.6495038100926944 0.5886359810316703 0.5424812110784051 0.5241153777381916 0.5424849415189762 0.594778122667657 0.6706451227965035 0.7604276122187192 0.8575140151054714 0.9574104901233406 1.0577756915185124 1.1600086100274454
1.2686529868458858 1.2979790747091347 1.3315838489679936 1.3689413659426029 1.4081554661019513 1.4456389859877599 1.4801340468531108 1.5095158713819192 1.5294572672009499 1.5326264441380593 1.5146761795728398 1.481100215734914 1.4394564752747125 1.3941083656029891 1.349171011056163 1.307858558154486 1.271123726553024 1.2411738619633719 1.217797356380394 1.1932449479288199 1.166421993126094 1.1374500641297158 1.1062062705528914 1.0724349819857613 1.0358694261299517 0.9963494038639042 0.9539646096505978 0.9067647221441439 0.8531644520530577 0.7947640690621431 0.7392176934365455 0.6908355617550541 0.6532141904107235 0.6310354854892062 0.6298565468659522 0.6561143238340352 0.7087099689187399 0.7821754328373023 0.8699266015714902 0.9661419374936684 1.0660673385408834 1.165532456006199 1.2571548965239157
1.2538299951380185 1.284085432241666 1.319326145396268 1.358940915606128 1.399353755202066 1.4388614750038813 1.4767707026672656 1.5118628374524727 1.540722229019706 1.5497538705085232 1.522552464626542 1.4779402487227697 1.428454814862328 1.377579146326853 1.3270519893025818 1.2800953689839738 1.238386148746203 1.2031998374839519 1.1764158739191661 1.15138491745046 1.125229790363679 1.0980003824600508 1.069472749635485 1.0393243247305315 1.0073552568147979 0.9735232198856412 0.9380589603486069 0.899397248178845 0.8556368741394664 0.8103505162359018 0.771183310933772 0.7404997777061735 0.7211044680800254 0.7162877264245624 0.7290133794869481 0.7633016585640184 0.8193529324040647 0.8934825998739484 0.9811053257398913 1.0774288881001888 1.1759863448231078 1.2658371550769059 1.3455655977076588
1.234299561279331 1.2647549971601453 1.300883819713352 1.3411306174353463 1.381692231854429 1.4218342757002498 1.4610322895358825 1.498816275710286 1.5348084497804138 1.564893242436138 1.5132612413557767 1.459969666870013 1.4057044757405388 1.3512982861005698 1.297730161972435 1.2462554456525443 1.1999073107269094 1.1602839100976452 1.129859537051815 1.1055611326678352 1.0815957467325719 1.0578214395999033 1.033835957400046 1.0091732114575296 0.9835064291680735 0.9567746743317185 0.9292559545839136 0.8995835371834329 0.8658114497279439 0.8342874125295543 0.8101855589196543 0.7951621310407431 0.7912670090264176 0.8006250638748089 0.8248548217494103 0.8656045433696418 0.9250718354166791 1.000945323202273 1.0896815278675926 1.1871838045795609 1.277083413132664 1.356292138202585 1.4250217446138151
1.2101424383598205 1.2400094658192393 1.2762579107500633 1.3157126978074374 1.355417442013759 1.3944795188902765 1.4318654470446701 1.4661156249985439 1.4936551753243743 1.5008175328266096 1.4712320954762066 1.4236420242644385 1.3706119852845995 1.3157306521610141 1.2608446058088063 1.2075628654392327 1.1576407725860416 1.114249482323051 1.080395208263398 1.056971712843289 1.03677474604891 1.0181814773808664 1.0004014842949775 0.9826713664495156 0.9645132050222142 0.9458326864083043 0.9269383390845459 0.9063774203929469 0.8828973902840122 0.8643692611845921 0.8537725645002614 0.8523875710651829 0.8616664230905902 0.882969262570905 0.9171881760456098 0.9646935031758831 1.0280869145781828 1.106484726434761 1.1972012515242232 1.2919252881852574 1.3703917140414354 1.4402075514409274 1.4994203598733176
1.1817097374538816 1.2101848366880787 1.2456705933849488 1.2837205042139792 1.321916261596705 1.3587069632929905 1.3922844623696748 1.420081795145387 1.4375082507960728 1.4370946731275687 1.4144279488103104 1.374961890646128 1.3262946287913593 1.2730809300847803 1.2181460082786344 1.1637579688887896 1.1122418749578182 1.0661514905841134 1.029300519995147 1.0059631240885123 0.9912345945027207 0.97964502615038 0.969703555924299 0.9602146295540734 0.9505369570605275 0.9405695567445806 0.9306704927759637 0.9190269067818546 0.9057598026345771 0.8989090564087732 0.9001666655438539 0.9104924287219496 0.9308961152906219 0.9622389727246143 1.0049903358978338 1.059016160828312 1.1263582447878884 1.2076912319388424 1.299882296252229 1.3853194319589524 1.4540062945852317 1.515685072482217 1.5672110768367125
1.1496937711732185 1.17599756833533 1.2101840501584173 1.2469834758800629 1.283665222618648 1.3179351677663544 1.3474827433449283 1.3695762040015027 1.3806620808812968 1.37693799606313 1.3567765076222116 1.3224995816519374 1.278339747116515 1.2277751623995177 1.173540095299984 1.1181222193297617 1.0643657778434739 1.0159495987671119 0.9774196043280367 0.9540854725981125 0.9457113013391731 0.9432154270975219 0.9427175876962819 0.942540306532287 0.9419884538842942 0.9410578528000124 0.9401477604481522 0.9369655890686305 0.9332684752184879 0.9366384624223514 0.9480695927915377 0.9682642024156338 0.9979092485160656 1.0375330329471277 1.0873464476218597 1.1471026498884178 1.2176997821649855 1.3000276927867718 1.389627152413495 1.464832018453936 1.5245330591540383 1.5788809704874625 1.624838469393018
1.1149769053372025 1.138275684686619 1.1714471848290908 1.2079185273383397 1.243697098058137 1.2758574461818275 1.3020511785999205 1.3199714566339533 1.3275427575749208 1.3234023706798326 1.3063790861542746 1.277143894909631 1.2376725801362964 1.1902827996898804 1.1371899658387985 1.0806352528594965 1.0234363592393485 0.9700485268900185 0.9277262918717643 0.9053327335947321 0.9026605373194418 0.9108473367447192 0.9210703701979928 0.9307803832547416 0.939514312968091 0.947533940838547 0.9551495330497248 0.9597561180714971 0.9645593085797528 0.9766028228404324 0.9965199860786793 1.0248059994803194 1.0619056699087854 1.1081120238507713 1.163243498436442 1.2262815960260494 1.2974830443988399 1.3792914129357061 1.462815570163301 1.5280972244172217 1.578267133827149 1.624478173384199 1.6653538543106798
1.079039891066179 1.0979677297131758 1.1319165045691384 1.169809198083494 1.205413422213513 1.2358936976416355 1.259867286337729 1.277066330022346 1.285464424623017 1.2832868219033604 1.2696234097938761 1.2446382102873066 1.2093467564727125 1.165183419231075 1.1136959620449252 1.056507406772604 0.9956252557920822 0.9346898357472011 0.8839704104147765 0.8644189944327274 0.8711208302442692 0.8883809428003655 0.9077223964402366 0.9261574032691822 0.9438478914337722 0.9602856290543031 0.9754777812526456 0.9870051657301806 0.9989525793991625 1.0180685790121737 1.0447757110619582 1.079230636455829 1.121492184710456 1.1714470769774237 1.2288089955238457 1.292929840651641 1.363691353634371 1.4438102128326855 1.5186397131587615 1.5734127468555836 1.6120662226983686 1.6467129547790729 1.6775968212727974
1.0463642275450353 1.0564653013302423 1.097104139583803 1.1373595868837443 1.1723964644995106 1.2027965925864847 1.2281983814323185 1.246828046897102 1.2570124220046053 1.2574041803875335 1.2472184652654206 1.2263418866825333 1.1952465178640508 1.1547827207941477 1.1059810748508685 1.0499354614155212 0.9877689156809946 0.9206907174974289 0.8511591670378309 0.8416964518621444 0.8607452448900115 0.8821533672853756 0.906228967732912 0.9299782583434177 0.9531039446350386 0.9771134951945724 0.9988703328218893 1.0164366083218175 1.0339121888745695 1.0580780440624173 1.0892101085411166 1.127787658488676 1.1737932467013614 1.2266793388162194 1.2857277318275253 1.3500225005509672 1.4193003277232201 1.495941519981856 1.5607782366454264 1.6038679684499664 1.6287524503370903 1.647473078533078 1.6598083032332762
1.0334032971005056 1.0419521023231757 1.07844967700152 1.1156399889617772 1.1506330689851152 1.1824132054781895 1.2093093880012746 1.229738987845809 1.2422594357339205 1.2457002433300737 1.239295963203872 1.2227553869181722 1.1962393976225647 1.1602764010672335 1.1156764960300245 1.063507181201955 1.0052363722636706 0.9435772758822238 0.8883128236010535 0.8706525050479648 0.8807078503846666 0.8978295616328937 0.9187557548049812 0.9433500979813263 0.9691528917087815 0.9956080771107482 1.0212015488960975 1.0437625224111173 1.065305255195921 1.0936909190260076 1.1294818268804188 1.1721790214950356 1.2211905782412356 1.2758028127226013 1.3351545547133261 1.3982174191033219 1.4647018848349644 1.5361225983973175 1.5924648740636629 1.6264406083634864 1.638393794553038 1.6386104601866571 1.6266394706799503
1.0389453054839963 1.050349359008006 1.0759264285706602 1.108524951853957 1.1426331352960841 1.1748683870526753 1.2030657827957687 1.2255145532114364 1.2407785113011323 1.2477038034570649 1.2454759767537862 1.2336668293348874 1.2122508632501305 1.1816052524048606 1.1425354132566021 1.0964032942558117 1.045536933116509 0.9943766943100579 0.9515919061850712 0.9288406318624356 0.9255633928424623 0.9333529821415743 0.9476241854665948 0.9669729798074667 0.9912967079517174 1.0177618463979508 1.0428958423796468 1.0681820669827446 1.094494277322384 1.127305707004437 1.1668007479680205 1.2122963793412624 1.2630199272585085 1.3180864335296552 1.3764789702207931 1.4370318292720503 1.5002705342849905 1.568757244462748 1.6195095012957883 1.6453308548052208 1.645196907094677 1.6266774706770657 1.5915844741813217
1.0488315179543455 1.0595447347074571 1.0827603062552673 1.113218497972159 1.1463587915852174 1.1789165216918036 1.2085032612558948 1.233259940252691 1.2516734221144297 1.2625267461897525 1.2649130708638887 1.2582719005802026 1.2424324409579366 1.2176706680032272 1.1848057147065785 1.1453820669169588 1.1020018425057125 1.0587764422319568 1.021299961292875 0.9961679435853537 0.9845388607560535 0.9834167325964488 0.989987251648937 1.0028047196473249 1.021037648068874 1.042013346053487 1.0659313232847247 1.0924552091668591 1.1221417739149604 1.1581266596463013 1.2001138072313742 1.2472328954648497 1.2985278287505888 1.352937643080452 1.4092809352696747 1.46768837646015 1.5303192479932073 1.5965914055571009 1.6429436555843273 1.6620210346192936 1.6524793822587158 1.6174335433474296 1.5630788348836728
1.0603717960258778 1.0718403638175968 1.0956788979297194 1.1260229494145704 1.1592461854675655 1.1926932114037176 1.224109169115607 1.2516190776165386 1.273654061984682 1.2889146304859507 1.296375865835058 1.2953242918610093 1.2854213742251592 1.2667955285514665 1.240167123564581 1.2070048630954888 1.1696791762293632 1.1314656791232849 1.0963052688972803 1.0692734677561662 1.0518665805041905 1.043360326353287 1.0425378582617313 1.0485018056416606 1.0588093806941659 1.07312302509966 1.0929026814892913 1.1177987205770517 1.1474363718822387 1.184955775952024 1.2283880717580906 1.2761251825425217 1.3270282611097668 1.3798586281966023 1.4350253050125734 1.493417628802625 1.5552796214923912 1.6195623395837249 1.6631752944172011 1.6775605093560038 1.661411982521597 1.6144763738049255 1.546177422711593
1.0742683949261138 1.0879544620774895 1.1129824021783685 1.1446088338902356 1.1790587890197648 1.2142221102655628 1.2481100486925745 1.2789389465836571 1.3051339148203298 1.3253216034058122 1.3383418638234525 1.3432900863901314 1.3395966944656028 1.3271448330984572 1.3064136271173559 1.2786099312015973 1.2457167089139323 1.210346355852946 1.1759251675576172 1.1468800006797193 1.1247813101074093 1.1100206545504068 1.1024461871424291 1.1005369022802034 1.1032447556023908 1.112406990728623 1.1275971344093951 1.1483710608427034 1.1743399454498926 1.2078162014464204 1.250795624928806 1.2981275969515946 1.3478669628755031 1.3998283032888414 1.4558142207721902 1.513810232164595 1.5747955708846721 1.6372830695102054 1.6801425853326628 1.692760057899759 1.6745716613520292 1.6247760789552406 1.5493819185725923
1.091786944596528 1.107426620617438 1.1336329273294656 1.1673601258527904 1.2039494367030872 1.2416182482967808 1.2786477668702267 1.3133934298015253 1.3443138637660936 1.3699774177187656 1.3890751147958778 1.4004628601876004 1.403252021752281 1.3969567252425843 1.3816781161324176 1.358262514484263 1.3283364689757085 1.2941334003056677 1.2594301097608158 1.2279848210204405 1.201550853127206 1.1811844781661833 1.166500095135364 1.1564116205055264 1.1534182820271464 1.1574665296304025 1.1680438554526564 1.1846804913605162 1.20693096922236 1.2349520060029742 1.2736020394739267 1.317712342547047 1.3647959628621489 1.417209003635714 1.4732156472380784 1.5310268821043969 1.5916939856515184 1.6533384477145041 1.699494535295297 1.7149151891852235 1.699185741761859 1.6518947240695474 1.5742349693095297
1.112447180891573 1.1297729314695883 1.1571796248254533 1.1929450794031837 1.2323098220244035 1.2731036276072012 1.313846882220653 1.353049083904726 1.3892308533408981 1.4209224204843847 1.4466605170019602 1.4650125911644878 1.474665120008989 1.4746085423777568 1.4644106043597938 1.4444860109657376 1.416201206558279 1.381864042929562 1.345936349170424 1.3115188086158034 1.2807212302817448 1.2541297484753129 1.231335449521 1.215121849336679 1.206784805704171 1.2059028637998976 1.2120202627057703 1.2246680144360005 1.2433659458790798 1.2676165559202877 1.2999617524206502 1.34051573460862 1.3869735005160253 1.4393657205500445 1.494926522997771 1.5531318195883814 1.6137907545074683 1.6745750047127157 1.7252270357880903 1.7456563785946138 1.7349124855938358 1.692968392142017 1.6199773297117073
