_RESULTS/CROSS_VALIDATION_POSTPROCESSED_CLR/MHZ/TZ/3comp/3/MHZ_TZ_z_1000_kriged_reverse_3comp_spherical_3.asc
ncols 100
nrows 81
xllcorner 5.5967107548124995
yllcorner 50.982328804812504
cellsize 0.00017565037499993607
nodata_value 1.7014100000000001E+038
[rows 57 to 75 of 81, columns 42 to 83 of 100]
-2.6049352281942912 -2.556091607535637 -2.4811684211387592 -2.3819435190164815 -2.2597246371867614 -2.11753181374412 -1.960379677028071 -1.7961474979019714 -1.633079818078577 -1.4802948363816406 -1.3482151305478094 -1.2498664949712217 -1.1918910446668871 -1.1772417241373803 -1.2049550036758154 -1.271254395450844 -1.3712815771324376 -1.500400980514891 -1.649936255189774 -1.8114441667928902 -1.976166664251642 -2.1341665067383877 -2.280810767061988 -2.40939382359661 -2.5170070045732245 -2.6066432458767403 -2.6787818690034486 -2.6939264442486004 -2.609713885021671 -2.513377328424225 -2.418668690399709 -2.3280000041595716 -2.243104449988019 -2.1655901176512207 -2.0967995591162962 -2.0376015875595774 -1.988319890326483 -1.948849484763488 -1.9188779880930316 -1.8980882810041004 -1.8862058277088134 -1.881869197002219
-2.683686478298851 -2.6480845390286403 -2.5840550286063286 -2.4946726636256145 -2.3819272679372756 -2.2486884892026557 -2.0999919208746958 -1.943829490301731 -1.78850590092561 -1.6425445068787314 -1.515099427473611 -1.4186249036595084 -1.3574963448085617 -1.3341897273174919 -1.3487648501414946 -1.3992377444511161 -1.4825123171229433 -1.593070872010351 -1.7222162271587877 -1.865036323620757 -2.0153174351418874 -2.1610519069626126 -2.296321652155654 -2.4168670502148895 -2.520127440164364 -2.605084308904929 -2.6668979644395705 -2.6725405016172616 -2.6020225318176995 -2.513459899908413 -2.423996551212593 -2.3370894531124207 -2.25513632465863 -2.179841187656083 -2.11239664018515 -2.053636203694666 -2.0040211093640448 -1.9637072923039929 -1.932668560276281 -1.9108237398067465 -1.8979855167486595 -1.8928204576098921
-2.770307660263419 -2.7503156489917706 -2.701926877236924 -2.624538244027691 -2.5214315843347244 -2.3960350943137905 -2.2535956970484396 -2.102446531495539 -1.9514074878203045 -1.80875996694774 -1.6826849763053722 -1.5849972432876682 -1.5196908533544624 -1.4883582363298453 -1.4915620776767422 -1.5283142367469105 -1.5956766423193887 -1.6858295713559681 -1.7946653651467885 -1.9187909444751823 -2.0523676068568073 -2.1843630680916424 -2.3066629814920456 -2.4154659954786766 -2.5073023027493027 -2.5779563160636716 -2.618915644091622 -2.6140685479220993 -2.5623000916347287 -2.490925240674782 -2.412816546898246 -2.334107965815881 -2.258098729438273 -2.1869562848517266 -2.12243535126645 -2.0656014553517332 -2.017099549121646 -1.9773100386531106 -1.946439301203061 -1.9246100501102776 -1.9116386725434982 -1.9062985253707796
-2.8601324174368843 -2.8581772950492175 -2.828066714930297 -2.7672681703441206 -2.675013327041027 -2.5558449547915747 -2.4168742340530383 -2.2673265134454628 -2.117238345465822 -1.9749976611357543 -1.848018984277799 -1.7470263613187638 -1.676876371692692 -1.6379970993797384 -1.631137681308227 -1.6552964270004278 -1.704513418434953 -1.775178943933396 -1.8643495216600658 -1.9690328468347187 -2.085430907617799 -2.2039136273859112 -2.3121834003910204 -2.4071136844083663 -2.4848312966718504 -2.5403829842815417 -2.5655993044660823 -2.55235117723519 -2.5121370181453564 -2.45526552101978 -2.389514329507262 -2.3206530549624027 -2.252475270591091 -2.1875414309778503 -2.1276647992280417 -2.074158362239062 -2.027996011343111 -1.9899010111704312 -1.96028637161457 -1.9394520350100435 -1.9269688811129209 -1.920899065208531
-2.947380225800179 -2.966112556433341 -2.957486546022496 -2.91604524272678 -2.837722719468223 -2.724265295547073 -2.5850320098319135 -2.43338115278244 -2.281186315442291 -2.1371706595459394 -2.008070938536355 -1.9027886085556704 -1.8274357921485838 -1.7816022929745614 -1.7652549981614738 -1.7742025883929424 -1.8060582730748478 -1.8585278968378252 -1.9290348020931134 -2.0148538742728093 -2.113179766729711 -2.217567447544428 -2.312878524733213 -2.3941397557034882 -2.4575568197251947 -2.4973813637488593 -2.507860193291567 -2.4923621647921186 -2.4599026110394897 -2.413863170101083 -2.3590583951660395 -2.299972105619611 -2.2401284274618054 -2.1821605895452407 -2.128030286896817 -2.0792082112187247 -2.036799818565502 -2.001637354380661 -1.9743219274197918 -1.954733480702307 -1.9418133198902578 -1.934890604596286
-3.024717047078201 -3.0667514411556502 -3.0840298216958804 -3.0665942237397115 -3.0030940223340465 -2.8930380608709227 -2.7509504280515964 -2.594297670671805 -2.4377017755116577 -2.290830658462686 -2.1595224158668915 -2.0501213033670918 -1.969826583784346 -1.916717053767819 -1.8878697155184776 -1.882233600882865 -1.8982594463848983 -1.9339643013728725 -1.9870691969212575 -2.0551035289522064 -2.135470743188341 -2.2245501486709633 -2.3070965086203015 -2.3747230844789016 -2.4229860936126397 -2.4478100560333047 -2.4488469839576568 -2.4353117040161236 -2.408613720863701 -2.3708699278083825 -2.3252502481665975 -2.2750999047114977 -2.2233992898675248 -2.172600921096426 -2.1246581803564544 -2.081107715552913 -2.042958078430742 -2.010880029092996 -1.9854097142390843 -1.9667273541701924 -1.9538482519721954 -1.946635012028475
-3.082949551480479 -3.1495263790286208 -3.1977338400012654 -3.2135292893780334 -3.1675815565715153 -3.0519200728005678 -2.900033374777081 -2.7381210121535684 -2.5791643067317445 -2.4311271177104814 -2.298851910359131 -2.186781035046618 -2.099940874857095 -2.0368418861178257 -1.996426613764862 -1.9778042949371057 -1.9796091460973073 -2.0000987730571422 -2.0372491886093096 -2.0888346491789402 -2.1522489988985143 -2.2239540947884024 -2.290941566835968 -2.343433984813584 -2.3771341963724884 -2.3904013777504494 -2.3911433231894996 -2.3804603442580947 -2.358908596441171 -2.3280780562472074 -2.2902754485148513 -2.2480600585915598 -2.203872976386095 -2.1598435886015053 -2.1177333513127183 -2.0789517664972177 -2.044600721845527 -2.0155262144505213 -1.9923691456544739 -1.9749356010766799 -1.9626566339571432 -1.955683841246643
-3.111801574233856 -3.1996997696349747 -3.278648357291502 -3.342306283388031 -3.325273909650426 -3.1808577134568123 -3.0150763714807898 -2.850557989872568 -2.69346522136035 -2.548539700881682 -2.4179722270772417 -2.303664162242083 -2.2104699280781435 -2.1393749689341846 -2.0892407059584817 -2.0593206927695116 -2.048402687901223 -2.054871603853371 -2.076778975800124 -2.11191019020919 -2.1578444894485878 -2.2118151847587457 -2.261744386660495 -2.299067445300745 -2.320481851478845 -2.331703891485499 -2.3334478262586784 -2.3255687591530103 -2.3085955889937626 -2.2837375765589654 -2.252717293207083 -2.217511215478442 -2.180107347724635 -2.1423416520781395 -2.1058172186573993 -2.0718823556661174 -2.0416422064606277 -2.015986407998172 -1.9954680131611817 -1.9795415543028814 -1.968325420094541 -1.9620484093804311
-3.1105756063914667 -3.2029358370812027 -3.2952301707712834 -3.377632658978583 -3.3793207926537177 -3.2345745516728774 -3.0765438395934686 -2.9207286357674094 -2.7711763181284033 -2.63099119711722 -2.503393135341664 -2.3903001432223574 -2.294031797816334 -2.217311526666918 -2.159531547303395 -2.120053813986652 -2.097836807309979 -2.091481310117062 -2.099284049535339 -2.119293667793626 -2.149365743884947 -2.187037746478327 -2.220597869918164 -2.2439624660203474 -2.261799746555949 -2.2730146675077463 -2.2760300625237937 -2.270824648788408 -2.257886957060775 -2.238181184728513 -2.213050020658834 -2.1840600821626954 -2.1528427318246757 -2.1209688298058174 -2.089870298121728 -2.0608030038870857 -2.034838830312041 -2.0128706978941304 -1.994871646142231 -1.980798226942633 -1.9710182681094757 -1.9658186420639931
-3.0789951514605924 -3.1620292059247808 -3.2391270231852287 -3.2938449041952973 -3.2845372098224104 -3.1976572150029385 -3.073441689572864 -2.938554995873867 -2.803611391615312 -2.6738573634609217 -2.5530871548208625 -2.44425625949777 -2.348866578921204 -2.2684335616867624 -2.204807983172438 -2.157520283564588 -2.1257256406229383 -2.1082477662244683 -2.1036272026530396 -2.1101722628120503 -2.126011333392108 -2.1488667686589977 -2.1713616211196594 -2.1905443233234214 -2.20542007981757 -2.215149644198515 -2.219125495227631 -2.216466780287013 -2.207160159143138 -2.192000884047334 -2.1720715272370006 -2.1486445404543746 -2.1230754595334584 -2.0967099821079853 -2.070816839778602 -2.0465477741356817 -2.0249199240284703 -2.0064263016240016 -1.9909607299612215 -1.9790002270241922 -1.970950686615572 -1.9671418590173926
-3.017563970480286 -3.086927950176205 -3.1438570889057744 -3.175241897291171 -3.164981000921836 -3.1086527290571766 -3.0175191238373604 -2.908394960154241 -2.7927709879803624 -2.677558309050927 -2.5671833227583583 -2.4652501123034574 -2.373983598162295 -2.292603520097443 -2.2248210964869797 -2.171375022725038 -2.1316387332930935 -2.1046657018614305 -2.0892387653783406 -2.083920007560727 -2.0892823515677614 -2.106583436361962 -2.1252405432298227 -2.1411349778653093 -2.153442467350632 -2.1614889515128812 -2.1648098354594714 -2.1632010933071775 -2.1567489198720096 -2.145664809459297 -2.1304008328277173 -2.1120034218595496 -2.091614692227314 -2.07039412083926 -2.04946398774197 -2.029872052840317 -2.012351527670598 -1.996922429211024 -1.984123067740662 -1.974462866387801 -1.9684630819357825 -1.9669387001785719
-2.9350385749461103 -2.99133615979923 -3.0329677830642154 -3.0515117851840694 -3.0393781594199014 -2.995154327080761 -2.9250981714557773 -2.8385320120688435 -2.7431289438018154 -2.6442296570270676 -2.546653048240952 -2.4539078213466414 -2.3684773619599255 -2.289884747187612 -2.219736844746788 -2.1616158897819986 -2.11543415689005 -2.0809078796160425 -2.0590116980322164 -2.0499014713096706 -2.05361221741078 -2.068445011113129 -2.083600295693389 -2.0965463380522533 -2.1065914644368697 -2.113183578661281 -2.1159516137426055 -2.1147393013584965 -2.1096236791796823 -2.1009131828169743 -2.0891249677485817 -2.074946285807988 -2.0591879772669204 -2.042738338378568 -2.0265234034347657 -2.011297946467141 -1.9972610726840772 -1.9851029132056075 -1.9755425352390052 -1.9692688105347753 -1.9669409088649594 -1.9669387001785719
-2.8394617537189166 -2.8849929260027403 -2.9159992377607895 -2.9272594100494156 -2.914840997744279 -2.878232083145705 -2.820861378942331 -2.7484465675078718 -2.6669186797865243 -2.581326585507078 -2.4956494177256476 -2.4129870087080256 -2.334744453942435 -2.2609464416643883 -2.1933441976046244 -2.134226138074188 -2.0869592717851155 -2.05197912970751 -2.0295206836568243 -2.0197657301460956 -2.022866468871809 -2.035301789998575 -2.047240200887408 -2.0575152013826896 -2.0655389122436802 -2.070850950804884 -2.0731479868753295 -2.072306772714811 -2.0683961707030014 -2.0616753256654268 -2.0525778874808225 -2.041685101423912 -2.029692539676052 -2.0173756537791125 -2.0053204293585085 -1.9938080640568443 -1.9835295473101813 -1.9751818443954228 -1.9694465487429815 -1.9669855807863244 -1.9669387001785719 -1.9669387001785719
-2.737023773839945 -2.774069084105748 -2.7977157598753672 -2.804675381215291 -2.7927680317136216 -2.7618783072582587 -2.714175234976296 -2.6534251689268347 -2.583960145884675 -2.5099123604315743 -2.434878959579995 -2.361865760251095 -2.2915164696159387 -2.224501408299255 -2.162522317242979 -2.107341320123929 -2.061027662188311 -2.026581140389536 -2.004479010150344 -1.9950127906252668 -1.9984385448536335 -2.007934377038506 -2.016896890897215 -2.024728345816021 -2.030922899479933 -2.035090395165345 -2.0369778458234404 -2.036485590232103 -2.0336753880548772 -2.0287688039176186 -2.0221358855510196 -2.0142758579287965 -2.005778607609618 -1.9969306447100608 -1.9881846588608612 -1.9801694975261284 -1.9735297445528723 -1.9689134183927688 -1.9669633769004504 -1.9669387001785719 -1.9669387001785719 -1.9669387001785719
-2.632266385674855 -2.662634269651579 -2.681071049875261 -2.6854433100551356 -2.6744888317037843 -2.648287931859966 -2.6083696003045 -2.5573902360438665 -2.4985920850362 -2.4353127319916736 -2.3706824186224846 -2.307184724503494 -2.244931301543171 -2.1854131265335837 -2.1303153400717756 -2.081134821515289 -2.0392903172330734 -2.006503005750126 -1.9855563546257649 -1.9772039690801455 -1.9807936304105591 -1.987072049702375 -1.9932626270221168 -1.9988384300952398 -2.003359173205965 -2.0064894067025785 -2.0080144273891505 -2.007851902739234 -2.0060574882605486 -2.002823446589631 -1.998469616816182 -1.9932192401635374 -1.9873490285710478 -1.9813367237228443 -1.975713312883272 -1.9710465317130372 -1.9679267610881936 -1.9669387001785719 -1.9669387001785719 -1.9669387001785719 -1.9669387001785719 -1.9669387001785719
-2.528566461675423 -2.5535974620588586 -2.568237979105377 -2.5710576546218884 -2.5613068623200075 -2.539166302614623 -2.505802266185894 -2.463201138249079 -2.4138679564227288 -2.360515576100541 -2.3058312563489225 -2.2511900178262065 -2.197030997848169 -2.1451991866239735 -2.097367453489626 -2.0550484808576006 -2.0196238029713878 -1.9923696837845633 -1.9744787280248233 -1.9679550134678239 -1.9701673131551094 -1.9734059947854228 -1.9769977886083474 -1.9804743083683587 -1.9834482538459826 -1.9856274836119943 -1.9868270068973073 -1.9869775386181852 -1.9860843083616266 -1.9841648115115933 -1.9813994831633475 -1.978064216569842 -1.9745152430213322 -1.9711755296459461 -1.9685206515023352 -1.9670653075616882 -1.9669387001785719 -1.9669387001785719 -1.9669387001785719 -1.9669387001785719 -1.9669387001785719 -1.9669387001785719
-2.4285355980817567 -2.449208219187719 -2.460997372399849 -2.462912165161682 -2.4545027389311054 -2.435999617807724 -2.4083433223535664 -2.373091513703715 -2.3322414559989775 -2.2880299897929617 -2.2425424694917737 -2.19596620988907 -2.1497334985725023 -2.1056012094145813 -2.065189544413656 -2.0299922429450508 -2.001392403161088 -1.9806794627524904 -1.9690651078533967 -1.9669387001785719 -1.9669387001785719 -1.9674086912228002 -1.9686000837227235 -1.9701141156530202 -1.9716092801663776 -1.972812851876312 -1.973530558211396 -1.9736540030419918 -1.9731650091744934 -1.9721363608900808 -1.9707288555522624 -1.9691850216417282 -1.9678202294958664 -1.967012137823568 -1.9669387001785719 -1.9669387001785719 -1.9669387001785719 -1.9669387001785719 -1.9669387001785719 -1.9669387001785719 -1.9669387001785719 -1.9669387001785719
-2.3342906563006687 -2.351322978460576 -2.3609062846453557 -2.3623322652134626 -2.355332269050113 -2.340158240269898 -2.317598384247027 -2.2889208521603184 -2.255763486379004 -2.2200016815801753 -2.1823435730944745 -2.143377550143927 -2.10481042528419 -2.068274868946813 -2.035313223837468 -2.007375043493363 -1.9858224100206106 -1.9719389556690285 -1.966940078859704 -1.9669387001785719 -1.9669387001785719 -1.9669387001785719 -1.9669387001785719 -1.9669387001785719 -1.9670035749924037 -1.9671955043454703 -1.967354398557775 -1.9673845281025613 -1.967269861498738 -1.967074628636844 -1.9669410805636147 -1.9669387001785719 -1.9669387001785719 -1.9669387001785719 -1.9669387001785719 -1.9669387001785719 -1.9669387001785719 -1.9669387001785719 -1.9669387001785719 -1.9669387001785719 -1.9669387001785719 -1.9669387001785719
-2.247626427574258 -2.2615527606601917 -2.2693815388783483 -2.270591305718684 -2.2650256529213926 -2.252941678849829 -2.2350177640823152 -2.212316926762344 -2.186214908548713 -2.157739514186659 -2.126888429526652 -2.095093806181869 -2.063888886544677 -2.034777197782226 -2.0092101499149444 -1.9885767729279336 -1.9742015221208407 -1.9673469229323175 -1.9669387001785719 -1.9669387001785719 -1.9669387001785719 -1.9669387001785719 -1.9669387001785719 -1.9669387001785719 -1.9669387001785719 -1.9669387001785719 -1.9669387001785719 -1.9669387001785719 -1.9669387001785719 -1.9669387001785719 -1.9669387001785719 -1.9669387001785719 -1.9669387001785719 -1.9669387001785719 -1.9669387001785719 -1.9669387001785719 -1.9669387001785719 -1.9669387001785719 -1.9669387001785719 -1.9669387001785719 -1.9669387001785719 -1.9669387001785719
