_RESULTS/CROSS_VALIDATION_POSTPROCESSED_80-20/MHZ/IZ/1comp/3/MHZ_IZ_z_250_kriged_reverse_1comp_spherical_3.asc
ncols 100
nrows 81
xllcorner 5.5967107548124995
yllcorner 50.982328804812504
cellsize 0.00017565037499993607
nodata_value 1.7014100000000001E+038
[rows 0 to 18 of 81, columns 44 to 87 of 100]
33.45614036915539 33.39381540932095 33.32001544778648 33.23639118324452 33.13870886715436 33.0310237497532 32.918410969806594 32.80589765264192 32.69823002935034 32.599586090064136 32.5132716275981 32.44145992084147 32.38537159460304 32.34718247600178 32.326251756930205 32.320850528947545 32.329376179910426 32.351584177327936 32.390670791383414 32.455122024138355 32.55287547655864 32.676771250256884 32.8079964296894 32.9303559552378 33.033096820827275 33.11755715479897 33.19974241230394 33.278808199585775 33.353541804145834 33.422934400970085 33.48609486841323 33.54220319408271 33.59048373329397 33.630188931000035 33.66058880561774 33.68096372811306 33.69059914926469 33.69130235310803 33.69130235310803 33.69130235310803 33.69130235310803 33.69130235310803 33.69130235310803 33.69130235310803
33.35995384194753 33.27621753366997 33.181242564965466 33.07550278176669 32.95542105592146 32.82595159934733 32.6928111277964 32.561815997680704 32.438589265146796 32.32816581382254 32.23454130589232 32.16025672203388 32.106134644839145 32.07373327292835 32.063066257472435 32.06986217680198 32.08980751034427 32.1198018209745 32.1609475058437 32.22785371315489 32.35154061297919 32.51955408817562 32.692815505236 32.85108730677884 32.98523361522485 33.089272823089004 33.1765649743614 33.25968349227361 33.33773892406093 33.409928829731136 33.475498853652034 33.53372274594826 33.583891116509704 33.625304499836005 33.65726866259635 33.67909112486847 33.69007835859887 33.69130235310803 33.69130235310803 33.69130235310803 33.69130235310803 33.69130235310803 33.69130235310803 33.69130235310803
33.26011655486059 33.150293817560524 33.03054974526306 32.90187789845063 32.75874971434965 32.60641752049621 32.45135007532646 32.300351686613716 32.16021679893217 32.03720038563284 31.93724091150138 31.866960621219725 31.82576813359465 31.81106144817449 31.82036504633511 31.84778752433399 31.886869366791124 31.931450996341738 31.97648740874618 32.0236537314884 32.1791188999721 32.397204751262215 32.600741895054895 32.78342382164379 32.94214494204842 33.070491973578385 33.16557179795562 33.25066843241011 33.330318354024726 33.40383547400515 33.470539225615894 33.52975238175221 33.580799395575944 33.62300493335323 33.655692452842445 33.67818276118952 33.689792525681305 33.69130235310803 33.69130235310803 33.69130235310803 33.69130235310803 33.69130235310803 33.69130235310803 33.69130235310803
33.1640634776857 33.02812612177925 32.880980750671334 32.72470348377517 32.557089082276356 32.38141738290041 32.20292134157352 32.02952853283928 31.870444393291947 31.740066856816153 31.644721307809544 31.586664819197818 31.564228781978947 31.572972360799557 31.608905795364244 31.664835577831678 31.732787954621884 31.80577585018229 31.87956493243624 31.963648162138774 32.13125895216316 32.3537103026267 32.56618699788373 32.757115440061675 32.922531900602564 33.060056467031025 33.16761866908118 33.252438353692064 33.331773724243945 33.40502982070478 33.47151108866892 33.53053042270849 33.581405496466814 33.62345616377548 33.65600236674453 33.678362279451086 33.68985055339775 33.69130235310803 33.69130235310803 33.69130235310803 33.69130235310803 33.69130235310803 33.69130235310803 33.69130235310803
33.079135505129656 32.921089133858594 32.749660280169756 32.56683524883051 32.37033025989807 32.167301485791164 31.96344205641306 31.769185738433475 31.601193648167726 31.467591483760334 31.375190094133444 31.327826258309887 31.324959819697874 31.36161810023821 31.43154933381631 31.52437104939011 31.630722301804003 31.74423488792192 31.86442682602112 32.002916882005294 32.1795191730462 32.384810776306274 32.59004678116896 32.77857845500869 32.942986336190955 33.07951613330115 33.18590552094699 33.26508085521396 33.34200711057796 33.41343768441353 33.478356311886714 33.536010028067004 33.585670780740514 33.62662567746319 33.65817057237809 33.679605498975214 33.69023115852702 33.69130235310803 33.69130235310803 33.69130235310803 33.69130235310803 33.69130235310803 33.69130235310803 33.69091155333271
33.01900429496732 32.84059848831886 32.645346060517525 32.4362030076278 32.210597297404625 31.97534856479194 31.748171098906507 31.542154175097014 31.36345652900594 31.223323730701374 31.1323368361686 31.09713443130432 31.117495102750397 31.186038764312386 31.29299146155647 31.427906094588824 31.579190905876565 31.73756491258502 31.901784741411365 32.07649922474652 32.266422789464436 32.466265609410584 32.66259302487955 32.84343246900244 33.00124367373141 33.13163366194569 33.23193688503805 33.30061808174894 33.36138007870063 33.428544860039 33.49066962056666 33.5458632053168 33.59332378153573 33.63228443931333 33.66200060500258 33.68174144234427 33.690783644942194 33.69130235310803 33.69130235310803 33.69130235310803 33.69130235310803 33.690494820161405 33.68260101475986 33.66858726438744
32.988854796777964 32.79125095818796 32.573113402180674 32.338291576682096 32.08419531213058 31.825595610537817 31.579354042688436 31.355237477741138 31.160617166389944 31.008236616670033 30.91500212255511 30.892953299515906 30.942528490640154 31.051672572981293 31.203703021610796 31.383449728692874 31.578116566214227 31.779942127550747 31.982231698590414 32.184454502159255 32.38685603910403 32.58595170117568 32.774733638974375 32.94579171068932 33.09336623141358 33.2135461728967 33.30374985507943 33.362198227245 33.401614621466514 33.4506184014172 33.5077394439491 33.55950797700634 33.6038788864341 33.64002011677666 33.66713696393436 33.684459453219674 33.691233284290604 33.69130235310803 33.69130235310803 33.69130235310803 33.685449889211995 33.668515676703734 33.643661821815144 33.61400489876398
32.99265600177886 32.777188360326576 32.53780107789429 32.27860883273603 32.00562409604573 31.732905972121262 31.46707698075953 31.21781863503984 30.999039147643302 30.825023389659627 30.721859261950385 30.713109392790518 30.80079955177527 30.962498214136218 31.169342881307948 31.39922883598927 31.636633989754348 31.87337530191995 32.10616032757298 32.32972614031094 32.541635692378435 32.73987357850511 32.920861746170374 33.080462990096166 33.214994032135266 33.32161118306458 33.39823102485073 33.44329701197299 33.46277769238154 33.48947545583398 33.52903212761413 33.576152748426516 33.616667456342306 33.64925945330792 33.67308155494011 33.68732151708808 33.69130235310803 33.69130235310803 33.69098660058666 33.67963171353699 33.65444799407665 33.61884287196923 33.57624600739732 33.530066774543116
33.03283642471032 32.80137242488013 32.54341264460629 32.26633017130712 31.987111851522204 31.7036307544387 31.420374200577765 31.145079361022905 30.891515298217126 30.68153659511865 30.552402954101694 30.55537474205191 30.697321185192 30.929110688201845 31.200691407473073 31.48334073962221 31.761262513098345 32.02717922684244 32.27861190422151 32.51525103601314 32.7319802416816 32.926432943315234 33.09738698334188 33.24311273138431 33.361788582326604 33.4517737763609 33.511677815284955 33.54030974579306 33.54016630490599 33.54415450116751 33.561845609947106 33.59484915372659 33.63087605222708 33.65929643409613 33.679214802416716 33.689778338320444 33.69130235310803 33.690747963813244 33.6763117722588 33.64625253364069 33.60396520174858 33.55197784992947 33.493148007544555 33.430651495211166
33.1093803344925 32.86492847126933 32.59297967440076 32.31256509684595 32.0317530065228 31.744059170610615 31.450151840070127 31.15426295309396 30.864721839663122 30.60091914692634 30.411404312273238 30.419286775061693 30.65146691978487 30.975657423928354 31.316232814402532 31.647590156199314 31.958839446718677 32.24563147998102 32.507068464620495 32.74427243736006 32.95829459863703 33.14409651663687 33.3011579436279 33.42965092557424 33.529319906955976 33.59963644148631 33.63991155660968 33.649350354582 33.62893648966113 33.610231488895984 33.60612964377887 33.61827742458911 33.64558618626744 33.669322553265815 33.684818945825306 33.691187468587515 33.691849419042065 33.68241585381974 33.65537744356757 33.61260364414893 33.55629761219416 33.48905045208452 33.41387888828283 33.33423295035582
33.23690604624109 32.97474066420704 32.69421981725234 32.41693824655485 32.14030231928403 31.858241711486013 31.566080487796878 31.265103551835534 30.95736527689703 30.646922990574705 30.34677554647718 30.32780083535419 30.730609088788135 31.146116822514756 31.53939877865029 31.903833706129042 32.23505379941143 32.53109950837826 32.79223690781186 33.020646582689736 33.21972067980793 33.3903044469415 33.5284321022029 33.63557545600249 33.71275641342062 33.76036162884964 33.77828659936845 33.76606442698154 33.72421098650553 33.68323662748402 33.65779553192205 33.64950021029992 33.65989160599335 33.6784559491311 33.689284262875816 33.69688074842236 33.69823230287533 33.679344229659144 33.64144002430098 33.58626889785521 33.51596465003071 33.43312968964434 33.34090600482598 33.24301497568835
33.42673110246554 33.1507934667105 32.86696166468406 32.58695514437392 32.312821897152546 32.04509810585681 31.770987829334295 31.48979290366739 31.204239627144286 30.92095718833825 30.669604957092588 30.686826902444793 31.069044642511507 31.489186898660876 31.89084056292208 32.26103876010577 32.592862219162555 32.88300703563387 33.13166664783073 33.34126071567763 33.51586278055116 33.660794128091744 33.7742121158877 33.855467366071736 33.906563157547055 33.92853528851603 33.9216607156611 33.88565848078581 33.8211613760662 33.75874235835212 33.71279375906507 33.684883800512985 33.67649750066918 33.68741575660077 33.70318618089241 33.71729002739127 33.71238143814823 33.685724582021415 33.6382387309343 33.57130281905881 33.486874715467415 33.387615652469734 33.277005460924165 33.15942181435764
33.670052661507505 33.389748513045376 33.108907987550936 32.83252235812613 32.56335529217627 32.306197937537604 32.06262497583786 31.825761055415015 31.598097669878054 31.4017724334764 31.29285900383019 31.365694001731086 31.63404720592824 31.991335545915696 32.363792984473314 32.716970780829335 33.03305891009595 33.30290494586507 33.524365262648274 33.70116795207151 33.84063226306953 33.949883801359846 34.03179919351052 34.08265241011382 34.10429472675226 34.09807493962635 34.064384782665606 34.002938476466085 33.91508113318395 33.832445014819065 33.76719532079701 33.720841003367745 33.69795174146428 33.709369591476154 33.736912444469134 33.75319211115573 33.74521874818064 33.71324537059298 33.657867160970206 33.58014951109444 33.48178093451887 33.3652454645906 33.23400080827354 33.092636438476774
33.95648137858783 33.680148234020315 33.40732034235209 33.14296743524536 32.89054022869048 32.65297752823872 32.43548400762766 32.243672363258995 32.08440765442621 31.972908882406024 31.950296124611004 32.053744476387145 32.27965668641895 32.5854761597073 32.92140083067206 33.248717948906716 33.54073983550695 33.781150834815065 33.96493164708457 34.09727401578739 34.18887840581915 34.25099798594975 34.29250382780024 34.3090312762492 34.298525724139665 34.26223346988532 34.20035333968839 34.11238542255319 34.00146594630349 33.90024868776551 33.81748627199287 33.75987600084789 33.73880355748068 33.75362811600172 33.792319283391976 33.80929721060182 33.800093063883445 33.7645823251183 33.70294743288109 33.61582448556449 33.50448994194191 33.371087145894954 33.21888307785393 33.052530380008655
34.27441818828086 34.008480365964886 33.75210515425749 33.507952753036676 33.27802803778843 33.06542632379726 32.87590574579583 32.71991692611482 32.61090058457315 32.564234382893076 32.59502725486792 32.72060524025808 32.93271365265013 33.210597421457145 33.52055821716958 33.826716199212534 34.09572258742315 34.30238205858322 34.438859108052114 34.51548406355854 34.54981791976242 34.55716747528006 34.54809627252529 34.52511725790409 34.4809599059638 34.41373383844507 34.323141972789216 34.20828492025993 34.076112664496144 33.95990538887539 33.868419139259295 33.814084437797135 33.79788477858423 33.821565435439425 33.865386444272055 33.88516867839421 33.87692035869827 33.84008006894216 33.77432805459316 33.67974401770235 33.55702221360335 33.40775260787681 33.23476754440816 33.04253603161749
34.61254754318283 34.3646922171031 34.12959246674081 33.90931284186228 33.70559763946118 33.5206213479278 33.358970293076936 33.230442525048026 33.15152183959283 33.14074013849151 33.20634852447906 33.34795371748625 33.55746597335861 33.82301383221714 34.120963889938835 34.419201142229895 34.67626073980798 34.849782972074614 34.92757506702704 34.93534722722192 34.903864614695 34.852389521908364 34.7910922044018 34.72359146309627 34.64277685573542 34.54505649519029 34.42624048482327 34.28491355185131 34.13817795809918 34.01470173881363 33.926127003820255 33.878341064478775 33.87259201650822 33.90786729963001 33.95501067271364 33.979974112556405 33.97522720915374 33.93972673552476 33.87257189320446 33.77315979082474 33.64141541877486 33.47811856155877 33.28534228574513 33.06804624991246
34.96109355426728 34.733483177063675 34.520788081787614 34.326343940702195 34.15168781345863 33.996522111430494 33.86107421030182 33.75228599197007 33.68710337351608 33.68673801265859 33.76762077033737 33.91901674290047 34.12826940236579 34.38778919116172 34.682715807513034 34.988645889305076 35.258320919409236 35.40571057561648 35.40359508656034 35.327280221834755 35.22598216181462 35.11692040972393 35.0063074570874 34.89619089761394 34.77827244198948 34.648873607115654 34.50336712314252 34.340891454570674 34.189057967358586 34.06614540562684 33.98596911534248 33.95078453157865 33.95998909731372 34.00639079823263 34.05961492092549 34.09236975934342 34.09400439499697 34.06297471015769 33.997746792775146 33.896930040858194 33.75949754937553 33.58513659164979 33.37528054053859 33.15232071129765
35.28616704991821 35.072058839882345 34.87799006999451 34.708695478198806 34.565868766390736 34.445915249161665 34.340695859334915 34.250309598224874 34.19329132362453 34.19293931202346 34.26616243079907 34.4192168020673 34.62424543493954 34.874549753198295 35.16244014578764 35.47677018412863 35.7947592250899 35.94315912970858 35.80995091200064 35.647372604399706 35.48623460578465 35.32984226386198 35.17856887541929 35.03191281759619 34.88121754893413 34.72064337814201 34.55170599007587 34.37825353411296 34.22559055998404 34.11281816548393 34.04776366329557 34.02915574342511 34.05536893870506 34.11412583819484 34.177059826144685 34.22037787342746 34.23154055550878 34.208521338903594 34.14914808761122 34.05118757281657 33.91251727031755 33.731457863158376 33.52293070105017 33.30428363606961
35.5545202539339 35.350976138930086 35.17239610114367 35.0258352917079 34.91524656634548 34.836201853905294 34.763624937948265 34.67867455667387 34.61923914198333 34.61853643141069 34.69051371815512 34.83763753050248 35.03120641474371 35.261826519447034 35.5231720245981 35.80325133846124 36.08103031864783 36.19027504446753 36.02679078673136 35.832934438280084 35.64147874807606 35.45640354656037 35.27833907641414 35.10693966248841 34.93448221567614 34.75370070701914 34.568630374733246 34.394911657097325 34.25174784546318 34.15636886966139 34.109308028681504 34.1091969142083 34.15432206085482 34.227938751781636 34.30456664642943 34.36127070629459 34.38525094001411 34.37406239465842 34.3249575900289 34.23489431932883 34.10060070561389 33.9260513703821 33.73489551784022 33.52265844843683
