_RESULTS/CROSS_VALIDATION_POSTPROCESSED_80-20/MHZ/IZ/1comp/3/MHZ_IZ_z_710_kriged_reverse_1comp_spherical_3.asc
ncols 100
nrows 81
xllcorner 5.5967107548124995
yllcorner 50.982328804812504
cellsize 0.00017565037499993607
nodata_value 1.7014100000000001E+038
[rows 51 to 67 of 81, columns 0 to 39 of 100]
1.0680807036961207e-06 8.09643425089161e-07 7.31936202549111e-07 7.222943308698434e-07 7.539599870691333e-07 8.453807539692164e-07 1.025129925499754e-06 1.3113364573176563e-06 1.7069399888540433e-06 2.22887953622195e-06 2.9082099713395664e-06 3.7582127072317583e-06 4.788739146125174e-06 6.003869198067642e-06 7.400278739944447e-06 8.971177273244143e-06 1.07336907452855e-05 1.2836279986188941e-05 1.5865655010321442e-05 2.1476739050318816e-05 3.086567238717078e-05 4.1930773922521175e-05 5.160171438448808e-05 5.792735496222487e-05 5.9311313319747915e-05 5.5088097208362865e-05 4.627771554084097e-05 3.5413522876859304e-05 2.6701549339601207e-05 2.205100178635162e-05 1.779246389613041e-05 1.403373064606068e-05 1.0920917860150449e-05 8.510897609705939e-06 6.799638741154824e-06 5.749419289675025e-06 5.339952713065849e-06 5.64375794537753e-06 6.96652301689239e-06 9.660539925228413e-06
1.1444493433145035e-06 8.474760685765019e-07 6.863164208792712e-07 5.877004922435207e-07 5.376180436732763e-07 5.552181550983267e-07 6.656535006042883e-07 8.682039974725351e-07 1.1536582340346754e-06 1.540742201821032e-06 2.05277889439426e-06 2.7137568070799407e-06 3.554033475104839e-06 4.612244525304177e-06 5.939667764373997e-06 7.611912312944688e-06 9.762201810642286e-06 1.2665208562805969e-05 1.6897853699203124e-05 2.3903340399250414e-05 3.455463070515597e-05 4.707243038020838e-05 5.841882624085704e-05 6.597846956317743e-05 6.760140637581396e-05 6.117662436999989e-05 4.945620214541618e-05 3.71130239949809e-05 2.6407393068894602e-05 2.0098803655331088e-05 1.4927200414046328e-05 1.0766367117061667e-05 7.585952514236611e-06 5.285376443069473e-06 3.7343123165985615e-06 2.802779471920565e-06 2.398640018282829e-06 2.4655685963571194e-06 3.0329743758773825e-06 4.121631301113633e-06
1.3084793260938206e-06 9.329606267529824e-07 6.915101495314277e-07 5.227875841011922e-07 4.075193069825255e-07 3.743584514115413e-07 4.666904583568834e-07 6.33632081068842e-07 8.56677406466506e-07 1.155257330355261e-06 1.5508448482582285e-06 2.071830557774245e-06 2.758948988391424e-06 3.67170369418237e-06 4.898982279625002e-06 6.578237800858711e-06 8.932673181254823e-06 1.2339291544128356e-05 1.747043780235981e-05 2.591419812446915e-05 3.836245809057543e-05 5.3284984943653133e-05 6.753242112587045e-05 7.700375605934502e-05 7.739566499001221e-05 6.875870389102023e-05 5.564196620623714e-05 4.133389367766492e-05 2.8499600591965944e-05 2.007475482159593e-05 1.3843187641167154e-05 9.224106575209104e-06 5.9392485656859515e-06 3.7107736294408257e-06 2.2893016543371747e-06 1.472655841913511e-06 1.1366997661165067e-06 1.1852157684474427e-06 1.5545779552215526e-06 2.2105272996118355e-06
1.593872490578248e-06 1.0983339366686525e-06 7.703212243209868e-07 5.407747595332889e-07 3.7518046609428006e-07 2.9004788852962185e-07 3.9795159885849586e-07 5.400417773617608e-07 7.181105308033566e-07 9.524904708395849e-07 1.2624416893480474e-06 1.6761664717022619e-06 2.237380195632436e-06 3.014923975152205e-06 4.11830272471801e-06 5.723529145504055e-06 8.11652226539623e-06 1.1761521539080089e-05 1.7509589400895665e-05 2.721257832596454e-05 4.171467227419081e-05 5.984552127026775e-05 7.713063380888297e-05 8.796709507549311e-05 8.862775174272173e-05 7.981384892332574e-05 6.442811453839883e-05 4.763668951300054e-05 3.279590310628816e-05 2.201755646155939e-05 1.4378430215492581e-05 9.043519029085859e-06 5.455109129566844e-06 3.1373812370553225e-06 1.7160424813742871e-06 9.119174435032431e-07 5.801278371996964e-07 6.861383510615946e-07 1.0326794757361685e-06 1.5652512192544653e-06
2.056797709304941e-06 1.3972227975698858e-06 9.616905835537938e-07 6.731978209044885e-07 4.884721356645736e-07 4.150804722551503e-07 4.5414260657727354e-07 5.512920696608735e-07 6.850146723626705e-07 8.657596760159052e-07 1.107164037225419e-06 1.4338778933342639e-06 1.8875946669646181e-06 2.5380038625259447e-06 3.5012986506527873e-06 4.970952371431139e-06 7.267790363677842e-06 1.0916159986987502e-05 1.6989762073554543e-05 2.758113732314784e-05 4.3881574687349434e-05 6.390155290891093e-05 8.338767284217728e-05 9.768932481848628e-05 0.00010419564107105326 9.48853218064105e-05 7.542578968114452e-05 5.5436319126002536e-05 3.8502976604700726e-05 2.5594471053585538e-05 1.6427154612162348e-05 1.0127319271147795e-05 5.990265215993271e-06 3.364684047537803e-06 1.7750904245357434e-06 8.768891710242675e-07 4.5687919165171067e-07 6.390973601475347e-07 1.004342517831902e-06 1.5234754749203389e-06
2.801546529039666e-06 1.9065233934164875e-06 1.3189137614114814e-06 9.456968638152481e-07 7.181929489249373e-07 6.108180419641841e-07 5.975743450172031e-07 6.429012791650372e-07 7.285740270573827e-07 8.58111225000554e-07 1.0384594895370053e-06 1.288908344744272e-06 1.6461102804571884e-06 2.1750332005671437e-06 2.9885629383571587e-06 4.280812282825565e-06 6.381442584699411e-06 9.856436128591644e-06 1.5956029676045507e-05 2.683411629908988e-05 4.3173947142509585e-05 6.310935985937327e-05 8.296325647827564e-05 0.000104209715880876 0.00012462516486289675 0.00011160784390290419 8.578688585712989e-05 6.337299972914691e-05 4.519524745147842e-05 3.09927148816881e-05 2.0278211831288694e-05 1.2684596117497913e-05 7.707541719851596e-06 4.523179165525963e-06 2.5723220364654766e-06 1.494359469549002e-06 1.0606007743830341e-06 1.1220332427361507e-06 1.4753659280883847e-06 2.044620379314342e-06
3.987574856811072e-06 2.7414091285376726e-06 1.9199864683136053e-06 1.3999983784996296e-06 1.0828503503744804e-06 9.042859335853204e-07 8.248502533916751e-07 8.082866811238937e-07 8.370597131281164e-07 9.108789707572916e-07 1.0299275359854857e-06 1.207240520773605e-06 1.4727747612357773e-06 1.8836164122953958e-06 2.5432941937271234e-06 3.6352565540560443e-06 5.47751674753045e-06 8.684090051185333e-06 1.4521912306932416e-05 2.453837058752475e-05 3.937082682409294e-05 5.69064794814134e-05 7.509607951971014e-05 9.740072354209785e-05 0.00012023792469299064 0.00011165672437551706 8.935090746280803e-05 6.910532248293774e-05 5.2002690477573664e-05 3.800191704465276e-05 2.6513198748302753e-05 1.7447970294216272e-05 1.1317633622311188e-05 7.270094880790137e-06 4.6975233473281435e-06 3.244183910541378e-06 2.6073602385098103e-06 2.565652463202007e-06 2.913243891930545e-06 3.5854674024206636e-06
5.852185736947061e-06 4.080141062485678e-06 2.890261603211446e-06 2.121168970060681e-06 1.6421997776959365e-06 1.3428319282239151e-06 1.163177719633027e-06 1.0604269667007805e-06 1.0133163078459823e-06 1.0185842538511957e-06 1.0686422922386082e-06 1.1693185769449728e-06 1.3428823554931095e-06 1.6371618273510747e-06 2.1439180749315834e-06 3.030779084861927e-06 4.599374574573906e-06 7.501439797041817e-06 1.2660641896584608e-05 2.1106213801758928e-05 3.34312056966649e-05 4.730227670650507e-05 6.246725576086078e-05 7.973338601584101e-05 9.365323193934996e-05 9.466287885777527e-05 8.459787899115111e-05 7.114432659778271e-05 5.786163254159755e-05 4.591940029505869e-05 3.562980854477374e-05 2.5598072659840897e-05 1.818073555573239e-05 1.3069675395233413e-05 9.711449748096432e-06 7.713237790849947e-06 6.748325960149428e-06 6.5656270696260346e-06 6.888129167672042e-06 7.638525782611367e-06
8.671000522755457e-06 6.166998123203527e-06 4.4253262388712245e-06 3.25436423382172e-06 2.4912443943601337e-06 1.9971119173769875e-06 1.661596933363199e-06 1.4304973735763197e-06 1.2744955642030599e-06 1.1877720413482883e-06 1.1530243417808637e-06 1.1671783337577128e-06 1.2437642383046948e-06 1.4210146099488844e-06 1.779807046638097e-06 2.473311704861491e-06 3.808048414877296e-06 6.32842856705509e-06 1.059087512067477e-05 1.7338537535997544e-05 2.6940497455264904e-05 3.7534316957370415e-05 4.954412527005638e-05 6.262515471303712e-05 7.349818903872377e-05 7.820002624873397e-05 7.611046228025379e-05 6.9811421783745e-05 6.187678802356268e-05 5.380552348193438e-05 4.628311076411746e-05 3.872468506042782e-05 3.058157506718475e-05 2.4962070544417878e-05 2.138533354950244e-05 1.9286803972970746e-05 1.8303425575010037e-05 1.8108741311238357e-05 1.8307020221060892e-05 1.867509430002793e-05
1.281046294832065e-05 9.288809321218142e-06 6.755442351368112e-06 4.9896189357961816e-06 3.7836142936943266e-06 2.9677921353554207e-06 2.3959388414552336e-06 1.9719976181985652e-06 1.655863195874416e-06 1.4397432754693574e-06 1.2946588678792965e-06 1.2055155627846857e-06 1.1746986676881076e-06 1.2295889402586182e-06 1.4427861660558745e-06 1.96933207197386e-06 3.1101623420037336e-06 5.220429417320611e-06 8.690879332662843e-06 1.3943339546882295e-05 2.1093484821922954e-05 2.9203275164418016e-05 3.8720417807956135e-05 4.9030569209342166e-05 5.830261123651626e-05 6.450795953658854e-05 6.681422724438629e-05 6.595814163717936e-05 6.334298425526654e-05 6.021355744612593e-05 5.7384299280848223e-05 5.524235894180077e-05 5.186087275505168e-05 4.880081799269933e-05 4.845906453893981e-05 4.9850007455543024e-05 5.181752661814084e-05 5.30642826553583e-05 5.26355362193017e-05 5.039749095663993e-05
1.8707713460548957e-05 1.3826140876191952e-05 1.0184928664125875e-05 7.5543903422373225e-06 5.689372661246467e-06 4.3751529780473385e-06 3.4425950518519553e-06 2.7453513158051824e-06 2.2026891300307734e-06 1.8045425615495903e-06 1.512582259082684e-06 1.2953752655111993e-06 1.1405248978903023e-06 1.0605148453137226e-06 1.1283109515373017e-06 1.5387773972407196e-06 2.545085835065794e-06 4.353071187898876e-06 7.212764835380299e-06 1.1285039363949749e-05 1.6435804389353863e-05 2.278871720722983e-05 3.0397441578088447e-05 3.8717911748125785e-05 4.669990379012632e-05 5.3204835013250684e-05 5.7618637251733e-05 6.01672589878009e-05 6.171454041958723e-05 6.337955335695744e-05 6.628425461065048e-05 7.150168944211026e-05 8.153133381246881e-05 9.431098498134995e-05 0.00011000211976000997 0.0001314544492784123 0.0001526552126188205 0.0001640532431817959 0.00016023031915201195 0.00014483708840307174
2.6801738041612295e-05 2.0199232933794978e-05 1.5081708473420834e-05 1.1251098954623424e-05 8.44356358454968e-06 6.403373486649961e-06 4.916280825456392e-06 3.817789080445845e-06 2.970453420312463e-06 2.3235012643675697e-06 1.8415706348544414e-06 1.471980305034909e-06 1.1830595464645878e-06 9.63321563830277e-07 8.640127088595101e-07 1.2316945886679946e-06 2.215644602642641e-06 3.850380519013321e-06 6.264790291432837e-06 9.440158443630367e-06 1.3129169317075066e-05 1.8104866457547507e-05 2.422396835801102e-05 3.097910709849438e-05 3.773055597881251e-05 4.380050335257794e-05 4.880577247069274e-05 5.290180227267405e-05 5.682168953083349e-05 6.181159895828299e-05 6.970811553362851e-05 8.387469672528568e-05 0.00011011357115546829 0.00016173109675986312 0.00024131019978323502 0.00034758106456230143 0.0004668116335636048 0.000533268436927212 0.0005057541194145099 0.00042333668492020704
3.740890685605303e-05 2.8782839163972597e-05 2.1817978665314026e-05 1.6413747334468195e-05 1.2326917153408458e-05 9.278574906480987e-06 7.012879147023161e-06 5.3209353140626145e-06 4.044220976264638e-06 3.0736062125708356e-06 2.3518447345498277e-06 1.8066554365011546e-06 1.3932586523671867e-06 1.0897315233230882e-06 9.067503752064519e-07 1.2955928638015038e-06 2.2787912085106084e-06 3.790474783214849e-06 5.853293772500949e-06 8.32255132157066e-06 1.1002044998743407e-05 1.476446725916231e-05 1.9697808431862484e-05 2.5161426951672027e-05 3.072694305403378e-05 3.595015542762682e-05 4.058226440932729e-05 4.476742379816856e-05 4.917891543308545e-05 5.528481496154359e-05 6.609914509299845e-05 8.679604843077607e-05 0.00012888442617529908 0.00022420461505984798 0.00044174056206677196 0.0008668234140971269 0.0014726260225983124 0.0018171566494768687 0.001594401327921296 0.0011914186922288444
5.052512358165751e-05 3.975198465953371e-05 3.065980883499658e-05 2.333444846164625e-05 1.7616358659483137e-05 1.3243598147388425e-05 9.936848833944646e-06 7.446383975207356e-06 5.5697712997266516e-06 4.154042945577793e-06 3.128479694890797e-06 2.4008901276075514e-06 1.8948443592403843e-06 1.5814311249487244e-06 1.5224095656646489e-06 1.9160179588697005e-06 2.8198091181278346e-06 4.188431467808584e-06 5.922078556694523e-06 7.799010986364566e-06 9.778669250210346e-06 1.253033037853534e-05 1.6362193152431793e-05 2.0746873221002855e-05 2.5216163733539033e-05 2.9433308841466284e-05 3.3189429052917106e-05 3.6562178614228354e-05 4.027077856074487e-05 4.5768655624644194e-05 5.5928671099204464e-05 7.717950043997731e-05 0.00012623731246051446 0.00025409917106978164 0.000608981471847877 0.0016408169490948216 0.004239331991567458 0.006231590999964132 0.00452082150914073 0.002948958348520519
6.557731114809874e-05 5.2855236170271586e-05 4.156891140636557e-05 3.2100160808007976e-05 2.4465726745575483e-05 1.847831058824998e-05 1.3868911267052789e-05 1.0362576113263768e-05 7.716595927076117e-06 5.755401618034166e-06 4.345994882539692e-06 3.396826879652444e-06 2.7903045140734774e-06 2.4763049705930966e-06 2.4967146362143746e-06 2.949998914216684e-06 3.8039450366897898e-06 5.002551688712433e-06 6.386487770227997e-06 7.810243093170368e-06 9.218143641062646e-06 1.1174128421049177e-05 1.3892062160114182e-05 1.7340712926229004e-05 2.085086317918648e-05 2.4095802270779516e-05 2.6950526855204508e-05 2.9484919292789215e-05 3.205602079183647e-05 3.5571548979793274e-05 4.22375750951176e-05 5.798285996228876e-05 0.00010091410773920875 0.00022924679418816047 0.0006308131033605991 0.00196262359549962 0.006508832558802887 0.011638051682473978 0.008100145281932937 0.005497716135175214
8.11727528221152e-05 6.712212988760967e-05 5.3951378990647464e-05 4.240675151812394e-05 3.276470236714582e-05 2.4990337592736995e-05 1.8902852565277477e-05 1.4253795410403369e-05 1.0761670918382534e-05 8.176724406728241e-06 6.295536030101434e-06 5.011151467328233e-06 4.224494439857172e-06 3.856695659070918e-06 3.913729164792522e-06 4.409253131839915e-06 5.19234413691653e-06 6.168569216217147e-06 7.24129183965839e-06 8.27406946089629e-06 9.164149457152021e-06 1.0451896522863814e-05 1.2272158970271863e-05 1.4683927205710771e-05 1.747898099615066e-05 2.008649042363487e-05 2.2325895526535072e-05 2.4120827750673593e-05 2.5551215428630643e-05 2.6965012758636504e-05 2.9411524319569377e-05 3.68529620647483e-05 6.624046147549198e-05 0.00016956233289480878 0.0005026686933886491 0.001528381880577753 0.0041072304223651905 0.007156678417674414 0.007578445063393771 0.006484898013124487
9.543528828828697e-05 8.109159414577251e-05 6.681189917600429e-05 5.3703877276894206e-05 4.235837985452492e-05 3.296157248798991e-05 2.543577047163188e-05 1.9563744996549242e-05 1.5078494241133536e-05 1.171843133617243e-05 9.256114740931487e-06 7.515479290668885e-06 6.434806385043253e-06 5.922074766112969e-06 5.936759521948024e-06 6.397702587333553e-06 7.017752665279361e-06 7.770450385672472e-06 8.561329240031278e-06 9.216569606647805e-06 9.624047125231597e-06 1.0344726926459495e-05 1.150793336403484e-05 1.3100046110603357e-05 1.5115660730226747e-05 1.728298623367459e-05 1.910676300292635e-05 2.0444880850735098e-05 2.1221711914572143e-05 2.1434817153298344e-05 2.1179079761448414e-05 2.1148819101737217e-05 3.950204820247764e-05 0.00011834778354865746 0.00035562882472863123 0.0009958866275593362 0.0023435371192341197 0.004097715513981252 0.005220080227376438 0.005328443627737737
