_KRIGING/CROSS_VALIDATION_CLASSIC_80-20/Berg/TZ/train_2/Berg_TZ_2_train_z_90.asc
ncols 100
nrows 90
xllcorner 5.6208707817415728
yllcorner 50.959635321741573
cellsize 0.00013419651685393446
nodata_value 1.7014100000000001E+038
[rows 0 to 18 of 90, columns 43 to 85 of 100]
16.997337512070779 17.127477094983877 16.742907646345696 15.851709127637779 14.498505512515855 12.760686138851391 10.741252213397152 8.5591867360137481 6.3385559865395642 4.1976721663427821 2.2395675440075129 0.54477414430605731 -0.83297729385580965 -1.8679591952390036 -2.5607840131460002 -2.9344422191507205 -3.0288164445845185 -2.894517616336739 -2.5868318666980659 -2.1604117812749792 -1.6651329343778136 -1.1433092713279622 -0.62825538844319195 -0.1440256362017176 0.29393845263387408 0.67755964039367933 1.004571050275572 1.2769055547874415 1.4992112888711455 1.6776059626781987 1.8187194856841717 1.9290249574696197 2.0144248886326652 2.0800418539198446 2.1301578092451994 2.1682502442244695 2.1970824053990201 2.2188158322203639 2.2351241147017991 2.247295753382005 2.2563207135445276 2.2629597212024861 2.2677978926372888
17.177993483317131 17.68101669799136 17.656529739018662 17.095379201305192 16.027113434695551 14.517318824715341 12.661238007544316 10.574501702344794 8.3821691435162613 6.2074453304056068 4.1614065752933298 2.3348372333497367 0.79291051740133767 -0.42699408087397939 -1.31447858345574 -1.8828224836842846 -2.1639311500809164 -2.202382348633563 -2.0493842497795347 -1.7573197066171751 -1.3753469048427216 -0.94629918368366439 -0.50491542174900284 -0.077264678230478556 0.31888064062212029 0.67301810431218023 0.98052737598424877 1.2411729688903694 1.4576875921948247 1.6345577974423833 1.7770707185443189 1.8906304114339125 1.9803177152303093 2.0506483356914047 2.1054774121800466 2.1480015243338237 2.1808171775414906 2.2060050790326868 2.2252196506881265 2.2397718160980555 2.2506995410093031 2.2588248734137903 2.2647986482968312
16.715078371541612 17.607260669305902 17.973576301602577 17.786208068528424 17.057428747686387 15.838229699754528 14.212939387853998 12.290571336907213 10.194055438633548 8.0487330563945587 5.9715071547877212 4.0618453243356054 2.3954826850722197 1.0212333232957151 -0.039128513035592061 -0.78834157739703081 -1.2491807872704226 -1.4588583722485535 -1.463125983205833 -1.3107827731722459 -1.0491023069919514 -0.72046841740074352 -0.36029658169470158 0.0038571962618374478 0.35221691914843767 0.67201288322713337 0.95629663966650236 1.2025946059707824 1.411593768459825 1.5859879207718084 1.7295514224111619 1.8464573084656681 1.9408212819531458 2.0164327417596728 2.0766262615696758 2.1242483833780881 2.1616815759082479 2.190896569384261 2.2135136810608835 2.2308617649679889 2.2440294231810665 2.2539070588549635 2.2612205431594745
15.623433798329788 16.902012243032093 17.671057201499501 17.883512619300301 17.532946096620677 16.653591670132297 15.316156361542422 13.620015892141042 11.682885728553593 9.6293326396525813 7.5795531727748671 5.6396934174981883 3.8946606837169493 2.4039501002515582 1.2005565510532947 0.29263893709094002 -0.33269429256947847 -0.70427164410161103 -0.8612340086957716 -0.84762162894889292 -0.70771966688531274 -0.48249557831624346 -0.20724972955141441 0.089577718905647696 0.38662702735004062 0.66911817913120952 0.92789711936729202 1.1582720145962595 1.3588325029851682 1.5303843633179774 1.6750731908045622 1.7957216345673381 1.8953694809402595 1.9769848222854631 2.0433057796769769 2.0967725317454744 2.1395152457437652 2.1733718297602991 2.1999179312954755 2.2204988810323312 2.2362586865505318 2.2481646641253015 2.2570281563125434
13.9792723344283 15.621332576207216 16.784008538007779 17.401389697407723 17.447835472397941 16.939486266760383 15.931389635751806 14.510736115683105 12.787199465799233 10.881704196594479 8.9150555123832032 6.9977602172678885 5.2220773488632846 3.6569285970063938 2.3458490416917255 1.3077442628486351 0.53990028502305065 0.022503176312046236 -0.2761269874889255 -0.39431441389377719 -0.3723891089932545 -0.24900151122431857 -0.058553995198706521 0.17026595769532327 0.41499760543406528 0.65918691014109876 0.8916823713395714 1.105678134343727 1.2976928230458957 1.4666174536008751 1.6129106137515046 1.737972132902025 1.8436919986821363 1.9321501216665027 2.0054330899664201 2.0655333395793507 2.114300893188529 2.1534250366348431 2.1844307895339328 2.2086814100241212 2.2273828378086749 2.2415888754772713 2.2522073309723236
11.914911782514649 13.877827864279796 15.403387191813591 16.408200671503558 16.8479305004651 16.720248559620984 16.063346447692236 14.950350617894001 13.480526787940745 11.768529222122947 9.9331117944512517 8.086658517693051 6.3266405280292792 4.7297239942187774 3.3488150444795419 2.2129098586513711 1.3292829906483752 0.68733381940663008 0.26333190226876202 0.025344411173584325 -0.062237700959159037 -0.034973135494241414 0.074355323962969178 0.23744018095136654 0.43123108622764084 0.63799027602146374 0.84484515867333676 1.0430535009593251 1.2271612341486366 1.3941839762166439 1.5428927369242011 1.6732402553914354 1.7859315097469211 1.8821212649372012 1.9632117831922384 2.0307223429369556 2.0862059187598336 2.1311944790800466 2.1671607533489414 2.1954897054899005 2.2174567530654161 2.2342119661196973 2.2467703683664104
9.6056180935372506 11.829090066623882 13.666296117730008 15.018687796905203 15.824759273706437 16.064356001477055 15.75855985767314 14.965360148298005 13.771870576592558 12.284258993126651 10.61676265310485 8.8811493309699365 7.1777761886316931 5.5890479005126306 4.1756558163862989 2.9755662825381952 2.0053824858095921 1.2634725437403613 0.73415328329298812 0.39223596760500945 0.2073503425736396 0.14762988558432921 0.18252576801327669 0.28468727247955872 0.43097993882550756 0.60279895386314619 0.78587426048732345 0.96976334693765931 1.147199757035295 1.313423019471011 1.4655702609294021 1.6021694306954872 1.7227434147334302 1.8275147141713379 1.9171907835873843 1.992808176554941 2.0556164929368315 2.1069881682099183 2.1483454274005678 2.1811000454362013 2.2066044080468981 2.2261137674420044 2.240759856618348
7.2499245042485532 9.65948948973044 11.739550197098676 13.379533080202263 14.503227344123353 15.074276034781466 15.097355242582575 14.615111078207876 13.701483272537621 12.452476468757419 10.975684090285302 9.3799012934203088 7.7659983409956626 6.2199117972046807 4.8082164336774325 3.5763388722837472 2.549128782531914 1.7332592735147805 1.1208047181624774 0.69333740147492418 0.42597112243259105 0.29092634122061301 0.2603612873657456 0.30837484705905549 0.41221744364568258 0.55283390031752111 0.71490603929332253 0.88656886793275902 1.0589534110992234 1.2256735798244429 1.3823346367980176 1.5261047311617484 1.65536319172723 1.7694212896724562 1.8683022163681753 1.9525649346087592 2.0231587593274569 2.0812996199928087 2.1283631567197885 2.1657930329317825 2.1950246955909352 2.2174253530027244 2.2342505237635577
5.0459613762670541 7.5576911297869795 9.7987540849410397 11.650301714071606 13.024646774878924 13.871709875569771 14.181346707411084 13.981496996564134 13.332651984256417 12.319583969416675 11.041554691648022 9.6022900313450688 8.1008855968073856 6.6245328725207573 5.243591634659067 4.0091511746916133 2.9528834463194866 2.0887410098984565 1.4159140608508263 0.92243332723130567 0.58887004980810187 0.39171007679701442 0.30613234032182624 0.30807212026318453 0.37557416608720029 0.48952769646320815 0.63392198895875851 0.79577269224841873 0.96485462598242389 1.1333476262863043 1.2954679213808 1.4471260605502239 1.5856279824762933 1.7094199428480659 1.8178701011296714 1.9110776819756796 1.989702419563403 2.0548102923012825 2.1077347500312831 2.1499547995157848 2.1829921424304568 2.2083292016975826 2.2273487250818937
3.1671422219633447 5.6931061528135096 8.0059179060447452 9.9825673431307091 11.527647013152411 12.580485051491515 13.118422610410438 13.156065010147849 12.740876453096282 11.945937860431359 10.86098039311452 9.5829104249484089 8.2069582597972097 6.8193478895617581 5.4920555967775826 4.2798667296416957 3.2196131973633175 2.3312245476680045 1.6200772079385233 1.0800821447363398 0.69699530718349889 0.4515406903431668 0.32207145957577954 0.28663154574914373 0.32439676380687399 0.41655836079307196 0.54675956265040293 0.7012109527372774 0.86860161356406895 1.0398997412902689 1.2081080341945227 1.3680124998581424 1.5159425675993909 1.6495470309992872 1.7675838535975505 1.8697205202016156 1.9563432628006434 2.0283761762244157 2.0871135448379259 2.1340698606911124 2.1708518452098859 2.1990555275856076 2.2201895372975136
1.7408287989615234 4.194814291814617 6.4890026078429646 8.5004166409078152 10.129929120298371 11.3097909847494 12.007627082850188 12.226637249630473 12.002255564367358 11.395961967386587 10.487243004356486 9.3648265456261441 8.1182670177494973 6.8307618929976117 5.5737876564097197 4.4038145359989915 3.3610513005495122 2.4699286688338944 1.740877569790042 1.1729016733296871 0.75647009723506886 0.47634237773169152 0.3140554386635328 0.24992476778137507 0.26451873922094271 0.33964372445752677 0.45892435946854782 0.60808088082681655 0.77500088334074402 0.94968493017538225 1.124122398777009 1.2921320793079518 1.4491851392180499 1.5922174887000797 1.7194338293602389 1.8301051476666885 1.9243631688867173 2.0029975605531236 2.0672632385502014 2.1187053822261732 2.15900865991419 2.1898750375903662 2.2129319089184536
0.83325831462983802 3.1362125119038753 5.3265697812356931 7.2853783133158965 8.9137355886726439 10.140421556750615 10.926366802793842 11.265625392695792 11.18300155575958 10.728901918672598 9.9722872239354015 8.9927423608845292 7.8726651833961476 6.6904160350049091 5.5150154595808534 4.4026817733717518 3.395216159529939 2.5200128742663481 1.7913212895680721 1.2123216727242268 0.77758858363718231 0.47558430999228862 0.29092475415921526 0.20626742026807388 0.20376654539031602 0.26611223494906711 0.37721450716032068 0.52261144656943359 0.68967925156860899 0.86770851603463739 1.0478929238038437 1.2232592699597973 1.3885546957623855 1.540099381312181 1.6756101484234693 1.794000976904099 1.8951685294950562 1.9797728426506529 2.0490243273995388 2.1044877000615241 2.1479115146777765 2.1810890347260701 2.2057528478890656
0.44309255420373317 2.5277857106774997 4.539927928247848 6.3681252477947261 7.9173039416626096 9.1161790310470092 9.9219556879674098 10.321887693994148 10.331753748346324 9.9917071247663589 9.3602469434487183 8.5072131959507047 7.506713644157883 6.4307665236451124 5.3442265282625971 4.3013011770664731 3.3437086091285879 2.5003153274842549 1.7879479040463311 1.2130041348020322 0.77348987090909038 0.46116066970144909 0.26353056364724614 0.1656020401787931 0.15125445763858991 0.2042917076058639 0.30918981867615591 0.45160284536642314 0.61868594044448288 0.79928465384823222 0.98402563338255489 1.1653309084040293 1.3373686633205009 1.49594872688919 1.6383702930681954 1.7632311830827125 1.8702105790207957 1.9598391979686534 2.0332714582116194 2.092073036123804 2.1380345443418585 2.173018417192905 2.1988421247951906
0.50459212253538743 2.3190975256481599 4.0939484223801701 5.7281752623306268 7.1335568403938741 8.2416938253608318 9.0087291120031683 9.4173147235590164 9.4758132850636478 9.2150818144697961 8.6834612388471655 7.940750843440906 7.0519716642554231 6.0816296096343834 5.089009550867174 4.1248077281765418 3.2291844419963609 2.4311277660829469 1.7488849518874812 1.1911498044467057 0.75868693409852894 0.44611327135482759 0.24362472713023264 0.13853250780569848 0.11654402438708655 0.16277777928632686 0.26253619626760261 0.40187618309783546 0.56801867023729125 0.74963122355826439 0.9370075980329633 1.1221589378015471 1.2988255581605999 1.4624164293570971 1.6098848683826763 1.7395520733931202 1.8508934228757086 1.9443046393907528 2.0208652644737266 2.082115272234498 2.1298574072131773 2.1659936004516207 2.1923993191160425
0.89986829868259977 2.4095945512751484 3.9062889736490112 5.3014701199813308 6.516041633146509 7.4867926808950642 8.1709622443310117 8.5484603730255717 8.6216761974374982 8.4131222645995098 7.9614174812972864 7.3162628668424299 6.5331029589256575 5.6680999025473149 4.7739028008078126 3.8965074328081828 3.0733081874334913 2.3322766321875807 1.6920805830104941 1.1628924157938962 0.74762265182989707 0.44334305118163264 0.24271668542713853 0.13531457640429667 0.10875622905642734 0.14965622514760857 0.24438755945000434 0.37968550107034171 0.54311721558279058 0.72343713771874718 0.91084082130982691 1.0971241562069793 1.2757522267538233 1.4418429278721128 1.5920738486154502 1.7245254015990041 1.838477207692482 1.9341771879179182 2.0126030807748458 2.0752341850659342 2.1238474759901851 2.1603475715505973 2.1866351167631199
1.4782017456816612 2.6663806250683399 3.8633749419240173 4.9943945341587384 5.9909011286051577 6.7964169112929511 7.3708058996776611 7.6926282438859603 7.7594514844008193 7.586279889330318 7.2024889497659146 6.6477958499350267 5.9678450768692457 5.2099465229016264 4.4193917786177517 3.6366222483118911 2.8953618190002897 2.2216844550154717 1.6338820176018523 1.1429380402862774 0.75339741824329143 0.46444085833536197 0.27101340805035923 0.1649049276443102 0.135725834758608 0.1717566453040642 0.26067190839972953 0.39014892603076179 0.5483724158817066 0.72444223603999403 0.90868635745019122 1.0928782154865897 1.2703576854188168 1.4360581205786391 1.5864471059205514 1.7193943070754163 1.8339845787892946 1.9302972855228724 2.0091731061134599 2.0719875415310183 2.1204464575426081 2.1564140530310083 2.1817784722418367
2.0793081090127306 2.946012624207873 3.8404052592080129 4.7017516056765123 5.4726653067768396 6.1041661037801909 6.559602437803898 6.8170547713926082 6.8700676992544558 6.7267927457048762 6.4078211318946252 5.9431186657710269 5.3685298470060605 4.7222974128620194 4.0419621217401316 3.3618891392138774 2.7115380137099798 2.1144760358724128 1.5880460560428786 1.143547232383384 0.78677001950268943 0.51873796147861828 0.33653803558148487 0.23415740936719676 0.203278403398783 0.23400934870387291 0.31554466323032593 0.43675369082421645 0.58669748217910078 0.75506931806283706 0.93255159883043459 1.1110809058502729 1.2840154037886649 1.4462039144505718 1.5939627497491482 1.7249732115300553 1.8381181418057104 1.9332790735016894 2.0111160083972184 2.0728498166769129 2.1200633127089401 2.1545320369453451 2.178090510314274
2.5568728428640295 3.116793043129265 3.722064727465896 4.3256273455119407 4.8810809994903739 5.3469903408500432 5.690420535888304 5.8893420988782923 5.9337237217284509 5.8253240851377148 5.5763624785581989 5.2073688951918049 4.7445737180018348 4.2171945912672744 3.6549241927225209 3.0858354747654295 2.5348213704204614 2.0225930041402869 1.5651879569093832 1.1738950704037223 0.85548479368024721 0.61263903828691035 0.44449379266251743 0.34723269108079469 0.31469312494034585 0.33896375793181055 0.41096184363823218 0.52098142758908861 0.65920181192048166 0.81614255817341363 0.98304939504137667 1.1521962878062637 1.317093028766231 1.4725943880121943 1.6149148065559313 1.7415602795925218 1.8511951137047582 1.9434647632743758 2.0187966559447572 2.0781990465585043 2.1230741320406672 2.155056754062135 2.1758848573866847
2.7987605459564255 3.078080140787038 3.4206327308765663 3.7920497838505538 4.1561372815310476 4.4784670618983364 4.7295383701460203 4.8871678713415374 4.9379028324427603 4.8774048719711685 4.7098935131116821 4.4468477179106678 4.1052263806602429 3.7054824421800925 3.2696162763699497 2.8194553894396628 2.3752753028098046 1.9548060191575249 1.572611254205003 1.239789934181192 0.96393218524092972 0.74926172363375976 0.59690721414813042 0.50526025269743358 0.47039167068878973 0.4865074470107148 0.54642957985695984 0.64208672510259934 0.76499637875824611 0.90671733103417185 1.059250083652187 1.2153650257320141 1.3688434784980208 1.5146244166360292 1.6488583741864082 1.7688782301898489 1.8731029625687903 1.9608942553155284 2.0323868090863582 2.0883116200451517 2.1298280038733743 2.1583755735707459 2.175552546194452
