_KRIGING/CROSS_VALIDATION_CLASSIC_CLR/MHZ/GZ/train_1/MHZ_GZ_1_train_z_355.asc
ncols 100
nrows 74
xllcorner 5.5967023332191781
yllcorner 50.982320383219182
cellsize 0.00019249356164376555
nodata_value 1.7014100000000001E+038
[rows 38 to 56 of 74, columns 0 to 42 of 100]
1.1406736433790527 1.1919627688657854 1.272945680405412 1.3709509823717632 1.4698621829393534 1.5523165251736479 1.6025739890472011 1.6096775920345916 1.5703846203320637 1.491277170549739 1.3894925337880295 1.291668294109984 1.2309686673521529 1.2424133383996487 1.3571052783926145 1.5962683601754621 1.9661763736319124 2.4550202044277261 3.0324983557784724 3.6524596006287378 4.2583590701138547 4.790729769637565 5.1954470822841161 5.4313758509713166 5.476086889467509 5.3286939430048665 5.0094116445604238 4.55604618149028 4.0181694839329865 3.4500847696922539 2.9038055619843139 2.4231412927058398 2.0396640216960038 1.7709113258644671 1.6207579037015531 1.5815455742140374 1.6373491313157089 1.7676878627035235 1.9510513258013811 2.1677549439685384 2.4018316733542915 2.6418610904000563 2.880808849134584
1.226446305938504 1.257471803521085 1.3128041464288902 1.3817044077864402 1.4507539542573866 1.5058138449583627 1.5345283587341001 1.5290338082813051 1.488415380255077 1.4203977449840446 1.3417882029020998 1.2773307913997982 1.2568723395323289 1.3110573294329875 1.4661023961601014 1.7384805606305209 2.1304949107799316 2.6276843187325292 3.198759661669659 3.7983463470099132 4.3722844203873148 4.8647215786727553 5.2258452177779287 5.418932525906011 5.4254985595413308 5.2476738562937344 4.9074679504557857 4.4431553395394054 3.903528515280267 3.3410938904714418 2.8053836260328722 2.3374203059488736 1.9660552289187998 1.7064913806692898 1.5608938292316197 1.5206628534215618 1.5697467875241935 1.6883143081609215 1.8561707361127819 2.0554519476129043 2.2723194678686158 2.4975736790079126 2.7262725186073209
1.3358235682503192 1.3510520603341796 1.3858399413511151 1.4312335929056559 1.4762363241293031 1.5095231855809548 1.5215923436422152 1.5070551980376834 1.4666690180848807 1.4086704024367354 1.3489998824952263 1.3101321768470466 1.3184403049011912 1.400299702472747 1.5774324491151752 1.8622372269354242 2.2539804881458632 2.7366866001401307 3.2793403943068253 3.8386296544076002 4.3639770730261018 4.8041420018792023 5.1143206380227966 5.2625271932978128 5.2341406635901739 5.03383570353179 4.6846091966075241 4.2241558671469042 3.6993171022220683 3.1596290109392542 2.6510757258334139 2.2110141864887711 1.8649288085954274 1.625281652106165 1.492336362129383 1.4565272689542834 1.5017631825459214 1.6090083834220441 1.7595516240451781 1.9375207380574535 2.1313846796578289 2.3343715876491515 2.5438969325882361
1.4628465991014874 1.4666166464806896 1.4858256058537318 1.5131083488530113 1.5395662152767162 1.5562410344967983 1.5559368485504148 1.5351322822119151 1.4956449735157449 1.4456728565022949 1.3998664342422797 1.3781945305411734 1.4035517138553573 1.4982973431136077 1.6801723204119663 1.9582535624894217 2.3297182448106972 2.7781533276079045 3.2739430228443767 3.7769195805297433 4.2410331791439297 4.6203758741517449 4.8755811373073703 4.9794947148315778 4.921113132488574 4.7070979279167418 4.3606294849226135 3.9178620594664473 3.4226707707949582 2.9206517395725924 2.4534001045499338 2.0539506739235569 1.74397191262326 1.5329342634388519 1.4191130349728793 1.3920036838609779 1.4355635974830967 1.5316569455381963 1.6631482020579493 1.8162303986012869 1.9817480222290831 2.1554502950830869 2.3372676266026042
1.6005705656415916 1.5969132418738603 1.6052098730695317 1.6194631938192841 1.6325316140699846 1.6373731967240135 1.6285664447903179 1.6038903159911424 1.5656781953444057 1.5216302948316569 1.4847942280293287 1.4725160112117255 1.5043227978158367 1.5989065924819617 1.7705993435398482 2.0259149502718006 2.3608302867587487 2.7594436797982191 3.1944690553176431 3.6297159937036549 4.0243251108857976 4.3381556865944733 4.5374466585124082 4.5997650597681901 4.5173525337944769 4.2982666678559109 3.9651284171325534 3.5517368884468543 3.0981977824835973 2.6454500938628489 2.230124292799696 1.8805284678378862 1.6142833214969452 1.4377852364917982 1.3473466311992428 1.3316075561915803 1.3746676229763952 1.459358149760722 1.57014148108704 1.6952549517360296 1.8278765189780437 1.9662503130557778 2.1128561158161578
1.7420438473215294 1.7345976286089881 1.7362849498070576 1.7422549602134423 1.7467913987794328 1.7443419801457252 1.7307702345108587 1.7046496504476016 1.6683633280378809 1.6287462246948687 1.5970271567484255 1.5879046421452649 1.6177247338558127 1.7019058545169676 1.8519450909781567 2.0724999540502549 2.3591232814515597 2.6971998163632986 3.0624760088946466 3.4233056219327564 3.7444006785645461 3.9915516479149993 4.1365407357858119 4.1613817076529926 4.0611097607601332 3.8446028814348949 3.5332870234427847 3.1579779552248426 2.7544527804921084 2.3585509769335284 2.0016405595958795 1.7071546531472788 1.4886503774817696 1.3495318702127348 1.2842827410792983 1.2808265021511283 1.3235074097047741 1.396161834002837 1.4848129662974796 1.5796393029571747 1.6760095754825364 1.7745206603297077 1.8801072385324866
1.881118043582918 1.8731124533519901 1.8721255161088597 1.8742484893281994 1.8748876238948431 1.8695968926971287 1.8550935125543462 1.8303110395897524 1.797296728433482 1.7617359297273814 1.732900294943778 1.7228783475406078 1.7450578681787381 1.8119782362829622 1.9328321008501015 2.1110331170192453 2.3423399628378259 2.6140037523931734 2.9052723787681249 3.1893542478333274 3.4366565078327782 3.6188314405259976 3.7129576181718735 3.7051059810054849 3.5926224319771536 3.3846866999889751 3.1010336460125818 2.7690742027824915 2.4199493048497112 2.084227285649686 1.7879805372758339 1.5498560976389015 1.3795263376872229 1.2776295710490964 1.2370485931697164 1.2451771093257993 1.2867158498124902 1.3465231808862455 1.4121013557674154 1.4754022072808977 1.5337590016632792 1.5898759048844959 1.6509237149878639
2.0129848245020043 2.00726212772001 2.0071884075462827 2.0096216686125019 2.010829179539606 2.0071420252675254 1.995765471031373 1.9756321615313426 1.948143481391972 1.9176210615316323 1.8912976358967657 1.8787236566564975 1.8905556304071589 1.9368155847210606 2.0248476015257801 2.1573159865610276 2.3306556295525733 2.5343694558611198 2.7514574947537711 2.9600671703225871 3.1362098298497272 3.2571477555570802 3.3048783218614965 3.2690766232446165 3.14892883194107 2.9534862718817076 2.700452655297672 2.4136199549448594 2.1194227710682045 1.8432310220176986 1.606018229960072 1.4219329487163095 1.2970988524442575 1.2297271381255761 1.2113976874818302 1.2291952464346689 1.2682953357843831 1.314581439752716 1.356923588906604 1.388834987134737 1.4093260508590242 1.4228800787116342 1.4385761672378214
2.1344043226472711 2.1334503046525168 2.1375445923577545 2.144171054809846 2.150243222032501 2.1525982274958868 2.1486302433632898 2.1369800197394633 2.1181600040221995 2.0949703826659616 2.0725612983921544 2.0580296867946353 2.0595091672391823 2.0848124246520148 2.1398007452365255 2.2267586361752785 2.3431125666047747 2.4808259044442846 2.6267144792090682 2.7637662509255603 2.8733432441772373 2.9379396949138079 2.9440183405398836 2.8843896025463081 2.7596573503112025 2.5784224011537336 2.3561750706281557 2.1130658550735943 1.8709591589101904 1.6503009207646058 1.4673430742381601 1.3321710337896557 1.2478053267440168 1.2104405990332203 1.2106913480344099 1.2355697339462854 1.2708442208164183 1.3034171317672896 1.323399242949808 1.3256297548547216 1.310472683899403 1.2838059236980108 1.2562047602506694
2.2436518124776712 2.2496133682504085 2.2607865363636273 2.2751746522536433 2.2901690760239917 2.3028982862793854 2.3107089033363946 2.3117223618879366 2.30537685666182 2.2928381290008848 2.277154849416402 2.2630540899087372 2.2563244524183248 2.2628155870843263 2.2871799554285652 2.3315737716268132 2.3945927308960875 2.470720934439393 2.5505058094928592 2.621542367253245 2.6701802575698053 2.6836950015897485 2.652534252603258 2.572198040463205 2.4443578270130151 2.2769572965808904 2.0832382442156336 1.879851082528361 1.6843906800296626 1.5128035620418139 1.3771215241589108 1.2838938297573677 1.2335415457053855 1.220682041779211 1.2353089117999456 1.264592468410723 1.2950024632497692 1.314445477638853 1.3141408327567059 1.2900134661632769 1.2434460704133532 1.181299474389917 1.1151805086616438
2.340253737326718 2.3549304005782798 2.375702930266963 2.4010180235817544 2.428618185345027 2.4557596180883601 2.4795614795360206 2.4974550964198294 2.5076694174402285 2.5096600946301533 2.5043737382968998 2.4942457176588175 2.4828655395661134 2.4743075562460572 2.4722066989582481 2.4787407341824097 2.4937389889939587 2.5141509158993931 2.5340634018286887 2.5453551147647242 2.5389377561699145 2.506389642790301 2.4416739670022474 2.3425848415567052 2.2115964085580901 2.0559005257858431 1.8865825336802673 1.7170634236678854 1.5610875920008538 1.4306235080748291 1.3340525354733428 1.274952338876961 1.2516577585065223 1.2576363715246817 1.2825813564427997 1.3140253734872582 1.3392269033525177 1.3470720326714685 1.3297579482769804 1.2840648611134824 1.2120700424334396 1.1212076671543196 1.0236342780383927
2.4246059204719388 2.4494125274768934 2.4818349156051913 2.5207105428715058 2.5640411853609497 2.6090913476251552 2.652622873774908 2.691257198437452 2.7219251606256258 2.7423318603289624 2.7513399742336602 2.7491694084809226 2.737331804616407 2.7182668469639002 2.6947167221073376 2.6689501854711009 2.6420078058454464 2.6131646018380814 2.5797818868361095 2.5376456240143992 2.4817776501927091 2.4075849300513714 2.3121125909540452 2.1951176201537792 2.059698410911031 1.912299731192006 1.7620439831573427 1.6194857189876448 1.495011353438175 1.3971802856029303 1.3313119680986949 1.298568299353736 1.2956801169654937 1.3153476064079881 1.3472345755751141 1.3793959431078024 1.3999349613112633 1.3986786253765042 1.3686758869284401 1.3073516871773136 1.2171824674070142 1.1057945354690757 0.98543019224956807
2.49756702554355 2.533473810892485 2.5790254333744245 2.633413206121157 2.6948334702909489 2.7604768985444488 2.8266627339716117 2.8891303757554927 2.94346922468308 2.9856312097194135 3.0124381016860071 3.0219784214423657 3.0137956906813277 2.988804883776448 2.9489331196840376 2.8965512454956035 2.8338262500504645 2.7621605773596989 2.6818787920325655 2.5922708247396709 2.4920136996612459 2.3798915744900113 2.2556447672107471 2.1207281299091014 1.9787638619722325 1.8355348269471574 1.6984670837712266 1.5756684620959773 1.4746934504875702 1.4012680705287694 1.3582182123237856 1.3448023969211178 1.356569622353216 1.3857670718149315 1.4222336527104424 1.4546500875843933 1.4719812673135577 1.464938833258544 1.427302421306009 1.3569568098980687 1.2565234700024839 1.1334891448488422 0.99976684145917905
2.5601040057984901 2.607567395220427 2.6670521136010543 2.7380746286845103 2.8189812055815122 2.9068379005894198 2.9974767024588851 3.0857293469577347 3.1658482973206286 3.2320735787663666 3.2792637632684776 3.3034810742735856 3.3024151467782841 3.2755535718172539 3.224058321911611 3.1503750560991564 3.0576698105332842 2.9492350739931896 2.8280188750905215 2.6963997306033201 2.5562629134885415 2.4093468085230829 2.2577463115858847 2.1044071762120171 1.9534371309181373 1.8100999015339518 1.6804364524492297 1.5705525722574754 1.4856979285439431 1.4293168624643302 1.402263068430611 1.4023390015741306 1.4242578008451443 1.4600488814643902 1.4998568473003298 1.5330306277091006 1.5493711240499011 1.540398420630442 1.5005060210834085 1.4278814469957801 1.3250854658807232 1.1991975607820731 1.0614591890772975
2.6130402076314234 2.6719416272649945 2.7454017866139844 2.8332356048297229 2.9339088899664074 3.0443390514206841 3.1598642650601314 3.2744297646819223 3.3810070289800511 3.4722165158807772 3.5410765644117306 3.5817626575781571 3.5902448141786834 3.5646846390167686 3.5055180143385836 3.4152159319388029 3.2977882302305752 3.1581532770659764 3.0015236965263905 2.8329450321579599 2.6570733376267062 2.4782030857248443 2.3004799829294593 2.1281767611975915 1.9658903301533006 1.8185413114621005 1.6911148655854815 1.5881576702753284 1.5131181829467479 1.467666363919526 1.4511431489794986 1.4602680860782353 1.4891845285117649 1.5298605186092173 1.5728056635232459 1.608021405417368 1.6260786523215514 1.6192103763244206 1.5823108494767244 1.5137407615417446 1.4158450394219229 1.2950994671550136 1.1618192691909859
2.6569277111775169 2.7265384383918598 2.8132085807152962 2.9170224259078172 3.03654496199526 3.1685442457067743 3.3078942772270721 3.4477220158904101 3.5798282763336648 3.6953631009365107 3.785681275596017 3.8432563050264861 3.8625052409000791 3.8403822812612347 3.7766383942144652 3.6737102002416306 3.5362783600722714 3.3706037095197572 3.1837897582586021 2.9831216395667073 2.7755940124063225 2.5676751218808085 2.3652807065792802 2.173871312909522 1.9985568848965296 1.8441005974493767 1.7147555451474503 1.6139290816649929 1.5437313954342899 1.5045095360400671 1.4944842477815552 1.509592542685815 1.5436007228618216 1.5885029654820293 1.6351730421613351 1.6742013128171778 1.6968298861701616 1.6958937945605543 1.6666794024834026 1.607616969157081 1.5207292039444289 1.4117633360264239 1.2899462400663868
2.6920388733144454 2.7710262440568614 2.8693438220962997 2.98731142094219 3.1235800602993673 3.2747882642239357 3.4354093948133175 3.5978661425408291 3.7529535007976809 3.8905589632494708 4.0006079231144431 4.074107427083403 4.1041276445747261 4.0865592271187179 4.0205200502931948 3.9083506550029732 3.75521890898183 3.5684305746957672 3.356593768238072 3.1287985469079795 2.8939457208588162 2.6603007346070435 2.4352771271559495 2.2253907328546156 2.0362880293919807 1.8727487784859043 1.7385923131125243 1.6364668950944721 1.5675555983817766 1.5312736101169881 1.5250495155330581 1.5442741114423923 1.5824697900964306 1.6316921954491199 1.6831355947798483 1.7278833936768534 1.7577293627043116 1.7659918663701812 1.7482475265532786 1.70291666672529 1.6316374300564829 1.5393696524646325 1.4341781688204889
2.7184515965942553 2.8049361330989186 2.9126191599927265 3.0420168885324128 3.1918587077861047 3.3586911269890591 3.5366806204194261 3.7177012113883872 3.8917572281302286 4.0477364889133547 4.1744239570238726 4.2616453119987936 4.3013699776872567 4.2885967090287851 4.2218769648358005 4.1033968980176443 3.9386231306686694 3.7355998392552654 3.5040442692345208 3.2544099877291202 2.9970679365429427 2.741702408537193 2.4969493882086637 2.2702390025552091 2.067760186380537 1.8944541631103236 1.7539635866980181 1.6485062881773846 1.578691024616063 1.5433316717937968 1.5393348078792224 1.5617300321756851 1.6038867919858415 1.6579254376196897 1.715294696416785 1.767461465798114 1.8066457244526763 1.8265322407923963 1.8228968498729146 1.7940928431398493 1.7413489755266647 1.6688349487039793 1.5834567576632357
2.7361905362953363 2.8278556411932052 2.9420475142211289 3.079435330453077 3.238823571954788 3.4167185360729877 3.6070980282520932 3.8014767790214017 3.9893245648659326 4.1588373414789119 4.2979936495295554 4.3957641036031001 4.4432975989133778 4.4348975586779922 4.368631050350241 4.2464785388467829 4.0740180379971633 3.8597236618832707 3.6140236990925652 3.3482917196925643 3.0739306719564303 2.8016610567631353 2.5410562220456483 2.3003010174689575 2.0861028193787212 1.9036671363385156 1.7566643364528105 1.6471507497177191 1.5754519226442629 1.5400528834146927 1.5375588078393876 1.5627854848260343 1.6090159617140283 1.6684265399829556 1.7326524495593907 1.7934396386020082 1.8433182861042661 1.8762349602995321 1.8880892287127948 1.8771313108755208 1.8441859841251076 1.7926736645488552 1.7284051049601705
