_KRIGING/CROSS_VALIDATION_CLASSIC_CLR/MHZ/GZ/train_1/MHZ_GZ_1_train_z_63.asc
ncols 100
nrows 74
xllcorner 5.5967023332191781
yllcorner 50.982320383219182
cellsize 0.00019249356164376555
nodata_value 1.7014100000000001E+038
[rows 36 to 53 of 74, columns 42 to 83 of 100]
0.69162037001037913 1.2500652340285598 1.661960331568108 1.9225310324371807 2.0331350969165318 1.9991188246709888 1.8283152352545724 1.5304761297660698 1.1177075233545413 0.60572556095736019 0.015511081842582763 -0.62523396796527098 -1.2814879547553226 -1.9117452622448539 -2.4706249441392991 -2.9132241536915 -3.2007541418783489 -3.306586926958397 -3.2215600207032016 -2.9573275522332398 -2.546761619217651 -2.0408881968241515 -1.5025071879517335 -0.99735682190015473 -0.58427138687519253 -0.30609667041832433 -0.18307653918850098 -0.21000103177938634 -0.35769702137317294 -0.57860299416869321 -0.81538543903161353 -1.0109938640063614 -1.1183253531109774 -1.1078092820858949 -0.97167980242970753 -0.72436759106730042 -0.39917033205226304 -0.042010397724504323 0.29645727464312288 0.56893308254635366 0.73838904002635197 0.78277166310617341
0.3845652550283698 0.9567951073643659 1.4026123037567035 1.7146561211361386 1.8898824017206479 1.9278702873462665 1.8299373267188759 1.5992767206972764 1.2420951290077851 0.76947785435778604 0.19948382422158595 -0.44117641574595434 -1.1165569633540939 -1.782547621529236 -2.3898932739886858 -2.8890674984854421 -3.2364625304172581 -3.400949845575763 -3.3695972841659856 -3.1512899886596983 -2.7772427942754878 -2.2978974111490436 -1.776384267310521 -1.2794532272838415 -0.86737012656976975 -0.58458550377480067 -0.45291738288568384 -0.46854991039884863 -0.60342505612343067 -0.81075594570998111 -1.0336056231426503 -1.2149214688004912 -1.3072002661601287 -1.2801081395762075 -1.1248397250777731 -0.85465877610071916 -0.50177573280046839 -0.11134759421184248 0.26617751703452441 0.58296704177222614 0.80064142081006406 0.89503116691808837
0.086762837898585188 0.66140164863835493 1.1301134301171314 1.4833733634736248 1.7142685153748936 1.8172498285365912 1.7878256510610988 1.6233350561943511 1.3246956998548038 0.89877414811792322 0.36081972189796385 -0.26371891861996311 -0.93867338983697635 -1.6184623375504195 -2.2514647078542884 -2.7852978227706711 -3.1733942181572021 -3.3818751739339401 -3.3954716326306817 -3.2212302163984576 -2.8890071601300948 -2.448277389525412 -1.9614814753994656 -1.4948552689254213 -1.1082673312976004 -0.84587972627988917 -0.7293629741466543 -0.75494021961985158 -0.89480465358920136 -1.1026107115595736 -1.3219703929318318 -1.496354180973108 -1.5786020781145791 -1.538413407910693 -1.3666455556764354 -1.0758968242112477 -0.69753739334077358 -0.27595223922475109 0.13883018075957154 0.49878435318019432 0.76455407596722047 0.91017657754350689
-0.19609002801493025 0.36885317029247777 0.84763708134816995 1.2291612547735353 1.503427356552208 1.6607071599472347 1.6917452335984045 1.5890649523175771 1.3492002538751264 0.97543770365514204 0.48046656323210568 -0.11175927595197743 -0.76561099207521521 -1.4353142294621324 -2.0685964696257764 -2.6122245974182929 -3.0187700997932447 -3.2535653197320027 -3.3005964192998665 -3.1660956997667435 -2.8788842441605835 -2.4870508311366617 -2.0512435775221656 -1.6355531721227761 -1.2975172096709409 -1.0790333891820096 -0.99985827304731334 -1.0548994193148979 -1.2157818149351485 -1.4363471322976273 -1.6610084533166634 -1.8343885109439013 -1.9105071769362238 -1.8599646108087591 -1.6740264019383551 -1.3651410798652703 -0.96407369518697084 -0.51439774710744679 -0.065460956543925031 0.33491713093072484 0.64684481195364452 0.84295991001919246
-0.46377802485450359 0.079004817582847942 0.55376050359778928 0.94852329196233764 1.2511816144247447 1.449012266903333 1.5292980140936347 1.4810362639801031 1.2975034585598906 0.97921509173481436 0.53665641909480555 -0.0079073313115078925 -0.62017190226196917 -1.2555192680538381 -1.8628400083020324 -2.3901640220974212 -2.7913959056403339 -3.03310907637825 -3.1001717248879075 -2.9990275074808546 -2.757762314799443 -2.4226244892863091 -2.0513364925375104 -1.7042010740262927 -1.4345091106670456 -1.2799700865804098 -1.2567440838938919 -1.3571761026346134 -1.5516225110230522 -1.7939748509540583 -2.029801474251542 -2.2055852195220496 -2.2774140488325694 -2.2176822099359512 -2.0188136509771892 -1.6936135540689881 -1.2724604563150759 -0.79805768625309703 -0.31879053257291856 0.11815020418587818 0.47280955414364878 0.71686263093432467
-0.71967772400389007 -0.21138427886564459 0.24467899605836063 0.63645495007172714 0.95079955866401455 1.1733171439252028 1.2892816286033004 1.285601201206759 1.1535499769631501 0.89178263954607639 0.50900666041018638 0.025646645530005951 -0.52608034452884422 -1.1040467264993195 -1.6600994618209486 -2.1456068985199028 -2.5179409744225101 -2.7468665671979764 -2.8196712075257713 -2.7439520867988278 -2.5473011574488131 -2.2736557944411064 -1.9767183473028358 -1.7114588562829134 -1.5251576027638045 -1.4496032805652168 -1.4958866264135422 -1.6527474542559579 -1.8887501319268725 -2.1578320602883601 -2.4071526493380695 -2.5857936166102062 -2.6527886611008702 -2.5831819935057383 -2.3712585041667555 -2.0306435063807728 -1.591519301627083 -1.0956500368717261 -0.59018128391802871 -0.12126288376466809 0.27155375381922653 0.55942847566571796
-0.9684342515343034 -0.50619722794725819 -0.08316742112024289 0.2892781581278665 0.5980618114863625 0.82846726779544499 0.96524565367329918 0.99468427315233177 0.90733839148355155 0.70093939222987856 0.38287557977126641 -0.028374142173023031 -0.50337050125798988 -1.0037038496167368 -1.4858244720235809 -1.9063304322819434 -2.2279839423646028 -2.4254728491839264 -2.4898413022990793 -2.4306303563887357 -2.2751025948569632 -2.0644314901726499 -1.8473234283387774 -1.6720825503400232 -1.5784968846844747 -1.5910213484808287 -1.7145228495230429 -1.9333734180985194 -2.2140344167635728 -2.5106130956431607 -2.7723373258392856 -2.9515935999700216 -3.0111540040883957 -2.9294591344007763 -2.7032506797905018 -2.3473551066699185 -1.8919029400357159 -1.3776427882249567 -0.85022656230606009 -0.35439033792378871 0.071146926412958278 0.39745713919358439
-1.2137548169404282 -0.80765974073259938 -0.43068859795173164 -0.092835011856023941 0.19391520803702034 0.41579688085552946 0.55843932810832886 0.60889393354301102 0.55820953277361118 0.40408676913871777 0.15304994762982327 -0.17841996305475449 -0.56423147619153724 -0.97072693730078985 -1.3603446525382508 -1.696487633283869 -1.9488877149096884 -2.0985516592535287 -2.141330685803835 -2.0893017739811297 -1.9694850161390245 -1.8198977171300648 -1.6834726033945533 -1.6008295819604008 -1.603176125189991 -1.7066425789830351 -1.9091157579663596 -2.1901645720968075 -2.5140592875217824 -2.8353047519949017 -3.1056643360560017 -3.2814330484279699 -3.3297540952262623 -3.2330316091580391 -2.9908966623341495 -2.6196368610220642 -2.149410093554097 -1.6198634323270056 -1.0749356139554351 -0.55763540858587635 -0.10548259508691693 0.25288890977362399
-1.4567810928574061 -1.1146968403145232 -0.79450169626953704 -0.50422942223697653 -0.25390344862024716 -0.0552450179734707 0.079463046547789462 0.13923470923733849 0.11666508470908754 0.010207706370351399 -0.17405693389152899 -0.42164018769822875 -0.71020659821249676 -1.0116188076299069 -1.2953312388455598 -1.5327067612611409 -1.7015818677368857 -1.7902584009808633 -1.8001011338556596 -1.7460932875890967 -1.6550334420254076 -1.5614945910256488 -1.5021231491469069 -1.5092301668703867 -1.6048256387145974 -1.7962119252154813 -2.0739807545012172 -2.4128055348172914 -2.7748880093170882 -3.1154256591225638 -3.3891202783141319 -3.5566145420941107 -3.5898330311231232 -3.4754756984688187 -3.2162883883139437 -2.8301285825199556 -2.3471785225714079 -1.8058826993527382 -1.2482848900370505 -0.71542162544008692 -0.2433222542831861 0.13999435116090586
-1.6953233028011996 -1.4222566339470799 -1.1663858996003083 -0.93337964829516928 -0.73064720613843215 -0.56702937372703488 -0.45178659710917435 -0.3930116476875154 -0.39574009592008497 -0.46014148600971039 -0.580219648416334 -0.74341308362202052 -0.93136095405524211 -1.1218995147522677 -1.292108055275232 -1.4219772325367224 -1.4980781986109979 -1.5165180424076576 -1.4845117713309643 -1.4200942952087769 -1.3498158146477464 -1.3046552323015168 -1.3147679999809359 -1.4039685233812349 -1.5849589728601323 -1.856218705660412 -2.2011740377331446 -2.5898389656810448 -2.9826502363284249 -3.3358201107200074 -3.607282710884185 -3.7622588227964089 -3.7776031718812009 -3.6443775964871206 -3.3684378882041814 -2.9691533765917564 -2.4766357992103036 -1.9280052781951114 -1.3632635700997484 -0.82129785757115048 -0.33643313821000831 0.064180888430289906
-1.9240192555519453 -1.7216701082791654 -1.5339022656785422 -1.3638103801789423 -1.2157958804811284 -1.0952878793867691 -1.0079186148934269 -0.95827712384284802 -0.94848180714325991 -0.97689465846559487 -1.0373240487020903 -1.1190143321060477 -1.2075977896154884 -1.2870022516383104 -1.3420964152994859 -1.3616561850741318 -1.3410953592072972 -1.2843633027369903 -1.2044957181124742 -1.122512315068354 -1.0646577047879544 -1.0583224343950894 -1.1272856814667078 -1.2871153640554494 -1.5415905387178117 -1.8808568904460958 -2.2817156242700554 -2.7100462155604563 -3.1249647970276722 -3.4840120587764654 -3.7485118411668008 -3.888267078165665 -3.8849415825534503 -3.7337577119020677 -3.4434487819429904 -3.0346741459115019 -2.537288886167862 -1.9869429458308541 -1.4214768079340914 -0.87751015566206658 -0.38751890632449704 0.022408217774348094
-2.1352752095581486 -2.0018834321510299 -1.8819863102089172 -1.7760972346091146 -1.6854854217014854 -1.6119588508876821 -1.5572636907071846 -1.522214671711966 -1.5057584117923442 -1.5042272231570435 -1.5110457384530296 -1.517096059674812 -1.5118306618995916 -1.4850620056146717 -1.4291830942373722 -1.3414222359218952 -1.2256475339123987 -1.0932437039594793 -0.96270013635648222 -0.85776519411203167 -0.80430216842295854 -0.82627038999452851 -0.94148413637682915 -1.1579120451629099 -1.4712341450838433 -1.8641718463462544 -2.307787155434772 -2.7645810765217984 -3.192890923924474 -3.5518659991849555 -3.8062352393130743 -3.9301730146391476 -3.9097851619506798 -3.7440152192610983 -3.4440424183214642 -3.0314523585345352 -2.5355778884146973 -1.9904299987139991 -1.4315883380151782 -0.89333209781633971 -0.40619754356572479 0.0049289339922815589
-2.3206965838803999 -2.2512274802827901 -2.1951257169956895 -2.1505018407655259 -2.1156224537431356 -2.088771255764903 -2.0678836421933018 -2.050056418921562 -2.0310936647052547 -2.0052806623599539 -1.9655658139243288 -1.9042685687354559 -1.814323706798844 -1.6909355188646928 -1.5333772787898214 -1.3465659703052779 -1.1420023936695536 -0.93771552832260685 -0.75699252149490204 -0.62589441134646617 -0.56981290106485183 -0.60955978577227521 -0.75763933204915457 -1.0153885011146424 -1.3715602754074308 -1.8026861724502841 -2.2752337958770354 -2.7492451475972643 -3.1828766550999426 -3.5371212268914283 -3.7800024527531133 -3.8896789469903461 -3.8561371564314202 -3.6814197582009132 -3.3785709753407112 -2.9696346463342911 -2.4830984150847351 -1.951148789052106 -1.4070178789536918 -0.8826014260669186 -0.40644171140769325 -0.0021162508592771356
-2.4726505723955423 -2.45931003079275 -2.4596437201205648 -2.4696910880562735 -2.4850608334760271 -2.5008722060397206 -2.5116135881436801 -2.5110054020534771 -2.4919883746795746 -2.4469672928863453 -2.3684143527473926 -2.2498714136885649 -2.0872929689047997 -1.880558234485495 -1.6348771488644296 -1.3617509915336947 -1.0791502802022959 -0.81065580865023223 -0.58347036927918672 -0.42542503590917247 -0.36133232160132756 -0.40922605102123866 -0.57712371750505542 -0.8609174020595054 -1.2438381851421509 -1.6976734568012839 -2.1856020614121014 -2.6662192395200899 -3.0981186361189872 -3.444327016564583 -3.6759593669640083 -3.7746521042942138 -3.7335869285098999 -3.5571729080903003 -3.2596525188133771 -2.8630035698124106 -2.3945173427626845 -1.8843645470809556 -1.3633521844374672 -0.86096651778869004 -0.40372102511421692 -0.013797261899020308
-2.5856227156741287 -2.6186360239240534 -2.6656303908184258 -2.7210150315292085 -2.7782450160680847 -2.8298341185113149 -2.8674088339962189 -2.8818761047820809 -2.8637893797525908 -2.8039884438677682 -2.6945513702044321 -2.5300311950897267 -2.3088630486437092 -2.0347359852723512 -1.717651053052357 -1.3743586843908757 -1.0279049193776091 -0.70612577101135665 -0.43910299655847207 -0.25580419654183761 -0.1803317146699166 -0.22834841883552892 -0.40429113837339647 -0.69990127255907209 -1.0944028032822011 -1.5563771312285442 -2.0470815244116176 -2.5247016291585052 -2.9488767193791259 -3.2848215161539138 -3.5064881749365036 -3.5984307692359101 -3.5562943638537279 -3.3860883840886036 -3.1025685614655099 -2.7271173359146994 -2.2854825305586237 -1.8056363351811773 -1.3158924928393101 -0.84331009009171165 -0.41234628269171147 -0.043707473642987216
-2.6571184554005094 -2.7256632859739742 -2.8081817309787382 -2.8979529733609173 -2.9868779699824408 -3.0655479838524702 -3.1234541450648932 -3.1493972459706798 -3.1321513381298418 -3.0614111192807725 -2.9290079814458014 -2.7303144758694535 -2.4656804298734922 -2.1416719207398534 -1.7718378067808402 -1.3767290171866591 -0.98295878928640201 -0.62122043609686894 -0.32335892220520313 -0.11879208555783283 -0.030753030333958931 -0.072930946155662646 -0.24708758466253689 -0.54210704925391928 -0.93471246426316323 -1.391797416425532 -1.8740342875263269 -2.3402001704192621 -2.7515540117562631 -3.0756277445751623 -3.2889471646233535 -3.3784328017294571 -3.3414871861277589 -3.1849924334518427 -2.9235764797532671 -2.5775394151647921 -2.1707734794317868 -1.7288939968891417 -1.2776669304313937 -0.84171192945937157 -0.44340383929703409 -0.10189705752924749
-2.6879884944840531 -2.7811513886607444 -2.8877821502328205 -3.00054028009537 -3.1104024822869185 -3.2067675926034833 -3.2777765935987562 -3.3108953974117208 -3.2937891389590552 -3.2154827603635354 -3.0677524643786271 -2.8466294469288189 -2.5538303958005848 -2.1978736481978327 -1.7946143704312258 -1.3669545742410227 -0.94356536429178184 -0.55659810727702275 -0.23854073042598767 -0.018562196332833514 0.08116016176618901 0.048561304999612753 -0.11627990334233629 -0.40059020411378299 -0.77998821884091663 -1.2210819220268236 -1.685186691239964 -2.1325842237189976 -2.5266717725215591 -2.8374117509239198 -3.0436643911610863 -3.1342247840962623 -3.1076309238489346 -2.9710052146449959 -2.7383000201248509 -2.4283264470370636 -2.0628697472374466 -1.6650693855578742 -1.2581097782785184 -0.86416693413048717 -0.50350988322123191 -0.19366751444637753
-2.6821892159889726 -2.7898196600880474 -2.9098529302858518 -3.034806088247163 -3.1553335595334899 -3.2603490272712881 -3.3374111106875617 -3.3734110023671162 -3.355572300200206 -3.272732780608349 -3.1168253222821525 -2.8844150552493497 -2.5780915149826482 -2.207472249354602 -1.7895645418083814 -1.3482695169096797 -0.9129055603574352 -0.5157711629913948 -0.18894150326198877 0.039334705437124251 0.14814173548097176 0.12676060506050835 -0.023601994143279015 -0.28955303494153117 -0.6468165375279451 -1.062927824261112 -1.500903894400752 -1.923315325505059 -2.2961422772060649 -2.5918778395347588 -2.7915223051124771 -2.8853449107321181 -2.8725183603026441 -2.7599049310482737 -2.5603588274246203 -2.2909008741288073 -1.9710365569596771 -1.6213619769041903 -1.2624754089907508 -0.91411978918402181 -0.5944437080352174 -0.31928689511278519
