_KRIGING/CROSS_VALIDATION_CLASSIC_CLR/MHZ/GZ/train_1/MHZ_GZ_1_train_z_250.asc
ncols 100
nrows 74
xllcorner 5.5967023332191781
yllcorner 50.982320383219182
cellsize 0.00019249356164376555
nodata_value 1.7014100000000001E+038
[rows 38 to 56 of 74, columns 43 to 85 of 100]
4.4551312089747919 4.6645129387842221 4.8688880662618201 5.0693786415425777 5.2645372174790488 5.4495293135893164 5.6161102872293895 5.7533764032209866 5.8491286379660385 5.8915820355452881 5.8711058514214534 5.7816986574260429 5.6219790630490216 5.3955830497145731 5.110972427850653 4.780747859015464 4.4206078980532455 4.0481016058078607 3.6812989774118332 3.3374702469347697 3.0318402290969981 2.7764771424344374 2.5793854969261436 2.4438887695984208 2.3683946113098187 2.3466203064577957 2.3683136178522295 2.4204380624673658 2.4887145717138246 2.5593405709695176 2.620659857469283 2.664544961416262 2.6872834222640503 2.6898278410205183 2.6773662798564981 2.6582783608994669 2.642643957650022 2.6405466020512924 2.6604474514369914 2.7078899582661506 2.7847320005383582 2.8890030257314203 3.0153687458753837
4.2010399343485023 4.4104808810248715 4.6259725138172616 4.8486087634781763 5.0758654167012986 5.3008703537915443 5.5125989978042691 5.6969547295061389 5.8385296819481916 5.9227180214433472 5.9377994352396657 5.8766365138367957 5.7377267546588806 5.5254904954973032 5.249822993794317 4.9250567931502491 4.5685464987985211 4.19909712146152 3.8354213343859582 3.4947529817610103 3.1916879352205072 2.9372857698746238 2.7384518410128602 2.5976228757040474 2.512786827191217 2.4778654746472037 2.4834671106727395 2.517975856367983 2.5688910394969349 2.6242774810634866 2.6741496924178483 2.7116015709436931 2.733514446898484 2.7407297171137386 2.7376505016671615 2.7313269752147247 2.7301661036255678 2.7424718122806953 2.7750522696171456 2.8321191432203436 2.914649932406407 3.0202984789768865 3.143837780846344
3.9116734015961612 4.1107533741622779 4.3269558072132286 4.5619628448661809 4.8128010249539317 5.0711341262133196 5.323607789275786 5.5531975221669505 5.741323727778874 5.8703537965863442 5.9260457818734658 5.899516017851016 5.7884255982465209 5.5972473905728641 5.3366531085941427 5.0222063666648964 4.6726330222293671 4.3079552182886403 3.9477315583154926 3.609567959544326 3.3079809817673964 3.0536308997187609 2.8529063999031981 2.7078343091069255 2.6162945143939473 2.5725273353521074 2.5679162027083398 2.5920077887865705 2.6336979258898596 2.6824740780223295 2.7295757806724654 2.7689241878328708 2.797687416078336 2.8163907315351402 2.8285446851654923 2.8398397388836507 2.8570289867803318 2.8866766219591202 2.9339763158989669 3.0018332875463556 3.0903566019229198 3.1968324347594645 3.3161599049215704
3.5952283164595618 3.773921707510822 3.9804261458032637 4.2175829204933528 4.4825918907274556 4.7662642204534711 5.0534450751828288 5.3245613358041046 5.5580379486691456 5.7331606379067583 5.8328821819512839 5.8460941757896947 5.7690090623354271 5.6054856699548194 5.3663373136601331 5.0678354131079315 4.7297274711468997 4.3731123710122821 4.018468050057221 3.6840336796890272 3.3846438865161734 3.1310248763725665 2.9295077172370556 2.7820940066308428 2.68681358721678 2.6383273861495908 2.6287366497931708 2.6485547689738334 2.6877793902144886 2.7369771621012582 2.7882714793609544 2.8361151319336546 2.8777418783248025 2.9132256331157946 2.9451295628063328 2.977791308719262 3.0163528043742391 3.0656907064479761 3.1294250840024396 3.209173079254144 3.3041708595384138 3.4113188675434389 3.5256259605599363
3.2634833722451386 3.4129910754323443 3.6002337721050934 3.8296819090939369 4.099271522302427 4.3995625984871713 4.714172583077187 5.0214538644462943 5.2971502909627057 5.517578646671593 5.6627825600429462 5.7191234904447743 5.6809015096106945 5.5508039635498045 5.3392103395684991 5.062581374871951 4.7412872962526365 4.3972656250056197 4.0518510244405848 3.7240162521923397 3.4291412614680734 3.1783202256655692 2.9781445663610899 2.8308689166176886 2.7348678482623932 2.6853083205438262 2.6749801583373589 2.6952337553239469 2.736967762653173 2.7915941244177196 2.8518922408042511 2.9126578679278188 2.9710627610300913 3.0266706512699209 3.0811012299031146 3.1373889121490866 3.199136510341491 3.2696038135294017 3.3508873978594638 3.4433350473589606 3.5452964570793641 3.6532487380292036 3.7622635698893143
2.9315801128529375 3.0451199331989818 3.2051995532565551 3.4182390242987974 3.6833627281647159 3.9914229908509236 4.3253862561952277 4.6620726425787566 4.9749858365333148 5.2377583510976269 5.42761918019636 5.5282970233081814 5.5319008459175505 5.4395368712660845 5.2606715726713702 5.0114731982821219 4.712511698917738 4.3862455123893893 4.0546788912170584 3.7374636948412765 3.4505842914772167 3.205640765491776 3.0096589619849645 2.8653142111853471 2.7714520270241785 2.7238078504711041 2.7158516541491209 2.7396991629695977 2.7870345136361099 2.8499819107336046 2.9218538412943795 2.9976997571935664 3.0745890023907134 3.1515881320001125 3.2294335294020518 3.3099486054908089 3.3953009528882183 3.4872278535551131 3.5863694845909375 3.6918332465624353 3.8010710038411384 3.9100911374950869 4.0139616240198741
2.6170442400009115 2.6904851019779299 2.8178365245017996 3.0076048668811977 3.2604047191522381 3.5678253326643037 3.9127247956425029 4.2709702184117759 4.6143716497687643 4.9143247214469961 5.14553942854109 5.2892253230118005 5.335228459441554 5.2828397444641357 5.1402602519335394 4.9229517205921951 4.6512666778203071 4.3478148346367025 4.0349832752229329 3.7329154742915698 3.458109558616389 3.2226599776981706 3.03406735799379 2.8954899274494723 2.8063014031554618 2.7628391209338274 2.7592541937390895 2.7883982108399836 2.8426915663429058 2.9149179367663023 2.9988842930067787 3.0898847253637678 3.1849164038710809 3.2826203814938699 3.3829569120956644 3.4866681775220152 3.5946214643918197 3.7071528593677807 3.8235372976326425 3.9416914176715805 4.0581730415718802 4.1684830451270347 4.2676142045443282
2.3381291203058581 2.3703658900056945 2.4621898508982065 2.624132839970744 2.858429148198415 3.1577223216098935 3.5052389811589837 3.8764776863593027 4.2421781809604155 4.5720863987608542 4.8388750412248083 5.0215582731747901 5.1078573888309524 5.0952007406305615 4.990317248519653 4.8076406100615783 4.5669236647299476 4.2905376388090817 4.000899087068075 3.718355200282828 3.4597078721489161 3.2374112754221636 3.0593680469660138 2.9291892884846744 2.8467700863806273 2.8090502075833106 2.8108602890316705 2.8457815927373944 2.9069639141974859 2.9878511946382886 3.0827634536383894 3.187284950759727 3.2984190236916953 3.4144931526609668 3.5348319400134844 3.6592548543025627 3.7874908378401422 3.9186237238414803 4.0506834208101878 4.1804749141705448 4.3036929411826268 4.4153130205741187 4.5101917013048212
2.1117392760920151 2.1047396292733018 2.1611212673414411 2.2931926242326539 2.5047638150332721 2.7897110320805512 3.1320188521904635 3.5073774088237388 3.8861219959087321 4.2370404346265467 4.5314031738820848 4.7465362218232814 4.8683662420826828 4.8925911381051286 4.8244099057216463 4.677013090397125 4.4692297411637725 4.222813451218749 3.9598260512424641 3.7004682134983806 3.4615537440811401 3.2556727747902099 3.0909718858951898 2.9714123635213712 2.8973496428180785 2.8662933943722209 2.8737398208701843 2.9139991164922376 2.9809622129229574 3.0687604414612646 3.1722743790042833 3.2874515599189515 3.4114038056430864 3.5422770482762393 3.6789183710833244 3.8204007925187446 3.9654974668016045 4.1122144021531586 4.2574876439877718 4.3971247214443494 4.526024299034197 4.6386511878689722 4.7296886178997672
1.9513112189922195 1.9098176299313434 1.9335162075039607 2.0360869051475747 2.222718464310705 2.4885646312483982 2.8186598711673616 3.1893968075341261 3.5713775703541479 3.9331827506418082 4.2454209804764753 4.4843754404045839 4.6346623633956696 4.690533980404 4.6557374260125357 4.5421124433845437 4.3673127446041624 4.152131416767892 3.9178944911660003 3.6842822715707375 3.4677865429808876 3.2808577983285634 3.1316748724751884 3.0243975203435025 2.9597404011542228 2.9357215174202005 2.94847080306076 2.9930184060255902 3.0640069229572107 3.1562850008588406 3.2653453161560075 3.3875751168841206 3.520298965003624 3.661614497895112 3.8100518003201085 3.9641198307733254 4.1218309667587825 4.2803084316173452 4.435574738603334 4.5825904540278497 4.7155653483648496 4.8285075318328197 4.9159230378937977
1.8650596482662927 1.7959872039018894 1.7919336164410824 1.8674386505450711 2.0287566646052677 2.2722512503221921 2.5842024528848482 2.9421482165263697 3.3175972498021959 3.6796823935281746 3.9991379302885424 4.2519284330415088 4.421944481433127 4.5023877066687996 4.4957396423003662 4.4124777083719033 4.268905835052065 4.0845683357533078 3.8797063272464656 3.6731177064052307 3.4806341600380626 3.3142757407832133 3.1820203239536546 3.0880505351888394 3.0333157425111885 3.0162594503499185 3.0335948985964114 3.0810469585475864 3.1540056430487011 3.2480525116356223 3.3593291931946339 3.4847237803261826 3.6218624319529846 3.7689136362454851 3.9242402980684856 4.0859649089365204 4.2515375559282802 4.4174071019136258 4.5788865118042192 4.7302725287007235 4.8652318866465691 4.9774103738099766 5.0611699267756709
1.8549305298000953 1.7665518430377873 1.7411378816315457 1.7935296027342882 1.9306666966361095 2.149973762637412 2.4390861734282252 2.7770494507388093 3.1368531465481038 3.4888991859154537 3.8048197346037718 4.0609979999665384 4.2412221852307459 4.3380967013660214 4.35309445669255 4.2953943424311536 4.1798489451414316 4.0245305783304843 3.8483001317394101 3.6687521924059761 3.5007489090337329 3.3556064590543353 3.240876376790526 3.1605886594346515 3.1157968097627475 3.1052760126321393 3.1262573376518672 3.1751166411685676 3.247965596588168 3.341110226445438 3.4513519927056695 3.5761139750882078 3.7133860948011996 3.8615021939754017 4.0187873368261045 4.1831410904468695 4.351644194455444 4.5202840095960992 4.6838827955222087 4.8362810218336447 4.9707799201673204 5.0807927691153969 5.160605419818582
1.9164569007655148 1.8174975097880717 1.7777707349783181 1.8118740851946153 1.9270366372177823 2.1215501604006688 2.384445120521419 2.6965498393575396 3.0328152730792386 3.3655401455793164 3.6679525881528496 3.9175404702930088 4.0985891160892658 4.2035634177856034 4.2332142312667758 4.1955351566833716 4.1038883225992562 3.9747192071783388 3.8252811827354654 3.6717073122448678 3.5276347173796734 3.4034455374691248 3.3060714177128698 3.2392347061112829 3.2039722161307425 3.1992969630055428 3.2228837005642426 3.2716994742915384 3.3425297462636525 3.4323697684017902 3.5386617162909095 3.6593661124283638 3.792867065212314 3.9377282359814307 4.0923397116643647 4.2545206392125987 4.4211614726545889 4.5879955234839009 4.7495769020945096 4.8995099179053989 5.0309279513043705 5.1371669832483038 5.2125324772028163
2.0395268668559021 1.9383015742225611 1.8911861886168078 1.9120574831044383 2.0080691495353493 2.178175921896921 2.4127910792339358 2.6947126958282386 3.0012196176365706 3.3070090406276527 3.5874802112334629 3.821805807958194 3.9952896985327873 4.1006709119319966 4.1382560777642068 4.1149901003311884 4.0427544995267022 3.9362793508558882 3.8110581616550721 3.68158009259104 3.5600722761748682 3.455813524842299 3.3749707071336963 3.3208388811729468 3.2943395085320639 3.2946393738463078 3.3197815371051891 3.3672538283345275 3.4344494265966601 3.5189935968278552 3.6189220907334323 3.732704915218453 3.8591195028872676 3.9969930677708958 4.1448547848359949 4.3005603710174984 4.4609681292491512 4.6217496075988711 4.7774048213311557 4.9215206655385426 5.0472659739699601 5.1480665436096142 5.2183598975875976
2.2098934408864985 2.1135959290237674 2.0652432927015991 2.0776207076725122 2.157508644957868 2.3043383072335932 2.5098581691764448 2.758937770128572 3.0314251251146089 3.3047676815838218 3.5569545408528347 3.7692785376739133 3.9284655993327768 4.0278618821508507 4.0675685948056932 4.0536197661083575 3.9964615493349971 3.9090805643772661 3.8051335876941179 3.6973643015408149 3.596482995142229 3.5105654528323638 3.4449263646542509 3.4023576184201056 3.3835965765814602 3.3878967113081018 3.4135995787995856 3.4586393713177652 3.5209392057281943 3.5986775511965208 3.6904147243669105 3.7950774445657736 3.9118089242525711 4.0397059681651157 4.1774829295939915 4.3231215700287429 4.4735799744432683 4.6246363565760671 4.7709303659623741 4.9062346762829838 5.0239472180494484 5.1177477473926096 5.1823223119086332
2.4111250663853965 2.3253458038391295 2.2806839304661053 2.2885895462485308 2.3552599914881172 2.4804525458281286 2.65718124629469 2.8724099586799445 3.1086704957840063 3.3463533793810454 3.5662844731535728 3.7521475658759109 3.8923545785408598 3.9810898534850985 4.0184299902833089 4.0096217119294861 3.9637449154135682 3.8920674590955375 3.806403364359761 3.7177277408223857 3.6352045349800015 3.565676663093456 3.5135777553696346 3.4811661857818494 3.4689590437338302 3.4762501126527372 3.5016201325158467 3.5433773618777811 3.5998925832380291 3.6698110503795713 3.7521350612446773 3.8461785147342615 3.9514033215454014 4.0671597409852751 4.1923686066367152 4.3251999070851479 4.4628140598310493 4.6012337887649171 4.7354017629357328 4.8594514663898174 4.9671798404255032 5.052667692491096 5.1109575660093469
2.6266402726784217 2.5551412057855991 2.5176500423050534 2.5241680969334301 2.5801930878010095 2.6857019189731957 2.8348915887180581 3.0167732766059512 3.216558263206923 3.417619464080059 3.6036972275836034 3.7609722418413343 3.8796637507963294 3.9549181556445969 3.9869033868351278 3.9801802701862097 3.9425469746870347 3.8836214121534054 3.813431127401516 3.7412298142487073 3.6746752512184755 3.6194106808658151 3.5790127054467669 3.5552173822046003 3.5483158944499076 3.5576168417185556 3.5818937951082743 3.619763542707044 3.6699642607782903 3.7315198329244508 3.8037870344586024 3.8863893896442847 3.9790489855476174 4.0813379520604736 4.1923847929131117 4.3105846684411997 4.4333725354775781 4.5571187747468267 4.6771950369149424 4.7882329875631395 4.8845637314386732 4.9607877549656507 5.0123930542936757
2.841494664265888 2.7862244577403543 2.7579231010236023 2.7651455631932107 2.8126588242130741 2.9005953426414179 3.0242445473890167 3.1745589624699226 3.3393214078364948 3.5047908747191916 3.6575489599891 3.786230891382929 3.8828551609655886 3.9435556549538862 3.9686464852862242 3.9620807427920322 3.9304694212305105 3.8818846016180966 3.8246747395821692 3.7664770530359237 3.7135403144726271 3.6703923663365461 3.6398193119849118 3.6230793870035862 3.6202571447002692 3.6306685886828864 3.6532467650967 3.6868608741910869 3.7305431012989994 3.7836126437412299 3.84569595883903 3.9166486308101383 3.9963906821771507 4.0846758844331053 4.1808268178100629 4.2834789257535597 4.3903847405377654 4.4983295634046101 4.6031991115046171 4.7002175441287379 4.7843437295550126 4.8507805454681208 4.8955241052990335
3.0436776826794865 3.004977319400099 2.9865787259732515 2.995684184914579 3.0363664825743477 3.1088836054103628 3.2095210436447914 3.3310200004747399 3.4635441715331714 3.5960334922942252 3.717716103852744 3.8195198350271808 3.8951498548933432 3.9416733275116091 3.9595557560549519 3.9522012618073101 3.9251351543042508 3.8850143856568913 3.8386541345470517 3.7922229509410919 3.7506992133657637 3.7176159064665786 3.6950646060580787 3.6838929223083308 3.6840152238635042 3.6947608381400565 3.7152000689575497 3.7444085867082828 3.7816490387456829 3.8264620923844621 3.8786675626591998 3.9382818565552373 4.0053633763115339 4.0798046834136521 4.1610993306618811 4.2481205637680901 4.3389553673043855 4.4308370149811926 4.5202098096151015 4.6029406855896697 4.6746662407628872 4.7312356133692841 4.7691859653675994
