_RESULTS/CROSS_VALIDATION_POSTPROCESSED_CLR/MHZ/IZ/8comp/5/MHZ_IZ_z_125_kriged_reverse_8comp_spherical_5.asc
ncols 100
nrows 81
xllcorner 5.5967107548124995
yllcorner 50.982328804812504
cellsize 0.00017565037499993607
nodata_value 1.7014100000000001E+038
[rows 60 to 79 of 81, columns 44 to 87 of 100]
3.860948795382144 3.9873994226194682 4.115525200663124 4.238290546862302 4.333545775178936 4.408523580527314 4.490748773255484 4.579204309841611 4.669192668894841 4.717019238955427 4.721581025660232 4.704388244652349 4.669094611254193 4.619573489578191 4.569034391650387 4.521338775144041 4.4739548079576466 4.399326022747985 4.285358502799016 4.135329611610248 3.9332030073742175 3.6644068680903747 3.3403132249649703 2.99859070775151 2.705252210813598 2.531230197139252 2.5004697083216687 2.5820099278017112 2.730071583321437 2.9107159073999673 3.102501508671565 3.291668475473172 3.4689993672875543 3.629293040191802 3.7772725474228204 3.9139595461437704 4.039849178366601 4.1561689838327025 4.248986755866863 4.2946870520679115 4.295174734225801 4.251429710403047 4.168217933236397 4.087413882603929
3.675200637235942 3.7958786752385203 3.9200354876176267 4.047139866687718 4.167315714299355 4.258615021988422 4.352791193748239 4.450094253575779 4.540241268789799 4.593946056181014 4.595207586689682 4.57007788137897 4.5251645281778 4.473269181669793 4.419331901990059 4.365253440634193 4.2953710318237155 4.192024443174492 4.048248792886895 3.867773329761983 3.6556910626478505 3.4113522369265077 3.1456334620017614 2.887396995664502 2.6771304258469435 2.550260332158979 2.5211303050049216 2.5782647158014873 2.696917821411292 2.852554761183298 3.025966310598671 3.2032080903245364 3.374336910916896 3.5323433628221594 3.674471336559181 3.8075364426807856 3.9325423845376446 4.054976480722044 4.150494923638411 4.201549085849326 4.2086172247650495 4.172210471095569 4.101663788179393 4.038689965016231
3.5123376543205893 3.6271787514543576 3.7466912337977103 3.870729801854215 3.9981499944120436 4.103314576095446 4.203187420304915 4.2970842743432405 4.3800331665933285 4.436009049194435 4.434936371407326 4.405455374875765 4.363259098293993 4.313218760388015 4.259057581148845 4.1935467610102055 4.100535179801247 3.976906663359475 3.819329846025171 3.62558727614885 3.4089288595810276 3.1827931381813688 2.9607443333440986 2.762387876990257 2.610222600154777 2.522465532403683 2.5060355306646542 2.5561111363606424 2.6586869250207252 2.796991112557917 2.955638980078473 3.1220734752423667 3.286585184018774 3.441906078628257 3.584495809177689 3.718026134741369 3.8516234344564477 3.98189565369446 4.076089147986699 4.128058054527633 4.137684038006142 4.105011020758042 4.048280824331548 4.003056956236807
3.3754457960715056 3.483427167070261 3.597209998620096 3.717002704588879 3.84356763278505 3.957552063455255 4.046291129913856 4.126848110431213 4.197184430677618 4.249092397148627 4.2528383452513205 4.230233608740179 4.193509856570612 4.147408948643583 4.088006718853 4.003114242253183 3.892076914350356 3.7542584490194124 3.5900714575606787 3.4025038117321844 3.1965336992177305 2.9919394295411212 2.8041729972378207 2.6459021955096986 2.5306852541710017 2.469177400414136 2.4655152048229843 2.516172418675204 2.6117945761900856 2.7404084555789567 2.8901292598776327 3.0506592511625916 3.2138144097126746 3.3735274687772003 3.5256357681922252 3.66793261437693 3.8095010791465347 3.9369063013769607 4.025654363850545 4.074606834764331 4.083121384260506 4.051410336813051 4.0113588580114445 3.98367781392357
3.266920946884821 3.3661763166021776 3.4726720200771712 3.5868213831825493 3.709423102227423 3.827826176474307 3.9045152491520523 3.962802075096411 4.014559311466076 4.058888366223099 4.070707223956772 4.054767805344003 4.024401652288913 3.974772319144268 3.899410667470346 3.799622117430288 3.6770234430760125 3.5337615815219463 3.372816049535815 3.198380166006995 3.016287866831701 2.8353303165432915 2.6743602615719237 2.5471153064272523 2.461315866073838 2.4225143383400978 2.43234893502035 2.4879404140245094 2.5826860679389014 2.7078856134500424 2.854376364523151 3.0136868172076365 3.1786452293915746 3.3435931595901964 3.504373353605712 3.658206289003568 3.802783809774074 3.918429014711549 3.9982907736567244 4.040825418554702 4.044960471510313 4.017134807095382 3.9939948866716537 3.983193574123941
3.187845220375005 3.2760368448467494 3.3734663649525243 3.4805597908778023 3.5987335906659044 3.7160735366894686 3.793608138464992 3.8370433880997625 3.8726790524582215 3.901287811609439 3.9150290571782027 3.9040585690645777 3.8670335873855635 3.8035032714727435 3.7152403877044664 3.6044919940657576 3.474193467728106 3.3281903145682605 3.1713944209362843 3.009781176293363 2.8504659564240153 2.701864178895433 2.5714558573863533 2.4699447739790674 2.409221156905675 2.3914259655595353 2.4161993764004848 2.480591229545224 2.579392951367473 2.7059439533177025 2.8530653956112237 3.0138379887522753 3.1821133846399543 3.3527825162221614 3.521875074022916 3.686419506519427 3.823168244698395 3.92436982096809 3.992524155867076 4.025748926758564 4.022655698800039 4.0058388642028255 3.9972284529239643 3.989718910316117
3.1481564921965646 3.2233491526288685 3.3118522423033845 3.4140947316118235 3.5306019600041623 3.6459778150243665 3.7258020692168556 3.7663831603265656 3.7827803053358355 3.7924676776864725 3.788560400018697 3.76730727851759 3.718087432482231 3.6426893018459907 3.543382954112576 3.423166380685888 3.2860639942177694 3.1374075344784056 2.9839344272231556 2.833460374280412 2.694824626744019 2.575760007563054 2.481529703950643 2.415816989045307 2.3812362478540687 2.383656800684002 2.424291833679189 2.499870039930805 2.6059327862899506 2.7371522040488747 2.8878028389743324 3.0522288586375463 3.2252098156649502 3.4022048683813617 3.5795033071648388 3.743292458161445 3.867317415533667 3.952315688678361 4.006472905663191 4.0279569493538006 4.021788272352577 4.0134290770578795 4.004803953778737 3.9962220809297797
3.1652135379635444 3.2259126834429224 3.3044589122269326 3.400826348771073 3.512886261124448 3.624516456506046 3.7042352470326425 3.745226781956767 3.7453762172479066 3.7196213317259836 3.6787535508728753 3.6402102413925816 3.580981581388456 3.495754286309659 3.3870899286393286 3.258450548541022 3.1146161694340826 2.962147982454063 2.809661399059986 2.6674865405084844 2.5468917214217934 2.455400750563804 2.395970663126977 2.368385860050605 2.3713201760061855 2.403510716931505 2.4638064977412495 2.551927279568088 2.6670891112043074 2.8050142785151007 2.961101202304806 3.130729223204521 3.309484158461065 3.493342196830991 3.67261274314302 3.8210186744062464 3.930824655369313 3.999669470738323 4.037310425587049 4.040514019716558 4.031484957873181 4.021878380377979 4.01209012381458 4.002438389878335
3.233929996384447 3.280510851809212 3.348492175599424 3.437335674276243 3.540870068132994 3.642974953812847 3.711938876662845 3.7408020750990127 3.728735297172701 3.6751134190817996 3.5979896267282414 3.528066543065039 3.4589176951565705 3.3660971732697376 3.2499031061056387 3.1138870508895966 2.963081554874162 2.8047768239376225 2.6494028375640757 2.511013225620821 2.405136460098561 2.3405928783639194 2.3169254155418466 2.3282202156845986 2.3686200958675556 2.43434246571464 2.523191822670252 2.633587411849737 2.7638806501897433 2.9120352941014573 3.0755559917949205 3.2515397188056587 3.4367605537772694 3.622676516817296 3.7852176558991646 3.915156555275513 4.005581241276278 4.051248368152334 4.060546329607715 4.051085604031329 4.040618036350732 4.029708992805159 4.018762943924167 4.008085617469242
3.3178536738781967 3.3523444480299647 3.4098943560537234 3.489626596627236 3.581893611526132 3.671561218895231 3.7271809614100277 3.743064893906952 3.7181942540679986 3.6516566278899045 3.5528328292711713 3.450805387747557 3.3557295581181075 3.257077029768843 3.1357213374270057 2.9940151981263465 2.8365690730317312 2.670394865055867 2.5068186507771575 2.3646942811677647 2.26868770764289 2.2328338036914452 2.249293318214649 2.3019290385555653 2.3798041151694624 2.47772667053047 2.5934693956271264 2.7258640023695238 2.873849964776702 3.0360686086075734 3.210734680012539 3.3956288793048834 3.5813506212666883 3.7487501994514343 3.8897541851279187 3.9965375590967285 4.0621150993084845 4.081200561259577 4.071920516994648 4.060683294027159 4.048693671992923 4.036501400677768 4.024473530312604 4.012874840311272
3.4042425240586254 3.428176538323351 3.476372386232987 3.547676951269212 3.6300489879951656 3.7072633375157804 3.748939890394428 3.751389461773551 3.713420846760156 3.634088631682804 3.5304531581664316 3.4157445408574585 3.2929848055438145 3.172750197680502 3.048536766294498 2.9041977038070463 2.742366210184587 2.5683790596793834 2.3915966169140814 2.2331465105891324 2.137150073317558 2.1378546515952164 2.2037994077325185 2.299996508957033 2.413403918478795 2.5402656257749454 2.6796551992348423 2.8313096607886523 2.994863219614464 3.1695754938452474 3.3538583606847885 3.5348252213800375 3.702338657860568 3.849794418253669 3.96967543588249 4.053222164163079 4.092533272889096 4.093671135367161 4.081688804594839 4.0685672604472485 4.055126724866116 4.041803174601087 4.028871081727163 4.016530390990625
3.489183774242229 3.5047338278827436 3.545192531147836 3.609246176074152 3.683871529480806 3.748092489595731 3.7756266712937263 3.7645520497416243 3.713543515099685 3.6244155005009695 3.518530408136505 3.401216658970001 3.273648075687082 3.1370103960308775 2.9944057610687587 2.849635071805636 2.688914030524548 2.5127988228651796 2.325734926635474 2.138170214379435 2.0105510859589444 2.078892743239434 2.20260448213769 2.336999493071482 2.478734301801138 2.6281631415746634 2.7860498736452897 2.9529350827083514 3.1289277897256964 3.3076898879140053 3.4812334821784616 3.6447269642502182 3.792894875988008 3.9200114370540438 4.019432004096402 4.080935090811345 4.104543321971793 4.102977404581345 4.088567679176124 4.073839594351859 4.059302911391357 4.045183817398032 4.031643836435369 4.0188189175112585
3.5697686026949267 3.579409937516341 3.614065781149698 3.6725592210092985 3.741672022999766 3.7915796848428123 3.805126099427823 3.780755673734792 3.717061857387437 3.6238068844655054 3.5177800489851903 3.4003016162641524 3.272536823404206 3.135657940687698 2.9908501365813134 2.839324372986707 2.68234957961739 2.516671042191157 2.340336142259556 2.1615457837052827 2.0362634547133007 2.132186228062241 2.275287041132649 2.4260576092779704 2.582635365055764 2.745501910642665 2.9140386060826966 3.084387282336378 3.253786024450051 3.4189209450283187 3.575901955723024 3.720356859187477 3.8475320341131973 3.9523896450672615 4.032716703699254 4.095993186299245 4.111071908582581 4.1066611595452 4.0910490397063075 4.0756711050594285 4.060726279417296 4.046323790728218 4.03257284489976 4.01958263963064
3.644083892826088 3.650323318680784 3.6812269970499196 3.7360158850703944 3.799256018594694 3.8348589921219345 3.8348579347126655 3.7976697449730836 3.723974063767826 3.6322989026274755 3.528247632145155 3.4130587143381774 3.288012185073982 3.154458109210369 3.013871715973813 2.8679690585099262 2.718974887810193 2.5703247818296084 2.428800606207716 2.309299337756485 2.2545497004600765 2.3042198267788137 2.4194016799443254 2.5604593937565627 2.7127395290409244 2.8705626697452598 3.0306549034051917 3.1901995973422386 3.3462099012979514 3.495322291737386 3.633747129366394 3.7572799417683003 3.863155107148053 3.9545845013145495 4.029713556074942 4.082619648555207 4.105267134584958 4.102804637535108 4.088401925135168 4.073715816222045 4.059206180937007 4.0451061116961915 4.03158039808338 4.0187667088025725
3.7110806715069735 3.716273675911464 3.745438157625789 3.7982135022350234 3.8527438177655275 3.8747429143993535 3.8618420430388225 3.8124858880157606 3.7375552642409913 3.6493904123459933 3.549303324527017 3.4386718329884256 3.3189767203241156 3.191866216017032 3.0592735200210006 2.923642338943065 2.7883829004112393 2.6588299578656525 2.5442078249578035 2.461566507650785 2.434055198498676 2.4733364154958504 2.56534969528699 2.6873552096325173 2.824877759824672 2.9696829215461635 3.116634358950345 3.261821748268358 3.4016693142911176 3.533601154674157 3.6567298988731123 3.76933075594779 3.869605551558295 3.955463071575828 4.024049369795836 4.071364647343188 4.0942523590871645 4.093307200343987 4.081402018106789 4.068341891324013 4.054945791474576 4.041655558615327 4.028749428636259 4.016429681728856
3.770395535290195 3.7766436133978853 3.8059419217206814 3.85693266486269 3.8985384254904956 3.90778958227439 3.8827660772662025 3.827455138449261 3.7571489663900604 3.6740904561479875 3.5797153509966337 3.475568397239371 3.363358731127635 3.245050340818978 3.1230135059855195 3.0002826451235682 2.8809934156075343 2.7710798704253903 2.679154070230606 2.617352736548466 2.5983818946432944 2.627130080912173 2.69772647370326 2.798210893344472 2.9171318881862947 3.045984093736596 3.1788671247615476 3.311601457313661 3.4410456420203217 3.564663537132131 3.6802538964031903 3.78576262291214 3.8791191600952617 3.9580602917371337 4.0199854319563455 4.0621439073524686 4.0825165407157495 4.081115609642829 4.071562489287044 4.060387046530786 4.0484480991440925 4.036296961947967 4.024302847707984 4.012732356887531
3.822172668143589 3.831281397368299 3.862389736470156 3.904808852093177 3.9329224620965006 3.9303625076438657 3.896714518002989 3.845982117033249 3.781592318711343 3.7050048915988345 3.617780627542659 3.5216237864627904 3.4184457603740324 3.3104613859548295 3.2003343769690518 3.0913917263697854 2.9879173238139938 2.895478178436722 2.8210610212888474 2.772811112596766 2.7585797608858176 2.7809140240726364 2.8367385993694945 2.919104505651449 3.0200870783355773 3.132661210320824 3.2512160826258585 3.371382931697222 3.489697862952104 3.60330005838264 3.70970150519746 3.806612932555147 3.891806240758406 3.963014357442275 4.017920110635132 4.05433738998388 4.070576378343822 4.067868071154667 4.060168594319657 4.050746183416012 4.040328317087946 4.029462834024162 4.018554544059371 4.0079100275926605
3.8669099361059116 3.8803872809044933 3.9116617383271963 3.9381300094831264 3.9520972046213028 3.9406156531521654 3.911042409773744 3.866833620808252 3.809450664251137 3.740442844184885 3.661478461770575 3.5743883867138906 3.4812270719166967 3.3843569243633205 3.2865610776322365 3.1911827434226794 3.102267180610956 3.02462975602744 2.963683704323068 2.9248963353604225 2.9135606000465915 2.9313950638310367 2.976549826201371 3.044641890994567 3.13012443710875 3.227462136717938 3.331730708364898 3.438756195509686 3.545028029107175 3.6475435557931655 3.743654367508994 3.830936843906462 3.9070940961496285 3.9699017962802743 4.017224265268977 4.047121450025957 4.058002901560753 4.0543465734448025 4.04806882218822 4.040152629204932 4.03116911806132 4.021605176656705 4.011855814291713 4.002239225668174
3.905336798673852 3.9238675948177852 3.943599186587766 3.9539703263622092 3.954892935217634 3.9479444362903187 3.925379433498997 3.888588857485664 3.839096671586115 3.7785233459917764 3.7086155544557675 3.631285309689041 3.54866055623761 3.4631480315638745 3.3775053060685964 3.2949094794197378 3.2189911735642607 3.153772761938565 3.1034211414780026 3.0717398139714205 3.0622558985716526 3.076609292122856 3.11356536031829 3.170154261552955 3.2423694713900204 3.325878926261813 3.416507929378754 3.5104632559716458 3.6043776898350637 3.6952632086638757 3.7804320793334982 3.8574180315551425 3.9239153033640286 3.9777491884159564 4.016889369185859 4.039504356110044 4.0442491052005 4.040972602381962 4.035801932206076 4.029151464467674 4.021461016872626 4.01314189535562 4.004554988980341 3.996008917803759
3.9382616664022203 3.9502936840972644 3.9548928334947173 3.954892935217634 3.954892935217634 3.95314355857362 3.9383402547404844 3.9096966693571042 3.8687831264210644 3.817267842337802 3.756942450909843 3.6897532782036655 3.6178380300557555 3.5435654047858924 3.46957078437561 3.3987734533693557 3.334349430941786 3.2796221310503153 3.2378314578133445 3.2117696680885355 3.203611874836532 3.215079642716523 3.245409625384146 3.29246509360529 3.353247439922314 3.4243313197538483 3.5022160457920926 3.583541929564918 3.6651870249684726 3.744284829796207 3.818201261956727 3.8844984640590967 3.9409035921818023 3.9852943828440766 4.015707006907219 4.030361713667035 4.030700625777437 4.02801390008725 4.023727972866282 4.018142844324939 4.011598806179276 4.004436713312416 3.9969750509859012 3.9895008697085084
