_RESULTS/CROSS_VALIDATION_POSTPROCESSED_80-20/Berg/TZ/2comp/1/Berg_TZ_z_250_kriged_reverse_2comp_spherical_1.asc
ncols 100
nrows 90
xllcorner 5.6208707817415728
yllcorner 50.959635321741573
cellsize 0.00013419651685393446
nodata_value 1.7014100000000001E+038
[rows 60 to 79 of 90, columns 0 to 42 of 100]
24.77964075682865 24.686603987803448 24.58175528674405 24.463956687760906 24.334122410936295 24.194169964237187 24.045754211383983 23.89033186012789 23.729252449135117 23.56391598921887 23.39610074760544 23.228738798644734 23.067941502791925 22.928539562844577 22.845946820769843 22.87908159597589 23.066188890853432 23.355672552260458 23.7049328482877 24.09430775664546 24.512430303510314 24.95280510483314 25.407716538617574 25.868169369005965 26.324290565115753 26.76526576447541 27.179523114785674 27.55519319181643 27.880874926338713 28.146635334312347 28.344755985617375 28.4661510524293 28.50393868154534 28.460127290932984 28.349527620202263 28.188825609108527 27.987350137117783 27.75515476224103 27.5023953573763 27.238848695061996 26.97358404694133 26.71478564557995 26.469696316268816
24.83928629023186 24.745526422607295 24.633737794481778 24.50643564948765 24.365920785609134 24.214187520874255 24.052931760927656 23.88355848579408 23.707190092789794 23.52468541745591 23.336700101501645 23.143888216348724 22.94764316999394 22.75352311376625 22.594379713443963 22.621772764605677 22.85826625882826 23.173856448336746 23.53220063506949 23.920879256268407 24.331715982614593 24.75700222144343 25.19011668864735 25.626637396182062 26.057810976891716 26.473859679644196 26.86440250752619 27.218881279119657 27.52716706773478 27.78027666946614 27.971112438208717 28.09509203093667 28.148398628452636 28.12658538792961 28.04071639142847 27.90797673276475 27.73646445688386 27.535158854258114 27.313285440149954 27.079817685520595 26.84314004499042 26.610852501001546 26.389684250806628
24.888516777952145 24.78603784610363 24.66613652693995 24.530986464387304 24.38214395202312 24.221409243290005 24.050623633783804 23.871313713451457 23.68466217044745 23.49146973396196 23.292108740888484 23.086471484186845 22.873934881809078 22.653520599714195 22.428786411006133 22.467078041419803 22.740085779723852 23.05518608672691 23.403498488636437 23.777935296884397 24.171989909536045 24.578762212336166 24.990505341308868 25.399169867758264 25.80117322206062 26.18868595562344 26.552296502098365 26.882522691131495 27.170291289883146 27.407471385346792 27.58735562243448 27.70595812601208 27.7609450737662 27.750720454232468 27.68521215087975 27.577798848184493 27.434408224521455 27.26278615369737 27.071074467222804 26.86734005012847 26.659239360204957 26.45380966936117 26.257142023567088
24.924924061636336 24.81479039911173 24.68676767778144 24.543203220303635 24.38628103062789 24.21801577037475 24.040244788609787 23.854619966446208 23.662608147732094 23.46552481789911 23.264667166174597 23.06174358584244 22.860298823863566 22.672056376093376 22.542993078872254 22.5750233203099 22.75735177873188 23.01829075468015 23.330106548929578 23.674698788984326 24.041612875731378 24.422388451435957 24.808744027460115 25.19194054256567 25.563077036417376 25.919100980032066 26.253287305435396 26.557014758328005 26.82208047066672 27.041102487260343 27.20788669977955 27.31797503773916 27.370419417693416 27.363828749687976 27.3086042774011 27.218842407192245 27.099095358631303 26.9549527548342 26.791829014645185 26.614693249052905 26.43103544313063 26.24835485568641 26.07345144080212
24.949540490221597 24.83329263903845 24.698847582549657 24.54874649866771 24.38543723176284 24.21127575008371 24.028531107806476 23.839403864729288 23.64608296819983 23.450898527092072 23.256702480031358 23.067792402124034 22.893510206164507 22.75435946261664 22.6836543441306 22.717803573661453 22.851574597607154 23.049831044591723 23.310338115393098 23.613874964830615 23.94542828343642 24.294054533139978 24.65027985263129 25.00494572787566 25.34876496107496 25.672932756909084 25.975827720724233 26.251442916694568 26.49228225759397 26.691602166681584 26.843691988118053 26.944088564054898 26.990954405405304 26.98479625101939 26.937628792730177 26.86107840770053 26.758011645705576 26.629841846065034 26.482831632434827 26.32407799103896 26.16066723541577 25.999458858769298 25.846938441874258
24.962976963054818 24.84201224068412 24.702631199939454 24.547585555109762 24.379614066454796 24.201459024399625 24.015891342027775 23.825758691045944 23.634088859539432 23.44431330270741 23.260813403072785 23.092191377584754 22.949910884240225 22.84973424138342 22.811686895624465 22.850624427289123 22.962703443136903 23.127393042012596 23.3357761405926 23.593764621368184 23.88531076640876 24.19774886046552 24.52050578909713 24.843913032549885 25.158621180681013 25.455389393800132 25.72680820100466 25.97319608818351 26.18876170591659 26.36729314555818 26.50350506064896 26.593209130558815 26.63346386992246 26.625413777646045 26.58446463171139 26.51448109302134 26.417339211508583 26.29862248898558 26.164548423629615 26.021683890175535 25.876691149572075 25.736120555034052 25.6062563703292
24.965459182854406 24.84100684368045 24.697926974743552 24.53917719027819 24.367786622736876 24.1868912676478 23.999779794168973 23.80996179235857 23.621287383500306 23.439502130233496 23.27164210714995 23.125476961042864 23.01087927089608 22.939703418804466 22.923571449414386 22.968808886698017 23.07181347787715 23.22023534923317 23.39886638042395 23.611608954607032 23.861746145453388 24.136095996388434 24.423503585058103 24.7139698200815 24.998107738538085 25.266887847906055 25.511582375619707 25.728205794332716 25.917805605005295 26.074783648661416 26.19421599893942 26.272159181868084 26.3057397356523 26.29412523324254 26.249379574696157 26.177868740453025 26.08384032284804 25.97240390918067 25.849302888272845 25.720677425143553 25.592840693700257 25.47208354916166 25.364515780965547
24.95690432869348 24.83001334734726 24.684203343057977 24.522606511427057 24.348508662550863 24.16540679800824 23.977311073555374 23.78940788590953 23.60704193511813 23.436221635349078 23.28379697204021 23.157532064119803 23.0659302939493 23.01742905766245 23.01857714688287 23.071525414951292 23.17244328847734 23.31244409109012 23.480412161926456 23.6656568106994 23.875135685475698 24.11116702726928 24.36257680259601 24.61932744519298 24.872117357554448 25.11215162154906 25.331062462717302 25.521224518314035 25.684441998680335 25.8193407375469 25.921300417951482 25.986587654837678 26.010308224140662 25.987799929051498 25.935552988891747 25.860721350349912 25.76784190885905 25.661685459978038 25.547647483793163 25.431551423635096 25.319451695205707 25.21744883807887 25.13152486487155
24.937232777691317 24.808844379301668 24.66125623323063 24.497860635100764 24.32238087422164 24.138967169005983 23.952306405553507 23.76773207345064 23.591304550288534 23.429811931107942 23.290625512718147 23.181338923279064 23.10912459547309 23.079767409840546 23.09645966847676 23.158741097807145 23.26222639471944 23.399483201488355 23.56164450714906 23.739905485176543 23.92638196604951 24.12501331967821 24.340670158111344 24.563622956004895 24.78481494184234 24.995751226407062 25.188427079526587 25.355333409284814 25.492731313248623 25.60521196950571 25.689170968219084 25.738968053703747 25.742622998822362 25.709176669042606 25.651118329139834 25.57210904072497 25.478671982752672 25.375967738154042 25.269157224201688 25.163855694546832 25.06595773582106 24.98145879760326 24.916279962035738
24.913165113887707 24.784321169149198 24.636159906839623 24.472125047019716 24.29605703322161 24.112332021889326 23.926026342337735 23.743076704195442 23.570364142928714 23.415599952315382 23.28687848651883 23.191848766499774 23.136648548742432 23.124913627630512 23.157173922562155 23.230804483680956 23.340540122043425 23.479403807404328 23.639749218143827 23.814100929504857 23.99563507409668 24.178336108188002 24.360614684939225 24.5501561795091 24.739868519899865 24.9216392428062 25.08785267626983 25.231394582147594 25.346008663649265 25.43588541008635 25.500351335898213 25.525335527224257 25.50847382488051 25.464873671056836 25.400702648883804 25.319301797658554 25.224871467978705 25.12395351260543 25.02261363704097 24.926361863891184 24.841036622871094 24.772627645046867 24.72708279178789
24.888032707301615 24.759575204008804 24.61141326041078 24.446938217065533 24.269979312615874 24.084996604833563 23.89733198056127 23.71348269329589 23.541278507516182 23.389723380836394 23.268208888796803 23.18502709464031 23.145657053859704 23.151697334210652 23.200969854637428 23.288516726469926 23.40782567070356 23.55183183108772 23.713576062079287 23.8865638963005 24.064907803348103 24.243334030594507 24.41712081028253 24.582013041404448 24.740593283623134 24.893310924209842 25.032976733288493 25.1528743096533 25.24679737605599 25.314211324246322 25.3513288009636 25.34974942281925 25.315418140035707 25.261463912606715 25.190625725547804 25.106196454334157 25.01225745553365 24.913628849178693 24.81621507372318 24.72726202290665 24.65279086669441 24.598762643512345 24.561250410745323
24.86203311401514 24.73488037650315 24.58736456409624 24.42269914600263 24.24453170388405 24.057192814304422 23.86606531589575 23.678065375842415 23.50209552977241 23.349057616461728 23.23074202133592 23.157222799746215 23.133775884381734 23.159514237798863 23.228714583723313 23.333421715622794 23.465499248814247 23.617567696060117 23.783186493364905 23.956730741808236 24.133211145657533 24.308123641607427 24.47727092279931 24.6361196532843 24.781460007617188 24.910473801242347 25.023037759265787 25.11911285024372 25.192933412184132 25.236186697162417 25.244323496566246 25.21799416986465 25.1696887623095 25.10531846122467 25.02740412988568 24.939189604001406 24.84468446043821 24.748639921297393 24.656498419262366 24.573981092705502 24.500871290887034 24.43898455747747 24.390934253017985
24.83534738940964 24.710589244036637 24.564582798852143 24.400232505697797 24.22080411772369 24.030206976484106 23.8334818451334 23.637576882621172 23.452368021159174 23.291391739126947 23.170790963602926 23.104750336204173 23.099042632446736 23.14875159421325 23.242530861077707 23.36830200098644 23.516116946188205 23.67845776243342 23.849584734016872 24.024809678855718 24.198156045058962 24.365745796573414 24.525212243832055 24.674151007001377 24.810100610578566 24.930525833153016 25.03279949665457 25.11418328673391 25.17117233510374 25.188060594537497 25.16987391874594 25.128219093744697 25.071624996607405 25.000903134355667 24.917435185753416 24.824870771730644 24.728050554383007 24.628969059335184 24.530677150484166 24.43655095538869 24.350227325600592 24.275491424684635 24.216056752562867
24.808091234711156 24.68707618290965 24.543801127943716 24.380755074452793 24.20063218501714 24.00658788153074 23.802766778317615 23.595340474111513 23.39435830201366 23.216285513927033 23.08482102867658 23.023617080015185 23.040464380559886 23.122023230910603 23.246956215230462 23.3978757404377 23.563610683525997 23.737307071895366 23.911478703144528 24.081612109889562 24.246269086112353 24.403924121483346 24.55288937676037 24.691299508722224 24.817112935920353 24.92811250720004 25.02190148709938 25.095896288666168 25.14201510722776 25.14361634324195 25.110411568353236 25.06168342937461 24.999158205353414 24.92373528070602 24.83633764648993 24.737983221504077 24.62986196947479 24.51640454620746 24.403329584393315 24.294321289508066 24.193520183619345 24.105447315107714 24.03476718792524
24.781274589982477 24.66462017786062 24.525764581356956 24.365695609738413 24.186430526276006 23.990117092016668 23.77942828081641 23.558551779288678 23.335581587947622 23.127852185487328 22.97015159232918 22.909457518365652 22.960271200998882 23.087128717688163 23.25078476992599 23.42949169463119 23.612051689919983 23.788870518849606 23.95868575689005 24.121320128709304 24.27640137171311 24.423235748287258 24.560798024082544 24.68775468312699 24.802487739395733 24.90310913964409 24.98746594737814 25.053003291153775 25.084223795607464 25.072447566707073 25.033100314501677 24.97942844021324 24.912384985794485 24.832667930787082 24.740994519615814 24.63818620205061 24.525264353921454 24.403559195187785 24.27578190294154 24.150572884010735 24.033448280417424 23.929772149219307 23.845456143199826
24.762287201332807 24.643857462376435 24.510979863719832 24.35633488098448 24.180703500976037 23.985240334913225 23.770950851878915 23.53914019516138 23.292990137215842 23.043227803368133 22.829391778305553 22.75843544426505 22.872501326125803 23.063153153319384 23.26891609563857 23.469714022691495 23.656380800156356 23.830333307514948 23.99325331601088 24.146309757475038 24.29007662938869 24.424583739003587 24.549390633534543 24.663648065203734 24.766137741507944 24.85529206174568 24.929200371848804 24.983404962548533 24.999939278269114 24.983089671056867 24.93979055349329 24.882467597581027 24.812193894469516 24.729412746727938 24.634572643872108 24.52822230789068 24.411119659963703 24.28436309763688 24.14955661692693 24.00932958109523 23.873863092327728 23.751783718027276 23.65056744915103
24.753389066104074 24.632989897289466 24.500248716056632 24.35330104661237 24.185217849137846 23.995725384940233 23.784772355779133 23.551555947245134 23.29449605772995 23.011804668960156 22.707816793845232 22.58363501038641 22.83384941897272 23.086391870853276 23.31593282394999 23.51886688449471 23.700886009996267 23.866329066783283 24.018227448499623 24.158572529598445 24.28854151614999 24.408667610598123 24.5189581857505 24.61896792554948 24.707835355357304 24.784292866637532 24.846661828775478 24.888210404032286 24.898887989951245 24.879148206701526 24.8332594962195 24.77385769087874 24.701960216208622 24.617702769997894 24.52120450741283 24.412667754701893 24.292490063594798 24.161402728887694 24.020660015488517 23.872315397428697 23.719863276081433 23.576111386818326 23.45355766344791
24.75507239846813 24.635047037919414 24.50276660261452 24.35805767620298 24.200068537970843 24.022844092038177 23.824550189830543 23.604849212805153 23.363290396587022 23.101509542842738 22.839220673418478 22.75157728836669 22.952882466672346 23.186939743276294 23.397399073637263 23.583847232787512 23.75012504916593 23.899780578471102 24.03554562858455 24.159371432230518 24.27255328600479 24.375844174919166 24.469533665397744 24.55348830979791 24.627157470912124 24.68955361990141 24.741713522901755 24.778024217090895 24.78515355879074 24.7631321423738 24.71614081029085 24.656535426934735 24.584967133733752 24.501214783504633 24.405017940019604 24.296175385265588 24.174647077645947 24.040676446278255 23.894965653508226 23.73896398882836 23.57537770678909 23.40965921609644 23.260018491315368
24.76724336163928 24.649903709526864 24.520917130545982 24.380380589906682 24.22823626261879 24.064334917595957 23.88718114755807 23.694447378814328 23.490784744125076 23.289643343673454 23.12970317373975 23.088497165350354 23.1887749896285 23.346474148908317 23.51022928853535 23.6640178113317 23.804265735817616 23.93110864237606 24.045635969646792 24.14902118113484 24.24225087616641 24.326046195590465 24.40083526040287 24.466723540390337 24.523800976153947 24.576099385697162 24.62501721042464 24.656602518797886 24.660687087638927 24.637200854792493 24.590889259287373 24.53327540157772 24.46435016487226 24.383491934495193 24.290028350152593 24.183329596312273 24.06288846168041 23.92840244670416 23.779888047714657 23.617888562671485 23.443912492673853 23.261428304236453 23.080147994914338
24.78923343534691 24.67667422949515 24.55348071750504 24.42016436621384 24.277302889442094 24.1257446166545 23.967068022199562 23.804590452296605 23.644703459949135 23.500719725680984 23.400896121415833 23.377869285907448 23.428197244217408 23.523690163162243 23.63688359023521 23.751254166053908 23.859324980232053 23.95828745049784 24.04742275630671 24.126884559701864 24.19715270232366 24.258781394793047 24.31253329158551 24.361839730369343 24.408701227350704 24.454147410376077 24.498304015658444 24.52532363588841 24.527033271018492 24.50313453130612 24.459755866489267 24.40665917725212 24.343049096111137 24.267864558190315 24.180011552139693 24.07845058362969 23.962249423232738 23.83061338407289 23.682911574193792 23.51873227621553 23.33804793317593 23.141734250784307 22.933320526135777
