_RESULTS/CROSS_VALIDATION_POSTPROCESSED_80-20/Berg/TZ/2comp/1/Berg_TZ_z_500_kriged_reverse_2comp_spherical_1.asc
ncols 100
nrows 90
xllcorner 5.6208707817415728
yllcorner 50.959635321741573
cellsize 0.00013419651685393446
nodata_value 1.7014100000000001E+038
[rows 19 to 37 of 90, columns 0 to 42 of 100]
0.3001114243634697 0.2971275622685366 0.29332321348761986 0.2888332465206968 0.28379891592121614 0.2783667107230486 0.2726878785494846 0.26691865611863286 0.2612211189833255 0.25576432727607246 0.250725016090158 0.24628641994549816 0.24263308534815314 0.23993933653146857 0.23835059235597345 0.23796079007853688 0.2387940178572681 0.24079929859698565 0.2446168129521749 0.2542863213947256 0.27062046477538987 0.29420434984778737 0.326027960991682 0.3675071763210498 0.4205227059619572 0.47913175439990974 0.5254632598125804 0.5550466742638401 0.565454638939113 0.5562288316959821 0.5368126038059828 0.5183189631715042 0.4991639117228979 0.4780097042833928 0.45145863601404573 0.41210428802729404 0.35215159864077905 0.277080959145161 0.20640177361500012 0.151944996277463 0.11461494057378417 0.09163692784011096 0.0802943344642937
0.298854817085797 0.29534871633630333 0.2910093050525313 0.28597207311244455 0.28037825483626566 0.27437383551707595 0.2681094256113922 0.26174115724635555 0.25543269992864565 0.24935830055860675 0.24370626009230972 0.23868121279032095 0.23450181783071425 0.23138863215024422 0.22953757594727192 0.22908153521755695 0.23005542783796568 0.23238576918576795 0.23628859316057346 0.24548062716618405 0.26109008948081575 0.28360312887059075 0.31388614592951086 0.3531895987641191 0.4031606914738372 0.45388023579111014 0.49075242903398564 0.510184533654616 0.5104206660633642 0.49259634876711467 0.4709535644502252 0.4488159644002084 0.42435593075536476 0.39562575630254965 0.36098666259045786 0.31753512696572234 0.26486790538983673 0.20824770133516754 0.15628497562032578 0.11479327824395345 0.08511745150878351 0.06640578344985465 0.05779888529282288
0.29759918262311297 0.29362971443035346 0.28881323709669615 0.2832846815315699 0.27718379311368807 0.27065415124671544 0.26384320332151184 0.25690361288432495 0.2499962873689383 0.24329544625267688 0.2369957940964197 0.23132072893358654 0.22652754401318986 0.2229000650507339 0.2207143976227427 0.22017213162350094 0.22133075682818212 0.2240932983226686 0.22829773686457652 0.23691644063698059 0.25163423917283023 0.2728187831480581 0.3011905550311692 0.33780405257727725 0.3839327011989924 0.4272323472207777 0.45587994285361977 0.4668899066145319 0.45917417115177567 0.4371177918636406 0.41400070537715145 0.3896830375603345 0.36262426190385777 0.33127360508702636 0.2952382397613665 0.25421329453941754 0.20946229370090408 0.1645616846122252 0.12393470790085137 0.09063588801953218 0.06564423310015079 0.04882462392641813 0.0407121368726606
0.2964298897264724 0.2920640599113374 0.2868374996889588 0.2808836654844647 0.27433964273009737 0.267344992699421 0.260041657232412 0.2525753320952029 0.24509894022328366 0.23777915858621207 0.23080727467484005 0.2244153996254693 0.21889623260439123 0.2146143156065898 0.21197694470909534 0.21134232542257184 0.21280923217731038 0.21617184145427465 0.22104566925778452 0.22903907768717305 0.2427410201191374 0.26240928109209877 0.28861158889185945 0.32219750198936503 0.36403838424860374 0.40104003548437117 0.42295836661073954 0.42746753095481116 0.41410198046439317 0.3907534480369187 0.36712900286374284 0.34215484820203157 0.31471305271156524 0.2838860541084951 0.24986307391544976 0.21332838637271404 0.17557397214638074 0.1389183276310609 0.10582798838077558 0.07799676199829403 0.05598318635921209 0.03954555157358517 0.02887285856516785
0.2954214732473435 0.29073385940864277 0.2851728445771592 0.27886989351772584 0.2719587774071205 0.26457407345396344 0.25685062640961126 0.24892439223154159 0.24093540384161646 0.2330342255988138 0.22539444125509586 0.21823565316523566 0.21186307330408852 0.20673635444863786 0.20349165052429935 0.20272820438076433 0.20463799117912046 0.2088218408091726 0.21462747889258557 0.22230102899124582 0.23490135101524534 0.25292166805518607 0.2767898039166289 0.3071687994190533 0.3446784233643494 0.3766482593039808 0.3933753217802751 0.3932223748227324 0.37633445258251613 0.3533088310970153 0.3300463851204643 0.3056397003853425 0.2793261222866792 0.25062272695555277 0.21989299716360924 0.1882092664772359 0.1565088528238174 0.12622674468090184 0.09883556709759347 0.07537748141758398 0.05625631431771024 0.04140702568900244 0.031090608379346983
0.2946354746530429 0.28970729195224854 0.2838952510609165 0.2773287957699316 0.2701384175867269 0.2624537170250625 0.254402215005924 0.24610921692973975 0.23769930661601338 0.22930068340998 0.22105508000183788 0.21313979837525 0.20584563015239007 0.19965510265256134 0.19541748579657917 0.1943654984844941 0.19700389443836258 0.2023801235478484 0.2093258583032804 0.2172351119058243 0.22863238640302028 0.24488666424356711 0.26631173206970254 0.29341203490947815 0.32670237487209414 0.35486003369994085 0.36790135496078696 0.36470189603837566 0.3462614507214071 0.32406041742721964 0.3017702772144604 0.27870365772320765 0.254350255057489 0.2284714074110997 0.2014443565572459 0.1743665223613816 0.1479489991138855 0.12308411877863319 0.1007154201575414 0.08164208813874943 0.0665049700124639 0.05626926368334244 0.05336517003841363
0.29411851290250207 0.28903626549660494 0.28306298900737314 0.2763265682834227 0.26895498414600805 0.26107398747613964 0.25280529218542236 0.2442654101104032 0.23556536011254914 0.22681177854488563 0.21811078279086712 0.2096144977675996 0.20150040168424443 0.1940450506513443 0.18809567102843094 0.186291730379099 0.19042590221529596 0.19751359706576435 0.20567950132051616 0.21434408017501583 0.22445948088789486 0.23879637973127094 0.25768833868478985 0.28149663363878585 0.31062749632786213 0.3360655872218944 0.34682469073023814 0.341923136087287 0.3231891708036698 0.30205838908386473 0.2810927168389785 0.25977012857831916 0.23774363275418614 0.21489963400105538 0.19158406890350835 0.1688253632549612 0.14717009459102798 0.12727820337120127 0.10988126561165533 0.09581262875354928 0.08621462917081142 0.08321474230640484 0.09009634093507604
0.29390072087520164 0.28875446140725036 0.28271407980473173 0.2759067482990506 0.2684605063069409 0.26053230562727736 0.25222519666065485 0.2436212702976513 0.234808767146323 0.2258798980948946 0.21696282568174843 0.2081881942917186 0.1996201007838843 0.19131302728874294 0.18331883780451486 0.178885908951715 0.18672945014454576 0.19538891087703958 0.20434254599742957 0.21349769125353088 0.2228798711177747 0.2350838708554851 0.2513423073075775 0.27187002913720165 0.29688804866797136 0.32037806578089384 0.33001535540300136 0.3245778570361947 0.3062936138460216 0.28633078135059886 0.26683643762999143 0.24740580514652938 0.22779439219184358 0.207951812678087 0.18819800006403833 0.16950127258214615 0.15233161426233205 0.13726656626350028 0.12508904488749986 0.11687459175675004 0.11442844673953269 0.12113231761415857 0.14123216234015779
0.2939946826331049 0.28888121168046965 0.2830040356818853 0.2764786373817616 0.2693561054017216 0.26169995632698617 0.2535857602016226 0.24510018430976957 0.2363395664658938 0.2274308781213875 0.21855011822588832 0.20979577584941322 0.20128311580131833 0.19321169173530553 0.18621962805412004 0.18370667364050824 0.18904364269582452 0.19702243544128234 0.20574302968244168 0.21481445524336126 0.22406736252885895 0.2341128577970317 0.2476131168063242 0.26487568491990915 0.2859568281595598 0.3076729405854336 0.31709674909876473 0.31217046173015567 0.2948093661479062 0.2759955878959 0.2579728071572559 0.24041744240297816 0.22315039677610224 0.20615667621413286 0.18975955313880738 0.1749035515420251 0.16204557229678754 0.1517923484087983 0.14508790341997743 0.14342262438138703 0.14930534558272804 0.16729264761699827 0.20215371663667886
0.2946390604973101 0.29011529950398396 0.28483850224988144 0.2788409155728021 0.272169655941886 0.264887738462184 0.25707463314846846 0.2488264264463391 0.24026240610989527 0.23159525447388965 0.22297886123430136 0.21457416289669085 0.20662521594548233 0.19958352207896024 0.19442600401530588 0.1929077052566649 0.19589731861406287 0.2019850366930146 0.20971667300144275 0.218219292988257 0.22711575264815986 0.2361844992656503 0.24678736685436833 0.2607878671912768 0.27809834823214635 0.29765660600269406 0.3076375139845812 0.3039793216748624 0.28807685956027346 0.2703081231102659 0.2536573933585863 0.2378571002242954 0.2227715133496873 0.20840943971514636 0.19512153927686118 0.18384263175586413 0.17507025827907774 0.1695312769876996 0.168374983116523 0.1734560379797217 0.187874239396288 0.21684461497129556 0.26436851846692816
0.2966309549383801 0.29287532974573494 0.28830438355815713 0.282942280998486 0.2768310300094719 0.27003269639461946 0.2626312824978793 0.25473438952247573 0.24653085575355543 0.2382445044961776 0.23004436952257126 0.22215854273356062 0.21491862857642932 0.2088381707267043 0.20468836920321526 0.20333676403772732 0.20512225372700446 0.20954016727196512 0.21581718542892186 0.22339162310528413 0.23172355220986754 0.2403696167882801 0.24914366945035976 0.25985827416101454 0.2735307052185989 0.2899166647410843 0.3011170604671351 0.29934146833290753 0.28542407301430095 0.2686705616186163 0.2532249742965448 0.23899275917761434 0.2258443527774667 0.21377092323629823 0.20326277515835173 0.19526982830294345 0.19032165964120612 0.18925317146185391 0.1933850383894132 0.20479726106111085 0.2268010067988173 0.2646174451225659 0.3204111069476453
0.2999275591289182 0.29705349470263337 0.2933060226466751 0.28869871488863896 0.2832659170507633 0.2770664141510029 0.27018685244621155 0.2627578458586622 0.25503857857627954 0.24721686292720918 0.23949782865624875 0.23215007287380557 0.22552910509994872 0.22009877822512838 0.21640758790293044 0.21494344357200842 0.21589023636635488 0.2190357201890193 0.22395790422547052 0.2302531082717307 0.23762767914251798 0.24573455312927858 0.25403478561126347 0.2623687958171633 0.27248077806321114 0.28499715734026854 0.2969519134622282 0.2976075430522072 0.28630060955416453 0.27049979221935416 0.2561654384410439 0.24318874595896217 0.23160422873036243 0.2214788789386264 0.2134699517664378 0.20843164787023657 0.20692532328407381 0.20985627688351582 0.21862135331078428 0.2353279558909396 0.2631257755680072 0.30676134744151806 0.3666198725002553
0.30453175555670403 0.30264846866790285 0.29981497230181364 0.29604703656944525 0.2913925367703937 0.2859125950492363 0.2796647175950807 0.272830418211155 0.26566527996688327 0.2583488868221523 0.2511092181413467 0.244231204503904 0.23806025861364752 0.23299267432935855 0.22943207533550866 0.22769758880005916 0.22791906977458076 0.23000524024687488 0.2337182621497454 0.23878414750038468 0.24496405632476673 0.2520764732013219 0.25983578513527456 0.2676269020483782 0.2752377206653849 0.28403078768690887 0.2945067338578648 0.29809454167472477 0.29008120362049866 0.2752646489570164 0.26180924863089844 0.24988929519143693 0.2395652021714524 0.2310568403344199 0.2252302716005209 0.2227465844550859 0.22418885565145857 0.23047006516762955 0.2429428511611711 0.2635446485355385 0.2951460906792625 0.3416062284312481 0.4007435338555754
0.31116862381476834 0.31038965937386687 0.30854407670362977 0.3056331820112479 0.30169464958457437 0.29680714773873673 0.29109802021004944 0.2848584646512446 0.2782930602023649 0.271491959609131 0.2646894350813687 0.25817420784878004 0.2522742571105624 0.24733480382272488 0.24367789348916205 0.24154614092936605 0.24105260935818315 0.24216882505927406 0.24476040020575313 0.24864462196592246 0.25363760542023445 0.25957870507619596 0.2663344557870932 0.27357028334702604 0.28062186050168736 0.28728383428010507 0.2941451686374079 0.3000735230744605 0.2957948299286414 0.28251907093151635 0.2696308485781727 0.25857418176414393 0.2493527483594443 0.2422004052720102 0.2381853838741164 0.23781110229705943 0.24164852888864302 0.2505658107661567 0.26580681228359293 0.2891030290768038 0.32281726142829104 0.36803866740870617 0.4231000175265019
0.319843658851279 0.3203190948702285 0.31960783402336346 0.3176901778506987 0.31458622108609974 0.310362210126027 0.30516181282481536 0.29930106121114325 0.293004217483866 0.2865226594835929 0.280083100118954 0.27380810079395496 0.2680055122534502 0.26299298945975913 0.25905387680729197 0.2564004879025737 0.2551473052490769 0.2553065788880319 0.256808346972169 0.25953342328089635 0.2633440261931783 0.26810358858107997 0.2736780116160979 0.2799476206115024 0.28640625765953126 0.2924513254604139 0.2979267213256001 0.3027510352399234 0.302480417344627 0.2920156029952418 0.27939670117789944 0.2688834017148087 0.2604554090741056 0.25457882625118894 0.25210412889311373 0.2533980797093154 0.2590681703888434 0.2699242787660928 0.2870662427144749 0.3119605025778779 0.3452461655769777 0.38650924470419834 0.4358650438155997
0.3303917941418298 0.33229300455387845 0.3328854679692974 0.332120821371047 0.329992369157308 0.32654347018075824 0.32193517705303254 0.31646752850160137 0.31034835946853956 0.3038423543460407 0.29726959532903346 0.2909826294361378 0.2851050883868135 0.2798308613859486 0.27543500236624807 0.27212684355553896 0.27003369667222543 0.2691998493411978 0.26959997616695225 0.27116045562041136 0.2737802891772485 0.27734598077322326 0.28172919468878427 0.2867851986540651 0.29238209946883853 0.29775918291835946 0.302534887258509 0.30640645153694085 0.30890948362398213 0.3031758925673083 0.2909476724609564 0.280637407020218 0.27267452386010754 0.26785681102383985 0.2666200859124644 0.2692842695579178 0.27635435969893885 0.28854757653514645 0.3068235660095942 0.33191315174266856 0.36239579303136565 0.3986908975593827 0.440999044190145
0.342617799130034 0.3461344281595697 0.34822179701364137 0.34879473862469396 0.34780907008363915 0.3452720477543183 0.3413505009129333 0.3362979485586659 0.33030899454602175 0.3236596501482331 0.316696174628787 0.3098104922486181 0.3034077855133233 0.2976778372702308 0.29264676611407087 0.28853773400305305 0.28549922878458345 0.28360400425216076 0.2828602065383514 0.2832275775028462 0.2846335095467167 0.2869850603276586 0.2901674631435964 0.2940107600673337 0.2983941912901948 0.30301574367712436 0.3069376197133078 0.3098052386715165 0.3115811315014406 0.31149979097228264 0.3033398759690187 0.2935914212220181 0.28610362395930317 0.282023565370041 0.2816490748681134 0.2852540861975541 0.29327411033481354 0.3063195141034261 0.32515679570240197 0.3484263942085794 0.37536619707025903 0.40606741863300533 0.43969315101904594
0.3562754838759231 0.36160838850244903 0.3653985040758283 0.3675165772941421 0.3678698099598021 0.36641384962519574 0.36329447602053305 0.35869551715664416 0.35279065441674057 0.3458649643419721 0.3383023897519062 0.33055115359052273 0.3230768480668621 0.3163172566558664 0.31045275595858407 0.30538461897398717 0.3012796830237703 0.2982368211777547 0.29628977737243695 0.2954219547080944 0.29558057125846826 0.2966879267021813 0.2986474590945388 0.30128523774769184 0.3044410443262471 0.3079835705889031 0.31090237540412696 0.3131656917977001 0.3149168832274114 0.31574919763335685 0.31456793649155773 0.3076683577714485 0.3022190581654826 0.2993116627240932 0.2993231492553917 0.30274629509638906 0.3102105462669539 0.3225096740353159 0.3398422042558198 0.35950993898298467 0.3810208762480521 0.4040129013412651 0.4275084910492445
0.3710451565507112 0.37839299592211045 0.38409840546090285 0.38798407331286494 0.38989954669327714 0.38973297990259537 0.38756436785415593 0.3834868326076796 0.37762997107985624 0.37028249050086737 0.36188323829994856 0.35297045729998294 0.34410853149106546 0.33582075548545887 0.3285464835533893 0.3223514938685752 0.31705500481546517 0.312774956468734 0.3095633328879711 0.30741846474060225 0.306298675357943 0.30613234250758975 0.3068258329236461 0.30823828272769793 0.31037528200248665 0.31408869211984963 0.3186788359701827 0.3228780116533057 0.32613295094393724 0.32795727750428966 0.3279291152409079 0.3259960609375662 0.32243170023776746 0.32053734438163317 0.32068203363819325 0.32331980778032 0.32899409590026285 0.338338356178517 0.3497409933288528 0.36212997286631454 0.376319464578326 0.39230231140732597 0.4075109026946495
