_KRIGING/CROSS_VALIDATION_CLASSIC_80-20/Berg/GZ/train_4/Berg_GZ_4_train_z_710.asc
ncols 100
nrows 90
xllcorner 5.6208707817415728
yllcorner 50.959635321741573
cellsize 0.00013419651685393446
nodata_value 1.7014100000000001E+038
[rows 18 to 35 of 90, columns 41 to 81 of 100]
-0.043363980245602077 -0.049280964140214746 -0.053599127772688791 -0.056209838900462772 -0.057083079153887835 -0.056274349800537596 -0.053923245996846843 -0.050244227297908867 -0.045510906848777552 -0.040035748661392374 -0.034147356238881744 -0.028167557288924006 -0.022390278596274939 -0.01706382814077919 -0.012377732789484508 -0.0084547871244174538 -0.0053485027304339475 -0.0030457372396146057 -0.0014739402001682361 -0.00051217898060918615 -4.9001702832479621E-006 0.00022275849724951585 0.00034935672381835453 0.00054247249176331974 0.00094607285592001461 0.0016708418455152266 0.0027880770875241476 0.0043274124709413095 0.0062782500212488629 0.0085944355695463798 0.011201433473375346 0.014005079170841712 0.016900931887764981 0.019783311279895244 0.022553261093037444 0.025124906799716913 0.027429923254778672 0.029420064841111707 0.031067904448046336 0.032366061100027863 0.033325264527124199
-0.037185588288087122 -0.044037456338627268 -0.049360514802560332 -0.053010780607864322 -0.054920044789993586 -0.055105889170087498 -0.053673112929037946 -0.050806892319259375 -0.046758848049626392 -0.041827824706215593 -0.036337542800598269 -0.030613362283372046 -0.0249602335815126 -0.019643572610233376 -0.014874353716675309 -0.010799236723446959 -0.0074960815227283414 -0.0049747854840473116 -0.0031830168980572643 -0.0020161131303013322 -0.0013301648241348593 -0.00095712197646485864 -0.00072064569256642674 -0.00045140705958213873 -6.1631178638332784E-007 0.00074924334063555809 0.0018772117726044424 0.0034205482446108409 0.0053753024278400535 0.0077003566793000869 0.010324224570045462 0.013153683792219754 0.016083240100318502 0.019004462897002493 0.0218143828743327 0.024422363645448749 0.026755111436803029 0.02875972973278678 0.030404927511511734 0.031680631241181409 0.032596326904374716
-0.027162296454173153 -0.035014431960526157 -0.041473213224857815 -0.046353505303216837 -0.049540128361930044 -0.051001529563138963 -0.050794795504838806 -0.04906205751145451 -0.046019239588101397 -0.041938789687089528 -0.037128460040978736 -0.031908350894981959 -0.026588335654659949 -0.021447704330854217 -0.016718467050476644 -0.01257331551206891 -0.0091187961252872374 -0.006393832413525348 -0.0043733573881276008 -0.0029764813892497882 -0.0020783297238638199 -0.00152444627281733 -0.001146491441277965 -0.00077788781470769508 -0.00026810501299820433 0.00050556355233800226 0.0016296021100846644 0.0031497557134679624 0.0050704865443238212 0.0073580903079069823 0.0099468163854990396 0.012747096123041597 0.015654873009800476 0.018561049131520568 0.021360195702570597 0.023957887408138718 0.026276268576687162 0.028257702521108943 0.029866560631464936 0.031089354856190184 0.031933500352344255
-0.013290793387016747 -0.022193725836244828 -0.029906250370698571 -0.036196658806773273 -0.040894312611692477 -0.043907470314357253 -0.045232593984222143 -0.044954850512644411 -0.043240454546900287 -0.040322248154747581 -0.036480411613017315 -0.032020431687039552 -0.027250442595996432 -0.02245985389258149 -0.017900853765804692 -0.013773986229861458 -0.010218591161711213 -0.0073084931049386195 -0.00505293880434593 -0.0034024182239443812 -0.0022586651027362362 -0.0014878351953386132 -0.00093562731344127431 -0.00044297383931650447 0.00013908930709905648 0.00093664291429005481 0.0020432111523910404 0.0035138503636064009 0.0053632334572937604 0.00756753652429909 0.010069560580134855 0.01278624840061493 0.015617612933471157 0.01845608531183493 0.021195400312038218 0.02373833150085887 0.026002824956542585 0.027926317376587587 0.029468227825232785 0.030610761689070676 0.031358254573738566
0.0041860499377356641 -0.0057982052254249433 -0.014860499251327167 -0.022717889688027758 -0.029136646111999391 -0.033954653204371882 -0.037095647390505117 -0.038574605543862529 -0.038494554608621528 -0.037035871196128847 -0.03443971740771995 -0.030987586195967753 -0.026979021226034031 -0.022709476454796158 -0.018450046022312976 -0.014430478747018936 -0.010826532884105955 -0.0077523483100639529 -0.0052581245236907811 -0.0033329989927060877 -0.0019126312775344101 -0.00089063455734907093 -0.00013268946221049738 0.0005080366213785284 0.0011756235986720015 0.0019976758599488109 0.0030743125622364545 0.0044706951484111968 0.0062134911289787528 0.0082912287811116592 0.010658095800273486 0.013240428110055373 0.015944955764128306 0.01866782996123037 0.021303534161241366 0.023752950824934168 0.025930071763708918 0.027767062850553605 0.02921758927837232 0.030258455102877425 0.030889704447716371
0.02477189735446551 0.013700935123357662 0.0032243076029985565 -0.0063203013936625266 -0.014629878066449525 -0.02146336147517424 -0.026661326595760704 -0.030156937439997727 -0.031977994200214271 -0.032240743400917912 -0.031136776679751989 -0.028914775404139968 -0.025859068285621754 -0.022266989716588366 -0.018426903089640859 -0.014598529463172555 -0.010996929621211203 -0.0077811447669310571 -0.0050481159662985609 -0.0028320819926892712 -0.001109213996374557 0.00019318895585741097 0.0011840066227216117 0.001993462972704009 0.0027576628716545759 0.0036040043681799527 0.0046387938997266565 0.0059380693984804958 0.0075422158659728122 0.0094545020786191494 0.011643241277909611 0.014046939034614868 0.01658157458097171 0.0191490799340404 0.021646122334352813 0.023972429726828892 0.026038086272214947 0.027769424948750947 0.029113324682998071 0.030039860425034901 0.030543350566283774
0.047732134339544471 0.035598920530213241 0.023683813760978098 0.012381218025697617 0.0020676166440268193 -0.006930746053214823 -0.014363345669287021 -0.020072404497929963 -0.024000789241141032 -0.026190985965037224 -0.026776093741533009 -0.025964320896387907 -0.024018808186814143 -0.021234759883196626 -0.017915868495212831 -0.014351903593328032 -0.010799122850520058 -0.0074648664648465368 -0.0044973209744492773 -0.0019809941260801947 6.2051220653003281E-005 0.001665663812092065 0.0029087031214411405 0.0039010830839676033 0.0047683100256457542 0.0056361242230315856 0.0066167285480841706 0.0077977970581069103 0.0092350486385222794 0.010948710253748606 0.012923749436257757 0.015113385712491254 0.01744513574903258 0.019828522508604236 0.02216357591836577 0.024349344160712945 0.026291783472987509 0.027910562593486874 0.029144475485804688 0.029955284776626998 0.030329913885902546
0.072131772758463858 0.058994368239013585 0.0456646128636626 0.032593761331566808 0.020233459183190555 0.0089984074688313383 -0.00076506492476861865 -0.0088023967108271858 -0.01496494713807104 -0.019214603393824803 -0.021619349527918108 -0.022340959923374551 -0.021616458968967425 -0.01973529259381622 -0.017014303138955945 -0.013772604926243583 -0.010308336479662727 -0.0068790227199908849 -0.0036869210842219793 -0.00087026061924490999 0.0014992617266736119 0.0034129445548174014 0.004916280696687203 0.0060961369001517607 0.0070654825428257198 0.0079473685787525492 0.0088597893232074398 0.0099028083011704071 0.011148942295390624 0.012637340270582841 0.014371836307136406 0.016322559775544677 0.018430494391062768 0.020614208796819251 0.022777929381001101 0.024820167308547247 0.026642212763071743 0.028155936282853875 0.029290463173944337 0.029997397244439242 0.03025436173134096
0.096893632683634365 0.082846023697024096 0.06817870015496566 0.053397818230653676 0.039029022743988097 0.02557530369505847 0.013479702594219579 0.0030955024332759082 -0.005334337156498288 -0.011687660437882795 -0.015963551283966752 -0.018273531432431114 -0.01882494812078063 -0.0178984350622447 -0.015821625086765496 -0.012941427749972777 -0.0095971620556655271 -0.0060966523121765911 -0.0026970564680456055 0.00040828533586900057 0.0030962871578779499 0.0053137959226581336 0.0070711127387223308 0.0084305163187137627 0.0094913553440893056 0.010373485200150988 0.011200817473719309 0.01208654468589004 0.01312124412200507 0.014364618736636768 0.015841170909300789 0.017539689135615273 0.019416102805751963 0.021399046562212046 0.023397370851598046 0.025308819334160727 0.027029138073120851 0.028460957198023083 0.029521871372429051 0.030151230020170238 0.030315231774833626
0.12087183071385636 0.10604433352938449 0.090171980151261447 0.073811685777647518 0.05755888232508824 0.042000970835813632 0.02767448506920386 0.015029089886063461 0.0044007202226506864 -0.004004759787215588 -0.010116936094179178 -0.013995694701430222 -0.015816731957748284 -0.015849524622787353 -0.014430003478393863 -0.011930440828498257 -0.008729140358078688 -0.0051823995437640935 -0.001600900509478885 0.0017678088804385372 0.0047497179738279355 0.0072473322973146195 0.0092356423498446555 0.010752138736552945 0.011882418963732357 0.012743213811956623 0.013464717314482101 0.014173948602990896 0.014980551138548789 0.015966009625406841 0.017176807438688522 0.018621620067741332 0.020272287307527812 0.022068050483839266 0.023922381087724803 0.02573164827265911 0.0273848517332103 0.028773661407086839 0.029802041150622648 0.03039478478232982 0.03050436335603144
0.14293361454249517 0.12749100655313744 0.1106001967879198 0.092862549151573381 0.074936025844161647 0.05748482671517028 0.041131572969359931 0.026415608051276393 0.013760235159092651 0.0034507921216014661 -0.0043755218793381442 -0.0097281225134901728 -0.012750760715047098 -0.013700184203487349 -0.012918026221632649 -0.0107986023794873 -0.0077554742073115898 -0.0041895837031447544 -0.00046147539403104676 0.0031303797589973259 0.0063638168922067612 0.0090991991727602459 0.011277853171316504 0.012913658577495039 0.014079295439860855 0.014889003606586695 0.015479826991896928 0.01599321256748934 0.016558553828824756 0.017279873452350082 0.018226397859012228 0.019427347539627257 0.020870894147274055 0.022506940231437247 0.024253162365369462 0.026003612206802931 0.027639076316173954 0.02903834017756185 0.030089477988896073 0.030700299385576467 0.030807136061818181
0.16204144448690025 0.14617864059528679 0.12850467270642887 0.10965704854392988 0.090346174289474668 0.071301938169654369 0.053221697421457943 0.0367236305039884 0.022308734426740605 0.010333846639632292 0.00099704972513529194 -0.005664233398729103 -0.0097631475491055664 -0.011542898636508918 -0.011348136858614688 -0.0095910479207545682 -0.0067152411799992345 -0.0031605299377457999 0.00066856170561854777 0.0044282369071579411 0.0078531814550912085 0.010765829176406311 0.013077177045342329 0.014779967011895268 0.015935675150719395 0.016657160223285589 0.017088999222455208 0.017387488674502641 0.017702058774890068 0.018159492322872964 0.018851925762599243 0.019829191188881136 0.02109567521788791 0.022611543204268982 0.024297908860350381 0.026045313191706325 0.027724703721081639 0.029199970415578501 0.030341001667154546 0.031036183008012145 0.031203288125943546
0.17732711765648906 0.16126243865217299 0.14308025337370706 0.1234442308233171 0.10310472380328684 0.082843187749136807 0.063416939745896572 0.045508531610973964 0.029683403949808389 0.016358615652064774 0.0057844015172368035 -0.0019608036381869309 -0.006962333557481909 -0.0094497128545015449 -0.0097678323704244313 -0.0083417943739620901 -0.0056386967529070756 -0.0021296855882937601 0.0017446297838914007 0.0056028105454101126 0.0091434021002419347 0.012156910850131417 0.014528813253389557 0.016234286639648661 0.017326020012830103 0.0179169220354066 0.018159769104340751 0.018225840372328803 0.018284408098689201 0.018484646202239 0.018941145308053478 0.019723828063167678 0.02085267746045031 0.022297339853043004 0.023981346711244064 0.025790412358710907 0.027584007757985245 0.029209188717804441 0.030515485415318164 0.031369560455086806 0.031668337894312226
0.18815068124317749 0.17211701445956362 0.15372884819304461 0.1336647950169037 0.11270084087872512 0.091653582038691034 0.071322863035348585 0.052438311657711643 0.035613735191739618 0.021312505924742861 0.0098260163755902394 0.0012661263600513839 -0.0044286467675001759 -0.0074745351369627858 -0.0082137962819507845 -0.0070788308891074903 -0.0045525336654880788 -0.001128372849010871 0.0027265191602354813 0.0066024628333257659 0.01017050326705677 0.013196651614827529 0.015546816779587174 0.017182990249956377 0.018151941335197208 0.018568170702073651 0.018593136004798949 0.01841281678747804 0.018215564104934218 0.018171933678894161 0.018417880092226169 0.019042333655458741 0.020079816251503672 0.021508388518615005 0.023252860198096907 0.025192839319631996 0.027174851264445229 0.029027443236673056 0.030577931294729764 0.031669279864701749 0.032175560093039859
0.19413874299815057 0.17837314240762731 0.16009378539827224 0.13998231295223024 0.11882494213105482 0.097455547633096273 0.07669736690188278 0.057307948851301173 0.039931506801294661 0.025062042365611263 0.013019568307348427 0.003940577027387808 -0.0022173173130160262 -0.005657789421336254 -0.0067174899469750471 -0.0058299937765154131 -0.0034854594980065837 -0.00018958553530450811 0.0035747473864706364 0.0073802518402951989 0.010880257798049332 0.013824682268497476 0.016066545149902734 0.017559472982068055 0.018347330034157047 0.018547620050852726 0.018330595526501427 0.017896108888488367 0.017450177016794091 0.01718305127752023 0.017250330333119603 0.01775835115435118 0.018754759137343029 0.020224793962999522 0.022093432832554102 0.024233110771417772 0.026476304418880145 0.028631851429052439 0.030503525018595372 0.031909140397734757 0.03269838028192755
0.19519927422243258 0.17993175230359462 0.16207256335454218 0.14229435737732049 0.12137789557876803 0.10015599583493423 0.07945551273500942 0.060041995546086233 0.0425712742253221 0.027551476335893985 0.01531796126209499 0.0060224749179079856 -0.0003634118694409022 -0.0040317057758823202 -0.0053103927114042035 -0.0046277914837255865 -0.0024723022407125428 0.00064885539728953834 0.0042485047920536173 0.0078930502557756875 0.011228478710269517 0.013997460909913294 0.016047067237109691 0.01732742808694266 0.017882346049485465 0.017833363880481769 0.017359098980877466 0.016671789531259321 0.015992993648028253 0.015530278318439061 0.015456558817980644 0.015893516898021799 0.016900238149763908 0.018467858349492952 0.020520589514192576 0.022923014513391023 0.025493018347639042 0.028019208291716426 0.030281222635014454 0.032071002340522861 0.033212957415151761
0.19151273996229773 0.17695513542284153 0.159808126223525 0.14072385146787347 0.12046246103028696 0.0998378871828145 0.079661265096548889 0.060686570572661871 0.043562707960709005 0.028795582455417017 0.016722708534505023 0.0075017413864151353 0.0011130831130353389 -0.0026244756612122735 -0.0040271585715896605 -0.0035115295585289724 -0.0015551131788611797 0.001344167399980882 0.0047063935972458809 0.0081030287087667484 0.011183092830311436 0.013690770616719892 0.015473919368459439 0.016483709068392353 0.016766258130200433 0.016447596980327668 0.015713595657597609 0.014786654062966927 0.013901007462035927 0.013278475404494311 0.013106396125333299 0.013519340129471404 0.014585971282047458 0.016302101669595975 0.018590555442462547 0.021307923174834379 0.02425768387452662 0.027208553962497967 0.029916366682435455 0.032147371771487215 0.03370064322680183
0.18350198744391738 0.16983782836613989 0.15366114613249277 0.13559311689615614 0.11635942112306133 0.096738701413920783 0.077508489208287137 0.059393003051018654 0.043016933253516874 0.028868677260701352 0.017275551177675982 0.0083923744013111173 0.0022036188477839308 -0.0014618517832686168 -0.0029054444384552722 -0.0025256688191341997 -0.00078037789868095481 0.001852208298515734 0.0049105087505707315 0.0079818936855586345 0.010728238899789119 0.012903417950515344 0.014362192522731757 0.015060650799797119 0.015048906953108981 0.014457193535033372 0.013476763406800554 0.012337197994203214 0.011281826983854874 0.010543023601903762 0.010319152444813871 0.010754895538133219 0.011926534509251702 0.013833488387520902 0.016396976928169636 0.01946610426518992 0.022830976216203534 0.026241747517133658 0.029431835131416159 0.032143028252506194 0.034149958611419381
