_RESULTS/REVERSE_NEW/Berg/IZ/9comp/Berg_IZ_z_63_kriged_reverse_9comp_spherical.asc
ncols 100
nrows 90
xllcorner 5.6208707817415728
yllcorner 50.959635321741573
cellsize 0.00013419651685393446
nodata_value 1.7014100000000001E+038
[rows 54 to 71 of 90, columns 0 to 40 of 100]
0.06855577134735441 0.07191241410805002 0.07455160438651276 0.07639144478068607 0.07740818308259563 0.07759741558742192 0.07696233403077317 0.07552297245289016 0.07333165432438081 0.07048315128273877 0.06711381251520886 0.06324007908074955 0.05862891220284245 0.05360236072830464 0.04854708049422713 0.044081629014671934 0.04051152072769321 0.03768475919370615 0.03549043757197149 0.033731000714486536 0.03226830348288563 0.031099817096721757 0.030241313250931517 0.029727354448437878 0.02961028071388795 0.029762680000962164 0.030483840829966583 0.031997722301675864 0.03441506806573415 0.03693780320258326 0.03709443154152741 0.03485247776661293 0.03029504900256925 0.023160749325796606 0.016429409652786605 0.010879421898457442 0.006733072582775881 0.0038974055531657142 0.0021118913282902265 0.0010725802093416257 0.0005114241571275509
0.06096363899266406 0.06356166171851128 0.06565175792764036 0.0671449970711693 0.06799584728442178 0.06818669564147484 0.06771974990612906 0.06661782198496821 0.06492906210005982 0.0627300131058739 0.06012359198065947 0.05723003454356297 0.05387274457441313 0.05005811956404513 0.046099729810061545 0.04237647862458596 0.039020083757032205 0.036213257566513966 0.03407913081401878 0.03238536790008824 0.03105198522392406 0.030070671801616485 0.029452227995348513 0.0292277053367332 0.029348727188381423 0.029653218554051064 0.030284421354163395 0.031675936629732504 0.0339501234210412 0.03635945021618728 0.03639285427489898 0.033881581101017036 0.028872536365130264 0.022218676261647245 0.01567048305535364 0.010264698330192947 0.006277355380993549 0.0035937319303960486 0.0019302195529237753 0.0009750109640969558 0.00046457600267252867
0.05462209966003778 0.056601996557765884 0.058222486758287034 0.05940467977906818 0.060100326668709625 0.060286588564735226 0.05996191644031273 0.05914485397469783 0.0578744733740252 0.05621010965212226 0.054228725405204625 0.052019677115053405 0.049640789646898505 0.04688182094055732 0.04389410023946577 0.04102364432166903 0.03840976323791478 0.03614208144671131 0.03423866746342333 0.03260850349057214 0.03133009661091984 0.03047119558765044 0.03004026568167155 0.030020818439269535 0.03022926470412435 0.03066914792709827 0.03138114527550641 0.0326329631931419 0.03476574645956933 0.03707492298461621 0.036792721990581805 0.033660915900844156 0.02824554610723308 0.02168911610104161 0.015323114070733 0.01004440967630538 0.006147106135686486 0.0035278647543356572 0.001906015917142465 0.0009734386747516526 0.00047233943316015326
0.04939860769851785 0.050878804086882626 0.05210913178921657 0.053024160435373544 0.053580161570017444 0.05375394415554183 0.05354111672517594 0.052954850601865625 0.05202493423862077 0.05079625525852406 0.04932598891777275 0.04767943675065227 0.04592531133909558 0.04405996449376442 0.04193653247674531 0.03983274492293537 0.03790169769168981 0.03623914465413509 0.03479956609418078 0.03358094306367962 0.032653824990138657 0.03208092999772262 0.031895553878208006 0.031942302269344865 0.03220927345347083 0.032720205812427676 0.03349217645972579 0.03453563230024368 0.03613879609787557 0.03800654875596674 0.03734652541262689 0.03384152121800282 0.028243295789455686 0.021722214911065716 0.015445517331825892 0.01021339933515122 0.006318206454105557 0.003676501689657889 0.0020231134450937917 0.0010590790105135376 0.0005312719559060572
0.04517002407164846 0.04624552852436621 0.04715479181383118 0.047844674366435185 0.04827783116948141 0.048432962622034524 0.048304245807111665 0.04790045503892765 0.0472478833688805 0.046389689776452164 0.045352553720206266 0.04417455787316721 0.04290405553917191 0.041595266265505484 0.0402313606548887 0.03881838224425805 0.03751378008677069 0.03638254520679256 0.035370739482080776 0.03455211519407425 0.03400306882469663 0.033764083168996206 0.03370056957545646 0.033807959145698716 0.034108801809830676 0.03461944924416598 0.035347482875407975 0.03628733126958235 0.03742407490813466 0.03884429512358576 0.0380658325712453 0.03444852948355175 0.028812861325631732 0.02231802714935901 0.01605559468404654 0.010780132475472427 0.006794724999022072 0.004044938580262034 0.00228920074363021 0.00124090888733701 0.0006502161894618052
0.04182979543502816 0.042574189461540776 0.043218356284330794 0.04371899297946944 0.0440454306532869 0.044241960093588106 0.04431183582046821 0.04421765975709348 0.04393851557520288 0.04347099266000862 0.042828787798345355 0.04204021260501254 0.041143158750452935 0.04017800875068408 0.03918380962436753 0.038228274326811355 0.03735453159551552 0.03657304279599489 0.0359518677391332 0.03552262322497418 0.03529974709051513 0.035181558663329796 0.0351867548247822 0.035338088387646044 0.03565248159799975 0.036139656253818306 0.03679972212989955 0.037619655972308236 0.03856890496080343 0.039594141012223576 0.03894604162652766 0.03544162280894231 0.029900752116063408 0.02345514272349605 0.017161573853084623 0.011766023706589803 0.007603653512140811 0.004662253259470158 0.0027325446123326567 0.0015441105117377436 0.0008526116293131028
0.039292331295629625 0.039760601179526525 0.04018813510866499 0.04065632087042323 0.04114968041824007 0.04160217299242677 0.041958121916276465 0.04217430090581636 0.04222232705739558 0.04209062235784426 0.04178514845485958 0.04132805768476329 0.04075293371518247 0.04009345302784876 0.039362275725326426 0.038589410654523267 0.03790791796011573 0.037247142337483656 0.036740561504915364 0.0364058993324399 0.03625733542004391 0.0362197824933686 0.036283200107355036 0.036465464462547885 0.036778429519864514 0.03722654869983816 0.03780619092041781 0.0385006209718262 0.03927506342114664 0.04008259702886091 0.03991626065873207 0.03674343970193724 0.031442726197870925 0.025105262510353138 0.018771304319130416 0.013203623188208053 0.008790695193105972 0.005578505370144222 0.0034015338256848304 0.002018725400498855 0.0011822898352764203
0.03749355579693776 0.03781563437766526 0.0383436622895508 0.039002548309997505 0.039718724339784746 0.04042472098149472 0.04106051966708158 0.04157612243968371 0.04193476185758361 0.04211603225954297 0.042118162403227626 0.04195867845647408 0.04167252850419283 0.04130424806720468 0.04086645724790958 0.0401574494717693 0.039283045256607994 0.03853992262751109 0.03789053289073714 0.03733793341550137 0.03695884158218182 0.03682521249361919 0.03694813996225367 0.03720041126956929 0.03756558800960047 0.03802991117377558 0.038573722775091815 0.03917023309077638 0.0397849364601799 0.040376426404713374 0.04066827105262394 0.038317817506014464 0.03341364410576677 0.027238775501711825 0.020885242978522466 0.01512895164330982 0.010413970384151258 0.0068671998952921365 0.004389311234121848 0.002748933065481029 0.0017074663001814998
0.03631062525778183 0.03696157723346785 0.037757743050806175 0.03864916003232835 0.039611960052990614 0.04059585327711675 0.04153476527305247 0.04236988116604363 0.043053690788775426 0.04355440611920248 0.04385986186030041 0.04398004916305328 0.04394768832203015 0.04381645302160998 0.043613903710293916 0.042765059568006046 0.04144587508299349 0.04024148432269797 0.039203517210792245 0.03836887878664595 0.037770730498218746 0.03745007942840161 0.03745023430361416 0.03778691745866911 0.038237769824505254 0.03873376471546185 0.03925167766450498 0.03976315880689992 0.04023528934715129 0.040632298370295465 0.04091869308111245 0.039720994135437136 0.035726885254582015 0.029964974654505108 0.02359173102188503 0.017601837596414264 0.012576701178195366 0.008679206875035468 0.005830771088363416 0.0038531847500512836 0.0025343332664313233
0.03576924992790386 0.03678478634677085 0.03797337532169645 0.03928370761832677 0.040661327329235566 0.04204852002237039 0.04338554026606506 0.04461326859533706 0.04567717197272305 0.046532098298781924 0.047147019121035125 0.04750836451477373 0.047619673777557554 0.04746639326654273 0.0468905736414734 0.0457422932520095 0.044141041241811944 0.04248315582380177 0.040999299206676255 0.03981860425404896 0.03895210334982058 0.03840783478252758 0.03819409539951404 0.03830763239571098 0.0387658506738503 0.039304368734200304 0.03980849443352886 0.040248805840082606 0.04059429458383244 0.04081456215107113 0.040882732050941714 0.040518717862684434 0.037713890925730076 0.032804281772312184 0.02686727328267385 0.02088194877889634 0.015546635506850376 0.01120009902048643 0.007899890516063938 0.005515111770770905 0.003846234137168304
0.03580015525933877 0.037198775393472085 0.03881051841367965 0.040583892850721455 0.04245936231496093 0.04436850831408087 0.04623500518132183 0.0479777947328838 0.04951653009462202 0.05077875213168973 0.05170742917003582 0.052266561674338984 0.05239851783560668 0.05198714241709511 0.051005309663668695 0.04946383507255167 0.04749411649145466 0.04544420951190531 0.04362476225248996 0.042093061243853196 0.0408678937723085 0.039960708771262 0.03938173805388876 0.03914383982351976 0.03926566615179533 0.03974215392591611 0.04023436226374518 0.04061617556678443 0.040857706223515665 0.04093766094737167 0.04084575979048255 0.04058445578486113 0.03926733717056908 0.03560447027850933 0.030440954889909534 0.02473722147572671 0.01929971210809486 0.014646220834050514 0.01091611189989593 0.008069347435729008 0.005970985449729493
0.03635792067683776 0.03817346076454848 0.04025759677257419 0.04256002008414836 0.04501656960265472 0.047546856686840895 0.0500541881997232 0.052428748994110964 0.05455465675746637 0.05632058826951364 0.057629404156417915 0.058326571181583506 0.05831603941654019 0.057578019553529904 0.056139792967059725 0.05410124472431542 0.05180112453370093 0.04944508841001795 0.04720371809162432 0.04524589935488288 0.04360178845765882 0.042286218733117935 0.04130808330254818 0.04067540354964086 0.040399466041413604 0.040498648028249255 0.04091946885124207 0.041256088517499394 0.04142578766635493 0.0414112850621747 0.041208150260887116 0.04082567659957778 0.04026065800755091 0.03810092546885448 0.034034535632912984 0.029056100300710482 0.023950216970217153 0.019215164113062358 0.015134922514354861 0.011810804470317517 0.009219456594163494
0.037416211461265794 0.039696978901185107 0.04232136343971883 0.045242917335911174 0.04839449409701445 0.051683143600007905 0.05498765355512477 0.05816069741841233 0.0610372546305772 0.06339785727194336 0.06502611138145693 0.06578027716683832 0.06558477293690478 0.06444246966025298 0.062448932724356636 0.05999858477217684 0.0573240694094084 0.05456446707421624 0.051850556811238326 0.049358885517092214 0.04721052942751215 0.04542140235083639 0.04399733671820651 0.04294016909988155 0.042252895834829496 0.041944225011995295 0.042032992127945146 0.04233303676000539 0.04244244246273959 0.04233845419836182 0.04202234124369037 0.04151067810490552 0.04083373003293294 0.03992918130679982 0.03758009567654054 0.03390293314368013 0.02953170586684879 0.025029149328242482 0.02080698869291973 0.017109066154918688 0.014036787466772128
0.038962021952774206 0.0417699559761584 0.04502124042056958 0.04867800696871877 0.05267391294152637 0.056904574493086606 0.06121136922050888 0.06535470499243036 0.0690655849516429 0.07205840640922669 0.07406907043022798 0.07490121554050796 0.07446531761717257 0.07279980580077847 0.07033052785985776 0.06740925556176483 0.06420370203724983 0.06088982030034567 0.057624687210799386 0.054531259457544896 0.05176737049027462 0.04942023741016088 0.04748870026646584 0.04596497786163471 0.04484099522017203 0.04411378449306798 0.043790409143881735 0.04387770423529205 0.043935679475987026 0.043742280801152666 0.04330493678609376 0.04264881862499584 0.04189637361273068 0.04137396327003974 0.04083223479602048 0.03892010783405439 0.035807598601019584 0.03202998731130459 0.028065247810263084 0.024274077011916882 0.020886411359863744
0.040983629185278744 0.0443903250102395 0.048364592657508344 0.052878347262379784 0.057861417924912464 0.06318364254500765 0.06863857774245573 0.07393535357684919 0.07870793441992134 0.08255061810242968 0.08508146732958184 0.08602106186131245 0.08525977016366271 0.08309193791997598 0.08010087827840981 0.07651185833345793 0.07257100072739515 0.06851358256417112 0.0645356885707128 0.060782449397118785 0.05734954986431365 0.05434319932344623 0.051831283270046366 0.049790743594295826 0.04819748995315188 0.04703301893105363 0.04628996176319972 0.04597735225628515 0.0459488456561452 0.04566090231699417 0.04508651791517043 0.044347572712991085 0.043867071030659156 0.043630013593128035 0.043570833189088484 0.0435208169065043 0.042262608128553106 0.03986061449548392 0.03676701805452738 0.0333975979839838 0.030083283950785262
0.043263881209551255 0.04732494141464746 0.05209562545007972 0.057569077747351226 0.06368784544660966 0.0703165220320224 0.07721256257314464 0.08400435668211781 0.09019270426994738 0.09519562417664656 0.09844748475068789 0.09953496644398341 0.09839939292412239 0.09576314510723746 0.09200146972361847 0.08746413564101704 0.08251648144252971 0.07747858912555583 0.07259621981859501 0.06803688584673723 0.06390043875288472 0.060235269602237344 0.057073265204384285 0.05446404752035397 0.05236837425190039 0.05074616224839112 0.049571107054780406 0.048836555911476016 0.04854269934361734 0.04814887678397254 0.04746031578022873 0.046986320672520086 0.046817672670596416 0.046875357044924945 0.04712201394626498 0.04753526936840986 0.04807173302514886 0.04776157862150635 0.04632449962562761 0.04413563868700002 0.041558369776897676
0.04564258947454273 0.05040136921859919 0.056042863534605546 0.06259514746904571 0.07003054020764618 0.07822633000682505 0.08691614979113471 0.09564203687152235 0.10373205904157362 0.11034467691074484 0.11461813047247062 0.11591106604142393 0.11452689368774373 0.11115063660698463 0.10623367650009848 0.10034820027573334 0.09403683901042757 0.08773055251861735 0.08172828288682947 0.07621166258761157 0.07127230249205518 0.06693923154808086 0.06320165649038961 0.06002637751054095 0.057404325618749676 0.05531105825897972 0.05369440543010083 0.052527454375721455 0.05181522969899243 0.05128259567617401 0.05080097512649868 0.05065577138894453 0.05080009125262773 0.05117443144146443 0.05176510197666276 0.052556933728505346 0.05352828519661259 0.05464834742715248 0.05559559313480297 0.05550232769359013 0.05457365668128389
0.04802520900931842 0.053501950672817135 0.060062307030423 0.0677862756203335 0.07670034556798411 0.08672590009726922 0.09760524095156002 0.10881040428353114 0.11946454306496007 0.12835020587930718 0.13411333681852772 0.13584337223528983 0.13414074097147988 0.12953942412732447 0.12287201904232249 0.11507953799231449 0.10695450966354147 0.09905302050285927 0.09171228963416489 0.08510462788180956 0.07929120080589118 0.07426367385864929 0.06997643128930948 0.06639062019399064 0.06340850197951546 0.06093121516980085 0.058899389956235636 0.057288195651832324 0.05608902230783816 0.05546076383297395 0.055278834882659195 0.05543464935064355 0.05588793307862226 0.05660433965963878 0.05758729928391292 0.058833438696334714 0.060326104507301165 0.062031741043390105 0.06389703224089402 0.06584540713245278 0.06747733193779078
