_RESULTS/REVERSE_NEW/Berg/IZ/9comp/Berg_IZ_z_125_kriged_reverse_9comp_spherical.asc
ncols 100
nrows 90
xllcorner 5.6208707817415728
yllcorner 50.959635321741573
cellsize 0.00013419651685393446
nodata_value 1.7014100000000001E+038
[rows 57 to 75 of 90, columns 43 to 85 of 100]
11.34457691483077 11.041404735661638 10.755768356133569 10.533220058251622 10.42607806590721 10.461135932535809 10.607873410669473 10.817184124314117 11.06039767775591 11.341049559050726 11.64610357506758 11.968742510248058 12.307244063723696 12.671221375857622 13.087876843738513 13.594070675780767 14.247010481665809 15.073846806452993 15.88874426693402 16.425613199586852 16.72385635834367 16.82779605704771 16.73882171216426 16.48940956546221 16.263383765499697 16.3168312763348 16.372329611819765 16.428391373835115 16.49294573297927 16.57420468418519 16.704736206516397 16.89275612572773 17.12996943135815 17.40592109256496 17.704296582637593 17.99128251410177 18.28766695082781 18.629036292403832 18.94176807675518 19.20447615145726 19.401000325347383 19.517240166018944 19.5416682828177
12.018429455297865 11.790416983744162 11.582033942941722 11.425675473971143 11.348898432034728 11.368450736639964 11.475311868435949 11.640084107734797 11.853766266233471 12.117955053451094 12.419393221569573 12.751349135714765 13.121031872010146 13.54871324635552 14.05601519870087 14.67815216353752 15.464409596196353 16.459600662828336 17.36935547602722 17.556777403675635 17.69476353097025 17.699768335672484 17.552423265782906 17.3149449159614 17.129942769224197 17.08644215321174 17.112883318122623 17.163595331056666 17.22918879219385 17.30952822004235 17.406769072818204 17.523972868409615 17.678570646148113 17.866876243632156 18.061520920386137 18.238519312202268 18.444063799805566 18.697327819804098 18.92443136891472 19.10551847557137 19.22666403135976 19.275574833395794 19.24643037589271
12.732796778442934 12.576048176967463 12.43571128024654 12.334395107963799 12.289681688402771 12.307322025290112 12.387109011761932 12.51655073279915 12.70617396327251 12.953238142740314 13.24673692482293 13.586683807509777 13.98416045679505 14.450361050731738 15.002057962577151 15.661514156466266 16.445951517583786 17.320776224817934 18.013731142260987 18.279475853301296 18.36181015632747 18.339397050293023 18.194777023693717 18.002693800747636 17.85685917479142 17.79033866784621 17.78717524773046 17.82067685739891 17.876777578343965 17.949730668567053 18.03717309139199 18.137373569976507 18.247834997870154 18.354379257586935 18.44300022643689 18.51530456009509 18.63826522828054 18.808355789686797 18.953428715473354 19.056142203222123 19.104387152937907 19.107685967616927 19.103419144848424
13.473756160007088 13.36536659116862 13.282185962745436 13.229672377963345 13.21561128133785 13.243847176382479 13.308659276563612 13.412625438605996 13.582060004565582 13.810574099592687 14.09766124535971 14.444555758341043 14.852747946077931 15.328450995588689 15.879639817707455 16.509630300192672 17.202314867704054 17.88837553150869 18.424612885134497 18.71502269882892 18.802843582653246 18.74951581862798 18.613436800181805 18.489576230149353 18.39528539903639 18.34329898774666 18.3349408278958 18.359453191938083 18.406192959978803 18.468032540798905 18.5403264792351 18.619277261097032 18.691788322732485 18.744891851127893 18.769839957563224 18.77793509981722 18.842259405391445 18.94182726870987 19.010992620915058 19.046754798076325 19.07194077298533 19.089519087104126 19.098028723432435
14.22299619868648 14.153005120080792 14.102613429280106 14.081182921638053 14.093793341380447 14.134854971049668 14.197739911884652 14.293846818742464 14.448328698786131 14.668689678666077 14.951277849757966 15.293650728720461 15.694982152634001 16.155043793778166 16.672427331685707 17.237027256554093 17.819379551750348 18.3601849409902 18.779946746260162 19.02539419950642 19.105586393679467 19.05382774325303 18.93465538431926 18.825107739767237 18.74713130593498 18.711568284963455 18.71527950821273 18.74143022713941 18.782612590517694 18.833224895404573 18.887815558188276 18.932560119096667 18.957448277056184 18.954563922711895 18.915017811734803 18.88192852607056 18.904999671518933 18.962628625167255 19.00909456324844 19.04546141958842 19.07328261028264 19.092411689457016 19.098101289308193
14.953504622698974 14.917660214684423 14.894192443225254 14.889721509602753 14.907887256677292 14.94824971646747 15.010479189277188 15.123390715201271 15.288482784904584 15.50499431471135 15.777969693991164 16.10575759009956 16.485142889367474 16.911272141793205 17.37493498406166 17.859605386045477 18.335177535074877 18.76009347230253 19.088429569805797 19.287893198769154 19.351976844371734 19.29785652685552 19.20399818889653 19.1104482602308 19.034666828148193 18.986567845541288 18.967898791765812 18.974162638609158 18.997778063237778 19.028042906660808 19.049866355107007 19.054502644116454 19.034674530019934 18.984118430681 18.90683419894114 18.875707234250502 18.90980827332002 18.967120133960872 19.01385644811631 19.05139589172186 19.079878246325517 19.095332143701587 19.098101289308193
15.670704090657358 15.657809833667299 15.65654014796223 15.663628909141774 15.683605858830434 15.717273140030805 15.78340152238081 15.902755031795824 16.072653835116583 16.29164696946326 16.554334977791232 16.859269283316046 17.206482486821383 17.588610405555087 17.993750373989496 18.403429235067247 18.792664506914463 19.130245643685434 19.38421742703056 19.531623717551007 19.563787500591157 19.511935259929036 19.4376066464755 19.358026845446204 19.28675640536684 19.23246185572364 19.198295366888875 19.181809686626234 19.173038488481037 19.163684772039186 19.145839297818487 19.11203471584669 19.055490237607575 18.970139088992067 18.893397022926457 18.87850543464173 18.925408014638002 18.98080917834283 19.026888085140342 19.063241709082728 19.08679271010422 19.09745784760196 19.098101289308193
16.383212768327603 16.366233348132 16.388973421323275 16.41159840398964 16.43648322312656 16.471296701975984 16.54751111894909 16.668753304218587 16.831484196978074 17.03614355115207 17.283483446541684 17.570701320249476 17.886309009423837 18.222098185835335 18.568402001394077 18.908844082831298 19.220817268359202 19.479640719712368 19.66350022418302 19.75503278020663 19.752339172819877 19.709772043127042 19.648087443913916 19.578610491535823 19.51145611500288 19.45180341537194 19.40061532877633 19.356341726769283 19.314791347039492 19.27022493579028 19.216264970375928 19.146498070637712 19.054801406027362 18.94814799684364 18.890743769707967 18.895108573328713 18.950715703278505 19.00336950152868 19.045307152180868 19.07506011728504 19.09271682627889 19.098101289308193 19.098101289308193
17.09758398734631 17.063623978949035 17.08763092843609 17.12174410950402 17.149324832901662 17.19984736646117 17.28526630478993 17.406696522189407 17.56167401247303 17.74795810482602 17.966544096824347 18.21707129314089 18.49738840662209 18.793789290160255 19.08849211372118 19.366563381525186 19.61012638280164 19.79993144716393 19.917958388636272 19.952150599023728 19.936062385667967 19.89663051870228 19.839552670465206 19.77178392062509 19.699711335429544 19.627800185265947 19.55792166823033 19.489349579050213 19.41923063450968 19.3432553541311 19.2563016311048 19.15293093317106 19.02957813843467 18.93685219895461 18.901948214589666 18.9283342867461 18.983947961163423 19.028807302748547 19.062644983730063 19.085374012816082 19.096783888607202 19.098101289308193 19.098101289308193
17.797052813100045 17.750633039926615 17.738182724628754 17.770833187832412 17.816857895269546 17.884787658399954 17.977545847811864 18.096605667100665 18.241688192297453 18.408078973726187 18.595622401236717 18.80412730854946 19.03159098065601 19.273801680311806 19.518403709846794 19.739837561750758 19.92236394523349 20.05037772303606 20.109418298200143 20.112887395071695 20.0923184032937 20.050078655680398 19.990921154014902 19.9194964496967 19.840242650722082 19.75642444445177 19.66955827022791 19.57927861925142 19.48354807080458 19.379054510025274 19.26164847644028 19.1267246126227 19.00671734978277 18.940007228927072 18.92918430480829 18.9710614725563 19.016190482004568 19.051829349598506 19.07761362248946 19.093199674925586 19.098101289308193 19.098101289308193 19.098101289308193
18.462688540128617 18.410150042893413 18.355442402349556 18.359207444139013 18.425226079105496 18.508138193488236 18.605675633131096 18.719582474966064 18.85042446757086 18.99567331670552 19.150853877529737 19.316005235720084 19.48965789140765 19.668408072093214 19.84676127037175 20.012431797670608 20.137022595720538 20.205978820531108 20.22512472810748 20.223399546476262 20.200540316870857 20.157312072861817 20.096100250201907 20.020216765695142 19.933042490996993 19.837277943511296 19.73434586871059 19.624015429146205 19.504737239071808 19.373880328528685 19.227788351304735 19.088859616311275 18.99651317172025 18.95466440301221 18.96678350965659 19.009330869309434 19.044482926147662 19.071277622513634 19.089163348976758 19.09754745388606 19.098101289308193 19.098101289308193 19.098101289308193
19.07484712717002 19.015242384034824 18.951169007764644 18.925516274944606 18.963370144250202 19.05254182422641 19.151830988666624 19.25746594663883 19.37037727491363 19.490450348520984 19.61278042295216 19.734372327728682 19.854538055272446 19.97091139423898 20.07940577884759 20.17431783356839 20.242360687483206 20.27202011773459 20.28448171223959 20.27805105915502 20.251767364833164 20.20592863568334 20.14191884392743 20.061785867738223 19.967689332121807 19.86136127199315 19.74369666615628 19.614533346002787 19.472619672326232 19.315725885013592 19.16639890994975 19.057561265062308 18.99364585370961 18.978661077996374 19.009254601031902 19.041847387609806 19.067723306431798 19.08611189788092 19.096281726985882 19.098101289308193 19.098101289308193 19.098101289308193 19.098101289308193
19.61557198575865 19.572703171799088 19.523073591809712 19.474581144633763 19.468817545515797 19.51288493424135 19.599386793267666 19.693494603983158 19.78536139539426 19.875374556688193 19.962717319946233 20.04143701776536 20.109401589441912 20.165357383771806 20.206588509989565 20.22924308134164 20.251122247989368 20.275859788077053 20.283694498483026 20.272803124653034 20.24240422217648 20.192531782664876 20.123939264919038 20.0378382515024 19.935539914672677 19.818086500146208 19.685950547593237 19.5388490403993 19.37645079081123 19.227829144893114 19.112623844199376 19.035979937748156 19.002543718203903 19.015973124026722 19.044365186154998 19.06767883631051 19.084968040128526 19.09536044310084 19.098101289308193 19.098101289308193 19.098101289308193 19.098101289308193 19.098101289308193
20.099612968011254 20.083670335146756 20.047914396263312 19.999161534544577 19.94949270826121 19.93648480364851 19.959605688204924 20.0131843411486 20.08045867149636 20.137938604722567 20.185012659140774 20.22044300317612 20.238248408546315 20.236453307966826 20.218871735779434 20.20647345515553 20.20445744907025 20.214933210325768 20.21901595406952 20.20392806393784 20.169041724026513 20.114249572396215 20.039911519407465 19.946690582660114 19.835317976996084 19.70634139772141 19.559907777198713 19.403759350666792 19.265655986640564 19.15358790644254 19.073304129754664 19.03003025371275 19.028606505100495 19.051613661625296 19.07115320788318 19.086055858312008 19.095346867308745 19.098101289308193 19.098101289308193 19.098101289308193 19.098101289308193 19.098101289308193 19.098101289308193
20.524496621287962 20.53550575371556 20.514114213580118 20.467868118894444 20.401244405962977 20.329134708679554 20.28340203762736 20.261384344942172 20.257583216457377 20.26570310547641 20.270870910691183 20.258249835647764 20.229069399919076 20.19369623607174 20.157655863681896 20.125872603387506 20.10232890540784 20.090171931688225 20.087207089111157 20.06821660676365 20.028712007777894 19.968520324968626 19.887761490467383 19.78674427543586 19.665811323019426 19.529163127104667 19.396593059131526 19.27661790864667 19.175709193612015 19.099901250589845 19.054798187891187 19.04563467049349 19.06236803746574 19.077435086443874 19.08906738299387 19.096248603221042 19.098101289308193 19.098101289308193 19.098101289308193 19.098101289308193 19.098101289308193 19.098101289308193 19.098101289308193
20.879597544354304 20.91711327015566 20.910585572150474 20.8656835108615 20.789682410070554 20.68704227311133 20.571350435751974 20.471387891059777 20.385104070838157 20.30785889215534 20.240238287270138 20.181487497972874 20.129880142150224 20.080012363661996 20.029695930207833 19.981021360396987 19.93846357519925 19.90570302910164 19.885725103573662 19.863152649326384 19.81908689061026 19.753327252081935 19.666523851171064 19.56727827406138 19.462713328641488 19.358877930708772 19.261967174897134 19.178123924206485 19.113304167334704 19.073207450341535 19.06326452709979 19.074770744939716 19.085180957253115 19.09309439299386 19.097517011219665 19.098101289308193 19.098101289308193 19.098101289308193 19.098101289308193 19.098101289308193 19.098101289308193 19.098101289308193 19.098101289308193
21.18452457775013 21.23628329687494 21.23750479939304 21.189786654275764 21.1017397061015 20.97924337850404 20.82904421710598 20.661752551200347 20.505764148787684 20.36511781746825 20.238537899929625 20.124690657595774 20.022377607602895 19.930719107413207 19.849310446900603 19.778117950443335 19.715874162557224 19.66447992332033 19.627014324518125 19.601936833355214 19.56367182363095 19.510346672073727 19.445458255767427 19.37329306730614 19.298737447102766 19.227077209197084 19.163810770718698 19.11449464746681 19.084632417142885 19.07954758131588 19.086546951603857 19.092558870790153 19.096711861611134 19.098101289308193 19.098101289308193 19.098101289308193 19.098101289308193 19.098101289308193 19.098101289308193 19.098101289308193 19.098101289308193 19.098101289308193 19.098101289308193
21.497271822883597 21.558832369453526 21.561422856209276 21.505710412490618 21.401841991906757 21.25872528618367 21.085084006411144 20.88973774438763 20.68089503781306 20.47709136930886 20.291630826034986 20.123585473151596 19.972046765142196 19.836353910171216 19.716269121740652 19.612101695648857 19.524785548502138 19.455824556883098 19.406272151558078 19.3789413467358 19.353649686127106 19.317788101952836 19.274407363461275 19.22724213283483 19.18057195857938 19.139072955597864 19.107676922834667 19.091451526819426 19.09220092098427 19.095189900947883 19.097391660256193 19.098101289308193 19.098101289308193 19.098101289308193 19.098101289308193 19.098101289308193 19.098101289308193 19.098101289308193 19.098101289308193 19.098101289308193 19.098101289308193 19.098101289308193 19.098101289308193
21.815679166284248 21.88876505980828 21.89219259245407 21.826401282826527 21.70315681467525 21.535790801025883 21.335757083846303 21.113774203934486 20.879149708658776 20.639738992867198 20.40230989500069 20.181063290497605 19.98186915334766 19.804104190600327 19.647539674702134 19.512469712882304 19.39978646001881 19.31101441226561 19.24831460664687 19.214468941881144 19.20011103254239 19.180499935519336 19.15711129599354 19.133251466829787 19.11272461428467 19.099723189563587 19.097576253872077 19.09800005744734 19.098101289308193 19.098101289308193 19.098101289308193 19.098101289308193 19.098101289308193 19.098101289308193 19.098101289308193 19.098101289308193 19.098101289308193 19.098101289308193 19.098101289308193 19.098101289308193 19.098101289308193 19.098101289308193 19.098101289308193
