_RESULTS/REVERSE_NEW/Berg/IZ/9comp/Berg_IZ_z_355_kriged_reverse_9comp.asc
ncols 100
nrows 90
xllcorner 5.6208707817415728
yllcorner 50.959635321741573
cellsize 0.00013419651685393446
nodata_value 1.7014100000000001E+038
[rows 72 to 89 of 90, columns 41 to 81 of 100]
0.048549704101716384 0.05014528864108435 0.05134256470660223 0.052053952159043605 0.05225009034620995 0.051969734426611534 0.05131520756621102 0.05043497625310611 0.0494991455551896 0.04867496869040282 0.048107625083425226 0.04790807285386232 0.04814670381584708 0.04885006353698699 0.04999823670571413 0.05152213975542466 0.053302141756284366 0.05517126798910913 0.05692675713080035 0.058352143292198566 0.0592482854662251 0.05946712708148496 0.058938798111054805 0.057683252650528184 0.05580247836578468 0.05345627125297695 0.05082996851931511 0.048103778390961395 0.045430603862936285 0.04292479323161975 0.04066047550392466 0.03867624253648031 0.036982801894487834 0.03557107927040289 0.034419341604601666 0.033498798136424056 0.0327776806188415 0.032224050542990684 0.031807635900822286 0.031500960721455924 0.03127996381944176
0.05344021374426741 0.05561552540428996 0.057227445974579745 0.058129481181285844 0.05825635278070425 0.05764113569716919 0.0564097552274377 0.05475487825976064 0.052898589929273036 0.05105566847291316 0.049406305428570656 0.048081435900837056 0.04715883763472554 0.04666576703561037 0.04658413258892524 0.046855968557494895 0.04738904415626356 0.04806393675419029 0.0487442918787367 0.049291117222913065 0.04958008985637264 0.04951879426230575 0.049059654142002605 0.048204901917440694 0.0470022042637679 0.04553250645257377 0.04389385960385884 0.04218553956714529 0.04049572350630029 0.0388941728611234 0.03742969759235642 0.03613117929270501 0.035010662678093905 0.03406724711763525 0.03329092711761527 0.03266593231741086 0.03217340775488727 0.031793442335274494 0.03150652682177929 0.03129454033991533 0.031141357156652383
0.05909112080873445 0.06195980837887772 0.06407201951207911 0.06520642110840129 0.06525373984230923 0.06424456915027897 0.06234280313543668 0.05980732575179557 0.05693668726677243 0.05401552149242375 0.05127656753246134 0.04888290575629209 0.046927083537926226 0.04544021597035946 0.04440459734801271 0.043765867629274986 0.0434434542975961 0.04333980531743578 0.04334955087838996 0.043369335962313516 0.043308060662587744 0.04309621087093886 0.0426924217527561 0.04208572080196308 0.04129295294915853 0.04035221095137716 0.03931407899544459 0.038232771792230405 0.03715883377263924 0.03613426999328123 0.035190191461189645 0.03434652172742906 0.0336130905997932 0.03299146359090205 0.03247700580072803 0.03206085790307587 0.03173165311556801 0.031476908440934204 0.03128408484786512 0.031141342079281827 0.031038027204258904
0.06533635905198332 0.06900453693751463 0.07169896500747074 0.07310710990948921 0.07306723540361 0.07161056663480173 0.06895335174240068 0.06544221068704272 0.06147492118098049 0.05742494813035353 0.05359020605467556 0.05017211338517984 0.04727903468219946 0.04494324344876723 0.04314167960737435 0.04181467507479506 0.04088062512043064 0.040246986593738765 0.03981888298340498 0.03950642545409753 0.039231166207972366 0.03893137542897593 0.03856543202573836 0.03811269690048042 0.03757171647693224 0.036956226894164355 0.03628990370578312 0.03560094917703474 0.034917428013911185 0.034263886672475395 0.03365939201416617 0.033116825198858106 0.03264311086282491 0.032240031341047005 0.03190532388439139 0.03163383883317802 0.031418616623692344 0.03125180592871353 0.031125390721661098 0.031031723339817564 0.030963878255071176
0.07185519122025802 0.07639258447051711 0.07972525282477146 0.08143637969074263 0.08130492451370427 0.07936536842028502 0.07589803611273996 0.07135431015056345 0.06624826281349694 0.06105502697771293 0.05614448091281147 0.0517576215202584 0.04801598575746157 0.04494809930653115 0.042519316527664226 0.040657309974949665 0.039270776039411766 0.03826206148758314 0.03753553108608616 0.037003351776052434 0.03658969803819855 0.03623369448866031 0.03589098466579904 0.035533733027040805 0.03514905839654569 0.034736198163257244 0.03430294424496863 0.033861972141494286 0.03342759512626969 0.03301327904408917 0.032630033767233654 0.032285620518700965 0.03198440897996286 0.031727681476800794 0.031514193535704525 0.03134083750009107 0.03120330045589147 0.031096648577789678 0.03101580256524046 0.030955892435789355 0.030912495782840176
0.07816435559204146 0.08357002463078977 0.08754431228996842 0.08956139864383647 0.0893385690365173 0.08691522120279917 0.08264122060383064 0.07707992430602613 0.0708678850767497 0.06458503329486379 0.058672833317940744 0.05340886704841307 0.048923586613106584 0.04523727702086244 0.04229938044560748 0.04002064284113048 0.038295541558091645 0.037016323964987635 0.036081221648632575 0.03539914823224538 0.03489239116267453 0.03449803100285631 0.03416831368971932 0.03387000464011001 0.03358279095191841 0.033296940621546714 0.033010555971460104 0.032726802055689196 0.032451439028011196 0.0321908724346828 0.03195080371152243 0.03173545256949681 0.03154725209501992 0.031386887259920226 0.0312535486186283 0.03114529261498838 0.03105942711484554 0.03099286804066264 0.03094243630084735 0.030905082118714813 0.030878036424095215
0.08365736558920948 0.08982995255000507 0.09437303212534791 0.09666033785407876 0.0963523702868087 0.09349371750007532 0.08849955033792933 0.0820375219196072 0.07485711307652954 0.06763326387510465 0.06087040889343172 0.05487618626594141 0.04978577774725533 0.0456090349472935 0.042278578250044295 0.039687827483094525 0.03771654001962226 0.03624593033538357 0.035166708090342766 0.03438293453591097 0.03381361807599766 0.033393067386136406 0.03307042439307449 0.03280852164994415 0.0325821592868081 0.03237595715441192 0.03218200803348336 0.031997581104060174 0.03182308956064965 0.03166046092591985 0.0315119621900887 0.03137945832468549 0.03126403431196393 0.031165888955279546 0.031084407953775664 0.031018336208653116 0.03096598786074916 0.030925451892548673 0.030894768164678975 0.030872062134254648 0.03085563600932882
0.08770030245969342 0.09442643155553324 0.09937970389354066 0.10185764828604281 0.10147751309664081 0.0982877908232539 0.0927533862387021 0.0856212708451793 0.07772636467321922 0.0698146981079157 0.06243679177069127 0.055921099286228085 0.050404556048229195 0.045887686037735076 0.04228939306573831 0.03948933726766321 0.03735567140696739 0.03576085442467416 0.03458950104430318 0.033741617556334834 0.03313343490077026 0.032697040314716895 0.03237934412305502 0.03214058748340282 0.03195249803762117 0.031796216452895154 0.031660156016446485 0.031537969293691584 0.03142676828554598 0.031325689696531656 0.03123483504936603 0.031154563157467823 0.03108507840029179 0.031026243186455 0.030977543057603567 0.030938142519095196 0.030906983708141062 0.030882894606781647 0.030864686375819007 0.030851229489021623 0.03084150551496047
0.08976792341554257 0.09673947252272581 0.10187154836833177 0.10442340224631225 0.10399011466111588 0.100621462434182 0.09480665460200921 0.08733195034585399 0.07907471117171151 0.0708161626808359 0.06312936970860568 0.056352602085526886 0.05062310937311011 0.045936321740807244 0.042204036650693326 0.03929896889243669 0.03708355809393941 0.035426088832780554 0.034208400993058045 0.033328768929677344 0.032702308269176396 0.03226020679735005 0.0319483778007588 0.03172577640722277 0.03156249382945299 0.03143773546026969 0.031337809790901554 0.03125425947524793 0.03118224159303015 0.031119220191803763 0.0310639860426744 0.03101597886846827 0.03097486223314666 0.030940291049372882 0.030911812976440176 0.030888853400954996 0.030870745191306885 0.03085677608219876 0.03084623666998595 0.03083845985771167 0.03083284811791623
0.0895767721344657 0.09643733503480478 0.10147983718429665 0.10397033365541836 0.10350676190776119 0.1001368295345316 0.09434337867528851 0.08690392091438426 0.07868703796623286 0.0704669835247326 0.06281246253747497 0.056059840422903996 0.05034624812523392 0.04566805010592381 0.041938481847799886 0.03903188093167029 0.03681234475781914 0.035149784411398696 0.033927585593727626 0.03304542066187819 0.032419566189656614 0.03198203923204158 0.03167917660177691 0.031469920875283386 0.03132393961837475 0.03121968048800624 0.03114247342381765 0.031082789117927997 0.03103473908304833 0.030994864105381947 0.030961217410945277 0.030932716595623206 0.03090871882677408 0.03088876670933068 0.030872454448944733 0.030859371697368805 0.03084909238551075 0.030841185607259743 0.030835233914184718 0.030830850726215192 0.030827692986288274
0.08716261369278301 0.09357046184529069 0.0982666690698133 0.10056725394198764 0.10009695477318473 0.09689810826684435 0.09141762532326106 0.08437799718691513 0.07658966974075196 0.06877925248554705 0.06148508850382377 0.055030264379502966 0.049551331651872796 0.04505141648989717 0.041453515210292266 0.038642001259938795 0.03648994693756308 0.034874736920777076 0.033685745015693436 0.03282732988609239 0.032219355744701014 0.03179649790003 0.03150695570273426 0.031310854179744184 0.031178478071220275 0.031088448914676426 0.031025954208470135 0.030981129088940757 0.030947665398619945 0.03092168671127721 0.030900891623460026 0.030883939700916376 0.030870038263405744 0.03085868294310223 0.0308495076698374 0.030842206942896664 0.030836502035429154 0.030832131197069186 0.03082885094916942 0.030826440871344354 0.03082470794763497
0.08286881750766378 0.08855569982842476 0.0927058510928005 0.09471806395648222 0.09426205365719177 0.09137225533535048 0.08643710408205031 0.08008865744958953 0.07304112440012897 0.06594152603653552 0.05927673275930386 0.053346550614996234 0.048285535870114756 0.044107379055528244 0.04075096244446002 0.03811720935729432 0.03609404309892298 0.03457117176837836 0.033447758385192816 0.03263574618245203 0.032060778635468704 0.031661860999822704 0.031390359471879827 0.031208630913722852 0.03108844723916141 0.031009340193581 0.0309569817291598 0.030921699709364855 0.030897200172235975 0.030879531504869648 0.030866291909790622 0.030856056263130125 0.03084798429137312 0.03084156779034655 0.03083647743320992 0.030832476347081323 0.0308293754849599 0.030827013202531645 0.030825247529684265 0.030823954170178948 0.03082302639082319
0.07725131705003457 0.08205837882937358 0.0855469834488895 0.08721627713655482 0.08679062544056146 0.0842952472232639 0.08004807935601539 0.07457153263487316 0.06846224889970609 0.062268790423626486 0.0564129032439706 0.051163370182654766 0.04665007874238562 0.042898133063829925 0.039865109675123064 0.03747204256368231 0.0356252600490785 0.034229956635122995 0.033197724034148376 0.0324502141300227 0.0319205292698494 0.03155332772856868 0.03130419104737317 0.03113854865791364 0.031030342480211442 0.03096057409775544 0.03091585915375692 0.030887091633634532 0.030868288949076984 0.030855652617750157 0.030846846796992067 0.030840473450398153 0.030835710087278825 0.030832072373167718 0.03082926657985099 0.030827102838722344 0.03082544714216339 0.030824196532381953 0.030823267218729293 0.030822589301025115 0.030822104478939
0.0709410781026712 0.0748238635500548 0.07762276691822566 0.07893953639600675 0.07855431727544897 0.07648308382077772 0.07297196049487305 0.06843096463255047 0.06333498304998718 0.05812885273923029 0.05316365047014301 0.048672269473929816 0.0447764368441764 0.04151076771131697 0.038851017342884875 0.036738794667109026 0.03509985684675112 0.033856138941142276 0.03293293227274164 0.03226276905623396 0.031787233895624975 0.03145750368258499 0.031234093746925033 0.03108609606463471 0.030990104029709926 0.03092897993124464 0.030890598023766223 0.03086666884641724 0.03085171608990029 0.030842241134792853 0.030836079177950754 0.03083192892430397 0.030829026022716713 0.03082692710100564 0.030825373621643497 0.030824210082918014 0.03082333722753369 0.030822686596296018 0.030822207373425423 0.0308218598792132 0.030821612403166478
0.06451625874225278 0.0675237665612284 0.06967506844901601 0.07066519168045067 0.07032480340746983 0.06866163085376532 0.06585682203200871 0.062217862682154824 0.058107067976554565 0.053871297940313805 0.04979248214948755 0.046065844350517575 0.04280151642311044 0.04003999340579013 0.037772243043673846 0.03595843853695299 0.03454264410010404 0.03346308648867205 0.032658747538473344 0.03207327945766758 0.03165710298515156 0.03136829718586415 0.03117267713552734 0.031043323238656294 0.030959758604660676 0.03090693717922343 0.03087417934515644 0.03085416119404173 0.030842028048145086 0.030834667364519713 0.03083014663166876 0.03082730155528817 0.0308254490218031 0.030824196236635376 0.030823319429257617 0.030822690101138875 0.030822232097842947 0.030821897680178845 0.030821654732185493 0.03082148016896206 0.030821356611920137
0.058420682549492696 0.06066150910958617 0.06225083696159118 0.06296141945328375 0.06266583789726184 0.0613651649340213 0.05918682897394065 0.05635264267339782 0.05312930952966616 0.04977837548332464 0.046519164714830995 0.0435102703416192 0.0408476848006701 0.03857368879483517 0.03669029040264761 0.03517275149669262 0.03398090242619654 0.03306758801900427 0.03238448390143386 0.031885836834560026 0.031530677275816765 0.03128393334036243 0.031116756928274397 0.03100629375621469 0.03093508522438747 0.030890262853125038 0.03086266982442655 0.030846012637706602 0.030836110681980798 0.030830277868403883 0.03082684319898362 0.030824798703906066 0.030823553434547884 0.030822769341622716 0.030822256483274177 0.030821908877837575 0.030821666811113965 0.030821495552584857 0.03082137378705065 0.03082128753995985 0.030821227068333883
0.05293740352804804 0.05454618325146951 0.05567678959896204 0.0561626735001922 0.05590903393188854 0.054912056050617844 0.053257769941242414 0.05110107970326952 0.04863260557620178 0.04604412329510281 0.04350162130492189 0.04113025135831941 0.03901066568977097 0.03718338185708358 0.03565720119965689 0.034418539317828414 0.03343981734160618 0.03268616061955194 0.03212033010583611 0.03170611665848105 0.03141050213622762 0.03120486449861224 0.03106545705498385 0.03097335601809278 0.030914047138693057 0.03087680216436636 0.03085397147236185 0.030840288801696474 0.03083225085653608 0.03082760373206628 0.030824943667006877 0.03082342331378388 0.030822546135982294 0.030822028959604803 0.030821713968972323 0.030821514628468855 0.03082138373784186 0.03082129526711161 0.030821234396980465 0.030821192239560057 0.030821163118199938
0.0482040736699266 0.04931624433747518 0.05009005573812246 0.05040422192386902 0.05018824462952644 0.04943506607866721 0.04820051945257646 0.04658989189905389 0.04473620714455205 0.04277688528248636 0.040834618636074925 0.03900559808955718 0.03735528385199356 0.035919956631225394 0.034711633341189846 0.033724235119542194 0.03293960087828138 0.03233262701130344 0.031875294860319904 0.03153960888546235 0.031299576442218646 0.031132389231306998 0.03101896731958585 0.030944021397794765 0.030895781272515698 0.03086552522365184 0.030847023570052035 0.030835982101074084 0.03082954123848171 0.030825859624697485 0.03082378962377734 0.030822638216520613 0.030821999425519556 0.030821642141230284 0.03082143818163314 0.03082131798665758 0.030821244367832328 0.030821197523004294 0.030821166781377477 0.03082114620628368 0.030821132322226153
