_RESULTS/REVERSE_NEW/Berg/IZ/9comp/Berg_IZ_z_125_kriged_reverse_9comp.asc
ncols 100
nrows 90
xllcorner 5.6208707817415728
yllcorner 50.959635321741573
cellsize 0.00013419651685393446
nodata_value 1.7014100000000001E+038
[rows 19 to 37 of 90, columns 0 to 43 of 100]
40.70247221291533 40.40432037274123 40.03736522516372 39.59656341716708 39.08043919873559 38.49240478664794 37.84194536365156 37.14545735176236 36.42651988593068 35.71540521415737 35.04769065157614 34.46191798862743 33.99636597445851 33.685184865780975 33.55439465966195 33.618490705104186 33.878460619975925 34.321750287590255 34.92417046013441 35.653167988820584 36.471580741752305 37.34104613051741 38.224523880854974 39.08775966400645 39.89986883286193 40.63351711416263 41.26533233672228 41.7770584925528 42.157472946100135 42.40433729542766 42.524997050840156 42.534159295377 42.44818957819743 42.2769184418553 42.01591396330712 41.64360288032529 41.127505099793055 40.44123225377385 39.588436008002944 38.62321399253807 37.653506755195195 36.82031401212372 36.25955762039445 36.06390698543825
40.44857002205815 40.075634805777284 39.61988776963236 39.076148942065494 38.44359527988968 37.72722938580417 36.93917212766467 36.09955705054341 35.23680350941142 34.387071364215224 33.592735753984954 32.89975852111214 32.35391423457388 31.99604599948012 31.856931978592556 31.9528052312821 32.28275320209441 32.828836641898185 33.55888743384865 34.43105485425968 35.39878521563 36.415151792557225 37.435989232212954 38.4217718206272 39.33849081966266 40.157984217786925 40.858259401458795 41.42422226290293 41.84879391256215 42.133746969480036 42.28905716843712 42.32959370580984 42.26887517639344 42.111314932305795 41.84629353699204 41.44854253374917 40.88852120913958 40.15274731010961 39.26764207456161 38.31439838684349 37.42255214644294 36.73999453687521 36.39136561286076 36.4431357633077
40.150452119365774 39.692745273469534 39.13754119890618 38.479909889333584 37.72012099412606 36.86520568254085 35.93029636624623 34.93953382541254 33.92634502247898 32.932913194075766 32.00864272190795 31.207359441756203 30.58299053393213 30.183748502827484 30.04551522121807 30.185932766752828 30.601058667934733 31.265844494025874 32.138294681519675 33.16578360699972 34.29153542288121 35.45984946946355 36.61962547913015 37.72640447653212 38.74335273621469 39.64162654383633 40.40053393689752 41.00779042391755 41.45982578108355 41.76158282297913 41.92484588817728 41.96426356285378 41.89117461233258 41.707001023872 41.39970069624787 40.94747020907575 40.33227524872097 39.56112123181227 38.68642627273359 37.812709316469004 37.08060439847181 36.63128858387579 36.56605407810965 36.91751882922658
39.80907802735524 39.257723694323246 38.594033769626556 37.81381287585354 36.9189242632518 35.918864942039235 34.83207501117146 33.68681811624272 32.52150303686333 31.384303611563812 30.331798245306846 29.426113988555887 28.729972210853255 28.299482099334995 28.175632302232895 28.376671315137486 28.894024928352195 29.693469201071526 30.721216816582842 31.91255412914058 33.20006947420112 34.519631275297044 35.81393162651666 37.03431986747099 38.14165051161261 39.10656974360219 39.90948996660083 40.54040870058497 40.99851473038005 41.29116309366406 41.4315305332911 41.43446197044597 41.31094306391901 41.063146356660354 40.683408751774344 40.16063095042896 39.49521661525109 38.718531815641875 37.907143040909766 37.18063780114367 36.67848836575831 36.52313220472691 36.78412286312687 37.456760609382364
39.428346135795344 38.77629442645185 37.997501797532344 37.08905767789973 36.05493708908933 34.907491694666604 33.66865208586045 32.37077668858645 31.057126642569198 29.78184295794792 28.608944286699835 27.60938488241205 26.855131535123828 26.41009639768655 26.319459697385728 26.6004207594738 27.237699045324433 28.185813891832527 29.377567888085952 30.735423199125943 32.18160500137824 33.64456485062859 35.062065806470116 36.382385945231114 37.564785516742404 38.57963227785912 39.4082155566706 40.04223997585013 40.482933314140844 40.73950496915055 40.826539506352276 40.760142508978646 40.55349469212305 40.2137461860126 39.7431782091561 39.14711810641866 38.448215970324526 37.70174606431282 37.00249268919973 36.4749527326289 36.24648113494188 36.412554814363666 37.007380517873614 37.99022429883554
39.01544943610108 38.258183968101605 37.36080433462809 36.3222511755263 35.14909225221595 33.85683222729598 32.470964924596615 31.027864836359104 29.575626967049683 28.174647737744944 26.897012905641816 25.82306044562688 25.03376500999966 24.59932933364762 24.566582434973515 24.94889571812858 25.721986646969036 26.827627130802036 28.184630441039044 29.70302413795549 31.295912853823815 32.88604893534225 34.40798400963486 35.80828597411124 37.045455338766295 38.089862614844606 38.92347160521932 39.539163181959715 39.939593119182135 40.13547337571525 40.14310252734081 39.981192429476486 39.66773061835654 39.21859023825755 38.65015084659581 37.9872961041542 37.27517173438042 36.588961304102554 36.03374978778998 35.72953344007162 35.783964028111455 36.262218475258265 37.16490399054502 38.42127193531547
38.58091876678317 37.71709082847221 36.70137097767822 35.535077249112675 34.227764343009106 32.79828376135759 31.275719798500113 29.700517830207335 28.12599425049943 26.619681677713796 25.262740834086745 24.145038534624923 23.354832498621906 22.964961834070042 23.019472005685962 23.52422363720583 24.443900245593053 25.707210855741863 27.220027573721545 28.881912106046975 30.59924821822379 32.29143303180333 33.89174920572548 35.34644488755138 36.61407995021347 37.665316523307034 38.482638869946676 39.059662322266995 39.39997975196012 39.51557320734956 39.424802799937254 39.1501511033194 38.71640411230267 38.15059427486144 37.48518842999633 36.764863687352914 36.05453895388764 35.44339873886157 35.03916112191377 34.95061961607639 35.26271392398677 36.01259495283982 37.17442370899663 38.65577272934486
38.13825086450222 37.1701678285514 36.04050216752106 34.753387972459784 33.32165112938869 31.767614166904885 30.124061677650683 28.435918722812776 26.762727550454585 25.180598738350668 23.78066005905019 22.66118959732604 21.913873009382517 21.60849099701217 21.780730816052476 22.425148726806793 23.494061410021807 24.904138791062387 26.55110541109183 28.327693292571492 30.137072806849858 31.898060222155983 33.544595331964 35.0238361678744 36.29510102768862 37.329609297391485 38.11027151782517 38.631098498114014 38.8962187334349 38.91864587829163 38.71892743205318 38.323883864660765 37.7659448262396 37.08393072119505 36.32600267082737 35.55435803200661 34.84916862984446 34.30758049863449 34.03435061483584 34.1245152993207 34.64297949055419 35.60709105553468 36.974365775145316 38.6342330540011
37.70306052940617 36.63695704296019 35.40207160660282 34.00568526302895 32.464089890991225 30.803219389269564 29.059898562895757 27.28441743174004 25.544051044074813 23.924901367947864 22.52784507999773 21.4564269181089 20.800017503917424 20.618887969545597 20.93514239869712 21.7290100062625 22.9399515904931 24.474711082655773 26.223040618478656 28.075739297316687 29.936965445275536 31.727822309318544 33.38461285679536 34.85638890377579 36.10379267547243 37.098861166223045 37.82492054147661 38.276149034110254 38.45686713609677 38.380779549475854 38.07035058663943 37.556470404650696 36.87867801042843 36.08631386637785 35.24070759079172 34.41754235597092 33.70715772318212 33.20996201148252 33.02569076577332 33.23860909494575 33.902614082931606 35.0266302354202 36.555456160168966 38.35173492474928
37.29176439345879 36.13779050758209 34.8106474093674 33.321002318664874 31.68878049159308 29.943786165072027 28.127526563680068 26.296881877373256 24.528293579139746 22.91822270140143 21.57506931357707 20.602574112541998 20.08149408067409 20.057126580860356 20.53431286901022 21.47716275559386 22.812682998902016 24.440674598205543 26.24989633405239 28.134519533718972 30.003799644797986 31.783630883500386 33.414031048159266 34.84672154520817 36.0441809983845 36.979585434716505 37.636790666528675 38.010043988589096 38.1035715120566 37.9313113590792 37.51696466554098 36.89441602207154 36.10853884907297 35.21636832687266 34.28835392434599 33.40873736073504 32.67338666111919 32.18365297168852 32.036734523165094 32.31496230921121 33.07359775278683 34.31869185839905 35.97168639125172 37.85481182507002
36.91989197687025 35.69176301572342 34.28913283025239 32.72624486003169 31.026868975920635 29.225107792710602 27.367992295588984 25.520107917686737 23.76757000876153 22.215673144945388 20.976078140502484 20.146877360262305 19.79495686374899 19.94716815435157 20.58924181971967 21.668777863011492 23.101930082122497 24.785412831093137 26.612080228064006 28.48408294703024 30.318884278017094 32.048896814016544 33.61881594352104 34.983713084617676 36.108477420721 36.96787967510662 37.546582726415394 37.83895919315761 37.84894607453177 37.590213613096424 37.08676571743711 36.3738952090041 35.49929449978638 34.524048592886174 33.52308139668258 32.584322210585434 31.805712389809347 31.289870581801964 31.137595494166476 31.439954961400886 32.260259047102856 33.59302352783598 35.31908334258709 37.22530406610057
36.600216320051906 35.314490622001394 33.85613840126413 32.243158633895554 30.50344848893397 28.675939579089622 26.81393197939828 24.99012791228902 23.299254676537497 21.85196752569847 20.75785207015584 20.10416029358602 19.940501632166065 20.273746933400368 21.070336077025868 22.262674044821985 23.759265043532967 25.45824899478109 27.260866199199235 29.080163665518093 30.84335389158643 32.49018934446155 33.97070149930876 35.24401027463213 36.27812321796116 37.05002505484657 37.54563460867021 37.75967237687603 37.69572744676127 37.36677377537481 36.796173976732995 36.01897052680532 35.08310973808573 34.05020624917599 32.99549101617559 32.00666590930038 31.18166885071049 30.62594426701259 30.449181064610336 30.755266396594124 31.60932259323087 32.97898314451986 34.70491276896542 36.570806001537534
36.340983469515834 35.01597691953826 33.52343797583758 31.885288766291776 30.133851752136803 28.313333705577847 26.483588333938414 24.72473955603433 23.13748842797235 21.83322234860109 20.91431847031357 20.453450283306722 20.48128941315411 20.984741095282438 21.912485254201265 23.18503336043132 24.707832598126846 26.384735306728547 28.12793641343223 29.862206180250194 31.52456114273171 33.062236693514066 34.43111021634914 35.59511737417279 36.52621254107217 37.20434100429165 37.617261996877524 37.76041410512068 37.637134995647806 37.25943591084885 36.649286689859686 35.840113266012565 34.8780604366057 33.822605009091724 32.746337868109194 31.734144146719512 30.882507887067096 30.2995265270551 30.102656834541676 30.401575092108985 31.250055587870378 32.586130243002515 34.23703607569992 36.01793912404595
36.14457174609249 34.79898855969548 33.293995765771264 31.655539620595373 29.920550193000096 28.138644024865606 26.375815921816738 24.71784385470159 23.26781736680033 22.133182928812644 21.4050464978458 21.139295033880625 21.347397982878945 21.997768896406587 23.024670661118613 24.341590118113892 25.85572436309255 27.47951644126139 29.136588654986774 30.762582078331498 32.30349795469975 33.71391362493976 34.956035546213016 35.99941616723868 36.82082068472492 37.403944616236764 37.73903899449584 37.822728683230835 37.65832757071552 37.256793847578074 36.63821230184527 35.833442649925864 34.88544442108566 33.84987848813211 32.794947689801226 31.801035912889986 30.961191953225647 30.382412356252363 30.181821004431526 30.462325898078475 31.259354337448684 32.49682142994975 34.02075427353458 35.69059168872421
36.00689830725505 34.658343532629075 33.161093875339866 31.54506692134722 29.85172270247474 28.13576148973633 26.468231535930535 24.938166218431157 23.647401629549762 22.695612708374632 22.159968619523006 22.078717861102508 22.445117686803886 23.21199543726806 24.303849374946278 25.632262941738105 27.10974634199776 28.65821501855525 30.21157225879767 31.714699429803844 33.12157914338411 34.39400063906499 35.50097518642476 36.41841414911279 37.12868470015634 37.61997297414293 37.88566424325941 37.924070227204695 37.73878070161779 37.33973052965738 36.744821501619114 35.98170747116659 35.08924141669144 34.118191364742536 33.13121919621545 32.20272822611983 31.419534981868154 30.881641662860957 30.69602093480837 30.949690550979515 31.662853839350795 32.764977257625524 34.13714649192534 35.677057441794865
35.91779213222577 34.58139860558201 33.1089524293443 31.534062779673445 29.902300439002317 28.272668763945504 26.719767691752644 25.333468724485826 24.211417508573298 23.44300509665406 23.09021121746553 23.173986554509554 23.671454059303272 24.523677092170605 25.650156701967646 26.964526064305144 28.38623181723252 29.845936717598725 31.28600459466306 32.658956561657014 33.92596944379634 35.05600645807573 36.02528765786144 36.81667088154051 37.41876000781051 37.8248550990205 38.0320481509157 38.04080798324151 37.855301870334515 37.484506439265644 36.94392011258742 36.25747623493393 35.4591551744531 34.59388623810021 33.71766436971276 32.897322258524746 32.21061146318967 31.745559954259406 31.592754185105143 31.820894395602732 32.4418797947969 33.40124430922999 34.61451596893615 36.00710210500686
35.86237749487625 34.549790400546684 33.11491377988001 31.594521115864428 30.03755467068353 28.50624143916355 27.07719515670005 25.839235011236156 24.88403433248303 24.289615262315195 24.102745877124434 24.328306542645787 24.929924545177595 25.84067881555135 26.97881643573719 28.26221040222822 29.617272517993076 30.981974847910003 32.305430640251885 33.54660686390815 34.67336361409126 35.66182430768819 36.49567031868781 37.16508263344791 37.665342504574014 37.99533730391528 38.15632964006883 38.15133610998956 37.98534417837342 37.66639901639742 37.207360826004575 36.627930517878134 35.95644034641897 35.23096946731339 34.49960328301373 33.82005120779219 33.25897251320954 32.89003122206787 32.7859906028495 32.999185966959246 33.53797546229875 34.36442690676946 35.42058825588611 36.651631404136644
35.82330321483164 34.54220464755727 33.15287306331947 31.694509158731883 30.21847552140344 28.789080113996334 27.483739941332498 26.389213113503956 25.590699952743144 25.15499880427763 25.114451446267218 25.459410290668274 26.142454274025084 27.09161961734678 28.226227646323483 29.469158478938784 30.75304647933161 32.021757700785194 33.22988257653927 34.34204490203956 35.33243402646901 36.18424587881267 36.88868064608911 37.44339996281689 37.85060944240982 38.11509921905519 38.242635231221314 38.23905696023978 38.110311353286775 37.86345410842037 37.50841718266985 37.060136916450254 36.540528837741505 35.97983486203151 35.417071770626585 34.899616277819064 34.482065950703664 34.22359903819981 34.18074301335805 34.39268842212042 34.865969696172286 35.57504882775761 36.480283381026894 37.54158499838734
35.78347225234832 34.5377176426324 33.1973429273033 31.803100034536996 30.4077501379679 29.076706140190645 27.887568340317138 26.925047785549182 26.26851121923356 25.97446918180032 26.061815254539894 26.50757635834134 27.25499285723877 28.22896324157599 29.35113105444751 30.549448771257836 31.761936143850832 32.93727989962791 34.03469480868566 35.02391950330042 35.88514224394682 36.60841349881655 37.192315808139064 37.64195130018746 37.96651849040859 38.17686567662885 38.283444677349515 38.29504822105177 38.218588326719264 38.05996684321824 37.82584143499595 37.52586915518747 37.17488923904469 36.794535854141344 36.41395235799461 36.06953851815366 35.80375257899047 35.66237437011785 35.688258505457554 35.91033986412756 36.33349310988656 36.94011721433368 37.70275717282707 38.592782084553384
