_RESULTS/REVERSE_NEW/Berg/IZ/9comp/Berg_IZ_z_500_kriged_reverse_9comp_test2.asc
ncols 100
nrows 90
xllcorner 5.6208707817415728
yllcorner 50.959635321741573
cellsize 0.00013419651685393446
nodata_value 1.7014100000000001E+038
[rows 0 to 17 of 90, columns 0 to 41 of 100]
0.05436515685358948 0.05436610627710747 0.054367351153090306 0.05436893333053715 0.05437087940494725 0.05437319048673501 0.05437583048883807 0.05437871311183277 0.05438168712499308 0.05438451844270219 0.054386865910169085 0.0543882458862659 0.0543879791624222 0.05438511327277153 0.0543783147729675 0.05436573040223392 0.054344823385688946 0.054312200397428956 0.05426345286151437 0.05419303801272425 0.0540942134448977 0.05395900709946325 0.05377815063293403 0.05354083592743598 0.05323409611899376 0.052841605842589 0.052341794681111345 0.05170542285602105 0.05089319578052635 0.04985454026333101 0.04852916597435809 0.04685319532018474 0.04477107032636694 0.04225279688933433 0.03931337991798648 0.036028299594360845 0.03253731233089894 0.02903094631841198 0.025720763669221644 0.02280321335808581 0.020431750867264686 0.01870827458513112
0.0543671662886521 0.05436897483841432 0.054371346074268405 0.05437436022522196 0.0543780692851665 0.054382478331344304 0.054387524684028916 0.054393055717888765 0.05439880529451682 0.05440436703911386 0.05440916007422303 0.0544123797615443 0.054412923381019614 0.054409279883475714 0.054399375619834385 0.05438037593584485 0.05434845657798488 0.05429857797522368 0.054224315577954416 0.05411781253410133 0.0539699153159076 0.05377051544125474 0.053509042473020595 0.05317493941461842 0.05275782823056437 0.05224699417716878 0.051629856385643484 0.0508893194106605 0.05000034960327313 0.048926750333499316 0.04761977683163143 0.04602067136188601 0.04406904322648523 0.041717869167128205 0.03895352084342816 0.035815921157890715 0.03241091237734211 0.028906516262696646 0.02550943903097377 0.022427710405456245 0.01983439076560763 0.01784817150258566
0.05437080222909688 0.054374162922586664 0.05437856869736671 0.05438416931294298 0.05439106331441903 0.054399264532836666 0.05440866554513371 0.05441900029119858 0.05442980687536426 0.054440388847155255 0.05444976899639992 0.05445662456518435 0.0544591882368168 0.05445509762817208 0.05444118024676952 0.054413173977778555 0.054365407076986325 0.05429049560191334 0.05417915474628705 0.05402025165895072 0.05380123206908413 0.053509008315240546 0.05313128311015559 0.052658100468412225 0.052083195620988634 0.051404534901575455 0.05062340073723825 0.049741585150782995 0.048756747828627225 0.04765671596702536 0.04641430080294127 0.04498485981974462 0.043309077638235986 0.041322962605449744 0.0389755316698857 0.036251866633235305 0.03319542714117283 0.029920125913179222 0.026602808691851325 0.02345364747824707 0.020674237305211538 0.0184223172524363
0.054377212833803354 0.05438330521213712 0.05439129076784193 0.05440144186992194 0.05441393996239288 0.054428816622599706 0.054445890479227384 0.054464704959224015 0.05448447029273502 0.05450400901235845 0.054521697326271365 0.054535386221372606 0.05454227828228489 0.05453873272655885 0.0545199768948099 0.05447972245652507 0.054409722535167654 0.05429936153112783 0.05413543517018818 0.053902336292732916 0.053582882092969145 0.05315996211923504 0.052619018203670466 0.051951079562859256 0.05115571630042601 0.050242961296641415 0.04923315054832986 0.048153886162214415 0.04703395584721904 0.04589490670517592 0.04474182732642507 0.04355553237035939 0.04228868241646965 0.040868391780212406 0.03920745750406928 0.037225087675409864 0.03487523200372109 0.03217587680957978 0.029227348933353627 0.02620663121215047 0.023333646388701005 0.020822398426923055
0.054388226257311156 0.0543990019211598 0.054413123046184945 0.054431072622662884 0.054453175832134194 0.05447949837111834 0.05450973928499258 0.054543128453490144 0.05457833700611637 0.054613402668272776 0.054645661200670215 0.05467166115488125 0.054687025703137014 0.054686218165481644 0.05466217473676826 0.05460579699481718 0.05450535427143517 0.05434593234932079 0.0541091697919402 0.053773619562957974 0.05331611433553594 0.05271443581121991 0.05195133192188383 0.051019475670840496 0.049926396005298364 0.04869793746475832 0.047378697187336484 0.04602834590528212 0.044713712185830916 0.043497639558287934 0.04242643686713073 0.04151797044033043 0.040752259437762825 0.04006631466564187 0.039355325413267944 0.03848309879566262 0.03730501057740404 0.035704635548938234 0.03363830726072798 0.031170982976190684 0.028480799692591388 0.025821095318986225
0.054406663492665534 0.05442526087297176 0.05444962635840969 0.054480595798804925 0.05451873766877312 0.05456418120988117 0.0546164373305386 0.05467423152801507 0.054735366176397175 0.054796620431416324 0.054853679264759446 0.05490106077723101 0.05493198831439159 0.05493814002734859 0.054909215374149584 0.05483229857627369 0.05469108334661898 0.054465152804817195 0.05412966836666574 0.05365597070280038 0.0530136611944011 0.05217461295930943 0.051118960945931366 0.049842420867194544 0.048363433598875454 0.04672798144494534 0.045009935419161075 0.04330574238773545 0.0417239150660063 0.040371369081190656 0.03933926741412056 0.03869033243971285 0.0384480923381377 0.038587346404617875 0.0390253214007892 0.03961512831881631 0.04014712918716413 0.04036824722843864 0.04002962735992773 0.038961940600359686 0.03715295278155053 0.0347812353104774
0.054436740787883346 0.054468064804857205 0.05450909493779162 0.05456124450176914 0.05462548534886425 0.05470206335869296 0.05479020395073805 0.05488784218080951 0.05499141077101106 0.055095706888190356 0.055193833413732345 0.055277175376152725 0.05533533490524074 0.05535592213248263 0.0553241034493737 0.05522186270183867 0.05502705129506652 0.0547124926956308 0.05424564297166442 0.05358952942325179 0.05270578044113309 0.05156036456463618 0.05013202908044029 0.048422353523995085 0.04646508255658045 0.04433159324674431 0.04212972591938375 0.03999509091757425 0.03807673783234527 0.036521256586554765 0.03545953432408211 0.034998222601985825 0.03521458118852886 0.036150456296145494 0.03780003169866845 0.04008743253199642 0.04283522269370493 0.045734834716345915 0.04834458222843275 0.05015064217307282 0.050708641230537206 0.04982343919412578
0.05448455805026071 0.05453605832666868 0.05460350496251889 0.05468923651701465 0.054794882858297894 0.05492090393146089 0.055066113068845485 0.05522724383035673 0.05539862071419052 0.05557197820132551 0.05573643662610724 0.055878589833715714 0.05598259910076299 0.05603014056433294 0.056000048082094876 0.05586756196939227 0.05560326187302783 0.055172033777853055 0.054532761937644766 0.05363975024194724 0.05244699006477559 0.05091606473701718 0.04902750219939754 0.04679377175073268 0.04427035979242319 0.0415604836981175 0.03881013693110561 0.0361935656880665 0.03389359557975061 0.03208392676658678 0.030919677061019394 0.030538342009424107 0.031068099750199005 0.032636102772733565 0.0353666431680497 0.039357443828381716 0.044622628434705665 0.05099786475001363 0.05802611649902797 0.06488714667845279 0.07047722858415612 0.07371519389538865
0.054558652407692254 0.054641325329241174 0.05474959053584956 0.05488724238742804 0.05505697257450682 0.055259637901940696 0.055493499791401085 0.055753531522499775 0.056030897319693365 0.05631269053284502 0.05658196990466934 0.05681805397862068 0.05699693710220034 0.05709160539742452 0.05707200203976527 0.05690446968834711 0.05655072535261669 0.055966806601462575 0.05510291201166991 0.053905493564483244 0.05232308032834144 0.05031677070156459 0.04787483669112421 0.04502853423799375 0.04186386586827252 0.03852333132899044 0.03519419183156607 0.03208538122614842 0.02940126408121632 0.02732307283045669 0.026006075499301194 0.02559414093582553 0.02624721947600401 0.028173490702391377 0.031655104418372056 0.03705097040886745 0.044749781917902035 0.05503576466166547 0.06783687395008135 0.08238646188304705 0.0969709850512812 0.10908338091498804
0.054670573999380495 0.05480019817991706 0.05496997247217449 0.055185949053780624 0.05545252471087997 0.055771302407820494 0.05613989360961042 0.05655081020921665 0.056990618589028874 0.05743951855797835 0.05787145262128043 0.05825474021433656 0.0585530793604985 0.05872660481221645 0.05873260696767829 0.05852558584056519 0.058056610364805056 0.057272488389501386 0.05611593560136173 0.05452852681174595 0.052458324097323095 0.049873205940022446 0.046778713334956465 0.043235956502273916 0.03937221425341985 0.035376748793968744 0.031478991617260546 0.0279146748749901 0.02489302148248993 0.022579395421347976 0.021101747403035654 0.02058043406013893 0.021175634113710803 0.02314642264996543 0.026916398832384822 0.033134605109635396 0.04269854601420739 0.0566640969354701 0.07592067168795068 0.10052496490791786 0.12878910848998626 0.15667315621736952
0.05483541703879404 0.055034009151414626 0.05529422849563721 0.05562559345145306 0.056035240875813075 0.05652619256831988 0.05709549013096007 0.05773241644241656 0.05841707908638432 0.059119649185764296 0.059800498814968836 0.06041133688147886 0.06089720761481673 0.06119893717124043 0.061255402563008536 0.06100500418030898 0.06038608150680039 0.05933675205865641 0.05779562585905443 0.055705674207393786 0.05302361798007737 0.04973586775032249 0.04587891214995716 0.04155772122765456 0.0369524477408374 0.03230486713045818 0.027883640817259567 0.02393900767049068 0.020665538993168885 0.0181896354154044 0.016587719309891582 0.015930307126519876 0.016344520740515043 0.018093836230960336 0.021682518669434832 0.027992547647943 0.038436583297046245 0.0550375891768176 0.08020992073838842 0.11588275332691537 0.1617258939400072 0.21299579338000454
0.05507221776670705 0.055369668346570894 0.05575976455803026 0.05625731423088439 0.05687387828373322 0.057615186526809435 0.058478261684704366 0.05944854897639726 0.06049747305390997 0.06158093732739198 0.06263928419300635 0.06359907934746292 0.06437672848797002 0.06488342490673 0.06503043378332511 0.06473352117485373 0.0639157034682324 0.06250851543381118 0.06045342760760857 0.05770626242231363 0.054247557818961886 0.0500999044749178 0.04534902250526872 0.04015992368820823 0.03477623832435585 0.02949402562319577 0.02461274067524325 0.02038032178776811 0.016956159478387522 0.014408418296931447 0.012746071711922522 0.011974357935476654 0.012164117455123417 0.013539017736439153 0.01660255507909518 0.02234020444114359 0.03252339802197064 0.05006494335072405 0.07915204647196968 0.12449800566101818 0.1888333867016767 0.26859408100598475
0.055404117132632165 0.055839936716646554 0.0564123313659804 0.05714415914473403 0.05805416662052083 0.059153223480156704 0.06043993103680392 0.06189596552761815 0.06348176865159126 0.06513346398296768 0.0667620502961031 0.06825583538810351 0.06948657122860534 0.07031881833245032 0.07062095881556264 0.07027552443756621 0.06918670219176803 0.0672842990732964 0.064525706829809 0.060899425129009935 0.05643402411080144 0.05121385031390727 0.04539722317958735 0.03922640831696219 0.03301590000998111 0.02711159262673592 0.021828662778314082 0.017391897093356937 0.013905592113068962 0.011365997830321944 0.009708341920705115 0.008869924690900083 0.00885799736528162 0.009830659891469863 0.012223319246101 0.01697977408186794 0.025966582698274874 0.04260932773078949 0.07254343488991712 0.12343225022487309 0.20228447406534572 0.3090197051657738
0.055858183650425317 0.05648326021544135 0.05730602646148295 0.05836158037877147 0.05968038687946627 0.061282934904875415 0.06317311053102098 0.06533062874070245 0.06770334008632188 0.07020085528180176 0.07269153077899589 0.07500507137213988 0.07694239087371713 0.07829268717765564 0.07885525388008911 0.0784614013941485 0.07699136840678503 0.0743830986988329 0.07063368865530906 0.06579816945169475 0.05999150194803237 0.05339649598519639 0.046273247356902615 0.0389580903204799 0.03183811689631531 0.02529641757640305 0.019641687742797873 0.015051544737800513 0.011556954035816145 0.009073955921283157 0.007465167638299303 0.006606505865936904 0.006447620787694852 0.007077463063840195 0.00883201032678647 0.012513789574744848 0.01983678702303385 0.03422745064984387 0.06192985885834322 0.11261583868442555 0.19727257285984742 0.3206158817454105
0.05646480155689051 0.05734303877912439 0.058502619253659516 0.05999722316482193 0.061876415651481484 0.06417831879463391 0.06691977946817454 0.07008412598939072 0.07360742946332008 0.07736550478828436 0.08116545725761175 0.08474669158427621 0.08779585106462472 0.08997721450367226 0.09097484271092021 0.09053724263814864 0.0885127596982474 0.08486675074648599 0.07967919544729447 0.07312972156924144 0.06548087268007975 0.057066881016545334 0.04828566407371439 0.03958211369908727 0.03140907892007285 0.024163980329491082 0.018119318112634394 0.013378952317090671 0.009884014113276255 0.007465685013515993 0.0059186325469480295 0.005067330498105868 0.004815753729887 0.0051945994760822295 0.006442731150361942 0.009190081870652648 0.014862175928907921 0.02648465269009653 0.049977767312308415 0.0953586246273225 0.17556755076206682 0.2991736597078502
0.05725654827955676 0.058466213634810825 0.06007001569969206 0.06214972529664178 0.06478583189357993 0.0680479645288636 0.07198068099968208 0.07658393047367668 0.08178878238717506 0.08743155350714008 0.0932330770794336 0.09879328275003603 0.10361197385584825 0.10714189509671687 0.10886916806102306 0.10840270310010938 0.10554604014755592 0.10032912324463908 0.09299355644952995 0.08394406209586985 0.07368946560825043 0.06279252197466166 0.05183296933726311 0.04137315815010558 0.031911933039058996 0.023824876372572943 0.017309773265810936 0.012367007838773888 0.008831878629061455 0.0064471284482630585 0.004943871100689229 0.0041036080135858355 0.0037958324397970697 0.004007920656433371 0.004901332951433835 0.006951861549415482 0.011279415498082583 0.020340564710983108 0.03912954470170789 0.07651243857887369 0.1447484858284196 0.25346175408128235
0.05826650859254964 0.05990105978299319 0.06207962425838939 0.06492606193499678 0.06857025971645025 0.0731365153282468 0.0787238215809625 0.08537545655410872 0.09303699250749226 0.1015063079560392 0.11038679894131388 0.11906385279734436 0.12672942173826632 0.13247270795565794 0.13543242266167027 0.13497436140854888 0.13083550541600789 0.1231813766429739 0.11255900159381556 0.09977301345426134 0.08573877725524241 0.07136022131145094 0.05745094292319899 0.04468782119407393 0.03357565800003796 0.02441325374607269 0.01727305711884561 0.01201678857394978 0.008355938124695558 0.005939493318573042 0.00443639379047023 0.0035895379870328993 0.003240965893963068 0.0033470189186054723 0.004014131004987562 0.005601816051100719 0.008975115945955283 0.016042479402650613 0.030699525715227577 0.059905593890334355 0.1133980800047199 0.19909334074085433
0.05952599835145077 0.06169406667728457 0.06460229689927971 0.06843668960010028 0.07340444994016297 0.07972166652853689 0.08758766478285405 0.0971394540272189 0.10838125201471502 0.12109115152835362 0.13472186936450786 0.14833325522621532 0.1606103838078213 0.1700141386050936 0.17506667329415976 0.17470174794356233 0.16855205270201468 0.1570519020109655 0.14131416993190982 0.12284604016869509 0.10322882064314295 0.08387094374890813 0.06587701378838694 0.050012040340096826 0.036714184257853985 0.026122577604370777 0.018115584757610628 0.0123713360003776 0.0084541319948595 0.005909523686320622 0.004341015344716371 0.0034523882136229334 0.00306041259921454 0.003097897338606454 0.003634221097563467 0.004949695944625628 0.00772264569836989 0.01341833718100855 0.024936642249240294 0.04726678968498372 0.0870630844857495 0.1492378201756085
