_RESULTS/CROSS_VALIDATION_POSTPROCESSED_80-20/Berg/IZ/3comp/5/Berg_IZ_z_0_kriged_reverse_3comp_spherical_5.asc
ncols 100
nrows 90
xllcorner 5.6208707817415728
yllcorner 50.959635321741573
cellsize 0.00013419651685393446
nodata_value 1.7014100000000001E+038
[rows 18 to 35 of 90, columns 0 to 40 of 100]
0.00476294923779809 0.005179531021982266 0.00579911423854094 0.006659148253808902 0.007810434739252942 0.009315460978214916 0.011243710859979503 0.013661375152638162 0.0166124505714044 0.02008902172153682 0.023992169946630726 0.028093015167197553 0.032014976870133764 0.03526615266018098 0.03734043079866845 0.03786809739457332 0.03674926807538708 0.03419291842469075 0.030543569289910977 0.026052269370606437 0.021361712737702664 0.016977227773231497 0.013183425259031569 0.010078996848430052 0.007643961369884054 0.0058609379217164585 0.004608403573039559 0.0038844258512848928 0.003572788225786649 0.003573820891110785 0.0038772910502620594 0.0045665544750923305 0.005723325540300064 0.007368025744665952 0.009650972391280318 0.012920028690391775 0.018333354442770542 0.028615840446028933 0.04602366693205324 0.07220057273041752 0.10752016551323171
0.004959242407243995 0.005504106450577014 0.006295591406652558 0.007393191613419431 0.008878124252375113 0.010854284680585129 0.013445527686716904 0.01678488303489225 0.02098929321258649 0.026112533833939775 0.03207248156369682 0.038562292743632334 0.044982210739373724 0.050460211965965465 0.05402890086735086 0.054945883626266366 0.053005988095717216 0.04863629279901515 0.04260893506097879 0.03551372093755878 0.02838611492074854 0.021971068294816848 0.016618078377378154 0.01238476286264769 0.009163276529375196 0.006857158812588172 0.005354029422554528 0.004426517144286983 0.003981124444101406 0.003897797703375187 0.004159340293594405 0.004848505789845235 0.006126648861983595 0.008097522003107111 0.010951363811820337 0.015238756374540103 0.022117619093062344 0.033571428674060794 0.05180732080451928 0.07833273952409128 0.11265958777002061
0.005181176766366952 0.005859780863547926 0.006837200215906633 0.008200607350862369 0.010071531683451363 0.012612049702897575 0.016027822873939335 0.020561518782510887 0.02646513308123937 0.03393395235234794 0.042983272857866905 0.05326419583596522 0.063867053974288 0.0732557973771708 0.07954343421247906 0.08118113076346488 0.07772723552450003 0.07009462505461055 0.059984892199756244 0.048768197632964916 0.03808138116869533 0.028825981827726672 0.021328937158554533 0.015544182020526293 0.011237281567302962 0.00828668881755908 0.006428888471735984 0.005261460129935991 0.0046132856692673975 0.004426690863088144 0.004663793399916501 0.005380062004847448 0.006765142525411028 0.009145498075213851 0.012731713387955751 0.018184887494274857 0.026680865304874735 0.03995932519855431 0.05994887113101332 0.0878195592643817 0.12252749579988388
0.005413806340521248 0.006227432584580013 0.007398527582781991 0.009047229091291839 0.01134541109511826 0.014531777037844196 0.01892678137619171 0.02493967642277117 0.033050759389045656 0.04373680221386298 0.0572897167224018 0.07347664184468525 0.09105807120580486 0.10740291644195003 0.11877400822205934 0.12179357458731259 0.11557475701015858 0.10289200155738072 0.08689732990553352 0.06976675362106385 0.053622691866864004 0.03987831603183633 0.028953614118448785 0.020682212307182046 0.014712253428369687 0.010780152434170936 0.008294084177205494 0.0067249199731539986 0.00576367524762489 0.005345841155248889 0.005481894745264729 0.006214034999007196 0.007759501643971835 0.01052864847417045 0.014957931521959216 0.02177780655026376 0.032206745841360795 0.047918524077347535 0.07061113890327926 0.10106180558470543 0.13540331088427962
0.0056407157033705555 0.006584261765796295 0.007946679893344704 0.009884686442088876 0.012628382462114479 0.01650943949900173 0.021995901498565715 0.02972744592210673 0.04053217332176444 0.05537893600374608 0.07517021648972108 0.10021644475726625 0.12923266231383085 0.15803814856896217 0.17934511838551395 0.187551000705437 0.17986908504759658 0.15925410742163665 0.13237778494404806 0.10453233022656183 0.07894539935409074 0.057693791151745354 0.04116621326588488 0.0288944302814995 0.02047894984614597 0.014948664061093466 0.011417440659931458 0.009180535567117724 0.0077943726154219815 0.007053879142982513 0.007002288109824994 0.00768226190071826 0.009309486429621719 0.012455189037900594 0.017801647561922432 0.026119701740573025 0.03889713314148424 0.057765252205206306 0.08422029567816242 0.11714107796788785 0.14747818032737112
0.0058447513794349405 0.006904986581134647 0.008442988207900282 0.010652444035412994 0.013824417138493276 0.018392048251579772 0.024992932157181853 0.034549311604156224 0.04835426352313411 0.06811870988058188 0.09585242360107925 0.1332769956131494 0.18018637437820673 0.23264473712898676 0.2811057321645134 0.3059638199591432 0.29524854685987983 0.25702507472655467 0.20831541235885234 0.16097885554567506 0.11943308717303315 0.08594950514511392 0.06046606431528517 0.04208207555328323 0.029878545380167692 0.021811316789728193 0.016558137823890467 0.013216386551449287 0.01112653406685985 0.009996020154121765 0.00967401686385612 0.010267660927197506 0.012033818527019985 0.015560610208264743 0.021782296543394412 0.0318496226852264 0.04730562049128034 0.06996587789385912 0.10087924940956779 0.1332314332866653 0.1580171670269686
0.006009369243129611 0.007164154962442693 0.008846829769245373 0.011283925364458092 0.01482220998557128 0.019990740973076796 0.027594319201430812 0.038849509141539486 0.0555704970081706 0.08038960969726948 0.11691863131545482 0.1695156254916747 0.2448277919366051 0.34753066764169405 0.4594896237709937 0.5252716336890131 0.5023685904700844 0.4218147968502028 0.33008235494946636 0.24888569053515683 0.1820376957037843 0.12968995398166944 0.09047383283985687 0.06313642581541053 0.04506274630820266 0.03302064203989948 0.0249928580813467 0.01982056671780113 0.01655873804022161 0.014770665018575723 0.014174042810645273 0.014684762017928461 0.016635926131610506 0.020787184506265616 0.028242527247734937 0.04010869882774287 0.05888449096508703 0.08664928219007352 0.12005088702028906 0.14978353481808224 0.1670397071526401
0.006120394714444404 0.00733928872999156 0.009121213321697654 0.011716450446057364 0.015512872321777752 0.02111207506422064 0.02944930855707014 0.04198029570696027 0.0609667227994288 0.08989678368501734 0.13405684989704872 0.2045049789209615 0.32096470183765574 0.5068050732577476 0.7624893656035797 0.9388333491604691 0.8541141881632344 0.673809224096971 0.5081772065172258 0.37597898461652546 0.2737741995988239 0.19499928334623876 0.13630622459945582 0.09623956116800093 0.06935997108814786 0.05117968658437435 0.03882386438825796 0.030614504943806266 0.02538400078732616 0.02245640783877188 0.021348064696141613 0.02189642589149294 0.024320908151955384 0.029405086277429 0.03873223257138086 0.05339078797462573 0.07600031672915426 0.10906487206467352 0.14454255394829862 0.17096710482115088 0.17891703886933374
0.006167837185649257 0.007414225771220491 0.009238993015771347 0.011902975298710174 0.015813067973721492 0.021625764713374435 0.030351917691185205 0.043561148339679515 0.06372122036101197 0.09472158261218322 0.14486163457435303 0.2320811564796087 0.3864768361480155 0.6628156995312863 1.1540699230724853 1.6928916788959172 1.3028411096306471 0.9767942586616538 0.729456072348223 0.5416644936816252 0.3987703460481643 0.2880827572320044 0.2046851029553362 0.1472752948417144 0.10773449075767977 0.0803226891797861 0.06131622469030079 0.048200297188042925 0.03964093880217512 0.034718439647545264 0.03262752049459137 0.03306003284785055 0.036273533065400855 0.04323743983185098 0.05562046103551643 0.07450237384545128 0.1031758144919146 0.1400301365423345 0.17703318332886875 0.1999831897839977 0.19683704993578946
0.006147320109153353 0.007382844431464062 0.009223118985851675 0.011952252282684345 0.015993701506464324 0.022003151775948998 0.03099428632177629 0.0445335845969683 0.06503920548065774 0.09712549959630185 0.15228584538263484 0.24916937917546048 0.4209704270982117 0.7228810812351838 1.2116093836443882 1.6417482584794685 1.5007332204469286 1.2119131185183323 0.9500322605273244 0.7326019865519948 0.5562022722142054 0.41418594813141346 0.3033445651440116 0.22408576560950547 0.16708639286086818 0.12612949449159053 0.09695874677076415 0.07634301771099995 0.06224956137615552 0.053896010320337924 0.04998465646574188 0.049917217027492605 0.05395390648617388 0.06342585107582915 0.08059389369630215 0.10662429788687403 0.1442633146072611 0.18629145253400534 0.22356415719361036 0.2426115533148756 0.22542829787319732
0.006099688221236708 0.00738577472004074 0.009304547108532868 0.012133829332190836 0.016299135871263637 0.022445938113329837 0.031546312784599996 0.04505153079174561 0.06526028333049982 0.09872289008093897 0.15620156099155114 0.25536240387420645 0.42412880718083495 0.6955239515879952 1.06380215765436 1.3774100534573976 1.4420817631170775 1.3173041481017047 1.129147885251382 0.9304018427036431 0.7427503474961388 0.5745695232166942 0.43668266342939005 0.33188584227233425 0.2526159889327228 0.19322287325815932 0.14953528401215876 0.11795744514657734 0.09569121214773277 0.08173623873945612 0.07472010097860297 0.07357900343196999 0.07848630789948621 0.09108200096180068 0.11424799310301895 0.14987748840379456 0.19950739439755955 0.2522805860578132 0.29638898390197826 0.3108783313890741 0.27416437900638757
0.0061608863370559465 0.007516002174178568 0.009520256103529714 0.012452202347980836 0.016727880350166802 0.022958679109220934 0.032027854327924474 0.04518252818772572 0.06547587621265445 0.09960905467271564 0.15721241858072818 0.2535941648263979 0.40958156236479126 0.6425059951761158 0.9367791543049153 1.2099048260615413 1.3586951242837704 1.361603672422112 1.2647124207588873 1.1154042112716513 0.9417498460223833 0.7611535304065509 0.6026187110373205 0.47386218114817086 0.36942429390786297 0.28670475446065435 0.22320785623330705 0.17602102703301192 0.1420707990738002 0.11970929286876841 0.10736172806706477 0.10374338466141236 0.10893424146742758 0.1253704448923794 0.15621179463500323 0.2039575839684314 0.26551775765102675 0.33056921891316193 0.3894050784376282 0.41110704253850977 0.3426987707828845
0.006339214019999032 0.007773173809578216 0.009874410794196561 0.012917693854431157 0.017299977181112914 0.023579781388868563 0.03251833244019296 0.04531200330531198 0.06597482349375679 0.10022925812303904 0.15678342227652492 0.24850332340392833 0.3910514531670577 0.5952036581075196 0.849916599325239 1.1082540116684219 1.3051980067475841 1.3946420298416937 1.3778249869673664 1.2831476562147055 1.1409747268339356 0.9709042462675235 0.8018269581528008 0.6531485832001171 0.5224664870202375 0.41129235091690064 0.32139611656874695 0.2524407570843241 0.2018581372547916 0.16764305804358573 0.1473352841612193 0.13970146858971738 0.1447449128925979 0.16461438544107207 0.20163598734959887 0.25881293090053314 0.3277433910980007 0.40005868499889774 0.4712730878885333 0.5327824353573994 0.4206618193664194
0.006650585197803486 0.008178836085952079 0.010393039586981536 0.013560714850229628 0.018055957475598714 0.024377035916459053 0.03314086151693038 0.045987643124160295 0.06695879517385184 0.10113882994359291 0.15635057665153845 0.2435582280576717 0.3754251681653455 0.5608514105385592 0.7949460527742233 1.0496025355611882 1.272401617165832 1.4214190144467058 1.4796953930816328 1.4517538564430577 1.3530396968997838 1.2026626711288873 1.0389069173183632 0.8742937546268897 0.7157274301001972 0.5701648102697516 0.4454076718130629 0.3465108728544744 0.27295881973540154 0.22230061415449234 0.19281169655707237 0.1802160815422511 0.18324113723767768 0.20436476297136208 0.24318553145572525 0.3018600093580236 0.3655905253111368 0.42515721492929637 0.47233881749447004 0.48300405185117345 0.35708416390772363
0.007186977716426418 0.008848312249338177 0.011221655979190934 0.014560421043888078 0.01919842755837762 0.02555151109368672 0.03414047832114594 0.04732894695295515 0.06866235417945057 0.10283678301111306 0.15693265865275569 0.2405825029629294 0.36485800355811226 0.5386571963660882 0.7610484258928993 1.0088265658543436 1.2484550107688013 1.4455073893717834 1.574754450630797 1.6233964177900584 1.588454723301995 1.4742924414446836 1.3193230071769946 1.148385627040183 0.9560522415454665 0.7642195433860501 0.5928500517042442 0.4533416434129163 0.349685009342813 0.28005962787977706 0.23892210864767185 0.21978680783472015 0.21965866724358513 0.23838494187868234 0.27300310898763447 0.32370876531465176 0.36981043523265084 0.3995423283092941 0.39981021644592124 0.35056447432048415 0.2454282077570143
0.008007426955365752 0.009857891839943341 0.01246443858893631 0.016067927951644193 0.02096227495385005 0.02747397059567022 0.03619839896772715 0.049844426256027495 0.0715162574391291 0.10573791827435915 0.15913860485954837 0.2402630172544096 0.35929863660449224 0.524897870034431 0.7338533658889796 0.9741471698899329 1.2250291789247338 1.461014881725091 1.6572193503767967 1.791635553218195 1.8443321839272604 1.7975641050968376 1.6671230918368505 1.4884889512642896 1.257283422036254 0.997218921859918 0.7561525470686917 0.5626989483692046 0.42488745202020584 0.33340973681632496 0.2783764587524886 0.25110684053387666 0.24632235987495876 0.25952454793894586 0.2856806215715356 0.3222533881639191 0.346286035893962 0.3472225625714143 0.3173906568440704 0.25467623223515434 0.17277801534945808
0.009188109875068766 0.01130234497753207 0.014240560395976657 0.018233238613993306 0.0235343652232326 0.030379020111852853 0.03960702713267552 0.054027539870550687 0.07642646542511337 0.11093229464043008 0.16356881404584026 0.24267086075582242 0.35759325770678785 0.5124547202126924 0.7073071649546218 0.9373382526449379 1.1917973290862405 1.455627868588427 1.7110039037666236 1.936494226687952 2.102940147216085 2.1687634287138846 2.104611916471483 1.9259046216099676 1.6347230758009133 1.2715068925700228 0.9268758425485336 0.6637946990244592 0.4853807438239098 0.37146496396382844 0.3028245849241291 0.26756431726052043 0.25716645588455356 0.2615331424759781 0.2772888098681748 0.3000537829242893 0.3067946754358622 0.290061965331971 0.24901258844561971 0.18991741742635296 0.12649762762690733
0.010844915934765048 0.013324459171869994 0.016728732231966685 0.021281048671782044 0.027194590643771378 0.03460603093030163 0.044719878691432714 0.06029578115632914 0.08389693143135529 0.11926441275020411 0.17169789392895277 0.2484527614177474 0.3562905967516728 0.49860362932229546 0.6769783085164616 0.8911162891370872 1.1382174330485153 1.4137098431386586 1.7113740477570707 2.020798774944863 2.3192474843177844 2.5549672691292495 2.6385705219565585 2.5070918052005666 2.1111458504084344 1.5759978397780496 1.0856155175770967 0.7390052714841835 0.5185056270178771 0.38449900138437926 0.3059436063416645 0.26502418910690434 0.24826903248059728 0.24425301151340034 0.25029593923285337 0.2618284589913786 0.2586451838201305 0.23576256905793502 0.19560460667697155 0.1457025385726888 0.09663590428628682
