_RESULTS/CROSS_VALIDATION_POSTPROCESSED_80-20/Berg/IZ/3comp/5/Berg_IZ_z_355_kriged_reverse_3comp_spherical_5.asc
ncols 100
nrows 90
xllcorner 5.6208707817415728
yllcorner 50.959635321741573
cellsize 0.00013419651685393446
nodata_value 1.7014100000000001E+038
[rows 19 to 37 of 90, columns 0 to 42 of 100]
0.761314419539489 0.7669012509549564 0.774143383009378 0.7828665109694692 0.7928799262012703 0.8039690760568751 0.8158872439831852 0.8283465133877045 0.8410086313691543 0.8534772519982868 0.8652944907135319 0.8759467534017428 0.8848867308466364 0.8915781869389486 0.8955642668570949 0.8965467270309634 0.8944487915126722 0.8894328062006496 0.8815639734060672 0.8697579322893273 0.8544858901407887 0.8364863338024529 0.8164649294515925 0.7950698976043672 0.7728919319890969 0.7516242763760523 0.7332972122274503 0.7185215437152355 0.7083092169467713 0.7025611943164839 0.7008205621445274 0.7026349159818441 0.7078241926889897 0.7148870142494513 0.7233335084437547 0.7345924580336616 0.751200203275625 0.7745781205258514 0.802460886409868 0.8312515803910294 0.8580038442178611 0.8801884427649503 0.8954027776815957
0.763657337219388 0.7702707638614725 0.7786147786297122 0.7885268312702756 0.7998277799319907 0.8123135783806548 0.8257453945488196 0.8398379193074474 0.8542459389073834 0.8685500769297206 0.8822444418404338 0.8947323465736581 0.9053413640055978 0.9133732945271478 0.9182003464357152 0.9193953715295492 0.9168461152194 0.910788826885193 0.9015829821222491 0.8883931916412183 0.871729130934416 0.8523630018130283 0.831010747310903 0.8083241737231709 0.784891831027167 0.762788065469864 0.7441953769393341 0.7290841257889449 0.7179801459200505 0.7116142384195397 0.7093059063019065 0.7107931410726143 0.7161211297306238 0.7250012568903846 0.7358029655253879 0.7492006874079844 0.7662451716668494 0.7871594194283913 0.8106103567491418 0.8342933694081157 0.8558425499007826 0.8730852956672722 0.8843634059385032
0.7660127999195154 0.7735549029786835 0.7829058188277104 0.7939168829070133 0.8064238840107062 0.8202383385290877 0.8351366004280498 0.8508460605149355 0.8670276606844187 0.8832543295215979 0.8989864572466973 0.9135496962580064 0.926129570946899 0.9358122422803854 0.9417101812653477 0.9431805766285866 0.9400862903309634 0.9330557023591565 0.922760847055382 0.9086333952388479 0.8908730245330393 0.8703512159604764 0.8478380806025637 0.8240114648882614 0.7997774322565219 0.7773762300074961 0.7584667116315779 0.7431322651185925 0.7313742284696685 0.7238678352555905 0.7206285772536539 0.7216616840019441 0.7270455704115009 0.7366221068496844 0.7490278719882668 0.7637089219879496 0.7807199143281861 0.7997959314877852 0.8198708068942142 0.8392974261354876 0.8561739238613374 0.8688491135401374 0.8764027156971298
0.7682193014584071 0.7765702628947584 0.7868062835572928 0.7987937629901082 0.8123857569492844 0.8274134428389981 0.8436751047000282 0.8609214442437664 0.8788355222275887 0.897005111959608 0.9148852298688467 0.9317509767776314 0.946651058216847 0.9584018795583533 0.9657396285853048 0.9680284133344801 0.9649990234895175 0.9571301873067095 0.9454695503196676 0.9302748689250054 0.9114234000703861 0.889851114992541 0.8663430503070729 0.8415835867613244 0.8173483306091628 0.794891890175495 0.7757220469504783 0.7602259682371886 0.7484100631186499 0.7400926755563997 0.7357831581564523 0.7358879089676278 0.740546789855326 0.7499992900972026 0.7629869192036354 0.7780428965099615 0.7948592100614164 0.812529491732956 0.8299977310160219 0.8458547074006345 0.8585449644138969 0.8671640380834535 0.8711177211720131
0.7701323712652413 0.7791504465785898 0.79012233307284 0.8029292451481848 0.8174420473573458 0.8335134982273765 0.8509681045540846 0.8695882072531649 0.8890940473460041 0.9091140898398609 0.9291395088866953 0.9484536626888942 0.9660277191164095 0.980616440729244 0.9907582865828388 0.9945095615686314 0.9912148381125631 0.9819418855354171 0.9684810686267932 0.9520232935138062 0.9322350596686919 0.9098764925259946 0.8856817770496054 0.8606322325451045 0.8368053372482189 0.8146861786537852 0.7953405230599129 0.7797495953159822 0.7679314546047444 0.7595417580819325 0.754486505230531 0.7536318475812962 0.7574015835541769 0.7659362979479831 0.7784544369726349 0.7932566331873747 0.8092904950637662 0.8255608777546249 0.8409148512295739 0.8536563876032561 0.8627886216230238 0.8677190496785451 0.8680399940947501
0.7716300501950016 0.7811532588478329 0.7926859600060563 0.8061221929065107 0.8213487854875804 0.8382387219448133 0.8566425737312947 0.876376789071155 0.8972067556204505 0.9188208239243122 0.9407878202384504 0.9624822341899928 0.9833785660269656 1.0022020419422513 1.0160125932961435 1.0212952866063454 1.0169197563915209 1.0054672977439902 0.9899567323827309 0.9721880509236849 0.9519098659716303 0.9292784045359822 0.9049024394483747 0.8803798088089 0.8572829849239019 0.8358844232536802 0.8166719135783899 0.8010640233949509 0.7892698274865377 0.7808770574095852 0.7758604854982905 0.7744363411467374 0.7772572525773274 0.7848178865608763 0.796475762389337 0.8101699865802312 0.8252393463832515 0.840201538605175 0.8532243895557734 0.8630508887858115 0.8689405927938886 0.8703737778818652 0.8669680307576733
0.7726182411785362 0.7824679062512431 0.7943647445430188 0.8082118841493865 0.8239077361163613 0.8413404052484111 0.8603807214378658 0.8808730687046635 0.902622637860085 0.9253766631703997 0.948794848095714 0.9729615608124322 0.9974844016603636 1.0205971276077945 1.0389606113281544 1.0459809884597193 1.038833932628567 1.0245922061858015 1.0074604613092155 0.9888670143751097 0.9689171443543371 0.9468295369856584 0.9231026855163564 0.8998211765538303 0.8778698655770377 0.8575205829150719 0.8390396819510593 0.8235084151571849 0.8117742182323442 0.8034065721595828 0.7984462497625451 0.7971138031615174 0.7996230540680391 0.8062583047034725 0.8170022626817118 0.8296305321682412 0.8432725991547834 0.8568358734364089 0.8680685287891338 0.8755031616985227 0.8784093126067651 0.876337909841071 0.8690343886866511
0.7730353086438783 0.7830213041970753 0.7950706079167255 0.8090903396001717 0.8249856490830789 0.8426968700752854 0.8620873512300459 0.8829733247357977 0.9051524492635218 0.9283918923748878 0.9529373417352814 0.9790513757558091 1.0057482169669008 1.0314678322397428 1.0536550907101383 1.0639508337854484 1.051172940409861 1.035638775403508 1.0186538340654405 1.000653813406432 0.9818676934459379 0.9613745851486166 0.9393662040113329 0.917943990749975 0.8976283228176184 0.8787062931276112 0.8614821596026563 0.8463973694030547 0.8347723630613556 0.8264497979774972 0.8215240237889385 0.8202387202579662 0.8228122947784026 0.8294026761507743 0.8395977990982989 0.8512861089494218 0.8638093523565477 0.8757279610731863 0.8855345974183912 0.8912962580124864 0.8917403838381395 0.8864214145167338 0.8753062991251682
0.7728553191001355 0.7827888011821491 0.7949370543395701 0.8092066495252295 0.8254177232484363 0.8433887714106331 0.8629322041307945 0.8838486177320992 0.9059185075374663 0.9292202052192974 0.9544602423868653 0.9809414811665877 1.0074389781340054 1.0319597449773392 1.050971360424605 1.0574365383849091 1.0497841188621613 1.0372379991504037 1.0226695551963776 1.0068015887775958 0.989950782549243 0.971989987205254 0.9526763262704191 0.9337712130619374 0.9156528670294378 0.8986027358814612 0.8829555170754809 0.8690659179753408 0.8576406259007524 0.8493481814659217 0.8443878005164586 0.8430633763926653 0.8456269028155364 0.8522340480184151 0.862444981643487 0.8740139305183432 0.8860060613992397 0.8969866063617771 0.9057260281402968 0.9105350080934103 0.90909185963771 0.9006618983471142 0.885682460856836
0.7723715938158363 0.7826184252898905 0.7950899136072251 0.8095872391217744 0.8259102202155741 0.8438529714684135 0.863198783315624 0.8837130253354067 0.9052210893798356 0.9286056001196777 0.9536045033696446 0.9792152391104668 1.0039030909266369 1.025290755072714 1.0399867089033585 1.044905140411451 1.0409860771140491 1.0320863111362866 1.020661798842909 1.0076143886769415 0.9934135733788492 0.9783338092713469 0.9626845432299772 0.9470707198433563 0.9317470527945149 0.9170064830497012 0.9032263801140765 0.8908320661373866 0.8802490173161339 0.871930221805198 0.8667848439391436 0.8651853366880935 0.8674498285032263 0.8738168133567873 0.883840469500288 0.8954025872705728 0.9075008711311678 0.9188885356966228 0.928195816671561 0.93307687274498 0.9304626629392625 0.9187552193316968 0.8995718774228821
0.7725711396909595 0.7830727605004443 0.7957033449824693 0.810241059762419 0.8264578253958738 0.8441145037874344 0.862955048452679 0.8826981142071854 0.9037768473944139 0.9267630294531601 0.9508561735213129 0.974907624889255 0.9972763045140869 1.015755458289371 1.0279396814449775 1.032489426871265 1.030352523412689 1.023795890698135 1.0147834152224973 1.0046702841569717 0.9937243663515807 0.9818141021782557 0.9697879507683053 0.9578434587942913 0.9456860121140186 0.933569470211705 0.9218737171489256 0.9110868208966567 0.9017441849064679 0.8938689349487504 0.8884145404827579 0.8863620798086678 0.8881306000819282 0.8940684622902537 0.9034685128535095 0.9144509811012289 0.9263428950149495 0.9384351551350654 0.9495756076253328 0.9568332253544679 0.9536521159149692 0.9375557229914453 0.9135282063688408
0.7735034550613556 0.7841284486899623 0.7967744027750646 0.8111916377470232 0.8271189368106884 0.844278697843102 0.8623712079688685 0.8812297809986256 0.90190903231096 0.9241063609215481 0.9469385715900249 0.9692207272291803 0.9894031599289685 1.005658196260618 1.0163185723353714 1.0206678151468431 1.0194288187786822 1.0146674611132196 1.0080680208981125 1.000497073666606 0.9923245751435642 0.9835158208283167 0.9745943950815162 0.9661127718179372 0.9573404126214624 0.9480672276490708 0.9386085090231165 0.9294818876499106 0.9213237153752915 0.9143702888158584 0.9089581696177191 0.9063601722304017 0.9075466546811273 0.9127988607393787 0.9210370556950167 0.9307785353282432 0.9415440719892625 0.9532760925948531 0.9659454304838315 0.978391109413428 0.9754776824784154 0.9519589508322361 0.92343923317503
0.7752207575703413 0.7858504289750788 0.7983740656218876 0.8125188156556983 0.8280007508466926 0.8445082205695718 0.8616840165093234 0.8798805198230631 0.8999134616425328 0.9210980626499103 0.9425342146779262 0.9630853167306861 0.9813760893060242 0.9959245040933377 1.0054886721094538 1.0096395397026041 1.009507255673561 1.0064822356723573 1.0018125748707063 0.9963397952144977 0.9904645146703062 0.984233276685668 0.9781747317811526 0.9724638473571979 0.9667961764087968 0.9604842045579363 0.9533412317210983 0.9458538469042441 0.9387448034273991 0.9325781991384113 0.9277665943282838 0.9251170999261347 0.9254706202632081 0.9296542921099892 0.9361516009805393 0.9440077926151896 0.9527908091598233 0.9624701929176604 0.9728576339506353 0.9822519619490738 0.9778090577260213 0.955131599437636 0.9262425121238501
0.778155302033844 0.788693979744289 0.8009784112320404 0.8147030104791078 0.8295472896979229 0.845173387143767 0.8612673951294275 0.8788680957524025 0.8980890877438036 0.9181473172276492 0.9381638093274657 0.957092367736922 0.9737384508869514 0.9868754273518904 0.995611102640436 1.000199523163742 1.001235192802288 0.9996921830273549 0.9966110173051518 0.9928199026167049 0.9888246254035785 0.9847775970823947 0.9810649764608359 0.9779399409123455 0.974748413593118 0.9709530732567578 0.9661145589867717 0.9601558302426313 0.9539088883294935 0.9484104766742343 0.9440135321762718 0.9414998204697896 0.9415514104993613 0.9443477141236915 0.9486413090398746 0.9540607141273855 0.9600730063796273 0.9663391060590865 0.9718746934738537 0.9737809096385245 0.9664688652893135 0.947882457698908 0.921994362892856
0.7823771438204106 0.7927595541167091 0.8047440525175755 0.8179917518737599 0.8321455793507793 0.8468303522694598 0.8619364256822958 0.8786989484705364 0.8968073040443783 0.915577980512364 0.9341778457466804 0.9515712987588039 0.9667178179147983 0.9786601955393366 0.9872498995432857 0.9924680157285686 0.9946667454688347 0.9945303610943846 0.9928644278595133 0.9904255531144068 0.9878303681849698 0.9854749083019335 0.9837191988437478 0.9828292330646162 0.9821201037607699 0.9804512875151802 0.97713817838267 0.972348676440039 0.966770240075567 0.961553056216584 0.9573067089319556 0.9546901941828226 0.954419853908416 0.9560788721185515 0.9583563097135585 0.9610618115206928 0.9638468635022431 0.9661883820929559 0.9668327667723613 0.9635119674483328 0.9535770216462529 0.9363548830861376 0.9133523845145316
0.7878819386778688 0.7980625943181697 0.8097121861088112 0.8224587534135698 0.835908868155228 0.8496507003482282 0.8638920990952257 0.8797229745782082 0.8966118448834844 0.9138976323260856 0.9308559285738791 0.9466826856486125 0.9604039380389151 0.9716982204879303 0.9803671517011323 0.9863237348812847 0.9897674393754259 0.9911083337333269 0.9908660436833022 0.9896066513194971 0.9879460105880375 0.9865607810387864 0.9861493540467904 0.9872018989250233 0.9889778634308924 0.9896283113887248 0.9875547640815687 0.9828988210060076 0.9770485066115695 0.9715258322772197 0.9671466029919935 0.9642469432749281 0.9634288659114165 0.9635033386921485 0.9639450620070289 0.9645068617443313 0.9644808935491146 0.9632595312068192 0.9598281258397092 0.9528142028549846 0.9408960290275942 0.9238715156719632 0.9028084869740673
0.7946647415819754 0.8046146905029422 0.81591676164702 0.8281668168811812 0.8409350689940266 0.8537720754347177 0.8672161456622396 0.8820460993746853 0.8976472766169308 0.9133839046354071 0.9286024833344959 0.9426186171701225 0.9551034964575551 0.9659441108368565 0.9747882610568246 0.9815736786633458 0.9863781091642718 0.9893676006430043 0.9907484025964195 0.9907627993665333 0.9897798079792769 0.9885188518866711 0.9882868851852615 0.9906157029098066 0.9951335076663292 0.9984880694388134 0.997498482199123 0.9924325974143888 0.9854492476856979 0.9785753088340888 0.9732103700551085 0.9697322726977073 0.9678360913779226 0.9662349673240009 0.9648173336582151 0.9633206570211997 0.9609534579043967 0.9571080508726086 0.9509853343020217 0.941673140754124 0.928527723435072 0.9116645410411526 0.8920387357180373
0.80271251216917 0.8124141522944816 0.8233731491865222 0.8351550725209554 0.8472936275078203 0.8593019642957087 0.8719698065625106 0.8857459690740406 0.8999904836487675 0.9140910610808524 0.9274693864284742 0.9396983190535853 0.9509913251813797 0.9612467056287279 0.9702803322890341 0.9779138423911787 0.9841420213240736 0.9889513169648912 0.9922803945636355 0.9940054470810468 0.993999312575728 0.9924191378147915 0.990584904284047 0.9922084669338366 1.000048454357435 1.006969970777271 1.0064964879961569 1.0002549206255427 0.9917686196611644 0.9835016726242399 0.9768925471266904 0.972467961219443 0.9686569952092194 0.9650852556764117 0.9616645696060485 0.9581340677858661 0.953691605485457 0.9477833261136205 0.9398700286935008 0.9293779744080752 0.9159947052914366 0.8999170775673639 0.8818554738631715
0.8119969148693287 0.8214363889457476 0.8320659649325853 0.8434247554882263 0.8550106646940281 0.8663071828326571 0.8781874102560021 0.8908725203558603 0.9036871965773784 0.9160378129037736 0.9274344818136434 0.9380096858607875 0.9480428573176966 0.9575491135125066 0.9665407002710923 0.9749026341475 0.982453349375503 0.9890864039176948 0.9945975722067507 0.9986350962764712 1.000638324052696 0.9998240488431182 0.9956344893269026 0.9914319222343146 1.0033502033511181 1.0151803123889367 1.013809571443202 1.0057738485201817 0.9958261934667435 0.9864476613531457 0.9789089104472718 0.9729004095089135 0.9673851202448642 0.9620481676422722 0.9568117937697764 0.951483338698522 0.9453516094415911 0.9378770160116165 0.9286894015653058 0.9174864881799317 0.9040132167291486 0.888172007321242 0.8706207716747133
