_RESULTS/CROSS_VALIDATION_POSTPROCESSED_80-20/MHZ/GZ/5comp/1/MHZ_GZ_z_355_kriged_reverse_5comp_spherical_1.asc
ncols 100
nrows 74
xllcorner 5.5967023332191781
yllcorner 50.982320383219182
cellsize 0.00019249356164376555
nodata_value 1.7014100000000001E+038
[rows 0 to 19 of 74, columns 44 to 87 of 100]
5.192106974598646 5.0004734941783475 4.851027989588908 4.750980692352311 4.706200621021501 4.721336761374717 4.799789123082075 4.94224236350072 5.143102879619896 5.398041952872429 5.69927301595594 6.033145105316712 6.3766341759677765 6.69253575043056 6.9357291228312485 7.084689131772551 7.145734616601343 7.125618369324818 7.024846977371535 6.890881302913265 6.760168320133643 6.635648257674977 6.51966109657385 6.4142039811936185 6.321062616328124 6.241885666937192 6.17823156724047 6.131600403172721 6.103456208663916 6.0951255718478 6.0951255718478 6.0951255718478 6.0951255718478 6.0951255718478 6.0951255718478 6.0951255718478 6.0951255718478 6.0951255718478 6.0951255718478 6.0951255718478 6.0951255718478 6.0951255718478 6.0951255718478 6.0951255718478
4.853775933910991 4.62616622884658 4.446425939186541 4.321545275882461 4.257360489596538 4.258717122218322 4.329446039825014 4.472169183138186 4.684455602010721 4.961532990314089 5.297144352917456 5.680582485769149 6.093187815294409 6.4948204478352904 6.799919036983631 6.981791035619516 7.082473938134229 7.109573160565712 7.058757359776024 6.931341309556043 6.792976581108564 6.66234558908681 6.54130901709062 6.431563615708093 6.33469803061891 6.252226207363035 6.185686394407356 6.1374808285832305 6.108672233356024 6.099966462945903 6.1012701746342906 6.101730808678468 6.101241467957477 6.099915816817627 6.098082636187472 6.096270650653374 6.095185863909041 6.0951255718478 6.0951255718478 6.0951255718478 6.0951255718478 6.0951255718478 6.0951255718478 6.0951255718478
4.501883528135622 4.241073356090013 4.033027593002094 3.8844071161655274 3.800993698582865 3.7893046518087803 3.8550470117564446 4.000171417245276 4.223050203046654 4.51773974080769 4.879226776565536 5.299328501800174 5.765918671617578 6.261327018598589 6.621105557426198 6.811569807775662 6.9495506561923435 7.023912318382091 7.0260196025999795 6.9457209624868606 6.806157127950672 6.673017990037231 6.549938545846159 6.4384751778806315 6.340572610489441 6.259840436814219 6.196960748413207 6.152233508599896 6.126101220150315 6.119179424882576 6.122115420885314 6.123120544253352 6.122052184996223 6.119042632252217 6.114473232292088 6.108953210347321 6.103288455205451 6.098444969195002 6.095511755669526 6.0951255718478 6.0951255718478 6.0951255718478 6.0951255718478 6.0951255718478
4.152633518446805 3.861671068929604 3.627392822757134 3.4571783351458407 3.360311942661813 3.3410578029387987 3.4029595326143904 3.548573990991221 3.777795191061976 4.084312614640457 4.462170962826876 4.902019222789394 5.388008967427145 5.884666342094166 6.289955135129992 6.5679064639227835 6.769357375065381 6.898125912360505 6.948213016229632 6.914650235829345 6.798468607390412 6.666796368275488 6.544929577683442 6.437390851092041 6.346753286107602 6.273080951572877 6.216490208219777 6.177193062270622 6.155539566897322 6.152057136971837 6.156808726757636 6.158409235778552 6.156707756519651 6.151861225308299 6.144320153446097 6.134798522624878 6.124230160646127 6.11371891064985 6.10448962637916 6.09784531575234 6.095133485655515 6.0951255718478 6.0951255718478 6.0951255718478
3.820658242554795 3.50258273070518 3.247047582777697 3.0624865327336175 2.9531838093684155 2.9243888071986333 2.9810923001307357 3.1264729204249537 3.360537021775354 3.6761674103712623 4.064938649356916 4.514488655148958 5.003863667421469 5.4957381658964275 5.936263790998742 6.292528873023286 6.564057367644461 6.751489630170859 6.851370862798226 6.8604307094290915 6.776833240846762 6.6445855178081406 6.5323872478964695 6.43603451014706 6.3556713724959675 6.291378184320955 6.243235371269663 6.211383053149834 6.1960786466903945 6.197698210261633 6.2044455162501935 6.206706631733649 6.204302708987328 6.197423884437718 6.186613152051083 6.1727225944832735 6.156851327335811 6.1402768307233995 6.124390141337516 6.110641982938922 6.1005030508047975 6.095438564540267 6.0951255718478 6.0951255718478
3.5188937224969337 3.181117788874852 2.910215962913125 2.709459188254792 2.584702527473658 2.5439141410071207 2.594753112222325 2.7412226436768807 2.9820144809316536 3.307922569136565 3.707384594532343 4.165618563600628 4.6607552974887705 5.161363529796705 5.630111953859094 6.036627777711169 6.364160256022376 6.603660721708415 6.749198186602159 6.797482351467919 6.74804734469784 6.624385361670824 6.517205758516931 6.434459543473077 6.366727845338763 6.3140548557508405 6.2765014747756425 6.254132674165181 6.247093959591013 6.255154408471138 6.264140093195077 6.267145973684041 6.2639501631047745 6.254788529609945 6.2403302452863025 6.221612383917745 6.199949783430981 6.176839332312946 6.153874355941564 6.132678082634063 6.114858678900241 6.101983945611757 6.095571710432334 6.0951255718478
3.26323915872175 2.911695665241556 2.624116043021082 2.4039205071152523 2.2590639448410768 2.2023778499122715 2.2471546990135054 2.3987987836886546 2.6520429200733755 2.9929771658344513 3.406467784191395 3.8762521656912665 4.381280960825842 4.8945522279072256 5.385491386435069 5.825663499569655 6.193143314824247 6.472826026931869 6.655305000214591 6.736273753820009 6.721125580033662 6.617019726722366 6.50942168176058 6.43274950158302 6.379733406785287 6.340765003905875 6.315874276083639 6.305024064160647 6.308203678622071 6.323464099271589 6.335007224849902 6.338867902738701 6.33476327562761 6.3229939840143325 6.3044056721294535 6.280287983819675 6.25224046204423 6.222037695443933 6.191517010815074 6.1624988726813985 6.136739564729701 6.115910092600603 6.101593768146108 6.095295781414284
3.065808524780966 2.7016664574532627 2.396752659409495 2.1535407443469516 1.9814192653854972 1.9012059016477674 1.9397771130805572 2.105428111913663 2.3814253885261847 2.744533866710707 3.176404029769885 3.6605980505721565 4.177521238126531 4.703128553075336 5.210343271785154 5.6723283455719775 6.0657170416638 6.372514489237558 6.580869316387444 6.689777926657419 6.703130442405876 6.620657322760339 6.514057553712559 6.437872071805498 6.394771641624214 6.371383639154987 6.361127470238371 6.363815395116558 6.379208408145293 6.4016197642993795 6.416141194501508 6.421003384756147 6.4154131735278845 6.399289902888254 6.374638988291545 6.3437380569075055 6.308838203234784 6.2719629814451645 6.234772640014081 6.198499220041012 6.1646011858703025 6.135710087953379 6.113504023046861 6.099508824832326
2.9329501702871856 2.559146465030612 2.238737947709883 1.9712264681073972 1.7630589117987543 1.6425123380124953 1.6738198411547258 1.8731876955726516 2.186437136913816 2.577952800111046 3.0305360616107495 3.529845649318656 4.05810839137606 4.593270021400585 5.110343524739658 5.583845075569548 5.990470821704058 6.311412274572789 6.535566091009645 6.664885484969981 6.697777573922963 6.633342214742899 6.528873655584151 6.454671488606848 6.414178310074712 6.40587423244545 6.412104059451234 6.430337061365307 6.45990690368737 6.48800695169501 6.502039018638657 6.50162479970232 6.487971447205018 6.463072662676661 6.429528805158874 6.390216222193431 6.347928567945014 6.305094188649137 6.26361327830338 6.224806433678705 6.1894420532921535 6.157807559989115 6.1298068219847455 6.108316897656767
2.8702134277528484 2.492204812199017 2.162908526204519 1.8782520944707979 1.6355861936385545 1.444128946543345 1.4618701115914094 1.7375301465779633 2.094156141994139 2.5116392238261396 2.981976385720076 3.4936246204358103 4.029194227595299 4.567552145146246 5.085233796700416 5.558474417615715 5.965286975211305 6.287483524955389 6.519542199333131 6.659619790997878 6.704299150177205 6.651887769102996 6.551532363746099 6.480621534228982 6.443893852306896 6.444145051823319 6.468573163482566 6.504124261001981 6.541990474086501 6.566146657804563 6.574196363066951 6.566266642578975 6.543607685324927 6.508690792872585 6.464903543745443 6.415983291130148 6.365448732844962 6.316210742318949 6.270400157170522 6.22936222955347 6.193747857465796 6.163645352150944 6.138716338795346 6.1183154729297335
2.8811615301694453 2.506529254757672 2.179682394028386 1.89689308224897 1.6559662961628911 1.4675682285386569 1.4892302144982457 1.7699208634557644 2.135044055086749 2.5618611165930805 3.040032353943755 3.555976897564253 4.091275451672353 4.624289607267883 5.132346255422697 5.5933579335610055 5.987232482904992 6.299092277960806 6.527407600084274 6.666963864368725 6.714306897377879 6.667306180443788 6.57442518936847 6.511556543680223 6.4817789865159385 6.488374674161373 6.528090362800009 6.572409903633371 6.609069214132486 6.6301218940782505 6.6334049798523 6.617915612862513 6.584700998257505 6.537132102114287 6.480330424635951 6.420031736879222 6.360319473296179 6.304349139736486 6.25441639712727 6.211768943096807 6.176804188224127 6.149684899616858 6.130417898651265 6.117386534389732
2.9628966282019618 2.6026361344616333 2.2900929279159494 2.0289023556819603 1.8268849229654907 1.714248956603243 1.7577410085354712 1.9762555150408072 2.3140118032019292 2.7313998341316212 3.206930867764872 3.719884254278493 4.247093215959094 4.764899354534919 5.251307133491696 5.686664329150012 6.05387150037143 6.344057826724557 6.556195917345117 6.684349951716777 6.725063267198637 6.675563029289505 6.590540009494628 6.538013930489867 6.520328311933624 6.536499940904774 6.581567596543951 6.63497375913621 6.674986186138366 6.697318108220589 6.698242881947696 6.675374511586292 6.629446852031965 6.565054059160325 6.489458344236764 6.410505606652092 6.335113923324467 6.2686969835839905 6.214660037670374 6.172556577057898 6.143047904915965 6.124423948506907 6.1146193182722754 6.111469788479402
3.108632940069058 2.7734309011970275 2.4854251359480055 2.2550493408478265 2.095945865983439 2.0321123180500402 2.094111462242214 2.292277266035857 2.6073235780805777 3.012542677796181 3.4820006123292684 3.9869358198272398 4.497237984683871 4.987041517416518 5.436965684750495 5.831783085526855 6.158416064505232 6.415163081879906 6.599733954832293 6.706758742992918 6.732515264741255 6.673747143836444 6.598103621388236 6.557758294922858 6.5561430071684415 6.583766298020202 6.639850336939587 6.700689103445415 6.745707948704098 6.771434606274948 6.771795006165989 6.7415797694168305 6.6805088741343015 6.595431662459713 6.497389399464907 6.397187759484158 6.303271691624179 6.221885999681995 6.159890575149838 6.119300310489747 6.098571833702127 6.090666243632131 6.092398242821308 6.101025101893173
3.311199897313378 3.007134509395149 2.7517319932691633 2.55502020952217 2.4329449583668445 2.4040455595536985 2.4845906655638594 2.6826621530365897 2.9907628314149957 3.392244861028188 3.86020397523374 4.3560096806624475 4.838920308044948 5.283154786740774 5.677827820653419 6.015673506148509 6.289284813646942 6.501527844622664 6.649156765651908 6.727113937741182 6.730604867693928 6.659744292358187 6.597458181237105 6.578895602920352 6.590997650560343 6.631451319824941 6.6926637872794865 6.763634352029876 6.816850586952482 6.848757464708469 6.8519920176095015 6.815327695607043 6.735240268015621 6.62360132556457 6.498600537571086 6.374840822758069 6.262968325892315 6.172590158140904 6.106119605697621 6.063825873837326 6.044963765680544 6.047926268700695 6.063730691191927 6.086381687040231
3.56126184303886 3.2924753067738144 3.0732521723080235 2.9132705070500755 2.8251078206590416 2.823873953922988 2.9235687274333446 3.1305718263425137 3.443683463076619 3.853165583623878 4.332141459985573 4.823875444196393 5.263134799962342 5.635261875465494 5.952720181039513 6.218457854317955 6.428679381637922 6.586557320351286 6.688023418851128 6.72820101083165 6.702238403937455 6.626178177248847 6.587646041323844 6.586056154507459 6.612932087655063 6.661975763998422 6.73090522698667 6.813414831728762 6.880085441996949 6.921858929864719 6.934207846681264 6.894865744267818 6.788265540918166 6.641102473539491 6.48490040516818 6.338128243710813 6.214505803882366 6.11808130214781 6.049730725276905 6.008632947952514 5.992983182538151 6.000562370293394 6.029033584330637 6.068265818704438
3.84642707637263 3.6166261892926466 3.4359356954200906 3.313936539171257 3.2601903077945527 3.284399383085515 3.401336845151209 3.618963966167372 3.9409232773523364 4.364853127639556 4.873283784113417 5.384157546642723 5.742113760262417 6.0041482617319 6.2270120440153045 6.409920198613893 6.547710538438937 6.644994108562299 6.696630240501437 6.696248976189249 6.642263119673266 6.578506121381519 6.5614353767723985 6.573431607287016 6.6080662439108835 6.6644016034759765 6.741455885201929 6.834556567848393 6.915145263042734 6.9732734681949236 7.0036037544162015 6.977403655212395 6.823914563968144 6.632326574537878 6.446339451465927 6.284079845959792 6.152374772352724 6.053497873402372 5.987053622402574 5.950782400829894 5.941735508895582 5.956701805067128 5.992670633682271 6.046778073776269
4.1471646986763195 3.959724807866522 3.820205173893044 3.7376424046663406 3.7181749082450386 3.7711293791908003 3.9031237678734882 4.126058768138652 4.448223680092657 4.871351866955896 5.392451742670244 5.996885833079065 6.170127617570273 6.318532783426886 6.450640743238847 6.554807894407578 6.624245275422344 6.663211837714729 6.665895159362376 6.627828659108621 6.5564459188532025 6.5165213308625916 6.512309781408819 6.53193040219306 6.57450074669233 6.638801447354522 6.723257208656817 6.822957185443343 6.909007118598688 6.970895685389078 7.003958376343709 6.984301670617356 6.793893296929561 6.577362156020583 6.376880825691426 6.206164391777128 6.071152177630212 5.974053545730024 5.913756127577149 5.8866982691971454 5.888363913002365 5.91431684320831 5.96069874709325 6.02438344957231
4.4483735484150895 4.305321160449324 4.20801486882773 4.163009094705695 4.176041979684511 4.253356806751854 4.400713659446893 4.625083841513257 4.931150959848776 5.316184884708613 5.758088507040368 6.1666944470393625 6.39725267518317 6.5161239535353594 6.591895020713001 6.635306074859251 6.646653116077174 6.633127161198706 6.590665311469287 6.522486661680486 6.450897218369131 6.42726957786645 6.432562340946093 6.462074101793215 6.51437950331001 6.587547671160368 6.678982614467742 6.781777749090205 6.864813448832825 6.914388393432544 6.917188238139733 6.846289446152108 6.685687440577012 6.477499045019311 6.27478983792281 6.100469872823154 5.966624410640659 5.877041766691292 5.82911324301312 5.816944479245188 5.834059772464241 5.8747795310221 5.934555169145423 6.009859215318035
4.735346046305571 4.637633359485584 4.5822115759064 4.57235398949625 4.612262744536737 4.707619989903146 4.8627843751429465 5.079386353420241 5.357739661362739 5.683695297841545 6.026608823914679 6.3230274667377255 6.515272093690121 6.613407984580053 6.65135049359863 6.647645876902397 6.609269075217066 6.546570764743782 6.463277580464087 6.368522844426666 6.315561567052189 6.307554381637718 6.325416284957322 6.367377811939763 6.431540864577018 6.5152272334581625 6.614652499017771 6.719534600104415 6.796585203463118 6.830942040233803 6.8087009626294215 6.715368328335533 6.554120245655798 6.353523541662998 6.146425791698169 5.968746748260266 5.839910978475025 5.764304330028452 5.73580621542036 5.74457074650586 5.781695902734745 5.840501768140647 5.91616125895554 6.00504955001581
4.993740971677672 4.941099812016484 4.925170092772077 4.945125106529227 5.006515530029878 5.113953726996862 5.269014461790783 5.468826264029629 5.709459935684682 5.974875161079176 6.23189474326868 6.439886579188771 6.5736239722601075 6.632023057111631 6.630090546527223 6.582450361763552 6.4978374943209625 6.389039354804536 6.271020234506719 6.1840138978799954 6.152704943060233 6.1607958559724185 6.193839799006783 6.251085844206343 6.330229026327062 6.42767024962452 6.5381548532002425 6.646959366743907 6.72092150772952 6.745923435220086 6.709246579730369 6.601759534358348 6.4292178905570205 6.220016460172193 6.0033895138770035 5.816413998033329 5.694405174702299 5.640573121020345 5.639662633903627 5.67510623713866 5.735670619623213 5.814613188627629 5.907623446306452 6.01140879557761
