_RESULTS/CROSS_VALIDATION_POSTPROCESSED_80-20/MHZ/GZ/5comp/1/MHZ_GZ_z_180_kriged_reverse_5comp_spherical_1.asc
ncols 100
nrows 74
xllcorner 5.5967023332191781
yllcorner 50.982320383219182
cellsize 0.00019249356164376555
nodata_value 1.7014100000000001E+038
[rows 38 to 56 of 74, columns 0 to 43 of 100]
44.12467666756608 44.12918039038982 44.17408189119777 44.22402536227074 44.25585438927198 44.26472845323911 44.24785738389214 44.207790632386654 44.17689818483449 44.21908134881351 44.308260214913574 44.41400991118539 44.52911151828622 44.65683337344768 44.804722917265664 44.968892482144504 45.1537653738775 45.37464014270319 45.63183671480828 45.91640728898986 46.21416574335649 46.50810346443518 46.77113209055068 46.851688903514706 46.57951734567286 46.22416975263805 45.84497241778084 45.45652691262237 45.07306537631694 44.71191299080414 44.39457669463648 44.149798943332435 43.983698984597815 43.91565716968447 43.93638554245102 44.02632169002306 44.16550948469006 44.33345712517363 44.49718697029126 44.64361356472354 44.7468037116814 44.80695749728383 44.826767958494685 44.81086882740465
44.199846334564405 44.17538259001166 44.18299085109818 44.206240575516645 44.21619906537818 44.205367187125674 44.16875389689024 44.1022832487466 44.022180573383665 44.09946080304595 44.216206368227716 44.34226092269018 44.482976885137866 44.64357384604835 44.82476962278481 45.01284925202509 45.214895293202936 45.44056334361992 45.688305409406574 45.949183524908285 46.20868122961849 46.44407668034655 46.59694124496846 46.58628304122224 46.38052532322078 46.0632777158646 45.70226918454055 45.330894305520275 44.97212598272775 44.6451333561026 44.3643068114396 44.14144269142941 43.99415918450356 43.93169612925002 43.95015619124304 44.03668370675045 44.1730516625457 44.324886697857586 44.471897733422836 44.603704483348494 44.69416094232723 44.74399554972428 44.756944548841574 44.735738968219735
44.28588407783045 44.23759102706097 44.215646655261516 44.21554165478796 44.21270023128932 44.19266784306602 44.151807491009485 44.08958386966517 44.03254439400751 44.078796543349085 44.183842985108356 44.31302369004764 44.46497842017524 44.64255146968842 44.84011999164258 45.041004833745404 45.25187277372045 45.47536909155204 45.70792357247303 45.9400437743607 46.15484511951829 46.31423564884673 46.38117636961146 46.321004567390425 46.12696969744519 45.837772187162926 45.498836445611914 45.14680766892875 44.81198278907208 44.517502242445545 44.27473690346637 44.0877546422032 43.97593801107493 43.932028919965596 43.95988832873234 44.05095286512304 44.17749624913094 44.313174223658166 44.44681124261006 44.56332671528407 44.63956470033948 44.67888381159076 44.683667029078045 44.65581458227385
44.37580156567062 44.3179172063985 44.27245007519581 44.24980853335717 44.24039762783442 44.2207291656655 44.18823716897451 44.147035274495714 44.11288263771394 44.13455912210339 44.21145240258514 44.32614022765293 44.47278348646497 44.65205813167346 44.850899457276924 45.055813528929704 45.271805393830775 45.49161939537031 45.70789844226812 45.90676210894485 46.06209469966852 46.15263511219833 46.15661437934229 46.05780044258612 45.85623606674929 45.57624424956842 45.24824470144388 44.905997745385704 44.586970485349596 44.323358754063335 44.12363400211306 43.99232493902512 43.927261422093586 43.91827386414972 43.962821901762375 44.05396188555417 44.16995788896394 44.29540313771273 44.42028419427361 44.52164697890028 44.584696948602 44.61309032628049 44.608732199664615 44.573033522340815
44.46108420787853 44.40706999435197 44.3594941776843 44.32311932416467 44.302865904398594 44.28929390282805 44.2692272978182 44.24571485776335 44.22358215882184 44.230754603100905 44.28486007981637 44.37844097124831 44.50806452133466 44.6741502709299 44.858921740355164 45.057578941657916 45.27429381107414 45.49323356252552 45.687181419076275 45.841275700320324 45.942253470143804 45.97619521966413 45.9307781248924 45.798690260050904 45.58258825962663 45.29959490061394 44.96889285606909 44.617705582090665 44.293634438931356 44.05966021304005 43.92561571565281 43.86650684536291 43.8614034338054 43.89325166958316 43.95739693198932 44.048805253127746 44.158558927940724 44.27765780837883 44.39533316105591 44.481648230294866 44.53181850875991 44.54885802170899 44.53446926880436 44.489732555333575
44.54214417452966 44.493160560501195 44.450458390003504 44.419191531822264 44.399672856456874 44.391765171416935 44.38386104191654 44.37428862301956 44.36571228887552 44.36710411140256 44.40646910120476 44.48156769047054 44.59021099305107 44.73191812764733 44.88743475930072 45.05741554300615 45.248782393337514 45.45277792262098 45.62889657965282 45.74820044108775 45.80439755912078 45.79225718995117 45.70723435764344 45.547348467489876 45.31719414842624 45.028373958869096 44.689569531025896 44.31164641431863 43.93031945474855 43.73813364834158 43.716398110584166 43.738214238492134 43.78839429326295 43.861375496907876 43.951770055990465 44.04909794748216 44.15438531410628 44.268598963400954 44.37601774912455 44.44730745315018 44.48433633618926 44.48950354960785 44.46417782502719 44.40910054357062
44.617854586247866 44.57446550406724 44.53740594058163 44.511874945638766 44.498122917619945 44.49642711962687 44.50813734794537 44.521694166605265 44.532360024702946 44.53978683736164 44.569689600482434 44.629981740418806 44.71682630696453 44.825643410970315 44.93650293054118 45.04259501253555 45.15812567084197 45.34640813282803 45.53619144099783 45.63384329754502 45.65267639401422 45.60273843401147 45.487371418393266 45.30709013734414 45.06955384892568 44.78223260828398 44.448383736698915 44.06842079672166 43.6500201965435 43.510714524645806 43.56625820065595 43.64005574523991 43.73054980401902 43.83679780484049 43.95279177594903 44.06406434944644 44.168634555838324 44.27758184328333 44.36788849222093 44.423334968277025 44.44667856153966 44.43942741749403 44.40237576217418 44.33574605292667
44.687175918107386 44.649537202164154 44.618024249507485 44.597992616700026 44.59097662193967 44.59852693021599 44.61870200623625 44.64924593966325 44.679981016951444 44.70212559047748 44.72497120736187 44.771861021042405 44.83905468555004 44.923243106470565 45.00420454512064 45.059743421766235 45.07352105404624 45.20730154202436 45.427592686719194 45.50360239238581 45.48865222704119 45.40550329546477 45.26372056459688 45.07101622253817 44.835598893691 44.561881139524566 44.2545965556806 43.928442375615084 43.64268111514107 43.508587673816756 43.523618857717544 43.60206277452423 43.71011829299177 43.83627277095827 43.96892215419759 44.09153713591631 44.20294761070652 44.30490072395889 44.375730907613345 44.4146556328304 44.42378366605118 44.40377957771414 44.35465370797611 44.27684394154557
44.749209657438996 44.71722656745046 44.69065121625186 44.67783507570237 44.68065967396161 44.696901703442435 44.72396472290465 44.759013454745215 44.798306614768364 44.8343963668434 44.8593668476774 44.89348172966171 44.94594925194958 45.01762796037141 45.088208988437586 45.13744944823762 45.17293324641878 45.250689369872156 45.344795230333304 45.366837932927695 45.31213044163805 45.19634546689979 45.0324110303121 44.83087382111536 44.604070888577795 44.35412152155571 44.0930579825161 43.84464637399199 43.64717707246409 43.54676327466696 43.54886649162701 43.6200323753924 43.731730170097634 43.866739231625054 44.00826223236066 44.138244687200014 44.255449677976195 44.341917196900106 44.39626000762697 44.421379659607716 44.41801499057053 44.38634971193646 44.32674816454536 44.23888808819895
44.803195036125274 44.7766382130556 44.75680102227935 44.753594372088656 44.765219599245256 44.78897009879216 44.82176973112411 44.860305544879914 44.89951647660747 44.93526828233268 44.96608954234408 44.991899846822804 45.034054920897866 45.09448448169388 45.15958578769861 45.20846571591726 45.24260881740091 45.26812135347345 45.27206787943883 45.22725647031545 45.1244525994405 44.971790053587085 44.78423678136314 44.57921219300033 44.36302941022183 44.1480090005395 43.94072551227149 43.756991394760945 43.62263551694593 43.56115823490675 43.57711638822298 43.65559429463915 43.77699178232041 43.922815893934704 44.07312235978993 44.20859509843782 44.31971951197426 44.38943909739017 44.428346026101195 44.44055842568345 44.4261017502751 44.38539305443791 44.31761552993777 44.221142193394414
44.84846685423997 44.82881613345881 44.81834562769543 44.82357994525885 44.84275477311482 44.87277137773245 44.91014859164277 44.95111131512105 44.989289718453605 45.02203752868854 45.050106417649225 45.075231152708845 45.10174249517396 45.14619725793211 45.19989179517681 45.23751449450817 45.25201449200773 45.23700408792256 45.18262516789919 45.07901423581433 44.92472054127666 44.730478224393465 44.51447056615525 44.30000446796908 44.100198741427675 43.92043390426359 43.765395089881295 43.640013048059224 43.55969374343056 43.5383333967716 43.57917068700889 43.674334729635824 43.81088686122413 43.97221978208536 44.14054569722615 44.287825182358944 44.390591863768584 44.44705972079141 44.4720468086098 44.47311081056357 44.45006690673608 44.401954670241444 44.327474749760185 44.22487403135384
44.88489499518278 44.87544525742469 44.873895472100585 44.88627324468204 44.91167456298627 44.946686758538796 44.98748739079462 45.029673717766286 45.06655272848522 45.098673508397795 45.12692575850083 45.15149599926675 45.17198510571973 45.19134053734916 45.22050116544734 45.236717985909486 45.225077124432545 45.1757556844266 45.07913910099858 44.9295643908704 44.72515984045255 44.478857427718424 44.22958165356681 44.009445712451395 43.827120742860174 43.67928975464233 43.56807249013042 43.49757680917515 43.467559418945015 43.486670523186646 43.55758629989977 43.6756570019851 43.83151811641661 44.01041985530595 44.19237346221427 44.33950015419428 44.445587818657664 44.50741655633414 44.52721712098487 44.519608694083814 44.489178067764584 44.434882912519825 44.35544086526843 44.24925908511349
44.9141435711637 44.914793301879676 44.92203652873849 44.940208794232774 44.9704779835847 45.009198097117554 45.052512935052064 45.09659133569744 45.13531546574691 45.16848634095296 45.196586731629374 45.21970461153796 45.23731898592463 45.24799057881765 45.25027644258081 45.24211282626537 45.203429832525835 45.12392237926661 44.993958426434354 44.79781584196203 44.53390431107446 44.22809632126325 43.93678999640159 43.721523039409185 43.56966525954571 43.45594590827577 43.37931152102807 43.34874186846057 43.36097049653218 43.41732739822196 43.5194702760599 43.66385621156036 43.84194567546536 44.03233713940169 44.21398177050284 44.365370459951734 44.47926747117491 44.551719264179546 44.582495351265294 44.57696886023111 44.540479541049415 44.48137752376299 44.3985364799772 44.29270938819693
44.93480662318914 44.944859778027265 44.96091001609189 44.98419869716147 45.01868945295417 45.06139508042777 45.10863411697905 45.15580359035051 45.19663890279065 45.23092843374095 45.25892533578637 45.280451603660055 45.294623327143555 45.299495827008926 45.29166934293644 45.264471512521645 45.20061629731125 45.09477131760454 44.92673669619731 44.68495212185724 44.3741124939668 44.00285695339857 43.636820775722036 43.468119476300224 43.361989379831876 43.277860821799784 43.2262558714296 43.22133378047348 43.26691554129202 43.35447909022731 43.48484462833777 43.65332388497591 43.83824031651544 44.02675961123295 44.2106730681013 44.36977417778264 44.49361247666146 44.578046950512565 44.6221443783938 44.629967155830016 44.59983579154205 44.53728842723119 44.45224674161171 44.35253793707401
44.94827361956678 44.96712169298731 44.9917171405867 45.02134376099451 45.05972881386786 45.10599864227457 45.15646688929968 45.20644839092539 45.24949081785434 45.28515380601477 45.313429793592405 45.33381937808487 45.345007609427526 45.344497573905706 45.32833303583985 45.291062222067595 45.22017681517691 45.08869972080244 44.88425657933169 44.61421112484209 44.28143834294598 43.89256100171979 43.50724442163365 43.34725361447248 43.24568116660479 43.1665676902374 43.123062469360654 43.13009027094626 43.19531977389414 43.30533510700123 43.44914155903466 43.619468250560836 43.80378065029183 43.993889331049616 44.18196466603387 44.352092497459395 44.4882819787414 44.58627521545793 44.64491180551383 44.667965712759674 44.65342903022453 44.59755760094731 44.51358981103448 44.42454496118449
44.95628266184374 44.98228697420337 45.01456324442283 45.05129873271487 45.09286869927547 45.141731338885585 45.19465221092581 45.2471369195356 45.29248753303352 45.329858786265774 45.359007391674815 45.37912577240611 45.388455434978574 45.383912904918525 45.36102481880713 45.31434223671253 45.2334853124393 45.0865365326206 44.87026383610971 44.59274441165936 44.26606514642738 43.91446016273096 43.59538552766939 43.37238651245357 43.22457597500424 43.123574721039795 43.06900274524617 43.069185945223815 43.129051046725316 43.236615726784244 43.38060582756514 43.55093207402717 43.73790781659316 43.93323014640327 44.12819163253652 44.31146163320965 44.462773394388364 44.576126259569236 44.6501647467776 44.68973503233364 44.69155442415317 44.65258054215832 44.58175207444655 44.50428253219093
44.96278001376658 44.991876103745156 45.02845313306549 45.070796792657625 45.116859137774114 45.16727628079522 45.22176077093446 45.27622305085377 45.32385180616376 45.363182711272735 45.393823336297025 45.41474661159098 45.42375655483184 45.41699286013306 45.389782423941014 45.337548554780135 45.236223480474536 45.07727925459098 44.85770977069815 44.58557087921049 44.27732427642701 43.95817721713469 43.663032254335135 43.420245272800315 43.233309664574854 43.0965184998098 43.0121212389611 42.98817658768644 43.03032189705734 43.131145086654314 43.273104032283285 43.44537183536499 43.63912003066373 43.84405350212944 44.04983925121743 44.24684249035078 44.416485019576 44.547109161214934 44.637681191007914 44.693732160704485 44.71259009423035 44.69703127022777 44.652134580692874 44.58707326800057
44.96802398463823 44.9993857616529 45.03823647337934 45.08285616206148 45.131511177279855 45.18258003811575 45.236900353482525 45.29213941514591 45.341647346576394 45.38293151435628 45.41565430118091 45.43898402791564 45.45073768195132 45.446109545747234 45.41871777047602 45.35650015737633 45.23504364509684 45.059857485317586 44.83891498507604 44.57489102391487 44.281638295247355 43.979895573420194 43.69208231952214 43.43552617076723 43.21850171608717 43.04594608505149 42.926534001192294 42.87222535432995 42.89188809517719 42.98131956412722 43.12027827725576 43.299161080423694 43.50556975008604 43.72585842485327 43.94728052115788 44.15886644989496 44.34881401949077 44.49874933914019 44.60731926103129 44.67964926913407 44.71986587672973 44.73222796198857 44.71484442723956 44.66816272111981
44.97150302571308 45.00428931490421 45.04457230249389 45.09063036247435 45.140730994850614 45.19313908727131 45.24626618071037 45.30027124077319 45.35072828409048 45.393686696891194 45.428949804583816 45.45606942010838 45.473361432808275 45.473845901784685 45.445543572118744 45.366141126539574 45.227633055523256 45.039319020511904 44.81046089414466 44.55149081929415 44.26907179662741 43.975773795653424 43.68722036141285 43.41581845689117 43.17061678864318 42.96116220919333 42.801635527552364 42.710120366706086 42.70122946304914 42.774507244137425 42.91503619081751 43.10842290640564 43.33605903572457 43.579201325067785 43.82196356741243 44.05189203120089 44.25934614724494 44.43064812827485 44.55896832535412 44.65348930942052 44.71965200615461 44.757297467119656 44.76556979510624 44.74285950995171
