_RESULTS/CROSS_VALIDATION_POSTPROCESSED_CLR/MHZ/IZ/8comp/4/MHZ_IZ_z_63_kriged_reverse_8comp_spherical_4.asc
ncols 100
nrows 81
xllcorner 5.5967107548124995
yllcorner 50.982328804812504
cellsize 0.00017565037499993607
nodata_value 1.7014100000000001E+038
[rows 57 to 75 of 81, columns 0 to 41 of 100]
-0.14672791538833313 -0.20377456593896925 -0.26762118136965485 -0.3314167461888533 -0.37324371877495127 -0.36902839884128863 -0.3154490547116678 -0.2183780623185543 -0.10382648974924913 -0.002600793191475048 0.07918032621014781 0.1363764635642694 0.16395271047816345 0.15678826212749625 0.11002460867909786 0.019777800769347542 -0.11617753842638562 -0.30334214488758965 -0.53981632749991 -0.8128227586276842 -1.111211100596037 -1.4211720223087958 -1.7412898433187756 -2.0719574420908704 -2.3498998314194135 -2.248248054657509 -1.9613531111887765 -1.6551712225987394 -1.3457045204760154 -1.0386149312068682 -0.7326809581666511 -0.4132224753544434 -0.07865920019554473 0.2776568474727145 0.6478494465968736 0.9958219016430159 1.287678435260122 1.5031879910691472 1.6564629691809003 1.7503755279701285 1.7966303942216157 1.7984237052314733
-0.22084069825838937 -0.26231902090204934 -0.30528744388046947 -0.3447488922542954 -0.37189847061884823 -0.3630954598163051 -0.31264862457550674 -0.22414252034746623 -0.11790331137552595 -0.024291338286437147 0.05086936133648695 0.10223017942995877 0.12414142926836552 0.11063094913089877 0.05610651327677718 -0.04323673338084266 -0.18919269820969276 -0.39172866194161343 -0.6427695180908872 -0.9193515552723455 -1.2088585860955718 -1.4897815302855697 -1.77202428841427 -2.030797333096182 -2.194311180015071 -2.1712503218555077 -2.0010578206422793 -1.7733471515319257 -1.528982707693969 -1.281728023827575 -1.0366456735051315 -0.7616269044844841 -0.4593830814937566 -0.1374831842628961 0.1861268433565249 0.4894335312153785 0.7593939226123136 0.989366858420935 1.1852755448699237 1.3384286714425262 1.442225091939348 1.4975507471149023
-0.27881549172459624 -0.3081530823768241 -0.33473979412421234 -0.35485750674131433 -0.3644521612548183 -0.353902780299519 -0.30696565838224854 -0.22555417127867863 -0.12446789660338126 -0.03485341683415921 0.037504577030270436 0.08763905343893613 0.10963183618174349 0.09639629860113308 0.04060157818280702 -0.06241748053549584 -0.2185202423775119 -0.4281900269502385 -0.6752848008025207 -0.9482621912741578 -1.2269939752580836 -1.4900878778130697 -1.7445288865642075 -1.9579773564017504 -2.0881556711699685 -2.1024081173199747 -2.0129309248943894 -1.8600870132999638 -1.6769045806514422 -1.4823592729676798 -1.2840504906469543 -1.0653612986190224 -0.8060339391282116 -0.5328615343561007 -0.2650717973409956 -0.007354523658114787 0.23756299836756872 0.4693172351505756 0.6899420612392579 0.8942296787399138 1.056803536002034 1.1714381783758985
-0.32259938759596124 -0.341425833274748 -0.35523516592997717 -0.3613110478033947 -0.3566396939005838 -0.33858839429655785 -0.29666060903517083 -0.22230517606440142 -0.12499882442529048 -0.03628565346240331 0.036804230383662595 0.09024342051332002 0.11858314324440461 0.11373269965165705 0.06477770413742961 -0.039651931620080016 -0.20606345432710155 -0.41627263404464715 -0.6542372265311875 -0.9118751564836118 -1.1756503994133085 -1.4254173682044393 -1.6567629546576643 -1.8447241208267082 -1.965754703991883 -2.005432353713932 -1.9690911781428848 -1.8772488964428093 -1.7525489285189657 -1.612551082315627 -1.4626202544300733 -1.2972097016250157 -1.1048499458964274 -0.8971914694350198 -0.6923440331424273 -0.4867998472476192 -0.2745417337442955 -0.05012624204184968 0.18726115642462499 0.43171391991012925 0.654518267041889 0.8327066885586796
-0.35406593899231464 -0.3640578784692036 -0.3674542225983473 -0.36227113872235545 -0.3463864621138576 -0.31794743010725285 -0.27569380091327866 -0.209908840272502 -0.11774691157254003 -0.028090031669980364 0.04822906122211268 0.10867804127163411 0.14943750419121565 0.16287715834324562 0.1296777015121125 0.019130989163229806 -0.158792085925524 -0.3688662834506515 -0.596212847616642 -0.8328648890504817 -1.0712045826191758 -1.3114600519784279 -1.526999666222642 -1.7017381744521565 -1.8221156884568273 -1.881035031277491 -1.8818221172672591 -1.8367165488214903 -1.761572475844311 -1.6713164305414583 -1.5669256864704528 -1.4491544314139264 -1.3376284221640766 -1.2176351612593699 -1.085061284286977 -0.9429729781753102 -0.7746596526872295 -0.5654143047502855 -0.313996791915284 -0.03496088401966713 0.24706380943211786 0.49306085906959135
-0.37441987419045064 -0.37720288568393473 -0.3722629450282583 -0.3581522996627986 -0.3333507305149108 -0.2965179286175415 -0.24671430236179048 -0.18351273620001685 -0.09980363542467074 -0.008525169185567949 0.07144661498430288 0.13908830481511597 0.19318501022648654 0.2296503682323207 0.2247400514575652 0.10067995307823296 -0.09420899937101374 -0.3024217614396701 -0.5161130926449711 -0.7302267351306537 -0.9405655932794976 -1.1593126294698712 -1.3626372349058224 -1.5303851244276745 -1.6527626698766538 -1.7261449558869408 -1.7532029119602297 -1.7424279293030314 -1.705857471014912 -1.6559803547669776 -1.5922008793085434 -1.5307668970154837 -1.4849715318036296 -1.4620233970029606 -1.4291885549355101 -1.3680544744466492 -1.2609180424554411 -1.074595788554021 -0.8052796995776779 -0.4854368009028035 -0.15272726692327324 0.16432939367059302
-0.3843276096527721 -0.38142434488770993 -0.36998348984512597 -0.3489621487499053 -0.31727600206803613 -0.2739626712707347 -0.21832175848895533 -0.14999479778209474 -0.06897002182019502 0.021408406678509462 0.10369096123820071 0.17533606155034315 0.23358080020130217 0.27102586673116386 0.27608033463733145 0.1489758623211585 -0.039505875870235796 -0.2332033157535406 -0.42681710168566056 -0.6159953314649462 -0.7973667042645494 -0.98723216926795 -1.1713834960850602 -1.329639256326335 -1.4537586677945924 -1.5372112501348425 -1.58203648607688 -1.5947311727003994 -1.5851248351699732 -1.5663435764987512 -1.5463499953985596 -1.5371202207378778 -1.5518526433511 -1.6019361808095591 -1.6790635201799475 -1.7392761087088708 -1.7295780393106308 -1.5756475303582886 -1.2706949569693449 -0.8976340047264129 -0.5192097655964771 -0.1526291122633287
-0.3840235864131528 -0.37683401211271395 -0.3605192057830065 -0.33435556837267005 -0.29759844626324583 -0.24959546797801566 -0.18988623388081846 -0.1182706298081746 -0.03484232024467815 0.059544823415785986 0.14479082442788255 0.21183149703756216 0.25811097955219925 0.27637603462289034 0.24758204207381512 0.14559053164041463 -0.0037769652346903437 -0.16883328468668085 -0.33604178849018534 -0.49762234397659466 -0.6467130438188284 -0.8051352985031579 -0.9671240358428561 -1.1106790796258947 -1.2265447484130543 -1.3119010654679284 -1.3668457723913456 -1.3936208549028768 -1.4057930485247814 -1.4176240514843181 -1.4305910353965043 -1.460807675711121 -1.5264413380883741 -1.6402860116872622 -1.7971030035290554 -1.9826247173609892 -2.1399421967085317 -2.052999197687273 -1.6671370030725408 -1.2423406586198853 -0.8380020464394956 -0.4435340421077462
-0.3733920346596296 -0.3631840951858433 -0.34343088346656114 -0.31367053974346276 -0.2734381576183119 -0.2223515926900075 -0.16019253943049402 -0.08697658493481636 -0.0030357923177889434 0.0884909686187893 0.17783566748829455 0.24173792011145118 0.27597877281362077 0.2775542863944051 0.23689337497027524 0.14792527708094166 0.028365562840286185 -0.10679563052723096 -0.24583926651546179 -0.3755295116562033 -0.49183230011557866 -0.6185569719695576 -0.7517462684940799 -0.8798683193531869 -0.9851809756704646 -1.0642789293216854 -1.120760219403485 -1.1600906464120346 -1.1894305955805933 -1.2176979623805197 -1.2462346424898554 -1.297485882733835 -1.4003180819308325 -1.5653917585519133 -1.777279895825326 -2.021451923844255 -2.2828098634675147 -2.2785555232551724 -1.8767886708437518 -1.4740307294301758 -1.0817238824573487 -0.6895820105954972
-0.3520314717626257 -0.33993569063714824 -0.3179958123632846 -0.28596936245559623 -0.24362753740985726 -0.19082531960418952 -0.12829555346577687 -0.057769075016699145 0.01911386881280558 0.10017529901258249 0.18253524960019235 0.24905360936395932 0.2839892276181219 0.28360673677970266 0.24349694980172126 0.16596057642294032 0.06764495670401571 -0.0423135981842086 -0.15166657520436289 -0.24963080951454203 -0.33406258013376894 -0.42913509608789446 -0.5327535422722915 -0.6391518615148539 -0.7382513350982045 -0.8188236425142542 -0.881421281504287 -0.9286053885266885 -0.9648658533272481 -0.995826055733321 -1.019390318312069 -1.0639248026233112 -1.1912953431710622 -1.4016527580515075 -1.6423823502748887 -1.8794320310410308 -2.0578702203197223 -2.0513581861604306 -1.8372386304413175 -1.540249997426483 -1.2046139970150378 -0.8523704004066195
-0.3218907452252256 -0.3087144274959516 -0.28607463688443135 -0.2540533979378092 -0.21295977399608226 -0.16337915888418184 -0.10622227402079215 -0.042776271693469925 0.025234678060658877 0.09556674179044433 0.16533861710452774 0.22989652801348864 0.26870666998405696 0.27343906391516143 0.2424401933341243 0.18067244525781528 0.10354684398016967 0.02065181060920135 -0.059156514388813364 -0.12887667966831662 -0.18534257994059142 -0.25295362904590024 -0.33293252193212636 -0.41946353379659135 -0.5078503317302872 -0.589630157837266 -0.6564845408057804 -0.709513001959131 -0.750877334200458 -0.7827734258020487 -0.7948585180689546 -0.7935255692697578 -0.9431092364840052 -1.2041059665205696 -1.4521020282305606 -1.6631331506906866 -1.797862948739638 -1.8083245565424695 -1.6901595568087562 -1.4764724028008458 -1.208193271806933 -0.9129171660540303
-0.29873886421571305 -0.2851519537372684 -0.26310830145307845 -0.2328284422063368 -0.1947495747417464 -0.14956809575146365 -0.0982829677333879 -0.04224114399142748 0.016812253656932452 0.0766770057235785 0.1346395230009803 0.1874408098162335 0.22932143104644914 0.24193770973853707 0.22167190417006682 0.1748340478732387 0.11996268052743136 0.0627913385705155 0.008808438878928737 -0.03638166919515934 -0.0685357649720979 -0.10974196139904863 -0.1664185614457717 -0.23309779853834253 -0.3052582662577576 -0.3793684634948744 -0.4499043994757057 -0.50944319314492 -0.559093205216404 -0.6010994600186854 -0.6284352022509431 -0.6556427158768345 -0.8009707207640595 -1.0382736310774436 -1.2646913736806942 -1.4497978627662604 -1.567743095725927 -1.59772430183787 -1.5271200536490903 -1.3691669395749693 -1.1527604464883578 -0.9020442677528429
-0.2856060077950194 -0.27234730313320343 -0.25160370517268776 -0.22370716336963772 -0.18919393714661778 -0.14884007010002573 -0.10369690676326393 -0.055126198400304305 -0.004833742054785983 0.045102499064408996 0.09222156001849957 0.1337120295987106 0.1665319053387035 0.18596995621495355 0.17955209298972524 0.15135859946468594 0.11735243194789341 0.08226507963487334 0.050380274478009135 0.026168967843452684 0.013888368953164865 -0.0017004948724994584 -0.03558613234565722 -0.08268847350752834 -0.13874574144867297 -0.2003773198581694 -0.26513474125264586 -0.33097399487752277 -0.39260215300046075 -0.4527266083582874 -0.5141546955001058 -0.5928003934331934 -0.7296839460289766 -0.915718966160203 -1.1058161598409586 -1.2668162979404392 -1.3771298484861132 -1.4133908576863718 -1.3665429589420954 -1.2475347898622613 -1.0741989962226288 -0.8649240406964173
-0.2826718974062348 -0.2703553222492412 -0.25147760038299316 -0.22645675769425366 -0.1959004547268207 -0.16063417720815937 -0.12172797071894714 -0.0805200229320795 -0.03863406574524675 0.0020153841082705126 0.03924108978996821 0.07086740733952479 0.09583624243628591 0.11266258151076297 0.1196320433982424 0.10939448338064767 0.09374812762576196 0.07768932547030827 0.06463030614821952 0.05814156717916258 0.06165513459543848 0.06908618209087164 0.057420964585545575 0.029542312089939682 -0.010609327796445023 -0.059920344317866414 -0.11622126087882256 -0.17849644078247748 -0.2473368827301658 -0.32480329800561913 -0.41291962583411623 -0.5179384199798371 -0.6527705506404198 -0.812141028251498 -0.9746531725326499 -1.1172864824045927 -1.2124226613635039 -1.2449581477951737 -1.2123943633396737 -1.120602006626702 -0.9809313694427295 -0.8068306303325181
-0.2865051984899049 -0.2776130761627021 -0.2620296644566662 -0.2406521985740732 -0.21443583578012143 -0.1844054931484584 -0.15166845272712667 -0.1174260404595055 -0.08298101083472414 -0.049734790460773226 -0.019165751427662858 0.007222468802135895 0.02799197300222761 0.04190099897288291 0.04805534304735215 0.046968932744882785 0.047342435725902854 0.04771102160462132 0.05064914124602077 0.05900760668497429 0.07551686028505838 0.10054783382413945 0.11059473818541449 0.10165783628543462 0.07734926674343284 0.0405066590108184 -0.006947205029911918 -0.06421485923783826 -0.1319550824314184 -0.21271329383336304 -0.3135409969528654 -0.43388605950553155 -0.5700498689367308 -0.7176226359559048 -0.8621481989624227 -0.9803954338926204 -1.0580206035399862 -1.08627883379894 -1.0625629172895414 -0.9900259588716558 -0.8760646452961285 -0.7303828961352785
-0.28828141292539433 -0.28428161060748103 -0.2737491718945184 -0.25758395549434165 -0.23673659267508879 -0.21221605849946482 -0.18509631794444703 -0.1565201545536022 -0.1276971159973651 -0.09989111916189614 -0.07439210854066947 -0.05246626110178676 -0.035282076643537386 -0.02381650424913545 -0.018755264743375855 -0.020361076581727255 -0.01925728929619208 -0.008868357292407036 0.007638695459889322 0.028366609573789503 0.05545379808959949 0.09075062081857155 0.12196005875647326 0.13183178105725396 0.12351569960000913 0.09963619348164948 0.06199818672372992 0.011447940525138256 -0.0522643688244091 -0.13120790499999266 -0.23337844294383095 -0.35763144332719543 -0.4912809070120459 -0.6237995707100019 -0.7446098293243276 -0.8422303951771204 -0.9066356383615044 -0.9312569532697688 -0.9138866152408427 -0.8566075975005308 -0.7649782856240783 -0.6468548155288384
-0.2882947599094271 -0.28789848142247654 -0.2825630591476915 -0.27170460873235824 -0.2562578562690155 -0.23720350620894118 -0.21557012826916605 -0.19243239416016883 -0.16890324610698776 -0.14611696059604323 -0.12519991202220115 -0.10722673689637308 -0.09316217909884261 -0.08379332818472446 -0.07966226393297404 -0.08101288898032899 -0.08324698827479915 -0.07586301708235604 -0.05898098574769883 -0.0330342555846555 0.0015746052277227918 0.04322567136236055 0.08948000238737419 0.11818467796798732 0.1261953596575417 0.11600585355639897 0.08942565344438713 0.04752017319520513 -0.009457979837142028 -0.08598525053878286 -0.18304525210470962 -0.29833244086957306 -0.4179092491115922 -0.5319964077500539 -0.6336749880588364 -0.7151681791749203 -0.7695473515626329 -0.7920983158464014 -0.7810612662142042 -0.7377264523345448 -0.6660147708237794 -0.5717575576897723
-0.2882947599094271 -0.2882947599094271 -0.287532860839596 -0.2820234133104607 -0.2719603851000268 -0.25828800677189967 -0.24198277688668085 -0.22404807950592978 -0.2055032833890438 -0.18736543005601278 -0.17062189697957433 -0.15619343782507336 -0.14488895492304485 -0.13735609719234837 -0.13403455780671847 -0.13512049844403465 -0.1395195636076501 -0.1362399713132454 -0.12295156530685847 -0.10028860384294713 -0.06882759630596197 -0.029158707641892323 0.018042267297903536 0.06301541766284063 0.08706358936411884 0.09164104151501368 0.0787381996097814 0.05017159251636527 0.004678082706815856 -0.059787382239973985 -0.14190762203700666 -0.2394336404786807 -0.346045076199454 -0.4463680869460529 -0.5342693255160451 -0.6043653837118445 -0.6518538197353027 -0.6734112800209222 -0.6677466379531489 -0.6357484292441262 -0.5802786238742037 -0.5057286976413569
-0.2882947599094271 -0.2882947599094271 -0.2882947599094271 -0.28758546249771083 -0.2828561835358249 -0.27445747677840887 -0.2633110734579903 -0.2503500112655197 -0.23650648387689424 -0.22269393819672315 -0.20978275722357906 -0.19856974730183433 -0.18974301544069985 -0.18384547376092186 -0.18124166033100544 -0.18209315611428983 -0.18634707340559173 -0.18801712462455036 -0.1792760813268025 -0.16084498392079316 -0.13346286189746914 -0.09787797782119911 -0.0549055814301439 -0.005575485542018976 0.034147186923797423 0.054590748243806275 0.057838144470921116 0.04349640173395547 0.01015496802882454 -0.04081896308957894 -0.10761177819626438 -0.18767604342923988 -0.2774872805675987 -0.3674101072320101 -0.44539764584395847 -0.5075729893433412 -0.5505906184463016 -0.5721391848231978 -0.5713371775001866 -0.548876083819939 -0.5069240835002433 -0.4488501954803821
