_RESULTS/CROSS_VALIDATION_POSTPROCESSED_CLR/MHZ/IZ/8comp/4/MHZ_IZ_z_710_kriged_reverse_8comp_spherical_4.asc
ncols 100
nrows 81
xllcorner 5.5967107548124995
yllcorner 50.982328804812504
cellsize 0.00017565037499993607
nodata_value 1.7014100000000001E+038
[rows 0 to 18 of 81, columns 0 to 42 of 100]
-4.61703780862714 -4.332003944245505 -4.107822104190594 -3.9612029401054674 -3.8879002744776225 -3.8561336344674686 -3.8790879413751562 -3.949192481614661 -4.039965268096836 -4.121438842359911 -4.191791999160921 -4.23373820246775 -4.228771676846209 -4.164729552945058 -4.0302841417400606 -3.81764062682688 -3.5222960934589866 -3.142492110074317 -2.6783845439197753 -2.131127557278436 -1.5021293778357814 -1.742814992556399 -2.41996962117717 -3.032820478911 -3.6024606939477923 -4.12828002294998 -4.6124608292547435 -5.05972286137319 -5.476547759335239 -5.870237228753065 -6.22747181563282 -6.528643902643392 -6.775749110876999 -6.969850467534636 -7.110136721610958 -7.197917226500994 -7.234183363395432 -7.219126413716441 -7.163262036109117 -7.1322811449676715 -7.132256069345358 -7.135017009928994 -7.154409657043366
-4.364564475670541 -4.054731866462939 -3.800749216286622 -3.6214400967903178 -3.52394689141148 -3.495220686256983 -3.5656984794409805 -3.721043644245367 -3.9122692034129116 -4.1037349442118565 -4.285805286190065 -4.431428151913507 -4.518771762056518 -4.53037997146011 -4.458828412916936 -4.3008926123150175 -4.054999838959821 -3.725085792044948 -3.323149638959737 -2.883557580837209 -2.5438628979990776 -2.6705382535185187 -3.1512242838505244 -3.6744264610362274 -4.182362616745397 -4.65266915737268 -5.080816407599768 -5.470190873953971 -5.827984032673946 -6.162731389503117 -6.478431549338875 -6.742257908957082 -6.948604355395711 -7.101505251410511 -7.203915947465934 -7.257792277228431 -7.2641627067324634 -7.223187589256839 -7.1465831832763715 -7.099692671413672 -7.094107536488375 -7.1154310675963695 -7.17639337656471
-4.145229994521559 -3.812315715105918 -3.5261144539000973 -3.302214585586833 -3.157775246825259 -3.1115250976260818 -3.245315695350127 -3.5230706289633194 -3.842655978856449 -4.165154601528542 -4.467849061691515 -4.7251345218924605 -4.916403263773235 -5.024378841959546 -5.0360660995094495 -4.947820737020454 -4.771401749824434 -4.521517879740529 -4.22728004043007 -3.946906096872907 -3.7910100589564424 -3.878811812762967 -4.176220411934379 -4.554429980222901 -4.954298033405984 -5.333806189025926 -5.6778006214555665 -5.986353480071106 -6.266569431438507 -6.522811651236096 -6.759583009611472 -6.963510715271075 -7.115197599688575 -7.2186541178409485 -7.276745763323532 -7.291307496414828 -7.26322795341529 -7.192503533034247 -7.0949467572336635 -7.034183354367056 -7.02097410389642 -7.076878373957767 -7.1791112091129365
-3.97328984804635 -3.6262611782575287 -3.3168503780504612 -3.050779960603151 -2.8354209670445014 -2.70703530490284 -2.942860958760323 -3.402593071442382 -3.8694521982556163 -4.322894356781411 -4.744658742869003 -5.115012477287601 -5.414652627283013 -5.625301827647396 -5.732880808385687 -5.731992925945887 -5.631748163001748 -5.465491719277444 -5.273040095209692 -5.109642162664009 -5.042646849472933 -5.118508733744278 -5.317497539764734 -5.5764567512892445 -5.862980714990948 -6.135296624209152 -6.37546946256955 -6.583396778679785 -6.757644860781645 -6.9085347849822245 -7.048591202150528 -7.178860183092392 -7.267956374107264 -7.315435721685894 -7.323759327515271 -7.29443091647033 -7.228059582507515 -7.12437909000851 -7.007461031224172 -6.935256856396904 -6.929398867074655 -7.0169819808378975 -7.159900202664993
-3.859217449301664 -3.514406666750207 -3.2064666622459312 -2.9362379258805795 -2.7002732811651278 -2.451249134950179 -2.8454995181139306 -3.456771815548481 -4.03121370960816 -4.588182640276814 -5.114640954136747 -5.592838969255741 -6.001671502555833 -6.318225157724948 -6.523059183337857 -6.6088805262359775 -6.5870648421249145 -6.489337418694319 -6.370640398257386 -6.280531203992121 -6.262016047764756 -6.335714196038471 -6.48354567551439 -6.662541120221742 -6.852435287864537 -7.014895522193411 -7.135730954662377 -7.211810906909144 -7.259781547320629 -7.29595870832984 -7.332712043247087 -7.377154531762974 -7.397867647896364 -7.384537933599392 -7.338987670724964 -7.262265542395662 -7.15463981185095 -7.01554639456673 -6.883549356396522 -6.804647216046512 -6.817674741677913 -6.933501904168673 -7.1162127953897905
-3.805467268471999 -3.481363685487937 -3.2054995502264583 -2.987849518171103 -2.8555666741028034 -2.867983659141691 -3.1906561331693357 -3.7327433822492946 -4.33184404900048 -4.95086307217171 -5.560838221274961 -6.138161838371596 -6.656079475898223 -7.082041356767165 -7.383154930067427 -7.543547556273086 -7.579690259108162 -7.5329773046742075 -7.455970709397574 -7.405636646235617 -7.413903153648534 -7.491261400848481 -7.619177007601946 -7.757903628449103 -7.877336290298452 -7.928206352604597 -7.900581932035718 -7.8289113574337 -7.743083339138452 -7.66072477686444 -7.5924210396894205 -7.545414819624869 -7.4947017841364225 -7.417801041463723 -7.315831567692478 -7.189412058796555 -7.0385295836123625 -6.864974595970075 -6.7230613123530745 -6.648286749323937 -6.682001242115667 -6.823899669333118 -7.037308035790973
-3.8050785723369693 -3.5147725455708185 -3.28991397895127 -3.150127034029917 -3.1333723301143417 -3.2893694887010287 -3.629302731440092 -4.124521539698593 -4.719088912127242 -5.37294201421675 -6.04795725026069 -6.7153605978300615 -7.343771201055035 -7.888425292590364 -8.288644330727164 -8.503481712470087 -8.561684322054123 -8.53252266663959 -8.474709716860158 -8.438127240215357 -8.45744463987606 -8.539808016546623 -8.670576411584005 -8.814840331570021 -8.90185389729112 -8.817216526484806 -8.6179158756024 -8.391212395836819 -8.173031746867107 -7.976404651866721 -7.8074967367745645 -7.670637570492359 -7.548063845557728 -7.407011180326853 -7.247652387699468 -7.070404845410573 -6.875189685895957 -6.674797187546607 -6.526386531550967 -6.464059321819807 -6.515755709113623 -6.669709764199736 -6.9034890281954295
-3.844509412041149 -3.5919917099122265 -3.420164060002521 -3.3511790332704012 -3.41671653779321 -3.6514757630317094 -4.029971517921403 -4.523834199423961 -5.122134509321877 -5.8012156252498865 -6.527053407647256 -7.2728374504622595 -8.010803044588403 -8.693966811553006 -9.215200162964669 -9.45016532141697 -9.475693065996994 -9.427597375058976 -9.370009586455005 -9.333002075202192 -9.34869627620682 -9.426981068209791 -9.562568935014202 -9.754012434490999 -9.888371791424689 -9.60502769002821 -9.214359577085133 -8.84677759458123 -8.514025293661966 -8.21789872467648 -7.959587723086892 -7.741036272139925 -7.548653767455775 -7.344802807372906 -7.1284210317321115 -6.9001767311520315 -6.660317087932066 -6.445763562047033 -6.295430501754278 -6.243443062354761 -6.300220822369962 -6.464232504960511 -6.715748021105361
-3.908442929836568 -3.689891156917886 -3.562429799789696 -3.546675684011445 -3.666058292294063 -3.941606708792739 -4.361585075290156 -4.874607715689285 -5.485749911545978 -6.185173628631101 -6.946277463250033 -7.747846891153397 -8.572667773368208 -9.40063206788349 -10.13491154151069 -10.297751940123986 -10.229723510201953 -10.15235081396089 -10.090131935248682 -10.051792332251399 -10.050774741342698 -10.103408699716512 -10.204953736775959 -10.364783765003152 -10.473097636742676 -10.07906433956263 -9.59829016439374 -9.149217060344293 -8.738304361328117 -8.366592091625526 -8.035279656717192 -7.746531002033338 -7.489523649606721 -7.225537633009991 -6.953343664992741 -6.674500168985417 -6.398710612004921 -6.179439375639785 -6.025619604306107 -5.9732469419543195 -6.035441955684464 -6.210113663614154 -6.477043214297549
-3.9836091115865098 -3.790403206975633 -3.694335538487327 -3.7139138299228893 -3.8667202844852686 -4.165011841004354 -4.609275905428791 -5.149049496945353 -5.775476760854749 -6.488149615033432 -7.264874461687923 -8.086184949040728 -8.935015287702512 -9.790727573976849 -10.556245304527383 -10.746825436971573 -10.705210652132143 -10.650231386102252 -10.602692065621254 -10.567425029112432 -10.546019819434463 -10.552516212396075 -10.57847165108084 -10.597687566674523 -10.503625705091913 -10.191193390009271 -9.750681604091177 -9.286347264329866 -8.836553089752925 -8.415009170323545 -8.02850655074133 -7.682152126567881 -7.367039890622939 -7.046012674201329 -6.719390236221914 -6.390553809752273 -6.099095667757646 -5.872815746360729 -5.708776039972912 -5.656963787953548 -5.725750883135959 -5.911916991019945 -6.1919391983104015
-4.060727308691874 -3.881816899955611 -3.802939544976912 -3.841695689300061 -4.012704429515933 -4.323357966101941 -4.770847061200815 -5.3340432084242 -5.974116639599488 -6.691543399996494 -7.464680635635254 -8.270781340780966 -9.081553490784747 -9.847379196758782 -10.457208723696395 -10.780760722380304 -10.889345943728646 -10.91152641079436 -10.901656346630517 -10.876822435069187 -10.838616562083217 -10.793573771561118 -10.74003681169216 -10.648140466417502 -10.463198926434611 -10.15130060701723 -9.740380692064704 -9.283658699057483 -8.819030295220477 -8.36739184942775 -7.941000328730009 -7.548557562112972 -7.181326097719987 -6.805910714997325 -6.42570368208604 -6.062661523269763 -5.763289563586005 -5.521460687594844 -5.350090431611587 -5.300371312166517 -5.377583677539171 -5.576585901519526 -5.8671032312570635
-4.135245620047325 -3.9584756902916203 -3.882124188495975 -3.9251183594709356 -4.102323736053554 -4.418541126918951 -4.86598843601674 -5.427005858178083 -6.077932779625345 -6.793324809804321 -7.549840518226818 -8.320942951985995 -9.073322537066757 -9.758042870828358 -10.308509255682624 -10.6760639321487 -10.87984242915008 -10.976680644366269 -11.009554948254866 -10.998923494449887 -10.949094107408847 -10.86106792020389 -10.748818678734498 -10.587427798284297 -10.350756815033549 -10.025791645176493 -9.624843548474402 -9.175804713259812 -8.705835447475055 -8.235830323402645 -7.780656723419085 -7.351412852258672 -6.936186346256734 -6.508035073531181 -6.08130044155798 -5.70588906097532 -5.38879716403587 -5.132527983632569 -4.956459023348586 -4.911302751444817 -4.999952288223889 -5.213291636628826 -5.5118742022772516
-4.207758149606436 -4.0207020224510766 -3.931364763274592 -3.963288553152844 -4.136633774226345 -4.45567517914663 -4.904793252194807 -5.4578752862229365 -6.09355321882647 -6.801800096629029 -7.534800114544717 -8.2663796938415 -8.965432661113997 -9.59387465204132 -10.111912406271859 -10.494723416942044 -10.746749805409307 -10.89295382667309 -10.958938264141796 -10.960438159884397 -10.901906004044765 -10.789695777094012 -10.63994434418783 -10.437251950264145 -10.169533719150351 -9.83218022479222 -9.432710423820836 -8.987750625563775 -8.516308157866419 -8.035315745989296 -7.559017943547927 -7.100101215876338 -6.638721199516577 -6.162983435609313 -5.718134677932174 -5.325224428359197 -4.984149746165226 -4.714150537346823 -4.536436020000366 -4.500120358155436 -4.60520352997025 -4.833905899367984 -5.138890693971061
-4.284527891599861 -4.075930104624721 -3.9566909023111942 -3.9587322435251786 -4.118697968406821 -4.444346599251852 -4.902439488918567 -5.451872552927434 -6.060629495774928 -6.730765889435259 -7.437639360016141 -8.131668273760779 -8.785958652195003 -9.372432162732117 -9.865282187320876 -10.248574337147213 -10.521182396898892 -10.693476849498488 -10.778844109194516 -10.786893124414767 -10.721894906187323 -10.604765092639365 -10.434666386335099 -10.209387223296762 -9.924377452927805 -9.579220021898255 -9.179846360223085 -8.737562573896254 -8.26612708238055 -7.779155483749269 -7.28893731960162 -6.804484318423676 -6.304076600707208 -5.813393137647442 -5.353610704182397 -4.931599128843235 -4.560990556835348 -4.275122542620313 -4.1004303746696555 -4.080806761478687 -4.210414439829117 -4.454944460285374 -4.764695302210685
-4.377614904651987 -4.141370031139317 -3.976380761191564 -3.9199358359026384 -4.0537220827844305 -4.4044225398530275 -4.884437863606097 -5.431315833689007 -6.013605428154743 -6.62586310589998 -7.272533991822465 -7.926547913427381 -8.542927816491906 -9.09605539022447 -9.56651590328184 -9.94096269388248 -10.217011872263486 -10.398214789001324 -10.490477772292621 -10.49850172278736 -10.440123848459093 -10.326183368654043 -10.148060105765348 -9.913105672954249 -9.620983040201384 -9.273616488878469 -8.87641902321781 -8.43801846916966 -7.968926343083334 -7.480086533356573 -6.98196162448788 -6.485222107456385 -5.982609636052849 -5.485236571307296 -5.007090631388431 -4.547000132495318 -4.135090617448527 -3.8248432642614496 -3.6616070553140236 -3.6739155143836597 -3.839886203090135 -4.0985866216379065 -4.410011346278123
-4.502410604745539 -4.244907452162671 -4.03573353572531 -3.8865465988823753 -3.9582396702137514 -4.382785739338639 -4.872237852618708 -5.391589704545739 -5.929557291135246 -6.477453924551959 -7.048495389314885 -7.629178467512026 -8.197154996305464 -8.723241359504417 -9.178187334558446 -9.549887741803225 -9.830837094093939 -10.017197815030933 -10.107848659569033 -10.118751574750444 -10.076323004604307 -9.969235771072903 -9.78989867485736 -9.547248190012088 -9.246455614315776 -8.893632806371496 -8.496133813898979 -8.06244787637944 -7.60151785245509 -7.123974425523407 -6.65488645692483 -6.18559247602417 -5.698721162837422 -5.202413544015367 -4.706573703915453 -4.206360457387425 -3.7345557962571503 -3.3738535530054605 -3.2401210567595027 -3.315042957959697 -3.524431270625463 -3.7932679105863585 -4.098932170584128
-4.670037388290122 -4.4119487669572575 -4.199880493723818 -4.041965968070029 -4.086504976764241 -4.440715491082784 -4.870405391773199 -5.330222260965619 -5.807378963386889 -6.290719235552687 -6.781597590566928 -7.284939857401628 -7.78175043098427 -8.252528917497996 -8.678833296073218 -9.04254716814994 -9.325547970737745 -9.52081496190067 -9.62978819975244 -9.670102761430364 -9.635900790800651 -9.519031867958 -9.323237725269722 -9.06682030771635 -8.757023469732019 -8.401098542592706 -8.00664332982291 -7.583982667119738 -7.151647955926912 -6.722762972381021 -6.304841211838936 -5.872372486275959 -5.423438093870831 -4.962555445445917 -4.481378560457191 -3.965317766312753 -3.4322910430679774 -2.943630519781056 -2.895145066329258 -3.073865533625138 -3.307903453828609 -3.570615921551187 -3.8558957456676337
-4.878800831256693 -4.635580958812721 -4.435160495667931 -4.315872030943469 -4.351213552199433 -4.563315343431615 -4.882269357305735 -5.254664516353849 -5.655390408856022 -6.068960065096115 -6.483281257049811 -6.907270341559403 -7.332612052644972 -7.741748452708356 -8.117828871948698 -8.445441067756313 -8.711037216589288 -8.910288409660392 -9.046199044054823 -9.100485221451164 -9.072703755084186 -8.948897533881773 -8.739851851772208 -8.474524146020244 -8.163383151879268 -7.817176568422776 -7.447182339112564 -7.06504186529669 -6.682418240999138 -6.310590785281647 -5.939632912832371 -5.552500013451664 -5.15362732802291 -4.746655321186253 -4.315563523426656 -3.8523032173656677 -3.3690368102134522 -2.9311706195915326 -2.8770535042647536 -3.035894075167735 -3.2312869901993637 -3.4561431127614477 -3.7076406015807475
-5.105259061304828 -4.858409741661733 -4.661478143963057 -4.545666781363947 -4.543705407531809 -4.662727520910117 -4.877455499870317 -5.155317201132017 -5.47216285437724 -5.810840852442356 -6.157372743287375 -6.503377016311681 -6.856737277543636 -7.204048151226991 -7.529298295178759 -7.817514622204338 -8.066523331337372 -8.259776155629742 -8.37973132498291 -8.426367180100042 -8.400117772848999 -8.2898616222899 -8.094009752284602 -7.833045162385529 -7.5354250975058745 -7.213007860899189 -6.8772162417918326 -6.5394440966642255 -6.210783857336359 -5.894912995019148 -5.56974532222659 -5.23659743639457 -4.899784472066097 -4.563275699116687 -4.210221991083214 -3.842541529511819 -3.491686959087916 -3.2293686887303026 -3.1441221126041774 -3.192193220789188 -3.3132682996007037 -3.493824722592992 -3.7096725825803
