_RESULTS/CROSS_VALIDATION_POSTPROCESSED_CLR/MHZ/IZ/8comp/4/MHZ_IZ_z_180_kriged_reverse_8comp_spherical_4.asc
ncols 100
nrows 81
xllcorner 5.5967107548124995
yllcorner 50.982328804812504
cellsize 0.00017565037499993607
nodata_value 1.7014100000000001E+038
[rows 0 to 19 of 81, columns 0 to 43 of 100]
5.777917495244515 5.807368508559941 5.84174962378843 5.87907345486584 5.916566492969695 5.951033669466313 5.979994093985463 6.002438258197315 6.018526257748885 6.029128869708722 6.041668064997034 6.0567973827811175 6.073686268351486 6.0925575459995756 6.112040864538715 6.130959409887836 6.148405104586087 6.163711576917598 6.176354695219507 6.185827919085736 6.191548460968123 6.194724766814045 6.193826107013731 6.184983179103193 6.165996311873833 6.13736374383602 6.100447500370802 6.0573918543722565 6.0108914649571545 5.963912180366638 5.916064754958974 5.8658903088167635 5.815406904793752 5.766361281959826 5.719964886846636 5.678028697768823 5.642271161535113 5.614181693932845 5.595055598714425 5.586096579976507 5.586075353338699 5.586859395307214 5.589460463765935 5.59606809449164
5.7713070113556615 5.804673602924755 5.844884220860469 5.889877200866146 5.936179688057205 5.97898540300096 6.014319601448819 6.041596460083907 6.0625900027936686 6.082151195187947 6.107388602815396 6.136308652441835 6.165997396027374 6.1933384190151415 6.218697474468799 6.242611722798054 6.2641840199463 6.282900349083626 6.298442761726429 6.310482692417362 6.318653664860784 6.322732811170897 6.321346593792175 6.31122533049206 6.2887117466922176 6.254003716218816 6.208652021269662 6.155323797915026 6.097372073411739 6.038372875621075 5.981063871007856 5.921511492971526 5.860512807303578 5.8007005313166236 5.744385108865954 5.693582073250424 5.650035723585229 5.615238125255971 5.5904697660061835 5.576898512983926 5.575242070299427 5.579669565357062 5.5891299736721285 5.602675182405977
5.747420481013927 5.783836199880816 5.8294661308410545 5.882643954719797 5.939631632619939 5.992856069151545 6.033988790543017 6.064103792532581 6.089305686349917 6.119732914793621 6.158272539451428 6.201926829199673 6.247022926641812 6.289695925802488 6.326317357546042 6.355616077362623 6.381184514190037 6.403168850596749 6.421688378117517 6.43675590058987 6.447989619409852 6.4543615437584725 6.453957551541265 6.443390232156334 6.417742711619677 6.376633027031661 6.321924865408938 6.257152363455563 6.186669893417767 6.113484299375723 6.0403432868822415 5.967638236695319 5.894493605780052 5.8236488346373845 5.757468833040363 5.697993205415774 5.646970135977087 5.60587831935935 5.5759760257873685 5.558379707502342 5.554140640596776 5.564101685354129 5.580489660815436 5.60168338070404
5.705452224850298 5.7432915269837705 5.792833148756932 5.853386682758505 5.922758590586616 5.99188414142798 6.036249716383344 6.06528650310176 6.095882310475711 6.138428972083202 6.191698273574024 6.251635807269146 6.313621257739656 6.372847422238439 6.424875424981058 6.4662709405163055 6.496193099899206 6.520800354997836 6.5418962863797985 6.5600687369044985 6.575059808680567 6.585394635130411 6.588242490312732 6.579029370628915 6.551103696388942 6.503162506652163 6.437707023562913 6.359578455968714 6.271700396920331 6.179457219222012 6.088344345984446 6.001419095047041 5.916004692316751 5.834209807652548 5.758398741060343 5.690602454767983 5.632554801504491 5.585710250306964 5.551304351408151 5.530384093416028 5.5257683341311905 5.54030777679607 5.5636752901133795 5.59261677535088
5.645017933228053 5.681859049531993 5.732333410735993 5.796377696117278 5.87344729531154 5.9616401872701825 6.005039857635572 6.036146653910495 6.0773089736499495 6.1348352972666955 6.205159294046664 6.283503547640454 6.3643633611848065 6.441740847051821 6.509939927787373 6.564852290736674 6.604798910943208 6.631585658119803 6.654210145936084 6.675173621544963 6.694634103960404 6.710924760760878 6.720139767566789 6.715390186160219 6.68678957992678 6.631243232671457 6.551998118150134 6.453512747327979 6.344449010431162 6.2324156193162885 6.123271593879976 6.021253598758002 5.923775533557325 5.831388400590957 5.746402436185462 5.6708179223199995 5.60634904920953 5.554426743006746 5.516275714903336 5.493086802447469 5.490020944229768 5.508469296350215 5.538854365380706 5.575253163226114
5.566545851614688 5.599562147479829 5.647274475014341 5.709180447615883 5.78280348287294 5.859009380289977 5.920108214880477 5.971495572158605 6.0307602676866665 6.1068008741584086 6.196668295416138 6.295710714997594 6.397848556843836 6.495580536572119 6.580977130477594 6.648490326045871 6.697352465441211 6.730213335854293 6.752951907266835 6.775807195030989 6.80005232130961 6.824286069227173 6.843968996918789 6.848981590600392 6.822835067270356 6.757084366477781 6.655196897870402 6.532181576613439 6.40064699222568 6.268836477275862 6.142362225079913 6.025457578366106 5.91657917161919 5.814295761503707 5.720838361981091 5.638182863135105 5.568042920015647 5.511850630864615 5.470834187139531 5.447253896268826 5.446525844578123 5.468595677820168 5.502980352461259 5.54184854214559
5.471451891387417 5.4979905169249506 5.539918861972292 5.596340296548812 5.664192687550243 5.737176329808793 5.808584683732461 5.878452161916085 5.9578572642349465 6.0540172933482355 6.164825732592085 6.286235199684781 6.412156703073457 6.533475700830497 6.637940180635787 6.716108912091807 6.769564677639067 6.806128018687314 6.831557006739244 6.854740761683079 6.88309289651329 6.916074771711015 6.950229262193012 6.973768807697198 6.956968001337077 6.871391407080009 6.7386154671439895 6.588339650634071 6.434745505161352 6.2847754842320125 6.142878518431418 6.01257760956562 5.89342689840015 5.782298331684662 5.681306678777417 5.59245630490514 5.517515056574728 5.457978370312516 5.415079805533052 5.392740817139503 5.39368111930531 5.414418350509612 5.449455526672445 5.490262179606391
5.3619907355092 5.379834693284987 5.414014202466018 5.4639380545354745 5.527413841533275 5.600741716842236 5.680255511085436 5.764581958031912 5.861997568205458 5.977346785185301 6.108528746297256 6.252209283477254 6.403367357921671 6.5529123222177486 6.681295374549828 6.765724516667214 6.816117650468125 6.851839466989234 6.8803912002154215 6.904580073459115 6.934869616262238 6.974088686795099 7.021654492750834 7.072081032246727 7.084224481050654 6.95776348376371 6.786435795099365 6.6117749768313505 6.440645128037257 6.2766096187621585 6.122662331179225 5.981680002970665 5.853828082547684 5.735198435661312 5.627774734473623 5.533698947730379 5.454890530744508 5.393010307624527 5.349406916400872 5.326971975725802 5.325025963605673 5.344111091090099 5.3795484339740565 5.422015545536785
5.2409736975158 5.248190682314482 5.273158064004288 5.316115189653179 5.376028164781347 5.450667433085753 5.537310179119068 5.633689143827703 5.746222419944011 5.878225539296471 6.027079123351778 6.189867609464571 6.36332335959059 6.542979135250809 6.711264829362652 6.787695213749645 6.825929321327845 6.859938699901387 6.891348258755791 6.919403095805388 6.948523221044513 6.98740672478027 7.035761334016581 7.086908762597007 7.1038495602638285 6.9593165071496195 6.776624365526467 6.593245077764397 6.414122541374692 6.242374296647718 6.080885393701448 5.932558211190601 5.79806467008595 5.673416067882594 5.560699522569525 5.4623535331359845 5.3806079899048065 5.3173863164280695 5.27159173049204 5.245355026229463 5.241136261281788 5.25932128898882 5.29508381775465 5.338892755906137
5.111608637989167 5.106243404636986 5.120431433878876 5.155622286565948 5.211992850436327 5.288159408577378 5.381455253768173 5.488553285963888 5.613591793407814 5.759083537576564 5.921402259833492 6.097076302609447 6.282588612308637 6.473419017643424 6.652121573209596 6.737020421996551 6.782641780718661 6.823176847275285 6.86024150919585 6.892888331013907 6.920748352537127 6.953174621808272 6.988527658538206 7.0067587081058775 6.975087476711048 6.865687454377462 6.707303860015221 6.53276893071523 6.355842294769663 6.183029622186157 6.018660987683315 5.866392194877007 5.727400571319198 5.598133759927375 5.481129531392189 5.379311221953038 5.295445283538361 5.2296884920534 5.178679392498894 5.14950871775208 5.143975368691946 5.162141674179465 5.198230228213043 5.243036730257756
4.977564821518143 4.957366983767514 4.958693328650797 4.984692685496984 5.037027227772115 5.114900222087114 5.215013025679846 5.332529155452765 5.468151121819706 5.624168317117284 5.7956161642694655 5.977658018799179 6.164041858100029 6.344935678644529 6.501216942660703 6.610402790726301 6.682930870302992 6.738497478890032 6.784519911254478 6.822241627834718 6.850296829063955 6.87428300421332 6.892998873192542 6.886006954544114 6.837700591876804 6.73957359536927 6.601305778386697 6.440694163187142 6.271692219846788 6.102601699254301 5.939130473909721 5.785838079177535 5.644161078246851 5.511380677548304 5.390781209651491 5.285994902922091 5.199705557303179 5.127859802263219 5.072676491381802 5.041657052289794 5.035998904890909 5.055222084699064 5.091614657372033 5.137062924783133
4.843258459511311 4.805510727813116 4.791028508335174 4.805517160981957 4.85297625001856 4.933222829585806 5.0413980206874935 5.170066101042783 5.315529964316297 5.4798406119664005 5.656572070146198 5.838379732366027 6.01891623961732 6.189476380784216 6.338392790573697 6.456813497764543 6.54686954438975 6.616737710192643 6.672183927596662 6.715135552376275 6.744671454551375 6.762198380415407 6.766532988982073 6.744697073551314 6.6894550093650915 6.597829323865597 6.4744852446708965 6.328789058040221 6.170010614131237 6.007072345286181 5.846977965430179 5.694823711249008 5.551679270488728 5.4160669318747345 5.292126144388632 5.184385393920238 5.091894590931388 5.014242497169423 4.9559892713063425 4.924503291339449 4.920277606105835 4.94170912604727 4.978465872638628 5.024185175730865
4.714347142211906 4.6559013595869025 4.62138723360734 4.620539729590478 4.66191565468478 4.746422208616776 4.865624341729818 5.00744201590798 5.163128015796037 5.332380371783452 5.508925387422997 5.687210525688259 5.861332323633373 6.024448941993783 6.16945467699747 6.291619915087433 6.390891316365447 6.470434798452642 6.533357902077038 6.580963785023707 6.61247883554269 6.626140114360602 6.620531435578912 6.590746646073767 6.5332098026514736 6.446939450681925 6.33478416209803 6.202450870563737 6.0564769175872115 5.902874945064417 5.747709767074022 5.598178022003113 5.454166892165551 5.31602241244785 5.188541500648193 5.075471383489264 4.974638130644012 4.8914821127939305 4.831393534032869 4.801358323068771 4.800706838200854 4.825372960373662 4.862786369055071 4.908338800838535
4.59837560644376 4.516299951889943 4.455956097137701 4.4329229751740815 4.466223786099393 4.55970486118685 4.695558120912894 4.853279914633263 5.017350509836627 5.1873923138549145 5.361457425277871 5.534585883526179 5.701897852822224 5.858359233697988 5.999341990599418 6.121775089984888 6.224900058430977 6.3096937230060455 6.377451712110126 6.428652855901763 6.462368181946805 6.473406327134759 6.4621333854158145 6.428934312768751 6.372080811140275 6.291436899805065 6.189019154409642 6.068640281004419 5.934997066066657 5.792862486050507 5.64669642345781 5.500942862582783 5.356578194177748 5.216116506066786 5.084503216098916 4.962174142093158 4.851555607300205 4.762413135084333 4.702086554500941 4.676447688018333 4.682401836562811 4.711165633078292 4.749530724508679 4.7942650025845515
4.505169397045489 4.398962096491632 4.306899566281227 4.248446397467976 4.268973562670888 4.383730717218918 4.544452030798718 4.71653733340775 4.886761174916954 5.054287881818332 5.222721849993913 5.388481995240987 5.547810304289491 5.696990727778221 5.832696320488648 5.952554141990159 6.0557139186387925 6.142204934390101 6.212290512174027 6.265838710356193 6.300583622818541 6.31028592542225 6.2965879202104365 6.263168422678605 6.209249511818072 6.135061956180324 6.042149347175677 5.9332361918908205 5.811791100235825 5.6815586615940825 5.546252218598899 5.407932179599871 5.264482346729931 5.122247165951085 4.985326156292432 4.851018606282521 4.727429775729 4.6300363238568645 4.571940640941243 4.555748860228199 4.572407820699479 4.605517519372192 4.644701682631112 4.687481357694937
4.445698972000971 4.321468609053605 4.201066238157827 4.090079892097158 4.07946235462818 4.247223051135145 4.429797568139453 4.607307191894246 4.776827984232485 4.937576618713111 5.095927453475811 5.251165430067217 5.400452047605042 5.540967077555213 5.670180387840627 5.786151850169076 5.887610374981566 5.973788151580208 6.044152584207238 6.098022005195305 6.132508735921978 6.141818307443591 6.127889728419341 6.095570707132145 6.045021491866732 5.977026321318124 5.893119077122259 5.795530624581256 5.68695994977514 5.570297074169346 5.448424399893245 5.320114120200749 5.183178106095435 5.041232071073017 4.898876635161222 4.752187976389857 4.610529557357313 4.4976624221672274 4.446776739143081 4.449397194843346 4.479477475284377 4.516515966122361 4.555141759931613 4.594018001404251
4.427975654163382 4.299499655661627 4.176222402526827 4.066551313257102 4.055578378781075 4.201746803064397 4.369554789455586 4.534817253769521 4.693270876005418 4.842909212775562 4.986203675843833 5.127258074176338 5.263677041233992 5.3931199782837 5.513515140602117 5.623181491847898 5.720849310912003 5.805557162952939 5.8758633324586835 5.92880456878315 5.9614637009510005 5.9681344317471785 5.952712845548289 5.921508399063523 5.874970608440128 5.8139207020723305 5.739672205376078 5.654018575515756 5.559116138121535 5.4572802592972085 5.350125761293625 5.233904340182922 5.108763321375717 4.9759242420769745 4.834686530592832 4.681719482994945 4.521820311578963 4.371683188478832 4.343980299688326 4.37709097324438 4.4159528175513225 4.45304168332034 4.487690611124022 4.5198129836824
4.452361911317523 4.332121865823024 4.226064685527691 4.154145128825849 4.1558269304428395 4.239202656502992 4.363890231926488 4.500940832894351 4.638567031973811 4.7715781397914725 4.897453817209536 5.0206788326550305 5.141345680738896 5.2572228196159 5.366419807755385 5.467408991157928 5.5589900762693905 5.639566733667477 5.705843142181333 5.754113701501606 5.783134163154737 5.787371629130743 5.771953872907653 5.743422277206469 5.702289672305584 5.649338787645321 5.585713047171727 5.512910515461865 5.432701538712775 5.347008828112654 5.254427526643609 5.152485674017736 5.042302452863497 4.924898250706664 4.794412712694316 4.651748870289736 4.502169373525995 4.365092721062759 4.335021673302642 4.36287059018237 4.39324954490958 4.421991376025348 4.448016922313417 4.470745153480952
4.511126442288386 4.401507651384012 4.312753038030032 4.2601493586260935 4.258456703633273 4.3076745154066645 4.393438395736402 4.4981786916377 4.610063808972599 4.7222308582533135 4.830596772050939 4.9338681621256475 5.036230509845484 5.136245512209349 5.232050735431681 5.322192286309215 5.404626137243227 5.475349167032298 5.53149694220083 5.572476209489091 5.597252151054672 5.601537881605437 5.58942007398199 5.56504399427816 5.530619341806322 5.486895935291776 5.434877329730477 5.375869847698336 5.311415799708444 5.242081398267467 5.164395305843202 5.078884791637551 4.986709270047121 4.889024959127411 4.778882932564529 4.658730013235481 4.541813111170092 4.449591695811951 4.408281862768052 4.4038350967047055 4.412840270082853 4.426831656381274 4.44073922305624 4.452051420061467
4.591710530215165 4.492829768765146 4.415342055747862 4.3700129144426585 4.360268977234195 4.386392444238076 4.442023276879853 4.517161980322642 4.602854898634886 4.692594051598118 4.781943303530495 4.867891766082447 4.9503299932625335 5.0325954779660975 5.112760251212576 5.188542026188112 5.255464078243916 5.311064725046029 5.355329076356819 5.38785196944899 5.407630046317399 5.412782678488651 5.406613190378038 5.38989929243504 5.363441906289804 5.329956422557474 5.2904381268676515 5.246096339762806 5.198082407205425 5.1435364768550915 5.082041428958835 5.014677509520376 4.942747504115861 4.867656434128808 4.782735312272928 4.689863058826511 4.603555315288464 4.537627202304797 4.497421231997857 4.47741738217361 4.4676668281008025 4.465098811960342 4.465355234811426 4.464625879732441
