_RESULTS/CROSS_VALIDATION_POSTPROCESSED_CLR/Berg/IZ/7comp/1/Berg_IZ_z_710_kriged_reverse_7comp_spherical_1.asc
ncols 100
nrows 90
xllcorner 5.6208707817415728
yllcorner 50.959635321741573
cellsize 0.00013419651685393446
nodata_value 1.7014100000000001E+038
[rows 19 to 37 of 90, columns 0 to 41 of 100]
-3.3486049029877494 -3.3139826842125357 -3.269349807786386 -3.215948416185963 -3.155111661532896 -3.0882886406652537 -3.0170755289276503 -2.9432529939780343 -2.868827986145954 -2.7960737061243925 -2.727553551783575 -2.6661024507497295 -2.6147252449957357 -2.576368722388675 -2.5535539862830716 -2.5479342571344428 -2.559936187019259 -2.5886581306495735 -2.633282923923549 -2.697488989073145 -2.7787973883700436 -2.8737464602609117 -2.9790896651138468 -3.0918600576449635 -3.2093206155898555 -3.3232366390136043 -3.420384045434581 -3.497185161898334 -3.5536330580880824 -3.5898328287487584 -3.6086936376195093 -3.6137865929685766 -3.604167227078142 -3.5848481979956937 -3.559921973219265 -3.523109184692139 -3.4633851029399856 -3.37544757507726 -3.270547069907339 -3.16460870327903 -3.0695331608109573 -2.994990230881351
-3.3340650200093855 -3.2931822741622936 -3.241928666450082 -3.181499572290889 -3.1131785046258895 -3.0383654363960333 -2.9586147558758045 -2.8756853427346796 -2.791604398971134 -2.7087431789506473 -2.6298934555903015 -2.5583136581982417 -2.4976802684344834 -2.451845436769254 -2.424315182241606 -2.417500389416819 -2.432038143572889 -2.466589345563536 -2.518872796245245 -2.5911276897334976 -2.6803950281999143 -2.783041210761883 -2.8958008382363167 -3.01574242485074 -3.140194245089755 -3.257230828438013 -3.3536200019052176 -3.428890267061614 -3.4826575201219496 -3.514896526479849 -3.5309083332092914 -3.532066132422088 -3.517409551071224 -3.4880340637081337 -3.451243460355309 -3.4041378819793544 -3.342602250651731 -3.266393071026354 -3.1819443874624858 -3.0992714035156066 -3.028020910938313 -2.9763396286257233
-3.3194772617228376 -3.272966344407613 -3.2157086456889634 -3.1488389863212607 -3.0735707842040028 -2.991224929677203 -2.903270922748737 -2.8113855834884545 -2.717536140536433 -2.6240945581525654 -2.5339843274228784 -2.450839217563161 -2.379096666343617 -2.323843482369205 -2.290141841216177 -2.281731907191123 -2.2994390098743427 -2.3397233422781394 -2.398642533431338 -2.4770623820139326 -2.5731029495619335 -2.682582744157161 -2.801982462988376 -2.928296068867704 -3.056694134115047 -3.173022609394102 -3.2687869399724363 -3.343059054102012 -3.395410930946368 -3.4268042986857985 -3.4417347689237365 -3.4394303388260083 -3.4188032450055443 -3.380614897539281 -3.3339621552676806 -3.280338364040059 -3.2187677699672275 -3.1509971495417126 -3.0820034874337763 -3.0188252755616745 -2.9686363912712714 -2.937532534119213
-3.305839031373433 -3.254454125569561 -3.1919543486818087 -3.1194051659024216 -3.0379349090178547 -2.948760587143065 -2.8532266638663097 -2.752864290722705 -2.6494829451897104 -2.5453127118222887 -2.4432215713554912 -2.3470270715301718 -2.261867242624114 -2.1943995452017915 -2.152056123874769 -2.1389037703424867 -2.156663743575632 -2.2024351748980173 -2.269923239166452 -2.355909222309379 -2.459294608679648 -2.57549381892734 -2.7009405613052757 -2.832646605958742 -2.959761089942306 -3.074239420875569 -3.168989414407072 -3.2418323733625742 -3.2923163627182994 -3.3228897043422827 -3.3370442063342414 -3.3335809418775346 -3.3110605133766415 -3.2678486580399326 -3.2120353562103343 -3.152676789904751 -3.090912227503853 -3.029106120712722 -2.971778663474443 -2.9245458165307934 -2.8928091275187384 -2.880664254198054
-3.2940354064139634 -3.2386504690241367 -3.171817362483484 -3.0945309876853644 -3.007829348054933 -2.912812891490063 -2.8106748938654817 -2.7027506157363352 -2.5905993340089513 -2.476145468222404 -2.3619274909600243 -2.2515398922024215 -2.1503832377804075 -2.065461170659214 -2.005635915681061 -1.9832549866448717 -2.003025578707864 -2.0583545005607498 -2.137870683128167 -2.233422765195799 -2.3442784467710758 -2.4665132416274105 -2.596886451056259 -2.7303891221684555 -2.8541064905048223 -2.965085635559868 -3.0584037764554965 -3.1294573443342353 -3.177818680001316 -3.207401592170452 -3.2202844307562324 -3.2153090736989793 -3.191281161375109 -3.1470584570026987 -3.0875229466894965 -3.0230640852964323 -2.9591138567842217 -2.9002879197240734 -2.851268000056724 -2.8169580000663705 -2.8018203821131937 -2.808839026636388
-3.2848081868981014 -3.226406385029576 -3.156285547084253 -3.0753781557435578 -2.9846397807839438 -2.885060147479975 -2.777681135638642 -2.6636272430990546 -2.5441595808324804 -2.420776804144368 -2.2954155246486536 -2.1708750304009152 -2.0492579660727483 -1.9368160520500841 -1.8509449932522277 -1.816256437570913 -1.8433353182239767 -1.9150291756996185 -2.0102211284629097 -2.1169347566125705 -2.23419390980208 -2.360749037662222 -2.494144699539782 -2.6251400594350303 -2.744324144110725 -2.850368038752632 -2.9410003596046335 -3.0099734767480557 -3.0562313356208497 -3.084440183456054 -3.095723933835694 -3.088984211410095 -3.063218435793655 -3.017672603606912 -2.956091580898633 -2.8907953303842993 -2.8249343175141974 -2.7658628191851715 -2.721123657160507 -2.6962291554113484 -2.695690913662811 -2.7221771472973737
-3.278726352459534 -3.2183802620032145 -3.1461313750618225 -3.0628673544830294 -2.9694833052649314 -2.8668854966886594 -2.7559975551240607 -2.6377712659350374 -2.5132065174440843 -2.3833907825970932 -2.2495844058362104 -2.1102595084092206 -1.9653617533564849 -1.821428157921546 -1.6959281715451824 -1.6401567857961892 -1.688845710320182 -1.7863025494901716 -1.8982028637500798 -2.014951871500634 -2.135559702421814 -2.2632553559110056 -2.3961012980870517 -2.5214244380260427 -2.6346584022854045 -2.734736122982051 -2.820402670056686 -2.887092230364625 -2.9312710017138315 -2.9578498637492823 -2.967369847316364 -2.9587175240529158 -2.930963583368775 -2.8835531654954636 -2.8196375628790626 -2.7525961941845596 -2.6867761151182563 -2.6267826882169523 -2.582512481944808 -2.5634383148103534 -2.574863359703975 -2.6194074618862477
-3.2761610308578244 -3.2150042510382835 -3.1418658773587325 -3.0576137569043764 -2.9631062772219323 -2.8589377514081002 -2.74608460257404 -2.625664483133442 -2.4987042631291096 -2.3661366450941927 -2.225934822995124 -2.0749111636684434 -1.9147343743752212 -1.7473399677439807 -1.57605998314832 -1.4638778888329975 -1.5753529223783613 -1.6952389282163645 -1.8150557186162382 -1.9346030185417487 -2.054190009332876 -2.1783393363455743 -2.3056735613199013 -2.42311231421566 -2.5287905287376544 -2.621836432435564 -2.700843068648163 -2.76409542564826 -2.806283366800866 -2.8311819874744413 -2.8389831774690646 -2.828455362646779 -2.798593797153524 -2.74882494935013 -2.682004084237373 -2.6118382579663266 -2.5433763751302614 -2.482184386646514 -2.4359342789578413 -2.418314278401221 -2.438865306181481 -2.5003896633296296
-3.2772680096196636 -3.216421413138066 -3.1426434174647992 -3.0568305503371254 -2.960385810887175 -2.8546471815179686 -2.74087814615955 -2.6202615955583015 -2.493900246724768 -2.3610699237783654 -2.217111246026432 -2.0635724036608245 -1.902979380540072 -1.7394895975838183 -1.5855829380137663 -1.5054322437612568 -1.562257176610205 -1.6615526790926616 -1.7694916789540094 -1.8804846988980106 -1.9932876268925126 -2.1088012022055924 -2.225947108784694 -2.3331417582248366 -2.4296556006349754 -2.514673037762183 -2.5865602544367077 -2.643951480457476 -2.6842268009746886 -2.7076572073858394 -2.7140666828918825 -2.702001017548356 -2.6702364533108756 -2.617969541619371 -2.5479526662403633 -2.4735932889195755 -2.3997623458432473 -2.33261565963448 -2.281876160802716 -2.261083998669634 -2.2877447610574855 -2.366011015870102
-3.2801976443457916 -3.217319051193014 -3.1414701968679273 -3.054199999749588 -2.9570151919778835 -2.851372710146178 -2.738677179503533 -2.620288918779722 -2.497083816715785 -2.3640812947091465 -2.2216183816302375 -2.07287648745191 -1.922546845465281 -1.7792139950448278 -1.6612854636716636 -1.6015157783261182 -1.6157104776308935 -1.6769849242754433 -1.759008313436122 -1.851862338918902 -1.951289009702824 -2.055498168297248 -2.1585798904422386 -2.253366831967048 -2.339318750108995 -2.415524508361144 -2.480115949629921 -2.5313188657617105 -2.5676322768265525 -2.5901197662622466 -2.595812109991611 -2.58294866438015 -2.549986845140277 -2.4957422368499134 -2.423134106826226 -2.3445260934248195 -2.2635159266558897 -2.1856712179953393 -2.1221266392461517 -2.092826772209766 -2.1229571603619237 -2.2212943568261854
-3.27872299826875 -3.2141788165723493 -3.137273803299136 -3.0496785842677374 -2.9530407553286366 -2.8489819945149577 -2.7391042912723345 -2.625014089902874 -2.5044079983379364 -2.37389953290131 -2.236656821850356 -2.0968284630713745 -1.96039057424831 -1.8366706480534463 -1.7397718531058266 -1.6855511052120642 -1.680031202556294 -1.7136085283033995 -1.7716978466510973 -1.8436109400875282 -1.9252865759331397 -2.01556959803522 -2.1038716360061525 -2.184582010742484 -2.258978760134977 -2.3259322516870284 -2.3834305217112517 -2.429087978925513 -2.4607637224235765 -2.4809897815459525 -2.487013166980569 -2.474534747193139 -2.4416509413045375 -2.386731080178814 -2.3135503473323014 -2.2326168073710995 -2.145428564483505 -2.0550202080929045 -1.9696948041999591 -1.915287855146428 -1.948735923147105 -2.0798998433876097
-3.2725441206704917 -3.2071625291577845 -3.13008990319522 -3.043141133783957 -2.9481306182385714 -2.8468723827563664 -2.7411913443584854 -2.63209670896443 -2.5140108492013926 -2.3881126289916246 -2.258040229934744 -2.128335870186017 -2.0049889592098973 -1.8959368482780143 -1.8107154341978418 -1.7578559451786608 -1.7404578667059267 -1.7544965180764431 -1.7922028736122502 -1.8462146053161042 -1.9112262274569964 -1.9852131875841135 -2.0596124880982654 -2.1267015929105337 -2.189063704516916 -2.246819476623841 -2.2978266737846305 -2.3390133542374496 -2.367530523294726 -2.3843483062910766 -2.389967042036285 -2.3793737902665466 -2.3482886464742423 -2.2948530428253364 -2.2248682765662715 -2.1459962322305386 -2.058138151367107 -1.9615273310175607 -1.8571469094593493 -1.75151121660656 -1.785401028071655 -1.9763059744039082
-3.261810637547163 -3.196292234762645 -3.119772373092318 -3.034229243231772 -2.9416660263440315 -2.8441032940223274 -2.74358105044276 -2.6383726161778354 -2.524128830147352 -2.4040141060036815 -2.2817842584110837 -2.161862178182333 -2.049555296136739 -1.9510421403966527 -1.8727286591056016 -1.8196959720671808 -1.7938625483967003 -1.7934125068599127 -1.8141264301579736 -1.8513710272612944 -1.9013740704690525 -1.9614979501750942 -2.021570970476912 -2.0774668529191005 -2.1293870773175727 -2.1785877549735284 -2.2241309197897783 -2.262392713758374 -2.2896523330460608 -2.3047281579705867 -2.3090249325247316 -2.2994139361571992 -2.272108746155773 -2.223108292819053 -2.16100507785749 -2.090196740161036 -2.01079117336626 -1.9235992705395546 -1.8316514518311031 -1.7518567285832356 -1.792554425360505 -1.9622865095377073
-3.246758518350342 -3.181664608678095 -3.1062364402515907 -3.0226196620498147 -2.9330068814975 -2.839630631399811 -2.7445337155716087 -2.642528838691062 -2.5329634492045177 -2.4191764555810646 -2.3048029016956915 -2.193851696499174 -2.0907370523147497 -2.0001082494268303 -1.9263299452202527 -1.8726288228645482 -1.8402840958510334 -1.828445727055139 -1.834788850912696 -1.8565801241048439 -1.8915598654591732 -1.9383301246927824 -1.987472185537325 -2.03226688446653 -2.077107417592072 -2.1211490866559948 -2.1629023185678937 -2.2002307662541094 -2.2283157666401703 -2.243839743351013 -2.2484719146248384 -2.2397686871845535 -2.214887923556694 -2.1732866342930244 -2.1231517443641144 -2.066006059424094 -2.003363617068287 -1.9389709632675864 -1.8823155134489715 -1.85767683752232 -1.9050987912137347 -2.032261425031022
-3.2273484691245673 -3.1631023100519724 -3.089138424909975 -3.0077734167143513 -2.9213930867485156 -2.832435085324332 -2.741875491459479 -2.6434729470201024 -2.5389627222762168 -2.4316675927087044 -2.3249624728436715 -2.222271546544908 -2.1271226857698977 -2.0429358437975518 -1.9726803155717274 -1.9184245714019723 -1.8809791355874022 -1.8598788447127048 -1.8537924361899418 -1.8612059256726887 -1.881111846048054 -1.9134595260024168 -1.9523923476166365 -1.9891008373886288 -2.0276881840829493 -2.0705816149598544 -2.1141489060365544 -2.153496207339084 -2.184651250855369 -2.2032379870463936 -2.2097071432648834 -2.2033581648325296 -2.18160367156534 -2.147827384372224 -2.1102982658374336 -2.069874992245264 -2.0279652079953063 -1.989672023646754 -1.9651495781349273 -1.9705790988640302 -2.0267761573893557 -2.140802568881514
-3.2034709429794135 -3.140359271469927 -3.068056563318944 -2.9890510650715196 -2.905926562022844 -2.8213320235532464 -2.7345726943640845 -2.6401509546931923 -2.54095395545559 -2.4401843222953117 -2.340916389176578 -2.2460788068510116 -2.1583367876088984 -2.0800754337394185 -2.013228223858702 -1.9590225015858844 -1.9178367355731685 -1.889254308367779 -1.8723703868816406 -1.8663181729311429 -1.8709294679386455 -1.8874043729186791 -1.9143715364315286 -1.9441640616918598 -1.9794267147373255 -2.0239349574099466 -2.073700631995133 -2.1211300726591817 -2.1596561654835735 -2.1841872943275975 -2.193789678178982 -2.1906168563559056 -2.1733009853674323 -2.1501691988364904 -2.1250094552372367 -2.099303431668918 -2.075988445025951 -2.0600892697762703 -2.059135932260566 -2.0842072919997667 -2.1531399593835414 -2.2650358016037497
-3.175033783197177 -3.1132233239139313 -3.042618774752504 -2.9658781948569715 -2.885791699601725 -2.805238361217657 -2.7217752888447 -2.631530449934787 -2.5378206709312865 -2.4437187150736603 -2.3519564246389266 -2.2649013065902315 -2.1845466119064536 -2.1124228785357193 -2.0495482464372268 -1.9964614186733707 -1.9531072592942094 -1.918906599324647 -1.8929878131352118 -1.874610741968695 -1.8638368022075746 -1.8625597752534948 -1.873945738987132 -1.8945159029918477 -1.9303279682061043 -1.981321795698764 -2.041977076343412 -2.100841004696921 -2.149837978730532 -2.184060298835883 -2.2004431618353557 -2.201340257108677 -2.1913168856378173 -2.179136417768967 -2.166198583428531 -2.15430952230225 -2.1463982390345704 -2.146692513734462 -2.160631966074472 -2.20336226664511 -2.283185066880674 -2.3969356435367075
-3.142003108344161 -3.0815683693637475 -3.012565239003262 -2.937814809572834 -2.860324629984853 -2.7832206802280752 -2.702723459378377 -2.616700665153804 -2.528609246053098 -2.4414234733807914 -2.3575328640765436 -2.278734545697439 -2.2062935462749307 -2.1410145385241517 -2.083224044118935 -2.0327662481733126 -1.9891660971913487 -1.9515842539148505 -1.9189529569335395 -1.890253664602616 -1.8650485674976855 -1.8446238169590123 -1.834445792687779 -1.8396887482448734 -1.8776191234854953 -1.9455018688958727 -2.0231560508535207 -2.0963522497020186 -2.157081074489261 -2.201234245678761 -2.226607846418176 -2.233754807748861 -2.235094850241948 -2.2341627483710793 -2.232407231633616 -2.231963131875222 -2.235712880860368 -2.247220188982686 -2.2737906436443778 -2.3304981448345172 -2.418039285905544 -2.533315871015788
-3.104439523734874 -3.0454042121338283 -2.977811755322874 -2.904628160472831 -2.8290859521868157 -2.7545379477322944 -2.6767636627702043 -2.5948452507211837 -2.512472016131845 -2.4325934795319553 -2.357253445971663 -2.2876259021375756 -2.2242020967415908 -2.167006619378459 -2.115746755618291 -2.0697962400179475 -2.0282302669561836 -1.9899834638636693 -1.953783811596872 -1.9182485843710082 -1.882090816280583 -1.844640593165635 -1.807801309541833 -1.7820777432384483 -1.8244920161588962 -1.9283327614361667 -2.029637231805797 -2.1179744468680934 -2.1892757961358242 -2.241615636873969 -2.2739710760679195 -2.2916398907319913 -2.3030054793716714 -2.3117823352347386 -2.3194656201449657 -2.3280312164838106 -2.339910371235085 -2.3578738650928086 -2.3948528687771606 -2.460069779346484 -2.5511531070045472 -2.662217001536086
