_RESULTS/CROSS_VALIDATION_POSTPROCESSED_CLR/Berg/IZ/7comp/1/Berg_IZ_z_63_kriged_reverse_7comp_spherical_1.asc
ncols 100
nrows 90
xllcorner 5.6208707817415728
yllcorner 50.959635321741573
cellsize 0.00013419651685393446
nodata_value 1.7014100000000001E+038
[rows 38 to 56 of 90, columns 42 to 83 of 100]
-1.2329210123578942 -1.2739332327971984 -1.3243939270359848 -1.3667247639560935 -1.3666591320831059 -1.3108680962092578 -1.194497407379301 -1.0228934157975946 -0.8035606458777611 -0.5446811747803668 -0.25487150896196864 0.0519019904675222 0.35949390557700545 0.6257829151593115 0.7907861503618978 0.9095800697746239 1.006514584073205 1.0809093862646777 1.123238238468859 1.1361238783598453 1.1255889787398257 1.0942086256994754 1.030810816890451 0.9316271944064698 0.8143940240925263 0.7045258516029227 0.6232616928229162 0.5812418626841129 0.5755305894588703 0.5885574912356177 0.5965203516447337 0.5660122120020268 0.47856356446424275 0.3457383108281409 0.1598718182998402 -0.07170623171647472 -0.3248668215142949 -0.5834986527395947 -0.8347464172005232 -1.0540369656699344 -1.224247141807545 -1.3481697104276138
-1.2118638825809394 -1.273874589638125 -1.3434160117491032 -1.4065891780582118 -1.4283249340986068 -1.386416579451001 -1.2774517096650888 -1.1062870577276336 -0.8759775821213309 -0.5959647161870498 -0.2806848277573173 0.05299789512357744 0.37993440934236533 0.6174788812153102 0.7616627088412034 0.8689678596197692 0.9401095878789576 0.9874720628463884 1.00900493109343 1.0065809598599529 0.9864617534777871 0.9499934860731787 0.8749829631530899 0.7476937735592415 0.5932319106781474 0.455791202499761 0.3666236589658536 0.33944604665485256 0.37229104544862013 0.4485418165163364 0.5328542379572627 0.5765385505925442 0.5357285499774567 0.4009547542041929 0.19086831986529473 -0.0713004618939177 -0.35729477227904827 -0.6419980842462119 -0.9136601615927222 -1.1384757806508685 -1.2808126805791793 -1.350513361322801
-1.242908814349078 -1.330995401952313 -1.4250932789019126 -1.5007909754183306 -1.5418421886060882 -1.517313803372933 -1.4166357050582477 -1.2386578504109236 -0.992046957677774 -0.6896780998378997 -0.34704653223654525 0.017727629115136256 0.3377679064333625 0.5497748663414335 0.6778429809329802 0.7732392130571859 0.8338484471002379 0.8572737173360307 0.848485624824145 0.8242321765619463 0.7897337860533784 0.7483138163678276 0.6702780797852217 0.4960571033626744 0.27475679096199235 0.09496073216275214 -0.005770750967786675 -0.011684002847216046 0.0770582732738907 0.24052057934811089 0.4329797466306906 0.577063624238618 0.5792852610664787 0.42686687867535955 0.1732188151148386 -0.12916735286279568 -0.448902434484062 -0.7627451823222933 -1.0632863980412215 -1.316428389473303 -1.4190106111280127 -1.4116933387235682
-1.3237643338553668 -1.4444789222193686 -1.567697651050519 -1.6619970682211866 -1.7135430853109872 -1.7030843426994449 -1.6055735989258866 -1.4208212128036841 -1.1585384283437075 -0.8316230066539692 -0.45664335907866027 -0.06554895661709681 0.23983609358338898 0.42890790137263934 0.5376907048831132 0.6144338185939313 0.6633430358126349 0.6848651464136641 0.6675219354620348 0.6076100091883871 0.5359189517251552 0.4651119608408969 0.39940249101726444 0.14229359645249096 -0.16388828909702857 -0.3858403287562422 -0.49774919400376794 -0.4802930753990937 -0.326370626015275 -0.0518338410158834 0.2902989873146766 0.5737221653176157 0.6238854257086648 0.4180770910216438 0.09000997998956972 -0.2632809815873767 -0.6052598336055892 -0.9290437389521664 -1.2364959715997357 -1.5428522777873892 -1.5742581158289701 -1.4873354010058335
-1.4551309220028794 -1.618117096783561 -1.777620268507333 -1.8978397327897754 -1.9640270798577433 -1.9497535999345632 -1.8495027438547358 -1.6588040722377742 -1.380109481137936 -1.026233158574674 -0.6145119820098697 -0.21164509662717057 0.08547496349407657 0.25160481511747124 0.3369693597935335 0.40070979813784735 0.4458469047161473 0.4656601567943026 0.4459662855444222 0.36184391841986674 0.225711701963772 0.06988999350571534 -0.12615952421886112 -0.42386168885869013 -0.7552387166228649 -1.0102508363523042 -1.1366563291181664 -1.1016497015885407 -0.8875080149432342 -0.4952375088307108 0.03023321392662881 0.5476750798660652 0.6644170181716751 0.3266636666589786 -0.09960285725334428 -0.49652188485411664 -0.8414842201307979 -1.1347169163108128 -1.3846429965002554 -1.5740996817145712 -1.6121311203893618 -1.5411311635128635
-1.6423341687568729 -1.862406132689267 -2.0668668121544633 -2.217998101263814 -2.294747177270122 -2.2780889978893155 -2.1635154524173545 -1.9561585283498801 -1.6607431376958037 -1.283157896984234 -0.8412994367846214 -0.42986536390257557 -0.11998828620075619 0.02408449516775768 0.08757924343180123 0.14293076693342943 0.1873058338558362 0.20827702588440955 0.18578025868251213 0.08365883510678573 -0.11689846187665864 -0.3877911454216654 -0.7154679492829925 -1.09419656875954 -1.4731044147508399 -1.7765740420199763 -1.9394530538813233 -1.9119981101828523 -1.665050089481151 -1.200333302341274 -0.5344414094497689 0.3053423249731755 0.525975851268313 -0.023216932555280678 -0.48069410970792203 -0.8581834995423654 -1.1642065312418441 -1.4005367968785594 -1.5626707988893234 -1.6566144977975292 -1.6642670108167028 -1.6009494147591323
-1.8977332595727787 -2.193593897212739 -2.447586364175116 -2.625173335446793 -2.7108618063294765 -2.6929187913988746 -2.5654066373522646 -2.3348931203783794 -2.014858335896912 -1.6158311660451337 -1.1596187451131825 -0.7428062467865919 -0.3864747066996266 -0.2684173730406334 -0.21829729421911148 -0.1605805696384679 -0.10851494238735304 -0.07810010716336224 -0.09441152006321785 -0.2089693418641252 -0.4624424437033676 -0.84998392108077 -1.308203223855429 -1.7979410634128636 -2.269624827829458 -2.659276258412458 -2.8975930937238497 -2.926606995409088 -2.7067321013720242 -2.237935626617661 -1.5737748384960695 -0.8714989139321359 -0.5927474776340167 -0.808375910588564 -1.102405322313704 -1.3650341436239826 -1.5768597307245948 -1.7288714004549042 -1.8100547054680867 -1.823922336443014 -1.7829373828698492 -1.6999903690283131
-2.282254514691953 -2.6395000743583807 -2.9298187191526 -3.1244838449486245 -3.2161638959643413 -3.196189500214889 -3.057033361915494 -2.810613842295443 -2.4676542087082836 -2.039716078519073 -1.5715781640414699 -1.1643544655724358 -0.8459253213331333 -0.673125069317668 -0.5851635885562159 -0.5058107923249673 -0.4365258002286354 -0.38826396980823175 -0.3824212716100144 -0.4836282268569909 -0.792214007400182 -1.2936476469097735 -1.8887066318110386 -2.5055351545073226 -3.102784941937058 -3.6270298685622278 -4.003513354387765 -4.145792032870651 -3.989893965226954 -3.5468708790208208 -2.9233342280930277 -2.308894238237901 -1.930682126037462 -1.837886842197252 -1.893231947333075 -1.9825643965632942 -2.0634794913478527 -2.1109406108548905 -2.107945591106086 -2.054977411617067 -1.962100442409226 -1.845980570691295
-2.8455684888662964 -3.2052502711970394 -3.5072311539608414 -3.7115239021557747 -3.806062237973829 -3.7827915789770667 -3.6372474620099227 -3.3755580450787668 -3.0093286993658728 -2.55467654989002 -2.0758564193389524 -1.6592591392735627 -1.3306568001647607 -1.115473364166155 -0.9850166674597085 -0.8764516028989207 -0.7879012677888293 -0.7246785550975414 -0.6969966451898404 -0.735131032096553 -1.1129050056745682 -1.7418526268354384 -2.4516540123380164 -3.198640116793721 -3.9444250781771357 -4.643215328196345 -5.214393042432478 -5.528676244304439 -5.453810844358303 -4.998873524884976 -4.339378555895796 -3.6803483229358696 -3.1765050601916407 -2.8745094443143815 -2.7233831392317915 -2.641566331041745 -2.584498347801103 -2.522487188048558 -2.4338093674716186 -2.316625994149056 -2.1759096396756106 -2.025438617179675
-3.488879794540173 -3.8527711393084845 -4.161513951505348 -4.374149952881736 -4.471518396899741 -4.4492809521642025 -4.297301396640549 -4.0184914083084236 -3.6270744494444367 -3.1433205734711565 -2.63943235006775 -2.1969850818126915 -1.8377582361264255 -1.579061022385015 -1.4105384336500977 -1.2742483066989714 -1.1702070243105671 -1.1070625662826903 -1.1026044128816461 -1.2168963939820927 -1.6074887483069602 -2.2422946107797643 -3.0018449976845107 -3.848015173347016 -4.727236828306371 -5.609736490536208 -6.430301749398836 -7.014925177686677 -7.029056512947497 -6.449584906857444 -5.653934705928081 -4.887175456707271 -4.261129040013094 -3.8039763293206135 -3.492475174240756 -3.2718927727457494 -3.092704218734944 -2.9303319749266574 -2.761707699989231 -2.5840726318679 -2.4004720037444005 -2.218058976053642
-4.151489103877507 -4.53904679150519 -4.867448257457022 -5.096459179139308 -5.205909875731098 -5.186675810248232 -5.027130430953961 -4.727098128278895 -4.3048275832285885 -3.781735430983061 -3.2375058252060906 -2.754767249616544 -2.352914060044277 -2.047294544898924 -1.841312013918034 -1.6831895716956418 -1.570080631506369 -1.5177188498734158 -1.5557829288276264 -1.744196098750129 -2.1399182681510687 -2.7402599391249636 -3.4999747223340796 -4.390503815907005 -5.355526011203528 -6.375786447399825 -7.435120781824063 -8.45547067685898 -8.596112806561118 -7.661243545659888 -6.694208992675521 -5.835573924040634 -5.125773696945883 -4.5680415905345075 -4.1433527807496064 -3.8182915461105638 -3.546071803552103 -3.3019031621308557 -3.065575255907137 -2.835945589149028 -2.6149370129956715 -2.4096519265243566
-4.806407138157745 -5.23381014615188 -5.600093456651228 -5.8623106552649435 -5.99824972150677 -5.985465003952585 -5.814165617413829 -5.485262882806294 -5.02280188628955 -4.446697881958507 -3.84863924622773 -3.3136942292654847 -2.860332217631453 -2.503114930474708 -2.2529712189431184 -2.0745510739638453 -1.9518063330177549 -1.9051811279941342 -1.9683948214819418 -2.184799791225754 -2.5796553446742903 -3.153979105159954 -3.889745257439335 -4.770111447313515 -5.747615555050048 -6.790276117145005 -7.881730871268262 -8.944567171276178 -9.129914146539921 -8.233196362505444 -7.297836320942098 -6.453741067146197 -5.731530272302983 -5.133061308374154 -4.646140038736725 -4.249896243218309 -3.913550000989725 -3.610670309079487 -3.3231393618393383 -3.0534192384048082 -2.805151627955385 -2.5831185045034424
-5.431319370251353 -5.912265139643511 -6.335421925407449 -6.655190830948004 -6.834205571980307 -6.834512091453394 -6.642989327654688 -6.272646650769676 -5.75391925734302 -5.1145234870751 -4.450614486306563 -3.8545517242754395 -3.3435032299791256 -2.9305536312081135 -2.626642609756642 -2.422935156299023 -2.284045773282097 -2.2303988210416774 -2.298996272659601 -2.5190545719880224 -2.901852126478758 -3.4449592954734825 -4.13677149386451 -4.963371352435877 -5.881933046145946 -6.831344548237911 -7.746194690177337 -8.449676902905225 -8.596508017045412 -8.146925485495615 -7.455042870847165 -6.738304573207304 -6.075881153059446 -5.4921039734671 -4.988907277039944 -4.556774621685673 -4.178911927597987 -3.838227896128033 -3.517825657219203 -3.2224573437627715 -2.9591420689407864 -2.7270935049704805
-6.002167036515049 -6.545821966179731 -7.044365501912131 -7.448921993653773 -7.697274943452593 -7.721839455538265 -7.496550022421225 -7.061147870080208 -6.466064798936857 -5.755576112483259 -5.018692521614556 -4.357177235270115 -3.7861994556079503 -3.3158588815853225 -2.9548448288897373 -2.7097841755327203 -2.545583603865393 -2.4717199749434213 -2.530141628874905 -2.741182945104952 -3.1039715532699295 -3.6074456018787098 -4.238597137953124 -4.983417315271851 -5.800335446609302 -6.608774601118363 -7.33253475384929 -7.840633399281646 -7.9902549213802 -7.767530731403515 -7.30694305925155 -6.754091534404759 -6.1924247056159185 -5.661712170786807 -5.1769907215915225 -4.739430128417828 -4.342667022669755 -3.9763931267024484 -3.6391674489224752 -3.335808260517271 -3.0682028349191217 -2.833836775537924
-6.490424665427941 -7.097650786128998 -7.683717545618478 -8.20190728813481 -8.564349654396299 -8.6356280317048 -8.347964122969927 -7.805535556230977 -7.1150449161848375 -6.332260194377287 -5.525467413658273 -4.801163889494587 -4.173673972317514 -3.6487813955864943 -3.2313602104833414 -2.927457493529471 -2.727491998753484 -2.6196854058698515 -2.655998141303301 -2.856588395560689 -3.1986011559924745 -3.656226342784297 -4.214790560306137 -4.862659165231922 -5.566530601976472 -6.2370785540909655 -6.816720310740406 -7.222184237849621 -7.381402204633703 -7.283556915829085 -6.990221519475207 -6.585134591066539 -6.132419468162171 -5.672739806249535 -5.227705718764618 -4.805973553799623 -4.408104432858725 -4.032171840296558 -3.687194661130433 -3.3886706734789174 -3.1269312144203116 -2.8980567430421553
-6.86583456495964 -7.523577257540177 -8.187766070474478 -8.832783511091773 -9.38024543968794 -9.563145720971113 -9.127946529265287 -8.428536447479413 -7.639251614104321 -6.800724271548436 -5.943206618839335 -5.167752958341389 -4.49386928699771 -3.9231024676917308 -3.456241258577166 -3.093999523196453 -2.8386910864149653 -2.6790667399782446 -2.678863890813124 -2.887753277685274 -3.2142944380613097 -3.619498012458397 -4.095634429627422 -4.638894476072235 -5.228984664207298 -5.7848681664574695 -6.261317243078433 -6.608763746117602 -6.779672083148852 -6.761826107056473 -6.586647719417587 -6.29985681054214 -5.946152492209432 -5.560014783890166 -5.163944843168262 -4.77039294673312 -4.384505951783088 -4.011870336055372 -3.677248945091373 -3.3847956238898336 -3.132916094045324 -2.916793437794089
-7.10315003195765 -7.78257526115439 -8.481279806422803 -9.194385602839645 -9.901986264455406 -10.402746897877739 -9.612219728838522 -8.806952450815267 -7.9745923264936005 -7.120140065462693 -6.249459632962406 -5.442777193215573 -4.738397308096598 -4.135785147408605 -3.633497179086562 -3.2287228435513224 -2.921875520000262 -2.709160597154782 -2.638194322278358 -2.8975894362822316 -3.1942548730734543 -3.531224098812281 -3.9133026600830023 -4.345366050653302 -4.821536910207271 -5.280830102718912 -5.6897705151530875 -6.006114915033667 -6.191187369585522 -6.232157820601588 -6.141620666509079 -5.945521567244052 -5.674412760091073 -5.355462322521244 -5.009129990668654 -4.648898563325212 -4.282762716471614 -3.930245149525917 -3.6162754353945123 -3.338168285516045 -3.0963431685330267 -2.890809406907845
-7.19107628273095 -7.85483592255581 -8.525248319564982 -9.182096449747753 -9.748078191635942 -9.949715596427122 -9.539552270346467 -8.860732871320156 -8.088749979658921 -7.272536711314331 -6.432982258546676 -5.619627999863411 -4.903083805776911 -4.285048260339751 -3.764991566549693 -3.342639169532835 -3.0281006869816207 -2.8338443349859817 -2.809903890907802 -2.95779429734074 -3.172839361910259 -3.4191712760076913 -3.69646431835526 -4.01064817197913 -4.365840497820608 -4.735588159991792 -5.11047442226835 -5.423792661031079 -5.627640545368042 -5.712596206069175 -5.682404392023637 -5.553545592062169 -5.347503609409415 -5.085251682190497 -4.784234460321125 -4.457759323324895 -4.120770353589954 -3.7990358524634824 -3.5119741771402855 -3.254581875898059 -3.028845608601162 -2.8361019106596292
-7.136628682196237 -7.754508390425483 -8.353470977415675 -8.894548375649556 -9.294231980824136 -9.406218770696126 -9.162534582147323 -8.659039921290775 -8.004844309016896 -7.269854910557806 -6.4911031382411455 -5.7006566424140805 -4.988083467065983 -4.369139336267693 -3.846364012668319 -3.4304060881602334 -3.1324113604959276 -2.964395433100663 -2.9403985518823714 -3.025027784627693 -3.1474806332487986 -3.2947415557801096 -3.4686378252156578 -3.6684943407986355 -3.88599640643487 -4.154861511089269 -4.5431446411195155 -4.87736961994465 -5.1042397970784705 -5.217323106520871 -5.226698656733786 -5.144662784143247 -4.986862423169987 -4.769371821321905 -4.50749176378188 -4.218015233795549 -3.916826708248618 -3.629686122676665 -3.3729160119263866 -3.140501515352667 -2.9352586210972107 -2.7595806726956917
